# T   LUA LFA RUA RFA LT  LS  RT  RS  
-0.66 0.009 -0.035 -0.75 -0.949 -0.0 -0.29 -0.123 -0.976 -0.0 0.114 -0.183 0.95 -0.0 -0.295 -0.105 0.984 0.0 0.116 -0.138 -0.636 -0.0 -0.769 0.064 -0.994 -0.0 0.099 0.051 0.613 0.0 -0.79 0.022 0.992 0.0 0.112 0.064 
-0.66 0.009 -0.034 -0.75 -0.949 -0.0 -0.293 -0.117 -0.977 -0.0 0.114 -0.182 0.951 0.0 -0.291 -0.103 0.987 0.0 0.103 -0.121 -0.636 -0.0 -0.769 0.064 -0.994 -0.0 0.099 0.051 0.613 0.0 -0.79 0.022 0.992 0.0 0.112 0.064 
-0.661 0.009 -0.034 -0.75 -0.949 -0.0 -0.296 -0.112 -0.977 -0.0 0.114 -0.181 0.952 0.0 -0.29 -0.099 0.989 0.0 0.101 -0.108 -0.636 0.0 -0.769 0.063 -0.994 -0.0 0.099 0.052 0.613 0.0 -0.79 0.022 0.992 -0.0 0.112 0.064 
-0.661 0.008 -0.034 -0.749 -0.949 -0.0 -0.298 -0.108 -0.977 -0.0 0.114 -0.179 0.951 -0.0 -0.298 -0.088 0.987 0.0 0.108 -0.117 -0.636 -0.0 -0.769 0.062 -0.994 -0.0 0.099 0.052 0.612 0.0 -0.79 0.021 0.992 0.0 0.112 0.064 
-0.662 0.008 -0.033 -0.749 -0.948 -0.0 -0.3 -0.102 -0.978 -0.0 0.114 -0.177 0.951 0.0 -0.301 -0.072 0.985 -0.0 0.108 -0.135 -0.636 -0.0 -0.769 0.062 -0.994 -0.0 0.099 0.052 0.612 0.0 -0.79 0.021 0.992 0.0 0.112 0.064 
-0.663 0.008 -0.033 -0.748 -0.948 -0.0 -0.302 -0.097 -0.978 -0.0 0.113 -0.176 0.951 0.0 -0.302 -0.065 0.986 0.0 0.11 -0.128 -0.637 -0.0 -0.769 0.062 -0.994 -0.0 0.098 0.052 0.612 0.0 -0.79 0.022 0.991 0.0 0.114 0.063 
-0.662 0.007 -0.033 -0.749 -0.949 -0.0 -0.302 -0.091 -0.978 -0.0 0.113 -0.175 0.951 0.0 -0.305 -0.055 0.985 0.0 0.109 -0.136 -0.636 0.0 -0.769 0.062 -0.994 -0.0 0.101 0.05 0.614 0.0 -0.789 0.02 0.992 0.0 0.107 0.062 
-0.663 0.007 -0.033 -0.748 -0.949 -0.0 -0.303 -0.086 -0.978 -0.0 0.112 -0.174 0.951 0.0 -0.305 -0.048 0.985 0.0 0.109 -0.135 -0.637 -0.0 -0.769 0.06 -0.994 -0.0 0.1 0.051 0.614 0.0 -0.789 0.019 0.992 0.0 0.107 0.063 
-0.663 0.007 -0.032 -0.747 -0.949 0.0 -0.305 -0.08 -0.979 -0.0 0.111 -0.174 0.951 0.0 -0.305 -0.042 0.985 0.0 0.109 -0.133 -0.636 -0.0 -0.769 0.06 -0.994 -0.0 0.1 0.051 0.614 -0.0 -0.789 0.019 0.992 0.0 0.107 0.064 
-0.664 0.007 -0.032 -0.747 -0.949 -0.0 -0.306 -0.074 -0.979 0.0 0.11 -0.172 0.952 -0.0 -0.305 -0.034 0.985 -0.0 0.108 -0.134 -0.636 -0.0 -0.769 0.06 -0.994 -0.0 0.1 0.052 0.614 0.0 -0.789 0.019 0.992 0.0 0.107 0.064 
-0.664 0.007 -0.032 -0.747 -0.95 0.0 -0.306 -0.068 -0.979 -0.0 0.109 -0.171 0.952 0.0 -0.304 -0.039 0.988 0.0 0.107 -0.109 -0.636 -0.0 -0.769 0.06 -0.994 -0.0 0.1 0.052 0.614 0.0 -0.789 0.019 0.992 0.0 0.107 0.064 
-0.665 0.007 -0.032 -0.746 -0.95 -0.0 -0.306 -0.062 -0.98 -0.0 0.108 -0.17 0.951 0.0 -0.307 -0.045 0.99 0.0 0.117 -0.084 -0.636 -0.0 -0.769 0.059 -0.994 -0.0 0.101 0.052 0.614 -0.0 -0.789 0.019 0.992 0.0 0.107 0.064 
-0.665 0.007 -0.032 -0.746 -0.951 -0.0 -0.305 -0.056 -0.98 0.0 0.108 -0.168 0.953 0.0 -0.303 -0.022 0.987 0.0 0.109 -0.116 -0.635 0.0 -0.77 0.06 -0.994 -0.0 0.101 0.052 0.615 -0.0 -0.789 0.019 0.992 0.0 0.107 0.064 
-0.665 0.007 -0.031 -0.746 -0.951 -0.0 -0.305 -0.051 -0.98 -0.0 0.107 -0.167 0.953 0.0 -0.301 -0.016 0.988 0.0 0.109 -0.114 -0.635 -0.0 -0.77 0.059 -0.994 -0.0 0.101 0.052 0.615 0.0 -0.789 0.019 0.992 0.0 0.107 0.064 
-0.665 0.007 -0.031 -0.746 -0.952 -0.0 -0.303 -0.045 -0.98 -0.0 0.106 -0.167 0.954 0.0 -0.301 -0.009 0.987 0.0 0.111 -0.112 -0.635 0.0 -0.77 0.059 -0.994 -0.0 0.101 0.052 0.615 0.0 -0.789 0.019 0.992 0.0 0.107 0.065 
-0.666 0.007 -0.031 -0.746 -0.952 -0.0 -0.303 -0.039 -0.98 -0.0 0.106 -0.166 0.955 0.0 -0.298 -0.003 0.988 0.0 0.11 -0.11 -0.635 -0.0 -0.77 0.059 -0.994 -0.0 0.101 0.052 0.615 -0.0 -0.789 0.018 0.992 -0.0 0.107 0.065 
-0.666 0.006 -0.031 -0.745 -0.953 -0.0 -0.3 -0.033 -0.98 -0.0 0.106 -0.166 0.955 0.0 -0.297 0.003 0.988 0.0 0.11 -0.11 -0.636 -0.0 -0.769 0.059 -0.994 -0.0 0.101 0.052 0.614 -0.0 -0.789 0.018 0.992 0.0 0.107 0.065 
-0.666 0.006 -0.031 -0.745 -0.954 -0.0 -0.298 -0.026 -0.98 0.0 0.107 -0.166 0.956 0.0 -0.294 0.009 0.988 0.0 0.11 -0.11 -0.636 -0.0 -0.769 0.058 -0.994 -0.0 0.101 0.052 0.614 0.0 -0.789 0.018 0.992 0.0 0.106 0.065 
-0.666 0.006 -0.031 -0.745 -0.955 -0.0 -0.296 -0.02 -0.98 -0.0 0.107 -0.166 0.957 0.0 -0.291 0.015 0.988 0.0 0.11 -0.11 -0.636 -0.0 -0.769 0.058 -0.994 -0.0 0.101 0.052 0.614 0.0 -0.789 0.018 0.992 -0.0 0.106 0.066 
-0.667 0.006 -0.031 -0.745 -0.956 -0.0 -0.294 -0.014 -0.98 -0.0 0.107 -0.166 0.958 0.0 -0.286 0.022 0.988 0.0 0.107 -0.112 -0.636 -0.0 -0.769 0.058 -0.994 -0.0 0.101 0.052 0.614 -0.0 -0.789 0.018 0.992 0.0 0.106 0.066 
-0.667 0.006 -0.031 -0.745 -0.956 -0.0 -0.292 -0.01 -0.98 -0.0 0.11 -0.164 0.959 0.0 -0.283 0.027 0.988 0.0 0.108 -0.111 -0.636 -0.0 -0.769 0.059 -0.994 -0.0 0.101 0.052 0.614 -0.0 -0.789 0.019 0.992 0.0 0.106 0.065 
-0.667 0.006 -0.031 -0.744 -0.957 -0.0 -0.289 -0.004 -0.98 -0.0 0.11 -0.164 0.96 0.0 -0.28 0.033 0.988 0.0 0.108 -0.111 -0.636 -0.0 -0.77 0.059 -0.993 -0.0 0.101 0.052 0.614 0.0 -0.789 0.019 0.992 0.0 0.106 0.065 
-0.667 0.006 -0.031 -0.744 -0.958 -0.0 -0.285 0.001 -0.98 -0.0 0.11 -0.164 0.96 0.0 -0.276 0.039 0.988 0.0 0.108 -0.111 -0.636 0.0 -0.769 0.059 -0.993 -0.0 0.102 0.052 0.615 0.0 -0.788 0.02 0.992 0.0 0.105 0.064 
-0.668 0.007 -0.031 -0.744 -0.96 0.0 -0.282 0.005 -0.98 -0.0 0.109 -0.164 0.962 0.0 -0.271 0.045 0.988 0.0 0.109 -0.111 -0.636 -0.0 -0.77 0.06 -0.993 -0.0 0.101 0.052 0.615 0.0 -0.788 0.021 0.992 -0.0 0.106 0.064 
-0.668 0.006 -0.031 -0.744 -0.961 -0.0 -0.277 0.01 -0.98 0.0 0.109 -0.164 0.962 -0.0 -0.267 0.05 0.988 0.0 0.11 -0.111 -0.636 -0.0 -0.769 0.059 -0.994 -0.0 0.101 0.052 0.615 0.0 -0.789 0.02 0.992 -0.0 0.106 0.064 
-0.667 0.006 -0.032 -0.744 -0.962 -0.0 -0.272 0.016 -0.98 -0.0 0.109 -0.164 0.964 -0.0 -0.262 0.052 0.988 0.0 0.11 -0.109 -0.637 0.0 -0.769 0.06 -0.994 -0.0 0.101 0.052 0.613 -0.0 -0.79 0.023 0.992 0.0 0.11 0.062 
-0.667 0.006 -0.032 -0.745 -0.964 -0.0 -0.266 0.021 -0.98 -0.0 0.109 -0.164 0.965 0.0 -0.257 0.056 0.988 0.0 0.111 -0.108 -0.636 -0.0 -0.769 0.06 -0.994 -0.0 0.101 0.052 0.613 0.0 -0.79 0.023 0.992 0.0 0.11 0.062 
-0.667 0.006 -0.032 -0.745 -0.965 0.0 -0.262 0.025 -0.98 -0.0 0.11 -0.163 0.966 0.0 -0.252 0.06 0.988 0.0 0.111 -0.108 -0.636 -0.0 -0.769 0.06 -0.994 -0.0 0.101 0.052 0.613 0.0 -0.79 0.023 0.992 -0.0 0.11 0.062 
-0.666 0.006 -0.032 -0.745 -0.966 -0.0 -0.256 0.03 -0.98 -0.0 0.111 -0.163 0.967 0.0 -0.247 0.065 0.988 0.0 0.112 -0.108 -0.636 -0.0 -0.769 0.06 -0.994 -0.0 0.101 0.052 0.613 0.0 -0.79 0.023 0.992 0.0 0.11 0.062 
-0.666 0.006 -0.032 -0.745 -0.967 -0.0 -0.251 0.034 -0.98 -0.0 0.113 -0.163 0.968 0.0 -0.242 0.069 0.988 0.0 0.113 -0.108 -0.636 -0.0 -0.769 0.061 -0.994 -0.0 0.101 0.052 0.613 0.0 -0.79 0.023 0.992 0.0 0.11 0.062 
-0.666 0.007 -0.032 -0.745 -0.969 -0.0 -0.246 0.038 -0.98 0.0 0.115 -0.162 0.969 0.0 -0.236 0.073 0.988 0.0 0.114 -0.107 -0.636 -0.0 -0.769 0.062 -0.993 -0.0 0.101 0.052 0.613 0.0 -0.79 0.024 0.992 0.0 0.11 0.062 
-0.666 0.007 -0.032 -0.745 -0.969 -0.0 -0.242 0.04 -0.98 -0.0 0.12 -0.158 0.97 0.0 -0.231 0.077 0.987 0.0 0.116 -0.107 -0.636 -0.0 -0.769 0.062 -0.993 -0.0 0.102 0.052 0.613 0.0 -0.79 0.024 0.992 0.0 0.11 0.062 
-0.665 0.007 -0.032 -0.746 -0.97 -0.0 -0.237 0.044 -0.98 0.0 0.122 -0.158 0.971 0.0 -0.226 0.081 0.987 0.0 0.117 -0.107 -0.636 -0.0 -0.769 0.063 -0.993 -0.0 0.102 0.051 0.613 0.0 -0.79 0.024 0.992 -0.0 0.11 0.062 
-0.666 0.007 -0.033 -0.746 -0.972 -0.0 -0.232 0.047 -0.98 -0.0 0.124 -0.157 0.971 -0.0 -0.222 0.084 0.987 0.0 0.119 -0.109 -0.637 -0.0 -0.769 0.063 -0.994 -0.0 0.101 0.052 0.613 0.0 -0.79 0.025 0.992 0.0 0.11 0.061 
-0.665 0.007 -0.032 -0.746 -0.973 -0.0 -0.226 0.051 -0.98 0.0 0.126 -0.157 0.973 0.0 -0.215 0.088 0.987 0.0 0.12 -0.108 -0.636 -0.0 -0.769 0.062 -0.994 -0.0 0.101 0.052 0.613 0.0 -0.79 0.024 0.992 0.0 0.11 0.062 
-0.665 0.007 -0.032 -0.746 -0.974 -0.0 -0.221 0.054 -0.979 -0.0 0.127 -0.157 0.974 0.0 -0.209 0.09 0.987 -0.0 0.121 -0.106 -0.636 -0.0 -0.769 0.063 -0.994 -0.0 0.101 0.052 0.613 0.0 -0.79 0.025 0.992 0.0 0.11 0.061 
-0.665 0.007 -0.033 -0.746 -0.975 -0.0 -0.215 0.057 -0.979 -0.0 0.129 -0.156 0.974 0.0 -0.205 0.093 0.987 0.0 0.123 -0.105 -0.636 0.0 -0.769 0.063 -0.994 -0.0 0.101 0.052 0.613 0.0 -0.79 0.025 0.992 0.0 0.11 0.061 
-0.665 0.007 -0.033 -0.746 -0.976 -0.0 -0.209 0.06 -0.979 -0.0 0.13 -0.155 0.976 0.0 -0.198 0.096 0.987 0.0 0.123 -0.105 -0.636 -0.0 -0.769 0.063 -0.994 0.0 0.101 0.051 0.613 0.0 -0.79 0.025 0.992 0.0 0.111 0.063 
-0.665 0.007 -0.032 -0.746 -0.977 -0.0 -0.204 0.062 -0.979 0.0 0.131 -0.155 0.976 0.0 -0.193 0.099 0.987 0.0 0.125 -0.105 -0.636 -0.0 -0.769 0.063 -0.994 -0.0 0.101 0.052 0.613 0.0 -0.79 0.025 0.992 0.0 0.111 0.063 
-0.665 0.007 -0.033 -0.747 -0.978 -0.0 -0.198 0.065 -0.979 -0.0 0.132 -0.154 0.977 0.0 -0.187 0.1 0.987 0.0 0.126 -0.103 -0.637 0.0 -0.769 0.064 -0.994 -0.0 0.101 0.052 0.613 0.0 -0.79 0.025 0.992 0.0 0.11 0.061 
-0.664 0.007 -0.033 -0.747 -0.979 -0.0 -0.192 0.067 -0.979 -0.0 0.134 -0.153 0.979 0.0 -0.181 0.098 0.987 0.0 0.126 -0.1 -0.637 -0.0 -0.768 0.064 -0.994 -0.0 0.101 0.052 0.613 0.0 -0.79 0.025 0.992 0.0 0.11 0.061 
-0.664 0.007 -0.033 -0.747 -0.98 -0.0 -0.186 0.07 -0.979 -0.0 0.135 -0.153 0.979 0.0 -0.175 0.099 0.987 0.0 0.128 -0.094 -0.637 -0.0 -0.768 0.064 -0.994 0.0 0.101 0.052 0.613 0.0 -0.79 0.026 0.992 0.0 0.109 0.061 
-0.664 0.007 -0.033 -0.747 -0.981 0.0 -0.18 0.071 -0.979 -0.0 0.135 -0.151 0.98 0.0 -0.169 0.101 0.987 0.0 0.128 -0.094 -0.636 0.0 -0.769 0.065 -0.994 -0.0 0.101 0.051 0.613 0.0 -0.79 0.026 0.992 -0.0 0.109 0.061 
-0.664 0.007 -0.033 -0.747 -0.982 0.0 -0.173 0.072 -0.979 -0.0 0.135 -0.15 0.981 0.0 -0.163 0.105 0.987 -0.0 0.128 -0.1 -0.637 -0.0 -0.769 0.065 -0.994 0.0 0.101 0.051 0.613 0.0 -0.79 0.026 0.992 0.0 0.109 0.061 
-0.664 0.007 -0.033 -0.747 -0.983 -0.0 -0.167 0.074 -0.98 -0.0 0.135 -0.149 0.982 0.0 -0.157 0.106 0.987 0.0 0.129 -0.099 -0.637 0.0 -0.769 0.065 -0.994 -0.0 0.101 0.051 0.613 0.0 -0.79 0.027 0.992 0.0 0.11 0.061 
-0.664 0.007 -0.033 -0.747 -0.984 -0.0 -0.159 0.075 -0.98 0.0 0.132 -0.15 0.983 -0.0 -0.151 0.107 0.987 0.0 0.13 -0.099 -0.637 -0.0 -0.768 0.065 -0.994 -0.0 0.101 0.052 0.613 0.0 -0.79 0.027 0.992 0.0 0.11 0.061 
-0.664 0.008 -0.034 -0.747 -0.985 -0.0 -0.153 0.075 -0.98 -0.0 0.133 -0.146 0.984 0.0 -0.145 0.107 0.987 0.0 0.13 -0.097 -0.637 -0.0 -0.768 0.066 -0.994 -0.0 0.101 0.052 0.613 0.0 -0.79 0.027 0.992 0.0 0.11 0.061 
-0.664 0.008 -0.034 -0.747 -0.986 -0.0 -0.146 0.075 -0.98 0.0 0.132 -0.146 0.984 0.0 -0.14 0.107 0.987 0.0 0.132 -0.097 -0.637 -0.0 -0.768 0.066 -0.994 -0.0 0.101 0.051 0.613 0.0 -0.79 0.028 0.992 0.0 0.11 0.061 
-0.664 0.008 -0.034 -0.747 -0.987 -0.0 -0.139 0.075 -0.981 0.0 0.132 -0.145 0.986 0.0 -0.134 0.104 0.987 0.0 0.133 -0.088 -0.637 -0.0 -0.768 0.067 -0.994 -0.0 0.101 0.051 0.612 0.0 -0.79 0.028 0.992 0.0 0.11 0.061 
-0.664 0.008 -0.034 -0.747 -0.988 -0.0 -0.132 0.075 -0.981 0.0 0.131 -0.145 0.986 -0.0 -0.129 0.107 0.986 0.0 0.134 -0.1 -0.637 -0.0 -0.768 0.067 -0.994 -0.0 0.101 0.052 0.612 0.0 -0.79 0.029 0.992 0.0 0.11 0.061 
-0.665 0.008 -0.034 -0.746 -0.989 0.0 -0.126 0.074 -0.981 -0.0 0.132 -0.145 0.986 -0.0 -0.124 0.11 0.986 0.0 0.136 -0.095 -0.637 -0.0 -0.768 0.067 -0.994 -0.0 0.101 0.052 0.612 0.0 -0.79 0.029 0.992 0.0 0.11 0.061 
-0.665 0.009 -0.035 -0.746 -0.99 -0.0 -0.119 0.074 -0.981 -0.0 0.132 -0.145 0.987 -0.0 -0.117 0.107 0.986 0.0 0.135 -0.098 -0.637 -0.0 -0.768 0.068 -0.994 -0.0 0.101 0.051 0.613 0.0 -0.79 0.03 0.992 0.0 0.11 0.061 
-0.665 0.009 -0.035 -0.746 -0.991 -0.0 -0.113 0.074 -0.98 0.0 0.133 -0.146 0.988 -0.0 -0.111 0.106 0.986 0.0 0.137 -0.092 -0.637 -0.0 -0.768 0.068 -0.994 -0.0 0.101 0.052 0.612 -0.0 -0.79 0.03 0.992 0.0 0.11 0.061 
-0.665 0.009 -0.035 -0.746 -0.992 -0.0 -0.107 0.072 -0.98 -0.0 0.135 -0.144 0.989 -0.0 -0.105 0.105 0.986 -0.0 0.138 -0.091 -0.637 -0.0 -0.768 0.068 -0.993 -0.0 0.102 0.052 0.613 -0.0 -0.79 0.031 0.992 0.0 0.11 0.061 
-0.665 0.009 -0.035 -0.746 -0.992 -0.0 -0.101 0.071 -0.98 -0.0 0.136 -0.143 0.99 0.0 -0.1 0.104 0.986 0.0 0.138 -0.091 -0.637 0.0 -0.768 0.069 -0.993 -0.0 0.101 0.052 0.612 -0.0 -0.79 0.031 0.992 0.0 0.11 0.061 
-0.665 0.01 -0.035 -0.746 -0.993 0.0 -0.095 0.07 -0.98 -0.0 0.138 -0.143 0.99 0.0 -0.093 0.103 0.986 0.0 0.137 -0.098 -0.636 -0.0 -0.768 0.069 -0.993 -0.0 0.102 0.052 0.613 0.0 -0.79 0.032 0.992 0.0 0.11 0.061 
-0.666 0.01 -0.035 -0.745 -0.994 -0.0 -0.089 0.068 -0.98 -0.0 0.139 -0.143 0.991 0.0 -0.088 0.102 0.986 0.0 0.139 -0.091 -0.636 -0.0 -0.768 0.07 -0.993 -0.0 0.102 0.052 0.613 -0.0 -0.79 0.032 0.992 0.0 0.11 0.061 
-0.666 0.009 -0.036 -0.745 -0.994 -0.0 -0.082 0.066 -0.98 -0.0 0.14 -0.143 0.991 0.0 -0.082 0.102 0.986 0.0 0.138 -0.098 -0.637 -0.0 -0.768 0.069 -0.993 0.0 0.102 0.052 0.612 0.0 -0.79 0.032 0.992 -0.0 0.11 0.061 
-0.666 0.01 -0.035 -0.745 -0.995 -0.0 -0.076 0.066 -0.979 -0.0 0.141 -0.145 0.992 -0.0 -0.077 0.097 0.986 0.0 0.142 -0.085 -0.636 0.0 -0.768 0.07 -0.993 0.0 0.102 0.052 0.613 0.0 -0.79 0.033 0.992 0.0 0.11 0.061 
-0.666 0.01 -0.036 -0.745 -0.995 -0.0 -0.069 0.065 -0.979 0.0 0.139 -0.145 0.993 0.0 -0.071 0.099 0.985 0.0 0.139 -0.099 -0.636 -0.0 -0.768 0.07 -0.993 -0.0 0.102 0.052 0.613 -0.0 -0.79 0.033 0.992 0.0 0.11 0.061 
-0.667 0.011 -0.036 -0.744 -0.996 0.0 -0.064 0.06 -0.979 -0.0 0.143 -0.142 0.993 0.0 -0.065 0.093 0.986 0.0 0.14 -0.088 -0.637 -0.0 -0.768 0.071 -0.993 0.0 0.102 0.052 0.612 -0.0 -0.79 0.034 0.992 0.0 0.111 0.061 
-0.667 0.011 -0.037 -0.744 -0.997 -0.0 -0.059 0.058 -0.979 -0.0 0.144 -0.142 0.994 -0.0 -0.06 0.091 0.986 -0.0 0.14 -0.095 -0.637 0.0 -0.768 0.072 -0.993 -0.0 0.102 0.052 0.612 0.0 -0.79 0.035 0.992 0.0 0.111 0.061 
-0.667 0.011 -0.037 -0.744 -0.997 -0.0 -0.052 0.056 -0.979 -0.0 0.143 -0.146 0.994 0.0 -0.055 0.09 0.986 0.0 0.141 -0.09 -0.637 -0.0 -0.768 0.072 -0.993 -0.0 0.102 0.052 0.612 0.0 -0.79 0.035 0.992 0.0 0.111 0.061 
-0.668 0.011 -0.037 -0.744 -0.998 -0.0 -0.048 0.052 -0.979 0.0 0.146 -0.142 0.995 0.0 -0.05 0.087 0.985 0.0 0.14 -0.096 -0.637 -0.0 -0.768 0.072 -0.993 -0.0 0.102 0.052 0.612 0.0 -0.79 0.036 0.992 0.0 0.111 0.061 
-0.668 0.011 -0.037 -0.743 -0.998 -0.0 -0.042 0.05 -0.978 -0.0 0.148 -0.145 0.996 0.0 -0.046 0.081 0.986 0.0 0.144 -0.085 -0.637 -0.0 -0.768 0.072 -0.993 -0.0 0.102 0.052 0.612 -0.0 -0.79 0.036 0.992 0.0 0.111 0.061 
-0.668 0.012 -0.038 -0.743 -0.998 -0.0 -0.038 0.042 -0.98 -0.0 0.148 -0.135 0.996 0.0 -0.041 0.075 0.986 0.0 0.144 -0.087 -0.636 -0.0 -0.768 0.074 -0.993 0.0 0.103 0.052 0.613 0.0 -0.79 0.038 0.992 0.0 0.111 0.061 
-0.668 0.012 -0.038 -0.743 -0.999 -0.0 -0.032 0.044 -0.978 -0.0 0.148 -0.145 0.997 0.0 -0.036 0.073 0.986 0.0 0.146 -0.081 -0.636 -0.0 -0.768 0.074 -0.993 -0.0 0.103 0.051 0.613 -0.0 -0.789 0.038 0.992 0.0 0.111 0.061 
-0.668 0.012 -0.037 -0.743 -0.999 -0.0 -0.028 0.038 -0.978 -0.0 0.152 -0.142 0.997 0.0 -0.032 0.075 0.985 0.0 0.145 -0.089 -0.636 -0.0 -0.768 0.074 -0.993 -0.0 0.103 0.052 0.613 -0.0 -0.789 0.038 0.992 0.0 0.111 0.061 
-0.668 0.013 -0.038 -0.743 -0.999 -0.0 -0.024 0.035 -0.978 0.0 0.154 -0.143 0.997 0.0 -0.028 0.072 0.985 0.0 0.145 -0.097 -0.636 -0.0 -0.768 0.074 -0.993 -0.0 0.103 0.052 0.613 0.0 -0.789 0.038 0.992 0.0 0.111 0.06 
-0.669 0.013 -0.038 -0.742 -0.999 -0.0 -0.019 0.031 -0.977 -0.0 0.156 -0.142 0.997 0.0 -0.024 0.066 0.985 -0.0 0.147 -0.088 -0.637 -0.0 -0.767 0.074 -0.993 -0.0 0.102 0.052 0.612 0.0 -0.79 0.039 0.992 0.0 0.111 0.061 
-0.669 0.013 -0.038 -0.742 -1.0 0.0 -0.016 0.027 -0.977 -0.0 0.158 -0.143 0.998 0.0 -0.021 0.063 0.985 0.0 0.147 -0.096 -0.637 -0.0 -0.767 0.075 -0.993 -0.0 0.102 0.052 0.612 -0.0 -0.79 0.039 0.992 0.0 0.111 0.06 
-0.669 0.013 -0.039 -0.742 -1.0 -0.0 -0.012 0.023 -0.977 -0.0 0.16 -0.143 0.998 0.0 -0.017 0.059 0.985 0.0 0.149 -0.089 -0.637 0.0 -0.767 0.075 -0.993 -0.0 0.102 0.052 0.612 -0.0 -0.79 0.04 0.992 0.0 0.111 0.06 
-0.669 0.013 -0.039 -0.742 -1.0 -0.0 -0.009 0.019 -0.977 -0.0 0.161 -0.143 0.999 0.0 -0.015 0.052 0.985 0.0 0.153 -0.084 -0.637 -0.0 -0.767 0.075 -0.993 -0.0 0.102 0.052 0.612 0.0 -0.79 0.04 0.992 0.0 0.111 0.061 
-0.669 0.013 -0.039 -0.742 -1.0 -0.0 -0.005 0.015 -0.976 -0.0 0.163 -0.143 0.999 0.0 -0.011 0.053 0.984 -0.0 0.151 -0.092 -0.637 -0.0 -0.767 0.074 -0.993 -0.0 0.103 0.052 0.612 0.0 -0.79 0.04 0.992 0.0 0.111 0.06 
-0.669 0.013 -0.039 -0.742 -1.0 -0.0 -0.002 0.01 -0.976 -0.0 0.164 -0.144 0.999 -0.0 -0.009 0.044 0.984 -0.0 0.155 -0.085 -0.637 -0.0 -0.767 0.075 -0.993 -0.0 0.103 0.052 0.612 -0.0 -0.79 0.041 0.992 0.0 0.111 0.06 
-0.669 0.014 -0.039 -0.742 -1.0 0.0 0.0 0.004 -0.976 -0.0 0.165 -0.144 0.999 0.0 -0.005 0.042 0.984 -0.0 0.15 -0.098 -0.636 -0.0 -0.768 0.077 -0.993 -0.0 0.103 0.052 0.613 -0.0 -0.789 0.042 0.992 0.0 0.111 0.06 
-0.669 0.014 -0.039 -0.742 -1.0 -0.0 0.003 -0.001 -0.976 -0.0 0.165 -0.144 0.999 0.0 -0.003 0.035 0.984 -0.0 0.154 -0.088 -0.636 0.0 -0.768 0.077 -0.993 -0.0 0.103 0.052 0.613 0.0 -0.789 0.042 0.992 0.0 0.111 0.06 
-0.67 0.015 -0.039 -0.742 -1.0 -0.0 0.006 -0.006 -0.975 -0.0 0.166 -0.146 0.999 0.0 0.001 0.033 0.984 0.0 0.151 -0.093 -0.636 -0.0 -0.768 0.077 -0.993 0.0 0.103 0.052 0.613 0.0 -0.789 0.042 0.992 0.0 0.111 0.06 
-0.67 0.014 -0.04 -0.741 -1.0 -0.0 0.009 -0.011 -0.975 -0.0 0.166 -0.147 1.0 0.0 0.003 0.028 0.984 0.0 0.151 -0.095 -0.637 0.0 -0.767 0.077 -0.993 -0.0 0.103 0.052 0.612 0.0 -0.789 0.043 0.992 0.0 0.111 0.06 
-0.67 0.015 -0.04 -0.741 -1.0 -0.0 0.012 -0.017 -0.975 -0.0 0.166 -0.148 1.0 0.0 0.005 0.024 0.984 0.0 0.15 -0.096 -0.637 -0.0 -0.767 0.077 -0.993 -0.0 0.103 0.052 0.612 0.0 -0.789 0.043 0.992 -0.0 0.111 0.06 
-0.67 0.015 -0.04 -0.741 -1.0 -0.0 0.014 -0.023 -0.975 -0.0 0.165 -0.149 1.0 -0.0 0.008 0.019 0.984 0.0 0.149 -0.097 -0.637 -0.0 -0.767 0.077 -0.993 -0.0 0.103 0.052 0.612 0.0 -0.789 0.043 0.992 0.0 0.111 0.06 
-0.67 0.015 -0.04 -0.741 -0.999 -0.0 0.016 -0.028 -0.975 -0.0 0.164 -0.15 1.0 -0.0 0.009 0.011 0.984 -0.0 0.151 -0.091 -0.637 -0.0 -0.767 0.078 -0.993 0.0 0.103 0.052 0.612 0.0 -0.789 0.043 0.992 0.0 0.111 0.06 
-0.67 0.015 -0.04 -0.741 -0.999 -0.0 0.018 -0.034 -0.975 -0.0 0.164 -0.151 1.0 -0.0 0.011 0.008 0.981 0.0 0.149 -0.121 -0.636 -0.0 -0.768 0.078 -0.993 -0.0 0.103 0.052 0.613 0.0 -0.789 0.044 0.992 0.0 0.111 0.06 
-0.67 0.015 -0.041 -0.741 -0.999 -0.0 0.02 -0.04 -0.975 -0.0 0.163 -0.151 1.0 0.0 0.013 0.002 0.981 0.0 0.147 -0.124 -0.636 -0.0 -0.767 0.078 -0.993 -0.0 0.104 0.051 0.613 -0.0 -0.789 0.044 0.992 0.0 0.111 0.06 
-0.67 0.016 -0.041 -0.741 -0.999 -0.0 0.021 -0.046 -0.975 -0.0 0.162 -0.151 1.0 0.0 0.015 -0.006 0.983 0.0 0.143 -0.112 -0.636 -0.0 -0.767 0.08 -0.993 -0.0 0.104 0.051 0.613 0.0 -0.789 0.045 0.992 -0.0 0.111 0.06 
-0.67 0.016 -0.041 -0.741 -0.998 -0.0 0.023 -0.052 -0.975 -0.0 0.16 -0.151 1.0 0.0 0.018 -0.009 0.981 0.0 0.14 -0.131 -0.636 -0.0 -0.767 0.08 -0.993 -0.0 0.103 0.051 0.613 0.0 -0.789 0.045 0.992 0.0 0.111 0.06 
-0.67 0.016 -0.042 -0.741 -0.998 0.0 0.025 -0.058 -0.975 -0.0 0.159 -0.152 1.0 0.0 0.019 -0.015 0.982 0.0 0.14 -0.13 -0.637 -0.0 -0.767 0.08 -0.993 -0.0 0.103 0.052 0.612 0.0 -0.789 0.045 0.992 -0.0 0.111 0.06 
-0.67 0.016 -0.042 -0.741 -0.998 -0.0 0.025 -0.064 -0.976 -0.0 0.159 -0.152 1.0 0.0 0.02 -0.022 0.982 0.0 0.139 -0.13 -0.637 -0.0 -0.767 0.08 -0.993 -0.0 0.103 0.052 0.612 0.0 -0.789 0.046 0.992 0.0 0.111 0.06 
-0.67 0.017 -0.042 -0.741 -0.997 -0.0 0.028 -0.07 -0.976 0.0 0.157 -0.153 0.999 0.0 0.02 -0.031 0.983 0.0 0.14 -0.115 -0.637 -0.0 -0.767 0.081 -0.993 -0.0 0.103 0.052 0.613 0.0 -0.789 0.046 0.992 0.0 0.111 0.06 
-0.67 0.017 -0.042 -0.741 -0.997 -0.0 0.028 -0.077 -0.976 -0.0 0.155 -0.151 0.999 0.0 0.02 -0.035 0.984 0.0 0.141 -0.11 -0.637 0.0 -0.767 0.081 -0.993 -0.0 0.103 0.051 0.612 0.0 -0.789 0.046 0.992 0.0 0.112 0.06 
-0.67 0.017 -0.043 -0.741 -0.996 -0.0 0.028 -0.083 -0.976 -0.0 0.154 -0.151 0.999 -0.0 0.02 -0.041 0.984 -0.0 0.143 -0.106 -0.637 -0.0 -0.767 0.081 -0.993 -0.0 0.103 0.051 0.613 0.0 -0.789 0.047 0.992 0.0 0.112 0.06 
-0.67 0.017 -0.043 -0.741 -0.996 -0.0 0.029 -0.09 -0.977 -0.0 0.153 -0.152 0.999 -0.0 0.021 -0.046 0.984 -0.0 0.141 -0.108 -0.637 0.0 -0.767 0.082 -0.993 -0.0 0.103 0.051 0.612 0.0 -0.789 0.047 0.992 0.0 0.112 0.06 
-0.67 0.018 -0.043 -0.741 -0.995 0.0 0.028 -0.096 -0.976 -0.0 0.151 -0.154 0.998 0.0 0.02 -0.054 0.983 0.0 0.145 -0.108 -0.636 -0.0 -0.767 0.084 -0.993 -0.0 0.103 0.051 0.613 0.0 -0.789 0.048 0.992 0.0 0.112 0.06 
-0.669 0.018 -0.044 -0.741 -0.994 0.0 0.028 -0.103 -0.977 -0.0 0.149 -0.155 0.998 0.0 0.02 -0.059 0.984 0.0 0.142 -0.111 -0.636 -0.0 -0.767 0.085 -0.993 -0.0 0.103 0.051 0.613 0.0 -0.789 0.049 0.992 0.0 0.112 0.06 
-0.669 0.019 -0.044 -0.742 -0.994 -0.0 0.028 -0.109 -0.976 0.0 0.145 -0.159 0.998 0.0 0.02 -0.066 0.982 0.0 0.137 -0.13 -0.636 -0.0 -0.767 0.085 -0.993 -0.0 0.103 0.051 0.613 0.0 -0.789 0.05 0.992 0.0 0.112 0.059 
-0.669 0.019 -0.045 -0.742 -0.993 -0.0 0.028 -0.116 -0.977 -0.0 0.143 -0.161 0.997 0.0 0.018 -0.072 0.98 0.0 0.139 -0.142 -0.637 -0.0 -0.766 0.086 -0.993 -0.0 0.103 0.051 0.613 0.0 -0.789 0.05 0.992 0.0 0.112 0.06 
-0.668 0.019 -0.045 -0.742 -0.992 -0.0 0.028 -0.122 -0.976 -0.0 0.142 -0.163 0.997 -0.0 0.015 -0.076 0.981 0.0 0.141 -0.134 -0.637 -0.0 -0.766 0.087 -0.993 0.0 0.103 0.051 0.613 0.0 -0.789 0.051 0.992 0.0 0.112 0.059 
-0.668 0.019 -0.045 -0.742 -0.991 0.0 0.027 -0.128 -0.976 0.0 0.141 -0.164 0.997 0.0 0.013 -0.08 0.981 0.0 0.141 -0.136 -0.637 -0.0 -0.766 0.086 -0.993 -0.0 0.103 0.051 0.612 0.0 -0.789 0.051 0.992 0.0 0.112 0.059 
-0.668 0.019 -0.045 -0.743 -0.991 0.0 0.025 -0.134 -0.976 -0.0 0.14 -0.166 0.996 -0.0 0.012 -0.088 0.981 0.0 0.141 -0.135 -0.637 -0.0 -0.766 0.087 -0.993 -0.0 0.102 0.05 0.613 0.0 -0.789 0.051 0.992 0.0 0.112 0.059 
-0.667 0.02 -0.046 -0.743 -0.99 -0.0 0.023 -0.14 -0.976 0.0 0.139 -0.168 0.995 0.0 0.009 -0.096 0.981 0.0 0.143 -0.133 -0.637 -0.0 -0.766 0.088 -0.993 -0.0 0.103 0.05 0.612 0.0 -0.789 0.052 0.992 0.0 0.113 0.059 
-0.667 0.02 -0.046 -0.743 -0.989 -0.0 0.022 -0.146 -0.976 -0.0 0.139 -0.17 0.994 -0.0 0.007 -0.105 0.983 -0.0 0.145 -0.116 -0.637 -0.0 -0.766 0.089 -0.993 -0.0 0.103 0.05 0.613 0.0 -0.789 0.053 0.992 0.0 0.113 0.059 
-0.667 0.02 -0.047 -0.744 -0.988 -0.0 0.019 -0.152 -0.975 -0.0 0.138 -0.172 0.994 0.0 0.004 -0.112 0.983 0.0 0.146 -0.116 -0.637 -0.0 -0.766 0.09 -0.993 -0.0 0.103 0.05 0.612 0.0 -0.789 0.054 0.992 0.0 0.113 0.059 
-0.666 0.02 -0.047 -0.744 -0.987 -0.0 0.017 -0.158 -0.975 -0.0 0.138 -0.173 0.993 0.0 0.001 -0.118 0.982 0.0 0.145 -0.117 -0.637 -0.0 -0.766 0.091 -0.993 -0.0 0.103 0.05 0.612 0.0 -0.789 0.054 0.992 0.0 0.113 0.059 
-0.666 0.021 -0.048 -0.744 -0.986 0.0 0.014 -0.164 -0.975 -0.0 0.138 -0.174 0.992 0.0 -0.003 -0.126 0.983 0.0 0.146 -0.116 -0.637 -0.0 -0.766 0.092 -0.993 -0.0 0.103 0.05 0.612 0.0 -0.789 0.055 0.992 0.0 0.113 0.059 
-0.666 0.021 -0.048 -0.744 -0.986 -0.0 0.012 -0.169 -0.975 -0.0 0.137 -0.177 0.991 0.0 -0.007 -0.13 0.982 0.0 0.147 -0.119 -0.637 -0.0 -0.766 0.092 -0.993 -0.0 0.103 0.05 0.612 0.0 -0.789 0.055 0.992 0.0 0.113 0.059 
-0.665 0.021 -0.048 -0.745 -0.985 -0.0 0.008 -0.175 -0.974 -0.0 0.138 -0.177 0.991 0.0 -0.011 -0.136 0.982 0.0 0.147 -0.12 -0.636 -0.0 -0.766 0.092 -0.993 -0.0 0.103 0.05 0.613 0.0 -0.788 0.056 0.992 0.0 0.113 0.059 
-0.665 0.021 -0.048 -0.745 -0.984 -0.0 0.004 -0.18 -0.974 -0.0 0.138 -0.18 0.99 0.0 -0.015 -0.141 0.982 -0.0 0.147 -0.122 -0.636 -0.0 -0.766 0.093 -0.993 -0.0 0.103 0.05 0.612 0.0 -0.789 0.055 0.992 0.0 0.113 0.059 
-0.665 0.021 -0.048 -0.745 -0.983 -0.0 0.001 -0.186 -0.974 0.0 0.138 -0.182 0.989 0.0 -0.019 -0.146 0.981 0.0 0.147 -0.124 -0.637 -0.0 -0.766 0.093 -0.993 -0.0 0.103 0.05 0.612 0.0 -0.789 0.056 0.992 0.0 0.113 0.059 
-0.665 0.022 -0.049 -0.745 -0.982 -0.0 -0.004 -0.191 -0.973 -0.0 0.139 -0.183 0.988 0.0 -0.024 -0.151 0.981 -0.0 0.147 -0.124 -0.637 -0.0 -0.765 0.093 -0.993 -0.0 0.103 0.05 0.612 0.0 -0.789 0.056 0.992 0.0 0.113 0.059 
-0.665 0.022 -0.049 -0.745 -0.98 -0.0 -0.008 -0.197 -0.973 -0.0 0.139 -0.184 0.988 0.0 -0.029 -0.155 0.981 0.0 0.147 -0.126 -0.637 -0.0 -0.765 0.093 -0.993 -0.0 0.103 0.05 0.612 0.0 -0.789 0.056 0.992 0.0 0.113 0.059 
-0.665 0.022 -0.049 -0.745 -0.979 -0.0 -0.013 -0.202 -0.973 -0.0 0.139 -0.185 0.987 0.0 -0.034 -0.16 0.981 0.0 0.147 -0.127 -0.637 -0.0 -0.765 0.094 -0.993 -0.0 0.103 0.05 0.612 0.0 -0.789 0.056 0.992 0.0 0.113 0.059 
-0.665 0.022 -0.049 -0.745 -0.978 0.0 -0.018 -0.207 -0.973 -0.0 0.139 -0.186 0.986 0.0 -0.04 -0.164 0.98 0.0 0.147 -0.13 -0.637 -0.0 -0.765 0.094 -0.993 -0.0 0.103 0.05 0.612 0.0 -0.789 0.057 0.992 0.0 0.113 0.059 
-0.664 0.022 -0.049 -0.745 -0.977 0.0 -0.023 -0.212 -0.973 -0.0 0.139 -0.186 0.985 0.0 -0.044 -0.168 0.981 0.0 0.144 -0.132 -0.637 -0.0 -0.765 0.095 -0.993 -0.0 0.103 0.049 0.612 0.0 -0.789 0.057 0.992 0.0 0.113 0.058 
-0.664 0.023 -0.049 -0.746 -0.976 -0.0 -0.028 -0.217 -0.973 -0.0 0.139 -0.187 0.984 0.0 -0.049 -0.172 0.98 0.0 0.144 -0.134 -0.637 0.0 -0.765 0.095 -0.994 -0.0 0.103 0.049 0.612 0.0 -0.788 0.057 0.992 0.0 0.113 0.058 
-0.665 0.023 -0.05 -0.745 -0.974 -0.0 -0.034 -0.222 -0.972 -0.0 0.139 -0.187 0.983 0.0 -0.055 -0.174 0.98 0.0 0.144 -0.137 -0.637 -0.0 -0.765 0.095 -0.994 -0.0 0.103 0.049 0.612 0.0 -0.789 0.058 0.992 0.0 0.113 0.058 
-0.665 0.023 -0.05 -0.745 -0.973 0.0 -0.039 -0.227 -0.972 -0.0 0.139 -0.188 0.982 0.0 -0.061 -0.177 0.98 0.0 0.145 -0.14 -0.637 -0.0 -0.765 0.096 -0.994 -0.0 0.103 0.049 0.612 0.0 -0.788 0.058 0.992 0.0 0.113 0.058 
-0.664 0.023 -0.05 -0.745 -0.972 -0.0 -0.047 -0.23 -0.972 -0.0 0.141 -0.19 0.981 0.0 -0.067 -0.18 0.979 0.0 0.145 -0.142 -0.637 -0.0 -0.765 0.096 -0.994 -0.0 0.103 0.049 0.612 0.0 -0.788 0.058 0.992 -0.0 0.113 0.058 
-0.664 0.023 -0.05 -0.745 -0.971 0.0 -0.053 -0.234 -0.972 -0.0 0.142 -0.19 0.981 0.0 -0.073 -0.181 0.978 -0.0 0.145 -0.149 -0.637 -0.0 -0.765 0.096 -0.994 -0.0 0.102 0.049 0.612 -0.0 -0.788 0.059 0.992 0.0 0.113 0.057 
-0.664 0.023 -0.05 -0.745 -0.969 -0.0 -0.059 -0.238 -0.972 -0.0 0.142 -0.19 0.98 0.0 -0.079 -0.184 0.978 0.0 0.145 -0.151 -0.637 0.0 -0.765 0.096 -0.994 -0.0 0.102 0.048 0.612 0.0 -0.789 0.059 0.992 0.0 0.113 0.057 
-0.664 0.023 -0.05 -0.745 -0.968 -0.0 -0.066 -0.241 -0.972 -0.0 0.141 -0.19 0.979 0.0 -0.086 -0.185 0.977 0.0 0.149 -0.154 -0.637 -0.0 -0.765 0.096 -0.994 -0.0 0.103 0.048 0.612 0.0 -0.788 0.059 0.992 0.0 0.113 0.057 
-0.664 0.023 -0.05 -0.745 -0.967 -0.0 -0.072 -0.245 -0.972 0.0 0.141 -0.19 0.978 -0.0 -0.091 -0.189 0.977 0.0 0.145 -0.154 -0.637 -0.0 -0.765 0.096 -0.994 -0.0 0.103 0.048 0.612 0.0 -0.789 0.059 0.992 0.0 0.113 0.057 
-0.664 0.023 -0.05 -0.745 -0.966 -0.0 -0.078 -0.248 -0.972 -0.0 0.14 -0.19 0.977 -0.0 -0.097 -0.191 0.977 0.0 0.144 -0.157 -0.637 -0.0 -0.765 0.096 -0.994 -0.0 0.103 0.048 0.612 0.0 -0.788 0.059 0.992 0.0 0.113 0.057 
-0.664 0.023 -0.05 -0.746 -0.964 0.0 -0.084 -0.251 -0.972 -0.0 0.139 -0.189 0.976 0.0 -0.103 -0.194 0.977 0.0 0.144 -0.158 -0.637 0.0 -0.765 0.096 -0.994 -0.0 0.103 0.048 0.612 0.0 -0.788 0.059 0.992 0.0 0.113 0.056 
-0.664 0.023 -0.05 -0.746 -0.963 -0.0 -0.091 -0.254 -0.972 -0.0 0.138 -0.188 0.975 -0.0 -0.11 -0.195 0.977 0.0 0.143 -0.157 -0.637 -0.0 -0.765 0.096 -0.994 -0.0 0.103 0.048 0.612 0.0 -0.788 0.059 0.992 0.0 0.113 0.057 
-0.664 0.023 -0.05 -0.746 -0.962 -0.0 -0.097 -0.256 -0.973 -0.0 0.136 -0.188 0.973 -0.0 -0.116 -0.198 0.978 0.0 0.142 -0.156 -0.637 -0.0 -0.765 0.096 -0.994 -0.0 0.103 0.048 0.612 0.0 -0.788 0.059 0.992 0.0 0.113 0.056 
-0.664 0.023 -0.05 -0.746 -0.961 -0.0 -0.103 -0.257 -0.973 -0.0 0.135 -0.189 0.972 -0.0 -0.123 -0.199 0.977 0.0 0.139 -0.163 -0.637 -0.0 -0.765 0.096 -0.994 -0.0 0.103 0.048 0.612 0.0 -0.788 0.059 0.992 0.0 0.113 0.056 
-0.664 0.022 -0.05 -0.746 -0.96 -0.0 -0.11 -0.259 -0.973 -0.0 0.134 -0.189 0.971 0.0 -0.131 -0.199 0.976 0.0 0.138 -0.169 -0.637 -0.0 -0.765 0.096 -0.994 -0.0 0.103 0.048 0.612 0.0 -0.788 0.059 0.992 0.0 0.113 0.056 
-0.664 0.023 -0.049 -0.746 -0.959 -0.0 -0.117 -0.259 -0.973 -0.0 0.132 -0.189 0.97 -0.0 -0.136 -0.2 0.976 0.0 0.136 -0.172 -0.636 -0.0 -0.765 0.096 -0.994 -0.0 0.103 0.048 0.613 0.0 -0.788 0.058 0.992 0.0 0.113 0.056 
-0.664 0.023 -0.049 -0.746 -0.958 -0.0 -0.123 -0.26 -0.973 -0.0 0.132 -0.189 0.969 -0.0 -0.142 -0.201 0.976 0.0 0.134 -0.174 -0.636 -0.0 -0.766 0.095 -0.994 -0.0 0.103 0.048 0.613 0.0 -0.788 0.058 0.992 0.0 0.113 0.056 
-0.664 0.022 -0.049 -0.746 -0.957 -0.0 -0.129 -0.26 -0.973 -0.0 0.131 -0.189 0.968 0.0 -0.149 -0.202 0.976 0.0 0.132 -0.175 -0.637 -0.0 -0.765 0.094 -0.994 -0.0 0.103 0.048 0.612 0.0 -0.789 0.057 0.992 0.0 0.113 0.056 
-0.664 0.022 -0.049 -0.746 -0.956 -0.0 -0.136 -0.26 -0.973 -0.0 0.13 -0.189 0.967 0.0 -0.154 -0.202 0.976 0.0 0.129 -0.175 -0.637 -0.0 -0.765 0.094 -0.994 -0.0 0.103 0.048 0.612 0.0 -0.789 0.057 0.992 0.0 0.112 0.056 
-0.664 0.022 -0.049 -0.746 -0.955 -0.0 -0.143 -0.26 -0.973 0.0 0.129 -0.189 0.966 0.0 -0.16 -0.202 0.977 0.0 0.126 -0.174 -0.637 -0.0 -0.765 0.094 -0.994 -0.0 0.103 0.048 0.612 0.0 -0.789 0.057 0.992 0.0 0.113 0.056 
-0.664 0.021 -0.048 -0.746 -0.954 0.0 -0.149 -0.259 -0.974 -0.0 0.128 -0.19 0.965 0.0 -0.166 -0.202 0.977 -0.0 0.123 -0.172 -0.637 0.0 -0.765 0.093 -0.994 -0.0 0.103 0.048 0.612 -0.0 -0.789 0.057 0.992 0.0 0.113 0.056 
-0.664 0.021 -0.048 -0.746 -0.954 -0.0 -0.156 -0.257 -0.974 0.0 0.127 -0.19 0.964 0.0 -0.171 -0.202 0.977 0.0 0.121 -0.173 -0.637 -0.0 -0.765 0.093 -0.994 -0.0 0.103 0.048 0.612 -0.0 -0.789 0.056 0.992 0.0 0.113 0.056 
-0.664 0.021 -0.048 -0.746 -0.953 -0.0 -0.162 -0.256 -0.974 -0.0 0.126 -0.189 0.963 -0.0 -0.177 -0.202 0.978 0.0 0.12 -0.171 -0.637 -0.0 -0.765 0.092 -0.994 -0.0 0.102 0.048 0.612 0.0 -0.789 0.055 0.992 0.0 0.113 0.056 
-0.663 0.021 -0.048 -0.746 -0.952 -0.0 -0.169 -0.255 -0.974 -0.0 0.125 -0.188 0.963 0.0 -0.182 -0.2 0.978 0.0 0.118 -0.17 -0.637 -0.0 -0.765 0.092 -0.994 0.0 0.102 0.048 0.612 0.0 -0.789 0.055 0.992 0.0 0.113 0.056 
-0.663 0.021 -0.048 -0.747 -0.952 -0.0 -0.175 -0.253 -0.974 0.0 0.125 -0.187 0.962 0.0 -0.188 -0.199 0.979 0.0 0.117 -0.17 -0.637 -0.0 -0.765 0.092 -0.994 -0.0 0.102 0.048 0.612 0.0 -0.789 0.054 0.992 0.0 0.112 0.056 
-0.663 0.02 -0.047 -0.747 -0.951 0.0 -0.181 -0.25 -0.975 -0.0 0.124 -0.187 0.961 0.0 -0.194 -0.197 0.979 -0.0 0.116 -0.169 -0.637 -0.0 -0.765 0.091 -0.994 -0.0 0.102 0.048 0.612 0.0 -0.789 0.054 0.992 0.0 0.112 0.056 
-0.663 0.02 -0.047 -0.747 -0.951 -0.0 -0.186 -0.247 -0.975 -0.0 0.123 -0.188 0.96 0.0 -0.199 -0.196 0.98 0.0 0.113 -0.165 -0.637 -0.0 -0.766 0.09 -0.994 -0.0 0.102 0.049 0.612 0.0 -0.789 0.053 0.992 0.0 0.112 0.057 
-0.663 0.02 -0.046 -0.747 -0.951 0.0 -0.192 -0.244 -0.975 -0.0 0.122 -0.187 0.96 0.0 -0.204 -0.193 0.98 0.0 0.111 -0.164 -0.637 -0.0 -0.766 0.09 -0.994 -0.0 0.102 0.048 0.612 0.0 -0.789 0.052 0.992 0.0 0.112 0.057 
-0.663 0.019 -0.046 -0.747 -0.95 0.0 -0.198 -0.241 -0.975 0.0 0.121 -0.187 0.959 0.0 -0.208 -0.191 0.98 0.0 0.109 -0.165 -0.637 -0.0 -0.766 0.089 -0.994 -0.0 0.102 0.048 0.612 0.0 -0.789 0.052 0.992 0.0 0.112 0.057 
-0.663 0.019 -0.046 -0.747 -0.95 -0.0 -0.203 -0.238 -0.975 -0.0 0.12 -0.187 0.959 0.0 -0.213 -0.188 0.981 0.0 0.107 -0.163 -0.637 -0.0 -0.766 0.089 -0.994 -0.0 0.102 0.049 0.612 0.0 -0.789 0.051 0.992 0.0 0.112 0.057 
-0.662 0.019 -0.045 -0.748 -0.95 -0.0 -0.208 -0.234 -0.975 -0.0 0.12 -0.186 0.958 0.0 -0.218 -0.185 0.981 0.0 0.106 -0.162 -0.637 0.0 -0.766 0.088 -0.994 -0.0 0.102 0.049 0.612 0.0 -0.789 0.05 0.992 0.0 0.112 0.057 
-0.662 0.019 -0.045 -0.748 -0.95 -0.0 -0.214 -0.23 -0.975 -0.0 0.119 -0.186 0.958 0.0 -0.223 -0.182 0.981 0.0 0.104 -0.161 -0.637 -0.0 -0.766 0.087 -0.994 -0.0 0.102 0.049 0.612 0.0 -0.789 0.05 0.992 -0.0 0.112 0.057 
-0.662 0.018 -0.045 -0.748 -0.949 -0.0 -0.219 -0.226 -0.976 -0.0 0.118 -0.186 0.957 0.0 -0.228 -0.18 0.982 0.0 0.104 -0.157 -0.637 -0.0 -0.766 0.087 -0.994 0.0 0.102 0.049 0.612 0.0 -0.789 0.049 0.992 0.0 0.112 0.057 
-0.662 0.018 -0.044 -0.748 -0.949 -0.0 -0.223 -0.221 -0.976 -0.0 0.117 -0.185 0.957 -0.0 -0.232 -0.176 0.982 -0.0 0.104 -0.157 -0.637 -0.0 -0.766 0.086 -0.994 -0.0 0.102 0.049 0.612 -0.0 -0.789 0.048 0.992 0.0 0.112 0.057 
-0.662 0.017 -0.044 -0.748 -0.949 -0.0 -0.228 -0.217 -0.976 -0.0 0.116 -0.185 0.957 0.0 -0.236 -0.171 0.982 0.0 0.103 -0.157 -0.637 -0.0 -0.766 0.085 -0.994 -0.0 0.102 0.049 0.612 0.0 -0.789 0.047 0.992 0.0 0.112 0.057 
-0.662 0.017 -0.044 -0.748 -0.949 -0.0 -0.232 -0.211 -0.976 -0.0 0.115 -0.185 0.956 0.0 -0.24 -0.167 0.983 0.0 0.102 -0.155 -0.637 -0.0 -0.766 0.085 -0.994 -0.0 0.102 0.049 0.612 -0.0 -0.79 0.046 0.992 0.0 0.112 0.057 
-0.662 0.017 -0.043 -0.748 -0.949 -0.0 -0.237 -0.206 -0.976 -0.0 0.114 -0.185 0.956 0.0 -0.244 -0.162 0.983 0.0 0.101 -0.155 -0.637 -0.0 -0.766 0.084 -0.994 0.0 0.102 0.049 0.612 0.0 -0.789 0.046 0.992 0.0 0.112 0.057 
-0.662 0.017 -0.043 -0.748 -0.949 -0.0 -0.241 -0.201 -0.976 -0.0 0.114 -0.185 0.956 -0.0 -0.248 -0.158 0.983 0.0 0.1 -0.154 -0.637 -0.0 -0.766 0.083 -0.994 -0.0 0.102 0.049 0.612 0.0 -0.79 0.045 0.992 0.0 0.112 0.057 
-0.662 0.016 -0.043 -0.748 -0.95 -0.0 -0.245 -0.196 -0.976 0.0 0.113 -0.184 0.956 -0.0 -0.251 -0.153 0.983 0.0 0.1 -0.154 -0.637 0.0 -0.766 0.083 -0.994 0.0 0.102 0.049 0.612 0.0 -0.79 0.045 0.992 0.0 0.112 0.057 
-0.662 0.016 -0.042 -0.748 -0.95 -0.0 -0.25 -0.19 -0.976 0.0 0.113 -0.184 0.956 -0.0 -0.254 -0.148 0.983 0.0 0.097 -0.153 -0.637 -0.0 -0.766 0.082 -0.994 -0.0 0.102 0.049 0.612 0.0 -0.79 0.045 0.992 0.0 0.112 0.057 
-0.662 0.016 -0.042 -0.748 -0.95 -0.0 -0.253 -0.185 -0.977 -0.0 0.113 -0.183 0.956 0.0 -0.258 -0.143 0.983 0.0 0.096 -0.154 -0.637 -0.0 -0.766 0.082 -0.994 -0.0 0.102 0.049 0.612 0.0 -0.79 0.044 0.992 0.0 0.112 0.057 
-0.662 0.016 -0.042 -0.748 -0.95 -0.0 -0.257 -0.179 -0.977 -0.0 0.112 -0.183 0.956 0.0 -0.26 -0.137 0.983 0.0 0.093 -0.155 -0.637 -0.0 -0.766 0.081 -0.994 -0.0 0.102 0.049 0.612 0.0 -0.79 0.044 0.992 -0.0 0.112 0.057 
-0.662 0.015 -0.042 -0.748 -0.95 0.0 -0.26 -0.173 -0.977 -0.0 0.112 -0.183 0.956 -0.0 -0.263 -0.131 0.984 0.0 0.093 -0.154 -0.637 0.0 -0.766 0.081 -0.994 -0.0 0.102 0.049 0.612 0.0 -0.79 0.043 0.992 0.0 0.111 0.057 
-0.663 0.015 -0.042 -0.748 -0.95 -0.0 -0.264 -0.167 -0.977 -0.0 0.112 -0.182 0.956 0.0 -0.266 -0.126 0.984 -0.0 0.091 -0.154 -0.637 -0.0 -0.766 0.081 -0.994 -0.0 0.102 0.049 0.612 0.0 -0.79 0.043 0.992 0.0 0.111 0.057 
-0.663 0.015 -0.041 -0.748 -0.95 0.0 -0.267 -0.161 -0.977 -0.0 0.112 -0.182 0.956 -0.0 -0.268 -0.12 0.984 -0.0 0.088 -0.154 -0.637 -0.0 -0.766 0.08 -0.994 -0.0 0.102 0.049 0.612 0.0 -0.79 0.043 0.992 0.0 0.111 0.057 
-0.663 0.015 -0.041 -0.747 -0.95 -0.0 -0.271 -0.155 -0.977 -0.0 0.112 -0.182 0.956 0.0 -0.269 -0.114 0.984 0.0 0.086 -0.154 -0.637 0.0 -0.767 0.08 -0.994 -0.0 0.102 0.049 0.612 0.0 -0.79 0.042 0.992 0.0 0.111 0.057 
-0.663 0.015 -0.041 -0.747 -0.95 -0.0 -0.274 -0.148 -0.977 0.0 0.112 -0.182 0.957 0.0 -0.27 -0.108 0.985 -0.0 0.083 -0.154 -0.637 -0.0 -0.767 0.08 -0.994 -0.0 0.102 0.049 0.612 0.0 -0.79 0.042 0.992 0.0 0.111 0.057 
-0.663 0.015 -0.041 -0.747 -0.95 -0.0 -0.277 -0.141 -0.977 -0.0 0.112 -0.182 0.957 0.0 -0.272 -0.103 0.985 -0.0 0.08 -0.154 -0.637 -0.0 -0.767 0.08 -0.994 -0.0 0.102 0.049 0.612 -0.0 -0.79 0.042 0.992 0.0 0.111 0.057 
-0.663 0.014 -0.04 -0.747 -0.951 -0.0 -0.28 -0.134 -0.977 -0.0 0.112 -0.181 0.957 0.0 -0.273 -0.097 0.985 0.0 0.077 -0.153 -0.637 -0.0 -0.766 0.079 -0.994 -0.0 0.102 0.049 0.612 0.0 -0.79 0.042 0.992 0.0 0.111 0.057 
-0.663 0.014 -0.04 -0.747 -0.951 -0.0 -0.283 -0.127 -0.977 -0.0 0.112 -0.181 0.958 0.0 -0.273 -0.09 0.985 0.0 0.073 -0.155 -0.637 -0.0 -0.766 0.079 -0.994 -0.0 0.102 0.049 0.612 0.0 -0.79 0.042 0.992 -0.0 0.111 0.057 
-0.663 0.014 -0.04 -0.747 -0.951 -0.0 -0.285 -0.121 -0.977 -0.0 0.111 -0.181 0.958 0.0 -0.274 -0.085 0.986 -0.0 0.073 -0.153 -0.637 -0.0 -0.766 0.079 -0.994 -0.0 0.102 0.049 0.612 0.0 -0.79 0.041 0.992 0.0 0.111 0.057 
-0.664 0.014 -0.04 -0.747 -0.951 -0.0 -0.287 -0.114 -0.977 -0.0 0.11 -0.181 0.958 -0.0 -0.275 -0.078 0.986 0.0 0.071 -0.152 -0.637 -0.0 -0.767 0.079 -0.994 -0.0 0.102 0.049 0.612 0.0 -0.79 0.041 0.992 0.0 0.111 0.057 
-0.664 0.014 -0.039 -0.747 -0.951 -0.0 -0.289 -0.107 -0.977 -0.0 0.109 -0.181 0.959 0.0 -0.275 -0.072 0.986 0.0 0.07 -0.152 -0.637 -0.0 -0.767 0.079 -0.994 -0.0 0.102 0.048 0.612 -0.0 -0.79 0.041 0.992 -0.0 0.111 0.057 
-0.664 0.014 -0.039 -0.747 -0.952 0.0 -0.29 -0.1 -0.978 -0.0 0.109 -0.18 0.959 0.0 -0.276 -0.066 0.986 0.0 0.068 -0.15 -0.637 -0.0 -0.767 0.078 -0.994 0.0 0.102 0.049 0.612 0.0 -0.79 0.041 0.992 0.0 0.111 0.057 
-0.664 0.013 -0.039 -0.746 -0.952 -0.0 -0.291 -0.093 -0.978 -0.0 0.108 -0.18 0.959 0.0 -0.276 -0.06 0.986 0.0 0.068 -0.15 -0.637 0.0 -0.767 0.078 -0.994 -0.0 0.102 0.049 0.612 0.0 -0.79 0.041 0.992 0.0 0.111 0.057 
-0.664 0.013 -0.039 -0.746 -0.953 -0.0 -0.292 -0.086 -0.978 -0.0 0.107 -0.179 0.96 0.0 -0.276 -0.054 0.987 -0.0 0.067 -0.149 -0.637 -0.0 -0.767 0.078 -0.994 -0.0 0.102 0.049 0.612 0.0 -0.79 0.041 0.992 -0.0 0.11 0.057 
-0.665 0.013 -0.039 -0.746 -0.953 0.0 -0.292 -0.079 -0.978 -0.0 0.106 -0.178 0.96 0.0 -0.275 -0.048 0.987 0.0 0.067 -0.148 -0.637 -0.0 -0.767 0.077 -0.994 -0.0 0.102 0.049 0.612 0.0 -0.79 0.041 0.992 0.0 0.11 0.057 
-0.665 0.013 -0.039 -0.746 -0.954 0.0 -0.292 -0.073 -0.978 0.0 0.105 -0.178 0.961 0.0 -0.275 -0.041 0.987 -0.0 0.067 -0.148 -0.637 -0.0 -0.767 0.077 -0.994 -0.0 0.102 0.049 0.612 0.0 -0.79 0.04 0.992 0.0 0.111 0.057 
-0.665 0.013 -0.038 -0.746 -0.954 -0.0 -0.291 -0.066 -0.979 0.0 0.104 -0.178 0.961 0.0 -0.274 -0.034 0.987 0.0 0.066 -0.148 -0.637 0.0 -0.767 0.076 -0.994 -0.0 0.102 0.05 0.612 0.0 -0.79 0.04 0.992 0.0 0.11 0.057 
-0.665 0.013 -0.038 -0.746 -0.955 -0.0 -0.29 -0.059 -0.979 -0.0 0.103 -0.178 0.962 0.0 -0.273 -0.028 0.987 0.0 0.065 -0.148 -0.637 -0.0 -0.767 0.076 -0.994 -0.0 0.102 0.05 0.612 0.0 -0.79 0.04 0.992 -0.0 0.11 0.057 
-0.665 0.013 -0.038 -0.745 -0.956 -0.0 -0.289 -0.052 -0.979 -0.0 0.102 -0.178 0.963 0.0 -0.271 -0.02 0.987 -0.0 0.063 -0.15 -0.637 -0.0 -0.767 0.076 -0.993 -0.0 0.102 0.05 0.612 0.0 -0.79 0.04 0.992 0.0 0.11 0.058 
-0.665 0.013 -0.038 -0.745 -0.957 -0.0 -0.288 -0.045 -0.979 -0.0 0.101 -0.178 0.963 0.0 -0.27 -0.013 0.986 0.0 0.065 -0.152 -0.637 -0.0 -0.767 0.075 -0.993 -0.0 0.102 0.05 0.612 -0.0 -0.79 0.04 0.992 0.0 0.11 0.057 
-0.666 0.012 -0.038 -0.745 -0.957 -0.0 -0.286 -0.039 -0.979 -0.0 0.1 -0.178 0.964 0.0 -0.267 -0.007 0.986 0.0 0.066 -0.15 -0.637 0.0 -0.767 0.075 -0.993 -0.0 0.102 0.051 0.612 0.0 -0.79 0.04 0.992 0.0 0.11 0.058 
-0.666 0.013 -0.038 -0.745 -0.958 -0.0 -0.284 -0.033 -0.979 -0.0 0.099 -0.178 0.964 0.0 -0.264 -0.002 0.987 0.0 0.065 -0.15 -0.637 0.0 -0.767 0.075 -0.993 -0.0 0.102 0.051 0.612 0.0 -0.79 0.04 0.992 0.0 0.11 0.058 
-0.666 0.012 -0.038 -0.745 -0.959 0.0 -0.282 -0.027 -0.979 -0.0 0.099 -0.177 0.965 0.0 -0.262 0.004 0.987 0.0 0.066 -0.148 -0.637 -0.0 -0.767 0.075 -0.993 -0.0 0.102 0.051 0.612 -0.0 -0.79 0.04 0.992 0.0 0.111 0.058 
-0.666 0.012 -0.038 -0.745 -0.96 -0.0 -0.279 -0.021 -0.979 -0.0 0.099 -0.177 0.966 0.0 -0.258 0.009 0.987 0.0 0.067 -0.149 -0.637 0.0 -0.767 0.074 -0.993 -0.0 0.102 0.051 0.612 0.0 -0.79 0.039 0.992 0.0 0.11 0.058 
-0.666 0.012 -0.038 -0.744 -0.961 -0.0 -0.277 -0.016 -0.979 0.0 0.101 -0.175 0.967 -0.0 -0.255 0.015 0.987 0.0 0.068 -0.148 -0.637 -0.0 -0.767 0.074 -0.993 -0.0 0.103 0.052 0.612 0.0 -0.79 0.039 0.992 0.0 0.11 0.058 
-0.667 0.012 -0.037 -0.744 -0.962 -0.0 -0.274 -0.011 -0.98 -0.0 0.101 -0.174 0.968 0.0 -0.252 0.019 0.987 -0.0 0.07 -0.142 -0.637 -0.0 -0.767 0.074 -0.993 0.0 0.103 0.052 0.612 0.0 -0.79 0.039 0.992 0.0 0.11 0.058 
-0.667 0.012 -0.037 -0.744 -0.963 -0.0 -0.27 -0.006 -0.98 -0.0 0.101 -0.174 0.969 0.0 -0.247 0.025 0.988 0.0 0.068 -0.141 -0.637 0.0 -0.767 0.074 -0.993 -0.0 0.102 0.052 0.612 0.0 -0.79 0.039 0.992 -0.0 0.11 0.058 
-0.667 0.012 -0.037 -0.744 -0.964 0.0 -0.267 -0.001 -0.98 -0.0 0.102 -0.173 0.97 0.0 -0.243 0.03 0.988 -0.0 0.07 -0.14 -0.637 -0.0 -0.767 0.074 -0.993 -0.0 0.102 0.052 0.612 -0.0 -0.79 0.039 0.992 0.0 0.11 0.059 
-0.668 0.012 -0.037 -0.743 -0.965 -0.0 -0.263 0.003 -0.98 -0.0 0.102 -0.173 0.971 0.0 -0.238 0.035 0.988 0.0 0.071 -0.138 -0.637 -0.0 -0.767 0.073 -0.993 -0.0 0.103 0.052 0.612 0.0 -0.79 0.039 0.992 0.0 0.11 0.058 
-0.668 0.012 -0.037 -0.743 -0.966 -0.0 -0.259 0.007 -0.98 -0.0 0.103 -0.173 0.972 0.0 -0.233 0.04 0.988 0.0 0.071 -0.141 -0.637 -0.0 -0.767 0.073 -0.993 -0.0 0.103 0.052 0.612 0.0 -0.79 0.039 0.992 0.0 0.11 0.058 
-0.668 0.012 -0.037 -0.743 -0.967 -0.0 -0.254 0.012 -0.98 -0.0 0.103 -0.172 0.973 0.0 -0.227 0.043 0.988 0.0 0.071 -0.136 -0.637 -0.0 -0.767 0.073 -0.993 -0.0 0.102 0.052 0.612 0.0 -0.79 0.04 0.992 0.0 0.11 0.058 
-0.668 0.012 -0.037 -0.743 -0.968 -0.0 -0.249 0.016 -0.98 -0.0 0.104 -0.172 0.974 0.0 -0.222 0.048 0.988 0.0 0.071 -0.135 -0.637 -0.0 -0.767 0.073 -0.993 -0.0 0.102 0.052 0.612 -0.0 -0.79 0.039 0.992 0.0 0.11 0.058 
-0.668 0.012 -0.037 -0.743 -0.969 0.0 -0.245 0.02 -0.979 -0.0 0.105 -0.172 0.975 0.0 -0.217 0.052 0.988 -0.0 0.072 -0.135 -0.637 -0.0 -0.767 0.073 -0.993 0.0 0.102 0.052 0.612 0.0 -0.79 0.039 0.992 -0.0 0.11 0.058 
-0.669 0.012 -0.037 -0.742 -0.971 -0.0 -0.24 0.022 -0.979 -0.0 0.106 -0.171 0.976 0.0 -0.212 0.056 0.988 0.0 0.074 -0.135 -0.637 0.0 -0.767 0.073 -0.993 -0.0 0.102 0.052 0.612 0.0 -0.79 0.039 0.992 -0.0 0.11 0.059 
-0.669 0.012 -0.037 -0.742 -0.972 -0.0 -0.235 0.026 -0.979 0.0 0.107 -0.171 0.977 0.0 -0.206 0.06 0.988 0.0 0.074 -0.134 -0.637 -0.0 -0.767 0.073 -0.993 -0.0 0.102 0.052 0.612 0.0 -0.79 0.039 0.992 0.0 0.11 0.059 
-0.669 0.012 -0.037 -0.742 -0.973 0.0 -0.23 0.03 -0.979 0.0 0.108 -0.171 0.977 0.0 -0.201 0.063 0.988 0.0 0.076 -0.135 -0.637 -0.0 -0.767 0.074 -0.993 0.0 0.103 0.051 0.612 -0.0 -0.79 0.04 0.992 0.0 0.11 0.058 
-0.669 0.012 -0.037 -0.742 -0.974 -0.0 -0.226 0.031 -0.98 -0.0 0.112 -0.167 0.978 0.0 -0.195 0.067 0.988 0.0 0.077 -0.135 -0.637 -0.0 -0.767 0.074 -0.993 -0.0 0.102 0.051 0.612 0.0 -0.789 0.04 0.992 0.0 0.11 0.058 
-0.669 0.012 -0.037 -0.742 -0.975 -0.0 -0.22 0.034 -0.98 -0.0 0.113 -0.167 0.979 0.0 -0.189 0.071 0.988 0.0 0.077 -0.136 -0.637 0.0 -0.767 0.074 -0.993 -0.0 0.102 0.051 0.613 -0.0 -0.789 0.04 0.992 0.0 0.11 0.058 
-0.669 0.013 -0.037 -0.742 -0.976 -0.0 -0.215 0.036 -0.98 -0.0 0.113 -0.167 0.98 0.0 -0.183 0.074 0.988 0.0 0.077 -0.135 -0.637 0.0 -0.767 0.074 -0.993 -0.0 0.103 0.051 0.613 0.0 -0.789 0.04 0.992 -0.0 0.11 0.058 
-0.67 0.013 -0.037 -0.742 -0.977 -0.0 -0.209 0.038 -0.979 0.0 0.114 -0.166 0.981 0.0 -0.177 0.077 0.988 0.0 0.078 -0.137 -0.637 -0.0 -0.767 0.074 -0.993 -0.0 0.103 0.051 0.613 0.0 -0.789 0.041 0.992 0.0 0.109 0.058 
-0.67 0.013 -0.037 -0.742 -0.978 -0.0 -0.203 0.04 -0.98 -0.0 0.115 -0.165 0.982 0.0 -0.173 0.081 0.987 0.0 0.083 -0.141 -0.637 -0.0 -0.767 0.074 -0.993 -0.0 0.103 0.051 0.613 0.0 -0.789 0.041 0.992 -0.0 0.11 0.058 
-0.67 0.013 -0.037 -0.742 -0.979 -0.0 -0.197 0.043 -0.979 -0.0 0.116 -0.166 0.982 0.0 -0.169 0.082 0.986 0.0 0.087 -0.14 -0.637 -0.0 -0.767 0.074 -0.993 -0.0 0.103 0.051 0.613 0.0 -0.789 0.041 0.992 0.0 0.109 0.058 
-0.67 0.013 -0.037 -0.741 -0.981 -0.0 -0.191 0.044 -0.979 0.0 0.117 -0.165 0.983 0.0 -0.163 0.085 0.986 0.0 0.088 -0.139 -0.637 -0.0 -0.767 0.074 -0.993 -0.0 0.103 0.051 0.613 -0.0 -0.789 0.041 0.992 0.0 0.109 0.058 
-0.67 0.013 -0.037 -0.741 -0.982 -0.0 -0.185 0.046 -0.979 -0.0 0.118 -0.164 0.984 0.0 -0.158 0.086 0.986 0.0 0.09 -0.138 -0.637 -0.0 -0.767 0.074 -0.993 -0.0 0.103 0.051 0.613 0.0 -0.789 0.041 0.992 0.0 0.109 0.058 
-0.67 0.013 -0.037 -0.741 -0.983 -0.0 -0.179 0.048 -0.979 0.0 0.12 -0.164 0.984 0.0 -0.152 0.088 0.986 0.0 0.091 -0.138 -0.637 -0.0 -0.767 0.074 -0.993 -0.0 0.103 0.051 0.613 0.0 -0.789 0.041 0.992 -0.0 0.109 0.058 
-0.67 0.013 -0.037 -0.741 -0.984 -0.0 -0.173 0.049 -0.979 -0.0 0.122 -0.163 0.985 0.0 -0.147 0.09 0.986 0.0 0.094 -0.138 -0.637 -0.0 -0.767 0.074 -0.993 -0.0 0.103 0.051 0.613 0.0 -0.789 0.041 0.992 0.0 0.109 0.058 
-0.67 0.013 -0.037 -0.741 -0.985 -0.0 -0.168 0.05 -0.979 -0.0 0.125 -0.162 0.986 -0.0 -0.142 0.092 0.986 0.0 0.096 -0.138 -0.637 -0.0 -0.767 0.074 -0.993 -0.0 0.103 0.051 0.613 0.0 -0.789 0.041 0.992 -0.0 0.109 0.057 
-0.67 0.013 -0.036 -0.741 -0.985 -0.0 -0.162 0.051 -0.979 0.0 0.128 -0.16 0.986 0.0 -0.138 0.093 0.985 -0.0 0.1 -0.139 -0.637 -0.0 -0.767 0.074 -0.993 0.0 0.103 0.051 0.613 -0.0 -0.789 0.041 0.992 0.0 0.109 0.058 
-0.67 0.013 -0.037 -0.741 -0.986 -0.0 -0.157 0.052 -0.979 -0.0 0.131 -0.159 0.987 -0.0 -0.133 0.094 0.985 0.0 0.102 -0.137 -0.637 0.0 -0.767 0.074 -0.993 -0.0 0.103 0.051 0.613 0.0 -0.789 0.041 0.992 -0.0 0.109 0.058 
-0.67 0.013 -0.037 -0.742 -0.987 -0.0 -0.151 0.053 -0.978 -0.0 0.135 -0.156 0.987 -0.0 -0.128 0.093 0.985 0.0 0.105 -0.134 -0.637 0.0 -0.767 0.074 -0.993 -0.0 0.103 0.051 0.613 0.0 -0.789 0.041 0.992 0.0 0.109 0.058 
-0.67 0.013 -0.037 -0.742 -0.988 0.0 -0.145 0.053 -0.978 0.0 0.138 -0.154 0.988 0.0 -0.123 0.094 0.985 -0.0 0.107 -0.136 -0.637 0.0 -0.767 0.074 -0.993 -0.0 0.103 0.051 0.612 0.0 -0.789 0.041 0.992 0.0 0.109 0.058 
-0.67 0.013 -0.037 -0.742 -0.989 -0.0 -0.139 0.053 -0.978 -0.0 0.14 -0.152 0.989 0.0 -0.118 0.093 0.985 -0.0 0.109 -0.133 -0.637 -0.0 -0.767 0.074 -0.993 -0.0 0.103 0.051 0.612 0.0 -0.789 0.041 0.992 0.0 0.109 0.058 
-0.669 0.013 -0.037 -0.742 -0.99 -0.0 -0.134 0.052 -0.978 0.0 0.143 -0.149 0.989 0.0 -0.113 0.092 0.985 0.0 0.111 -0.132 -0.636 0.0 -0.768 0.075 -0.993 -0.0 0.103 0.051 0.613 0.0 -0.789 0.042 0.992 0.0 0.109 0.058 
-0.669 0.013 -0.037 -0.742 -0.991 -0.0 -0.127 0.051 -0.978 -0.0 0.146 -0.147 0.99 0.0 -0.108 0.092 0.985 0.0 0.113 -0.132 -0.637 -0.0 -0.767 0.075 -0.993 -0.0 0.103 0.051 0.612 0.0 -0.789 0.042 0.992 -0.0 0.109 0.058 
-0.669 0.013 -0.037 -0.742 -0.991 -0.0 -0.121 0.051 -0.978 -0.0 0.148 -0.146 0.99 0.0 -0.104 0.092 0.985 0.0 0.115 -0.13 -0.637 -0.0 -0.767 0.075 -0.993 -0.0 0.103 0.051 0.613 -0.0 -0.789 0.042 0.992 0.0 0.109 0.058 
-0.668 0.013 -0.037 -0.743 -0.992 -0.0 -0.115 0.05 -0.978 -0.0 0.15 -0.144 0.991 0.0 -0.099 0.092 0.984 0.0 0.117 -0.131 -0.637 0.0 -0.767 0.075 -0.993 -0.0 0.103 0.051 0.612 0.0 -0.789 0.041 0.992 0.0 0.109 0.058 
-0.668 0.013 -0.037 -0.743 -0.993 0.0 -0.108 0.049 -0.978 -0.0 0.152 -0.144 0.992 0.0 -0.093 0.09 0.984 0.0 0.119 -0.133 -0.637 -0.0 -0.767 0.076 -0.993 0.0 0.103 0.051 0.612 0.0 -0.789 0.042 0.992 0.0 0.109 0.058 
-0.668 0.013 -0.037 -0.743 -0.994 0.0 -0.102 0.049 -0.978 -0.0 0.153 -0.143 0.992 0.0 -0.088 0.089 0.984 0.0 0.119 -0.131 -0.637 -0.0 -0.767 0.075 -0.993 -0.0 0.103 0.051 0.612 -0.0 -0.79 0.041 0.992 0.0 0.109 0.058 
-0.668 0.013 -0.038 -0.743 -0.994 -0.0 -0.095 0.047 -0.978 -0.0 0.154 -0.143 0.993 0.0 -0.082 0.085 0.984 -0.0 0.121 -0.129 -0.637 0.0 -0.767 0.076 -0.993 -0.0 0.103 0.051 0.612 0.0 -0.79 0.042 0.992 -0.0 0.11 0.058 
-0.667 0.013 -0.037 -0.744 -0.995 -0.0 -0.087 0.048 -0.978 -0.0 0.153 -0.145 0.993 -0.0 -0.078 0.085 0.984 0.0 0.123 -0.131 -0.637 -0.0 -0.767 0.076 -0.993 -0.0 0.103 0.052 0.612 0.0 -0.79 0.041 0.992 0.0 0.11 0.058 
-0.667 0.013 -0.037 -0.744 -0.996 0.0 -0.08 0.047 -0.977 -0.0 0.153 -0.145 0.994 0.0 -0.073 0.083 0.983 -0.0 0.125 -0.132 -0.637 -0.0 -0.767 0.076 -0.993 -0.0 0.103 0.052 0.612 0.0 -0.79 0.041 0.992 0.0 0.109 0.058 
-0.667 0.013 -0.038 -0.744 -0.996 -0.0 -0.074 0.046 -0.977 0.0 0.154 -0.145 0.995 -0.0 -0.066 0.078 0.984 0.0 0.127 -0.127 -0.637 -0.0 -0.767 0.076 -0.993 -0.0 0.103 0.052 0.612 0.0 -0.79 0.041 0.992 0.0 0.109 0.058 
-0.666 0.013 -0.038 -0.745 -0.997 -0.0 -0.068 0.039 -0.979 -0.0 0.156 -0.134 0.995 0.0 -0.061 0.078 0.983 0.0 0.128 -0.134 -0.637 0.0 -0.767 0.076 -0.993 -0.0 0.103 0.052 0.612 -0.0 -0.789 0.041 0.992 0.0 0.109 0.059 
-0.666 0.014 -0.038 -0.745 -0.997 -0.0 -0.061 0.043 -0.977 -0.0 0.155 -0.145 0.996 0.0 -0.058 0.074 0.983 0.0 0.13 -0.13 -0.637 -0.0 -0.767 0.076 -0.993 -0.0 0.103 0.053 0.612 0.0 -0.789 0.042 0.992 -0.0 0.11 0.058 
-0.666 0.014 -0.039 -0.745 -0.998 -0.0 -0.055 0.041 -0.977 -0.0 0.155 -0.145 0.996 -0.0 -0.052 0.068 0.983 -0.0 0.131 -0.129 -0.637 0.0 -0.767 0.077 -0.993 -0.0 0.103 0.052 0.612 -0.0 -0.789 0.043 0.992 0.0 0.11 0.058 
-0.665 0.014 -0.038 -0.745 -0.998 0.0 -0.049 0.038 -0.977 -0.0 0.157 -0.144 0.997 -0.0 -0.048 0.068 0.982 0.0 0.134 -0.132 -0.637 -0.0 -0.767 0.076 -0.993 -0.0 0.103 0.053 0.612 0.0 -0.789 0.042 0.992 0.0 0.11 0.058 
-0.665 0.014 -0.038 -0.746 -0.998 -0.0 -0.044 0.037 -0.977 -0.0 0.158 -0.145 0.997 0.0 -0.043 0.064 0.982 0.0 0.136 -0.133 -0.636 0.0 -0.768 0.077 -0.993 -0.0 0.104 0.053 0.613 0.0 -0.789 0.042 0.992 0.0 0.11 0.058 
-0.665 0.014 -0.038 -0.746 -0.999 -0.0 -0.039 0.034 -0.977 0.0 0.159 -0.145 0.997 -0.0 -0.04 0.065 0.981 0.0 0.138 -0.135 -0.637 0.0 -0.767 0.075 -0.993 -0.0 0.103 0.053 0.612 0.0 -0.79 0.041 0.992 0.0 0.11 0.059 
-0.665 0.014 -0.038 -0.746 -0.999 -0.0 -0.034 0.026 -0.978 -0.0 0.162 -0.134 0.998 0.0 -0.037 0.058 0.981 -0.0 0.142 -0.131 -0.637 -0.0 -0.767 0.076 -0.993 -0.0 0.103 0.053 0.612 0.0 -0.79 0.041 0.992 0.0 0.11 0.059 
-0.664 0.014 -0.039 -0.746 -0.999 -0.0 -0.029 0.028 -0.976 -0.0 0.162 -0.145 0.998 0.0 -0.032 0.052 0.981 0.0 0.144 -0.131 -0.637 -0.0 -0.767 0.076 -0.993 -0.0 0.103 0.053 0.612 0.0 -0.789 0.042 0.992 0.0 0.11 0.059 
-0.664 0.015 -0.039 -0.746 -0.999 -0.0 -0.025 0.025 -0.976 0.0 0.163 -0.145 0.998 0.0 -0.028 0.048 0.981 -0.0 0.143 -0.133 -0.637 -0.0 -0.767 0.077 -0.993 -0.0 0.104 0.053 0.612 0.0 -0.789 0.043 0.992 0.0 0.11 0.059 
-0.664 0.015 -0.039 -0.746 -1.0 0.0 -0.02 0.022 -0.976 -0.0 0.164 -0.146 0.999 0.0 -0.025 0.042 0.981 -0.0 0.147 -0.13 -0.637 -0.0 -0.767 0.078 -0.993 0.0 0.103 0.053 0.612 0.0 -0.789 0.043 0.992 0.0 0.11 0.059 
-0.664 0.015 -0.039 -0.747 -1.0 -0.0 -0.017 0.018 -0.975 -0.0 0.165 -0.146 0.999 0.0 -0.021 0.041 0.981 0.0 0.145 -0.132 -0.637 -0.0 -0.767 0.077 -0.993 -0.0 0.103 0.053 0.612 0.0 -0.789 0.043 0.992 0.0 0.11 0.059 
-0.664 0.015 -0.039 -0.747 -1.0 -0.0 -0.013 0.014 -0.975 -0.0 0.166 -0.146 0.999 0.0 -0.019 0.04 0.98 -0.0 0.148 -0.136 -0.637 -0.0 -0.767 0.077 -0.993 0.0 0.103 0.053 0.612 0.0 -0.789 0.042 0.992 -0.0 0.11 0.058 
-0.664 0.015 -0.039 -0.747 -1.0 -0.0 -0.01 0.009 -0.975 -0.0 0.169 -0.144 0.999 -0.0 -0.016 0.035 0.979 0.0 0.15 -0.137 -0.637 0.0 -0.767 0.077 -0.993 -0.0 0.103 0.053 0.612 0.0 -0.789 0.042 0.992 0.0 0.11 0.059 
-0.664 0.014 -0.039 -0.747 -1.0 -0.0 -0.007 0.004 -0.975 -0.0 0.169 -0.144 0.999 -0.0 -0.014 0.034 0.979 0.0 0.152 -0.139 -0.637 -0.0 -0.767 0.076 -0.993 -0.0 0.103 0.053 0.612 0.0 -0.79 0.041 0.992 0.0 0.11 0.059 
-0.664 0.014 -0.039 -0.747 -1.0 0.0 -0.004 -0.0 -0.975 -0.0 0.169 -0.145 0.999 0.0 -0.012 0.03 0.978 0.0 0.154 -0.14 -0.637 -0.0 -0.767 0.076 -0.993 -0.0 0.103 0.053 0.612 0.0 -0.79 0.041 0.992 0.0 0.11 0.059 
-0.664 0.014 -0.039 -0.747 -1.0 0.0 -0.001 -0.005 -0.975 0.0 0.169 -0.147 1.0 0.0 -0.01 0.025 0.978 0.0 0.156 -0.141 -0.637 -0.0 -0.767 0.076 -0.993 -0.0 0.103 0.053 0.612 0.0 -0.79 0.041 0.992 0.0 0.11 0.059 
-0.664 0.014 -0.039 -0.747 -1.0 -0.0 0.001 -0.011 -0.975 -0.0 0.169 -0.146 1.0 0.0 -0.01 0.022 0.977 0.0 0.16 -0.145 -0.637 -0.0 -0.767 0.076 -0.993 -0.0 0.103 0.053 0.612 -0.0 -0.79 0.041 0.992 0.0 0.11 0.059 
-0.664 0.015 -0.04 -0.747 -1.0 -0.0 0.003 -0.016 -0.975 -0.0 0.168 -0.147 1.0 0.0 -0.009 0.014 0.976 0.0 0.162 -0.143 -0.637 0.0 -0.767 0.077 -0.993 -0.0 0.103 0.053 0.612 0.0 -0.789 0.042 0.992 -0.0 0.11 0.059 
-0.664 0.015 -0.039 -0.747 -1.0 -0.0 0.005 -0.021 -0.975 0.0 0.168 -0.148 1.0 0.0 -0.007 0.01 0.976 0.0 0.163 -0.143 -0.637 -0.0 -0.767 0.076 -0.993 -0.0 0.103 0.053 0.612 0.0 -0.789 0.041 0.992 -0.0 0.11 0.059 
-0.664 0.015 -0.039 -0.747 -1.0 -0.0 0.007 -0.026 -0.975 -0.0 0.167 -0.149 1.0 0.0 -0.006 0.005 0.976 -0.0 0.165 -0.144 -0.637 -0.0 -0.767 0.076 -0.993 -0.0 0.103 0.053 0.613 0.0 -0.789 0.041 0.992 0.0 0.11 0.059 
-0.664 0.016 -0.04 -0.746 -0.999 -0.0 0.008 -0.032 -0.975 -0.0 0.166 -0.15 1.0 0.0 -0.005 -0.007 0.976 -0.0 0.166 -0.139 -0.637 -0.0 -0.767 0.078 -0.993 -0.0 0.103 0.053 0.612 -0.0 -0.789 0.043 0.992 -0.0 0.11 0.059 
-0.664 0.015 -0.04 -0.746 -0.999 -0.0 0.009 -0.037 -0.974 -0.0 0.166 -0.151 1.0 0.0 -0.005 -0.007 0.975 0.0 0.168 -0.144 -0.637 -0.0 -0.767 0.076 -0.993 -0.0 0.103 0.053 0.612 0.0 -0.789 0.041 0.992 0.0 0.11 0.059 
-0.664 0.015 -0.04 -0.746 -0.999 -0.0 0.01 -0.044 -0.975 -0.0 0.165 -0.152 1.0 0.0 -0.005 -0.013 0.975 0.0 0.17 -0.144 -0.637 0.0 -0.767 0.076 -0.993 0.0 0.103 0.053 0.612 0.0 -0.79 0.041 0.992 -0.0 0.11 0.059 
-0.664 0.015 -0.04 -0.746 -0.999 -0.0 0.011 -0.049 -0.975 -0.0 0.164 -0.153 1.0 0.0 -0.004 -0.019 0.975 0.0 0.17 -0.145 -0.637 -0.0 -0.767 0.076 -0.993 -0.0 0.103 0.053 0.612 0.0 -0.79 0.041 0.992 0.0 0.11 0.059 
-0.665 0.015 -0.04 -0.746 -0.998 -0.0 0.011 -0.056 -0.975 -0.0 0.164 -0.153 1.0 0.0 -0.004 -0.024 0.975 0.0 0.171 -0.145 -0.637 -0.0 -0.767 0.076 -0.993 -0.0 0.103 0.053 0.612 0.0 -0.79 0.041 0.992 -0.0 0.11 0.059 
-0.665 0.015 -0.04 -0.746 -0.998 -0.0 0.011 -0.062 -0.975 -0.0 0.163 -0.154 1.0 0.0 -0.004 -0.03 0.974 0.0 0.171 -0.146 -0.637 -0.0 -0.767 0.076 -0.993 -0.0 0.103 0.053 0.612 0.0 -0.79 0.041 0.992 -0.0 0.111 0.059 
-0.665 0.015 -0.04 -0.746 -0.998 -0.0 0.011 -0.067 -0.974 -0.0 0.162 -0.158 0.999 0.0 -0.005 -0.038 0.974 0.0 0.174 -0.144 -0.637 -0.0 -0.768 0.076 -0.993 0.0 0.103 0.053 0.612 0.0 -0.79 0.04 0.992 0.0 0.111 0.059 
-0.665 0.015 -0.04 -0.746 -0.997 -0.0 0.011 -0.074 -0.974 0.0 0.162 -0.156 0.999 0.0 -0.004 -0.042 0.974 0.0 0.17 -0.147 -0.637 0.0 -0.768 0.075 -0.993 -0.0 0.103 0.053 0.612 -0.0 -0.79 0.04 0.992 0.0 0.111 0.06 
-0.665 0.015 -0.04 -0.746 -0.997 -0.0 0.01 -0.079 -0.974 -0.0 0.161 -0.159 0.999 0.0 -0.005 -0.049 0.974 0.0 0.17 -0.147 -0.637 -0.0 -0.768 0.075 -0.993 -0.0 0.103 0.053 0.612 0.0 -0.79 0.04 0.992 0.0 0.111 0.059 
-0.665 0.015 -0.04 -0.746 -0.996 -0.0 0.009 -0.085 -0.974 -0.0 0.16 -0.16 0.998 -0.0 -0.006 -0.056 0.974 0.0 0.17 -0.149 -0.637 -0.0 -0.768 0.076 -0.993 0.0 0.103 0.053 0.612 0.0 -0.79 0.04 0.992 0.0 0.111 0.06 
-0.665 0.015 -0.04 -0.746 -0.996 -0.0 0.008 -0.091 -0.974 0.0 0.16 -0.16 0.998 0.0 -0.007 -0.062 0.974 0.0 0.17 -0.149 -0.637 -0.0 -0.768 0.075 -0.993 -0.0 0.103 0.053 0.612 0.0 -0.79 0.04 0.992 0.0 0.111 0.06 
-0.665 0.015 -0.04 -0.746 -0.995 0.0 0.007 -0.096 -0.974 -0.0 0.158 -0.164 0.998 0.0 -0.007 -0.067 0.974 -0.0 0.168 -0.151 -0.637 0.0 -0.768 0.075 -0.993 -0.0 0.103 0.053 0.612 0.0 -0.79 0.039 0.992 0.0 0.111 0.06 
-0.665 0.015 -0.04 -0.746 -0.995 -0.0 0.005 -0.102 -0.974 0.0 0.158 -0.164 0.997 -0.0 -0.008 -0.074 0.974 0.0 0.167 -0.151 -0.637 -0.0 -0.768 0.074 -0.993 -0.0 0.103 0.053 0.612 0.0 -0.79 0.038 0.992 0.0 0.111 0.06 
-0.665 0.015 -0.04 -0.746 -0.994 -0.0 0.003 -0.108 -0.973 -0.0 0.158 -0.165 0.997 0.0 -0.009 -0.08 0.974 0.0 0.166 -0.153 -0.637 -0.0 -0.768 0.074 -0.993 -0.0 0.103 0.054 0.612 0.0 -0.79 0.038 0.992 0.0 0.111 0.06 
-0.665 0.015 -0.04 -0.746 -0.994 -0.0 0.001 -0.114 -0.973 -0.0 0.158 -0.166 0.996 0.0 -0.011 -0.088 0.974 0.0 0.165 -0.154 -0.637 -0.0 -0.768 0.074 -0.993 -0.0 0.103 0.054 0.612 0.0 -0.79 0.038 0.992 0.0 0.111 0.06 
-0.665 0.015 -0.04 -0.746 -0.993 -0.0 -0.001 -0.119 -0.973 -0.0 0.158 -0.167 0.996 0.0 -0.012 -0.093 0.975 0.0 0.162 -0.155 -0.637 -0.0 -0.768 0.073 -0.993 -0.0 0.103 0.054 0.612 0.0 -0.79 0.037 0.992 0.0 0.111 0.061 
-0.665 0.015 -0.04 -0.746 -0.992 -0.0 -0.003 -0.124 -0.973 -0.0 0.157 -0.17 0.995 0.0 -0.013 -0.102 0.975 0.0 0.161 -0.152 -0.637 0.0 -0.768 0.073 -0.993 -0.0 0.103 0.054 0.612 0.0 -0.79 0.037 0.992 0.0 0.111 0.061 
-0.665 0.015 -0.04 -0.746 -0.991 -0.0 -0.005 -0.13 -0.973 0.0 0.157 -0.17 0.994 0.0 -0.016 -0.109 0.975 0.0 0.161 -0.153 -0.637 -0.0 -0.768 0.072 -0.993 -0.0 0.103 0.054 0.612 0.0 -0.79 0.037 0.992 0.0 0.111 0.061 
-0.664 0.015 -0.04 -0.746 -0.991 0.0 -0.009 -0.136 -0.973 0.0 0.157 -0.17 0.993 0.0 -0.018 -0.116 0.975 0.0 0.16 -0.153 -0.636 -0.0 -0.768 0.073 -0.993 -0.0 0.103 0.054 0.612 -0.0 -0.79 0.037 0.992 0.0 0.111 0.06 
-0.664 0.015 -0.04 -0.746 -0.99 0.0 -0.011 -0.142 -0.973 -0.0 0.157 -0.17 0.992 0.0 -0.021 -0.122 0.975 0.0 0.16 -0.154 -0.636 0.0 -0.768 0.072 -0.993 -0.0 0.103 0.054 0.613 0.0 -0.79 0.036 0.992 0.0 0.111 0.06 
-0.664 0.015 -0.04 -0.747 -0.989 -0.0 -0.015 -0.147 -0.973 0.0 0.157 -0.17 0.991 0.0 -0.025 -0.128 0.975 0.0 0.161 -0.154 -0.636 -0.0 -0.768 0.072 -0.993 -0.0 0.103 0.053 0.612 0.0 -0.79 0.036 0.992 0.0 0.111 0.06 
-0.664 0.015 -0.04 -0.746 -0.988 0.0 -0.018 -0.155 -0.973 -0.0 0.158 -0.168 0.99 0.0 -0.029 -0.135 0.975 0.0 0.162 -0.154 -0.637 -0.0 -0.768 0.072 -0.993 0.0 0.102 0.054 0.612 0.0 -0.79 0.036 0.992 0.0 0.111 0.06 
-0.664 0.015 -0.041 -0.746 -0.987 -0.0 -0.022 -0.16 -0.973 -0.0 0.158 -0.168 0.989 0.0 -0.033 -0.141 0.974 0.0 0.162 -0.156 -0.637 0.0 -0.768 0.072 -0.993 -0.0 0.102 0.053 0.612 0.0 -0.79 0.037 0.992 0.0 0.111 0.06 
-0.664 0.015 -0.041 -0.747 -0.986 -0.0 -0.025 -0.166 -0.973 -0.0 0.158 -0.166 0.988 0.0 -0.037 -0.147 0.974 0.0 0.162 -0.157 -0.636 -0.0 -0.768 0.072 -0.993 -0.0 0.103 0.053 0.612 0.0 -0.79 0.037 0.992 0.0 0.111 0.06 
-0.664 0.015 -0.041 -0.747 -0.985 -0.0 -0.029 -0.172 -0.974 -0.0 0.157 -0.166 0.987 0.0 -0.04 -0.154 0.975 0.0 0.161 -0.156 -0.637 -0.0 -0.768 0.072 -0.993 -0.0 0.102 0.053 0.612 0.0 -0.79 0.037 0.992 -0.0 0.111 0.06 
-0.663 0.015 -0.041 -0.747 -0.984 -0.0 -0.033 -0.177 -0.974 -0.0 0.157 -0.164 0.986 0.0 -0.044 -0.16 0.974 0.0 0.161 -0.157 -0.636 0.0 -0.768 0.073 -0.993 -0.0 0.102 0.053 0.612 0.0 -0.79 0.037 0.992 -0.0 0.111 0.059 
-0.663 0.015 -0.041 -0.747 -0.983 0.0 -0.037 -0.182 -0.974 0.0 0.156 -0.163 0.985 0.0 -0.048 -0.166 0.974 0.0 0.161 -0.158 -0.636 -0.0 -0.768 0.072 -0.993 -0.0 0.102 0.053 0.612 0.0 -0.79 0.037 0.992 0.0 0.111 0.059 
-0.663 0.015 -0.041 -0.747 -0.981 -0.0 -0.041 -0.187 -0.974 -0.0 0.155 -0.163 0.984 0.0 -0.053 -0.172 0.974 0.0 0.16 -0.158 -0.636 -0.0 -0.768 0.072 -0.993 -0.0 0.102 0.053 0.612 0.0 -0.79 0.037 0.992 -0.0 0.111 0.059 
-0.663 0.015 -0.041 -0.748 -0.98 -0.0 -0.045 -0.192 -0.975 -0.0 0.154 -0.163 0.982 0.0 -0.057 -0.178 0.974 0.0 0.16 -0.16 -0.636 0.0 -0.768 0.072 -0.993 -0.0 0.102 0.053 0.612 0.0 -0.79 0.036 0.992 0.0 0.111 0.059 
-0.662 0.015 -0.041 -0.748 -0.979 -0.0 -0.049 -0.197 -0.975 -0.0 0.153 -0.163 0.981 0.0 -0.062 -0.183 0.974 0.0 0.16 -0.16 -0.636 -0.0 -0.768 0.072 -0.993 -0.0 0.102 0.053 0.613 0.0 -0.79 0.036 0.992 -0.0 0.11 0.059 
-0.662 0.015 -0.041 -0.748 -0.978 -0.0 -0.054 -0.201 -0.975 -0.0 0.152 -0.164 0.98 -0.0 -0.069 -0.186 0.973 0.0 0.161 -0.168 -0.636 -0.0 -0.768 0.072 -0.993 0.0 0.102 0.052 0.612 0.0 -0.79 0.036 0.992 0.0 0.111 0.059 
-0.662 0.015 -0.041 -0.748 -0.977 -0.0 -0.059 -0.206 -0.975 0.0 0.151 -0.164 0.979 0.0 -0.074 -0.191 0.973 0.0 0.16 -0.168 -0.636 0.0 -0.768 0.072 -0.993 -0.0 0.102 0.052 0.612 0.0 -0.79 0.035 0.992 0.0 0.111 0.059 
-0.662 0.015 -0.041 -0.748 -0.975 -0.0 -0.064 -0.211 -0.975 0.0 0.15 -0.164 0.977 0.0 -0.079 -0.196 0.973 0.0 0.159 -0.169 -0.636 -0.0 -0.768 0.072 -0.993 -0.0 0.102 0.052 0.612 0.0 -0.79 0.035 0.992 0.0 0.111 0.059 
-0.662 0.015 -0.041 -0.749 -0.974 -0.0 -0.07 -0.215 -0.975 -0.0 0.15 -0.164 0.976 0.0 -0.084 -0.201 0.973 0.0 0.158 -0.17 -0.636 -0.0 -0.768 0.072 -0.993 -0.0 0.102 0.052 0.613 0.0 -0.79 0.035 0.992 0.0 0.11 0.059 
-0.661 0.015 -0.041 -0.749 -0.973 -0.0 -0.076 -0.22 -0.975 -0.0 0.148 -0.165 0.975 0.0 -0.089 -0.205 0.973 0.0 0.157 -0.171 -0.636 -0.0 -0.768 0.072 -0.993 -0.0 0.102 0.052 0.613 -0.0 -0.79 0.035 0.992 0.0 0.11 0.06 
-0.661 0.015 -0.041 -0.749 -0.971 -0.0 -0.081 -0.224 -0.975 -0.0 0.146 -0.166 0.973 0.0 -0.094 -0.208 0.973 0.0 0.154 -0.173 -0.636 0.0 -0.768 0.072 -0.993 0.0 0.102 0.052 0.613 0.0 -0.79 0.034 0.992 0.0 0.11 0.06 
-0.661 0.015 -0.041 -0.749 -0.97 0.0 -0.086 -0.228 -0.975 -0.0 0.144 -0.168 0.972 0.0 -0.099 -0.211 0.973 0.0 0.152 -0.174 -0.637 -0.0 -0.768 0.072 -0.993 -0.0 0.102 0.052 0.613 0.0 -0.79 0.034 0.992 0.0 0.11 0.06 
-0.661 0.015 -0.041 -0.749 -0.969 -0.0 -0.091 -0.232 -0.975 -0.0 0.141 -0.169 0.971 0.0 -0.102 -0.215 0.974 0.0 0.146 -0.174 -0.637 0.0 -0.768 0.071 -0.993 -0.0 0.102 0.053 0.613 0.0 -0.79 0.033 0.992 -0.0 0.11 0.06 
-0.661 0.014 -0.041 -0.749 -0.967 0.0 -0.096 -0.235 -0.975 -0.0 0.138 -0.172 0.97 0.0 -0.107 -0.218 0.974 0.0 0.142 -0.175 -0.637 -0.0 -0.768 0.07 -0.993 -0.0 0.102 0.053 0.613 0.0 -0.79 0.032 0.992 0.0 0.11 0.06 
-0.661 0.014 -0.04 -0.749 -0.966 -0.0 -0.101 -0.237 -0.975 0.0 0.136 -0.174 0.969 -0.0 -0.111 -0.221 0.975 0.0 0.139 -0.176 -0.637 -0.0 -0.768 0.069 -0.993 0.0 0.102 0.053 0.613 0.0 -0.79 0.031 0.992 0.0 0.11 0.06 
-0.662 0.014 -0.04 -0.749 -0.965 -0.0 -0.106 -0.24 -0.975 -0.0 0.134 -0.177 0.968 0.0 -0.115 -0.222 0.975 0.0 0.135 -0.177 -0.636 -0.0 -0.768 0.068 -0.993 -0.0 0.102 0.053 0.613 0.0 -0.79 0.031 0.992 0.0 0.11 0.06 
-0.662 0.014 -0.04 -0.749 -0.964 -0.0 -0.112 -0.242 -0.975 0.0 0.132 -0.179 0.967 0.0 -0.119 -0.225 0.975 0.0 0.131 -0.178 -0.636 -0.0 -0.768 0.067 -0.993 -0.0 0.102 0.053 0.613 0.0 -0.79 0.03 0.992 0.0 0.11 0.06 
-0.662 0.013 -0.039 -0.748 -0.963 -0.0 -0.117 -0.245 -0.975 0.0 0.131 -0.182 0.966 0.0 -0.124 -0.227 0.976 0.0 0.128 -0.177 -0.636 -0.0 -0.769 0.066 -0.993 0.0 0.102 0.054 0.613 0.0 -0.79 0.029 0.992 0.0 0.11 0.06 
-0.663 0.013 -0.039 -0.748 -0.961 -0.0 -0.123 -0.247 -0.974 -0.0 0.129 -0.184 0.965 0.0 -0.128 -0.228 0.976 0.0 0.125 -0.177 -0.636 -0.0 -0.769 0.065 -0.993 -0.0 0.102 0.054 0.612 0.0 -0.79 0.029 0.992 0.0 0.11 0.06 
-0.663 0.013 -0.039 -0.747 -0.96 -0.0 -0.129 -0.25 -0.974 -0.0 0.128 -0.185 0.964 0.0 -0.133 -0.229 0.976 0.0 0.122 -0.178 -0.636 -0.0 -0.769 0.064 -0.993 -0.0 0.102 0.054 0.612 0.0 -0.79 0.028 0.992 0.0 0.11 0.061 
-0.664 0.013 -0.038 -0.747 -0.958 -0.0 -0.135 -0.252 -0.974 -0.0 0.127 -0.186 0.963 0.0 -0.138 -0.23 0.977 0.0 0.119 -0.178 -0.636 -0.0 -0.769 0.063 -0.993 -0.0 0.102 0.055 0.612 0.0 -0.79 0.027 0.992 0.0 0.11 0.061 
-0.664 0.012 -0.038 -0.747 -0.957 -0.0 -0.141 -0.255 -0.974 -0.0 0.125 -0.186 0.963 0.0 -0.143 -0.231 0.977 0.0 0.117 -0.178 -0.636 -0.0 -0.769 0.062 -0.993 -0.0 0.102 0.055 0.612 0.0 -0.79 0.026 0.992 0.0 0.11 0.061 
-0.665 0.012 -0.037 -0.746 -0.955 -0.0 -0.146 -0.258 -0.975 -0.0 0.123 -0.187 0.962 0.0 -0.149 -0.229 0.977 0.0 0.116 -0.18 -0.636 -0.0 -0.769 0.061 -0.993 -0.0 0.102 0.055 0.612 0.0 -0.79 0.025 0.992 0.0 0.11 0.061 
-0.665 0.012 -0.037 -0.746 -0.954 0.0 -0.152 -0.26 -0.975 -0.0 0.122 -0.187 0.961 0.0 -0.154 -0.23 0.977 0.0 0.114 -0.18 -0.636 -0.0 -0.769 0.061 -0.993 -0.0 0.102 0.055 0.612 0.0 -0.79 0.025 0.992 0.0 0.11 0.061 
-0.666 0.012 -0.037 -0.745 -0.952 0.0 -0.158 -0.262 -0.975 -0.0 0.12 -0.188 0.96 0.0 -0.16 -0.231 0.977 0.0 0.112 -0.179 -0.636 -0.0 -0.769 0.06 -0.993 -0.0 0.102 0.054 0.612 0.0 -0.79 0.025 0.992 -0.0 0.11 0.061 
-0.666 0.011 -0.037 -0.745 -0.951 -0.0 -0.165 -0.263 -0.975 0.0 0.12 -0.188 0.959 -0.0 -0.167 -0.229 0.977 0.0 0.112 -0.182 -0.636 -0.0 -0.769 0.059 -0.993 -0.0 0.102 0.054 0.613 0.0 -0.79 0.024 0.992 0.0 0.11 0.061 
-0.667 0.011 -0.036 -0.744 -0.949 -0.0 -0.171 -0.265 -0.975 -0.0 0.119 -0.189 0.958 0.0 -0.172 -0.229 0.977 0.0 0.11 -0.18 -0.636 -0.0 -0.769 0.059 -0.993 -0.0 0.102 0.055 0.613 0.0 -0.79 0.024 0.992 0.0 0.11 0.061 
-0.667 0.011 -0.036 -0.744 -0.947 -0.0 -0.178 -0.266 -0.975 -0.0 0.119 -0.189 0.957 0.0 -0.177 -0.229 0.978 0.0 0.109 -0.18 -0.636 -0.0 -0.77 0.058 -0.993 -0.0 0.102 0.054 0.613 0.0 -0.79 0.023 0.992 0.0 0.11 0.061 
-0.668 0.011 -0.036 -0.743 -0.946 -0.0 -0.185 -0.267 -0.975 -0.0 0.118 -0.19 0.957 0.0 -0.182 -0.226 0.977 0.0 0.106 -0.183 -0.635 -0.0 -0.77 0.058 -0.993 -0.0 0.102 0.054 0.613 0.0 -0.79 0.023 0.992 0.0 0.11 0.061 
-0.668 0.011 -0.035 -0.743 -0.944 0.0 -0.192 -0.268 -0.975 0.0 0.118 -0.19 0.956 0.0 -0.187 -0.225 0.978 0.0 0.105 -0.182 -0.635 -0.0 -0.77 0.058 -0.993 -0.0 0.102 0.054 0.613 0.0 -0.79 0.023 0.992 0.0 0.11 0.061 
-0.669 0.011 -0.035 -0.743 -0.942 -0.0 -0.199 -0.269 -0.975 -0.0 0.118 -0.19 0.955 0.0 -0.193 -0.224 0.978 0.0 0.104 -0.181 -0.635 -0.0 -0.77 0.058 -0.993 -0.0 0.102 0.054 0.613 0.0 -0.79 0.023 0.992 0.0 0.11 0.061 
-0.669 0.011 -0.035 -0.742 -0.941 -0.0 -0.206 -0.269 -0.975 -0.0 0.117 -0.19 0.954 0.0 -0.201 -0.222 0.977 0.0 0.109 -0.183 -0.635 -0.0 -0.77 0.058 -0.993 -0.0 0.102 0.054 0.613 0.0 -0.79 0.023 0.992 0.0 0.11 0.06 
-0.669 0.011 -0.035 -0.742 -0.939 0.0 -0.212 -0.269 -0.975 -0.0 0.116 -0.19 0.953 0.0 -0.207 -0.22 0.977 0.0 0.107 -0.183 -0.635 -0.0 -0.77 0.058 -0.993 -0.0 0.102 0.053 0.613 0.0 -0.789 0.024 0.992 0.0 0.11 0.06 
-0.67 0.011 -0.035 -0.742 -0.938 -0.0 -0.219 -0.269 -0.975 -0.0 0.115 -0.191 0.952 -0.0 -0.213 -0.219 0.978 0.0 0.107 -0.182 -0.635 -0.0 -0.77 0.058 -0.993 -0.0 0.102 0.053 0.613 0.0 -0.789 0.023 0.992 0.0 0.11 0.061 
-0.67 0.012 -0.035 -0.742 -0.937 0.0 -0.226 -0.268 -0.975 -0.0 0.114 -0.191 0.951 0.0 -0.215 -0.22 0.979 0.0 0.102 -0.176 -0.635 0.0 -0.77 0.059 -0.993 -0.0 0.102 0.053 0.614 0.0 -0.789 0.024 0.992 0.0 0.11 0.06 
-0.67 0.012 -0.035 -0.741 -0.935 -0.0 -0.232 -0.267 -0.975 -0.0 0.113 -0.192 0.95 0.0 -0.221 -0.218 0.979 0.0 0.101 -0.176 -0.635 -0.0 -0.77 0.058 -0.993 -0.0 0.102 0.053 0.614 0.0 -0.789 0.024 0.992 0.0 0.11 0.06 
-0.67 0.012 -0.035 -0.741 -0.934 0.0 -0.239 -0.265 -0.975 -0.0 0.113 -0.192 0.949 0.0 -0.228 -0.216 0.979 0.0 0.101 -0.175 -0.635 -0.0 -0.77 0.058 -0.993 -0.0 0.102 0.053 0.614 0.0 -0.789 0.025 0.992 0.0 0.11 0.06 
-0.67 0.011 -0.035 -0.741 -0.933 -0.0 -0.245 -0.263 -0.975 -0.0 0.113 -0.193 0.948 0.0 -0.236 -0.214 0.98 0.0 0.103 -0.173 -0.635 -0.0 -0.77 0.058 -0.993 -0.0 0.102 0.053 0.614 0.0 -0.789 0.024 0.992 -0.0 0.11 0.06 
-0.671 0.011 -0.035 -0.741 -0.932 -0.0 -0.252 -0.261 -0.974 -0.0 0.113 -0.194 0.947 0.0 -0.242 -0.211 0.98 0.0 0.103 -0.172 -0.635 -0.0 -0.77 0.058 -0.993 -0.0 0.102 0.053 0.614 0.0 -0.789 0.024 0.992 0.0 0.11 0.06 
-0.671 0.011 -0.035 -0.741 -0.931 -0.0 -0.259 -0.259 -0.974 -0.0 0.113 -0.194 0.946 -0.0 -0.248 -0.208 0.98 0.0 0.103 -0.172 -0.635 -0.0 -0.77 0.058 -0.993 -0.0 0.102 0.053 0.614 0.0 -0.789 0.024 0.992 -0.0 0.11 0.06 
-0.671 0.011 -0.035 -0.741 -0.929 -0.0 -0.266 -0.256 -0.974 -0.0 0.113 -0.194 0.945 0.0 -0.254 -0.205 0.98 0.0 0.102 -0.171 -0.635 -0.0 -0.77 0.057 -0.993 -0.0 0.102 0.053 0.614 0.0 -0.789 0.024 0.992 0.0 0.11 0.061 
-0.671 0.011 -0.035 -0.741 -0.928 -0.0 -0.272 -0.253 -0.974 -0.0 0.112 -0.195 0.944 -0.0 -0.26 -0.202 0.98 0.0 0.101 -0.17 -0.635 -0.0 -0.771 0.058 -0.993 -0.0 0.102 0.054 0.614 0.0 -0.789 0.024 0.992 0.0 0.11 0.061 
-0.671 0.012 -0.035 -0.741 -0.928 -0.0 -0.278 -0.25 -0.974 -0.0 0.11 -0.196 0.943 0.0 -0.266 -0.199 0.98 0.0 0.101 -0.169 -0.635 -0.0 -0.771 0.058 -0.993 -0.0 0.102 0.054 0.614 0.0 -0.789 0.024 0.992 0.0 0.11 0.061 
-0.671 0.012 -0.035 -0.741 -0.927 0.0 -0.284 -0.246 -0.975 -0.0 0.109 -0.196 0.942 0.0 -0.272 -0.196 0.981 0.0 0.101 -0.168 -0.635 -0.0 -0.771 0.057 -0.993 -0.0 0.102 0.054 0.614 -0.0 -0.789 0.024 0.992 0.0 0.11 0.061 
-0.671 0.012 -0.035 -0.741 -0.926 -0.0 -0.29 -0.243 -0.975 -0.0 0.108 -0.196 0.941 0.0 -0.277 -0.193 0.981 -0.0 0.099 -0.166 -0.635 -0.0 -0.771 0.058 -0.993 -0.0 0.102 0.054 0.614 0.0 -0.789 0.024 0.992 0.0 0.11 0.061 
-0.671 0.012 -0.035 -0.741 -0.925 -0.0 -0.295 -0.238 -0.975 -0.0 0.106 -0.197 0.941 0.0 -0.281 -0.19 0.981 0.0 0.097 -0.165 -0.635 -0.0 -0.771 0.058 -0.993 -0.0 0.102 0.054 0.614 0.0 -0.789 0.025 0.992 0.0 0.11 0.061 
-0.671 0.012 -0.035 -0.741 -0.925 -0.0 -0.301 -0.234 -0.975 0.0 0.105 -0.198 0.94 0.0 -0.286 -0.187 0.982 0.0 0.096 -0.163 -0.635 -0.0 -0.771 0.058 -0.993 -0.0 0.102 0.054 0.614 -0.0 -0.789 0.025 0.992 0.0 0.11 0.061 
-0.671 0.011 -0.036 -0.741 -0.924 0.0 -0.306 -0.229 -0.975 -0.0 0.103 -0.198 0.939 -0.0 -0.292 -0.182 0.982 0.0 0.095 -0.164 -0.635 -0.0 -0.77 0.058 -0.993 -0.0 0.102 0.055 0.614 0.0 -0.789 0.024 0.992 0.0 0.11 0.061 
-0.671 0.012 -0.035 -0.741 -0.924 -0.0 -0.311 -0.224 -0.975 -0.0 0.102 -0.199 0.939 0.0 -0.295 -0.178 0.982 0.0 0.093 -0.163 -0.635 -0.0 -0.771 0.058 -0.993 -0.0 0.102 0.055 0.614 0.0 -0.789 0.024 0.992 0.0 0.11 0.062 
-0.671 0.011 -0.035 -0.741 -0.923 -0.0 -0.316 -0.219 -0.975 -0.0 0.1 -0.199 0.938 0.0 -0.299 -0.174 0.983 0.0 0.09 -0.161 -0.635 0.0 -0.77 0.057 -0.993 0.0 0.102 0.055 0.614 0.0 -0.789 0.024 0.992 0.0 0.11 0.062 
-0.671 0.011 -0.035 -0.741 -0.923 -0.0 -0.321 -0.214 -0.975 -0.0 0.099 -0.199 0.938 0.0 -0.302 -0.17 0.983 0.0 0.087 -0.16 -0.635 -0.0 -0.77 0.057 -0.993 -0.0 0.101 0.055 0.614 0.0 -0.789 0.024 0.992 0.0 0.11 0.062 
-0.67 0.011 -0.034 -0.741 -0.922 -0.0 -0.326 -0.208 -0.975 -0.0 0.097 -0.2 0.938 0.0 -0.306 -0.165 0.983 0.0 0.085 -0.16 -0.634 -0.0 -0.771 0.056 -0.993 -0.0 0.102 0.055 0.614 0.0 -0.789 0.023 0.992 0.0 0.11 0.062 
-0.67 0.011 -0.035 -0.741 -0.922 -0.0 -0.33 -0.202 -0.975 -0.0 0.096 -0.2 0.937 0.0 -0.308 -0.162 0.984 -0.0 0.083 -0.158 -0.635 -0.0 -0.77 0.056 -0.993 -0.0 0.101 0.056 0.614 0.0 -0.789 0.023 0.992 0.0 0.11 0.062 
-0.67 0.011 -0.034 -0.741 -0.922 -0.0 -0.335 -0.195 -0.975 -0.0 0.095 -0.2 0.937 0.0 -0.311 -0.156 0.984 0.0 0.082 -0.157 -0.634 -0.0 -0.771 0.056 -0.993 -0.0 0.102 0.056 0.614 0.0 -0.789 0.022 0.992 0.0 0.11 0.063 
-0.67 0.011 -0.034 -0.742 -0.922 -0.0 -0.338 -0.188 -0.975 -0.0 0.094 -0.2 0.937 0.0 -0.314 -0.151 0.984 -0.0 0.08 -0.157 -0.635 -0.0 -0.771 0.055 -0.993 -0.0 0.101 0.056 0.614 0.0 -0.789 0.022 0.992 0.0 0.11 0.063 
-0.67 0.011 -0.034 -0.742 -0.922 -0.0 -0.342 -0.182 -0.975 -0.0 0.093 -0.201 0.937 0.0 -0.316 -0.145 0.984 0.0 0.08 -0.156 -0.634 -0.0 -0.771 0.055 -0.993 -0.0 0.101 0.057 0.614 -0.0 -0.789 0.021 0.992 0.0 0.11 0.063 
-0.67 0.01 -0.033 -0.742 -0.922 -0.0 -0.346 -0.175 -0.975 -0.0 0.092 -0.201 0.938 0.0 -0.319 -0.139 0.984 0.0 0.08 -0.156 -0.634 0.0 -0.771 0.054 -0.993 -0.0 0.101 0.057 0.614 0.0 -0.789 0.02 0.992 0.0 0.11 0.064 
-0.67 0.01 -0.032 -0.742 -0.922 0.0 -0.35 -0.168 -0.975 0.0 0.093 -0.2 0.938 0.0 -0.322 -0.131 0.984 0.0 0.081 -0.158 -0.634 -0.0 -0.771 0.052 -0.993 -0.0 0.101 0.058 0.614 0.0 -0.789 0.019 0.992 0.0 0.11 0.064 
-0.67 0.01 -0.033 -0.742 -0.922 -0.0 -0.354 -0.16 -0.975 -0.0 0.093 -0.201 0.939 0.0 -0.32 -0.128 0.985 0.0 0.077 -0.153 -0.635 -0.0 -0.771 0.053 -0.993 0.0 0.101 0.058 0.614 0.0 -0.789 0.02 0.992 0.0 0.11 0.064 
-0.67 0.01 -0.033 -0.742 -0.921 -0.0 -0.357 -0.152 -0.975 -0.0 0.093 -0.2 0.939 0.0 -0.322 -0.121 0.985 0.0 0.078 -0.154 -0.635 -0.0 -0.771 0.052 -0.993 -0.0 0.101 0.058 0.614 0.0 -0.789 0.019 0.992 -0.0 0.11 0.064 
-0.67 0.009 -0.032 -0.742 -0.922 -0.0 -0.36 -0.145 -0.975 -0.0 0.092 -0.2 0.939 0.0 -0.323 -0.114 0.985 0.0 0.079 -0.153 -0.635 0.0 -0.771 0.052 -0.993 -0.0 0.101 0.058 0.614 0.0 -0.789 0.019 0.992 0.0 0.11 0.064 
-0.67 0.009 -0.032 -0.742 -0.922 -0.0 -0.363 -0.137 -0.976 -0.0 0.093 -0.199 0.94 0.0 -0.325 -0.106 0.985 0.0 0.082 -0.155 -0.634 -0.0 -0.772 0.051 -0.993 -0.0 0.101 0.058 0.615 0.0 -0.789 0.017 0.992 0.0 0.11 0.064 
-0.67 0.01 -0.031 -0.742 -0.922 -0.0 -0.366 -0.129 -0.976 -0.0 0.092 -0.197 0.94 0.0 -0.326 -0.1 0.985 -0.0 0.083 -0.153 -0.634 -0.0 -0.772 0.051 -0.993 -0.0 0.101 0.058 0.615 0.0 -0.789 0.017 0.992 -0.0 0.11 0.064 
-0.67 0.009 -0.031 -0.742 -0.922 0.0 -0.367 -0.122 -0.976 -0.0 0.092 -0.196 0.94 0.0 -0.327 -0.091 0.984 0.0 0.085 -0.154 -0.635 -0.0 -0.771 0.05 -0.993 -0.0 0.101 0.059 0.614 -0.0 -0.789 0.017 0.992 0.0 0.11 0.064 
-0.67 0.009 -0.031 -0.741 -0.922 -0.0 -0.369 -0.115 -0.977 -0.0 0.092 -0.194 0.941 0.0 -0.328 -0.083 0.984 0.0 0.086 -0.153 -0.635 -0.0 -0.771 0.049 -0.993 -0.0 0.101 0.059 0.614 0.0 -0.789 0.017 0.992 0.0 0.11 0.064 
-0.67 0.008 -0.031 -0.741 -0.923 -0.0 -0.37 -0.109 -0.977 -0.0 0.092 -0.192 0.941 0.0 -0.329 -0.075 0.984 0.0 0.089 -0.154 -0.635 0.0 -0.771 0.049 -0.993 -0.0 0.101 0.059 0.614 0.0 -0.789 0.016 0.992 0.0 0.11 0.064 
-0.67 0.008 -0.03 -0.741 -0.923 -0.0 -0.371 -0.101 -0.977 -0.0 0.092 -0.19 0.942 0.0 -0.329 -0.067 0.984 0.0 0.089 -0.152 -0.634 0.0 -0.771 0.048 -0.993 -0.0 0.101 0.059 0.614 0.0 -0.789 0.016 0.992 -0.0 0.11 0.064 
-0.671 0.009 -0.03 -0.741 -0.923 -0.0 -0.373 -0.094 -0.978 -0.0 0.093 -0.189 0.943 0.0 -0.328 -0.06 0.984 0.0 0.09 -0.151 -0.634 0.0 -0.772 0.048 -0.993 -0.0 0.101 0.059 0.615 0.0 -0.789 0.016 0.992 0.0 0.11 0.064 
-0.671 0.008 -0.03 -0.741 -0.923 -0.0 -0.374 -0.087 -0.978 -0.0 0.094 -0.187 0.943 -0.0 -0.328 -0.053 0.985 0.0 0.092 -0.147 -0.635 -0.0 -0.771 0.048 -0.993 0.0 0.101 0.059 0.614 0.0 -0.789 0.016 0.992 0.0 0.11 0.064 
-0.671 0.008 -0.03 -0.741 -0.923 -0.0 -0.375 -0.079 -0.978 -0.0 0.095 -0.186 0.944 0.0 -0.326 -0.046 0.985 0.0 0.092 -0.145 -0.634 -0.0 -0.772 0.048 -0.993 -0.0 0.101 0.058 0.615 0.0 -0.789 0.016 0.992 0.0 0.11 0.064 
-0.671 0.008 -0.029 -0.741 -0.924 0.0 -0.375 -0.071 -0.978 0.0 0.095 -0.185 0.945 0.0 -0.324 -0.039 0.985 0.0 0.092 -0.143 -0.634 -0.0 -0.772 0.048 -0.993 -0.0 0.101 0.058 0.615 0.0 -0.789 0.015 0.992 0.0 0.109 0.064 
-0.671 0.007 -0.029 -0.741 -0.925 0.0 -0.375 -0.063 -0.978 -0.0 0.095 -0.183 0.946 0.0 -0.322 -0.03 0.986 0.0 0.091 -0.143 -0.634 -0.0 -0.772 0.047 -0.993 -0.0 0.101 0.058 0.614 0.0 -0.789 0.015 0.992 0.0 0.109 0.064 
-0.671 0.007 -0.029 -0.741 -0.926 -0.0 -0.374 -0.056 -0.979 -0.0 0.095 -0.182 0.947 0.0 -0.322 -0.024 0.986 -0.0 0.094 -0.139 -0.635 -0.0 -0.771 0.047 -0.993 -0.0 0.101 0.058 0.614 0.0 -0.789 0.014 0.992 -0.0 0.109 0.064 
-0.671 0.006 -0.029 -0.741 -0.926 -0.0 -0.373 -0.049 -0.979 -0.0 0.095 -0.181 0.948 0.0 -0.319 -0.017 0.986 0.0 0.095 -0.137 -0.635 -0.0 -0.771 0.046 -0.993 -0.0 0.101 0.058 0.614 0.0 -0.789 0.014 0.992 0.0 0.109 0.064 
-0.671 0.006 -0.029 -0.741 -0.927 -0.0 -0.372 -0.042 -0.979 -0.0 0.095 -0.18 0.948 0.0 -0.317 -0.01 0.986 -0.0 0.096 -0.138 -0.635 -0.0 -0.771 0.046 -0.993 -0.0 0.101 0.058 0.614 -0.0 -0.789 0.014 0.992 0.0 0.109 0.064 
-0.671 0.006 -0.028 -0.741 -0.928 -0.0 -0.371 -0.034 -0.979 -0.0 0.095 -0.18 0.95 0.0 -0.314 -0.002 0.986 -0.0 0.096 -0.137 -0.635 -0.0 -0.771 0.045 -0.993 -0.0 0.101 0.058 0.614 0.0 -0.789 0.013 0.992 0.0 0.109 0.064 
-0.672 0.006 -0.028 -0.74 -0.929 -0.0 -0.37 -0.026 -0.979 -0.0 0.095 -0.18 0.951 0.0 -0.31 0.006 0.986 0.0 0.094 -0.136 -0.635 -0.0 -0.771 0.044 -0.993 -0.0 0.101 0.058 0.614 0.0 -0.789 0.012 0.992 0.0 0.109 0.064 
-0.672 0.005 -0.028 -0.74 -0.929 -0.0 -0.368 -0.019 -0.979 -0.0 0.096 -0.18 0.951 -0.0 -0.308 0.012 0.987 0.0 0.096 -0.133 -0.635 -0.0 -0.771 0.043 -0.993 -0.0 0.101 0.059 0.614 0.0 -0.789 0.011 0.992 -0.0 0.109 0.064 
-0.672 0.005 -0.027 -0.74 -0.93 -0.0 -0.367 -0.011 -0.979 0.0 0.096 -0.18 0.952 0.0 -0.306 0.019 0.986 0.0 0.1 -0.134 -0.635 -0.0 -0.771 0.043 -0.993 -0.0 0.101 0.058 0.614 0.0 -0.789 0.011 0.992 -0.0 0.109 0.064 
-0.672 0.004 -0.026 -0.74 -0.931 0.0 -0.364 -0.004 -0.979 -0.0 0.095 -0.18 0.953 0.0 -0.301 0.027 0.986 -0.0 0.098 -0.135 -0.635 0.0 -0.772 0.041 -0.993 -0.0 0.101 0.059 0.614 -0.0 -0.789 0.009 0.992 0.0 0.108 0.064 
-0.672 0.004 -0.026 -0.74 -0.932 -0.0 -0.361 0.003 -0.979 -0.0 0.096 -0.179 0.954 0.0 -0.299 0.033 0.986 0.0 0.1 -0.133 -0.635 -0.0 -0.772 0.04 -0.993 -0.0 0.101 0.059 0.614 0.0 -0.789 0.008 0.992 0.0 0.108 0.064 
-0.672 0.003 -0.025 -0.74 -0.933 -0.0 -0.359 0.009 -0.979 -0.0 0.098 -0.176 0.955 0.0 -0.295 0.039 0.986 0.0 0.101 -0.132 -0.635 -0.0 -0.771 0.039 -0.993 -0.0 0.101 0.059 0.614 0.0 -0.789 0.007 0.992 -0.0 0.108 0.064 
-0.672 0.003 -0.025 -0.74 -0.935 -0.0 -0.356 0.015 -0.98 -0.0 0.098 -0.176 0.956 0.0 -0.29 0.046 0.986 0.0 0.1 -0.133 -0.635 -0.0 -0.771 0.039 -0.993 -0.0 0.101 0.059 0.614 0.0 -0.789 0.007 0.992 0.0 0.108 0.065 
-0.672 0.003 -0.025 -0.74 -0.936 -0.0 -0.352 0.021 -0.98 -0.0 0.098 -0.175 0.956 0.0 -0.287 0.052 0.986 0.0 0.102 -0.132 -0.635 0.0 -0.772 0.038 -0.993 -0.0 0.101 0.059 0.614 0.0 -0.789 0.006 0.992 -0.0 0.108 0.065 
-0.672 0.002 -0.024 -0.74 -0.937 -0.0 -0.349 0.026 -0.98 -0.0 0.099 -0.174 0.957 -0.0 -0.283 0.059 0.986 -0.0 0.102 -0.134 -0.635 -0.0 -0.772 0.037 -0.993 -0.0 0.101 0.059 0.614 0.0 -0.789 0.005 0.992 0.0 0.108 0.065 
-0.672 0.002 -0.024 -0.74 -0.938 -0.0 -0.344 0.033 -0.98 -0.0 0.099 -0.173 0.959 0.0 -0.278 0.063 0.986 -0.0 0.101 -0.132 -0.635 -0.0 -0.772 0.037 -0.993 -0.0 0.101 0.059 0.614 -0.0 -0.789 0.005 0.992 -0.0 0.108 0.065 
-0.672 0.002 -0.023 -0.74 -0.939 -0.0 -0.341 0.038 -0.98 -0.0 0.1 -0.172 0.96 0.0 -0.273 0.068 0.986 0.0 0.102 -0.131 -0.635 -0.0 -0.772 0.036 -0.993 -0.0 0.101 0.059 0.614 0.0 -0.789 0.004 0.992 0.0 0.108 0.065 
-0.672 0.002 -0.023 -0.74 -0.941 -0.0 -0.336 0.043 -0.98 -0.0 0.1 -0.172 0.96 0.0 -0.268 0.074 0.986 0.0 0.102 -0.131 -0.635 -0.0 -0.772 0.036 -0.993 -0.0 0.1 0.059 0.614 0.0 -0.789 0.004 0.992 0.0 0.108 0.064 
-0.672 0.002 -0.023 -0.74 -0.942 -0.0 -0.331 0.048 -0.98 -0.0 0.1 -0.171 0.961 0.0 -0.264 0.078 0.986 0.0 0.104 -0.131 -0.635 -0.0 -0.772 0.036 -0.993 -0.0 0.101 0.059 0.614 -0.0 -0.789 0.004 0.992 0.0 0.108 0.064 
-0.672 0.001 -0.023 -0.74 -0.944 -0.0 -0.326 0.052 -0.98 -0.0 0.101 -0.17 0.962 0.0 -0.26 0.082 0.986 0.0 0.106 -0.13 -0.635 -0.0 -0.771 0.036 -0.993 -0.0 0.1 0.059 0.614 -0.0 -0.789 0.004 0.992 0.0 0.108 0.064 
-0.672 0.001 -0.023 -0.74 -0.946 -0.0 -0.32 0.057 -0.98 0.0 0.102 -0.17 0.963 0.0 -0.255 0.086 0.986 -0.0 0.106 -0.13 -0.635 -0.0 -0.771 0.035 -0.993 -0.0 0.1 0.059 0.614 0.0 -0.79 0.004 0.992 0.0 0.108 0.064 
-0.672 0.001 -0.023 -0.74 -0.947 -0.0 -0.314 0.062 -0.98 -0.0 0.103 -0.17 0.964 0.0 -0.25 0.09 0.986 0.0 0.107 -0.129 -0.635 -0.0 -0.771 0.036 -0.993 -0.0 0.101 0.058 0.614 0.0 -0.79 0.004 0.992 0.0 0.108 0.064 
-0.672 0.0 -0.023 -0.74 -0.949 0.0 -0.31 0.064 -0.98 -0.0 0.107 -0.168 0.965 -0.0 -0.246 0.093 0.986 0.0 0.108 -0.128 -0.636 0.0 -0.771 0.035 -0.993 -0.0 0.1 0.059 0.613 0.0 -0.79 0.003 0.992 0.0 0.108 0.064 
-0.672 0.0 -0.023 -0.74 -0.95 -0.0 -0.304 0.068 -0.98 0.0 0.109 -0.168 0.965 0.0 -0.242 0.096 0.986 0.0 0.111 -0.125 -0.636 0.0 -0.771 0.035 -0.993 0.0 0.1 0.059 0.613 0.0 -0.79 0.003 0.992 -0.0 0.108 0.064 
-0.672 0.0 -0.022 -0.74 -0.952 -0.0 -0.298 0.072 -0.98 -0.0 0.111 -0.167 0.966 0.0 -0.237 0.099 0.986 0.0 0.112 -0.123 -0.636 -0.0 -0.771 0.035 -0.993 -0.0 0.1 0.058 0.613 0.0 -0.79 0.003 0.992 0.0 0.108 0.064 
-0.672 0.0 -0.022 -0.74 -0.953 0.0 -0.292 0.075 -0.98 -0.0 0.113 -0.166 0.968 0.0 -0.231 0.102 0.986 0.0 0.111 -0.124 -0.636 -0.0 -0.771 0.034 -0.993 -0.0 0.1 0.058 0.613 -0.0 -0.79 0.003 0.992 0.0 0.107 0.064 
-0.672 0.001 -0.022 -0.74 -0.955 -0.0 -0.287 0.079 -0.979 -0.0 0.116 -0.166 0.969 0.0 -0.226 0.103 0.986 0.0 0.113 -0.123 -0.635 -0.0 -0.771 0.035 -0.993 -0.0 0.101 0.058 0.614 -0.0 -0.79 0.003 0.992 -0.0 0.108 0.064 
-0.672 0.0 -0.022 -0.74 -0.956 -0.0 -0.28 0.081 -0.979 0.0 0.118 -0.165 0.97 0.0 -0.22 0.106 0.986 0.0 0.112 -0.124 -0.635 -0.0 -0.771 0.035 -0.993 -0.0 0.101 0.058 0.614 0.0 -0.79 0.003 0.992 0.0 0.108 0.064 
-0.672 0.0 -0.022 -0.741 -0.958 -0.0 -0.274 0.084 -0.979 -0.0 0.121 -0.163 0.971 0.0 -0.215 0.107 0.986 0.0 0.113 -0.123 -0.635 -0.0 -0.771 0.035 -0.993 -0.0 0.1 0.058 0.614 0.0 -0.79 0.002 0.992 -0.0 0.107 0.064 
-0.672 0.0 -0.022 -0.741 -0.96 -0.0 -0.268 0.086 -0.979 -0.0 0.123 -0.163 0.972 0.0 -0.21 0.109 0.986 0.0 0.114 -0.123 -0.636 -0.0 -0.771 0.035 -0.993 -0.0 0.1 0.058 0.614 0.0 -0.79 0.002 0.992 0.0 0.107 0.064 
-0.672 0.0 -0.022 -0.741 -0.961 -0.0 -0.261 0.087 -0.979 0.0 0.125 -0.163 0.972 0.0 -0.206 0.11 0.986 0.0 0.117 -0.121 -0.636 -0.0 -0.771 0.035 -0.993 -0.0 0.1 0.058 0.614 0.0 -0.79 0.003 0.992 0.0 0.107 0.063 
-0.672 0.0 -0.022 -0.741 -0.963 0.0 -0.254 0.088 -0.979 -0.0 0.126 -0.162 0.973 0.0 -0.201 0.11 0.986 0.0 0.118 -0.121 -0.636 -0.0 -0.771 0.035 -0.993 -0.0 0.101 0.058 0.614 0.0 -0.79 0.003 0.992 0.0 0.107 0.063 
-0.671 0.001 -0.022 -0.741 -0.965 -0.0 -0.247 0.089 -0.979 -0.0 0.127 -0.161 0.974 0.0 -0.196 0.111 0.986 0.0 0.118 -0.12 -0.636 -0.0 -0.771 0.036 -0.993 -0.0 0.1 0.058 0.614 0.0 -0.79 0.003 0.992 0.0 0.107 0.063 
-0.672 0.0 -0.022 -0.741 -0.967 -0.0 -0.24 0.089 -0.979 -0.0 0.128 -0.161 0.975 0.0 -0.191 0.112 0.985 0.0 0.119 -0.121 -0.636 -0.0 -0.771 0.036 -0.993 -0.0 0.1 0.058 0.613 0.0 -0.79 0.004 0.992 0.0 0.107 0.063 
-0.671 0.001 -0.022 -0.741 -0.968 -0.0 -0.233 0.09 -0.979 0.0 0.129 -0.161 0.976 0.0 -0.185 0.112 0.985 0.0 0.119 -0.121 -0.636 -0.0 -0.771 0.037 -0.993 0.0 0.101 0.057 0.614 0.0 -0.79 0.005 0.992 0.0 0.107 0.062 
-0.671 0.001 -0.022 -0.741 -0.97 -0.0 -0.226 0.09 -0.979 -0.0 0.13 -0.16 0.977 0.0 -0.18 0.112 0.985 0.0 0.12 -0.121 -0.636 -0.0 -0.771 0.037 -0.993 0.0 0.101 0.057 0.613 0.0 -0.79 0.005 0.992 0.0 0.107 0.062 
-0.671 0.001 -0.022 -0.741 -0.972 -0.0 -0.218 0.089 -0.978 0.0 0.131 -0.16 0.978 0.0 -0.175 0.111 0.985 0.0 0.121 -0.12 -0.636 -0.0 -0.771 0.037 -0.993 -0.0 0.101 0.057 0.613 0.0 -0.79 0.006 0.992 0.0 0.107 0.062 
-0.671 0.001 -0.022 -0.741 -0.973 -0.0 -0.211 0.089 -0.978 -0.0 0.132 -0.16 0.979 0.0 -0.17 0.11 0.985 0.0 0.122 -0.119 -0.636 -0.0 -0.771 0.038 -0.993 -0.0 0.101 0.057 0.613 0.0 -0.79 0.006 0.992 0.0 0.107 0.062 
-0.671 0.001 -0.023 -0.741 -0.975 -0.0 -0.204 0.089 -0.978 -0.0 0.133 -0.16 0.98 0.0 -0.166 0.109 0.985 0.0 0.124 -0.119 -0.636 -0.0 -0.771 0.038 -0.993 -0.0 0.101 0.057 0.613 0.0 -0.79 0.006 0.992 0.0 0.107 0.062 
-0.671 0.001 -0.023 -0.741 -0.976 -0.0 -0.197 0.088 -0.978 -0.0 0.134 -0.161 0.981 0.0 -0.161 0.108 0.985 0.0 0.125 -0.118 -0.636 -0.0 -0.77 0.039 -0.993 -0.0 0.101 0.057 0.613 -0.0 -0.79 0.007 0.992 -0.0 0.107 0.062 
-0.671 0.001 -0.023 -0.741 -0.978 -0.0 -0.191 0.087 -0.978 -0.0 0.136 -0.16 0.982 0.0 -0.156 0.106 0.985 0.0 0.126 -0.119 -0.636 -0.0 -0.77 0.039 -0.993 -0.0 0.101 0.057 0.613 0.0 -0.79 0.007 0.992 0.0 0.107 0.062 
-0.672 0.001 -0.023 -0.741 -0.979 0.0 -0.184 0.085 -0.977 -0.0 0.138 -0.16 0.983 0.0 -0.152 0.105 0.985 0.0 0.127 -0.118 -0.637 0.0 -0.77 0.039 -0.993 -0.0 0.101 0.057 0.613 -0.0 -0.79 0.007 0.992 0.0 0.107 0.062 
-0.672 0.001 -0.024 -0.74 -0.981 -0.0 -0.177 0.084 -0.977 -0.0 0.139 -0.16 0.984 0.0 -0.148 0.103 0.985 -0.0 0.128 -0.118 -0.637 0.0 -0.77 0.039 -0.993 -0.0 0.101 0.057 0.613 0.0 -0.79 0.008 0.992 0.0 0.107 0.062 
-0.671 0.002 -0.023 -0.741 -0.982 0.0 -0.171 0.083 -0.977 -0.0 0.141 -0.159 0.984 0.0 -0.144 0.102 0.984 0.0 0.131 -0.119 -0.636 -0.0 -0.77 0.04 -0.993 -0.0 0.101 0.057 0.613 0.0 -0.79 0.008 0.992 0.0 0.106 0.062 
-0.671 0.002 -0.024 -0.741 -0.983 -0.0 -0.165 0.081 -0.977 0.0 0.142 -0.16 0.986 0.0 -0.138 0.098 0.984 0.0 0.13 -0.117 -0.636 -0.0 -0.77 0.041 -0.993 -0.0 0.101 0.057 0.613 0.0 -0.79 0.009 0.992 0.0 0.106 0.062 
-0.672 0.002 -0.024 -0.741 -0.984 -0.0 -0.158 0.079 -0.977 -0.0 0.143 -0.159 0.986 0.0 -0.134 0.095 0.985 0.0 0.131 -0.117 -0.637 -0.0 -0.77 0.041 -0.993 -0.0 0.102 0.057 0.613 0.0 -0.79 0.01 0.992 0.0 0.106 0.062 
-0.672 0.003 -0.024 -0.74 -0.986 -0.0 -0.151 0.076 -0.977 0.0 0.144 -0.158 0.987 0.0 -0.13 0.092 0.984 0.0 0.131 -0.116 -0.637 -0.0 -0.77 0.042 -0.993 0.0 0.101 0.057 0.613 0.0 -0.79 0.011 0.992 0.0 0.107 0.061 
-0.672 0.003 -0.024 -0.74 -0.987 -0.0 -0.144 0.073 -0.977 -0.0 0.145 -0.159 0.988 -0.0 -0.125 0.089 0.985 0.0 0.132 -0.115 -0.637 -0.0 -0.77 0.042 -0.993 -0.0 0.101 0.057 0.613 0.0 -0.79 0.011 0.992 0.0 0.106 0.061 
-0.672 0.002 -0.025 -0.74 -0.988 -0.0 -0.137 0.07 -0.977 0.0 0.146 -0.158 0.989 0.0 -0.122 0.087 0.984 0.0 0.133 -0.116 -0.637 -0.0 -0.769 0.042 -0.993 -0.0 0.101 0.057 0.613 0.0 -0.79 0.012 0.992 0.0 0.106 0.061 
-0.672 0.002 -0.024 -0.74 -0.989 -0.0 -0.131 0.067 -0.976 -0.0 0.147 -0.158 0.989 0.0 -0.119 0.085 0.984 0.0 0.134 -0.117 -0.637 0.0 -0.77 0.042 -0.993 -0.0 0.101 0.057 0.613 0.0 -0.79 0.011 0.992 0.0 0.106 0.061 
-0.672 0.003 -0.025 -0.74 -0.99 -0.0 -0.124 0.064 -0.976 -0.0 0.147 -0.158 0.99 0.0 -0.115 0.08 0.984 0.0 0.133 -0.116 -0.637 -0.0 -0.77 0.042 -0.993 -0.0 0.101 0.057 0.613 0.0 -0.79 0.012 0.992 0.0 0.106 0.061 
-0.672 0.003 -0.025 -0.74 -0.991 -0.0 -0.118 0.061 -0.976 0.0 0.147 -0.158 0.991 0.0 -0.109 0.073 0.985 0.0 0.131 -0.113 -0.637 0.0 -0.77 0.044 -0.993 -0.0 0.101 0.057 0.613 0.0 -0.79 0.014 0.992 -0.0 0.106 0.06 
-0.672 0.004 -0.025 -0.74 -0.992 -0.0 -0.112 0.057 -0.976 -0.0 0.148 -0.158 0.992 0.0 -0.104 0.068 0.985 -0.0 0.129 -0.112 -0.637 -0.0 -0.77 0.045 -0.993 -0.0 0.102 0.057 0.614 0.0 -0.79 0.015 0.993 0.0 0.106 0.06 
-0.672 0.004 -0.026 -0.74 -0.993 -0.0 -0.105 0.054 -0.976 -0.0 0.146 -0.159 0.993 0.0 -0.1 0.063 0.986 0.0 0.128 -0.111 -0.637 -0.0 -0.769 0.045 -0.993 -0.0 0.101 0.057 0.613 0.0 -0.79 0.015 0.993 0.0 0.106 0.06 
-0.672 0.004 -0.026 -0.74 -0.994 -0.0 -0.099 0.051 -0.976 -0.0 0.146 -0.16 0.994 0.0 -0.095 0.058 0.986 0.0 0.126 -0.112 -0.637 -0.0 -0.77 0.046 -0.993 -0.0 0.102 0.057 0.614 0.0 -0.789 0.016 0.993 -0.0 0.106 0.06 
-0.672 0.004 -0.026 -0.74 -0.994 -0.0 -0.094 0.047 -0.976 0.0 0.148 -0.159 0.994 0.0 -0.091 0.054 0.986 -0.0 0.124 -0.11 -0.637 -0.0 -0.77 0.046 -0.993 -0.0 0.102 0.057 0.614 0.0 -0.789 0.016 0.992 0.0 0.106 0.06 
-0.672 0.005 -0.026 -0.74 -0.995 -0.0 -0.088 0.043 -0.976 0.0 0.148 -0.16 0.995 0.0 -0.087 0.048 0.986 0.0 0.122 -0.11 -0.637 -0.0 -0.77 0.047 -0.993 0.0 0.102 0.057 0.613 0.0 -0.79 0.017 0.992 0.0 0.107 0.06 
-0.671 0.005 -0.027 -0.741 -0.996 0.0 -0.083 0.038 -0.976 0.0 0.148 -0.159 0.996 0.0 -0.081 0.039 0.987 0.0 0.118 -0.108 -0.637 -0.0 -0.77 0.048 -0.993 -0.0 0.102 0.057 0.614 0.0 -0.789 0.019 0.992 0.0 0.107 0.06 
-0.671 0.006 -0.027 -0.741 -0.996 -0.0 -0.078 0.034 -0.976 -0.0 0.148 -0.159 0.996 0.0 -0.077 0.032 0.987 -0.0 0.117 -0.108 -0.637 0.0 -0.77 0.05 -0.993 -0.0 0.102 0.057 0.614 -0.0 -0.789 0.02 0.993 0.0 0.107 0.06 
-0.671 0.005 -0.027 -0.741 -0.997 -0.0 -0.073 0.029 -0.976 -0.0 0.149 -0.159 0.997 0.0 -0.075 0.028 0.987 0.0 0.116 -0.111 -0.637 -0.0 -0.769 0.049 -0.993 -0.0 0.102 0.057 0.613 0.0 -0.79 0.019 0.993 0.0 0.106 0.06 
-0.671 0.006 -0.028 -0.741 -0.997 0.0 -0.069 0.024 -0.976 0.0 0.15 -0.159 0.997 0.0 -0.07 0.023 0.987 0.0 0.114 -0.116 -0.637 -0.0 -0.769 0.05 -0.993 0.0 0.102 0.057 0.614 0.0 -0.789 0.02 0.993 -0.0 0.107 0.06 
-0.671 0.007 -0.029 -0.741 -0.998 -0.0 -0.065 0.018 -0.976 -0.0 0.15 -0.159 0.998 0.0 -0.065 0.013 0.987 0.0 0.11 -0.113 -0.637 -0.0 -0.769 0.052 -0.993 -0.0 0.102 0.057 0.614 0.0 -0.789 0.023 0.993 -0.0 0.107 0.059 
-0.67 0.007 -0.029 -0.742 -0.998 -0.0 -0.061 0.013 -0.976 -0.0 0.151 -0.158 0.998 0.0 -0.062 0.005 0.988 -0.0 0.109 -0.113 -0.637 -0.0 -0.769 0.054 -0.993 -0.0 0.102 0.056 0.613 0.0 -0.789 0.024 0.993 0.0 0.107 0.059 
-0.67 0.007 -0.03 -0.742 -0.998 -0.0 -0.057 0.007 -0.976 0.0 0.152 -0.159 0.998 0.0 -0.059 -0.002 0.988 0.0 0.107 -0.113 -0.637 -0.0 -0.769 0.055 -0.993 -0.0 0.102 0.056 0.613 0.0 -0.789 0.025 0.993 0.0 0.107 0.059 
-0.669 0.008 -0.03 -0.742 -0.999 0.0 -0.053 0.002 -0.975 -0.0 0.153 -0.159 0.998 -0.0 -0.057 -0.01 0.988 0.0 0.106 -0.113 -0.637 -0.0 -0.769 0.056 -0.993 -0.0 0.102 0.056 0.613 -0.0 -0.789 0.025 0.993 -0.0 0.107 0.059 
-0.669 0.007 -0.031 -0.743 -0.999 -0.0 -0.049 -0.005 -0.975 -0.0 0.153 -0.158 0.998 0.0 -0.055 -0.017 0.988 0.0 0.106 -0.113 -0.638 -0.0 -0.768 0.056 -0.993 -0.0 0.102 0.057 0.613 0.0 -0.79 0.026 0.993 0.0 0.107 0.059 
-0.669 0.008 -0.031 -0.743 -0.999 -0.0 -0.047 -0.011 -0.975 -0.0 0.154 -0.159 0.998 0.0 -0.053 -0.025 0.988 0.0 0.105 -0.114 -0.638 -0.0 -0.768 0.058 -0.993 0.0 0.102 0.057 0.613 0.0 -0.79 0.027 0.992 0.0 0.107 0.059 
-0.668 0.009 -0.032 -0.743 -0.999 -0.0 -0.044 -0.016 -0.975 -0.0 0.155 -0.16 0.998 0.0 -0.05 -0.033 0.988 -0.0 0.105 -0.114 -0.637 -0.0 -0.769 0.059 -0.993 -0.0 0.102 0.056 0.613 0.0 -0.789 0.029 0.993 0.0 0.107 0.058 
-0.668 0.009 -0.032 -0.744 -0.999 -0.0 -0.041 -0.022 -0.975 -0.0 0.155 -0.16 0.998 0.0 -0.048 -0.041 0.988 0.0 0.102 -0.114 -0.637 -0.0 -0.768 0.06 -0.993 -0.0 0.102 0.056 0.613 0.0 -0.789 0.029 0.993 0.0 0.107 0.058 
-0.667 0.009 -0.033 -0.744 -0.999 -0.0 -0.039 -0.028 -0.975 -0.0 0.156 -0.16 0.998 0.0 -0.046 -0.048 0.988 0.0 0.101 -0.114 -0.637 -0.0 -0.768 0.061 -0.993 -0.0 0.102 0.056 0.613 0.0 -0.789 0.031 0.993 0.0 0.107 0.058 
-0.667 0.01 -0.033 -0.744 -0.999 0.0 -0.038 -0.035 -0.974 -0.0 0.158 -0.16 0.997 0.0 -0.045 -0.056 0.988 0.0 0.101 -0.116 -0.637 0.0 -0.768 0.063 -0.993 -0.0 0.102 0.056 0.613 0.0 -0.789 0.032 0.993 0.0 0.107 0.058 
