0.8944271909999159 0.0 0.0 0.4472135954999579
0.888546398483439 0.0 -0.09338998971067286 0.4491810409667243
0.8709556571177985 0.0 -0.18512733984401397 0.45515284397308
0.8418100072773244 0.0 -0.2735206518503689 0.4653411271949863
0.8013688773185627 0.0 -0.35679241169572123 0.4801115468529553
0.75 0.0 -0.4330127018922193 0.5
0.6881909602355868 0.0 -0.5 0.5257311121191336
0.6165782507682417 0.0 -0.5551695506178124 0.5582275797077672
0.5360142021554596 0.0 -0.5953040810400382 0.5985831823437089
0.4477128775662593 0.0 -0.6162239102443234 0.6479361632942986
0.3535533905932739 0.0 -0.6123724356957945 0.7071067811865475
0.25667006290112676 0.0 -0.5764904000362386 0.7757443505926352
0.16245984811645323 0.0 -0.5000000000000001 0.8506508083520399
0.07982807214874067 0.0 -0.3755615518125833 0.9233531283843359
0.021389975485517992 0.0 -0.2035120224361047 0.9788387638792689
0.0 0.0 -5.66553889764798e-16 1.0
0.02138997548551789 -0.0 0.20351202243610408 0.9788387638792692
0.07982807214874038 -0.0 0.3755615518125829 0.923353128384336
0.16245984811645314 -0.0 0.4999999999999999 0.8506508083520399
0.25667006290112643 -0.0 0.5764904000362384 0.7757443505926355
0.3535533905932735 -0.0 0.6123724356957945 0.7071067811865477
0.4477128775662592 -0.0 0.6162239102443233 0.6479361632942986
0.5360142021554591 -0.0 0.5953040810400383 0.5985831823437091
0.6165782507682415 -0.0 0.5551695506178126 0.5582275797077673
0.6881909602355867 -0.0 0.5000000000000001 0.5257311121191336
0.7499999999999998 -0.0 0.4330127018922196 0.5000000000000001
0.8013688773185624 -0.0 0.35679241169572146 0.4801115468529553
0.8418100072773241 -0.0 0.27352065185036933 0.46534112719498644
0.8709556571177984 -0.0 0.18512733984401433 0.45515284397308
0.888546398483439 -0.0 0.09338998971067311 0.4491810409667243
0.8944271909999159 -0.0 5.067412041724043e-16 0.4472135954999579
