# T   LUA LFA RUA RFA LT  LS  RT  RS  
1.0 -0.011 0.028 -0.002 -0.75 -0.0 -0.661 -0.022 -0.982 -0.0 -0.104 -0.157 0.982 -0.0 -0.045 -0.184 0.316 0.0 0.671 -0.67 -0.615 -0.0 -0.788 -0.022 -0.984 -0.0 0.109 0.139 0.684 0.0 -0.729 -0.036 0.987 0.0 0.039 0.156 
1.0 -0.011 0.027 -0.001 -0.75 0.0 -0.661 -0.022 -0.982 -0.0 -0.105 -0.154 0.982 0.0 -0.043 -0.186 0.317 0.0 0.671 -0.671 -0.615 -0.0 -0.788 -0.022 -0.985 -0.0 0.107 0.136 0.684 -0.0 -0.729 -0.036 0.987 0.0 0.037 0.156 
1.0 -0.011 0.028 -0.001 -0.75 -0.0 -0.661 -0.023 -0.983 -0.0 -0.104 -0.153 0.981 0.0 -0.042 -0.188 0.318 -0.0 0.669 -0.672 -0.615 -0.0 -0.788 -0.021 -0.985 -0.0 0.106 0.133 0.684 0.0 -0.729 -0.035 0.987 -0.0 0.037 0.156 
1.0 -0.011 0.027 -0.001 -0.75 -0.0 -0.661 -0.02 -0.982 -0.0 -0.107 -0.154 0.981 -0.0 -0.041 -0.192 0.319 0.0 0.67 -0.67 -0.615 0.0 -0.789 -0.017 -0.985 -0.0 0.113 0.134 0.684 -0.0 -0.729 -0.037 0.987 0.0 0.039 0.157 
1.0 -0.011 0.027 -0.001 -0.751 -0.0 -0.661 -0.02 -0.982 0.0 -0.106 -0.154 0.98 0.0 -0.04 -0.194 0.32 0.0 0.669 -0.671 -0.615 -0.0 -0.789 -0.017 -0.985 -0.0 0.113 0.134 0.684 0.0 -0.729 -0.037 0.987 0.0 0.038 0.157 
1.0 -0.011 0.027 -0.0 -0.75 -0.0 -0.661 -0.02 -0.982 -0.0 -0.104 -0.154 0.98 0.0 -0.036 -0.196 0.321 0.0 0.671 -0.668 -0.615 -0.0 -0.789 -0.018 -0.985 -0.0 0.112 0.135 0.684 0.0 -0.728 -0.037 0.987 0.0 0.04 0.158 
1.0 -0.011 0.027 -0.0 -0.75 -0.0 -0.661 -0.02 -0.982 -0.0 -0.106 -0.153 0.979 -0.0 -0.036 -0.198 0.322 0.0 0.668 -0.671 -0.614 -0.0 -0.789 -0.017 -0.984 -0.0 0.113 0.134 0.685 0.0 -0.728 -0.038 0.987 0.0 0.038 0.159 
1.0 -0.011 0.027 -0.001 -0.75 -0.0 -0.661 -0.022 -0.983 -0.0 -0.105 -0.151 0.979 0.0 -0.035 -0.201 0.324 0.0 0.667 -0.671 -0.614 -0.0 -0.789 -0.017 -0.984 -0.0 0.113 0.134 0.684 -0.0 -0.728 -0.037 0.987 -0.0 0.038 0.158 
1.0 -0.011 0.027 -0.0 -0.75 -0.0 -0.661 -0.022 -0.983 -0.0 -0.105 -0.151 0.979 0.0 -0.033 -0.203 0.325 -0.0 0.667 -0.671 -0.614 0.0 -0.789 -0.017 -0.984 0.0 0.114 0.134 0.684 0.0 -0.728 -0.037 0.987 0.0 0.038 0.158 
1.0 -0.011 0.027 -0.0 -0.75 -0.0 -0.661 -0.022 -0.983 -0.0 -0.105 -0.151 0.978 0.0 -0.031 -0.205 0.326 0.0 0.666 -0.671 -0.614 -0.0 -0.789 -0.016 -0.985 -0.0 0.111 0.132 0.684 0.0 -0.728 -0.037 0.987 0.0 0.037 0.158 
1.0 -0.011 0.027 -0.0 -0.75 -0.0 -0.661 -0.022 -0.983 -0.0 -0.105 -0.151 0.978 0.0 -0.029 -0.208 0.327 0.0 0.666 -0.671 -0.614 0.0 -0.789 -0.016 -0.985 -0.0 0.112 0.133 0.684 0.0 -0.728 -0.037 0.987 -0.0 0.037 0.157 
1.0 -0.011 0.027 -0.0 -0.751 0.0 -0.661 -0.021 -0.983 -0.0 -0.106 -0.151 0.977 0.0 -0.027 -0.21 0.328 0.0 0.666 -0.67 -0.614 -0.0 -0.789 -0.016 -0.985 0.0 0.11 0.13 0.684 0.0 -0.728 -0.037 0.987 0.0 0.037 0.157 
1.0 -0.012 0.027 -0.0 -0.751 0.0 -0.66 -0.021 -0.983 -0.0 -0.106 -0.151 0.977 -0.0 -0.026 -0.213 0.33 0.0 0.665 -0.67 -0.614 -0.0 -0.789 -0.016 -0.985 -0.0 0.111 0.133 0.684 0.0 -0.728 -0.037 0.987 0.0 0.037 0.157 
1.0 -0.012 0.027 0.0 -0.751 -0.0 -0.66 -0.021 -0.983 -0.0 -0.105 -0.151 0.977 0.0 -0.023 -0.214 0.331 0.0 0.663 -0.671 -0.614 -0.0 -0.789 -0.016 -0.984 -0.0 0.114 0.134 0.684 0.0 -0.728 -0.037 0.987 0.0 0.037 0.158 
1.0 -0.012 0.027 0.0 -0.751 0.0 -0.66 -0.021 -0.983 -0.0 -0.106 -0.151 0.976 0.0 -0.022 -0.217 0.333 0.0 0.663 -0.671 -0.614 0.0 -0.789 -0.016 -0.984 -0.0 0.114 0.134 0.684 0.0 -0.728 -0.037 0.987 0.0 0.037 0.158 
1.0 -0.012 0.027 0.001 -0.751 -0.0 -0.66 -0.021 -0.983 -0.0 -0.105 -0.151 0.975 -0.0 -0.02 -0.221 0.335 0.0 0.664 -0.669 -0.614 -0.0 -0.789 -0.016 -0.984 -0.0 0.114 0.134 0.684 0.0 -0.728 -0.037 0.987 0.0 0.038 0.158 
1.0 -0.012 0.027 0.0 -0.751 -0.0 -0.66 -0.022 -0.983 0.0 -0.105 -0.151 0.975 -0.0 -0.017 -0.222 0.336 0.0 0.661 -0.671 -0.614 -0.0 -0.789 -0.016 -0.984 -0.0 0.114 0.134 0.684 0.0 -0.728 -0.037 0.987 0.0 0.037 0.158 
1.0 -0.012 0.027 0.001 -0.751 0.0 -0.66 -0.021 -0.983 -0.0 -0.106 -0.151 0.974 0.0 -0.016 -0.224 0.337 0.0 0.661 -0.67 -0.614 -0.0 -0.789 -0.016 -0.984 -0.0 0.114 0.134 0.684 0.0 -0.728 -0.037 0.987 0.0 0.037 0.158 
1.0 -0.012 0.027 0.001 -0.751 -0.0 -0.66 -0.022 -0.983 -0.0 -0.105 -0.151 0.974 -0.0 -0.014 -0.227 0.339 0.0 0.661 -0.67 -0.614 -0.0 -0.789 -0.016 -0.984 -0.0 0.114 0.134 0.684 0.0 -0.728 -0.037 0.987 0.0 0.037 0.158 
1.0 -0.012 0.027 0.001 -0.751 -0.0 -0.66 -0.022 -0.983 -0.0 -0.106 -0.151 0.973 0.0 -0.012 -0.23 0.341 0.0 0.661 -0.669 -0.614 0.0 -0.789 -0.016 -0.984 -0.0 0.114 0.134 0.684 0.0 -0.728 -0.037 0.987 0.0 0.037 0.158 
1.0 -0.012 0.027 0.0 -0.751 -0.0 -0.66 -0.022 -0.983 -0.0 -0.106 -0.15 0.973 0.0 -0.01 -0.231 0.342 0.0 0.659 -0.67 -0.614 -0.0 -0.789 -0.016 -0.984 -0.0 0.114 0.134 0.684 -0.0 -0.729 -0.036 0.987 0.0 0.037 0.157 
1.0 -0.012 0.027 0.001 -0.751 -0.0 -0.66 -0.022 -0.983 -0.0 -0.106 -0.151 0.972 0.0 -0.008 -0.234 0.344 -0.0 0.658 -0.67 -0.614 0.0 -0.789 -0.017 -0.984 -0.0 0.114 0.134 0.684 0.0 -0.728 -0.037 0.987 -0.0 0.037 0.157 
1.0 -0.012 0.027 0.0 -0.751 -0.0 -0.66 -0.022 -0.983 -0.0 -0.106 -0.151 0.972 0.0 -0.006 -0.236 0.346 0.0 0.656 -0.67 -0.614 -0.0 -0.789 -0.016 -0.984 -0.0 0.114 0.134 0.684 0.0 -0.729 -0.037 0.987 -0.0 0.037 0.157 
1.0 -0.012 0.027 0.0 -0.751 -0.0 -0.66 -0.022 -0.983 -0.0 -0.106 -0.151 0.971 0.0 -0.004 -0.239 0.348 0.0 0.655 -0.671 -0.614 -0.0 -0.789 -0.016 -0.984 -0.0 0.114 0.134 0.684 0.0 -0.728 -0.037 0.987 -0.0 0.037 0.157 
1.0 -0.012 0.027 0.0 -0.751 -0.0 -0.66 -0.022 -0.983 0.0 -0.106 -0.151 0.97 -0.0 -0.002 -0.241 0.35 0.0 0.654 -0.671 -0.614 -0.0 -0.789 -0.016 -0.984 -0.0 0.114 0.134 0.684 0.0 -0.729 -0.037 0.987 0.0 0.037 0.157 
1.0 -0.012 0.027 0.0 -0.751 -0.0 -0.66 -0.022 -0.983 0.0 -0.106 -0.151 0.97 0.0 -0.0 -0.244 0.352 0.0 0.653 -0.671 -0.614 -0.0 -0.789 -0.016 -0.984 -0.0 0.114 0.134 0.684 -0.0 -0.729 -0.037 0.987 0.0 0.037 0.157 
1.0 -0.012 0.027 0.0 -0.751 -0.0 -0.66 -0.022 -0.983 0.0 -0.106 -0.151 0.969 0.0 0.001 -0.246 0.354 0.0 0.649 -0.673 -0.614 0.0 -0.789 -0.016 -0.984 -0.0 0.114 0.134 0.684 0.0 -0.729 -0.037 0.987 0.0 0.037 0.157 
1.0 -0.012 0.027 0.0 -0.751 -0.0 -0.66 -0.022 -0.983 -0.0 -0.106 -0.151 0.969 -0.0 0.003 -0.249 0.356 0.0 0.648 -0.673 -0.614 -0.0 -0.789 -0.016 -0.984 -0.0 0.114 0.133 0.684 -0.0 -0.729 -0.037 0.987 0.0 0.037 0.157 
1.0 -0.012 0.027 0.0 -0.751 0.0 -0.66 -0.022 -0.983 0.0 -0.106 -0.15 0.968 0.0 0.005 -0.252 0.358 0.0 0.645 -0.675 -0.614 -0.0 -0.789 -0.016 -0.984 0.0 0.115 0.134 0.684 0.0 -0.729 -0.037 0.987 0.0 0.037 0.157 
1.0 -0.012 0.027 -0.0 -0.751 -0.0 -0.66 -0.023 -0.983 -0.0 -0.11 -0.15 0.967 0.0 0.007 -0.254 0.36 0.0 0.644 -0.675 -0.614 -0.0 -0.789 -0.017 -0.984 0.0 0.115 0.134 0.684 0.0 -0.729 -0.037 0.987 0.0 0.037 0.157 
1.0 -0.012 0.027 -0.0 -0.751 -0.0 -0.66 -0.023 -0.983 -0.0 -0.111 -0.15 0.967 0.0 0.008 -0.256 0.363 0.0 0.642 -0.676 -0.614 -0.0 -0.789 -0.017 -0.984 -0.0 0.115 0.134 0.684 -0.0 -0.729 -0.037 0.987 0.0 0.037 0.157 
1.0 -0.012 0.027 -0.0 -0.751 0.0 -0.66 -0.023 -0.982 -0.0 -0.111 -0.15 0.966 0.0 0.01 -0.259 0.364 0.0 0.639 -0.677 -0.614 -0.0 -0.789 -0.016 -0.984 -0.0 0.115 0.134 0.684 0.0 -0.729 -0.037 0.987 0.0 0.037 0.157 
1.0 -0.012 0.027 -0.0 -0.751 -0.0 -0.66 -0.023 -0.983 -0.0 -0.107 -0.151 0.965 0.0 0.012 -0.262 0.367 0.0 0.638 -0.677 -0.614 0.0 -0.789 -0.017 -0.984 -0.0 0.115 0.134 0.684 0.0 -0.729 -0.037 0.987 -0.0 0.037 0.157 
1.0 -0.012 0.027 -0.0 -0.751 -0.0 -0.66 -0.023 -0.983 -0.0 -0.107 -0.15 0.964 0.0 0.013 -0.265 0.369 -0.0 0.636 -0.678 -0.614 0.0 -0.789 -0.017 -0.984 0.0 0.115 0.134 0.684 0.0 -0.729 -0.037 0.987 0.0 0.037 0.157 
1.0 -0.012 0.027 -0.0 -0.751 -0.0 -0.66 -0.023 -0.983 -0.0 -0.107 -0.15 0.964 -0.0 0.015 -0.267 0.371 0.0 0.634 -0.679 -0.614 0.0 -0.789 -0.017 -0.984 0.0 0.115 0.134 0.684 0.0 -0.729 -0.037 0.987 -0.0 0.037 0.157 
1.0 -0.012 0.027 -0.0 -0.751 0.0 -0.66 -0.023 -0.983 -0.0 -0.107 -0.15 0.963 0.0 0.016 -0.27 0.373 0.0 0.631 -0.68 -0.614 -0.0 -0.789 -0.017 -0.984 -0.0 0.115 0.134 0.684 0.0 -0.729 -0.037 0.987 0.0 0.037 0.157 
1.0 -0.012 0.027 -0.0 -0.751 -0.0 -0.66 -0.023 -0.983 -0.0 -0.107 -0.15 0.962 0.0 0.017 -0.273 0.376 0.0 0.63 -0.68 -0.614 -0.0 -0.789 -0.017 -0.984 -0.0 0.115 0.134 0.684 0.0 -0.729 -0.037 0.987 -0.0 0.037 0.157 
1.0 -0.012 0.027 -0.0 -0.751 -0.0 -0.66 -0.023 -0.983 0.0 -0.107 -0.15 0.961 0.0 0.019 -0.276 0.378 0.0 0.628 -0.681 -0.614 0.0 -0.789 -0.017 -0.984 0.0 0.115 0.134 0.684 0.0 -0.729 -0.037 0.987 0.0 0.037 0.157 
1.0 -0.012 0.028 -0.0 -0.751 -0.0 -0.66 -0.023 -0.983 -0.0 -0.107 -0.15 0.96 0.0 0.02 -0.278 0.379 0.0 0.624 -0.683 -0.614 -0.0 -0.789 -0.017 -0.984 -0.0 0.115 0.134 0.684 0.0 -0.729 -0.037 0.987 0.0 0.037 0.157 
1.0 -0.011 0.027 0.001 -0.751 0.0 -0.66 -0.023 -0.983 -0.0 -0.107 -0.15 0.959 0.0 0.021 -0.281 0.381 -0.0 0.623 -0.684 -0.614 -0.0 -0.789 -0.018 -0.984 -0.0 0.115 0.135 0.684 0.0 -0.728 -0.039 0.987 0.0 0.036 0.158 
1.0 -0.011 0.028 0.001 -0.751 0.0 -0.66 -0.023 -0.983 -0.0 -0.107 -0.15 0.958 -0.0 0.022 -0.284 0.383 0.0 0.621 -0.684 -0.614 0.0 -0.789 -0.018 -0.984 -0.0 0.115 0.135 0.684 0.0 -0.729 -0.039 0.987 -0.0 0.036 0.158 
1.0 -0.011 0.028 0.0 -0.751 0.0 -0.66 -0.023 -0.983 -0.0 -0.108 -0.15 0.958 0.0 0.023 -0.287 0.385 0.0 0.619 -0.685 -0.614 -0.0 -0.789 -0.018 -0.984 -0.0 0.115 0.134 0.684 -0.0 -0.729 -0.038 0.987 0.0 0.037 0.157 
1.0 -0.011 0.028 0.001 -0.751 -0.0 -0.66 -0.023 -0.982 -0.0 -0.112 -0.149 0.957 0.0 0.024 -0.29 0.387 0.0 0.617 -0.685 -0.614 -0.0 -0.789 -0.018 -0.984 0.0 0.114 0.135 0.684 0.0 -0.729 -0.039 0.987 -0.0 0.036 0.158 
1.0 -0.011 0.028 0.001 -0.751 -0.0 -0.66 -0.024 -0.983 -0.0 -0.108 -0.15 0.956 0.0 0.024 -0.292 0.388 0.0 0.616 -0.686 -0.614 -0.0 -0.789 -0.018 -0.984 -0.0 0.115 0.135 0.684 0.0 -0.729 -0.04 0.987 0.0 0.036 0.158 
1.0 -0.011 0.028 0.002 -0.75 -0.0 -0.661 -0.024 -0.982 -0.0 -0.112 -0.149 0.955 0.0 0.025 -0.295 0.39 -0.0 0.615 -0.686 -0.614 -0.0 -0.789 -0.018 -0.984 -0.0 0.114 0.135 0.684 0.0 -0.728 -0.04 0.987 0.0 0.036 0.158 
1.0 -0.011 0.028 0.002 -0.75 -0.0 -0.661 -0.024 -0.982 -0.0 -0.112 -0.149 0.954 0.0 0.026 -0.297 0.391 0.0 0.613 -0.686 -0.614 -0.0 -0.789 -0.018 -0.984 -0.0 0.115 0.135 0.684 -0.0 -0.728 -0.04 0.987 0.0 0.036 0.158 
1.0 -0.011 0.028 0.002 -0.75 -0.0 -0.661 -0.024 -0.983 -0.0 -0.112 -0.148 0.954 -0.0 0.026 -0.299 0.392 0.0 0.612 -0.687 -0.614 0.0 -0.789 -0.018 -0.984 -0.0 0.115 0.135 0.684 0.0 -0.728 -0.04 0.987 0.0 0.036 0.158 
1.0 -0.011 0.028 0.003 -0.75 -0.0 -0.661 -0.024 -0.983 -0.0 -0.111 -0.149 0.953 0.0 0.027 -0.302 0.394 0.0 0.612 -0.686 -0.614 0.0 -0.789 -0.018 -0.984 -0.0 0.115 0.135 0.684 0.0 -0.728 -0.04 0.987 -0.0 0.036 0.158 
1.0 -0.011 0.028 0.003 -0.75 -0.0 -0.661 -0.024 -0.983 -0.0 -0.11 -0.15 0.952 0.0 0.027 -0.303 0.395 0.0 0.612 -0.686 -0.614 -0.0 -0.789 -0.018 -0.984 0.0 0.115 0.135 0.684 0.0 -0.728 -0.04 0.987 0.0 0.036 0.158 
1.0 -0.011 0.028 0.003 -0.75 0.0 -0.661 -0.025 -0.983 -0.0 -0.11 -0.149 0.952 0.0 0.027 -0.306 0.396 0.0 0.611 -0.686 -0.614 0.0 -0.789 -0.018 -0.984 -0.0 0.115 0.135 0.684 -0.0 -0.728 -0.04 0.987 0.0 0.036 0.158 
1.0 -0.011 0.028 0.004 -0.75 0.0 -0.661 -0.025 -0.983 -0.0 -0.11 -0.149 0.951 -0.0 0.027 -0.307 0.397 -0.0 0.61 -0.686 -0.614 -0.0 -0.789 -0.018 -0.984 -0.0 0.115 0.135 0.684 0.0 -0.728 -0.04 0.987 0.0 0.036 0.158 
1.0 -0.011 0.028 0.004 -0.75 -0.0 -0.661 -0.025 -0.983 -0.0 -0.11 -0.149 0.951 0.0 0.027 -0.309 0.398 0.0 0.609 -0.686 -0.614 -0.0 -0.789 -0.018 -0.984 -0.0 0.115 0.135 0.684 0.0 -0.728 -0.04 0.987 0.0 0.035 0.158 
1.0 -0.011 0.028 0.004 -0.75 0.0 -0.661 -0.025 -0.983 -0.0 -0.11 -0.149 0.95 0.0 0.027 -0.31 0.399 -0.0 0.608 -0.686 -0.614 -0.0 -0.789 -0.018 -0.984 -0.0 0.115 0.135 0.684 -0.0 -0.728 -0.04 0.987 0.0 0.035 0.158 
1.0 -0.011 0.028 0.005 -0.75 -0.0 -0.661 -0.025 -0.983 -0.0 -0.11 -0.15 0.95 -0.0 0.027 -0.312 0.401 0.0 0.613 -0.681 -0.614 0.0 -0.789 -0.018 -0.984 -0.0 0.115 0.135 0.684 0.0 -0.728 -0.04 0.987 -0.0 0.035 0.157 
1.0 -0.012 0.028 0.005 -0.75 -0.0 -0.661 -0.026 -0.983 -0.0 -0.109 -0.15 0.949 0.0 0.026 -0.313 0.402 0.0 0.613 -0.681 -0.614 -0.0 -0.789 -0.017 -0.984 -0.0 0.115 0.135 0.684 0.0 -0.728 -0.04 0.987 0.0 0.036 0.158 
1.0 -0.012 0.028 0.006 -0.75 0.0 -0.661 -0.026 -0.983 -0.0 -0.109 -0.15 0.949 0.0 0.025 -0.314 0.402 0.0 0.612 -0.681 -0.614 -0.0 -0.789 -0.017 -0.984 -0.0 0.115 0.135 0.684 0.0 -0.728 -0.04 0.987 0.0 0.036 0.157 
1.0 -0.012 0.028 0.006 -0.749 0.0 -0.662 -0.026 -0.983 -0.0 -0.109 -0.151 0.949 -0.0 0.025 -0.314 0.402 0.0 0.613 -0.68 -0.614 -0.0 -0.789 -0.017 -0.984 0.0 0.114 0.135 0.684 0.0 -0.728 -0.04 0.987 0.0 0.036 0.158 
1.0 -0.012 0.028 0.006 -0.749 -0.0 -0.662 -0.026 -0.983 0.0 -0.109 -0.151 0.949 0.0 0.024 -0.315 0.402 -0.0 0.612 -0.68 -0.614 0.0 -0.789 -0.017 -0.984 -0.0 0.114 0.135 0.684 0.0 -0.728 -0.04 0.987 0.0 0.036 0.158 
1.0 -0.012 0.028 0.006 -0.749 0.0 -0.662 -0.026 -0.982 0.0 -0.109 -0.151 0.949 0.0 0.023 -0.315 0.403 0.0 0.612 -0.68 -0.614 -0.0 -0.789 -0.017 -0.984 -0.0 0.114 0.135 0.684 0.0 -0.728 -0.04 0.987 0.0 0.036 0.158 
1.0 -0.012 0.028 0.006 -0.749 0.0 -0.662 -0.027 -0.982 -0.0 -0.109 -0.151 0.949 0.0 0.023 -0.315 0.402 0.0 0.612 -0.681 -0.614 0.0 -0.789 -0.017 -0.984 -0.0 0.114 0.135 0.684 0.0 -0.728 -0.04 0.987 0.0 0.036 0.157 
1.0 -0.012 0.028 0.007 -0.749 -0.0 -0.662 -0.027 -0.982 -0.0 -0.108 -0.152 0.949 0.0 0.022 -0.314 0.402 -0.0 0.612 -0.681 -0.614 -0.0 -0.789 -0.016 -0.984 -0.0 0.114 0.135 0.684 0.0 -0.728 -0.04 0.987 0.0 0.036 0.158 
1.0 -0.012 0.028 0.007 -0.749 0.0 -0.662 -0.027 -0.982 -0.0 -0.109 -0.153 0.949 0.0 0.021 -0.314 0.402 0.0 0.612 -0.681 -0.614 -0.0 -0.789 -0.016 -0.984 -0.0 0.114 0.135 0.684 0.0 -0.728 -0.04 0.987 0.0 0.036 0.157 
1.0 -0.012 0.028 0.007 -0.749 -0.0 -0.662 -0.027 -0.982 0.0 -0.109 -0.152 0.949 -0.0 0.019 -0.313 0.402 0.0 0.612 -0.681 -0.614 -0.0 -0.789 -0.016 -0.984 0.0 0.115 0.135 0.684 -0.0 -0.728 -0.04 0.987 0.0 0.036 0.157 
1.0 -0.012 0.028 0.007 -0.749 -0.0 -0.662 -0.027 -0.982 -0.0 -0.109 -0.153 0.95 0.0 0.018 -0.313 0.402 0.0 0.611 -0.682 -0.614 -0.0 -0.789 -0.016 -0.984 -0.0 0.115 0.135 0.684 0.0 -0.729 -0.039 0.987 0.0 0.036 0.157 
0.999 -0.012 0.028 0.007 -0.749 -0.0 -0.662 -0.027 -0.982 -0.0 -0.109 -0.153 0.95 -0.0 0.017 -0.312 0.401 0.0 0.612 -0.682 -0.614 -0.0 -0.789 -0.015 -0.984 -0.0 0.115 0.135 0.684 0.0 -0.729 -0.039 0.987 0.0 0.036 0.157 
0.999 -0.013 0.028 0.007 -0.749 -0.0 -0.662 -0.027 -0.982 -0.0 -0.109 -0.153 0.95 0.0 0.015 -0.311 0.402 0.0 0.614 -0.68 -0.614 -0.0 -0.789 -0.015 -0.984 0.0 0.115 0.134 0.684 0.0 -0.729 -0.039 0.987 -0.0 0.036 0.157 
0.999 -0.013 0.029 0.006 -0.749 -0.0 -0.662 -0.028 -0.982 -0.0 -0.109 -0.153 0.951 0.0 0.014 -0.309 0.4 0.0 0.612 -0.682 -0.614 -0.0 -0.789 -0.015 -0.984 -0.0 0.115 0.134 0.684 -0.0 -0.729 -0.039 0.987 0.0 0.036 0.157 
0.999 -0.013 0.029 0.006 -0.749 -0.0 -0.662 -0.027 -0.982 -0.0 -0.109 -0.153 0.951 0.0 0.013 -0.308 0.401 0.0 0.614 -0.68 -0.614 -0.0 -0.789 -0.014 -0.984 -0.0 0.116 0.134 0.684 0.0 -0.729 -0.038 0.987 0.0 0.036 0.157 
0.999 -0.013 0.029 0.006 -0.749 -0.0 -0.662 -0.027 -0.982 -0.0 -0.109 -0.153 0.952 0.0 0.012 -0.306 0.4 -0.0 0.615 -0.68 -0.614 -0.0 -0.789 -0.014 -0.984 -0.0 0.116 0.134 0.684 -0.0 -0.729 -0.038 0.987 0.0 0.036 0.157 
0.999 -0.013 0.029 0.006 -0.749 -0.0 -0.662 -0.027 -0.982 -0.0 -0.109 -0.153 0.953 0.0 0.01 -0.304 0.399 0.0 0.615 -0.68 -0.615 -0.0 -0.789 -0.014 -0.984 -0.0 0.116 0.134 0.684 -0.0 -0.729 -0.038 0.987 0.0 0.036 0.157 
0.999 -0.013 0.029 0.006 -0.749 -0.0 -0.662 -0.027 -0.982 -0.0 -0.109 -0.153 0.953 0.0 0.009 -0.302 0.398 0.0 0.616 -0.68 -0.615 -0.0 -0.789 -0.014 -0.984 -0.0 0.116 0.134 0.684 0.0 -0.729 -0.038 0.987 0.0 0.036 0.157 
0.999 -0.013 0.029 0.006 -0.749 -0.0 -0.662 -0.027 -0.982 -0.0 -0.109 -0.153 0.954 0.0 0.007 -0.3 0.398 -0.0 0.616 -0.68 -0.615 -0.0 -0.789 -0.014 -0.984 0.0 0.116 0.134 0.683 -0.0 -0.729 -0.038 0.987 0.0 0.036 0.157 
0.999 -0.013 0.029 0.005 -0.749 -0.0 -0.662 -0.027 -0.982 -0.0 -0.109 -0.153 0.954 0.0 0.006 -0.298 0.396 0.0 0.618 -0.679 -0.615 -0.0 -0.789 -0.014 -0.984 -0.0 0.116 0.134 0.683 -0.0 -0.729 -0.038 0.987 0.0 0.036 0.157 
0.999 -0.013 0.029 0.005 -0.749 -0.0 -0.662 -0.027 -0.982 -0.0 -0.11 -0.152 0.955 0.0 0.005 -0.296 0.396 0.0 0.62 -0.678 -0.615 -0.0 -0.789 -0.014 -0.984 -0.0 0.116 0.134 0.683 0.0 -0.729 -0.038 0.987 -0.0 0.036 0.158 
0.999 -0.013 0.029 0.005 -0.749 0.0 -0.662 -0.027 -0.982 -0.0 -0.11 -0.153 0.956 0.0 0.003 -0.293 0.394 0.0 0.621 -0.677 -0.615 -0.0 -0.789 -0.014 -0.984 -0.0 0.116 0.134 0.683 0.0 -0.729 -0.038 0.987 0.0 0.036 0.158 
0.999 -0.013 0.029 0.005 -0.749 -0.0 -0.662 -0.026 -0.982 -0.0 -0.11 -0.152 0.957 -0.0 0.001 -0.291 0.393 0.0 0.621 -0.678 -0.615 -0.0 -0.789 -0.013 -0.984 -0.0 0.116 0.134 0.683 -0.0 -0.729 -0.037 0.987 0.0 0.036 0.158 
0.999 -0.013 0.029 0.004 -0.749 0.0 -0.662 -0.026 -0.982 -0.0 -0.11 -0.152 0.958 0.0 -0.0 -0.288 0.392 -0.0 0.623 -0.677 -0.615 -0.0 -0.789 -0.013 -0.984 -0.0 0.116 0.134 0.683 0.0 -0.729 -0.037 0.987 0.0 0.036 0.158 
0.999 -0.014 0.029 0.004 -0.749 0.0 -0.662 -0.026 -0.982 -0.0 -0.11 -0.152 0.958 0.0 -0.002 -0.285 0.391 -0.0 0.624 -0.677 -0.615 0.0 -0.789 -0.013 -0.984 -0.0 0.116 0.134 0.683 0.0 -0.729 -0.037 0.987 0.0 0.036 0.158 
0.999 -0.014 0.029 0.003 -0.749 -0.0 -0.662 -0.026 -0.982 -0.0 -0.11 -0.152 0.96 0.0 -0.004 -0.282 0.389 0.0 0.626 -0.676 -0.615 -0.0 -0.789 -0.013 -0.984 -0.0 0.116 0.134 0.683 -0.0 -0.73 -0.036 0.987 0.0 0.036 0.158 
0.999 -0.014 0.029 0.003 -0.749 -0.0 -0.662 -0.026 -0.982 -0.0 -0.11 -0.152 0.96 0.0 -0.005 -0.278 0.387 0.0 0.622 -0.681 -0.615 -0.0 -0.789 -0.012 -0.984 -0.0 0.116 0.134 0.683 0.0 -0.73 -0.034 0.987 -0.0 0.037 0.157 
0.999 -0.014 0.029 0.003 -0.749 -0.0 -0.662 -0.025 -0.982 -0.0 -0.11 -0.152 0.961 0.0 -0.007 -0.275 0.386 0.0 0.631 -0.673 -0.615 -0.0 -0.789 -0.013 -0.984 -0.0 0.116 0.134 0.683 0.0 -0.73 -0.036 0.987 0.0 0.036 0.158 
0.999 -0.014 0.029 0.003 -0.749 -0.0 -0.662 -0.025 -0.982 -0.0 -0.11 -0.152 0.962 -0.0 -0.009 -0.272 0.384 0.0 0.633 -0.672 -0.615 -0.0 -0.789 -0.012 -0.984 -0.0 0.116 0.134 0.683 -0.0 -0.73 -0.034 0.987 -0.0 0.037 0.157 
0.999 -0.014 0.029 0.003 -0.749 -0.0 -0.662 -0.025 -0.982 -0.0 -0.11 -0.152 0.963 0.0 -0.011 -0.269 0.381 -0.0 0.629 -0.677 -0.615 -0.0 -0.789 -0.012 -0.984 -0.0 0.116 0.134 0.683 -0.0 -0.73 -0.034 0.987 -0.0 0.037 0.157 
0.999 -0.014 0.029 0.003 -0.749 -0.0 -0.662 -0.025 -0.982 -0.0 -0.11 -0.152 0.964 0.0 -0.013 -0.266 0.379 0.0 0.632 -0.676 -0.615 -0.0 -0.789 -0.012 -0.984 -0.0 0.116 0.134 0.683 0.0 -0.73 -0.034 0.987 -0.0 0.037 0.157 
0.999 -0.014 0.029 0.002 -0.749 0.0 -0.662 -0.024 -0.982 -0.0 -0.11 -0.152 0.965 0.0 -0.015 -0.262 0.378 0.0 0.634 -0.674 -0.615 -0.0 -0.789 -0.012 -0.984 0.0 0.116 0.134 0.683 0.0 -0.73 -0.033 0.987 -0.0 0.038 0.157 
0.999 -0.015 0.029 0.002 -0.749 -0.0 -0.662 -0.024 -0.982 0.0 -0.11 -0.152 0.966 0.0 -0.017 -0.259 0.376 0.0 0.638 -0.672 -0.615 -0.0 -0.789 -0.011 -0.984 0.0 0.116 0.134 0.683 0.0 -0.73 -0.033 0.987 0.0 0.038 0.157 
0.999 -0.015 0.029 0.002 -0.749 0.0 -0.663 -0.024 -0.982 0.0 -0.11 -0.152 0.967 -0.0 -0.019 -0.254 0.374 0.0 0.642 -0.669 -0.615 -0.0 -0.789 -0.011 -0.984 -0.0 0.116 0.134 0.683 0.0 -0.73 -0.033 0.987 0.0 0.038 0.157 
0.999 -0.015 0.029 0.002 -0.749 -0.0 -0.662 -0.024 -0.982 -0.0 -0.109 -0.151 0.968 0.0 -0.021 -0.251 0.372 0.0 0.646 -0.667 -0.615 -0.0 -0.789 -0.011 -0.984 -0.0 0.116 0.134 0.683 0.0 -0.73 -0.032 0.987 -0.0 0.038 0.157 
0.999 -0.015 0.028 0.002 -0.749 -0.0 -0.663 -0.024 -0.982 -0.0 -0.109 -0.151 0.969 -0.0 -0.023 -0.248 0.369 0.0 0.649 -0.665 -0.615 -0.0 -0.789 -0.01 -0.984 -0.0 0.116 0.134 0.683 0.0 -0.73 -0.032 0.987 0.0 0.038 0.158 
0.999 -0.015 0.028 0.002 -0.749 -0.0 -0.663 -0.023 -0.982 -0.0 -0.109 -0.152 0.97 0.0 -0.025 -0.243 0.367 0.0 0.652 -0.663 -0.615 0.0 -0.789 -0.01 -0.984 -0.0 0.116 0.134 0.683 -0.0 -0.73 -0.032 0.987 0.0 0.039 0.157 
0.999 -0.015 0.028 0.001 -0.749 -0.0 -0.663 -0.023 -0.982 -0.0 -0.109 -0.152 0.97 0.0 -0.028 -0.24 0.365 0.0 0.656 -0.661 -0.615 -0.0 -0.789 -0.01 -0.984 -0.0 0.116 0.134 0.683 0.0 -0.73 -0.031 0.987 0.0 0.039 0.157 
0.999 -0.016 0.028 0.001 -0.749 -0.0 -0.663 -0.023 -0.982 0.0 -0.11 -0.151 0.972 0.0 -0.03 -0.235 0.363 0.0 0.658 -0.66 -0.615 -0.0 -0.789 -0.009 -0.984 -0.0 0.116 0.134 0.683 0.0 -0.73 -0.031 0.987 -0.0 0.039 0.157 
0.999 -0.016 0.028 0.001 -0.749 0.0 -0.662 -0.023 -0.982 -0.0 -0.11 -0.151 0.972 0.0 -0.032 -0.231 0.361 0.0 0.661 -0.657 -0.615 -0.0 -0.789 -0.009 -0.984 0.0 0.116 0.134 0.683 -0.0 -0.73 -0.031 0.987 0.0 0.039 0.157 
0.999 -0.016 0.028 0.001 -0.749 -0.0 -0.662 -0.022 -0.982 -0.0 -0.11 -0.152 0.973 0.0 -0.035 -0.227 0.359 -0.0 0.666 -0.654 -0.615 -0.0 -0.789 -0.009 -0.984 -0.0 0.116 0.134 0.683 0.0 -0.73 -0.031 0.987 0.0 0.039 0.157 
0.999 -0.016 0.028 0.001 -0.749 -0.0 -0.662 -0.022 -0.982 -0.0 -0.109 -0.152 0.974 0.0 -0.037 -0.223 0.356 0.0 0.669 -0.652 -0.615 -0.0 -0.789 -0.009 -0.984 -0.0 0.116 0.134 0.683 0.0 -0.73 -0.03 0.987 -0.0 0.039 0.157 
0.999 -0.016 0.028 0.0 -0.749 -0.0 -0.662 -0.022 -0.982 0.0 -0.109 -0.152 0.975 0.0 -0.039 -0.219 0.354 0.0 0.673 -0.65 -0.615 -0.0 -0.789 -0.009 -0.984 -0.0 0.116 0.134 0.683 0.0 -0.73 -0.03 0.987 0.0 0.039 0.157 
0.999 -0.016 0.028 0.0 -0.749 -0.0 -0.662 -0.022 -0.982 -0.0 -0.109 -0.152 0.975 0.0 -0.042 -0.216 0.354 0.0 0.677 -0.646 -0.615 -0.0 -0.789 -0.009 -0.984 0.0 0.116 0.134 0.683 0.0 -0.73 -0.029 0.987 0.0 0.04 0.157 
0.999 -0.016 0.028 -0.0 -0.749 -0.0 -0.662 -0.021 -0.983 -0.0 -0.105 -0.153 0.976 0.0 -0.045 -0.212 0.352 0.0 0.68 -0.643 -0.615 -0.0 -0.789 -0.009 -0.984 -0.0 0.116 0.134 0.683 0.0 -0.73 -0.029 0.987 0.0 0.04 0.157 
0.999 -0.016 0.028 -0.0 -0.749 0.0 -0.662 -0.021 -0.983 -0.0 -0.105 -0.153 0.977 0.0 -0.047 -0.208 0.35 0.0 0.684 -0.64 -0.614 -0.0 -0.789 -0.009 -0.984 -0.0 0.116 0.134 0.683 0.0 -0.73 -0.029 0.987 0.0 0.039 0.157 
0.999 -0.016 0.028 -0.001 -0.749 -0.0 -0.662 -0.021 -0.983 -0.0 -0.105 -0.153 0.978 0.0 -0.049 -0.204 0.348 0.0 0.687 -0.638 -0.614 -0.0 -0.789 -0.009 -0.984 -0.0 0.116 0.134 0.683 0.0 -0.73 -0.029 0.987 0.0 0.04 0.157 
0.999 -0.016 0.027 -0.001 -0.749 -0.0 -0.662 -0.021 -0.983 -0.0 -0.105 -0.153 0.978 0.0 -0.051 -0.201 0.346 0.0 0.69 -0.636 -0.614 -0.0 -0.789 -0.009 -0.984 0.0 0.116 0.134 0.683 0.0 -0.73 -0.029 0.987 -0.0 0.04 0.157 
0.999 -0.016 0.027 -0.001 -0.749 -0.0 -0.662 -0.021 -0.983 0.0 -0.105 -0.152 0.979 0.0 -0.054 -0.197 0.344 0.0 0.693 -0.634 -0.614 -0.0 -0.789 -0.008 -0.984 -0.0 0.116 0.134 0.683 0.0 -0.73 -0.028 0.987 -0.0 0.04 0.157 
0.999 -0.016 0.027 -0.001 -0.749 -0.0 -0.662 -0.02 -0.982 -0.0 -0.109 -0.152 0.979 -0.0 -0.056 -0.194 0.343 0.0 0.695 -0.632 -0.614 -0.0 -0.789 -0.009 -0.984 -0.0 0.116 0.134 0.683 0.0 -0.73 -0.028 0.987 -0.0 0.04 0.157 
0.999 -0.016 0.027 -0.001 -0.749 -0.0 -0.662 -0.02 -0.983 -0.0 -0.105 -0.152 0.98 0.0 -0.058 -0.19 0.341 0.0 0.697 -0.631 -0.614 -0.0 -0.789 -0.009 -0.984 -0.0 0.116 0.134 0.683 0.0 -0.73 -0.028 0.987 0.0 0.04 0.157 
0.999 -0.016 0.027 -0.002 -0.749 -0.0 -0.662 -0.02 -0.983 -0.0 -0.105 -0.152 0.98 0.0 -0.06 -0.188 0.339 -0.0 0.7 -0.628 -0.614 -0.0 -0.789 -0.009 -0.984 -0.0 0.116 0.134 0.683 0.0 -0.73 -0.029 0.987 0.0 0.039 0.158 
0.999 -0.017 0.027 -0.002 -0.75 -0.0 -0.662 -0.02 -0.983 -0.0 -0.105 -0.152 0.981 0.0 -0.062 -0.184 0.337 0.0 0.701 -0.628 -0.614 -0.0 -0.789 -0.008 -0.984 -0.0 0.116 0.134 0.683 0.0 -0.73 -0.027 0.987 0.0 0.04 0.156 
0.999 -0.017 0.027 -0.003 -0.75 -0.0 -0.662 -0.019 -0.983 -0.0 -0.105 -0.153 0.981 0.0 -0.063 -0.181 0.336 0.0 0.702 -0.628 -0.614 -0.0 -0.789 -0.008 -0.984 -0.0 0.116 0.134 0.683 0.0 -0.73 -0.027 0.987 0.0 0.04 0.156 
1.0 -0.017 0.027 -0.003 -0.75 -0.0 -0.661 -0.019 -0.983 -0.0 -0.106 -0.152 0.982 0.0 -0.065 -0.179 0.334 0.0 0.704 -0.626 -0.614 -0.0 -0.789 -0.008 -0.984 -0.0 0.116 0.133 0.683 0.0 -0.73 -0.026 0.987 0.0 0.04 0.156 
1.0 -0.016 0.027 -0.003 -0.75 -0.0 -0.661 -0.019 -0.983 -0.0 -0.106 -0.152 0.982 0.0 -0.066 -0.177 0.333 -0.0 0.706 -0.625 -0.614 0.0 -0.789 -0.008 -0.984 -0.0 0.116 0.133 0.683 0.0 -0.73 -0.027 0.987 -0.0 0.04 0.156 
1.0 -0.016 0.027 -0.003 -0.75 0.0 -0.661 -0.018 -0.983 -0.0 -0.106 -0.152 0.982 0.0 -0.066 -0.174 0.332 -0.0 0.707 -0.624 -0.614 -0.0 -0.789 -0.009 -0.984 -0.0 0.116 0.133 0.683 0.0 -0.73 -0.027 0.987 0.0 0.04 0.156 
1.0 -0.016 0.027 -0.003 -0.75 0.0 -0.661 -0.018 -0.983 -0.0 -0.106 -0.152 0.983 0.0 -0.067 -0.173 0.331 -0.0 0.707 -0.624 -0.614 -0.0 -0.789 -0.009 -0.984 -0.0 0.116 0.133 0.683 -0.0 -0.73 -0.027 0.987 -0.0 0.04 0.157 
1.0 -0.016 0.027 -0.003 -0.751 -0.0 -0.661 -0.017 -0.983 -0.0 -0.106 -0.152 0.983 0.0 -0.067 -0.172 0.33 0.0 0.708 -0.624 -0.614 -0.0 -0.789 -0.008 -0.984 0.0 0.116 0.133 0.683 0.0 -0.73 -0.027 0.987 0.0 0.04 0.156 
1.0 -0.016 0.027 -0.004 -0.751 0.0 -0.66 -0.017 -0.983 -0.0 -0.106 -0.151 0.983 0.0 -0.067 -0.171 0.33 0.0 0.708 -0.624 -0.614 -0.0 -0.789 -0.009 -0.984 -0.0 0.116 0.133 0.683 0.0 -0.73 -0.027 0.987 0.0 0.04 0.157 
1.0 -0.016 0.027 -0.003 -0.751 -0.0 -0.66 -0.017 -0.983 -0.0 -0.106 -0.151 0.983 -0.0 -0.067 -0.17 0.328 0.0 0.709 -0.624 -0.614 -0.0 -0.789 -0.009 -0.984 -0.0 0.116 0.133 0.683 0.0 -0.73 -0.028 0.987 0.0 0.04 0.157 
1.0 -0.016 0.027 -0.003 -0.751 -0.0 -0.66 -0.016 -0.983 -0.0 -0.106 -0.151 0.983 0.0 -0.067 -0.17 0.327 0.0 0.709 -0.625 -0.614 -0.0 -0.789 -0.009 -0.984 -0.0 0.116 0.133 0.683 0.0 -0.73 -0.028 0.987 0.0 0.04 0.158 
1.0 -0.016 0.027 -0.004 -0.752 0.0 -0.659 -0.016 -0.983 0.0 -0.107 -0.15 0.983 0.0 -0.067 -0.169 0.326 0.0 0.709 -0.625 -0.614 -0.0 -0.789 -0.009 -0.984 -0.0 0.116 0.133 0.683 0.0 -0.73 -0.028 0.987 0.0 0.04 0.158 
1.0 -0.016 0.027 -0.004 -0.752 -0.0 -0.659 -0.016 -0.983 -0.0 -0.107 -0.15 0.983 -0.0 -0.067 -0.169 0.325 0.0 0.709 -0.626 -0.614 -0.0 -0.789 -0.009 -0.984 0.0 0.116 0.133 0.683 0.0 -0.73 -0.028 0.987 -0.0 0.04 0.157 
1.0 -0.016 0.027 -0.004 -0.752 0.0 -0.659 -0.016 -0.983 0.0 -0.107 -0.15 0.983 0.0 -0.066 -0.17 0.324 0.0 0.709 -0.626 -0.614 -0.0 -0.789 -0.01 -0.984 -0.0 0.115 0.134 0.683 -0.0 -0.73 -0.029 0.987 0.0 0.04 0.158 
1.0 -0.015 0.027 -0.004 -0.752 0.0 -0.658 -0.015 -0.983 -0.0 -0.107 -0.15 0.983 0.0 -0.065 -0.17 0.323 0.0 0.708 -0.627 -0.614 0.0 -0.789 -0.011 -0.984 -0.0 0.115 0.134 0.683 0.0 -0.73 -0.029 0.987 -0.0 0.04 0.157 
1.0 -0.015 0.027 -0.004 -0.753 -0.0 -0.658 -0.015 -0.983 -0.0 -0.107 -0.15 0.983 0.0 -0.064 -0.171 0.323 0.0 0.708 -0.628 -0.614 -0.0 -0.789 -0.012 -0.984 -0.0 0.115 0.135 0.683 -0.0 -0.73 -0.029 0.987 0.0 0.04 0.157 
1.0 -0.015 0.027 -0.003 -0.753 -0.0 -0.658 -0.015 -0.983 -0.0 -0.107 -0.149 0.983 -0.0 -0.063 -0.172 0.322 0.0 0.707 -0.63 -0.614 -0.0 -0.789 -0.012 -0.984 -0.0 0.115 0.135 0.683 0.0 -0.73 -0.03 0.987 0.0 0.039 0.158 
1.0 -0.015 0.027 -0.003 -0.753 -0.0 -0.658 -0.015 -0.983 -0.0 -0.107 -0.149 0.983 0.0 -0.062 -0.174 0.322 0.0 0.706 -0.631 -0.614 -0.0 -0.789 -0.013 -0.984 0.0 0.114 0.136 0.683 0.0 -0.73 -0.03 0.987 -0.0 0.039 0.157 
1.0 -0.015 0.027 -0.002 -0.753 -0.0 -0.657 -0.015 -0.983 -0.0 -0.106 -0.149 0.983 0.0 -0.06 -0.176 0.322 0.0 0.705 -0.632 -0.615 -0.0 -0.789 -0.014 -0.984 -0.0 0.113 0.136 0.683 0.0 -0.73 -0.032 0.987 0.0 0.039 0.159 
1.0 -0.014 0.027 -0.002 -0.754 -0.0 -0.657 -0.015 -0.983 -0.0 -0.106 -0.148 0.982 0.0 -0.058 -0.178 0.323 0.0 0.703 -0.633 -0.615 -0.0 -0.789 -0.015 -0.984 -0.0 0.113 0.137 0.683 0.0 -0.73 -0.032 0.987 0.0 0.039 0.158 
1.0 -0.014 0.026 -0.001 -0.754 0.0 -0.657 -0.015 -0.983 -0.0 -0.106 -0.148 0.982 0.0 -0.056 -0.18 0.323 0.0 0.702 -0.634 -0.615 -0.0 -0.789 -0.016 -0.984 0.0 0.112 0.138 0.683 0.0 -0.73 -0.032 0.987 0.0 0.04 0.158 
1.0 -0.014 0.026 -0.001 -0.754 -0.0 -0.657 -0.015 -0.983 -0.0 -0.106 -0.148 0.982 0.0 -0.053 -0.182 0.321 0.0 0.701 -0.637 -0.615 0.0 -0.789 -0.016 -0.984 0.0 0.112 0.138 0.683 0.0 -0.73 -0.033 0.987 0.0 0.04 0.158 
1.0 -0.014 0.026 -0.0 -0.754 -0.0 -0.657 -0.015 -0.983 -0.0 -0.105 -0.148 0.981 0.0 -0.05 -0.185 0.322 0.0 0.7 -0.637 -0.615 -0.0 -0.789 -0.017 -0.984 -0.0 0.111 0.139 0.683 0.0 -0.73 -0.034 0.986 0.0 0.039 0.159 
1.0 -0.014 0.026 0.0 -0.754 -0.0 -0.657 -0.015 -0.983 -0.0 -0.105 -0.148 0.981 0.0 -0.048 -0.188 0.323 0.0 0.699 -0.639 -0.615 0.0 -0.789 -0.017 -0.984 -0.0 0.111 0.139 0.683 -0.0 -0.73 -0.035 0.986 0.0 0.039 0.159 
1.0 -0.014 0.026 0.001 -0.754 -0.0 -0.656 -0.015 -0.983 0.0 -0.105 -0.148 0.981 0.0 -0.046 -0.191 0.323 0.0 0.697 -0.64 -0.615 0.0 -0.789 -0.017 -0.984 0.0 0.111 0.139 0.683 0.0 -0.73 -0.035 0.986 -0.0 0.04 0.159 
1.0 -0.013 0.026 0.002 -0.754 -0.0 -0.656 -0.015 -0.983 -0.0 -0.104 -0.148 0.98 0.0 -0.044 -0.195 0.324 0.0 0.695 -0.641 -0.615 -0.0 -0.788 -0.017 -0.984 -0.0 0.111 0.139 0.683 0.0 -0.73 -0.036 0.986 0.0 0.04 0.159 
1.0 -0.013 0.026 0.002 -0.755 -0.0 -0.656 -0.016 -0.983 -0.0 -0.104 -0.148 0.979 -0.0 -0.042 -0.198 0.325 0.0 0.694 -0.642 -0.615 -0.0 -0.789 -0.017 -0.984 -0.0 0.111 0.139 0.683 0.0 -0.73 -0.036 0.986 0.0 0.04 0.159 
1.0 -0.013 0.027 0.003 -0.755 -0.0 -0.656 -0.016 -0.984 -0.0 -0.104 -0.148 0.979 0.0 -0.04 -0.202 0.326 0.0 0.692 -0.644 -0.615 -0.0 -0.789 -0.018 -0.984 -0.0 0.111 0.139 0.683 0.0 -0.73 -0.037 0.986 0.0 0.04 0.159 
1.0 -0.013 0.026 0.004 -0.755 0.0 -0.656 -0.016 -0.984 -0.0 -0.104 -0.148 0.978 0.0 -0.037 -0.206 0.328 0.0 0.689 -0.646 -0.615 -0.0 -0.789 -0.018 -0.984 0.0 0.111 0.139 0.683 -0.0 -0.73 -0.038 0.986 0.0 0.04 0.159 
1.0 -0.013 0.027 0.005 -0.755 -0.0 -0.656 -0.017 -0.984 -0.0 -0.103 -0.148 0.977 0.0 -0.035 -0.21 0.33 0.0 0.691 -0.643 -0.615 -0.0 -0.789 -0.018 -0.984 -0.0 0.111 0.139 0.683 -0.0 -0.729 -0.039 0.986 0.0 0.039 0.16 
1.0 -0.013 0.027 0.005 -0.755 -0.0 -0.656 -0.017 -0.984 -0.0 -0.103 -0.148 0.976 0.0 -0.033 -0.214 0.332 0.0 0.69 -0.644 -0.615 -0.0 -0.789 -0.018 -0.984 -0.0 0.111 0.139 0.683 0.0 -0.729 -0.038 0.986 0.0 0.039 0.159 
1.0 -0.012 0.027 0.006 -0.755 0.0 -0.655 -0.018 -0.984 -0.0 -0.103 -0.149 0.975 0.0 -0.03 -0.219 0.333 0.0 0.686 -0.646 -0.614 0.0 -0.789 -0.019 -0.984 -0.0 0.111 0.14 0.683 0.0 -0.729 -0.04 0.986 0.0 0.039 0.16 
1.0 -0.012 0.027 0.007 -0.755 -0.0 -0.655 -0.018 -0.984 0.0 -0.102 -0.149 0.974 0.0 -0.028 -0.223 0.336 0.0 0.683 -0.649 -0.615 -0.0 -0.789 -0.019 -0.984 -0.0 0.111 0.14 0.683 0.0 -0.729 -0.04 0.986 0.0 0.038 0.16 
1.0 -0.012 0.027 0.007 -0.755 -0.0 -0.656 -0.018 -0.984 -0.0 -0.102 -0.149 0.973 0.0 -0.026 -0.228 0.338 0.0 0.68 -0.651 -0.614 0.0 -0.789 -0.019 -0.984 -0.0 0.111 0.14 0.683 -0.0 -0.729 -0.041 0.986 -0.0 0.038 0.16 
1.0 -0.012 0.027 0.008 -0.755 -0.0 -0.656 -0.018 -0.984 -0.0 -0.102 -0.149 0.972 0.0 -0.023 -0.233 0.34 0.0 0.677 -0.653 -0.614 -0.0 -0.789 -0.019 -0.984 -0.0 0.111 0.14 0.683 0.0 -0.729 -0.041 0.986 0.0 0.038 0.16 
1.0 -0.012 0.027 0.009 -0.755 -0.0 -0.656 -0.019 -0.984 -0.0 -0.102 -0.149 0.971 0.0 -0.02 -0.237 0.342 0.0 0.674 -0.655 -0.614 -0.0 -0.789 -0.019 -0.984 -0.0 0.111 0.14 0.684 0.0 -0.729 -0.041 0.986 0.0 0.038 0.159 
1.0 -0.012 0.027 0.009 -0.755 0.0 -0.656 -0.019 -0.984 -0.0 -0.102 -0.15 0.97 0.0 -0.018 -0.242 0.344 0.0 0.671 -0.656 -0.615 0.0 -0.789 -0.019 -0.984 -0.0 0.111 0.14 0.684 0.0 -0.729 -0.042 0.986 0.0 0.037 0.16 
1.0 -0.012 0.027 0.01 -0.755 -0.0 -0.656 -0.02 -0.983 -0.0 -0.102 -0.15 0.969 0.0 -0.015 -0.247 0.346 0.0 0.669 -0.658 -0.614 -0.0 -0.789 -0.02 -0.984 -0.0 0.111 0.14 0.684 -0.0 -0.729 -0.043 0.986 -0.0 0.037 0.16 
1.0 -0.012 0.027 0.01 -0.755 -0.0 -0.656 -0.02 -0.983 0.0 -0.102 -0.15 0.968 0.0 -0.012 -0.251 0.349 0.0 0.665 -0.66 -0.615 -0.0 -0.789 -0.02 -0.984 -0.0 0.111 0.14 0.684 0.0 -0.729 -0.043 0.987 0.0 0.037 0.159 
1.0 -0.012 0.027 0.011 -0.755 -0.0 -0.656 -0.021 -0.983 -0.0 -0.102 -0.15 0.967 -0.0 -0.009 -0.256 0.351 0.0 0.662 -0.662 -0.615 -0.0 -0.789 -0.02 -0.984 -0.0 0.111 0.14 0.684 0.0 -0.728 -0.044 0.987 -0.0 0.037 0.159 
1.0 -0.011 0.027 0.011 -0.755 -0.0 -0.656 -0.021 -0.983 -0.0 -0.102 -0.15 0.965 0.0 -0.006 -0.261 0.354 0.0 0.661 -0.661 -0.615 -0.0 -0.789 -0.02 -0.984 -0.0 0.111 0.14 0.684 -0.0 -0.728 -0.044 0.986 -0.0 0.036 0.16 
1.0 -0.011 0.027 0.011 -0.754 -0.0 -0.656 -0.021 -0.983 -0.0 -0.102 -0.151 0.964 -0.0 -0.004 -0.265 0.356 0.0 0.658 -0.663 -0.615 -0.0 -0.789 -0.021 -0.984 -0.0 0.111 0.14 0.684 -0.0 -0.728 -0.044 0.987 -0.0 0.036 0.159 
1.0 -0.011 0.027 0.012 -0.754 -0.0 -0.656 -0.021 -0.983 -0.0 -0.102 -0.152 0.963 -0.0 -0.0 -0.269 0.359 0.0 0.656 -0.664 -0.615 -0.0 -0.789 -0.021 -0.984 -0.0 0.111 0.14 0.684 -0.0 -0.728 -0.045 0.987 0.0 0.036 0.16 
1.0 -0.011 0.027 0.012 -0.754 -0.0 -0.656 -0.022 -0.983 -0.0 -0.103 -0.152 0.962 0.0 0.002 -0.274 0.362 0.0 0.652 -0.666 -0.615 -0.0 -0.789 -0.021 -0.984 -0.0 0.111 0.14 0.684 -0.0 -0.728 -0.045 0.987 0.0 0.036 0.159 
0.999 -0.011 0.027 0.013 -0.754 -0.0 -0.656 -0.022 -0.983 0.0 -0.103 -0.152 0.96 0.0 0.005 -0.279 0.365 0.0 0.649 -0.668 -0.615 0.0 -0.788 -0.021 -0.984 -0.0 0.111 0.14 0.684 0.0 -0.728 -0.045 0.987 0.0 0.036 0.159 
0.999 -0.011 0.027 0.013 -0.754 -0.0 -0.657 -0.023 -0.983 -0.0 -0.106 -0.152 0.959 0.0 0.008 -0.283 0.368 -0.0 0.645 -0.67 -0.615 -0.0 -0.788 -0.022 -0.984 -0.0 0.111 0.14 0.684 0.0 -0.728 -0.046 0.987 0.0 0.035 0.159 
0.999 -0.01 0.027 0.013 -0.754 -0.0 -0.657 -0.023 -0.983 0.0 -0.104 -0.153 0.958 0.0 0.01 -0.288 0.371 0.0 0.642 -0.671 -0.615 -0.0 -0.788 -0.022 -0.984 -0.0 0.111 0.141 0.684 0.0 -0.728 -0.046 0.987 0.0 0.035 0.159 
0.999 -0.01 0.027 0.014 -0.754 -0.0 -0.657 -0.023 -0.983 -0.0 -0.104 -0.153 0.956 -0.0 0.013 -0.292 0.374 0.0 0.638 -0.673 -0.615 0.0 -0.788 -0.022 -0.984 -0.0 0.111 0.141 0.684 0.0 -0.728 -0.047 0.987 0.0 0.035 0.159 
0.999 -0.01 0.027 0.014 -0.754 -0.0 -0.657 -0.023 -0.983 -0.0 -0.104 -0.153 0.955 -0.0 0.016 -0.296 0.377 0.0 0.635 -0.675 -0.615 -0.0 -0.788 -0.022 -0.984 -0.0 0.111 0.14 0.684 0.0 -0.728 -0.047 0.987 -0.0 0.035 0.159 
0.999 -0.01 0.027 0.014 -0.754 -0.0 -0.657 -0.024 -0.983 -0.0 -0.104 -0.153 0.954 0.0 0.018 -0.3 0.379 0.0 0.63 -0.678 -0.615 -0.0 -0.788 -0.022 -0.984 -0.0 0.111 0.14 0.684 0.0 -0.728 -0.047 0.987 0.0 0.035 0.159 
0.999 -0.01 0.027 0.014 -0.754 -0.0 -0.657 -0.024 -0.982 -0.0 -0.108 -0.152 0.953 0.0 0.021 -0.304 0.382 0.0 0.628 -0.678 -0.615 -0.0 -0.788 -0.023 -0.984 -0.0 0.111 0.141 0.684 0.0 -0.728 -0.048 0.987 0.0 0.035 0.159 
0.999 -0.01 0.027 0.015 -0.753 -0.0 -0.657 -0.024 -0.982 -0.0 -0.107 -0.153 0.951 0.0 0.023 -0.308 0.385 0.0 0.623 -0.681 -0.615 -0.0 -0.788 -0.023 -0.984 -0.0 0.111 0.141 0.684 0.0 -0.728 -0.048 0.987 -0.0 0.035 0.159 
0.999 -0.01 0.027 0.015 -0.753 -0.0 -0.657 -0.025 -0.982 -0.0 -0.108 -0.153 0.95 0.0 0.025 -0.312 0.388 0.0 0.62 -0.682 -0.615 -0.0 -0.788 -0.023 -0.984 -0.0 0.111 0.141 0.684 0.0 -0.728 -0.049 0.987 0.0 0.035 0.159 
0.999 -0.009 0.027 0.015 -0.753 0.0 -0.657 -0.025 -0.982 -0.0 -0.108 -0.153 0.948 0.0 0.028 -0.316 0.391 0.0 0.617 -0.683 -0.615 -0.0 -0.788 -0.024 -0.984 -0.0 0.111 0.141 0.684 0.0 -0.728 -0.049 0.987 0.0 0.034 0.159 
0.999 -0.009 0.027 0.015 -0.753 -0.0 -0.658 -0.025 -0.982 -0.0 -0.108 -0.153 0.947 0.0 0.029 -0.32 0.393 0.0 0.614 -0.684 -0.615 -0.0 -0.788 -0.024 -0.984 0.0 0.111 0.141 0.684 0.0 -0.728 -0.049 0.987 0.0 0.034 0.159 
0.999 -0.009 0.027 0.016 -0.753 0.0 -0.658 -0.025 -0.982 -0.0 -0.108 -0.154 0.946 0.0 0.032 -0.323 0.396 -0.0 0.612 -0.685 -0.615 -0.0 -0.788 -0.024 -0.984 -0.0 0.11 0.141 0.684 0.0 -0.728 -0.049 0.987 0.0 0.034 0.159 
0.999 -0.009 0.027 0.016 -0.752 -0.0 -0.658 -0.026 -0.982 0.0 -0.108 -0.154 0.945 -0.0 0.033 -0.326 0.398 -0.0 0.609 -0.686 -0.615 -0.0 -0.788 -0.025 -0.984 -0.0 0.11 0.141 0.684 0.0 -0.728 -0.05 0.987 0.0 0.034 0.159 
0.999 -0.009 0.027 0.016 -0.752 -0.0 -0.658 -0.026 -0.982 -0.0 -0.107 -0.154 0.943 0.0 0.035 -0.33 0.4 -0.0 0.606 -0.687 -0.615 -0.0 -0.788 -0.025 -0.984 0.0 0.11 0.141 0.684 0.0 -0.728 -0.05 0.987 0.0 0.034 0.159 
0.999 -0.009 0.027 0.016 -0.752 -0.0 -0.658 -0.026 -0.982 -0.0 -0.108 -0.154 0.942 0.0 0.036 -0.333 0.402 0.0 0.604 -0.689 -0.616 -0.0 -0.788 -0.025 -0.984 -0.0 0.11 0.141 0.684 0.0 -0.728 -0.05 0.987 0.0 0.034 0.159 
0.999 -0.009 0.027 0.016 -0.752 0.0 -0.659 -0.027 -0.982 -0.0 -0.107 -0.154 0.941 0.0 0.038 -0.337 0.404 -0.0 0.602 -0.689 -0.616 -0.0 -0.788 -0.025 -0.984 -0.0 0.11 0.142 0.683 0.0 -0.728 -0.051 0.987 0.0 0.034 0.159 
0.999 -0.009 0.027 0.017 -0.752 -0.0 -0.659 -0.027 -0.982 -0.0 -0.108 -0.154 0.94 0.0 0.039 -0.34 0.406 -0.0 0.599 -0.69 -0.616 -0.0 -0.788 -0.025 -0.984 0.0 0.11 0.141 0.684 0.0 -0.728 -0.051 0.987 0.0 0.034 0.159 
0.999 -0.009 0.028 0.017 -0.752 -0.0 -0.659 -0.027 -0.982 -0.0 -0.108 -0.154 0.938 0.0 0.041 -0.343 0.408 0.0 0.596 -0.691 -0.616 -0.0 -0.788 -0.025 -0.984 -0.0 0.11 0.142 0.683 0.0 -0.728 -0.051 0.987 0.0 0.033 0.159 
0.999 -0.008 0.028 0.017 -0.752 -0.0 -0.659 -0.027 -0.982 -0.0 -0.108 -0.154 0.937 0.0 0.042 -0.346 0.41 0.0 0.595 -0.691 -0.616 -0.0 -0.787 -0.025 -0.984 -0.0 0.11 0.142 0.683 0.0 -0.728 -0.051 0.987 0.0 0.033 0.159 
0.999 -0.008 0.028 0.017 -0.752 -0.0 -0.659 -0.028 -0.982 -0.0 -0.107 -0.153 0.936 0.0 0.044 -0.348 0.411 0.0 0.595 -0.69 -0.616 -0.0 -0.787 -0.025 -0.984 -0.0 0.11 0.142 0.683 0.0 -0.728 -0.051 0.987 0.0 0.033 0.159 
0.999 -0.008 0.028 0.018 -0.751 -0.0 -0.659 -0.028 -0.982 -0.0 -0.107 -0.154 0.935 0.0 0.045 -0.351 0.413 0.0 0.593 -0.691 -0.616 -0.0 -0.787 -0.025 -0.984 0.0 0.11 0.142 0.683 0.0 -0.728 -0.051 0.987 0.0 0.033 0.159 
0.999 -0.008 0.028 0.018 -0.751 -0.0 -0.659 -0.028 -0.982 -0.0 -0.107 -0.153 0.935 0.0 0.045 -0.353 0.414 0.0 0.591 -0.692 -0.616 -0.0 -0.787 -0.026 -0.984 -0.0 0.11 0.142 0.683 0.0 -0.728 -0.052 0.987 -0.0 0.033 0.159 
0.999 -0.008 0.028 0.018 -0.751 -0.0 -0.66 -0.028 -0.982 0.0 -0.107 -0.153 0.934 0.0 0.046 -0.355 0.415 0.0 0.59 -0.692 -0.616 0.0 -0.787 -0.026 -0.984 0.0 0.11 0.142 0.683 -0.0 -0.728 -0.052 0.987 0.0 0.033 0.159 
0.999 -0.008 0.028 0.018 -0.751 -0.0 -0.66 -0.028 -0.982 -0.0 -0.107 -0.153 0.933 0.0 0.046 -0.358 0.417 0.0 0.588 -0.693 -0.616 -0.0 -0.787 -0.026 -0.984 -0.0 0.11 0.143 0.683 0.0 -0.728 -0.052 0.987 0.0 0.033 0.159 
0.999 -0.008 0.028 0.019 -0.751 -0.0 -0.66 -0.028 -0.982 0.0 -0.107 -0.153 0.932 0.0 0.047 -0.36 0.418 0.0 0.587 -0.694 -0.616 -0.0 -0.787 -0.026 -0.984 -0.0 0.11 0.143 0.683 0.0 -0.728 -0.052 0.987 0.0 0.033 0.159 
0.999 -0.008 0.028 0.019 -0.751 -0.0 -0.66 -0.028 -0.982 0.0 -0.107 -0.154 0.931 0.0 0.047 -0.362 0.419 0.0 0.585 -0.694 -0.616 -0.0 -0.787 -0.026 -0.984 -0.0 0.11 0.143 0.683 -0.0 -0.728 -0.052 0.987 0.0 0.033 0.159 
0.999 -0.008 0.028 0.019 -0.751 -0.0 -0.66 -0.028 -0.982 -0.0 -0.107 -0.153 0.93 0.0 0.047 -0.364 0.42 0.0 0.583 -0.695 -0.616 0.0 -0.787 -0.026 -0.984 -0.0 0.11 0.143 0.683 -0.0 -0.728 -0.052 0.987 0.0 0.033 0.159 
0.999 -0.008 0.028 0.019 -0.751 -0.0 -0.66 -0.028 -0.982 -0.0 -0.107 -0.153 0.93 0.0 0.047 -0.365 0.42 0.0 0.583 -0.696 -0.616 -0.0 -0.787 -0.026 -0.984 0.0 0.11 0.143 0.683 0.0 -0.728 -0.052 0.987 0.0 0.032 0.159 
0.999 -0.008 0.028 0.02 -0.751 -0.0 -0.66 -0.029 -0.982 -0.0 -0.107 -0.153 0.929 0.0 0.046 -0.366 0.421 -0.0 0.581 -0.697 -0.616 -0.0 -0.787 -0.026 -0.984 0.0 0.11 0.143 0.683 -0.0 -0.728 -0.052 0.987 0.0 0.032 0.159 
0.999 -0.008 0.028 0.02 -0.751 -0.0 -0.66 -0.029 -0.982 -0.0 -0.107 -0.153 0.929 0.0 0.046 -0.368 0.421 0.0 0.58 -0.697 -0.616 0.0 -0.787 -0.025 -0.984 -0.0 0.11 0.143 0.683 0.0 -0.728 -0.052 0.987 -0.0 0.032 0.159 
0.999 -0.008 0.028 0.02 -0.751 -0.0 -0.66 -0.029 -0.982 -0.0 -0.107 -0.153 0.929 -0.0 0.046 -0.368 0.421 0.0 0.579 -0.698 -0.616 -0.0 -0.787 -0.025 -0.984 -0.0 0.11 0.142 0.683 0.0 -0.728 -0.052 0.987 0.0 0.032 0.159 
0.999 -0.008 0.028 0.02 -0.751 -0.0 -0.66 -0.029 -0.982 0.0 -0.106 -0.153 0.928 -0.0 0.045 -0.369 0.422 0.0 0.578 -0.699 -0.616 -0.0 -0.787 -0.025 -0.984 -0.0 0.11 0.143 0.684 0.0 -0.728 -0.052 0.987 0.0 0.032 0.159 
0.999 -0.008 0.028 0.02 -0.751 -0.0 -0.66 -0.029 -0.982 -0.0 -0.106 -0.153 0.928 0.0 0.044 -0.37 0.422 0.0 0.577 -0.699 -0.616 -0.0 -0.787 -0.024 -0.984 -0.0 0.11 0.143 0.684 0.0 -0.728 -0.052 0.987 0.0 0.032 0.159 
0.999 -0.008 0.028 0.021 -0.751 -0.0 -0.66 -0.029 -0.982 -0.0 -0.106 -0.153 0.928 -0.0 0.044 -0.37 0.421 0.0 0.577 -0.7 -0.616 -0.0 -0.787 -0.024 -0.984 0.0 0.11 0.143 0.683 0.0 -0.728 -0.052 0.987 0.0 0.032 0.159 
0.999 -0.008 0.028 0.021 -0.751 -0.0 -0.66 -0.029 -0.983 -0.0 -0.106 -0.153 0.928 0.0 0.043 -0.37 0.421 0.0 0.576 -0.7 -0.616 -0.0 -0.787 -0.024 -0.984 -0.0 0.11 0.143 0.684 0.0 -0.728 -0.052 0.987 -0.0 0.032 0.159 
0.999 -0.008 0.028 0.021 -0.751 -0.0 -0.66 -0.029 -0.982 -0.0 -0.106 -0.153 0.929 0.0 0.044 -0.369 0.421 0.0 0.575 -0.701 -0.616 -0.0 -0.787 -0.024 -0.984 -0.0 0.11 0.143 0.684 0.0 -0.728 -0.051 0.987 0.0 0.032 0.159 
0.999 -0.009 0.028 0.021 -0.75 -0.0 -0.66 -0.029 -0.983 -0.0 -0.106 -0.153 0.929 0.0 0.042 -0.368 0.421 0.0 0.575 -0.702 -0.616 -0.0 -0.787 -0.024 -0.984 -0.0 0.11 0.143 0.684 0.0 -0.728 -0.051 0.987 0.0 0.032 0.159 
0.999 -0.009 0.028 0.021 -0.75 0.0 -0.66 -0.029 -0.983 -0.0 -0.106 -0.153 0.929 -0.0 0.039 -0.367 0.42 0.0 0.575 -0.703 -0.616 -0.0 -0.787 -0.024 -0.984 -0.0 0.11 0.143 0.684 0.0 -0.728 -0.051 0.987 -0.0 0.032 0.159 
0.999 -0.009 0.028 0.021 -0.75 -0.0 -0.66 -0.029 -0.982 -0.0 -0.106 -0.154 0.93 0.0 0.04 -0.365 0.419 0.0 0.574 -0.704 -0.616 -0.0 -0.787 -0.024 -0.984 -0.0 0.11 0.143 0.684 -0.0 -0.728 -0.051 0.987 0.0 0.032 0.159 
0.999 -0.009 0.028 0.021 -0.751 -0.0 -0.66 -0.029 -0.983 -0.0 -0.106 -0.153 0.93 0.0 0.039 -0.364 0.418 -0.0 0.574 -0.704 -0.616 -0.0 -0.787 -0.023 -0.984 -0.0 0.11 0.143 0.684 0.0 -0.728 -0.05 0.987 0.0 0.032 0.159 
0.999 -0.009 0.028 0.021 -0.75 -0.0 -0.66 -0.028 -0.982 -0.0 -0.106 -0.154 0.931 0.0 0.037 -0.363 0.417 0.0 0.574 -0.705 -0.616 -0.0 -0.787 -0.023 -0.984 -0.0 0.11 0.143 0.684 0.0 -0.728 -0.05 0.987 0.0 0.032 0.159 
0.999 -0.009 0.028 0.02 -0.75 -0.0 -0.66 -0.028 -0.982 -0.0 -0.106 -0.153 0.932 0.0 0.033 -0.362 0.416 0.0 0.574 -0.705 -0.616 0.0 -0.787 -0.023 -0.984 0.0 0.11 0.143 0.684 0.0 -0.728 -0.05 0.987 0.0 0.032 0.158 
0.999 -0.009 0.028 0.02 -0.751 -0.0 -0.66 -0.028 -0.982 -0.0 -0.106 -0.153 0.932 0.0 0.031 -0.36 0.415 0.0 0.571 -0.708 -0.616 -0.0 -0.787 -0.023 -0.984 -0.0 0.11 0.143 0.684 0.0 -0.728 -0.05 0.987 0.0 0.033 0.158 
0.999 -0.009 0.028 0.02 -0.751 -0.0 -0.66 -0.028 -0.982 -0.0 -0.107 -0.153 0.933 0.0 0.031 -0.358 0.414 0.0 0.573 -0.707 -0.616 0.0 -0.787 -0.023 -0.984 -0.0 0.11 0.143 0.684 0.0 -0.728 -0.049 0.987 0.0 0.033 0.158 
0.999 -0.009 0.028 0.02 -0.751 -0.0 -0.66 -0.028 -0.982 -0.0 -0.106 -0.153 0.934 -0.0 0.029 -0.355 0.413 0.0 0.574 -0.707 -0.616 0.0 -0.787 -0.023 -0.984 -0.0 0.11 0.143 0.684 0.0 -0.728 -0.049 0.987 0.0 0.033 0.158 
0.999 -0.009 0.028 0.02 -0.751 -0.0 -0.66 -0.028 -0.982 -0.0 -0.106 -0.154 0.935 0.0 0.027 -0.353 0.412 0.0 0.576 -0.706 -0.616 -0.0 -0.787 -0.023 -0.984 -0.0 0.109 0.143 0.684 0.0 -0.728 -0.049 0.987 0.0 0.033 0.159 
0.999 -0.009 0.028 0.02 -0.751 -0.0 -0.66 -0.027 -0.982 -0.0 -0.107 -0.153 0.936 0.0 0.026 -0.351 0.41 0.0 0.577 -0.706 -0.616 0.0 -0.787 -0.022 -0.984 -0.0 0.109 0.143 0.684 0.0 -0.728 -0.048 0.987 0.0 0.033 0.158 
0.999 -0.009 0.028 0.019 -0.751 0.0 -0.66 -0.027 -0.982 -0.0 -0.107 -0.154 0.937 0.0 0.024 -0.348 0.408 -0.0 0.579 -0.706 -0.616 -0.0 -0.787 -0.023 -0.984 -0.0 0.109 0.143 0.684 0.0 -0.728 -0.048 0.987 0.0 0.034 0.158 
0.999 -0.009 0.028 0.019 -0.751 -0.0 -0.66 -0.027 -0.982 -0.0 -0.107 -0.153 0.939 0.0 0.022 -0.345 0.407 0.0 0.579 -0.706 -0.616 -0.0 -0.787 -0.023 -0.984 -0.0 0.109 0.143 0.684 0.0 -0.728 -0.048 0.987 0.0 0.034 0.158 
0.999 -0.009 0.028 0.019 -0.751 0.0 -0.66 -0.027 -0.982 -0.0 -0.106 -0.153 0.94 -0.0 0.021 -0.341 0.405 0.0 0.582 -0.705 -0.617 -0.0 -0.787 -0.023 -0.984 -0.0 0.108 0.144 0.684 0.0 -0.728 -0.048 0.987 -0.0 0.034 0.158 
0.999 -0.009 0.027 0.019 -0.751 -0.0 -0.66 -0.027 -0.982 0.0 -0.106 -0.153 0.941 0.0 0.019 -0.338 0.404 0.0 0.584 -0.705 -0.617 -0.0 -0.787 -0.023 -0.984 0.0 0.108 0.144 0.684 0.0 -0.728 -0.048 0.987 0.0 0.034 0.158 
0.999 -0.009 0.027 0.018 -0.751 -0.0 -0.66 -0.026 -0.982 -0.0 -0.106 -0.153 0.942 0.0 0.017 -0.334 0.402 0.0 0.586 -0.704 -0.617 -0.0 -0.787 -0.023 -0.984 0.0 0.108 0.144 0.684 0.0 -0.728 -0.048 0.987 0.0 0.035 0.158 
0.999 -0.009 0.027 0.018 -0.751 -0.0 -0.66 -0.026 -0.982 0.0 -0.107 -0.153 0.944 0.0 0.015 -0.33 0.4 0.0 0.588 -0.703 -0.617 -0.0 -0.787 -0.023 -0.984 -0.0 0.107 0.144 0.683 0.0 -0.728 -0.047 0.987 0.0 0.035 0.158 
0.999 -0.009 0.027 0.018 -0.751 -0.0 -0.659 -0.026 -0.983 -0.0 -0.106 -0.153 0.945 0.0 0.012 -0.326 0.398 0.0 0.59 -0.702 -0.617 -0.0 -0.787 -0.023 -0.984 0.0 0.107 0.144 0.684 0.0 -0.728 -0.047 0.987 0.0 0.035 0.158 
0.999 -0.009 0.027 0.017 -0.751 -0.0 -0.659 -0.026 -0.983 -0.0 -0.106 -0.153 0.946 0.0 0.009 -0.323 0.395 -0.0 0.593 -0.702 -0.617 -0.0 -0.787 -0.023 -0.984 -0.0 0.107 0.144 0.683 0.0 -0.729 -0.046 0.987 0.0 0.035 0.158 
0.999 -0.009 0.027 0.017 -0.751 -0.0 -0.659 -0.026 -0.983 -0.0 -0.106 -0.153 0.948 0.0 0.007 -0.319 0.393 0.0 0.595 -0.701 -0.617 -0.0 -0.787 -0.023 -0.984 -0.0 0.107 0.145 0.683 0.0 -0.729 -0.046 0.987 0.0 0.035 0.158 
0.999 -0.009 0.027 0.017 -0.752 0.0 -0.659 -0.026 -0.983 -0.0 -0.106 -0.153 0.949 0.0 0.003 -0.316 0.391 0.0 0.597 -0.701 -0.617 0.0 -0.787 -0.023 -0.984 -0.0 0.107 0.145 0.683 0.0 -0.729 -0.047 0.987 0.0 0.035 0.158 
0.999 -0.009 0.027 0.017 -0.752 -0.0 -0.659 -0.026 -0.983 -0.0 -0.106 -0.153 0.95 0.0 -0.0 -0.313 0.389 0.0 0.601 -0.698 -0.617 -0.0 -0.787 -0.024 -0.984 -0.0 0.107 0.145 0.683 0.0 -0.729 -0.047 0.987 0.0 0.036 0.159 
0.999 -0.009 0.027 0.017 -0.752 -0.0 -0.659 -0.026 -0.983 -0.0 -0.106 -0.153 0.951 0.0 -0.002 -0.308 0.387 0.0 0.605 -0.696 -0.617 -0.0 -0.787 -0.023 -0.984 -0.0 0.107 0.145 0.683 0.0 -0.729 -0.046 0.987 0.0 0.036 0.159 
0.999 -0.009 0.027 0.017 -0.752 0.0 -0.659 -0.026 -0.983 -0.0 -0.106 -0.152 0.953 0.0 -0.006 -0.304 0.384 0.0 0.608 -0.695 -0.617 0.0 -0.787 -0.023 -0.984 -0.0 0.107 0.144 0.683 0.0 -0.729 -0.046 0.987 0.0 0.036 0.158 
0.999 -0.009 0.027 0.016 -0.752 -0.0 -0.659 -0.025 -0.983 -0.0 -0.105 -0.153 0.954 0.0 -0.009 -0.3 0.381 0.0 0.612 -0.693 -0.617 -0.0 -0.787 -0.023 -0.984 -0.0 0.107 0.144 0.683 0.0 -0.729 -0.046 0.987 0.0 0.036 0.158 
0.999 -0.009 0.027 0.016 -0.752 -0.0 -0.659 -0.025 -0.983 -0.0 -0.105 -0.152 0.955 0.0 -0.013 -0.296 0.378 -0.0 0.614 -0.692 -0.617 -0.0 -0.787 -0.023 -0.984 0.0 0.107 0.144 0.683 0.0 -0.729 -0.045 0.987 0.0 0.037 0.157 
0.999 -0.009 0.027 0.016 -0.752 -0.0 -0.659 -0.025 -0.983 -0.0 -0.105 -0.152 0.956 0.0 -0.017 -0.292 0.375 -0.0 0.618 -0.69 -0.617 0.0 -0.787 -0.023 -0.984 -0.0 0.107 0.144 0.683 0.0 -0.729 -0.046 0.987 0.0 0.036 0.158 
0.999 -0.009 0.027 0.016 -0.752 -0.0 -0.659 -0.025 -0.983 -0.0 -0.104 -0.152 0.958 0.0 -0.021 -0.286 0.372 0.0 0.623 -0.688 -0.617 -0.0 -0.787 -0.023 -0.984 -0.0 0.107 0.144 0.683 -0.0 -0.729 -0.045 0.987 0.0 0.036 0.158 
0.999 -0.009 0.027 0.015 -0.752 0.0 -0.659 -0.025 -0.983 -0.0 -0.104 -0.152 0.959 -0.0 -0.024 -0.282 0.368 0.0 0.628 -0.686 -0.617 -0.0 -0.787 -0.022 -0.984 -0.0 0.108 0.144 0.683 0.0 -0.729 -0.045 0.987 -0.0 0.036 0.158 
0.999 -0.009 0.027 0.015 -0.752 -0.0 -0.659 -0.025 -0.983 -0.0 -0.104 -0.152 0.96 0.0 -0.028 -0.277 0.365 0.0 0.631 -0.685 -0.617 0.0 -0.787 -0.022 -0.984 0.0 0.107 0.143 0.683 0.0 -0.729 -0.045 0.987 0.0 0.036 0.158 
0.999 -0.009 0.027 0.015 -0.752 0.0 -0.659 -0.025 -0.983 -0.0 -0.104 -0.152 0.962 0.0 -0.031 -0.272 0.362 0.0 0.635 -0.682 -0.616 -0.0 -0.787 -0.022 -0.984 -0.0 0.108 0.143 0.683 -0.0 -0.729 -0.044 0.987 -0.0 0.036 0.158 
0.999 -0.009 0.027 0.014 -0.752 -0.0 -0.658 -0.025 -0.983 0.0 -0.104 -0.152 0.963 0.0 -0.035 -0.268 0.358 0.0 0.64 -0.68 -0.617 0.0 -0.787 -0.021 -0.984 -0.0 0.108 0.143 0.683 -0.0 -0.729 -0.044 0.987 0.0 0.036 0.158 
0.999 -0.009 0.027 0.014 -0.752 -0.0 -0.658 -0.025 -0.983 -0.0 -0.103 -0.152 0.964 -0.0 -0.039 -0.263 0.355 0.0 0.644 -0.677 -0.616 -0.0 -0.787 -0.021 -0.984 -0.0 0.108 0.142 0.683 0.0 -0.729 -0.043 0.987 0.0 0.036 0.158 
1.0 -0.01 0.027 0.014 -0.752 -0.0 -0.658 -0.025 -0.983 -0.0 -0.1 -0.153 0.965 0.0 -0.042 -0.258 0.352 -0.0 0.649 -0.675 -0.616 -0.0 -0.787 -0.021 -0.984 -0.0 0.109 0.142 0.683 0.0 -0.729 -0.042 0.987 0.0 0.037 0.156 
1.0 -0.01 0.027 0.013 -0.752 -0.0 -0.658 -0.024 -0.983 -0.0 -0.1 -0.153 0.966 -0.0 -0.047 -0.253 0.349 0.0 0.651 -0.674 -0.616 -0.0 -0.787 -0.021 -0.984 -0.0 0.109 0.142 0.683 0.0 -0.729 -0.042 0.987 0.0 0.037 0.156 
1.0 -0.01 0.027 0.013 -0.752 0.0 -0.658 -0.024 -0.983 -0.0 -0.104 -0.152 0.967 0.0 -0.051 -0.249 0.344 0.0 0.657 -0.67 -0.616 -0.0 -0.787 -0.021 -0.984 -0.0 0.109 0.142 0.683 -0.0 -0.729 -0.043 0.987 0.0 0.036 0.158 
1.0 -0.01 0.027 0.012 -0.753 -0.0 -0.658 -0.024 -0.983 -0.0 -0.104 -0.152 0.968 -0.0 -0.055 -0.244 0.342 0.0 0.661 -0.668 -0.616 -0.0 -0.787 -0.02 -0.984 -0.0 0.109 0.141 0.683 0.0 -0.729 -0.041 0.987 -0.0 0.037 0.156 
1.0 -0.009 0.027 0.012 -0.753 0.0 -0.658 -0.024 -0.983 -0.0 -0.101 -0.153 0.969 0.0 -0.058 -0.239 0.338 0.0 0.666 -0.665 -0.616 -0.0 -0.787 -0.02 -0.984 -0.0 0.109 0.142 0.683 0.0 -0.729 -0.041 0.987 0.0 0.037 0.156 
1.0 -0.01 0.027 0.012 -0.753 0.0 -0.658 -0.023 -0.983 -0.0 -0.101 -0.153 0.97 0.0 -0.062 -0.235 0.334 -0.0 0.671 -0.662 -0.616 -0.0 -0.787 -0.02 -0.984 -0.0 0.109 0.141 0.683 0.0 -0.729 -0.041 0.987 0.0 0.037 0.156 
1.0 -0.01 0.027 0.011 -0.753 -0.0 -0.658 -0.024 -0.983 -0.0 -0.101 -0.153 0.971 0.0 -0.066 -0.231 0.331 0.0 0.676 -0.659 -0.616 -0.0 -0.787 -0.019 -0.984 -0.0 0.109 0.14 0.683 0.0 -0.729 -0.041 0.987 0.0 0.037 0.156 
1.0 -0.009 0.027 0.011 -0.753 0.0 -0.658 -0.023 -0.983 -0.0 -0.101 -0.153 0.972 0.0 -0.069 -0.226 0.328 0.0 0.679 -0.657 -0.616 0.0 -0.787 -0.019 -0.984 -0.0 0.11 0.14 0.683 0.0 -0.729 -0.04 0.987 0.0 0.037 0.156 
1.0 -0.009 0.027 0.011 -0.753 -0.0 -0.658 -0.023 -0.983 0.0 -0.101 -0.153 0.972 0.0 -0.072 -0.222 0.325 0.0 0.684 -0.653 -0.616 -0.0 -0.787 -0.019 -0.984 -0.0 0.11 0.14 0.683 0.0 -0.729 -0.041 0.987 0.0 0.037 0.156 
1.0 -0.009 0.027 0.01 -0.753 0.0 -0.658 -0.023 -0.983 0.0 -0.101 -0.153 0.973 -0.0 -0.074 -0.217 0.322 -0.0 0.692 -0.646 -0.616 -0.0 -0.788 -0.019 -0.984 -0.0 0.11 0.139 0.683 -0.0 -0.729 -0.041 0.987 0.0 0.037 0.156 
1.0 -0.009 0.027 0.01 -0.753 0.0 -0.657 -0.022 -0.983 -0.0 -0.102 -0.153 0.974 0.0 -0.078 -0.214 0.32 0.0 0.692 -0.647 -0.616 -0.0 -0.788 -0.019 -0.984 -0.0 0.111 0.139 0.683 0.0 -0.729 -0.04 0.987 -0.0 0.037 0.156 
1.0 -0.009 0.027 0.009 -0.753 -0.0 -0.657 -0.022 -0.983 -0.0 -0.102 -0.153 0.974 0.0 -0.081 -0.21 0.316 0.0 0.698 -0.642 -0.616 0.0 -0.788 -0.019 -0.984 -0.0 0.111 0.139 0.683 0.0 -0.729 -0.04 0.987 0.0 0.037 0.156 
1.0 -0.009 0.027 0.009 -0.753 0.0 -0.657 -0.022 -0.983 -0.0 -0.105 -0.152 0.975 -0.0 -0.084 -0.206 0.314 -0.0 0.701 -0.64 -0.616 -0.0 -0.788 -0.019 -0.984 -0.0 0.111 0.138 0.683 0.0 -0.729 -0.04 0.987 0.0 0.037 0.156 
1.0 -0.009 0.027 0.009 -0.753 0.0 -0.657 -0.022 -0.983 -0.0 -0.106 -0.152 0.975 0.0 -0.086 -0.203 0.311 0.0 0.7 -0.642 -0.616 -0.0 -0.788 -0.019 -0.984 -0.0 0.112 0.138 0.683 -0.0 -0.729 -0.04 0.987 -0.0 0.038 0.156 
1.0 -0.009 0.027 0.008 -0.753 -0.0 -0.657 -0.022 -0.983 0.0 -0.102 -0.153 0.976 0.0 -0.088 -0.199 0.309 0.0 0.704 -0.64 -0.616 -0.0 -0.788 -0.019 -0.984 -0.0 0.111 0.138 0.683 0.0 -0.729 -0.04 0.987 0.0 0.037 0.156 
1.0 -0.009 0.027 0.007 -0.754 0.0 -0.657 -0.022 -0.983 -0.0 -0.103 -0.152 0.977 0.0 -0.09 -0.195 0.307 -0.0 0.707 -0.637 -0.616 0.0 -0.788 -0.019 -0.984 -0.0 0.112 0.138 0.683 0.0 -0.729 -0.039 0.987 0.0 0.037 0.155 
1.0 -0.009 0.027 0.007 -0.754 -0.0 -0.657 -0.022 -0.983 0.0 -0.103 -0.152 0.977 0.0 -0.092 -0.193 0.305 0.0 0.709 -0.635 -0.616 -0.0 -0.788 -0.019 -0.984 0.0 0.112 0.137 0.683 -0.0 -0.73 -0.039 0.987 0.0 0.037 0.155 
1.0 -0.008 0.027 0.007 -0.754 -0.0 -0.657 -0.022 -0.983 -0.0 -0.103 -0.152 0.977 0.0 -0.094 -0.19 0.304 0.0 0.712 -0.633 -0.616 -0.0 -0.788 -0.019 -0.984 -0.0 0.112 0.137 0.683 -0.0 -0.73 -0.039 0.987 0.0 0.037 0.155 
1.0 -0.008 0.027 0.006 -0.754 -0.0 -0.657 -0.021 -0.983 0.0 -0.103 -0.152 0.978 0.0 -0.095 -0.187 0.302 0.0 0.715 -0.63 -0.616 -0.0 -0.788 -0.018 -0.984 -0.0 0.112 0.137 0.683 0.0 -0.729 -0.039 0.987 -0.0 0.037 0.155 
1.0 -0.008 0.027 0.006 -0.754 0.0 -0.657 -0.021 -0.983 -0.0 -0.103 -0.152 0.978 0.0 -0.098 -0.185 0.302 0.0 0.716 -0.629 -0.616 -0.0 -0.788 -0.018 -0.984 -0.0 0.112 0.136 0.683 0.0 -0.73 -0.038 0.987 -0.0 0.037 0.155 
1.0 -0.008 0.027 0.006 -0.754 -0.0 -0.657 -0.021 -0.983 -0.0 -0.103 -0.151 0.978 -0.0 -0.099 -0.183 0.302 0.0 0.716 -0.629 -0.616 -0.0 -0.788 -0.018 -0.984 -0.0 0.112 0.136 0.683 0.0 -0.729 -0.038 0.987 0.0 0.037 0.155 
1.0 -0.008 0.027 0.005 -0.754 -0.0 -0.657 -0.021 -0.983 -0.0 -0.104 -0.151 0.978 0.0 -0.099 -0.182 0.301 0.0 0.717 -0.628 -0.616 -0.0 -0.788 -0.018 -0.984 -0.0 0.112 0.136 0.683 0.0 -0.73 -0.038 0.987 0.0 0.038 0.155 
1.0 -0.008 0.027 0.005 -0.754 -0.0 -0.657 -0.021 -0.983 -0.0 -0.104 -0.151 0.979 0.0 -0.099 -0.181 0.3 0.0 0.719 -0.627 -0.616 0.0 -0.788 -0.018 -0.984 -0.0 0.112 0.136 0.683 0.0 -0.73 -0.038 0.987 0.0 0.037 0.155 
1.0 -0.008 0.027 0.005 -0.754 -0.0 -0.657 -0.02 -0.983 -0.0 -0.104 -0.151 0.979 0.0 -0.098 -0.18 0.3 0.0 0.719 -0.627 -0.616 -0.0 -0.788 -0.018 -0.984 -0.0 0.112 0.136 0.683 -0.0 -0.73 -0.038 0.987 0.0 0.038 0.155 
1.0 -0.008 0.027 0.005 -0.754 0.0 -0.656 -0.02 -0.983 -0.0 -0.104 -0.151 0.979 0.0 -0.098 -0.18 0.3 -0.0 0.719 -0.627 -0.616 -0.0 -0.788 -0.018 -0.984 -0.0 0.111 0.136 0.683 0.0 -0.73 -0.038 0.987 0.0 0.038 0.155 
1.0 -0.008 0.027 0.005 -0.754 -0.0 -0.656 -0.02 -0.983 0.0 -0.104 -0.151 0.979 0.0 -0.096 -0.18 0.3 0.0 0.718 -0.628 -0.616 -0.0 -0.788 -0.018 -0.984 0.0 0.111 0.136 0.683 -0.0 -0.729 -0.038 0.987 0.0 0.038 0.155 
1.0 -0.008 0.027 0.005 -0.754 -0.0 -0.656 -0.02 -0.983 0.0 -0.105 -0.151 0.979 0.0 -0.094 -0.18 0.299 0.0 0.718 -0.629 -0.616 -0.0 -0.788 -0.019 -0.984 -0.0 0.111 0.137 0.683 0.0 -0.729 -0.038 0.987 0.0 0.038 0.155 
1.0 -0.008 0.027 0.005 -0.754 0.0 -0.656 -0.02 -0.983 -0.0 -0.105 -0.151 0.979 0.0 -0.092 -0.181 0.299 -0.0 0.717 -0.629 -0.616 -0.0 -0.788 -0.019 -0.984 -0.0 0.111 0.137 0.683 0.0 -0.729 -0.038 0.987 0.0 0.039 0.155 
1.0 -0.008 0.027 0.005 -0.754 -0.0 -0.656 -0.02 -0.983 -0.0 -0.105 -0.151 0.979 0.0 -0.09 -0.182 0.3 0.0 0.716 -0.63 -0.616 -0.0 -0.788 -0.019 -0.984 -0.0 0.111 0.137 0.683 -0.0 -0.729 -0.039 0.987 0.0 0.038 0.155 
1.0 -0.008 0.027 0.006 -0.755 0.0 -0.656 -0.019 -0.983 -0.0 -0.105 -0.151 0.979 0.0 -0.088 -0.183 0.301 0.0 0.716 -0.63 -0.616 -0.0 -0.788 -0.019 -0.984 -0.0 0.111 0.137 0.683 0.0 -0.729 -0.039 0.987 0.0 0.039 0.155 
1.0 -0.008 0.027 0.006 -0.755 0.0 -0.656 -0.019 -0.983 -0.0 -0.105 -0.151 0.979 0.0 -0.086 -0.185 0.301 0.0 0.715 -0.631 -0.616 -0.0 -0.788 -0.02 -0.984 -0.0 0.11 0.137 0.683 -0.0 -0.729 -0.039 0.987 0.0 0.038 0.155 
1.0 -0.008 0.027 0.006 -0.755 0.0 -0.656 -0.019 -0.983 0.0 -0.105 -0.151 0.979 0.0 -0.084 -0.186 0.302 0.0 0.714 -0.632 -0.616 0.0 -0.788 -0.02 -0.984 0.0 0.11 0.137 0.683 0.0 -0.729 -0.039 0.987 0.0 0.038 0.155 
1.0 -0.008 0.027 0.007 -0.755 -0.0 -0.656 -0.019 -0.983 -0.0 -0.105 -0.151 0.979 0.0 -0.082 -0.188 0.303 0.0 0.712 -0.633 -0.616 -0.0 -0.788 -0.02 -0.984 -0.0 0.11 0.137 0.683 0.0 -0.729 -0.04 0.987 0.0 0.038 0.155 
1.0 -0.007 0.027 0.007 -0.755 -0.0 -0.656 -0.019 -0.983 -0.0 -0.105 -0.151 0.978 0.0 -0.079 -0.191 0.306 -0.0 0.713 -0.631 -0.616 -0.0 -0.788 -0.02 -0.984 -0.0 0.11 0.137 0.683 0.0 -0.729 -0.04 0.987 0.0 0.038 0.155 
1.0 -0.007 0.027 0.007 -0.755 -0.0 -0.655 -0.019 -0.983 0.0 -0.105 -0.151 0.978 0.0 -0.076 -0.193 0.307 0.0 0.711 -0.633 -0.616 -0.0 -0.788 -0.02 -0.984 0.0 0.11 0.137 0.683 0.0 -0.729 -0.04 0.987 0.0 0.038 0.155 
1.0 -0.007 0.027 0.008 -0.755 0.0 -0.655 -0.019 -0.983 -0.0 -0.105 -0.151 0.978 0.0 -0.074 -0.197 0.309 -0.0 0.708 -0.635 -0.616 -0.0 -0.788 -0.02 -0.984 -0.0 0.109 0.138 0.683 0.0 -0.729 -0.04 0.987 0.0 0.039 0.154 
1.0 -0.007 0.027 0.008 -0.755 -0.0 -0.655 -0.02 -0.983 -0.0 -0.105 -0.151 0.977 0.0 -0.071 -0.2 0.311 -0.0 0.705 -0.637 -0.616 -0.0 -0.788 -0.02 -0.984 -0.0 0.109 0.138 0.683 0.0 -0.729 -0.04 0.987 0.0 0.039 0.154 
1.0 -0.007 0.027 0.009 -0.755 -0.0 -0.655 -0.02 -0.983 0.0 -0.104 -0.151 0.977 0.0 -0.068 -0.203 0.312 0.0 0.702 -0.64 -0.616 -0.0 -0.788 -0.02 -0.984 0.0 0.109 0.138 0.683 0.0 -0.729 -0.04 0.987 0.0 0.039 0.153 
1.0 -0.007 0.027 0.009 -0.755 -0.0 -0.655 -0.02 -0.983 0.0 -0.104 -0.151 0.976 0.0 -0.065 -0.207 0.314 0.0 0.698 -0.643 -0.616 0.0 -0.788 -0.021 -0.984 -0.0 0.109 0.138 0.683 0.0 -0.729 -0.04 0.987 -0.0 0.039 0.154 
1.0 -0.007 0.027 0.01 -0.755 -0.0 -0.656 -0.02 -0.983 -0.0 -0.104 -0.151 0.975 0.0 -0.063 -0.211 0.317 0.0 0.695 -0.646 -0.616 0.0 -0.788 -0.02 -0.984 -0.0 0.109 0.138 0.683 0.0 -0.729 -0.041 0.987 0.0 0.039 0.154 
1.0 -0.007 0.027 0.01 -0.755 -0.0 -0.656 -0.021 -0.983 -0.0 -0.104 -0.152 0.975 0.0 -0.06 -0.215 0.319 0.0 0.692 -0.648 -0.616 -0.0 -0.788 -0.021 -0.984 -0.0 0.109 0.138 0.683 0.0 -0.729 -0.041 0.987 0.0 0.038 0.154 
1.0 -0.007 0.027 0.01 -0.755 -0.0 -0.656 -0.021 -0.983 -0.0 -0.104 -0.151 0.974 -0.0 -0.057 -0.219 0.321 0.0 0.687 -0.652 -0.616 -0.0 -0.788 -0.021 -0.984 0.0 0.109 0.138 0.683 -0.0 -0.729 -0.041 0.987 0.0 0.039 0.154 
1.0 -0.007 0.027 0.011 -0.755 -0.0 -0.656 -0.021 -0.983 -0.0 -0.107 -0.151 0.973 0.0 -0.054 -0.224 0.324 -0.0 0.682 -0.655 -0.616 -0.0 -0.788 -0.021 -0.984 -0.0 0.109 0.138 0.683 -0.0 -0.729 -0.042 0.987 0.0 0.039 0.154 
1.0 -0.007 0.027 0.011 -0.755 -0.0 -0.656 -0.021 -0.983 -0.0 -0.107 -0.151 0.972 0.0 -0.051 -0.228 0.327 0.0 0.678 -0.658 -0.616 -0.0 -0.788 -0.021 -0.984 -0.0 0.109 0.138 0.683 -0.0 -0.729 -0.042 0.987 0.0 0.039 0.154 
1.0 -0.007 0.027 0.011 -0.755 -0.0 -0.656 -0.022 -0.983 0.0 -0.103 -0.152 0.971 0.0 -0.048 -0.232 0.329 0.0 0.675 -0.661 -0.616 -0.0 -0.788 -0.021 -0.984 -0.0 0.108 0.138 0.683 0.0 -0.729 -0.043 0.987 0.0 0.039 0.155 
1.0 -0.007 0.027 0.012 -0.754 -0.0 -0.656 -0.022 -0.983 -0.0 -0.103 -0.152 0.971 0.0 -0.045 -0.237 0.332 0.0 0.671 -0.663 -0.616 -0.0 -0.788 -0.021 -0.984 -0.0 0.108 0.139 0.683 -0.0 -0.729 -0.043 0.987 0.0 0.038 0.155 
1.0 -0.007 0.027 0.012 -0.754 -0.0 -0.656 -0.022 -0.983 -0.0 -0.103 -0.152 0.97 0.0 -0.042 -0.241 0.334 0.0 0.668 -0.665 -0.616 -0.0 -0.788 -0.022 -0.984 -0.0 0.108 0.139 0.684 0.0 -0.728 -0.045 0.987 0.0 0.037 0.157 
1.0 -0.007 0.027 0.012 -0.754 -0.0 -0.656 -0.022 -0.983 -0.0 -0.103 -0.153 0.968 0.0 -0.039 -0.247 0.337 0.0 0.665 -0.667 -0.616 -0.0 -0.787 -0.022 -0.984 -0.0 0.109 0.139 0.684 0.0 -0.728 -0.045 0.987 0.0 0.037 0.156 
1.0 -0.007 0.027 0.012 -0.754 -0.0 -0.656 -0.023 -0.983 0.0 -0.103 -0.153 0.967 0.0 -0.036 -0.251 0.34 0.0 0.661 -0.67 -0.616 -0.0 -0.788 -0.022 -0.984 -0.0 0.109 0.139 0.684 0.0 -0.729 -0.045 0.987 0.0 0.037 0.156 
1.0 -0.006 0.027 0.013 -0.754 -0.0 -0.656 -0.023 -0.983 -0.0 -0.107 -0.152 0.966 0.0 -0.033 -0.257 0.343 0.0 0.657 -0.671 -0.616 -0.0 -0.787 -0.022 -0.984 -0.0 0.109 0.139 0.684 0.0 -0.728 -0.046 0.987 0.0 0.037 0.157 
1.0 -0.006 0.027 0.013 -0.754 0.0 -0.656 -0.023 -0.983 -0.0 -0.106 -0.153 0.965 0.0 -0.03 -0.262 0.345 0.0 0.653 -0.674 -0.616 -0.0 -0.787 -0.022 -0.984 -0.0 0.109 0.139 0.684 0.0 -0.729 -0.046 0.987 0.0 0.037 0.156 
1.0 -0.006 0.027 0.013 -0.754 -0.0 -0.657 -0.024 -0.983 0.0 -0.106 -0.153 0.963 0.0 -0.028 -0.267 0.348 0.0 0.652 -0.674 -0.616 -0.0 -0.787 -0.023 -0.984 -0.0 0.109 0.14 0.684 0.0 -0.728 -0.046 0.987 0.0 0.037 0.156 
1.0 -0.006 0.027 0.013 -0.754 -0.0 -0.657 -0.024 -0.982 -0.0 -0.106 -0.153 0.962 0.0 -0.025 -0.272 0.351 0.0 0.645 -0.679 -0.616 -0.0 -0.787 -0.023 -0.984 -0.0 0.109 0.139 0.684 0.0 -0.728 -0.046 0.987 0.0 0.037 0.156 
1.0 -0.006 0.027 0.013 -0.754 -0.0 -0.657 -0.024 -0.982 -0.0 -0.106 -0.153 0.961 0.0 -0.022 -0.277 0.355 0.0 0.644 -0.677 -0.616 -0.0 -0.787 -0.023 -0.984 -0.0 0.109 0.14 0.683 0.0 -0.729 -0.045 0.987 0.0 0.037 0.155 
1.0 -0.006 0.028 0.014 -0.754 -0.0 -0.657 -0.024 -0.982 0.0 -0.107 -0.154 0.959 -0.0 -0.019 -0.283 0.358 0.0 0.642 -0.678 -0.616 -0.0 -0.787 -0.023 -0.984 0.0 0.108 0.14 0.684 0.0 -0.728 -0.046 0.987 0.0 0.036 0.156 
1.0 -0.006 0.028 0.014 -0.754 0.0 -0.657 -0.024 -0.982 -0.0 -0.107 -0.154 0.958 0.0 -0.016 -0.288 0.362 0.0 0.636 -0.681 -0.616 0.0 -0.787 -0.023 -0.984 -0.0 0.109 0.14 0.683 0.0 -0.729 -0.046 0.987 0.0 0.037 0.156 
1.0 -0.006 0.028 0.014 -0.753 0.0 -0.657 -0.024 -0.982 -0.0 -0.107 -0.153 0.956 0.0 -0.013 -0.293 0.365 0.0 0.632 -0.684 -0.616 -0.0 -0.787 -0.023 -0.984 -0.0 0.108 0.14 0.683 0.0 -0.729 -0.047 0.987 -0.0 0.036 0.156 
1.0 -0.006 0.028 0.014 -0.753 -0.0 -0.657 -0.025 -0.982 -0.0 -0.107 -0.154 0.955 0.0 -0.01 -0.298 0.368 -0.0 0.631 -0.683 -0.616 -0.0 -0.787 -0.024 -0.984 0.0 0.108 0.14 0.683 0.0 -0.729 -0.047 0.987 0.0 0.036 0.156 
0.999 -0.006 0.028 0.014 -0.753 -0.0 -0.657 -0.025 -0.982 -0.0 -0.107 -0.153 0.953 -0.0 -0.008 -0.303 0.372 0.0 0.626 -0.686 -0.617 -0.0 -0.787 -0.024 -0.984 -0.0 0.108 0.14 0.683 0.0 -0.729 -0.047 0.987 0.0 0.036 0.156 
0.999 -0.006 0.028 0.015 -0.753 0.0 -0.657 -0.025 -0.982 -0.0 -0.108 -0.154 0.951 0.0 -0.006 -0.309 0.375 0.0 0.622 -0.688 -0.616 -0.0 -0.787 -0.025 -0.984 -0.0 0.108 0.141 0.683 0.0 -0.728 -0.048 0.987 0.0 0.036 0.156 
0.999 -0.005 0.028 0.015 -0.753 0.0 -0.657 -0.025 -0.982 -0.0 -0.108 -0.153 0.95 0.0 -0.003 -0.314 0.378 0.0 0.62 -0.688 -0.617 -0.0 -0.787 -0.024 -0.984 -0.0 0.108 0.141 0.683 0.0 -0.729 -0.047 0.987 -0.0 0.036 0.156 
0.999 -0.005 0.028 0.015 -0.753 -0.0 -0.658 -0.025 -0.982 -0.0 -0.108 -0.154 0.948 0.0 0.001 -0.318 0.382 0.0 0.616 -0.689 -0.616 -0.0 -0.787 -0.024 -0.984 -0.0 0.109 0.141 0.683 0.0 -0.729 -0.048 0.987 -0.0 0.036 0.156 
0.999 -0.005 0.028 0.015 -0.753 0.0 -0.658 -0.025 -0.982 -0.0 -0.108 -0.153 0.946 0.0 0.004 -0.323 0.385 0.0 0.614 -0.689 -0.616 -0.0 -0.787 -0.025 -0.984 0.0 0.109 0.141 0.683 0.0 -0.728 -0.048 0.987 -0.0 0.036 0.156 
0.999 -0.005 0.028 0.015 -0.753 -0.0 -0.658 -0.025 -0.982 -0.0 -0.108 -0.153 0.945 -0.0 0.006 -0.328 0.389 0.0 0.61 -0.69 -0.617 -0.0 -0.787 -0.025 -0.984 -0.0 0.109 0.141 0.683 0.0 -0.729 -0.048 0.987 0.0 0.035 0.156 
0.999 -0.005 0.028 0.016 -0.753 -0.0 -0.658 -0.025 -0.982 -0.0 -0.108 -0.153 0.943 0.0 0.008 -0.334 0.392 0.0 0.607 -0.691 -0.617 -0.0 -0.787 -0.025 -0.984 -0.0 0.109 0.141 0.683 0.0 -0.728 -0.049 0.987 0.0 0.035 0.157 
0.999 -0.005 0.028 0.016 -0.753 -0.0 -0.658 -0.025 -0.982 -0.0 -0.108 -0.153 0.941 0.0 0.01 -0.338 0.395 0.0 0.604 -0.692 -0.617 -0.0 -0.787 -0.025 -0.984 -0.0 0.109 0.141 0.683 0.0 -0.729 -0.049 0.987 0.0 0.035 0.157 
0.999 -0.005 0.028 0.015 -0.753 -0.0 -0.658 -0.025 -0.982 -0.0 -0.108 -0.153 0.939 0.0 0.012 -0.343 0.398 -0.0 0.601 -0.693 -0.617 -0.0 -0.787 -0.024 -0.984 -0.0 0.109 0.141 0.683 0.0 -0.729 -0.048 0.987 -0.0 0.035 0.156 
0.999 -0.005 0.028 0.016 -0.753 -0.0 -0.658 -0.025 -0.982 -0.0 -0.108 -0.153 0.937 0.0 0.014 -0.348 0.402 0.0 0.598 -0.693 -0.617 -0.0 -0.787 -0.025 -0.984 -0.0 0.109 0.141 0.683 0.0 -0.728 -0.049 0.987 0.0 0.035 0.157 
0.999 -0.005 0.028 0.016 -0.753 0.0 -0.658 -0.025 -0.982 -0.0 -0.108 -0.153 0.936 -0.0 0.015 -0.352 0.405 -0.0 0.596 -0.694 -0.617 -0.0 -0.787 -0.024 -0.984 -0.0 0.109 0.141 0.683 0.0 -0.729 -0.048 0.987 0.0 0.035 0.156 
0.999 -0.005 0.028 0.017 -0.752 -0.0 -0.658 -0.026 -0.982 -0.0 -0.108 -0.153 0.934 -0.0 0.016 -0.357 0.408 0.0 0.593 -0.694 -0.617 -0.0 -0.787 -0.025 -0.984 -0.0 0.109 0.141 0.683 0.0 -0.728 -0.049 0.987 0.0 0.034 0.157 
0.999 -0.006 0.028 0.016 -0.752 -0.0 -0.658 -0.025 -0.982 -0.0 -0.107 -0.153 0.933 0.0 0.017 -0.36 0.411 -0.0 0.591 -0.695 -0.617 -0.0 -0.787 -0.024 -0.984 -0.0 0.109 0.141 0.683 0.0 -0.729 -0.048 0.987 -0.0 0.034 0.156 
0.999 -0.005 0.028 0.017 -0.752 -0.0 -0.658 -0.026 -0.982 0.0 -0.107 -0.153 0.931 -0.0 0.019 -0.365 0.414 -0.0 0.588 -0.695 -0.617 -0.0 -0.787 -0.025 -0.984 -0.0 0.109 0.141 0.683 0.0 -0.728 -0.049 0.987 0.0 0.034 0.157 
0.999 -0.005 0.028 0.017 -0.752 -0.0 -0.658 -0.026 -0.982 0.0 -0.107 -0.153 0.929 0.0 0.02 -0.369 0.417 0.0 0.585 -0.695 -0.617 -0.0 -0.787 -0.024 -0.984 -0.0 0.109 0.142 0.683 0.0 -0.728 -0.049 0.987 0.0 0.034 0.157 
0.999 -0.006 0.028 0.017 -0.752 -0.0 -0.659 -0.026 -0.982 -0.0 -0.107 -0.153 0.928 0.0 0.021 -0.372 0.419 -0.0 0.581 -0.698 -0.617 -0.0 -0.787 -0.024 -0.984 -0.0 0.109 0.142 0.683 0.0 -0.729 -0.048 0.987 0.0 0.034 0.156 
0.999 -0.006 0.028 0.017 -0.752 0.0 -0.659 -0.026 -0.983 -0.0 -0.107 -0.153 0.926 0.0 0.022 -0.376 0.422 0.0 0.582 -0.695 -0.617 -0.0 -0.787 -0.024 -0.984 -0.0 0.109 0.142 0.683 -0.0 -0.728 -0.049 0.987 0.0 0.034 0.157 
0.999 -0.006 0.028 0.017 -0.752 -0.0 -0.659 -0.026 -0.983 -0.0 -0.106 -0.153 0.925 -0.0 0.022 -0.378 0.424 -0.0 0.579 -0.696 -0.617 -0.0 -0.787 -0.024 -0.984 -0.0 0.109 0.142 0.683 0.0 -0.729 -0.048 0.987 0.0 0.035 0.157 
0.999 -0.006 0.028 0.018 -0.752 -0.0 -0.659 -0.026 -0.983 -0.0 -0.106 -0.153 0.924 0.0 0.023 -0.381 0.426 0.0 0.576 -0.698 -0.617 -0.0 -0.787 -0.025 -0.984 -0.0 0.109 0.142 0.683 0.0 -0.728 -0.049 0.987 0.0 0.034 0.157 
0.999 -0.006 0.028 0.017 -0.752 0.0 -0.659 -0.026 -0.983 0.0 -0.106 -0.153 0.924 0.0 0.023 -0.383 0.427 0.0 0.574 -0.699 -0.617 -0.0 -0.787 -0.024 -0.984 -0.0 0.109 0.142 0.683 0.0 -0.729 -0.048 0.987 0.0 0.035 0.156 
0.999 -0.006 0.028 0.018 -0.751 0.0 -0.659 -0.026 -0.983 0.0 -0.106 -0.153 0.922 0.0 0.023 -0.385 0.429 -0.0 0.572 -0.699 -0.617 -0.0 -0.787 -0.024 -0.984 -0.0 0.109 0.142 0.683 0.0 -0.729 -0.048 0.987 0.0 0.034 0.157 
0.999 -0.006 0.028 0.017 -0.751 -0.0 -0.659 -0.027 -0.983 -0.0 -0.106 -0.152 0.922 0.0 0.023 -0.388 0.43 0.0 0.569 -0.7 -0.617 -0.0 -0.787 -0.024 -0.984 -0.0 0.109 0.142 0.683 -0.0 -0.729 -0.048 0.987 0.0 0.035 0.156 
0.999 -0.006 0.028 0.018 -0.751 -0.0 -0.66 -0.027 -0.983 -0.0 -0.105 -0.153 0.921 0.0 0.024 -0.389 0.432 -0.0 0.568 -0.701 -0.617 -0.0 -0.787 -0.024 -0.984 -0.0 0.109 0.142 0.683 0.0 -0.729 -0.047 0.987 -0.0 0.035 0.156 
0.999 -0.006 0.028 0.018 -0.751 -0.0 -0.66 -0.027 -0.983 -0.0 -0.105 -0.153 0.92 -0.0 0.024 -0.39 0.432 0.0 0.567 -0.701 -0.617 0.0 -0.787 -0.024 -0.984 -0.0 0.109 0.143 0.683 0.0 -0.729 -0.048 0.987 0.0 0.035 0.157 
0.999 -0.006 0.028 0.017 -0.751 -0.0 -0.66 -0.027 -0.983 0.0 -0.105 -0.153 0.92 0.0 0.024 -0.392 0.433 -0.0 0.565 -0.702 -0.617 -0.0 -0.787 -0.024 -0.984 -0.0 0.109 0.143 0.683 0.0 -0.729 -0.048 0.987 0.0 0.035 0.157 
0.999 -0.006 0.028 0.017 -0.751 0.0 -0.66 -0.027 -0.983 -0.0 -0.104 -0.153 0.919 0.0 0.024 -0.392 0.434 0.0 0.563 -0.703 -0.617 0.0 -0.787 -0.024 -0.984 -0.0 0.109 0.143 0.683 0.0 -0.729 -0.047 0.987 -0.0 0.035 0.156 
0.999 -0.006 0.028 0.017 -0.751 0.0 -0.66 -0.027 -0.983 -0.0 -0.104 -0.153 0.919 0.0 0.023 -0.393 0.436 0.0 0.561 -0.704 -0.617 -0.0 -0.787 -0.024 -0.984 -0.0 0.109 0.143 0.683 0.0 -0.729 -0.046 0.987 0.0 0.036 0.155 
0.999 -0.006 0.028 0.017 -0.75 -0.0 -0.661 -0.027 -0.983 -0.0 -0.104 -0.153 0.919 0.0 0.023 -0.393 0.436 0.0 0.56 -0.704 -0.617 -0.0 -0.787 -0.024 -0.984 0.0 0.109 0.143 0.683 0.0 -0.729 -0.046 0.987 -0.0 0.036 0.155 
0.999 -0.006 0.028 0.017 -0.75 -0.0 -0.661 -0.027 -0.983 -0.0 -0.104 -0.154 0.919 0.0 0.023 -0.393 0.437 0.0 0.559 -0.705 -0.617 -0.0 -0.787 -0.024 -0.984 -0.0 0.109 0.143 0.683 0.0 -0.729 -0.046 0.987 0.0 0.036 0.155 
0.999 -0.006 0.028 0.017 -0.75 -0.0 -0.661 -0.027 -0.983 0.0 -0.104 -0.154 0.919 0.0 0.022 -0.393 0.437 0.0 0.559 -0.705 -0.617 -0.0 -0.787 -0.024 -0.984 -0.0 0.109 0.143 0.683 0.0 -0.729 -0.047 0.987 0.0 0.035 0.157 
0.999 -0.007 0.028 0.016 -0.75 0.0 -0.661 -0.027 -0.983 -0.0 -0.104 -0.154 0.92 0.0 0.021 -0.392 0.437 0.0 0.558 -0.706 -0.617 0.0 -0.787 -0.024 -0.984 -0.0 0.109 0.143 0.683 0.0 -0.729 -0.045 0.987 0.0 0.036 0.155 
0.999 -0.007 0.028 0.016 -0.75 -0.0 -0.661 -0.027 -0.983 -0.0 -0.104 -0.154 0.92 0.0 0.019 -0.392 0.437 -0.0 0.557 -0.707 -0.617 -0.0 -0.787 -0.023 -0.984 -0.0 0.109 0.143 0.683 0.0 -0.729 -0.045 0.987 -0.0 0.036 0.155 
0.999 -0.007 0.028 0.016 -0.75 -0.0 -0.661 -0.027 -0.982 -0.0 -0.104 -0.155 0.92 0.0 0.018 -0.391 0.436 0.0 0.556 -0.707 -0.617 -0.0 -0.787 -0.024 -0.984 -0.0 0.109 0.143 0.683 -0.0 -0.729 -0.045 0.987 0.0 0.036 0.155 
0.999 -0.007 0.028 0.016 -0.75 -0.0 -0.661 -0.027 -0.983 -0.0 -0.104 -0.154 0.921 0.0 0.017 -0.39 0.436 0.0 0.555 -0.708 -0.617 0.0 -0.787 -0.023 -0.984 -0.0 0.109 0.143 0.683 0.0 -0.729 -0.044 0.987 0.0 0.036 0.155 
0.999 -0.007 0.028 0.016 -0.75 -0.0 -0.661 -0.027 -0.982 -0.0 -0.104 -0.154 0.921 0.0 0.016 -0.389 0.436 0.0 0.554 -0.709 -0.617 -0.0 -0.787 -0.023 -0.984 -0.0 0.109 0.143 0.683 0.0 -0.729 -0.044 0.987 0.0 0.036 0.155 
0.999 -0.007 0.028 0.016 -0.75 -0.0 -0.661 -0.027 -0.982 -0.0 -0.104 -0.155 0.922 -0.0 0.015 -0.387 0.436 -0.0 0.554 -0.71 -0.617 -0.0 -0.787 -0.023 -0.984 -0.0 0.109 0.143 0.683 -0.0 -0.729 -0.044 0.987 0.0 0.036 0.155 
0.999 -0.007 0.028 0.015 -0.75 -0.0 -0.661 -0.027 -0.982 0.0 -0.104 -0.155 0.923 0.0 0.014 -0.385 0.436 0.0 0.554 -0.709 -0.617 -0.0 -0.787 -0.023 -0.984 -0.0 0.109 0.143 0.683 0.0 -0.729 -0.044 0.987 0.0 0.036 0.155 
0.999 -0.007 0.028 0.015 -0.75 -0.0 -0.661 -0.026 -0.982 -0.0 -0.105 -0.155 0.923 0.0 0.012 -0.383 0.435 0.0 0.554 -0.71 -0.617 0.0 -0.787 -0.023 -0.984 -0.0 0.11 0.143 0.683 0.0 -0.729 -0.043 0.987 -0.0 0.036 0.155 
0.999 -0.007 0.028 0.015 -0.75 -0.0 -0.661 -0.026 -0.982 -0.0 -0.105 -0.155 0.924 0.0 0.011 -0.382 0.435 0.0 0.553 -0.711 -0.617 -0.0 -0.787 -0.022 -0.984 -0.0 0.11 0.143 0.683 0.0 -0.729 -0.043 0.987 0.0 0.036 0.155 
0.999 -0.007 0.028 0.014 -0.75 -0.0 -0.661 -0.026 -0.982 -0.0 -0.105 -0.155 0.925 0.0 0.01 -0.379 0.434 0.0 0.553 -0.712 -0.617 -0.0 -0.787 -0.023 -0.984 -0.0 0.11 0.143 0.683 0.0 -0.729 -0.043 0.987 -0.0 0.036 0.155 
0.999 -0.008 0.028 0.014 -0.749 -0.0 -0.662 -0.025 -0.982 -0.0 -0.105 -0.155 0.926 0.0 0.009 -0.376 0.433 0.0 0.552 -0.712 -0.617 0.0 -0.787 -0.022 -0.984 -0.0 0.11 0.143 0.683 -0.0 -0.729 -0.043 0.987 -0.0 0.036 0.155 
0.999 -0.008 0.028 0.014 -0.749 0.0 -0.662 -0.025 -0.982 -0.0 -0.105 -0.155 0.928 0.0 0.007 -0.374 0.432 0.0 0.55 -0.714 -0.617 -0.0 -0.787 -0.022 -0.984 -0.0 0.11 0.143 0.683 -0.0 -0.729 -0.042 0.987 0.0 0.036 0.155 
0.999 -0.008 0.028 0.014 -0.749 -0.0 -0.662 -0.024 -0.982 -0.0 -0.105 -0.155 0.929 -0.0 0.006 -0.371 0.431 0.0 0.551 -0.715 -0.617 -0.0 -0.787 -0.022 -0.984 0.0 0.11 0.142 0.683 0.0 -0.729 -0.042 0.987 0.0 0.036 0.155 
0.999 -0.008 0.028 0.013 -0.749 -0.0 -0.662 -0.024 -0.982 -0.0 -0.105 -0.155 0.93 0.0 0.005 -0.368 0.43 0.0 0.55 -0.715 -0.617 -0.0 -0.787 -0.022 -0.984 -0.0 0.11 0.142 0.683 0.0 -0.729 -0.042 0.987 0.0 0.036 0.155 
0.999 -0.008 0.028 0.013 -0.749 -0.0 -0.662 -0.024 -0.982 -0.0 -0.105 -0.155 0.931 0.0 0.004 -0.365 0.429 -0.0 0.55 -0.716 -0.617 -0.0 -0.787 -0.022 -0.984 0.0 0.11 0.142 0.683 -0.0 -0.73 -0.042 0.987 0.0 0.036 0.155 
0.999 -0.008 0.028 0.013 -0.749 -0.0 -0.662 -0.023 -0.982 -0.0 -0.106 -0.154 0.932 0.0 0.002 -0.362 0.428 0.0 0.551 -0.717 -0.617 -0.0 -0.787 -0.021 -0.984 -0.0 0.11 0.142 0.683 0.0 -0.73 -0.041 0.987 0.0 0.037 0.155 
1.0 -0.008 0.028 0.013 -0.749 -0.0 -0.662 -0.023 -0.982 -0.0 -0.105 -0.154 0.933 0.0 0.001 -0.36 0.426 0.0 0.552 -0.717 -0.617 -0.0 -0.787 -0.021 -0.984 0.0 0.11 0.142 0.683 -0.0 -0.73 -0.041 0.987 -0.0 0.037 0.155 
1.0 -0.008 0.028 0.013 -0.749 -0.0 -0.662 -0.022 -0.982 -0.0 -0.105 -0.154 0.934 0.0 -0.001 -0.357 0.424 -0.0 0.553 -0.717 -0.617 -0.0 -0.787 -0.021 -0.984 -0.0 0.11 0.142 0.683 0.0 -0.73 -0.041 0.987 0.0 0.037 0.155 
1.0 -0.008 0.027 0.012 -0.749 -0.0 -0.662 -0.022 -0.982 -0.0 -0.106 -0.154 0.936 0.0 -0.003 -0.353 0.423 0.0 0.553 -0.718 -0.616 -0.0 -0.787 -0.021 -0.984 -0.0 0.11 0.142 0.683 0.0 -0.73 -0.041 0.987 0.0 0.037 0.155 
1.0 -0.008 0.027 0.012 -0.749 -0.0 -0.662 -0.022 -0.983 -0.0 -0.105 -0.153 0.937 0.0 -0.005 -0.35 0.421 -0.0 0.554 -0.718 -0.616 -0.0 -0.787 -0.021 -0.984 -0.0 0.11 0.142 0.683 0.0 -0.73 -0.041 0.987 0.0 0.037 0.155 
1.0 -0.008 0.027 0.012 -0.749 0.0 -0.662 -0.021 -0.983 -0.0 -0.106 -0.153 0.938 0.0 -0.007 -0.346 0.419 0.0 0.555 -0.719 -0.616 -0.0 -0.787 -0.02 -0.984 0.0 0.11 0.142 0.683 0.0 -0.73 -0.04 0.987 0.0 0.038 0.155 
1.0 -0.009 0.027 0.012 -0.749 -0.0 -0.662 -0.021 -0.983 -0.0 -0.105 -0.153 0.94 -0.0 -0.009 -0.342 0.417 -0.0 0.556 -0.719 -0.616 0.0 -0.787 -0.02 -0.984 -0.0 0.11 0.142 0.683 -0.0 -0.73 -0.04 0.987 -0.0 0.038 0.155 
1.0 -0.009 0.027 0.012 -0.749 -0.0 -0.662 -0.021 -0.983 0.0 -0.105 -0.153 0.941 0.0 -0.011 -0.339 0.415 0.0 0.557 -0.719 -0.616 -0.0 -0.787 -0.02 -0.984 -0.0 0.11 0.142 0.683 0.0 -0.73 -0.04 0.987 0.0 0.038 0.155 
1.0 -0.009 0.027 0.012 -0.75 -0.0 -0.662 -0.02 -0.983 -0.0 -0.105 -0.152 0.942 0.0 -0.013 -0.335 0.413 0.0 0.558 -0.72 -0.616 -0.0 -0.787 -0.02 -0.984 -0.0 0.11 0.142 0.683 0.0 -0.73 -0.04 0.987 -0.0 0.038 0.155 
1.0 -0.009 0.027 0.012 -0.75 -0.0 -0.662 -0.02 -0.983 -0.0 -0.105 -0.152 0.943 0.0 -0.016 -0.331 0.411 0.0 0.56 -0.719 -0.616 -0.0 -0.787 -0.02 -0.984 -0.0 0.11 0.142 0.683 0.0 -0.73 -0.04 0.987 0.0 0.038 0.155 
1.0 -0.009 0.027 0.012 -0.75 -0.0 -0.662 -0.019 -0.983 -0.0 -0.105 -0.152 0.945 0.0 -0.018 -0.327 0.409 0.0 0.563 -0.718 -0.616 -0.0 -0.787 -0.019 -0.984 0.0 0.11 0.141 0.683 -0.0 -0.73 -0.039 0.987 -0.0 0.038 0.155 
1.0 -0.009 0.027 0.011 -0.75 -0.0 -0.661 -0.019 -0.983 0.0 -0.105 -0.152 0.947 0.0 -0.019 -0.321 0.406 0.0 0.57 -0.715 -0.616 -0.0 -0.787 -0.02 -0.984 -0.0 0.11 0.141 0.683 -0.0 -0.73 -0.039 0.987 -0.0 0.039 0.155 
1.0 -0.009 0.027 0.011 -0.75 0.0 -0.661 -0.019 -0.983 0.0 -0.105 -0.152 0.948 0.0 -0.022 -0.318 0.404 0.0 0.57 -0.716 -0.616 -0.0 -0.787 -0.019 -0.984 -0.0 0.11 0.141 0.683 0.0 -0.73 -0.039 0.987 0.0 0.039 0.155 
1.0 -0.009 0.027 0.011 -0.75 -0.0 -0.661 -0.018 -0.983 -0.0 -0.105 -0.152 0.95 0.0 -0.023 -0.312 0.401 0.0 0.578 -0.711 -0.616 -0.0 -0.788 -0.019 -0.984 0.0 0.11 0.141 0.683 0.0 -0.73 -0.039 0.987 0.0 0.038 0.155 
1.0 -0.009 0.027 0.011 -0.75 0.0 -0.661 -0.018 -0.983 -0.0 -0.105 -0.152 0.951 -0.0 -0.026 -0.308 0.398 0.0 0.581 -0.71 -0.616 0.0 -0.787 -0.019 -0.984 0.0 0.11 0.141 0.683 0.0 -0.73 -0.039 0.987 -0.0 0.039 0.155 
1.0 -0.009 0.027 0.011 -0.75 -0.0 -0.661 -0.018 -0.983 -0.0 -0.107 -0.151 0.953 0.0 -0.028 -0.303 0.396 0.0 0.584 -0.709 -0.616 -0.0 -0.788 -0.018 -0.984 -0.0 0.11 0.14 0.683 0.0 -0.73 -0.039 0.987 -0.0 0.039 0.155 
1.0 -0.009 0.027 0.011 -0.75 -0.0 -0.661 -0.017 -0.983 -0.0 -0.107 -0.151 0.954 0.0 -0.031 -0.299 0.393 0.0 0.586 -0.709 -0.616 -0.0 -0.788 -0.018 -0.984 -0.0 0.111 0.14 0.683 0.0 -0.73 -0.038 0.987 0.0 0.039 0.155 
1.0 -0.01 0.027 0.011 -0.75 -0.0 -0.661 -0.017 -0.983 -0.0 -0.106 -0.151 0.955 0.0 -0.035 -0.295 0.39 0.0 0.591 -0.707 -0.616 -0.0 -0.788 -0.018 -0.984 -0.0 0.111 0.14 0.683 -0.0 -0.73 -0.038 0.987 0.0 0.039 0.155 
1.0 -0.01 0.027 0.011 -0.75 -0.0 -0.661 -0.017 -0.983 0.0 -0.106 -0.151 0.956 0.0 -0.038 -0.29 0.387 0.0 0.595 -0.704 -0.616 0.0 -0.788 -0.017 -0.984 -0.0 0.111 0.14 0.683 -0.0 -0.73 -0.038 0.987 0.0 0.039 0.155 
1.0 -0.01 0.027 0.011 -0.75 -0.0 -0.661 -0.016 -0.983 -0.0 -0.106 -0.151 0.958 -0.0 -0.04 -0.285 0.384 0.0 0.601 -0.701 -0.616 -0.0 -0.788 -0.017 -0.984 -0.0 0.111 0.139 0.683 0.0 -0.73 -0.038 0.987 0.0 0.039 0.155 
1.0 -0.01 0.027 0.011 -0.75 -0.0 -0.661 -0.016 -0.983 -0.0 -0.107 -0.151 0.959 0.0 -0.043 -0.28 0.381 0.0 0.605 -0.699 -0.616 -0.0 -0.788 -0.017 -0.984 -0.0 0.111 0.139 0.683 -0.0 -0.729 -0.038 0.987 0.0 0.038 0.155 
1.0 -0.01 0.027 0.01 -0.751 0.0 -0.661 -0.015 -0.983 -0.0 -0.107 -0.151 0.96 0.0 -0.046 -0.276 0.378 -0.0 0.608 -0.698 -0.616 -0.0 -0.788 -0.016 -0.984 -0.0 0.112 0.139 0.683 0.0 -0.73 -0.037 0.987 0.0 0.038 0.155 
1.0 -0.01 0.027 0.01 -0.751 0.0 -0.66 -0.015 -0.983 -0.0 -0.107 -0.151 0.962 0.0 -0.048 -0.27 0.376 0.0 0.613 -0.695 -0.616 -0.0 -0.788 -0.016 -0.984 -0.0 0.112 0.138 0.683 -0.0 -0.73 -0.037 0.987 0.0 0.038 0.155 
1.0 -0.01 0.027 0.01 -0.751 -0.0 -0.661 -0.015 -0.983 -0.0 -0.107 -0.151 0.963 0.0 -0.051 -0.266 0.373 0.0 0.618 -0.692 -0.615 -0.0 -0.788 -0.016 -0.984 -0.0 0.112 0.138 0.683 0.0 -0.729 -0.037 0.987 0.0 0.038 0.155 
1.0 -0.01 0.027 0.009 -0.751 -0.0 -0.66 -0.015 -0.983 -0.0 -0.107 -0.151 0.964 0.0 -0.055 -0.261 0.369 -0.0 0.621 -0.691 -0.615 -0.0 -0.788 -0.015 -0.984 -0.0 0.113 0.138 0.683 0.0 -0.729 -0.036 0.987 0.0 0.038 0.155 
1.0 -0.01 0.027 0.009 -0.751 0.0 -0.66 -0.015 -0.983 -0.0 -0.107 -0.151 0.965 -0.0 -0.058 -0.256 0.367 0.0 0.625 -0.689 -0.615 -0.0 -0.788 -0.015 -0.984 -0.0 0.113 0.137 0.683 0.0 -0.73 -0.036 0.987 0.0 0.039 0.155 
1.0 -0.01 0.027 0.008 -0.751 -0.0 -0.66 -0.015 -0.983 -0.0 -0.107 -0.151 0.966 0.0 -0.059 -0.251 0.364 0.0 0.632 -0.684 -0.615 -0.0 -0.788 -0.014 -0.984 -0.0 0.113 0.137 0.683 0.0 -0.73 -0.036 0.987 0.0 0.039 0.155 
1.0 -0.01 0.027 0.008 -0.751 -0.0 -0.66 -0.015 -0.983 -0.0 -0.107 -0.15 0.967 0.0 -0.062 -0.246 0.362 0.0 0.636 -0.682 -0.615 0.0 -0.788 -0.014 -0.984 -0.0 0.113 0.137 0.683 0.0 -0.73 -0.035 0.987 0.0 0.039 0.155 
1.0 -0.011 0.027 0.007 -0.751 -0.0 -0.66 -0.014 -0.983 -0.0 -0.108 -0.15 0.968 0.0 -0.065 -0.241 0.359 0.0 0.638 -0.681 -0.615 -0.0 -0.788 -0.014 -0.984 -0.0 0.113 0.136 0.683 0.0 -0.73 -0.035 0.987 0.0 0.039 0.155 
1.0 -0.011 0.027 0.007 -0.751 -0.0 -0.66 -0.014 -0.983 -0.0 -0.108 -0.15 0.969 0.0 -0.067 -0.236 0.356 0.0 0.643 -0.678 -0.615 -0.0 -0.788 -0.014 -0.984 -0.0 0.114 0.136 0.683 0.0 -0.73 -0.035 0.987 0.0 0.039 0.155 
1.0 -0.011 0.027 0.006 -0.751 -0.0 -0.66 -0.014 -0.983 0.0 -0.108 -0.15 0.97 0.0 -0.07 -0.231 0.353 0.0 0.648 -0.675 -0.615 -0.0 -0.788 -0.013 -0.984 -0.0 0.114 0.135 0.683 -0.0 -0.73 -0.035 0.987 0.0 0.039 0.155 
1.0 -0.011 0.027 0.006 -0.751 -0.0 -0.66 -0.014 -0.983 0.0 -0.108 -0.15 0.971 0.0 -0.072 -0.227 0.351 0.0 0.653 -0.672 -0.615 -0.0 -0.788 -0.013 -0.984 -0.0 0.114 0.135 0.683 0.0 -0.73 -0.034 0.987 0.0 0.039 0.155 
1.0 -0.011 0.027 0.005 -0.751 -0.0 -0.66 -0.014 -0.983 -0.0 -0.108 -0.15 0.972 -0.0 -0.075 -0.222 0.349 0.0 0.657 -0.668 -0.615 -0.0 -0.788 -0.013 -0.984 0.0 0.114 0.135 0.683 0.0 -0.73 -0.034 0.987 0.0 0.039 0.155 
1.0 -0.011 0.027 0.004 -0.751 -0.0 -0.66 -0.014 -0.983 0.0 -0.108 -0.15 0.973 0.0 -0.077 -0.218 0.346 -0.0 0.661 -0.666 -0.615 -0.0 -0.788 -0.013 -0.984 -0.0 0.114 0.134 0.683 0.0 -0.73 -0.034 0.987 0.0 0.039 0.154 
1.0 -0.011 0.027 0.004 -0.751 0.0 -0.66 -0.014 -0.983 -0.0 -0.108 -0.15 0.974 0.0 -0.079 -0.214 0.344 0.0 0.665 -0.663 -0.615 -0.0 -0.788 -0.013 -0.984 -0.0 0.114 0.134 0.683 0.0 -0.73 -0.034 0.987 0.0 0.039 0.155 
1.0 -0.011 0.027 0.003 -0.751 -0.0 -0.66 -0.014 -0.983 0.0 -0.109 -0.15 0.974 -0.0 -0.081 -0.211 0.343 0.0 0.667 -0.661 -0.615 -0.0 -0.788 -0.013 -0.984 0.0 0.115 0.134 0.682 0.0 -0.73 -0.033 0.987 0.0 0.039 0.155 
1.0 -0.011 0.027 0.003 -0.752 -0.0 -0.659 -0.014 -0.983 -0.0 -0.109 -0.15 0.975 0.0 -0.082 -0.207 0.341 0.0 0.671 -0.658 -0.615 -0.0 -0.788 -0.013 -0.984 -0.0 0.115 0.133 0.682 0.0 -0.73 -0.033 0.987 0.0 0.039 0.155 
1.0 -0.011 0.027 0.003 -0.752 -0.0 -0.659 -0.014 -0.983 -0.0 -0.109 -0.15 0.975 0.0 -0.084 -0.204 0.339 0.0 0.675 -0.656 -0.615 -0.0 -0.788 -0.013 -0.984 0.0 0.115 0.133 0.683 0.0 -0.73 -0.034 0.987 0.0 0.038 0.156 
1.0 -0.011 0.027 0.002 -0.752 -0.0 -0.659 -0.014 -0.983 -0.0 -0.109 -0.149 0.976 0.0 -0.086 -0.201 0.337 0.0 0.678 -0.653 -0.615 -0.0 -0.788 -0.012 -0.984 -0.0 0.115 0.133 0.682 0.0 -0.73 -0.033 0.987 0.0 0.039 0.155 
1.0 -0.011 0.027 0.002 -0.752 -0.0 -0.659 -0.014 -0.983 -0.0 -0.11 -0.149 0.976 0.0 -0.089 -0.198 0.337 0.0 0.681 -0.65 -0.615 0.0 -0.788 -0.012 -0.984 -0.0 0.115 0.133 0.682 -0.0 -0.73 -0.033 0.987 0.0 0.039 0.154 
1.0 -0.011 0.027 0.001 -0.752 -0.0 -0.659 -0.014 -0.983 -0.0 -0.11 -0.15 0.977 0.0 -0.09 -0.196 0.336 0.0 0.684 -0.648 -0.615 -0.0 -0.788 -0.012 -0.984 -0.0 0.115 0.133 0.682 0.0 -0.73 -0.033 0.987 0.0 0.039 0.155 
1.0 -0.011 0.027 0.001 -0.752 -0.0 -0.659 -0.014 -0.983 0.0 -0.11 -0.149 0.977 0.0 -0.09 -0.193 0.335 -0.0 0.686 -0.646 -0.615 -0.0 -0.788 -0.013 -0.984 -0.0 0.115 0.133 0.682 0.0 -0.73 -0.032 0.987 0.0 0.039 0.154 
1.0 -0.011 0.027 0.001 -0.752 -0.0 -0.659 -0.014 -0.983 -0.0 -0.106 -0.15 0.977 0.0 -0.091 -0.191 0.334 -0.0 0.687 -0.645 -0.615 -0.0 -0.788 -0.012 -0.984 -0.0 0.115 0.133 0.682 0.0 -0.73 -0.033 0.987 -0.0 0.039 0.156 
1.0 -0.011 0.027 0.0 -0.753 -0.0 -0.658 -0.014 -0.983 -0.0 -0.106 -0.15 0.978 0.0 -0.092 -0.19 0.333 0.0 0.689 -0.644 -0.615 -0.0 -0.788 -0.012 -0.985 0.0 0.115 0.132 0.682 0.0 -0.73 -0.033 0.987 0.0 0.039 0.156 
1.0 -0.011 0.027 0.0 -0.753 0.0 -0.658 -0.014 -0.983 -0.0 -0.111 -0.149 0.978 0.0 -0.092 -0.188 0.332 0.0 0.691 -0.643 -0.615 -0.0 -0.788 -0.012 -0.985 0.0 0.115 0.132 0.682 0.0 -0.73 -0.032 0.987 0.0 0.04 0.154 
1.0 -0.011 0.027 0.0 -0.753 -0.0 -0.658 -0.014 -0.983 -0.0 -0.111 -0.149 0.978 0.0 -0.092 -0.187 0.331 0.0 0.691 -0.643 -0.615 -0.0 -0.788 -0.012 -0.985 0.0 0.115 0.132 0.682 -0.0 -0.73 -0.033 0.987 0.0 0.039 0.156 
1.0 -0.011 0.027 -0.0 -0.753 -0.0 -0.658 -0.014 -0.983 -0.0 -0.111 -0.149 0.978 0.0 -0.092 -0.187 0.331 0.0 0.692 -0.642 -0.615 -0.0 -0.788 -0.013 -0.985 -0.0 0.115 0.133 0.682 0.0 -0.73 -0.032 0.987 0.0 0.04 0.155 
1.0 -0.011 0.027 0.0 -0.753 -0.0 -0.658 -0.014 -0.983 0.0 -0.107 -0.15 0.978 0.0 -0.092 -0.186 0.33 -0.0 0.692 -0.642 -0.615 -0.0 -0.788 -0.012 -0.985 0.0 0.115 0.132 0.682 -0.0 -0.73 -0.032 0.987 -0.0 0.039 0.155 
1.0 -0.011 0.027 0.0 -0.753 -0.0 -0.658 -0.014 -0.983 -0.0 -0.107 -0.15 0.978 -0.0 -0.091 -0.187 0.33 0.0 0.692 -0.642 -0.615 -0.0 -0.788 -0.012 -0.985 -0.0 0.115 0.132 0.682 0.0 -0.73 -0.032 0.987 0.0 0.04 0.155 
1.0 -0.011 0.027 0.0 -0.753 -0.0 -0.658 -0.014 -0.983 -0.0 -0.107 -0.15 0.978 0.0 -0.09 -0.187 0.33 0.0 0.691 -0.643 -0.615 -0.0 -0.788 -0.012 -0.985 0.0 0.115 0.132 0.682 0.0 -0.73 -0.032 0.987 0.0 0.04 0.155 
1.0 -0.011 0.027 0.0 -0.753 0.0 -0.657 -0.015 -0.983 -0.0 -0.107 -0.15 0.978 0.0 -0.09 -0.187 0.331 0.0 0.691 -0.643 -0.615 -0.0 -0.788 -0.013 -0.985 -0.0 0.114 0.133 0.682 -0.0 -0.73 -0.033 0.987 0.0 0.04 0.155 
1.0 -0.011 0.027 0.001 -0.754 -0.0 -0.657 -0.015 -0.983 -0.0 -0.107 -0.15 0.978 0.0 -0.089 -0.188 0.331 0.0 0.69 -0.644 -0.615 -0.0 -0.788 -0.012 -0.985 -0.0 0.114 0.132 0.682 0.0 -0.73 -0.033 0.987 0.0 0.04 0.155 
1.0 -0.011 0.027 0.001 -0.754 -0.0 -0.657 -0.014 -0.983 -0.0 -0.107 -0.15 0.978 0.0 -0.088 -0.189 0.331 0.0 0.689 -0.645 -0.615 -0.0 -0.788 -0.012 -0.985 -0.0 0.114 0.132 0.682 0.0 -0.73 -0.033 0.987 -0.0 0.04 0.155 
1.0 -0.011 0.027 0.001 -0.754 -0.0 -0.657 -0.015 -0.983 -0.0 -0.106 -0.15 0.978 0.0 -0.087 -0.191 0.332 0.0 0.687 -0.647 -0.615 -0.0 -0.788 -0.012 -0.985 -0.0 0.114 0.132 0.682 0.0 -0.73 -0.033 0.987 -0.0 0.04 0.155 
1.0 -0.011 0.026 0.001 -0.754 0.0 -0.657 -0.015 -0.983 -0.0 -0.106 -0.151 0.978 0.0 -0.085 -0.193 0.332 0.0 0.685 -0.648 -0.615 -0.0 -0.788 -0.012 -0.985 -0.0 0.114 0.133 0.683 0.0 -0.73 -0.033 0.987 0.0 0.04 0.155 
1.0 -0.011 0.026 0.002 -0.754 -0.0 -0.657 -0.015 -0.983 -0.0 -0.106 -0.151 0.977 0.0 -0.084 -0.195 0.333 0.0 0.683 -0.65 -0.615 -0.0 -0.788 -0.012 -0.985 0.0 0.114 0.133 0.683 0.0 -0.73 -0.033 0.987 0.0 0.04 0.155 
1.0 -0.012 0.026 0.002 -0.754 -0.0 -0.657 -0.015 -0.983 -0.0 -0.106 -0.151 0.977 0.0 -0.082 -0.197 0.332 0.0 0.681 -0.652 -0.615 -0.0 -0.788 -0.012 -0.985 -0.0 0.114 0.133 0.683 0.0 -0.73 -0.033 0.987 0.0 0.04 0.155 
1.0 -0.012 0.026 0.003 -0.754 -0.0 -0.657 -0.015 -0.983 -0.0 -0.106 -0.151 0.977 -0.0 -0.08 -0.199 0.333 0.0 0.679 -0.655 -0.615 -0.0 -0.788 -0.012 -0.985 0.0 0.114 0.133 0.683 0.0 -0.73 -0.033 0.987 0.0 0.04 0.155 
1.0 -0.012 0.026 0.003 -0.754 -0.0 -0.657 -0.016 -0.983 -0.0 -0.106 -0.151 0.976 0.0 -0.079 -0.202 0.334 0.0 0.676 -0.657 -0.615 -0.0 -0.788 -0.012 -0.985 -0.0 0.114 0.133 0.683 0.0 -0.73 -0.033 0.987 0.0 0.04 0.155 
1.0 -0.012 0.026 0.003 -0.754 -0.0 -0.656 -0.016 -0.983 -0.0 -0.106 -0.151 0.976 0.0 -0.078 -0.205 0.335 0.0 0.673 -0.659 -0.615 -0.0 -0.788 -0.012 -0.985 -0.0 0.114 0.133 0.683 0.0 -0.73 -0.033 0.987 0.0 0.04 0.155 
1.0 -0.012 0.026 0.003 -0.754 -0.0 -0.656 -0.016 -0.983 -0.0 -0.106 -0.151 0.975 0.0 -0.077 -0.208 0.337 0.0 0.67 -0.662 -0.615 -0.0 -0.788 -0.012 -0.985 -0.0 0.114 0.133 0.683 0.0 -0.73 -0.033 0.987 0.0 0.04 0.155 
1.0 -0.012 0.026 0.003 -0.754 -0.0 -0.656 -0.016 -0.983 -0.0 -0.105 -0.151 0.974 0.0 -0.076 -0.213 0.338 0.0 0.667 -0.664 -0.615 -0.0 -0.788 -0.012 -0.985 -0.0 0.114 0.133 0.683 0.0 -0.73 -0.033 0.987 -0.0 0.04 0.154 
1.0 -0.012 0.026 0.004 -0.755 -0.0 -0.656 -0.016 -0.983 0.0 -0.106 -0.151 0.973 0.0 -0.075 -0.217 0.34 0.0 0.664 -0.666 -0.615 -0.0 -0.788 -0.012 -0.985 0.0 0.114 0.133 0.683 0.0 -0.73 -0.033 0.987 0.0 0.04 0.155 
1.0 -0.012 0.026 0.004 -0.755 -0.0 -0.656 -0.016 -0.983 -0.0 -0.106 -0.151 0.972 0.0 -0.075 -0.221 0.341 0.0 0.661 -0.669 -0.615 -0.0 -0.788 -0.012 -0.985 -0.0 0.114 0.133 0.683 0.0 -0.73 -0.033 0.987 0.0 0.04 0.155 
1.0 -0.012 0.026 0.004 -0.755 -0.0 -0.656 -0.015 -0.983 -0.0 -0.106 -0.152 0.971 0.0 -0.073 -0.226 0.344 0.0 0.658 -0.67 -0.615 -0.0 -0.788 -0.012 -0.985 0.0 0.114 0.133 0.683 0.0 -0.73 -0.033 0.987 -0.0 0.04 0.155 
1.0 -0.012 0.026 0.004 -0.755 -0.0 -0.656 -0.015 -0.982 -0.0 -0.11 -0.151 0.97 -0.0 -0.072 -0.23 0.345 0.0 0.654 -0.673 -0.615 -0.0 -0.788 -0.012 -0.985 -0.0 0.114 0.133 0.683 0.0 -0.73 -0.033 0.987 0.0 0.04 0.154 
1.0 -0.012 0.026 0.004 -0.755 -0.0 -0.656 -0.015 -0.983 -0.0 -0.107 -0.152 0.969 -0.0 -0.072 -0.235 0.348 0.0 0.65 -0.675 -0.615 -0.0 -0.788 -0.012 -0.985 0.0 0.114 0.133 0.683 0.0 -0.73 -0.032 0.987 0.0 0.04 0.154 
