# T   LUA LFA RUA RFA LT  LS  RT  RS  
0.999 -0.017 0.029 0.006 -0.753 -0.0 -0.658 -0.014 -0.983 -0.0 -0.11 -0.149 0.989 0.0 -0.049 -0.143 0.345 -0.0 0.612 -0.711 -0.614 -0.0 -0.789 -0.007 -0.985 -0.0 0.115 0.132 0.684 0.0 -0.729 -0.032 0.987 0.0 0.04 0.157 
0.999 -0.017 0.029 0.006 -0.753 -0.0 -0.658 -0.014 -0.983 0.0 -0.11 -0.149 0.989 0.0 -0.048 -0.142 0.345 0.0 0.613 -0.711 -0.614 0.0 -0.789 -0.007 -0.985 -0.0 0.115 0.132 0.684 0.0 -0.729 -0.032 0.987 0.0 0.04 0.157 
0.999 -0.017 0.029 0.006 -0.753 -0.0 -0.658 -0.013 -0.983 -0.0 -0.11 -0.149 0.989 0.0 -0.049 -0.141 0.345 -0.0 0.613 -0.711 -0.614 -0.0 -0.789 -0.007 -0.985 -0.0 0.115 0.132 0.684 0.0 -0.729 -0.032 0.987 0.0 0.04 0.157 
0.999 -0.017 0.029 0.006 -0.753 -0.0 -0.658 -0.013 -0.983 -0.0 -0.11 -0.148 0.989 -0.0 -0.049 -0.14 0.344 -0.0 0.612 -0.712 -0.614 -0.0 -0.789 -0.007 -0.985 0.0 0.115 0.132 0.684 0.0 -0.729 -0.032 0.987 0.0 0.04 0.156 
0.999 -0.017 0.029 0.006 -0.753 -0.0 -0.658 -0.013 -0.983 -0.0 -0.11 -0.148 0.989 0.0 -0.049 -0.14 0.344 0.0 0.612 -0.712 -0.614 -0.0 -0.789 -0.007 -0.985 -0.0 0.115 0.132 0.684 -0.0 -0.729 -0.032 0.987 -0.0 0.04 0.157 
0.999 -0.017 0.029 0.006 -0.753 0.0 -0.658 -0.013 -0.983 -0.0 -0.11 -0.148 0.989 0.0 -0.048 -0.14 0.345 0.0 0.612 -0.711 -0.614 -0.0 -0.789 -0.007 -0.985 -0.0 0.115 0.132 0.684 0.0 -0.729 -0.032 0.987 0.0 0.04 0.156 
0.999 -0.017 0.029 0.006 -0.753 -0.0 -0.658 -0.013 -0.983 -0.0 -0.11 -0.148 0.989 0.0 -0.049 -0.14 0.345 0.0 0.611 -0.713 -0.614 -0.0 -0.789 -0.007 -0.985 0.0 0.115 0.132 0.684 0.0 -0.729 -0.031 0.987 0.0 0.04 0.155 
0.999 -0.017 0.029 0.006 -0.753 -0.0 -0.658 -0.012 -0.983 0.0 -0.109 -0.148 0.989 -0.0 -0.048 -0.14 0.345 0.0 0.61 -0.713 -0.614 -0.0 -0.789 -0.007 -0.985 -0.0 0.115 0.132 0.684 0.0 -0.729 -0.032 0.987 -0.0 0.04 0.156 
0.999 -0.017 0.029 0.006 -0.753 -0.0 -0.658 -0.012 -0.983 -0.0 -0.11 -0.148 0.989 0.0 -0.048 -0.141 0.345 0.0 0.61 -0.713 -0.614 -0.0 -0.789 -0.007 -0.985 -0.0 0.115 0.132 0.684 0.0 -0.729 -0.031 0.987 0.0 0.041 0.155 
0.999 -0.017 0.029 0.006 -0.753 -0.0 -0.658 -0.012 -0.983 -0.0 -0.109 -0.148 0.989 0.0 -0.047 -0.142 0.346 0.0 0.609 -0.714 -0.614 0.0 -0.789 -0.007 -0.985 -0.0 0.115 0.132 0.684 0.0 -0.729 -0.031 0.987 0.0 0.041 0.155 
0.999 -0.017 0.029 0.006 -0.753 -0.0 -0.658 -0.011 -0.983 -0.0 -0.109 -0.148 0.989 0.0 -0.047 -0.143 0.347 -0.0 0.608 -0.714 -0.614 -0.0 -0.789 -0.007 -0.985 -0.0 0.115 0.132 0.684 0.0 -0.729 -0.031 0.987 0.0 0.04 0.155 
0.999 -0.017 0.029 0.006 -0.753 0.0 -0.658 -0.011 -0.983 -0.0 -0.109 -0.148 0.988 0.0 -0.046 -0.144 0.347 0.0 0.608 -0.714 -0.614 -0.0 -0.789 -0.007 -0.985 -0.0 0.115 0.132 0.684 0.0 -0.729 -0.032 0.987 0.0 0.041 0.155 
0.999 -0.017 0.029 0.006 -0.753 -0.0 -0.658 -0.011 -0.983 -0.0 -0.109 -0.148 0.988 0.0 -0.046 -0.145 0.348 0.0 0.606 -0.715 -0.614 0.0 -0.789 -0.007 -0.985 0.0 0.115 0.132 0.683 0.0 -0.729 -0.032 0.987 0.0 0.041 0.155 
0.999 -0.017 0.029 0.006 -0.753 -0.0 -0.658 -0.011 -0.983 0.0 -0.109 -0.148 0.988 0.0 -0.045 -0.147 0.349 0.0 0.604 -0.716 -0.614 -0.0 -0.789 -0.008 -0.985 -0.0 0.115 0.132 0.684 -0.0 -0.729 -0.032 0.987 0.0 0.041 0.155 
0.999 -0.017 0.029 0.007 -0.753 -0.0 -0.658 -0.011 -0.983 -0.0 -0.109 -0.148 0.988 0.0 -0.044 -0.149 0.349 0.0 0.603 -0.717 -0.614 -0.0 -0.789 -0.007 -0.985 -0.0 0.114 0.132 0.684 0.0 -0.729 -0.032 0.987 0.0 0.041 0.155 
0.999 -0.016 0.029 0.007 -0.753 0.0 -0.658 -0.01 -0.983 0.0 -0.108 -0.148 0.988 0.0 -0.042 -0.151 0.351 -0.0 0.602 -0.717 -0.614 -0.0 -0.789 -0.008 -0.985 -0.0 0.114 0.133 0.684 0.0 -0.729 -0.032 0.987 0.0 0.04 0.155 
0.999 -0.016 0.029 0.007 -0.753 0.0 -0.658 -0.01 -0.983 0.0 -0.108 -0.148 0.987 0.0 -0.042 -0.153 0.351 -0.0 0.6 -0.719 -0.614 -0.0 -0.789 -0.008 -0.985 0.0 0.114 0.132 0.684 0.0 -0.729 -0.032 0.987 0.0 0.041 0.155 
0.999 -0.016 0.029 0.007 -0.753 -0.0 -0.657 -0.01 -0.983 0.0 -0.108 -0.148 0.987 0.0 -0.041 -0.156 0.352 0.0 0.599 -0.719 -0.614 -0.0 -0.789 -0.008 -0.985 0.0 0.114 0.133 0.684 0.0 -0.729 -0.032 0.987 0.0 0.041 0.155 
0.999 -0.016 0.029 0.007 -0.753 0.0 -0.657 -0.01 -0.983 -0.0 -0.108 -0.147 0.987 0.0 -0.04 -0.158 0.353 0.0 0.597 -0.72 -0.614 -0.0 -0.789 -0.009 -0.985 -0.0 0.114 0.133 0.684 0.0 -0.729 -0.033 0.987 0.0 0.04 0.155 
0.999 -0.016 0.029 0.007 -0.754 -0.0 -0.657 -0.01 -0.983 0.0 -0.108 -0.147 0.986 0.0 -0.039 -0.161 0.354 0.0 0.595 -0.721 -0.614 -0.0 -0.789 -0.009 -0.985 -0.0 0.114 0.133 0.683 0.0 -0.729 -0.033 0.987 0.0 0.04 0.155 
0.999 -0.016 0.029 0.007 -0.754 -0.0 -0.657 -0.01 -0.983 -0.0 -0.108 -0.147 0.986 0.0 -0.037 -0.164 0.355 0.0 0.593 -0.723 -0.614 0.0 -0.789 -0.009 -0.984 -0.0 0.114 0.133 0.683 0.0 -0.729 -0.033 0.987 0.0 0.04 0.155 
0.999 -0.016 0.029 0.007 -0.754 -0.0 -0.657 -0.01 -0.983 0.0 -0.108 -0.146 0.985 -0.0 -0.036 -0.166 0.357 0.0 0.591 -0.724 -0.614 -0.0 -0.789 -0.009 -0.985 -0.0 0.114 0.133 0.683 0.0 -0.729 -0.033 0.987 0.0 0.04 0.155 
0.999 -0.016 0.029 0.007 -0.754 -0.0 -0.657 -0.01 -0.983 -0.0 -0.108 -0.146 0.985 0.0 -0.035 -0.17 0.358 -0.0 0.588 -0.725 -0.614 -0.0 -0.789 -0.01 -0.984 -0.0 0.114 0.133 0.683 0.0 -0.729 -0.033 0.987 0.0 0.04 0.155 
0.999 -0.016 0.029 0.007 -0.754 -0.0 -0.657 -0.01 -0.983 0.0 -0.108 -0.147 0.984 0.0 -0.034 -0.174 0.359 0.0 0.586 -0.727 -0.614 -0.0 -0.789 -0.01 -0.984 -0.0 0.114 0.133 0.683 0.0 -0.729 -0.033 0.987 -0.0 0.04 0.155 
0.999 -0.016 0.029 0.007 -0.754 -0.0 -0.657 -0.01 -0.983 -0.0 -0.108 -0.146 0.983 -0.0 -0.033 -0.178 0.361 0.0 0.584 -0.727 -0.614 -0.0 -0.789 -0.01 -0.984 -0.0 0.115 0.133 0.683 -0.0 -0.729 -0.034 0.987 0.0 0.04 0.155 
0.999 -0.016 0.029 0.007 -0.754 0.0 -0.657 -0.01 -0.983 -0.0 -0.108 -0.146 0.983 0.0 -0.032 -0.181 0.363 0.0 0.581 -0.728 -0.614 -0.0 -0.789 -0.01 -0.984 -0.0 0.114 0.133 0.683 -0.0 -0.729 -0.034 0.987 0.0 0.04 0.155 
0.999 -0.016 0.029 0.007 -0.754 -0.0 -0.657 -0.01 -0.983 -0.0 -0.108 -0.147 0.982 0.0 -0.03 -0.186 0.364 0.0 0.579 -0.73 -0.614 -0.0 -0.789 -0.01 -0.984 -0.0 0.115 0.134 0.683 0.0 -0.729 -0.034 0.987 -0.0 0.04 0.155 
0.999 -0.016 0.029 0.007 -0.754 -0.0 -0.657 -0.01 -0.983 -0.0 -0.108 -0.146 0.981 0.0 -0.029 -0.19 0.366 0.0 0.577 -0.73 -0.614 -0.0 -0.789 -0.011 -0.984 -0.0 0.115 0.134 0.683 0.0 -0.729 -0.034 0.987 0.0 0.04 0.155 
0.999 -0.016 0.029 0.007 -0.754 -0.0 -0.657 -0.01 -0.983 -0.0 -0.108 -0.147 0.98 0.0 -0.028 -0.195 0.368 0.0 0.575 -0.731 -0.614 -0.0 -0.789 -0.011 -0.984 -0.0 0.115 0.134 0.683 -0.0 -0.729 -0.034 0.987 0.0 0.04 0.155 
0.999 -0.016 0.029 0.007 -0.754 -0.0 -0.657 -0.01 -0.983 -0.0 -0.108 -0.147 0.979 0.0 -0.027 -0.2 0.37 -0.0 0.573 -0.731 -0.614 -0.0 -0.789 -0.011 -0.984 -0.0 0.115 0.134 0.683 0.0 -0.729 -0.035 0.987 0.0 0.039 0.155 
0.999 -0.015 0.029 0.007 -0.754 -0.0 -0.657 -0.01 -0.983 -0.0 -0.108 -0.147 0.979 0.0 -0.025 -0.205 0.372 0.0 0.571 -0.732 -0.614 -0.0 -0.789 -0.011 -0.984 -0.0 0.115 0.134 0.683 0.0 -0.729 -0.035 0.987 0.0 0.04 0.155 
0.999 -0.015 0.029 0.007 -0.754 -0.0 -0.657 -0.01 -0.983 -0.0 -0.108 -0.147 0.978 0.0 -0.024 -0.21 0.374 0.0 0.569 -0.732 -0.614 -0.0 -0.789 -0.011 -0.984 -0.0 0.115 0.134 0.683 -0.0 -0.729 -0.035 0.987 0.0 0.039 0.155 
0.999 -0.015 0.029 0.008 -0.754 -0.0 -0.657 -0.01 -0.983 -0.0 -0.108 -0.147 0.976 0.0 -0.023 -0.214 0.377 0.0 0.568 -0.732 -0.614 -0.0 -0.789 -0.012 -0.984 -0.0 0.115 0.134 0.683 0.0 -0.729 -0.036 0.987 0.0 0.04 0.156 
0.999 -0.015 0.029 0.008 -0.754 0.0 -0.657 -0.01 -0.983 -0.0 -0.108 -0.147 0.975 0.0 -0.02 -0.219 0.379 0.0 0.566 -0.732 -0.614 -0.0 -0.789 -0.012 -0.984 -0.0 0.115 0.134 0.683 0.0 -0.729 -0.036 0.987 0.0 0.039 0.155 
0.999 -0.015 0.029 0.008 -0.754 -0.0 -0.657 -0.01 -0.983 -0.0 -0.108 -0.147 0.974 0.0 -0.018 -0.225 0.381 0.0 0.564 -0.733 -0.614 -0.0 -0.789 -0.012 -0.984 -0.0 0.114 0.134 0.683 0.0 -0.729 -0.036 0.987 0.0 0.04 0.156 
0.999 -0.015 0.029 0.008 -0.754 -0.0 -0.657 -0.01 -0.983 -0.0 -0.108 -0.147 0.973 0.0 -0.017 -0.229 0.384 0.0 0.563 -0.732 -0.614 -0.0 -0.789 -0.012 -0.984 -0.0 0.114 0.134 0.683 0.0 -0.729 -0.036 0.987 0.0 0.04 0.156 
0.999 -0.015 0.029 0.008 -0.754 -0.0 -0.657 -0.011 -0.983 -0.0 -0.108 -0.147 0.972 0.0 -0.015 -0.234 0.386 -0.0 0.561 -0.732 -0.614 0.0 -0.789 -0.013 -0.984 -0.0 0.115 0.135 0.683 0.0 -0.729 -0.037 0.987 0.0 0.039 0.156 
0.999 -0.015 0.029 0.008 -0.754 -0.0 -0.657 -0.01 -0.983 -0.0 -0.108 -0.147 0.971 0.0 -0.014 -0.239 0.388 0.0 0.559 -0.733 -0.614 -0.0 -0.789 -0.013 -0.984 -0.0 0.114 0.135 0.683 0.0 -0.729 -0.037 0.987 0.0 0.039 0.156 
0.999 -0.015 0.029 0.009 -0.754 -0.0 -0.657 -0.011 -0.983 -0.0 -0.108 -0.146 0.97 0.0 -0.012 -0.244 0.39 0.0 0.557 -0.733 -0.614 -0.0 -0.789 -0.013 -0.984 -0.0 0.114 0.135 0.683 0.0 -0.729 -0.037 0.987 0.0 0.039 0.156 
0.999 -0.015 0.029 0.009 -0.754 0.0 -0.657 -0.011 -0.983 -0.0 -0.108 -0.146 0.968 0.0 -0.011 -0.25 0.392 0.0 0.555 -0.734 -0.614 -0.0 -0.789 -0.013 -0.984 -0.0 0.114 0.135 0.683 0.0 -0.729 -0.037 0.987 0.0 0.039 0.156 
0.999 -0.015 0.029 0.009 -0.753 -0.0 -0.657 -0.012 -0.983 -0.0 -0.108 -0.146 0.967 0.0 -0.01 -0.254 0.394 0.0 0.554 -0.734 -0.614 -0.0 -0.789 -0.014 -0.984 -0.0 0.114 0.136 0.683 0.0 -0.729 -0.038 0.987 -0.0 0.039 0.156 
0.999 -0.015 0.029 0.009 -0.753 -0.0 -0.657 -0.012 -0.983 -0.0 -0.108 -0.147 0.966 0.0 -0.008 -0.26 0.396 0.0 0.552 -0.734 -0.614 -0.0 -0.789 -0.014 -0.984 -0.0 0.114 0.136 0.683 0.0 -0.729 -0.038 0.987 0.0 0.039 0.156 
0.999 -0.014 0.029 0.009 -0.753 -0.0 -0.657 -0.012 -0.983 0.0 -0.107 -0.146 0.964 0.0 -0.007 -0.265 0.398 0.0 0.55 -0.734 -0.614 -0.0 -0.789 -0.014 -0.984 -0.0 0.114 0.136 0.683 0.0 -0.729 -0.038 0.987 0.0 0.039 0.156 
0.999 -0.014 0.029 0.01 -0.753 0.0 -0.657 -0.012 -0.983 0.0 -0.107 -0.146 0.963 0.0 -0.006 -0.271 0.4 0.0 0.548 -0.734 -0.614 -0.0 -0.789 -0.015 -0.984 -0.0 0.114 0.136 0.683 -0.0 -0.729 -0.039 0.987 -0.0 0.039 0.157 
0.999 -0.014 0.029 0.01 -0.753 0.0 -0.658 -0.013 -0.983 -0.0 -0.107 -0.146 0.961 0.0 -0.004 -0.276 0.402 0.0 0.547 -0.734 -0.614 -0.0 -0.789 -0.015 -0.984 -0.0 0.114 0.136 0.683 -0.0 -0.729 -0.039 0.987 0.0 0.039 0.156 
0.999 -0.014 0.029 0.01 -0.753 -0.0 -0.658 -0.013 -0.983 -0.0 -0.107 -0.146 0.96 0.0 -0.001 -0.281 0.404 0.0 0.546 -0.734 -0.614 -0.0 -0.789 -0.015 -0.984 -0.0 0.114 0.137 0.683 0.0 -0.729 -0.04 0.987 0.0 0.038 0.156 
0.999 -0.014 0.029 0.01 -0.753 -0.0 -0.658 -0.013 -0.983 0.0 -0.107 -0.146 0.958 0.0 0.0 -0.285 0.406 0.0 0.543 -0.735 -0.614 -0.0 -0.789 -0.016 -0.984 -0.0 0.114 0.137 0.683 0.0 -0.729 -0.04 0.987 0.0 0.038 0.156 
0.999 -0.014 0.029 0.01 -0.753 -0.0 -0.658 -0.014 -0.983 -0.0 -0.107 -0.147 0.957 0.0 0.001 -0.29 0.408 0.0 0.542 -0.735 -0.614 0.0 -0.789 -0.016 -0.984 0.0 0.114 0.137 0.683 0.0 -0.729 -0.04 0.987 0.0 0.038 0.156 
0.999 -0.014 0.029 0.011 -0.753 -0.0 -0.658 -0.014 -0.983 -0.0 -0.111 -0.146 0.955 0.0 0.003 -0.295 0.41 0.0 0.541 -0.735 -0.614 0.0 -0.789 -0.016 -0.984 -0.0 0.114 0.137 0.683 0.0 -0.729 -0.04 0.987 0.0 0.038 0.156 
0.999 -0.014 0.029 0.011 -0.753 -0.0 -0.658 -0.014 -0.983 -0.0 -0.107 -0.147 0.954 -0.0 0.003 -0.3 0.412 0.0 0.54 -0.734 -0.614 -0.0 -0.789 -0.017 -0.984 -0.0 0.114 0.138 0.683 0.0 -0.729 -0.04 0.987 0.0 0.038 0.156 
0.999 -0.014 0.029 0.011 -0.753 -0.0 -0.658 -0.014 -0.983 -0.0 -0.107 -0.147 0.952 0.0 0.004 -0.305 0.413 0.0 0.539 -0.734 -0.614 -0.0 -0.789 -0.017 -0.984 -0.0 0.114 0.138 0.683 0.0 -0.729 -0.04 0.987 -0.0 0.038 0.156 
0.999 -0.014 0.029 0.011 -0.752 -0.0 -0.659 -0.015 -0.983 -0.0 -0.107 -0.148 0.951 0.0 0.005 -0.309 0.415 0.0 0.538 -0.734 -0.614 -0.0 -0.789 -0.017 -0.984 -0.0 0.113 0.138 0.683 0.0 -0.729 -0.041 0.987 0.0 0.038 0.156 
0.999 -0.014 0.029 0.011 -0.752 -0.0 -0.659 -0.015 -0.983 0.0 -0.107 -0.148 0.95 0.0 0.006 -0.314 0.417 0.0 0.538 -0.733 -0.614 -0.0 -0.789 -0.018 -0.984 0.0 0.113 0.138 0.683 0.0 -0.729 -0.041 0.987 0.0 0.038 0.157 
0.999 -0.013 0.029 0.011 -0.752 -0.0 -0.659 -0.015 -0.983 -0.0 -0.107 -0.148 0.948 0.0 0.007 -0.318 0.418 0.0 0.537 -0.733 -0.615 -0.0 -0.789 -0.018 -0.984 -0.0 0.113 0.139 0.683 0.0 -0.729 -0.041 0.987 0.0 0.038 0.156 
0.999 -0.013 0.028 0.012 -0.752 -0.0 -0.659 -0.016 -0.983 0.0 -0.107 -0.148 0.947 0.0 0.008 -0.322 0.419 0.0 0.537 -0.732 -0.614 -0.0 -0.789 -0.018 -0.984 0.0 0.113 0.139 0.683 -0.0 -0.729 -0.042 0.987 0.0 0.038 0.157 
0.999 -0.013 0.028 0.012 -0.752 -0.0 -0.659 -0.016 -0.983 -0.0 -0.107 -0.148 0.945 0.0 0.009 -0.326 0.421 0.0 0.537 -0.731 -0.615 -0.0 -0.789 -0.019 -0.984 -0.0 0.113 0.139 0.683 0.0 -0.729 -0.042 0.987 0.0 0.038 0.157 
0.999 -0.013 0.029 0.012 -0.752 -0.0 -0.659 -0.017 -0.983 0.0 -0.106 -0.148 0.944 0.0 0.01 -0.33 0.422 0.0 0.537 -0.731 -0.615 -0.0 -0.789 -0.019 -0.984 -0.0 0.113 0.139 0.683 0.0 -0.729 -0.042 0.987 0.0 0.037 0.157 
0.999 -0.013 0.029 0.012 -0.751 -0.0 -0.66 -0.017 -0.983 0.0 -0.107 -0.149 0.943 0.0 0.011 -0.333 0.424 0.0 0.537 -0.73 -0.615 -0.0 -0.789 -0.019 -0.984 0.0 0.113 0.139 0.683 0.0 -0.729 -0.042 0.987 0.0 0.037 0.157 
0.999 -0.013 0.029 0.012 -0.751 -0.0 -0.66 -0.018 -0.983 -0.0 -0.106 -0.149 0.942 0.0 0.011 -0.336 0.425 0.0 0.536 -0.729 -0.615 -0.0 -0.789 -0.019 -0.984 -0.0 0.113 0.139 0.683 0.0 -0.729 -0.043 0.987 0.0 0.037 0.156 
0.999 -0.013 0.029 0.012 -0.751 -0.0 -0.66 -0.018 -0.983 -0.0 -0.106 -0.149 0.94 0.0 0.012 -0.34 0.426 0.0 0.536 -0.729 -0.615 -0.0 -0.789 -0.019 -0.984 -0.0 0.113 0.139 0.683 0.0 -0.729 -0.043 0.987 -0.0 0.037 0.157 
0.999 -0.013 0.029 0.012 -0.751 -0.0 -0.66 -0.019 -0.983 -0.0 -0.106 -0.149 0.939 0.0 0.013 -0.343 0.427 -0.0 0.537 -0.728 -0.615 -0.0 -0.789 -0.02 -0.984 0.0 0.113 0.139 0.683 -0.0 -0.729 -0.043 0.987 -0.0 0.037 0.157 
0.999 -0.013 0.029 0.012 -0.751 -0.0 -0.66 -0.019 -0.983 0.0 -0.11 -0.148 0.938 -0.0 0.013 -0.346 0.428 0.0 0.536 -0.727 -0.615 -0.0 -0.789 -0.02 -0.984 -0.0 0.114 0.139 0.683 0.0 -0.729 -0.043 0.987 0.0 0.037 0.156 
0.999 -0.013 0.029 0.011 -0.75 -0.0 -0.661 -0.019 -0.983 0.0 -0.11 -0.148 0.937 0.0 0.014 -0.348 0.429 0.0 0.537 -0.726 -0.615 -0.0 -0.789 -0.02 -0.984 -0.0 0.114 0.139 0.683 -0.0 -0.729 -0.043 0.987 0.0 0.037 0.156 
0.999 -0.013 0.028 0.011 -0.75 -0.0 -0.661 -0.02 -0.983 0.0 -0.11 -0.148 0.936 0.0 0.014 -0.351 0.43 -0.0 0.538 -0.725 -0.615 -0.0 -0.789 -0.02 -0.984 -0.0 0.114 0.139 0.683 0.0 -0.729 -0.043 0.987 -0.0 0.037 0.156 
0.999 -0.013 0.028 0.011 -0.75 -0.0 -0.661 -0.02 -0.983 -0.0 -0.11 -0.148 0.935 0.0 0.015 -0.353 0.431 0.0 0.538 -0.724 -0.615 -0.0 -0.789 -0.02 -0.984 -0.0 0.113 0.139 0.683 -0.0 -0.729 -0.043 0.987 -0.0 0.037 0.156 
0.999 -0.013 0.028 0.011 -0.75 -0.0 -0.662 -0.021 -0.983 -0.0 -0.11 -0.148 0.935 0.0 0.015 -0.355 0.432 0.0 0.538 -0.724 -0.615 -0.0 -0.789 -0.02 -0.984 -0.0 0.114 0.139 0.683 0.0 -0.729 -0.043 0.987 0.0 0.037 0.157 
0.999 -0.013 0.028 0.011 -0.749 -0.0 -0.662 -0.021 -0.983 -0.0 -0.11 -0.149 0.934 0.0 0.016 -0.357 0.432 -0.0 0.538 -0.724 -0.615 -0.0 -0.789 -0.02 -0.984 -0.0 0.114 0.139 0.683 0.0 -0.729 -0.043 0.987 0.0 0.037 0.156 
0.999 -0.013 0.028 0.011 -0.749 -0.0 -0.662 -0.021 -0.983 -0.0 -0.11 -0.148 0.933 0.0 0.016 -0.359 0.433 0.0 0.538 -0.723 -0.615 0.0 -0.789 -0.02 -0.984 -0.0 0.114 0.139 0.683 0.0 -0.729 -0.043 0.987 0.0 0.037 0.156 
0.999 -0.013 0.028 0.01 -0.749 -0.0 -0.662 -0.022 -0.983 0.0 -0.11 -0.148 0.933 -0.0 0.016 -0.361 0.433 0.0 0.538 -0.723 -0.615 -0.0 -0.789 -0.02 -0.984 -0.0 0.114 0.139 0.683 0.0 -0.729 -0.043 0.987 0.0 0.037 0.156 
0.999 -0.012 0.028 0.01 -0.749 -0.0 -0.662 -0.022 -0.983 0.0 -0.11 -0.148 0.932 0.0 0.017 -0.362 0.434 0.0 0.538 -0.722 -0.615 -0.0 -0.788 -0.02 -0.984 -0.0 0.114 0.139 0.683 0.0 -0.729 -0.043 0.987 0.0 0.037 0.156 
0.999 -0.013 0.028 0.01 -0.749 -0.0 -0.663 -0.023 -0.983 -0.0 -0.11 -0.148 0.932 -0.0 0.017 -0.363 0.434 -0.0 0.539 -0.722 -0.615 -0.0 -0.788 -0.02 -0.984 -0.0 0.114 0.139 0.683 0.0 -0.729 -0.042 0.987 0.0 0.037 0.156 
0.999 -0.013 0.028 0.009 -0.748 -0.0 -0.663 -0.023 -0.983 -0.0 -0.11 -0.148 0.931 -0.0 0.017 -0.363 0.434 0.0 0.539 -0.722 -0.615 -0.0 -0.788 -0.02 -0.984 -0.0 0.114 0.138 0.683 0.0 -0.729 -0.041 0.987 0.0 0.038 0.156 
0.999 -0.013 0.028 0.01 -0.748 -0.0 -0.663 -0.024 -0.983 -0.0 -0.11 -0.148 0.931 0.0 0.017 -0.365 0.434 0.0 0.54 -0.721 -0.615 0.0 -0.789 -0.02 -0.984 -0.0 0.114 0.139 0.683 0.0 -0.729 -0.042 0.987 0.0 0.037 0.156 
0.999 -0.013 0.028 0.009 -0.748 -0.0 -0.663 -0.024 -0.983 -0.0 -0.11 -0.148 0.931 0.0 0.017 -0.365 0.435 0.0 0.54 -0.721 -0.615 -0.0 -0.788 -0.02 -0.984 -0.0 0.114 0.138 0.683 0.0 -0.73 -0.041 0.987 0.0 0.038 0.155 
0.999 -0.013 0.028 0.009 -0.748 -0.0 -0.663 -0.024 -0.983 -0.0 -0.11 -0.147 0.931 0.0 0.017 -0.365 0.435 0.0 0.54 -0.721 -0.615 0.0 -0.788 -0.02 -0.984 -0.0 0.114 0.138 0.683 -0.0 -0.73 -0.041 0.987 -0.0 0.038 0.155 
0.999 -0.013 0.028 0.008 -0.748 -0.0 -0.664 -0.025 -0.983 -0.0 -0.11 -0.147 0.93 0.0 0.017 -0.366 0.435 -0.0 0.54 -0.721 -0.615 -0.0 -0.788 -0.02 -0.984 0.0 0.114 0.138 0.683 -0.0 -0.73 -0.04 0.987 0.0 0.038 0.155 
0.999 -0.013 0.028 0.009 -0.747 0.0 -0.664 -0.025 -0.983 -0.0 -0.11 -0.147 0.93 -0.0 0.017 -0.366 0.434 -0.0 0.54 -0.721 -0.615 -0.0 -0.789 -0.02 -0.984 -0.0 0.114 0.138 0.683 0.0 -0.73 -0.041 0.987 0.0 0.038 0.156 
0.999 -0.013 0.028 0.008 -0.747 -0.0 -0.664 -0.026 -0.983 -0.0 -0.11 -0.147 0.93 0.0 0.017 -0.366 0.434 0.0 0.539 -0.721 -0.615 -0.0 -0.788 -0.019 -0.984 -0.0 0.114 0.138 0.683 0.0 -0.73 -0.041 0.987 0.0 0.038 0.155 
0.999 -0.013 0.028 0.008 -0.747 -0.0 -0.664 -0.026 -0.983 -0.0 -0.109 -0.146 0.93 0.0 0.017 -0.366 0.434 0.0 0.539 -0.721 -0.615 0.0 -0.788 -0.019 -0.984 0.0 0.114 0.138 0.683 0.0 -0.73 -0.04 0.987 0.0 0.038 0.155 
0.999 -0.013 0.028 0.008 -0.747 -0.0 -0.665 -0.026 -0.983 0.0 -0.11 -0.146 0.931 0.0 0.017 -0.365 0.434 0.0 0.539 -0.722 -0.615 -0.0 -0.788 -0.019 -0.984 -0.0 0.114 0.138 0.683 0.0 -0.73 -0.04 0.987 0.0 0.038 0.155 
0.999 -0.013 0.028 0.008 -0.747 -0.0 -0.665 -0.026 -0.983 -0.0 -0.11 -0.147 0.931 0.0 0.016 -0.365 0.435 0.0 0.539 -0.722 -0.615 -0.0 -0.788 -0.019 -0.984 -0.0 0.114 0.138 0.683 0.0 -0.73 -0.04 0.987 0.0 0.038 0.155 
0.999 -0.013 0.028 0.007 -0.747 -0.0 -0.665 -0.026 -0.983 0.0 -0.11 -0.147 0.931 0.0 0.016 -0.364 0.434 0.0 0.538 -0.722 -0.615 -0.0 -0.788 -0.019 -0.984 -0.0 0.114 0.138 0.683 -0.0 -0.73 -0.04 0.987 0.0 0.038 0.155 
0.999 -0.013 0.028 0.007 -0.746 0.0 -0.665 -0.026 -0.983 -0.0 -0.11 -0.146 0.932 0.0 0.016 -0.363 0.434 0.0 0.538 -0.722 -0.615 -0.0 -0.788 -0.019 -0.984 0.0 0.115 0.137 0.683 0.0 -0.73 -0.04 0.987 0.0 0.038 0.156 
0.999 -0.013 0.028 0.007 -0.746 -0.0 -0.665 -0.026 -0.983 -0.0 -0.11 -0.146 0.932 0.0 0.015 -0.362 0.434 0.0 0.537 -0.723 -0.615 -0.0 -0.788 -0.019 -0.984 -0.0 0.115 0.138 0.682 0.0 -0.73 -0.039 0.987 0.0 0.038 0.155 
0.999 -0.013 0.028 0.007 -0.746 -0.0 -0.665 -0.026 -0.983 -0.0 -0.11 -0.147 0.933 0.0 0.015 -0.361 0.434 0.0 0.537 -0.723 -0.615 -0.0 -0.788 -0.019 -0.984 -0.0 0.114 0.138 0.682 0.0 -0.73 -0.039 0.987 0.0 0.038 0.155 
0.999 -0.013 0.028 0.007 -0.746 -0.0 -0.665 -0.026 -0.983 0.0 -0.11 -0.147 0.933 0.0 0.014 -0.359 0.434 -0.0 0.537 -0.724 -0.615 -0.0 -0.788 -0.019 -0.984 -0.0 0.114 0.138 0.682 0.0 -0.73 -0.039 0.987 0.0 0.038 0.155 
0.999 -0.013 0.028 0.006 -0.746 -0.0 -0.666 -0.026 -0.983 -0.0 -0.11 -0.148 0.934 -0.0 0.013 -0.358 0.433 0.0 0.536 -0.724 -0.615 -0.0 -0.788 -0.019 -0.984 0.0 0.115 0.138 0.682 0.0 -0.73 -0.039 0.987 0.0 0.039 0.155 
0.999 -0.013 0.028 0.006 -0.746 -0.0 -0.666 -0.026 -0.983 -0.0 -0.109 -0.148 0.934 0.0 0.013 -0.356 0.433 0.0 0.535 -0.725 -0.615 -0.0 -0.788 -0.019 -0.984 -0.0 0.115 0.137 0.682 -0.0 -0.73 -0.039 0.987 0.0 0.039 0.155 
0.999 -0.013 0.028 0.006 -0.746 -0.0 -0.666 -0.026 -0.983 -0.0 -0.11 -0.148 0.935 0.0 0.012 -0.354 0.433 0.0 0.536 -0.725 -0.615 -0.0 -0.788 -0.018 -0.984 -0.0 0.115 0.138 0.682 -0.0 -0.73 -0.039 0.987 0.0 0.039 0.155 
0.999 -0.013 0.028 0.006 -0.746 -0.0 -0.666 -0.026 -0.983 -0.0 -0.111 -0.147 0.936 0.0 0.011 -0.352 0.433 0.0 0.535 -0.726 -0.615 0.0 -0.789 -0.018 -0.984 -0.0 0.115 0.138 0.682 0.0 -0.73 -0.039 0.987 0.0 0.038 0.156 
0.999 -0.013 0.028 0.006 -0.746 -0.0 -0.666 -0.026 -0.983 -0.0 -0.111 -0.147 0.937 0.0 0.011 -0.35 0.432 0.0 0.534 -0.726 -0.615 -0.0 -0.789 -0.018 -0.984 -0.0 0.115 0.138 0.682 0.0 -0.73 -0.038 0.987 -0.0 0.038 0.155 
0.999 -0.013 0.028 0.006 -0.746 -0.0 -0.666 -0.025 -0.983 -0.0 -0.111 -0.148 0.938 0.0 0.01 -0.348 0.432 0.0 0.534 -0.727 -0.615 0.0 -0.788 -0.018 -0.984 -0.0 0.115 0.137 0.682 0.0 -0.73 -0.038 0.987 0.0 0.039 0.155 
0.999 -0.014 0.028 0.006 -0.746 0.0 -0.666 -0.025 -0.983 -0.0 -0.111 -0.148 0.938 0.0 0.009 -0.346 0.431 0.0 0.534 -0.728 -0.615 -0.0 -0.789 -0.018 -0.984 0.0 0.115 0.137 0.683 0.0 -0.73 -0.039 0.987 0.0 0.038 0.157 
0.999 -0.014 0.028 0.006 -0.746 -0.0 -0.666 -0.025 -0.983 -0.0 -0.111 -0.147 0.939 0.0 0.008 -0.343 0.43 -0.0 0.534 -0.728 -0.615 -0.0 -0.789 -0.017 -0.984 -0.0 0.115 0.137 0.683 0.0 -0.73 -0.039 0.987 -0.0 0.038 0.156 
0.999 -0.014 0.028 0.006 -0.746 0.0 -0.666 -0.024 -0.983 0.0 -0.111 -0.148 0.94 0.0 0.007 -0.34 0.429 0.0 0.533 -0.729 -0.615 -0.0 -0.789 -0.017 -0.984 -0.0 0.115 0.137 0.682 0.0 -0.73 -0.038 0.987 0.0 0.038 0.156 
0.999 -0.014 0.028 0.006 -0.746 -0.0 -0.666 -0.024 -0.983 -0.0 -0.111 -0.148 0.941 -0.0 0.006 -0.337 0.429 0.0 0.533 -0.729 -0.615 -0.0 -0.788 -0.017 -0.984 -0.0 0.115 0.137 0.682 0.0 -0.73 -0.038 0.987 0.0 0.038 0.156 
0.999 -0.014 0.028 0.006 -0.746 -0.0 -0.666 -0.024 -0.983 -0.0 -0.111 -0.148 0.942 -0.0 0.005 -0.335 0.428 -0.0 0.533 -0.73 -0.615 -0.0 -0.789 -0.017 -0.984 -0.0 0.115 0.137 0.683 0.0 -0.73 -0.038 0.987 0.0 0.038 0.156 
0.999 -0.014 0.028 0.006 -0.746 -0.0 -0.666 -0.024 -0.983 -0.0 -0.111 -0.147 0.943 0.0 0.004 -0.331 0.427 0.0 0.533 -0.731 -0.615 0.0 -0.789 -0.017 -0.984 0.0 0.115 0.137 0.683 0.0 -0.73 -0.038 0.987 0.0 0.038 0.157 
0.999 -0.014 0.028 0.006 -0.746 -0.0 -0.666 -0.024 -0.983 -0.0 -0.111 -0.147 0.945 0.0 0.003 -0.328 0.426 0.0 0.533 -0.731 -0.615 -0.0 -0.789 -0.017 -0.984 -0.0 0.115 0.137 0.683 0.0 -0.73 -0.038 0.987 0.0 0.038 0.157 
0.999 -0.014 0.028 0.006 -0.746 0.0 -0.666 -0.023 -0.983 -0.0 -0.111 -0.147 0.946 -0.0 0.002 -0.325 0.425 0.0 0.533 -0.731 -0.615 -0.0 -0.789 -0.017 -0.984 -0.0 0.115 0.137 0.683 0.0 -0.73 -0.038 0.987 0.0 0.038 0.157 
0.999 -0.014 0.028 0.006 -0.746 -0.0 -0.666 -0.023 -0.983 -0.0 -0.111 -0.148 0.947 0.0 0.001 -0.322 0.424 -0.0 0.534 -0.732 -0.615 0.0 -0.789 -0.016 -0.984 -0.0 0.115 0.137 0.683 -0.0 -0.73 -0.038 0.987 -0.0 0.038 0.157 
0.999 -0.014 0.028 0.006 -0.746 -0.0 -0.666 -0.023 -0.983 0.0 -0.111 -0.147 0.948 0.0 -0.001 -0.318 0.423 0.0 0.534 -0.732 -0.615 -0.0 -0.789 -0.017 -0.984 -0.0 0.115 0.137 0.683 0.0 -0.73 -0.038 0.987 -0.0 0.038 0.157 
0.999 -0.014 0.028 0.006 -0.746 -0.0 -0.666 -0.022 -0.983 -0.0 -0.111 -0.147 0.949 0.0 -0.002 -0.315 0.422 -0.0 0.534 -0.733 -0.615 -0.0 -0.789 -0.016 -0.984 0.0 0.115 0.137 0.683 0.0 -0.73 -0.038 0.987 0.0 0.038 0.157 
0.999 -0.014 0.028 0.006 -0.746 -0.0 -0.666 -0.022 -0.983 -0.0 -0.111 -0.147 0.951 0.0 -0.003 -0.31 0.42 0.0 0.535 -0.733 -0.615 -0.0 -0.789 -0.016 -0.984 -0.0 0.115 0.137 0.683 0.0 -0.73 -0.038 0.987 0.0 0.038 0.157 
0.999 -0.014 0.028 0.006 -0.746 -0.0 -0.666 -0.022 -0.983 0.0 -0.11 -0.147 0.952 -0.0 -0.005 -0.307 0.418 0.0 0.536 -0.733 -0.615 -0.0 -0.789 -0.016 -0.984 0.0 0.115 0.137 0.683 -0.0 -0.73 -0.038 0.987 0.0 0.038 0.157 
0.999 -0.014 0.028 0.006 -0.746 -0.0 -0.665 -0.022 -0.983 0.0 -0.111 -0.147 0.953 0.0 -0.006 -0.302 0.417 0.0 0.536 -0.734 -0.615 -0.0 -0.789 -0.016 -0.984 -0.0 0.115 0.137 0.683 0.0 -0.73 -0.038 0.987 0.0 0.038 0.157 
0.999 -0.014 0.028 0.007 -0.746 -0.0 -0.665 -0.021 -0.983 -0.0 -0.11 -0.146 0.954 0.0 -0.008 -0.299 0.415 -0.0 0.537 -0.735 -0.615 -0.0 -0.789 -0.016 -0.984 0.0 0.115 0.137 0.683 -0.0 -0.729 -0.038 0.987 0.0 0.038 0.157 
0.999 -0.014 0.028 0.007 -0.746 -0.0 -0.665 -0.021 -0.983 0.0 -0.11 -0.146 0.956 0.0 -0.01 -0.295 0.413 -0.0 0.537 -0.735 -0.614 -0.0 -0.789 -0.016 -0.984 -0.0 0.115 0.137 0.683 0.0 -0.729 -0.038 0.987 -0.0 0.038 0.157 
0.999 -0.014 0.028 0.007 -0.746 -0.0 -0.665 -0.021 -0.983 -0.0 -0.11 -0.146 0.957 -0.0 -0.012 -0.29 0.412 0.0 0.538 -0.736 -0.615 -0.0 -0.789 -0.016 -0.984 -0.0 0.115 0.137 0.683 -0.0 -0.729 -0.038 0.987 0.0 0.038 0.157 
0.999 -0.014 0.028 0.007 -0.746 -0.0 -0.665 -0.021 -0.983 -0.0 -0.11 -0.145 0.958 0.0 -0.013 -0.286 0.41 0.0 0.539 -0.736 -0.615 -0.0 -0.789 -0.015 -0.984 0.0 0.115 0.137 0.683 0.0 -0.729 -0.038 0.987 0.0 0.038 0.157 
0.999 -0.014 0.028 0.007 -0.747 -0.0 -0.665 -0.021 -0.983 -0.0 -0.11 -0.146 0.959 0.0 -0.015 -0.282 0.408 -0.0 0.54 -0.736 -0.615 -0.0 -0.789 -0.015 -0.984 -0.0 0.115 0.137 0.683 -0.0 -0.729 -0.038 0.987 -0.0 0.037 0.157 
0.999 -0.014 0.028 0.008 -0.747 0.0 -0.665 -0.021 -0.983 -0.0 -0.11 -0.145 0.961 0.0 -0.017 -0.277 0.406 0.0 0.54 -0.737 -0.614 -0.0 -0.789 -0.015 -0.984 -0.0 0.115 0.137 0.683 0.0 -0.729 -0.039 0.987 0.0 0.037 0.158 
0.999 -0.014 0.028 0.008 -0.747 -0.0 -0.665 -0.021 -0.983 -0.0 -0.109 -0.145 0.962 -0.0 -0.019 -0.273 0.404 0.0 0.541 -0.737 -0.614 -0.0 -0.789 -0.015 -0.984 -0.0 0.115 0.137 0.683 0.0 -0.729 -0.039 0.987 0.0 0.037 0.158 
0.999 -0.014 0.028 0.008 -0.747 -0.0 -0.665 -0.021 -0.983 -0.0 -0.109 -0.145 0.963 0.0 -0.021 -0.269 0.402 0.0 0.542 -0.738 -0.614 -0.0 -0.789 -0.015 -0.984 -0.0 0.115 0.137 0.683 0.0 -0.729 -0.039 0.987 0.0 0.037 0.158 
0.999 -0.014 0.029 0.008 -0.747 -0.0 -0.664 -0.021 -0.983 -0.0 -0.109 -0.145 0.964 0.0 -0.026 -0.264 0.4 0.0 0.543 -0.738 -0.614 -0.0 -0.789 -0.015 -0.984 -0.0 0.115 0.137 0.683 0.0 -0.729 -0.039 0.987 0.0 0.037 0.158 
0.999 -0.014 0.029 0.009 -0.747 0.0 -0.664 -0.021 -0.983 0.0 -0.109 -0.145 0.965 0.0 -0.028 -0.26 0.398 0.0 0.544 -0.738 -0.614 -0.0 -0.789 -0.015 -0.984 0.0 0.115 0.137 0.683 0.0 -0.73 -0.039 0.987 0.0 0.036 0.158 
0.999 -0.015 0.029 0.009 -0.747 -0.0 -0.664 -0.021 -0.983 0.0 -0.108 -0.145 0.966 0.0 -0.031 -0.256 0.396 0.0 0.545 -0.739 -0.614 -0.0 -0.789 -0.015 -0.984 -0.0 0.115 0.137 0.683 -0.0 -0.73 -0.039 0.987 0.0 0.036 0.158 
0.999 -0.015 0.029 0.009 -0.747 -0.0 -0.664 -0.021 -0.984 -0.0 -0.108 -0.145 0.967 -0.0 -0.033 -0.251 0.394 0.0 0.547 -0.739 -0.615 -0.0 -0.789 -0.014 -0.984 -0.0 0.115 0.137 0.683 -0.0 -0.73 -0.039 0.987 0.0 0.036 0.158 
0.999 -0.015 0.029 0.009 -0.748 0.0 -0.664 -0.021 -0.984 -0.0 -0.107 -0.145 0.969 0.0 -0.036 -0.246 0.392 0.0 0.548 -0.739 -0.615 -0.0 -0.789 -0.014 -0.984 -0.0 0.115 0.137 0.683 0.0 -0.73 -0.038 0.987 0.0 0.036 0.158 
0.999 -0.015 0.029 0.009 -0.748 -0.0 -0.664 -0.021 -0.983 -0.0 -0.108 -0.145 0.97 0.0 -0.038 -0.241 0.39 0.0 0.548 -0.74 -0.615 -0.0 -0.789 -0.014 -0.984 -0.0 0.115 0.137 0.683 -0.0 -0.729 -0.038 0.987 0.0 0.036 0.158 
0.999 -0.015 0.029 0.009 -0.748 -0.0 -0.664 -0.021 -0.983 -0.0 -0.107 -0.146 0.971 0.0 -0.041 -0.236 0.388 0.0 0.55 -0.74 -0.615 -0.0 -0.789 -0.014 -0.984 -0.0 0.115 0.137 0.683 0.0 -0.729 -0.038 0.987 0.0 0.036 0.158 
0.999 -0.015 0.029 0.009 -0.748 0.0 -0.663 -0.021 -0.983 -0.0 -0.107 -0.146 0.972 0.0 -0.043 -0.231 0.386 -0.0 0.551 -0.74 -0.615 -0.0 -0.789 -0.013 -0.984 0.0 0.115 0.137 0.683 0.0 -0.729 -0.038 0.987 0.0 0.036 0.158 
0.999 -0.015 0.029 0.009 -0.748 -0.0 -0.663 -0.021 -0.983 -0.0 -0.107 -0.147 0.973 0.0 -0.046 -0.226 0.384 0.0 0.552 -0.74 -0.615 -0.0 -0.789 -0.013 -0.984 -0.0 0.115 0.137 0.683 -0.0 -0.729 -0.038 0.987 -0.0 0.035 0.158 
0.999 -0.015 0.029 0.009 -0.748 -0.0 -0.663 -0.021 -0.983 -0.0 -0.107 -0.147 0.974 0.0 -0.049 -0.221 0.381 0.0 0.554 -0.74 -0.615 -0.0 -0.789 -0.013 -0.984 -0.0 0.115 0.137 0.683 0.0 -0.729 -0.038 0.987 0.0 0.035 0.158 
0.999 -0.015 0.029 0.009 -0.748 -0.0 -0.663 -0.021 -0.983 -0.0 -0.106 -0.147 0.975 -0.0 -0.051 -0.217 0.379 -0.0 0.556 -0.74 -0.615 -0.0 -0.789 -0.013 -0.984 -0.0 0.115 0.137 0.683 0.0 -0.729 -0.038 0.987 0.0 0.035 0.158 
0.999 -0.015 0.029 0.009 -0.748 -0.0 -0.663 -0.02 -0.983 -0.0 -0.107 -0.148 0.976 0.0 -0.053 -0.212 0.376 0.0 0.558 -0.74 -0.615 -0.0 -0.789 -0.013 -0.984 -0.0 0.115 0.137 0.683 -0.0 -0.729 -0.037 0.987 0.0 0.036 0.157 
0.999 -0.015 0.029 0.009 -0.749 -0.0 -0.663 -0.02 -0.984 0.0 -0.102 -0.149 0.977 0.0 -0.056 -0.207 0.374 -0.0 0.56 -0.739 -0.615 -0.0 -0.789 -0.013 -0.984 -0.0 0.115 0.137 0.683 0.0 -0.729 -0.037 0.987 0.0 0.036 0.158 
0.999 -0.015 0.029 0.009 -0.749 0.0 -0.663 -0.02 -0.984 0.0 -0.102 -0.149 0.978 0.0 -0.058 -0.203 0.373 0.0 0.562 -0.738 -0.615 0.0 -0.789 -0.013 -0.984 0.0 0.115 0.137 0.683 0.0 -0.729 -0.037 0.987 0.0 0.036 0.158 
0.999 -0.015 0.029 0.008 -0.749 0.0 -0.662 -0.02 -0.983 -0.0 -0.106 -0.149 0.978 0.0 -0.061 -0.198 0.371 0.0 0.564 -0.738 -0.615 -0.0 -0.789 -0.012 -0.984 -0.0 0.115 0.137 0.683 0.0 -0.729 -0.037 0.987 0.0 0.036 0.158 
0.999 -0.015 0.029 0.008 -0.749 -0.0 -0.662 -0.02 -0.984 -0.0 -0.102 -0.149 0.979 -0.0 -0.063 -0.193 0.369 0.0 0.566 -0.737 -0.615 -0.0 -0.789 -0.012 -0.984 -0.0 0.115 0.137 0.683 0.0 -0.729 -0.036 0.987 0.0 0.036 0.158 
0.999 -0.015 0.029 0.008 -0.749 -0.0 -0.662 -0.02 -0.983 0.0 -0.102 -0.149 0.98 0.0 -0.065 -0.189 0.367 -0.0 0.569 -0.736 -0.615 -0.0 -0.789 -0.012 -0.984 -0.0 0.115 0.137 0.683 -0.0 -0.729 -0.036 0.987 -0.0 0.036 0.158 
0.999 -0.015 0.029 0.008 -0.749 0.0 -0.662 -0.02 -0.983 -0.0 -0.102 -0.149 0.98 0.0 -0.067 -0.185 0.365 0.0 0.571 -0.736 -0.615 -0.0 -0.789 -0.012 -0.984 -0.0 0.115 0.136 0.683 0.0 -0.729 -0.036 0.987 0.0 0.036 0.158 
0.999 -0.015 0.029 0.007 -0.749 -0.0 -0.662 -0.02 -0.983 -0.0 -0.103 -0.149 0.981 0.0 -0.07 -0.18 0.363 0.0 0.572 -0.736 -0.615 -0.0 -0.789 -0.012 -0.984 -0.0 0.115 0.136 0.683 0.0 -0.729 -0.035 0.987 0.0 0.036 0.157 
0.999 -0.015 0.029 0.006 -0.749 -0.0 -0.662 -0.02 -0.983 -0.0 -0.103 -0.149 0.982 0.0 -0.071 -0.176 0.361 0.0 0.574 -0.735 -0.615 0.0 -0.789 -0.012 -0.984 -0.0 0.115 0.136 0.683 0.0 -0.729 -0.035 0.987 0.0 0.036 0.157 
0.999 -0.015 0.029 0.006 -0.749 -0.0 -0.662 -0.02 -0.984 -0.0 -0.103 -0.149 0.982 0.0 -0.073 -0.172 0.36 0.0 0.576 -0.734 -0.615 -0.0 -0.789 -0.012 -0.984 0.0 0.115 0.136 0.683 0.0 -0.73 -0.033 0.987 0.0 0.037 0.155 
0.999 -0.015 0.028 0.006 -0.749 -0.0 -0.662 -0.02 -0.983 -0.0 -0.107 -0.148 0.983 0.0 -0.075 -0.169 0.358 0.0 0.578 -0.733 -0.614 -0.0 -0.789 -0.012 -0.984 0.0 0.115 0.136 0.683 -0.0 -0.729 -0.034 0.987 0.0 0.037 0.156 
0.999 -0.015 0.028 0.005 -0.75 0.0 -0.662 -0.02 -0.983 0.0 -0.108 -0.148 0.983 0.0 -0.076 -0.165 0.357 0.0 0.58 -0.732 -0.614 0.0 -0.789 -0.012 -0.984 -0.0 0.115 0.136 0.683 0.0 -0.73 -0.033 0.987 0.0 0.037 0.156 
0.999 -0.015 0.028 0.005 -0.75 -0.0 -0.662 -0.02 -0.984 0.0 -0.103 -0.148 0.984 0.0 -0.078 -0.162 0.356 0.0 0.581 -0.732 -0.615 -0.0 -0.789 -0.012 -0.984 -0.0 0.115 0.136 0.683 0.0 -0.729 -0.034 0.987 0.0 0.037 0.156 
0.999 -0.015 0.028 0.004 -0.75 0.0 -0.662 -0.019 -0.984 -0.0 -0.104 -0.148 0.984 0.0 -0.079 -0.16 0.355 0.0 0.583 -0.731 -0.614 -0.0 -0.789 -0.011 -0.984 -0.0 0.115 0.135 0.683 0.0 -0.73 -0.032 0.987 0.0 0.038 0.156 
0.999 -0.015 0.028 0.004 -0.75 -0.0 -0.661 -0.02 -0.984 -0.0 -0.104 -0.148 0.984 -0.0 -0.08 -0.157 0.354 -0.0 0.585 -0.73 -0.615 -0.0 -0.789 -0.011 -0.984 -0.0 0.115 0.135 0.683 0.0 -0.73 -0.032 0.987 0.0 0.038 0.155 
0.999 -0.015 0.028 0.003 -0.75 -0.0 -0.661 -0.02 -0.984 -0.0 -0.104 -0.147 0.985 -0.0 -0.081 -0.155 0.353 0.0 0.586 -0.73 -0.614 -0.0 -0.789 -0.011 -0.984 -0.0 0.115 0.135 0.683 -0.0 -0.73 -0.032 0.987 0.0 0.038 0.155 
0.999 -0.015 0.028 0.003 -0.75 -0.0 -0.661 -0.02 -0.984 0.0 -0.104 -0.147 0.985 0.0 -0.082 -0.153 0.352 0.0 0.587 -0.729 -0.615 -0.0 -0.789 -0.012 -0.984 -0.0 0.115 0.135 0.683 -0.0 -0.73 -0.033 0.987 0.0 0.038 0.156 
0.999 -0.015 0.028 0.003 -0.75 -0.0 -0.661 -0.02 -0.984 -0.0 -0.104 -0.146 0.985 0.0 -0.082 -0.151 0.351 0.0 0.588 -0.728 -0.614 -0.0 -0.789 -0.012 -0.984 -0.0 0.115 0.135 0.683 -0.0 -0.73 -0.033 0.987 0.0 0.038 0.156 
0.999 -0.015 0.028 0.002 -0.75 -0.0 -0.661 -0.02 -0.984 0.0 -0.105 -0.146 0.985 -0.0 -0.083 -0.149 0.35 0.0 0.59 -0.728 -0.614 -0.0 -0.789 -0.012 -0.984 -0.0 0.115 0.135 0.683 -0.0 -0.73 -0.032 0.987 0.0 0.037 0.156 
0.999 -0.015 0.028 0.002 -0.75 -0.0 -0.661 -0.02 -0.984 -0.0 -0.105 -0.146 0.986 -0.0 -0.083 -0.147 0.35 0.0 0.591 -0.727 -0.614 -0.0 -0.789 -0.012 -0.984 -0.0 0.115 0.135 0.683 0.0 -0.73 -0.032 0.987 0.0 0.037 0.156 
0.999 -0.015 0.028 0.002 -0.751 -0.0 -0.661 -0.019 -0.984 -0.0 -0.105 -0.146 0.986 -0.0 -0.084 -0.146 0.349 0.0 0.592 -0.727 -0.614 -0.0 -0.789 -0.012 -0.984 -0.0 0.115 0.134 0.683 0.0 -0.729 -0.032 0.987 -0.0 0.037 0.156 
0.999 -0.015 0.028 0.002 -0.751 0.0 -0.66 -0.02 -0.984 -0.0 -0.106 -0.146 0.986 0.0 -0.084 -0.145 0.349 0.0 0.593 -0.726 -0.614 -0.0 -0.789 -0.012 -0.984 -0.0 0.115 0.135 0.683 0.0 -0.729 -0.033 0.987 0.0 0.037 0.156 
0.999 -0.015 0.028 0.001 -0.751 -0.0 -0.66 -0.019 -0.984 -0.0 -0.106 -0.146 0.986 0.0 -0.084 -0.145 0.348 0.0 0.594 -0.725 -0.614 -0.0 -0.789 -0.012 -0.984 -0.0 0.115 0.134 0.683 -0.0 -0.729 -0.033 0.987 -0.0 0.037 0.156 
0.999 -0.014 0.028 0.001 -0.751 0.0 -0.66 -0.02 -0.984 0.0 -0.106 -0.146 0.986 0.0 -0.084 -0.144 0.348 0.0 0.594 -0.725 -0.614 -0.0 -0.789 -0.012 -0.984 -0.0 0.115 0.134 0.684 -0.0 -0.729 -0.033 0.987 0.0 0.037 0.156 
0.999 -0.014 0.028 0.001 -0.751 0.0 -0.66 -0.02 -0.984 -0.0 -0.106 -0.145 0.986 0.0 -0.084 -0.144 0.348 0.0 0.595 -0.724 -0.614 -0.0 -0.789 -0.012 -0.984 -0.0 0.115 0.134 0.683 0.0 -0.729 -0.033 0.987 0.0 0.037 0.156 
0.999 -0.014 0.028 0.001 -0.751 -0.0 -0.66 -0.02 -0.984 0.0 -0.107 -0.145 0.986 0.0 -0.083 -0.143 0.348 0.0 0.596 -0.724 -0.614 -0.0 -0.789 -0.011 -0.984 -0.0 0.115 0.134 0.684 -0.0 -0.729 -0.033 0.987 0.0 0.037 0.156 
0.999 -0.014 0.028 0.001 -0.751 0.0 -0.66 -0.02 -0.984 -0.0 -0.107 -0.145 0.986 0.0 -0.083 -0.143 0.347 0.0 0.597 -0.723 -0.614 -0.0 -0.789 -0.012 -0.984 0.0 0.115 0.134 0.683 0.0 -0.729 -0.032 0.987 0.0 0.037 0.156 
0.999 -0.014 0.028 0.001 -0.751 -0.0 -0.66 -0.02 -0.984 0.0 -0.107 -0.145 0.986 0.0 -0.083 -0.143 0.347 0.0 0.598 -0.722 -0.614 -0.0 -0.789 -0.012 -0.984 -0.0 0.115 0.134 0.684 0.0 -0.729 -0.033 0.987 0.0 0.037 0.156 
0.999 -0.014 0.028 0.0 -0.751 -0.0 -0.66 -0.02 -0.984 -0.0 -0.107 -0.145 0.986 0.0 -0.082 -0.144 0.347 0.0 0.598 -0.723 -0.614 -0.0 -0.789 -0.012 -0.984 -0.0 0.115 0.134 0.684 0.0 -0.729 -0.033 0.987 -0.0 0.037 0.156 
0.999 -0.014 0.028 0.001 -0.751 -0.0 -0.659 -0.021 -0.984 0.0 -0.107 -0.145 0.986 0.0 -0.081 -0.144 0.347 0.0 0.598 -0.722 -0.614 -0.0 -0.789 -0.012 -0.984 0.0 0.115 0.134 0.684 0.0 -0.729 -0.033 0.987 0.0 0.037 0.157 
1.0 -0.014 0.028 0.0 -0.751 0.0 -0.659 -0.021 -0.983 -0.0 -0.111 -0.144 0.986 0.0 -0.081 -0.145 0.347 0.0 0.599 -0.722 -0.614 -0.0 -0.789 -0.012 -0.984 0.0 0.115 0.134 0.684 0.0 -0.729 -0.033 0.987 0.0 0.037 0.156 
0.999 -0.014 0.028 0.0 -0.752 -0.0 -0.659 -0.021 -0.983 -0.0 -0.111 -0.144 0.986 0.0 -0.08 -0.145 0.348 0.0 0.6 -0.721 -0.614 -0.0 -0.789 -0.012 -0.984 -0.0 0.115 0.133 0.684 0.0 -0.729 -0.033 0.987 0.0 0.037 0.156 
1.0 -0.014 0.028 0.001 -0.752 -0.0 -0.659 -0.021 -0.983 -0.0 -0.111 -0.144 0.986 -0.0 -0.079 -0.147 0.347 0.0 0.6 -0.721 -0.614 -0.0 -0.789 -0.012 -0.984 -0.0 0.115 0.133 0.684 0.0 -0.729 -0.033 0.987 0.0 0.037 0.156 
1.0 -0.014 0.028 0.001 -0.752 -0.0 -0.659 -0.022 -0.983 0.0 -0.11 -0.144 0.986 0.0 -0.078 -0.148 0.348 -0.0 0.601 -0.72 -0.614 -0.0 -0.789 -0.012 -0.984 -0.0 0.115 0.134 0.684 0.0 -0.729 -0.033 0.987 0.0 0.037 0.156 
1.0 -0.014 0.028 0.001 -0.751 -0.0 -0.659 -0.022 -0.983 0.0 -0.111 -0.144 0.986 0.0 -0.077 -0.15 0.348 0.0 0.601 -0.72 -0.614 -0.0 -0.789 -0.012 -0.984 -0.0 0.114 0.134 0.684 -0.0 -0.729 -0.033 0.987 0.0 0.038 0.156 
1.0 -0.014 0.028 0.001 -0.752 -0.0 -0.659 -0.022 -0.983 -0.0 -0.111 -0.144 0.985 0.0 -0.076 -0.152 0.348 -0.0 0.6 -0.72 -0.615 -0.0 -0.789 -0.012 -0.984 -0.0 0.114 0.134 0.684 0.0 -0.729 -0.033 0.987 0.0 0.037 0.156 
1.0 -0.014 0.028 0.001 -0.752 -0.0 -0.659 -0.023 -0.983 -0.0 -0.111 -0.144 0.985 0.0 -0.075 -0.153 0.349 0.0 0.601 -0.719 -0.615 -0.0 -0.789 -0.013 -0.984 -0.0 0.114 0.134 0.684 -0.0 -0.729 -0.033 0.987 0.0 0.037 0.156 
1.0 -0.014 0.028 0.001 -0.751 -0.0 -0.659 -0.023 -0.983 -0.0 -0.111 -0.145 0.985 0.0 -0.074 -0.156 0.349 0.0 0.602 -0.718 -0.615 -0.0 -0.789 -0.013 -0.984 -0.0 0.114 0.134 0.684 -0.0 -0.729 -0.033 0.987 -0.0 0.038 0.156 
1.0 -0.014 0.028 0.001 -0.751 -0.0 -0.66 -0.023 -0.983 -0.0 -0.11 -0.145 0.985 0.0 -0.072 -0.158 0.35 0.0 0.601 -0.718 -0.614 -0.0 -0.789 -0.013 -0.984 -0.0 0.114 0.134 0.684 0.0 -0.729 -0.033 0.987 -0.0 0.038 0.156 
1.0 -0.014 0.028 0.001 -0.751 0.0 -0.66 -0.024 -0.983 -0.0 -0.11 -0.145 0.984 -0.0 -0.071 -0.161 0.351 0.0 0.601 -0.718 -0.615 -0.0 -0.789 -0.013 -0.984 -0.0 0.114 0.134 0.684 -0.0 -0.729 -0.033 0.987 0.0 0.038 0.156 
1.0 -0.014 0.028 0.002 -0.751 -0.0 -0.66 -0.024 -0.983 0.0 -0.11 -0.146 0.984 0.0 -0.07 -0.163 0.351 -0.0 0.601 -0.718 -0.615 -0.0 -0.789 -0.013 -0.984 -0.0 0.114 0.134 0.684 0.0 -0.729 -0.034 0.987 -0.0 0.038 0.157 
1.0 -0.014 0.028 0.002 -0.751 0.0 -0.66 -0.024 -0.983 -0.0 -0.11 -0.146 0.984 0.0 -0.069 -0.166 0.352 0.0 0.601 -0.718 -0.615 -0.0 -0.789 -0.013 -0.984 -0.0 0.113 0.134 0.684 0.0 -0.729 -0.033 0.987 -0.0 0.038 0.155 
1.0 -0.014 0.028 0.002 -0.751 -0.0 -0.66 -0.025 -0.983 0.0 -0.11 -0.146 0.983 0.0 -0.067 -0.169 0.353 0.0 0.6 -0.718 -0.615 0.0 -0.789 -0.013 -0.984 -0.0 0.113 0.134 0.684 0.0 -0.729 -0.034 0.987 0.0 0.037 0.157 
1.0 -0.014 0.028 0.002 -0.751 0.0 -0.66 -0.025 -0.983 -0.0 -0.105 -0.147 0.983 0.0 -0.066 -0.172 0.353 0.0 0.6 -0.718 -0.615 -0.0 -0.789 -0.013 -0.984 -0.0 0.113 0.134 0.684 0.0 -0.729 -0.034 0.987 0.0 0.038 0.156 
1.0 -0.014 0.028 0.002 -0.751 -0.0 -0.66 -0.025 -0.983 -0.0 -0.105 -0.147 0.983 0.0 -0.065 -0.174 0.354 0.0 0.6 -0.717 -0.615 -0.0 -0.789 -0.013 -0.984 -0.0 0.113 0.135 0.684 0.0 -0.729 -0.033 0.987 0.0 0.038 0.156 
1.0 -0.014 0.028 0.002 -0.751 -0.0 -0.66 -0.026 -0.983 -0.0 -0.105 -0.147 0.982 0.0 -0.063 -0.178 0.355 -0.0 0.599 -0.718 -0.615 -0.0 -0.789 -0.013 -0.984 -0.0 0.113 0.134 0.684 0.0 -0.729 -0.033 0.987 0.0 0.038 0.155 
1.0 -0.013 0.028 0.002 -0.751 -0.0 -0.66 -0.026 -0.983 -0.0 -0.105 -0.148 0.982 0.0 -0.062 -0.181 0.356 0.0 0.599 -0.718 -0.615 -0.0 -0.789 -0.013 -0.984 0.0 0.113 0.135 0.684 0.0 -0.729 -0.035 0.987 0.0 0.037 0.157 
1.0 -0.013 0.028 0.002 -0.751 0.0 -0.66 -0.026 -0.983 -0.0 -0.105 -0.148 0.981 -0.0 -0.06 -0.184 0.357 0.0 0.598 -0.718 -0.615 -0.0 -0.789 -0.013 -0.984 -0.0 0.113 0.134 0.684 0.0 -0.729 -0.034 0.987 0.0 0.037 0.156 
1.0 -0.013 0.028 0.002 -0.751 -0.0 -0.66 -0.027 -0.983 -0.0 -0.105 -0.148 0.981 0.0 -0.059 -0.187 0.357 0.0 0.597 -0.719 -0.615 -0.0 -0.789 -0.013 -0.985 -0.0 0.113 0.134 0.684 0.0 -0.729 -0.034 0.987 0.0 0.038 0.156 
1.0 -0.013 0.028 0.002 -0.75 -0.0 -0.66 -0.027 -0.983 0.0 -0.105 -0.148 0.98 0.0 -0.058 -0.191 0.359 0.0 0.595 -0.719 -0.615 -0.0 -0.789 -0.013 -0.985 -0.0 0.113 0.134 0.684 0.0 -0.729 -0.033 0.987 0.0 0.038 0.155 
1.0 -0.013 0.028 0.003 -0.75 -0.0 -0.661 -0.028 -0.983 -0.0 -0.105 -0.148 0.979 -0.0 -0.057 -0.195 0.359 0.0 0.594 -0.72 -0.615 -0.0 -0.789 -0.014 -0.985 -0.0 0.113 0.134 0.684 -0.0 -0.729 -0.035 0.987 0.0 0.038 0.156 
1.0 -0.013 0.028 0.003 -0.75 -0.0 -0.661 -0.028 -0.983 -0.0 -0.105 -0.149 0.979 0.0 -0.056 -0.198 0.36 0.0 0.594 -0.72 -0.615 -0.0 -0.789 -0.014 -0.985 0.0 0.113 0.134 0.684 -0.0 -0.729 -0.035 0.987 0.0 0.038 0.156 
1.0 -0.013 0.028 0.003 -0.75 -0.0 -0.661 -0.028 -0.983 0.0 -0.105 -0.148 0.978 0.0 -0.055 -0.202 0.361 0.0 0.592 -0.72 -0.615 -0.0 -0.789 -0.014 -0.985 -0.0 0.113 0.134 0.684 0.0 -0.729 -0.035 0.987 0.0 0.037 0.156 
1.0 -0.013 0.028 0.002 -0.75 -0.0 -0.661 -0.028 -0.983 -0.0 -0.105 -0.149 0.977 0.0 -0.053 -0.205 0.361 0.0 0.592 -0.721 -0.615 -0.0 -0.789 -0.014 -0.985 -0.0 0.113 0.134 0.684 0.0 -0.729 -0.034 0.987 0.0 0.038 0.155 
1.0 -0.013 0.028 0.002 -0.75 -0.0 -0.661 -0.029 -0.983 -0.0 -0.108 -0.148 0.977 0.0 -0.052 -0.209 0.362 0.0 0.59 -0.721 -0.615 0.0 -0.789 -0.014 -0.985 -0.0 0.113 0.134 0.684 0.0 -0.729 -0.035 0.987 0.0 0.037 0.156 
1.0 -0.012 0.028 0.002 -0.75 -0.0 -0.661 -0.03 -0.983 -0.0 -0.108 -0.148 0.977 0.0 -0.048 -0.21 0.362 0.0 0.595 -0.718 -0.615 -0.0 -0.789 -0.014 -0.985 -0.0 0.113 0.134 0.684 0.0 -0.729 -0.036 0.987 0.0 0.037 0.156 
1.0 -0.012 0.028 0.002 -0.749 -0.0 -0.662 -0.03 -0.983 0.0 -0.104 -0.149 0.976 0.0 -0.047 -0.214 0.363 0.0 0.594 -0.718 -0.615 -0.0 -0.789 -0.014 -0.985 0.0 0.114 0.134 0.684 -0.0 -0.729 -0.036 0.987 0.0 0.037 0.156 
1.0 -0.012 0.028 0.002 -0.749 0.0 -0.662 -0.03 -0.983 -0.0 -0.104 -0.149 0.975 0.0 -0.046 -0.217 0.363 0.0 0.594 -0.718 -0.615 -0.0 -0.789 -0.015 -0.985 -0.0 0.113 0.134 0.684 -0.0 -0.729 -0.036 0.987 0.0 0.037 0.156 
1.0 -0.012 0.028 0.002 -0.749 -0.0 -0.662 -0.031 -0.983 -0.0 -0.103 -0.149 0.974 -0.0 -0.045 -0.221 0.365 0.0 0.594 -0.717 -0.615 -0.0 -0.789 -0.015 -0.984 -0.0 0.114 0.134 0.684 -0.0 -0.729 -0.036 0.987 0.0 0.037 0.156 
1.0 -0.012 0.028 0.001 -0.749 -0.0 -0.662 -0.031 -0.983 0.0 -0.103 -0.149 0.973 0.0 -0.044 -0.226 0.365 0.0 0.594 -0.717 -0.615 -0.0 -0.789 -0.015 -0.984 -0.0 0.114 0.134 0.684 0.0 -0.729 -0.036 0.987 -0.0 0.037 0.156 
1.0 -0.012 0.028 0.001 -0.748 -0.0 -0.662 -0.031 -0.983 -0.0 -0.103 -0.149 0.972 0.0 -0.043 -0.229 0.367 0.0 0.592 -0.717 -0.615 -0.0 -0.789 -0.015 -0.984 -0.0 0.114 0.134 0.684 -0.0 -0.729 -0.036 0.987 0.0 0.036 0.156 
1.0 -0.012 0.028 0.001 -0.748 -0.0 -0.663 -0.032 -0.983 -0.0 -0.103 -0.149 0.971 0.0 -0.042 -0.233 0.367 0.0 0.592 -0.718 -0.615 -0.0 -0.789 -0.016 -0.984 -0.0 0.114 0.134 0.684 0.0 -0.729 -0.036 0.987 0.0 0.037 0.156 
1.0 -0.012 0.028 0.001 -0.748 -0.0 -0.663 -0.032 -0.983 -0.0 -0.103 -0.149 0.971 -0.0 -0.04 -0.236 0.368 0.0 0.592 -0.717 -0.615 -0.0 -0.789 -0.016 -0.984 -0.0 0.114 0.134 0.684 0.0 -0.729 -0.036 0.987 0.0 0.037 0.156 
1.0 -0.011 0.028 0.0 -0.748 -0.0 -0.663 -0.033 -0.983 -0.0 -0.108 -0.149 0.97 0.0 -0.039 -0.24 0.368 0.0 0.593 -0.716 -0.615 -0.0 -0.789 -0.016 -0.984 -0.0 0.114 0.134 0.684 0.0 -0.729 -0.037 0.987 0.0 0.037 0.156 
1.0 -0.011 0.028 0.0 -0.748 -0.0 -0.663 -0.033 -0.983 -0.0 -0.107 -0.148 0.969 0.0 -0.038 -0.244 0.368 0.0 0.594 -0.715 -0.615 -0.0 -0.789 -0.016 -0.984 -0.0 0.114 0.134 0.684 0.0 -0.729 -0.036 0.987 -0.0 0.037 0.156 
1.0 -0.011 0.028 -0.0 -0.747 0.0 -0.664 -0.033 -0.983 -0.0 -0.107 -0.149 0.968 0.0 -0.037 -0.247 0.369 0.0 0.592 -0.716 -0.615 0.0 -0.788 -0.017 -0.984 -0.0 0.114 0.134 0.684 0.0 -0.729 -0.037 0.987 0.0 0.036 0.156 
1.0 -0.011 0.028 -0.0 -0.747 0.0 -0.664 -0.033 -0.983 -0.0 -0.107 -0.149 0.968 0.0 -0.034 -0.25 0.37 0.0 0.591 -0.717 -0.615 -0.0 -0.788 -0.017 -0.984 0.0 0.114 0.134 0.683 0.0 -0.729 -0.037 0.987 0.0 0.036 0.156 
1.0 -0.011 0.028 -0.001 -0.747 0.0 -0.664 -0.034 -0.983 -0.0 -0.107 -0.149 0.967 0.0 -0.033 -0.253 0.371 0.0 0.591 -0.717 -0.615 -0.0 -0.788 -0.018 -0.984 -0.0 0.114 0.134 0.683 0.0 -0.729 -0.037 0.987 0.0 0.037 0.156 
1.0 -0.011 0.028 -0.001 -0.747 -0.0 -0.664 -0.034 -0.983 -0.0 -0.107 -0.149 0.966 0.0 -0.031 -0.257 0.372 0.0 0.591 -0.716 -0.615 -0.0 -0.788 -0.018 -0.984 -0.0 0.114 0.134 0.683 0.0 -0.729 -0.037 0.987 -0.0 0.036 0.156 
1.0 -0.011 0.028 -0.001 -0.747 -0.0 -0.664 -0.034 -0.983 0.0 -0.107 -0.149 0.965 0.0 -0.03 -0.261 0.373 0.0 0.59 -0.716 -0.615 -0.0 -0.788 -0.019 -0.984 -0.0 0.114 0.135 0.683 0.0 -0.729 -0.037 0.987 0.0 0.037 0.156 
1.0 -0.011 0.028 -0.001 -0.746 -0.0 -0.665 -0.034 -0.983 -0.0 -0.107 -0.149 0.964 0.0 -0.029 -0.265 0.374 -0.0 0.59 -0.715 -0.615 0.0 -0.788 -0.018 -0.984 -0.0 0.114 0.134 0.683 0.0 -0.729 -0.037 0.987 0.0 0.036 0.155 
1.0 -0.01 0.028 -0.002 -0.746 -0.0 -0.665 -0.034 -0.983 0.0 -0.107 -0.149 0.963 -0.0 -0.028 -0.268 0.375 0.0 0.59 -0.715 -0.615 -0.0 -0.788 -0.019 -0.984 -0.0 0.114 0.134 0.683 0.0 -0.729 -0.037 0.987 0.0 0.037 0.156 
1.0 -0.01 0.028 -0.002 -0.746 -0.0 -0.665 -0.034 -0.983 0.0 -0.107 -0.149 0.962 0.0 -0.028 -0.272 0.376 0.0 0.59 -0.715 -0.615 -0.0 -0.788 -0.019 -0.984 -0.0 0.114 0.135 0.683 0.0 -0.73 -0.036 0.987 0.0 0.036 0.155 
1.0 -0.01 0.028 -0.002 -0.746 -0.0 -0.665 -0.034 -0.983 -0.0 -0.107 -0.149 0.961 -0.0 -0.026 -0.277 0.377 -0.0 0.59 -0.714 -0.615 -0.0 -0.788 -0.019 -0.984 -0.0 0.114 0.135 0.683 -0.0 -0.73 -0.037 0.987 0.0 0.037 0.155 
1.0 -0.01 0.028 -0.002 -0.746 -0.0 -0.665 -0.033 -0.983 -0.0 -0.107 -0.15 0.96 0.0 -0.026 -0.281 0.378 0.0 0.589 -0.714 -0.615 -0.0 -0.788 -0.019 -0.984 -0.0 0.114 0.135 0.683 0.0 -0.73 -0.037 0.987 0.0 0.036 0.155 
1.0 -0.01 0.028 -0.002 -0.746 -0.0 -0.665 -0.034 -0.983 -0.0 -0.107 -0.15 0.958 -0.0 -0.025 -0.284 0.38 0.0 0.589 -0.714 -0.615 -0.0 -0.788 -0.02 -0.984 -0.0 0.114 0.135 0.683 0.0 -0.73 -0.037 0.987 0.0 0.036 0.155 
1.0 -0.01 0.028 -0.002 -0.746 -0.0 -0.665 -0.034 -0.983 -0.0 -0.106 -0.15 0.957 0.0 -0.024 -0.288 0.381 -0.0 0.59 -0.712 -0.615 0.0 -0.788 -0.02 -0.984 -0.0 0.114 0.135 0.683 -0.0 -0.73 -0.037 0.987 0.0 0.036 0.155 
1.0 -0.01 0.028 -0.002 -0.746 -0.0 -0.665 -0.033 -0.983 -0.0 -0.106 -0.15 0.956 0.0 -0.023 -0.292 0.382 0.0 0.588 -0.713 -0.615 -0.0 -0.788 -0.02 -0.984 -0.0 0.114 0.135 0.683 0.0 -0.73 -0.038 0.987 0.0 0.037 0.155 
1.0 -0.01 0.028 -0.002 -0.745 -0.0 -0.666 -0.033 -0.983 0.0 -0.107 -0.15 0.955 0.0 -0.023 -0.295 0.382 0.0 0.588 -0.713 -0.615 -0.0 -0.788 -0.02 -0.984 -0.0 0.114 0.135 0.683 0.0 -0.73 -0.037 0.987 0.0 0.036 0.155 
1.0 -0.01 0.028 -0.002 -0.745 -0.0 -0.666 -0.033 -0.983 -0.0 -0.107 -0.15 0.954 -0.0 -0.022 -0.299 0.384 -0.0 0.586 -0.714 -0.615 -0.0 -0.788 -0.02 -0.984 -0.0 0.114 0.135 0.683 0.0 -0.73 -0.038 0.987 -0.0 0.037 0.155 
1.0 -0.01 0.028 -0.002 -0.745 -0.0 -0.666 -0.033 -0.983 -0.0 -0.107 -0.15 0.953 -0.0 -0.021 -0.303 0.385 0.0 0.585 -0.714 -0.616 0.0 -0.788 -0.02 -0.984 0.0 0.114 0.135 0.683 0.0 -0.73 -0.037 0.987 -0.0 0.036 0.155 
1.0 -0.01 0.028 -0.002 -0.745 0.0 -0.666 -0.033 -0.983 -0.0 -0.107 -0.149 0.952 -0.0 -0.021 -0.306 0.386 0.0 0.584 -0.714 -0.616 -0.0 -0.788 -0.021 -0.984 -0.0 0.114 0.135 0.683 0.0 -0.73 -0.038 0.987 -0.0 0.036 0.155 
1.0 -0.01 0.028 -0.002 -0.745 -0.0 -0.666 -0.032 -0.983 -0.0 -0.106 -0.149 0.951 0.0 -0.02 -0.31 0.386 0.0 0.583 -0.715 -0.616 -0.0 -0.788 -0.02 -0.984 0.0 0.114 0.135 0.683 0.0 -0.73 -0.038 0.987 0.0 0.036 0.155 
1.0 -0.01 0.028 -0.002 -0.745 -0.0 -0.666 -0.032 -0.983 -0.0 -0.106 -0.149 0.95 0.0 -0.02 -0.313 0.387 0.0 0.582 -0.715 -0.616 -0.0 -0.788 -0.02 -0.984 -0.0 0.114 0.134 0.683 0.0 -0.73 -0.037 0.987 0.0 0.036 0.155 
1.0 -0.009 0.028 -0.002 -0.745 -0.0 -0.666 -0.031 -0.983 0.0 -0.106 -0.15 0.948 0.0 -0.019 -0.316 0.388 0.0 0.582 -0.715 -0.616 -0.0 -0.788 -0.021 -0.984 -0.0 0.114 0.134 0.682 0.0 -0.73 -0.038 0.987 0.0 0.036 0.154 
1.0 -0.009 0.028 -0.003 -0.745 -0.0 -0.666 -0.032 -0.983 -0.0 -0.106 -0.149 0.948 -0.0 -0.018 -0.319 0.389 0.0 0.581 -0.715 -0.616 0.0 -0.788 -0.021 -0.984 -0.0 0.115 0.135 0.682 0.0 -0.73 -0.038 0.987 0.0 0.036 0.154 
1.0 -0.009 0.028 -0.003 -0.745 -0.0 -0.667 -0.031 -0.983 -0.0 -0.106 -0.149 0.947 -0.0 -0.018 -0.321 0.389 0.0 0.58 -0.715 -0.616 -0.0 -0.788 -0.021 -0.984 -0.0 0.115 0.134 0.682 0.0 -0.73 -0.037 0.987 0.0 0.036 0.154 
1.0 -0.009 0.028 -0.003 -0.745 -0.0 -0.667 -0.031 -0.983 -0.0 -0.106 -0.149 0.946 0.0 -0.018 -0.324 0.39 0.0 0.58 -0.716 -0.616 -0.0 -0.788 -0.021 -0.984 0.0 0.115 0.135 0.682 -0.0 -0.73 -0.038 0.987 0.0 0.036 0.154 
1.0 -0.009 0.028 -0.003 -0.745 -0.0 -0.667 -0.031 -0.983 -0.0 -0.106 -0.148 0.945 0.0 -0.018 -0.326 0.39 0.0 0.579 -0.716 -0.616 -0.0 -0.788 -0.021 -0.984 0.0 0.115 0.134 0.682 -0.0 -0.73 -0.037 0.987 0.0 0.036 0.154 
1.0 -0.009 0.028 -0.004 -0.745 0.0 -0.667 -0.03 -0.983 -0.0 -0.106 -0.148 0.944 -0.0 -0.017 -0.329 0.39 0.0 0.579 -0.716 -0.616 -0.0 -0.788 -0.021 -0.984 -0.0 0.115 0.134 0.682 0.0 -0.73 -0.037 0.987 0.0 0.036 0.154 
1.0 -0.009 0.028 -0.004 -0.745 -0.0 -0.667 -0.03 -0.983 -0.0 -0.107 -0.148 0.944 0.0 -0.017 -0.331 0.39 -0.0 0.578 -0.717 -0.616 -0.0 -0.788 -0.022 -0.984 -0.0 0.116 0.134 0.682 0.0 -0.73 -0.037 0.987 0.0 0.036 0.154 
1.0 -0.009 0.028 -0.004 -0.745 -0.0 -0.667 -0.03 -0.983 -0.0 -0.106 -0.148 0.943 0.0 -0.017 -0.333 0.39 0.0 0.576 -0.718 -0.615 -0.0 -0.788 -0.022 -0.984 0.0 0.116 0.134 0.682 0.0 -0.73 -0.037 0.987 0.0 0.036 0.154 
1.0 -0.009 0.028 -0.004 -0.745 -0.0 -0.667 -0.029 -0.983 -0.0 -0.106 -0.148 0.942 0.0 -0.017 -0.335 0.39 0.0 0.576 -0.719 -0.616 -0.0 -0.788 -0.022 -0.984 -0.0 0.116 0.134 0.682 0.0 -0.73 -0.037 0.988 0.0 0.036 0.154 
1.0 -0.008 0.028 -0.004 -0.745 -0.0 -0.667 -0.029 -0.983 -0.0 -0.107 -0.148 0.941 -0.0 -0.017 -0.337 0.39 0.0 0.575 -0.719 -0.615 -0.0 -0.788 -0.022 -0.984 -0.0 0.116 0.134 0.682 0.0 -0.73 -0.038 0.987 0.0 0.036 0.154 
1.0 -0.008 0.028 -0.004 -0.745 -0.0 -0.667 -0.029 -0.983 -0.0 -0.106 -0.147 0.941 -0.0 -0.017 -0.338 0.39 0.0 0.575 -0.719 -0.615 -0.0 -0.788 -0.022 -0.984 0.0 0.117 0.134 0.682 0.0 -0.73 -0.038 0.987 0.0 0.035 0.154 
1.0 -0.008 0.028 -0.004 -0.745 -0.0 -0.667 -0.028 -0.983 -0.0 -0.106 -0.148 0.94 0.0 -0.017 -0.34 0.39 0.0 0.575 -0.719 -0.615 -0.0 -0.788 -0.022 -0.984 -0.0 0.117 0.134 0.682 0.0 -0.73 -0.038 0.987 0.0 0.036 0.154 
1.0 -0.008 0.028 -0.004 -0.745 -0.0 -0.667 -0.028 -0.983 -0.0 -0.106 -0.147 0.94 0.0 -0.017 -0.341 0.39 0.0 0.575 -0.719 -0.615 -0.0 -0.788 -0.022 -0.984 -0.0 0.117 0.134 0.682 -0.0 -0.73 -0.038 0.987 0.0 0.035 0.154 
1.0 -0.008 0.028 -0.004 -0.745 -0.0 -0.667 -0.028 -0.983 -0.0 -0.106 -0.147 0.94 0.0 -0.017 -0.341 0.39 0.0 0.575 -0.719 -0.615 -0.0 -0.788 -0.023 -0.984 0.0 0.117 0.134 0.682 0.0 -0.73 -0.039 0.987 -0.0 0.035 0.154 
1.0 -0.008 0.028 -0.004 -0.745 0.0 -0.667 -0.028 -0.983 -0.0 -0.107 -0.147 0.939 0.0 -0.018 -0.343 0.389 0.0 0.576 -0.719 -0.615 -0.0 -0.788 -0.023 -0.984 -0.0 0.117 0.134 0.682 0.0 -0.73 -0.039 0.987 -0.0 0.035 0.154 
1.0 -0.008 0.029 -0.004 -0.745 -0.0 -0.667 -0.028 -0.983 -0.0 -0.107 -0.147 0.939 0.0 -0.018 -0.343 0.389 0.0 0.577 -0.718 -0.615 -0.0 -0.788 -0.023 -0.984 -0.0 0.117 0.134 0.682 0.0 -0.73 -0.039 0.987 0.0 0.035 0.154 
1.0 -0.008 0.029 -0.004 -0.745 0.0 -0.667 -0.028 -0.983 0.0 -0.106 -0.147 0.939 0.0 -0.018 -0.343 0.389 0.0 0.577 -0.718 -0.615 -0.0 -0.788 -0.023 -0.984 -0.0 0.117 0.134 0.682 0.0 -0.731 -0.039 0.987 0.0 0.035 0.154 
1.0 -0.008 0.029 -0.004 -0.745 -0.0 -0.667 -0.028 -0.984 -0.0 -0.106 -0.146 0.939 0.0 -0.019 -0.344 0.389 0.0 0.578 -0.717 -0.615 -0.0 -0.788 -0.023 -0.984 -0.0 0.117 0.134 0.682 0.0 -0.731 -0.039 0.987 0.0 0.035 0.154 
1.0 -0.007 0.029 -0.004 -0.745 -0.0 -0.667 -0.028 -0.984 0.0 -0.106 -0.146 0.939 0.0 -0.019 -0.344 0.389 0.0 0.579 -0.717 -0.615 -0.0 -0.788 -0.024 -0.984 0.0 0.117 0.135 0.682 0.0 -0.73 -0.04 0.987 0.0 0.034 0.154 
1.0 -0.007 0.029 -0.004 -0.745 0.0 -0.667 -0.027 -0.984 -0.0 -0.106 -0.146 0.939 0.0 -0.02 -0.344 0.389 -0.0 0.579 -0.717 -0.615 -0.0 -0.788 -0.024 -0.984 -0.0 0.117 0.135 0.682 0.0 -0.73 -0.04 0.987 0.0 0.034 0.154 
1.0 -0.007 0.029 -0.004 -0.745 -0.0 -0.667 -0.027 -0.984 -0.0 -0.106 -0.147 0.939 0.0 -0.02 -0.344 0.389 0.0 0.58 -0.716 -0.615 -0.0 -0.788 -0.024 -0.984 -0.0 0.117 0.135 0.682 0.0 -0.73 -0.04 0.987 -0.0 0.034 0.154 
1.0 -0.007 0.029 -0.004 -0.745 0.0 -0.667 -0.026 -0.983 -0.0 -0.106 -0.147 0.939 -0.0 -0.021 -0.344 0.389 0.0 0.58 -0.716 -0.616 -0.0 -0.788 -0.023 -0.984 -0.0 0.117 0.134 0.682 0.0 -0.731 -0.039 0.987 0.0 0.034 0.154 
1.0 -0.007 0.029 -0.004 -0.745 -0.0 -0.667 -0.026 -0.983 -0.0 -0.106 -0.147 0.939 0.0 -0.021 -0.344 0.389 0.0 0.58 -0.716 -0.616 -0.0 -0.788 -0.024 -0.984 -0.0 0.117 0.135 0.682 -0.0 -0.73 -0.039 0.988 -0.0 0.034 0.154 
1.0 -0.007 0.029 -0.004 -0.745 0.0 -0.667 -0.026 -0.983 -0.0 -0.106 -0.147 0.939 0.0 -0.022 -0.343 0.389 0.0 0.583 -0.714 -0.616 0.0 -0.788 -0.024 -0.984 0.0 0.117 0.135 0.682 0.0 -0.73 -0.039 0.987 0.0 0.034 0.154 
1.0 -0.007 0.029 -0.004 -0.745 0.0 -0.667 -0.026 -0.983 -0.0 -0.106 -0.147 0.939 0.0 -0.022 -0.342 0.389 0.0 0.584 -0.713 -0.616 -0.0 -0.788 -0.024 -0.984 -0.0 0.117 0.135 0.682 0.0 -0.73 -0.039 0.988 0.0 0.034 0.154 
1.0 -0.007 0.029 -0.004 -0.745 -0.0 -0.666 -0.025 -0.983 -0.0 -0.106 -0.147 0.94 0.0 -0.023 -0.341 0.389 0.0 0.584 -0.713 -0.616 -0.0 -0.788 -0.023 -0.984 -0.0 0.117 0.135 0.682 0.0 -0.731 -0.039 0.987 0.0 0.035 0.154 
1.0 -0.007 0.029 -0.004 -0.745 0.0 -0.666 -0.025 -0.983 -0.0 -0.106 -0.148 0.94 -0.0 -0.024 -0.34 0.389 0.0 0.585 -0.712 -0.616 -0.0 -0.788 -0.023 -0.984 -0.0 0.117 0.134 0.682 0.0 -0.731 -0.039 0.988 0.0 0.034 0.154 
1.0 -0.007 0.029 -0.004 -0.745 -0.0 -0.666 -0.025 -0.983 -0.0 -0.106 -0.147 0.94 0.0 -0.024 -0.339 0.389 0.0 0.585 -0.712 -0.616 0.0 -0.788 -0.023 -0.984 -0.0 0.117 0.134 0.682 -0.0 -0.73 -0.039 0.988 -0.0 0.034 0.154 
1.0 -0.007 0.029 -0.004 -0.745 -0.0 -0.666 -0.025 -0.983 0.0 -0.106 -0.147 0.941 -0.0 -0.025 -0.338 0.389 0.0 0.585 -0.711 -0.616 -0.0 -0.788 -0.023 -0.984 -0.0 0.117 0.134 0.682 0.0 -0.731 -0.039 0.988 0.0 0.035 0.154 
1.0 -0.007 0.029 -0.004 -0.745 -0.0 -0.666 -0.025 -0.983 -0.0 -0.105 -0.147 0.941 0.0 -0.026 -0.337 0.389 0.0 0.586 -0.711 -0.616 -0.0 -0.788 -0.023 -0.984 -0.0 0.117 0.135 0.682 0.0 -0.731 -0.038 0.988 0.0 0.035 0.154 
1.0 -0.008 0.029 -0.004 -0.745 -0.0 -0.666 -0.025 -0.983 -0.0 -0.106 -0.148 0.942 -0.0 -0.026 -0.335 0.389 0.0 0.586 -0.711 -0.616 -0.0 -0.788 -0.023 -0.984 -0.0 0.117 0.134 0.682 0.0 -0.731 -0.038 0.988 0.0 0.035 0.154 
1.0 -0.008 0.029 -0.004 -0.745 -0.0 -0.666 -0.025 -0.983 -0.0 -0.105 -0.147 0.942 0.0 -0.027 -0.334 0.389 0.0 0.587 -0.71 -0.616 -0.0 -0.788 -0.023 -0.984 0.0 0.117 0.134 0.682 0.0 -0.731 -0.038 0.988 0.0 0.035 0.153 
1.0 -0.008 0.029 -0.004 -0.746 -0.0 -0.666 -0.024 -0.983 -0.0 -0.106 -0.148 0.943 0.0 -0.028 -0.332 0.389 0.0 0.587 -0.71 -0.615 -0.0 -0.788 -0.023 -0.984 0.0 0.117 0.135 0.682 0.0 -0.731 -0.038 0.988 0.0 0.035 0.154 
1.0 -0.008 0.029 -0.004 -0.746 -0.0 -0.666 -0.024 -0.983 0.0 -0.105 -0.147 0.944 0.0 -0.029 -0.33 0.388 -0.0 0.588 -0.71 -0.615 -0.0 -0.788 -0.023 -0.984 -0.0 0.117 0.135 0.682 0.0 -0.731 -0.038 0.987 0.0 0.035 0.154 
1.0 -0.008 0.029 -0.004 -0.746 -0.0 -0.666 -0.024 -0.983 -0.0 -0.105 -0.148 0.944 0.0 -0.03 -0.328 0.388 0.0 0.588 -0.71 -0.615 -0.0 -0.788 -0.022 -0.984 -0.0 0.118 0.135 0.682 0.0 -0.731 -0.038 0.988 0.0 0.035 0.154 
1.0 -0.008 0.029 -0.004 -0.746 -0.0 -0.666 -0.024 -0.984 -0.0 -0.101 -0.148 0.945 0.0 -0.031 -0.326 0.387 0.0 0.589 -0.709 -0.615 -0.0 -0.788 -0.023 -0.984 0.0 0.118 0.135 0.682 -0.0 -0.731 -0.038 0.988 0.0 0.035 0.154 
1.0 -0.008 0.029 -0.004 -0.746 -0.0 -0.666 -0.024 -0.984 -0.0 -0.101 -0.148 0.946 -0.0 -0.032 -0.324 0.387 0.0 0.589 -0.71 -0.615 -0.0 -0.788 -0.022 -0.984 -0.0 0.118 0.135 0.682 0.0 -0.731 -0.038 0.987 0.0 0.035 0.154 
1.0 -0.008 0.029 -0.003 -0.746 0.0 -0.666 -0.024 -0.984 -0.0 -0.101 -0.148 0.946 0.0 -0.033 -0.322 0.387 -0.0 0.589 -0.709 -0.615 -0.0 -0.788 -0.022 -0.984 -0.0 0.117 0.135 0.682 0.0 -0.731 -0.038 0.987 0.0 0.035 0.154 
1.0 -0.008 0.029 -0.003 -0.746 -0.0 -0.666 -0.024 -0.984 -0.0 -0.101 -0.148 0.947 0.0 -0.034 -0.32 0.386 -0.0 0.589 -0.709 -0.615 -0.0 -0.788 -0.022 -0.984 -0.0 0.117 0.135 0.682 0.0 -0.731 -0.038 0.987 0.0 0.035 0.154 
1.0 -0.008 0.029 -0.003 -0.746 0.0 -0.665 -0.023 -0.984 -0.0 -0.101 -0.148 0.948 -0.0 -0.035 -0.317 0.386 0.0 0.589 -0.71 -0.615 -0.0 -0.788 -0.022 -0.984 0.0 0.117 0.135 0.682 0.0 -0.731 -0.038 0.987 0.0 0.035 0.154 
1.0 -0.008 0.029 -0.002 -0.746 -0.0 -0.665 -0.023 -0.984 -0.0 -0.1 -0.149 0.948 0.0 -0.036 -0.315 0.385 0.0 0.589 -0.71 -0.615 -0.0 -0.788 -0.022 -0.984 0.0 0.117 0.135 0.682 0.0 -0.73 -0.038 0.988 0.0 0.035 0.154 
1.0 -0.008 0.029 -0.002 -0.746 -0.0 -0.665 -0.023 -0.984 -0.0 -0.1 -0.149 0.949 0.0 -0.036 -0.312 0.385 0.0 0.589 -0.71 -0.616 -0.0 -0.788 -0.021 -0.984 0.0 0.117 0.135 0.682 0.0 -0.73 -0.038 0.987 0.0 0.035 0.154 
1.0 -0.008 0.029 -0.001 -0.746 -0.0 -0.665 -0.023 -0.984 0.0 -0.1 -0.148 0.95 -0.0 -0.037 -0.31 0.383 0.0 0.59 -0.711 -0.615 0.0 -0.788 -0.021 -0.984 -0.0 0.117 0.135 0.682 0.0 -0.73 -0.038 0.987 0.0 0.034 0.154 
1.0 -0.008 0.029 -0.002 -0.747 -0.0 -0.665 -0.023 -0.983 -0.0 -0.105 -0.148 0.951 0.0 -0.038 -0.307 0.382 -0.0 0.591 -0.71 -0.615 -0.0 -0.788 -0.021 -0.984 0.0 0.117 0.135 0.682 0.0 -0.73 -0.038 0.988 0.0 0.034 0.154 
1.0 -0.008 0.029 -0.001 -0.747 0.0 -0.665 -0.023 -0.983 0.0 -0.104 -0.148 0.952 -0.0 -0.039 -0.304 0.382 0.0 0.592 -0.71 -0.616 -0.0 -0.788 -0.021 -0.984 0.0 0.117 0.135 0.682 0.0 -0.73 -0.038 0.987 0.0 0.034 0.154 
1.0 -0.008 0.028 -0.0 -0.747 -0.0 -0.665 -0.023 -0.983 0.0 -0.104 -0.148 0.953 0.0 -0.04 -0.301 0.38 -0.0 0.591 -0.712 -0.616 -0.0 -0.788 -0.021 -0.984 0.0 0.116 0.135 0.682 -0.0 -0.73 -0.038 0.987 0.0 0.034 0.154 
1.0 -0.008 0.028 0.0 -0.747 -0.0 -0.665 -0.023 -0.984 0.0 -0.1 -0.149 0.954 0.0 -0.041 -0.298 0.378 0.0 0.591 -0.712 -0.616 -0.0 -0.788 -0.02 -0.984 -0.0 0.116 0.135 0.682 0.0 -0.73 -0.038 0.987 0.0 0.035 0.154 
1.0 -0.008 0.028 0.001 -0.747 0.0 -0.665 -0.022 -0.984 0.0 -0.1 -0.149 0.955 0.0 -0.041 -0.294 0.377 0.0 0.591 -0.713 -0.616 0.0 -0.788 -0.02 -0.984 -0.0 0.116 0.135 0.682 0.0 -0.73 -0.038 0.987 0.0 0.035 0.154 
1.0 -0.008 0.028 0.001 -0.747 -0.0 -0.664 -0.022 -0.984 -0.0 -0.1 -0.15 0.956 0.0 -0.042 -0.291 0.376 -0.0 0.592 -0.713 -0.615 -0.0 -0.788 -0.02 -0.984 -0.0 0.116 0.135 0.682 0.0 -0.73 -0.038 0.987 0.0 0.035 0.154 
1.0 -0.008 0.028 0.002 -0.747 -0.0 -0.664 -0.022 -0.984 0.0 -0.1 -0.15 0.957 -0.0 -0.042 -0.288 0.375 0.0 0.592 -0.714 -0.615 -0.0 -0.788 -0.02 -0.984 -0.0 0.116 0.135 0.683 0.0 -0.73 -0.039 0.987 0.0 0.035 0.155 
1.0 -0.008 0.028 0.003 -0.747 -0.0 -0.664 -0.021 -0.984 -0.0 -0.1 -0.151 0.958 0.0 -0.043 -0.284 0.373 0.0 0.593 -0.714 -0.615 0.0 -0.788 -0.02 -0.984 -0.0 0.116 0.135 0.683 -0.0 -0.73 -0.039 0.987 0.0 0.035 0.154 
1.0 -0.008 0.028 0.003 -0.747 -0.0 -0.664 -0.021 -0.983 0.0 -0.099 -0.152 0.959 -0.0 -0.043 -0.281 0.371 0.0 0.594 -0.714 -0.615 -0.0 -0.788 -0.02 -0.984 -0.0 0.116 0.135 0.683 0.0 -0.73 -0.039 0.987 -0.0 0.035 0.154 
1.0 -0.008 0.028 0.004 -0.747 -0.0 -0.664 -0.021 -0.983 -0.0 -0.099 -0.152 0.96 -0.0 -0.044 -0.276 0.369 0.0 0.594 -0.715 -0.615 -0.0 -0.788 -0.02 -0.984 -0.0 0.116 0.135 0.682 0.0 -0.73 -0.039 0.987 0.0 0.036 0.154 
1.0 -0.008 0.028 0.004 -0.747 -0.0 -0.664 -0.02 -0.983 -0.0 -0.1 -0.152 0.961 0.0 -0.045 -0.272 0.368 0.0 0.594 -0.715 -0.615 -0.0 -0.788 -0.02 -0.984 -0.0 0.116 0.135 0.683 0.0 -0.73 -0.04 0.987 0.0 0.036 0.154 
1.0 -0.008 0.028 0.004 -0.747 -0.0 -0.664 -0.02 -0.983 -0.0 -0.099 -0.153 0.962 0.0 -0.046 -0.268 0.366 0.0 0.596 -0.715 -0.615 0.0 -0.788 -0.019 -0.984 0.0 0.116 0.135 0.683 -0.0 -0.73 -0.039 0.987 0.0 0.036 0.154 
1.0 -0.008 0.028 0.004 -0.747 -0.0 -0.664 -0.02 -0.983 -0.0 -0.1 -0.153 0.964 0.0 -0.047 -0.264 0.364 -0.0 0.598 -0.714 -0.615 -0.0 -0.788 -0.019 -0.984 -0.0 0.115 0.134 0.682 0.0 -0.73 -0.039 0.987 0.0 0.037 0.153 
1.0 -0.008 0.028 0.005 -0.748 0.0 -0.664 -0.02 -0.983 -0.0 -0.1 -0.153 0.965 -0.0 -0.048 -0.259 0.362 0.0 0.598 -0.715 -0.615 -0.0 -0.788 -0.019 -0.984 -0.0 0.115 0.134 0.682 0.0 -0.73 -0.039 0.988 -0.0 0.037 0.153 
1.0 -0.008 0.028 0.005 -0.748 -0.0 -0.664 -0.02 -0.983 0.0 -0.1 -0.154 0.966 0.0 -0.048 -0.254 0.361 0.0 0.599 -0.715 -0.615 -0.0 -0.788 -0.019 -0.984 -0.0 0.115 0.135 0.683 -0.0 -0.73 -0.038 0.988 -0.0 0.037 0.153 
1.0 -0.008 0.028 0.005 -0.748 -0.0 -0.664 -0.019 -0.983 0.0 -0.1 -0.154 0.967 0.0 -0.05 -0.249 0.359 0.0 0.599 -0.716 -0.615 -0.0 -0.788 -0.019 -0.984 0.0 0.116 0.135 0.683 0.0 -0.73 -0.039 0.987 0.0 0.037 0.154 
1.0 -0.008 0.028 0.005 -0.748 0.0 -0.664 -0.019 -0.983 -0.0 -0.1 -0.154 0.968 0.0 -0.051 -0.245 0.357 0.0 0.601 -0.715 -0.615 -0.0 -0.788 -0.019 -0.984 -0.0 0.115 0.135 0.682 0.0 -0.73 -0.038 0.988 0.0 0.037 0.152 
1.0 -0.008 0.028 0.005 -0.748 -0.0 -0.664 -0.019 -0.983 -0.0 -0.104 -0.153 0.97 0.0 -0.052 -0.239 0.355 0.0 0.602 -0.715 -0.615 -0.0 -0.788 -0.019 -0.984 -0.0 0.115 0.134 0.682 0.0 -0.73 -0.038 0.988 0.0 0.037 0.152 
1.0 -0.008 0.028 0.005 -0.748 0.0 -0.664 -0.019 -0.983 -0.0 -0.104 -0.153 0.971 0.0 -0.053 -0.234 0.354 0.0 0.603 -0.715 -0.615 -0.0 -0.788 -0.019 -0.984 -0.0 0.115 0.134 0.682 -0.0 -0.73 -0.038 0.988 -0.0 0.037 0.152 
1.0 -0.008 0.028 0.005 -0.748 -0.0 -0.664 -0.019 -0.983 0.0 -0.099 -0.154 0.972 0.0 -0.055 -0.229 0.352 0.0 0.605 -0.714 -0.615 0.0 -0.788 -0.019 -0.984 -0.0 0.115 0.134 0.682 0.0 -0.73 -0.038 0.988 0.0 0.038 0.152 
1.0 -0.008 0.028 0.004 -0.748 0.0 -0.664 -0.019 -0.983 -0.0 -0.099 -0.154 0.973 0.0 -0.056 -0.223 0.351 0.0 0.606 -0.714 -0.615 -0.0 -0.788 -0.018 -0.984 -0.0 0.115 0.134 0.682 -0.0 -0.73 -0.037 0.988 0.0 0.038 0.152 
1.0 -0.008 0.028 0.004 -0.748 -0.0 -0.664 -0.019 -0.983 -0.0 -0.099 -0.154 0.974 0.0 -0.057 -0.217 0.35 0.0 0.608 -0.713 -0.615 -0.0 -0.788 -0.018 -0.984 -0.0 0.115 0.134 0.682 0.0 -0.73 -0.038 0.988 -0.0 0.037 0.153 
1.0 -0.008 0.028 0.004 -0.748 -0.0 -0.664 -0.019 -0.983 0.0 -0.099 -0.154 0.976 0.0 -0.059 -0.212 0.349 0.0 0.609 -0.713 -0.615 -0.0 -0.788 -0.019 -0.984 -0.0 0.115 0.134 0.682 0.0 -0.73 -0.037 0.988 0.0 0.038 0.151 
1.0 -0.008 0.028 0.004 -0.748 0.0 -0.664 -0.018 -0.983 0.0 -0.099 -0.155 0.977 0.0 -0.06 -0.206 0.348 0.0 0.61 -0.712 -0.615 -0.0 -0.788 -0.018 -0.984 0.0 0.115 0.133 0.682 0.0 -0.73 -0.037 0.988 0.0 0.038 0.152 
1.0 -0.008 0.028 0.004 -0.748 -0.0 -0.664 -0.018 -0.983 -0.0 -0.099 -0.154 0.977 -0.0 -0.064 -0.201 0.347 0.0 0.612 -0.71 -0.615 -0.0 -0.788 -0.018 -0.984 -0.0 0.115 0.133 0.682 0.0 -0.73 -0.037 0.988 0.0 0.038 0.152 
1.0 -0.008 0.028 0.003 -0.748 -0.0 -0.664 -0.018 -0.983 -0.0 -0.099 -0.154 0.978 0.0 -0.065 -0.196 0.347 0.0 0.614 -0.709 -0.615 -0.0 -0.788 -0.018 -0.984 -0.0 0.115 0.133 0.682 0.0 -0.73 -0.037 0.988 -0.0 0.038 0.151 
1.0 -0.008 0.028 0.003 -0.748 -0.0 -0.664 -0.017 -0.983 -0.0 -0.099 -0.154 0.979 0.0 -0.067 -0.192 0.347 0.0 0.614 -0.709 -0.615 -0.0 -0.788 -0.017 -0.984 -0.0 0.115 0.132 0.683 0.0 -0.73 -0.037 0.988 0.0 0.038 0.152 
1.0 -0.008 0.028 0.002 -0.748 -0.0 -0.664 -0.017 -0.983 -0.0 -0.1 -0.154 0.98 0.0 -0.069 -0.186 0.346 0.0 0.616 -0.708 -0.615 -0.0 -0.788 -0.017 -0.984 -0.0 0.116 0.132 0.683 0.0 -0.73 -0.036 0.988 0.0 0.037 0.152 
1.0 -0.009 0.028 0.002 -0.748 -0.0 -0.664 -0.017 -0.983 -0.0 -0.1 -0.154 0.981 0.0 -0.071 -0.182 0.346 -0.0 0.616 -0.707 -0.615 -0.0 -0.788 -0.016 -0.985 -0.0 0.116 0.131 0.682 0.0 -0.73 -0.035 0.988 0.0 0.038 0.151 
1.0 -0.009 0.028 0.002 -0.748 -0.0 -0.664 -0.016 -0.983 0.0 -0.1 -0.154 0.981 0.0 -0.075 -0.179 0.345 0.0 0.613 -0.71 -0.615 -0.0 -0.788 -0.016 -0.985 0.0 0.116 0.131 0.683 0.0 -0.73 -0.036 0.988 0.0 0.037 0.152 
1.0 -0.008 0.028 0.001 -0.748 -0.0 -0.664 -0.016 -0.983 -0.0 -0.101 -0.154 0.982 0.0 -0.076 -0.174 0.345 0.0 0.615 -0.709 -0.615 -0.0 -0.788 -0.016 -0.985 0.0 0.116 0.131 0.683 -0.0 -0.73 -0.036 0.988 0.0 0.037 0.152 
1.0 -0.008 0.028 0.001 -0.748 -0.0 -0.664 -0.016 -0.983 -0.0 -0.101 -0.153 0.983 0.0 -0.077 -0.169 0.345 0.0 0.615 -0.709 -0.615 -0.0 -0.788 -0.016 -0.985 -0.0 0.116 0.131 0.683 0.0 -0.73 -0.035 0.988 0.0 0.037 0.152 
1.0 -0.008 0.028 0.0 -0.748 -0.0 -0.664 -0.015 -0.983 -0.0 -0.102 -0.153 0.983 0.0 -0.079 -0.164 0.345 0.0 0.616 -0.708 -0.615 -0.0 -0.788 -0.016 -0.985 0.0 0.116 0.131 0.683 0.0 -0.73 -0.035 0.988 0.0 0.037 0.152 
1.0 -0.008 0.028 -0.0 -0.748 -0.0 -0.663 -0.015 -0.983 -0.0 -0.102 -0.153 0.984 0.0 -0.08 -0.16 0.344 0.0 0.617 -0.707 -0.615 -0.0 -0.788 -0.017 -0.985 -0.0 0.116 0.13 0.682 -0.0 -0.73 -0.036 0.988 0.0 0.037 0.152 
1.0 -0.008 0.028 -0.001 -0.748 -0.0 -0.663 -0.015 -0.983 -0.0 -0.102 -0.153 0.984 0.0 -0.082 -0.155 0.344 0.0 0.617 -0.708 -0.615 -0.0 -0.788 -0.017 -0.985 -0.0 0.116 0.13 0.682 0.0 -0.73 -0.035 0.988 -0.0 0.037 0.151 
1.0 -0.008 0.028 -0.001 -0.748 -0.0 -0.663 -0.015 -0.983 -0.0 -0.103 -0.152 0.985 0.0 -0.082 -0.151 0.343 0.0 0.618 -0.707 -0.615 0.0 -0.788 -0.017 -0.985 -0.0 0.116 0.13 0.682 -0.0 -0.73 -0.035 0.988 0.0 0.037 0.151 
1.0 -0.008 0.028 -0.002 -0.748 0.0 -0.663 -0.015 -0.983 -0.0 -0.103 -0.152 0.986 -0.0 -0.083 -0.148 0.343 0.0 0.617 -0.708 -0.615 -0.0 -0.788 -0.017 -0.985 -0.0 0.117 0.13 0.682 -0.0 -0.73 -0.035 0.988 0.0 0.037 0.151 
1.0 -0.008 0.027 -0.002 -0.748 0.0 -0.663 -0.015 -0.983 -0.0 -0.103 -0.151 0.986 0.0 -0.084 -0.145 0.343 0.0 0.618 -0.708 -0.615 -0.0 -0.788 -0.017 -0.985 -0.0 0.116 0.129 0.682 0.0 -0.73 -0.035 0.988 0.0 0.037 0.151 
1.0 -0.008 0.027 -0.003 -0.748 -0.0 -0.663 -0.015 -0.983 -0.0 -0.104 -0.151 0.986 0.0 -0.085 -0.141 0.343 0.0 0.618 -0.707 -0.615 -0.0 -0.788 -0.017 -0.985 -0.0 0.117 0.129 0.682 -0.0 -0.73 -0.035 0.988 0.0 0.037 0.151 
1.0 -0.007 0.027 -0.003 -0.748 -0.0 -0.663 -0.015 -0.983 -0.0 -0.104 -0.151 0.987 0.0 -0.086 -0.138 0.343 0.0 0.618 -0.708 -0.615 -0.0 -0.788 -0.017 -0.985 -0.0 0.117 0.129 0.682 0.0 -0.73 -0.035 0.988 0.0 0.037 0.151 
1.0 -0.007 0.027 -0.004 -0.748 -0.0 -0.663 -0.015 -0.983 -0.0 -0.104 -0.15 0.987 -0.0 -0.086 -0.136 0.343 0.0 0.617 -0.708 -0.615 0.0 -0.788 -0.017 -0.985 0.0 0.117 0.129 0.682 0.0 -0.73 -0.035 0.988 -0.0 0.037 0.151 
1.0 -0.007 0.027 -0.004 -0.748 -0.0 -0.663 -0.015 -0.983 -0.0 -0.104 -0.15 0.987 0.0 -0.086 -0.134 0.343 0.0 0.616 -0.709 -0.615 -0.0 -0.788 -0.018 -0.985 -0.0 0.117 0.129 0.683 0.0 -0.73 -0.035 0.988 0.0 0.037 0.151 
1.0 -0.007 0.027 -0.004 -0.749 -0.0 -0.663 -0.015 -0.983 -0.0 -0.104 -0.15 0.987 0.0 -0.087 -0.132 0.343 0.0 0.616 -0.709 -0.615 -0.0 -0.788 -0.017 -0.985 -0.0 0.116 0.129 0.682 0.0 -0.73 -0.034 0.988 0.0 0.037 0.151 
1.0 -0.007 0.027 -0.005 -0.749 -0.0 -0.663 -0.015 -0.983 0.0 -0.104 -0.149 0.988 -0.0 -0.087 -0.131 0.344 0.0 0.615 -0.71 -0.615 -0.0 -0.788 -0.018 -0.985 -0.0 0.116 0.129 0.682 0.0 -0.73 -0.034 0.988 0.0 0.037 0.151 
1.0 -0.007 0.027 -0.005 -0.749 0.0 -0.663 -0.015 -0.983 -0.0 -0.104 -0.149 0.988 0.0 -0.087 -0.13 0.344 -0.0 0.614 -0.711 -0.615 -0.0 -0.788 -0.018 -0.985 -0.0 0.116 0.13 0.682 0.0 -0.73 -0.034 0.988 0.0 0.038 0.151 
1.0 -0.007 0.027 -0.005 -0.749 -0.0 -0.663 -0.015 -0.983 -0.0 -0.104 -0.149 0.988 0.0 -0.087 -0.129 0.344 -0.0 0.613 -0.711 -0.615 -0.0 -0.788 -0.018 -0.985 -0.0 0.116 0.13 0.682 0.0 -0.73 -0.034 0.988 -0.0 0.038 0.151 
1.0 -0.007 0.027 -0.005 -0.749 -0.0 -0.663 -0.015 -0.983 0.0 -0.104 -0.149 0.988 0.0 -0.086 -0.129 0.345 0.0 0.612 -0.711 -0.615 -0.0 -0.788 -0.019 -0.985 -0.0 0.116 0.13 0.682 0.0 -0.73 -0.034 0.988 -0.0 0.038 0.151 
1.0 -0.007 0.027 -0.005 -0.749 -0.0 -0.662 -0.015 -0.983 -0.0 -0.104 -0.149 0.988 0.0 -0.086 -0.128 0.345 0.0 0.611 -0.712 -0.615 -0.0 -0.788 -0.019 -0.985 -0.0 0.116 0.13 0.682 0.0 -0.73 -0.034 0.988 0.0 0.038 0.151 
1.0 -0.007 0.027 -0.006 -0.749 -0.0 -0.662 -0.015 -0.983 -0.0 -0.105 -0.149 0.988 0.0 -0.086 -0.128 0.346 -0.0 0.61 -0.713 -0.615 -0.0 -0.788 -0.019 -0.985 -0.0 0.116 0.13 0.682 0.0 -0.73 -0.034 0.988 0.0 0.038 0.151 
1.0 -0.007 0.027 -0.006 -0.749 -0.0 -0.662 -0.015 -0.983 -0.0 -0.105 -0.149 0.988 0.0 -0.085 -0.129 0.346 0.0 0.609 -0.713 -0.615 -0.0 -0.788 -0.019 -0.985 -0.0 0.116 0.13 0.682 0.0 -0.73 -0.034 0.988 0.0 0.038 0.151 
1.0 -0.007 0.027 -0.006 -0.749 -0.0 -0.662 -0.015 -0.983 -0.0 -0.105 -0.149 0.988 0.0 -0.085 -0.13 0.347 0.0 0.608 -0.714 -0.615 -0.0 -0.788 -0.019 -0.985 -0.0 0.116 0.13 0.682 0.0 -0.73 -0.034 0.988 0.0 0.039 0.151 
1.0 -0.007 0.027 -0.006 -0.749 -0.0 -0.662 -0.016 -0.983 -0.0 -0.104 -0.149 0.988 -0.0 -0.084 -0.13 0.347 0.0 0.607 -0.715 -0.615 -0.0 -0.788 -0.019 -0.985 -0.0 0.116 0.13 0.682 -0.0 -0.73 -0.034 0.988 0.0 0.038 0.15 
1.0 -0.007 0.027 -0.006 -0.749 -0.0 -0.662 -0.016 -0.983 -0.0 -0.105 -0.149 0.988 0.0 -0.083 -0.132 0.347 0.0 0.605 -0.716 -0.615 0.0 -0.788 -0.019 -0.985 0.0 0.116 0.13 0.682 0.0 -0.73 -0.034 0.988 -0.0 0.039 0.151 
1.0 -0.007 0.027 -0.006 -0.749 -0.0 -0.662 -0.016 -0.983 -0.0 -0.105 -0.149 0.988 0.0 -0.083 -0.133 0.348 0.0 0.604 -0.717 -0.615 -0.0 -0.788 -0.019 -0.985 -0.0 0.116 0.13 0.682 0.0 -0.73 -0.034 0.988 0.0 0.039 0.15 
1.0 -0.007 0.027 -0.006 -0.75 -0.0 -0.662 -0.016 -0.983 0.0 -0.104 -0.15 0.987 -0.0 -0.082 -0.135 0.349 0.0 0.603 -0.718 -0.615 -0.0 -0.788 -0.019 -0.985 0.0 0.116 0.13 0.682 0.0 -0.73 -0.034 0.988 0.0 0.039 0.151 
1.0 -0.007 0.027 -0.006 -0.75 -0.0 -0.662 -0.017 -0.983 -0.0 -0.104 -0.15 0.987 0.0 -0.08 -0.137 0.349 0.0 0.602 -0.718 -0.615 -0.0 -0.788 -0.02 -0.985 -0.0 0.115 0.13 0.682 0.0 -0.73 -0.034 0.988 0.0 0.039 0.151 
1.0 -0.007 0.027 -0.006 -0.75 -0.0 -0.661 -0.017 -0.983 -0.0 -0.104 -0.15 0.987 0.0 -0.08 -0.14 0.35 0.0 0.601 -0.719 -0.615 0.0 -0.788 -0.019 -0.985 -0.0 0.116 0.13 0.682 -0.0 -0.73 -0.034 0.988 0.0 0.039 0.151 
1.0 -0.007 0.027 -0.006 -0.75 -0.0 -0.661 -0.017 -0.983 -0.0 -0.104 -0.15 0.987 0.0 -0.079 -0.142 0.351 -0.0 0.599 -0.72 -0.615 -0.0 -0.788 -0.02 -0.985 -0.0 0.115 0.13 0.682 -0.0 -0.73 -0.035 0.988 0.0 0.038 0.151 
1.0 -0.007 0.027 -0.006 -0.75 -0.0 -0.661 -0.018 -0.983 -0.0 -0.104 -0.15 0.986 0.0 -0.077 -0.145 0.351 0.0 0.599 -0.72 -0.615 -0.0 -0.788 -0.02 -0.985 -0.0 0.116 0.13 0.682 0.0 -0.73 -0.035 0.988 0.0 0.038 0.151 
1.0 -0.007 0.027 -0.005 -0.75 -0.0 -0.661 -0.019 -0.983 0.0 -0.104 -0.149 0.986 0.0 -0.076 -0.148 0.352 -0.0 0.597 -0.721 -0.615 0.0 -0.788 -0.02 -0.985 -0.0 0.116 0.13 0.682 -0.0 -0.73 -0.035 0.988 0.0 0.038 0.151 
1.0 -0.007 0.027 -0.005 -0.75 0.0 -0.661 -0.019 -0.983 -0.0 -0.104 -0.15 0.986 -0.0 -0.075 -0.151 0.353 0.0 0.597 -0.721 -0.615 -0.0 -0.788 -0.02 -0.985 -0.0 0.116 0.131 0.682 0.0 -0.73 -0.036 0.988 0.0 0.038 0.151 
1.0 -0.007 0.027 -0.005 -0.75 -0.0 -0.661 -0.02 -0.983 -0.0 -0.104 -0.15 0.985 -0.0 -0.074 -0.155 0.353 0.0 0.596 -0.721 -0.615 0.0 -0.788 -0.02 -0.985 -0.0 0.116 0.131 0.682 0.0 -0.73 -0.035 0.988 0.0 0.038 0.151 
1.0 -0.007 0.027 -0.005 -0.75 -0.0 -0.661 -0.02 -0.983 -0.0 -0.104 -0.15 0.985 0.0 -0.073 -0.159 0.354 -0.0 0.595 -0.722 -0.615 -0.0 -0.788 -0.02 -0.985 0.0 0.116 0.131 0.682 0.0 -0.73 -0.035 0.988 0.0 0.038 0.151 
1.0 -0.007 0.027 -0.005 -0.75 -0.0 -0.661 -0.02 -0.983 -0.0 -0.104 -0.15 0.984 -0.0 -0.071 -0.163 0.355 0.0 0.593 -0.723 -0.615 0.0 -0.788 -0.02 -0.985 -0.0 0.116 0.131 0.682 0.0 -0.73 -0.036 0.988 -0.0 0.038 0.151 
1.0 -0.007 0.027 -0.005 -0.751 -0.0 -0.661 -0.02 -0.983 0.0 -0.104 -0.15 0.984 0.0 -0.07 -0.167 0.356 0.0 0.593 -0.722 -0.615 -0.0 -0.788 -0.02 -0.985 -0.0 0.115 0.131 0.682 0.0 -0.73 -0.036 0.988 0.0 0.038 0.151 
1.0 -0.007 0.027 -0.005 -0.751 -0.0 -0.66 -0.021 -0.983 -0.0 -0.104 -0.15 0.983 0.0 -0.068 -0.171 0.357 0.0 0.591 -0.723 -0.615 -0.0 -0.788 -0.021 -0.985 -0.0 0.115 0.131 0.682 0.0 -0.73 -0.036 0.988 -0.0 0.038 0.151 
1.0 -0.007 0.027 -0.004 -0.751 -0.0 -0.66 -0.021 -0.983 -0.0 -0.104 -0.151 0.982 0.0 -0.066 -0.175 0.358 0.0 0.59 -0.724 -0.615 0.0 -0.788 -0.021 -0.985 0.0 0.115 0.132 0.682 -0.0 -0.73 -0.036 0.988 0.0 0.038 0.152 
1.0 -0.007 0.027 -0.004 -0.751 -0.0 -0.66 -0.021 -0.983 -0.0 -0.103 -0.151 0.982 0.0 -0.064 -0.18 0.359 -0.0 0.589 -0.724 -0.615 -0.0 -0.788 -0.021 -0.985 -0.0 0.115 0.132 0.682 0.0 -0.73 -0.036 0.988 -0.0 0.037 0.152 
1.0 -0.007 0.027 -0.004 -0.751 0.0 -0.66 -0.022 -0.983 -0.0 -0.103 -0.151 0.981 0.0 -0.063 -0.185 0.36 0.0 0.588 -0.724 -0.615 -0.0 -0.788 -0.021 -0.985 -0.0 0.115 0.132 0.682 0.0 -0.73 -0.036 0.988 0.0 0.037 0.152 
1.0 -0.008 0.027 -0.004 -0.751 -0.0 -0.66 -0.022 -0.983 -0.0 -0.103 -0.151 0.98 -0.0 -0.061 -0.189 0.36 -0.0 0.587 -0.725 -0.615 0.0 -0.788 -0.021 -0.985 -0.0 0.115 0.132 0.682 0.0 -0.73 -0.036 0.988 0.0 0.037 0.152 
1.0 -0.008 0.027 -0.004 -0.751 -0.0 -0.66 -0.022 -0.983 -0.0 -0.103 -0.151 0.979 -0.0 -0.059 -0.195 0.361 -0.0 0.586 -0.726 -0.615 -0.0 -0.788 -0.02 -0.985 -0.0 0.115 0.132 0.682 -0.0 -0.73 -0.036 0.988 0.0 0.038 0.152 
1.0 -0.008 0.027 -0.004 -0.751 -0.0 -0.66 -0.022 -0.983 -0.0 -0.103 -0.151 0.978 0.0 -0.058 -0.2 0.362 0.0 0.584 -0.727 -0.615 0.0 -0.788 -0.02 -0.984 -0.0 0.116 0.132 0.682 0.0 -0.73 -0.036 0.988 0.0 0.038 0.152 
1.0 -0.008 0.027 -0.003 -0.751 0.0 -0.66 -0.023 -0.983 -0.0 -0.103 -0.151 0.978 0.0 -0.054 -0.204 0.363 0.0 0.588 -0.723 -0.615 -0.0 -0.788 -0.021 -0.984 -0.0 0.116 0.132 0.682 0.0 -0.73 -0.036 0.988 0.0 0.037 0.152 
1.0 -0.008 0.027 -0.003 -0.751 -0.0 -0.66 -0.023 -0.983 -0.0 -0.103 -0.151 0.977 0.0 -0.052 -0.209 0.364 0.0 0.587 -0.723 -0.615 -0.0 -0.788 -0.02 -0.984 0.0 0.116 0.132 0.682 0.0 -0.73 -0.037 0.988 0.0 0.037 0.152 
1.0 -0.008 0.027 -0.003 -0.751 -0.0 -0.66 -0.023 -0.983 0.0 -0.103 -0.151 0.976 0.0 -0.048 -0.214 0.364 0.0 0.586 -0.723 -0.615 -0.0 -0.788 -0.02 -0.984 0.0 0.116 0.132 0.682 0.0 -0.73 -0.037 0.988 -0.0 0.037 0.152 
1.0 -0.008 0.027 -0.002 -0.751 -0.0 -0.659 -0.023 -0.983 -0.0 -0.103 -0.151 0.974 0.0 -0.046 -0.22 0.365 0.0 0.587 -0.723 -0.615 0.0 -0.788 -0.02 -0.984 0.0 0.116 0.132 0.682 0.0 -0.73 -0.037 0.988 -0.0 0.037 0.152 
1.0 -0.008 0.028 -0.003 -0.751 0.0 -0.659 -0.023 -0.983 -0.0 -0.104 -0.151 0.973 0.0 -0.044 -0.225 0.367 0.0 0.587 -0.722 -0.615 -0.0 -0.788 -0.02 -0.984 -0.0 0.116 0.132 0.682 0.0 -0.73 -0.037 0.988 0.0 0.037 0.153 
1.0 -0.008 0.028 -0.002 -0.752 -0.0 -0.659 -0.023 -0.983 -0.0 -0.104 -0.151 0.972 0.0 -0.042 -0.232 0.368 0.0 0.588 -0.72 -0.615 0.0 -0.788 -0.02 -0.984 -0.0 0.117 0.132 0.682 0.0 -0.73 -0.037 0.988 0.0 0.037 0.152 
1.0 -0.008 0.028 -0.002 -0.752 -0.0 -0.659 -0.023 -0.983 0.0 -0.104 -0.151 0.97 0.0 -0.04 -0.238 0.369 0.0 0.588 -0.72 -0.615 -0.0 -0.788 -0.02 -0.984 -0.0 0.116 0.132 0.682 0.0 -0.73 -0.038 0.988 0.0 0.037 0.153 
1.0 -0.008 0.028 -0.001 -0.752 -0.0 -0.659 -0.023 -0.983 0.0 -0.104 -0.151 0.969 0.0 -0.037 -0.244 0.37 0.0 0.589 -0.718 -0.615 -0.0 -0.788 -0.02 -0.984 -0.0 0.116 0.133 0.683 0.0 -0.73 -0.038 0.988 -0.0 0.036 0.153 
1.0 -0.008 0.027 -0.001 -0.752 0.0 -0.659 -0.023 -0.983 -0.0 -0.104 -0.151 0.968 0.0 -0.035 -0.249 0.371 0.0 0.59 -0.717 -0.615 -0.0 -0.788 -0.021 -0.984 -0.0 0.116 0.133 0.683 0.0 -0.73 -0.039 0.988 0.0 0.036 0.153 
1.0 -0.008 0.028 -0.001 -0.752 -0.0 -0.659 -0.024 -0.983 -0.0 -0.104 -0.15 0.967 0.0 -0.033 -0.254 0.371 0.0 0.591 -0.717 -0.615 0.0 -0.788 -0.021 -0.984 -0.0 0.116 0.133 0.683 -0.0 -0.73 -0.039 0.988 0.0 0.036 0.153 
1.0 -0.008 0.028 -0.001 -0.752 -0.0 -0.659 -0.024 -0.983 -0.0 -0.104 -0.15 0.965 -0.0 -0.031 -0.26 0.372 0.0 0.591 -0.716 -0.615 -0.0 -0.788 -0.021 -0.984 0.0 0.116 0.133 0.683 0.0 -0.73 -0.039 0.987 0.0 0.036 0.154 
1.0 -0.008 0.028 -0.001 -0.752 0.0 -0.659 -0.024 -0.983 -0.0 -0.104 -0.149 0.964 0.0 -0.029 -0.265 0.373 -0.0 0.592 -0.715 -0.615 0.0 -0.788 -0.021 -0.984 -0.0 0.116 0.133 0.683 -0.0 -0.73 -0.039 0.987 0.0 0.036 0.154 
1.0 -0.008 0.028 -0.001 -0.752 -0.0 -0.659 -0.024 -0.983 -0.0 -0.104 -0.149 0.962 0.0 -0.026 -0.27 0.373 0.0 0.593 -0.714 -0.615 0.0 -0.788 -0.021 -0.984 -0.0 0.116 0.133 0.683 0.0 -0.73 -0.039 0.987 0.0 0.036 0.154 
1.0 -0.008 0.028 -0.001 -0.752 -0.0 -0.659 -0.024 -0.983 -0.0 -0.104 -0.148 0.961 -0.0 -0.024 -0.275 0.374 0.0 0.594 -0.712 -0.615 -0.0 -0.788 -0.021 -0.984 -0.0 0.116 0.133 0.682 0.0 -0.73 -0.039 0.988 0.0 0.036 0.153 
1.0 -0.008 0.028 -0.001 -0.751 -0.0 -0.659 -0.024 -0.983 0.0 -0.104 -0.148 0.96 0.0 -0.022 -0.28 0.375 0.0 0.595 -0.711 -0.615 -0.0 -0.788 -0.021 -0.984 -0.0 0.116 0.133 0.682 -0.0 -0.73 -0.039 0.987 0.0 0.036 0.154 
1.0 -0.008 0.028 -0.001 -0.751 -0.0 -0.659 -0.025 -0.984 -0.0 -0.104 -0.148 0.958 0.0 -0.02 -0.285 0.375 -0.0 0.596 -0.709 -0.615 -0.0 -0.788 -0.022 -0.984 0.0 0.116 0.134 0.682 0.0 -0.73 -0.039 0.987 0.0 0.036 0.154 
1.0 -0.008 0.028 -0.001 -0.751 -0.0 -0.659 -0.025 -0.984 0.0 -0.104 -0.147 0.957 0.0 -0.018 -0.29 0.377 -0.0 0.6 -0.706 -0.615 -0.0 -0.788 -0.022 -0.984 -0.0 0.116 0.134 0.682 0.0 -0.73 -0.04 0.987 0.0 0.036 0.153 
1.0 -0.008 0.028 -0.0 -0.751 -0.0 -0.659 -0.025 -0.984 -0.0 -0.105 -0.147 0.956 0.0 -0.015 -0.294 0.378 0.0 0.601 -0.705 -0.615 -0.0 -0.788 -0.022 -0.984 -0.0 0.116 0.134 0.682 0.0 -0.73 -0.039 0.987 0.0 0.036 0.153 
1.0 -0.008 0.028 -0.0 -0.751 0.0 -0.659 -0.025 -0.984 -0.0 -0.105 -0.147 0.954 0.0 -0.014 -0.298 0.378 0.0 0.601 -0.705 -0.615 0.0 -0.788 -0.022 -0.984 -0.0 0.116 0.134 0.682 0.0 -0.73 -0.039 0.988 0.0 0.037 0.153 
1.0 -0.008 0.028 -0.0 -0.751 -0.0 -0.66 -0.025 -0.984 0.0 -0.105 -0.147 0.953 0.0 -0.012 -0.303 0.378 0.0 0.601 -0.704 -0.615 0.0 -0.788 -0.022 -0.984 0.0 0.116 0.134 0.682 0.0 -0.73 -0.04 0.987 0.0 0.037 0.153 
1.0 -0.008 0.028 -0.0 -0.751 -0.0 -0.659 -0.025 -0.984 0.0 -0.105 -0.147 0.951 -0.0 -0.01 -0.308 0.379 0.0 0.601 -0.703 -0.615 -0.0 -0.788 -0.022 -0.984 -0.0 0.116 0.134 0.682 0.0 -0.73 -0.04 0.988 0.0 0.036 0.153 
1.0 -0.008 0.028 0.0 -0.751 -0.0 -0.66 -0.025 -0.983 -0.0 -0.11 -0.146 0.95 0.0 -0.008 -0.311 0.38 0.0 0.603 -0.702 -0.615 0.0 -0.788 -0.022 -0.984 -0.0 0.116 0.134 0.682 -0.0 -0.73 -0.04 0.988 -0.0 0.036 0.153 
1.0 -0.008 0.028 0.0 -0.751 -0.0 -0.66 -0.025 -0.983 -0.0 -0.106 -0.147 0.949 0.0 -0.006 -0.316 0.38 0.0 0.604 -0.7 -0.615 -0.0 -0.788 -0.022 -0.984 0.0 0.116 0.134 0.682 0.0 -0.73 -0.041 0.987 -0.0 0.036 0.154 
1.0 -0.008 0.028 0.0 -0.751 -0.0 -0.66 -0.025 -0.983 -0.0 -0.106 -0.147 0.948 0.0 -0.005 -0.32 0.381 0.0 0.604 -0.7 -0.615 -0.0 -0.788 -0.022 -0.984 -0.0 0.116 0.134 0.682 0.0 -0.73 -0.04 0.988 0.0 0.036 0.153 
1.0 -0.008 0.028 0.0 -0.751 -0.0 -0.66 -0.026 -0.983 -0.0 -0.106 -0.147 0.946 0.0 -0.003 -0.324 0.382 0.0 0.605 -0.698 -0.615 -0.0 -0.788 -0.022 -0.984 -0.0 0.116 0.134 0.682 0.0 -0.73 -0.04 0.988 0.0 0.037 0.153 
1.0 -0.008 0.028 0.001 -0.751 -0.0 -0.66 -0.026 -0.984 -0.0 -0.106 -0.146 0.945 0.0 -0.001 -0.327 0.381 -0.0 0.606 -0.698 -0.615 -0.0 -0.788 -0.022 -0.984 -0.0 0.116 0.134 0.682 0.0 -0.73 -0.04 0.988 0.0 0.036 0.153 
1.0 -0.008 0.028 0.001 -0.751 -0.0 -0.66 -0.026 -0.984 -0.0 -0.106 -0.147 0.944 0.0 0.0 -0.331 0.382 0.0 0.606 -0.697 -0.615 -0.0 -0.788 -0.022 -0.984 -0.0 0.116 0.134 0.682 0.0 -0.73 -0.04 0.988 0.0 0.036 0.153 
1.0 -0.008 0.028 0.001 -0.751 -0.0 -0.66 -0.026 -0.984 0.0 -0.106 -0.147 0.942 0.0 0.002 -0.334 0.383 0.0 0.606 -0.697 -0.615 -0.0 -0.788 -0.022 -0.984 -0.0 0.116 0.134 0.682 0.0 -0.73 -0.04 0.988 0.0 0.036 0.153 
1.0 -0.008 0.028 0.001 -0.75 -0.0 -0.66 -0.026 -0.983 -0.0 -0.11 -0.146 0.941 0.0 0.003 -0.338 0.384 0.0 0.606 -0.696 -0.615 -0.0 -0.788 -0.022 -0.984 -0.0 0.115 0.134 0.682 -0.0 -0.73 -0.04 0.988 0.0 0.036 0.153 
1.0 -0.008 0.028 0.001 -0.75 -0.0 -0.661 -0.026 -0.984 -0.0 -0.106 -0.147 0.94 -0.0 0.005 -0.341 0.385 0.0 0.606 -0.696 -0.615 -0.0 -0.788 -0.022 -0.984 -0.0 0.115 0.134 0.682 0.0 -0.73 -0.04 0.988 0.0 0.037 0.153 
1.0 -0.008 0.028 0.001 -0.75 -0.0 -0.661 -0.026 -0.983 -0.0 -0.11 -0.146 0.939 0.0 0.006 -0.344 0.386 0.0 0.606 -0.695 -0.615 -0.0 -0.788 -0.022 -0.984 -0.0 0.115 0.135 0.682 -0.0 -0.73 -0.04 0.988 0.0 0.036 0.153 
1.0 -0.008 0.028 0.001 -0.75 -0.0 -0.661 -0.026 -0.983 -0.0 -0.11 -0.147 0.938 0.0 0.007 -0.346 0.387 0.0 0.606 -0.695 -0.615 0.0 -0.788 -0.022 -0.984 0.0 0.115 0.135 0.682 0.0 -0.73 -0.04 0.988 -0.0 0.037 0.153 
1.0 -0.008 0.028 0.002 -0.75 -0.0 -0.661 -0.026 -0.983 -0.0 -0.11 -0.146 0.937 0.0 0.008 -0.349 0.388 0.0 0.605 -0.695 -0.615 0.0 -0.788 -0.021 -0.984 -0.0 0.115 0.135 0.682 0.0 -0.73 -0.039 0.988 0.0 0.037 0.153 
1.0 -0.008 0.028 0.002 -0.75 -0.0 -0.661 -0.026 -0.983 -0.0 -0.11 -0.147 0.936 0.0 0.009 -0.351 0.39 0.0 0.604 -0.695 -0.615 -0.0 -0.788 -0.021 -0.984 -0.0 0.115 0.135 0.682 0.0 -0.73 -0.039 0.988 0.0 0.037 0.153 
1.0 -0.008 0.028 0.002 -0.749 0.0 -0.661 -0.026 -0.983 0.0 -0.109 -0.147 0.935 0.0 0.01 -0.354 0.391 0.0 0.603 -0.695 -0.615 -0.0 -0.788 -0.021 -0.984 -0.0 0.115 0.135 0.682 0.0 -0.73 -0.039 0.988 0.0 0.036 0.153 
1.0 -0.009 0.028 0.002 -0.749 -0.0 -0.662 -0.026 -0.983 -0.0 -0.109 -0.147 0.934 0.0 0.011 -0.356 0.392 0.0 0.603 -0.695 -0.615 0.0 -0.788 -0.021 -0.984 0.0 0.115 0.135 0.682 -0.0 -0.73 -0.039 0.988 0.0 0.037 0.153 
1.0 -0.009 0.028 0.002 -0.749 0.0 -0.662 -0.026 -0.983 -0.0 -0.11 -0.147 0.934 0.0 0.011 -0.358 0.394 0.0 0.601 -0.696 -0.615 0.0 -0.788 -0.021 -0.984 -0.0 0.115 0.135 0.682 0.0 -0.73 -0.039 0.988 0.0 0.036 0.153 
1.0 -0.009 0.028 0.002 -0.749 -0.0 -0.662 -0.026 -0.983 0.0 -0.109 -0.147 0.933 0.0 0.012 -0.359 0.395 0.0 0.6 -0.696 -0.615 -0.0 -0.788 -0.021 -0.984 -0.0 0.115 0.135 0.682 0.0 -0.73 -0.039 0.988 0.0 0.037 0.153 
1.0 -0.009 0.028 0.002 -0.749 0.0 -0.662 -0.026 -0.983 -0.0 -0.11 -0.147 0.933 0.0 0.012 -0.361 0.396 0.0 0.598 -0.697 -0.615 -0.0 -0.788 -0.022 -0.984 -0.0 0.115 0.135 0.682 0.0 -0.73 -0.039 0.988 0.0 0.037 0.153 
1.0 -0.009 0.028 0.002 -0.749 -0.0 -0.662 -0.026 -0.983 -0.0 -0.11 -0.147 0.932 0.0 0.013 -0.362 0.397 0.0 0.598 -0.696 -0.615 0.0 -0.788 -0.021 -0.984 -0.0 0.115 0.135 0.682 0.0 -0.73 -0.039 0.988 0.0 0.037 0.153 
1.0 -0.009 0.028 0.002 -0.749 0.0 -0.662 -0.026 -0.983 -0.0 -0.11 -0.147 0.932 0.0 0.013 -0.364 0.398 0.0 0.597 -0.697 -0.615 -0.0 -0.788 -0.022 -0.984 -0.0 0.115 0.135 0.682 0.0 -0.73 -0.039 0.988 0.0 0.037 0.153 
1.0 -0.009 0.028 0.002 -0.749 -0.0 -0.662 -0.026 -0.983 -0.0 -0.11 -0.147 0.931 0.0 0.013 -0.365 0.4 -0.0 0.596 -0.697 -0.615 -0.0 -0.788 -0.021 -0.984 -0.0 0.115 0.136 0.682 -0.0 -0.73 -0.039 0.988 -0.0 0.036 0.153 
1.0 -0.009 0.028 0.002 -0.749 -0.0 -0.662 -0.027 -0.983 -0.0 -0.11 -0.147 0.931 0.0 0.013 -0.366 0.401 0.0 0.595 -0.697 -0.616 0.0 -0.788 -0.021 -0.984 -0.0 0.115 0.136 0.682 0.0 -0.73 -0.039 0.988 -0.0 0.036 0.153 
1.0 -0.009 0.028 0.002 -0.748 0.0 -0.663 -0.027 -0.983 -0.0 -0.109 -0.147 0.93 0.0 0.013 -0.367 0.402 0.0 0.594 -0.697 -0.616 0.0 -0.788 -0.021 -0.984 -0.0 0.115 0.136 0.682 -0.0 -0.73 -0.039 0.988 -0.0 0.036 0.153 
1.0 -0.009 0.028 0.002 -0.748 -0.0 -0.663 -0.027 -0.983 -0.0 -0.109 -0.147 0.93 0.0 0.013 -0.367 0.403 0.0 0.593 -0.697 -0.616 -0.0 -0.788 -0.021 -0.984 0.0 0.115 0.136 0.682 0.0 -0.73 -0.039 0.988 0.0 0.037 0.153 
1.0 -0.009 0.028 0.002 -0.748 -0.0 -0.663 -0.027 -0.983 -0.0 -0.109 -0.147 0.93 0.0 0.013 -0.367 0.403 0.0 0.593 -0.697 -0.616 0.0 -0.788 -0.021 -0.984 -0.0 0.115 0.136 0.682 0.0 -0.73 -0.039 0.988 0.0 0.037 0.153 
1.0 -0.009 0.028 0.002 -0.748 0.0 -0.663 -0.027 -0.983 -0.0 -0.11 -0.148 0.93 0.0 0.012 -0.368 0.404 0.0 0.593 -0.697 -0.615 -0.0 -0.788 -0.021 -0.984 -0.0 0.115 0.135 0.682 0.0 -0.73 -0.039 0.988 0.0 0.037 0.153 
1.0 -0.009 0.028 0.002 -0.748 -0.0 -0.663 -0.027 -0.983 -0.0 -0.109 -0.147 0.93 0.0 0.012 -0.368 0.404 0.0 0.592 -0.697 -0.616 -0.0 -0.788 -0.021 -0.984 -0.0 0.115 0.135 0.682 -0.0 -0.73 -0.039 0.988 -0.0 0.037 0.153 
1.0 -0.009 0.028 0.002 -0.748 -0.0 -0.663 -0.027 -0.983 0.0 -0.109 -0.147 0.93 0.0 0.011 -0.368 0.405 -0.0 0.591 -0.697 -0.616 -0.0 -0.788 -0.021 -0.984 -0.0 0.115 0.135 0.682 0.0 -0.73 -0.038 0.988 -0.0 0.037 0.153 
1.0 -0.009 0.028 0.002 -0.748 -0.0 -0.663 -0.027 -0.983 -0.0 -0.109 -0.147 0.93 0.0 0.01 -0.368 0.406 -0.0 0.591 -0.697 -0.616 -0.0 -0.788 -0.02 -0.984 -0.0 0.115 0.135 0.682 -0.0 -0.73 -0.038 0.988 -0.0 0.037 0.153 
1.0 -0.009 0.028 0.002 -0.748 -0.0 -0.663 -0.027 -0.983 -0.0 -0.109 -0.147 0.93 0.0 0.009 -0.367 0.406 0.0 0.591 -0.697 -0.616 0.0 -0.788 -0.021 -0.984 -0.0 0.115 0.136 0.682 0.0 -0.73 -0.038 0.988 0.0 0.037 0.153 
1.0 -0.009 0.028 0.002 -0.748 0.0 -0.663 -0.027 -0.983 0.0 -0.109 -0.147 0.93 0.0 0.008 -0.367 0.406 -0.0 0.591 -0.697 -0.615 0.0 -0.788 -0.021 -0.984 0.0 0.115 0.136 0.682 0.0 -0.73 -0.039 0.988 0.0 0.036 0.153 
1.0 -0.009 0.028 0.002 -0.748 -0.0 -0.663 -0.027 -0.983 0.0 -0.109 -0.147 0.93 0.0 0.007 -0.366 0.406 0.0 0.591 -0.697 -0.616 -0.0 -0.788 -0.021 -0.984 -0.0 0.115 0.135 0.683 0.0 -0.73 -0.039 0.987 0.0 0.036 0.154 
1.0 -0.009 0.028 0.002 -0.748 -0.0 -0.663 -0.027 -0.983 -0.0 -0.109 -0.147 0.931 0.0 0.006 -0.365 0.406 0.0 0.591 -0.697 -0.616 -0.0 -0.788 -0.02 -0.984 -0.0 0.115 0.135 0.682 0.0 -0.73 -0.039 0.987 -0.0 0.036 0.154 
1.0 -0.009 0.028 0.002 -0.748 -0.0 -0.663 -0.027 -0.983 -0.0 -0.109 -0.147 0.931 0.0 0.005 -0.364 0.406 0.0 0.592 -0.697 -0.616 -0.0 -0.788 -0.02 -0.984 -0.0 0.115 0.135 0.682 0.0 -0.73 -0.038 0.988 0.0 0.037 0.153 
1.0 -0.009 0.028 0.002 -0.748 -0.0 -0.663 -0.027 -0.983 -0.0 -0.109 -0.147 0.932 0.0 0.004 -0.363 0.405 -0.0 0.592 -0.697 -0.616 -0.0 -0.788 -0.02 -0.984 0.0 0.115 0.135 0.682 0.0 -0.73 -0.038 0.988 0.0 0.037 0.153 
1.0 -0.009 0.028 0.002 -0.748 -0.0 -0.663 -0.027 -0.983 -0.0 -0.109 -0.147 0.932 0.0 0.003 -0.362 0.405 0.0 0.591 -0.697 -0.615 -0.0 -0.788 -0.021 -0.984 -0.0 0.115 0.135 0.682 0.0 -0.73 -0.038 0.987 0.0 0.037 0.153 
1.0 -0.009 0.028 0.002 -0.748 -0.0 -0.663 -0.027 -0.983 -0.0 -0.109 -0.147 0.933 0.0 0.001 -0.36 0.404 0.0 0.591 -0.698 -0.616 0.0 -0.788 -0.02 -0.984 0.0 0.115 0.135 0.682 0.0 -0.73 -0.038 0.988 0.0 0.037 0.153 
1.0 -0.009 0.028 0.002 -0.748 -0.0 -0.663 -0.027 -0.983 -0.0 -0.109 -0.147 0.934 -0.0 -0.0 -0.358 0.404 0.0 0.591 -0.698 -0.615 -0.0 -0.788 -0.02 -0.984 -0.0 0.115 0.135 0.682 0.0 -0.73 -0.038 0.988 0.0 0.037 0.153 
1.0 -0.009 0.028 0.002 -0.748 0.0 -0.663 -0.027 -0.983 -0.0 -0.109 -0.147 0.934 0.0 -0.002 -0.357 0.403 0.0 0.591 -0.699 -0.615 -0.0 -0.788 -0.02 -0.984 -0.0 0.115 0.135 0.682 -0.0 -0.73 -0.038 0.987 0.0 0.037 0.153 
1.0 -0.009 0.028 0.002 -0.748 0.0 -0.663 -0.027 -0.983 -0.0 -0.109 -0.147 0.935 0.0 -0.003 -0.355 0.402 0.0 0.591 -0.699 -0.615 -0.0 -0.788 -0.02 -0.984 0.0 0.115 0.135 0.682 0.0 -0.73 -0.038 0.988 0.0 0.037 0.153 
1.0 -0.009 0.028 0.002 -0.748 -0.0 -0.663 -0.027 -0.983 -0.0 -0.109 -0.147 0.936 -0.0 -0.005 -0.353 0.401 0.0 0.591 -0.7 -0.615 -0.0 -0.788 -0.02 -0.984 -0.0 0.115 0.135 0.682 -0.0 -0.73 -0.038 0.988 0.0 0.036 0.153 
1.0 -0.009 0.028 0.001 -0.748 0.0 -0.663 -0.027 -0.983 0.0 -0.109 -0.147 0.936 0.0 -0.007 -0.351 0.401 0.0 0.592 -0.699 -0.615 0.0 -0.788 -0.02 -0.984 -0.0 0.115 0.135 0.682 0.0 -0.73 -0.038 0.987 0.0 0.037 0.153 
1.0 -0.009 0.028 0.001 -0.748 -0.0 -0.663 -0.027 -0.983 -0.0 -0.109 -0.147 0.937 0.0 -0.008 -0.349 0.399 0.0 0.593 -0.7 -0.615 -0.0 -0.788 -0.02 -0.984 0.0 0.115 0.135 0.682 0.0 -0.73 -0.038 0.987 0.0 0.037 0.153 
1.0 -0.009 0.028 0.002 -0.748 0.0 -0.663 -0.027 -0.983 -0.0 -0.109 -0.147 0.938 0.0 -0.01 -0.346 0.398 0.0 0.593 -0.7 -0.615 -0.0 -0.788 -0.02 -0.984 -0.0 0.115 0.135 0.682 0.0 -0.73 -0.038 0.988 0.0 0.036 0.153 
1.0 -0.01 0.028 0.001 -0.748 -0.0 -0.663 -0.027 -0.983 0.0 -0.109 -0.147 0.939 0.0 -0.011 -0.344 0.397 0.0 0.594 -0.7 -0.615 -0.0 -0.788 -0.02 -0.984 -0.0 0.115 0.135 0.682 0.0 -0.73 -0.038 0.987 0.0 0.037 0.153 
1.0 -0.01 0.028 0.001 -0.748 -0.0 -0.663 -0.027 -0.983 -0.0 -0.109 -0.147 0.94 0.0 -0.013 -0.341 0.396 0.0 0.594 -0.7 -0.615 0.0 -0.788 -0.02 -0.984 0.0 0.115 0.135 0.682 -0.0 -0.73 -0.038 0.987 0.0 0.037 0.153 
1.0 -0.01 0.028 0.002 -0.748 -0.0 -0.663 -0.026 -0.983 0.0 -0.109 -0.147 0.941 0.0 -0.015 -0.338 0.394 0.0 0.595 -0.7 -0.615 -0.0 -0.788 -0.02 -0.984 0.0 0.115 0.135 0.682 0.0 -0.73 -0.037 0.987 0.0 0.037 0.153 
1.0 -0.01 0.028 0.002 -0.748 0.0 -0.663 -0.026 -0.983 -0.0 -0.109 -0.147 0.942 0.0 -0.016 -0.335 0.393 -0.0 0.595 -0.701 -0.615 0.0 -0.788 -0.019 -0.984 0.0 0.115 0.135 0.682 0.0 -0.73 -0.037 0.987 0.0 0.037 0.153 
1.0 -0.01 0.028 0.002 -0.749 -0.0 -0.663 -0.026 -0.983 0.0 -0.109 -0.148 0.943 0.0 -0.018 -0.332 0.392 0.0 0.596 -0.701 -0.615 0.0 -0.788 -0.019 -0.984 -0.0 0.115 0.135 0.682 -0.0 -0.73 -0.037 0.987 0.0 0.037 0.153 
1.0 -0.01 0.028 0.002 -0.749 -0.0 -0.663 -0.026 -0.983 -0.0 -0.109 -0.147 0.944 0.0 -0.02 -0.328 0.391 -0.0 0.596 -0.701 -0.615 -0.0 -0.788 -0.02 -0.984 -0.0 0.115 0.135 0.683 0.0 -0.73 -0.038 0.987 0.0 0.036 0.153 
1.0 -0.01 0.028 0.002 -0.749 -0.0 -0.662 -0.026 -0.983 -0.0 -0.109 -0.148 0.945 0.0 -0.021 -0.325 0.389 0.0 0.598 -0.701 -0.615 -0.0 -0.788 -0.019 -0.984 -0.0 0.115 0.135 0.683 0.0 -0.73 -0.037 0.988 0.0 0.037 0.153 
1.0 -0.01 0.028 0.002 -0.749 0.0 -0.662 -0.026 -0.983 0.0 -0.109 -0.148 0.947 0.0 -0.023 -0.322 0.387 0.0 0.599 -0.701 -0.615 -0.0 -0.788 -0.019 -0.984 -0.0 0.115 0.135 0.683 -0.0 -0.73 -0.037 0.987 0.0 0.037 0.153 
1.0 -0.01 0.028 0.002 -0.749 -0.0 -0.662 -0.026 -0.983 -0.0 -0.109 -0.148 0.948 0.0 -0.026 -0.318 0.386 0.0 0.599 -0.702 -0.615 -0.0 -0.788 -0.019 -0.984 -0.0 0.115 0.135 0.683 -0.0 -0.73 -0.037 0.987 0.0 0.037 0.153 
1.0 -0.01 0.028 0.002 -0.749 -0.0 -0.662 -0.026 -0.983 -0.0 -0.109 -0.148 0.949 0.0 -0.028 -0.314 0.384 0.0 0.6 -0.702 -0.615 -0.0 -0.788 -0.019 -0.984 -0.0 0.115 0.135 0.682 0.0 -0.73 -0.037 0.987 0.0 0.037 0.153 
1.0 -0.01 0.028 0.002 -0.749 -0.0 -0.662 -0.026 -0.983 0.0 -0.108 -0.148 0.95 0.0 -0.03 -0.31 0.382 0.0 0.601 -0.702 -0.615 0.0 -0.788 -0.019 -0.984 -0.0 0.115 0.135 0.683 0.0 -0.73 -0.037 0.987 0.0 0.037 0.153 
1.0 -0.01 0.028 0.002 -0.749 -0.0 -0.662 -0.026 -0.983 -0.0 -0.109 -0.148 0.952 -0.0 -0.032 -0.306 0.381 0.0 0.605 -0.7 -0.615 0.0 -0.788 -0.019 -0.984 0.0 0.115 0.135 0.683 0.0 -0.73 -0.037 0.987 0.0 0.037 0.153 
1.0 -0.01 0.028 0.002 -0.749 -0.0 -0.662 -0.025 -0.983 -0.0 -0.104 -0.149 0.953 0.0 -0.035 -0.301 0.378 0.0 0.605 -0.7 -0.615 -0.0 -0.788 -0.019 -0.984 0.0 0.115 0.135 0.683 0.0 -0.73 -0.037 0.988 0.0 0.037 0.153 
1.0 -0.01 0.028 0.002 -0.75 -0.0 -0.661 -0.025 -0.983 0.0 -0.104 -0.149 0.954 0.0 -0.037 -0.297 0.376 0.0 0.606 -0.701 -0.615 -0.0 -0.788 -0.019 -0.984 0.0 0.115 0.135 0.683 0.0 -0.73 -0.037 0.987 0.0 0.037 0.153 
1.0 -0.01 0.028 0.002 -0.75 0.0 -0.661 -0.025 -0.983 0.0 -0.104 -0.149 0.956 0.0 -0.039 -0.292 0.374 0.0 0.607 -0.701 -0.615 0.0 -0.788 -0.019 -0.984 -0.0 0.115 0.135 0.683 0.0 -0.73 -0.037 0.987 0.0 0.037 0.154 
1.0 -0.01 0.028 0.002 -0.75 -0.0 -0.661 -0.025 -0.983 -0.0 -0.104 -0.149 0.957 0.0 -0.041 -0.288 0.371 -0.0 0.609 -0.7 -0.615 -0.0 -0.788 -0.019 -0.984 0.0 0.115 0.135 0.683 0.0 -0.73 -0.038 0.987 0.0 0.037 0.154 
1.0 -0.01 0.028 0.002 -0.75 -0.0 -0.661 -0.025 -0.983 0.0 -0.108 -0.149 0.958 0.0 -0.044 -0.283 0.37 -0.0 0.611 -0.7 -0.615 -0.0 -0.788 -0.019 -0.984 -0.0 0.115 0.135 0.683 0.0 -0.73 -0.037 0.987 0.0 0.037 0.153 
1.0 -0.01 0.028 0.002 -0.75 -0.0 -0.661 -0.025 -0.983 -0.0 -0.108 -0.148 0.959 0.0 -0.046 -0.278 0.367 0.0 0.613 -0.7 -0.615 -0.0 -0.788 -0.019 -0.984 0.0 0.115 0.135 0.683 0.0 -0.73 -0.037 0.988 0.0 0.037 0.153 
1.0 -0.01 0.028 0.002 -0.75 -0.0 -0.661 -0.024 -0.983 0.0 -0.104 -0.149 0.961 0.0 -0.049 -0.273 0.365 0.0 0.617 -0.698 -0.615 -0.0 -0.788 -0.019 -0.984 -0.0 0.115 0.135 0.683 0.0 -0.73 -0.037 0.987 0.0 0.037 0.153 
1.0 -0.01 0.028 0.001 -0.75 -0.0 -0.661 -0.024 -0.983 -0.0 -0.104 -0.149 0.962 0.0 -0.052 -0.268 0.362 0.0 0.618 -0.697 -0.615 -0.0 -0.788 -0.018 -0.984 -0.0 0.115 0.135 0.683 0.0 -0.73 -0.037 0.987 0.0 0.037 0.154 
1.0 -0.01 0.028 0.001 -0.75 0.0 -0.661 -0.024 -0.983 -0.0 -0.104 -0.149 0.963 -0.0 -0.055 -0.263 0.36 0.0 0.619 -0.698 -0.615 -0.0 -0.788 -0.018 -0.984 -0.0 0.115 0.135 0.683 0.0 -0.73 -0.036 0.988 0.0 0.038 0.153 
1.0 -0.01 0.028 0.001 -0.75 -0.0 -0.661 -0.024 -0.983 -0.0 -0.103 -0.149 0.965 0.0 -0.058 -0.257 0.358 0.0 0.621 -0.697 -0.615 -0.0 -0.788 -0.018 -0.984 -0.0 0.115 0.134 0.683 0.0 -0.73 -0.036 0.988 0.0 0.037 0.153 
1.0 -0.011 0.028 0.001 -0.751 -0.0 -0.66 -0.024 -0.983 0.0 -0.104 -0.149 0.966 0.0 -0.061 -0.253 0.355 0.0 0.624 -0.696 -0.615 -0.0 -0.788 -0.018 -0.984 0.0 0.115 0.134 0.683 0.0 -0.73 -0.037 0.987 -0.0 0.038 0.154 
1.0 -0.011 0.028 0.001 -0.751 -0.0 -0.66 -0.023 -0.983 -0.0 -0.104 -0.149 0.967 0.0 -0.063 -0.247 0.352 -0.0 0.626 -0.696 -0.615 -0.0 -0.788 -0.018 -0.984 -0.0 0.115 0.134 0.683 -0.0 -0.73 -0.037 0.987 0.0 0.038 0.154 
1.0 -0.011 0.028 0.001 -0.751 -0.0 -0.66 -0.023 -0.983 -0.0 -0.107 -0.148 0.968 0.0 -0.067 -0.241 0.35 0.0 0.628 -0.695 -0.615 -0.0 -0.788 -0.018 -0.984 -0.0 0.115 0.134 0.683 0.0 -0.73 -0.036 0.987 0.0 0.038 0.154 
1.0 -0.011 0.028 0.001 -0.751 -0.0 -0.66 -0.023 -0.983 0.0 -0.103 -0.149 0.969 0.0 -0.07 -0.236 0.347 0.0 0.631 -0.694 -0.615 0.0 -0.788 -0.018 -0.984 -0.0 0.115 0.134 0.683 0.0 -0.73 -0.036 0.987 -0.0 0.038 0.154 
1.0 -0.011 0.028 0.001 -0.751 -0.0 -0.66 -0.023 -0.983 -0.0 -0.103 -0.149 0.97 0.0 -0.074 -0.23 0.344 0.0 0.633 -0.694 -0.615 -0.0 -0.788 -0.018 -0.984 -0.0 0.115 0.134 0.683 0.0 -0.73 -0.036 0.987 0.0 0.038 0.154 
1.0 -0.011 0.028 0.001 -0.751 0.0 -0.66 -0.023 -0.983 -0.0 -0.103 -0.149 0.971 0.0 -0.078 -0.224 0.342 0.0 0.635 -0.693 -0.615 -0.0 -0.788 -0.017 -0.984 -0.0 0.115 0.133 0.683 0.0 -0.73 -0.036 0.987 0.0 0.037 0.154 
1.0 -0.011 0.028 0.0 -0.751 -0.0 -0.66 -0.023 -0.983 -0.0 -0.104 -0.149 0.972 0.0 -0.083 -0.219 0.339 0.0 0.636 -0.693 -0.615 -0.0 -0.788 -0.017 -0.984 -0.0 0.115 0.133 0.683 0.0 -0.73 -0.036 0.987 0.0 0.037 0.154 
1.0 -0.011 0.028 -0.0 -0.751 -0.0 -0.66 -0.022 -0.983 -0.0 -0.104 -0.149 0.973 -0.0 -0.087 -0.213 0.336 0.0 0.637 -0.693 -0.615 -0.0 -0.788 -0.017 -0.984 -0.0 0.115 0.133 0.683 0.0 -0.73 -0.035 0.987 0.0 0.038 0.154 
