# T   LUA LFA RUA RFA LT  LS  RT  RS  
0.988 -0.154 0.004 -0.026 -0.748 -0.0 -0.631 0.207 -0.701 -0.0 -0.246 -0.67 0.758 0.0 -0.633 0.156 0.721 0.0 -0.229 -0.654 -0.771 -0.0 -0.326 -0.548 -0.806 -0.0 -0.513 0.296 0.76 -0.0 -0.345 -0.551 0.816 0.0 -0.498 0.293 
0.988 -0.154 0.004 -0.026 -0.748 -0.0 -0.63 0.208 -0.7 -0.0 -0.247 -0.67 0.758 0.0 -0.633 0.156 0.721 -0.0 -0.229 -0.654 -0.771 -0.0 -0.326 -0.547 -0.806 -0.0 -0.513 0.296 0.76 0.0 -0.345 -0.551 0.816 0.0 -0.498 0.293 
0.988 -0.154 0.004 -0.026 -0.748 -0.0 -0.631 0.207 -0.701 -0.0 -0.246 -0.67 0.758 0.0 -0.633 0.156 0.721 0.0 -0.229 -0.654 -0.771 -0.0 -0.326 -0.547 -0.806 -0.0 -0.513 0.296 0.76 0.0 -0.345 -0.551 0.816 0.0 -0.498 0.293 
0.988 -0.154 0.004 -0.026 -0.748 0.0 -0.631 0.207 -0.701 -0.0 -0.246 -0.67 0.758 0.0 -0.633 0.156 0.721 0.0 -0.229 -0.654 -0.771 0.0 -0.326 -0.547 -0.806 -0.0 -0.513 0.296 0.76 0.0 -0.345 -0.551 0.816 -0.0 -0.498 0.293 
0.988 -0.154 0.004 -0.026 -0.748 -0.0 -0.631 0.207 -0.701 -0.0 -0.246 -0.669 0.758 0.0 -0.633 0.156 0.721 0.0 -0.229 -0.654 -0.771 -0.0 -0.326 -0.548 -0.805 -0.0 -0.513 0.296 0.76 0.0 -0.345 -0.551 0.816 0.0 -0.498 0.293 
0.988 -0.154 0.004 -0.026 -0.748 -0.0 -0.63 0.208 -0.699 -0.0 -0.248 -0.67 0.758 0.0 -0.633 0.156 0.721 0.0 -0.229 -0.654 -0.771 -0.0 -0.326 -0.547 -0.806 -0.0 -0.513 0.296 0.76 0.0 -0.345 -0.551 0.816 -0.0 -0.499 0.293 
0.988 -0.154 0.004 -0.026 -0.748 -0.0 -0.631 0.208 -0.701 -0.0 -0.246 -0.67 0.758 0.0 -0.633 0.156 0.721 0.0 -0.229 -0.654 -0.771 0.0 -0.326 -0.548 -0.806 0.0 -0.513 0.296 0.76 0.0 -0.345 -0.551 0.816 0.0 -0.498 0.293 
0.988 -0.154 0.004 -0.026 -0.748 0.0 -0.63 0.208 -0.699 -0.0 -0.248 -0.67 0.758 -0.0 -0.633 0.156 0.721 0.0 -0.229 -0.655 -0.77 -0.0 -0.326 -0.548 -0.806 -0.0 -0.513 0.296 0.76 0.0 -0.345 -0.551 0.816 0.0 -0.498 0.293 
0.988 -0.154 0.004 -0.026 -0.748 -0.0 -0.63 0.208 -0.7 0.0 -0.247 -0.67 0.758 0.0 -0.633 0.156 0.721 0.0 -0.229 -0.655 -0.771 0.0 -0.326 -0.548 -0.806 -0.0 -0.513 0.296 0.76 0.0 -0.344 -0.551 0.816 0.0 -0.498 0.293 
0.988 -0.154 0.004 -0.026 -0.748 -0.0 -0.63 0.208 -0.7 -0.0 -0.248 -0.67 0.758 0.0 -0.633 0.156 0.721 0.0 -0.229 -0.655 -0.77 0.0 -0.326 -0.548 -0.805 -0.0 -0.513 0.296 0.76 0.0 -0.345 -0.551 0.816 0.0 -0.498 0.293 
0.988 -0.154 0.004 -0.026 -0.748 -0.0 -0.63 0.207 -0.7 -0.0 -0.247 -0.67 0.758 0.0 -0.633 0.156 0.72 0.0 -0.229 -0.655 -0.77 -0.0 -0.326 -0.548 -0.806 0.0 -0.513 0.296 0.76 -0.0 -0.345 -0.551 0.816 0.0 -0.499 0.293 
0.988 -0.155 0.004 -0.026 -0.748 -0.0 -0.631 0.207 -0.701 -0.0 -0.246 -0.67 0.758 0.0 -0.633 0.157 0.72 0.0 -0.229 -0.655 -0.77 -0.0 -0.326 -0.548 -0.805 -0.0 -0.513 0.297 0.76 0.0 -0.345 -0.551 0.816 0.0 -0.498 0.293 
0.988 -0.155 0.004 -0.026 -0.748 -0.0 -0.631 0.207 -0.701 -0.0 -0.246 -0.67 0.758 -0.0 -0.633 0.157 0.72 0.0 -0.229 -0.655 -0.771 -0.0 -0.326 -0.547 -0.806 -0.0 -0.513 0.296 0.76 0.0 -0.345 -0.551 0.816 0.0 -0.498 0.294 
0.988 -0.155 0.004 -0.026 -0.748 -0.0 -0.63 0.208 -0.7 -0.0 -0.248 -0.67 0.758 0.0 -0.633 0.156 0.721 0.0 -0.229 -0.655 -0.771 -0.0 -0.326 -0.547 -0.805 -0.0 -0.513 0.296 0.76 0.0 -0.345 -0.551 0.816 -0.0 -0.498 0.293 
0.988 -0.155 0.004 -0.026 -0.748 -0.0 -0.631 0.207 -0.7 -0.0 -0.246 -0.67 0.758 0.0 -0.633 0.156 0.721 0.0 -0.229 -0.655 -0.771 -0.0 -0.326 -0.548 -0.805 0.0 -0.513 0.296 0.76 0.0 -0.345 -0.551 0.816 0.0 -0.499 0.293 
0.988 -0.155 0.004 -0.026 -0.748 -0.0 -0.63 0.208 -0.7 -0.0 -0.247 -0.67 0.758 0.0 -0.633 0.156 0.721 0.0 -0.228 -0.655 -0.771 -0.0 -0.327 -0.547 -0.806 0.0 -0.513 0.297 0.76 0.0 -0.345 -0.551 0.816 0.0 -0.498 0.294 
0.988 -0.155 0.004 -0.026 -0.748 -0.0 -0.631 0.207 -0.7 -0.0 -0.247 -0.67 0.758 0.0 -0.633 0.156 0.721 -0.0 -0.228 -0.655 -0.771 -0.0 -0.327 -0.547 -0.806 0.0 -0.513 0.297 0.76 -0.0 -0.345 -0.551 0.816 0.0 -0.498 0.294 
0.988 -0.155 0.004 -0.026 -0.748 -0.0 -0.631 0.207 -0.7 -0.0 -0.247 -0.67 0.758 0.0 -0.633 0.156 0.721 0.0 -0.228 -0.655 -0.77 -0.0 -0.327 -0.547 -0.806 -0.0 -0.513 0.297 0.76 -0.0 -0.345 -0.551 0.816 0.0 -0.498 0.294 
0.988 -0.155 0.004 -0.026 -0.748 -0.0 -0.63 0.208 -0.7 -0.0 -0.247 -0.67 0.758 0.0 -0.633 0.156 0.72 0.0 -0.228 -0.655 -0.771 0.0 -0.327 -0.547 -0.806 0.0 -0.513 0.297 0.76 0.0 -0.345 -0.551 0.816 0.0 -0.498 0.293 
0.988 -0.155 0.004 -0.026 -0.748 -0.0 -0.63 0.208 -0.7 -0.0 -0.248 -0.67 0.758 0.0 -0.633 0.157 0.721 0.0 -0.228 -0.655 -0.77 -0.0 -0.327 -0.547 -0.806 0.0 -0.513 0.297 0.76 -0.0 -0.345 -0.551 0.816 0.0 -0.498 0.294 
0.988 -0.155 0.004 -0.026 -0.748 -0.0 -0.631 0.207 -0.701 -0.0 -0.246 -0.67 0.758 0.0 -0.633 0.156 0.721 0.0 -0.228 -0.655 -0.77 0.0 -0.327 -0.547 -0.805 -0.0 -0.513 0.297 0.76 0.0 -0.345 -0.551 0.816 0.0 -0.498 0.294 
0.988 -0.155 0.004 -0.026 -0.748 -0.0 -0.63 0.207 -0.701 0.0 -0.246 -0.669 0.758 0.0 -0.633 0.157 0.721 0.0 -0.229 -0.654 -0.771 -0.0 -0.327 -0.547 -0.806 -0.0 -0.513 0.297 0.76 0.0 -0.345 -0.551 0.816 0.0 -0.498 0.294 
0.988 -0.155 0.004 -0.026 -0.748 -0.0 -0.63 0.207 -0.701 -0.0 -0.246 -0.67 0.758 0.0 -0.633 0.156 0.721 0.0 -0.228 -0.654 -0.77 0.0 -0.327 -0.547 -0.806 -0.0 -0.513 0.297 0.76 0.0 -0.345 -0.551 0.816 0.0 -0.498 0.293 
0.988 -0.155 0.004 -0.026 -0.748 -0.0 -0.63 0.208 -0.7 0.0 -0.247 -0.67 0.758 0.0 -0.633 0.157 0.721 0.0 -0.229 -0.654 -0.771 -0.0 -0.327 -0.547 -0.806 -0.0 -0.513 0.297 0.76 0.0 -0.345 -0.551 0.816 0.0 -0.498 0.294 
0.988 -0.155 0.004 -0.026 -0.748 -0.0 -0.63 0.208 -0.7 -0.0 -0.247 -0.67 0.759 0.0 -0.633 0.157 0.721 0.0 -0.228 -0.655 -0.771 -0.0 -0.327 -0.547 -0.806 -0.0 -0.513 0.297 0.76 0.0 -0.345 -0.551 0.816 0.0 -0.498 0.294 
0.988 -0.155 0.004 -0.026 -0.748 -0.0 -0.63 0.207 -0.701 0.0 -0.246 -0.669 0.759 0.0 -0.633 0.157 0.721 0.0 -0.228 -0.655 -0.77 -0.0 -0.327 -0.547 -0.805 -0.0 -0.513 0.297 0.76 0.0 -0.345 -0.551 0.816 0.0 -0.498 0.294 
0.988 -0.155 0.004 -0.026 -0.748 -0.0 -0.63 0.208 -0.701 -0.0 -0.247 -0.669 0.758 0.0 -0.633 0.157 0.721 0.0 -0.228 -0.655 -0.771 -0.0 -0.327 -0.547 -0.806 -0.0 -0.513 0.297 0.76 -0.0 -0.345 -0.551 0.816 0.0 -0.498 0.294 
0.988 -0.155 0.004 -0.026 -0.748 -0.0 -0.63 0.208 -0.701 -0.0 -0.247 -0.669 0.758 0.0 -0.633 0.157 0.721 -0.0 -0.228 -0.655 -0.771 -0.0 -0.327 -0.547 -0.805 -0.0 -0.513 0.297 0.76 -0.0 -0.345 -0.551 0.816 0.0 -0.498 0.294 
0.988 -0.155 0.004 -0.026 -0.748 -0.0 -0.63 0.208 -0.701 -0.0 -0.247 -0.669 0.759 0.0 -0.633 0.157 0.721 0.0 -0.228 -0.655 -0.771 -0.0 -0.327 -0.547 -0.806 -0.0 -0.513 0.297 0.76 0.0 -0.345 -0.551 0.816 0.0 -0.498 0.294 
0.988 -0.155 0.004 -0.026 -0.748 -0.0 -0.63 0.207 -0.701 0.0 -0.246 -0.669 0.759 0.0 -0.632 0.157 0.72 0.0 -0.228 -0.655 -0.771 -0.0 -0.327 -0.547 -0.806 -0.0 -0.513 0.297 0.76 0.0 -0.345 -0.551 0.816 0.0 -0.498 0.294 
0.988 -0.155 0.004 -0.026 -0.748 -0.0 -0.63 0.208 -0.701 -0.0 -0.247 -0.669 0.759 0.0 -0.632 0.157 0.72 0.0 -0.228 -0.655 -0.771 -0.0 -0.327 -0.547 -0.806 -0.0 -0.513 0.297 0.76 0.0 -0.345 -0.551 0.816 0.0 -0.498 0.294 
0.988 -0.155 0.004 -0.026 -0.748 -0.0 -0.63 0.208 -0.701 -0.0 -0.247 -0.669 0.759 -0.0 -0.632 0.157 0.72 -0.0 -0.228 -0.655 -0.77 -0.0 -0.327 -0.547 -0.806 -0.0 -0.513 0.297 0.76 0.0 -0.345 -0.551 0.816 0.0 -0.498 0.294 
0.988 -0.155 0.004 -0.026 -0.748 -0.0 -0.63 0.208 -0.701 -0.0 -0.246 -0.669 0.759 0.0 -0.632 0.157 0.72 0.0 -0.229 -0.655 -0.771 0.0 -0.327 -0.547 -0.805 -0.0 -0.513 0.297 0.76 0.0 -0.345 -0.551 0.816 0.0 -0.498 0.294 
0.988 -0.155 0.004 -0.026 -0.748 -0.0 -0.63 0.207 -0.702 0.0 -0.245 -0.668 0.759 0.0 -0.632 0.156 0.721 0.0 -0.228 -0.655 -0.771 -0.0 -0.327 -0.547 -0.806 0.0 -0.513 0.297 0.76 0.0 -0.345 -0.551 0.816 0.0 -0.498 0.294 
0.988 -0.155 0.004 -0.026 -0.748 -0.0 -0.63 0.208 -0.702 -0.0 -0.245 -0.668 0.759 -0.0 -0.632 0.157 0.72 0.0 -0.228 -0.655 -0.771 -0.0 -0.327 -0.547 -0.806 -0.0 -0.513 0.297 0.76 -0.0 -0.345 -0.551 0.816 -0.0 -0.498 0.294 
0.988 -0.155 0.004 -0.026 -0.748 -0.0 -0.63 0.208 -0.702 -0.0 -0.246 -0.668 0.759 0.0 -0.632 0.157 0.72 -0.0 -0.228 -0.655 -0.771 0.0 -0.327 -0.547 -0.805 -0.0 -0.513 0.297 0.76 0.0 -0.345 -0.551 0.816 0.0 -0.498 0.294 
0.988 -0.155 0.004 -0.026 -0.748 0.0 -0.63 0.209 -0.701 -0.0 -0.247 -0.669 0.758 -0.0 -0.633 0.156 0.721 0.0 -0.228 -0.655 -0.771 -0.0 -0.326 -0.547 -0.805 -0.0 -0.513 0.296 0.76 0.0 -0.345 -0.551 0.816 0.0 -0.498 0.294 
0.988 -0.155 0.004 -0.026 -0.748 -0.0 -0.63 0.208 -0.702 -0.0 -0.246 -0.668 0.759 0.0 -0.633 0.157 0.72 0.0 -0.228 -0.655 -0.771 0.0 -0.326 -0.547 -0.806 -0.0 -0.513 0.297 0.76 0.0 -0.345 -0.551 0.816 0.0 -0.498 0.293 
0.988 -0.155 0.004 -0.026 -0.748 0.0 -0.63 0.209 -0.701 -0.0 -0.247 -0.669 0.758 -0.0 -0.633 0.157 0.721 0.0 -0.228 -0.655 -0.771 -0.0 -0.327 -0.547 -0.806 -0.0 -0.513 0.297 0.76 0.0 -0.345 -0.551 0.816 0.0 -0.498 0.293 
0.988 -0.155 0.004 -0.026 -0.748 -0.0 -0.63 0.209 -0.701 -0.0 -0.248 -0.669 0.758 0.0 -0.633 0.157 0.721 0.0 -0.228 -0.655 -0.771 -0.0 -0.327 -0.547 -0.805 -0.0 -0.513 0.297 0.76 0.0 -0.345 -0.551 0.816 0.0 -0.498 0.294 
0.988 -0.155 0.004 -0.026 -0.748 -0.0 -0.63 0.208 -0.702 -0.0 -0.246 -0.668 0.758 0.0 -0.633 0.157 0.721 0.0 -0.228 -0.655 -0.771 -0.0 -0.327 -0.547 -0.806 -0.0 -0.513 0.297 0.76 -0.0 -0.345 -0.551 0.816 0.0 -0.498 0.293 
0.988 -0.155 0.004 -0.026 -0.748 -0.0 -0.63 0.209 -0.701 0.0 -0.248 -0.669 0.758 0.0 -0.633 0.156 0.721 0.0 -0.228 -0.655 -0.771 -0.0 -0.327 -0.547 -0.806 -0.0 -0.513 0.297 0.76 0.0 -0.345 -0.551 0.816 0.0 -0.498 0.293 
0.988 -0.155 0.004 -0.026 -0.748 -0.0 -0.63 0.208 -0.702 -0.0 -0.247 -0.668 0.758 0.0 -0.633 0.156 0.721 -0.0 -0.228 -0.655 -0.771 -0.0 -0.327 -0.547 -0.805 -0.0 -0.513 0.297 0.76 -0.0 -0.345 -0.551 0.816 -0.0 -0.498 0.294 
0.988 -0.155 0.004 -0.026 -0.748 -0.0 -0.63 0.208 -0.702 -0.0 -0.247 -0.668 0.758 0.0 -0.633 0.157 0.721 0.0 -0.228 -0.654 -0.771 -0.0 -0.327 -0.547 -0.806 -0.0 -0.513 0.297 0.76 0.0 -0.345 -0.551 0.816 0.0 -0.498 0.294 
0.988 -0.155 0.004 -0.026 -0.748 -0.0 -0.63 0.208 -0.702 -0.0 -0.247 -0.668 0.758 0.0 -0.633 0.156 0.721 0.0 -0.228 -0.654 -0.771 -0.0 -0.327 -0.547 -0.806 0.0 -0.513 0.297 0.76 -0.0 -0.345 -0.551 0.816 0.0 -0.499 0.294 
0.988 -0.155 0.004 -0.026 -0.748 -0.0 -0.63 0.208 -0.702 0.0 -0.248 -0.668 0.758 0.0 -0.633 0.156 0.721 0.0 -0.228 -0.654 -0.771 -0.0 -0.326 -0.547 -0.806 -0.0 -0.513 0.296 0.76 0.0 -0.345 -0.551 0.816 0.0 -0.498 0.293 
0.988 -0.155 0.004 -0.026 -0.748 -0.0 -0.63 0.209 -0.701 -0.0 -0.248 -0.668 0.758 0.0 -0.633 0.157 0.721 0.0 -0.229 -0.654 -0.771 -0.0 -0.327 -0.547 -0.806 -0.0 -0.513 0.297 0.76 -0.0 -0.345 -0.551 0.816 0.0 -0.498 0.293 
0.988 -0.155 0.004 -0.026 -0.748 0.0 -0.63 0.208 -0.702 -0.0 -0.247 -0.668 0.758 0.0 -0.633 0.157 0.721 0.0 -0.229 -0.654 -0.771 -0.0 -0.327 -0.547 -0.806 -0.0 -0.513 0.297 0.76 0.0 -0.345 -0.551 0.816 0.0 -0.498 0.294 
0.988 -0.155 0.004 -0.026 -0.748 -0.0 -0.63 0.208 -0.702 -0.0 -0.247 -0.668 0.758 0.0 -0.633 0.157 0.721 0.0 -0.229 -0.654 -0.771 -0.0 -0.327 -0.547 -0.806 -0.0 -0.513 0.297 0.76 0.0 -0.345 -0.551 0.816 0.0 -0.498 0.294 
0.988 -0.155 0.004 -0.026 -0.748 -0.0 -0.63 0.209 -0.701 -0.0 -0.249 -0.668 0.758 0.0 -0.633 0.157 0.721 0.0 -0.229 -0.654 -0.771 -0.0 -0.327 -0.547 -0.805 -0.0 -0.513 0.297 0.76 0.0 -0.345 -0.551 0.816 0.0 -0.498 0.294 
0.988 -0.155 0.004 -0.026 -0.748 -0.0 -0.631 0.208 -0.702 -0.0 -0.247 -0.668 0.758 0.0 -0.633 0.157 0.721 0.0 -0.229 -0.654 -0.771 -0.0 -0.327 -0.547 -0.806 -0.0 -0.513 0.297 0.76 0.0 -0.345 -0.551 0.816 0.0 -0.498 0.294 
0.988 -0.155 0.004 -0.026 -0.748 -0.0 -0.63 0.209 -0.701 -0.0 -0.249 -0.668 0.758 0.0 -0.633 0.157 0.721 0.0 -0.229 -0.654 -0.771 -0.0 -0.327 -0.547 -0.806 -0.0 -0.513 0.297 0.76 0.0 -0.345 -0.551 0.816 0.0 -0.498 0.294 
0.988 -0.155 0.004 -0.026 -0.748 -0.0 -0.63 0.208 -0.702 -0.0 -0.247 -0.668 0.758 -0.0 -0.633 0.156 0.721 -0.0 -0.229 -0.654 -0.771 0.0 -0.326 -0.547 -0.806 -0.0 -0.513 0.297 0.76 0.0 -0.345 -0.551 0.816 0.0 -0.499 0.293 
0.988 -0.155 0.004 -0.026 -0.748 0.0 -0.631 0.208 -0.702 0.0 -0.247 -0.668 0.758 0.0 -0.633 0.157 0.721 -0.0 -0.229 -0.653 -0.771 -0.0 -0.327 -0.547 -0.805 -0.0 -0.513 0.297 0.76 0.0 -0.345 -0.551 0.816 0.0 -0.499 0.294 
0.988 -0.155 0.004 -0.026 -0.748 -0.0 -0.63 0.208 -0.701 0.0 -0.248 -0.668 0.758 0.0 -0.633 0.157 0.721 0.0 -0.228 -0.654 -0.771 -0.0 -0.327 -0.547 -0.806 -0.0 -0.513 0.297 0.76 0.0 -0.345 -0.551 0.816 0.0 -0.498 0.293 
0.988 -0.155 0.004 -0.026 -0.748 -0.0 -0.631 0.208 -0.701 -0.0 -0.248 -0.668 0.758 0.0 -0.633 0.157 0.721 0.0 -0.229 -0.653 -0.771 0.0 -0.327 -0.547 -0.806 -0.0 -0.513 0.297 0.76 0.0 -0.345 -0.551 0.816 0.0 -0.498 0.294 
0.988 -0.155 0.004 -0.026 -0.748 -0.0 -0.63 0.209 -0.701 -0.0 -0.249 -0.669 0.758 0.0 -0.633 0.156 0.722 0.0 -0.229 -0.653 -0.771 -0.0 -0.327 -0.547 -0.805 -0.0 -0.513 0.297 0.76 0.0 -0.345 -0.551 0.816 0.0 -0.498 0.294 
0.988 -0.155 0.004 -0.026 -0.748 0.0 -0.63 0.209 -0.7 -0.0 -0.249 -0.669 0.758 0.0 -0.633 0.157 0.721 -0.0 -0.228 -0.654 -0.771 -0.0 -0.326 -0.547 -0.806 -0.0 -0.513 0.297 0.76 0.0 -0.345 -0.551 0.816 0.0 -0.498 0.294 
0.988 -0.155 0.004 -0.026 -0.748 0.0 -0.631 0.207 -0.702 -0.0 -0.247 -0.668 0.758 0.0 -0.633 0.157 0.721 0.0 -0.23 -0.653 -0.771 0.0 -0.327 -0.547 -0.806 -0.0 -0.513 0.297 0.76 0.0 -0.345 -0.551 0.816 0.0 -0.498 0.293 
0.988 -0.155 0.004 -0.026 -0.748 -0.0 -0.63 0.208 -0.7 -0.0 -0.249 -0.669 0.758 0.0 -0.633 0.157 0.721 0.0 -0.228 -0.654 -0.771 -0.0 -0.327 -0.547 -0.806 -0.0 -0.513 0.297 0.76 0.0 -0.345 -0.551 0.816 0.0 -0.498 0.294 
0.988 -0.155 0.004 -0.026 -0.748 -0.0 -0.63 0.208 -0.7 -0.0 -0.249 -0.669 0.758 0.0 -0.633 0.157 0.722 -0.0 -0.229 -0.653 -0.771 -0.0 -0.327 -0.547 -0.806 -0.0 -0.513 0.297 0.76 -0.0 -0.345 -0.551 0.816 0.0 -0.498 0.294 
0.988 -0.155 0.004 -0.026 -0.749 0.0 -0.63 0.208 -0.701 -0.0 -0.248 -0.669 0.758 0.0 -0.633 0.157 0.721 0.0 -0.23 -0.653 -0.771 0.0 -0.327 -0.547 -0.806 -0.0 -0.513 0.296 0.76 0.0 -0.345 -0.551 0.816 -0.0 -0.499 0.294 
0.988 -0.155 0.004 -0.026 -0.748 0.0 -0.63 0.208 -0.7 -0.0 -0.248 -0.669 0.758 0.0 -0.633 0.157 0.721 0.0 -0.23 -0.653 -0.771 -0.0 -0.327 -0.547 -0.806 -0.0 -0.513 0.296 0.76 0.0 -0.345 -0.551 0.816 0.0 -0.498 0.294 
0.988 -0.155 0.004 -0.026 -0.748 0.0 -0.63 0.208 -0.7 -0.0 -0.248 -0.669 0.758 0.0 -0.633 0.157 0.721 -0.0 -0.228 -0.654 -0.771 -0.0 -0.327 -0.547 -0.806 0.0 -0.513 0.297 0.76 0.0 -0.345 -0.551 0.816 0.0 -0.498 0.293 
0.988 -0.155 0.004 -0.026 -0.748 0.0 -0.63 0.207 -0.701 -0.0 -0.247 -0.669 0.758 0.0 -0.633 0.156 0.722 -0.0 -0.229 -0.653 -0.771 -0.0 -0.326 -0.547 -0.805 -0.0 -0.513 0.297 0.76 0.0 -0.345 -0.551 0.816 0.0 -0.498 0.294 
0.988 -0.155 0.004 -0.026 -0.748 -0.0 -0.63 0.208 -0.7 -0.0 -0.248 -0.669 0.758 0.0 -0.633 0.157 0.722 -0.0 -0.229 -0.653 -0.771 -0.0 -0.327 -0.547 -0.806 0.0 -0.513 0.297 0.76 0.0 -0.345 -0.551 0.816 0.0 -0.498 0.293 
0.988 -0.155 0.004 -0.026 -0.748 -0.0 -0.631 0.207 -0.701 -0.0 -0.247 -0.669 0.758 0.0 -0.633 0.157 0.721 0.0 -0.229 -0.654 -0.771 -0.0 -0.327 -0.547 -0.806 0.0 -0.513 0.296 0.76 0.0 -0.345 -0.551 0.816 0.0 -0.498 0.294 
0.988 -0.155 0.004 -0.026 -0.748 -0.0 -0.63 0.208 -0.7 -0.0 -0.249 -0.669 0.758 0.0 -0.633 0.156 0.721 0.0 -0.229 -0.654 -0.771 -0.0 -0.326 -0.547 -0.805 -0.0 -0.513 0.297 0.76 -0.0 -0.345 -0.551 0.816 0.0 -0.498 0.294 
0.988 -0.154 0.004 -0.026 -0.748 -0.0 -0.63 0.207 -0.701 0.0 -0.247 -0.669 0.758 0.0 -0.634 0.157 0.721 0.0 -0.229 -0.654 -0.771 -0.0 -0.326 -0.547 -0.806 0.0 -0.513 0.296 0.76 0.0 -0.345 -0.551 0.816 0.0 -0.498 0.293 
0.988 -0.155 0.004 -0.026 -0.748 -0.0 -0.63 0.208 -0.7 0.0 -0.248 -0.669 0.758 0.0 -0.633 0.156 0.721 -0.0 -0.228 -0.654 -0.771 -0.0 -0.327 -0.547 -0.806 0.0 -0.513 0.296 0.76 0.0 -0.345 -0.551 0.816 -0.0 -0.498 0.293 
0.988 -0.155 0.004 -0.026 -0.748 0.0 -0.63 0.207 -0.701 -0.0 -0.246 -0.669 0.758 0.0 -0.633 0.156 0.721 0.0 -0.227 -0.655 -0.771 -0.0 -0.326 -0.547 -0.805 -0.0 -0.513 0.297 0.76 0.0 -0.345 -0.551 0.816 0.0 -0.499 0.294 
0.988 -0.155 0.004 -0.026 -0.748 0.0 -0.63 0.208 -0.7 -0.0 -0.248 -0.669 0.758 0.0 -0.633 0.157 0.721 0.0 -0.229 -0.654 -0.771 0.0 -0.327 -0.547 -0.806 -0.0 -0.513 0.297 0.76 -0.0 -0.345 -0.551 0.816 0.0 -0.498 0.294 
0.988 -0.155 0.004 -0.026 -0.748 0.0 -0.63 0.208 -0.7 0.0 -0.248 -0.67 0.758 0.0 -0.633 0.156 0.721 0.0 -0.228 -0.654 -0.771 -0.0 -0.326 -0.548 -0.805 -0.0 -0.513 0.297 0.76 -0.0 -0.345 -0.551 0.816 0.0 -0.498 0.293 
0.988 -0.155 0.004 -0.026 -0.748 -0.0 -0.63 0.208 -0.7 -0.0 -0.248 -0.67 0.758 0.0 -0.633 0.157 0.721 -0.0 -0.229 -0.654 -0.771 -0.0 -0.326 -0.547 -0.805 -0.0 -0.513 0.297 0.76 0.0 -0.345 -0.551 0.816 0.0 -0.498 0.294 
0.988 -0.155 0.004 -0.026 -0.748 0.0 -0.63 0.209 -0.7 -0.0 -0.248 -0.67 0.758 0.0 -0.633 0.156 0.721 -0.0 -0.229 -0.654 -0.771 0.0 -0.326 -0.547 -0.806 -0.0 -0.513 0.296 0.76 0.0 -0.345 -0.551 0.816 0.0 -0.498 0.293 
0.988 -0.155 0.004 -0.026 -0.748 -0.0 -0.63 0.208 -0.701 -0.0 -0.247 -0.669 0.758 0.0 -0.633 0.157 0.721 0.0 -0.229 -0.654 -0.771 -0.0 -0.326 -0.547 -0.805 -0.0 -0.513 0.297 0.76 -0.0 -0.345 -0.551 0.816 0.0 -0.498 0.293 
0.988 -0.155 0.004 -0.026 -0.748 -0.0 -0.63 0.209 -0.7 -0.0 -0.248 -0.67 0.758 0.0 -0.633 0.156 0.721 0.0 -0.229 -0.654 -0.771 0.0 -0.326 -0.547 -0.805 -0.0 -0.513 0.297 0.76 0.0 -0.345 -0.551 0.816 -0.0 -0.499 0.293 
0.988 -0.155 0.004 -0.026 -0.748 0.0 -0.63 0.209 -0.7 -0.0 -0.248 -0.67 0.758 0.0 -0.633 0.157 0.721 0.0 -0.229 -0.654 -0.771 -0.0 -0.327 -0.547 -0.805 -0.0 -0.513 0.297 0.76 -0.0 -0.345 -0.551 0.816 0.0 -0.498 0.294 
0.988 -0.155 0.004 -0.026 -0.748 -0.0 -0.63 0.208 -0.701 -0.0 -0.247 -0.669 0.758 0.0 -0.633 0.157 0.721 -0.0 -0.229 -0.654 -0.771 -0.0 -0.327 -0.547 -0.805 -0.0 -0.513 0.297 0.76 0.0 -0.345 -0.551 0.816 0.0 -0.498 0.294 
0.988 -0.155 0.004 -0.026 -0.748 -0.0 -0.63 0.209 -0.7 -0.0 -0.248 -0.67 0.758 0.0 -0.633 0.157 0.721 0.0 -0.229 -0.653 -0.771 -0.0 -0.327 -0.547 -0.806 -0.0 -0.513 0.297 0.76 0.0 -0.345 -0.551 0.816 0.0 -0.498 0.294 
0.988 -0.155 0.004 -0.026 -0.748 -0.0 -0.63 0.209 -0.7 -0.0 -0.248 -0.67 0.758 0.0 -0.633 0.157 0.721 0.0 -0.229 -0.654 -0.771 -0.0 -0.327 -0.547 -0.805 -0.0 -0.513 0.297 0.76 0.0 -0.345 -0.551 0.816 0.0 -0.498 0.294 
0.988 -0.155 0.004 -0.026 -0.748 0.0 -0.63 0.208 -0.701 -0.0 -0.247 -0.669 0.758 0.0 -0.633 0.157 0.721 0.0 -0.229 -0.653 -0.771 -0.0 -0.327 -0.547 -0.805 -0.0 -0.513 0.297 0.76 0.0 -0.345 -0.551 0.816 0.0 -0.498 0.293 
0.988 -0.155 0.004 -0.026 -0.748 -0.0 -0.63 0.208 -0.7 -0.0 -0.248 -0.67 0.758 0.0 -0.634 0.157 0.721 0.0 -0.229 -0.653 -0.771 -0.0 -0.326 -0.547 -0.805 -0.0 -0.513 0.297 0.76 0.0 -0.345 -0.551 0.816 -0.0 -0.498 0.293 
0.988 -0.155 0.004 -0.026 -0.748 -0.0 -0.63 0.208 -0.701 0.0 -0.247 -0.669 0.758 0.0 -0.633 0.157 0.721 0.0 -0.228 -0.654 -0.771 0.0 -0.327 -0.547 -0.806 -0.0 -0.513 0.297 0.76 0.0 -0.345 -0.551 0.816 0.0 -0.498 0.294 
0.988 -0.155 0.004 -0.026 -0.748 -0.0 -0.63 0.208 -0.701 -0.0 -0.247 -0.669 0.758 0.0 -0.633 0.157 0.721 0.0 -0.229 -0.654 -0.771 0.0 -0.326 -0.547 -0.805 -0.0 -0.513 0.297 0.76 0.0 -0.345 -0.551 0.816 0.0 -0.498 0.294 
0.988 -0.155 0.004 -0.026 -0.748 -0.0 -0.63 0.208 -0.7 0.0 -0.248 -0.67 0.758 0.0 -0.633 0.157 0.721 -0.0 -0.229 -0.654 -0.771 0.0 -0.327 -0.547 -0.806 0.0 -0.513 0.297 0.76 0.0 -0.345 -0.551 0.816 0.0 -0.499 0.294 
0.988 -0.155 0.004 -0.026 -0.748 -0.0 -0.63 0.209 -0.7 0.0 -0.248 -0.67 0.758 0.0 -0.633 0.157 0.721 0.0 -0.228 -0.654 -0.771 -0.0 -0.327 -0.547 -0.805 -0.0 -0.513 0.297 0.76 0.0 -0.345 -0.551 0.816 0.0 -0.498 0.294 
0.988 -0.155 0.004 -0.026 -0.748 -0.0 -0.63 0.209 -0.7 -0.0 -0.248 -0.67 0.758 0.0 -0.633 0.157 0.721 0.0 -0.23 -0.653 -0.771 -0.0 -0.327 -0.547 -0.806 -0.0 -0.513 0.297 0.76 0.0 -0.345 -0.551 0.816 0.0 -0.498 0.294 
0.988 -0.155 0.004 -0.027 -0.748 -0.0 -0.63 0.208 -0.701 -0.0 -0.247 -0.669 0.758 0.0 -0.633 0.157 0.721 0.0 -0.23 -0.654 -0.77 -0.0 -0.327 -0.547 -0.806 -0.0 -0.513 0.297 0.76 0.0 -0.345 -0.551 0.816 0.0 -0.498 0.293 
0.988 -0.155 0.004 -0.026 -0.748 -0.0 -0.63 0.208 -0.701 -0.0 -0.247 -0.669 0.758 0.0 -0.633 0.157 0.721 0.0 -0.229 -0.653 -0.771 -0.0 -0.327 -0.547 -0.805 -0.0 -0.513 0.297 0.76 -0.0 -0.345 -0.551 0.816 0.0 -0.498 0.294 
0.988 -0.155 0.004 -0.026 -0.748 -0.0 -0.63 0.208 -0.701 -0.0 -0.247 -0.669 0.758 0.0 -0.633 0.157 0.721 0.0 -0.229 -0.653 -0.771 0.0 -0.326 -0.547 -0.805 -0.0 -0.513 0.297 0.76 0.0 -0.345 -0.551 0.816 0.0 -0.498 0.293 
0.988 -0.155 0.004 -0.026 -0.748 -0.0 -0.63 0.209 -0.7 -0.0 -0.249 -0.67 0.758 -0.0 -0.633 0.157 0.721 0.0 -0.228 -0.654 -0.771 -0.0 -0.326 -0.547 -0.806 -0.0 -0.513 0.297 0.76 0.0 -0.345 -0.551 0.816 0.0 -0.498 0.294 
0.988 -0.155 0.004 -0.026 -0.748 -0.0 -0.63 0.208 -0.701 0.0 -0.247 -0.669 0.758 0.0 -0.633 0.157 0.721 -0.0 -0.228 -0.655 -0.771 -0.0 -0.326 -0.547 -0.805 -0.0 -0.513 0.297 0.76 -0.0 -0.345 -0.551 0.816 0.0 -0.499 0.293 
0.988 -0.155 0.004 -0.026 -0.748 -0.0 -0.63 0.209 -0.7 -0.0 -0.248 -0.67 0.758 0.0 -0.633 0.157 0.721 0.0 -0.229 -0.654 -0.771 -0.0 -0.326 -0.547 -0.806 0.0 -0.513 0.296 0.76 0.0 -0.345 -0.551 0.816 0.0 -0.498 0.293 
0.988 -0.155 0.004 -0.026 -0.748 0.0 -0.63 0.209 -0.7 -0.0 -0.249 -0.67 0.758 0.0 -0.633 0.157 0.721 0.0 -0.228 -0.654 -0.771 0.0 -0.326 -0.547 -0.805 -0.0 -0.513 0.297 0.76 0.0 -0.345 -0.551 0.816 0.0 -0.498 0.293 
0.988 -0.155 0.004 -0.026 -0.748 -0.0 -0.63 0.208 -0.701 -0.0 -0.248 -0.669 0.758 0.0 -0.633 0.157 0.721 0.0 -0.23 -0.654 -0.77 -0.0 -0.326 -0.548 -0.805 -0.0 -0.513 0.297 0.76 -0.0 -0.345 -0.551 0.816 -0.0 -0.498 0.293 
0.988 -0.154 0.004 -0.026 -0.748 0.0 -0.63 0.208 -0.701 0.0 -0.247 -0.669 0.758 -0.0 -0.633 0.157 0.72 -0.0 -0.228 -0.655 -0.771 0.0 -0.326 -0.547 -0.806 0.0 -0.513 0.296 0.76 0.0 -0.344 -0.552 0.816 0.0 -0.499 0.293 
0.988 -0.155 0.004 -0.026 -0.748 -0.0 -0.63 0.209 -0.7 0.0 -0.248 -0.67 0.758 0.0 -0.633 0.157 0.721 0.0 -0.229 -0.654 -0.771 -0.0 -0.326 -0.547 -0.806 -0.0 -0.513 0.296 0.76 0.0 -0.345 -0.551 0.816 -0.0 -0.499 0.293 
0.988 -0.155 0.004 -0.026 -0.748 0.0 -0.63 0.209 -0.7 -0.0 -0.248 -0.67 0.758 0.0 -0.633 0.157 0.721 0.0 -0.228 -0.655 -0.771 -0.0 -0.326 -0.547 -0.806 0.0 -0.513 0.296 0.76 0.0 -0.345 -0.551 0.816 0.0 -0.499 0.293 
0.988 -0.155 0.004 -0.026 -0.748 -0.0 -0.63 0.209 -0.7 -0.0 -0.249 -0.67 0.758 0.0 -0.633 0.157 0.721 0.0 -0.228 -0.654 -0.771 -0.0 -0.326 -0.548 -0.805 -0.0 -0.513 0.297 0.76 -0.0 -0.345 -0.551 0.816 0.0 -0.498 0.293 
0.988 -0.155 0.004 -0.026 -0.748 -0.0 -0.63 0.209 -0.7 0.0 -0.249 -0.67 0.758 0.0 -0.633 0.157 0.721 0.0 -0.229 -0.653 -0.771 -0.0 -0.326 -0.547 -0.806 -0.0 -0.513 0.296 0.76 -0.0 -0.345 -0.551 0.816 0.0 -0.498 0.293 
0.988 -0.154 0.004 -0.026 -0.748 -0.0 -0.63 0.209 -0.7 0.0 -0.249 -0.67 0.758 0.0 -0.633 0.157 0.721 -0.0 -0.228 -0.654 -0.771 -0.0 -0.326 -0.547 -0.806 -0.0 -0.513 0.296 0.76 -0.0 -0.344 -0.551 0.816 0.0 -0.499 0.293 
0.988 -0.154 0.004 -0.026 -0.748 0.0 -0.63 0.208 -0.701 -0.0 -0.247 -0.669 0.758 0.0 -0.633 0.157 0.721 0.0 -0.228 -0.655 -0.771 -0.0 -0.326 -0.548 -0.806 -0.0 -0.513 0.296 0.76 -0.0 -0.345 -0.551 0.816 0.0 -0.498 0.293 
0.988 -0.155 0.004 -0.026 -0.748 -0.0 -0.63 0.209 -0.7 -0.0 -0.249 -0.67 0.758 0.0 -0.633 0.157 0.721 0.0 -0.228 -0.654 -0.771 0.0 -0.326 -0.548 -0.806 -0.0 -0.513 0.296 0.76 0.0 -0.345 -0.551 0.816 0.0 -0.499 0.293 
0.988 -0.154 0.004 -0.026 -0.748 -0.0 -0.63 0.209 -0.7 0.0 -0.249 -0.67 0.758 0.0 -0.633 0.157 0.721 0.0 -0.228 -0.654 -0.771 -0.0 -0.326 -0.548 -0.806 -0.0 -0.513 0.296 0.76 -0.0 -0.345 -0.551 0.816 0.0 -0.498 0.293 
0.988 -0.154 0.004 -0.026 -0.748 0.0 -0.63 0.209 -0.7 -0.0 -0.249 -0.67 0.758 0.0 -0.633 0.157 0.721 0.0 -0.229 -0.654 -0.771 -0.0 -0.326 -0.548 -0.805 -0.0 -0.513 0.297 0.76 -0.0 -0.345 -0.551 0.816 0.0 -0.498 0.293 
0.988 -0.155 0.004 -0.026 -0.748 -0.0 -0.63 0.209 -0.7 0.0 -0.249 -0.67 0.758 0.0 -0.633 0.157 0.721 0.0 -0.228 -0.654 -0.771 0.0 -0.326 -0.548 -0.806 -0.0 -0.513 0.297 0.76 0.0 -0.345 -0.551 0.816 0.0 -0.498 0.293 
0.988 -0.154 0.004 -0.026 -0.748 -0.0 -0.63 0.209 -0.7 -0.0 -0.249 -0.67 0.758 0.0 -0.633 0.157 0.721 0.0 -0.228 -0.654 -0.771 -0.0 -0.326 -0.548 -0.806 0.0 -0.513 0.296 0.76 0.0 -0.345 -0.551 0.816 0.0 -0.499 0.293 
0.988 -0.154 0.004 -0.026 -0.748 -0.0 -0.63 0.209 -0.7 0.0 -0.249 -0.67 0.758 0.0 -0.633 0.157 0.721 0.0 -0.23 -0.653 -0.771 0.0 -0.326 -0.548 -0.805 -0.0 -0.513 0.296 0.76 0.0 -0.345 -0.551 0.816 0.0 -0.498 0.293 
0.988 -0.154 0.004 -0.026 -0.748 -0.0 -0.63 0.209 -0.7 -0.0 -0.249 -0.67 0.758 0.0 -0.633 0.157 0.721 0.0 -0.228 -0.654 -0.771 -0.0 -0.326 -0.548 -0.805 -0.0 -0.513 0.296 0.76 -0.0 -0.345 -0.551 0.816 -0.0 -0.498 0.293 
0.988 -0.155 0.004 -0.026 -0.748 0.0 -0.63 0.209 -0.7 -0.0 -0.249 -0.67 0.758 0.0 -0.633 0.157 0.721 0.0 -0.228 -0.654 -0.771 -0.0 -0.326 -0.547 -0.806 -0.0 -0.513 0.296 0.76 0.0 -0.345 -0.551 0.816 0.0 -0.498 0.293 
0.988 -0.155 0.004 -0.026 -0.748 -0.0 -0.63 0.209 -0.7 0.0 -0.249 -0.67 0.758 0.0 -0.633 0.157 0.721 0.0 -0.229 -0.654 -0.77 -0.0 -0.326 -0.548 -0.805 -0.0 -0.513 0.297 0.76 0.0 -0.345 -0.551 0.816 -0.0 -0.498 0.293 
0.988 -0.155 0.004 -0.026 -0.748 -0.0 -0.63 0.209 -0.7 -0.0 -0.249 -0.67 0.758 0.0 -0.633 0.157 0.721 0.0 -0.228 -0.654 -0.771 -0.0 -0.326 -0.548 -0.805 -0.0 -0.513 0.296 0.76 0.0 -0.345 -0.551 0.816 0.0 -0.498 0.293 
0.988 -0.154 0.004 -0.027 -0.748 -0.0 -0.63 0.209 -0.7 -0.0 -0.249 -0.67 0.758 0.0 -0.633 0.157 0.721 0.0 -0.228 -0.654 -0.77 -0.0 -0.326 -0.548 -0.805 -0.0 -0.513 0.296 0.76 -0.0 -0.344 -0.551 0.816 0.0 -0.499 0.293 
0.988 -0.154 0.004 -0.026 -0.748 -0.0 -0.63 0.208 -0.7 -0.0 -0.248 -0.67 0.758 0.0 -0.633 0.157 0.721 0.0 -0.228 -0.654 -0.771 0.0 -0.326 -0.548 -0.806 0.0 -0.513 0.296 0.76 0.0 -0.345 -0.551 0.816 0.0 -0.498 0.293 
0.988 -0.155 0.004 -0.026 -0.748 -0.0 -0.63 0.208 -0.7 -0.0 -0.247 -0.669 0.758 0.0 -0.633 0.157 0.722 0.0 -0.23 -0.653 -0.771 -0.0 -0.326 -0.548 -0.806 -0.0 -0.513 0.297 0.76 -0.0 -0.345 -0.551 0.816 0.0 -0.498 0.293 
0.988 -0.155 0.004 -0.026 -0.748 -0.0 -0.63 0.209 -0.7 -0.0 -0.249 -0.67 0.758 0.0 -0.633 0.157 0.721 0.0 -0.228 -0.654 -0.77 -0.0 -0.326 -0.548 -0.805 -0.0 -0.513 0.297 0.76 0.0 -0.345 -0.551 0.816 0.0 -0.498 0.293 
0.988 -0.155 0.004 -0.026 -0.748 0.0 -0.63 0.209 -0.7 -0.0 -0.249 -0.67 0.758 0.0 -0.633 0.157 0.721 0.0 -0.23 -0.653 -0.771 -0.0 -0.326 -0.548 -0.806 -0.0 -0.513 0.297 0.76 0.0 -0.345 -0.551 0.816 0.0 -0.498 0.293 
0.988 -0.155 0.004 -0.026 -0.748 -0.0 -0.63 0.209 -0.7 -0.0 -0.249 -0.67 0.758 0.0 -0.633 0.157 0.721 0.0 -0.228 -0.654 -0.77 -0.0 -0.326 -0.548 -0.805 -0.0 -0.513 0.297 0.76 -0.0 -0.345 -0.551 0.816 0.0 -0.498 0.293 
0.988 -0.155 0.004 -0.026 -0.748 -0.0 -0.63 0.209 -0.7 -0.0 -0.249 -0.67 0.758 0.0 -0.633 0.157 0.722 0.0 -0.229 -0.653 -0.771 0.0 -0.326 -0.547 -0.806 -0.0 -0.513 0.297 0.76 0.0 -0.345 -0.551 0.816 0.0 -0.498 0.293 
0.988 -0.155 0.004 -0.026 -0.748 -0.0 -0.63 0.209 -0.699 -0.0 -0.249 -0.67 0.758 0.0 -0.633 0.157 0.721 0.0 -0.228 -0.654 -0.771 -0.0 -0.326 -0.547 -0.806 0.0 -0.513 0.297 0.76 0.0 -0.345 -0.551 0.816 0.0 -0.498 0.293 
0.988 -0.155 0.004 -0.026 -0.748 -0.0 -0.63 0.209 -0.7 -0.0 -0.249 -0.67 0.758 0.0 -0.633 0.157 0.721 0.0 -0.23 -0.653 -0.771 -0.0 -0.326 -0.548 -0.805 -0.0 -0.513 0.297 0.76 0.0 -0.345 -0.551 0.816 0.0 -0.498 0.293 
0.988 -0.155 0.004 -0.026 -0.749 -0.0 -0.629 0.209 -0.699 -0.0 -0.249 -0.67 0.758 -0.0 -0.633 0.157 0.721 0.0 -0.228 -0.655 -0.77 -0.0 -0.326 -0.548 -0.805 -0.0 -0.513 0.297 0.76 -0.0 -0.345 -0.551 0.816 0.0 -0.498 0.293 
0.988 -0.155 0.004 -0.026 -0.748 0.0 -0.629 0.209 -0.699 -0.0 -0.249 -0.67 0.758 0.0 -0.633 0.157 0.722 0.0 -0.23 -0.653 -0.771 -0.0 -0.326 -0.548 -0.805 0.0 -0.513 0.297 0.76 0.0 -0.345 -0.551 0.816 0.0 -0.498 0.293 
0.988 -0.154 0.004 -0.026 -0.749 -0.0 -0.63 0.208 -0.7 -0.0 -0.248 -0.67 0.758 0.0 -0.633 0.157 0.721 0.0 -0.228 -0.654 -0.771 0.0 -0.326 -0.547 -0.806 -0.0 -0.513 0.296 0.76 -0.0 -0.345 -0.551 0.816 0.0 -0.499 0.293 
0.988 -0.155 0.004 -0.026 -0.749 -0.0 -0.63 0.208 -0.7 -0.0 -0.248 -0.67 0.758 -0.0 -0.633 0.157 0.721 0.0 -0.228 -0.654 -0.771 -0.0 -0.326 -0.547 -0.806 0.0 -0.513 0.297 0.76 0.0 -0.345 -0.551 0.816 -0.0 -0.499 0.293 
0.988 -0.155 0.004 -0.026 -0.749 -0.0 -0.629 0.209 -0.699 -0.0 -0.249 -0.67 0.758 0.0 -0.633 0.157 0.721 0.0 -0.228 -0.654 -0.771 0.0 -0.326 -0.547 -0.806 -0.0 -0.513 0.296 0.76 0.0 -0.344 -0.551 0.816 0.0 -0.499 0.293 
0.988 -0.155 0.004 -0.026 -0.749 -0.0 -0.629 0.209 -0.7 -0.0 -0.249 -0.67 0.758 0.0 -0.633 0.157 0.721 0.0 -0.228 -0.654 -0.771 -0.0 -0.326 -0.547 -0.805 -0.0 -0.513 0.297 0.76 0.0 -0.345 -0.551 0.816 0.0 -0.498 0.293 
0.988 -0.154 0.004 -0.026 -0.749 0.0 -0.629 0.208 -0.7 -0.0 -0.248 -0.67 0.758 -0.0 -0.633 0.157 0.721 0.0 -0.228 -0.654 -0.771 -0.0 -0.326 -0.548 -0.805 -0.0 -0.513 0.296 0.76 0.0 -0.345 -0.551 0.816 -0.0 -0.498 0.293 
0.988 -0.154 0.004 -0.026 -0.749 -0.0 -0.629 0.209 -0.699 -0.0 -0.249 -0.67 0.758 0.0 -0.633 0.157 0.721 0.0 -0.228 -0.654 -0.771 0.0 -0.326 -0.547 -0.806 -0.0 -0.513 0.296 0.76 -0.0 -0.345 -0.551 0.816 0.0 -0.499 0.293 
0.988 -0.154 0.004 -0.026 -0.749 -0.0 -0.629 0.209 -0.699 -0.0 -0.249 -0.67 0.758 0.0 -0.633 0.157 0.721 0.0 -0.228 -0.654 -0.771 -0.0 -0.326 -0.548 -0.805 -0.0 -0.513 0.296 0.76 -0.0 -0.344 -0.551 0.816 -0.0 -0.499 0.293 
0.988 -0.154 0.004 -0.026 -0.749 0.0 -0.629 0.208 -0.7 -0.0 -0.249 -0.67 0.758 0.0 -0.633 0.157 0.721 0.0 -0.228 -0.654 -0.771 -0.0 -0.326 -0.548 -0.805 -0.0 -0.513 0.296 0.76 0.0 -0.344 -0.551 0.816 0.0 -0.499 0.293 
0.988 -0.154 0.004 -0.026 -0.749 -0.0 -0.629 0.208 -0.7 0.0 -0.248 -0.67 0.758 0.0 -0.633 0.157 0.721 -0.0 -0.228 -0.654 -0.771 -0.0 -0.326 -0.547 -0.806 -0.0 -0.513 0.296 0.76 -0.0 -0.345 -0.551 0.816 0.0 -0.499 0.293 
0.988 -0.154 0.004 -0.026 -0.749 -0.0 -0.629 0.208 -0.7 -0.0 -0.248 -0.67 0.758 0.0 -0.633 0.157 0.721 0.0 -0.228 -0.654 -0.771 -0.0 -0.326 -0.548 -0.805 -0.0 -0.513 0.296 0.76 0.0 -0.345 -0.551 0.816 0.0 -0.498 0.293 
0.988 -0.154 0.004 -0.026 -0.749 -0.0 -0.629 0.208 -0.7 -0.0 -0.248 -0.67 0.758 0.0 -0.633 0.157 0.721 0.0 -0.228 -0.654 -0.771 -0.0 -0.326 -0.548 -0.806 0.0 -0.513 0.296 0.76 0.0 -0.344 -0.551 0.816 -0.0 -0.498 0.293 
0.988 -0.154 0.004 -0.026 -0.749 -0.0 -0.63 0.208 -0.7 -0.0 -0.248 -0.67 0.758 0.0 -0.633 0.157 0.722 0.0 -0.228 -0.654 -0.771 0.0 -0.326 -0.548 -0.806 -0.0 -0.513 0.296 0.76 0.0 -0.344 -0.552 0.816 0.0 -0.499 0.293 
0.988 -0.154 0.004 -0.026 -0.749 -0.0 -0.63 0.208 -0.7 -0.0 -0.248 -0.67 0.758 0.0 -0.633 0.157 0.721 0.0 -0.228 -0.654 -0.771 -0.0 -0.326 -0.548 -0.805 -0.0 -0.513 0.296 0.76 0.0 -0.344 -0.551 0.816 0.0 -0.499 0.293 
0.988 -0.154 0.004 -0.026 -0.749 -0.0 -0.629 0.208 -0.7 -0.0 -0.249 -0.67 0.758 0.0 -0.633 0.157 0.722 0.0 -0.228 -0.654 -0.771 -0.0 -0.326 -0.548 -0.805 -0.0 -0.513 0.296 0.76 -0.0 -0.344 -0.551 0.816 0.0 -0.499 0.293 
0.988 -0.154 0.004 -0.026 -0.749 -0.0 -0.629 0.208 -0.7 0.0 -0.248 -0.67 0.757 0.0 -0.634 0.157 0.721 0.0 -0.228 -0.654 -0.771 -0.0 -0.326 -0.548 -0.805 -0.0 -0.513 0.296 0.76 0.0 -0.344 -0.551 0.816 0.0 -0.499 0.293 
0.988 -0.154 0.004 -0.027 -0.749 -0.0 -0.629 0.208 -0.7 -0.0 -0.248 -0.67 0.758 0.0 -0.633 0.157 0.722 0.0 -0.228 -0.654 -0.771 -0.0 -0.326 -0.548 -0.805 -0.0 -0.513 0.296 0.76 0.0 -0.344 -0.551 0.816 0.0 -0.499 0.293 
0.988 -0.154 0.004 -0.026 -0.749 -0.0 -0.63 0.207 -0.7 -0.0 -0.248 -0.67 0.758 0.0 -0.633 0.157 0.721 0.0 -0.228 -0.654 -0.771 0.0 -0.326 -0.548 -0.806 -0.0 -0.513 0.296 0.76 0.0 -0.345 -0.551 0.816 0.0 -0.498 0.293 
0.988 -0.154 0.004 -0.027 -0.749 -0.0 -0.63 0.207 -0.7 -0.0 -0.248 -0.67 0.758 0.0 -0.633 0.157 0.722 -0.0 -0.228 -0.654 -0.771 -0.0 -0.326 -0.548 -0.806 0.0 -0.513 0.296 0.76 0.0 -0.344 -0.551 0.816 0.0 -0.499 0.293 
0.988 -0.154 0.004 -0.027 -0.749 -0.0 -0.629 0.207 -0.7 0.0 -0.248 -0.67 0.758 0.0 -0.633 0.157 0.722 0.0 -0.228 -0.654 -0.771 -0.0 -0.326 -0.548 -0.806 -0.0 -0.513 0.296 0.76 0.0 -0.344 -0.551 0.816 0.0 -0.499 0.293 
0.988 -0.154 0.004 -0.027 -0.749 -0.0 -0.629 0.207 -0.7 -0.0 -0.248 -0.67 0.758 -0.0 -0.633 0.157 0.722 0.0 -0.228 -0.654 -0.77 -0.0 -0.326 -0.548 -0.805 -0.0 -0.513 0.296 0.76 -0.0 -0.344 -0.551 0.816 0.0 -0.499 0.293 
0.988 -0.154 0.004 -0.026 -0.749 -0.0 -0.63 0.207 -0.7 0.0 -0.247 -0.67 0.758 0.0 -0.633 0.157 0.722 0.0 -0.228 -0.654 -0.771 -0.0 -0.326 -0.548 -0.805 -0.0 -0.513 0.296 0.76 0.0 -0.344 -0.551 0.816 0.0 -0.499 0.293 
0.988 -0.154 0.004 -0.027 -0.749 -0.0 -0.63 0.206 -0.7 -0.0 -0.247 -0.67 0.758 0.0 -0.634 0.157 0.722 0.0 -0.228 -0.654 -0.771 0.0 -0.326 -0.548 -0.805 -0.0 -0.513 0.296 0.76 0.0 -0.344 -0.551 0.816 0.0 -0.499 0.293 
0.988 -0.154 0.004 -0.026 -0.749 -0.0 -0.63 0.206 -0.7 -0.0 -0.247 -0.67 0.758 0.0 -0.634 0.156 0.722 0.0 -0.228 -0.654 -0.771 0.0 -0.326 -0.548 -0.805 -0.0 -0.513 0.296 0.76 0.0 -0.344 -0.551 0.816 0.0 -0.498 0.293 
0.988 -0.154 0.004 -0.027 -0.749 -0.0 -0.63 0.206 -0.7 -0.0 -0.248 -0.67 0.758 0.0 -0.634 0.157 0.722 0.0 -0.228 -0.654 -0.771 0.0 -0.326 -0.548 -0.805 -0.0 -0.513 0.296 0.76 0.0 -0.344 -0.551 0.816 0.0 -0.499 0.293 
0.988 -0.154 0.004 -0.027 -0.749 -0.0 -0.629 0.206 -0.7 -0.0 -0.248 -0.67 0.758 -0.0 -0.634 0.156 0.722 0.0 -0.227 -0.654 -0.771 -0.0 -0.326 -0.548 -0.805 -0.0 -0.513 0.296 0.76 -0.0 -0.344 -0.551 0.816 0.0 -0.499 0.293 
0.988 -0.154 0.004 -0.027 -0.749 -0.0 -0.63 0.206 -0.7 0.0 -0.247 -0.67 0.758 0.0 -0.634 0.156 0.722 0.0 -0.228 -0.654 -0.771 -0.0 -0.326 -0.548 -0.805 -0.0 -0.513 0.296 0.76 0.0 -0.344 -0.551 0.816 0.0 -0.499 0.293 
0.988 -0.154 0.004 -0.027 -0.749 -0.0 -0.63 0.206 -0.7 0.0 -0.247 -0.67 0.758 0.0 -0.634 0.156 0.721 0.0 -0.228 -0.654 -0.771 -0.0 -0.326 -0.548 -0.806 -0.0 -0.513 0.296 0.76 0.0 -0.344 -0.551 0.816 0.0 -0.499 0.293 
0.988 -0.154 0.004 -0.027 -0.749 -0.0 -0.63 0.205 -0.7 -0.0 -0.247 -0.67 0.758 0.0 -0.634 0.157 0.722 0.0 -0.228 -0.654 -0.771 0.0 -0.326 -0.548 -0.805 -0.0 -0.513 0.296 0.76 0.0 -0.344 -0.551 0.816 0.0 -0.499 0.293 
0.988 -0.154 0.004 -0.026 -0.749 -0.0 -0.63 0.206 -0.7 -0.0 -0.247 -0.67 0.758 0.0 -0.634 0.156 0.722 -0.0 -0.228 -0.654 -0.771 -0.0 -0.326 -0.548 -0.805 -0.0 -0.513 0.296 0.76 0.0 -0.344 -0.551 0.816 0.0 -0.499 0.293 
0.988 -0.154 0.004 -0.027 -0.749 -0.0 -0.63 0.206 -0.699 -0.0 -0.247 -0.671 0.758 0.0 -0.634 0.156 0.722 -0.0 -0.228 -0.654 -0.771 -0.0 -0.326 -0.548 -0.805 0.0 -0.513 0.296 0.76 0.0 -0.344 -0.551 0.816 0.0 -0.499 0.293 
0.988 -0.154 0.004 -0.027 -0.749 -0.0 -0.63 0.205 -0.7 -0.0 -0.247 -0.671 0.758 0.0 -0.634 0.156 0.721 0.0 -0.228 -0.654 -0.771 -0.0 -0.326 -0.548 -0.805 -0.0 -0.513 0.296 0.76 0.0 -0.344 -0.551 0.816 0.0 -0.499 0.293 
0.988 -0.154 0.004 -0.027 -0.749 -0.0 -0.63 0.205 -0.699 -0.0 -0.247 -0.671 0.757 0.0 -0.634 0.156 0.721 0.0 -0.227 -0.654 -0.771 -0.0 -0.326 -0.548 -0.806 -0.0 -0.513 0.296 0.76 0.0 -0.344 -0.551 0.816 0.0 -0.499 0.293 
0.988 -0.154 0.004 -0.027 -0.749 -0.0 -0.63 0.205 -0.7 -0.0 -0.246 -0.671 0.758 -0.0 -0.634 0.156 0.721 -0.0 -0.228 -0.654 -0.771 -0.0 -0.326 -0.548 -0.805 -0.0 -0.513 0.296 0.76 -0.0 -0.344 -0.551 0.816 0.0 -0.499 0.293 
0.988 -0.154 0.004 -0.027 -0.749 -0.0 -0.63 0.205 -0.7 -0.0 -0.246 -0.671 0.758 0.0 -0.634 0.156 0.722 0.0 -0.228 -0.654 -0.771 -0.0 -0.326 -0.548 -0.805 -0.0 -0.513 0.296 0.76 0.0 -0.344 -0.551 0.816 0.0 -0.499 0.293 
0.988 -0.154 0.004 -0.027 -0.749 -0.0 -0.63 0.204 -0.7 -0.0 -0.245 -0.67 0.758 0.0 -0.634 0.155 0.722 0.0 -0.227 -0.653 -0.771 -0.0 -0.326 -0.548 -0.805 -0.0 -0.513 0.296 0.76 -0.0 -0.344 -0.551 0.816 0.0 -0.499 0.293 
0.988 -0.154 0.004 -0.026 -0.749 -0.0 -0.63 0.205 -0.699 -0.0 -0.246 -0.671 0.758 0.0 -0.634 0.156 0.722 0.0 -0.228 -0.654 -0.771 -0.0 -0.326 -0.548 -0.806 -0.0 -0.513 0.296 0.76 -0.0 -0.344 -0.551 0.816 0.0 -0.499 0.293 
0.988 -0.154 0.004 -0.027 -0.749 -0.0 -0.63 0.205 -0.699 -0.0 -0.245 -0.672 0.758 0.0 -0.634 0.156 0.721 0.0 -0.228 -0.654 -0.771 -0.0 -0.326 -0.548 -0.805 -0.0 -0.513 0.296 0.76 0.0 -0.344 -0.551 0.816 0.0 -0.499 0.293 
0.988 -0.154 0.004 -0.027 -0.749 0.0 -0.63 0.205 -0.699 0.0 -0.246 -0.671 0.758 0.0 -0.634 0.156 0.722 0.0 -0.228 -0.653 -0.771 0.0 -0.326 -0.548 -0.805 -0.0 -0.513 0.296 0.76 0.0 -0.344 -0.551 0.816 0.0 -0.499 0.293 
0.988 -0.154 0.004 -0.027 -0.749 -0.0 -0.63 0.205 -0.699 -0.0 -0.246 -0.671 0.757 0.0 -0.634 0.156 0.722 0.0 -0.228 -0.654 -0.771 -0.0 -0.326 -0.548 -0.806 0.0 -0.513 0.296 0.76 0.0 -0.344 -0.551 0.816 0.0 -0.499 0.293 
0.988 -0.154 0.004 -0.027 -0.749 -0.0 -0.63 0.204 -0.699 -0.0 -0.245 -0.671 0.758 0.0 -0.634 0.156 0.722 0.0 -0.229 -0.653 -0.771 -0.0 -0.326 -0.548 -0.806 -0.0 -0.513 0.296 0.76 0.0 -0.344 -0.551 0.816 0.0 -0.499 0.293 
0.988 -0.154 0.004 -0.027 -0.749 -0.0 -0.63 0.204 -0.699 0.0 -0.245 -0.671 0.758 0.0 -0.634 0.156 0.722 0.0 -0.229 -0.653 -0.771 -0.0 -0.326 -0.548 -0.805 0.0 -0.513 0.296 0.76 -0.0 -0.344 -0.551 0.816 0.0 -0.498 0.293 
0.988 -0.154 0.004 -0.027 -0.75 -0.0 -0.63 0.204 -0.699 -0.0 -0.246 -0.671 0.758 0.0 -0.634 0.155 0.722 0.0 -0.228 -0.653 -0.771 0.0 -0.326 -0.548 -0.805 -0.0 -0.513 0.296 0.76 0.0 -0.344 -0.551 0.816 0.0 -0.499 0.293 
0.988 -0.154 0.004 -0.027 -0.749 -0.0 -0.63 0.204 -0.7 -0.0 -0.245 -0.671 0.758 0.0 -0.634 0.155 0.722 0.0 -0.229 -0.653 -0.771 -0.0 -0.326 -0.548 -0.806 -0.0 -0.513 0.296 0.76 -0.0 -0.344 -0.551 0.816 0.0 -0.499 0.293 
0.988 -0.154 0.004 -0.027 -0.749 0.0 -0.63 0.203 -0.7 -0.0 -0.244 -0.671 0.758 0.0 -0.634 0.156 0.722 0.0 -0.229 -0.653 -0.771 -0.0 -0.326 -0.548 -0.806 -0.0 -0.513 0.296 0.76 -0.0 -0.344 -0.551 0.816 0.0 -0.499 0.293 
0.988 -0.154 0.004 -0.027 -0.75 -0.0 -0.63 0.204 -0.699 -0.0 -0.245 -0.671 0.758 -0.0 -0.634 0.156 0.722 -0.0 -0.229 -0.653 -0.771 0.0 -0.326 -0.548 -0.806 -0.0 -0.513 0.296 0.76 0.0 -0.344 -0.551 0.816 0.0 -0.499 0.293 
0.988 -0.154 0.004 -0.027 -0.75 -0.0 -0.63 0.204 -0.699 0.0 -0.245 -0.672 0.758 0.0 -0.634 0.156 0.722 0.0 -0.229 -0.653 -0.771 0.0 -0.326 -0.548 -0.805 0.0 -0.513 0.296 0.76 0.0 -0.344 -0.551 0.816 0.0 -0.499 0.293 
0.988 -0.154 0.004 -0.027 -0.75 -0.0 -0.63 0.203 -0.7 -0.0 -0.243 -0.671 0.758 -0.0 -0.634 0.156 0.722 0.0 -0.229 -0.653 -0.771 -0.0 -0.326 -0.548 -0.806 0.0 -0.513 0.296 0.76 -0.0 -0.344 -0.551 0.816 0.0 -0.499 0.293 
0.988 -0.154 0.004 -0.027 -0.75 -0.0 -0.63 0.204 -0.699 -0.0 -0.245 -0.672 0.758 0.0 -0.634 0.155 0.723 -0.0 -0.23 -0.652 -0.771 -0.0 -0.326 -0.548 -0.806 -0.0 -0.513 0.296 0.76 0.0 -0.344 -0.551 0.816 0.0 -0.499 0.293 
0.988 -0.154 0.004 -0.027 -0.749 -0.0 -0.63 0.203 -0.7 -0.0 -0.244 -0.671 0.758 0.0 -0.634 0.156 0.722 0.0 -0.23 -0.653 -0.771 0.0 -0.326 -0.548 -0.805 -0.0 -0.513 0.296 0.76 0.0 -0.344 -0.551 0.816 0.0 -0.499 0.293 
0.988 -0.154 0.004 -0.027 -0.75 -0.0 -0.63 0.203 -0.7 -0.0 -0.244 -0.672 0.758 -0.0 -0.634 0.156 0.722 -0.0 -0.23 -0.652 -0.77 0.0 -0.326 -0.548 -0.805 0.0 -0.513 0.296 0.76 0.0 -0.344 -0.551 0.816 0.0 -0.499 0.293 
0.988 -0.154 0.004 -0.027 -0.75 -0.0 -0.63 0.203 -0.7 -0.0 -0.244 -0.672 0.758 0.0 -0.634 0.156 0.722 0.0 -0.229 -0.653 -0.771 -0.0 -0.326 -0.548 -0.805 -0.0 -0.513 0.296 0.76 0.0 -0.344 -0.551 0.816 -0.0 -0.499 0.293 
0.988 -0.154 0.004 -0.026 -0.75 0.0 -0.63 0.203 -0.7 -0.0 -0.244 -0.672 0.758 0.0 -0.633 0.156 0.723 0.0 -0.232 -0.651 -0.771 0.0 -0.326 -0.547 -0.806 0.0 -0.513 0.296 0.76 -0.0 -0.344 -0.551 0.816 0.0 -0.498 0.293 
0.988 -0.154 0.004 -0.026 -0.749 0.0 -0.63 0.203 -0.7 -0.0 -0.243 -0.672 0.758 0.0 -0.633 0.156 0.722 0.0 -0.23 -0.652 -0.771 -0.0 -0.326 -0.547 -0.806 0.0 -0.513 0.296 0.76 0.0 -0.344 -0.551 0.816 0.0 -0.498 0.293 
0.988 -0.154 0.004 -0.027 -0.749 -0.0 -0.63 0.202 -0.701 -0.0 -0.242 -0.671 0.758 0.0 -0.634 0.156 0.722 -0.0 -0.23 -0.652 -0.771 -0.0 -0.326 -0.548 -0.806 -0.0 -0.513 0.296 0.76 -0.0 -0.344 -0.551 0.816 0.0 -0.499 0.293 
0.988 -0.154 0.004 -0.026 -0.75 -0.0 -0.63 0.203 -0.7 -0.0 -0.243 -0.672 0.758 0.0 -0.634 0.156 0.722 0.0 -0.23 -0.652 -0.771 -0.0 -0.326 -0.547 -0.806 0.0 -0.513 0.296 0.76 0.0 -0.344 -0.551 0.816 0.0 -0.499 0.293 
0.988 -0.154 0.004 -0.026 -0.75 -0.0 -0.63 0.203 -0.7 -0.0 -0.243 -0.672 0.758 0.0 -0.634 0.156 0.723 0.0 -0.23 -0.652 -0.771 -0.0 -0.326 -0.547 -0.806 -0.0 -0.513 0.296 0.76 0.0 -0.344 -0.551 0.816 0.0 -0.498 0.293 
0.988 -0.154 0.004 -0.026 -0.75 -0.0 -0.63 0.203 -0.699 -0.0 -0.243 -0.672 0.758 0.0 -0.634 0.156 0.723 0.0 -0.23 -0.652 -0.771 -0.0 -0.326 -0.547 -0.806 0.0 -0.513 0.296 0.76 0.0 -0.344 -0.551 0.816 0.0 -0.499 0.293 
0.988 -0.154 0.004 -0.026 -0.75 -0.0 -0.63 0.203 -0.699 -0.0 -0.243 -0.672 0.758 0.0 -0.634 0.156 0.723 0.0 -0.23 -0.652 -0.771 -0.0 -0.326 -0.547 -0.806 -0.0 -0.513 0.296 0.76 0.0 -0.344 -0.551 0.816 0.0 -0.499 0.293 
0.988 -0.154 0.004 -0.026 -0.75 -0.0 -0.63 0.203 -0.7 -0.0 -0.242 -0.672 0.758 0.0 -0.634 0.155 0.723 0.0 -0.229 -0.652 -0.771 -0.0 -0.326 -0.547 -0.806 0.0 -0.513 0.296 0.76 0.0 -0.344 -0.551 0.816 0.0 -0.498 0.293 
0.988 -0.154 0.004 -0.026 -0.75 0.0 -0.63 0.202 -0.7 0.0 -0.242 -0.672 0.758 0.0 -0.634 0.156 0.723 0.0 -0.23 -0.652 -0.771 -0.0 -0.326 -0.547 -0.806 -0.0 -0.513 0.297 0.76 0.0 -0.345 -0.551 0.816 0.0 -0.498 0.293 
0.988 -0.155 0.004 -0.026 -0.75 -0.0 -0.63 0.203 -0.7 -0.0 -0.243 -0.672 0.758 0.0 -0.634 0.156 0.723 0.0 -0.229 -0.652 -0.771 -0.0 -0.326 -0.547 -0.806 -0.0 -0.513 0.297 0.76 0.0 -0.345 -0.551 0.816 -0.0 -0.498 0.293 
0.988 -0.154 0.004 -0.026 -0.75 -0.0 -0.629 0.203 -0.699 -0.0 -0.243 -0.673 0.758 0.0 -0.634 0.156 0.723 0.0 -0.23 -0.652 -0.771 0.0 -0.326 -0.547 -0.806 -0.0 -0.513 0.296 0.76 0.0 -0.344 -0.551 0.816 0.0 -0.499 0.293 
0.988 -0.154 0.004 -0.026 -0.75 0.0 -0.63 0.202 -0.7 -0.0 -0.242 -0.672 0.758 0.0 -0.634 0.156 0.723 0.0 -0.23 -0.652 -0.771 -0.0 -0.326 -0.547 -0.806 -0.0 -0.513 0.297 0.76 0.0 -0.345 -0.551 0.816 -0.0 -0.498 0.293 
0.988 -0.154 0.004 -0.026 -0.75 -0.0 -0.63 0.202 -0.7 -0.0 -0.241 -0.672 0.758 0.0 -0.634 0.155 0.723 0.0 -0.23 -0.652 -0.771 -0.0 -0.326 -0.547 -0.806 -0.0 -0.513 0.296 0.76 0.0 -0.344 -0.551 0.816 0.0 -0.498 0.293 
0.988 -0.154 0.004 -0.026 -0.75 -0.0 -0.63 0.202 -0.7 -0.0 -0.241 -0.672 0.758 0.0 -0.634 0.156 0.723 0.0 -0.23 -0.652 -0.771 -0.0 -0.326 -0.547 -0.806 -0.0 -0.513 0.296 0.76 0.0 -0.344 -0.551 0.816 0.0 -0.498 0.293 
0.988 -0.154 0.004 -0.026 -0.75 -0.0 -0.63 0.202 -0.7 -0.0 -0.241 -0.672 0.758 0.0 -0.634 0.155 0.723 -0.0 -0.229 -0.652 -0.771 -0.0 -0.326 -0.547 -0.806 -0.0 -0.513 0.296 0.76 -0.0 -0.344 -0.551 0.816 0.0 -0.499 0.293 
0.988 -0.154 0.004 -0.026 -0.75 -0.0 -0.63 0.202 -0.7 -0.0 -0.241 -0.672 0.758 0.0 -0.634 0.156 0.722 0.0 -0.23 -0.652 -0.771 -0.0 -0.326 -0.547 -0.806 0.0 -0.513 0.296 0.76 -0.0 -0.344 -0.551 0.816 0.0 -0.498 0.293 
0.988 -0.154 0.004 -0.026 -0.75 -0.0 -0.629 0.202 -0.7 -0.0 -0.241 -0.672 0.758 -0.0 -0.634 0.156 0.722 0.0 -0.23 -0.652 -0.771 -0.0 -0.326 -0.547 -0.806 -0.0 -0.513 0.296 0.76 0.0 -0.344 -0.551 0.816 -0.0 -0.499 0.293 
0.988 -0.154 0.004 -0.026 -0.75 0.0 -0.629 0.203 -0.699 -0.0 -0.242 -0.673 0.758 0.0 -0.634 0.156 0.722 0.0 -0.23 -0.653 -0.771 -0.0 -0.326 -0.547 -0.806 -0.0 -0.513 0.296 0.76 0.0 -0.344 -0.551 0.816 0.0 -0.499 0.293 
0.988 -0.154 0.004 -0.026 -0.75 -0.0 -0.63 0.202 -0.7 -0.0 -0.241 -0.672 0.758 0.0 -0.634 0.155 0.723 0.0 -0.23 -0.652 -0.771 -0.0 -0.326 -0.547 -0.806 0.0 -0.513 0.296 0.76 -0.0 -0.344 -0.551 0.816 -0.0 -0.498 0.293 
0.988 -0.154 0.004 -0.026 -0.75 0.0 -0.629 0.202 -0.699 -0.0 -0.242 -0.673 0.758 0.0 -0.634 0.156 0.722 0.0 -0.23 -0.652 -0.771 -0.0 -0.326 -0.547 -0.806 -0.0 -0.513 0.296 0.76 0.0 -0.344 -0.551 0.816 0.0 -0.499 0.293 
0.988 -0.154 0.004 -0.026 -0.75 -0.0 -0.63 0.202 -0.7 -0.0 -0.24 -0.672 0.758 -0.0 -0.634 0.156 0.722 0.0 -0.23 -0.652 -0.771 -0.0 -0.326 -0.547 -0.806 0.0 -0.513 0.296 0.76 -0.0 -0.344 -0.551 0.816 -0.0 -0.498 0.293 
0.988 -0.154 0.004 -0.026 -0.75 -0.0 -0.629 0.202 -0.699 0.0 -0.242 -0.673 0.758 0.0 -0.634 0.155 0.723 0.0 -0.229 -0.652 -0.771 -0.0 -0.326 -0.547 -0.806 -0.0 -0.513 0.296 0.76 -0.0 -0.344 -0.551 0.816 0.0 -0.498 0.293 
0.988 -0.154 0.004 -0.026 -0.75 -0.0 -0.629 0.202 -0.7 0.0 -0.241 -0.672 0.758 0.0 -0.634 0.156 0.722 0.0 -0.23 -0.652 -0.771 0.0 -0.326 -0.547 -0.806 -0.0 -0.513 0.296 0.76 0.0 -0.344 -0.551 0.816 0.0 -0.498 0.293 
0.988 -0.154 0.004 -0.026 -0.75 -0.0 -0.63 0.202 -0.7 -0.0 -0.241 -0.672 0.758 0.0 -0.634 0.156 0.722 0.0 -0.229 -0.652 -0.771 0.0 -0.326 -0.547 -0.806 -0.0 -0.513 0.296 0.76 -0.0 -0.344 -0.551 0.816 -0.0 -0.498 0.293 
0.988 -0.154 0.004 -0.026 -0.75 -0.0 -0.63 0.202 -0.7 -0.0 -0.24 -0.672 0.758 0.0 -0.634 0.156 0.723 0.0 -0.23 -0.652 -0.771 -0.0 -0.326 -0.547 -0.806 -0.0 -0.513 0.296 0.76 0.0 -0.344 -0.551 0.816 0.0 -0.498 0.293 
0.988 -0.154 0.004 -0.026 -0.75 -0.0 -0.629 0.202 -0.7 -0.0 -0.241 -0.672 0.758 -0.0 -0.634 0.155 0.722 0.0 -0.229 -0.652 -0.771 -0.0 -0.326 -0.547 -0.806 0.0 -0.513 0.296 0.76 0.0 -0.344 -0.551 0.816 -0.0 -0.498 0.293 
0.988 -0.154 0.004 -0.027 -0.751 -0.0 -0.629 0.202 -0.699 0.0 -0.242 -0.673 0.757 0.0 -0.634 0.155 0.723 -0.0 -0.23 -0.652 -0.771 -0.0 -0.326 -0.547 -0.806 -0.0 -0.513 0.296 0.76 0.0 -0.345 -0.551 0.816 0.0 -0.498 0.293 
0.988 -0.154 0.004 -0.026 -0.75 -0.0 -0.63 0.202 -0.7 -0.0 -0.24 -0.672 0.757 0.0 -0.634 0.156 0.722 0.0 -0.23 -0.652 -0.771 -0.0 -0.326 -0.547 -0.806 -0.0 -0.513 0.296 0.76 -0.0 -0.344 -0.551 0.816 0.0 -0.498 0.293 
0.988 -0.154 0.004 -0.026 -0.75 -0.0 -0.63 0.201 -0.7 -0.0 -0.239 -0.673 0.758 0.0 -0.634 0.155 0.723 0.0 -0.23 -0.652 -0.771 -0.0 -0.326 -0.547 -0.806 -0.0 -0.513 0.297 0.76 0.0 -0.344 -0.551 0.816 0.0 -0.498 0.293 
0.988 -0.154 0.004 -0.026 -0.75 -0.0 -0.629 0.202 -0.7 -0.0 -0.241 -0.672 0.758 0.0 -0.634 0.156 0.722 -0.0 -0.23 -0.652 -0.771 -0.0 -0.326 -0.547 -0.806 -0.0 -0.513 0.296 0.76 0.0 -0.345 -0.551 0.816 0.0 -0.498 0.293 
0.988 -0.154 0.004 -0.026 -0.75 -0.0 -0.629 0.202 -0.7 0.0 -0.241 -0.672 0.758 0.0 -0.634 0.156 0.723 0.0 -0.23 -0.652 -0.771 0.0 -0.326 -0.547 -0.806 0.0 -0.513 0.296 0.76 -0.0 -0.344 -0.551 0.816 0.0 -0.498 0.293 
0.988 -0.154 0.004 -0.026 -0.75 0.0 -0.629 0.201 -0.7 0.0 -0.241 -0.672 0.758 0.0 -0.634 0.156 0.722 0.0 -0.23 -0.652 -0.771 -0.0 -0.326 -0.547 -0.806 -0.0 -0.513 0.296 0.76 0.0 -0.344 -0.551 0.816 0.0 -0.499 0.293 
0.988 -0.155 0.004 -0.027 -0.751 -0.0 -0.629 0.201 -0.7 -0.0 -0.24 -0.673 0.758 0.0 -0.634 0.155 0.723 -0.0 -0.23 -0.652 -0.771 -0.0 -0.326 -0.547 -0.806 -0.0 -0.513 0.297 0.76 0.0 -0.345 -0.55 0.816 0.0 -0.498 0.293 
0.988 -0.155 0.004 -0.027 -0.75 -0.0 -0.63 0.201 -0.701 0.0 -0.241 -0.672 0.758 0.0 -0.634 0.156 0.722 0.0 -0.23 -0.652 -0.771 0.0 -0.326 -0.547 -0.806 -0.0 -0.513 0.297 0.76 0.0 -0.345 -0.55 0.816 0.0 -0.498 0.293 
0.988 -0.155 0.004 -0.026 -0.751 -0.0 -0.629 0.201 -0.7 -0.0 -0.241 -0.672 0.758 0.0 -0.634 0.155 0.723 0.0 -0.23 -0.651 -0.771 -0.0 -0.326 -0.547 -0.806 -0.0 -0.513 0.297 0.76 -0.0 -0.345 -0.551 0.816 0.0 -0.498 0.293 
0.988 -0.155 0.004 -0.027 -0.751 0.0 -0.629 0.201 -0.7 0.0 -0.241 -0.672 0.758 0.0 -0.634 0.155 0.723 0.0 -0.23 -0.652 -0.771 -0.0 -0.326 -0.547 -0.806 -0.0 -0.513 0.297 0.76 -0.0 -0.345 -0.55 0.816 -0.0 -0.498 0.293 
0.988 -0.154 0.004 -0.026 -0.751 0.0 -0.629 0.201 -0.7 0.0 -0.241 -0.672 0.758 0.0 -0.634 0.155 0.723 0.0 -0.23 -0.652 -0.771 -0.0 -0.326 -0.547 -0.806 -0.0 -0.513 0.296 0.76 0.0 -0.344 -0.551 0.816 0.0 -0.498 0.293 
0.988 -0.154 0.004 -0.026 -0.751 -0.0 -0.63 0.201 -0.7 -0.0 -0.24 -0.672 0.758 0.0 -0.634 0.155 0.723 0.0 -0.23 -0.651 -0.771 0.0 -0.326 -0.547 -0.806 -0.0 -0.513 0.296 0.76 0.0 -0.344 -0.551 0.816 0.0 -0.499 0.293 
0.988 -0.154 0.004 -0.026 -0.751 -0.0 -0.63 0.201 -0.7 -0.0 -0.24 -0.672 0.758 0.0 -0.634 0.155 0.723 0.0 -0.231 -0.651 -0.771 0.0 -0.326 -0.547 -0.806 -0.0 -0.513 0.296 0.76 0.0 -0.344 -0.551 0.816 0.0 -0.498 0.293 
0.988 -0.154 0.004 -0.026 -0.751 -0.0 -0.629 0.201 -0.7 -0.0 -0.241 -0.672 0.758 0.0 -0.634 0.155 0.723 -0.0 -0.23 -0.651 -0.771 -0.0 -0.326 -0.547 -0.806 -0.0 -0.513 0.296 0.76 -0.0 -0.344 -0.551 0.816 0.0 -0.498 0.293 
0.988 -0.154 0.004 -0.026 -0.751 -0.0 -0.629 0.201 -0.7 -0.0 -0.241 -0.672 0.758 0.0 -0.634 0.155 0.723 0.0 -0.231 -0.651 -0.771 -0.0 -0.326 -0.547 -0.806 0.0 -0.513 0.296 0.76 0.0 -0.344 -0.551 0.816 0.0 -0.498 0.293 
0.988 -0.154 0.004 -0.026 -0.75 0.0 -0.63 0.201 -0.7 0.0 -0.239 -0.672 0.758 0.0 -0.634 0.155 0.723 0.0 -0.231 -0.651 -0.771 -0.0 -0.326 -0.547 -0.806 -0.0 -0.513 0.296 0.76 0.0 -0.344 -0.551 0.816 -0.0 -0.498 0.293 
0.988 -0.154 0.004 -0.026 -0.75 -0.0 -0.63 0.201 -0.701 -0.0 -0.24 -0.672 0.758 0.0 -0.634 0.156 0.723 0.0 -0.232 -0.651 -0.771 -0.0 -0.326 -0.547 -0.806 -0.0 -0.513 0.296 0.76 0.0 -0.344 -0.551 0.816 0.0 -0.498 0.293 
0.988 -0.154 0.004 -0.026 -0.75 -0.0 -0.63 0.2 -0.701 -0.0 -0.24 -0.672 0.758 -0.0 -0.634 0.156 0.723 -0.0 -0.232 -0.651 -0.771 -0.0 -0.326 -0.547 -0.806 0.0 -0.513 0.296 0.76 0.0 -0.344 -0.551 0.816 0.0 -0.499 0.293 
0.988 -0.154 0.004 -0.026 -0.751 -0.0 -0.629 0.201 -0.7 0.0 -0.241 -0.672 0.758 0.0 -0.634 0.156 0.723 -0.0 -0.232 -0.651 -0.771 -0.0 -0.326 -0.547 -0.806 0.0 -0.513 0.296 0.76 -0.0 -0.344 -0.551 0.816 0.0 -0.498 0.293 
0.988 -0.154 0.004 -0.026 -0.751 -0.0 -0.629 0.2 -0.7 0.0 -0.24 -0.673 0.758 -0.0 -0.633 0.155 0.723 0.0 -0.232 -0.651 -0.771 -0.0 -0.326 -0.547 -0.806 0.0 -0.513 0.296 0.76 -0.0 -0.344 -0.551 0.816 0.0 -0.499 0.293 
0.988 -0.154 0.004 -0.026 -0.751 0.0 -0.63 0.2 -0.701 -0.0 -0.24 -0.672 0.758 0.0 -0.633 0.156 0.723 -0.0 -0.233 -0.65 -0.771 -0.0 -0.326 -0.547 -0.806 -0.0 -0.513 0.296 0.76 0.0 -0.344 -0.551 0.816 0.0 -0.499 0.293 
0.988 -0.154 0.004 -0.026 -0.751 -0.0 -0.629 0.2 -0.7 0.0 -0.241 -0.672 0.758 0.0 -0.633 0.156 0.723 0.0 -0.232 -0.651 -0.771 0.0 -0.326 -0.547 -0.806 -0.0 -0.513 0.296 0.76 0.0 -0.344 -0.551 0.816 0.0 -0.498 0.293 
0.988 -0.154 0.004 -0.027 -0.751 0.0 -0.629 0.2 -0.7 -0.0 -0.241 -0.672 0.758 0.0 -0.633 0.156 0.723 0.0 -0.233 -0.651 -0.771 -0.0 -0.326 -0.547 -0.806 0.0 -0.513 0.296 0.76 -0.0 -0.344 -0.551 0.816 0.0 -0.499 0.293 
0.988 -0.154 0.004 -0.026 -0.751 -0.0 -0.63 0.2 -0.7 -0.0 -0.241 -0.672 0.758 0.0 -0.633 0.156 0.723 -0.0 -0.232 -0.651 -0.771 -0.0 -0.326 -0.547 -0.806 -0.0 -0.513 0.296 0.76 0.0 -0.344 -0.551 0.816 -0.0 -0.499 0.293 
0.988 -0.154 0.004 -0.027 -0.751 -0.0 -0.629 0.2 -0.7 -0.0 -0.24 -0.673 0.758 0.0 -0.633 0.156 0.723 0.0 -0.232 -0.651 -0.771 -0.0 -0.326 -0.548 -0.805 -0.0 -0.513 0.296 0.76 -0.0 -0.344 -0.551 0.816 0.0 -0.499 0.293 
0.988 -0.154 0.004 -0.026 -0.751 -0.0 -0.63 0.2 -0.7 -0.0 -0.24 -0.672 0.757 0.0 -0.634 0.157 0.723 0.0 -0.232 -0.651 -0.771 -0.0 -0.325 -0.547 -0.806 -0.0 -0.513 0.296 0.76 0.0 -0.344 -0.551 0.816 -0.0 -0.499 0.292 
0.988 -0.154 0.004 -0.026 -0.751 -0.0 -0.63 0.2 -0.701 -0.0 -0.24 -0.672 0.758 0.0 -0.633 0.156 0.723 -0.0 -0.232 -0.65 -0.771 -0.0 -0.326 -0.547 -0.806 -0.0 -0.513 0.296 0.76 -0.0 -0.344 -0.551 0.816 0.0 -0.499 0.293 
0.988 -0.154 0.004 -0.027 -0.751 -0.0 -0.63 0.199 -0.7 -0.0 -0.24 -0.672 0.757 0.0 -0.634 0.157 0.723 0.0 -0.232 -0.651 -0.771 0.0 -0.326 -0.548 -0.806 -0.0 -0.513 0.296 0.76 -0.0 -0.344 -0.551 0.816 0.0 -0.499 0.292 
0.988 -0.154 0.004 -0.026 -0.751 -0.0 -0.629 0.199 -0.7 -0.0 -0.24 -0.672 0.757 0.0 -0.634 0.157 0.723 0.0 -0.232 -0.651 -0.771 -0.0 -0.325 -0.548 -0.806 -0.0 -0.514 0.296 0.76 0.0 -0.343 -0.551 0.816 0.0 -0.499 0.292 
0.988 -0.154 0.004 -0.027 -0.751 -0.0 -0.629 0.199 -0.7 -0.0 -0.24 -0.672 0.758 0.0 -0.634 0.156 0.723 0.0 -0.231 -0.651 -0.771 -0.0 -0.325 -0.548 -0.806 -0.0 -0.513 0.296 0.76 0.0 -0.344 -0.551 0.816 -0.0 -0.499 0.292 
0.988 -0.154 0.004 -0.026 -0.751 -0.0 -0.63 0.199 -0.701 -0.0 -0.239 -0.672 0.757 0.0 -0.634 0.157 0.723 -0.0 -0.232 -0.651 -0.771 -0.0 -0.325 -0.548 -0.806 -0.0 -0.513 0.296 0.76 0.0 -0.343 -0.551 0.816 0.0 -0.499 0.292 
0.988 -0.153 0.004 -0.026 -0.751 -0.0 -0.63 0.199 -0.701 -0.0 -0.239 -0.672 0.757 0.0 -0.634 0.157 0.723 0.0 -0.231 -0.651 -0.771 0.0 -0.325 -0.548 -0.806 -0.0 -0.514 0.295 0.76 0.0 -0.343 -0.551 0.816 0.0 -0.499 0.292 
0.988 -0.153 0.004 -0.026 -0.751 -0.0 -0.63 0.199 -0.701 -0.0 -0.239 -0.673 0.758 0.0 -0.634 0.157 0.723 0.0 -0.232 -0.651 -0.771 -0.0 -0.325 -0.548 -0.806 -0.0 -0.514 0.295 0.76 0.0 -0.343 -0.552 0.816 0.0 -0.499 0.292 
0.988 -0.153 0.004 -0.026 -0.751 -0.0 -0.63 0.199 -0.7 -0.0 -0.238 -0.673 0.757 -0.0 -0.634 0.157 0.722 0.0 -0.231 -0.652 -0.771 -0.0 -0.325 -0.548 -0.806 -0.0 -0.514 0.295 0.76 0.0 -0.343 -0.551 0.816 0.0 -0.499 0.292 
0.988 -0.153 0.004 -0.026 -0.751 -0.0 -0.63 0.198 -0.7 -0.0 -0.238 -0.673 0.757 0.0 -0.634 0.157 0.723 0.0 -0.231 -0.651 -0.771 -0.0 -0.325 -0.548 -0.806 -0.0 -0.514 0.295 0.76 0.0 -0.343 -0.551 0.816 0.0 -0.499 0.292 
0.988 -0.153 0.004 -0.026 -0.751 -0.0 -0.629 0.199 -0.7 -0.0 -0.239 -0.673 0.758 0.0 -0.634 0.156 0.723 0.0 -0.231 -0.652 -0.771 0.0 -0.325 -0.548 -0.806 -0.0 -0.514 0.295 0.76 0.0 -0.343 -0.551 0.816 0.0 -0.499 0.292 
0.988 -0.153 0.004 -0.027 -0.751 -0.0 -0.629 0.198 -0.7 -0.0 -0.238 -0.673 0.757 0.0 -0.634 0.156 0.723 0.0 -0.231 -0.651 -0.771 -0.0 -0.325 -0.548 -0.806 -0.0 -0.513 0.295 0.76 0.0 -0.343 -0.551 0.816 0.0 -0.499 0.292 
0.988 -0.153 0.004 -0.026 -0.751 -0.0 -0.629 0.198 -0.7 -0.0 -0.239 -0.673 0.757 0.0 -0.634 0.157 0.722 0.0 -0.231 -0.652 -0.771 -0.0 -0.325 -0.548 -0.806 0.0 -0.514 0.295 0.76 0.0 -0.343 -0.551 0.816 0.0 -0.499 0.292 
0.988 -0.153 0.004 -0.026 -0.751 -0.0 -0.629 0.198 -0.7 -0.0 -0.239 -0.673 0.757 0.0 -0.634 0.157 0.723 0.0 -0.231 -0.652 -0.771 -0.0 -0.325 -0.548 -0.806 -0.0 -0.514 0.295 0.76 0.0 -0.343 -0.552 0.816 -0.0 -0.499 0.292 
0.988 -0.153 0.004 -0.026 -0.752 0.0 -0.629 0.198 -0.7 -0.0 -0.239 -0.673 0.757 0.0 -0.634 0.156 0.722 0.0 -0.23 -0.652 -0.771 -0.0 -0.325 -0.548 -0.806 0.0 -0.514 0.295 0.76 0.0 -0.343 -0.551 0.816 0.0 -0.499 0.292 
0.988 -0.153 0.004 -0.026 -0.752 -0.0 -0.629 0.197 -0.7 -0.0 -0.239 -0.673 0.757 0.0 -0.634 0.157 0.723 0.0 -0.231 -0.651 -0.771 -0.0 -0.325 -0.548 -0.806 0.0 -0.514 0.295 0.76 0.0 -0.343 -0.551 0.816 0.0 -0.499 0.292 
0.988 -0.153 0.004 -0.026 -0.752 -0.0 -0.629 0.197 -0.7 -0.0 -0.239 -0.673 0.757 0.0 -0.634 0.156 0.723 0.0 -0.231 -0.652 -0.771 -0.0 -0.325 -0.548 -0.805 -0.0 -0.514 0.295 0.76 0.0 -0.343 -0.551 0.816 0.0 -0.499 0.292 
0.988 -0.153 0.004 -0.026 -0.752 0.0 -0.628 0.198 -0.699 -0.0 -0.24 -0.673 0.757 0.0 -0.634 0.156 0.723 0.0 -0.23 -0.652 -0.771 -0.0 -0.325 -0.548 -0.806 -0.0 -0.514 0.295 0.76 0.0 -0.343 -0.552 0.816 0.0 -0.499 0.292 
0.988 -0.153 0.004 -0.026 -0.752 -0.0 -0.629 0.197 -0.7 -0.0 -0.239 -0.673 0.757 0.0 -0.634 0.156 0.723 0.0 -0.23 -0.652 -0.771 0.0 -0.325 -0.548 -0.805 -0.0 -0.514 0.295 0.76 0.0 -0.343 -0.552 0.816 0.0 -0.499 0.292 
0.988 -0.153 0.004 -0.026 -0.752 -0.0 -0.629 0.197 -0.7 -0.0 -0.239 -0.673 0.757 0.0 -0.634 0.155 0.723 0.0 -0.23 -0.651 -0.771 -0.0 -0.325 -0.548 -0.806 -0.0 -0.514 0.295 0.76 0.0 -0.343 -0.552 0.816 0.0 -0.499 0.292 
0.988 -0.153 0.004 -0.026 -0.752 -0.0 -0.628 0.198 -0.699 -0.0 -0.24 -0.673 0.757 0.0 -0.634 0.156 0.723 0.0 -0.23 -0.652 -0.771 -0.0 -0.325 -0.548 -0.806 -0.0 -0.514 0.295 0.76 0.0 -0.343 -0.552 0.816 0.0 -0.499 0.292 
0.988 -0.153 0.004 -0.026 -0.752 -0.0 -0.629 0.197 -0.7 -0.0 -0.239 -0.673 0.757 0.0 -0.634 0.156 0.723 0.0 -0.23 -0.652 -0.771 -0.0 -0.325 -0.548 -0.806 -0.0 -0.514 0.295 0.76 0.0 -0.343 -0.552 0.816 0.0 -0.499 0.292 
0.988 -0.153 0.004 -0.026 -0.752 -0.0 -0.629 0.197 -0.7 -0.0 -0.239 -0.673 0.757 0.0 -0.634 0.156 0.722 0.0 -0.23 -0.652 -0.771 -0.0 -0.325 -0.548 -0.806 -0.0 -0.514 0.295 0.76 0.0 -0.343 -0.552 0.816 -0.0 -0.499 0.292 
0.988 -0.153 0.004 -0.026 -0.752 -0.0 -0.629 0.197 -0.7 0.0 -0.239 -0.673 0.757 -0.0 -0.635 0.155 0.723 0.0 -0.23 -0.652 -0.771 -0.0 -0.324 -0.548 -0.806 0.0 -0.514 0.295 0.76 0.0 -0.342 -0.552 0.816 0.0 -0.5 0.291 
0.988 -0.153 0.004 -0.027 -0.752 -0.0 -0.629 0.196 -0.7 -0.0 -0.239 -0.673 0.757 0.0 -0.634 0.156 0.722 0.0 -0.23 -0.652 -0.771 -0.0 -0.325 -0.548 -0.806 -0.0 -0.514 0.295 0.76 -0.0 -0.343 -0.552 0.816 0.0 -0.499 0.292 
0.988 -0.153 0.004 -0.026 -0.752 -0.0 -0.629 0.196 -0.7 -0.0 -0.239 -0.673 0.757 0.0 -0.635 0.156 0.722 0.0 -0.23 -0.652 -0.771 -0.0 -0.324 -0.548 -0.806 0.0 -0.514 0.295 0.76 0.0 -0.342 -0.552 0.816 -0.0 -0.499 0.292 
0.988 -0.153 0.004 -0.026 -0.752 -0.0 -0.629 0.196 -0.7 -0.0 -0.238 -0.673 0.757 0.0 -0.635 0.155 0.723 0.0 -0.23 -0.652 -0.771 -0.0 -0.324 -0.548 -0.806 0.0 -0.514 0.295 0.76 0.0 -0.342 -0.552 0.816 0.0 -0.5 0.292 
0.988 -0.153 0.004 -0.026 -0.752 -0.0 -0.629 0.196 -0.7 -0.0 -0.239 -0.673 0.757 0.0 -0.635 0.155 0.723 0.0 -0.23 -0.651 -0.771 -0.0 -0.324 -0.548 -0.806 0.0 -0.514 0.295 0.76 0.0 -0.343 -0.552 0.816 0.0 -0.499 0.291 
0.988 -0.153 0.004 -0.026 -0.752 -0.0 -0.629 0.196 -0.7 -0.0 -0.239 -0.673 0.757 0.0 -0.635 0.156 0.722 0.0 -0.23 -0.652 -0.771 -0.0 -0.324 -0.548 -0.806 0.0 -0.514 0.295 0.76 0.0 -0.342 -0.552 0.816 0.0 -0.5 0.292 
0.988 -0.153 0.004 -0.026 -0.752 -0.0 -0.629 0.196 -0.7 0.0 -0.239 -0.673 0.756 0.0 -0.635 0.156 0.722 0.0 -0.23 -0.652 -0.771 -0.0 -0.324 -0.548 -0.805 0.0 -0.514 0.295 0.76 0.0 -0.342 -0.552 0.816 0.0 -0.5 0.291 
0.988 -0.153 0.004 -0.026 -0.752 -0.0 -0.63 0.196 -0.7 0.0 -0.238 -0.673 0.757 0.0 -0.635 0.156 0.722 0.0 -0.23 -0.652 -0.771 0.0 -0.324 -0.548 -0.805 0.0 -0.514 0.295 0.76 -0.0 -0.342 -0.552 0.816 0.0 -0.5 0.291 
0.988 -0.153 0.004 -0.026 -0.752 -0.0 -0.63 0.196 -0.7 0.0 -0.239 -0.673 0.757 0.0 -0.635 0.155 0.723 0.0 -0.23 -0.652 -0.771 -0.0 -0.324 -0.548 -0.806 -0.0 -0.514 0.295 0.76 0.0 -0.342 -0.552 0.816 0.0 -0.5 0.291 
0.988 -0.153 0.004 -0.026 -0.752 0.0 -0.63 0.196 -0.7 -0.0 -0.239 -0.673 0.757 0.0 -0.635 0.155 0.723 0.0 -0.23 -0.652 -0.771 -0.0 -0.324 -0.548 -0.805 -0.0 -0.514 0.295 0.76 0.0 -0.342 -0.552 0.816 -0.0 -0.5 0.291 
0.988 -0.153 0.004 -0.026 -0.752 0.0 -0.63 0.196 -0.7 -0.0 -0.239 -0.673 0.757 0.0 -0.635 0.155 0.723 0.0 -0.23 -0.652 -0.771 -0.0 -0.324 -0.548 -0.806 -0.0 -0.514 0.295 0.76 0.0 -0.342 -0.552 0.816 -0.0 -0.5 0.291 
0.988 -0.152 0.004 -0.026 -0.752 -0.0 -0.63 0.196 -0.7 0.0 -0.239 -0.673 0.757 0.0 -0.635 0.156 0.723 0.0 -0.23 -0.652 -0.771 -0.0 -0.324 -0.548 -0.806 0.0 -0.514 0.295 0.76 -0.0 -0.342 -0.552 0.816 0.0 -0.5 0.291 
0.988 -0.153 0.004 -0.026 -0.752 0.0 -0.63 0.195 -0.7 -0.0 -0.239 -0.672 0.757 -0.0 -0.635 0.156 0.723 -0.0 -0.23 -0.652 -0.771 -0.0 -0.324 -0.548 -0.805 -0.0 -0.514 0.295 0.76 -0.0 -0.342 -0.552 0.816 -0.0 -0.5 0.291 
0.988 -0.153 0.004 -0.026 -0.752 0.0 -0.63 0.196 -0.7 -0.0 -0.239 -0.673 0.757 0.0 -0.635 0.155 0.723 0.0 -0.229 -0.652 -0.771 -0.0 -0.324 -0.548 -0.806 -0.0 -0.514 0.295 0.761 0.0 -0.342 -0.552 0.816 0.0 -0.5 0.291 
0.988 -0.152 0.004 -0.026 -0.752 0.0 -0.629 0.196 -0.7 0.0 -0.239 -0.673 0.757 0.0 -0.635 0.155 0.723 0.0 -0.229 -0.652 -0.771 0.0 -0.324 -0.548 -0.806 0.0 -0.514 0.294 0.76 -0.0 -0.342 -0.552 0.816 0.0 -0.5 0.291 
0.988 -0.152 0.004 -0.026 -0.752 -0.0 -0.63 0.195 -0.7 -0.0 -0.239 -0.673 0.757 0.0 -0.635 0.155 0.723 0.0 -0.229 -0.652 -0.771 -0.0 -0.324 -0.548 -0.806 -0.0 -0.514 0.295 0.76 -0.0 -0.342 -0.552 0.816 0.0 -0.5 0.291 
0.988 -0.152 0.004 -0.026 -0.752 -0.0 -0.63 0.195 -0.7 -0.0 -0.24 -0.673 0.757 0.0 -0.635 0.155 0.723 0.0 -0.229 -0.652 -0.771 -0.0 -0.324 -0.548 -0.806 -0.0 -0.514 0.294 0.76 -0.0 -0.342 -0.552 0.816 -0.0 -0.5 0.291 
0.988 -0.152 0.004 -0.026 -0.752 0.0 -0.63 0.195 -0.7 -0.0 -0.24 -0.672 0.757 0.0 -0.635 0.155 0.723 0.0 -0.229 -0.652 -0.771 -0.0 -0.324 -0.548 -0.806 -0.0 -0.514 0.295 0.761 -0.0 -0.342 -0.552 0.816 0.0 -0.499 0.291 
0.988 -0.152 0.004 -0.026 -0.752 -0.0 -0.63 0.195 -0.7 -0.0 -0.24 -0.672 0.757 0.0 -0.635 0.155 0.723 0.0 -0.229 -0.652 -0.771 -0.0 -0.324 -0.548 -0.806 -0.0 -0.514 0.295 0.76 0.0 -0.342 -0.552 0.816 0.0 -0.5 0.291 
0.988 -0.152 0.004 -0.026 -0.752 0.0 -0.63 0.195 -0.7 -0.0 -0.24 -0.672 0.757 0.0 -0.635 0.155 0.723 0.0 -0.229 -0.652 -0.771 -0.0 -0.324 -0.548 -0.806 -0.0 -0.514 0.294 0.76 0.0 -0.342 -0.552 0.816 -0.0 -0.5 0.291 
0.988 -0.152 0.004 -0.026 -0.752 -0.0 -0.63 0.195 -0.7 -0.0 -0.239 -0.672 0.757 0.0 -0.635 0.155 0.723 0.0 -0.229 -0.652 -0.771 -0.0 -0.324 -0.548 -0.806 -0.0 -0.514 0.294 0.76 0.0 -0.342 -0.552 0.816 0.0 -0.5 0.291 
0.988 -0.152 0.004 -0.026 -0.752 -0.0 -0.63 0.195 -0.7 -0.0 -0.239 -0.673 0.757 -0.0 -0.635 0.155 0.723 0.0 -0.229 -0.652 -0.771 -0.0 -0.324 -0.548 -0.806 -0.0 -0.514 0.295 0.76 0.0 -0.342 -0.552 0.816 0.0 -0.5 0.291 
0.988 -0.152 0.004 -0.026 -0.752 0.0 -0.63 0.196 -0.7 -0.0 -0.24 -0.672 0.757 0.0 -0.635 0.155 0.723 0.0 -0.228 -0.652 -0.771 -0.0 -0.324 -0.548 -0.806 -0.0 -0.514 0.294 0.76 0.0 -0.342 -0.552 0.816 -0.0 -0.5 0.291 
0.988 -0.152 0.004 -0.026 -0.752 -0.0 -0.63 0.195 -0.7 -0.0 -0.24 -0.673 0.756 0.0 -0.635 0.156 0.722 -0.0 -0.229 -0.653 -0.771 -0.0 -0.324 -0.548 -0.806 0.0 -0.514 0.294 0.76 0.0 -0.342 -0.552 0.816 0.0 -0.5 0.291 
0.988 -0.152 0.004 -0.026 -0.752 -0.0 -0.63 0.195 -0.7 -0.0 -0.24 -0.672 0.757 0.0 -0.635 0.155 0.723 0.0 -0.228 -0.652 -0.771 -0.0 -0.324 -0.548 -0.805 -0.0 -0.514 0.294 0.76 0.0 -0.342 -0.552 0.816 0.0 -0.5 0.291 
0.988 -0.152 0.004 -0.026 -0.752 -0.0 -0.63 0.195 -0.7 -0.0 -0.239 -0.673 0.757 0.0 -0.635 0.155 0.723 0.0 -0.228 -0.652 -0.771 0.0 -0.324 -0.548 -0.806 0.0 -0.514 0.295 0.76 -0.0 -0.342 -0.552 0.816 0.0 -0.5 0.291 
0.988 -0.152 0.004 -0.026 -0.752 -0.0 -0.63 0.196 -0.7 -0.0 -0.24 -0.672 0.757 0.0 -0.635 0.155 0.723 -0.0 -0.228 -0.652 -0.771 -0.0 -0.324 -0.548 -0.805 0.0 -0.514 0.295 0.76 0.0 -0.342 -0.552 0.816 -0.0 -0.5 0.291 
0.988 -0.152 0.004 -0.026 -0.752 -0.0 -0.63 0.195 -0.7 -0.0 -0.24 -0.672 0.757 -0.0 -0.635 0.155 0.723 -0.0 -0.228 -0.652 -0.771 -0.0 -0.324 -0.548 -0.806 0.0 -0.514 0.294 0.76 0.0 -0.342 -0.552 0.816 0.0 -0.499 0.291 
0.988 -0.152 0.004 -0.026 -0.752 0.0 -0.63 0.195 -0.7 -0.0 -0.24 -0.672 0.757 0.0 -0.635 0.155 0.723 -0.0 -0.229 -0.652 -0.771 -0.0 -0.324 -0.548 -0.806 -0.0 -0.514 0.294 0.76 0.0 -0.342 -0.552 0.816 0.0 -0.5 0.291 
0.988 -0.152 0.004 -0.026 -0.752 -0.0 -0.63 0.196 -0.7 -0.0 -0.239 -0.673 0.757 0.0 -0.635 0.155 0.722 0.0 -0.229 -0.653 -0.771 0.0 -0.324 -0.548 -0.806 -0.0 -0.514 0.294 0.76 0.0 -0.342 -0.552 0.816 0.0 -0.5 0.291 
0.988 -0.152 0.004 -0.026 -0.752 -0.0 -0.63 0.196 -0.7 -0.0 -0.24 -0.672 0.757 0.0 -0.635 0.155 0.723 0.0 -0.228 -0.652 -0.771 -0.0 -0.324 -0.549 -0.805 -0.0 -0.514 0.294 0.76 0.0 -0.342 -0.552 0.816 0.0 -0.5 0.291 
0.988 -0.152 0.004 -0.026 -0.752 -0.0 -0.63 0.196 -0.7 -0.0 -0.239 -0.673 0.757 0.0 -0.635 0.155 0.723 0.0 -0.228 -0.653 -0.771 -0.0 -0.324 -0.549 -0.805 -0.0 -0.514 0.294 0.76 0.0 -0.342 -0.552 0.816 0.0 -0.5 0.291 
0.988 -0.152 0.004 -0.026 -0.752 0.0 -0.63 0.196 -0.7 -0.0 -0.241 -0.672 0.757 0.0 -0.635 0.155 0.723 0.0 -0.229 -0.652 -0.771 0.0 -0.324 -0.549 -0.806 -0.0 -0.514 0.294 0.76 -0.0 -0.342 -0.552 0.816 0.0 -0.5 0.291 
0.988 -0.152 0.004 -0.026 -0.752 -0.0 -0.63 0.196 -0.7 -0.0 -0.24 -0.672 0.757 0.0 -0.635 0.155 0.723 0.0 -0.228 -0.652 -0.771 -0.0 -0.324 -0.548 -0.806 -0.0 -0.514 0.294 0.76 -0.0 -0.342 -0.552 0.816 -0.0 -0.499 0.291 
0.988 -0.152 0.004 -0.026 -0.752 -0.0 -0.63 0.196 -0.7 0.0 -0.241 -0.672 0.757 0.0 -0.635 0.156 0.723 0.0 -0.228 -0.652 -0.771 -0.0 -0.324 -0.549 -0.805 -0.0 -0.514 0.294 0.76 0.0 -0.342 -0.552 0.816 -0.0 -0.5 0.291 
0.988 -0.152 0.004 -0.026 -0.752 -0.0 -0.63 0.196 -0.7 -0.0 -0.241 -0.672 0.756 0.0 -0.635 0.156 0.723 0.0 -0.228 -0.652 -0.771 -0.0 -0.324 -0.549 -0.806 -0.0 -0.514 0.294 0.76 0.0 -0.342 -0.552 0.816 0.0 -0.5 0.291 
0.988 -0.152 0.004 -0.026 -0.752 -0.0 -0.63 0.196 -0.7 -0.0 -0.241 -0.672 0.757 0.0 -0.635 0.156 0.723 -0.0 -0.228 -0.652 -0.771 -0.0 -0.324 -0.549 -0.805 -0.0 -0.514 0.294 0.76 -0.0 -0.342 -0.552 0.816 0.0 -0.5 0.291 
0.988 -0.152 0.004 -0.026 -0.752 -0.0 -0.63 0.197 -0.7 -0.0 -0.242 -0.672 0.757 0.0 -0.635 0.155 0.723 0.0 -0.228 -0.652 -0.771 -0.0 -0.324 -0.549 -0.805 -0.0 -0.514 0.294 0.76 0.0 -0.342 -0.552 0.816 0.0 -0.5 0.291 
0.988 -0.152 0.004 -0.026 -0.751 0.0 -0.63 0.197 -0.7 -0.0 -0.241 -0.672 0.757 -0.0 -0.635 0.156 0.723 0.0 -0.228 -0.652 -0.771 -0.0 -0.324 -0.549 -0.805 -0.0 -0.514 0.294 0.76 0.0 -0.342 -0.552 0.816 0.0 -0.5 0.291 
0.988 -0.152 0.004 -0.026 -0.752 -0.0 -0.63 0.197 -0.7 -0.0 -0.241 -0.672 0.757 0.0 -0.635 0.156 0.723 0.0 -0.228 -0.652 -0.771 -0.0 -0.324 -0.548 -0.806 -0.0 -0.514 0.295 0.76 0.0 -0.342 -0.552 0.816 0.0 -0.5 0.291 
0.988 -0.152 0.004 -0.026 -0.752 -0.0 -0.63 0.197 -0.7 -0.0 -0.24 -0.673 0.757 0.0 -0.635 0.156 0.723 -0.0 -0.229 -0.652 -0.771 -0.0 -0.324 -0.548 -0.806 0.0 -0.514 0.295 0.76 0.0 -0.342 -0.552 0.816 0.0 -0.5 0.291 
0.988 -0.152 0.004 -0.026 -0.751 -0.0 -0.63 0.197 -0.7 0.0 -0.241 -0.672 0.757 -0.0 -0.635 0.156 0.723 0.0 -0.229 -0.652 -0.771 0.0 -0.324 -0.548 -0.806 -0.0 -0.514 0.295 0.76 0.0 -0.342 -0.552 0.816 0.0 -0.5 0.291 
0.988 -0.152 0.004 -0.026 -0.752 -0.0 -0.63 0.197 -0.7 -0.0 -0.241 -0.672 0.757 0.0 -0.635 0.156 0.723 0.0 -0.229 -0.652 -0.771 -0.0 -0.324 -0.548 -0.806 -0.0 -0.514 0.295 0.76 0.0 -0.342 -0.552 0.816 0.0 -0.5 0.291 
0.988 -0.152 0.004 -0.026 -0.752 0.0 -0.63 0.197 -0.7 -0.0 -0.241 -0.672 0.757 0.0 -0.635 0.156 0.723 0.0 -0.229 -0.652 -0.771 -0.0 -0.324 -0.549 -0.805 -0.0 -0.514 0.294 0.76 -0.0 -0.342 -0.552 0.816 0.0 -0.5 0.291 
0.988 -0.152 0.004 -0.026 -0.751 -0.0 -0.63 0.197 -0.7 0.0 -0.241 -0.672 0.756 0.0 -0.635 0.157 0.723 0.0 -0.229 -0.652 -0.771 -0.0 -0.324 -0.548 -0.805 -0.0 -0.514 0.294 0.76 0.0 -0.342 -0.552 0.816 0.0 -0.5 0.291 
0.988 -0.152 0.004 -0.026 -0.751 -0.0 -0.63 0.197 -0.7 -0.0 -0.241 -0.672 0.756 -0.0 -0.635 0.156 0.723 0.0 -0.229 -0.652 -0.771 0.0 -0.324 -0.549 -0.805 -0.0 -0.514 0.294 0.76 0.0 -0.342 -0.552 0.816 0.0 -0.5 0.291 
0.988 -0.153 0.004 -0.026 -0.752 -0.0 -0.629 0.197 -0.7 0.0 -0.241 -0.672 0.757 -0.0 -0.635 0.156 0.723 0.0 -0.229 -0.652 -0.771 -0.0 -0.324 -0.548 -0.805 -0.0 -0.514 0.295 0.76 0.0 -0.342 -0.552 0.816 0.0 -0.5 0.291 
0.988 -0.152 0.004 -0.026 -0.752 0.0 -0.629 0.198 -0.7 -0.0 -0.241 -0.672 0.757 0.0 -0.635 0.157 0.723 -0.0 -0.23 -0.652 -0.771 -0.0 -0.324 -0.548 -0.805 0.0 -0.514 0.294 0.76 0.0 -0.342 -0.552 0.816 0.0 -0.5 0.291 
0.988 -0.153 0.004 -0.026 -0.751 -0.0 -0.629 0.198 -0.7 -0.0 -0.242 -0.672 0.757 0.0 -0.635 0.157 0.723 0.0 -0.229 -0.652 -0.771 -0.0 -0.324 -0.549 -0.805 -0.0 -0.514 0.295 0.76 0.0 -0.342 -0.552 0.816 0.0 -0.5 0.291 
0.988 -0.152 0.004 -0.026 -0.752 -0.0 -0.629 0.198 -0.7 -0.0 -0.242 -0.672 0.756 0.0 -0.635 0.157 0.723 -0.0 -0.23 -0.652 -0.771 -0.0 -0.324 -0.549 -0.805 -0.0 -0.514 0.295 0.76 0.0 -0.342 -0.552 0.816 0.0 -0.5 0.291 
0.988 -0.153 0.004 -0.026 -0.751 -0.0 -0.629 0.198 -0.7 -0.0 -0.242 -0.672 0.757 0.0 -0.635 0.156 0.723 0.0 -0.229 -0.652 -0.771 0.0 -0.324 -0.548 -0.805 -0.0 -0.514 0.295 0.76 0.0 -0.342 -0.552 0.816 0.0 -0.5 0.291 
0.988 -0.152 0.004 -0.026 -0.752 -0.0 -0.629 0.198 -0.7 0.0 -0.242 -0.672 0.756 -0.0 -0.635 0.157 0.723 0.0 -0.23 -0.652 -0.771 -0.0 -0.324 -0.549 -0.806 0.0 -0.514 0.295 0.76 0.0 -0.342 -0.552 0.816 0.0 -0.5 0.291 
0.988 -0.153 0.004 -0.027 -0.751 -0.0 -0.629 0.199 -0.7 -0.0 -0.242 -0.672 0.756 0.0 -0.635 0.157 0.723 0.0 -0.229 -0.652 -0.771 0.0 -0.324 -0.549 -0.806 -0.0 -0.514 0.295 0.76 0.0 -0.342 -0.552 0.816 -0.0 -0.5 0.291 
0.988 -0.152 0.004 -0.026 -0.752 -0.0 -0.629 0.199 -0.7 0.0 -0.242 -0.672 0.756 -0.0 -0.635 0.157 0.723 -0.0 -0.229 -0.652 -0.771 -0.0 -0.324 -0.549 -0.805 -0.0 -0.514 0.295 0.76 0.0 -0.342 -0.552 0.816 0.0 -0.5 0.291 
0.988 -0.153 0.004 -0.026 -0.752 -0.0 -0.629 0.199 -0.7 0.0 -0.242 -0.672 0.756 0.0 -0.635 0.157 0.723 0.0 -0.229 -0.652 -0.771 -0.0 -0.324 -0.548 -0.805 -0.0 -0.514 0.295 0.76 -0.0 -0.342 -0.552 0.816 0.0 -0.5 0.291 
0.988 -0.153 0.004 -0.026 -0.752 -0.0 -0.629 0.199 -0.7 -0.0 -0.242 -0.672 0.756 -0.0 -0.635 0.157 0.723 -0.0 -0.229 -0.652 -0.771 -0.0 -0.324 -0.548 -0.806 0.0 -0.514 0.295 0.76 0.0 -0.342 -0.552 0.816 0.0 -0.5 0.291 
0.988 -0.152 0.004 -0.026 -0.752 -0.0 -0.629 0.199 -0.7 0.0 -0.242 -0.672 0.756 0.0 -0.635 0.157 0.723 0.0 -0.23 -0.652 -0.771 -0.0 -0.324 -0.549 -0.805 -0.0 -0.514 0.295 0.76 -0.0 -0.342 -0.552 0.816 0.0 -0.5 0.291 
0.988 -0.153 0.004 -0.026 -0.752 -0.0 -0.629 0.199 -0.7 0.0 -0.242 -0.672 0.756 0.0 -0.635 0.157 0.723 0.0 -0.229 -0.652 -0.771 -0.0 -0.324 -0.548 -0.806 -0.0 -0.514 0.295 0.76 0.0 -0.342 -0.552 0.816 0.0 -0.5 0.291 
0.988 -0.153 0.004 -0.026 -0.752 -0.0 -0.629 0.199 -0.7 -0.0 -0.242 -0.672 0.756 0.0 -0.635 0.157 0.723 -0.0 -0.229 -0.652 -0.771 -0.0 -0.324 -0.548 -0.806 -0.0 -0.514 0.295 0.76 0.0 -0.342 -0.552 0.816 0.0 -0.5 0.291 
0.988 -0.152 0.004 -0.026 -0.752 -0.0 -0.628 0.199 -0.7 -0.0 -0.242 -0.672 0.756 0.0 -0.635 0.157 0.723 0.0 -0.229 -0.652 -0.771 -0.0 -0.324 -0.549 -0.805 -0.0 -0.514 0.294 0.76 0.0 -0.342 -0.552 0.816 -0.0 -0.5 0.291 
0.988 -0.152 0.004 -0.026 -0.752 -0.0 -0.629 0.199 -0.7 0.0 -0.242 -0.672 0.756 0.0 -0.635 0.157 0.723 0.0 -0.229 -0.652 -0.771 -0.0 -0.324 -0.548 -0.806 -0.0 -0.514 0.294 0.76 -0.0 -0.342 -0.552 0.816 0.0 -0.5 0.291 
0.988 -0.153 0.004 -0.026 -0.752 0.0 -0.629 0.199 -0.7 -0.0 -0.243 -0.672 0.756 0.0 -0.635 0.157 0.723 -0.0 -0.229 -0.652 -0.771 0.0 -0.324 -0.549 -0.805 0.0 -0.514 0.295 0.76 0.0 -0.342 -0.552 0.816 0.0 -0.5 0.291 
0.988 -0.153 0.004 -0.026 -0.752 -0.0 -0.629 0.199 -0.7 -0.0 -0.242 -0.672 0.756 0.0 -0.635 0.157 0.723 0.0 -0.229 -0.652 -0.771 0.0 -0.324 -0.549 -0.806 -0.0 -0.514 0.295 0.76 0.0 -0.342 -0.552 0.816 0.0 -0.5 0.291 
0.988 -0.153 0.004 -0.026 -0.752 -0.0 -0.629 0.199 -0.7 -0.0 -0.241 -0.672 0.756 0.0 -0.635 0.157 0.723 0.0 -0.229 -0.652 -0.771 -0.0 -0.324 -0.549 -0.806 -0.0 -0.514 0.295 0.76 0.0 -0.342 -0.552 0.816 0.0 -0.5 0.291 
0.988 -0.153 0.004 -0.026 -0.752 -0.0 -0.629 0.199 -0.7 -0.0 -0.242 -0.672 0.756 0.0 -0.635 0.157 0.723 -0.0 -0.229 -0.652 -0.771 -0.0 -0.324 -0.549 -0.806 -0.0 -0.514 0.294 0.76 0.0 -0.342 -0.552 0.816 0.0 -0.5 0.291 
0.988 -0.153 0.004 -0.026 -0.752 -0.0 -0.629 0.199 -0.7 -0.0 -0.242 -0.672 0.756 0.0 -0.635 0.157 0.723 0.0 -0.228 -0.652 -0.771 -0.0 -0.324 -0.549 -0.805 -0.0 -0.514 0.295 0.76 0.0 -0.342 -0.552 0.816 0.0 -0.5 0.291 
0.988 -0.152 0.004 -0.026 -0.752 -0.0 -0.629 0.199 -0.7 -0.0 -0.242 -0.672 0.756 0.0 -0.635 0.157 0.723 0.0 -0.228 -0.652 -0.771 0.0 -0.324 -0.549 -0.806 -0.0 -0.514 0.294 0.76 -0.0 -0.342 -0.552 0.816 0.0 -0.499 0.291 
0.988 -0.152 0.004 -0.026 -0.752 -0.0 -0.629 0.199 -0.7 -0.0 -0.242 -0.672 0.756 0.0 -0.635 0.157 0.723 0.0 -0.228 -0.652 -0.771 0.0 -0.324 -0.549 -0.805 -0.0 -0.514 0.295 0.76 -0.0 -0.342 -0.552 0.816 0.0 -0.5 0.291 
0.988 -0.152 0.004 -0.026 -0.752 -0.0 -0.628 0.199 -0.7 -0.0 -0.243 -0.672 0.756 0.0 -0.635 0.158 0.723 -0.0 -0.23 -0.651 -0.771 -0.0 -0.324 -0.549 -0.805 -0.0 -0.514 0.295 0.76 0.0 -0.342 -0.552 0.816 0.0 -0.5 0.291 
0.988 -0.152 0.004 -0.026 -0.752 -0.0 -0.629 0.199 -0.7 -0.0 -0.242 -0.672 0.756 -0.0 -0.635 0.158 0.723 0.0 -0.228 -0.653 -0.771 -0.0 -0.324 -0.549 -0.805 -0.0 -0.514 0.294 0.76 0.0 -0.342 -0.552 0.816 0.0 -0.5 0.291 
0.988 -0.152 0.004 -0.026 -0.752 -0.0 -0.629 0.199 -0.7 -0.0 -0.243 -0.672 0.757 0.0 -0.635 0.158 0.723 0.0 -0.229 -0.651 -0.771 -0.0 -0.324 -0.549 -0.805 -0.0 -0.514 0.295 0.76 0.0 -0.342 -0.552 0.816 0.0 -0.5 0.291 
0.988 -0.153 0.004 -0.027 -0.752 -0.0 -0.628 0.199 -0.7 -0.0 -0.243 -0.672 0.756 -0.0 -0.635 0.158 0.723 0.0 -0.227 -0.653 -0.771 -0.0 -0.324 -0.549 -0.805 -0.0 -0.514 0.295 0.76 0.0 -0.342 -0.552 0.816 -0.0 -0.5 0.291 
0.988 -0.152 0.004 -0.026 -0.752 -0.0 -0.628 0.2 -0.7 -0.0 -0.243 -0.672 0.756 0.0 -0.635 0.158 0.722 0.0 -0.228 -0.653 -0.771 0.0 -0.324 -0.549 -0.805 -0.0 -0.514 0.294 0.76 -0.0 -0.342 -0.552 0.816 0.0 -0.499 0.291 
0.988 -0.152 0.004 -0.026 -0.752 -0.0 -0.629 0.199 -0.7 -0.0 -0.242 -0.672 0.756 0.0 -0.635 0.158 0.723 0.0 -0.229 -0.652 -0.771 -0.0 -0.324 -0.549 -0.805 -0.0 -0.514 0.295 0.76 0.0 -0.342 -0.552 0.816 0.0 -0.5 0.291 
0.988 -0.152 0.004 -0.026 -0.752 0.0 -0.629 0.199 -0.7 -0.0 -0.242 -0.672 0.756 0.0 -0.635 0.158 0.722 0.0 -0.227 -0.653 -0.771 -0.0 -0.324 -0.549 -0.806 -0.0 -0.514 0.294 0.76 0.0 -0.342 -0.552 0.816 -0.0 -0.5 0.291 
0.988 -0.152 0.004 -0.026 -0.752 -0.0 -0.629 0.199 -0.7 -0.0 -0.242 -0.672 0.756 0.0 -0.635 0.158 0.722 0.0 -0.227 -0.653 -0.771 -0.0 -0.324 -0.549 -0.805 -0.0 -0.515 0.294 0.76 -0.0 -0.342 -0.552 0.816 0.0 -0.5 0.291 
0.988 -0.153 0.004 -0.026 -0.752 -0.0 -0.628 0.199 -0.7 -0.0 -0.242 -0.672 0.756 0.0 -0.635 0.158 0.722 0.0 -0.227 -0.653 -0.771 0.0 -0.324 -0.549 -0.805 -0.0 -0.514 0.295 0.76 0.0 -0.342 -0.552 0.816 0.0 -0.5 0.291 
0.988 -0.152 0.004 -0.026 -0.752 -0.0 -0.628 0.199 -0.7 -0.0 -0.243 -0.672 0.756 0.0 -0.635 0.158 0.722 0.0 -0.227 -0.653 -0.771 -0.0 -0.324 -0.549 -0.806 -0.0 -0.514 0.294 0.76 -0.0 -0.342 -0.552 0.816 0.0 -0.5 0.291 
0.988 -0.153 0.004 -0.027 -0.752 -0.0 -0.628 0.199 -0.7 0.0 -0.243 -0.672 0.757 -0.0 -0.635 0.158 0.722 0.0 -0.226 -0.653 -0.771 0.0 -0.324 -0.549 -0.805 -0.0 -0.514 0.295 0.76 0.0 -0.342 -0.552 0.816 0.0 -0.5 0.291 
0.988 -0.153 0.004 -0.026 -0.752 -0.0 -0.628 0.2 -0.7 -0.0 -0.243 -0.672 0.757 0.0 -0.635 0.158 0.722 0.0 -0.226 -0.654 -0.771 0.0 -0.324 -0.549 -0.805 -0.0 -0.514 0.295 0.76 0.0 -0.342 -0.552 0.816 0.0 -0.5 0.291 
0.988 -0.153 0.004 -0.026 -0.752 -0.0 -0.628 0.2 -0.699 -0.0 -0.242 -0.673 0.756 0.0 -0.635 0.158 0.722 0.0 -0.226 -0.653 -0.771 0.0 -0.324 -0.549 -0.805 -0.0 -0.514 0.295 0.76 0.0 -0.342 -0.552 0.816 0.0 -0.5 0.291 
0.988 -0.152 0.004 -0.026 -0.752 -0.0 -0.628 0.2 -0.7 -0.0 -0.242 -0.672 0.756 0.0 -0.635 0.159 0.722 0.0 -0.226 -0.654 -0.771 -0.0 -0.324 -0.549 -0.805 0.0 -0.514 0.294 0.76 -0.0 -0.342 -0.552 0.816 -0.0 -0.5 0.291 
0.988 -0.153 0.004 -0.027 -0.752 -0.0 -0.628 0.199 -0.7 -0.0 -0.243 -0.672 0.756 0.0 -0.635 0.159 0.722 0.0 -0.226 -0.654 -0.771 0.0 -0.324 -0.549 -0.805 -0.0 -0.514 0.295 0.76 0.0 -0.342 -0.552 0.816 0.0 -0.5 0.291 
0.988 -0.153 0.004 -0.027 -0.752 -0.0 -0.628 0.2 -0.7 -0.0 -0.242 -0.672 0.756 0.0 -0.635 0.159 0.722 0.0 -0.225 -0.654 -0.771 -0.0 -0.324 -0.549 -0.806 -0.0 -0.514 0.295 0.76 0.0 -0.342 -0.552 0.816 0.0 -0.5 0.291 
0.988 -0.153 0.004 -0.026 -0.752 -0.0 -0.628 0.199 -0.7 -0.0 -0.242 -0.672 0.757 -0.0 -0.634 0.158 0.722 -0.0 -0.225 -0.654 -0.771 -0.0 -0.324 -0.549 -0.805 -0.0 -0.514 0.295 0.76 -0.0 -0.342 -0.552 0.816 0.0 -0.5 0.291 
0.988 -0.153 0.004 -0.026 -0.752 -0.0 -0.628 0.199 -0.7 -0.0 -0.242 -0.672 0.757 -0.0 -0.634 0.158 0.722 0.0 -0.225 -0.654 -0.771 -0.0 -0.324 -0.549 -0.805 -0.0 -0.514 0.295 0.76 -0.0 -0.342 -0.552 0.816 0.0 -0.5 0.291 
0.988 -0.153 0.004 -0.026 -0.752 -0.0 -0.628 0.199 -0.7 0.0 -0.242 -0.672 0.757 0.0 -0.634 0.158 0.722 0.0 -0.225 -0.654 -0.771 0.0 -0.324 -0.549 -0.805 -0.0 -0.514 0.295 0.76 0.0 -0.342 -0.552 0.816 0.0 -0.5 0.291 
0.988 -0.153 0.004 -0.026 -0.752 -0.0 -0.628 0.199 -0.7 -0.0 -0.242 -0.672 0.756 0.0 -0.635 0.159 0.722 0.0 -0.225 -0.655 -0.771 -0.0 -0.324 -0.549 -0.805 -0.0 -0.514 0.295 0.76 0.0 -0.342 -0.552 0.816 0.0 -0.5 0.291 
0.988 -0.153 0.004 -0.026 -0.752 -0.0 -0.628 0.199 -0.7 -0.0 -0.242 -0.672 0.757 0.0 -0.634 0.158 0.722 0.0 -0.225 -0.655 -0.771 -0.0 -0.324 -0.549 -0.805 0.0 -0.514 0.295 0.76 -0.0 -0.342 -0.552 0.816 0.0 -0.5 0.291 
0.988 -0.153 0.004 -0.027 -0.752 0.0 -0.628 0.199 -0.7 -0.0 -0.242 -0.672 0.756 0.0 -0.635 0.159 0.722 0.0 -0.225 -0.655 -0.771 -0.0 -0.324 -0.549 -0.805 -0.0 -0.514 0.295 0.76 -0.0 -0.342 -0.552 0.816 0.0 -0.5 0.291 
0.988 -0.153 0.004 -0.026 -0.752 -0.0 -0.628 0.199 -0.7 -0.0 -0.242 -0.672 0.757 0.0 -0.634 0.158 0.722 0.0 -0.224 -0.655 -0.771 -0.0 -0.324 -0.549 -0.805 0.0 -0.514 0.295 0.76 0.0 -0.342 -0.552 0.816 0.0 -0.5 0.291 
0.988 -0.153 0.004 -0.026 -0.752 -0.0 -0.628 0.199 -0.7 -0.0 -0.241 -0.673 0.757 0.0 -0.634 0.158 0.722 0.0 -0.224 -0.655 -0.771 -0.0 -0.324 -0.549 -0.805 -0.0 -0.514 0.295 0.76 0.0 -0.342 -0.552 0.816 -0.0 -0.5 0.291 
0.988 -0.153 0.004 -0.027 -0.752 -0.0 -0.628 0.199 -0.7 -0.0 -0.242 -0.672 0.757 -0.0 -0.634 0.158 0.722 0.0 -0.224 -0.655 -0.771 -0.0 -0.324 -0.549 -0.805 -0.0 -0.514 0.295 0.76 0.0 -0.343 -0.552 0.816 0.0 -0.5 0.291 
0.988 -0.153 0.004 -0.026 -0.752 -0.0 -0.628 0.2 -0.699 0.0 -0.242 -0.673 0.757 0.0 -0.634 0.158 0.722 -0.0 -0.224 -0.655 -0.771 -0.0 -0.324 -0.549 -0.805 -0.0 -0.514 0.295 0.76 0.0 -0.343 -0.552 0.816 0.0 -0.5 0.292 
0.988 -0.153 0.004 -0.026 -0.752 -0.0 -0.628 0.199 -0.7 -0.0 -0.242 -0.673 0.756 0.0 -0.635 0.158 0.722 0.0 -0.224 -0.655 -0.771 0.0 -0.324 -0.549 -0.805 0.0 -0.514 0.295 0.76 0.0 -0.342 -0.552 0.816 0.0 -0.5 0.291 
0.988 -0.153 0.004 -0.026 -0.752 -0.0 -0.628 0.2 -0.7 0.0 -0.242 -0.673 0.757 0.0 -0.634 0.158 0.722 0.0 -0.224 -0.655 -0.771 -0.0 -0.324 -0.549 -0.805 -0.0 -0.514 0.295 0.76 0.0 -0.343 -0.552 0.816 0.0 -0.5 0.292 
0.988 -0.153 0.004 -0.026 -0.752 -0.0 -0.628 0.2 -0.699 -0.0 -0.241 -0.673 0.757 0.0 -0.634 0.158 0.722 0.0 -0.224 -0.655 -0.771 -0.0 -0.324 -0.548 -0.805 -0.0 -0.514 0.295 0.76 0.0 -0.343 -0.552 0.816 0.0 -0.5 0.291 
0.988 -0.153 0.004 -0.026 -0.752 -0.0 -0.629 0.2 -0.699 -0.0 -0.241 -0.673 0.757 -0.0 -0.634 0.158 0.722 0.0 -0.224 -0.655 -0.771 -0.0 -0.324 -0.548 -0.805 -0.0 -0.514 0.295 0.76 0.0 -0.343 -0.552 0.816 0.0 -0.5 0.292 
0.988 -0.153 0.004 -0.026 -0.752 -0.0 -0.628 0.2 -0.699 0.0 -0.241 -0.673 0.757 0.0 -0.634 0.158 0.722 0.0 -0.224 -0.655 -0.771 0.0 -0.325 -0.548 -0.805 -0.0 -0.514 0.295 0.76 0.0 -0.343 -0.552 0.816 0.0 -0.5 0.292 
0.988 -0.153 0.004 -0.026 -0.752 -0.0 -0.628 0.2 -0.699 -0.0 -0.242 -0.673 0.757 -0.0 -0.634 0.158 0.722 0.0 -0.224 -0.655 -0.771 -0.0 -0.324 -0.548 -0.805 0.0 -0.514 0.295 0.76 0.0 -0.343 -0.552 0.816 -0.0 -0.5 0.292 
0.988 -0.153 0.004 -0.027 -0.752 -0.0 -0.628 0.2 -0.699 -0.0 -0.242 -0.673 0.757 0.0 -0.635 0.158 0.722 0.0 -0.223 -0.655 -0.771 -0.0 -0.325 -0.548 -0.805 0.0 -0.514 0.295 0.76 -0.0 -0.343 -0.552 0.816 0.0 -0.499 0.292 
