# T   LUA LFA RUA RFA LT  LS  RT  RS  
0.998 -0.06 -0.011 -0.008 -0.78 0.0 -0.456 -0.428 -0.884 -0.0 0.187 -0.428 0.838 -0.0 -0.314 -0.446 0.825 0.0 0.232 -0.515 -0.692 -0.0 -0.177 -0.7 -0.911 -0.0 -0.407 0.069 0.717 -0.0 -0.189 -0.672 0.922 0.0 -0.367 0.127 
0.998 -0.06 -0.011 -0.008 -0.78 -0.0 -0.457 -0.428 -0.885 -0.0 0.186 -0.427 0.838 0.0 -0.313 -0.447 0.825 0.0 0.231 -0.516 -0.692 0.0 -0.177 -0.7 -0.911 -0.0 -0.407 0.069 0.717 0.0 -0.189 -0.672 0.922 0.0 -0.367 0.127 
0.998 -0.06 -0.011 -0.008 -0.78 -0.0 -0.457 -0.427 -0.885 -0.0 0.186 -0.428 0.838 0.0 -0.313 -0.448 0.825 0.0 0.232 -0.516 -0.692 0.0 -0.178 -0.7 -0.911 -0.0 -0.407 0.069 0.716 0.0 -0.189 -0.672 0.922 0.0 -0.367 0.128 
0.998 -0.06 -0.011 -0.008 -0.78 -0.0 -0.457 -0.427 -0.885 -0.0 0.186 -0.428 0.837 -0.0 -0.312 -0.449 0.824 -0.0 0.232 -0.517 -0.692 0.0 -0.178 -0.7 -0.911 -0.0 -0.407 0.069 0.716 0.0 -0.189 -0.672 0.922 -0.0 -0.367 0.128 
0.998 -0.06 -0.011 -0.008 -0.78 -0.0 -0.457 -0.427 -0.884 0.0 0.186 -0.428 0.837 0.0 -0.312 -0.449 0.824 0.0 0.232 -0.516 -0.692 -0.0 -0.178 -0.7 -0.911 -0.0 -0.407 0.069 0.716 -0.0 -0.189 -0.672 0.922 0.0 -0.367 0.128 
0.998 -0.06 -0.011 -0.008 -0.78 -0.0 -0.457 -0.427 -0.884 -0.0 0.186 -0.428 0.837 0.0 -0.311 -0.45 0.824 0.0 0.232 -0.516 -0.692 -0.0 -0.178 -0.7 -0.911 -0.0 -0.407 0.069 0.716 -0.0 -0.189 -0.672 0.922 0.0 -0.367 0.128 
0.998 -0.06 -0.011 -0.008 -0.78 0.0 -0.457 -0.427 -0.884 -0.0 0.186 -0.428 0.837 0.0 -0.311 -0.45 0.824 -0.0 0.232 -0.517 -0.692 0.0 -0.178 -0.7 -0.911 0.0 -0.407 0.069 0.716 0.0 -0.189 -0.672 0.922 0.0 -0.367 0.128 
0.998 -0.06 -0.011 -0.008 -0.78 -0.0 -0.457 -0.428 -0.884 -0.0 0.186 -0.429 0.837 -0.0 -0.311 -0.45 0.824 0.0 0.232 -0.517 -0.692 -0.0 -0.178 -0.699 -0.911 0.0 -0.407 0.069 0.716 -0.0 -0.189 -0.672 0.922 -0.0 -0.367 0.128 
0.998 -0.06 -0.011 -0.008 -0.78 -0.0 -0.457 -0.428 -0.884 -0.0 0.187 -0.429 0.837 0.0 -0.311 -0.451 0.824 0.0 0.232 -0.516 -0.692 -0.0 -0.178 -0.699 -0.911 -0.0 -0.407 0.069 0.716 0.0 -0.189 -0.672 0.922 0.0 -0.366 0.128 
0.998 -0.06 -0.011 -0.008 -0.78 -0.0 -0.457 -0.428 -0.883 0.0 0.187 -0.43 0.837 0.0 -0.311 -0.45 0.824 -0.0 0.232 -0.516 -0.692 -0.0 -0.178 -0.699 -0.911 0.0 -0.407 0.069 0.716 0.0 -0.189 -0.672 0.922 0.0 -0.366 0.128 
0.998 -0.06 -0.011 -0.008 -0.78 0.0 -0.456 -0.428 -0.883 -0.0 0.188 -0.43 0.837 0.0 -0.311 -0.45 0.825 0.0 0.232 -0.516 -0.692 0.0 -0.178 -0.699 -0.911 -0.0 -0.407 0.069 0.716 -0.0 -0.189 -0.672 0.922 0.0 -0.367 0.128 
0.998 -0.06 -0.011 -0.008 -0.78 0.0 -0.456 -0.429 -0.883 -0.0 0.188 -0.431 0.837 0.0 -0.312 -0.45 0.825 0.0 0.232 -0.515 -0.692 -0.0 -0.178 -0.699 -0.911 0.0 -0.407 0.069 0.716 0.0 -0.189 -0.672 0.922 -0.0 -0.366 0.128 
0.998 -0.06 -0.011 -0.008 -0.78 -0.0 -0.455 -0.429 -0.882 -0.0 0.188 -0.432 0.836 0.0 -0.312 -0.45 0.826 0.0 0.231 -0.515 -0.692 0.0 -0.178 -0.699 -0.911 -0.0 -0.407 0.069 0.716 0.0 -0.189 -0.672 0.922 0.0 -0.366 0.128 
0.998 -0.06 -0.011 -0.008 -0.78 -0.0 -0.454 -0.43 -0.882 -0.0 0.189 -0.433 0.836 0.0 -0.313 -0.45 0.826 0.0 0.231 -0.514 -0.692 -0.0 -0.178 -0.699 -0.911 -0.0 -0.407 0.069 0.716 0.0 -0.189 -0.672 0.922 0.0 -0.366 0.128 
0.998 -0.06 -0.011 -0.008 -0.78 -0.0 -0.454 -0.43 -0.881 -0.0 0.19 -0.433 0.836 0.0 -0.313 -0.45 0.827 -0.0 0.231 -0.513 -0.692 -0.0 -0.178 -0.699 -0.911 -0.0 -0.407 0.069 0.716 -0.0 -0.189 -0.672 0.922 0.0 -0.367 0.128 
0.998 -0.06 -0.011 -0.008 -0.781 -0.0 -0.453 -0.431 -0.881 0.0 0.19 -0.434 0.836 0.0 -0.314 -0.45 0.828 0.0 0.231 -0.512 -0.692 -0.0 -0.178 -0.699 -0.911 -0.0 -0.407 0.069 0.716 0.0 -0.189 -0.672 0.922 0.0 -0.367 0.128 
0.998 -0.06 -0.011 -0.008 -0.781 0.0 -0.452 -0.431 -0.88 -0.0 0.191 -0.434 0.836 0.0 -0.315 -0.449 0.828 -0.0 0.231 -0.511 -0.692 -0.0 -0.178 -0.699 -0.911 -0.0 -0.407 0.069 0.716 -0.0 -0.189 -0.672 0.922 0.0 -0.366 0.128 
0.998 -0.06 -0.011 -0.008 -0.781 -0.0 -0.451 -0.432 -0.88 -0.0 0.192 -0.435 0.837 0.0 -0.316 -0.448 0.828 0.0 0.229 -0.512 -0.692 0.0 -0.178 -0.699 -0.911 0.0 -0.407 0.069 0.716 0.0 -0.189 -0.672 0.922 0.0 -0.367 0.128 
0.998 -0.06 -0.011 -0.008 -0.781 0.0 -0.45 -0.432 -0.879 0.0 0.192 -0.436 0.836 0.0 -0.317 -0.448 0.83 0.0 0.23 -0.509 -0.692 -0.0 -0.178 -0.699 -0.911 -0.0 -0.407 0.069 0.716 0.0 -0.189 -0.672 0.922 0.0 -0.366 0.128 
0.998 -0.061 -0.011 -0.008 -0.781 -0.0 -0.449 -0.433 -0.879 -0.0 0.193 -0.437 0.836 0.0 -0.318 -0.447 0.831 0.0 0.23 -0.507 -0.692 0.0 -0.178 -0.699 -0.911 -0.0 -0.407 0.069 0.716 0.0 -0.189 -0.672 0.922 0.0 -0.366 0.128 
0.998 -0.061 -0.011 -0.008 -0.782 -0.0 -0.448 -0.434 -0.878 -0.0 0.193 -0.437 0.836 0.0 -0.32 -0.446 0.831 0.0 0.229 -0.507 -0.692 0.0 -0.178 -0.699 -0.911 -0.0 -0.407 0.069 0.716 0.0 -0.189 -0.672 0.922 0.0 -0.366 0.128 
0.998 -0.061 -0.011 -0.008 -0.782 -0.0 -0.447 -0.434 -0.878 -0.0 0.194 -0.438 0.836 0.0 -0.321 -0.446 0.832 0.0 0.229 -0.505 -0.692 -0.0 -0.178 -0.699 -0.911 -0.0 -0.407 0.07 0.716 0.0 -0.189 -0.671 0.922 0.0 -0.366 0.128 
0.998 -0.061 -0.011 -0.008 -0.782 -0.0 -0.445 -0.435 -0.877 -0.0 0.194 -0.439 0.836 0.0 -0.323 -0.445 0.833 0.0 0.229 -0.504 -0.692 -0.0 -0.178 -0.699 -0.911 -0.0 -0.407 0.069 0.716 0.0 -0.19 -0.671 0.922 0.0 -0.366 0.128 
0.998 -0.061 -0.011 -0.008 -0.783 0.0 -0.444 -0.436 -0.877 -0.0 0.195 -0.44 0.835 0.0 -0.324 -0.444 0.834 0.0 0.229 -0.502 -0.692 -0.0 -0.178 -0.7 -0.911 -0.0 -0.407 0.07 0.717 0.0 -0.19 -0.671 0.922 0.0 -0.366 0.128 
0.998 -0.061 -0.011 -0.008 -0.783 -0.0 -0.442 -0.437 -0.876 0.0 0.196 -0.441 0.835 0.0 -0.326 -0.443 0.835 0.0 0.227 -0.502 -0.692 -0.0 -0.178 -0.7 -0.911 -0.0 -0.407 0.07 0.716 0.0 -0.19 -0.671 0.922 0.0 -0.366 0.128 
0.998 -0.061 -0.011 -0.008 -0.784 -0.0 -0.441 -0.438 -0.876 -0.0 0.196 -0.441 0.835 0.0 -0.328 -0.442 0.836 0.0 0.226 -0.5 -0.692 -0.0 -0.178 -0.7 -0.911 -0.0 -0.407 0.07 0.716 0.0 -0.19 -0.671 0.922 -0.0 -0.366 0.128 
0.998 -0.061 -0.011 -0.008 -0.784 -0.0 -0.439 -0.439 -0.875 0.0 0.197 -0.442 0.835 0.0 -0.33 -0.441 0.837 0.0 0.226 -0.498 -0.692 -0.0 -0.178 -0.7 -0.911 -0.0 -0.407 0.07 0.717 0.0 -0.19 -0.671 0.922 0.0 -0.366 0.128 
0.998 -0.061 -0.011 -0.008 -0.784 -0.0 -0.438 -0.44 -0.874 -0.0 0.198 -0.443 0.834 0.0 -0.332 -0.44 0.838 0.0 0.225 -0.497 -0.692 0.0 -0.178 -0.7 -0.911 -0.0 -0.407 0.07 0.717 0.0 -0.19 -0.671 0.922 0.0 -0.366 0.128 
0.998 -0.061 -0.011 -0.008 -0.785 -0.0 -0.436 -0.44 -0.874 -0.0 0.199 -0.444 0.834 0.0 -0.335 -0.438 0.839 0.0 0.225 -0.495 -0.692 -0.0 -0.179 -0.7 -0.911 -0.0 -0.407 0.07 0.717 0.0 -0.19 -0.671 0.922 0.0 -0.366 0.128 
0.998 -0.061 -0.011 -0.008 -0.785 -0.0 -0.434 -0.441 -0.873 0.0 0.2 -0.445 0.833 0.0 -0.339 -0.438 0.841 0.0 0.227 -0.491 -0.692 -0.0 -0.179 -0.7 -0.911 -0.0 -0.407 0.07 0.717 0.0 -0.191 -0.671 0.922 0.0 -0.366 0.128 
0.998 -0.061 -0.011 -0.008 -0.786 -0.0 -0.432 -0.442 -0.872 -0.0 0.201 -0.446 0.832 0.0 -0.341 -0.437 0.843 0.0 0.227 -0.488 -0.692 -0.0 -0.179 -0.699 -0.911 -0.0 -0.407 0.07 0.717 0.0 -0.191 -0.671 0.922 0.0 -0.366 0.129 
0.998 -0.061 -0.011 -0.008 -0.786 -0.0 -0.43 -0.443 -0.871 -0.0 0.202 -0.447 0.832 0.0 -0.344 -0.435 0.844 0.0 0.227 -0.487 -0.692 0.0 -0.178 -0.699 -0.911 -0.0 -0.407 0.07 0.716 0.0 -0.191 -0.671 0.922 0.0 -0.366 0.129 
0.998 -0.061 -0.011 -0.008 -0.787 0.0 -0.428 -0.444 -0.871 -0.0 0.204 -0.448 0.832 0.0 -0.346 -0.434 0.845 0.0 0.226 -0.485 -0.692 -0.0 -0.178 -0.699 -0.911 -0.0 -0.407 0.07 0.717 0.0 -0.191 -0.671 0.922 -0.0 -0.366 0.128 
0.998 -0.061 -0.011 -0.008 -0.787 -0.0 -0.426 -0.446 -0.87 -0.0 0.205 -0.449 0.831 0.0 -0.349 -0.432 0.846 0.0 0.226 -0.483 -0.692 -0.0 -0.178 -0.7 -0.91 -0.0 -0.408 0.07 0.717 0.0 -0.191 -0.671 0.922 0.0 -0.366 0.128 
0.998 -0.062 -0.011 -0.008 -0.788 -0.0 -0.425 -0.447 -0.869 -0.0 0.206 -0.45 0.831 0.0 -0.352 -0.431 0.847 0.0 0.225 -0.481 -0.692 -0.0 -0.179 -0.699 -0.91 -0.0 -0.408 0.07 0.717 0.0 -0.191 -0.671 0.922 0.0 -0.366 0.129 
0.998 -0.062 -0.011 -0.008 -0.788 -0.0 -0.423 -0.447 -0.868 0.0 0.208 -0.451 0.831 0.0 -0.354 -0.429 0.847 0.0 0.224 -0.482 -0.692 0.0 -0.179 -0.699 -0.91 -0.0 -0.408 0.07 0.716 0.0 -0.191 -0.671 0.922 0.0 -0.366 0.129 
0.998 -0.062 -0.011 -0.008 -0.788 -0.0 -0.421 -0.449 -0.867 -0.0 0.209 -0.452 0.831 0.0 -0.357 -0.428 0.849 0.0 0.224 -0.479 -0.692 0.0 -0.178 -0.699 -0.91 -0.0 -0.408 0.07 0.717 -0.0 -0.191 -0.671 0.922 0.0 -0.366 0.129 
0.998 -0.062 -0.011 -0.008 -0.789 -0.0 -0.419 -0.45 -0.866 -0.0 0.211 -0.453 0.83 0.0 -0.359 -0.427 0.85 0.0 0.223 -0.477 -0.692 0.0 -0.178 -0.699 -0.91 -0.0 -0.408 0.07 0.716 0.0 -0.191 -0.671 0.922 0.0 -0.366 0.129 
0.998 -0.062 -0.011 -0.008 -0.789 -0.0 -0.417 -0.451 -0.865 -0.0 0.213 -0.454 0.83 0.0 -0.362 -0.425 0.851 0.0 0.223 -0.475 -0.692 0.0 -0.178 -0.699 -0.91 -0.0 -0.408 0.07 0.716 0.0 -0.191 -0.671 0.922 -0.0 -0.366 0.129 
0.998 -0.062 -0.011 -0.008 -0.79 -0.0 -0.415 -0.452 -0.864 -0.0 0.215 -0.455 0.829 0.0 -0.365 -0.424 0.852 0.0 0.222 -0.474 -0.692 -0.0 -0.178 -0.699 -0.91 -0.0 -0.408 0.07 0.716 0.0 -0.191 -0.671 0.922 0.0 -0.366 0.129 
0.998 -0.062 -0.012 -0.008 -0.79 -0.0 -0.413 -0.453 -0.864 -0.0 0.217 -0.455 0.829 0.0 -0.367 -0.422 0.853 0.0 0.221 -0.472 -0.692 0.0 -0.178 -0.699 -0.91 0.0 -0.408 0.07 0.716 0.0 -0.191 -0.671 0.921 0.0 -0.367 0.131 
0.998 -0.062 -0.012 -0.008 -0.79 -0.0 -0.411 -0.454 -0.863 -0.0 0.219 -0.456 0.829 0.0 -0.37 -0.42 0.854 -0.0 0.22 -0.471 -0.692 -0.0 -0.178 -0.699 -0.91 -0.0 -0.409 0.07 0.717 0.0 -0.19 -0.671 0.921 0.0 -0.367 0.128 
0.998 -0.062 -0.012 -0.008 -0.791 -0.0 -0.409 -0.455 -0.862 0.0 0.221 -0.457 0.828 0.0 -0.372 -0.419 0.855 0.0 0.22 -0.469 -0.692 0.0 -0.178 -0.699 -0.91 -0.0 -0.409 0.07 0.716 0.0 -0.191 -0.671 0.922 0.0 -0.366 0.129 
0.998 -0.062 -0.012 -0.008 -0.791 -0.0 -0.408 -0.456 -0.86 -0.0 0.225 -0.458 0.828 0.0 -0.375 -0.417 0.856 0.0 0.219 -0.468 -0.692 -0.0 -0.178 -0.699 -0.91 -0.0 -0.409 0.07 0.716 0.0 -0.191 -0.671 0.921 -0.0 -0.366 0.13 
0.998 -0.062 -0.012 -0.008 -0.791 0.0 -0.406 -0.458 -0.859 0.0 0.228 -0.458 0.827 0.0 -0.377 -0.416 0.857 0.0 0.218 -0.466 -0.692 -0.0 -0.178 -0.699 -0.91 -0.0 -0.409 0.069 0.716 0.0 -0.191 -0.671 0.922 0.0 -0.366 0.129 
0.998 -0.062 -0.012 -0.008 -0.791 -0.0 -0.404 -0.459 -0.859 -0.0 0.231 -0.457 0.827 -0.0 -0.38 -0.414 0.858 0.0 0.217 -0.465 -0.692 -0.0 -0.178 -0.699 -0.91 0.0 -0.409 0.07 0.716 0.0 -0.191 -0.671 0.922 0.0 -0.366 0.129 
0.998 -0.062 -0.012 -0.008 -0.792 0.0 -0.402 -0.46 -0.858 -0.0 0.233 -0.459 0.827 -0.0 -0.382 -0.413 0.86 0.0 0.216 -0.463 -0.693 0.0 -0.178 -0.699 -0.91 -0.0 -0.409 0.07 0.716 0.0 -0.191 -0.671 0.922 0.0 -0.366 0.129 
0.998 -0.062 -0.012 -0.008 -0.792 -0.0 -0.4 -0.461 -0.856 -0.0 0.235 -0.46 0.827 0.0 -0.384 -0.411 0.86 0.0 0.214 -0.463 -0.692 -0.0 -0.178 -0.699 -0.91 -0.0 -0.409 0.069 0.716 0.0 -0.191 -0.671 0.922 0.0 -0.366 0.129 
0.998 -0.062 -0.012 -0.008 -0.792 -0.0 -0.399 -0.463 -0.856 -0.0 0.239 -0.459 0.826 0.0 -0.387 -0.409 0.861 0.0 0.214 -0.46 -0.692 -0.0 -0.178 -0.699 -0.91 -0.0 -0.409 0.069 0.716 -0.0 -0.191 -0.671 0.922 0.0 -0.366 0.129 
0.998 -0.062 -0.012 -0.008 -0.792 -0.0 -0.397 -0.464 -0.855 -0.0 0.24 -0.461 0.825 0.0 -0.389 -0.409 0.863 0.0 0.213 -0.458 -0.693 -0.0 -0.178 -0.699 -0.91 -0.0 -0.41 0.069 0.716 0.0 -0.191 -0.671 0.922 0.0 -0.366 0.13 
0.998 -0.062 -0.012 -0.008 -0.792 0.0 -0.395 -0.465 -0.854 0.0 0.242 -0.461 0.826 -0.0 -0.391 -0.406 0.864 0.0 0.212 -0.457 -0.693 -0.0 -0.178 -0.699 -0.909 -0.0 -0.41 0.069 0.716 0.0 -0.191 -0.671 0.922 0.0 -0.366 0.13 
0.998 -0.062 -0.012 -0.007 -0.793 -0.0 -0.393 -0.466 -0.853 -0.0 0.244 -0.461 0.825 -0.0 -0.393 -0.406 0.865 0.0 0.212 -0.454 -0.693 -0.0 -0.178 -0.699 -0.909 0.0 -0.41 0.068 0.716 0.0 -0.191 -0.671 0.922 -0.0 -0.366 0.129 
0.998 -0.062 -0.013 -0.008 -0.793 -0.0 -0.391 -0.467 -0.853 -0.0 0.247 -0.46 0.824 0.0 -0.395 -0.405 0.867 0.0 0.21 -0.452 -0.693 -0.0 -0.178 -0.699 -0.909 -0.0 -0.41 0.068 0.716 0.0 -0.191 -0.671 0.922 0.0 -0.366 0.13 
0.998 -0.062 -0.013 -0.008 -0.793 -0.0 -0.39 -0.468 -0.851 -0.0 0.249 -0.462 0.824 0.0 -0.397 -0.403 0.868 0.0 0.209 -0.451 -0.693 0.0 -0.178 -0.699 -0.909 -0.0 -0.41 0.068 0.716 0.0 -0.191 -0.671 0.922 0.0 -0.366 0.13 
0.998 -0.062 -0.013 -0.007 -0.793 -0.0 -0.388 -0.469 -0.851 -0.0 0.252 -0.462 0.824 0.0 -0.399 -0.402 0.869 0.0 0.208 -0.449 -0.693 -0.0 -0.177 -0.699 -0.909 -0.0 -0.411 0.068 0.716 -0.0 -0.191 -0.671 0.921 0.0 -0.367 0.131 
0.998 -0.062 -0.013 -0.008 -0.793 -0.0 -0.386 -0.47 -0.85 0.0 0.254 -0.462 0.824 0.0 -0.401 -0.401 0.87 0.0 0.208 -0.447 -0.693 -0.0 -0.177 -0.699 -0.909 -0.0 -0.411 0.068 0.716 0.0 -0.191 -0.671 0.922 0.0 -0.366 0.13 
0.998 -0.062 -0.013 -0.007 -0.794 -0.0 -0.384 -0.471 -0.848 -0.0 0.255 -0.465 0.823 0.0 -0.403 -0.4 0.871 -0.0 0.207 -0.445 -0.693 -0.0 -0.177 -0.699 -0.909 -0.0 -0.411 0.067 0.716 0.0 -0.191 -0.671 0.922 0.0 -0.366 0.129 
0.998 -0.062 -0.013 -0.007 -0.794 -0.0 -0.383 -0.472 -0.847 -0.0 0.257 -0.466 0.823 0.0 -0.405 -0.399 0.873 0.0 0.206 -0.442 -0.693 0.0 -0.177 -0.699 -0.909 -0.0 -0.411 0.067 0.716 -0.0 -0.191 -0.671 0.921 0.0 -0.366 0.13 
0.998 -0.062 -0.013 -0.007 -0.795 -0.0 -0.381 -0.473 -0.847 -0.0 0.259 -0.465 0.822 0.0 -0.407 -0.398 0.874 0.0 0.205 -0.44 -0.693 -0.0 -0.177 -0.699 -0.909 -0.0 -0.411 0.067 0.716 -0.0 -0.191 -0.671 0.922 0.0 -0.366 0.13 
0.998 -0.062 -0.013 -0.007 -0.795 -0.0 -0.379 -0.474 -0.846 0.0 0.261 -0.465 0.822 0.0 -0.409 -0.397 0.875 0.0 0.205 -0.438 -0.693 0.0 -0.177 -0.699 -0.909 -0.0 -0.411 0.067 0.716 0.0 -0.191 -0.671 0.922 0.0 -0.366 0.13 
0.998 -0.062 -0.013 -0.007 -0.795 0.0 -0.378 -0.475 -0.845 -0.0 0.263 -0.465 0.822 0.0 -0.41 -0.396 0.876 0.0 0.204 -0.436 -0.693 -0.0 -0.177 -0.699 -0.909 -0.0 -0.411 0.067 0.716 0.0 -0.191 -0.671 0.922 0.0 -0.366 0.13 
0.998 -0.062 -0.013 -0.007 -0.795 0.0 -0.376 -0.475 -0.844 0.0 0.264 -0.466 0.822 0.0 -0.412 -0.393 0.876 0.0 0.202 -0.437 -0.693 -0.0 -0.177 -0.699 -0.909 -0.0 -0.411 0.067 0.716 0.0 -0.191 -0.671 0.922 0.0 -0.366 0.13 
0.998 -0.062 -0.013 -0.008 -0.796 -0.0 -0.374 -0.476 -0.844 -0.0 0.265 -0.467 0.821 0.0 -0.414 -0.393 0.878 0.0 0.203 -0.434 -0.693 -0.0 -0.177 -0.699 -0.909 0.0 -0.411 0.067 0.717 -0.0 -0.191 -0.671 0.922 0.0 -0.366 0.13 
0.998 -0.062 -0.013 -0.007 -0.796 -0.0 -0.373 -0.477 -0.843 -0.0 0.266 -0.468 0.821 0.0 -0.415 -0.392 0.879 0.0 0.202 -0.432 -0.693 -0.0 -0.177 -0.699 -0.909 -0.0 -0.411 0.067 0.716 -0.0 -0.191 -0.671 0.921 0.0 -0.366 0.131 
0.998 -0.062 -0.013 -0.007 -0.796 -0.0 -0.371 -0.477 -0.842 -0.0 0.268 -0.468 0.821 0.0 -0.417 -0.391 0.88 0.0 0.202 -0.431 -0.693 -0.0 -0.177 -0.699 -0.909 -0.0 -0.411 0.067 0.716 0.0 -0.191 -0.671 0.922 -0.0 -0.366 0.13 
0.998 -0.062 -0.013 -0.007 -0.797 -0.0 -0.37 -0.478 -0.841 -0.0 0.269 -0.469 0.82 0.0 -0.419 -0.389 0.881 0.0 0.201 -0.429 -0.693 -0.0 -0.178 -0.699 -0.909 -0.0 -0.411 0.067 0.716 -0.0 -0.191 -0.671 0.922 0.0 -0.366 0.13 
0.998 -0.062 -0.013 -0.007 -0.797 -0.0 -0.369 -0.478 -0.84 -0.0 0.27 -0.47 0.82 0.0 -0.42 -0.389 0.881 0.0 0.202 -0.427 -0.693 -0.0 -0.177 -0.699 -0.909 -0.0 -0.411 0.067 0.716 -0.0 -0.191 -0.671 0.922 0.0 -0.366 0.13 
0.998 -0.062 -0.013 -0.007 -0.797 -0.0 -0.368 -0.479 -0.84 -0.0 0.27 -0.471 0.82 0.0 -0.422 -0.388 0.882 -0.0 0.202 -0.426 -0.693 -0.0 -0.178 -0.699 -0.909 -0.0 -0.411 0.067 0.716 0.0 -0.191 -0.671 0.922 0.0 -0.366 0.13 
0.998 -0.062 -0.013 -0.007 -0.798 -0.0 -0.366 -0.479 -0.839 -0.0 0.271 -0.472 0.82 -0.0 -0.423 -0.386 0.883 0.0 0.201 -0.425 -0.693 0.0 -0.177 -0.699 -0.909 -0.0 -0.411 0.067 0.716 0.0 -0.191 -0.671 0.922 0.0 -0.366 0.13 
0.998 -0.062 -0.013 -0.007 -0.798 0.0 -0.365 -0.479 -0.838 -0.0 0.272 -0.473 0.82 0.0 -0.424 -0.385 0.883 0.0 0.2 -0.424 -0.693 -0.0 -0.178 -0.699 -0.909 -0.0 -0.411 0.067 0.716 -0.0 -0.191 -0.671 0.922 0.0 -0.366 0.13 
0.998 -0.062 -0.013 -0.007 -0.799 0.0 -0.364 -0.479 -0.837 -0.0 0.273 -0.474 0.819 -0.0 -0.425 -0.384 0.884 0.0 0.2 -0.423 -0.693 0.0 -0.178 -0.699 -0.909 -0.0 -0.411 0.067 0.716 0.0 -0.191 -0.671 0.922 0.0 -0.366 0.13 
0.998 -0.062 -0.013 -0.007 -0.799 -0.0 -0.364 -0.479 -0.836 0.0 0.273 -0.477 0.819 0.0 -0.426 -0.383 0.884 0.0 0.199 -0.423 -0.693 -0.0 -0.178 -0.699 -0.909 -0.0 -0.411 0.067 0.716 0.0 -0.191 -0.671 0.922 0.0 -0.365 0.13 
0.998 -0.062 -0.013 -0.007 -0.799 -0.0 -0.363 -0.479 -0.835 -0.0 0.274 -0.477 0.819 0.0 -0.427 -0.382 0.885 0.0 0.199 -0.422 -0.693 0.0 -0.178 -0.699 -0.909 -0.0 -0.411 0.067 0.716 0.0 -0.191 -0.671 0.922 0.0 -0.366 0.13 
0.998 -0.062 -0.013 -0.007 -0.799 -0.0 -0.362 -0.479 -0.835 -0.0 0.274 -0.477 0.819 0.0 -0.428 -0.381 0.885 0.0 0.198 -0.421 -0.693 -0.0 -0.178 -0.699 -0.909 -0.0 -0.411 0.067 0.716 0.0 -0.191 -0.671 0.922 -0.0 -0.365 0.13 
0.998 -0.062 -0.013 -0.007 -0.8 -0.0 -0.361 -0.479 -0.834 -0.0 0.275 -0.478 0.819 0.0 -0.429 -0.381 0.885 0.0 0.198 -0.421 -0.693 -0.0 -0.178 -0.699 -0.909 -0.0 -0.411 0.067 0.716 0.0 -0.191 -0.671 0.922 0.0 -0.365 0.131 
0.998 -0.062 -0.013 -0.007 -0.8 -0.0 -0.361 -0.479 -0.834 -0.0 0.275 -0.479 0.819 0.0 -0.43 -0.38 0.886 0.0 0.197 -0.42 -0.693 0.0 -0.178 -0.699 -0.909 -0.0 -0.411 0.067 0.716 0.0 -0.191 -0.672 0.922 0.0 -0.365 0.131 
0.998 -0.062 -0.014 -0.007 -0.801 -0.0 -0.361 -0.479 -0.833 -0.0 0.275 -0.48 0.819 0.0 -0.43 -0.379 0.886 -0.0 0.197 -0.419 -0.693 0.0 -0.178 -0.699 -0.909 -0.0 -0.411 0.067 0.716 0.0 -0.191 -0.671 0.922 0.0 -0.365 0.131 
0.998 -0.062 -0.014 -0.007 -0.801 0.0 -0.36 -0.479 -0.833 -0.0 0.276 -0.481 0.819 0.0 -0.431 -0.378 0.886 0.0 0.197 -0.419 -0.693 0.0 -0.178 -0.699 -0.909 -0.0 -0.411 0.067 0.716 0.0 -0.191 -0.672 0.922 0.0 -0.365 0.131 
0.998 -0.062 -0.014 -0.007 -0.801 -0.0 -0.36 -0.478 -0.832 -0.0 0.276 -0.481 0.819 0.0 -0.432 -0.377 0.887 0.0 0.197 -0.419 -0.693 -0.0 -0.178 -0.699 -0.909 -0.0 -0.411 0.067 0.716 0.0 -0.191 -0.672 0.922 0.0 -0.365 0.131 
0.998 -0.062 -0.013 -0.007 -0.801 -0.0 -0.36 -0.478 -0.832 0.0 0.276 -0.482 0.819 0.0 -0.432 -0.377 0.887 0.0 0.196 -0.418 -0.693 0.0 -0.178 -0.699 -0.909 -0.0 -0.411 0.067 0.716 0.0 -0.191 -0.672 0.922 0.0 -0.365 0.131 
0.998 -0.062 -0.014 -0.007 -0.801 -0.0 -0.36 -0.478 -0.831 -0.0 0.276 -0.482 0.819 0.0 -0.433 -0.376 0.887 0.0 0.196 -0.418 -0.693 -0.0 -0.178 -0.699 -0.909 -0.0 -0.411 0.067 0.716 0.0 -0.191 -0.672 0.922 0.0 -0.365 0.131 
0.998 -0.062 -0.014 -0.007 -0.802 -0.0 -0.36 -0.477 -0.831 -0.0 0.276 -0.483 0.82 0.0 -0.433 -0.376 0.887 0.0 0.196 -0.418 -0.693 -0.0 -0.178 -0.699 -0.909 0.0 -0.411 0.067 0.716 0.0 -0.191 -0.672 0.922 -0.0 -0.365 0.131 
0.998 -0.062 -0.014 -0.007 -0.802 -0.0 -0.36 -0.477 -0.831 -0.0 0.275 -0.483 0.82 0.0 -0.433 -0.375 0.887 0.0 0.196 -0.418 -0.693 0.0 -0.177 -0.699 -0.909 -0.0 -0.411 0.067 0.715 0.0 -0.191 -0.672 0.922 0.0 -0.365 0.131 
0.998 -0.062 -0.014 -0.007 -0.802 0.0 -0.36 -0.477 -0.832 -0.0 0.275 -0.483 0.82 0.0 -0.433 -0.374 0.887 0.0 0.196 -0.419 -0.693 -0.0 -0.178 -0.699 -0.909 -0.0 -0.411 0.067 0.715 0.0 -0.191 -0.672 0.922 0.0 -0.365 0.131 
0.998 -0.062 -0.014 -0.007 -0.802 0.0 -0.361 -0.476 -0.832 0.0 0.274 -0.483 0.82 0.0 -0.433 -0.374 0.887 0.0 0.195 -0.418 -0.693 -0.0 -0.177 -0.699 -0.909 -0.0 -0.411 0.067 0.715 0.0 -0.191 -0.672 0.922 -0.0 -0.365 0.131 
0.998 -0.062 -0.014 -0.007 -0.802 -0.0 -0.361 -0.476 -0.832 -0.0 0.274 -0.483 0.82 -0.0 -0.433 -0.374 0.887 0.0 0.195 -0.418 -0.693 0.0 -0.177 -0.699 -0.909 -0.0 -0.411 0.067 0.715 -0.0 -0.191 -0.672 0.922 0.0 -0.365 0.132 
0.998 -0.062 -0.014 -0.007 -0.802 -0.0 -0.362 -0.475 -0.832 -0.0 0.274 -0.483 0.82 0.0 -0.433 -0.374 0.887 0.0 0.196 -0.418 -0.693 -0.0 -0.177 -0.699 -0.909 -0.0 -0.411 0.067 0.715 -0.0 -0.191 -0.672 0.922 0.0 -0.365 0.132 
0.998 -0.062 -0.014 -0.007 -0.802 -0.0 -0.362 -0.475 -0.832 0.0 0.273 -0.483 0.821 0.0 -0.432 -0.374 0.887 0.0 0.196 -0.418 -0.693 -0.0 -0.177 -0.699 -0.909 0.0 -0.411 0.066 0.715 0.0 -0.19 -0.672 0.922 0.0 -0.365 0.131 
0.998 -0.062 -0.014 -0.007 -0.802 -0.0 -0.363 -0.474 -0.832 -0.0 0.272 -0.483 0.821 -0.0 -0.432 -0.374 0.887 0.0 0.196 -0.418 -0.693 0.0 -0.177 -0.699 -0.909 -0.0 -0.411 0.066 0.715 0.0 -0.19 -0.672 0.922 0.0 -0.365 0.132 
0.998 -0.062 -0.014 -0.007 -0.802 -0.0 -0.364 -0.474 -0.833 -0.0 0.272 -0.482 0.821 0.0 -0.432 -0.374 0.887 0.0 0.197 -0.418 -0.693 0.0 -0.177 -0.699 -0.909 0.0 -0.411 0.067 0.715 0.0 -0.19 -0.672 0.922 0.0 -0.365 0.131 
0.998 -0.062 -0.014 -0.007 -0.802 -0.0 -0.365 -0.473 -0.833 -0.0 0.271 -0.482 0.821 0.0 -0.431 -0.374 0.887 0.0 0.197 -0.418 -0.693 0.0 -0.177 -0.699 -0.909 -0.0 -0.411 0.066 0.715 0.0 -0.19 -0.673 0.922 0.0 -0.365 0.131 
0.998 -0.061 -0.014 -0.007 -0.802 -0.0 -0.366 -0.473 -0.833 -0.0 0.271 -0.482 0.821 -0.0 -0.43 -0.374 0.887 0.0 0.198 -0.418 -0.693 -0.0 -0.177 -0.699 -0.909 -0.0 -0.411 0.066 0.715 0.0 -0.19 -0.673 0.922 0.0 -0.365 0.132 
0.998 -0.062 -0.014 -0.007 -0.801 -0.0 -0.367 -0.473 -0.834 -0.0 0.27 -0.481 0.821 0.0 -0.43 -0.375 0.887 0.0 0.199 -0.418 -0.693 0.0 -0.177 -0.699 -0.909 -0.0 -0.411 0.067 0.715 0.0 -0.19 -0.672 0.922 0.0 -0.365 0.131 
0.998 -0.061 -0.014 -0.007 -0.801 -0.0 -0.368 -0.472 -0.835 -0.0 0.269 -0.481 0.822 0.0 -0.429 -0.376 0.887 -0.0 0.199 -0.418 -0.693 -0.0 -0.177 -0.699 -0.909 -0.0 -0.411 0.066 0.715 0.0 -0.19 -0.673 0.922 0.0 -0.365 0.131 
0.998 -0.061 -0.014 -0.007 -0.801 -0.0 -0.369 -0.472 -0.835 -0.0 0.267 -0.481 0.822 0.0 -0.428 -0.376 0.886 0.0 0.2 -0.417 -0.693 -0.0 -0.177 -0.699 -0.909 -0.0 -0.411 0.066 0.715 0.0 -0.19 -0.673 0.922 0.0 -0.365 0.131 
0.998 -0.061 -0.014 -0.007 -0.8 -0.0 -0.37 -0.471 -0.836 -0.0 0.267 -0.479 0.822 -0.0 -0.427 -0.377 0.886 0.0 0.201 -0.417 -0.693 -0.0 -0.177 -0.699 -0.909 -0.0 -0.411 0.066 0.715 0.0 -0.19 -0.673 0.922 0.0 -0.365 0.131 
0.998 -0.061 -0.014 -0.007 -0.8 -0.0 -0.372 -0.471 -0.837 -0.0 0.266 -0.479 0.822 0.0 -0.426 -0.378 0.886 0.0 0.201 -0.418 -0.693 -0.0 -0.177 -0.699 -0.909 -0.0 -0.411 0.066 0.715 0.0 -0.19 -0.673 0.922 0.0 -0.365 0.131 
0.998 -0.061 -0.014 -0.007 -0.8 -0.0 -0.374 -0.47 -0.837 -0.0 0.265 -0.478 0.822 0.0 -0.424 -0.379 0.886 0.0 0.202 -0.417 -0.693 -0.0 -0.177 -0.699 -0.909 -0.0 -0.411 0.066 0.715 0.0 -0.19 -0.673 0.922 0.0 -0.365 0.131 
0.998 -0.061 -0.014 -0.007 -0.799 -0.0 -0.375 -0.47 -0.838 -0.0 0.264 -0.477 0.823 0.0 -0.423 -0.38 0.886 0.0 0.203 -0.417 -0.693 -0.0 -0.177 -0.699 -0.909 -0.0 -0.411 0.066 0.715 0.0 -0.19 -0.673 0.921 -0.0 -0.366 0.133 
0.998 -0.061 -0.014 -0.007 -0.798 -0.0 -0.377 -0.47 -0.838 -0.0 0.262 -0.478 0.823 0.0 -0.422 -0.381 0.885 0.0 0.205 -0.417 -0.693 -0.0 -0.177 -0.699 -0.909 -0.0 -0.41 0.066 0.715 0.0 -0.19 -0.673 0.922 0.0 -0.365 0.131 
0.998 -0.061 -0.014 -0.007 -0.797 -0.0 -0.379 -0.47 -0.84 -0.0 0.262 -0.475 0.823 -0.0 -0.42 -0.382 0.885 0.0 0.206 -0.418 -0.693 -0.0 -0.177 -0.699 -0.909 -0.0 -0.411 0.066 0.715 0.0 -0.19 -0.673 0.921 0.0 -0.366 0.133 
0.998 -0.061 -0.014 -0.007 -0.797 0.0 -0.381 -0.469 -0.841 -0.0 0.261 -0.474 0.823 0.0 -0.419 -0.383 0.885 -0.0 0.207 -0.418 -0.693 0.0 -0.177 -0.699 -0.91 -0.0 -0.41 0.066 0.715 0.0 -0.19 -0.673 0.921 0.0 -0.365 0.132 
0.998 -0.061 -0.014 -0.007 -0.796 -0.0 -0.383 -0.468 -0.842 -0.0 0.26 -0.473 0.824 0.0 -0.417 -0.385 0.884 0.0 0.208 -0.418 -0.693 -0.0 -0.177 -0.699 -0.909 -0.0 -0.41 0.066 0.715 -0.0 -0.19 -0.673 0.922 0.0 -0.365 0.131 
0.998 -0.061 -0.014 -0.007 -0.796 -0.0 -0.385 -0.468 -0.842 -0.0 0.258 -0.474 0.824 0.0 -0.415 -0.386 0.884 0.0 0.209 -0.419 -0.693 -0.0 -0.176 -0.699 -0.91 -0.0 -0.41 0.066 0.715 0.0 -0.189 -0.673 0.922 0.0 -0.365 0.131 
0.998 -0.061 -0.014 -0.007 -0.795 -0.0 -0.387 -0.467 -0.842 -0.0 0.256 -0.474 0.824 0.0 -0.413 -0.387 0.883 0.0 0.211 -0.419 -0.693 -0.0 -0.176 -0.699 -0.91 -0.0 -0.41 0.066 0.715 0.0 -0.189 -0.673 0.922 0.0 -0.365 0.131 
0.998 -0.061 -0.014 -0.007 -0.795 -0.0 -0.389 -0.466 -0.844 -0.0 0.256 -0.472 0.824 0.0 -0.412 -0.389 0.882 0.0 0.212 -0.42 -0.693 -0.0 -0.176 -0.699 -0.91 -0.0 -0.41 0.066 0.715 0.0 -0.189 -0.673 0.922 0.0 -0.366 0.131 
0.998 -0.061 -0.014 -0.007 -0.794 -0.0 -0.391 -0.465 -0.845 -0.0 0.254 -0.471 0.825 0.0 -0.409 -0.39 0.882 0.0 0.211 -0.421 -0.693 0.0 -0.176 -0.699 -0.91 -0.0 -0.41 0.066 0.715 0.0 -0.189 -0.673 0.922 0.0 -0.366 0.131 
0.998 -0.061 -0.014 -0.007 -0.794 -0.0 -0.394 -0.464 -0.845 -0.0 0.252 -0.471 0.825 0.0 -0.408 -0.392 0.881 0.0 0.213 -0.422 -0.693 0.0 -0.176 -0.699 -0.91 -0.0 -0.41 0.066 0.715 -0.0 -0.189 -0.673 0.922 0.0 -0.366 0.131 
0.998 -0.061 -0.014 -0.007 -0.793 -0.0 -0.396 -0.463 -0.846 -0.0 0.251 -0.47 0.825 -0.0 -0.406 -0.394 0.881 0.0 0.214 -0.423 -0.693 0.0 -0.176 -0.699 -0.91 -0.0 -0.41 0.066 0.715 0.0 -0.189 -0.673 0.921 -0.0 -0.366 0.131 
0.998 -0.061 -0.014 -0.007 -0.792 -0.0 -0.398 -0.462 -0.847 -0.0 0.248 -0.47 0.825 0.0 -0.404 -0.395 0.88 0.0 0.215 -0.424 -0.693 -0.0 -0.176 -0.699 -0.91 -0.0 -0.41 0.066 0.715 -0.0 -0.189 -0.673 0.922 -0.0 -0.366 0.131 
0.998 -0.061 -0.014 -0.007 -0.792 -0.0 -0.401 -0.461 -0.848 -0.0 0.247 -0.468 0.825 0.0 -0.401 -0.397 0.879 0.0 0.216 -0.425 -0.693 -0.0 -0.177 -0.699 -0.91 -0.0 -0.41 0.066 0.715 -0.0 -0.189 -0.673 0.922 -0.0 -0.366 0.131 
0.998 -0.06 -0.014 -0.007 -0.791 -0.0 -0.403 -0.46 -0.849 -0.0 0.244 -0.469 0.826 0.0 -0.399 -0.399 0.878 0.0 0.217 -0.426 -0.693 -0.0 -0.177 -0.699 -0.91 -0.0 -0.41 0.066 0.715 0.0 -0.189 -0.673 0.922 0.0 -0.366 0.13 
0.998 -0.061 -0.013 -0.007 -0.79 -0.0 -0.405 -0.459 -0.85 -0.0 0.242 -0.468 0.826 0.0 -0.397 -0.4 0.877 0.0 0.218 -0.428 -0.693 -0.0 -0.177 -0.699 -0.91 -0.0 -0.409 0.066 0.715 0.0 -0.189 -0.673 0.922 -0.0 -0.366 0.13 
0.998 -0.061 -0.013 -0.007 -0.79 -0.0 -0.408 -0.458 -0.851 -0.0 0.24 -0.467 0.826 0.0 -0.395 -0.402 0.876 0.0 0.219 -0.429 -0.693 0.0 -0.177 -0.699 -0.91 -0.0 -0.409 0.067 0.715 0.0 -0.189 -0.673 0.921 0.0 -0.366 0.131 
0.998 -0.061 -0.013 -0.007 -0.789 -0.0 -0.411 -0.457 -0.852 -0.0 0.239 -0.465 0.826 0.0 -0.393 -0.404 0.876 0.0 0.22 -0.429 -0.693 0.0 -0.177 -0.699 -0.91 -0.0 -0.409 0.067 0.715 0.0 -0.189 -0.673 0.922 0.0 -0.366 0.131 
0.998 -0.06 -0.013 -0.007 -0.789 -0.0 -0.413 -0.455 -0.853 -0.0 0.236 -0.466 0.826 0.0 -0.391 -0.405 0.875 0.0 0.221 -0.431 -0.693 -0.0 -0.177 -0.699 -0.91 0.0 -0.409 0.067 0.715 0.0 -0.189 -0.673 0.922 0.0 -0.366 0.13 
0.998 -0.06 -0.013 -0.007 -0.788 0.0 -0.416 -0.454 -0.854 0.0 0.234 -0.464 0.827 0.0 -0.388 -0.407 0.874 -0.0 0.221 -0.434 -0.693 0.0 -0.177 -0.699 -0.91 0.0 -0.409 0.067 0.715 0.0 -0.189 -0.673 0.922 0.0 -0.366 0.13 
0.998 -0.06 -0.013 -0.007 -0.787 -0.0 -0.418 -0.453 -0.856 0.0 0.23 -0.464 0.827 -0.0 -0.386 -0.409 0.873 0.0 0.222 -0.435 -0.693 -0.0 -0.177 -0.699 -0.91 -0.0 -0.409 0.067 0.715 0.0 -0.189 -0.673 0.922 0.0 -0.366 0.131 
0.998 -0.06 -0.013 -0.007 -0.787 -0.0 -0.421 -0.452 -0.857 -0.0 0.228 -0.463 0.827 0.0 -0.384 -0.411 0.872 0.0 0.222 -0.437 -0.693 -0.0 -0.178 -0.699 -0.91 -0.0 -0.408 0.067 0.715 0.0 -0.189 -0.673 0.922 0.0 -0.366 0.13 
0.998 -0.06 -0.013 -0.007 -0.786 -0.0 -0.424 -0.45 -0.858 -0.0 0.226 -0.462 0.827 0.0 -0.382 -0.413 0.871 0.0 0.223 -0.439 -0.693 -0.0 -0.178 -0.699 -0.91 -0.0 -0.408 0.067 0.715 0.0 -0.189 -0.673 0.922 0.0 -0.366 0.131 
0.998 -0.06 -0.013 -0.007 -0.785 -0.0 -0.426 -0.449 -0.859 -0.0 0.224 -0.461 0.827 0.0 -0.379 -0.414 0.869 0.0 0.223 -0.441 -0.693 0.0 -0.178 -0.699 -0.91 -0.0 -0.408 0.067 0.715 0.0 -0.189 -0.673 0.922 0.0 -0.366 0.131 
0.998 -0.06 -0.013 -0.007 -0.785 -0.0 -0.429 -0.447 -0.86 -0.0 0.221 -0.46 0.828 0.0 -0.376 -0.417 0.869 0.0 0.224 -0.441 -0.693 -0.0 -0.178 -0.699 -0.911 -0.0 -0.408 0.067 0.715 -0.0 -0.189 -0.673 0.922 0.0 -0.366 0.13 
0.998 -0.061 -0.013 -0.008 -0.784 -0.0 -0.431 -0.446 -0.861 -0.0 0.219 -0.459 0.828 0.0 -0.374 -0.419 0.868 0.0 0.224 -0.443 -0.692 0.0 -0.178 -0.699 -0.911 -0.0 -0.408 0.067 0.715 0.0 -0.189 -0.673 0.922 0.0 -0.366 0.13 
0.998 -0.06 -0.013 -0.007 -0.784 -0.0 -0.434 -0.444 -0.862 0.0 0.217 -0.457 0.828 0.0 -0.372 -0.421 0.867 0.0 0.225 -0.445 -0.693 -0.0 -0.178 -0.699 -0.911 -0.0 -0.408 0.068 0.715 0.0 -0.189 -0.673 0.922 0.0 -0.366 0.13 
0.998 -0.06 -0.013 -0.008 -0.783 -0.0 -0.436 -0.443 -0.864 -0.0 0.215 -0.456 0.828 0.0 -0.369 -0.422 0.865 0.0 0.225 -0.449 -0.693 -0.0 -0.178 -0.699 -0.911 -0.0 -0.408 0.067 0.715 0.0 -0.189 -0.673 0.922 0.0 -0.366 0.13 
0.998 -0.06 -0.013 -0.008 -0.783 -0.0 -0.439 -0.441 -0.865 -0.0 0.213 -0.454 0.828 0.0 -0.367 -0.424 0.864 0.0 0.226 -0.45 -0.693 -0.0 -0.178 -0.699 -0.911 -0.0 -0.408 0.067 0.715 0.0 -0.189 -0.673 0.922 0.0 -0.366 0.13 
0.998 -0.06 -0.013 -0.008 -0.782 0.0 -0.441 -0.44 -0.866 -0.0 0.211 -0.453 0.828 -0.0 -0.364 -0.426 0.862 0.0 0.226 -0.453 -0.693 -0.0 -0.178 -0.699 -0.911 -0.0 -0.408 0.067 0.715 0.0 -0.189 -0.673 0.922 0.0 -0.366 0.13 
0.998 -0.06 -0.013 -0.007 -0.782 -0.0 -0.443 -0.439 -0.867 -0.0 0.209 -0.452 0.828 -0.0 -0.362 -0.428 0.861 -0.0 0.227 -0.455 -0.693 -0.0 -0.178 -0.699 -0.911 -0.0 -0.408 0.067 0.715 0.0 -0.189 -0.673 0.922 0.0 -0.366 0.13 
0.998 -0.06 -0.013 -0.008 -0.781 -0.0 -0.445 -0.437 -0.869 -0.0 0.207 -0.45 0.828 0.0 -0.36 -0.429 0.86 0.0 0.228 -0.457 -0.693 -0.0 -0.178 -0.699 -0.911 -0.0 -0.407 0.068 0.715 0.0 -0.189 -0.673 0.922 -0.0 -0.366 0.13 
0.998 -0.06 -0.013 -0.008 -0.781 0.0 -0.447 -0.436 -0.87 -0.0 0.204 -0.449 0.828 0.0 -0.357 -0.432 0.859 0.0 0.228 -0.458 -0.693 -0.0 -0.178 -0.699 -0.911 0.0 -0.408 0.068 0.715 0.0 -0.189 -0.673 0.922 -0.0 -0.366 0.13 
0.998 -0.06 -0.012 -0.008 -0.781 -0.0 -0.449 -0.435 -0.871 -0.0 0.203 -0.447 0.829 0.0 -0.355 -0.433 0.857 0.0 0.228 -0.462 -0.693 -0.0 -0.177 -0.699 -0.911 -0.0 -0.408 0.067 0.715 0.0 -0.188 -0.673 0.922 0.0 -0.366 0.13 
0.998 -0.06 -0.012 -0.008 -0.78 -0.0 -0.451 -0.433 -0.872 0.0 0.201 -0.445 0.829 0.0 -0.353 -0.434 0.856 0.0 0.229 -0.464 -0.693 -0.0 -0.177 -0.699 -0.911 -0.0 -0.408 0.068 0.715 0.0 -0.188 -0.673 0.922 0.0 -0.366 0.13 
0.998 -0.06 -0.012 -0.008 -0.78 -0.0 -0.453 -0.432 -0.874 -0.0 0.199 -0.444 0.829 0.0 -0.351 -0.436 0.855 -0.0 0.23 -0.466 -0.693 0.0 -0.177 -0.699 -0.911 -0.0 -0.408 0.068 0.715 0.0 -0.188 -0.673 0.922 0.0 -0.366 0.13 
0.998 -0.06 -0.012 -0.008 -0.779 0.0 -0.454 -0.431 -0.875 -0.0 0.198 -0.442 0.829 0.0 -0.348 -0.438 0.853 0.0 0.23 -0.469 -0.692 -0.0 -0.177 -0.699 -0.911 -0.0 -0.408 0.067 0.715 0.0 -0.188 -0.673 0.922 0.0 -0.366 0.129 
0.998 -0.059 -0.012 -0.008 -0.779 -0.0 -0.456 -0.43 -0.876 -0.0 0.196 -0.44 0.829 0.0 -0.346 -0.439 0.852 -0.0 0.23 -0.471 -0.692 -0.0 -0.177 -0.7 -0.911 -0.0 -0.408 0.068 0.715 -0.0 -0.188 -0.673 0.922 0.0 -0.366 0.129 
0.998 -0.059 -0.012 -0.008 -0.779 -0.0 -0.458 -0.429 -0.877 -0.0 0.195 -0.439 0.829 -0.0 -0.344 -0.441 0.85 0.0 0.231 -0.473 -0.693 0.0 -0.176 -0.7 -0.911 -0.0 -0.408 0.067 0.715 0.0 -0.188 -0.673 0.922 0.0 -0.366 0.129 
0.998 -0.059 -0.012 -0.008 -0.778 -0.0 -0.459 -0.428 -0.878 -0.0 0.193 -0.437 0.829 0.0 -0.342 -0.442 0.849 0.0 0.231 -0.475 -0.692 -0.0 -0.176 -0.7 -0.911 -0.0 -0.408 0.067 0.715 0.0 -0.188 -0.673 0.922 0.0 -0.366 0.129 
0.998 -0.059 -0.012 -0.008 -0.778 0.0 -0.46 -0.428 -0.88 0.0 0.192 -0.435 0.83 -0.0 -0.34 -0.443 0.848 0.0 0.232 -0.477 -0.692 0.0 -0.176 -0.7 -0.911 -0.0 -0.408 0.067 0.715 0.0 -0.187 -0.673 0.922 0.0 -0.366 0.129 
0.998 -0.059 -0.012 -0.008 -0.778 -0.0 -0.462 -0.427 -0.88 -0.0 0.191 -0.434 0.83 0.0 -0.338 -0.444 0.847 0.0 0.232 -0.479 -0.692 0.0 -0.176 -0.7 -0.911 -0.0 -0.407 0.067 0.715 -0.0 -0.187 -0.673 0.922 0.0 -0.366 0.129 
0.998 -0.059 -0.012 -0.008 -0.777 -0.0 -0.463 -0.426 -0.881 -0.0 0.19 -0.433 0.83 0.0 -0.336 -0.446 0.845 0.0 0.233 -0.481 -0.692 -0.0 -0.176 -0.7 -0.911 -0.0 -0.408 0.067 0.715 0.0 -0.187 -0.673 0.922 0.0 -0.366 0.129 
0.998 -0.059 -0.012 -0.008 -0.777 -0.0 -0.464 -0.425 -0.882 -0.0 0.189 -0.431 0.83 0.0 -0.335 -0.447 0.844 0.0 0.233 -0.483 -0.692 0.0 -0.176 -0.7 -0.911 -0.0 -0.408 0.067 0.715 0.0 -0.187 -0.673 0.922 -0.0 -0.366 0.129 
0.998 -0.058 -0.012 -0.008 -0.777 -0.0 -0.465 -0.425 -0.883 -0.0 0.188 -0.43 0.83 0.0 -0.333 -0.448 0.843 -0.0 0.233 -0.485 -0.692 -0.0 -0.176 -0.7 -0.911 -0.0 -0.407 0.067 0.715 0.0 -0.187 -0.673 0.922 0.0 -0.366 0.128 
0.998 -0.058 -0.012 -0.008 -0.777 -0.0 -0.466 -0.424 -0.884 -0.0 0.187 -0.429 0.83 0.0 -0.332 -0.449 0.842 0.0 0.233 -0.487 -0.692 -0.0 -0.175 -0.7 -0.911 -0.0 -0.408 0.067 0.715 -0.0 -0.187 -0.673 0.922 0.0 -0.366 0.128 
0.998 -0.058 -0.012 -0.008 -0.777 -0.0 -0.466 -0.424 -0.885 -0.0 0.187 -0.427 0.831 0.0 -0.328 -0.45 0.841 0.0 0.232 -0.489 -0.693 -0.0 -0.175 -0.7 -0.911 -0.0 -0.407 0.067 0.715 0.0 -0.186 -0.674 0.922 0.0 -0.366 0.128 
0.998 -0.058 -0.012 -0.008 -0.776 0.0 -0.467 -0.423 -0.885 -0.0 0.186 -0.426 0.831 -0.0 -0.327 -0.451 0.84 0.0 0.232 -0.491 -0.692 -0.0 -0.175 -0.7 -0.911 -0.0 -0.408 0.067 0.715 0.0 -0.186 -0.673 0.922 0.0 -0.366 0.128 
0.998 -0.058 -0.012 -0.008 -0.776 -0.0 -0.468 -0.423 -0.886 -0.0 0.186 -0.425 0.831 0.0 -0.326 -0.451 0.839 0.0 0.233 -0.492 -0.692 -0.0 -0.175 -0.7 -0.911 -0.0 -0.408 0.067 0.715 0.0 -0.186 -0.673 0.922 0.0 -0.366 0.128 
0.998 -0.058 -0.012 -0.008 -0.776 -0.0 -0.468 -0.423 -0.886 -0.0 0.186 -0.424 0.831 -0.0 -0.325 -0.452 0.838 0.0 0.233 -0.493 -0.692 0.0 -0.175 -0.7 -0.911 -0.0 -0.408 0.067 0.715 -0.0 -0.186 -0.673 0.922 0.0 -0.366 0.128 
0.998 -0.058 -0.012 -0.008 -0.776 -0.0 -0.468 -0.423 -0.887 -0.0 0.186 -0.423 0.831 -0.0 -0.324 -0.452 0.837 0.0 0.234 -0.494 -0.692 -0.0 -0.175 -0.7 -0.911 -0.0 -0.408 0.067 0.715 0.0 -0.186 -0.673 0.922 0.0 -0.366 0.128 
0.998 -0.058 -0.012 -0.008 -0.776 -0.0 -0.469 -0.422 -0.887 -0.0 0.186 -0.423 0.831 0.0 -0.323 -0.453 0.837 0.0 0.234 -0.495 -0.692 -0.0 -0.175 -0.7 -0.911 -0.0 -0.408 0.067 0.715 0.0 -0.186 -0.674 0.922 -0.0 -0.366 0.128 
0.998 -0.058 -0.012 -0.008 -0.776 -0.0 -0.469 -0.422 -0.887 -0.0 0.185 -0.422 0.831 0.0 -0.323 -0.454 0.837 0.0 0.235 -0.495 -0.692 0.0 -0.175 -0.7 -0.911 0.0 -0.408 0.067 0.715 0.0 -0.186 -0.674 0.922 0.0 -0.366 0.128 
0.998 -0.058 -0.012 -0.008 -0.776 -0.0 -0.469 -0.422 -0.887 -0.0 0.185 -0.422 0.83 0.0 -0.323 -0.454 0.836 0.0 0.235 -0.495 -0.693 -0.0 -0.175 -0.7 -0.911 -0.0 -0.408 0.067 0.715 0.0 -0.186 -0.674 0.922 -0.0 -0.366 0.128 
0.998 -0.058 -0.011 -0.008 -0.776 -0.0 -0.468 -0.422 -0.888 -0.0 0.183 -0.423 0.831 -0.0 -0.323 -0.454 0.836 -0.0 0.235 -0.497 -0.693 0.0 -0.174 -0.699 -0.91 -0.0 -0.408 0.066 0.715 0.0 -0.186 -0.674 0.922 0.0 -0.366 0.128 
0.998 -0.058 -0.011 -0.008 -0.777 -0.0 -0.468 -0.421 -0.888 -0.0 0.183 -0.423 0.83 0.0 -0.323 -0.455 0.836 0.0 0.236 -0.495 -0.693 0.0 -0.174 -0.699 -0.91 -0.0 -0.408 0.066 0.715 -0.0 -0.186 -0.674 0.922 0.0 -0.366 0.128 
0.998 -0.058 -0.011 -0.008 -0.777 -0.0 -0.468 -0.422 -0.888 -0.0 0.183 -0.423 0.83 0.0 -0.323 -0.455 0.836 0.0 0.236 -0.495 -0.693 -0.0 -0.174 -0.699 -0.91 0.0 -0.408 0.066 0.715 -0.0 -0.186 -0.674 0.922 0.0 -0.366 0.128 
0.998 -0.058 -0.011 -0.008 -0.777 -0.0 -0.467 -0.422 -0.887 0.0 0.183 -0.423 0.83 0.0 -0.323 -0.455 0.836 0.0 0.236 -0.495 -0.694 -0.0 -0.174 -0.699 -0.91 -0.0 -0.408 0.066 0.715 0.0 -0.186 -0.674 0.922 0.0 -0.366 0.128 
0.998 -0.058 -0.011 -0.008 -0.777 -0.0 -0.467 -0.422 -0.887 -0.0 0.183 -0.423 0.83 0.0 -0.323 -0.454 0.836 0.0 0.235 -0.497 -0.693 -0.0 -0.174 -0.699 -0.91 -0.0 -0.408 0.066 0.715 0.0 -0.186 -0.674 0.922 0.0 -0.366 0.128 
0.998 -0.058 -0.012 -0.008 -0.777 0.0 -0.466 -0.422 -0.887 -0.0 0.186 -0.423 0.83 0.0 -0.323 -0.454 0.836 0.0 0.236 -0.495 -0.692 0.0 -0.175 -0.7 -0.911 -0.0 -0.408 0.067 0.715 0.0 -0.186 -0.674 0.922 0.0 -0.366 0.128 
0.998 -0.058 -0.012 -0.008 -0.778 -0.0 -0.465 -0.423 -0.886 -0.0 0.187 -0.424 0.83 0.0 -0.323 -0.454 0.837 0.0 0.235 -0.494 -0.692 -0.0 -0.175 -0.7 -0.911 -0.0 -0.408 0.067 0.715 0.0 -0.186 -0.674 0.922 0.0 -0.366 0.128 
0.998 -0.058 -0.012 -0.008 -0.778 -0.0 -0.465 -0.423 -0.886 -0.0 0.187 -0.425 0.83 0.0 -0.324 -0.454 0.837 -0.0 0.235 -0.494 -0.692 -0.0 -0.175 -0.7 -0.911 -0.0 -0.407 0.067 0.715 0.0 -0.186 -0.673 0.922 -0.0 -0.366 0.128 
0.998 -0.058 -0.012 -0.008 -0.778 -0.0 -0.463 -0.423 -0.885 -0.0 0.188 -0.425 0.83 0.0 -0.325 -0.453 0.838 0.0 0.235 -0.493 -0.692 -0.0 -0.175 -0.7 -0.911 -0.0 -0.407 0.067 0.715 -0.0 -0.186 -0.673 0.922 0.0 -0.366 0.128 
0.998 -0.058 -0.012 -0.008 -0.779 0.0 -0.462 -0.424 -0.885 0.0 0.189 -0.426 0.83 0.0 -0.325 -0.453 0.838 0.0 0.235 -0.492 -0.693 0.0 -0.175 -0.7 -0.911 -0.0 -0.407 0.067 0.715 0.0 -0.186 -0.674 0.922 0.0 -0.366 0.128 
0.998 -0.058 -0.012 -0.008 -0.779 -0.0 -0.461 -0.424 -0.884 -0.0 0.19 -0.427 0.83 0.0 -0.327 -0.452 0.839 -0.0 0.234 -0.492 -0.692 -0.0 -0.175 -0.7 -0.911 -0.0 -0.408 0.067 0.715 -0.0 -0.187 -0.673 0.922 0.0 -0.366 0.128 
0.998 -0.058 -0.012 -0.008 -0.78 -0.0 -0.46 -0.425 -0.884 0.0 0.19 -0.428 0.83 0.0 -0.328 -0.451 0.839 0.0 0.234 -0.491 -0.692 0.0 -0.175 -0.7 -0.911 -0.0 -0.407 0.067 0.715 0.0 -0.187 -0.673 0.922 0.0 -0.366 0.128 
0.998 -0.058 -0.012 -0.008 -0.78 0.0 -0.458 -0.426 -0.883 0.0 0.192 -0.428 0.83 -0.0 -0.329 -0.451 0.84 -0.0 0.234 -0.489 -0.692 0.0 -0.176 -0.7 -0.911 -0.0 -0.407 0.067 0.715 0.0 -0.187 -0.673 0.922 0.0 -0.366 0.128 
0.998 -0.058 -0.012 -0.008 -0.781 0.0 -0.457 -0.426 -0.883 -0.0 0.193 -0.429 0.83 0.0 -0.331 -0.45 0.841 0.0 0.233 -0.489 -0.692 -0.0 -0.176 -0.7 -0.911 -0.0 -0.407 0.067 0.715 0.0 -0.187 -0.673 0.922 0.0 -0.366 0.128 
0.998 -0.058 -0.012 -0.008 -0.782 -0.0 -0.455 -0.427 -0.882 -0.0 0.193 -0.43 0.829 0.0 -0.334 -0.449 0.842 0.0 0.235 -0.486 -0.692 -0.0 -0.176 -0.7 -0.911 -0.0 -0.407 0.067 0.716 0.0 -0.187 -0.673 0.922 0.0 -0.366 0.128 
0.998 -0.059 -0.012 -0.008 -0.782 -0.0 -0.453 -0.428 -0.881 -0.0 0.195 -0.431 0.829 0.0 -0.335 -0.448 0.843 0.0 0.234 -0.485 -0.692 -0.0 -0.176 -0.7 -0.911 -0.0 -0.407 0.067 0.715 0.0 -0.187 -0.673 0.922 -0.0 -0.366 0.128 
0.998 -0.059 -0.012 -0.008 -0.783 -0.0 -0.451 -0.429 -0.88 -0.0 0.196 -0.432 0.828 0.0 -0.337 -0.447 0.844 0.0 0.234 -0.483 -0.692 -0.0 -0.176 -0.7 -0.911 -0.0 -0.407 0.068 0.715 -0.0 -0.187 -0.673 0.922 0.0 -0.366 0.129 
0.998 -0.059 -0.012 -0.008 -0.784 -0.0 -0.449 -0.429 -0.88 -0.0 0.196 -0.433 0.828 -0.0 -0.339 -0.446 0.845 0.0 0.234 -0.481 -0.692 0.0 -0.176 -0.7 -0.911 -0.0 -0.407 0.068 0.716 0.0 -0.187 -0.673 0.922 -0.0 -0.366 0.129 
0.998 -0.059 -0.012 -0.008 -0.785 -0.0 -0.447 -0.43 -0.879 -0.0 0.198 -0.434 0.828 0.0 -0.341 -0.445 0.846 0.0 0.233 -0.479 -0.692 -0.0 -0.176 -0.7 -0.911 0.0 -0.407 0.068 0.716 0.0 -0.188 -0.673 0.922 0.0 -0.366 0.129 
0.998 -0.059 -0.012 -0.008 -0.785 -0.0 -0.445 -0.431 -0.878 -0.0 0.199 -0.434 0.828 0.0 -0.343 -0.444 0.847 0.0 0.232 -0.477 -0.692 -0.0 -0.177 -0.7 -0.911 -0.0 -0.407 0.068 0.715 0.0 -0.188 -0.673 0.922 0.0 -0.366 0.129 
0.998 -0.059 -0.012 -0.008 -0.786 -0.0 -0.442 -0.432 -0.878 -0.0 0.201 -0.435 0.827 0.0 -0.345 -0.443 0.849 0.0 0.232 -0.476 -0.693 -0.0 -0.177 -0.699 -0.911 -0.0 -0.407 0.068 0.715 0.0 -0.188 -0.673 0.922 0.0 -0.366 0.129 
0.998 -0.059 -0.012 -0.008 -0.787 -0.0 -0.44 -0.433 -0.877 -0.0 0.202 -0.436 0.827 0.0 -0.347 -0.442 0.85 0.0 0.231 -0.474 -0.692 -0.0 -0.177 -0.699 -0.911 -0.0 -0.407 0.068 0.715 0.0 -0.188 -0.673 0.922 0.0 -0.366 0.129 
0.998 -0.059 -0.012 -0.008 -0.788 -0.0 -0.437 -0.434 -0.876 -0.0 0.203 -0.437 0.827 0.0 -0.349 -0.441 0.851 0.0 0.23 -0.472 -0.692 -0.0 -0.177 -0.699 -0.911 -0.0 -0.407 0.068 0.716 0.0 -0.188 -0.673 0.922 -0.0 -0.366 0.129 
0.998 -0.06 -0.012 -0.008 -0.789 -0.0 -0.435 -0.435 -0.876 -0.0 0.204 -0.438 0.827 0.0 -0.352 -0.439 0.852 0.0 0.23 -0.469 -0.692 -0.0 -0.177 -0.699 -0.911 -0.0 -0.407 0.068 0.716 0.0 -0.188 -0.673 0.922 0.0 -0.366 0.129 
0.998 -0.06 -0.012 -0.008 -0.789 0.0 -0.432 -0.436 -0.875 -0.0 0.205 -0.438 0.826 0.0 -0.354 -0.438 0.854 0.0 0.229 -0.468 -0.692 0.0 -0.177 -0.699 -0.911 -0.0 -0.407 0.068 0.716 -0.0 -0.189 -0.673 0.922 -0.0 -0.366 0.129 
0.998 -0.06 -0.012 -0.008 -0.79 -0.0 -0.43 -0.437 -0.874 -0.0 0.207 -0.439 0.826 0.0 -0.356 -0.436 0.854 0.0 0.227 -0.468 -0.692 -0.0 -0.177 -0.699 -0.911 -0.0 -0.407 0.069 0.716 0.0 -0.189 -0.673 0.922 0.0 -0.365 0.129 
0.998 -0.06 -0.012 -0.008 -0.791 -0.0 -0.427 -0.438 -0.874 -0.0 0.209 -0.439 0.825 0.0 -0.359 -0.436 0.856 0.0 0.228 -0.464 -0.692 0.0 -0.178 -0.699 -0.911 -0.0 -0.407 0.069 0.715 0.0 -0.189 -0.673 0.922 0.0 -0.365 0.129 
0.998 -0.06 -0.012 -0.008 -0.792 -0.0 -0.424 -0.44 -0.873 -0.0 0.21 -0.439 0.825 0.0 -0.362 -0.434 0.857 0.0 0.226 -0.462 -0.692 0.0 -0.178 -0.699 -0.911 -0.0 -0.407 0.069 0.715 -0.0 -0.189 -0.673 0.922 0.0 -0.366 0.129 
0.998 -0.06 -0.012 -0.008 -0.792 -0.0 -0.421 -0.441 -0.873 -0.0 0.211 -0.44 0.825 0.0 -0.364 -0.433 0.859 0.0 0.225 -0.461 -0.692 -0.0 -0.178 -0.699 -0.911 0.0 -0.407 0.069 0.716 0.0 -0.189 -0.672 0.922 0.0 -0.365 0.13 
0.998 -0.06 -0.012 -0.008 -0.793 -0.0 -0.419 -0.443 -0.872 -0.0 0.213 -0.44 0.824 0.0 -0.367 -0.431 0.86 0.0 0.225 -0.458 -0.692 -0.0 -0.178 -0.699 -0.911 -0.0 -0.407 0.069 0.716 0.0 -0.189 -0.672 0.922 0.0 -0.365 0.13 
0.998 -0.06 -0.012 -0.008 -0.794 -0.0 -0.416 -0.444 -0.872 0.0 0.214 -0.441 0.824 0.0 -0.37 -0.43 0.861 0.0 0.223 -0.456 -0.692 -0.0 -0.178 -0.699 -0.911 -0.0 -0.407 0.069 0.715 0.0 -0.19 -0.672 0.922 0.0 -0.365 0.13 
0.998 -0.06 -0.012 -0.008 -0.794 -0.0 -0.413 -0.445 -0.871 -0.0 0.216 -0.441 0.824 0.0 -0.373 -0.428 0.863 0.0 0.222 -0.454 -0.692 -0.0 -0.179 -0.699 -0.911 -0.0 -0.407 0.069 0.716 0.0 -0.19 -0.672 0.922 0.0 -0.365 0.13 
0.998 -0.061 -0.012 -0.008 -0.795 -0.0 -0.411 -0.446 -0.871 -0.0 0.217 -0.441 0.823 0.0 -0.376 -0.427 0.864 0.0 0.222 -0.451 -0.692 -0.0 -0.179 -0.699 -0.911 -0.0 -0.407 0.069 0.716 -0.0 -0.19 -0.672 0.922 -0.0 -0.365 0.13 
0.998 -0.061 -0.012 -0.008 -0.796 0.0 -0.408 -0.448 -0.87 -0.0 0.22 -0.441 0.823 0.0 -0.378 -0.424 0.865 -0.0 0.219 -0.452 -0.692 -0.0 -0.179 -0.699 -0.911 0.0 -0.408 0.069 0.715 0.0 -0.19 -0.672 0.922 0.0 -0.365 0.13 
0.998 -0.061 -0.012 -0.008 -0.796 -0.0 -0.405 -0.449 -0.87 -0.0 0.221 -0.442 0.822 0.0 -0.38 -0.423 0.867 0.0 0.219 -0.447 -0.693 -0.0 -0.179 -0.699 -0.911 0.0 -0.407 0.069 0.715 0.0 -0.19 -0.672 0.922 -0.0 -0.365 0.13 
0.998 -0.061 -0.012 -0.008 -0.797 -0.0 -0.402 -0.451 -0.869 -0.0 0.223 -0.442 0.822 0.0 -0.383 -0.421 0.869 0.0 0.218 -0.445 -0.692 -0.0 -0.179 -0.699 -0.911 -0.0 -0.407 0.069 0.715 0.0 -0.19 -0.672 0.922 0.0 -0.365 0.13 
0.998 -0.061 -0.012 -0.008 -0.797 0.0 -0.4 -0.452 -0.868 -0.0 0.227 -0.441 0.822 0.0 -0.386 -0.419 0.87 -0.0 0.216 -0.444 -0.692 -0.0 -0.179 -0.699 -0.911 -0.0 -0.407 0.069 0.715 0.0 -0.19 -0.672 0.922 0.0 -0.365 0.13 
0.998 -0.061 -0.012 -0.008 -0.798 -0.0 -0.398 -0.454 -0.868 -0.0 0.229 -0.441 0.821 0.0 -0.389 -0.417 0.871 0.0 0.215 -0.442 -0.692 -0.0 -0.179 -0.699 -0.911 -0.0 -0.407 0.069 0.715 0.0 -0.19 -0.672 0.922 0.0 -0.365 0.13 
0.998 -0.061 -0.012 -0.008 -0.798 -0.0 -0.395 -0.455 -0.867 -0.0 0.23 -0.441 0.821 0.0 -0.391 -0.416 0.872 0.0 0.214 -0.44 -0.692 0.0 -0.179 -0.699 -0.911 -0.0 -0.407 0.069 0.715 0.0 -0.19 -0.672 0.922 0.0 -0.365 0.13 
0.998 -0.061 -0.012 -0.008 -0.799 -0.0 -0.393 -0.456 -0.867 -0.0 0.232 -0.442 0.821 0.0 -0.394 -0.413 0.873 0.0 0.211 -0.439 -0.692 0.0 -0.18 -0.699 -0.911 0.0 -0.407 0.069 0.715 -0.0 -0.19 -0.672 0.922 0.0 -0.365 0.131 
0.998 -0.061 -0.012 -0.008 -0.799 0.0 -0.39 -0.457 -0.866 -0.0 0.233 -0.444 0.82 0.0 -0.396 -0.413 0.875 0.0 0.211 -0.435 -0.692 -0.0 -0.18 -0.699 -0.911 0.0 -0.407 0.069 0.715 0.0 -0.191 -0.672 0.922 0.0 -0.365 0.13 
0.998 -0.061 -0.012 -0.008 -0.799 -0.0 -0.388 -0.459 -0.865 -0.0 0.234 -0.444 0.82 0.0 -0.398 -0.412 0.877 0.0 0.21 -0.432 -0.693 -0.0 -0.18 -0.699 -0.911 -0.0 -0.407 0.069 0.715 -0.0 -0.19 -0.672 0.922 0.0 -0.365 0.13 
0.998 -0.061 -0.012 -0.007 -0.8 -0.0 -0.386 -0.46 -0.864 -0.0 0.236 -0.445 0.819 -0.0 -0.401 -0.41 0.878 0.0 0.209 -0.43 -0.693 -0.0 -0.18 -0.699 -0.911 -0.0 -0.407 0.069 0.715 0.0 -0.19 -0.672 0.922 0.0 -0.365 0.131 
0.998 -0.061 -0.012 -0.008 -0.8 -0.0 -0.383 -0.462 -0.864 -0.0 0.237 -0.445 0.819 0.0 -0.403 -0.408 0.88 0.0 0.208 -0.428 -0.692 -0.0 -0.18 -0.699 -0.911 -0.0 -0.407 0.069 0.716 0.0 -0.191 -0.672 0.922 0.0 -0.365 0.131 
0.998 -0.061 -0.013 -0.007 -0.801 -0.0 -0.381 -0.462 -0.863 -0.0 0.24 -0.445 0.819 0.0 -0.406 -0.407 0.881 0.0 0.206 -0.426 -0.692 -0.0 -0.18 -0.699 -0.911 -0.0 -0.407 0.069 0.715 0.0 -0.19 -0.672 0.922 -0.0 -0.365 0.13 
0.998 -0.061 -0.013 -0.008 -0.801 -0.0 -0.379 -0.464 -0.862 -0.0 0.241 -0.447 0.818 0.0 -0.408 -0.405 0.882 0.0 0.205 -0.424 -0.692 -0.0 -0.18 -0.699 -0.911 0.0 -0.407 0.07 0.715 0.0 -0.191 -0.672 0.922 0.0 -0.365 0.131 
0.998 -0.061 -0.013 -0.007 -0.801 -0.0 -0.377 -0.465 -0.861 -0.0 0.242 -0.447 0.818 0.0 -0.411 -0.403 0.883 0.0 0.203 -0.422 -0.693 0.0 -0.18 -0.699 -0.911 -0.0 -0.407 0.069 0.715 0.0 -0.191 -0.672 0.922 0.0 -0.365 0.131 
0.998 -0.061 -0.013 -0.007 -0.801 -0.0 -0.375 -0.466 -0.86 -0.0 0.244 -0.448 0.818 0.0 -0.413 -0.401 0.885 0.0 0.202 -0.421 -0.693 0.0 -0.18 -0.699 -0.911 0.0 -0.407 0.069 0.715 0.0 -0.191 -0.672 0.922 0.0 -0.365 0.131 
0.998 -0.061 -0.013 -0.007 -0.801 -0.0 -0.373 -0.468 -0.859 -0.0 0.246 -0.448 0.817 0.0 -0.416 -0.399 0.886 0.0 0.2 -0.419 -0.692 -0.0 -0.18 -0.699 -0.911 -0.0 -0.407 0.069 0.715 0.0 -0.191 -0.672 0.922 0.0 -0.365 0.131 
0.998 -0.062 -0.013 -0.007 -0.801 -0.0 -0.372 -0.469 -0.859 -0.0 0.248 -0.448 0.817 0.0 -0.418 -0.397 0.887 -0.0 0.2 -0.417 -0.692 0.0 -0.18 -0.699 -0.911 -0.0 -0.407 0.069 0.715 0.0 -0.191 -0.672 0.922 0.0 -0.365 0.131 
0.998 -0.062 -0.013 -0.007 -0.801 -0.0 -0.37 -0.47 -0.858 -0.0 0.249 -0.449 0.817 -0.0 -0.42 -0.395 0.888 -0.0 0.198 -0.416 -0.693 -0.0 -0.18 -0.699 -0.911 -0.0 -0.407 0.069 0.715 0.0 -0.191 -0.672 0.922 0.0 -0.365 0.132 
0.998 -0.062 -0.013 -0.007 -0.801 -0.0 -0.369 -0.472 -0.857 -0.0 0.252 -0.449 0.816 0.0 -0.423 -0.394 0.888 0.0 0.197 -0.414 -0.692 0.0 -0.18 -0.699 -0.911 -0.0 -0.407 0.069 0.715 0.0 -0.191 -0.672 0.922 0.0 -0.365 0.131 
0.998 -0.062 -0.013 -0.007 -0.801 -0.0 -0.368 -0.473 -0.856 -0.0 0.253 -0.451 0.816 0.0 -0.426 -0.392 0.889 0.0 0.196 -0.413 -0.693 -0.0 -0.18 -0.698 -0.911 -0.0 -0.407 0.069 0.715 0.0 -0.191 -0.672 0.922 0.0 -0.365 0.131 
0.998 -0.062 -0.013 -0.007 -0.8 -0.0 -0.367 -0.474 -0.855 -0.0 0.255 -0.451 0.816 0.0 -0.428 -0.389 0.89 0.0 0.194 -0.412 -0.692 -0.0 -0.18 -0.699 -0.911 -0.0 -0.407 0.069 0.715 -0.0 -0.191 -0.672 0.922 0.0 -0.365 0.131 
0.998 -0.062 -0.013 -0.007 -0.801 -0.0 -0.366 -0.475 -0.854 -0.0 0.256 -0.453 0.815 0.0 -0.43 -0.387 0.891 0.0 0.193 -0.411 -0.692 -0.0 -0.181 -0.699 -0.911 -0.0 -0.407 0.07 0.715 0.0 -0.191 -0.672 0.922 0.0 -0.365 0.132 
0.998 -0.062 -0.013 -0.008 -0.8 -0.0 -0.364 -0.476 -0.853 -0.0 0.258 -0.454 0.815 0.0 -0.433 -0.385 0.892 0.0 0.192 -0.409 -0.692 -0.0 -0.181 -0.698 -0.911 -0.0 -0.407 0.069 0.715 0.0 -0.191 -0.672 0.922 0.0 -0.365 0.132 
0.998 -0.062 -0.013 -0.007 -0.8 -0.0 -0.363 -0.477 -0.852 -0.0 0.259 -0.455 0.815 0.0 -0.435 -0.383 0.892 0.0 0.19 -0.409 -0.693 -0.0 -0.181 -0.698 -0.911 -0.0 -0.407 0.069 0.715 0.0 -0.191 -0.672 0.922 0.0 -0.365 0.132 
0.998 -0.062 -0.013 -0.007 -0.8 -0.0 -0.363 -0.478 -0.851 0.0 0.261 -0.455 0.815 0.0 -0.437 -0.381 0.893 0.0 0.189 -0.409 -0.692 -0.0 -0.181 -0.698 -0.911 -0.0 -0.407 0.07 0.715 0.0 -0.192 -0.672 0.922 0.0 -0.365 0.132 
0.998 -0.062 -0.013 -0.007 -0.8 0.0 -0.362 -0.48 -0.851 -0.0 0.263 -0.455 0.814 0.0 -0.439 -0.38 0.894 0.0 0.188 -0.407 -0.692 0.0 -0.181 -0.699 -0.911 -0.0 -0.407 0.07 0.715 0.0 -0.191 -0.672 0.922 -0.0 -0.365 0.132 
0.998 -0.062 -0.013 -0.007 -0.799 -0.0 -0.361 -0.481 -0.85 -0.0 0.264 -0.457 0.814 -0.0 -0.441 -0.377 0.894 0.0 0.187 -0.407 -0.692 -0.0 -0.181 -0.699 -0.911 0.0 -0.407 0.069 0.715 0.0 -0.192 -0.673 0.922 0.0 -0.365 0.132 
0.998 -0.062 -0.013 -0.007 -0.799 -0.0 -0.36 -0.482 -0.849 -0.0 0.265 -0.458 0.814 0.0 -0.443 -0.376 0.895 0.0 0.186 -0.406 -0.692 -0.0 -0.18 -0.699 -0.911 0.0 -0.407 0.069 0.715 0.0 -0.191 -0.673 0.922 0.0 -0.365 0.132 
0.998 -0.062 -0.013 -0.007 -0.798 -0.0 -0.36 -0.483 -0.848 -0.0 0.267 -0.458 0.814 0.0 -0.444 -0.374 0.895 0.0 0.185 -0.406 -0.693 -0.0 -0.18 -0.699 -0.911 -0.0 -0.407 0.07 0.715 0.0 -0.191 -0.673 0.922 0.0 -0.365 0.132 
0.998 -0.062 -0.013 -0.007 -0.798 -0.0 -0.359 -0.484 -0.847 -0.0 0.268 -0.459 0.814 0.0 -0.446 -0.372 0.895 0.0 0.184 -0.406 -0.692 -0.0 -0.18 -0.699 -0.911 0.0 -0.407 0.069 0.715 0.0 -0.191 -0.673 0.922 0.0 -0.365 0.132 
0.998 -0.062 -0.013 -0.007 -0.798 -0.0 -0.358 -0.485 -0.846 -0.0 0.268 -0.46 0.814 0.0 -0.447 -0.371 0.895 0.0 0.183 -0.406 -0.693 -0.0 -0.18 -0.699 -0.911 -0.0 -0.407 0.069 0.715 0.0 -0.191 -0.673 0.922 -0.0 -0.365 0.132 
0.998 -0.062 -0.013 -0.007 -0.798 -0.0 -0.357 -0.485 -0.845 -0.0 0.269 -0.461 0.813 0.0 -0.449 -0.37 0.896 0.0 0.182 -0.405 -0.693 0.0 -0.18 -0.698 -0.911 -0.0 -0.407 0.069 0.715 0.0 -0.191 -0.673 0.922 0.0 -0.365 0.132 
0.998 -0.062 -0.013 -0.007 -0.798 -0.0 -0.357 -0.486 -0.844 0.0 0.27 -0.463 0.814 0.0 -0.449 -0.368 0.896 0.0 0.181 -0.406 -0.693 0.0 -0.18 -0.699 -0.911 -0.0 -0.407 0.069 0.715 0.0 -0.191 -0.673 0.921 0.0 -0.366 0.131 
0.998 -0.062 -0.013 -0.007 -0.798 -0.0 -0.356 -0.487 -0.844 -0.0 0.271 -0.464 0.814 0.0 -0.45 -0.367 0.896 0.0 0.181 -0.406 -0.692 -0.0 -0.18 -0.699 -0.911 -0.0 -0.408 0.069 0.715 -0.0 -0.191 -0.673 0.921 -0.0 -0.366 0.131 
0.998 -0.062 -0.013 -0.007 -0.797 -0.0 -0.356 -0.488 -0.843 0.0 0.271 -0.465 0.814 0.0 -0.451 -0.366 0.896 0.0 0.18 -0.406 -0.692 0.0 -0.18 -0.699 -0.911 -0.0 -0.408 0.069 0.715 -0.0 -0.191 -0.673 0.922 0.0 -0.365 0.132 
0.998 -0.062 -0.013 -0.007 -0.797 -0.0 -0.355 -0.488 -0.842 -0.0 0.271 -0.466 0.814 -0.0 -0.452 -0.365 0.896 0.0 0.18 -0.406 -0.692 -0.0 -0.18 -0.699 -0.911 0.0 -0.408 0.069 0.715 0.0 -0.191 -0.673 0.922 -0.0 -0.365 0.132 
0.998 -0.061 -0.013 -0.007 -0.797 -0.0 -0.355 -0.489 -0.842 -0.0 0.271 -0.467 0.815 0.0 -0.452 -0.363 0.895 -0.0 0.178 -0.408 -0.693 -0.0 -0.18 -0.699 -0.911 -0.0 -0.408 0.069 0.715 0.0 -0.191 -0.673 0.921 -0.0 -0.366 0.131 
0.998 -0.061 -0.013 -0.007 -0.797 -0.0 -0.354 -0.489 -0.84 0.0 0.27 -0.47 0.814 0.0 -0.453 -0.364 0.896 0.0 0.179 -0.406 -0.692 -0.0 -0.18 -0.699 -0.911 -0.0 -0.408 0.069 0.715 0.0 -0.19 -0.673 0.921 0.0 -0.366 0.131 
0.998 -0.061 -0.013 -0.007 -0.797 0.0 -0.354 -0.489 -0.84 -0.0 0.269 -0.471 0.814 0.0 -0.453 -0.363 0.896 0.0 0.179 -0.407 -0.692 -0.0 -0.18 -0.699 -0.91 -0.0 -0.408 0.069 0.715 0.0 -0.191 -0.673 0.922 0.0 -0.365 0.132 
0.998 -0.061 -0.013 -0.007 -0.797 -0.0 -0.354 -0.49 -0.84 -0.0 0.271 -0.47 0.814 0.0 -0.453 -0.363 0.896 0.0 0.179 -0.407 -0.692 -0.0 -0.18 -0.699 -0.911 0.0 -0.408 0.069 0.715 -0.0 -0.191 -0.673 0.922 -0.0 -0.365 0.132 
0.998 -0.061 -0.013 -0.007 -0.797 -0.0 -0.354 -0.49 -0.84 -0.0 0.271 -0.471 0.815 0.0 -0.453 -0.362 0.896 0.0 0.179 -0.407 -0.692 -0.0 -0.179 -0.699 -0.911 -0.0 -0.408 0.069 0.715 -0.0 -0.191 -0.673 0.922 0.0 -0.365 0.132 
0.998 -0.061 -0.013 -0.007 -0.797 -0.0 -0.354 -0.49 -0.839 -0.0 0.269 -0.474 0.815 0.0 -0.453 -0.362 0.895 0.0 0.179 -0.408 -0.693 -0.0 -0.179 -0.699 -0.911 -0.0 -0.407 0.069 0.715 0.0 -0.191 -0.673 0.922 0.0 -0.365 0.131 
0.998 -0.061 -0.012 -0.007 -0.796 -0.0 -0.354 -0.49 -0.838 0.0 0.269 -0.474 0.815 -0.0 -0.452 -0.362 0.895 0.0 0.179 -0.408 -0.693 -0.0 -0.179 -0.699 -0.911 -0.0 -0.407 0.069 0.715 0.0 -0.191 -0.673 0.922 0.0 -0.365 0.131 
0.998 -0.061 -0.013 -0.007 -0.796 -0.0 -0.354 -0.491 -0.839 -0.0 0.27 -0.473 0.815 0.0 -0.452 -0.362 0.895 0.0 0.179 -0.409 -0.692 -0.0 -0.179 -0.699 -0.911 -0.0 -0.407 0.069 0.715 0.0 -0.19 -0.673 0.921 -0.0 -0.366 0.131 
0.998 -0.061 -0.012 -0.007 -0.796 -0.0 -0.354 -0.491 -0.838 -0.0 0.27 -0.473 0.816 -0.0 -0.451 -0.362 0.895 0.0 0.18 -0.409 -0.692 -0.0 -0.179 -0.699 -0.911 -0.0 -0.407 0.069 0.715 -0.0 -0.19 -0.673 0.922 0.0 -0.365 0.131 
0.998 -0.061 -0.012 -0.007 -0.796 0.0 -0.354 -0.491 -0.838 -0.0 0.27 -0.474 0.816 0.0 -0.451 -0.363 0.894 0.0 0.18 -0.41 -0.692 -0.0 -0.179 -0.699 -0.911 -0.0 -0.407 0.069 0.715 0.0 -0.19 -0.673 0.922 -0.0 -0.365 0.131 
0.998 -0.061 -0.012 -0.007 -0.796 -0.0 -0.354 -0.491 -0.838 0.0 0.269 -0.474 0.816 0.0 -0.45 -0.363 0.894 0.0 0.181 -0.409 -0.692 -0.0 -0.179 -0.699 -0.911 0.0 -0.407 0.069 0.715 0.0 -0.19 -0.673 0.922 0.0 -0.365 0.131 
0.998 -0.061 -0.012 -0.007 -0.796 -0.0 -0.355 -0.491 -0.838 -0.0 0.269 -0.474 0.816 0.0 -0.449 -0.363 0.894 0.0 0.181 -0.41 -0.692 -0.0 -0.179 -0.699 -0.911 -0.0 -0.407 0.069 0.715 0.0 -0.191 -0.673 0.922 0.0 -0.365 0.131 
0.998 -0.061 -0.012 -0.007 -0.795 -0.0 -0.355 -0.491 -0.838 -0.0 0.267 -0.476 0.817 0.0 -0.448 -0.364 0.893 0.0 0.182 -0.411 -0.692 -0.0 -0.179 -0.699 -0.911 0.0 -0.407 0.069 0.715 -0.0 -0.19 -0.673 0.922 -0.0 -0.365 0.131 
0.998 -0.061 -0.012 -0.007 -0.795 0.0 -0.356 -0.491 -0.839 -0.0 0.268 -0.474 0.818 0.0 -0.446 -0.364 0.892 0.0 0.182 -0.413 -0.692 -0.0 -0.179 -0.699 -0.911 -0.0 -0.407 0.069 0.715 -0.0 -0.191 -0.673 0.922 0.0 -0.365 0.131 
0.998 -0.061 -0.012 -0.007 -0.795 -0.0 -0.357 -0.49 -0.839 -0.0 0.267 -0.474 0.818 0.0 -0.445 -0.365 0.893 0.0 0.183 -0.412 -0.692 -0.0 -0.179 -0.699 -0.911 -0.0 -0.407 0.069 0.715 0.0 -0.19 -0.673 0.922 0.0 -0.365 0.131 
0.998 -0.061 -0.013 -0.007 -0.795 -0.0 -0.357 -0.49 -0.839 0.0 0.267 -0.473 0.818 0.0 -0.444 -0.366 0.892 0.0 0.184 -0.413 -0.692 -0.0 -0.179 -0.699 -0.911 -0.0 -0.407 0.069 0.715 0.0 -0.19 -0.673 0.922 0.0 -0.365 0.131 
0.998 -0.061 -0.012 -0.007 -0.794 -0.0 -0.359 -0.491 -0.84 -0.0 0.267 -0.472 0.818 0.0 -0.442 -0.367 0.892 0.0 0.185 -0.413 -0.692 -0.0 -0.179 -0.699 -0.911 -0.0 -0.407 0.069 0.715 0.0 -0.191 -0.673 0.922 -0.0 -0.365 0.131 
0.998 -0.061 -0.012 -0.007 -0.794 -0.0 -0.36 -0.49 -0.84 0.0 0.265 -0.474 0.819 0.0 -0.441 -0.368 0.891 0.0 0.186 -0.414 -0.692 -0.0 -0.179 -0.699 -0.911 -0.0 -0.407 0.069 0.715 0.0 -0.191 -0.673 0.922 -0.0 -0.365 0.131 
0.998 -0.061 -0.013 -0.007 -0.794 -0.0 -0.361 -0.49 -0.84 -0.0 0.264 -0.473 0.819 0.0 -0.439 -0.369 0.89 0.0 0.187 -0.415 -0.692 -0.0 -0.179 -0.699 -0.911 -0.0 -0.407 0.069 0.715 -0.0 -0.191 -0.673 0.922 -0.0 -0.365 0.131 
0.998 -0.061 -0.013 -0.007 -0.793 -0.0 -0.362 -0.489 -0.841 -0.0 0.265 -0.471 0.82 -0.0 -0.437 -0.37 0.89 0.0 0.188 -0.416 -0.692 0.0 -0.179 -0.699 -0.911 -0.0 -0.407 0.069 0.715 0.0 -0.191 -0.673 0.922 0.0 -0.365 0.132 
0.998 -0.061 -0.013 -0.007 -0.793 -0.0 -0.363 -0.489 -0.842 0.0 0.265 -0.47 0.82 -0.0 -0.436 -0.371 0.889 0.0 0.189 -0.417 -0.693 -0.0 -0.179 -0.699 -0.911 -0.0 -0.407 0.069 0.715 -0.0 -0.191 -0.673 0.922 0.0 -0.365 0.131 
0.998 -0.061 -0.013 -0.007 -0.793 -0.0 -0.365 -0.488 -0.842 -0.0 0.264 -0.47 0.821 -0.0 -0.434 -0.372 0.888 -0.0 0.19 -0.418 -0.692 -0.0 -0.179 -0.699 -0.911 -0.0 -0.407 0.069 0.715 0.0 -0.191 -0.673 0.922 0.0 -0.365 0.131 
0.998 -0.061 -0.013 -0.007 -0.793 -0.0 -0.366 -0.487 -0.842 0.0 0.263 -0.471 0.821 0.0 -0.432 -0.373 0.888 0.0 0.191 -0.419 -0.693 -0.0 -0.179 -0.699 -0.911 -0.0 -0.407 0.069 0.715 0.0 -0.191 -0.673 0.922 0.0 -0.365 0.131 
0.998 -0.061 -0.013 -0.007 -0.793 -0.0 -0.368 -0.486 -0.843 -0.0 0.263 -0.469 0.822 0.0 -0.43 -0.374 0.887 0.0 0.193 -0.419 -0.693 -0.0 -0.18 -0.699 -0.911 -0.0 -0.407 0.069 0.715 0.0 -0.19 -0.673 0.921 0.0 -0.366 0.131 
0.998 -0.061 -0.013 -0.007 -0.792 -0.0 -0.369 -0.486 -0.844 -0.0 0.262 -0.468 0.822 0.0 -0.428 -0.376 0.887 0.0 0.194 -0.42 -0.693 -0.0 -0.18 -0.699 -0.911 -0.0 -0.407 0.069 0.715 -0.0 -0.191 -0.673 0.922 0.0 -0.365 0.131 
0.998 -0.061 -0.013 -0.007 -0.792 -0.0 -0.371 -0.485 -0.844 0.0 0.261 -0.468 0.823 -0.0 -0.426 -0.377 0.886 0.0 0.195 -0.421 -0.693 -0.0 -0.18 -0.699 -0.911 -0.0 -0.407 0.069 0.715 0.0 -0.191 -0.673 0.922 0.0 -0.365 0.131 
0.998 -0.061 -0.013 -0.007 -0.792 -0.0 -0.373 -0.484 -0.845 -0.0 0.26 -0.467 0.823 0.0 -0.424 -0.378 0.885 0.0 0.196 -0.422 -0.693 -0.0 -0.18 -0.699 -0.911 -0.0 -0.407 0.069 0.715 0.0 -0.191 -0.673 0.922 0.0 -0.365 0.131 
0.998 -0.061 -0.013 -0.007 -0.792 -0.0 -0.375 -0.483 -0.846 -0.0 0.259 -0.466 0.824 0.0 -0.421 -0.379 0.884 0.0 0.197 -0.423 -0.693 0.0 -0.18 -0.698 -0.911 -0.0 -0.407 0.069 0.715 0.0 -0.191 -0.673 0.922 0.0 -0.365 0.131 
0.998 -0.061 -0.013 -0.007 -0.791 -0.0 -0.377 -0.481 -0.846 -0.0 0.259 -0.466 0.824 0.0 -0.419 -0.38 0.884 0.0 0.198 -0.423 -0.693 0.0 -0.18 -0.698 -0.911 -0.0 -0.407 0.069 0.715 -0.0 -0.191 -0.673 0.922 0.0 -0.365 0.131 
0.998 -0.061 -0.013 -0.007 -0.791 -0.0 -0.379 -0.48 -0.847 -0.0 0.258 -0.465 0.825 0.0 -0.417 -0.382 0.883 0.0 0.2 -0.424 -0.693 -0.0 -0.18 -0.698 -0.911 -0.0 -0.407 0.069 0.715 0.0 -0.191 -0.673 0.922 0.0 -0.365 0.132 
0.998 -0.062 -0.013 -0.007 -0.791 -0.0 -0.381 -0.479 -0.847 -0.0 0.256 -0.465 0.825 0.0 -0.414 -0.384 0.883 0.0 0.2 -0.425 -0.693 -0.0 -0.18 -0.698 -0.911 -0.0 -0.407 0.069 0.715 0.0 -0.191 -0.673 0.922 0.0 -0.365 0.132 
0.998 -0.062 -0.013 -0.007 -0.79 -0.0 -0.383 -0.478 -0.848 -0.0 0.255 -0.465 0.826 0.0 -0.412 -0.385 0.882 0.0 0.2 -0.426 -0.693 -0.0 -0.18 -0.698 -0.911 -0.0 -0.407 0.069 0.715 0.0 -0.191 -0.672 0.922 -0.0 -0.365 0.132 
0.998 -0.062 -0.013 -0.007 -0.79 -0.0 -0.386 -0.477 -0.848 -0.0 0.253 -0.466 0.827 0.0 -0.409 -0.386 0.882 0.0 0.201 -0.427 -0.693 -0.0 -0.181 -0.698 -0.911 -0.0 -0.407 0.069 0.715 -0.0 -0.191 -0.672 0.922 0.0 -0.365 0.132 
0.998 -0.062 -0.013 -0.007 -0.79 -0.0 -0.388 -0.475 -0.849 -0.0 0.253 -0.464 0.828 0.0 -0.407 -0.387 0.88 0.0 0.202 -0.429 -0.693 -0.0 -0.181 -0.698 -0.911 -0.0 -0.406 0.07 0.715 0.0 -0.192 -0.672 0.922 0.0 -0.365 0.132 
0.998 -0.062 -0.013 -0.007 -0.79 -0.0 -0.39 -0.474 -0.849 0.0 0.252 -0.464 0.828 0.0 -0.404 -0.389 0.88 0.0 0.203 -0.429 -0.693 -0.0 -0.181 -0.698 -0.911 -0.0 -0.406 0.07 0.715 0.0 -0.192 -0.672 0.922 0.0 -0.365 0.133 
0.998 -0.062 -0.013 -0.007 -0.789 0.0 -0.393 -0.472 -0.849 -0.0 0.25 -0.465 0.828 0.0 -0.402 -0.391 0.88 -0.0 0.204 -0.429 -0.693 -0.0 -0.181 -0.698 -0.911 -0.0 -0.407 0.07 0.715 0.0 -0.192 -0.672 0.922 0.0 -0.365 0.132 
0.998 -0.062 -0.013 -0.007 -0.789 -0.0 -0.395 -0.471 -0.85 0.0 0.249 -0.463 0.829 0.0 -0.399 -0.391 0.878 0.0 0.205 -0.432 -0.693 -0.0 -0.181 -0.698 -0.911 -0.0 -0.407 0.07 0.715 0.0 -0.192 -0.672 0.922 0.0 -0.365 0.132 
0.998 -0.062 -0.012 -0.007 -0.789 -0.0 -0.397 -0.469 -0.851 -0.0 0.248 -0.463 0.829 0.0 -0.397 -0.394 0.878 0.0 0.207 -0.431 -0.693 -0.0 -0.181 -0.698 -0.911 0.0 -0.406 0.07 0.715 0.0 -0.192 -0.672 0.922 0.0 -0.365 0.132 
0.998 -0.062 -0.013 -0.007 -0.788 -0.0 -0.4 -0.468 -0.852 -0.0 0.247 -0.462 0.829 0.0 -0.395 -0.395 0.878 0.0 0.208 -0.432 -0.693 -0.0 -0.181 -0.698 -0.911 -0.0 -0.406 0.07 0.715 0.0 -0.192 -0.672 0.922 0.0 -0.365 0.132 
0.998 -0.062 -0.012 -0.007 -0.788 0.0 -0.403 -0.466 -0.852 -0.0 0.245 -0.462 0.83 0.0 -0.392 -0.397 0.877 0.0 0.209 -0.433 -0.693 -0.0 -0.181 -0.698 -0.911 0.0 -0.406 0.07 0.715 0.0 -0.192 -0.672 0.922 -0.0 -0.365 0.132 
0.998 -0.062 -0.012 -0.007 -0.787 -0.0 -0.406 -0.464 -0.853 -0.0 0.244 -0.461 0.83 -0.0 -0.39 -0.398 0.876 -0.0 0.21 -0.434 -0.693 -0.0 -0.181 -0.698 -0.911 -0.0 -0.407 0.07 0.715 0.0 -0.192 -0.672 0.922 0.0 -0.365 0.132 
0.998 -0.062 -0.012 -0.007 -0.787 -0.0 -0.408 -0.463 -0.854 -0.0 0.242 -0.461 0.831 0.0 -0.387 -0.4 0.875 0.0 0.211 -0.435 -0.693 -0.0 -0.181 -0.698 -0.911 -0.0 -0.406 0.07 0.715 0.0 -0.192 -0.672 0.922 -0.0 -0.365 0.132 
0.998 -0.062 -0.012 -0.007 -0.787 -0.0 -0.411 -0.461 -0.854 -0.0 0.24 -0.461 0.832 0.0 -0.385 -0.401 0.874 0.0 0.211 -0.438 -0.693 -0.0 -0.181 -0.698 -0.911 -0.0 -0.407 0.07 0.715 -0.0 -0.192 -0.672 0.922 0.0 -0.365 0.132 
0.998 -0.062 -0.012 -0.007 -0.786 -0.0 -0.413 -0.459 -0.855 0.0 0.237 -0.462 0.831 0.0 -0.382 -0.404 0.874 0.0 0.213 -0.436 -0.693 0.0 -0.181 -0.698 -0.911 -0.0 -0.406 0.07 0.715 0.0 -0.192 -0.672 0.922 0.0 -0.365 0.132 
0.998 -0.062 -0.012 -0.008 -0.786 -0.0 -0.416 -0.458 -0.856 -0.0 0.235 -0.461 0.832 0.0 -0.38 -0.405 0.874 -0.0 0.214 -0.437 -0.693 -0.0 -0.182 -0.698 -0.911 -0.0 -0.406 0.07 0.715 -0.0 -0.192 -0.672 0.922 0.0 -0.365 0.132 
0.998 -0.062 -0.012 -0.008 -0.785 -0.0 -0.418 -0.456 -0.856 -0.0 0.233 -0.461 0.832 -0.0 -0.378 -0.406 0.872 0.0 0.214 -0.44 -0.693 -0.0 -0.181 -0.698 -0.911 -0.0 -0.406 0.07 0.715 -0.0 -0.192 -0.672 0.922 0.0 -0.365 0.132 
0.998 -0.062 -0.012 -0.008 -0.785 -0.0 -0.421 -0.455 -0.857 -0.0 0.231 -0.46 0.832 0.0 -0.376 -0.407 0.872 0.0 0.216 -0.439 -0.693 -0.0 -0.182 -0.698 -0.911 -0.0 -0.406 0.07 0.715 0.0 -0.192 -0.672 0.922 0.0 -0.365 0.132 
0.998 -0.062 -0.012 -0.007 -0.784 -0.0 -0.423 -0.454 -0.859 -0.0 0.228 -0.459 0.832 0.0 -0.373 -0.409 0.872 0.0 0.217 -0.439 -0.693 -0.0 -0.182 -0.698 -0.911 0.0 -0.406 0.07 0.715 -0.0 -0.192 -0.672 0.922 -0.0 -0.365 0.132 
0.998 -0.062 -0.012 -0.007 -0.784 -0.0 -0.425 -0.452 -0.859 0.0 0.226 -0.459 0.833 0.0 -0.371 -0.411 0.871 -0.0 0.217 -0.44 -0.693 -0.0 -0.182 -0.698 -0.911 -0.0 -0.406 0.07 0.715 0.0 -0.192 -0.672 0.922 0.0 -0.365 0.132 
0.998 -0.062 -0.012 -0.008 -0.783 -0.0 -0.428 -0.451 -0.86 -0.0 0.224 -0.458 0.833 -0.0 -0.369 -0.413 0.871 0.0 0.219 -0.44 -0.693 -0.0 -0.182 -0.698 -0.911 -0.0 -0.405 0.071 0.715 0.0 -0.192 -0.672 0.922 0.0 -0.365 0.132 
0.998 -0.062 -0.012 -0.007 -0.783 -0.0 -0.43 -0.449 -0.861 -0.0 0.222 -0.457 0.833 -0.0 -0.366 -0.414 0.87 0.0 0.22 -0.441 -0.693 0.0 -0.182 -0.698 -0.912 0.0 -0.405 0.071 0.715 -0.0 -0.192 -0.672 0.922 0.0 -0.365 0.132 
0.998 -0.062 -0.012 -0.008 -0.783 -0.0 -0.432 -0.448 -0.862 -0.0 0.22 -0.456 0.833 0.0 -0.364 -0.416 0.869 0.0 0.22 -0.443 -0.693 -0.0 -0.183 -0.698 -0.912 -0.0 -0.405 0.071 0.715 0.0 -0.192 -0.672 0.922 -0.0 -0.365 0.131 
0.998 -0.062 -0.012 -0.008 -0.782 0.0 -0.435 -0.446 -0.863 -0.0 0.218 -0.456 0.833 0.0 -0.362 -0.417 0.868 0.0 0.221 -0.444 -0.693 0.0 -0.183 -0.698 -0.912 -0.0 -0.405 0.071 0.715 0.0 -0.192 -0.672 0.922 -0.0 -0.365 0.131 
0.998 -0.062 -0.012 -0.008 -0.782 -0.0 -0.437 -0.445 -0.864 -0.0 0.216 -0.455 0.834 0.0 -0.36 -0.419 0.868 0.0 0.222 -0.445 -0.693 -0.0 -0.183 -0.698 -0.912 -0.0 -0.405 0.071 0.715 0.0 -0.192 -0.672 0.922 0.0 -0.365 0.131 
0.998 -0.062 -0.012 -0.008 -0.781 -0.0 -0.439 -0.444 -0.865 -0.0 0.214 -0.454 0.834 0.0 -0.358 -0.421 0.867 0.0 0.223 -0.445 -0.693 -0.0 -0.183 -0.698 -0.912 -0.0 -0.404 0.071 0.715 0.0 -0.192 -0.672 0.922 0.0 -0.365 0.131 
0.998 -0.062 -0.012 -0.007 -0.781 -0.0 -0.441 -0.442 -0.866 -0.0 0.212 -0.454 0.834 0.0 -0.356 -0.422 0.866 0.0 0.224 -0.447 -0.693 -0.0 -0.183 -0.698 -0.912 0.0 -0.404 0.071 0.715 0.0 -0.192 -0.672 0.922 0.0 -0.365 0.131 
0.998 -0.062 -0.012 -0.007 -0.781 -0.0 -0.443 -0.441 -0.866 -0.0 0.21 -0.453 0.834 -0.0 -0.354 -0.424 0.865 0.0 0.225 -0.447 -0.693 -0.0 -0.183 -0.698 -0.912 -0.0 -0.404 0.071 0.715 0.0 -0.192 -0.672 0.922 0.0 -0.365 0.131 
0.998 -0.062 -0.012 -0.007 -0.781 -0.0 -0.445 -0.439 -0.867 -0.0 0.209 -0.452 0.834 0.0 -0.352 -0.426 0.865 0.0 0.227 -0.448 -0.693 -0.0 -0.183 -0.698 -0.912 -0.0 -0.404 0.071 0.715 0.0 -0.192 -0.672 0.922 -0.0 -0.365 0.131 
0.998 -0.061 -0.012 -0.008 -0.78 0.0 -0.447 -0.438 -0.868 -0.0 0.207 -0.451 0.834 0.0 -0.35 -0.426 0.864 -0.0 0.228 -0.45 -0.693 -0.0 -0.183 -0.698 -0.912 -0.0 -0.404 0.071 0.715 0.0 -0.191 -0.672 0.922 0.0 -0.365 0.131 
0.998 -0.061 -0.012 -0.008 -0.78 -0.0 -0.448 -0.437 -0.869 -0.0 0.205 -0.451 0.834 0.0 -0.348 -0.428 0.863 0.0 0.229 -0.45 -0.692 0.0 -0.183 -0.698 -0.912 0.0 -0.404 0.071 0.715 0.0 -0.191 -0.672 0.922 -0.0 -0.365 0.131 
0.998 -0.061 -0.012 -0.007 -0.779 -0.0 -0.45 -0.436 -0.869 -0.0 0.204 -0.45 0.834 -0.0 -0.347 -0.429 0.862 0.0 0.23 -0.452 -0.693 -0.0 -0.182 -0.698 -0.912 -0.0 -0.404 0.07 0.715 0.0 -0.191 -0.672 0.922 0.0 -0.365 0.131 
0.998 -0.061 -0.012 -0.007 -0.779 -0.0 -0.452 -0.435 -0.87 -0.0 0.202 -0.449 0.834 0.0 -0.345 -0.431 0.861 0.0 0.231 -0.453 -0.693 -0.0 -0.182 -0.698 -0.912 -0.0 -0.403 0.071 0.715 0.0 -0.191 -0.672 0.922 0.0 -0.365 0.131 
0.998 -0.061 -0.012 -0.008 -0.779 -0.0 -0.453 -0.434 -0.871 -0.0 0.201 -0.449 0.834 0.0 -0.343 -0.432 0.86 0.0 0.232 -0.454 -0.693 -0.0 -0.182 -0.698 -0.912 0.0 -0.404 0.07 0.715 0.0 -0.191 -0.672 0.922 0.0 -0.365 0.131 
0.998 -0.061 -0.012 -0.008 -0.778 -0.0 -0.455 -0.433 -0.872 -0.0 0.199 -0.448 0.834 -0.0 -0.342 -0.433 0.859 0.0 0.233 -0.455 -0.692 -0.0 -0.181 -0.698 -0.912 -0.0 -0.404 0.07 0.715 0.0 -0.191 -0.672 0.922 0.0 -0.365 0.13 
0.998 -0.061 -0.012 -0.008 -0.778 -0.0 -0.457 -0.431 -0.872 -0.0 0.198 -0.447 0.834 0.0 -0.34 -0.435 0.859 0.0 0.234 -0.456 -0.693 -0.0 -0.181 -0.698 -0.912 0.0 -0.404 0.07 0.715 0.0 -0.191 -0.672 0.922 0.0 -0.365 0.13 
0.998 -0.061 -0.012 -0.007 -0.778 -0.0 -0.458 -0.431 -0.873 0.0 0.197 -0.446 0.834 0.0 -0.338 -0.436 0.858 0.0 0.235 -0.458 -0.693 -0.0 -0.181 -0.698 -0.912 0.0 -0.404 0.07 0.715 0.0 -0.19 -0.672 0.922 0.0 -0.365 0.13 
0.998 -0.061 -0.012 -0.008 -0.777 -0.0 -0.46 -0.43 -0.873 -0.0 0.196 -0.446 0.834 0.0 -0.337 -0.437 0.857 0.0 0.235 -0.459 -0.692 -0.0 -0.181 -0.698 -0.912 -0.0 -0.404 0.07 0.715 0.0 -0.19 -0.672 0.922 -0.0 -0.365 0.13 
0.998 -0.06 -0.012 -0.008 -0.777 -0.0 -0.461 -0.429 -0.874 -0.0 0.195 -0.445 0.834 0.0 -0.336 -0.439 0.856 0.0 0.236 -0.46 -0.693 -0.0 -0.181 -0.698 -0.912 -0.0 -0.404 0.07 0.715 0.0 -0.19 -0.672 0.922 0.0 -0.365 0.13 
0.998 -0.06 -0.012 -0.007 -0.776 -0.0 -0.463 -0.428 -0.875 0.0 0.194 -0.444 0.834 0.0 -0.334 -0.44 0.855 0.0 0.237 -0.461 -0.693 -0.0 -0.18 -0.698 -0.912 -0.0 -0.405 0.07 0.715 -0.0 -0.19 -0.673 0.922 0.0 -0.365 0.13 
0.998 -0.06 -0.012 -0.008 -0.776 -0.0 -0.464 -0.427 -0.875 -0.0 0.193 -0.444 0.833 0.0 -0.333 -0.441 0.855 -0.0 0.239 -0.461 -0.693 -0.0 -0.181 -0.698 -0.912 -0.0 -0.405 0.07 0.715 -0.0 -0.19 -0.672 0.922 -0.0 -0.365 0.13 
0.998 -0.06 -0.012 -0.008 -0.776 -0.0 -0.465 -0.426 -0.876 -0.0 0.192 -0.443 0.834 0.0 -0.332 -0.442 0.853 0.0 0.239 -0.463 -0.693 0.0 -0.18 -0.698 -0.912 -0.0 -0.405 0.07 0.715 0.0 -0.189 -0.672 0.922 -0.0 -0.366 0.129 
0.998 -0.06 -0.012 -0.008 -0.775 -0.0 -0.467 -0.426 -0.876 -0.0 0.192 -0.442 0.833 -0.0 -0.33 -0.443 0.853 0.0 0.24 -0.464 -0.693 -0.0 -0.18 -0.698 -0.912 -0.0 -0.405 0.07 0.715 0.0 -0.189 -0.672 0.922 0.0 -0.366 0.13 
0.998 -0.06 -0.012 -0.008 -0.775 -0.0 -0.468 -0.425 -0.877 -0.0 0.191 -0.441 0.833 0.0 -0.329 -0.444 0.852 0.0 0.241 -0.465 -0.693 -0.0 -0.18 -0.698 -0.912 0.0 -0.405 0.07 0.716 -0.0 -0.189 -0.672 0.922 0.0 -0.365 0.129 
0.998 -0.06 -0.012 -0.007 -0.775 -0.0 -0.469 -0.424 -0.877 -0.0 0.19 -0.44 0.833 0.0 -0.328 -0.445 0.851 0.0 0.241 -0.466 -0.693 -0.0 -0.18 -0.698 -0.912 0.0 -0.405 0.07 0.716 0.0 -0.189 -0.672 0.922 0.0 -0.366 0.129 
0.998 -0.06 -0.012 -0.008 -0.774 -0.0 -0.47 -0.424 -0.878 0.0 0.19 -0.44 0.833 0.0 -0.326 -0.447 0.851 0.0 0.242 -0.466 -0.693 -0.0 -0.18 -0.699 -0.912 0.0 -0.405 0.069 0.716 0.0 -0.189 -0.672 0.922 0.0 -0.365 0.129 
0.998 -0.06 -0.012 -0.007 -0.774 -0.0 -0.471 -0.423 -0.878 -0.0 0.19 -0.439 0.833 -0.0 -0.325 -0.448 0.85 0.0 0.242 -0.468 -0.693 -0.0 -0.179 -0.698 -0.912 -0.0 -0.405 0.069 0.716 -0.0 -0.189 -0.672 0.922 0.0 -0.366 0.129 
0.998 -0.06 -0.012 -0.007 -0.774 -0.0 -0.472 -0.423 -0.879 -0.0 0.19 -0.438 0.833 -0.0 -0.324 -0.449 0.849 0.0 0.243 -0.469 -0.693 -0.0 -0.179 -0.699 -0.911 -0.0 -0.406 0.069 0.716 -0.0 -0.189 -0.672 0.922 0.0 -0.365 0.129 
0.998 -0.06 -0.012 -0.008 -0.773 -0.0 -0.473 -0.422 -0.88 -0.0 0.19 -0.436 0.833 0.0 -0.323 -0.45 0.848 0.0 0.243 -0.471 -0.693 -0.0 -0.179 -0.699 -0.911 -0.0 -0.405 0.069 0.716 0.0 -0.189 -0.672 0.922 -0.0 -0.366 0.129 
0.998 -0.06 -0.012 -0.008 -0.773 -0.0 -0.474 -0.422 -0.88 -0.0 0.19 -0.435 0.832 -0.0 -0.322 -0.451 0.847 0.0 0.243 -0.472 -0.693 -0.0 -0.179 -0.699 -0.911 -0.0 -0.406 0.069 0.716 0.0 -0.189 -0.672 0.922 0.0 -0.366 0.129 
0.998 -0.06 -0.012 -0.008 -0.772 -0.0 -0.475 -0.422 -0.881 -0.0 0.19 -0.434 0.832 0.0 -0.321 -0.452 0.847 0.0 0.244 -0.473 -0.693 0.0 -0.179 -0.699 -0.911 -0.0 -0.406 0.069 0.716 0.0 -0.189 -0.672 0.922 0.0 -0.366 0.129 
0.998 -0.06 -0.012 -0.008 -0.772 -0.0 -0.476 -0.422 -0.882 -0.0 0.189 -0.432 0.832 0.0 -0.321 -0.452 0.845 0.0 0.243 -0.475 -0.693 -0.0 -0.179 -0.699 -0.911 -0.0 -0.406 0.07 0.716 0.0 -0.189 -0.672 0.921 0.0 -0.367 0.13 
0.998 -0.06 -0.012 -0.008 -0.772 -0.0 -0.476 -0.422 -0.883 -0.0 0.189 -0.43 0.832 0.0 -0.32 -0.453 0.845 0.0 0.244 -0.476 -0.693 -0.0 -0.179 -0.699 -0.911 0.0 -0.406 0.07 0.716 -0.0 -0.189 -0.672 0.922 0.0 -0.365 0.129 
0.998 -0.06 -0.012 -0.008 -0.771 -0.0 -0.477 -0.421 -0.883 -0.0 0.189 -0.429 0.832 0.0 -0.32 -0.454 0.844 0.0 0.245 -0.477 -0.693 -0.0 -0.179 -0.699 -0.911 -0.0 -0.406 0.069 0.716 0.0 -0.189 -0.672 0.922 0.0 -0.366 0.129 
0.998 -0.06 -0.012 -0.008 -0.771 -0.0 -0.477 -0.421 -0.884 -0.0 0.189 -0.427 0.832 0.0 -0.319 -0.454 0.843 0.0 0.246 -0.478 -0.693 -0.0 -0.179 -0.699 -0.911 -0.0 -0.406 0.069 0.716 0.0 -0.189 -0.672 0.922 -0.0 -0.366 0.129 
0.998 -0.06 -0.012 -0.008 -0.771 -0.0 -0.478 -0.421 -0.885 -0.0 0.189 -0.426 0.831 0.0 -0.318 -0.456 0.843 0.0 0.247 -0.478 -0.693 -0.0 -0.179 -0.699 -0.911 -0.0 -0.406 0.069 0.716 0.0 -0.189 -0.672 0.922 0.0 -0.365 0.129 
0.998 -0.06 -0.012 -0.008 -0.771 -0.0 -0.478 -0.421 -0.885 -0.0 0.189 -0.425 0.831 0.0 -0.317 -0.456 0.842 0.0 0.247 -0.479 -0.693 0.0 -0.179 -0.699 -0.911 -0.0 -0.406 0.069 0.716 0.0 -0.189 -0.672 0.922 0.0 -0.365 0.129 
0.998 -0.06 -0.012 -0.008 -0.771 -0.0 -0.479 -0.421 -0.886 -0.0 0.189 -0.424 0.831 0.0 -0.317 -0.457 0.842 0.0 0.247 -0.48 -0.693 -0.0 -0.179 -0.699 -0.911 -0.0 -0.406 0.069 0.716 0.0 -0.189 -0.672 0.922 0.0 -0.366 0.129 
0.998 -0.06 -0.012 -0.008 -0.77 -0.0 -0.479 -0.421 -0.886 -0.0 0.189 -0.423 0.831 -0.0 -0.316 -0.458 0.841 0.0 0.248 -0.481 -0.693 -0.0 -0.179 -0.699 -0.911 -0.0 -0.406 0.069 0.716 -0.0 -0.189 -0.672 0.922 0.0 -0.365 0.129 
0.998 -0.06 -0.012 -0.008 -0.77 -0.0 -0.479 -0.421 -0.887 -0.0 0.189 -0.422 0.831 0.0 -0.316 -0.458 0.841 0.0 0.248 -0.481 -0.693 -0.0 -0.179 -0.699 -0.911 -0.0 -0.406 0.07 0.716 0.0 -0.189 -0.672 0.922 0.0 -0.365 0.129 
0.998 -0.06 -0.012 -0.008 -0.77 -0.0 -0.479 -0.421 -0.887 -0.0 0.189 -0.421 0.831 -0.0 -0.315 -0.458 0.84 0.0 0.248 -0.482 -0.693 -0.0 -0.179 -0.699 -0.911 -0.0 -0.406 0.069 0.716 0.0 -0.189 -0.672 0.922 0.0 -0.365 0.129 
0.998 -0.06 -0.012 -0.008 -0.77 -0.0 -0.479 -0.421 -0.887 -0.0 0.189 -0.42 0.831 -0.0 -0.315 -0.459 0.84 0.0 0.248 -0.483 -0.693 -0.0 -0.179 -0.699 -0.911 -0.0 -0.406 0.07 0.716 -0.0 -0.189 -0.672 0.922 0.0 -0.365 0.129 
0.998 -0.06 -0.012 -0.008 -0.77 -0.0 -0.479 -0.421 -0.888 -0.0 0.19 -0.42 0.831 0.0 -0.315 -0.459 0.84 0.0 0.248 -0.483 -0.693 -0.0 -0.179 -0.699 -0.911 -0.0 -0.406 0.069 0.716 0.0 -0.189 -0.672 0.922 0.0 -0.365 0.129 
0.998 -0.06 -0.012 -0.008 -0.77 -0.0 -0.479 -0.421 -0.888 -0.0 0.19 -0.419 0.831 0.0 -0.315 -0.459 0.839 0.0 0.248 -0.484 -0.693 -0.0 -0.179 -0.699 -0.911 -0.0 -0.406 0.07 0.716 0.0 -0.189 -0.672 0.922 0.0 -0.365 0.129 
0.998 -0.06 -0.012 -0.008 -0.77 -0.0 -0.479 -0.42 -0.888 -0.0 0.19 -0.419 0.831 -0.0 -0.315 -0.459 0.839 0.0 0.248 -0.485 -0.693 -0.0 -0.179 -0.699 -0.911 -0.0 -0.406 0.07 0.716 0.0 -0.189 -0.672 0.922 0.0 -0.365 0.129 
0.998 -0.06 -0.011 -0.008 -0.77 -0.0 -0.479 -0.421 -0.888 -0.0 0.19 -0.418 0.83 0.0 -0.316 -0.459 0.839 0.0 0.248 -0.484 -0.693 -0.0 -0.179 -0.699 -0.911 0.0 -0.406 0.07 0.716 -0.0 -0.19 -0.672 0.922 0.0 -0.365 0.129 
0.998 -0.06 -0.012 -0.008 -0.77 -0.0 -0.479 -0.421 -0.888 -0.0 0.191 -0.418 0.83 0.0 -0.316 -0.459 0.838 -0.0 0.248 -0.485 -0.693 0.0 -0.179 -0.699 -0.911 -0.0 -0.407 0.069 0.716 -0.0 -0.19 -0.672 0.922 0.0 -0.365 0.129 
0.998 -0.06 -0.012 -0.008 -0.771 -0.0 -0.479 -0.42 -0.888 -0.0 0.191 -0.418 0.83 0.0 -0.317 -0.459 0.839 0.0 0.248 -0.485 -0.693 0.0 -0.179 -0.699 -0.911 -0.0 -0.406 0.07 0.716 0.0 -0.19 -0.672 0.922 -0.0 -0.365 0.129 
0.998 -0.06 -0.012 -0.008 -0.771 -0.0 -0.478 -0.421 -0.888 -0.0 0.191 -0.418 0.83 0.0 -0.318 -0.458 0.838 0.0 0.248 -0.486 -0.693 -0.0 -0.179 -0.699 -0.911 -0.0 -0.406 0.07 0.716 -0.0 -0.19 -0.672 0.922 0.0 -0.365 0.129 
0.998 -0.06 -0.012 -0.008 -0.771 -0.0 -0.478 -0.421 -0.888 -0.0 0.191 -0.418 0.83 -0.0 -0.319 -0.458 0.838 0.0 0.248 -0.485 -0.693 -0.0 -0.179 -0.699 -0.911 -0.0 -0.406 0.07 0.716 0.0 -0.19 -0.672 0.922 0.0 -0.365 0.129 
0.998 -0.06 -0.011 -0.008 -0.771 -0.0 -0.478 -0.421 -0.888 0.0 0.192 -0.418 0.83 0.0 -0.32 -0.457 0.839 0.0 0.248 -0.484 -0.693 -0.0 -0.179 -0.699 -0.911 -0.0 -0.406 0.07 0.716 0.0 -0.19 -0.672 0.922 0.0 -0.365 0.129 
0.998 -0.061 -0.011 -0.008 -0.771 -0.0 -0.477 -0.421 -0.887 -0.0 0.193 -0.419 0.83 0.0 -0.321 -0.457 0.839 0.0 0.246 -0.485 -0.693 0.0 -0.18 -0.698 -0.911 -0.0 -0.406 0.07 0.716 0.0 -0.19 -0.672 0.922 0.0 -0.365 0.13 
0.998 -0.061 -0.011 -0.008 -0.771 0.0 -0.477 -0.421 -0.887 -0.0 0.193 -0.419 0.83 -0.0 -0.322 -0.456 0.84 0.0 0.247 -0.484 -0.693 -0.0 -0.18 -0.698 -0.911 -0.0 -0.406 0.07 0.716 0.0 -0.19 -0.672 0.922 -0.0 -0.365 0.13 
0.998 -0.061 -0.011 -0.008 -0.772 -0.0 -0.476 -0.422 -0.886 -0.0 0.194 -0.42 0.829 0.0 -0.324 -0.455 0.84 0.0 0.245 -0.484 -0.693 0.0 -0.18 -0.698 -0.911 -0.0 -0.406 0.07 0.716 0.0 -0.19 -0.672 0.922 0.0 -0.365 0.129 
0.998 -0.061 -0.011 -0.008 -0.772 -0.0 -0.476 -0.422 -0.886 -0.0 0.195 -0.421 0.829 0.0 -0.325 -0.454 0.84 0.0 0.244 -0.485 -0.693 -0.0 -0.18 -0.698 -0.911 -0.0 -0.407 0.07 0.716 0.0 -0.19 -0.672 0.922 0.0 -0.365 0.129 
0.998 -0.061 -0.011 -0.008 -0.772 -0.0 -0.475 -0.422 -0.885 -0.0 0.196 -0.422 0.829 0.0 -0.327 -0.453 0.841 0.0 0.243 -0.484 -0.693 0.0 -0.18 -0.698 -0.911 -0.0 -0.407 0.07 0.716 -0.0 -0.191 -0.672 0.922 0.0 -0.365 0.13 
0.998 -0.061 -0.011 -0.008 -0.772 -0.0 -0.474 -0.422 -0.884 -0.0 0.196 -0.424 0.829 0.0 -0.329 -0.453 0.841 0.0 0.243 -0.483 -0.693 -0.0 -0.18 -0.698 -0.911 -0.0 -0.406 0.07 0.716 0.0 -0.191 -0.672 0.922 0.0 -0.365 0.13 
0.998 -0.061 -0.011 -0.008 -0.773 -0.0 -0.473 -0.423 -0.884 -0.0 0.197 -0.425 0.829 0.0 -0.331 -0.451 0.842 0.0 0.242 -0.482 -0.693 -0.0 -0.18 -0.698 -0.911 0.0 -0.407 0.07 0.716 0.0 -0.191 -0.672 0.922 0.0 -0.365 0.13 
0.998 -0.061 -0.011 -0.008 -0.773 -0.0 -0.472 -0.423 -0.883 -0.0 0.198 -0.426 0.829 -0.0 -0.333 -0.449 0.842 0.0 0.241 -0.482 -0.693 -0.0 -0.18 -0.698 -0.911 0.0 -0.406 0.07 0.716 0.0 -0.191 -0.672 0.922 0.0 -0.365 0.13 
0.998 -0.061 -0.011 -0.008 -0.774 -0.0 -0.471 -0.424 -0.882 -0.0 0.198 -0.427 0.829 0.0 -0.335 -0.448 0.843 0.0 0.24 -0.482 -0.693 -0.0 -0.18 -0.698 -0.911 0.0 -0.407 0.07 0.716 0.0 -0.191 -0.672 0.922 -0.0 -0.365 0.13 
0.998 -0.061 -0.011 -0.008 -0.774 -0.0 -0.47 -0.424 -0.881 -0.0 0.199 -0.429 0.829 -0.0 -0.337 -0.447 0.844 0.0 0.239 -0.481 -0.693 -0.0 -0.18 -0.698 -0.911 -0.0 -0.407 0.07 0.716 -0.0 -0.191 -0.672 0.922 0.0 -0.365 0.13 
0.998 -0.061 -0.011 -0.008 -0.774 -0.0 -0.469 -0.424 -0.88 -0.0 0.2 -0.43 0.828 0.0 -0.34 -0.445 0.845 0.0 0.237 -0.48 -0.693 -0.0 -0.18 -0.698 -0.911 -0.0 -0.407 0.07 0.716 0.0 -0.191 -0.672 0.922 0.0 -0.365 0.13 
0.998 -0.061 -0.011 -0.008 -0.775 -0.0 -0.468 -0.425 -0.879 -0.0 0.201 -0.432 0.828 0.0 -0.342 -0.444 0.846 0.0 0.236 -0.479 -0.693 -0.0 -0.18 -0.698 -0.911 0.0 -0.407 0.07 0.716 0.0 -0.191 -0.671 0.922 0.0 -0.365 0.13 
0.998 -0.061 -0.011 -0.008 -0.775 0.0 -0.467 -0.425 -0.878 0.0 0.202 -0.433 0.828 -0.0 -0.344 -0.443 0.847 0.0 0.235 -0.477 -0.693 -0.0 -0.18 -0.698 -0.911 -0.0 -0.407 0.07 0.716 0.0 -0.191 -0.672 0.922 -0.0 -0.365 0.13 
0.998 -0.061 -0.011 -0.008 -0.776 -0.0 -0.466 -0.426 -0.878 -0.0 0.203 -0.434 0.828 0.0 -0.347 -0.441 0.848 0.0 0.234 -0.476 -0.693 -0.0 -0.18 -0.698 -0.911 0.0 -0.406 0.071 0.716 0.0 -0.191 -0.671 0.922 0.0 -0.365 0.13 
0.998 -0.061 -0.011 -0.008 -0.776 -0.0 -0.465 -0.426 -0.877 -0.0 0.203 -0.436 0.828 0.0 -0.349 -0.44 0.849 0.0 0.233 -0.474 -0.693 -0.0 -0.181 -0.698 -0.911 -0.0 -0.407 0.071 0.716 0.0 -0.192 -0.671 0.922 0.0 -0.365 0.13 
0.998 -0.061 -0.011 -0.008 -0.777 -0.0 -0.463 -0.427 -0.876 -0.0 0.204 -0.437 0.827 0.0 -0.352 -0.438 0.85 0.0 0.231 -0.473 -0.693 -0.0 -0.18 -0.698 -0.911 -0.0 -0.406 0.071 0.716 0.0 -0.191 -0.671 0.922 0.0 -0.365 0.13 
0.998 -0.061 -0.011 -0.008 -0.777 -0.0 -0.462 -0.427 -0.875 -0.0 0.205 -0.439 0.827 0.0 -0.354 -0.436 0.851 -0.0 0.23 -0.472 -0.693 0.0 -0.18 -0.698 -0.911 0.0 -0.407 0.07 0.716 0.0 -0.191 -0.671 0.921 0.0 -0.366 0.131 
0.998 -0.061 -0.011 -0.008 -0.778 -0.0 -0.461 -0.427 -0.873 -0.0 0.206 -0.441 0.827 0.0 -0.356 -0.434 0.852 0.0 0.228 -0.471 -0.693 -0.0 -0.18 -0.698 -0.911 0.0 -0.406 0.071 0.716 -0.0 -0.191 -0.671 0.922 0.0 -0.365 0.129 
0.998 -0.061 -0.011 -0.008 -0.779 -0.0 -0.459 -0.428 -0.872 -0.0 0.207 -0.443 0.827 0.0 -0.358 -0.433 0.853 0.0 0.226 -0.47 -0.693 -0.0 -0.18 -0.698 -0.911 -0.0 -0.407 0.07 0.716 -0.0 -0.191 -0.671 0.922 0.0 -0.365 0.13 
0.998 -0.061 -0.011 -0.008 -0.779 -0.0 -0.458 -0.428 -0.871 -0.0 0.208 -0.445 0.827 0.0 -0.361 -0.431 0.854 0.0 0.225 -0.469 -0.693 -0.0 -0.18 -0.698 -0.911 -0.0 -0.406 0.071 0.716 0.0 -0.191 -0.671 0.922 0.0 -0.365 0.129 
0.998 -0.061 -0.011 -0.008 -0.78 0.0 -0.457 -0.429 -0.87 -0.0 0.208 -0.446 0.827 0.0 -0.363 -0.429 0.855 0.0 0.224 -0.468 -0.693 -0.0 -0.18 -0.698 -0.911 -0.0 -0.406 0.07 0.716 0.0 -0.191 -0.671 0.922 0.0 -0.365 0.129 
0.998 -0.061 -0.011 -0.008 -0.78 -0.0 -0.455 -0.429 -0.869 -0.0 0.209 -0.448 0.827 0.0 -0.365 -0.428 0.856 0.0 0.223 -0.466 -0.693 -0.0 -0.18 -0.698 -0.911 -0.0 -0.407 0.07 0.716 -0.0 -0.191 -0.671 0.922 0.0 -0.365 0.129 
0.998 -0.061 -0.011 -0.008 -0.781 -0.0 -0.454 -0.429 -0.868 -0.0 0.21 -0.45 0.827 0.0 -0.368 -0.426 0.857 -0.0 0.221 -0.465 -0.693 0.0 -0.18 -0.699 -0.911 -0.0 -0.406 0.07 0.716 -0.0 -0.191 -0.671 0.922 0.0 -0.365 0.129 
0.998 -0.061 -0.011 -0.008 -0.781 -0.0 -0.452 -0.43 -0.867 -0.0 0.211 -0.451 0.827 -0.0 -0.37 -0.424 0.858 0.0 0.22 -0.464 -0.693 -0.0 -0.18 -0.699 -0.911 -0.0 -0.406 0.07 0.716 0.0 -0.191 -0.671 0.922 0.0 -0.365 0.129 
0.998 -0.061 -0.011 -0.008 -0.782 -0.0 -0.451 -0.43 -0.866 -0.0 0.212 -0.453 0.826 0.0 -0.372 -0.423 0.859 -0.0 0.219 -0.463 -0.693 -0.0 -0.179 -0.699 -0.911 -0.0 -0.407 0.07 0.715 0.0 -0.191 -0.672 0.922 0.0 -0.365 0.13 
0.998 -0.061 -0.011 -0.008 -0.783 -0.0 -0.45 -0.431 -0.865 -0.0 0.212 -0.454 0.826 0.0 -0.374 -0.422 0.86 0.0 0.218 -0.461 -0.693 -0.0 -0.18 -0.699 -0.911 -0.0 -0.407 0.07 0.716 0.0 -0.191 -0.671 0.922 0.0 -0.365 0.129 
0.998 -0.06 -0.011 -0.008 -0.783 -0.0 -0.448 -0.431 -0.864 0.0 0.213 -0.456 0.826 0.0 -0.376 -0.419 0.861 -0.0 0.217 -0.461 -0.693 -0.0 -0.179 -0.699 -0.911 -0.0 -0.406 0.07 0.716 0.0 -0.19 -0.671 0.921 0.0 -0.366 0.13 
0.998 -0.06 -0.011 -0.008 -0.784 -0.0 -0.447 -0.432 -0.863 -0.0 0.214 -0.457 0.826 0.0 -0.378 -0.418 0.861 0.0 0.216 -0.46 -0.693 -0.0 -0.179 -0.699 -0.911 -0.0 -0.407 0.07 0.716 0.0 -0.19 -0.671 0.922 0.0 -0.365 0.129 
0.998 -0.06 -0.011 -0.008 -0.784 0.0 -0.445 -0.432 -0.862 -0.0 0.215 -0.459 0.826 0.0 -0.38 -0.416 0.862 0.0 0.214 -0.459 -0.693 -0.0 -0.179 -0.699 -0.911 -0.0 -0.406 0.07 0.716 0.0 -0.19 -0.672 0.922 0.0 -0.365 0.129 
0.998 -0.06 -0.011 -0.008 -0.785 -0.0 -0.444 -0.432 -0.861 0.0 0.216 -0.46 0.826 0.0 -0.382 -0.414 0.863 0.0 0.213 -0.458 -0.692 -0.0 -0.179 -0.699 -0.911 -0.0 -0.406 0.07 0.716 -0.0 -0.19 -0.671 0.922 0.0 -0.365 0.129 
0.998 -0.06 -0.011 -0.008 -0.785 -0.0 -0.443 -0.433 -0.86 -0.0 0.217 -0.461 0.826 0.0 -0.384 -0.412 0.863 0.0 0.211 -0.459 -0.692 -0.0 -0.179 -0.699 -0.911 -0.0 -0.407 0.07 0.716 0.0 -0.19 -0.672 0.922 0.0 -0.365 0.128 
0.998 -0.06 -0.011 -0.008 -0.786 -0.0 -0.442 -0.433 -0.859 -0.0 0.217 -0.463 0.826 0.0 -0.386 -0.411 0.864 0.0 0.212 -0.456 -0.693 -0.0 -0.179 -0.699 -0.911 -0.0 -0.407 0.069 0.716 0.0 -0.19 -0.672 0.922 0.0 -0.365 0.129 
0.998 -0.06 -0.011 -0.008 -0.786 -0.0 -0.441 -0.433 -0.859 -0.0 0.218 -0.464 0.826 -0.0 -0.388 -0.41 0.865 -0.0 0.211 -0.455 -0.693 -0.0 -0.178 -0.699 -0.911 -0.0 -0.406 0.07 0.716 0.0 -0.19 -0.672 0.922 0.0 -0.365 0.128 
0.998 -0.06 -0.011 -0.008 -0.787 -0.0 -0.44 -0.433 -0.858 -0.0 0.219 -0.465 0.826 0.0 -0.39 -0.408 0.866 0.0 0.21 -0.454 -0.693 -0.0 -0.178 -0.699 -0.911 -0.0 -0.406 0.069 0.716 0.0 -0.189 -0.672 0.922 0.0 -0.365 0.128 
0.998 -0.06 -0.011 -0.008 -0.787 0.0 -0.439 -0.434 -0.857 -0.0 0.219 -0.466 0.825 0.0 -0.391 -0.407 0.866 0.0 0.209 -0.453 -0.693 -0.0 -0.178 -0.699 -0.911 -0.0 -0.406 0.069 0.716 -0.0 -0.189 -0.672 0.922 0.0 -0.365 0.128 
0.998 -0.06 -0.011 -0.008 -0.788 -0.0 -0.438 -0.434 -0.856 -0.0 0.219 -0.468 0.825 0.0 -0.393 -0.406 0.867 0.0 0.209 -0.452 -0.693 -0.0 -0.178 -0.699 -0.911 -0.0 -0.406 0.069 0.716 0.0 -0.189 -0.672 0.922 0.0 -0.365 0.128 
0.998 -0.06 -0.011 -0.008 -0.788 -0.0 -0.437 -0.434 -0.856 -0.0 0.22 -0.468 0.825 0.0 -0.394 -0.404 0.868 0.0 0.208 -0.452 -0.693 -0.0 -0.178 -0.699 -0.911 -0.0 -0.406 0.069 0.716 0.0 -0.189 -0.672 0.922 0.0 -0.365 0.128 
0.998 -0.06 -0.011 -0.008 -0.788 -0.0 -0.436 -0.434 -0.855 -0.0 0.22 -0.47 0.825 0.0 -0.395 -0.404 0.869 0.0 0.208 -0.449 -0.692 -0.0 -0.178 -0.699 -0.911 -0.0 -0.406 0.069 0.716 0.0 -0.189 -0.672 0.922 0.0 -0.366 0.128 
0.998 -0.059 -0.012 -0.008 -0.788 -0.0 -0.436 -0.435 -0.854 -0.0 0.221 -0.471 0.825 0.0 -0.396 -0.403 0.869 -0.0 0.207 -0.449 -0.693 -0.0 -0.178 -0.699 -0.911 -0.0 -0.406 0.069 0.716 -0.0 -0.189 -0.672 0.922 -0.0 -0.366 0.128 
0.998 -0.059 -0.012 -0.008 -0.789 -0.0 -0.435 -0.435 -0.853 -0.0 0.221 -0.472 0.825 0.0 -0.398 -0.402 0.87 0.0 0.207 -0.448 -0.693 -0.0 -0.178 -0.699 -0.911 -0.0 -0.407 0.069 0.716 -0.0 -0.189 -0.672 0.922 0.0 -0.366 0.128 
0.998 -0.059 -0.012 -0.008 -0.789 -0.0 -0.434 -0.435 -0.853 -0.0 0.222 -0.473 0.824 0.0 -0.399 -0.402 0.871 0.0 0.206 -0.447 -0.693 -0.0 -0.178 -0.699 -0.911 -0.0 -0.407 0.069 0.716 0.0 -0.189 -0.672 0.922 0.0 -0.365 0.128 
0.998 -0.059 -0.012 -0.008 -0.789 -0.0 -0.434 -0.435 -0.852 -0.0 0.222 -0.474 0.824 0.0 -0.4 -0.4 0.871 0.0 0.206 -0.446 -0.693 -0.0 -0.177 -0.699 -0.911 -0.0 -0.407 0.069 0.716 0.0 -0.189 -0.672 0.922 0.0 -0.366 0.128 
0.998 -0.059 -0.012 -0.007 -0.789 -0.0 -0.433 -0.435 -0.852 -0.0 0.222 -0.475 0.824 0.0 -0.401 -0.399 0.871 0.0 0.205 -0.446 -0.693 -0.0 -0.177 -0.699 -0.911 -0.0 -0.407 0.069 0.716 0.0 -0.188 -0.672 0.922 0.0 -0.366 0.128 
0.998 -0.059 -0.012 -0.008 -0.79 -0.0 -0.433 -0.435 -0.851 -0.0 0.222 -0.476 0.824 0.0 -0.402 -0.399 0.872 0.0 0.205 -0.445 -0.693 -0.0 -0.177 -0.699 -0.911 -0.0 -0.407 0.069 0.716 0.0 -0.188 -0.672 0.922 -0.0 -0.366 0.128 
0.998 -0.059 -0.012 -0.008 -0.79 -0.0 -0.433 -0.435 -0.851 -0.0 0.222 -0.477 0.824 0.0 -0.403 -0.398 0.872 0.0 0.204 -0.444 -0.693 -0.0 -0.177 -0.699 -0.911 -0.0 -0.407 0.069 0.716 -0.0 -0.188 -0.672 0.922 -0.0 -0.366 0.128 
0.998 -0.059 -0.012 -0.008 -0.79 -0.0 -0.433 -0.435 -0.85 -0.0 0.222 -0.478 0.824 0.0 -0.404 -0.397 0.873 0.0 0.204 -0.443 -0.693 -0.0 -0.177 -0.699 -0.911 -0.0 -0.407 0.069 0.716 0.0 -0.188 -0.672 0.922 0.0 -0.366 0.128 
0.998 -0.059 -0.012 -0.007 -0.79 -0.0 -0.432 -0.435 -0.849 -0.0 0.222 -0.479 0.824 0.0 -0.405 -0.396 0.873 0.0 0.204 -0.442 -0.693 0.0 -0.177 -0.699 -0.911 -0.0 -0.407 0.069 0.716 0.0 -0.188 -0.672 0.922 0.0 -0.366 0.128 
0.998 -0.059 -0.012 -0.008 -0.79 -0.0 -0.432 -0.435 -0.849 -0.0 0.222 -0.48 0.824 0.0 -0.406 -0.395 0.874 0.0 0.204 -0.442 -0.693 -0.0 -0.177 -0.699 -0.911 -0.0 -0.407 0.069 0.716 0.0 -0.188 -0.672 0.922 0.0 -0.366 0.128 
0.998 -0.059 -0.012 -0.008 -0.79 0.0 -0.432 -0.434 -0.848 -0.0 0.222 -0.481 0.824 0.0 -0.407 -0.394 0.874 0.0 0.203 -0.442 -0.693 -0.0 -0.177 -0.699 -0.911 -0.0 -0.407 0.069 0.716 0.0 -0.188 -0.672 0.922 0.0 -0.366 0.128 
0.998 -0.059 -0.012 -0.007 -0.79 0.0 -0.432 -0.434 -0.848 -0.0 0.221 -0.481 0.824 0.0 -0.408 -0.394 0.874 0.0 0.203 -0.441 -0.693 -0.0 -0.177 -0.699 -0.911 -0.0 -0.407 0.069 0.716 0.0 -0.188 -0.672 0.922 0.0 -0.366 0.128 
0.998 -0.059 -0.012 -0.007 -0.79 -0.0 -0.433 -0.434 -0.848 -0.0 0.221 -0.482 0.823 0.0 -0.409 -0.393 0.875 0.0 0.202 -0.441 -0.693 -0.0 -0.178 -0.699 -0.911 0.0 -0.406 0.068 0.716 0.0 -0.188 -0.672 0.922 0.0 -0.366 0.128 
0.998 -0.059 -0.012 -0.008 -0.79 -0.0 -0.433 -0.434 -0.847 -0.0 0.22 -0.483 0.823 0.0 -0.41 -0.392 0.875 0.0 0.202 -0.44 -0.693 0.0 -0.177 -0.699 -0.911 -0.0 -0.407 0.068 0.716 0.0 -0.188 -0.672 0.922 0.0 -0.366 0.128 
0.998 -0.059 -0.012 -0.007 -0.79 -0.0 -0.433 -0.434 -0.847 0.0 0.22 -0.484 0.823 -0.0 -0.411 -0.392 0.875 -0.0 0.202 -0.44 -0.693 -0.0 -0.177 -0.699 -0.911 -0.0 -0.406 0.069 0.716 -0.0 -0.188 -0.672 0.922 0.0 -0.366 0.128 
0.998 -0.059 -0.013 -0.006 -0.79 0.0 -0.433 -0.434 -0.847 -0.0 0.221 -0.483 0.823 0.0 -0.412 -0.392 0.875 0.0 0.2 -0.44 -0.694 -0.0 -0.177 -0.698 -0.911 0.0 -0.406 0.067 0.715 0.0 -0.187 -0.673 0.922 0.0 -0.366 0.128 
