# T   LUA LFA RUA RFA LT  LS  RT  RS  
0.999 0.024 -0.001 0.027 -0.756 0.0 -0.654 -0.01 -0.948 -0.0 -0.156 -0.277 0.751 0.0 -0.653 -0.091 0.976 0.0 -0.116 -0.187 -0.707 0.0 -0.694 -0.139 -0.972 -0.0 -0.09 0.218 0.709 0.0 -0.7 -0.089 0.983 0.0 -0.039 0.182 
0.999 0.025 -0.002 0.028 -0.757 -0.0 -0.654 -0.006 -0.947 -0.0 -0.157 -0.28 0.751 0.0 -0.653 -0.093 0.976 0.0 -0.115 -0.187 -0.707 -0.0 -0.694 -0.14 -0.972 -0.0 -0.09 0.216 0.709 0.0 -0.699 -0.091 0.982 -0.0 -0.04 0.182 
0.999 0.024 -0.002 0.028 -0.757 -0.0 -0.654 -0.01 -0.948 -0.0 -0.156 -0.277 0.751 0.0 -0.653 -0.091 0.976 0.0 -0.116 -0.187 -0.707 -0.0 -0.694 -0.138 -0.972 -0.0 -0.089 0.217 0.709 0.0 -0.7 -0.089 0.982 0.0 -0.04 0.182 
0.999 0.025 -0.002 0.028 -0.757 0.0 -0.653 -0.007 -0.947 -0.0 -0.158 -0.28 0.752 0.0 -0.653 -0.093 0.976 0.0 -0.115 -0.187 -0.707 0.0 -0.694 -0.14 -0.972 -0.0 -0.09 0.217 0.709 0.0 -0.7 -0.091 0.982 0.0 -0.04 0.182 
0.999 0.024 -0.002 0.028 -0.757 -0.0 -0.654 -0.01 -0.948 -0.0 -0.156 -0.278 0.752 0.0 -0.653 -0.091 0.976 0.0 -0.116 -0.187 -0.707 -0.0 -0.694 -0.138 -0.972 -0.0 -0.09 0.217 0.709 0.0 -0.7 -0.09 0.982 -0.0 -0.04 0.183 
0.999 0.025 -0.002 0.028 -0.757 -0.0 -0.653 -0.007 -0.947 -0.0 -0.158 -0.281 0.751 -0.0 -0.653 -0.093 0.976 0.0 -0.115 -0.187 -0.707 -0.0 -0.693 -0.14 -0.972 0.0 -0.09 0.217 0.709 0.0 -0.7 -0.091 0.982 0.0 -0.04 0.183 
0.999 0.024 -0.002 0.028 -0.757 -0.0 -0.653 -0.01 -0.948 -0.0 -0.156 -0.278 0.752 0.0 -0.653 -0.092 0.976 -0.0 -0.116 -0.187 -0.707 -0.0 -0.694 -0.138 -0.972 -0.0 -0.09 0.217 0.709 -0.0 -0.7 -0.09 0.982 0.0 -0.04 0.183 
0.999 0.025 -0.002 0.028 -0.757 -0.0 -0.653 -0.007 -0.947 -0.0 -0.158 -0.281 0.752 0.0 -0.653 -0.093 0.976 -0.0 -0.115 -0.187 -0.707 -0.0 -0.693 -0.14 -0.972 0.0 -0.091 0.217 0.709 0.0 -0.699 -0.091 0.982 0.0 -0.04 0.183 
0.999 0.024 -0.002 0.028 -0.757 0.0 -0.653 -0.01 -0.948 -0.0 -0.156 -0.277 0.752 0.0 -0.653 -0.092 0.976 0.0 -0.116 -0.187 -0.707 -0.0 -0.693 -0.139 -0.972 -0.0 -0.091 0.218 0.709 -0.0 -0.7 -0.089 0.982 0.0 -0.04 0.183 
0.999 0.025 -0.002 0.028 -0.758 -0.0 -0.653 -0.006 -0.947 0.0 -0.158 -0.281 0.752 0.0 -0.652 -0.095 0.976 0.0 -0.116 -0.185 -0.707 -0.0 -0.693 -0.14 -0.972 -0.0 -0.091 0.217 0.709 0.0 -0.699 -0.091 0.982 0.0 -0.042 0.182 
0.999 0.024 -0.002 0.028 -0.757 -0.0 -0.653 -0.011 -0.948 -0.0 -0.156 -0.277 0.752 0.0 -0.653 -0.092 0.976 0.0 -0.116 -0.187 -0.707 -0.0 -0.694 -0.138 -0.972 -0.0 -0.091 0.217 0.709 0.0 -0.699 -0.09 0.982 0.0 -0.04 0.183 
0.999 0.025 -0.002 0.028 -0.758 -0.0 -0.653 -0.007 -0.947 -0.0 -0.158 -0.28 0.752 0.0 -0.653 -0.094 0.976 0.0 -0.115 -0.187 -0.707 -0.0 -0.693 -0.14 -0.972 -0.0 -0.091 0.217 0.709 0.0 -0.699 -0.091 0.982 0.0 -0.041 0.183 
0.999 0.024 -0.002 0.028 -0.757 0.0 -0.653 -0.011 -0.948 0.0 -0.157 -0.277 0.752 0.0 -0.653 -0.092 0.976 0.0 -0.115 -0.187 -0.707 -0.0 -0.694 -0.138 -0.972 -0.0 -0.091 0.218 0.709 0.0 -0.699 -0.09 0.982 -0.0 -0.04 0.184 
0.999 0.025 -0.002 0.028 -0.758 -0.0 -0.652 -0.007 -0.947 -0.0 -0.158 -0.28 0.752 0.0 -0.653 -0.094 0.976 0.0 -0.115 -0.187 -0.707 -0.0 -0.693 -0.14 -0.972 -0.0 -0.092 0.217 0.709 0.0 -0.699 -0.091 0.982 -0.0 -0.041 0.184 
0.999 0.024 -0.002 0.028 -0.758 -0.0 -0.653 -0.011 -0.948 -0.0 -0.157 -0.276 0.752 0.0 -0.653 -0.092 0.976 0.0 -0.115 -0.187 -0.707 0.0 -0.694 -0.138 -0.972 -0.0 -0.091 0.218 0.709 0.0 -0.699 -0.09 0.982 0.0 -0.04 0.184 
0.999 0.025 -0.002 0.028 -0.758 0.0 -0.652 -0.007 -0.947 -0.0 -0.159 -0.279 0.752 0.0 -0.652 -0.094 0.976 0.0 -0.115 -0.187 -0.707 -0.0 -0.693 -0.14 -0.972 -0.0 -0.092 0.218 0.709 0.0 -0.699 -0.091 0.982 -0.0 -0.041 0.184 
0.999 0.023 -0.002 0.028 -0.758 -0.0 -0.652 -0.011 -0.948 0.0 -0.157 -0.276 0.752 0.0 -0.653 -0.093 0.976 0.0 -0.115 -0.187 -0.707 -0.0 -0.693 -0.138 -0.972 -0.0 -0.091 0.218 0.709 -0.0 -0.699 -0.09 0.982 0.0 -0.041 0.185 
0.999 0.024 -0.002 0.028 -0.758 -0.0 -0.652 -0.008 -0.947 0.0 -0.159 -0.279 0.752 0.0 -0.652 -0.094 0.976 0.0 -0.115 -0.187 -0.707 -0.0 -0.693 -0.14 -0.972 0.0 -0.092 0.217 0.709 0.0 -0.699 -0.091 0.982 0.0 -0.041 0.185 
0.999 0.024 -0.002 0.028 -0.758 -0.0 -0.652 -0.011 -0.948 -0.0 -0.157 -0.277 0.752 0.0 -0.652 -0.093 0.976 0.0 -0.115 -0.187 -0.707 -0.0 -0.693 -0.139 -0.972 0.0 -0.092 0.218 0.709 0.0 -0.699 -0.09 0.982 0.0 -0.041 0.185 
0.999 0.024 -0.002 0.028 -0.758 -0.0 -0.652 -0.007 -0.947 -0.0 -0.159 -0.279 0.752 0.0 -0.652 -0.094 0.976 0.0 -0.115 -0.187 -0.707 0.0 -0.693 -0.14 -0.972 -0.0 -0.092 0.218 0.709 0.0 -0.699 -0.091 0.982 0.0 -0.044 0.184 
0.999 0.023 -0.002 0.027 -0.758 -0.0 -0.652 -0.011 -0.948 0.0 -0.157 -0.276 0.752 0.0 -0.653 -0.093 0.976 0.0 -0.115 -0.187 -0.707 0.0 -0.693 -0.139 -0.972 -0.0 -0.092 0.218 0.709 0.0 -0.699 -0.09 0.982 0.0 -0.041 0.185 
0.999 0.024 -0.002 0.028 -0.758 0.0 -0.652 -0.008 -0.947 -0.0 -0.159 -0.279 0.752 -0.0 -0.652 -0.095 0.976 0.0 -0.113 -0.186 -0.707 -0.0 -0.693 -0.14 -0.972 -0.0 -0.092 0.218 0.709 -0.0 -0.699 -0.091 0.982 0.0 -0.041 0.185 
0.999 0.023 -0.002 0.028 -0.758 0.0 -0.652 -0.011 -0.948 -0.0 -0.157 -0.276 0.752 0.0 -0.652 -0.093 0.976 -0.0 -0.115 -0.187 -0.707 -0.0 -0.694 -0.138 -0.972 -0.0 -0.091 0.218 0.709 0.0 -0.699 -0.09 0.982 0.0 -0.041 0.185 
0.999 0.024 -0.002 0.027 -0.758 -0.0 -0.652 -0.008 -0.947 -0.0 -0.159 -0.279 0.752 0.0 -0.652 -0.094 0.976 0.0 -0.115 -0.187 -0.707 -0.0 -0.693 -0.14 -0.972 -0.0 -0.092 0.218 0.709 0.0 -0.699 -0.091 0.982 0.0 -0.041 0.185 
0.999 0.023 -0.002 0.027 -0.758 -0.0 -0.652 -0.012 -0.948 -0.0 -0.157 -0.276 0.752 -0.0 -0.652 -0.093 0.976 0.0 -0.115 -0.187 -0.707 -0.0 -0.694 -0.138 -0.972 -0.0 -0.091 0.218 0.709 0.0 -0.699 -0.09 0.982 0.0 -0.043 0.184 
0.999 0.024 -0.002 0.027 -0.758 -0.0 -0.652 -0.008 -0.947 -0.0 -0.158 -0.279 0.752 0.0 -0.652 -0.094 0.976 0.0 -0.115 -0.187 -0.707 -0.0 -0.693 -0.139 -0.972 -0.0 -0.092 0.218 0.709 0.0 -0.699 -0.091 0.982 0.0 -0.041 0.185 
0.999 0.023 -0.002 0.027 -0.758 -0.0 -0.652 -0.011 -0.948 -0.0 -0.157 -0.277 0.752 0.0 -0.652 -0.093 0.976 0.0 -0.114 -0.186 -0.707 -0.0 -0.694 -0.138 -0.972 -0.0 -0.091 0.218 0.709 0.0 -0.699 -0.09 0.982 0.0 -0.041 0.185 
0.999 0.024 -0.002 0.027 -0.758 -0.0 -0.652 -0.008 -0.947 -0.0 -0.158 -0.279 0.752 -0.0 -0.652 -0.095 0.976 0.0 -0.115 -0.186 -0.707 -0.0 -0.693 -0.14 -0.972 -0.0 -0.092 0.218 0.709 0.0 -0.699 -0.091 0.982 0.0 -0.041 0.185 
0.999 0.023 -0.002 0.027 -0.758 -0.0 -0.652 -0.012 -0.948 0.0 -0.156 -0.277 0.752 -0.0 -0.652 -0.093 0.976 -0.0 -0.113 -0.186 -0.707 -0.0 -0.694 -0.138 -0.972 -0.0 -0.091 0.218 0.709 -0.0 -0.699 -0.09 0.982 -0.0 -0.043 0.184 
0.999 0.024 -0.002 0.027 -0.759 -0.0 -0.652 -0.008 -0.947 0.0 -0.158 -0.28 0.752 0.0 -0.652 -0.095 0.976 0.0 -0.115 -0.186 -0.707 0.0 -0.693 -0.14 -0.972 -0.0 -0.092 0.218 0.709 0.0 -0.699 -0.091 0.982 0.0 -0.041 0.185 
0.999 0.023 -0.002 0.027 -0.758 -0.0 -0.652 -0.012 -0.948 -0.0 -0.156 -0.277 0.752 0.0 -0.653 -0.093 0.976 0.0 -0.115 -0.186 -0.707 0.0 -0.694 -0.138 -0.972 0.0 -0.091 0.218 0.709 -0.0 -0.699 -0.09 0.982 0.0 -0.041 0.185 
0.999 0.024 -0.002 0.027 -0.759 -0.0 -0.651 -0.009 -0.947 -0.0 -0.158 -0.28 0.752 0.0 -0.652 -0.095 0.976 0.0 -0.114 -0.186 -0.707 -0.0 -0.693 -0.139 -0.972 -0.0 -0.092 0.218 0.709 0.0 -0.699 -0.091 0.982 -0.0 -0.041 0.185 
0.999 0.023 -0.002 0.027 -0.758 -0.0 -0.652 -0.012 -0.948 -0.0 -0.156 -0.277 0.752 0.0 -0.652 -0.093 0.976 0.0 -0.115 -0.186 -0.707 -0.0 -0.694 -0.138 -0.972 -0.0 -0.091 0.218 0.709 0.0 -0.699 -0.089 0.982 0.0 -0.041 0.185 
0.999 0.024 -0.002 0.027 -0.759 0.0 -0.651 -0.009 -0.947 -0.0 -0.158 -0.28 0.752 0.0 -0.652 -0.094 0.976 0.0 -0.115 -0.187 -0.707 -0.0 -0.693 -0.14 -0.972 -0.0 -0.092 0.218 0.71 0.0 -0.698 -0.091 0.982 0.0 -0.043 0.185 
0.999 0.024 -0.002 0.027 -0.759 -0.0 -0.651 -0.013 -0.948 -0.0 -0.156 -0.277 0.752 -0.0 -0.653 -0.092 0.976 -0.0 -0.115 -0.187 -0.707 0.0 -0.694 -0.139 -0.972 -0.0 -0.091 0.218 0.709 0.0 -0.699 -0.091 0.982 0.0 -0.041 0.185 
0.999 0.024 -0.002 0.027 -0.759 0.0 -0.651 -0.009 -0.947 0.0 -0.158 -0.28 0.752 0.0 -0.652 -0.095 0.976 0.0 -0.113 -0.185 -0.707 0.0 -0.693 -0.14 -0.972 0.0 -0.091 0.218 0.709 0.0 -0.699 -0.091 0.982 0.0 -0.042 0.185 
0.999 0.023 -0.002 0.027 -0.759 -0.0 -0.651 -0.013 -0.948 -0.0 -0.156 -0.277 0.752 0.0 -0.652 -0.093 0.976 0.0 -0.115 -0.186 -0.707 -0.0 -0.694 -0.139 -0.972 -0.0 -0.091 0.218 0.71 0.0 -0.699 -0.09 0.982 -0.0 -0.041 0.185 
0.999 0.024 -0.002 0.027 -0.759 -0.0 -0.651 -0.009 -0.947 -0.0 -0.158 -0.28 0.752 0.0 -0.652 -0.095 0.976 0.0 -0.115 -0.186 -0.707 -0.0 -0.693 -0.14 -0.972 -0.0 -0.091 0.218 0.709 0.0 -0.699 -0.091 0.982 0.0 -0.044 0.184 
0.999 0.023 -0.002 0.027 -0.759 -0.0 -0.651 -0.013 -0.948 -0.0 -0.156 -0.277 0.752 0.0 -0.652 -0.093 0.976 0.0 -0.115 -0.186 -0.707 0.0 -0.694 -0.139 -0.972 -0.0 -0.091 0.218 0.709 0.0 -0.699 -0.09 0.982 0.0 -0.043 0.184 
0.999 0.024 -0.002 0.027 -0.759 -0.0 -0.651 -0.009 -0.947 0.0 -0.159 -0.28 0.752 0.0 -0.652 -0.095 0.976 0.0 -0.114 -0.185 -0.707 -0.0 -0.693 -0.14 -0.972 -0.0 -0.092 0.218 0.709 0.0 -0.699 -0.092 0.982 0.0 -0.044 0.184 
0.999 0.024 -0.002 0.027 -0.759 -0.0 -0.651 -0.013 -0.948 -0.0 -0.156 -0.277 0.752 0.0 -0.652 -0.094 0.976 0.0 -0.116 -0.185 -0.707 -0.0 -0.694 -0.139 -0.972 0.0 -0.091 0.218 0.709 0.0 -0.699 -0.09 0.982 0.0 -0.041 0.185 
0.999 0.025 -0.002 0.027 -0.759 0.0 -0.651 -0.009 -0.947 -0.0 -0.158 -0.28 0.752 0.0 -0.652 -0.095 0.976 0.0 -0.115 -0.186 -0.707 -0.0 -0.693 -0.14 -0.972 -0.0 -0.092 0.218 0.709 0.0 -0.699 -0.092 0.982 0.0 -0.042 0.184 
0.999 0.024 -0.002 0.027 -0.759 -0.0 -0.651 -0.014 -0.948 -0.0 -0.156 -0.278 0.752 0.0 -0.653 -0.092 0.976 0.0 -0.115 -0.187 -0.707 -0.0 -0.693 -0.14 -0.972 -0.0 -0.092 0.218 0.71 0.0 -0.699 -0.091 0.982 0.0 -0.041 0.185 
0.999 0.025 -0.002 0.027 -0.759 -0.0 -0.651 -0.01 -0.947 0.0 -0.158 -0.28 0.752 0.0 -0.652 -0.095 0.976 0.0 -0.115 -0.186 -0.707 -0.0 -0.693 -0.141 -0.972 -0.0 -0.092 0.218 0.71 0.0 -0.698 -0.092 0.982 0.0 -0.043 0.185 
0.999 0.024 -0.002 0.027 -0.759 -0.0 -0.651 -0.013 -0.948 -0.0 -0.156 -0.277 0.752 0.0 -0.652 -0.094 0.976 0.0 -0.115 -0.185 -0.707 -0.0 -0.694 -0.139 -0.972 0.0 -0.091 0.218 0.709 0.0 -0.699 -0.091 0.982 0.0 -0.041 0.185 
0.999 0.025 -0.002 0.027 -0.759 -0.0 -0.651 -0.01 -0.947 -0.0 -0.159 -0.279 0.752 0.0 -0.652 -0.095 0.976 -0.0 -0.115 -0.185 -0.707 -0.0 -0.693 -0.141 -0.972 -0.0 -0.092 0.218 0.709 -0.0 -0.699 -0.092 0.982 -0.0 -0.044 0.184 
0.999 0.024 -0.002 0.027 -0.759 -0.0 -0.651 -0.014 -0.948 -0.0 -0.156 -0.277 0.752 0.0 -0.653 -0.093 0.976 0.0 -0.116 -0.186 -0.707 -0.0 -0.693 -0.14 -0.972 -0.0 -0.092 0.218 0.71 0.0 -0.698 -0.091 0.982 0.0 -0.043 0.185 
0.999 0.025 -0.002 0.027 -0.759 -0.0 -0.65 -0.01 -0.947 -0.0 -0.159 -0.279 0.752 0.0 -0.652 -0.096 0.976 0.0 -0.116 -0.186 -0.707 -0.0 -0.693 -0.141 -0.972 0.0 -0.092 0.218 0.709 0.0 -0.699 -0.092 0.982 -0.0 -0.042 0.185 
0.999 0.024 -0.002 0.027 -0.759 -0.0 -0.651 -0.014 -0.948 -0.0 -0.156 -0.277 0.752 0.0 -0.653 -0.094 0.976 -0.0 -0.116 -0.185 -0.707 -0.0 -0.693 -0.14 -0.972 -0.0 -0.091 0.218 0.709 0.0 -0.699 -0.091 0.982 0.0 -0.041 0.185 
0.999 0.025 -0.002 0.027 -0.76 0.0 -0.65 -0.01 -0.947 -0.0 -0.158 -0.28 0.752 0.0 -0.652 -0.096 0.976 -0.0 -0.116 -0.186 -0.707 0.0 -0.693 -0.141 -0.972 0.0 -0.092 0.218 0.709 0.0 -0.699 -0.092 0.982 0.0 -0.042 0.185 
0.999 0.024 -0.002 0.027 -0.759 -0.0 -0.65 -0.014 -0.948 -0.0 -0.158 -0.277 0.752 0.0 -0.653 -0.094 0.976 0.0 -0.116 -0.185 -0.707 -0.0 -0.693 -0.14 -0.972 0.0 -0.091 0.218 0.709 0.0 -0.699 -0.091 0.982 0.0 -0.041 0.185 
0.999 0.025 -0.002 0.027 -0.76 -0.0 -0.65 -0.01 -0.947 -0.0 -0.158 -0.28 0.752 -0.0 -0.652 -0.096 0.976 0.0 -0.116 -0.186 -0.707 0.0 -0.693 -0.141 -0.972 -0.0 -0.092 0.218 0.709 0.0 -0.699 -0.092 0.982 0.0 -0.042 0.185 
0.999 0.024 -0.002 0.027 -0.759 0.0 -0.651 -0.014 -0.948 -0.0 -0.156 -0.277 0.752 0.0 -0.653 -0.095 0.976 0.0 -0.116 -0.185 -0.707 0.0 -0.693 -0.14 -0.972 -0.0 -0.091 0.218 0.709 0.0 -0.699 -0.091 0.982 0.0 -0.041 0.185 
0.999 0.025 -0.002 0.027 -0.76 -0.0 -0.65 -0.01 -0.947 -0.0 -0.158 -0.28 0.752 0.0 -0.652 -0.096 0.976 0.0 -0.116 -0.186 -0.707 -0.0 -0.693 -0.141 -0.972 0.0 -0.092 0.218 0.709 0.0 -0.699 -0.093 0.982 0.0 -0.044 0.184 
0.999 0.024 -0.002 0.027 -0.759 -0.0 -0.651 -0.014 -0.948 0.0 -0.157 -0.276 0.752 0.0 -0.653 -0.095 0.976 0.0 -0.116 -0.185 -0.707 0.0 -0.693 -0.14 -0.972 -0.0 -0.091 0.218 0.709 0.0 -0.699 -0.091 0.982 0.0 -0.041 0.185 
0.999 0.025 -0.002 0.027 -0.76 -0.0 -0.65 -0.01 -0.947 -0.0 -0.158 -0.28 0.752 0.0 -0.652 -0.096 0.976 0.0 -0.116 -0.186 -0.707 -0.0 -0.693 -0.141 -0.972 0.0 -0.092 0.218 0.709 0.0 -0.699 -0.093 0.982 0.0 -0.044 0.184 
0.999 0.024 -0.002 0.027 -0.759 0.0 -0.651 -0.014 -0.948 0.0 -0.156 -0.277 0.752 0.0 -0.653 -0.095 0.976 0.0 -0.116 -0.186 -0.707 0.0 -0.693 -0.14 -0.972 -0.0 -0.092 0.218 0.709 0.0 -0.699 -0.091 0.982 0.0 -0.044 0.184 
0.999 0.025 -0.002 0.027 -0.76 -0.0 -0.65 -0.01 -0.947 0.0 -0.158 -0.28 0.752 0.0 -0.652 -0.096 0.976 0.0 -0.116 -0.186 -0.707 0.0 -0.693 -0.141 -0.972 -0.0 -0.092 0.218 0.709 0.0 -0.699 -0.093 0.982 0.0 -0.044 0.184 
0.999 0.024 -0.002 0.027 -0.76 -0.0 -0.65 -0.014 -0.948 0.0 -0.156 -0.277 0.752 0.0 -0.653 -0.095 0.976 0.0 -0.117 -0.186 -0.707 0.0 -0.693 -0.14 -0.972 -0.0 -0.092 0.218 0.709 0.0 -0.699 -0.092 0.982 0.0 -0.042 0.185 
0.999 0.025 -0.002 0.027 -0.76 -0.0 -0.65 -0.01 -0.947 -0.0 -0.157 -0.28 0.752 0.0 -0.652 -0.097 0.976 0.0 -0.116 -0.186 -0.707 -0.0 -0.693 -0.142 -0.972 -0.0 -0.092 0.218 0.709 0.0 -0.699 -0.093 0.982 0.0 -0.042 0.185 
0.999 0.024 -0.002 0.027 -0.759 0.0 -0.65 -0.014 -0.948 -0.0 -0.156 -0.277 0.752 -0.0 -0.653 -0.095 0.976 0.0 -0.116 -0.186 -0.707 -0.0 -0.693 -0.14 -0.972 -0.0 -0.092 0.218 0.709 0.0 -0.699 -0.092 0.982 0.0 -0.042 0.185 
0.999 0.025 -0.002 0.027 -0.76 -0.0 -0.65 -0.01 -0.947 -0.0 -0.158 -0.28 0.752 0.0 -0.652 -0.097 0.976 0.0 -0.116 -0.186 -0.707 0.0 -0.693 -0.142 -0.972 -0.0 -0.092 0.218 0.709 0.0 -0.699 -0.093 0.982 0.0 -0.042 0.185 
0.999 0.024 -0.002 0.027 -0.76 -0.0 -0.65 -0.014 -0.948 -0.0 -0.156 -0.277 0.752 0.0 -0.653 -0.096 0.976 0.0 -0.116 -0.186 -0.707 -0.0 -0.693 -0.14 -0.972 -0.0 -0.091 0.218 0.709 0.0 -0.699 -0.092 0.982 0.0 -0.042 0.185 
0.999 0.025 -0.002 0.027 -0.76 0.0 -0.65 -0.01 -0.947 -0.0 -0.158 -0.279 0.752 -0.0 -0.652 -0.097 0.976 0.0 -0.116 -0.186 -0.707 -0.0 -0.693 -0.142 -0.972 -0.0 -0.092 0.218 0.709 0.0 -0.699 -0.093 0.982 0.0 -0.042 0.185 
0.999 0.024 -0.002 0.027 -0.76 0.0 -0.65 -0.013 -0.948 0.0 -0.156 -0.277 0.752 0.0 -0.653 -0.096 0.976 0.0 -0.116 -0.185 -0.707 -0.0 -0.693 -0.14 -0.972 0.0 -0.091 0.218 0.709 0.0 -0.699 -0.092 0.982 0.0 -0.042 0.185 
0.999 0.025 -0.002 0.027 -0.76 -0.0 -0.65 -0.01 -0.947 -0.0 -0.158 -0.28 0.752 0.0 -0.652 -0.097 0.976 -0.0 -0.116 -0.186 -0.707 -0.0 -0.693 -0.142 -0.972 0.0 -0.092 0.218 0.709 0.0 -0.699 -0.093 0.982 0.0 -0.044 0.184 
0.999 0.024 -0.002 0.027 -0.76 -0.0 -0.65 -0.013 -0.948 -0.0 -0.156 -0.277 0.752 -0.0 -0.653 -0.096 0.976 0.0 -0.116 -0.185 -0.707 0.0 -0.693 -0.14 -0.972 -0.0 -0.091 0.218 0.709 0.0 -0.699 -0.092 0.982 0.0 -0.042 0.185 
0.999 0.025 -0.002 0.027 -0.76 -0.0 -0.65 -0.01 -0.947 -0.0 -0.158 -0.28 0.752 -0.0 -0.652 -0.097 0.976 0.0 -0.116 -0.186 -0.707 -0.0 -0.693 -0.142 -0.972 -0.0 -0.092 0.218 0.709 -0.0 -0.699 -0.093 0.982 0.0 -0.042 0.185 
0.999 0.024 -0.002 0.027 -0.759 -0.0 -0.65 -0.013 -0.948 -0.0 -0.156 -0.277 0.752 0.0 -0.653 -0.096 0.976 0.0 -0.116 -0.186 -0.707 -0.0 -0.693 -0.14 -0.972 -0.0 -0.091 0.218 0.709 0.0 -0.699 -0.092 0.982 0.0 -0.042 0.185 
0.999 0.025 -0.002 0.027 -0.76 -0.0 -0.65 -0.01 -0.947 0.0 -0.158 -0.28 0.752 0.0 -0.652 -0.097 0.976 0.0 -0.116 -0.186 -0.707 -0.0 -0.693 -0.143 -0.971 -0.0 -0.092 0.219 0.71 0.0 -0.699 -0.093 0.982 -0.0 -0.042 0.185 
0.999 0.024 -0.002 0.027 -0.76 -0.0 -0.65 -0.013 -0.948 -0.0 -0.156 -0.277 0.752 0.0 -0.653 -0.096 0.976 0.0 -0.116 -0.186 -0.707 -0.0 -0.693 -0.14 -0.972 -0.0 -0.091 0.218 0.709 -0.0 -0.699 -0.092 0.982 0.0 -0.042 0.185 
0.999 0.025 -0.002 0.027 -0.76 0.0 -0.65 -0.01 -0.947 -0.0 -0.158 -0.28 0.752 -0.0 -0.652 -0.097 0.976 0.0 -0.116 -0.186 -0.707 -0.0 -0.693 -0.142 -0.972 -0.0 -0.091 0.218 0.709 0.0 -0.699 -0.093 0.982 0.0 -0.042 0.185 
0.999 0.024 -0.002 0.027 -0.76 -0.0 -0.65 -0.013 -0.948 0.0 -0.156 -0.277 0.752 0.0 -0.652 -0.096 0.976 0.0 -0.116 -0.186 -0.707 -0.0 -0.693 -0.14 -0.972 -0.0 -0.091 0.218 0.709 -0.0 -0.699 -0.092 0.982 0.0 -0.042 0.185 
0.999 0.025 -0.002 0.027 -0.76 -0.0 -0.65 -0.009 -0.947 -0.0 -0.158 -0.28 0.752 -0.0 -0.652 -0.097 0.976 -0.0 -0.116 -0.186 -0.707 0.0 -0.693 -0.142 -0.972 -0.0 -0.091 0.217 0.709 0.0 -0.699 -0.093 0.982 -0.0 -0.042 0.185 
0.999 0.024 -0.002 0.027 -0.76 -0.0 -0.65 -0.013 -0.948 -0.0 -0.156 -0.277 0.752 -0.0 -0.652 -0.096 0.976 0.0 -0.116 -0.185 -0.707 0.0 -0.694 -0.14 -0.972 -0.0 -0.091 0.218 0.709 -0.0 -0.699 -0.092 0.982 -0.0 -0.044 0.184 
0.999 0.025 -0.002 0.027 -0.76 -0.0 -0.65 -0.009 -0.947 -0.0 -0.158 -0.28 0.752 0.0 -0.652 -0.097 0.976 0.0 -0.116 -0.186 -0.707 -0.0 -0.693 -0.142 -0.972 -0.0 -0.091 0.217 0.709 0.0 -0.699 -0.093 0.982 0.0 -0.044 0.184 
0.999 0.024 -0.002 0.027 -0.76 0.0 -0.65 -0.012 -0.948 -0.0 -0.156 -0.277 0.752 -0.0 -0.652 -0.096 0.976 0.0 -0.116 -0.186 -0.707 -0.0 -0.694 -0.14 -0.972 -0.0 -0.091 0.218 0.709 0.0 -0.699 -0.092 0.982 0.0 -0.042 0.185 
0.999 0.025 -0.002 0.027 -0.76 -0.0 -0.65 -0.009 -0.947 -0.0 -0.157 -0.28 0.752 0.0 -0.652 -0.097 0.976 0.0 -0.116 -0.186 -0.707 -0.0 -0.693 -0.142 -0.971 -0.0 -0.092 0.219 0.709 0.0 -0.699 -0.093 0.982 0.0 -0.042 0.185 
0.999 0.024 -0.002 0.027 -0.76 -0.0 -0.65 -0.013 -0.948 -0.0 -0.156 -0.277 0.752 0.0 -0.652 -0.096 0.976 0.0 -0.116 -0.185 -0.707 -0.0 -0.694 -0.14 -0.972 -0.0 -0.091 0.218 0.709 0.0 -0.699 -0.092 0.982 0.0 -0.041 0.185 
0.999 0.025 -0.002 0.027 -0.76 -0.0 -0.65 -0.009 -0.947 -0.0 -0.157 -0.28 0.752 0.0 -0.652 -0.097 0.976 0.0 -0.116 -0.186 -0.707 -0.0 -0.693 -0.141 -0.972 0.0 -0.091 0.218 0.709 -0.0 -0.699 -0.093 0.982 0.0 -0.042 0.185 
0.999 0.024 -0.002 0.027 -0.76 -0.0 -0.65 -0.013 -0.948 0.0 -0.156 -0.277 0.752 -0.0 -0.652 -0.096 0.976 0.0 -0.116 -0.186 -0.707 -0.0 -0.693 -0.141 -0.972 -0.0 -0.092 0.219 0.709 0.0 -0.699 -0.092 0.982 0.0 -0.041 0.185 
0.999 0.025 -0.002 0.027 -0.76 0.0 -0.65 -0.009 -0.947 -0.0 -0.158 -0.28 0.752 -0.0 -0.652 -0.097 0.976 -0.0 -0.116 -0.186 -0.707 -0.0 -0.693 -0.142 -0.972 0.0 -0.091 0.217 0.709 0.0 -0.699 -0.093 0.982 0.0 -0.042 0.185 
0.999 0.024 -0.002 0.027 -0.759 -0.0 -0.65 -0.013 -0.948 -0.0 -0.156 -0.277 0.752 0.0 -0.652 -0.096 0.976 0.0 -0.116 -0.185 -0.707 -0.0 -0.694 -0.14 -0.972 -0.0 -0.091 0.218 0.709 0.0 -0.699 -0.092 0.982 0.0 -0.041 0.185 
0.999 0.025 -0.002 0.027 -0.76 -0.0 -0.65 -0.009 -0.947 -0.0 -0.157 -0.28 0.752 0.0 -0.652 -0.097 0.976 -0.0 -0.116 -0.186 -0.707 -0.0 -0.693 -0.142 -0.971 -0.0 -0.092 0.218 0.709 0.0 -0.699 -0.093 0.982 0.0 -0.042 0.185 
0.999 0.024 -0.002 0.027 -0.759 -0.0 -0.651 -0.013 -0.948 -0.0 -0.156 -0.277 0.752 -0.0 -0.652 -0.096 0.976 0.0 -0.116 -0.185 -0.707 -0.0 -0.694 -0.14 -0.972 -0.0 -0.091 0.218 0.709 0.0 -0.699 -0.091 0.982 0.0 -0.043 0.184 
0.999 0.025 -0.002 0.027 -0.76 -0.0 -0.65 -0.009 -0.947 -0.0 -0.159 -0.279 0.752 0.0 -0.652 -0.097 0.976 0.0 -0.116 -0.186 -0.707 0.0 -0.693 -0.141 -0.972 -0.0 -0.091 0.217 0.709 0.0 -0.699 -0.093 0.982 0.0 -0.042 0.185 
0.999 0.024 -0.002 0.027 -0.759 -0.0 -0.651 -0.013 -0.948 -0.0 -0.155 -0.278 0.752 0.0 -0.652 -0.095 0.976 0.0 -0.116 -0.185 -0.707 -0.0 -0.693 -0.141 -0.971 -0.0 -0.092 0.219 0.709 0.0 -0.699 -0.091 0.982 0.0 -0.041 0.185 
0.999 0.025 -0.002 0.027 -0.76 0.0 -0.65 -0.009 -0.947 0.0 -0.157 -0.28 0.752 0.0 -0.652 -0.097 0.976 0.0 -0.116 -0.185 -0.707 -0.0 -0.693 -0.141 -0.972 -0.0 -0.091 0.218 0.709 0.0 -0.699 -0.093 0.982 0.0 -0.044 0.184 
0.999 0.024 -0.002 0.027 -0.759 -0.0 -0.651 -0.013 -0.948 -0.0 -0.155 -0.278 0.752 0.0 -0.652 -0.095 0.976 0.0 -0.116 -0.185 -0.707 0.0 -0.694 -0.14 -0.972 -0.0 -0.091 0.218 0.709 -0.0 -0.699 -0.091 0.982 0.0 -0.042 0.185 
0.999 0.025 -0.002 0.027 -0.76 -0.0 -0.65 -0.009 -0.947 0.0 -0.157 -0.281 0.752 -0.0 -0.652 -0.097 0.976 0.0 -0.116 -0.185 -0.707 -0.0 -0.693 -0.141 -0.972 -0.0 -0.091 0.217 0.709 0.0 -0.699 -0.093 0.982 0.0 -0.044 0.184 
0.999 0.024 -0.002 0.027 -0.759 -0.0 -0.651 -0.013 -0.948 -0.0 -0.155 -0.277 0.752 0.0 -0.652 -0.095 0.976 0.0 -0.116 -0.185 -0.707 0.0 -0.694 -0.14 -0.972 -0.0 -0.091 0.218 0.709 0.0 -0.699 -0.091 0.982 0.0 -0.042 0.185 
0.999 0.025 -0.002 0.027 -0.759 -0.0 -0.65 -0.01 -0.947 0.0 -0.157 -0.28 0.752 -0.0 -0.652 -0.096 0.976 0.0 -0.116 -0.185 -0.707 -0.0 -0.693 -0.141 -0.972 -0.0 -0.091 0.218 0.709 0.0 -0.699 -0.093 0.982 -0.0 -0.042 0.185 
0.999 0.024 -0.002 0.027 -0.759 -0.0 -0.651 -0.013 -0.948 -0.0 -0.155 -0.277 0.752 0.0 -0.652 -0.095 0.976 0.0 -0.116 -0.185 -0.707 -0.0 -0.694 -0.14 -0.972 -0.0 -0.091 0.218 0.709 0.0 -0.699 -0.091 0.982 -0.0 -0.042 0.185 
0.999 0.025 -0.002 0.027 -0.76 -0.0 -0.65 -0.009 -0.947 -0.0 -0.157 -0.28 0.752 0.0 -0.652 -0.096 0.976 0.0 -0.116 -0.185 -0.707 -0.0 -0.693 -0.142 -0.971 0.0 -0.092 0.219 0.709 0.0 -0.699 -0.092 0.982 -0.0 -0.042 0.185 
0.999 0.024 -0.002 0.027 -0.759 -0.0 -0.651 -0.013 -0.948 0.0 -0.156 -0.277 0.752 0.0 -0.652 -0.095 0.976 0.0 -0.117 -0.185 -0.707 -0.0 -0.693 -0.141 -0.971 -0.0 -0.092 0.219 0.709 0.0 -0.699 -0.091 0.982 -0.0 -0.042 0.185 
0.999 0.025 -0.002 0.027 -0.759 -0.0 -0.65 -0.009 -0.947 -0.0 -0.157 -0.28 0.752 0.0 -0.652 -0.096 0.976 0.0 -0.116 -0.185 -0.707 -0.0 -0.693 -0.142 -0.971 0.0 -0.092 0.219 0.709 0.0 -0.699 -0.092 0.982 0.0 -0.042 0.185 
0.999 0.024 -0.002 0.027 -0.759 -0.0 -0.651 -0.012 -0.948 -0.0 -0.156 -0.277 0.752 0.0 -0.652 -0.095 0.976 0.0 -0.116 -0.185 -0.707 -0.0 -0.694 -0.139 -0.972 0.0 -0.09 0.218 0.709 0.0 -0.699 -0.091 0.982 0.0 -0.041 0.185 
0.999 0.025 -0.002 0.027 -0.759 -0.0 -0.651 -0.009 -0.947 -0.0 -0.157 -0.28 0.752 -0.0 -0.652 -0.096 0.976 0.0 -0.116 -0.185 -0.707 0.0 -0.693 -0.141 -0.972 0.0 -0.091 0.218 0.709 -0.0 -0.699 -0.092 0.982 0.0 -0.042 0.185 
0.999 0.023 -0.002 0.027 -0.759 -0.0 -0.651 -0.013 -0.948 -0.0 -0.155 -0.277 0.752 0.0 -0.652 -0.095 0.976 0.0 -0.117 -0.185 -0.707 -0.0 -0.694 -0.139 -0.972 0.0 -0.091 0.218 0.709 0.0 -0.699 -0.091 0.982 0.0 -0.043 0.184 
0.999 0.025 -0.002 0.027 -0.759 -0.0 -0.651 -0.009 -0.947 -0.0 -0.157 -0.28 0.752 0.0 -0.652 -0.096 0.976 0.0 -0.116 -0.185 -0.707 0.0 -0.693 -0.141 -0.972 -0.0 -0.091 0.218 0.709 0.0 -0.699 -0.092 0.982 0.0 -0.042 0.185 
0.999 0.023 -0.002 0.027 -0.759 -0.0 -0.651 -0.013 -0.948 -0.0 -0.156 -0.277 0.752 0.0 -0.652 -0.094 0.976 0.0 -0.116 -0.184 -0.707 -0.0 -0.694 -0.139 -0.972 -0.0 -0.091 0.218 0.709 0.0 -0.699 -0.091 0.982 -0.0 -0.041 0.185 
0.999 0.024 -0.002 0.027 -0.759 -0.0 -0.651 -0.009 -0.947 0.0 -0.158 -0.28 0.752 0.0 -0.652 -0.095 0.976 -0.0 -0.116 -0.185 -0.707 0.0 -0.693 -0.141 -0.972 0.0 -0.091 0.218 0.709 0.0 -0.699 -0.092 0.982 -0.0 -0.042 0.185 
0.999 0.023 -0.002 0.027 -0.759 -0.0 -0.651 -0.012 -0.948 -0.0 -0.155 -0.277 0.752 -0.0 -0.653 -0.094 0.976 0.0 -0.117 -0.185 -0.707 0.0 -0.694 -0.139 -0.972 0.0 -0.09 0.218 0.709 0.0 -0.699 -0.091 0.982 0.0 -0.041 0.185 
0.999 0.024 -0.002 0.027 -0.759 0.0 -0.651 -0.009 -0.947 0.0 -0.158 -0.28 0.752 0.0 -0.652 -0.095 0.976 0.0 -0.117 -0.185 -0.707 0.0 -0.694 -0.14 -0.972 -0.0 -0.091 0.218 0.709 0.0 -0.699 -0.092 0.982 0.0 -0.041 0.185 
0.999 0.023 -0.002 0.027 -0.759 0.0 -0.651 -0.013 -0.948 -0.0 -0.156 -0.277 0.752 0.0 -0.653 -0.094 0.976 0.0 -0.117 -0.185 -0.707 -0.0 -0.694 -0.139 -0.972 -0.0 -0.09 0.218 0.709 0.0 -0.699 -0.091 0.982 0.0 -0.041 0.185 
0.999 0.024 -0.002 0.027 -0.759 -0.0 -0.651 -0.008 -0.947 -0.0 -0.158 -0.28 0.752 0.0 -0.653 -0.095 0.976 0.0 -0.117 -0.185 -0.707 0.0 -0.694 -0.14 -0.972 0.0 -0.091 0.218 0.709 0.0 -0.699 -0.092 0.982 0.0 -0.042 0.185 
0.999 0.023 -0.002 0.027 -0.759 -0.0 -0.651 -0.012 -0.948 -0.0 -0.156 -0.277 0.752 -0.0 -0.653 -0.094 0.976 0.0 -0.117 -0.185 -0.707 -0.0 -0.694 -0.139 -0.972 -0.0 -0.09 0.218 0.709 -0.0 -0.699 -0.09 0.982 -0.0 -0.041 0.185 
0.999 0.024 -0.002 0.027 -0.759 -0.0 -0.651 -0.008 -0.947 -0.0 -0.158 -0.279 0.752 0.0 -0.653 -0.095 0.976 0.0 -0.117 -0.185 -0.707 -0.0 -0.694 -0.14 -0.972 -0.0 -0.091 0.218 0.709 -0.0 -0.699 -0.092 0.982 0.0 -0.041 0.185 
0.999 0.023 -0.002 0.027 -0.759 -0.0 -0.651 -0.012 -0.948 0.0 -0.156 -0.276 0.752 0.0 -0.653 -0.093 0.976 0.0 -0.117 -0.185 -0.707 -0.0 -0.694 -0.139 -0.972 -0.0 -0.09 0.218 0.709 0.0 -0.699 -0.09 0.982 0.0 -0.041 0.185 
0.999 0.024 -0.002 0.027 -0.759 -0.0 -0.651 -0.008 -0.947 -0.0 -0.158 -0.279 0.752 0.0 -0.653 -0.095 0.976 0.0 -0.117 -0.185 -0.707 -0.0 -0.694 -0.14 -0.972 -0.0 -0.091 0.218 0.709 0.0 -0.699 -0.092 0.982 -0.0 -0.041 0.185 
0.999 0.023 -0.002 0.027 -0.759 -0.0 -0.651 -0.012 -0.948 -0.0 -0.156 -0.276 0.752 0.0 -0.653 -0.093 0.976 0.0 -0.117 -0.185 -0.707 -0.0 -0.694 -0.139 -0.972 -0.0 -0.09 0.218 0.709 0.0 -0.699 -0.09 0.982 0.0 -0.041 0.185 
0.999 0.024 -0.002 0.027 -0.759 -0.0 -0.651 -0.008 -0.947 0.0 -0.158 -0.279 0.752 0.0 -0.653 -0.095 0.976 0.0 -0.117 -0.185 -0.707 -0.0 -0.694 -0.14 -0.972 -0.0 -0.091 0.218 0.709 0.0 -0.699 -0.092 0.982 0.0 -0.042 0.185 
0.999 0.023 -0.002 0.027 -0.759 -0.0 -0.651 -0.012 -0.948 -0.0 -0.156 -0.276 0.752 0.0 -0.653 -0.093 0.976 0.0 -0.117 -0.185 -0.707 0.0 -0.694 -0.139 -0.972 -0.0 -0.09 0.218 0.709 0.0 -0.699 -0.09 0.982 0.0 -0.041 0.185 
0.999 0.024 -0.002 0.027 -0.759 -0.0 -0.651 -0.008 -0.947 -0.0 -0.158 -0.279 0.752 0.0 -0.653 -0.095 0.976 0.0 -0.117 -0.185 -0.707 0.0 -0.694 -0.14 -0.972 -0.0 -0.091 0.218 0.709 0.0 -0.699 -0.091 0.982 0.0 -0.041 0.185 
0.999 0.023 -0.002 0.027 -0.759 -0.0 -0.651 -0.012 -0.948 -0.0 -0.156 -0.276 0.751 0.0 -0.653 -0.093 0.976 -0.0 -0.117 -0.185 -0.707 -0.0 -0.694 -0.139 -0.972 -0.0 -0.09 0.218 0.709 0.0 -0.699 -0.09 0.982 0.0 -0.041 0.185 
0.999 0.024 -0.002 0.027 -0.759 -0.0 -0.651 -0.007 -0.947 -0.0 -0.158 -0.279 0.752 0.0 -0.653 -0.094 0.976 0.0 -0.117 -0.185 -0.707 0.0 -0.693 -0.14 -0.972 0.0 -0.091 0.218 0.709 0.0 -0.699 -0.091 0.982 0.0 -0.042 0.185 
0.999 0.023 -0.002 0.027 -0.759 -0.0 -0.651 -0.011 -0.948 -0.0 -0.156 -0.276 0.752 0.0 -0.653 -0.093 0.976 -0.0 -0.117 -0.185 -0.707 -0.0 -0.694 -0.139 -0.972 -0.0 -0.091 0.218 0.709 0.0 -0.699 -0.09 0.982 -0.0 -0.041 0.185 
0.999 0.024 -0.002 0.027 -0.759 -0.0 -0.651 -0.007 -0.947 -0.0 -0.158 -0.279 0.752 0.0 -0.653 -0.094 0.976 0.0 -0.117 -0.185 -0.707 -0.0 -0.694 -0.14 -0.972 -0.0 -0.091 0.218 0.709 0.0 -0.699 -0.091 0.982 0.0 -0.042 0.185 
0.999 0.023 -0.002 0.027 -0.759 -0.0 -0.651 -0.011 -0.948 -0.0 -0.156 -0.276 0.751 0.0 -0.653 -0.093 0.976 0.0 -0.117 -0.185 -0.707 0.0 -0.694 -0.138 -0.972 -0.0 -0.091 0.218 0.709 0.0 -0.699 -0.09 0.982 0.0 -0.041 0.185 
0.999 0.024 -0.002 0.027 -0.759 -0.0 -0.651 -0.007 -0.947 -0.0 -0.158 -0.279 0.752 0.0 -0.653 -0.094 0.976 0.0 -0.117 -0.185 -0.707 0.0 -0.694 -0.14 -0.972 -0.0 -0.091 0.218 0.709 0.0 -0.699 -0.092 0.982 0.0 -0.042 0.185 
0.999 0.023 -0.002 0.027 -0.759 0.0 -0.651 -0.011 -0.948 0.0 -0.156 -0.276 0.751 0.0 -0.653 -0.093 0.976 0.0 -0.117 -0.185 -0.707 -0.0 -0.694 -0.138 -0.972 0.0 -0.09 0.218 0.709 0.0 -0.699 -0.09 0.982 0.0 -0.043 0.185 
0.999 0.024 -0.002 0.027 -0.759 -0.0 -0.651 -0.007 -0.947 -0.0 -0.158 -0.279 0.752 0.0 -0.653 -0.094 0.976 0.0 -0.117 -0.185 -0.707 -0.0 -0.694 -0.14 -0.972 -0.0 -0.091 0.218 0.709 -0.0 -0.699 -0.091 0.982 0.0 -0.041 0.185 
0.999 0.023 -0.002 0.027 -0.759 -0.0 -0.652 -0.011 -0.948 0.0 -0.156 -0.276 0.751 -0.0 -0.653 -0.093 0.976 -0.0 -0.117 -0.185 -0.707 -0.0 -0.694 -0.138 -0.972 -0.0 -0.091 0.218 0.709 0.0 -0.699 -0.09 0.982 0.0 -0.041 0.186 
0.999 0.024 -0.002 0.027 -0.759 -0.0 -0.651 -0.007 -0.947 -0.0 -0.158 -0.279 0.751 0.0 -0.653 -0.094 0.976 0.0 -0.117 -0.185 -0.707 -0.0 -0.694 -0.139 -0.972 -0.0 -0.091 0.218 0.709 0.0 -0.699 -0.091 0.982 0.0 -0.041 0.185 
0.999 0.023 -0.002 0.027 -0.759 -0.0 -0.652 -0.011 -0.948 -0.0 -0.157 -0.276 0.751 0.0 -0.653 -0.093 0.976 -0.0 -0.116 -0.184 -0.707 -0.0 -0.694 -0.138 -0.972 -0.0 -0.09 0.218 0.709 0.0 -0.699 -0.09 0.982 0.0 -0.041 0.185 
0.999 0.024 -0.002 0.027 -0.759 0.0 -0.651 -0.007 -0.947 -0.0 -0.158 -0.279 0.751 0.0 -0.653 -0.094 0.976 0.0 -0.115 -0.185 -0.707 -0.0 -0.694 -0.139 -0.972 -0.0 -0.091 0.218 0.709 0.0 -0.699 -0.091 0.982 -0.0 -0.041 0.185 
0.999 0.023 -0.002 0.027 -0.758 -0.0 -0.652 -0.01 -0.948 -0.0 -0.156 -0.277 0.752 0.0 -0.653 -0.092 0.976 0.0 -0.117 -0.185 -0.707 0.0 -0.694 -0.138 -0.972 0.0 -0.09 0.218 0.709 0.0 -0.699 -0.09 0.982 0.0 -0.041 0.185 
0.999 0.024 -0.002 0.027 -0.758 0.0 -0.652 -0.007 -0.947 0.0 -0.158 -0.279 0.752 0.0 -0.653 -0.094 0.976 0.0 -0.115 -0.185 -0.707 -0.0 -0.694 -0.139 -0.972 -0.0 -0.091 0.218 0.709 0.0 -0.699 -0.091 0.982 0.0 -0.041 0.185 
0.999 0.023 -0.002 0.027 -0.758 -0.0 -0.652 -0.01 -0.948 -0.0 -0.156 -0.277 0.751 0.0 -0.653 -0.092 0.976 0.0 -0.117 -0.185 -0.707 0.0 -0.694 -0.138 -0.972 -0.0 -0.09 0.218 0.709 0.0 -0.699 -0.09 0.982 0.0 -0.043 0.184 
0.999 0.023 -0.002 0.027 -0.759 -0.0 -0.652 -0.007 -0.947 -0.0 -0.158 -0.279 0.751 -0.0 -0.653 -0.094 0.976 0.0 -0.117 -0.186 -0.707 -0.0 -0.694 -0.139 -0.972 -0.0 -0.091 0.218 0.709 0.0 -0.699 -0.091 0.982 0.0 -0.042 0.185 
0.999 0.022 -0.002 0.027 -0.758 0.0 -0.652 -0.01 -0.948 -0.0 -0.156 -0.276 0.751 0.0 -0.653 -0.092 0.976 0.0 -0.115 -0.185 -0.707 -0.0 -0.694 -0.138 -0.972 -0.0 -0.09 0.218 0.709 0.0 -0.699 -0.09 0.982 0.0 -0.041 0.185 
0.999 0.023 -0.002 0.027 -0.758 -0.0 -0.652 -0.006 -0.947 -0.0 -0.158 -0.28 0.751 0.0 -0.653 -0.093 0.976 0.0 -0.117 -0.186 -0.707 0.0 -0.694 -0.139 -0.972 -0.0 -0.091 0.218 0.709 0.0 -0.699 -0.091 0.982 0.0 -0.041 0.185 
0.999 0.022 -0.002 0.027 -0.758 -0.0 -0.652 -0.01 -0.948 0.0 -0.157 -0.277 0.751 0.0 -0.653 -0.092 0.976 0.0 -0.117 -0.185 -0.707 -0.0 -0.694 -0.138 -0.972 -0.0 -0.09 0.218 0.709 0.0 -0.699 -0.09 0.982 -0.0 -0.041 0.185 
0.999 0.023 -0.002 0.027 -0.758 -0.0 -0.652 -0.006 -0.947 0.0 -0.158 -0.28 0.751 0.0 -0.653 -0.093 0.976 -0.0 -0.116 -0.185 -0.707 -0.0 -0.694 -0.139 -0.972 -0.0 -0.091 0.218 0.709 0.0 -0.699 -0.091 0.982 0.0 -0.041 0.185 
0.999 0.022 -0.002 0.027 -0.758 -0.0 -0.652 -0.01 -0.948 -0.0 -0.156 -0.277 0.751 0.0 -0.653 -0.092 0.976 0.0 -0.117 -0.185 -0.707 0.0 -0.694 -0.138 -0.972 -0.0 -0.09 0.218 0.709 -0.0 -0.699 -0.09 0.982 0.0 -0.041 0.185 
0.999 0.023 -0.002 0.027 -0.758 -0.0 -0.652 -0.006 -0.947 -0.0 -0.158 -0.28 0.751 0.0 -0.653 -0.093 0.976 0.0 -0.116 -0.185 -0.707 -0.0 -0.694 -0.139 -0.972 0.0 -0.091 0.218 0.709 -0.0 -0.699 -0.091 0.982 0.0 -0.041 0.185 
0.999 0.022 -0.002 0.027 -0.758 -0.0 -0.652 -0.01 -0.948 -0.0 -0.156 -0.277 0.751 0.0 -0.654 -0.092 0.976 0.0 -0.117 -0.185 -0.707 -0.0 -0.694 -0.138 -0.972 -0.0 -0.09 0.218 0.709 0.0 -0.699 -0.089 0.982 0.0 -0.041 0.185 
0.999 0.023 -0.002 0.027 -0.758 0.0 -0.652 -0.006 -0.947 0.0 -0.158 -0.279 0.751 0.0 -0.653 -0.093 0.976 0.0 -0.115 -0.184 -0.707 -0.0 -0.694 -0.139 -0.972 -0.0 -0.091 0.218 0.709 0.0 -0.699 -0.091 0.982 0.0 -0.041 0.185 
0.999 0.022 -0.002 0.027 -0.758 -0.0 -0.652 -0.01 -0.948 -0.0 -0.157 -0.276 0.751 0.0 -0.654 -0.092 0.976 0.0 -0.117 -0.185 -0.707 -0.0 -0.694 -0.138 -0.972 0.0 -0.09 0.218 0.709 -0.0 -0.699 -0.09 0.982 0.0 -0.043 0.184 
0.999 0.023 -0.002 0.028 -0.758 -0.0 -0.652 -0.006 -0.947 -0.0 -0.158 -0.279 0.751 0.0 -0.653 -0.093 0.976 0.0 -0.116 -0.185 -0.707 -0.0 -0.694 -0.139 -0.972 -0.0 -0.09 0.218 0.709 -0.0 -0.699 -0.091 0.982 -0.0 -0.041 0.185 
0.999 0.022 -0.002 0.028 -0.758 -0.0 -0.652 -0.01 -0.948 0.0 -0.156 -0.277 0.751 0.0 -0.654 -0.091 0.976 0.0 -0.117 -0.185 -0.707 -0.0 -0.694 -0.138 -0.972 -0.0 -0.09 0.218 0.709 -0.0 -0.699 -0.09 0.982 0.0 -0.041 0.185 
0.999 0.023 -0.002 0.028 -0.758 -0.0 -0.652 -0.006 -0.947 -0.0 -0.158 -0.279 0.751 0.0 -0.653 -0.093 0.976 0.0 -0.117 -0.185 -0.707 -0.0 -0.694 -0.139 -0.972 -0.0 -0.09 0.218 0.71 0.0 -0.699 -0.091 0.982 0.0 -0.042 0.185 
0.999 0.022 -0.002 0.028 -0.758 -0.0 -0.653 -0.01 -0.948 -0.0 -0.156 -0.276 0.751 0.0 -0.654 -0.091 0.976 0.0 -0.117 -0.185 -0.707 -0.0 -0.694 -0.138 -0.972 -0.0 -0.09 0.218 0.709 0.0 -0.699 -0.09 0.982 -0.0 -0.041 0.185 
0.999 0.023 -0.002 0.028 -0.758 -0.0 -0.652 -0.005 -0.947 -0.0 -0.158 -0.28 0.751 -0.0 -0.653 -0.093 0.976 -0.0 -0.117 -0.185 -0.707 -0.0 -0.694 -0.139 -0.972 -0.0 -0.09 0.218 0.709 0.0 -0.699 -0.091 0.982 0.0 -0.041 0.185 
0.999 0.022 -0.002 0.028 -0.758 0.0 -0.653 -0.009 -0.948 -0.0 -0.156 -0.277 0.751 0.0 -0.654 -0.091 0.976 0.0 -0.117 -0.185 -0.707 -0.0 -0.694 -0.138 -0.972 -0.0 -0.09 0.218 0.71 0.0 -0.699 -0.089 0.982 -0.0 -0.042 0.185 
0.999 0.023 -0.002 0.028 -0.758 -0.0 -0.652 -0.005 -0.947 0.0 -0.158 -0.279 0.751 -0.0 -0.653 -0.092 0.976 0.0 -0.116 -0.185 -0.707 0.0 -0.694 -0.139 -0.972 -0.0 -0.09 0.218 0.709 0.0 -0.699 -0.091 0.982 -0.0 -0.041 0.185 
0.999 0.022 -0.002 0.027 -0.758 -0.0 -0.653 -0.009 -0.948 -0.0 -0.157 -0.277 0.751 0.0 -0.654 -0.091 0.976 -0.0 -0.116 -0.185 -0.707 -0.0 -0.694 -0.138 -0.972 -0.0 -0.09 0.218 0.709 0.0 -0.699 -0.089 0.982 0.0 -0.041 0.185 
0.999 0.023 -0.002 0.028 -0.758 -0.0 -0.652 -0.005 -0.947 -0.0 -0.158 -0.279 0.751 0.0 -0.654 -0.092 0.976 0.0 -0.116 -0.185 -0.707 -0.0 -0.694 -0.139 -0.972 -0.0 -0.09 0.218 0.709 0.0 -0.699 -0.091 0.982 -0.0 -0.041 0.185 
0.999 0.022 -0.002 0.028 -0.758 -0.0 -0.653 -0.009 -0.948 -0.0 -0.157 -0.276 0.751 0.0 -0.654 -0.091 0.976 0.0 -0.117 -0.185 -0.707 -0.0 -0.694 -0.137 -0.972 -0.0 -0.09 0.218 0.709 0.0 -0.7 -0.089 0.982 0.0 -0.04 0.185 
0.999 0.023 -0.002 0.028 -0.758 -0.0 -0.652 -0.005 -0.947 0.0 -0.158 -0.279 0.751 -0.0 -0.654 -0.092 0.976 0.0 -0.116 -0.185 -0.707 -0.0 -0.694 -0.139 -0.972 -0.0 -0.09 0.218 0.709 0.0 -0.699 -0.091 0.982 0.0 -0.043 0.184 
0.999 0.022 -0.002 0.028 -0.758 -0.0 -0.653 -0.009 -0.948 0.0 -0.157 -0.276 0.751 0.0 -0.654 -0.09 0.976 0.0 -0.117 -0.185 -0.707 -0.0 -0.694 -0.137 -0.972 -0.0 -0.09 0.218 0.709 0.0 -0.7 -0.089 0.982 0.0 -0.043 0.184 
0.999 0.023 -0.002 0.028 -0.758 -0.0 -0.653 -0.005 -0.947 -0.0 -0.158 -0.279 0.751 -0.0 -0.654 -0.092 0.976 0.0 -0.117 -0.185 -0.707 -0.0 -0.694 -0.139 -0.972 -0.0 -0.09 0.218 0.709 0.0 -0.699 -0.091 0.982 0.0 -0.043 0.184 
0.999 0.022 -0.002 0.028 -0.758 -0.0 -0.653 -0.008 -0.948 -0.0 -0.157 -0.276 0.751 0.0 -0.654 -0.09 0.976 0.0 -0.117 -0.185 -0.707 -0.0 -0.694 -0.137 -0.972 -0.0 -0.09 0.218 0.709 0.0 -0.7 -0.089 0.982 0.0 -0.04 0.185 
0.999 0.023 -0.002 0.028 -0.758 -0.0 -0.653 -0.004 -0.947 -0.0 -0.158 -0.28 0.751 0.0 -0.654 -0.091 0.976 0.0 -0.117 -0.185 -0.707 -0.0 -0.694 -0.139 -0.972 0.0 -0.09 0.218 0.709 0.0 -0.699 -0.091 0.982 0.0 -0.042 0.185 
0.999 0.022 -0.002 0.028 -0.757 -0.0 -0.653 -0.008 -0.948 -0.0 -0.156 -0.277 0.751 0.0 -0.654 -0.09 0.976 0.0 -0.117 -0.185 -0.707 0.0 -0.694 -0.137 -0.972 -0.0 -0.09 0.218 0.709 0.0 -0.7 -0.089 0.982 0.0 -0.043 0.184 
0.999 0.023 -0.002 0.028 -0.758 -0.0 -0.652 -0.004 -0.947 -0.0 -0.158 -0.28 0.751 -0.0 -0.654 -0.091 0.976 0.0 -0.117 -0.186 -0.707 -0.0 -0.694 -0.139 -0.972 -0.0 -0.09 0.218 0.709 -0.0 -0.699 -0.091 0.982 -0.0 -0.041 0.185 
0.999 0.022 -0.002 0.028 -0.757 -0.0 -0.653 -0.008 -0.948 -0.0 -0.156 -0.277 0.751 0.0 -0.654 -0.089 0.976 0.0 -0.117 -0.185 -0.707 -0.0 -0.694 -0.137 -0.972 0.0 -0.09 0.218 0.709 -0.0 -0.7 -0.089 0.982 0.0 -0.041 0.185 
0.999 0.023 -0.002 0.027 -0.758 -0.0 -0.653 -0.004 -0.947 -0.0 -0.158 -0.28 0.751 0.0 -0.654 -0.091 0.976 0.0 -0.117 -0.185 -0.707 -0.0 -0.694 -0.139 -0.972 -0.0 -0.09 0.218 0.709 -0.0 -0.699 -0.09 0.982 0.0 -0.041 0.185 
0.999 0.022 -0.002 0.028 -0.757 -0.0 -0.653 -0.008 -0.948 -0.0 -0.157 -0.277 0.751 0.0 -0.654 -0.089 0.976 0.0 -0.116 -0.185 -0.707 -0.0 -0.694 -0.137 -0.972 -0.0 -0.09 0.218 0.709 0.0 -0.7 -0.089 0.982 -0.0 -0.041 0.185 
0.999 0.023 -0.002 0.027 -0.758 -0.0 -0.653 -0.004 -0.947 -0.0 -0.159 -0.28 0.751 0.0 -0.654 -0.091 0.976 0.0 -0.117 -0.185 -0.707 0.0 -0.694 -0.139 -0.972 -0.0 -0.091 0.219 0.709 0.0 -0.699 -0.091 0.982 0.0 -0.041 0.185 
0.999 0.022 -0.002 0.028 -0.757 -0.0 -0.653 -0.008 -0.948 -0.0 -0.156 -0.277 0.751 0.0 -0.654 -0.089 0.976 0.0 -0.116 -0.184 -0.707 0.0 -0.694 -0.137 -0.972 -0.0 -0.089 0.218 0.709 0.0 -0.7 -0.089 0.982 0.0 -0.04 0.185 
0.999 0.023 -0.002 0.027 -0.758 -0.0 -0.653 -0.004 -0.947 -0.0 -0.159 -0.28 0.751 0.0 -0.654 -0.09 0.976 -0.0 -0.117 -0.185 -0.707 -0.0 -0.694 -0.139 -0.972 -0.0 -0.09 0.218 0.709 0.0 -0.699 -0.091 0.982 0.0 -0.041 0.185 
0.999 0.022 -0.002 0.027 -0.757 -0.0 -0.653 -0.008 -0.948 -0.0 -0.156 -0.277 0.751 0.0 -0.655 -0.089 0.976 0.0 -0.117 -0.185 -0.707 -0.0 -0.694 -0.137 -0.972 -0.0 -0.089 0.218 0.709 0.0 -0.7 -0.089 0.982 -0.0 -0.041 0.185 
0.999 0.023 -0.002 0.027 -0.758 0.0 -0.653 -0.004 -0.947 -0.0 -0.159 -0.28 0.751 0.0 -0.654 -0.09 0.976 0.0 -0.117 -0.185 -0.707 -0.0 -0.694 -0.139 -0.972 0.0 -0.09 0.218 0.709 0.0 -0.699 -0.091 0.982 -0.0 -0.041 0.185 
0.999 0.022 -0.002 0.027 -0.757 -0.0 -0.653 -0.008 -0.948 -0.0 -0.157 -0.277 0.751 0.0 -0.654 -0.089 0.976 0.0 -0.118 -0.185 -0.707 -0.0 -0.694 -0.137 -0.972 0.0 -0.089 0.218 0.709 0.0 -0.7 -0.089 0.982 -0.0 -0.043 0.184 
0.999 0.023 -0.002 0.027 -0.758 -0.0 -0.653 -0.004 -0.947 -0.0 -0.159 -0.28 0.751 0.0 -0.654 -0.09 0.976 0.0 -0.116 -0.185 -0.707 -0.0 -0.694 -0.139 -0.972 -0.0 -0.09 0.218 0.709 0.0 -0.699 -0.091 0.982 0.0 -0.041 0.185 
0.999 0.022 -0.002 0.027 -0.757 -0.0 -0.653 -0.007 -0.948 -0.0 -0.157 -0.277 0.751 0.0 -0.655 -0.088 0.976 0.0 -0.118 -0.185 -0.707 0.0 -0.694 -0.137 -0.972 0.0 -0.089 0.218 0.709 0.0 -0.7 -0.089 0.982 0.0 -0.04 0.185 
0.999 0.023 -0.002 0.027 -0.757 -0.0 -0.653 -0.003 -0.947 0.0 -0.159 -0.28 0.751 0.0 -0.654 -0.09 0.976 0.0 -0.117 -0.185 -0.707 0.0 -0.694 -0.138 -0.972 -0.0 -0.09 0.218 0.709 0.0 -0.699 -0.09 0.982 0.0 -0.043 0.184 
0.999 0.022 -0.002 0.027 -0.757 0.0 -0.653 -0.007 -0.948 0.0 -0.157 -0.277 0.751 -0.0 -0.655 -0.087 0.976 0.0 -0.116 -0.186 -0.707 -0.0 -0.694 -0.138 -0.972 -0.0 -0.089 0.218 0.709 0.0 -0.7 -0.09 0.982 -0.0 -0.041 0.185 
0.999 0.023 -0.002 0.027 -0.758 -0.0 -0.653 -0.003 -0.947 -0.0 -0.159 -0.28 0.75 0.0 -0.655 -0.088 0.975 0.0 -0.117 -0.186 -0.707 -0.0 -0.694 -0.139 -0.972 -0.0 -0.09 0.218 0.709 0.0 -0.7 -0.091 0.982 -0.0 -0.041 0.185 
0.999 0.022 -0.002 0.027 -0.757 -0.0 -0.653 -0.007 -0.948 0.0 -0.157 -0.277 0.751 0.0 -0.654 -0.09 0.976 0.0 -0.118 -0.182 -0.707 0.0 -0.694 -0.137 -0.972 -0.0 -0.089 0.218 0.709 0.0 -0.7 -0.089 0.982 0.0 -0.04 0.185 
0.999 0.023 -0.002 0.027 -0.757 0.0 -0.653 -0.003 -0.947 0.0 -0.159 -0.28 0.751 0.0 -0.655 -0.087 0.975 0.0 -0.117 -0.186 -0.706 -0.0 -0.694 -0.139 -0.972 -0.0 -0.089 0.218 0.709 0.0 -0.699 -0.09 0.982 0.0 -0.04 0.184 
0.999 0.022 -0.002 0.027 -0.757 -0.0 -0.653 -0.006 -0.948 -0.0 -0.157 -0.278 0.751 -0.0 -0.654 -0.09 0.976 -0.0 -0.119 -0.182 -0.707 -0.0 -0.694 -0.137 -0.972 -0.0 -0.089 0.218 0.709 0.0 -0.7 -0.089 0.982 0.0 -0.04 0.185 
0.999 0.023 -0.002 0.027 -0.757 -0.0 -0.653 -0.003 -0.947 -0.0 -0.159 -0.28 0.751 0.0 -0.655 -0.089 0.976 0.0 -0.118 -0.184 -0.707 -0.0 -0.694 -0.139 -0.972 -0.0 -0.09 0.218 0.709 0.0 -0.699 -0.091 0.982 -0.0 -0.041 0.185 
0.999 0.022 -0.002 0.027 -0.757 -0.0 -0.653 -0.006 -0.948 -0.0 -0.157 -0.277 0.751 0.0 -0.655 -0.088 0.976 0.0 -0.118 -0.185 -0.707 -0.0 -0.694 -0.137 -0.972 -0.0 -0.089 0.218 0.709 0.0 -0.7 -0.089 0.982 -0.0 -0.04 0.185 
0.999 0.023 -0.002 0.027 -0.757 -0.0 -0.653 -0.003 -0.947 -0.0 -0.159 -0.28 0.75 0.0 -0.655 -0.088 0.975 0.0 -0.117 -0.186 -0.707 0.0 -0.694 -0.139 -0.972 -0.0 -0.09 0.218 0.709 0.0 -0.699 -0.091 0.982 0.0 -0.041 0.185 
0.999 0.022 -0.002 0.027 -0.757 -0.0 -0.653 -0.006 -0.948 -0.0 -0.157 -0.277 0.751 0.0 -0.655 -0.088 0.976 0.0 -0.118 -0.185 -0.707 -0.0 -0.694 -0.137 -0.972 -0.0 -0.089 0.218 0.709 0.0 -0.7 -0.089 0.982 0.0 -0.04 0.185 
0.999 0.022 -0.002 0.027 -0.757 -0.0 -0.653 -0.002 -0.947 -0.0 -0.159 -0.28 0.751 0.0 -0.654 -0.089 0.976 0.0 -0.118 -0.185 -0.706 0.0 -0.694 -0.139 -0.972 -0.0 -0.09 0.219 0.709 0.0 -0.7 -0.089 0.982 -0.0 -0.04 0.184 
0.999 0.022 -0.002 0.027 -0.757 -0.0 -0.654 -0.006 -0.948 0.0 -0.157 -0.277 0.751 0.0 -0.655 -0.086 0.976 0.0 -0.118 -0.186 -0.706 -0.0 -0.695 -0.137 -0.972 0.0 -0.089 0.218 0.71 0.0 -0.699 -0.088 0.982 0.0 -0.042 0.184 
0.999 0.022 -0.002 0.027 -0.757 -0.0 -0.653 -0.002 -0.947 -0.0 -0.16 -0.28 0.751 -0.0 -0.654 -0.089 0.976 0.0 -0.118 -0.185 -0.706 -0.0 -0.695 -0.138 -0.972 -0.0 -0.089 0.218 0.709 0.0 -0.699 -0.089 0.982 0.0 -0.04 0.184 
0.999 0.021 -0.002 0.027 -0.757 -0.0 -0.654 -0.005 -0.948 -0.0 -0.157 -0.277 0.751 0.0 -0.654 -0.087 0.976 0.0 -0.118 -0.185 -0.706 -0.0 -0.695 -0.136 -0.972 -0.0 -0.089 0.218 0.709 0.0 -0.7 -0.088 0.982 -0.0 -0.04 0.184 
0.999 0.022 -0.002 0.027 -0.757 -0.0 -0.654 -0.001 -0.947 -0.0 -0.16 -0.28 0.751 0.0 -0.654 -0.088 0.976 0.0 -0.117 -0.185 -0.706 -0.0 -0.695 -0.138 -0.972 -0.0 -0.089 0.218 0.709 0.0 -0.699 -0.089 0.982 0.0 -0.04 0.184 
0.999 0.021 -0.002 0.028 -0.757 -0.0 -0.653 -0.005 -0.948 -0.0 -0.157 -0.277 0.751 0.0 -0.655 -0.088 0.976 0.0 -0.118 -0.185 -0.707 -0.0 -0.694 -0.136 -0.972 -0.0 -0.089 0.218 0.709 0.0 -0.7 -0.088 0.982 0.0 -0.04 0.185 
0.999 0.022 -0.002 0.028 -0.757 -0.0 -0.653 -0.002 -0.947 -0.0 -0.159 -0.28 0.751 0.0 -0.655 -0.088 0.976 0.0 -0.118 -0.185 -0.707 -0.0 -0.694 -0.138 -0.972 -0.0 -0.089 0.218 0.709 0.0 -0.699 -0.09 0.982 0.0 -0.042 0.185 
0.999 0.021 -0.001 0.028 -0.757 -0.0 -0.654 -0.005 -0.948 -0.0 -0.157 -0.277 0.751 0.0 -0.655 -0.087 0.976 0.0 -0.118 -0.185 -0.707 -0.0 -0.694 -0.137 -0.972 0.0 -0.09 0.219 0.709 0.0 -0.7 -0.088 0.982 -0.0 -0.04 0.185 
0.999 0.022 -0.002 0.028 -0.757 -0.0 -0.653 -0.001 -0.947 -0.0 -0.159 -0.28 0.751 0.0 -0.654 -0.091 0.976 0.0 -0.119 -0.183 -0.707 -0.0 -0.694 -0.137 -0.972 -0.0 -0.089 0.218 0.709 0.0 -0.7 -0.09 0.982 -0.0 -0.04 0.185 
0.999 0.021 -0.002 0.027 -0.756 -0.0 -0.654 -0.005 -0.948 -0.0 -0.157 -0.276 0.751 0.0 -0.654 -0.087 0.976 0.0 -0.118 -0.185 -0.706 0.0 -0.695 -0.136 -0.972 -0.0 -0.089 0.218 0.709 0.0 -0.7 -0.087 0.982 0.0 -0.04 0.185 
0.999 0.022 -0.002 0.028 -0.757 -0.0 -0.653 -0.001 -0.947 -0.0 -0.159 -0.28 0.751 0.0 -0.655 -0.088 0.976 0.0 -0.118 -0.185 -0.707 -0.0 -0.694 -0.137 -0.972 -0.0 -0.089 0.218 0.709 0.0 -0.7 -0.09 0.982 -0.0 -0.04 0.185 
0.999 0.021 -0.001 0.028 -0.757 -0.0 -0.654 -0.005 -0.948 -0.0 -0.157 -0.277 0.751 0.0 -0.655 -0.087 0.976 0.0 -0.118 -0.185 -0.707 0.0 -0.694 -0.136 -0.972 0.0 -0.089 0.218 0.709 0.0 -0.7 -0.088 0.982 0.0 -0.04 0.184 
0.999 0.022 -0.002 0.028 -0.757 -0.0 -0.654 -0.001 -0.947 -0.0 -0.159 -0.28 0.751 0.0 -0.655 -0.088 0.976 0.0 -0.118 -0.185 -0.707 -0.0 -0.694 -0.137 -0.972 -0.0 -0.089 0.218 0.709 0.0 -0.7 -0.089 0.982 0.0 -0.04 0.185 
0.999 0.021 -0.002 0.028 -0.757 0.0 -0.654 -0.005 -0.948 -0.0 -0.157 -0.277 0.751 0.0 -0.655 -0.087 0.976 0.0 -0.118 -0.185 -0.707 -0.0 -0.695 -0.136 -0.972 -0.0 -0.089 0.218 0.709 0.0 -0.7 -0.088 0.982 -0.0 -0.04 0.185 
0.999 0.022 -0.001 0.028 -0.757 -0.0 -0.654 -0.001 -0.947 -0.0 -0.159 -0.28 0.751 0.0 -0.655 -0.089 0.976 0.0 -0.118 -0.185 -0.707 0.0 -0.694 -0.137 -0.972 -0.0 -0.089 0.218 0.709 0.0 -0.7 -0.089 0.982 0.0 -0.04 0.185 
0.999 0.02 -0.002 0.027 -0.756 -0.0 -0.654 -0.005 -0.948 -0.0 -0.157 -0.277 0.751 0.0 -0.654 -0.087 0.976 0.0 -0.118 -0.185 -0.706 0.0 -0.695 -0.135 -0.972 -0.0 -0.089 0.218 0.709 0.0 -0.7 -0.086 0.982 0.0 -0.039 0.185 
0.999 0.021 -0.001 0.028 -0.757 -0.0 -0.654 -0.001 -0.947 -0.0 -0.158 -0.28 0.751 0.0 -0.655 -0.088 0.976 -0.0 -0.118 -0.186 -0.707 0.0 -0.694 -0.138 -0.971 -0.0 -0.09 0.219 0.709 0.0 -0.7 -0.089 0.982 0.0 -0.04 0.185 
0.999 0.02 -0.001 0.028 -0.756 0.0 -0.654 -0.005 -0.948 -0.0 -0.157 -0.277 0.751 0.0 -0.655 -0.087 0.976 0.0 -0.118 -0.185 -0.707 -0.0 -0.695 -0.135 -0.972 -0.0 -0.089 0.218 0.709 0.0 -0.7 -0.088 0.982 0.0 -0.04 0.185 
0.999 0.021 -0.001 0.028 -0.757 -0.0 -0.654 -0.001 -0.947 0.0 -0.158 -0.28 0.751 0.0 -0.655 -0.088 0.976 0.0 -0.117 -0.186 -0.707 -0.0 -0.694 -0.137 -0.972 0.0 -0.09 0.218 0.709 0.0 -0.7 -0.089 0.982 0.0 -0.04 0.185 
0.999 0.02 -0.001 0.028 -0.756 -0.0 -0.654 -0.005 -0.948 -0.0 -0.157 -0.277 0.751 0.0 -0.655 -0.087 0.976 0.0 -0.118 -0.185 -0.707 -0.0 -0.695 -0.135 -0.972 -0.0 -0.089 0.218 0.709 0.0 -0.7 -0.087 0.982 0.0 -0.04 0.185 
0.999 0.021 -0.001 0.028 -0.757 -0.0 -0.654 -0.001 -0.947 0.0 -0.158 -0.28 0.751 0.0 -0.655 -0.088 0.976 0.0 -0.117 -0.186 -0.707 -0.0 -0.694 -0.137 -0.972 -0.0 -0.089 0.218 0.709 0.0 -0.7 -0.089 0.982 -0.0 -0.04 0.185 
0.999 0.02 -0.001 0.028 -0.756 -0.0 -0.654 -0.005 -0.948 -0.0 -0.157 -0.277 0.751 -0.0 -0.655 -0.087 0.976 0.0 -0.118 -0.185 -0.707 0.0 -0.694 -0.136 -0.971 -0.0 -0.09 0.219 0.709 0.0 -0.7 -0.087 0.982 0.0 -0.04 0.185 
0.999 0.021 -0.001 0.028 -0.756 -0.0 -0.654 -0.001 -0.947 -0.0 -0.158 -0.28 0.751 0.0 -0.655 -0.088 0.976 0.0 -0.117 -0.186 -0.707 0.0 -0.694 -0.137 -0.972 -0.0 -0.09 0.218 0.709 0.0 -0.7 -0.089 0.982 -0.0 -0.04 0.186 
0.999 0.02 -0.001 0.028 -0.756 -0.0 -0.654 -0.005 -0.948 -0.0 -0.156 -0.277 0.751 0.0 -0.655 -0.087 0.976 0.0 -0.118 -0.185 -0.707 -0.0 -0.695 -0.135 -0.972 -0.0 -0.089 0.218 0.709 0.0 -0.7 -0.087 0.982 0.0 -0.04 0.186 
0.999 0.021 -0.001 0.028 -0.756 -0.0 -0.654 -0.001 -0.947 -0.0 -0.158 -0.28 0.751 0.0 -0.655 -0.088 0.976 0.0 -0.117 -0.186 -0.707 -0.0 -0.694 -0.136 -0.972 -0.0 -0.09 0.218 0.709 -0.0 -0.7 -0.089 0.982 0.0 -0.04 0.186 
0.999 0.02 -0.001 0.028 -0.756 -0.0 -0.655 -0.005 -0.948 -0.0 -0.157 -0.277 0.751 0.0 -0.655 -0.087 0.976 0.0 -0.118 -0.186 -0.707 -0.0 -0.694 -0.135 -0.972 -0.0 -0.089 0.218 0.709 0.0 -0.7 -0.087 0.982 0.0 -0.04 0.185 
0.999 0.021 -0.001 0.028 -0.756 -0.0 -0.654 -0.001 -0.947 0.0 -0.158 -0.28 0.751 0.0 -0.655 -0.088 0.976 0.0 -0.118 -0.186 -0.707 -0.0 -0.694 -0.137 -0.972 -0.0 -0.09 0.218 0.709 0.0 -0.699 -0.089 0.982 0.0 -0.041 0.185 
0.999 0.02 -0.001 0.027 -0.756 -0.0 -0.655 -0.005 -0.948 -0.0 -0.157 -0.277 0.751 0.0 -0.655 -0.087 0.976 0.0 -0.118 -0.185 -0.707 0.0 -0.694 -0.135 -0.972 -0.0 -0.089 0.219 0.709 0.0 -0.7 -0.087 0.982 0.0 -0.04 0.185 
0.999 0.021 -0.001 0.027 -0.756 -0.0 -0.654 -0.001 -0.947 0.0 -0.159 -0.28 0.75 0.0 -0.655 -0.088 0.976 0.0 -0.117 -0.186 -0.707 -0.0 -0.694 -0.137 -0.972 -0.0 -0.09 0.218 0.709 -0.0 -0.7 -0.089 0.982 0.0 -0.041 0.185 
0.999 0.02 -0.001 0.027 -0.756 -0.0 -0.654 -0.005 -0.948 -0.0 -0.157 -0.277 0.75 0.0 -0.655 -0.087 0.976 0.0 -0.118 -0.185 -0.707 -0.0 -0.694 -0.135 -0.972 -0.0 -0.089 0.219 0.71 0.0 -0.699 -0.087 0.982 -0.0 -0.044 0.184 
0.999 0.021 -0.002 0.027 -0.756 -0.0 -0.655 -0.001 -0.947 -0.0 -0.159 -0.279 0.751 0.0 -0.655 -0.087 0.976 0.0 -0.117 -0.186 -0.706 -0.0 -0.695 -0.136 -0.972 -0.0 -0.089 0.218 0.709 -0.0 -0.699 -0.088 0.982 -0.0 -0.04 0.185 
0.999 0.02 -0.001 0.027 -0.756 -0.0 -0.655 -0.005 -0.948 -0.0 -0.157 -0.276 0.75 0.0 -0.655 -0.086 0.976 0.0 -0.118 -0.185 -0.707 -0.0 -0.694 -0.135 -0.972 -0.0 -0.089 0.218 0.709 0.0 -0.7 -0.087 0.982 0.0 -0.041 0.185 
0.999 0.021 -0.001 0.027 -0.756 -0.0 -0.654 -0.001 -0.947 -0.0 -0.159 -0.28 0.75 0.0 -0.655 -0.088 0.976 -0.0 -0.117 -0.185 -0.707 0.0 -0.694 -0.137 -0.972 -0.0 -0.089 0.218 0.709 0.0 -0.7 -0.089 0.982 0.0 -0.041 0.185 
0.999 0.02 -0.001 0.027 -0.756 -0.0 -0.655 -0.005 -0.948 -0.0 -0.157 -0.277 0.75 0.0 -0.656 -0.086 0.976 0.0 -0.118 -0.185 -0.707 0.0 -0.694 -0.135 -0.972 -0.0 -0.089 0.218 0.709 -0.0 -0.7 -0.087 0.982 0.0 -0.04 0.185 
0.999 0.021 -0.001 0.027 -0.756 0.0 -0.655 -0.001 -0.947 -0.0 -0.158 -0.279 0.75 0.0 -0.655 -0.087 0.976 0.0 -0.118 -0.186 -0.707 -0.0 -0.694 -0.137 -0.972 -0.0 -0.089 0.218 0.709 0.0 -0.7 -0.089 0.982 0.0 -0.041 0.185 
0.999 0.02 -0.001 0.027 -0.756 -0.0 -0.655 -0.005 -0.948 -0.0 -0.156 -0.276 0.75 0.0 -0.656 -0.086 0.976 0.0 -0.118 -0.185 -0.707 -0.0 -0.694 -0.135 -0.972 0.0 -0.089 0.218 0.709 0.0 -0.7 -0.087 0.982 -0.0 -0.04 0.185 
0.999 0.021 -0.001 0.027 -0.756 -0.0 -0.655 -0.001 -0.947 -0.0 -0.158 -0.28 0.75 0.0 -0.656 -0.087 0.976 0.0 -0.117 -0.185 -0.707 -0.0 -0.694 -0.136 -0.972 0.0 -0.089 0.218 0.709 0.0 -0.7 -0.088 0.982 -0.0 -0.041 0.185 
0.999 0.02 -0.001 0.027 -0.756 0.0 -0.655 -0.005 -0.948 -0.0 -0.156 -0.276 0.75 0.0 -0.656 -0.086 0.976 0.0 -0.118 -0.185 -0.707 -0.0 -0.695 -0.135 -0.972 0.0 -0.089 0.218 0.709 0.0 -0.7 -0.087 0.982 0.0 -0.04 0.185 
0.999 0.021 -0.001 0.027 -0.756 -0.0 -0.655 -0.001 -0.947 -0.0 -0.158 -0.279 0.75 0.0 -0.656 -0.087 0.976 -0.0 -0.117 -0.185 -0.707 -0.0 -0.694 -0.136 -0.972 0.0 -0.089 0.218 0.709 0.0 -0.7 -0.088 0.982 0.0 -0.04 0.185 
0.999 0.02 -0.001 0.027 -0.756 -0.0 -0.655 -0.005 -0.948 -0.0 -0.156 -0.276 0.75 -0.0 -0.656 -0.086 0.976 0.0 -0.118 -0.185 -0.707 0.0 -0.695 -0.135 -0.972 -0.0 -0.088 0.218 0.709 -0.0 -0.7 -0.087 0.982 -0.0 -0.04 0.185 
0.999 0.021 -0.001 0.027 -0.756 0.0 -0.655 -0.001 -0.947 -0.0 -0.158 -0.279 0.751 -0.0 -0.655 -0.087 0.975 0.0 -0.12 -0.186 -0.707 0.0 -0.694 -0.136 -0.972 -0.0 -0.089 0.218 0.709 0.0 -0.7 -0.088 0.982 -0.0 -0.043 0.184 
0.999 0.02 -0.001 0.027 -0.756 -0.0 -0.655 -0.005 -0.948 -0.0 -0.157 -0.276 0.75 0.0 -0.656 -0.086 0.976 0.0 -0.118 -0.185 -0.707 -0.0 -0.695 -0.135 -0.972 -0.0 -0.088 0.218 0.709 0.0 -0.7 -0.087 0.982 0.0 -0.042 0.184 
0.999 0.021 -0.001 0.027 -0.756 -0.0 -0.655 -0.001 -0.947 -0.0 -0.158 -0.28 0.75 -0.0 -0.656 -0.087 0.976 0.0 -0.118 -0.186 -0.707 -0.0 -0.694 -0.136 -0.972 -0.0 -0.089 0.218 0.709 0.0 -0.7 -0.088 0.982 0.0 -0.04 0.185 
0.999 0.02 -0.001 0.027 -0.756 -0.0 -0.655 -0.004 -0.948 -0.0 -0.156 -0.277 0.75 0.0 -0.656 -0.085 0.975 0.0 -0.118 -0.186 -0.707 -0.0 -0.695 -0.135 -0.972 -0.0 -0.088 0.218 0.709 -0.0 -0.7 -0.087 0.982 0.0 -0.04 0.185 
0.999 0.021 -0.001 0.027 -0.756 -0.0 -0.655 -0.001 -0.947 -0.0 -0.158 -0.28 0.75 0.0 -0.656 -0.087 0.976 0.0 -0.118 -0.186 -0.707 -0.0 -0.694 -0.136 -0.972 -0.0 -0.089 0.218 0.709 0.0 -0.7 -0.088 0.982 0.0 -0.043 0.184 
0.999 0.02 -0.001 0.027 -0.756 -0.0 -0.655 -0.004 -0.948 -0.0 -0.157 -0.276 0.75 -0.0 -0.656 -0.085 0.976 0.0 -0.118 -0.185 -0.707 0.0 -0.695 -0.135 -0.972 -0.0 -0.088 0.218 0.709 0.0 -0.7 -0.087 0.982 0.0 -0.04 0.185 
0.999 0.021 -0.001 0.027 -0.756 -0.0 -0.655 -0.001 -0.947 -0.0 -0.158 -0.28 0.75 -0.0 -0.656 -0.087 0.976 0.0 -0.117 -0.186 -0.707 -0.0 -0.694 -0.136 -0.972 -0.0 -0.089 0.218 0.709 0.0 -0.7 -0.088 0.982 0.0 -0.04 0.185 
0.999 0.02 -0.001 0.027 -0.756 -0.0 -0.655 -0.004 -0.948 -0.0 -0.157 -0.277 0.75 -0.0 -0.656 -0.085 0.976 0.0 -0.118 -0.186 -0.707 -0.0 -0.695 -0.135 -0.972 -0.0 -0.088 0.218 0.709 0.0 -0.7 -0.087 0.982 0.0 -0.04 0.185 
0.999 0.021 -0.001 0.027 -0.756 -0.0 -0.655 -0.0 -0.947 -0.0 -0.159 -0.279 0.75 -0.0 -0.656 -0.087 0.976 0.0 -0.117 -0.186 -0.707 -0.0 -0.694 -0.136 -0.972 0.0 -0.089 0.218 0.709 0.0 -0.7 -0.088 0.982 0.0 -0.043 0.184 
0.999 0.02 -0.001 0.027 -0.755 -0.0 -0.655 -0.004 -0.948 -0.0 -0.157 -0.276 0.75 0.0 -0.656 -0.085 0.976 0.0 -0.118 -0.186 -0.707 -0.0 -0.694 -0.135 -0.972 -0.0 -0.088 0.218 0.709 0.0 -0.7 -0.087 0.982 0.0 -0.04 0.185 
0.999 0.021 -0.001 0.027 -0.756 0.0 -0.655 -0.001 -0.947 0.0 -0.159 -0.279 0.75 -0.0 -0.656 -0.086 0.976 0.0 -0.117 -0.186 -0.707 -0.0 -0.694 -0.136 -0.972 -0.0 -0.089 0.218 0.709 0.0 -0.7 -0.088 0.982 0.0 -0.04 0.185 
0.999 0.02 -0.001 0.027 -0.756 -0.0 -0.655 -0.004 -0.948 -0.0 -0.157 -0.276 0.75 -0.0 -0.656 -0.085 0.975 0.0 -0.118 -0.186 -0.707 -0.0 -0.695 -0.135 -0.972 0.0 -0.088 0.218 0.709 -0.0 -0.7 -0.087 0.982 0.0 -0.04 0.185 
0.999 0.021 -0.001 0.027 -0.756 -0.0 -0.655 -0.001 -0.947 -0.0 -0.158 -0.279 0.75 0.0 -0.656 -0.086 0.976 -0.0 -0.118 -0.186 -0.707 -0.0 -0.694 -0.136 -0.972 -0.0 -0.089 0.218 0.709 0.0 -0.7 -0.088 0.982 0.0 -0.04 0.185 
0.999 0.02 -0.001 0.027 -0.755 -0.0 -0.655 -0.004 -0.948 -0.0 -0.157 -0.276 0.75 -0.0 -0.656 -0.085 0.975 0.0 -0.118 -0.186 -0.707 0.0 -0.695 -0.135 -0.972 0.0 -0.088 0.218 0.709 0.0 -0.7 -0.087 0.982 0.0 -0.04 0.184 
0.999 0.021 -0.001 0.027 -0.756 -0.0 -0.655 -0.001 -0.947 0.0 -0.159 -0.279 0.75 0.0 -0.656 -0.086 0.976 0.0 -0.117 -0.186 -0.707 0.0 -0.694 -0.136 -0.972 -0.0 -0.088 0.218 0.709 0.0 -0.7 -0.088 0.982 0.0 -0.043 0.184 
0.999 0.02 -0.001 0.027 -0.755 -0.0 -0.655 -0.004 -0.948 -0.0 -0.156 -0.276 0.75 0.0 -0.656 -0.084 0.976 0.0 -0.118 -0.185 -0.707 -0.0 -0.695 -0.135 -0.972 -0.0 -0.088 0.218 0.709 0.0 -0.7 -0.087 0.982 0.0 -0.04 0.185 
0.999 0.021 -0.001 0.027 -0.756 -0.0 -0.655 -0.001 -0.947 -0.0 -0.159 -0.279 0.75 0.0 -0.656 -0.086 0.976 0.0 -0.118 -0.186 -0.707 -0.0 -0.694 -0.136 -0.972 -0.0 -0.088 0.218 0.709 0.0 -0.7 -0.088 0.982 -0.0 -0.041 0.185 
0.999 0.02 -0.001 0.027 -0.755 -0.0 -0.656 -0.004 -0.948 0.0 -0.156 -0.276 0.75 0.0 -0.656 -0.085 0.976 0.0 -0.118 -0.185 -0.707 -0.0 -0.695 -0.135 -0.972 -0.0 -0.088 0.218 0.709 0.0 -0.7 -0.087 0.982 0.0 -0.04 0.185 
0.999 0.021 -0.001 0.027 -0.756 0.0 -0.655 -0.001 -0.947 -0.0 -0.159 -0.279 0.751 0.0 -0.655 -0.085 0.975 0.0 -0.12 -0.186 -0.707 -0.0 -0.694 -0.136 -0.972 -0.0 -0.089 0.218 0.709 0.0 -0.7 -0.088 0.982 0.0 -0.04 0.185 
0.999 0.019 -0.0 0.027 -0.755 -0.0 -0.655 -0.004 -0.948 -0.0 -0.157 -0.276 0.749 0.0 -0.657 -0.084 0.976 -0.0 -0.118 -0.185 -0.707 -0.0 -0.694 -0.134 -0.972 -0.0 -0.088 0.218 0.709 0.0 -0.7 -0.086 0.982 0.0 -0.04 0.185 
0.999 0.021 -0.001 0.027 -0.755 -0.0 -0.655 -0.001 -0.947 -0.0 -0.158 -0.279 0.75 0.0 -0.656 -0.086 0.976 0.0 -0.118 -0.186 -0.707 0.0 -0.694 -0.136 -0.972 -0.0 -0.089 0.218 0.709 0.0 -0.7 -0.088 0.982 0.0 -0.04 0.185 
0.999 0.02 -0.001 0.027 -0.755 -0.0 -0.656 -0.004 -0.948 -0.0 -0.157 -0.277 0.75 0.0 -0.656 -0.084 0.976 0.0 -0.118 -0.185 -0.707 -0.0 -0.695 -0.134 -0.972 -0.0 -0.088 0.218 0.709 0.0 -0.7 -0.087 0.982 0.0 -0.04 0.185 
0.999 0.02 -0.001 0.028 -0.755 -0.0 -0.655 -0.001 -0.947 -0.0 -0.158 -0.279 0.75 0.0 -0.656 -0.086 0.976 0.0 -0.117 -0.185 -0.707 -0.0 -0.694 -0.136 -0.972 -0.0 -0.089 0.218 0.709 0.0 -0.7 -0.088 0.982 0.0 -0.04 0.185 
0.999 0.019 -0.001 0.027 -0.755 -0.0 -0.655 -0.004 -0.948 -0.0 -0.157 -0.276 0.75 0.0 -0.657 -0.084 0.976 0.0 -0.118 -0.185 -0.707 -0.0 -0.694 -0.134 -0.972 -0.0 -0.088 0.218 0.708 0.0 -0.7 -0.086 0.982 0.0 -0.04 0.185 
0.999 0.021 -0.001 0.028 -0.755 -0.0 -0.655 -0.001 -0.947 0.0 -0.158 -0.279 0.75 0.0 -0.656 -0.085 0.976 0.0 -0.118 -0.186 -0.707 -0.0 -0.694 -0.136 -0.972 0.0 -0.089 0.218 0.709 0.0 -0.7 -0.088 0.982 0.0 -0.043 0.184 
0.999 0.019 -0.0 0.027 -0.755 0.0 -0.655 -0.004 -0.948 -0.0 -0.157 -0.276 0.75 0.0 -0.656 -0.084 0.975 0.0 -0.118 -0.186 -0.707 -0.0 -0.694 -0.134 -0.972 -0.0 -0.088 0.218 0.708 -0.0 -0.701 -0.086 0.982 0.0 -0.04 0.185 
0.999 0.02 -0.001 0.027 -0.756 -0.0 -0.655 0.0 -0.947 -0.0 -0.159 -0.279 0.749 0.0 -0.657 -0.085 0.976 -0.0 -0.117 -0.185 -0.707 -0.0 -0.694 -0.135 -0.972 -0.0 -0.088 0.218 0.709 0.0 -0.7 -0.087 0.982 0.0 -0.04 0.185 
0.999 0.019 -0.001 0.028 -0.755 0.0 -0.656 -0.004 -0.948 -0.0 -0.156 -0.277 0.75 0.0 -0.656 -0.084 0.976 0.0 -0.118 -0.185 -0.707 -0.0 -0.695 -0.134 -0.972 -0.0 -0.088 0.218 0.709 -0.0 -0.7 -0.086 0.982 -0.0 -0.04 0.185 
0.999 0.02 -0.001 0.028 -0.755 -0.0 -0.655 -0.0 -0.947 -0.0 -0.158 -0.279 0.75 0.0 -0.656 -0.085 0.976 0.0 -0.118 -0.185 -0.707 -0.0 -0.694 -0.135 -0.972 -0.0 -0.089 0.218 0.709 0.0 -0.7 -0.088 0.982 0.0 -0.04 0.185 
0.999 0.019 -0.0 0.027 -0.755 -0.0 -0.655 -0.004 -0.948 -0.0 -0.157 -0.276 0.75 0.0 -0.657 -0.084 0.976 0.0 -0.118 -0.185 -0.707 -0.0 -0.694 -0.134 -0.972 -0.0 -0.088 0.218 0.709 0.0 -0.7 -0.086 0.982 -0.0 -0.04 0.185 
0.999 0.02 -0.0 0.027 -0.756 -0.0 -0.655 -0.0 -0.947 -0.0 -0.159 -0.279 0.75 0.0 -0.657 -0.085 0.976 0.0 -0.117 -0.186 -0.707 -0.0 -0.694 -0.135 -0.972 -0.0 -0.088 0.218 0.709 -0.0 -0.7 -0.087 0.982 0.0 -0.04 0.185 
0.999 0.019 -0.0 0.027 -0.755 -0.0 -0.656 -0.003 -0.948 -0.0 -0.157 -0.276 0.75 0.0 -0.657 -0.084 0.976 0.0 -0.118 -0.185 -0.707 0.0 -0.694 -0.134 -0.972 -0.0 -0.088 0.218 0.708 0.0 -0.7 -0.086 0.982 0.0 -0.04 0.185 
0.999 0.02 -0.001 0.028 -0.755 -0.0 -0.656 0.0 -0.947 -0.0 -0.158 -0.279 0.751 0.0 -0.655 -0.085 0.975 0.0 -0.12 -0.186 -0.707 -0.0 -0.694 -0.136 -0.972 -0.0 -0.089 0.218 0.709 0.0 -0.7 -0.088 0.982 0.0 -0.042 0.184 
0.999 0.019 -0.001 0.028 -0.755 -0.0 -0.656 -0.004 -0.948 -0.0 -0.157 -0.276 0.75 0.0 -0.656 -0.084 0.976 0.0 -0.118 -0.185 -0.707 -0.0 -0.695 -0.134 -0.972 -0.0 -0.088 0.218 0.709 0.0 -0.7 -0.086 0.982 -0.0 -0.04 0.185 
0.999 0.02 -0.0 0.027 -0.755 0.0 -0.655 0.0 -0.947 -0.0 -0.159 -0.279 0.75 0.0 -0.656 -0.085 0.976 0.0 -0.118 -0.186 -0.707 0.0 -0.694 -0.135 -0.972 -0.0 -0.088 0.218 0.708 0.0 -0.7 -0.087 0.982 -0.0 -0.04 0.184 
0.999 0.019 -0.0 0.027 -0.755 -0.0 -0.656 -0.003 -0.948 -0.0 -0.157 -0.276 0.75 0.0 -0.657 -0.084 0.976 0.0 -0.118 -0.185 -0.707 -0.0 -0.695 -0.134 -0.972 -0.0 -0.088 0.218 0.709 0.0 -0.7 -0.086 0.982 0.0 -0.04 0.185 
0.999 0.02 -0.0 0.028 -0.755 -0.0 -0.655 0.001 -0.947 -0.0 -0.159 -0.279 0.749 0.0 -0.657 -0.085 0.976 0.0 -0.117 -0.185 -0.707 -0.0 -0.694 -0.135 -0.972 -0.0 -0.088 0.218 0.709 0.0 -0.7 -0.087 0.982 -0.0 -0.04 0.184 
0.999 0.019 -0.0 0.027 -0.755 -0.0 -0.656 -0.004 -0.948 0.0 -0.157 -0.276 0.75 0.0 -0.656 -0.083 0.975 -0.0 -0.12 -0.186 -0.707 -0.0 -0.694 -0.134 -0.972 -0.0 -0.088 0.218 0.708 0.0 -0.701 -0.086 0.982 0.0 -0.039 0.185 
0.999 0.02 -0.001 0.028 -0.755 -0.0 -0.656 0.0 -0.947 0.0 -0.159 -0.279 0.75 0.0 -0.656 -0.085 0.976 0.0 -0.117 -0.186 -0.707 -0.0 -0.694 -0.135 -0.972 -0.0 -0.089 0.218 0.709 -0.0 -0.7 -0.088 0.982 0.0 -0.04 0.185 
0.999 0.019 -0.0 0.027 -0.755 -0.0 -0.656 -0.003 -0.948 -0.0 -0.157 -0.276 0.749 0.0 -0.657 -0.084 0.976 -0.0 -0.118 -0.185 -0.707 0.0 -0.694 -0.134 -0.972 -0.0 -0.088 0.218 0.709 0.0 -0.7 -0.086 0.982 0.0 -0.042 0.184 
0.999 0.02 -0.001 0.028 -0.755 -0.0 -0.656 0.001 -0.947 -0.0 -0.158 -0.279 0.75 0.0 -0.656 -0.085 0.976 0.0 -0.118 -0.185 -0.707 -0.0 -0.694 -0.135 -0.972 -0.0 -0.089 0.218 0.709 0.0 -0.7 -0.088 0.982 0.0 -0.04 0.185 
0.999 0.019 -0.0 0.027 -0.755 -0.0 -0.656 -0.003 -0.948 -0.0 -0.157 -0.276 0.749 -0.0 -0.657 -0.084 0.976 0.0 -0.118 -0.185 -0.707 -0.0 -0.694 -0.134 -0.972 0.0 -0.088 0.218 0.708 0.0 -0.7 -0.086 0.982 0.0 -0.04 0.185 
0.999 0.02 -0.0 0.028 -0.755 -0.0 -0.656 0.001 -0.947 0.0 -0.159 -0.279 0.749 0.0 -0.657 -0.085 0.976 -0.0 -0.117 -0.185 -0.707 -0.0 -0.694 -0.135 -0.972 -0.0 -0.088 0.218 0.709 0.0 -0.7 -0.087 0.982 0.0 -0.04 0.185 
0.999 0.019 -0.0 0.028 -0.755 -0.0 -0.656 -0.003 -0.948 0.0 -0.157 -0.276 0.749 0.0 -0.657 -0.084 0.976 -0.0 -0.118 -0.185 -0.707 0.0 -0.695 -0.133 -0.972 -0.0 -0.088 0.218 0.709 0.0 -0.701 -0.085 0.982 -0.0 -0.039 0.185 
0.999 0.02 -0.001 0.028 -0.755 -0.0 -0.656 0.001 -0.947 -0.0 -0.158 -0.279 0.75 0.0 -0.656 -0.085 0.976 0.0 -0.117 -0.186 -0.707 -0.0 -0.695 -0.135 -0.972 0.0 -0.088 0.218 0.709 0.0 -0.7 -0.088 0.982 0.0 -0.04 0.185 
0.999 0.019 -0.0 0.028 -0.755 -0.0 -0.656 -0.003 -0.948 -0.0 -0.157 -0.276 0.749 0.0 -0.657 -0.084 0.976 0.0 -0.118 -0.185 -0.707 0.0 -0.695 -0.133 -0.972 0.0 -0.088 0.218 0.709 0.0 -0.7 -0.085 0.982 0.0 -0.042 0.184 
0.999 0.02 -0.0 0.028 -0.755 0.0 -0.656 0.001 -0.947 -0.0 -0.161 -0.279 0.749 0.0 -0.657 -0.085 0.976 0.0 -0.117 -0.185 -0.707 -0.0 -0.694 -0.135 -0.972 -0.0 -0.088 0.218 0.709 -0.0 -0.7 -0.087 0.982 0.0 -0.04 0.185 
0.999 0.019 -0.001 0.028 -0.754 -0.0 -0.656 -0.002 -0.948 -0.0 -0.157 -0.277 0.749 0.0 -0.657 -0.084 0.976 0.0 -0.117 -0.185 -0.707 -0.0 -0.695 -0.133 -0.972 -0.0 -0.088 0.218 0.709 0.0 -0.7 -0.086 0.982 0.0 -0.04 0.185 
0.999 0.02 -0.0 0.028 -0.755 -0.0 -0.656 0.001 -0.947 -0.0 -0.159 -0.279 0.749 0.0 -0.657 -0.085 0.976 0.0 -0.117 -0.186 -0.707 -0.0 -0.694 -0.135 -0.972 -0.0 -0.088 0.218 0.709 0.0 -0.7 -0.087 0.982 -0.0 -0.042 0.184 
0.999 0.019 -0.0 0.028 -0.755 -0.0 -0.656 -0.002 -0.948 0.0 -0.157 -0.276 0.749 0.0 -0.657 -0.083 0.976 0.0 -0.117 -0.186 -0.707 -0.0 -0.695 -0.133 -0.972 -0.0 -0.088 0.218 0.709 0.0 -0.7 -0.085 0.982 0.0 -0.039 0.185 
0.999 0.02 -0.001 0.028 -0.755 -0.0 -0.656 0.001 -0.947 -0.0 -0.159 -0.279 0.749 -0.0 -0.657 -0.085 0.976 0.0 -0.117 -0.186 -0.707 -0.0 -0.695 -0.135 -0.972 -0.0 -0.088 0.218 0.709 0.0 -0.7 -0.088 0.982 0.0 -0.04 0.185 
0.999 0.019 -0.001 0.028 -0.754 -0.0 -0.656 -0.002 -0.948 -0.0 -0.157 -0.277 0.749 0.0 -0.657 -0.084 0.976 -0.0 -0.117 -0.185 -0.707 0.0 -0.695 -0.133 -0.972 -0.0 -0.088 0.218 0.709 0.0 -0.7 -0.086 0.982 -0.0 -0.039 0.185 
0.999 0.02 -0.001 0.028 -0.755 -0.0 -0.656 0.001 -0.947 -0.0 -0.158 -0.279 0.749 -0.0 -0.657 -0.085 0.976 0.0 -0.117 -0.186 -0.707 -0.0 -0.695 -0.135 -0.972 -0.0 -0.088 0.218 0.709 0.0 -0.7 -0.088 0.982 0.0 -0.04 0.185 
0.999 0.019 -0.001 0.028 -0.754 -0.0 -0.657 -0.002 -0.948 -0.0 -0.157 -0.277 0.749 -0.0 -0.657 -0.084 0.976 0.0 -0.118 -0.185 -0.707 -0.0 -0.695 -0.133 -0.972 -0.0 -0.088 0.218 0.709 0.0 -0.7 -0.086 0.982 -0.0 -0.04 0.185 
0.999 0.02 -0.001 0.028 -0.755 -0.0 -0.656 0.002 -0.947 0.0 -0.16 -0.279 0.749 0.0 -0.657 -0.085 0.976 0.0 -0.117 -0.186 -0.707 0.0 -0.695 -0.135 -0.972 -0.0 -0.088 0.218 0.709 0.0 -0.7 -0.088 0.982 0.0 -0.04 0.185 
0.999 0.019 -0.001 0.028 -0.754 -0.0 -0.657 -0.002 -0.948 -0.0 -0.157 -0.277 0.749 0.0 -0.657 -0.084 0.976 -0.0 -0.117 -0.185 -0.707 -0.0 -0.695 -0.133 -0.972 -0.0 -0.088 0.218 0.709 0.0 -0.7 -0.086 0.982 0.0 -0.04 0.185 
0.999 0.02 -0.001 0.028 -0.754 0.0 -0.656 0.002 -0.947 -0.0 -0.158 -0.28 0.749 0.0 -0.657 -0.085 0.976 0.0 -0.117 -0.186 -0.707 -0.0 -0.695 -0.135 -0.972 0.0 -0.088 0.218 0.709 0.0 -0.7 -0.087 0.982 0.0 -0.04 0.185 
0.999 0.019 -0.001 0.028 -0.754 -0.0 -0.657 -0.002 -0.948 -0.0 -0.158 -0.276 0.749 0.0 -0.657 -0.084 0.976 0.0 -0.117 -0.186 -0.707 -0.0 -0.695 -0.133 -0.972 -0.0 -0.088 0.218 0.709 -0.0 -0.7 -0.086 0.982 0.0 -0.04 0.185 
0.999 0.02 -0.001 0.028 -0.754 0.0 -0.656 0.001 -0.947 -0.0 -0.158 -0.28 0.749 0.0 -0.657 -0.085 0.976 0.0 -0.117 -0.186 -0.707 -0.0 -0.695 -0.135 -0.972 -0.0 -0.088 0.218 0.709 0.0 -0.7 -0.087 0.982 0.0 -0.04 0.185 
0.999 0.019 -0.001 0.028 -0.754 -0.0 -0.657 -0.002 -0.948 -0.0 -0.156 -0.277 0.749 0.0 -0.657 -0.083 0.976 0.0 -0.116 -0.185 -0.707 0.0 -0.695 -0.133 -0.972 -0.0 -0.088 0.218 0.709 0.0 -0.7 -0.086 0.982 0.0 -0.04 0.184 
0.999 0.02 -0.001 0.028 -0.754 0.0 -0.656 0.002 -0.947 -0.0 -0.159 -0.28 0.749 0.0 -0.657 -0.085 0.976 0.0 -0.117 -0.186 -0.707 -0.0 -0.695 -0.135 -0.972 0.0 -0.088 0.218 0.709 0.0 -0.7 -0.087 0.982 0.0 -0.04 0.185 
0.999 0.019 -0.001 0.028 -0.754 -0.0 -0.657 -0.002 -0.948 0.0 -0.158 -0.276 0.749 0.0 -0.657 -0.083 0.976 0.0 -0.116 -0.185 -0.707 -0.0 -0.695 -0.133 -0.972 -0.0 -0.088 0.218 0.709 0.0 -0.7 -0.086 0.982 0.0 -0.039 0.185 
0.999 0.021 -0.001 0.028 -0.754 -0.0 -0.657 0.002 -0.947 0.0 -0.16 -0.28 0.749 -0.0 -0.657 -0.084 0.976 0.0 -0.117 -0.186 -0.707 -0.0 -0.695 -0.135 -0.972 -0.0 -0.088 0.218 0.709 0.0 -0.7 -0.087 0.982 -0.0 -0.04 0.185 
0.999 0.019 -0.001 0.028 -0.754 -0.0 -0.657 -0.002 -0.948 -0.0 -0.157 -0.277 0.749 0.0 -0.657 -0.083 0.976 -0.0 -0.118 -0.185 -0.707 -0.0 -0.695 -0.133 -0.972 -0.0 -0.088 0.218 0.709 0.0 -0.7 -0.085 0.982 0.0 -0.039 0.184 
0.999 0.02 -0.001 0.028 -0.754 -0.0 -0.657 0.002 -0.947 0.0 -0.16 -0.28 0.749 0.0 -0.657 -0.084 0.976 0.0 -0.117 -0.186 -0.707 -0.0 -0.695 -0.134 -0.972 -0.0 -0.088 0.217 0.709 -0.0 -0.7 -0.087 0.982 0.0 -0.042 0.183 
0.999 0.019 -0.001 0.028 -0.754 -0.0 -0.657 -0.002 -0.948 -0.0 -0.157 -0.277 0.749 0.0 -0.658 -0.083 0.976 0.0 -0.118 -0.185 -0.707 -0.0 -0.695 -0.133 -0.972 -0.0 -0.088 0.218 0.709 0.0 -0.7 -0.085 0.982 0.0 -0.04 0.184 
0.999 0.021 -0.001 0.028 -0.754 -0.0 -0.657 0.002 -0.947 -0.0 -0.158 -0.28 0.749 0.0 -0.657 -0.084 0.976 0.0 -0.116 -0.185 -0.707 -0.0 -0.695 -0.134 -0.972 -0.0 -0.088 0.218 0.709 0.0 -0.7 -0.087 0.982 0.0 -0.04 0.184 
0.999 0.019 -0.001 0.028 -0.754 -0.0 -0.657 -0.002 -0.948 -0.0 -0.158 -0.277 0.749 0.0 -0.658 -0.083 0.976 0.0 -0.118 -0.185 -0.706 -0.0 -0.695 -0.133 -0.972 -0.0 -0.088 0.218 0.709 0.0 -0.7 -0.085 0.982 0.0 -0.039 0.184 
0.999 0.02 -0.0 0.028 -0.754 -0.0 -0.656 0.002 -0.947 0.0 -0.159 -0.28 0.748 0.0 -0.658 -0.084 0.976 0.0 -0.118 -0.186 -0.707 -0.0 -0.695 -0.134 -0.972 -0.0 -0.088 0.218 0.709 0.0 -0.7 -0.086 0.982 -0.0 -0.04 0.184 
0.999 0.019 -0.0 0.028 -0.754 -0.0 -0.657 -0.002 -0.948 -0.0 -0.156 -0.277 0.748 0.0 -0.658 -0.083 0.976 -0.0 -0.118 -0.186 -0.707 -0.0 -0.695 -0.133 -0.972 -0.0 -0.087 0.218 0.709 -0.0 -0.7 -0.085 0.982 0.0 -0.039 0.184 
0.999 0.02 -0.001 0.028 -0.754 -0.0 -0.656 0.002 -0.947 -0.0 -0.158 -0.28 0.748 0.0 -0.658 -0.084 0.976 0.0 -0.118 -0.186 -0.707 -0.0 -0.695 -0.134 -0.972 -0.0 -0.088 0.218 0.709 0.0 -0.7 -0.086 0.982 -0.0 -0.039 0.184 
0.999 0.019 -0.0 0.028 -0.754 0.0 -0.657 -0.002 -0.948 -0.0 -0.158 -0.277 0.748 -0.0 -0.658 -0.083 0.976 0.0 -0.118 -0.186 -0.707 0.0 -0.695 -0.133 -0.972 -0.0 -0.087 0.218 0.709 0.0 -0.701 -0.085 0.982 0.0 -0.039 0.184 
0.999 0.02 -0.0 0.028 -0.754 -0.0 -0.656 0.002 -0.947 -0.0 -0.158 -0.28 0.748 0.0 -0.658 -0.084 0.976 0.0 -0.118 -0.186 -0.707 -0.0 -0.695 -0.134 -0.972 0.0 -0.088 0.218 0.709 0.0 -0.7 -0.086 0.982 -0.0 -0.039 0.184 
0.999 0.019 -0.0 0.028 -0.754 -0.0 -0.657 -0.002 -0.948 -0.0 -0.156 -0.277 0.748 -0.0 -0.658 -0.083 0.976 0.0 -0.118 -0.185 -0.707 -0.0 -0.695 -0.133 -0.972 -0.0 -0.087 0.218 0.709 0.0 -0.7 -0.085 0.982 0.0 -0.039 0.184 
0.999 0.02 -0.0 0.028 -0.755 0.0 -0.656 0.002 -0.947 0.0 -0.16 -0.28 0.748 -0.0 -0.658 -0.084 0.975 0.0 -0.118 -0.186 -0.707 -0.0 -0.695 -0.134 -0.972 -0.0 -0.088 0.218 0.709 0.0 -0.7 -0.086 0.982 0.0 -0.042 0.183 
0.999 0.019 -0.0 0.028 -0.754 -0.0 -0.657 -0.002 -0.948 -0.0 -0.156 -0.277 0.748 -0.0 -0.658 -0.083 0.976 0.0 -0.118 -0.185 -0.707 0.0 -0.695 -0.133 -0.972 -0.0 -0.087 0.218 0.709 0.0 -0.701 -0.084 0.982 0.0 -0.039 0.184 
0.999 0.02 -0.0 0.028 -0.755 -0.0 -0.656 0.002 -0.947 0.0 -0.158 -0.281 0.748 0.0 -0.658 -0.084 0.975 0.0 -0.118 -0.186 -0.707 -0.0 -0.695 -0.134 -0.972 -0.0 -0.088 0.218 0.709 0.0 -0.7 -0.086 0.982 0.0 -0.039 0.184 
0.999 0.019 -0.0 0.028 -0.754 -0.0 -0.657 -0.002 -0.948 -0.0 -0.156 -0.277 0.748 0.0 -0.658 -0.083 0.975 0.0 -0.118 -0.186 -0.707 0.0 -0.695 -0.133 -0.972 -0.0 -0.087 0.218 0.709 0.0 -0.7 -0.084 0.982 -0.0 -0.039 0.184 
0.999 0.02 -0.0 0.028 -0.755 -0.0 -0.656 0.002 -0.947 -0.0 -0.158 -0.28 0.748 0.0 -0.658 -0.084 0.975 0.0 -0.118 -0.186 -0.707 -0.0 -0.695 -0.134 -0.972 0.0 -0.088 0.218 0.71 0.0 -0.7 -0.085 0.982 -0.0 -0.041 0.182 
0.999 0.019 -0.0 0.028 -0.754 -0.0 -0.657 -0.002 -0.948 -0.0 -0.156 -0.277 0.748 -0.0 -0.658 -0.083 0.975 0.0 -0.118 -0.186 -0.707 0.0 -0.695 -0.132 -0.972 -0.0 -0.088 0.218 0.709 0.0 -0.7 -0.084 0.982 0.0 -0.041 0.183 
0.999 0.02 -0.0 0.028 -0.755 -0.0 -0.656 0.002 -0.947 0.0 -0.158 -0.28 0.748 0.0 -0.658 -0.084 0.976 0.0 -0.117 -0.186 -0.707 0.0 -0.695 -0.134 -0.972 0.0 -0.088 0.218 0.709 0.0 -0.7 -0.086 0.982 0.0 -0.042 0.183 
0.999 0.019 -0.0 0.028 -0.754 -0.0 -0.657 -0.002 -0.948 0.0 -0.156 -0.278 0.748 0.0 -0.658 -0.083 0.975 0.0 -0.118 -0.186 -0.707 -0.0 -0.695 -0.132 -0.972 -0.0 -0.088 0.218 0.709 0.0 -0.7 -0.084 0.982 -0.0 -0.039 0.184 
0.999 0.02 -0.0 0.028 -0.755 0.0 -0.656 0.002 -0.947 -0.0 -0.158 -0.281 0.748 0.0 -0.658 -0.085 0.976 0.0 -0.118 -0.186 -0.707 0.0 -0.695 -0.134 -0.972 0.0 -0.088 0.218 0.709 0.0 -0.7 -0.086 0.982 0.0 -0.039 0.185 
0.999 0.019 -0.0 0.028 -0.754 -0.0 -0.657 -0.002 -0.948 -0.0 -0.158 -0.277 0.748 -0.0 -0.659 -0.084 0.976 0.0 -0.118 -0.186 -0.707 0.0 -0.695 -0.132 -0.972 0.0 -0.088 0.218 0.709 0.0 -0.7 -0.084 0.982 0.0 -0.039 0.184 
0.999 0.02 -0.0 0.028 -0.755 -0.0 -0.656 0.002 -0.947 -0.0 -0.158 -0.28 0.748 0.0 -0.658 -0.085 0.975 0.0 -0.118 -0.186 -0.707 -0.0 -0.695 -0.134 -0.972 -0.0 -0.088 0.218 0.709 0.0 -0.7 -0.086 0.982 0.0 -0.039 0.184 
0.999 0.019 -0.0 0.028 -0.754 -0.0 -0.656 -0.002 -0.948 -0.0 -0.156 -0.277 0.748 0.0 -0.658 -0.084 0.976 0.0 -0.118 -0.186 -0.707 0.0 -0.695 -0.132 -0.972 -0.0 -0.088 0.218 0.709 0.0 -0.7 -0.084 0.982 0.0 -0.039 0.184 
0.999 0.02 -0.0 0.028 -0.755 -0.0 -0.656 0.002 -0.947 0.0 -0.158 -0.28 0.748 0.0 -0.658 -0.085 0.976 0.0 -0.116 -0.185 -0.707 -0.0 -0.695 -0.134 -0.972 -0.0 -0.088 0.218 0.71 0.0 -0.7 -0.085 0.982 0.0 -0.041 0.183 
0.999 0.019 -0.0 0.028 -0.754 -0.0 -0.657 -0.002 -0.948 -0.0 -0.156 -0.277 0.748 0.0 -0.658 -0.084 0.976 0.0 -0.116 -0.185 -0.707 0.0 -0.695 -0.133 -0.972 -0.0 -0.088 0.218 0.709 0.0 -0.7 -0.084 0.982 0.0 -0.039 0.184 
0.999 0.02 -0.001 0.028 -0.754 -0.0 -0.656 0.002 -0.947 -0.0 -0.158 -0.28 0.748 0.0 -0.658 -0.086 0.976 0.0 -0.117 -0.186 -0.706 -0.0 -0.695 -0.134 -0.972 0.0 -0.088 0.218 0.709 0.0 -0.7 -0.086 0.982 0.0 -0.042 0.184 
0.999 0.019 -0.0 0.028 -0.754 -0.0 -0.656 -0.002 -0.948 -0.0 -0.156 -0.277 0.748 0.0 -0.658 -0.084 0.976 -0.0 -0.118 -0.185 -0.707 -0.0 -0.695 -0.133 -0.972 0.0 -0.088 0.218 0.709 0.0 -0.7 -0.084 0.982 -0.0 -0.039 0.184 
0.999 0.02 -0.0 0.028 -0.755 -0.0 -0.656 0.002 -0.947 -0.0 -0.16 -0.28 0.748 0.0 -0.658 -0.085 0.976 0.0 -0.117 -0.186 -0.707 -0.0 -0.695 -0.134 -0.972 -0.0 -0.088 0.218 0.709 -0.0 -0.7 -0.086 0.982 0.0 -0.042 0.183 
0.999 0.019 -0.0 0.028 -0.754 -0.0 -0.656 -0.002 -0.948 -0.0 -0.156 -0.277 0.748 0.0 -0.658 -0.084 0.975 0.0 -0.118 -0.186 -0.707 -0.0 -0.695 -0.132 -0.972 -0.0 -0.088 0.218 0.709 0.0 -0.7 -0.084 0.982 -0.0 -0.039 0.184 
0.999 0.02 -0.0 0.028 -0.755 -0.0 -0.656 0.002 -0.947 0.0 -0.158 -0.28 0.748 0.0 -0.658 -0.086 0.975 0.0 -0.118 -0.186 -0.707 0.0 -0.695 -0.134 -0.972 0.0 -0.088 0.218 0.709 0.0 -0.7 -0.086 0.982 0.0 -0.041 0.183 
0.999 0.019 -0.0 0.028 -0.754 -0.0 -0.656 -0.002 -0.948 -0.0 -0.156 -0.277 0.748 -0.0 -0.659 -0.084 0.975 0.0 -0.118 -0.186 -0.707 -0.0 -0.695 -0.132 -0.972 -0.0 -0.088 0.218 0.709 0.0 -0.7 -0.084 0.982 0.0 -0.04 0.184 
0.999 0.021 -0.0 0.028 -0.755 -0.0 -0.656 0.002 -0.947 -0.0 -0.158 -0.28 0.748 0.0 -0.659 -0.084 0.975 0.0 -0.117 -0.187 -0.707 -0.0 -0.694 -0.135 -0.972 -0.0 -0.089 0.219 0.709 0.0 -0.7 -0.086 0.982 -0.0 -0.041 0.184 
0.999 0.02 -0.0 0.028 -0.754 -0.0 -0.657 -0.002 -0.948 -0.0 -0.156 -0.277 0.748 0.0 -0.659 -0.082 0.975 0.0 -0.118 -0.187 -0.707 -0.0 -0.695 -0.133 -0.972 0.0 -0.088 0.218 0.71 0.0 -0.7 -0.083 0.982 0.0 -0.041 0.183 
0.999 0.021 -0.0 0.028 -0.755 -0.0 -0.656 0.002 -0.947 -0.0 -0.158 -0.281 0.747 -0.0 -0.66 -0.084 0.976 0.0 -0.116 -0.187 -0.707 -0.0 -0.695 -0.134 -0.972 -0.0 -0.088 0.218 0.709 0.0 -0.7 -0.086 0.982 0.0 -0.039 0.184 
0.999 0.019 -0.0 0.028 -0.754 -0.0 -0.657 -0.001 -0.948 0.0 -0.156 -0.277 0.748 0.0 -0.659 -0.084 0.976 0.0 -0.118 -0.186 -0.707 0.0 -0.695 -0.132 -0.972 -0.0 -0.088 0.218 0.709 0.0 -0.7 -0.084 0.982 -0.0 -0.039 0.184 
0.999 0.02 -0.0 0.028 -0.755 -0.0 -0.656 0.002 -0.947 -0.0 -0.158 -0.28 0.748 0.0 -0.658 -0.087 0.976 0.0 -0.118 -0.184 -0.707 -0.0 -0.695 -0.134 -0.972 -0.0 -0.088 0.218 0.709 -0.0 -0.7 -0.085 0.982 0.0 -0.039 0.184 
0.999 0.019 -0.0 0.028 -0.754 0.0 -0.657 -0.002 -0.948 -0.0 -0.156 -0.278 0.748 -0.0 -0.659 -0.084 0.976 0.0 -0.118 -0.186 -0.707 -0.0 -0.695 -0.132 -0.972 -0.0 -0.088 0.218 0.71 0.0 -0.7 -0.083 0.982 0.0 -0.04 0.183 
0.999 0.02 -0.0 0.028 -0.755 0.0 -0.656 0.002 -0.947 0.0 -0.158 -0.28 0.748 -0.0 -0.658 -0.085 0.976 -0.0 -0.117 -0.186 -0.707 -0.0 -0.695 -0.134 -0.972 -0.0 -0.088 0.218 0.71 -0.0 -0.7 -0.084 0.982 0.0 -0.041 0.183 
0.999 0.019 -0.0 0.028 -0.754 -0.0 -0.657 -0.002 -0.948 0.0 -0.156 -0.278 0.748 0.0 -0.659 -0.084 0.975 0.0 -0.117 -0.186 -0.707 -0.0 -0.695 -0.132 -0.972 -0.0 -0.088 0.218 0.709 0.0 -0.701 -0.084 0.982 0.0 -0.038 0.184 
0.999 0.02 -0.001 0.028 -0.754 -0.0 -0.656 0.002 -0.947 -0.0 -0.158 -0.28 0.748 -0.0 -0.658 -0.085 0.976 0.0 -0.117 -0.186 -0.707 0.0 -0.695 -0.135 -0.972 -0.0 -0.089 0.219 0.709 0.0 -0.7 -0.085 0.982 0.0 -0.043 0.183 
0.999 0.019 -0.0 0.028 -0.754 -0.0 -0.657 -0.002 -0.948 -0.0 -0.156 -0.277 0.748 0.0 -0.659 -0.084 0.975 0.0 -0.118 -0.186 -0.707 -0.0 -0.695 -0.132 -0.972 -0.0 -0.088 0.218 0.709 -0.0 -0.701 -0.084 0.982 0.0 -0.039 0.185 
0.999 0.02 -0.001 0.028 -0.754 -0.0 -0.656 0.002 -0.946 -0.0 -0.158 -0.282 0.748 0.0 -0.658 -0.085 0.976 0.0 -0.117 -0.186 -0.707 -0.0 -0.695 -0.134 -0.972 -0.0 -0.088 0.218 0.71 0.0 -0.7 -0.084 0.982 0.0 -0.041 0.183 
0.999 0.019 -0.001 0.028 -0.754 -0.0 -0.657 -0.002 -0.948 -0.0 -0.156 -0.278 0.748 -0.0 -0.659 -0.084 0.976 0.0 -0.118 -0.186 -0.707 -0.0 -0.695 -0.132 -0.972 -0.0 -0.088 0.218 0.71 0.0 -0.7 -0.083 0.982 0.0 -0.041 0.183 
0.999 0.02 -0.001 0.028 -0.754 -0.0 -0.656 0.002 -0.946 -0.0 -0.158 -0.282 0.748 0.0 -0.658 -0.085 0.976 0.0 -0.117 -0.186 -0.707 -0.0 -0.695 -0.135 -0.972 -0.0 -0.089 0.219 0.709 0.0 -0.7 -0.085 0.982 -0.0 -0.041 0.183 
0.999 0.019 -0.001 0.027 -0.754 0.0 -0.657 -0.002 -0.948 0.0 -0.156 -0.279 0.748 0.0 -0.659 -0.084 0.976 0.0 -0.117 -0.186 -0.707 -0.0 -0.695 -0.132 -0.972 0.0 -0.088 0.218 0.709 0.0 -0.7 -0.084 0.982 0.0 -0.039 0.184 
0.999 0.02 -0.001 0.027 -0.754 -0.0 -0.657 0.002 -0.946 -0.0 -0.158 -0.282 0.748 0.0 -0.659 -0.085 0.976 0.0 -0.117 -0.186 -0.707 -0.0 -0.695 -0.134 -0.972 -0.0 -0.089 0.218 0.709 0.0 -0.7 -0.085 0.982 0.0 -0.039 0.185 
0.999 0.019 -0.001 0.027 -0.754 -0.0 -0.657 -0.002 -0.948 -0.0 -0.156 -0.278 0.748 0.0 -0.659 -0.083 0.976 0.0 -0.117 -0.186 -0.707 -0.0 -0.695 -0.132 -0.972 -0.0 -0.088 0.218 0.709 0.0 -0.7 -0.084 0.982 0.0 -0.039 0.185 
0.999 0.02 -0.001 0.027 -0.754 -0.0 -0.657 0.002 -0.946 -0.0 -0.158 -0.282 0.748 0.0 -0.659 -0.085 0.976 0.0 -0.117 -0.186 -0.707 -0.0 -0.695 -0.134 -0.972 -0.0 -0.088 0.218 0.709 0.0 -0.7 -0.085 0.982 -0.0 -0.039 0.184 
0.999 0.019 -0.001 0.027 -0.754 -0.0 -0.657 -0.002 -0.948 -0.0 -0.156 -0.279 0.748 0.0 -0.659 -0.084 0.976 0.0 -0.118 -0.186 -0.707 0.0 -0.695 -0.133 -0.972 -0.0 -0.089 0.219 0.709 -0.0 -0.701 -0.084 0.982 0.0 -0.038 0.185 
0.999 0.02 -0.001 0.027 -0.754 -0.0 -0.657 0.002 -0.946 -0.0 -0.158 -0.282 0.748 0.0 -0.659 -0.085 0.976 0.0 -0.117 -0.186 -0.707 -0.0 -0.695 -0.134 -0.972 -0.0 -0.088 0.218 0.709 0.0 -0.7 -0.085 0.982 0.0 -0.041 0.183 
0.999 0.019 -0.001 0.027 -0.754 -0.0 -0.657 -0.002 -0.948 0.0 -0.156 -0.279 0.748 -0.0 -0.659 -0.083 0.976 -0.0 -0.117 -0.186 -0.706 0.0 -0.695 -0.132 -0.972 -0.0 -0.088 0.218 0.709 0.0 -0.7 -0.084 0.982 0.0 -0.039 0.185 
0.999 0.02 -0.001 0.027 -0.754 -0.0 -0.657 0.002 -0.946 -0.0 -0.158 -0.282 0.748 0.0 -0.659 -0.085 0.976 -0.0 -0.117 -0.186 -0.707 -0.0 -0.695 -0.134 -0.972 -0.0 -0.088 0.218 0.709 0.0 -0.7 -0.085 0.982 0.0 -0.039 0.185 
0.999 0.019 -0.001 0.027 -0.754 -0.0 -0.657 -0.002 -0.948 -0.0 -0.156 -0.279 0.748 0.0 -0.659 -0.083 0.976 0.0 -0.117 -0.186 -0.707 -0.0 -0.695 -0.132 -0.972 -0.0 -0.088 0.218 0.709 0.0 -0.701 -0.084 0.982 -0.0 -0.039 0.185 
0.999 0.02 -0.001 0.027 -0.754 0.0 -0.657 0.002 -0.946 -0.0 -0.158 -0.281 0.748 0.0 -0.659 -0.085 0.976 0.0 -0.117 -0.186 -0.707 0.0 -0.695 -0.133 -0.972 -0.0 -0.088 0.218 0.709 0.0 -0.7 -0.085 0.982 0.0 -0.039 0.185 
0.999 0.019 -0.001 0.027 -0.754 -0.0 -0.657 -0.002 -0.948 0.0 -0.156 -0.278 0.747 0.0 -0.659 -0.083 0.976 0.0 -0.117 -0.186 -0.707 -0.0 -0.695 -0.132 -0.972 -0.0 -0.088 0.219 0.709 0.0 -0.701 -0.083 0.982 0.0 -0.039 0.184 
0.999 0.02 -0.001 0.027 -0.754 -0.0 -0.657 0.002 -0.946 -0.0 -0.158 -0.282 0.747 0.0 -0.659 -0.085 0.976 0.0 -0.117 -0.186 -0.707 -0.0 -0.695 -0.134 -0.972 0.0 -0.088 0.218 0.709 0.0 -0.7 -0.085 0.982 0.0 -0.039 0.185 
0.999 0.019 -0.001 0.027 -0.754 -0.0 -0.657 -0.002 -0.948 -0.0 -0.156 -0.278 0.747 0.0 -0.659 -0.083 0.976 0.0 -0.117 -0.186 -0.707 -0.0 -0.695 -0.132 -0.972 -0.0 -0.088 0.218 0.709 0.0 -0.701 -0.083 0.982 0.0 -0.039 0.184 
0.999 0.02 -0.001 0.027 -0.754 -0.0 -0.657 0.002 -0.946 -0.0 -0.158 -0.282 0.747 0.0 -0.659 -0.084 0.976 0.0 -0.117 -0.186 -0.707 -0.0 -0.695 -0.134 -0.972 -0.0 -0.089 0.219 0.709 0.0 -0.7 -0.085 0.982 0.0 -0.039 0.185 
0.999 0.019 -0.0 0.027 -0.754 -0.0 -0.657 -0.002 -0.948 -0.0 -0.156 -0.279 0.747 0.0 -0.659 -0.083 0.975 0.0 -0.118 -0.186 -0.707 -0.0 -0.695 -0.132 -0.972 0.0 -0.088 0.219 0.709 0.0 -0.701 -0.083 0.982 0.0 -0.039 0.185 
0.999 0.02 -0.001 0.027 -0.754 0.0 -0.657 0.002 -0.946 -0.0 -0.158 -0.281 0.747 0.0 -0.659 -0.084 0.976 0.0 -0.117 -0.186 -0.707 -0.0 -0.695 -0.133 -0.972 -0.0 -0.088 0.218 0.709 0.0 -0.7 -0.085 0.982 0.0 -0.039 0.185 
0.999 0.019 -0.0 0.027 -0.754 -0.0 -0.657 -0.002 -0.948 -0.0 -0.156 -0.279 0.747 0.0 -0.659 -0.083 0.976 0.0 -0.117 -0.186 -0.707 -0.0 -0.695 -0.133 -0.972 -0.0 -0.088 0.219 0.709 0.0 -0.701 -0.083 0.982 0.0 -0.039 0.185 
0.999 0.02 -0.001 0.027 -0.754 -0.0 -0.657 0.002 -0.946 -0.0 -0.158 -0.282 0.747 0.0 -0.659 -0.085 0.975 0.0 -0.117 -0.186 -0.707 -0.0 -0.695 -0.133 -0.972 -0.0 -0.088 0.218 0.709 -0.0 -0.7 -0.085 0.982 0.0 -0.039 0.185 
0.999 0.019 -0.001 0.027 -0.754 -0.0 -0.657 -0.002 -0.948 0.0 -0.156 -0.278 0.747 0.0 -0.659 -0.083 0.975 0.0 -0.117 -0.186 -0.707 0.0 -0.695 -0.132 -0.972 -0.0 -0.088 0.219 0.709 0.0 -0.701 -0.083 0.982 0.0 -0.039 0.185 
0.999 0.02 -0.001 0.027 -0.754 0.0 -0.657 0.002 -0.947 0.0 -0.158 -0.281 0.747 -0.0 -0.659 -0.084 0.975 0.0 -0.117 -0.186 -0.707 0.0 -0.695 -0.134 -0.972 -0.0 -0.088 0.218 0.709 0.0 -0.7 -0.085 0.982 0.0 -0.039 0.185 
0.999 0.019 -0.0 0.027 -0.754 0.0 -0.657 -0.002 -0.948 -0.0 -0.156 -0.278 0.747 0.0 -0.659 -0.083 0.976 0.0 -0.117 -0.186 -0.707 -0.0 -0.695 -0.132 -0.972 0.0 -0.088 0.219 0.709 -0.0 -0.701 -0.083 0.982 0.0 -0.041 0.184 
0.999 0.02 -0.001 0.027 -0.754 -0.0 -0.657 0.002 -0.946 -0.0 -0.158 -0.282 0.747 0.0 -0.659 -0.085 0.976 0.0 -0.117 -0.186 -0.707 -0.0 -0.695 -0.133 -0.972 -0.0 -0.088 0.218 0.709 0.0 -0.7 -0.085 0.982 0.0 -0.039 0.184 
0.999 0.019 -0.0 0.027 -0.754 -0.0 -0.657 -0.002 -0.948 -0.0 -0.156 -0.279 0.747 0.0 -0.66 -0.083 0.976 0.0 -0.117 -0.186 -0.707 -0.0 -0.695 -0.132 -0.972 -0.0 -0.088 0.218 0.709 0.0 -0.701 -0.083 0.982 0.0 -0.039 0.185 
