# T   LUA LFA RUA RFA LT  LS  RT  RS  
1.0 -0.001 0.002 0.005 -0.937 -0.0 -0.327 0.122 -0.946 -0.0 0.259 -0.196 0.957 0.0 -0.26 0.131 0.936 0.0 0.286 -0.207 -0.688 -0.0 -0.725 -0.011 -0.996 0.0 0.035 0.085 0.7 0.0 -0.713 0.035 1.0 0.0 0.013 0.01 
1.0 -0.001 0.002 0.004 -0.937 -0.0 -0.324 0.128 -0.945 -0.0 0.261 -0.198 0.956 0.0 -0.259 0.135 0.936 0.0 0.293 -0.196 -0.688 -0.0 -0.725 -0.011 -0.996 -0.0 0.035 0.085 0.7 0.0 -0.713 0.035 1.0 -0.0 0.013 0.01 
1.0 -0.001 0.003 0.004 -0.938 -0.0 -0.32 0.134 -0.944 -0.0 0.263 -0.197 0.956 0.0 -0.255 0.144 0.935 0.0 0.296 -0.198 -0.688 0.0 -0.725 -0.011 -0.996 -0.0 0.035 0.085 0.7 0.0 -0.713 0.036 1.0 0.0 0.014 0.01 
1.0 -0.001 0.003 0.004 -0.938 -0.0 -0.317 0.138 -0.944 -0.0 0.267 -0.196 0.956 0.0 -0.251 0.151 0.934 -0.0 0.299 -0.197 -0.688 -0.0 -0.725 -0.011 -0.996 -0.0 0.036 0.085 0.7 0.0 -0.713 0.035 1.0 0.0 0.014 0.011 
1.0 -0.001 0.002 0.003 -0.939 -0.0 -0.313 0.143 -0.943 -0.0 0.269 -0.195 0.956 0.0 -0.247 0.156 0.934 -0.0 0.304 -0.19 -0.688 -0.0 -0.725 -0.011 -0.996 0.0 0.035 0.085 0.7 -0.0 -0.713 0.036 1.0 -0.0 0.014 0.011 
1.0 -0.001 0.003 0.003 -0.94 -0.0 -0.309 0.147 -0.943 0.0 0.271 -0.195 0.956 -0.0 -0.244 0.162 0.933 0.0 0.308 -0.188 -0.688 -0.0 -0.725 -0.01 -0.996 -0.0 0.035 0.085 0.7 -0.0 -0.713 0.037 1.0 0.0 0.014 0.011 
1.0 -0.001 0.003 0.003 -0.941 -0.0 -0.304 0.15 -0.942 -0.0 0.273 -0.193 0.956 -0.0 -0.24 0.167 0.932 0.0 0.312 -0.186 -0.688 -0.0 -0.725 -0.01 -0.996 -0.0 0.035 0.084 0.7 0.0 -0.713 0.037 1.0 0.0 0.012 0.01 
1.0 -0.001 0.002 0.002 -0.942 -0.0 -0.3 0.152 -0.942 -0.0 0.275 -0.192 0.957 0.0 -0.235 0.172 0.931 0.0 0.316 -0.182 -0.688 0.0 -0.725 -0.01 -0.996 -0.0 0.035 0.084 0.7 0.0 -0.713 0.037 1.0 0.0 0.014 0.01 
1.0 -0.002 0.002 0.002 -0.943 -0.0 -0.294 0.155 -0.942 0.0 0.276 -0.193 0.957 0.0 -0.231 0.174 0.931 0.0 0.32 -0.176 -0.688 -0.0 -0.725 -0.009 -0.996 -0.0 0.036 0.084 0.7 0.0 -0.713 0.039 1.0 0.0 0.014 0.009 
1.0 -0.002 0.002 0.001 -0.944 -0.0 -0.29 0.156 -0.941 0.0 0.278 -0.191 0.958 0.0 -0.226 0.178 0.93 0.0 0.324 -0.173 -0.688 -0.0 -0.726 -0.008 -0.996 -0.0 0.036 0.084 0.7 0.0 -0.713 0.04 1.0 -0.0 0.014 0.009 
1.0 -0.002 0.002 0.001 -0.946 -0.0 -0.285 0.156 -0.941 -0.0 0.281 -0.187 0.959 0.0 -0.221 0.18 0.929 0.0 0.328 -0.17 -0.688 -0.0 -0.725 -0.008 -0.996 -0.0 0.035 0.083 0.7 0.0 -0.713 0.04 1.0 0.0 0.014 0.009 
1.0 -0.002 0.002 0.001 -0.947 -0.0 -0.28 0.155 -0.941 -0.0 0.283 -0.185 0.959 0.0 -0.215 0.181 0.929 0.0 0.331 -0.168 -0.688 -0.0 -0.725 -0.007 -0.996 -0.0 0.035 0.083 0.7 0.0 -0.713 0.041 1.0 -0.0 0.014 0.009 
1.0 -0.002 0.002 -0.0 -0.949 -0.0 -0.275 0.153 -0.941 -0.0 0.285 -0.183 0.96 0.0 -0.209 0.185 0.928 0.0 0.334 -0.166 -0.688 -0.0 -0.726 -0.008 -0.996 0.0 0.036 0.083 0.7 0.0 -0.713 0.04 1.0 0.0 0.015 0.009 
1.0 -0.002 0.002 -0.001 -0.951 -0.0 -0.269 0.152 -0.941 -0.0 0.287 -0.181 0.961 0.0 -0.204 0.184 0.927 0.0 0.338 -0.165 -0.688 -0.0 -0.726 -0.007 -0.996 0.0 0.035 0.083 0.7 0.0 -0.713 0.042 1.0 0.0 0.014 0.008 
1.0 -0.002 0.002 -0.001 -0.953 -0.0 -0.264 0.151 -0.94 -0.0 0.289 -0.18 0.962 0.0 -0.199 0.185 0.926 0.0 0.342 -0.162 -0.688 -0.0 -0.726 -0.007 -0.996 -0.0 0.036 0.083 0.7 0.0 -0.712 0.041 1.0 0.0 0.014 0.008 
1.0 -0.003 0.002 -0.001 -0.955 -0.0 -0.258 0.149 -0.94 -0.0 0.29 -0.18 0.964 0.0 -0.192 0.184 0.925 0.0 0.344 -0.161 -0.688 -0.0 -0.726 -0.006 -0.996 -0.0 0.036 0.083 0.701 0.0 -0.712 0.043 1.0 0.0 0.015 0.008 
1.0 -0.003 0.002 -0.001 -0.957 -0.0 -0.252 0.146 -0.939 0.0 0.293 -0.18 0.965 -0.0 -0.186 0.184 0.923 0.0 0.348 -0.162 -0.688 0.0 -0.726 -0.006 -0.996 -0.0 0.036 0.083 0.701 0.0 -0.712 0.043 1.0 0.0 0.014 0.008 
1.0 -0.003 0.002 -0.001 -0.959 -0.0 -0.246 0.142 -0.939 -0.0 0.294 -0.179 0.967 0.0 -0.18 0.181 0.923 -0.0 0.35 -0.16 -0.688 -0.0 -0.726 -0.006 -0.996 -0.0 0.036 0.083 0.701 0.0 -0.712 0.044 1.0 0.0 0.014 0.008 
1.0 -0.003 0.002 -0.001 -0.961 0.0 -0.241 0.139 -0.938 0.0 0.296 -0.179 0.969 -0.0 -0.173 0.178 0.922 0.0 0.352 -0.16 -0.688 -0.0 -0.726 -0.005 -0.996 -0.0 0.036 0.083 0.701 0.0 -0.712 0.044 1.0 0.0 0.015 0.009 
1.0 -0.003 0.002 -0.001 -0.963 -0.0 -0.234 0.135 -0.937 -0.0 0.299 -0.179 0.97 0.0 -0.166 0.176 0.921 0.0 0.354 -0.162 -0.688 0.0 -0.726 -0.005 -0.996 -0.0 0.036 0.083 0.7 0.0 -0.713 0.044 1.0 0.0 0.017 0.009 
1.0 -0.004 0.002 -0.001 -0.965 0.0 -0.229 0.131 -0.936 0.0 0.301 -0.18 0.972 -0.0 -0.16 0.172 0.921 0.0 0.356 -0.16 -0.688 -0.0 -0.726 -0.005 -0.996 -0.0 0.037 0.083 0.701 0.0 -0.712 0.045 1.0 0.0 0.015 0.009 
1.0 -0.004 0.002 -0.001 -0.967 -0.0 -0.224 0.126 -0.935 -0.0 0.304 -0.181 0.974 -0.0 -0.153 0.169 0.919 0.0 0.358 -0.163 -0.688 -0.0 -0.726 -0.004 -0.996 -0.0 0.036 0.083 0.701 0.0 -0.712 0.044 1.0 -0.0 0.015 0.009 
1.0 -0.004 0.002 -0.001 -0.968 0.0 -0.218 0.121 -0.934 0.0 0.306 -0.181 0.976 -0.0 -0.147 0.163 0.919 -0.0 0.36 -0.162 -0.688 -0.0 -0.726 -0.004 -0.996 -0.0 0.036 0.083 0.701 0.0 -0.712 0.045 1.0 0.0 0.015 0.009 
1.0 -0.004 0.002 -0.001 -0.97 0.0 -0.212 0.119 -0.933 0.0 0.307 -0.188 0.977 -0.0 -0.14 0.158 0.918 0.0 0.36 -0.166 -0.688 -0.0 -0.726 -0.004 -0.996 -0.0 0.036 0.083 0.701 -0.0 -0.712 0.046 1.0 -0.0 0.014 0.008 
1.0 -0.004 0.002 -0.0 -0.972 -0.0 -0.207 0.113 -0.932 -0.0 0.31 -0.188 0.979 0.0 -0.133 0.154 0.917 0.0 0.361 -0.169 -0.688 -0.0 -0.726 -0.005 -0.996 -0.0 0.036 0.084 0.701 0.0 -0.712 0.045 1.0 0.0 0.014 0.008 
1.0 -0.004 0.002 -0.0 -0.973 -0.0 -0.202 0.107 -0.931 -0.0 0.312 -0.19 0.981 0.0 -0.126 0.146 0.918 0.0 0.359 -0.17 -0.688 -0.0 -0.726 -0.004 -0.996 0.0 0.036 0.084 0.7 0.0 -0.712 0.045 1.0 0.0 0.015 0.009 
1.0 -0.004 0.002 0.0 -0.975 0.0 -0.198 0.101 -0.929 -0.0 0.315 -0.191 0.983 0.0 -0.119 0.141 0.916 -0.0 0.359 -0.177 -0.688 -0.0 -0.726 -0.004 -0.996 -0.0 0.037 0.084 0.7 -0.0 -0.712 0.044 1.0 0.0 0.015 0.01 
1.0 -0.004 0.002 0.001 -0.977 -0.0 -0.193 0.095 -0.928 -0.0 0.317 -0.193 0.985 0.0 -0.113 0.134 0.916 0.0 0.359 -0.18 -0.688 -0.0 -0.726 -0.004 -0.996 -0.0 0.036 0.084 0.7 -0.0 -0.713 0.044 1.0 -0.0 0.017 0.01 
1.0 -0.004 0.002 0.002 -0.978 -0.0 -0.189 0.088 -0.927 -0.0 0.32 -0.195 0.986 0.0 -0.108 0.126 0.916 -0.0 0.36 -0.178 -0.688 -0.0 -0.726 -0.004 -0.996 -0.0 0.035 0.084 0.7 0.0 -0.712 0.044 1.0 0.0 0.015 0.01 
1.0 -0.004 0.002 0.002 -0.98 -0.0 -0.184 0.081 -0.926 -0.0 0.322 -0.196 0.988 0.0 -0.102 0.118 0.915 0.0 0.361 -0.182 -0.688 0.0 -0.726 -0.004 -0.996 -0.0 0.035 0.085 0.701 0.0 -0.712 0.044 1.0 0.0 0.015 0.009 
1.0 -0.004 0.002 0.003 -0.981 -0.0 -0.18 0.073 -0.925 0.0 0.324 -0.197 0.989 0.0 -0.098 0.111 0.914 0.0 0.362 -0.186 -0.688 -0.0 -0.726 -0.005 -0.996 -0.0 0.035 0.085 0.701 -0.0 -0.712 0.043 1.0 0.0 0.015 0.009 
1.0 -0.004 0.002 0.003 -0.982 -0.0 -0.176 0.065 -0.924 -0.0 0.326 -0.198 0.99 0.0 -0.092 0.103 0.914 0.0 0.36 -0.188 -0.688 -0.0 -0.726 -0.005 -0.996 0.0 0.036 0.086 0.701 0.0 -0.712 0.043 1.0 0.0 0.014 0.01 
1.0 -0.004 0.002 0.004 -0.983 -0.0 -0.172 0.058 -0.923 -0.0 0.327 -0.202 0.992 0.0 -0.087 0.095 0.913 0.0 0.36 -0.192 -0.688 -0.0 -0.726 -0.005 -0.996 -0.0 0.035 0.086 0.701 0.0 -0.712 0.042 1.0 0.0 0.014 0.01 
1.0 -0.004 0.002 0.004 -0.985 -0.0 -0.168 0.05 -0.923 -0.0 0.328 -0.204 0.993 0.0 -0.083 0.086 0.912 0.0 0.359 -0.197 -0.688 -0.0 -0.726 -0.005 -0.996 0.0 0.035 0.086 0.701 0.0 -0.712 0.041 1.0 0.0 0.015 0.011 
1.0 -0.004 0.002 0.005 -0.986 -0.0 -0.164 0.042 -0.922 -0.0 0.328 -0.207 0.994 0.0 -0.078 0.076 0.913 0.0 0.356 -0.197 -0.688 0.0 -0.726 -0.004 -0.996 0.0 0.035 0.086 0.701 0.0 -0.712 0.042 1.0 0.0 0.015 0.011 
1.0 -0.004 0.002 0.006 -0.987 -0.0 -0.16 0.036 -0.921 -0.0 0.326 -0.214 0.995 0.0 -0.074 0.067 0.912 0.0 0.355 -0.205 -0.688 -0.0 -0.726 -0.004 -0.996 0.0 0.035 0.086 0.7 -0.0 -0.713 0.04 1.0 0.0 0.016 0.012 
1.0 -0.004 0.002 0.006 -0.987 -0.0 -0.156 0.025 -0.921 -0.0 0.327 -0.212 0.996 -0.0 -0.071 0.059 0.912 0.0 0.354 -0.208 -0.688 -0.0 -0.726 -0.004 -0.996 -0.0 0.035 0.086 0.701 0.0 -0.712 0.041 1.0 0.0 0.015 0.011 
1.0 -0.004 0.002 0.007 -0.988 -0.0 -0.153 0.019 -0.92 -0.0 0.326 -0.218 0.997 0.0 -0.067 0.05 0.912 0.0 0.351 -0.212 -0.688 -0.0 -0.726 -0.004 -0.996 -0.0 0.035 0.086 0.701 0.0 -0.712 0.041 1.0 0.0 0.015 0.011 
1.0 -0.004 0.002 0.007 -0.989 0.0 -0.15 0.01 -0.92 -0.0 0.325 -0.221 0.997 0.0 -0.064 0.04 0.912 -0.0 0.349 -0.213 -0.688 -0.0 -0.726 -0.004 -0.996 -0.0 0.035 0.086 0.701 0.0 -0.712 0.04 1.0 0.0 0.015 0.012 
1.0 -0.004 0.002 0.008 -0.989 -0.0 -0.148 -0.001 -0.92 -0.0 0.325 -0.22 0.998 0.0 -0.06 0.031 0.912 0.0 0.346 -0.218 -0.688 0.0 -0.726 -0.004 -0.996 -0.0 0.035 0.086 0.701 0.0 -0.712 0.04 1.0 0.0 0.015 0.012 
1.0 -0.004 0.002 0.008 -0.989 -0.0 -0.145 -0.008 -0.919 0.0 0.322 -0.228 0.998 0.0 -0.057 0.024 0.912 0.0 0.343 -0.225 -0.688 -0.0 -0.726 -0.004 -0.996 -0.0 0.036 0.086 0.701 -0.0 -0.713 0.038 1.0 0.0 0.016 0.013 
1.0 -0.004 0.002 0.008 -0.99 -0.0 -0.143 -0.016 -0.919 -0.0 0.32 -0.232 0.998 0.0 -0.054 0.014 0.913 0.0 0.338 -0.227 -0.688 -0.0 -0.726 -0.005 -0.996 -0.0 0.035 0.086 0.701 0.0 -0.712 0.039 1.0 0.0 0.015 0.012 
1.0 -0.004 0.002 0.008 -0.99 0.0 -0.141 -0.028 -0.919 0.0 0.319 -0.231 0.999 0.0 -0.052 0.006 0.912 0.0 0.335 -0.234 -0.688 -0.0 -0.726 -0.005 -0.996 -0.0 0.036 0.086 0.701 -0.0 -0.712 0.039 1.0 0.0 0.015 0.012 
1.0 -0.004 0.002 0.008 -0.99 0.0 -0.139 -0.033 -0.918 0.0 0.316 -0.241 0.999 0.0 -0.05 -0.003 0.914 0.0 0.33 -0.237 -0.688 -0.0 -0.726 -0.006 -0.996 0.0 0.035 0.087 0.701 0.0 -0.712 0.038 1.0 0.0 0.015 0.012 
1.0 -0.003 0.002 0.008 -0.99 -0.0 -0.137 -0.042 -0.917 -0.0 0.313 -0.246 0.999 -0.0 -0.049 -0.011 0.914 -0.0 0.327 -0.241 -0.688 -0.0 -0.726 -0.006 -0.996 -0.0 0.035 0.087 0.701 0.0 -0.712 0.038 1.0 0.0 0.015 0.012 
1.0 -0.003 0.002 0.008 -0.989 -0.0 -0.136 -0.05 -0.917 -0.0 0.31 -0.251 0.999 0.0 -0.048 -0.02 0.914 0.0 0.323 -0.244 -0.688 -0.0 -0.726 -0.007 -0.996 -0.0 0.035 0.087 0.7 0.0 -0.713 0.036 1.0 0.0 0.016 0.014 
1.0 -0.003 0.002 0.008 -0.989 -0.0 -0.136 -0.061 -0.917 -0.0 0.307 -0.253 0.999 -0.0 -0.047 -0.022 0.913 0.0 0.316 -0.259 -0.688 -0.0 -0.726 -0.007 -0.996 -0.0 0.035 0.087 0.701 0.0 -0.713 0.037 1.0 0.0 0.015 0.013 
1.0 -0.003 0.002 0.008 -0.989 -0.0 -0.135 -0.068 -0.917 -0.0 0.303 -0.258 0.998 0.0 -0.047 -0.03 0.913 0.0 0.312 -0.262 -0.688 -0.0 -0.726 -0.008 -0.996 0.0 0.035 0.088 0.7 0.0 -0.713 0.036 1.0 0.0 0.015 0.013 
1.0 -0.002 0.002 0.008 -0.988 -0.0 -0.135 -0.076 -0.917 0.0 0.3 -0.262 0.998 -0.0 -0.047 -0.038 0.913 0.0 0.308 -0.266 -0.688 -0.0 -0.726 -0.009 -0.996 -0.0 0.034 0.088 0.7 0.0 -0.713 0.035 1.0 0.0 0.015 0.013 
1.0 -0.002 0.002 0.008 -0.987 0.0 -0.135 -0.085 -0.918 -0.0 0.296 -0.264 0.998 -0.0 -0.047 -0.046 0.915 0.0 0.3 -0.269 -0.688 -0.0 -0.726 -0.009 -0.995 -0.0 0.035 0.088 0.7 0.0 -0.713 0.035 1.0 0.0 0.015 0.014 
1.0 -0.002 0.002 0.008 -0.986 -0.0 -0.136 -0.092 -0.918 -0.0 0.292 -0.267 0.997 0.0 -0.049 -0.054 0.916 0.0 0.296 -0.272 -0.688 -0.0 -0.726 -0.01 -0.996 -0.0 0.034 0.088 0.7 -0.0 -0.713 0.034 1.0 -0.0 0.015 0.015 
1.0 -0.002 0.002 0.008 -0.986 0.0 -0.137 -0.1 -0.919 0.0 0.288 -0.27 0.997 0.0 -0.051 -0.065 0.917 0.0 0.294 -0.269 -0.688 -0.0 -0.726 -0.011 -0.995 -0.0 0.035 0.089 0.7 0.0 -0.713 0.033 1.0 0.0 0.015 0.014 
1.0 -0.002 0.002 0.008 -0.984 -0.0 -0.138 -0.108 -0.92 -0.0 0.284 -0.271 0.996 0.0 -0.053 -0.07 0.917 0.0 0.288 -0.277 -0.688 -0.0 -0.726 -0.011 -0.995 -0.0 0.034 0.089 0.7 0.0 -0.713 0.033 1.0 0.0 0.016 0.015 
1.0 -0.001 0.002 0.008 -0.983 -0.0 -0.141 -0.115 -0.92 -0.0 0.28 -0.273 0.995 0.0 -0.056 -0.08 0.918 0.0 0.285 -0.275 -0.688 -0.0 -0.726 -0.012 -0.995 -0.0 0.034 0.09 0.7 0.0 -0.713 0.031 1.0 0.0 0.016 0.017 
1.0 -0.001 0.002 0.008 -0.982 -0.0 -0.144 -0.121 -0.921 -0.0 0.277 -0.274 0.995 0.0 -0.059 -0.084 0.918 -0.0 0.279 -0.283 -0.688 -0.0 -0.726 -0.013 -0.995 -0.0 0.034 0.09 0.7 0.0 -0.713 0.031 1.0 0.0 0.016 0.015 
1.0 -0.001 0.002 0.008 -0.981 -0.0 -0.147 -0.128 -0.922 -0.0 0.274 -0.275 0.994 0.0 -0.063 -0.094 0.92 0.0 0.277 -0.279 -0.688 -0.0 -0.726 -0.013 -0.995 -0.0 0.035 0.09 0.7 0.0 -0.713 0.03 1.0 -0.0 0.016 0.017 
1.0 -0.0 0.002 0.008 -0.979 -0.0 -0.151 -0.134 -0.922 -0.0 0.271 -0.276 0.993 0.0 -0.067 -0.101 0.92 0.0 0.272 -0.282 -0.688 -0.0 -0.726 -0.014 -0.995 -0.0 0.033 0.09 0.7 0.0 -0.713 0.03 1.0 0.0 0.016 0.016 
1.0 0.0 0.002 0.008 -0.978 -0.0 -0.155 -0.14 -0.923 -0.0 0.268 -0.277 0.992 0.0 -0.071 -0.103 0.92 0.0 0.266 -0.289 -0.688 0.0 -0.726 -0.014 -0.995 -0.0 0.033 0.09 0.7 0.0 -0.714 0.028 1.0 0.0 0.016 0.017 
1.0 0.0 0.002 0.009 -0.976 -0.0 -0.16 -0.145 -0.924 -0.0 0.265 -0.277 0.991 0.0 -0.075 -0.11 0.92 0.0 0.262 -0.29 -0.688 0.0 -0.726 -0.015 -0.995 -0.0 0.033 0.091 0.7 -0.0 -0.713 0.029 1.0 -0.0 0.015 0.016 
1.0 0.001 0.002 0.009 -0.975 -0.0 -0.165 -0.15 -0.924 -0.0 0.262 -0.277 0.99 0.0 -0.081 -0.116 0.921 0.0 0.258 -0.29 -0.688 -0.0 -0.726 -0.015 -0.995 -0.0 0.033 0.09 0.7 -0.0 -0.714 0.027 1.0 0.0 0.016 0.018 
1.0 0.001 0.002 0.009 -0.973 -0.0 -0.17 -0.154 -0.925 -0.0 0.258 -0.277 0.989 -0.0 -0.085 -0.121 0.922 0.0 0.253 -0.292 -0.688 -0.0 -0.726 -0.016 -0.995 -0.0 0.034 0.091 0.7 0.0 -0.714 0.026 1.0 0.0 0.016 0.019 
1.0 0.002 0.002 0.009 -0.972 0.0 -0.175 -0.158 -0.926 -0.0 0.255 -0.278 0.988 0.0 -0.091 -0.124 0.922 -0.0 0.25 -0.295 -0.688 0.0 -0.725 -0.017 -0.995 -0.0 0.033 0.091 0.7 0.0 -0.714 0.025 1.0 0.0 0.016 0.019 
1.0 0.002 0.003 0.009 -0.97 -0.0 -0.181 -0.162 -0.928 -0.0 0.252 -0.276 0.987 0.0 -0.097 -0.128 0.923 0.0 0.245 -0.297 -0.688 -0.0 -0.725 -0.018 -0.995 0.0 0.033 0.091 0.7 0.0 -0.714 0.025 1.0 -0.0 0.015 0.018 
1.0 0.002 0.003 0.009 -0.969 -0.0 -0.186 -0.165 -0.928 -0.0 0.248 -0.276 0.986 -0.0 -0.102 -0.131 0.923 -0.0 0.239 -0.3 -0.688 -0.0 -0.725 -0.018 -0.995 -0.0 0.034 0.091 0.7 0.0 -0.714 0.023 1.0 0.0 0.016 0.019 
1.0 0.002 0.003 0.01 -0.967 -0.0 -0.194 -0.168 -0.93 -0.0 0.246 -0.275 0.985 0.0 -0.107 -0.135 0.924 0.0 0.233 -0.302 -0.688 0.0 -0.725 -0.018 -0.995 -0.0 0.033 0.091 0.7 0.0 -0.714 0.023 1.0 0.0 0.016 0.019 
1.0 0.003 0.003 0.01 -0.965 -0.0 -0.2 -0.17 -0.93 0.0 0.243 -0.275 0.984 0.0 -0.113 -0.138 0.925 0.0 0.229 -0.305 -0.688 -0.0 -0.725 -0.018 -0.995 -0.0 0.033 0.091 0.7 0.0 -0.714 0.022 1.0 0.0 0.016 0.02 
1.0 0.003 0.003 0.01 -0.963 0.0 -0.207 -0.171 -0.931 -0.0 0.24 -0.275 0.983 0.0 -0.119 -0.14 0.925 0.0 0.225 -0.306 -0.688 -0.0 -0.725 -0.019 -0.995 -0.0 0.033 0.091 0.7 0.0 -0.714 0.023 1.0 0.0 0.015 0.018 
1.0 0.004 0.003 0.011 -0.962 -0.0 -0.214 -0.172 -0.932 -0.0 0.236 -0.276 0.982 0.0 -0.126 -0.142 0.926 0.0 0.222 -0.307 -0.688 -0.0 -0.725 -0.019 -0.995 -0.0 0.033 0.091 0.7 0.0 -0.714 0.021 1.0 0.0 0.016 0.02 
1.0 0.004 0.003 0.011 -0.96 -0.0 -0.221 -0.172 -0.932 0.0 0.233 -0.277 0.981 0.0 -0.131 -0.143 0.926 0.0 0.216 -0.309 -0.688 -0.0 -0.725 -0.02 -0.995 -0.0 0.033 0.091 0.7 0.0 -0.714 0.021 1.0 -0.0 0.015 0.018 
1.0 0.005 0.003 0.011 -0.959 -0.0 -0.228 -0.172 -0.933 -0.0 0.229 -0.277 0.98 0.0 -0.136 -0.143 0.927 0.0 0.211 -0.31 -0.688 -0.0 -0.725 -0.021 -0.995 -0.0 0.033 0.091 0.7 0.0 -0.714 0.021 1.0 0.0 0.015 0.018 
1.0 0.005 0.003 0.011 -0.957 -0.0 -0.235 -0.171 -0.934 -0.0 0.226 -0.277 0.979 0.0 -0.142 -0.143 0.927 0.0 0.208 -0.311 -0.688 -0.0 -0.725 -0.022 -0.995 0.0 0.033 0.091 0.7 0.0 -0.714 0.02 1.0 -0.0 0.015 0.018 
1.0 0.006 0.003 0.011 -0.956 -0.0 -0.242 -0.168 -0.934 -0.0 0.221 -0.279 0.979 0.0 -0.146 -0.141 0.928 0.0 0.201 -0.314 -0.688 -0.0 -0.725 -0.023 -0.995 -0.0 0.032 0.091 0.7 0.0 -0.714 0.018 1.0 -0.0 0.015 0.018 
1.0 0.006 0.003 0.011 -0.954 -0.0 -0.249 -0.166 -0.935 -0.0 0.217 -0.279 0.979 0.0 -0.15 -0.141 0.929 0.0 0.195 -0.314 -0.688 -0.0 -0.725 -0.023 -0.995 0.0 0.032 0.091 0.7 0.0 -0.714 0.018 1.0 0.0 0.015 0.018 
1.0 0.007 0.003 0.011 -0.953 -0.0 -0.256 -0.164 -0.936 -0.0 0.213 -0.279 0.978 0.0 -0.155 -0.139 0.93 0.0 0.189 -0.315 -0.688 -0.0 -0.725 -0.024 -0.995 -0.0 0.032 0.091 0.7 0.0 -0.714 0.018 1.0 0.0 0.015 0.018 
1.0 0.007 0.003 0.01 -0.951 -0.0 -0.262 -0.161 -0.937 -0.0 0.209 -0.279 0.978 0.0 -0.16 -0.137 0.932 -0.0 0.183 -0.314 -0.688 -0.0 -0.725 -0.025 -0.995 -0.0 0.032 0.091 0.7 -0.0 -0.714 0.017 1.0 0.0 0.015 0.018 
1.0 0.008 0.003 0.01 -0.95 -0.0 -0.269 -0.159 -0.939 0.0 0.204 -0.278 0.977 0.0 -0.165 -0.133 0.932 0.0 0.18 -0.314 -0.688 -0.0 -0.725 -0.026 -0.995 -0.0 0.032 0.091 0.7 0.0 -0.714 0.017 1.0 0.0 0.015 0.018 
1.0 0.008 0.003 0.01 -0.949 -0.0 -0.274 -0.156 -0.94 0.0 0.2 -0.275 0.977 0.0 -0.17 -0.13 0.933 0.0 0.177 -0.314 -0.688 -0.0 -0.725 -0.026 -0.995 -0.0 0.032 0.091 0.7 -0.0 -0.714 0.015 1.0 0.0 0.016 0.019 
1.0 0.009 0.003 0.009 -0.948 -0.0 -0.28 -0.152 -0.942 -0.0 0.196 -0.274 0.977 -0.0 -0.175 -0.125 0.933 -0.0 0.175 -0.314 -0.688 -0.0 -0.725 -0.027 -0.995 -0.0 0.032 0.091 0.699 0.0 -0.715 0.014 1.0 0.0 0.018 0.02 
1.0 0.009 0.003 0.009 -0.947 -0.0 -0.285 -0.148 -0.943 -0.0 0.192 -0.272 0.976 -0.0 -0.18 -0.121 0.934 0.0 0.173 -0.314 -0.688 -0.0 -0.725 -0.028 -0.995 0.0 0.032 0.091 0.7 0.0 -0.714 0.013 1.0 0.0 0.015 0.02 
1.0 0.01 0.003 0.008 -0.946 -0.0 -0.291 -0.143 -0.944 0.0 0.189 -0.27 0.976 0.0 -0.185 -0.115 0.933 0.0 0.174 -0.314 -0.688 -0.0 -0.725 -0.029 -0.995 -0.0 0.032 0.091 0.7 0.0 -0.714 0.013 1.0 -0.0 0.013 0.019 
1.0 0.011 0.003 0.008 -0.945 0.0 -0.296 -0.138 -0.945 -0.0 0.186 -0.268 0.976 0.0 -0.19 -0.107 0.932 0.0 0.174 -0.317 -0.688 -0.0 -0.725 -0.03 -0.995 -0.0 0.032 0.091 0.7 0.0 -0.714 0.011 1.0 0.0 0.015 0.02 
1.0 0.012 0.003 0.007 -0.944 -0.0 -0.301 -0.132 -0.947 0.0 0.184 -0.265 0.976 0.0 -0.194 -0.101 0.933 0.0 0.174 -0.315 -0.688 0.0 -0.725 -0.031 -0.995 -0.0 0.032 0.091 0.7 -0.0 -0.714 0.012 1.0 0.0 0.015 0.018 
1.0 0.011 0.002 0.007 -0.944 -0.0 -0.306 -0.125 -0.948 0.0 0.18 -0.263 0.975 0.0 -0.198 -0.097 0.935 0.0 0.174 -0.309 -0.688 0.0 -0.725 -0.03 -0.995 -0.0 0.032 0.09 0.7 0.0 -0.714 0.012 1.0 0.0 0.015 0.019 
1.0 0.012 0.002 0.007 -0.943 -0.0 -0.311 -0.119 -0.949 -0.0 0.179 -0.259 0.975 0.0 -0.202 -0.092 0.936 0.0 0.175 -0.305 -0.688 -0.0 -0.725 -0.031 -0.995 0.0 0.032 0.09 0.7 0.0 -0.714 0.012 1.0 0.0 0.015 0.019 
1.0 0.012 0.002 0.006 -0.942 -0.0 -0.316 -0.112 -0.95 -0.0 0.177 -0.255 0.975 0.0 -0.205 -0.085 0.937 0.0 0.176 -0.303 -0.688 -0.0 -0.725 -0.031 -0.995 -0.0 0.033 0.09 0.7 0.0 -0.714 0.012 1.0 0.0 0.015 0.019 
1.0 0.012 0.002 0.006 -0.942 0.0 -0.32 -0.105 -0.952 -0.0 0.176 -0.252 0.974 0.0 -0.211 -0.076 0.936 -0.0 0.183 -0.302 -0.688 -0.0 -0.725 -0.031 -0.995 -0.0 0.032 0.09 0.701 0.0 -0.713 0.012 1.0 0.0 0.015 0.018 
1.0 0.012 0.002 0.006 -0.941 -0.0 -0.324 -0.098 -0.953 0.0 0.174 -0.248 0.974 0.0 -0.215 -0.072 0.937 0.0 0.186 -0.296 -0.688 -0.0 -0.725 -0.03 -0.995 0.0 0.032 0.089 0.7 0.0 -0.714 0.012 1.0 0.0 0.015 0.019 
1.0 0.012 0.002 0.006 -0.941 -0.0 -0.328 -0.09 -0.954 -0.0 0.173 -0.244 0.974 0.0 -0.219 -0.064 0.938 0.0 0.189 -0.292 -0.688 -0.0 -0.726 -0.03 -0.996 -0.0 0.033 0.089 0.701 0.0 -0.713 0.012 1.0 0.0 0.015 0.019 
1.0 0.012 0.002 0.004 -0.94 0.0 -0.331 -0.082 -0.955 -0.0 0.172 -0.241 0.973 -0.0 -0.223 -0.058 0.939 0.0 0.194 -0.283 -0.687 -0.0 -0.726 -0.029 -0.996 -0.0 0.032 0.089 0.7 0.0 -0.714 0.015 1.0 -0.0 0.016 0.017 
1.0 0.012 0.002 0.004 -0.94 -0.0 -0.334 -0.074 -0.956 -0.0 0.171 -0.237 0.973 -0.0 -0.226 -0.047 0.938 0.0 0.196 -0.285 -0.687 -0.0 -0.726 -0.029 -0.996 -0.0 0.033 0.088 0.7 0.0 -0.714 0.016 1.0 0.0 0.016 0.016 
1.0 0.012 0.002 0.003 -0.939 -0.0 -0.337 -0.067 -0.958 -0.0 0.171 -0.231 0.973 0.0 -0.228 -0.037 0.938 0.0 0.199 -0.284 -0.687 -0.0 -0.726 -0.029 -0.996 -0.0 0.032 0.088 0.701 -0.0 -0.713 0.016 1.0 0.0 0.016 0.016 
1.0 0.012 0.002 0.003 -0.939 -0.0 -0.34 -0.06 -0.959 -0.0 0.171 -0.224 0.972 0.0 -0.231 -0.03 0.939 -0.0 0.202 -0.278 -0.687 -0.0 -0.726 -0.028 -0.996 -0.0 0.033 0.087 0.701 0.0 -0.713 0.017 1.0 -0.0 0.016 0.015 
1.0 0.012 0.002 0.005 -0.938 0.0 -0.342 -0.05 -0.96 -0.0 0.172 -0.219 0.972 0.0 -0.234 -0.027 0.941 0.0 0.206 -0.269 -0.687 0.0 -0.726 -0.028 -0.996 -0.0 0.032 0.087 0.701 -0.0 -0.713 0.015 1.0 0.0 0.015 0.016 
1.0 0.012 0.002 0.005 -0.938 -0.0 -0.345 -0.04 -0.961 -0.0 0.172 -0.217 0.972 0.0 -0.236 -0.013 0.939 0.0 0.208 -0.275 -0.687 -0.0 -0.726 -0.027 -0.996 -0.0 0.032 0.087 0.701 0.0 -0.713 0.016 1.0 0.0 0.015 0.016 
1.0 0.011 0.001 0.005 -0.937 -0.0 -0.347 -0.031 -0.961 -0.0 0.173 -0.214 0.971 0.0 -0.239 -0.008 0.941 0.0 0.213 -0.264 -0.687 -0.0 -0.726 -0.026 -0.996 -0.0 0.033 0.086 0.701 -0.0 -0.713 0.017 1.0 0.0 0.015 0.015 
1.0 0.012 0.002 0.005 -0.937 0.0 -0.348 -0.021 -0.962 -0.0 0.173 -0.21 0.97 0.0 -0.241 0.003 0.939 -0.0 0.219 -0.264 -0.687 -0.0 -0.726 -0.026 -0.996 -0.0 0.034 0.086 0.701 0.0 -0.713 0.017 1.0 0.0 0.015 0.015 
1.0 0.011 0.002 0.005 -0.937 0.0 -0.35 -0.012 -0.963 -0.0 0.174 -0.208 0.97 0.0 -0.243 0.012 0.94 0.0 0.222 -0.26 -0.687 -0.0 -0.726 -0.025 -0.996 -0.0 0.034 0.085 0.701 0.0 -0.713 0.018 1.0 0.0 0.015 0.014 
1.0 0.011 0.002 0.005 -0.936 -0.0 -0.351 -0.002 -0.963 0.0 0.175 -0.205 0.969 0.0 -0.246 0.021 0.94 0.0 0.226 -0.257 -0.687 -0.0 -0.726 -0.024 -0.996 -0.0 0.033 0.085 0.701 0.0 -0.713 0.02 1.0 -0.0 0.015 0.014 
1.0 0.01 0.001 0.005 -0.936 -0.0 -0.353 0.007 -0.964 -0.0 0.176 -0.201 0.968 0.0 -0.248 0.029 0.94 0.0 0.231 -0.253 -0.687 -0.0 -0.726 -0.021 -0.996 -0.0 0.034 0.085 0.701 0.0 -0.713 0.023 1.0 0.0 0.015 0.013 
1.0 0.01 0.001 0.004 -0.935 0.0 -0.354 0.016 -0.964 0.0 0.178 -0.199 0.968 0.0 -0.25 0.039 0.939 -0.0 0.235 -0.25 -0.687 -0.0 -0.726 -0.02 -0.996 -0.0 0.034 0.084 0.701 0.0 -0.713 0.023 1.0 0.0 0.015 0.012 
1.0 0.009 0.001 0.004 -0.935 -0.0 -0.354 0.026 -0.963 0.0 0.18 -0.199 0.967 0.0 -0.252 0.048 0.939 0.0 0.24 -0.247 -0.687 -0.0 -0.726 -0.019 -0.996 -0.0 0.035 0.084 0.701 0.0 -0.713 0.025 1.0 0.0 0.015 0.012 
1.0 0.009 0.001 0.004 -0.934 -0.0 -0.355 0.036 -0.963 -0.0 0.183 -0.196 0.966 0.0 -0.253 0.06 0.938 0.0 0.243 -0.248 -0.687 -0.0 -0.726 -0.018 -0.996 -0.0 0.035 0.084 0.701 0.0 -0.713 0.026 1.0 0.0 0.015 0.012 
1.0 0.009 0.001 0.004 -0.933 -0.0 -0.356 0.047 -0.963 -0.0 0.185 -0.198 0.965 0.0 -0.255 0.069 0.937 0.0 0.249 -0.245 -0.687 -0.0 -0.726 -0.018 -0.996 -0.0 0.034 0.084 0.701 0.0 -0.713 0.026 1.0 0.0 0.015 0.011 
1.0 0.008 0.001 0.003 -0.933 -0.0 -0.356 0.057 -0.962 0.0 0.188 -0.198 0.964 0.0 -0.256 0.075 0.938 0.0 0.255 -0.236 -0.687 -0.0 -0.726 -0.017 -0.996 -0.0 0.035 0.083 0.701 0.0 -0.713 0.028 1.0 0.0 0.015 0.011 
1.0 0.007 0.001 0.003 -0.932 -0.0 -0.357 0.065 -0.962 -0.0 0.192 -0.196 0.963 -0.0 -0.258 0.083 0.937 0.0 0.26 -0.232 -0.687 -0.0 -0.726 -0.016 -0.996 -0.0 0.035 0.083 0.701 -0.0 -0.713 0.03 1.0 0.0 0.015 0.011 
1.0 0.007 0.001 0.003 -0.931 -0.0 -0.357 0.074 -0.961 0.0 0.195 -0.196 0.962 0.0 -0.259 0.092 0.937 0.0 0.265 -0.228 -0.687 -0.0 -0.726 -0.015 -0.996 -0.0 0.035 0.083 0.701 -0.0 -0.713 0.031 1.0 0.0 0.015 0.01 
1.0 0.007 0.001 0.002 -0.931 0.0 -0.357 0.082 -0.96 -0.0 0.2 -0.196 0.96 0.0 -0.26 0.102 0.936 0.0 0.271 -0.224 -0.687 0.0 -0.726 -0.015 -0.996 0.0 0.036 0.083 0.7 0.0 -0.713 0.031 1.0 0.0 0.015 0.01 
1.0 0.006 0.001 0.002 -0.93 0.0 -0.355 0.091 -0.96 -0.0 0.203 -0.195 0.959 0.0 -0.261 0.107 0.936 -0.0 0.276 -0.219 -0.688 -0.0 -0.726 -0.014 -0.996 -0.0 0.035 0.084 0.7 0.0 -0.713 0.033 1.0 0.0 0.015 0.01 
1.0 0.006 0.001 0.001 -0.93 -0.0 -0.354 0.1 -0.959 -0.0 0.206 -0.196 0.958 0.0 -0.261 0.116 0.935 0.0 0.281 -0.217 -0.688 -0.0 -0.726 -0.013 -0.996 -0.0 0.035 0.083 0.7 0.0 -0.713 0.034 1.0 0.0 0.015 0.009 
1.0 0.006 0.001 0.001 -0.929 -0.0 -0.353 0.108 -0.958 -0.0 0.21 -0.196 0.957 0.0 -0.261 0.126 0.934 -0.0 0.284 -0.218 -0.688 -0.0 -0.726 -0.013 -0.996 -0.0 0.035 0.083 0.7 0.0 -0.713 0.034 1.0 0.0 0.015 0.009 
1.0 0.006 0.001 0.001 -0.929 -0.0 -0.351 0.115 -0.957 0.0 0.214 -0.195 0.956 0.0 -0.261 0.132 0.934 0.0 0.289 -0.211 -0.688 -0.0 -0.726 -0.012 -0.996 -0.0 0.036 0.083 0.7 0.0 -0.713 0.037 1.0 0.0 0.014 0.007 
1.0 0.004 0.001 0.001 -0.929 -0.0 -0.349 0.123 -0.956 -0.0 0.218 -0.195 0.956 0.0 -0.26 0.135 0.934 0.0 0.294 -0.202 -0.688 0.0 -0.726 -0.01 -0.996 0.0 0.037 0.083 0.7 0.0 -0.713 0.039 1.0 0.0 0.013 0.007 
1.0 0.004 0.001 0.001 -0.929 -0.0 -0.348 0.129 -0.955 0.0 0.223 -0.194 0.955 -0.0 -0.259 0.143 0.933 -0.0 0.298 -0.201 -0.688 -0.0 -0.726 -0.01 -0.996 -0.0 0.036 0.083 0.7 0.0 -0.713 0.038 1.0 0.0 0.015 0.008 
1.0 0.003 0.001 0.001 -0.929 -0.0 -0.345 0.135 -0.955 0.0 0.227 -0.193 0.955 0.0 -0.258 0.146 0.933 0.0 0.303 -0.193 -0.688 -0.0 -0.725 -0.008 -0.996 -0.0 0.036 0.083 0.7 0.0 -0.713 0.041 1.0 0.0 0.014 0.007 
1.0 0.004 0.001 0.001 -0.929 0.0 -0.344 0.139 -0.954 -0.0 0.233 -0.189 0.954 0.0 -0.255 0.155 0.932 -0.0 0.305 -0.196 -0.688 -0.0 -0.725 -0.008 -0.996 -0.0 0.037 0.082 0.7 0.0 -0.713 0.04 1.0 0.0 0.015 0.008 
1.0 0.002 0.001 0.001 -0.929 -0.0 -0.341 0.144 -0.953 -0.0 0.237 -0.188 0.955 0.0 -0.253 0.157 0.932 0.0 0.309 -0.187 -0.688 -0.0 -0.725 -0.006 -0.996 -0.0 0.036 0.082 0.7 0.0 -0.713 0.043 1.0 0.0 0.013 0.007 
1.0 0.002 0.001 0.0 -0.93 0.0 -0.338 0.148 -0.952 -0.0 0.241 -0.186 0.955 0.0 -0.251 0.16 0.932 -0.0 0.313 -0.18 -0.689 -0.0 -0.725 -0.005 -0.996 0.0 0.037 0.082 0.699 0.0 -0.714 0.043 1.0 0.0 0.015 0.008 
1.0 0.001 0.001 0.0 -0.93 -0.0 -0.334 0.151 -0.952 -0.0 0.245 -0.184 0.955 0.0 -0.248 0.164 0.932 0.0 0.316 -0.178 -0.689 -0.0 -0.725 -0.004 -0.996 0.0 0.037 0.082 0.699 0.0 -0.714 0.044 1.0 0.0 0.015 0.008 
1.0 0.001 0.001 0.0 -0.931 0.0 -0.33 0.154 -0.951 -0.0 0.249 -0.183 0.955 0.0 -0.246 0.166 0.932 0.0 0.32 -0.173 -0.689 0.0 -0.725 -0.003 -0.996 -0.0 0.037 0.082 0.699 -0.0 -0.714 0.045 1.0 0.0 0.014 0.008 
1.0 0.0 0.001 0.0 -0.933 0.0 -0.326 0.156 -0.951 -0.0 0.252 -0.182 0.955 0.0 -0.241 0.171 0.931 0.0 0.322 -0.173 -0.689 -0.0 -0.725 -0.002 -0.996 -0.0 0.038 0.082 0.699 0.0 -0.714 0.046 1.0 0.0 0.015 0.008 
1.0 0.0 0.002 0.0 -0.934 0.0 -0.321 0.157 -0.95 -0.0 0.254 -0.18 0.956 0.0 -0.238 0.172 0.93 0.0 0.326 -0.168 -0.689 0.0 -0.725 -0.002 -0.996 -0.0 0.038 0.082 0.699 0.0 -0.714 0.046 1.0 0.0 0.014 0.008 
1.0 -0.001 0.002 0.0 -0.936 -0.0 -0.316 0.158 -0.949 0.0 0.258 -0.179 0.957 0.0 -0.235 0.173 0.93 0.0 0.33 -0.164 -0.689 -0.0 -0.725 -0.001 -0.996 -0.0 0.037 0.082 0.699 0.0 -0.714 0.048 1.0 0.0 0.015 0.007 
1.0 -0.001 0.002 0.0 -0.937 -0.0 -0.31 0.159 -0.949 -0.0 0.26 -0.178 0.958 0.0 -0.23 0.174 0.929 0.0 0.332 -0.161 -0.689 -0.0 -0.725 -0.0 -0.996 -0.0 0.037 0.082 0.699 0.0 -0.714 0.048 1.0 0.0 0.015 0.007 
1.0 -0.001 0.002 0.0 -0.939 -0.0 -0.305 0.159 -0.948 -0.0 0.264 -0.177 0.958 0.0 -0.226 0.175 0.929 0.0 0.335 -0.159 -0.689 -0.0 -0.724 0.0 -0.996 -0.0 0.037 0.082 0.698 -0.0 -0.714 0.049 1.0 0.0 0.015 0.007 
1.0 -0.001 0.002 0.0 -0.941 -0.0 -0.299 0.157 -0.947 -0.0 0.267 -0.176 0.959 -0.0 -0.221 0.176 0.928 -0.0 0.338 -0.158 -0.689 -0.0 -0.724 0.0 -0.996 -0.0 0.038 0.082 0.698 0.0 -0.714 0.049 1.0 0.0 0.015 0.007 
1.0 -0.002 0.002 0.001 -0.943 -0.0 -0.293 0.156 -0.946 -0.0 0.271 -0.175 0.961 -0.0 -0.216 0.176 0.927 0.0 0.341 -0.157 -0.689 -0.0 -0.724 0.001 -0.996 -0.0 0.037 0.082 0.698 0.0 -0.714 0.05 1.0 0.0 0.015 0.007 
1.0 -0.003 0.002 0.001 -0.945 -0.0 -0.287 0.155 -0.945 0.0 0.274 -0.176 0.962 0.0 -0.211 0.173 0.926 0.0 0.343 -0.155 -0.689 -0.0 -0.724 0.003 -0.996 -0.0 0.038 0.082 0.698 0.0 -0.714 0.051 1.0 0.0 0.015 0.007 
1.0 -0.003 0.002 0.001 -0.948 0.0 -0.281 0.151 -0.945 -0.0 0.279 -0.172 0.964 0.0 -0.204 0.172 0.926 0.0 0.345 -0.155 -0.689 -0.0 -0.724 0.003 -0.996 -0.0 0.038 0.082 0.698 0.0 -0.714 0.052 1.0 0.0 0.015 0.007 
1.0 -0.004 0.002 0.001 -0.95 -0.0 -0.275 0.148 -0.944 -0.0 0.284 -0.17 0.965 0.0 -0.199 0.169 0.925 -0.0 0.347 -0.155 -0.689 -0.0 -0.724 0.004 -0.996 -0.0 0.038 0.082 0.698 0.0 -0.714 0.053 1.0 0.0 0.015 0.007 
1.0 -0.004 0.002 0.001 -0.952 -0.0 -0.268 0.146 -0.942 0.0 0.287 -0.172 0.967 0.0 -0.193 0.168 0.924 0.0 0.348 -0.158 -0.689 -0.0 -0.724 0.005 -0.996 -0.0 0.038 0.082 0.698 0.0 -0.714 0.053 1.0 0.0 0.015 0.007 
1.0 -0.004 0.002 0.002 -0.955 -0.0 -0.261 0.143 -0.941 -0.0 0.291 -0.172 0.968 0.0 -0.187 0.167 0.923 0.0 0.351 -0.16 -0.689 0.0 -0.724 0.005 -0.996 -0.0 0.039 0.083 0.698 0.0 -0.714 0.053 1.0 0.0 0.015 0.008 
1.0 -0.004 0.002 0.002 -0.957 -0.0 -0.253 0.14 -0.94 -0.0 0.295 -0.174 0.97 0.0 -0.181 0.161 0.923 -0.0 0.351 -0.158 -0.689 -0.0 -0.724 0.006 -0.996 -0.0 0.038 0.083 0.698 0.0 -0.714 0.054 1.0 0.0 0.015 0.008 
1.0 -0.005 0.002 0.003 -0.959 -0.0 -0.247 0.137 -0.938 -0.0 0.299 -0.175 0.972 0.0 -0.173 0.157 0.922 0.0 0.351 -0.163 -0.69 0.0 -0.724 0.007 -0.996 -0.0 0.038 0.082 0.698 -0.0 -0.714 0.054 1.0 0.0 0.015 0.008 
1.0 -0.005 0.002 0.004 -0.962 0.0 -0.24 0.132 -0.937 0.0 0.303 -0.176 0.974 -0.0 -0.168 0.151 0.921 0.0 0.354 -0.16 -0.69 -0.0 -0.724 0.008 -0.996 -0.0 0.038 0.083 0.698 0.0 -0.714 0.054 1.0 0.0 0.015 0.008 
1.0 -0.006 0.002 0.004 -0.964 -0.0 -0.233 0.128 -0.935 -0.0 0.308 -0.177 0.976 0.0 -0.161 0.148 0.92 0.0 0.354 -0.168 -0.689 -0.0 -0.724 0.008 -0.996 -0.0 0.038 0.083 0.698 -0.0 -0.714 0.054 1.0 0.0 0.015 0.008 
1.0 -0.006 0.002 0.005 -0.966 -0.0 -0.226 0.123 -0.933 0.0 0.312 -0.178 0.978 0.0 -0.155 0.142 0.919 0.0 0.356 -0.167 -0.69 -0.0 -0.724 0.009 -0.996 -0.0 0.038 0.083 0.698 0.0 -0.714 0.055 1.0 0.0 0.015 0.009 
1.0 -0.006 0.002 0.006 -0.968 0.0 -0.218 0.12 -0.932 0.0 0.315 -0.182 0.979 0.0 -0.148 0.138 0.918 -0.0 0.357 -0.174 -0.69 0.0 -0.724 0.01 -0.996 -0.0 0.039 0.082 0.698 0.0 -0.714 0.054 1.0 -0.0 0.015 0.009 
1.0 -0.006 0.002 0.007 -0.97 -0.0 -0.211 0.117 -0.93 -0.0 0.318 -0.187 0.981 0.0 -0.141 0.134 0.917 0.0 0.357 -0.179 -0.69 -0.0 -0.724 0.01 -0.996 -0.0 0.039 0.082 0.698 -0.0 -0.714 0.054 1.0 0.0 0.015 0.009 
1.0 -0.006 0.002 0.008 -0.973 -0.0 -0.204 0.111 -0.928 -0.0 0.321 -0.188 0.982 -0.0 -0.136 0.131 0.915 0.0 0.359 -0.185 -0.689 0.0 -0.725 0.01 -0.996 -0.0 0.039 0.082 0.698 -0.0 -0.714 0.054 1.0 0.0 0.015 0.009 
1.0 -0.007 0.002 0.008 -0.975 -0.0 -0.197 0.105 -0.927 -0.0 0.325 -0.19 0.984 -0.0 -0.13 0.123 0.914 0.0 0.361 -0.187 -0.689 -0.0 -0.725 0.011 -0.996 -0.0 0.039 0.083 0.698 0.0 -0.714 0.054 1.0 -0.0 0.015 0.01 
1.0 -0.007 0.002 0.009 -0.977 -0.0 -0.19 0.1 -0.925 -0.0 0.327 -0.193 0.985 0.0 -0.124 0.117 0.913 0.0 0.36 -0.192 -0.69 -0.0 -0.724 0.011 -0.996 0.0 0.038 0.083 0.698 -0.0 -0.714 0.054 1.0 0.0 0.015 0.01 
1.0 -0.007 0.002 0.009 -0.979 -0.0 -0.183 0.094 -0.924 -0.0 0.329 -0.195 0.987 0.0 -0.118 0.11 0.912 0.0 0.361 -0.194 -0.69 -0.0 -0.724 0.011 -0.996 -0.0 0.038 0.083 0.698 0.0 -0.714 0.054 1.0 0.0 0.015 0.01 
1.0 -0.007 0.002 0.01 -0.981 -0.0 -0.176 0.088 -0.923 -0.0 0.331 -0.198 0.988 0.0 -0.113 0.104 0.911 0.0 0.361 -0.199 -0.69 -0.0 -0.724 0.011 -0.996 -0.0 0.039 0.083 0.698 0.0 -0.714 0.054 1.0 0.0 0.014 0.009 
1.0 -0.007 0.002 0.01 -0.982 -0.0 -0.169 0.08 -0.922 -0.0 0.333 -0.199 0.989 0.0 -0.108 0.097 0.91 0.0 0.363 -0.2 -0.69 -0.0 -0.724 0.01 -0.996 -0.0 0.039 0.083 0.698 0.0 -0.714 0.053 1.0 0.0 0.014 0.009 
1.0 -0.007 0.002 0.01 -0.984 -0.0 -0.163 0.073 -0.921 -0.0 0.334 -0.202 0.991 0.0 -0.103 0.088 0.91 0.0 0.362 -0.203 -0.69 -0.0 -0.724 0.011 -0.996 -0.0 0.038 0.084 0.698 0.0 -0.714 0.054 1.0 0.0 0.014 0.009 
1.0 -0.008 0.003 0.01 -0.985 -0.0 -0.157 0.068 -0.919 -0.0 0.336 -0.208 0.992 0.0 -0.098 0.082 0.909 0.0 0.36 -0.208 -0.69 -0.0 -0.724 0.011 -0.996 -0.0 0.039 0.084 0.698 0.0 -0.714 0.054 1.0 0.0 0.015 0.009 
1.0 -0.008 0.003 0.01 -0.987 -0.0 -0.152 0.058 -0.919 -0.0 0.337 -0.204 0.993 0.0 -0.093 0.075 0.909 0.0 0.36 -0.212 -0.69 -0.0 -0.724 0.011 -0.996 -0.0 0.039 0.084 0.698 -0.0 -0.714 0.054 1.0 -0.0 0.014 0.009 
1.0 -0.007 0.003 0.01 -0.988 -0.0 -0.146 0.05 -0.918 -0.0 0.338 -0.209 0.994 0.0 -0.09 0.067 0.908 0.0 0.361 -0.212 -0.69 -0.0 -0.724 0.01 -0.996 -0.0 0.039 0.084 0.698 -0.0 -0.715 0.053 1.0 -0.0 0.015 0.01 
1.0 -0.008 0.003 0.01 -0.989 -0.0 -0.141 0.046 -0.916 -0.0 0.338 -0.218 0.995 0.0 -0.086 0.058 0.908 0.0 0.36 -0.214 -0.69 -0.0 -0.724 0.011 -0.996 -0.0 0.039 0.084 0.697 0.0 -0.715 0.053 1.0 0.0 0.015 0.01 
1.0 -0.008 0.003 0.01 -0.99 -0.0 -0.137 0.035 -0.915 -0.0 0.339 -0.218 0.995 0.0 -0.082 0.05 0.907 0.0 0.359 -0.22 -0.69 -0.0 -0.724 0.01 -0.996 0.0 0.039 0.085 0.697 0.0 -0.715 0.053 1.0 0.0 0.015 0.01 
1.0 -0.008 0.003 0.01 -0.991 -0.0 -0.133 0.029 -0.914 -0.0 0.339 -0.224 0.996 0.0 -0.079 0.043 0.906 -0.0 0.36 -0.224 -0.69 -0.0 -0.723 0.01 -0.996 -0.0 0.039 0.085 0.697 0.0 -0.715 0.053 1.0 0.0 0.015 0.01 
1.0 -0.008 0.003 0.01 -0.991 -0.0 -0.131 0.017 -0.913 -0.0 0.341 -0.223 0.996 0.0 -0.076 0.036 0.905 0.0 0.358 -0.228 -0.691 -0.0 -0.723 0.01 -0.996 -0.0 0.039 0.085 0.697 0.0 -0.715 0.053 1.0 0.0 0.015 0.01 
1.0 -0.008 0.003 0.01 -0.992 -0.0 -0.127 0.011 -0.913 -0.0 0.339 -0.229 0.997 0.0 -0.073 0.028 0.905 -0.0 0.356 -0.234 -0.691 -0.0 -0.723 0.009 -0.996 -0.0 0.038 0.085 0.697 0.0 -0.715 0.052 1.0 0.0 0.015 0.011 
1.0 -0.008 0.003 0.01 -0.992 -0.0 -0.124 0.002 -0.913 -0.0 0.337 -0.231 0.997 0.0 -0.071 0.021 0.905 0.0 0.353 -0.237 -0.691 -0.0 -0.723 0.008 -0.996 -0.0 0.038 0.086 0.697 0.0 -0.715 0.052 1.0 0.0 0.015 0.011 
1.0 -0.008 0.003 0.01 -0.993 -0.0 -0.122 -0.007 -0.913 -0.0 0.335 -0.232 0.998 -0.0 -0.068 0.013 0.905 0.0 0.351 -0.24 -0.69 0.0 -0.723 0.008 -0.996 0.0 0.039 0.086 0.697 0.0 -0.715 0.051 1.0 0.0 0.015 0.011 
1.0 -0.008 0.003 0.01 -0.993 -0.0 -0.119 -0.017 -0.914 -0.0 0.333 -0.233 0.998 0.0 -0.066 0.005 0.905 0.0 0.347 -0.244 -0.69 -0.0 -0.723 0.008 -0.996 -0.0 0.04 0.085 0.697 0.0 -0.715 0.051 1.0 0.0 0.015 0.011 
1.0 -0.008 0.003 0.01 -0.993 -0.0 -0.117 -0.028 -0.915 -0.0 0.33 -0.232 0.998 0.0 -0.064 -0.003 0.906 0.0 0.344 -0.248 -0.691 -0.0 -0.723 0.007 -0.996 -0.0 0.037 0.086 0.697 0.0 -0.715 0.051 1.0 0.0 0.015 0.011 
1.0 -0.008 0.003 0.01 -0.993 -0.0 -0.115 -0.035 -0.915 -0.0 0.326 -0.239 0.998 -0.0 -0.063 -0.011 0.906 -0.0 0.34 -0.251 -0.691 -0.0 -0.723 0.007 -0.996 0.0 0.037 0.086 0.697 0.0 -0.715 0.05 1.0 0.0 0.015 0.011 
1.0 -0.008 0.003 0.009 -0.993 -0.0 -0.114 -0.044 -0.915 -0.0 0.322 -0.242 0.998 0.0 -0.059 -0.013 0.906 0.0 0.331 -0.264 -0.691 -0.0 -0.723 0.006 -0.996 -0.0 0.037 0.086 0.697 0.0 -0.715 0.049 1.0 0.0 0.015 0.012 
1.0 -0.007 0.003 0.009 -0.992 -0.0 -0.113 -0.053 -0.916 -0.0 0.317 -0.245 0.998 0.0 -0.058 -0.02 0.907 0.0 0.326 -0.267 -0.691 -0.0 -0.723 0.005 -0.996 -0.0 0.038 0.087 0.697 0.0 -0.715 0.049 1.0 0.0 0.015 0.012 
1.0 -0.008 0.003 0.008 -0.992 -0.0 -0.113 -0.064 -0.918 0.0 0.312 -0.246 0.998 0.0 -0.058 -0.028 0.908 0.0 0.321 -0.271 -0.69 -0.0 -0.724 0.005 -0.995 -0.0 0.039 0.086 0.697 0.0 -0.715 0.049 1.0 0.0 0.015 0.012 
1.0 -0.007 0.003 0.008 -0.991 -0.0 -0.113 -0.071 -0.918 -0.0 0.307 -0.25 0.998 -0.0 -0.058 -0.036 0.909 0.0 0.316 -0.273 -0.69 0.0 -0.724 0.004 -0.995 -0.0 0.039 0.087 0.697 0.0 -0.715 0.048 1.0 0.0 0.015 0.012 
1.0 -0.006 0.003 0.008 -0.99 -0.0 -0.113 -0.081 -0.919 -0.0 0.302 -0.253 0.997 0.0 -0.057 -0.044 0.911 -0.0 0.311 -0.271 -0.691 -0.0 -0.723 0.002 -0.995 -0.0 0.037 0.087 0.697 0.0 -0.715 0.047 1.0 0.0 0.015 0.012 
1.0 -0.007 0.003 0.007 -0.989 -0.0 -0.114 -0.091 -0.92 -0.0 0.297 -0.254 0.997 0.0 -0.058 -0.053 0.913 0.0 0.305 -0.272 -0.691 -0.0 -0.723 0.001 -0.995 -0.0 0.037 0.088 0.697 0.0 -0.715 0.047 1.0 0.0 0.015 0.013 
1.0 -0.006 0.003 0.007 -0.988 -0.0 -0.116 -0.099 -0.921 -0.0 0.292 -0.257 0.996 0.0 -0.059 -0.06 0.913 0.0 0.3 -0.275 -0.691 -0.0 -0.723 -0.0 -0.995 -0.0 0.037 0.088 0.697 0.0 -0.715 0.046 1.0 0.0 0.015 0.013 
1.0 -0.006 0.003 0.007 -0.987 -0.0 -0.118 -0.106 -0.922 -0.0 0.287 -0.26 0.996 0.0 -0.06 -0.066 0.914 0.0 0.295 -0.277 -0.69 -0.0 -0.724 -0.001 -0.995 -0.0 0.038 0.088 0.697 0.0 -0.715 0.045 1.0 0.0 0.015 0.013 
1.0 -0.006 0.003 0.006 -0.986 -0.0 -0.121 -0.114 -0.923 0.0 0.281 -0.262 0.995 0.0 -0.062 -0.073 0.915 0.0 0.289 -0.28 -0.691 -0.0 -0.723 -0.001 -0.995 -0.0 0.037 0.088 0.697 0.0 -0.715 0.045 1.0 0.0 0.015 0.013 
1.0 -0.005 0.003 0.006 -0.985 0.0 -0.123 -0.122 -0.924 0.0 0.275 -0.264 0.995 -0.0 -0.063 -0.079 0.917 0.0 0.284 -0.282 -0.69 -0.0 -0.724 -0.003 -0.995 -0.0 0.038 0.088 0.697 -0.0 -0.715 0.044 1.0 0.0 0.015 0.013 
1.0 -0.005 0.003 0.005 -0.984 -0.0 -0.127 -0.128 -0.925 -0.0 0.269 -0.267 0.994 0.0 -0.065 -0.083 0.917 0.0 0.277 -0.287 -0.69 -0.0 -0.724 -0.004 -0.995 0.0 0.037 0.089 0.697 0.0 -0.715 0.043 1.0 0.0 0.015 0.013 
1.0 -0.004 0.003 0.005 -0.982 0.0 -0.13 -0.135 -0.926 -0.0 0.263 -0.269 0.994 -0.0 -0.068 -0.089 0.918 -0.0 0.271 -0.289 -0.69 -0.0 -0.724 -0.005 -0.995 -0.0 0.038 0.089 0.698 0.0 -0.715 0.042 1.0 -0.0 0.015 0.013 
1.0 -0.004 0.002 0.005 -0.981 -0.0 -0.134 -0.141 -0.928 -0.0 0.257 -0.27 0.993 0.0 -0.071 -0.095 0.919 0.0 0.266 -0.29 -0.69 -0.0 -0.724 -0.006 -0.995 -0.0 0.036 0.089 0.698 0.0 -0.715 0.041 1.0 0.0 0.015 0.013 
1.0 -0.003 0.002 0.004 -0.979 -0.0 -0.139 -0.147 -0.929 0.0 0.252 -0.271 0.992 0.0 -0.074 -0.1 0.92 0.0 0.262 -0.292 -0.69 -0.0 -0.724 -0.007 -0.995 -0.0 0.036 0.089 0.698 0.0 -0.715 0.04 1.0 0.0 0.015 0.013 
1.0 -0.003 0.002 0.004 -0.978 0.0 -0.145 -0.152 -0.93 -0.0 0.247 -0.272 0.992 -0.0 -0.077 -0.103 0.92 0.0 0.257 -0.295 -0.69 0.0 -0.724 -0.008 -0.995 0.0 0.036 0.089 0.697 0.0 -0.716 0.039 1.0 0.0 0.016 0.014 
1.0 -0.002 0.002 0.004 -0.976 -0.0 -0.151 -0.157 -0.931 -0.0 0.243 -0.273 0.991 0.0 -0.081 -0.108 0.921 0.0 0.252 -0.297 -0.69 -0.0 -0.724 -0.009 -0.995 -0.0 0.036 0.09 0.698 0.0 -0.715 0.038 1.0 0.0 0.015 0.014 
1.0 -0.002 0.002 0.004 -0.974 -0.0 -0.157 -0.161 -0.931 -0.0 0.24 -0.274 0.99 0.0 -0.085 -0.112 0.922 0.0 0.247 -0.298 -0.69 -0.0 -0.724 -0.01 -0.995 -0.0 0.036 0.09 0.698 -0.0 -0.715 0.037 1.0 0.0 0.015 0.014 
1.0 -0.001 0.002 0.004 -0.973 -0.0 -0.164 -0.164 -0.932 -0.0 0.236 -0.275 0.989 0.0 -0.089 -0.116 0.923 0.0 0.243 -0.299 -0.69 0.0 -0.724 -0.011 -0.995 0.0 0.036 0.09 0.698 -0.0 -0.715 0.036 1.0 0.0 0.015 0.014 
1.0 -0.001 0.002 0.004 -0.971 -0.0 -0.171 -0.166 -0.933 -0.0 0.232 -0.276 0.988 -0.0 -0.093 -0.119 0.924 -0.0 0.238 -0.301 -0.69 -0.0 -0.724 -0.013 -0.995 -0.0 0.035 0.09 0.698 0.0 -0.715 0.035 1.0 0.0 0.015 0.014 
1.0 -0.0 0.002 0.004 -0.969 0.0 -0.178 -0.169 -0.934 -0.0 0.228 -0.276 0.988 -0.0 -0.098 -0.122 0.924 -0.0 0.234 -0.303 -0.69 -0.0 -0.724 -0.014 -0.995 -0.0 0.036 0.09 0.698 0.0 -0.715 0.034 1.0 0.0 0.015 0.014 
1.0 0.0 0.002 0.004 -0.968 0.0 -0.185 -0.17 -0.935 -0.0 0.222 -0.276 0.987 0.0 -0.103 -0.124 0.924 0.0 0.229 -0.305 -0.69 0.0 -0.724 -0.014 -0.995 -0.0 0.035 0.09 0.698 -0.0 -0.715 0.033 1.0 0.0 0.015 0.014 
1.0 0.001 0.002 0.004 -0.966 0.0 -0.192 -0.171 -0.936 0.0 0.217 -0.277 0.986 -0.0 -0.108 -0.125 0.924 0.0 0.227 -0.307 -0.69 0.0 -0.724 -0.016 -0.995 -0.0 0.035 0.09 0.698 -0.0 -0.715 0.032 1.0 0.0 0.015 0.014 
1.0 0.001 0.002 0.004 -0.965 -0.0 -0.199 -0.171 -0.937 -0.0 0.213 -0.276 0.985 0.0 -0.113 -0.128 0.925 0.0 0.224 -0.307 -0.689 -0.0 -0.724 -0.016 -0.995 -0.0 0.035 0.09 0.698 -0.0 -0.715 0.031 1.0 0.0 0.015 0.015 
1.0 0.002 0.002 0.004 -0.963 -0.0 -0.207 -0.172 -0.938 -0.0 0.211 -0.274 0.985 0.0 -0.119 -0.128 0.925 0.0 0.22 -0.31 -0.689 -0.0 -0.724 -0.015 -0.996 -0.0 0.035 0.088 0.698 0.0 -0.715 0.029 1.0 0.0 0.014 0.016 
1.0 0.002 0.002 0.005 -0.962 0.0 -0.215 -0.171 -0.939 -0.0 0.207 -0.273 0.984 0.0 -0.124 -0.129 0.925 0.0 0.218 -0.31 -0.689 0.0 -0.724 -0.016 -0.996 -0.0 0.035 0.088 0.699 0.0 -0.715 0.029 1.0 -0.0 0.015 0.015 
1.0 0.003 0.002 0.005 -0.96 -0.0 -0.223 -0.17 -0.94 -0.0 0.204 -0.272 0.983 0.0 -0.13 -0.129 0.926 0.0 0.216 -0.311 -0.689 -0.0 -0.724 -0.017 -0.996 -0.0 0.035 0.088 0.697 0.0 -0.716 0.027 1.0 0.0 0.018 0.016 
1.0 0.003 0.002 0.005 -0.959 -0.0 -0.23 -0.168 -0.941 -0.0 0.2 -0.271 0.983 0.0 -0.135 -0.128 0.926 0.0 0.214 -0.311 -0.689 0.0 -0.724 -0.019 -0.995 -0.0 0.034 0.09 0.698 0.0 -0.715 0.026 1.0 0.0 0.015 0.016 
1.0 0.004 0.002 0.006 -0.957 -0.0 -0.237 -0.166 -0.943 -0.0 0.196 -0.27 0.982 0.0 -0.142 -0.128 0.926 0.0 0.215 -0.31 -0.689 -0.0 -0.724 -0.019 -0.995 -0.0 0.034 0.089 0.699 0.0 -0.715 0.026 1.0 0.0 0.015 0.016 
1.0 0.004 0.002 0.006 -0.956 -0.0 -0.244 -0.163 -0.944 0.0 0.193 -0.268 0.981 0.0 -0.145 -0.126 0.927 0.0 0.209 -0.31 -0.689 -0.0 -0.725 -0.019 -0.996 -0.0 0.034 0.088 0.699 0.0 -0.715 0.025 1.0 0.0 0.016 0.016 
1.0 0.005 0.002 0.006 -0.955 -0.0 -0.25 -0.159 -0.945 0.0 0.189 -0.267 0.981 0.0 -0.15 -0.124 0.928 0.0 0.208 -0.31 -0.689 0.0 -0.725 -0.019 -0.996 -0.0 0.034 0.088 0.699 0.0 -0.715 0.024 1.0 0.0 0.015 0.016 
1.0 0.005 0.002 0.006 -0.954 -0.0 -0.257 -0.155 -0.946 -0.0 0.185 -0.265 0.98 0.0 -0.157 -0.123 0.928 -0.0 0.209 -0.309 -0.689 -0.0 -0.725 -0.02 -0.996 0.0 0.034 0.088 0.699 -0.0 -0.715 0.024 1.0 0.0 0.016 0.015 
1.0 0.006 0.002 0.007 -0.953 -0.0 -0.263 -0.151 -0.947 0.0 0.182 -0.263 0.98 0.0 -0.163 -0.118 0.928 0.0 0.207 -0.308 -0.689 0.0 -0.725 -0.022 -0.995 -0.0 0.035 0.089 0.698 0.0 -0.716 0.023 1.0 0.0 0.018 0.015 
1.0 0.006 0.002 0.007 -0.952 -0.0 -0.27 -0.147 -0.949 -0.0 0.18 -0.26 0.979 0.0 -0.167 -0.115 0.929 0.0 0.203 -0.308 -0.689 -0.0 -0.725 -0.021 -0.996 -0.0 0.035 0.087 0.699 0.0 -0.715 0.022 1.0 0.0 0.015 0.015 
1.0 0.006 0.002 0.007 -0.951 0.0 -0.277 -0.141 -0.949 -0.0 0.178 -0.258 0.979 -0.0 -0.172 -0.113 0.931 0.0 0.202 -0.305 -0.689 0.0 -0.725 -0.022 -0.995 -0.0 0.033 0.089 0.699 0.0 -0.715 0.022 1.0 0.0 0.015 0.015 
1.0 0.006 0.002 0.007 -0.949 -0.0 -0.284 -0.135 -0.95 -0.0 0.177 -0.256 0.978 0.0 -0.177 -0.109 0.931 0.0 0.201 -0.306 -0.689 0.0 -0.725 -0.022 -0.995 -0.0 0.033 0.089 0.699 0.0 -0.715 0.022 1.0 0.0 0.016 0.014 
1.0 0.007 0.002 0.008 -0.948 -0.0 -0.29 -0.129 -0.951 0.0 0.176 -0.253 0.978 0.0 -0.183 -0.103 0.93 0.0 0.203 -0.306 -0.689 -0.0 -0.725 -0.023 -0.995 -0.0 0.033 0.089 0.699 0.0 -0.715 0.021 1.0 0.0 0.016 0.015 
1.0 0.007 0.002 0.008 -0.947 -0.0 -0.297 -0.122 -0.952 0.0 0.176 -0.25 0.977 0.0 -0.188 -0.097 0.931 0.0 0.202 -0.305 -0.689 -0.0 -0.725 -0.023 -0.996 -0.0 0.033 0.089 0.699 -0.0 -0.715 0.021 1.0 0.0 0.016 0.015 
1.0 0.007 0.002 0.008 -0.946 -0.0 -0.303 -0.115 -0.953 -0.0 0.174 -0.248 0.977 0.0 -0.193 -0.093 0.931 0.0 0.203 -0.302 -0.689 -0.0 -0.725 -0.021 -0.996 -0.0 0.034 0.087 0.699 0.0 -0.715 0.021 1.0 0.0 0.015 0.015 
1.0 0.007 0.002 0.008 -0.945 -0.0 -0.309 -0.109 -0.954 -0.0 0.174 -0.244 0.976 0.0 -0.2 -0.088 0.932 -0.0 0.206 -0.299 -0.689 0.0 -0.725 -0.023 -0.996 -0.0 0.033 0.088 0.699 -0.0 -0.715 0.021 1.0 0.0 0.015 0.015 
1.0 0.007 0.002 0.008 -0.944 -0.0 -0.315 -0.102 -0.955 -0.0 0.174 -0.241 0.976 0.0 -0.204 -0.082 0.932 -0.0 0.205 -0.298 -0.689 -0.0 -0.725 -0.022 -0.996 -0.0 0.033 0.088 0.699 0.0 -0.714 0.021 1.0 0.0 0.015 0.014 
1.0 0.007 0.002 0.008 -0.943 -0.0 -0.32 -0.094 -0.956 -0.0 0.173 -0.238 0.975 0.0 -0.208 -0.076 0.933 0.0 0.204 -0.296 -0.689 -0.0 -0.725 -0.022 -0.996 -0.0 0.033 0.088 0.699 0.0 -0.714 0.022 1.0 0.0 0.015 0.014 
1.0 0.007 0.002 0.008 -0.942 0.0 -0.325 -0.086 -0.957 -0.0 0.173 -0.234 0.975 0.0 -0.212 -0.07 0.934 -0.0 0.204 -0.293 -0.689 -0.0 -0.725 -0.022 -0.996 -0.0 0.033 0.088 0.699 0.0 -0.715 0.022 1.0 -0.0 0.017 0.014 
1.0 0.006 0.002 0.008 -0.941 -0.0 -0.33 -0.078 -0.957 -0.0 0.172 -0.232 0.974 0.0 -0.215 -0.068 0.937 -0.0 0.204 -0.284 -0.689 -0.0 -0.725 -0.02 -0.996 0.0 0.034 0.088 0.699 0.0 -0.714 0.024 1.0 -0.0 0.015 0.013 
1.0 0.007 0.002 0.008 -0.94 -0.0 -0.335 -0.07 -0.958 0.0 0.173 -0.228 0.974 0.0 -0.218 -0.056 0.936 0.0 0.203 -0.287 -0.689 -0.0 -0.725 -0.02 -0.996 -0.0 0.033 0.087 0.699 -0.0 -0.714 0.023 1.0 0.0 0.015 0.013 
1.0 0.006 0.002 0.008 -0.939 -0.0 -0.339 -0.061 -0.959 -0.0 0.172 -0.225 0.974 0.0 -0.222 -0.05 0.937 0.0 0.203 -0.284 -0.689 -0.0 -0.725 -0.02 -0.996 0.0 0.034 0.088 0.699 0.0 -0.714 0.024 1.0 0.0 0.015 0.013 
1.0 0.006 0.002 0.006 -0.938 -0.0 -0.343 -0.058 -0.961 -0.0 0.172 -0.217 0.973 0.0 -0.226 -0.039 0.937 -0.0 0.205 -0.283 -0.689 -0.0 -0.725 -0.019 -0.996 -0.0 0.034 0.087 0.699 0.0 -0.714 0.027 1.0 -0.0 0.015 0.011 
1.0 0.006 0.002 0.007 -0.937 -0.0 -0.346 -0.048 -0.962 0.0 0.172 -0.212 0.973 0.0 -0.23 -0.033 0.937 0.0 0.207 -0.28 -0.688 0.0 -0.725 -0.019 -0.996 0.0 0.034 0.087 0.699 0.0 -0.714 0.025 1.0 0.0 0.015 0.013 
1.0 0.005 0.002 0.007 -0.936 -0.0 -0.349 -0.04 -0.963 -0.0 0.173 -0.208 0.972 0.0 -0.232 -0.028 0.939 -0.0 0.207 -0.275 -0.689 0.0 -0.725 -0.017 -0.996 -0.0 0.034 0.087 0.7 0.0 -0.714 0.027 1.0 0.0 0.015 0.013 
1.0 0.005 0.002 0.007 -0.935 -0.0 -0.352 -0.031 -0.963 -0.0 0.173 -0.204 0.972 0.0 -0.236 -0.022 0.94 -0.0 0.211 -0.267 -0.689 -0.0 -0.725 -0.016 -0.996 -0.0 0.034 0.087 0.7 0.0 -0.714 0.029 1.0 0.0 0.014 0.011 
1.0 0.005 0.002 0.007 -0.935 -0.0 -0.355 -0.022 -0.964 -0.0 0.174 -0.202 0.971 0.0 -0.24 -0.014 0.94 0.0 0.214 -0.264 -0.689 -0.0 -0.725 -0.015 -0.996 0.0 0.034 0.086 0.7 0.0 -0.714 0.03 1.0 0.0 0.014 0.011 
1.0 0.005 0.002 0.007 -0.934 -0.0 -0.358 -0.013 -0.964 -0.0 0.175 -0.199 0.97 0.0 -0.243 -0.003 0.94 -0.0 0.217 -0.263 -0.688 0.0 -0.725 -0.015 -0.996 -0.0 0.035 0.086 0.7 0.0 -0.714 0.03 1.0 0.0 0.014 0.011 
1.0 0.005 0.002 0.006 -0.933 -0.0 -0.36 -0.003 -0.965 -0.0 0.177 -0.195 0.969 0.0 -0.246 0.005 0.94 0.0 0.221 -0.26 -0.688 -0.0 -0.725 -0.015 -0.996 0.0 0.035 0.086 0.7 0.0 -0.714 0.031 1.0 0.0 0.014 0.011 
1.0 0.004 0.002 0.006 -0.932 -0.0 -0.362 0.004 -0.965 0.0 0.179 -0.191 0.968 0.0 -0.249 0.014 0.94 -0.0 0.224 -0.256 -0.689 -0.0 -0.725 -0.014 -0.996 -0.0 0.036 0.086 0.7 0.0 -0.714 0.032 1.0 -0.0 0.014 0.01 
1.0 0.003 0.002 0.006 -0.931 -0.0 -0.364 0.013 -0.965 -0.0 0.181 -0.188 0.968 -0.0 -0.25 0.024 0.939 -0.0 0.226 -0.259 -0.689 -0.0 -0.725 -0.011 -0.996 -0.0 0.036 0.085 0.7 0.0 -0.713 0.034 1.0 0.0 0.014 0.01 
1.0 0.003 0.002 0.006 -0.931 -0.0 -0.365 0.023 -0.965 -0.0 0.183 -0.187 0.967 -0.0 -0.253 0.035 0.939 0.0 0.23 -0.257 -0.689 -0.0 -0.725 -0.011 -0.996 0.0 0.036 0.085 0.7 -0.0 -0.713 0.035 1.0 0.0 0.014 0.01 
1.0 0.002 0.002 0.006 -0.93 -0.0 -0.366 0.031 -0.965 -0.0 0.186 -0.183 0.966 0.0 -0.255 0.042 0.939 0.0 0.233 -0.252 -0.689 -0.0 -0.725 -0.009 -0.996 -0.0 0.035 0.085 0.7 0.0 -0.714 0.037 1.0 -0.0 0.014 0.01 
1.0 0.001 0.002 0.005 -0.929 -0.0 -0.367 0.04 -0.965 -0.0 0.189 -0.181 0.965 0.0 -0.257 0.047 0.941 -0.0 0.24 -0.241 -0.689 -0.0 -0.725 -0.008 -0.996 0.0 0.036 0.085 0.7 -0.0 -0.713 0.038 1.0 0.0 0.014 0.01 
1.0 0.001 0.001 0.005 -0.929 -0.0 -0.368 0.049 -0.965 -0.0 0.193 -0.18 0.965 0.0 -0.258 0.056 0.94 0.0 0.243 -0.238 -0.688 -0.0 -0.726 -0.007 -0.996 -0.0 0.037 0.085 0.7 0.0 -0.713 0.04 1.0 0.0 0.014 0.009 
1.0 0.0 0.002 0.005 -0.928 -0.0 -0.367 0.059 -0.964 0.0 0.196 -0.181 0.964 0.0 -0.258 0.067 0.939 -0.0 0.246 -0.239 -0.689 -0.0 -0.725 -0.006 -0.996 -0.0 0.037 0.084 0.7 0.0 -0.713 0.041 1.0 -0.0 0.013 0.009 
1.0 0.0 0.001 0.003 -0.928 -0.0 -0.367 0.066 -0.963 -0.0 0.2 -0.179 0.963 0.0 -0.259 0.075 0.94 -0.0 0.251 -0.231 -0.689 -0.0 -0.725 -0.007 -0.996 -0.0 0.036 0.085 0.7 0.0 -0.713 0.042 1.0 0.0 0.014 0.008 
1.0 -0.001 0.001 0.003 -0.927 0.0 -0.367 0.073 -0.963 -0.0 0.204 -0.177 0.962 -0.0 -0.259 0.081 0.94 0.0 0.255 -0.225 -0.689 -0.0 -0.725 -0.005 -0.996 -0.0 0.036 0.085 0.7 0.0 -0.713 0.044 1.0 -0.0 0.013 0.008 
1.0 -0.001 0.001 0.003 -0.927 -0.0 -0.366 0.08 -0.962 -0.0 0.208 -0.175 0.961 0.0 -0.26 0.091 0.94 -0.0 0.26 -0.22 -0.689 -0.0 -0.725 -0.005 -0.996 0.0 0.036 0.085 0.7 0.0 -0.713 0.044 1.0 -0.0 0.013 0.008 
1.0 -0.002 0.001 0.002 -0.927 -0.0 -0.364 0.09 -0.961 -0.0 0.212 -0.177 0.961 0.0 -0.258 0.097 0.941 0.0 0.263 -0.214 -0.689 -0.0 -0.725 -0.004 -0.996 0.0 0.038 0.085 0.699 0.0 -0.713 0.046 1.0 0.0 0.013 0.007 
1.0 -0.002 0.001 0.002 -0.927 -0.0 -0.362 0.097 -0.961 0.0 0.216 -0.176 0.961 0.0 -0.257 0.105 0.94 0.0 0.267 -0.213 -0.689 -0.0 -0.725 -0.003 -0.996 -0.0 0.037 0.085 0.699 0.0 -0.713 0.048 1.0 0.0 0.013 0.007 
1.0 -0.003 0.001 0.001 -0.927 -0.0 -0.36 0.103 -0.96 -0.0 0.221 -0.175 0.96 0.0 -0.255 0.112 0.94 -0.0 0.27 -0.209 -0.689 -0.0 -0.725 -0.002 -0.996 -0.0 0.037 0.085 0.699 0.0 -0.713 0.049 1.0 0.0 0.014 0.006 
1.0 -0.003 0.001 0.0 -0.927 -0.0 -0.358 0.108 -0.959 -0.0 0.226 -0.172 0.96 0.0 -0.252 0.121 0.94 0.0 0.271 -0.208 -0.689 -0.0 -0.725 -0.001 -0.996 -0.0 0.038 0.085 0.699 0.0 -0.713 0.051 1.0 0.0 0.013 0.006 
1.0 -0.004 0.001 -0.0 -0.928 -0.0 -0.355 0.113 -0.958 -0.0 0.231 -0.17 0.96 0.0 -0.249 0.128 0.939 0.0 0.274 -0.206 -0.689 -0.0 -0.725 -0.0 -0.996 -0.0 0.039 0.085 0.699 0.0 -0.713 0.052 1.0 0.0 0.013 0.006 
1.0 -0.005 0.001 -0.001 -0.929 -0.0 -0.352 0.118 -0.957 -0.0 0.236 -0.169 0.96 0.0 -0.248 0.131 0.94 0.0 0.281 -0.194 -0.688 -0.0 -0.725 0.001 -0.996 -0.0 0.04 0.084 0.699 0.0 -0.713 0.054 1.0 0.0 0.011 0.005 
1.0 -0.005 0.001 -0.002 -0.929 -0.0 -0.348 0.123 -0.956 -0.0 0.24 -0.169 0.96 -0.0 -0.243 0.139 0.94 0.0 0.282 -0.193 -0.689 -0.0 -0.725 0.002 -0.996 -0.0 0.038 0.084 0.699 -0.0 -0.713 0.055 1.0 -0.0 0.013 0.005 
1.0 -0.006 0.001 -0.002 -0.93 -0.0 -0.344 0.128 -0.955 -0.0 0.244 -0.168 0.96 0.0 -0.241 0.143 0.939 0.0 0.289 -0.189 -0.689 -0.0 -0.725 0.003 -0.996 -0.0 0.039 0.083 0.699 0.0 -0.713 0.057 1.0 0.0 0.014 0.004 
1.0 -0.006 0.001 -0.003 -0.931 -0.0 -0.339 0.131 -0.954 0.0 0.248 -0.168 0.96 0.0 -0.236 0.151 0.938 -0.0 0.291 -0.189 -0.689 -0.0 -0.725 0.004 -0.996 -0.0 0.038 0.083 0.699 -0.0 -0.713 0.058 1.0 0.0 0.013 0.005 
1.0 -0.007 0.001 -0.004 -0.933 -0.0 -0.334 0.134 -0.953 -0.0 0.251 -0.167 0.96 0.0 -0.232 0.156 0.937 0.0 0.295 -0.186 -0.689 -0.0 -0.725 0.005 -0.996 -0.0 0.038 0.083 0.699 0.0 -0.713 0.059 1.0 0.0 0.013 0.004 
1.0 -0.007 0.001 -0.004 -0.934 -0.0 -0.329 0.137 -0.952 -0.0 0.255 -0.168 0.96 0.0 -0.228 0.161 0.936 0.0 0.299 -0.184 -0.689 -0.0 -0.725 0.005 -0.996 -0.0 0.039 0.083 0.699 0.0 -0.712 0.06 1.0 -0.0 0.013 0.004 
1.0 -0.007 0.001 -0.005 -0.936 -0.0 -0.324 0.139 -0.951 -0.0 0.258 -0.168 0.961 0.0 -0.224 0.165 0.935 0.0 0.304 -0.181 -0.689 -0.0 -0.725 0.006 -0.996 -0.0 0.04 0.082 0.699 0.0 -0.713 0.06 1.0 0.0 0.014 0.005 
1.0 -0.008 0.001 -0.005 -0.937 -0.0 -0.318 0.141 -0.95 -0.0 0.262 -0.168 0.961 0.0 -0.218 0.169 0.934 0.0 0.308 -0.18 -0.689 -0.0 -0.725 0.007 -0.996 -0.0 0.039 0.082 0.699 0.0 -0.712 0.062 1.0 0.0 0.013 0.003 
1.0 -0.008 0.001 -0.006 -0.939 -0.0 -0.312 0.142 -0.95 -0.0 0.265 -0.168 0.962 0.0 -0.212 0.174 0.933 -0.0 0.311 -0.18 -0.688 -0.0 -0.725 0.007 -0.996 -0.0 0.04 0.082 0.699 -0.0 -0.712 0.063 1.0 -0.0 0.013 0.003 
1.0 -0.008 0.001 -0.007 -0.941 -0.0 -0.307 0.141 -0.948 -0.0 0.269 -0.167 0.962 0.0 -0.208 0.176 0.932 0.0 0.317 -0.178 -0.689 -0.0 -0.725 0.008 -0.996 0.0 0.039 0.082 0.699 0.0 -0.713 0.063 1.0 0.0 0.014 0.004 
1.0 -0.008 0.001 -0.007 -0.943 -0.0 -0.301 0.14 -0.947 0.0 0.274 -0.166 0.963 0.0 -0.202 0.18 0.931 0.0 0.32 -0.178 -0.689 0.0 -0.725 0.008 -0.996 -0.0 0.039 0.082 0.699 0.0 -0.712 0.063 1.0 0.0 0.014 0.004 
1.0 -0.009 0.001 -0.008 -0.945 0.0 -0.296 0.139 -0.946 -0.0 0.279 -0.167 0.964 0.0 -0.196 0.179 0.929 0.0 0.324 -0.178 -0.689 0.0 -0.725 0.009 -0.996 -0.0 0.039 0.082 0.699 -0.0 -0.712 0.065 1.0 0.0 0.012 0.004 
1.0 -0.01 0.001 -0.008 -0.947 -0.0 -0.29 0.135 -0.945 -0.0 0.283 -0.163 0.965 0.0 -0.19 0.18 0.928 0.0 0.328 -0.177 -0.689 -0.0 -0.725 0.01 -0.996 -0.0 0.039 0.082 0.699 0.0 -0.712 0.066 1.0 0.0 0.015 0.004 
1.0 -0.01 0.001 -0.009 -0.949 -0.0 -0.284 0.133 -0.944 -0.0 0.288 -0.163 0.966 -0.0 -0.184 0.18 0.927 0.0 0.332 -0.177 -0.689 -0.0 -0.725 0.01 -0.996 0.0 0.039 0.082 0.699 0.0 -0.712 0.066 1.0 -0.0 0.014 0.004 
1.0 -0.011 0.0 -0.009 -0.952 -0.0 -0.279 0.129 -0.942 0.0 0.292 -0.164 0.967 0.0 -0.179 0.18 0.925 0.0 0.336 -0.178 -0.689 -0.0 -0.725 0.011 -0.996 0.0 0.039 0.082 0.699 0.0 -0.712 0.067 1.0 0.0 0.014 0.005 
1.0 -0.011 0.0 -0.009 -0.954 -0.0 -0.274 0.126 -0.941 -0.0 0.296 -0.165 0.969 0.0 -0.173 0.177 0.924 -0.0 0.34 -0.175 -0.689 -0.0 -0.725 0.011 -0.996 -0.0 0.04 0.082 0.699 0.0 -0.712 0.067 1.0 -0.0 0.015 0.005 
1.0 -0.011 0.001 -0.009 -0.956 0.0 -0.268 0.121 -0.939 -0.0 0.301 -0.166 0.97 0.0 -0.168 0.176 0.922 0.0 0.345 -0.176 -0.689 -0.0 -0.725 0.011 -0.996 -0.0 0.04 0.082 0.699 0.0 -0.712 0.067 1.0 0.0 0.014 0.005 
1.0 -0.012 0.001 -0.009 -0.958 -0.0 -0.263 0.116 -0.937 -0.0 0.307 -0.167 0.971 0.0 -0.163 0.173 0.92 0.0 0.35 -0.175 -0.689 -0.0 -0.725 0.011 -0.996 -0.0 0.039 0.082 0.699 0.0 -0.712 0.068 1.0 0.0 0.015 0.005 
1.0 -0.012 0.001 -0.009 -0.96 0.0 -0.257 0.112 -0.935 -0.0 0.31 -0.171 0.973 -0.0 -0.157 0.168 0.919 0.0 0.353 -0.176 -0.689 -0.0 -0.725 0.012 -0.996 -0.0 0.039 0.082 0.699 0.0 -0.712 0.069 1.0 0.0 0.015 0.005 
1.0 -0.013 0.001 -0.009 -0.962 -0.0 -0.252 0.107 -0.933 -0.0 0.315 -0.173 0.975 -0.0 -0.152 0.165 0.918 0.0 0.356 -0.177 -0.689 -0.0 -0.725 0.013 -0.996 -0.0 0.039 0.082 0.699 -0.0 -0.712 0.069 1.0 -0.0 0.015 0.005 
1.0 -0.013 0.001 -0.009 -0.964 -0.0 -0.246 0.103 -0.931 -0.0 0.318 -0.179 0.976 0.0 -0.146 0.162 0.916 0.0 0.357 -0.184 -0.689 0.0 -0.725 0.013 -0.996 -0.0 0.039 0.083 0.699 0.0 -0.712 0.069 1.0 0.0 0.015 0.005 
1.0 -0.013 0.001 -0.009 -0.966 -0.0 -0.242 0.097 -0.929 -0.0 0.323 -0.181 0.977 -0.0 -0.142 0.157 0.914 0.0 0.362 -0.185 -0.689 0.0 -0.725 0.013 -0.996 -0.0 0.039 0.083 0.699 0.0 -0.712 0.069 1.0 0.0 0.015 0.006 
1.0 -0.013 0.001 -0.008 -0.967 -0.0 -0.237 0.091 -0.927 -0.0 0.327 -0.184 0.979 0.0 -0.136 0.154 0.912 0.0 0.364 -0.191 -0.689 -0.0 -0.725 0.013 -0.996 -0.0 0.04 0.083 0.699 0.0 -0.712 0.069 1.0 0.0 0.015 0.006 
1.0 -0.014 0.001 -0.008 -0.969 -0.0 -0.232 0.084 -0.925 -0.0 0.332 -0.188 0.98 -0.0 -0.132 0.146 0.91 0.0 0.367 -0.192 -0.689 -0.0 -0.725 0.014 -0.996 -0.0 0.039 0.083 0.699 0.0 -0.712 0.069 1.0 0.0 0.015 0.006 
1.0 -0.014 0.001 -0.007 -0.971 -0.0 -0.227 0.077 -0.923 -0.0 0.335 -0.191 0.982 0.0 -0.128 0.141 0.909 0.0 0.371 -0.192 -0.689 0.0 -0.725 0.014 -0.996 0.0 0.039 0.083 0.699 -0.0 -0.712 0.069 1.0 0.0 0.015 0.007 
1.0 -0.014 0.001 -0.007 -0.972 0.0 -0.222 0.07 -0.921 0.0 0.337 -0.194 0.983 0.0 -0.124 0.135 0.907 0.0 0.373 -0.195 -0.689 0.0 -0.725 0.014 -0.996 -0.0 0.039 0.083 0.699 0.0 -0.712 0.068 1.0 0.0 0.015 0.007 
1.0 -0.014 0.001 -0.006 -0.974 0.0 -0.217 0.063 -0.92 -0.0 0.34 -0.196 0.985 0.0 -0.12 0.127 0.907 0.0 0.374 -0.196 -0.688 -0.0 -0.726 0.014 -0.996 -0.0 0.041 0.083 0.699 0.0 -0.711 0.069 1.0 0.0 0.014 0.006 
1.0 -0.015 0.001 -0.005 -0.976 0.0 -0.212 0.056 -0.919 -0.0 0.34 -0.2 0.986 0.0 -0.116 0.116 0.908 0.0 0.374 -0.189 -0.688 0.0 -0.725 0.015 -0.996 -0.0 0.04 0.083 0.699 -0.0 -0.712 0.069 1.0 0.0 0.016 0.007 
1.0 -0.015 0.001 -0.005 -0.977 -0.0 -0.207 0.048 -0.918 -0.0 0.341 -0.202 0.988 0.0 -0.111 0.109 0.907 0.0 0.374 -0.194 -0.689 -0.0 -0.725 0.015 -0.996 0.0 0.039 0.084 0.699 0.0 -0.711 0.069 1.0 0.0 0.015 0.006 
1.0 -0.015 0.001 -0.004 -0.979 -0.0 -0.201 0.039 -0.918 0.0 0.34 -0.205 0.989 0.0 -0.107 0.105 0.906 0.0 0.372 -0.201 -0.688 -0.0 -0.725 0.014 -0.996 -0.0 0.039 0.084 0.699 0.0 -0.712 0.068 1.0 0.0 0.016 0.007 
1.0 -0.015 0.001 -0.004 -0.98 -0.0 -0.196 0.032 -0.918 0.0 0.338 -0.208 0.99 0.0 -0.104 0.092 0.907 -0.0 0.373 -0.196 -0.688 -0.0 -0.725 0.015 -0.996 -0.0 0.04 0.084 0.699 0.0 -0.711 0.069 1.0 0.0 0.014 0.006 
1.0 -0.015 0.001 -0.003 -0.981 -0.0 -0.19 0.029 -0.916 -0.0 0.334 -0.221 0.991 0.0 -0.099 0.084 0.907 -0.0 0.371 -0.198 -0.688 -0.0 -0.725 0.015 -0.996 -0.0 0.039 0.084 0.699 0.0 -0.712 0.067 1.0 0.0 0.015 0.008 
1.0 -0.015 0.001 -0.003 -0.982 -0.0 -0.186 0.018 -0.918 -0.0 0.332 -0.218 0.992 0.0 -0.096 0.077 0.907 0.0 0.37 -0.201 -0.688 -0.0 -0.725 0.014 -0.996 -0.0 0.039 0.085 0.699 0.0 -0.712 0.067 1.0 0.0 0.016 0.008 
1.0 -0.015 0.002 -0.002 -0.984 -0.0 -0.18 0.012 -0.918 -0.0 0.328 -0.225 0.993 0.0 -0.092 0.068 0.908 -0.0 0.367 -0.203 -0.688 0.0 -0.725 0.014 -0.996 -0.0 0.039 0.085 0.699 0.0 -0.712 0.066 1.0 -0.0 0.016 0.008 
1.0 -0.015 0.002 -0.002 -0.984 0.0 -0.175 0.001 -0.919 -0.0 0.326 -0.222 0.994 -0.0 -0.089 0.061 0.908 0.0 0.365 -0.206 -0.688 -0.0 -0.725 0.013 -0.996 0.0 0.039 0.085 0.699 -0.0 -0.712 0.065 1.0 0.0 0.016 0.008 
1.0 -0.015 0.002 -0.002 -0.985 -0.0 -0.17 -0.005 -0.919 -0.0 0.321 -0.229 0.995 0.0 -0.085 0.051 0.909 0.0 0.362 -0.206 -0.688 -0.0 -0.725 0.013 -0.996 -0.0 0.039 0.086 0.699 0.0 -0.712 0.064 1.0 0.0 0.016 0.009 
1.0 -0.015 0.002 -0.001 -0.986 0.0 -0.166 -0.016 -0.921 -0.0 0.319 -0.224 0.996 0.0 -0.082 0.045 0.909 0.0 0.359 -0.213 -0.688 -0.0 -0.725 0.013 -0.996 0.0 0.04 0.085 0.699 -0.0 -0.712 0.064 1.0 -0.0 0.016 0.009 
1.0 -0.015 0.002 -0.001 -0.987 -0.0 -0.161 -0.022 -0.921 0.0 0.313 -0.231 0.996 0.0 -0.079 0.038 0.909 -0.0 0.355 -0.217 -0.688 -0.0 -0.725 0.012 -0.996 -0.0 0.039 0.086 0.699 0.0 -0.712 0.063 1.0 0.0 0.016 0.01 
1.0 -0.014 0.002 -0.001 -0.987 -0.0 -0.158 -0.031 -0.922 -0.0 0.309 -0.232 0.997 0.0 -0.077 0.029 0.91 0.0 0.351 -0.219 -0.688 -0.0 -0.725 0.01 -0.996 -0.0 0.038 0.087 0.699 0.0 -0.713 0.061 1.0 -0.0 0.016 0.01 
1.0 -0.014 0.002 -0.001 -0.987 -0.0 -0.155 -0.042 -0.924 -0.0 0.306 -0.229 0.997 0.0 -0.075 0.023 0.91 0.0 0.347 -0.225 -0.689 -0.0 -0.725 0.009 -0.995 -0.0 0.038 0.087 0.699 0.0 -0.713 0.06 1.0 0.0 0.016 0.01 
1.0 -0.014 0.002 -0.001 -0.987 0.0 -0.151 -0.047 -0.924 -0.0 0.299 -0.238 0.997 0.0 -0.073 0.014 0.912 -0.0 0.344 -0.225 -0.689 -0.0 -0.725 0.009 -0.995 -0.0 0.039 0.087 0.699 0.0 -0.713 0.059 1.0 0.0 0.016 0.01 
1.0 -0.013 0.002 -0.001 -0.987 -0.0 -0.148 -0.056 -0.926 -0.0 0.295 -0.238 0.997 0.0 -0.071 0.007 0.912 0.0 0.339 -0.23 -0.688 -0.0 -0.725 0.008 -0.995 -0.0 0.038 0.087 0.699 0.0 -0.713 0.059 1.0 0.0 0.017 0.011 
1.0 -0.013 0.002 -0.0 -0.987 0.0 -0.145 -0.063 -0.927 -0.0 0.291 -0.239 0.998 0.0 -0.07 -0.001 0.913 0.0 0.335 -0.234 -0.689 -0.0 -0.725 0.007 -0.995 -0.0 0.038 0.087 0.699 0.0 -0.713 0.057 1.0 0.0 0.016 0.011 
1.0 -0.013 0.002 -0.0 -0.987 -0.0 -0.143 -0.071 -0.928 -0.0 0.286 -0.24 0.998 0.0 -0.067 -0.003 0.913 0.0 0.326 -0.245 -0.689 -0.0 -0.725 0.006 -0.995 -0.0 0.038 0.088 0.699 0.0 -0.713 0.057 1.0 0.0 0.015 0.01 
1.0 -0.012 0.002 0.0 -0.987 -0.0 -0.143 -0.08 -0.928 0.0 0.283 -0.24 0.998 0.0 -0.066 -0.011 0.914 0.0 0.322 -0.248 -0.689 -0.0 -0.725 0.005 -0.995 -0.0 0.037 0.088 0.699 0.0 -0.713 0.055 1.0 0.0 0.017 0.011 
1.0 -0.012 0.002 0.0 -0.986 -0.0 -0.143 -0.09 -0.93 -0.0 0.281 -0.237 0.998 0.0 -0.066 -0.018 0.914 0.0 0.317 -0.252 -0.689 -0.0 -0.725 0.004 -0.995 -0.0 0.037 0.088 0.699 0.0 -0.713 0.054 1.0 0.0 0.016 0.011 
1.0 -0.011 0.002 0.0 -0.985 -0.0 -0.142 -0.096 -0.93 -0.0 0.277 -0.242 0.998 0.0 -0.066 -0.024 0.915 0.0 0.312 -0.255 -0.689 -0.0 -0.725 0.003 -0.995 0.0 0.038 0.088 0.699 -0.0 -0.713 0.053 1.0 -0.0 0.016 0.012 
1.0 -0.011 0.002 0.0 -0.984 -0.0 -0.143 -0.102 -0.93 0.0 0.274 -0.243 0.997 0.0 -0.067 -0.031 0.916 0.0 0.308 -0.259 -0.689 -0.0 -0.725 0.002 -0.995 -0.0 0.037 0.088 0.699 0.0 -0.713 0.053 1.0 0.0 0.015 0.01 
1.0 -0.01 0.002 0.001 -0.984 -0.0 -0.144 -0.109 -0.931 -0.0 0.27 -0.244 0.997 0.0 -0.069 -0.041 0.917 -0.0 0.306 -0.255 -0.689 0.0 -0.725 0.0 -0.995 -0.0 0.037 0.088 0.699 -0.0 -0.713 0.051 1.0 -0.0 0.015 0.011 
1.0 -0.01 0.002 0.0 -0.982 -0.0 -0.145 -0.118 -0.933 -0.0 0.267 -0.243 0.996 0.0 -0.07 -0.047 0.918 0.0 0.302 -0.257 -0.689 -0.0 -0.725 -0.0 -0.995 0.0 0.037 0.089 0.698 0.0 -0.714 0.05 1.0 -0.0 0.019 0.012 
1.0 -0.009 0.002 0.0 -0.981 0.0 -0.147 -0.125 -0.933 -0.0 0.263 -0.244 0.996 0.0 -0.072 -0.053 0.919 0.0 0.297 -0.261 -0.688 -0.0 -0.725 -0.002 -0.995 -0.0 0.037 0.089 0.699 0.0 -0.713 0.05 1.0 0.0 0.015 0.01 
1.0 -0.009 0.002 -0.0 -0.98 -0.0 -0.149 -0.132 -0.934 -0.0 0.259 -0.244 0.996 0.0 -0.074 -0.058 0.919 -0.0 0.292 -0.264 -0.688 -0.0 -0.725 -0.003 -0.995 -0.0 0.037 0.089 0.699 0.0 -0.714 0.048 1.0 0.0 0.016 0.012 
1.0 -0.009 0.002 -0.0 -0.979 -0.0 -0.152 -0.138 -0.935 -0.0 0.256 -0.244 0.995 0.0 -0.075 -0.064 0.92 0.0 0.283 -0.27 -0.689 0.0 -0.725 -0.003 -0.995 0.0 0.037 0.089 0.699 -0.0 -0.714 0.047 1.0 0.0 0.016 0.012 
1.0 -0.008 0.002 -0.0 -0.977 0.0 -0.155 -0.144 -0.936 0.0 0.252 -0.245 0.995 0.0 -0.079 -0.066 0.919 0.0 0.28 -0.277 -0.689 -0.0 -0.725 -0.004 -0.995 -0.0 0.036 0.089 0.699 -0.0 -0.714 0.046 1.0 0.0 0.016 0.012 
1.0 -0.008 0.002 0.0 -0.976 -0.0 -0.158 -0.149 -0.937 -0.0 0.249 -0.246 0.994 0.0 -0.082 -0.075 0.921 -0.0 0.275 -0.275 -0.689 -0.0 -0.725 -0.005 -0.995 -0.0 0.036 0.089 0.699 0.0 -0.713 0.046 1.0 0.0 0.015 0.011 
1.0 -0.007 0.002 -0.001 -0.975 0.0 -0.162 -0.155 -0.938 -0.0 0.245 -0.247 0.993 -0.0 -0.085 -0.078 0.921 -0.0 0.272 -0.279 -0.689 -0.0 -0.725 -0.008 -0.995 0.0 0.036 0.09 0.699 -0.0 -0.714 0.044 1.0 0.0 0.016 0.013 
1.0 -0.006 0.002 -0.001 -0.973 -0.0 -0.166 -0.159 -0.939 -0.0 0.241 -0.247 0.993 0.0 -0.091 -0.078 0.919 0.0 0.269 -0.288 -0.688 -0.0 -0.725 -0.009 -0.995 -0.0 0.036 0.089 0.699 0.0 -0.714 0.042 1.0 -0.0 0.016 0.013 
1.0 -0.006 0.002 -0.001 -0.972 -0.0 -0.169 -0.162 -0.94 -0.0 0.236 -0.248 0.992 0.0 -0.094 -0.086 0.922 0.0 0.263 -0.284 -0.688 -0.0 -0.725 -0.009 -0.995 -0.0 0.036 0.089 0.699 0.0 -0.714 0.041 1.0 0.0 0.016 0.013 
1.0 -0.005 0.002 -0.001 -0.971 -0.0 -0.173 -0.165 -0.941 -0.0 0.231 -0.249 0.991 0.0 -0.099 -0.091 0.923 0.0 0.259 -0.286 -0.688 0.0 -0.725 -0.01 -0.995 -0.0 0.036 0.089 0.699 0.0 -0.714 0.04 1.0 0.0 0.016 0.013 
1.0 -0.005 0.002 -0.001 -0.97 -0.0 -0.177 -0.168 -0.941 0.0 0.226 -0.25 0.99 0.0 -0.104 -0.094 0.923 0.0 0.254 -0.288 -0.688 -0.0 -0.725 -0.011 -0.995 -0.0 0.036 0.089 0.699 0.0 -0.714 0.039 1.0 0.0 0.016 0.013 
1.0 -0.004 0.002 -0.001 -0.968 -0.0 -0.182 -0.171 -0.943 -0.0 0.222 -0.25 0.989 0.0 -0.109 -0.095 0.923 0.0 0.25 -0.293 -0.689 -0.0 -0.725 -0.013 -0.995 -0.0 0.035 0.089 0.699 -0.0 -0.714 0.037 1.0 0.0 0.016 0.013 
1.0 -0.003 0.002 -0.0 -0.967 -0.0 -0.187 -0.172 -0.943 0.0 0.218 -0.251 0.989 0.0 -0.115 -0.098 0.924 0.0 0.245 -0.295 -0.688 -0.0 -0.725 -0.014 -0.995 -0.0 0.036 0.089 0.699 -0.0 -0.714 0.036 1.0 -0.0 0.016 0.013 
1.0 -0.003 0.002 -0.0 -0.966 -0.0 -0.193 -0.174 -0.944 0.0 0.215 -0.251 0.988 0.0 -0.12 -0.101 0.924 0.0 0.241 -0.296 -0.688 -0.0 -0.725 -0.015 -0.995 -0.0 0.036 0.09 0.699 -0.0 -0.714 0.035 1.0 0.0 0.016 0.013 
1.0 -0.002 0.002 -0.0 -0.964 -0.0 -0.199 -0.175 -0.945 -0.0 0.211 -0.251 0.987 -0.0 -0.126 -0.103 0.925 0.0 0.236 -0.299 -0.689 -0.0 -0.725 -0.016 -0.995 -0.0 0.034 0.09 0.699 0.0 -0.714 0.034 1.0 0.0 0.016 0.013 
1.0 -0.002 0.002 0.0 -0.963 -0.0 -0.205 -0.175 -0.945 -0.0 0.208 -0.251 0.986 0.0 -0.133 -0.101 0.923 0.0 0.233 -0.306 -0.688 -0.0 -0.725 -0.017 -0.995 0.0 0.036 0.089 0.699 0.0 -0.714 0.033 1.0 0.0 0.016 0.014 
1.0 -0.001 0.002 0.001 -0.962 -0.0 -0.211 -0.175 -0.946 0.0 0.204 -0.251 0.985 0.0 -0.138 -0.103 0.925 0.0 0.227 -0.306 -0.689 -0.0 -0.725 -0.018 -0.995 -0.0 0.034 0.09 0.699 0.0 -0.714 0.031 1.0 0.0 0.016 0.014 
1.0 -0.0 0.002 0.001 -0.96 0.0 -0.218 -0.174 -0.947 -0.0 0.201 -0.251 0.984 0.0 -0.146 -0.102 0.923 0.0 0.227 -0.31 -0.688 -0.0 -0.726 -0.019 -0.995 -0.0 0.036 0.09 0.7 0.0 -0.714 0.031 1.0 0.0 0.015 0.012 
1.0 0.001 0.002 0.001 -0.96 0.0 -0.222 -0.17 -0.948 -0.0 0.195 -0.253 0.983 0.0 -0.152 -0.099 0.923 0.0 0.224 -0.314 -0.689 -0.0 -0.725 -0.022 -0.995 -0.0 0.035 0.09 0.699 0.0 -0.714 0.028 1.0 0.0 0.015 0.013 
1.0 0.002 0.002 0.001 -0.959 -0.0 -0.229 -0.169 -0.949 -0.0 0.191 -0.252 0.982 0.0 -0.158 -0.1 0.924 0.0 0.221 -0.312 -0.688 -0.0 -0.725 -0.022 -0.995 0.0 0.035 0.09 0.699 0.0 -0.714 0.028 1.0 0.0 0.015 0.013 
1.0 0.002 0.002 0.002 -0.958 -0.0 -0.235 -0.167 -0.949 -0.0 0.188 -0.252 0.981 0.0 -0.164 -0.099 0.925 0.0 0.215 -0.312 -0.688 -0.0 -0.725 -0.023 -0.995 -0.0 0.034 0.09 0.699 0.0 -0.714 0.027 1.0 -0.0 0.015 0.013 
1.0 0.002 0.002 0.002 -0.956 -0.0 -0.241 -0.164 -0.95 -0.0 0.184 -0.252 0.98 0.0 -0.171 -0.101 0.927 0.0 0.213 -0.309 -0.688 0.0 -0.725 -0.022 -0.995 -0.0 0.036 0.09 0.699 0.0 -0.714 0.027 1.0 0.0 0.015 0.013 
1.0 0.003 0.002 0.003 -0.955 0.0 -0.248 -0.161 -0.951 -0.0 0.181 -0.251 0.979 0.0 -0.177 -0.099 0.928 0.0 0.206 -0.31 -0.689 -0.0 -0.725 -0.023 -0.995 -0.0 0.034 0.09 0.699 0.0 -0.714 0.026 1.0 0.0 0.015 0.013 
1.0 0.004 0.002 0.003 -0.954 -0.0 -0.254 -0.158 -0.951 0.0 0.179 -0.25 0.978 0.0 -0.184 -0.094 0.928 0.0 0.205 -0.313 -0.688 -0.0 -0.725 -0.025 -0.995 -0.0 0.035 0.089 0.699 0.0 -0.714 0.024 1.0 0.0 0.014 0.013 
1.0 0.004 0.003 0.003 -0.953 -0.0 -0.26 -0.154 -0.952 -0.0 0.177 -0.249 0.977 -0.0 -0.192 -0.091 0.928 -0.0 0.205 -0.312 -0.688 -0.0 -0.725 -0.025 -0.995 -0.0 0.035 0.089 0.699 0.0 -0.714 0.023 1.0 0.0 0.015 0.013 
1.0 0.005 0.003 0.003 -0.952 -0.0 -0.266 -0.15 -0.953 -0.0 0.176 -0.247 0.976 0.0 -0.197 -0.088 0.929 -0.0 0.201 -0.312 -0.688 -0.0 -0.725 -0.026 -0.995 -0.0 0.035 0.089 0.699 0.0 -0.715 0.022 1.0 0.0 0.015 0.013 
1.0 0.005 0.003 0.004 -0.951 -0.0 -0.273 -0.145 -0.953 -0.0 0.174 -0.247 0.975 0.0 -0.204 -0.085 0.93 0.0 0.199 -0.31 -0.689 -0.0 -0.724 -0.026 -0.995 -0.0 0.033 0.089 0.699 0.0 -0.714 0.022 1.0 0.0 0.015 0.012 
1.0 0.005 0.002 0.004 -0.95 -0.0 -0.279 -0.14 -0.954 -0.0 0.172 -0.245 0.974 0.0 -0.212 -0.08 0.929 0.0 0.2 -0.31 -0.688 -0.0 -0.725 -0.027 -0.995 -0.0 0.035 0.089 0.699 0.0 -0.715 0.02 1.0 0.0 0.016 0.014 
1.0 0.006 0.003 0.004 -0.949 -0.0 -0.285 -0.134 -0.955 -0.0 0.171 -0.244 0.973 0.0 -0.219 -0.076 0.93 0.0 0.199 -0.309 -0.689 -0.0 -0.725 -0.027 -0.995 -0.0 0.034 0.089 0.699 0.0 -0.715 0.019 1.0 0.0 0.016 0.014 
1.0 0.006 0.002 0.004 -0.948 -0.0 -0.29 -0.128 -0.955 -0.0 0.169 -0.244 0.972 0.0 -0.225 -0.072 0.931 0.0 0.199 -0.306 -0.689 0.0 -0.725 -0.028 -0.995 -0.0 0.033 0.089 0.699 0.0 -0.714 0.02 1.0 0.0 0.015 0.012 
1.0 0.006 0.002 0.004 -0.947 -0.0 -0.296 -0.121 -0.956 -0.0 0.168 -0.242 0.971 0.0 -0.231 -0.067 0.931 0.0 0.2 -0.304 -0.689 -0.0 -0.725 -0.028 -0.996 0.0 0.034 0.088 0.699 0.0 -0.714 0.02 1.0 0.0 0.015 0.012 
1.0 0.007 0.002 0.004 -0.947 -0.0 -0.301 -0.113 -0.956 -0.0 0.166 -0.242 0.97 0.0 -0.237 -0.061 0.932 0.0 0.199 -0.303 -0.688 -0.0 -0.725 -0.028 -0.995 -0.0 0.034 0.088 0.699 0.0 -0.714 0.019 1.0 0.0 0.015 0.012 
1.0 0.006 0.002 0.003 -0.946 -0.0 -0.306 -0.108 -0.957 -0.0 0.165 -0.24 0.969 0.0 -0.242 -0.054 0.932 0.0 0.2 -0.302 -0.689 -0.0 -0.725 -0.028 -0.996 -0.0 0.033 0.089 0.699 0.0 -0.715 0.022 1.0 0.0 0.015 0.01 
1.0 0.007 0.002 0.003 -0.945 -0.0 -0.311 -0.1 -0.957 -0.0 0.164 -0.239 0.968 0.0 -0.247 -0.047 0.933 0.0 0.201 -0.299 -0.688 -0.0 -0.725 -0.027 -0.996 -0.0 0.035 0.088 0.699 0.0 -0.715 0.022 1.0 0.0 0.015 0.01 
1.0 0.007 0.002 0.003 -0.944 -0.0 -0.315 -0.093 -0.958 -0.0 0.165 -0.236 0.967 0.0 -0.253 -0.041 0.933 0.0 0.202 -0.297 -0.688 -0.0 -0.725 -0.028 -0.995 0.0 0.035 0.088 0.699 0.0 -0.715 0.02 1.0 0.0 0.015 0.012 
1.0 0.006 0.002 0.003 -0.944 0.0 -0.32 -0.085 -0.958 -0.0 0.165 -0.233 0.966 0.0 -0.257 -0.035 0.934 0.0 0.203 -0.293 -0.689 0.0 -0.725 -0.027 -0.996 -0.0 0.033 0.088 0.698 0.0 -0.716 0.02 1.0 0.0 0.018 0.012 
1.0 0.006 0.003 0.003 -0.943 -0.0 -0.325 -0.077 -0.959 -0.0 0.166 -0.231 0.965 0.0 -0.262 -0.028 0.934 0.0 0.206 -0.291 -0.688 -0.0 -0.725 -0.027 -0.996 -0.0 0.035 0.088 0.699 0.0 -0.715 0.022 1.0 0.0 0.014 0.01 
1.0 0.006 0.002 0.003 -0.942 -0.0 -0.328 -0.069 -0.96 -0.0 0.165 -0.228 0.964 0.0 -0.266 -0.019 0.934 0.0 0.207 -0.29 -0.689 -0.0 -0.725 -0.027 -0.996 0.0 0.034 0.088 0.699 0.0 -0.715 0.022 1.0 -0.0 0.014 0.01 
1.0 0.007 0.002 0.006 -0.942 -0.0 -0.331 -0.059 -0.96 -0.0 0.166 -0.224 0.963 0.0 -0.27 -0.014 0.935 -0.0 0.21 -0.287 -0.688 0.0 -0.725 -0.027 -0.996 -0.0 0.036 0.087 0.699 0.0 -0.715 0.019 1.0 0.0 0.015 0.013 
1.0 0.007 0.002 0.005 -0.941 -0.0 -0.334 -0.053 -0.962 0.0 0.167 -0.217 0.962 0.0 -0.274 -0.004 0.935 0.0 0.212 -0.285 -0.688 -0.0 -0.725 -0.027 -0.996 -0.0 0.036 0.087 0.699 -0.0 -0.715 0.018 1.0 0.0 0.015 0.012 
1.0 0.008 0.002 0.006 -0.941 0.0 -0.337 -0.043 -0.962 0.0 0.167 -0.217 0.961 0.0 -0.278 -0.0 0.937 -0.0 0.217 -0.275 -0.689 -0.0 -0.724 -0.027 -0.996 0.0 0.033 0.087 0.7 -0.0 -0.714 0.019 1.0 0.0 0.012 0.011 
1.0 0.007 0.003 0.006 -0.94 -0.0 -0.339 -0.035 -0.963 -0.0 0.167 -0.212 0.96 0.0 -0.281 0.006 0.938 0.0 0.219 -0.27 -0.689 -0.0 -0.725 -0.025 -0.996 0.0 0.034 0.087 0.699 0.0 -0.715 0.02 1.0 0.0 0.015 0.012 
1.0 0.006 0.002 0.006 -0.94 -0.0 -0.342 -0.027 -0.963 -0.0 0.168 -0.209 0.959 0.0 -0.283 0.015 0.938 0.0 0.223 -0.267 -0.688 -0.0 -0.725 -0.024 -0.996 -0.0 0.036 0.086 0.7 0.0 -0.714 0.022 1.0 0.0 0.014 0.01 
1.0 0.006 0.002 0.006 -0.939 -0.0 -0.343 -0.018 -0.964 -0.0 0.169 -0.207 0.958 0.0 -0.286 0.023 0.938 -0.0 0.226 -0.263 -0.688 -0.0 -0.725 -0.024 -0.996 -0.0 0.035 0.086 0.7 0.0 -0.714 0.022 1.0 0.0 0.014 0.01 
1.0 0.006 0.002 0.006 -0.939 -0.0 -0.345 -0.008 -0.964 -0.0 0.171 -0.205 0.957 0.0 -0.287 0.032 0.938 0.0 0.229 -0.26 -0.688 -0.0 -0.725 -0.023 -0.996 0.0 0.035 0.086 0.699 -0.0 -0.715 0.022 1.0 0.0 0.015 0.011 
1.0 0.006 0.002 0.006 -0.938 -0.0 -0.346 0.002 -0.963 0.0 0.173 -0.204 0.957 0.0 -0.289 0.04 0.938 0.0 0.233 -0.255 -0.688 -0.0 -0.725 -0.022 -0.996 0.0 0.036 0.084 0.699 0.0 -0.714 0.024 1.0 0.0 0.014 0.01 
1.0 0.006 0.002 0.005 -0.938 -0.0 -0.347 0.009 -0.964 0.0 0.175 -0.201 0.956 0.0 -0.29 0.053 0.937 -0.0 0.235 -0.259 -0.689 -0.0 -0.725 -0.024 -0.996 -0.0 0.034 0.087 0.699 -0.0 -0.715 0.023 1.0 -0.0 0.015 0.011 
1.0 0.006 0.002 0.005 -0.937 -0.0 -0.348 0.018 -0.963 -0.0 0.179 -0.202 0.955 0.0 -0.291 0.06 0.938 0.0 0.242 -0.249 -0.688 -0.0 -0.725 -0.023 -0.996 -0.0 0.035 0.086 0.699 0.0 -0.714 0.024 1.0 0.0 0.014 0.01 
1.0 0.005 0.002 0.005 -0.937 -0.0 -0.348 0.028 -0.963 -0.0 0.181 -0.2 0.954 0.0 -0.291 0.066 0.938 -0.0 0.245 -0.244 -0.689 -0.0 -0.725 -0.022 -0.996 -0.0 0.035 0.086 0.698 0.0 -0.716 0.024 1.0 0.0 0.017 0.012 
1.0 0.005 0.002 0.006 -0.937 0.0 -0.348 0.038 -0.962 -0.0 0.184 -0.201 0.953 -0.0 -0.292 0.076 0.938 -0.0 0.25 -0.241 -0.689 0.0 -0.725 -0.02 -0.996 -0.0 0.034 0.085 0.699 -0.0 -0.714 0.026 1.0 -0.0 0.014 0.009 
1.0 0.005 0.002 0.006 -0.936 -0.0 -0.347 0.048 -0.961 0.0 0.188 -0.201 0.953 0.0 -0.292 0.084 0.937 -0.0 0.255 -0.237 -0.688 0.0 -0.725 -0.019 -0.996 -0.0 0.036 0.085 0.699 0.0 -0.714 0.025 1.0 0.0 0.014 0.011 
1.0 0.004 0.002 0.005 -0.936 -0.0 -0.346 0.059 -0.96 -0.0 0.191 -0.203 0.952 0.0 -0.291 0.09 0.938 -0.0 0.259 -0.231 -0.689 -0.0 -0.725 -0.019 -0.996 -0.0 0.035 0.085 0.699 0.0 -0.715 0.026 1.0 0.0 0.015 0.01 
1.0 0.005 0.002 0.005 -0.936 0.0 -0.346 0.067 -0.96 -0.0 0.195 -0.202 0.952 0.0 -0.291 0.099 0.937 0.0 0.265 -0.227 -0.689 0.0 -0.725 -0.019 -0.996 -0.0 0.035 0.085 0.699 0.0 -0.714 0.027 1.0 0.0 0.014 0.009 
1.0 0.004 0.002 0.005 -0.936 0.0 -0.344 0.075 -0.959 0.0 0.199 -0.202 0.951 0.0 -0.289 0.108 0.937 0.0 0.268 -0.224 -0.689 -0.0 -0.725 -0.018 -0.996 -0.0 0.035 0.084 0.699 0.0 -0.714 0.028 1.0 -0.0 0.014 0.009 
1.0 0.003 0.002 0.005 -0.936 -0.0 -0.343 0.083 -0.958 -0.0 0.203 -0.202 0.951 0.0 -0.287 0.113 0.937 0.0 0.273 -0.218 -0.689 -0.0 -0.725 -0.016 -0.996 0.0 0.035 0.084 0.699 0.0 -0.714 0.03 1.0 0.0 0.014 0.009 
1.0 0.003 0.002 0.004 -0.936 -0.0 -0.342 0.089 -0.957 0.0 0.209 -0.2 0.951 0.0 -0.284 0.124 0.936 0.0 0.276 -0.219 -0.688 0.0 -0.725 -0.016 -0.996 0.0 0.037 0.084 0.699 0.0 -0.714 0.03 1.0 -0.0 0.014 0.01 
1.0 0.002 0.002 0.004 -0.936 -0.0 -0.34 0.097 -0.956 -0.0 0.213 -0.201 0.951 0.0 -0.281 0.131 0.935 0.0 0.279 -0.219 -0.689 -0.0 -0.725 -0.014 -0.996 -0.0 0.037 0.084 0.699 0.0 -0.714 0.033 1.0 -0.0 0.013 0.008 
1.0 0.002 0.002 0.004 -0.935 -0.0 -0.337 0.105 -0.955 -0.0 0.218 -0.203 0.951 -0.0 -0.278 0.139 0.934 0.0 0.284 -0.215 -0.688 -0.0 -0.725 -0.014 -0.996 -0.0 0.037 0.084 0.699 -0.0 -0.714 0.033 1.0 0.0 0.013 0.008 
1.0 0.002 0.002 0.003 -0.936 -0.0 -0.335 0.112 -0.954 -0.0 0.223 -0.201 0.951 0.0 -0.276 0.141 0.935 0.0 0.292 -0.201 -0.689 -0.0 -0.725 -0.013 -0.996 -0.0 0.036 0.084 0.699 0.0 -0.714 0.034 1.0 -0.0 0.013 0.008 
1.0 0.001 0.002 0.003 -0.936 0.0 -0.332 0.118 -0.953 -0.0 0.228 -0.201 0.951 0.0 -0.273 0.148 0.934 0.0 0.297 -0.2 -0.688 -0.0 -0.725 -0.012 -0.996 0.0 0.037 0.083 0.699 0.0 -0.714 0.035 1.0 -0.0 0.014 0.009 
1.0 0.001 0.002 0.003 -0.937 -0.0 -0.329 0.122 -0.952 -0.0 0.234 -0.199 0.95 -0.0 -0.269 0.156 0.932 -0.0 0.301 -0.2 -0.689 -0.0 -0.725 -0.012 -0.996 -0.0 0.036 0.083 0.699 0.0 -0.714 0.035 1.0 -0.0 0.014 0.009 
1.0 0.0 0.002 0.003 -0.937 -0.0 -0.325 0.127 -0.951 -0.0 0.237 -0.197 0.951 -0.0 -0.264 0.162 0.932 0.0 0.305 -0.197 -0.689 -0.0 -0.725 -0.01 -0.996 -0.0 0.036 0.083 0.699 0.0 -0.714 0.037 1.0 0.0 0.014 0.008 
1.0 -0.0 0.002 0.003 -0.938 -0.0 -0.321 0.131 -0.95 0.0 0.241 -0.197 0.951 0.0 -0.261 0.166 0.931 0.0 0.311 -0.192 -0.689 -0.0 -0.725 -0.009 -0.996 0.0 0.036 0.083 0.699 0.0 -0.714 0.038 1.0 0.0 0.014 0.008 
1.0 -0.001 0.002 0.002 -0.939 -0.0 -0.316 0.135 -0.95 -0.0 0.245 -0.195 0.952 0.0 -0.256 0.17 0.93 0.0 0.315 -0.188 -0.689 -0.0 -0.725 -0.009 -0.996 -0.0 0.036 0.083 0.699 0.0 -0.714 0.039 1.0 -0.0 0.014 0.009 
1.0 -0.001 0.002 0.002 -0.94 -0.0 -0.311 0.138 -0.949 -0.0 0.248 -0.194 0.952 0.0 -0.251 0.175 0.929 0.0 0.32 -0.186 -0.689 -0.0 -0.725 -0.008 -0.996 -0.0 0.037 0.083 0.7 -0.0 -0.713 0.04 1.0 -0.0 0.014 0.007 
1.0 -0.002 0.002 0.002 -0.942 -0.0 -0.305 0.141 -0.948 -0.0 0.252 -0.193 0.953 0.0 -0.246 0.178 0.928 0.0 0.325 -0.182 -0.689 -0.0 -0.725 -0.007 -0.996 0.0 0.037 0.082 0.7 0.0 -0.713 0.042 1.0 -0.0 0.013 0.007 
1.0 -0.002 0.002 0.001 -0.943 -0.0 -0.3 0.143 -0.948 -0.0 0.255 -0.191 0.953 0.0 -0.241 0.182 0.927 0.0 0.329 -0.179 -0.689 -0.0 -0.725 -0.006 -0.996 -0.0 0.037 0.082 0.7 0.0 -0.713 0.043 1.0 0.0 0.013 0.007 
1.0 -0.003 0.002 0.001 -0.945 -0.0 -0.295 0.144 -0.947 -0.0 0.258 -0.189 0.954 0.0 -0.235 0.184 0.926 0.0 0.334 -0.175 -0.688 -0.0 -0.725 -0.005 -0.996 0.0 0.037 0.082 0.7 0.0 -0.713 0.044 1.0 0.0 0.014 0.007 
1.0 -0.003 0.002 0.0 -0.947 0.0 -0.288 0.144 -0.947 -0.0 0.261 -0.188 0.955 0.0 -0.229 0.187 0.925 0.0 0.338 -0.174 -0.689 -0.0 -0.725 -0.004 -0.996 -0.0 0.037 0.082 0.7 0.0 -0.713 0.045 1.0 -0.0 0.011 0.006 
1.0 -0.004 0.002 0.0 -0.948 -0.0 -0.282 0.145 -0.946 -0.0 0.263 -0.187 0.957 0.0 -0.223 0.187 0.924 -0.0 0.342 -0.171 -0.689 -0.0 -0.725 -0.003 -0.996 0.0 0.037 0.082 0.7 0.0 -0.713 0.046 1.0 0.0 0.014 0.006 
1.0 -0.004 0.002 0.0 -0.95 -0.0 -0.276 0.143 -0.946 -0.0 0.267 -0.182 0.958 0.0 -0.216 0.189 0.923 0.0 0.345 -0.169 -0.688 -0.0 -0.725 -0.002 -0.996 -0.0 0.037 0.081 0.7 0.0 -0.713 0.047 1.0 0.0 0.014 0.006 
1.0 -0.005 0.002 0.0 -0.953 -0.0 -0.269 0.142 -0.946 -0.0 0.268 -0.182 0.959 0.0 -0.21 0.188 0.922 0.0 0.349 -0.167 -0.688 -0.0 -0.725 -0.001 -0.996 -0.0 0.038 0.081 0.7 0.0 -0.713 0.048 1.0 0.0 0.013 0.006 
1.0 -0.006 0.002 0.001 -0.955 0.0 -0.264 0.139 -0.946 -0.0 0.273 -0.178 0.961 0.0 -0.204 0.186 0.921 0.0 0.353 -0.164 -0.688 -0.0 -0.726 0.001 -0.996 -0.0 0.038 0.081 0.7 0.0 -0.713 0.049 1.0 0.0 0.014 0.006 
1.0 -0.006 0.002 0.001 -0.957 -0.0 -0.256 0.138 -0.945 -0.0 0.275 -0.177 0.963 -0.0 -0.197 0.186 0.92 0.0 0.357 -0.165 -0.688 0.0 -0.725 0.002 -0.996 -0.0 0.038 0.08 0.699 0.0 -0.713 0.049 1.0 0.0 0.015 0.007 
1.0 -0.006 0.002 0.001 -0.959 -0.0 -0.249 0.134 -0.945 -0.0 0.277 -0.176 0.964 0.0 -0.189 0.186 0.919 -0.0 0.358 -0.167 -0.688 -0.0 -0.725 0.002 -0.996 -0.0 0.038 0.08 0.699 0.0 -0.713 0.049 1.0 0.0 0.015 0.007 
1.0 -0.007 0.002 0.002 -0.961 -0.0 -0.242 0.132 -0.944 0.0 0.279 -0.175 0.967 -0.0 -0.184 0.178 0.918 0.0 0.362 -0.161 -0.688 -0.0 -0.725 0.005 -0.996 -0.0 0.038 0.08 0.699 0.0 -0.713 0.051 1.0 0.0 0.015 0.007 
1.0 -0.008 0.002 0.003 -0.963 -0.0 -0.235 0.128 -0.944 -0.0 0.282 -0.175 0.969 0.0 -0.176 0.175 0.917 0.0 0.365 -0.161 -0.688 -0.0 -0.725 0.006 -0.996 -0.0 0.038 0.08 0.699 0.0 -0.714 0.051 1.0 0.0 0.017 0.008 
1.0 -0.009 0.002 0.004 -0.966 -0.0 -0.228 0.125 -0.943 -0.0 0.284 -0.176 0.971 0.0 -0.168 0.171 0.916 0.0 0.366 -0.163 -0.689 -0.0 -0.725 0.008 -0.996 -0.0 0.038 0.08 0.7 -0.0 -0.713 0.052 1.0 0.0 0.015 0.007 
1.0 -0.009 0.002 0.005 -0.968 -0.0 -0.221 0.12 -0.942 0.0 0.286 -0.174 0.973 -0.0 -0.161 0.164 0.916 0.0 0.368 -0.159 -0.688 -0.0 -0.725 0.009 -0.996 -0.0 0.038 0.08 0.7 0.0 -0.713 0.053 1.0 -0.0 0.015 0.007 
1.0 -0.01 0.002 0.006 -0.97 -0.0 -0.213 0.119 -0.941 -0.0 0.286 -0.18 0.975 0.0 -0.153 0.16 0.915 0.0 0.369 -0.163 -0.688 -0.0 -0.725 0.01 -0.996 -0.0 0.038 0.08 0.7 0.0 -0.712 0.054 1.0 0.0 0.015 0.008 
1.0 -0.01 0.002 0.007 -0.972 -0.0 -0.207 0.114 -0.94 0.0 0.289 -0.181 0.977 -0.0 -0.146 0.154 0.914 0.0 0.371 -0.165 -0.688 -0.0 -0.726 0.011 -0.996 0.0 0.038 0.081 0.7 0.0 -0.712 0.054 1.0 0.0 0.015 0.008 
1.0 -0.011 0.002 0.008 -0.974 -0.0 -0.2 0.108 -0.939 0.0 0.291 -0.181 0.979 0.0 -0.139 0.147 0.913 0.0 0.372 -0.165 -0.688 -0.0 -0.726 0.011 -0.996 0.0 0.038 0.081 0.7 0.0 -0.712 0.054 1.0 0.0 0.015 0.008 
1.0 -0.012 0.002 0.009 -0.976 -0.0 -0.193 0.102 -0.938 -0.0 0.293 -0.183 0.981 -0.0 -0.132 0.14 0.912 0.0 0.373 -0.168 -0.688 -0.0 -0.726 0.013 -0.996 -0.0 0.038 0.081 0.7 0.0 -0.712 0.055 1.0 0.0 0.015 0.009 
1.0 -0.012 0.003 0.01 -0.978 -0.0 -0.187 0.096 -0.937 -0.0 0.295 -0.184 0.983 0.0 -0.125 0.135 0.911 0.0 0.374 -0.175 -0.688 -0.0 -0.725 0.013 -0.996 -0.0 0.038 0.082 0.7 -0.0 -0.712 0.054 1.0 -0.0 0.015 0.009 
1.0 -0.012 0.003 0.011 -0.979 -0.0 -0.18 0.09 -0.937 -0.0 0.297 -0.186 0.985 0.0 -0.119 0.127 0.91 0.0 0.376 -0.177 -0.688 -0.0 -0.725 0.015 -0.996 -0.0 0.038 0.081 0.7 0.0 -0.712 0.055 1.0 0.0 0.015 0.01 
