# T   LUA LFA RUA RFA LT  LS  RT  RS  
-0.688 -0.025 -0.063 -0.723 -0.786 -0.0 -0.595 0.168 -0.988 -0.0 -0.124 -0.096 0.734 0.0 -0.673 0.097 0.991 -0.0 -0.12 -0.065 -0.66 -0.0 -0.746 0.092 -0.991 -0.0 0.135 0.009 0.593 -0.0 -0.796 0.121 0.996 0.0 0.076 -0.037 
-0.688 -0.025 -0.063 -0.723 -0.786 -0.0 -0.595 0.168 -0.988 -0.0 -0.124 -0.096 0.734 -0.0 -0.672 0.097 0.991 0.0 -0.121 -0.065 -0.66 -0.0 -0.746 0.092 -0.991 -0.0 0.135 0.009 0.593 0.0 -0.796 0.121 0.996 -0.0 0.076 -0.037 
-0.688 -0.025 -0.063 -0.723 -0.786 -0.0 -0.595 0.167 -0.988 -0.0 -0.124 -0.096 0.734 0.0 -0.673 0.097 0.991 0.0 -0.12 -0.066 -0.66 0.0 -0.746 0.091 -0.991 -0.0 0.135 0.009 0.593 0.0 -0.796 0.121 0.996 0.0 0.076 -0.037 
-0.687 -0.025 -0.063 -0.723 -0.786 -0.0 -0.595 0.167 -0.988 -0.0 -0.124 -0.096 0.734 0.0 -0.672 0.099 0.99 -0.0 -0.122 -0.067 -0.659 -0.0 -0.746 0.091 -0.991 -0.0 0.135 0.01 0.593 -0.0 -0.796 0.12 0.996 -0.0 0.076 -0.037 
-0.687 -0.025 -0.063 -0.723 -0.786 -0.0 -0.595 0.167 -0.988 -0.0 -0.124 -0.096 0.734 0.0 -0.672 0.099 0.99 0.0 -0.122 -0.068 -0.659 -0.0 -0.746 0.091 -0.991 -0.0 0.135 0.01 0.593 0.0 -0.796 0.12 0.996 0.0 0.076 -0.037 
-0.687 -0.025 -0.063 -0.723 -0.786 -0.0 -0.595 0.167 -0.988 -0.0 -0.124 -0.096 0.734 0.0 -0.673 0.098 0.991 0.0 -0.121 -0.066 -0.659 -0.0 -0.746 0.091 -0.991 -0.0 0.135 0.01 0.593 0.0 -0.796 0.12 0.996 0.0 0.076 -0.037 
-0.687 -0.026 -0.063 -0.723 -0.786 -0.0 -0.595 0.167 -0.988 -0.0 -0.124 -0.096 0.734 0.0 -0.673 0.097 0.991 0.0 -0.121 -0.065 -0.659 -0.0 -0.746 0.091 -0.991 0.0 0.135 0.01 0.593 0.0 -0.796 0.12 0.996 0.0 0.076 -0.037 
-0.687 -0.026 -0.063 -0.723 -0.786 -0.0 -0.595 0.167 -0.988 -0.0 -0.124 -0.096 0.734 -0.0 -0.673 0.098 0.991 0.0 -0.121 -0.065 -0.66 -0.0 -0.746 0.091 -0.991 -0.0 0.135 0.01 0.593 0.0 -0.796 0.119 0.996 0.0 0.076 -0.037 
-0.687 -0.026 -0.063 -0.723 -0.786 -0.0 -0.595 0.167 -0.988 -0.0 -0.124 -0.096 0.734 -0.0 -0.673 0.097 0.991 0.0 -0.121 -0.065 -0.659 -0.0 -0.746 0.091 -0.991 0.0 0.135 0.01 0.593 0.0 -0.796 0.12 0.996 0.0 0.076 -0.037 
-0.687 -0.026 -0.062 -0.724 -0.786 -0.0 -0.595 0.167 -0.988 -0.0 -0.124 -0.096 0.734 0.0 -0.672 0.097 0.991 0.0 -0.121 -0.065 -0.659 0.0 -0.747 0.091 -0.991 -0.0 0.135 0.01 0.593 0.0 -0.796 0.119 0.996 -0.0 0.076 -0.037 
-0.687 -0.026 -0.062 -0.724 -0.786 -0.0 -0.595 0.167 -0.988 0.0 -0.124 -0.096 0.734 0.0 -0.672 0.098 0.991 0.0 -0.121 -0.066 -0.659 -0.0 -0.747 0.09 -0.991 -0.0 0.135 0.01 0.593 0.0 -0.796 0.119 0.996 0.0 0.076 -0.037 
-0.687 -0.026 -0.063 -0.724 -0.786 -0.0 -0.595 0.167 -0.988 -0.0 -0.125 -0.096 0.734 0.0 -0.672 0.099 0.99 0.0 -0.122 -0.068 -0.659 -0.0 -0.746 0.09 -0.991 -0.0 0.135 0.01 0.593 0.0 -0.796 0.119 0.996 0.0 0.076 -0.037 
-0.687 -0.026 -0.063 -0.724 -0.786 -0.0 -0.595 0.167 -0.988 -0.0 -0.124 -0.096 0.734 0.0 -0.672 0.099 0.99 0.0 -0.122 -0.068 -0.66 -0.0 -0.746 0.091 -0.991 -0.0 0.135 0.01 0.593 0.0 -0.796 0.119 0.996 -0.0 0.076 -0.037 
-0.687 -0.026 -0.063 -0.724 -0.786 0.0 -0.595 0.167 -0.988 -0.0 -0.124 -0.096 0.734 -0.0 -0.673 0.098 0.991 0.0 -0.121 -0.066 -0.659 0.0 -0.746 0.09 -0.991 -0.0 0.135 0.01 0.593 0.0 -0.796 0.119 0.996 0.0 0.076 -0.036 
-0.687 -0.026 -0.063 -0.724 -0.786 -0.0 -0.594 0.168 -0.988 -0.0 -0.124 -0.096 0.733 -0.0 -0.673 0.098 0.991 0.0 -0.121 -0.066 -0.659 -0.0 -0.746 0.09 -0.991 -0.0 0.135 0.011 0.593 0.0 -0.796 0.119 0.996 0.0 0.076 -0.036 
-0.687 -0.026 -0.063 -0.724 -0.786 -0.0 -0.594 0.168 -0.988 -0.0 -0.124 -0.097 0.734 0.0 -0.673 0.098 0.99 0.0 -0.121 -0.066 -0.659 -0.0 -0.746 0.09 -0.991 -0.0 0.135 0.011 0.593 0.0 -0.796 0.118 0.996 -0.0 0.076 -0.036 
-0.687 -0.026 -0.063 -0.724 -0.786 -0.0 -0.594 0.168 -0.988 -0.0 -0.124 -0.097 0.733 0.0 -0.673 0.098 0.99 0.0 -0.12 -0.066 -0.659 -0.0 -0.746 0.09 -0.991 -0.0 0.135 0.011 0.593 0.0 -0.796 0.118 0.996 0.0 0.076 -0.036 
-0.687 -0.026 -0.063 -0.724 -0.787 0.0 -0.594 0.168 -0.988 -0.0 -0.124 -0.097 0.733 0.0 -0.673 0.098 0.99 0.0 -0.12 -0.067 -0.659 -0.0 -0.746 0.089 -0.991 0.0 0.135 0.011 0.593 -0.0 -0.796 0.118 0.996 -0.0 0.076 -0.036 
-0.687 -0.026 -0.062 -0.724 -0.787 -0.0 -0.594 0.168 -0.988 -0.0 -0.124 -0.096 0.733 0.0 -0.673 0.098 0.99 0.0 -0.12 -0.067 -0.659 -0.0 -0.747 0.089 -0.991 -0.0 0.135 0.011 0.593 0.0 -0.796 0.117 0.996 -0.0 0.076 -0.035 
-0.687 -0.026 -0.062 -0.724 -0.787 -0.0 -0.594 0.168 -0.988 -0.0 -0.124 -0.096 0.733 -0.0 -0.672 0.099 0.99 0.0 -0.121 -0.069 -0.659 -0.0 -0.747 0.089 -0.991 -0.0 0.135 0.012 0.593 0.0 -0.796 0.117 0.996 0.0 0.076 -0.035 
-0.687 -0.026 -0.062 -0.724 -0.787 -0.0 -0.594 0.169 -0.988 0.0 -0.124 -0.097 0.733 0.0 -0.673 0.099 0.99 0.0 -0.121 -0.07 -0.659 -0.0 -0.747 0.088 -0.991 -0.0 0.135 0.012 0.593 0.0 -0.796 0.116 0.996 0.0 0.076 -0.035 
-0.687 -0.026 -0.062 -0.724 -0.786 0.0 -0.594 0.169 -0.988 -0.0 -0.123 -0.097 0.733 0.0 -0.673 0.099 0.99 0.0 -0.121 -0.07 -0.659 0.0 -0.747 0.087 -0.991 -0.0 0.135 0.012 0.593 0.0 -0.797 0.116 0.996 0.0 0.076 -0.035 
-0.687 -0.027 -0.062 -0.724 -0.786 -0.0 -0.594 0.169 -0.988 -0.0 -0.123 -0.097 0.733 0.0 -0.674 0.098 0.991 -0.0 -0.12 -0.068 -0.659 -0.0 -0.747 0.087 -0.991 -0.0 0.135 0.012 0.593 0.0 -0.797 0.115 0.996 0.0 0.077 -0.035 
-0.687 -0.027 -0.061 -0.724 -0.786 -0.0 -0.594 0.169 -0.988 -0.0 -0.123 -0.097 0.732 0.0 -0.674 0.098 0.991 -0.0 -0.12 -0.068 -0.659 0.0 -0.747 0.086 -0.991 -0.0 0.135 0.012 0.593 0.0 -0.797 0.114 0.996 -0.0 0.076 -0.034 
-0.687 -0.027 -0.061 -0.724 -0.786 -0.0 -0.594 0.17 -0.988 -0.0 -0.123 -0.097 0.732 0.0 -0.674 0.098 0.991 0.0 -0.119 -0.068 -0.659 0.0 -0.747 0.085 -0.991 -0.0 0.135 0.012 0.593 0.0 -0.797 0.113 0.996 0.0 0.077 -0.034 
-0.687 -0.027 -0.061 -0.724 -0.786 0.0 -0.595 0.169 -0.988 -0.0 -0.123 -0.097 0.732 0.0 -0.674 0.098 0.991 0.0 -0.119 -0.068 -0.659 -0.0 -0.747 0.084 -0.991 -0.0 0.135 0.013 0.593 0.0 -0.797 0.113 0.996 0.0 0.076 -0.034 
-0.687 -0.027 -0.06 -0.724 -0.786 -0.0 -0.595 0.17 -0.988 -0.0 -0.123 -0.096 0.732 0.0 -0.674 0.098 0.991 -0.0 -0.119 -0.068 -0.659 -0.0 -0.747 0.084 -0.991 -0.0 0.135 0.013 0.593 0.0 -0.797 0.112 0.996 0.0 0.077 -0.034 
-0.687 -0.027 -0.06 -0.724 -0.786 -0.0 -0.595 0.17 -0.988 -0.0 -0.123 -0.097 0.732 0.0 -0.673 0.1 0.99 0.0 -0.12 -0.071 -0.659 -0.0 -0.748 0.083 -0.991 -0.0 0.135 0.014 0.594 0.0 -0.797 0.111 0.996 0.0 0.077 -0.034 
-0.687 -0.028 -0.059 -0.724 -0.785 -0.0 -0.595 0.171 -0.988 -0.0 -0.122 -0.096 0.732 -0.0 -0.673 0.1 0.99 0.0 -0.121 -0.071 -0.659 -0.0 -0.747 0.084 -0.991 -0.0 0.134 0.012 0.594 0.0 -0.797 0.111 0.996 0.0 0.077 -0.034 
-0.687 -0.028 -0.059 -0.724 -0.786 -0.0 -0.595 0.17 -0.988 -0.0 -0.122 -0.096 0.732 -0.0 -0.674 0.101 0.99 0.0 -0.12 -0.071 -0.659 -0.0 -0.747 0.081 -0.991 -0.0 0.135 0.014 0.593 0.0 -0.797 0.11 0.996 0.0 0.077 -0.034 
-0.687 -0.029 -0.059 -0.723 -0.786 0.0 -0.595 0.17 -0.988 -0.0 -0.122 -0.097 0.731 0.0 -0.675 0.101 0.99 0.0 -0.12 -0.071 -0.66 -0.0 -0.747 0.081 -0.991 -0.0 0.135 0.013 0.593 0.0 -0.798 0.109 0.996 0.0 0.077 -0.034 
-0.687 -0.029 -0.059 -0.723 -0.786 -0.0 -0.595 0.169 -0.988 -0.0 -0.122 -0.096 0.731 0.0 -0.675 0.101 0.99 0.0 -0.12 -0.071 -0.66 -0.0 -0.747 0.08 -0.991 0.0 0.135 0.013 0.593 0.0 -0.798 0.108 0.996 -0.0 0.077 -0.034 
-0.687 -0.029 -0.058 -0.724 -0.786 -0.0 -0.595 0.169 -0.988 -0.0 -0.122 -0.095 0.731 0.0 -0.675 0.1 0.991 -0.0 -0.119 -0.069 -0.659 -0.0 -0.748 0.08 -0.991 -0.0 0.135 0.013 0.593 0.0 -0.798 0.108 0.996 0.0 0.077 -0.034 
-0.687 -0.029 -0.058 -0.724 -0.785 0.0 -0.596 0.169 -0.988 -0.0 -0.122 -0.095 0.731 0.0 -0.675 0.1 0.991 0.0 -0.119 -0.069 -0.659 -0.0 -0.748 0.079 -0.991 -0.0 0.135 0.014 0.594 0.0 -0.797 0.108 0.996 0.0 0.077 -0.035 
-0.687 -0.029 -0.058 -0.724 -0.785 -0.0 -0.596 0.168 -0.988 -0.0 -0.122 -0.095 0.731 0.0 -0.675 0.099 0.991 0.0 -0.118 -0.068 -0.659 0.0 -0.748 0.079 -0.991 -0.0 0.135 0.014 0.594 0.0 -0.797 0.107 0.996 0.0 0.077 -0.035 
-0.687 -0.03 -0.058 -0.723 -0.786 -0.0 -0.595 0.168 -0.988 -0.0 -0.122 -0.095 0.73 0.0 -0.676 0.099 0.991 0.0 -0.118 -0.068 -0.66 0.0 -0.748 0.078 -0.991 -0.0 0.135 0.013 0.593 0.0 -0.798 0.106 0.996 0.0 0.077 -0.034 
-0.687 -0.03 -0.058 -0.723 -0.786 0.0 -0.595 0.168 -0.988 -0.0 -0.122 -0.095 0.73 -0.0 -0.675 0.101 0.99 0.0 -0.12 -0.071 -0.66 -0.0 -0.748 0.078 -0.991 0.0 0.135 0.013 0.593 0.0 -0.798 0.106 0.996 0.0 0.077 -0.035 
-0.687 -0.03 -0.057 -0.724 -0.786 0.0 -0.595 0.168 -0.988 -0.0 -0.122 -0.094 0.731 0.0 -0.675 0.099 0.991 0.0 -0.118 -0.068 -0.659 -0.0 -0.748 0.078 -0.991 -0.0 0.134 0.013 0.594 0.0 -0.798 0.106 0.996 0.0 0.077 -0.035 
-0.687 -0.029 -0.057 -0.724 -0.785 -0.0 -0.596 0.168 -0.988 0.0 -0.122 -0.095 0.731 0.0 -0.674 0.101 0.99 0.0 -0.12 -0.07 -0.659 -0.0 -0.748 0.08 -0.991 -0.0 0.134 0.011 0.594 0.0 -0.797 0.106 0.996 0.0 0.077 -0.035 
-0.687 -0.029 -0.057 -0.724 -0.786 -0.0 -0.595 0.167 -0.988 -0.0 -0.122 -0.094 0.731 -0.0 -0.675 0.101 0.99 0.0 -0.119 -0.07 -0.659 -0.0 -0.748 0.079 -0.991 -0.0 0.135 0.013 0.594 0.0 -0.797 0.106 0.996 0.0 0.077 -0.035 
-0.687 -0.03 -0.058 -0.724 -0.787 -0.0 -0.595 0.166 -0.988 -0.0 -0.122 -0.094 0.73 0.0 -0.676 0.099 0.991 -0.0 -0.118 -0.068 -0.659 -0.0 -0.748 0.078 -0.991 -0.0 0.134 0.012 0.593 0.0 -0.798 0.106 0.996 0.0 0.077 -0.035 
-0.687 -0.031 -0.058 -0.724 -0.787 -0.0 -0.594 0.166 -0.988 -0.0 -0.122 -0.094 0.73 0.0 -0.676 0.099 0.991 0.0 -0.117 -0.068 -0.66 0.0 -0.747 0.078 -0.991 -0.0 0.134 0.012 0.593 0.0 -0.798 0.105 0.996 0.0 0.077 -0.034 
-0.687 -0.03 -0.057 -0.724 -0.787 -0.0 -0.594 0.167 -0.988 -0.0 -0.122 -0.095 0.73 0.0 -0.676 0.099 0.991 0.0 -0.117 -0.068 -0.659 -0.0 -0.748 0.078 -0.991 0.0 0.134 0.012 0.593 0.0 -0.798 0.105 0.996 -0.0 0.077 -0.034 
-0.686 -0.03 -0.057 -0.724 -0.786 -0.0 -0.595 0.167 -0.988 -0.0 -0.122 -0.095 0.731 0.0 -0.675 0.099 0.991 -0.0 -0.118 -0.068 -0.659 -0.0 -0.748 0.078 -0.991 -0.0 0.135 0.013 0.594 0.0 -0.798 0.105 0.996 -0.0 0.077 -0.035 
-0.686 -0.03 -0.057 -0.724 -0.786 -0.0 -0.595 0.167 -0.988 -0.0 -0.122 -0.095 0.731 0.0 -0.675 0.099 0.991 0.0 -0.118 -0.068 -0.659 -0.0 -0.748 0.077 -0.991 -0.0 0.135 0.013 0.594 0.0 -0.798 0.105 0.996 -0.0 0.077 -0.034 
-0.686 -0.03 -0.057 -0.724 -0.786 -0.0 -0.595 0.167 -0.988 0.0 -0.122 -0.095 0.731 -0.0 -0.675 0.1 0.99 0.0 -0.119 -0.07 -0.659 0.0 -0.748 0.078 -0.991 0.0 0.134 0.013 0.594 0.0 -0.798 0.104 0.996 -0.0 0.077 -0.034 
-0.687 -0.03 -0.057 -0.724 -0.787 0.0 -0.594 0.166 -0.988 -0.0 -0.122 -0.094 0.731 0.0 -0.675 0.101 0.99 0.0 -0.119 -0.07 -0.659 -0.0 -0.748 0.077 -0.991 0.0 0.135 0.012 0.593 0.0 -0.798 0.104 0.996 -0.0 0.077 -0.034 
-0.686 -0.03 -0.057 -0.724 -0.787 -0.0 -0.594 0.166 -0.988 -0.0 -0.122 -0.094 0.731 0.0 -0.675 0.101 0.99 -0.0 -0.119 -0.07 -0.659 0.0 -0.748 0.077 -0.991 -0.0 0.135 0.013 0.594 0.0 -0.798 0.104 0.996 0.0 0.077 -0.034 
-0.686 -0.03 -0.057 -0.725 -0.787 -0.0 -0.595 0.167 -0.988 0.0 -0.122 -0.095 0.731 0.0 -0.676 0.1 0.991 0.0 -0.118 -0.068 -0.659 -0.0 -0.748 0.077 -0.991 -0.0 0.135 0.013 0.594 0.0 -0.798 0.104 0.996 -0.0 0.077 -0.035 
-0.686 -0.03 -0.056 -0.725 -0.786 -0.0 -0.595 0.167 -0.988 -0.0 -0.122 -0.095 0.731 0.0 -0.675 0.1 0.991 0.0 -0.118 -0.068 -0.659 -0.0 -0.748 0.076 -0.991 -0.0 0.134 0.013 0.594 0.0 -0.798 0.104 0.996 -0.0 0.077 -0.035 
-0.686 -0.031 -0.056 -0.725 -0.787 -0.0 -0.594 0.167 -0.988 -0.0 -0.122 -0.096 0.73 -0.0 -0.676 0.1 0.991 0.0 -0.118 -0.069 -0.659 0.0 -0.748 0.076 -0.991 -0.0 0.134 0.013 0.593 0.0 -0.798 0.103 0.996 0.0 0.077 -0.035 
-0.686 -0.031 -0.056 -0.724 -0.787 0.0 -0.594 0.167 -0.988 0.0 -0.122 -0.096 0.73 0.0 -0.676 0.1 0.991 0.0 -0.118 -0.069 -0.659 -0.0 -0.748 0.076 -0.991 -0.0 0.134 0.013 0.593 0.0 -0.798 0.103 0.996 0.0 0.077 -0.035 
-0.686 -0.031 -0.056 -0.724 -0.787 -0.0 -0.594 0.167 -0.988 0.0 -0.122 -0.096 0.73 0.0 -0.676 0.1 0.991 0.0 -0.118 -0.069 -0.659 0.0 -0.748 0.075 -0.991 -0.0 0.134 0.013 0.593 0.0 -0.798 0.103 0.996 0.0 0.077 -0.035 
-0.686 -0.031 -0.056 -0.725 -0.787 -0.0 -0.594 0.168 -0.988 -0.0 -0.122 -0.096 0.731 0.0 -0.675 0.102 0.99 0.0 -0.119 -0.071 -0.659 -0.0 -0.748 0.075 -0.991 -0.0 0.134 0.014 0.594 0.0 -0.798 0.103 0.996 0.0 0.077 -0.035 
-0.686 -0.031 -0.056 -0.725 -0.786 -0.0 -0.594 0.168 -0.988 -0.0 -0.122 -0.096 0.73 -0.0 -0.675 0.102 0.99 0.0 -0.119 -0.071 -0.659 -0.0 -0.749 0.074 -0.991 -0.0 0.135 0.014 0.594 0.0 -0.798 0.102 0.996 0.0 0.077 -0.035 
-0.686 -0.031 -0.055 -0.725 -0.786 -0.0 -0.594 0.169 -0.988 -0.0 -0.122 -0.097 0.73 0.0 -0.676 0.102 0.99 0.0 -0.119 -0.071 -0.659 -0.0 -0.749 0.074 -0.991 -0.0 0.135 0.014 0.594 0.0 -0.798 0.102 0.996 0.0 0.077 -0.035 
-0.686 -0.031 -0.055 -0.724 -0.786 -0.0 -0.594 0.169 -0.988 -0.0 -0.122 -0.097 0.73 0.0 -0.676 0.101 0.991 0.0 -0.117 -0.069 -0.659 -0.0 -0.749 0.074 -0.991 -0.0 0.135 0.014 0.594 0.0 -0.798 0.101 0.996 0.0 0.077 -0.035 
-0.686 -0.031 -0.055 -0.725 -0.786 -0.0 -0.594 0.169 -0.988 -0.0 -0.122 -0.097 0.73 0.0 -0.676 0.101 0.991 0.0 -0.117 -0.069 -0.659 -0.0 -0.749 0.073 -0.991 0.0 0.134 0.013 0.594 0.0 -0.798 0.101 0.996 -0.0 0.077 -0.035 
-0.686 -0.032 -0.055 -0.724 -0.787 -0.0 -0.594 0.169 -0.988 -0.0 -0.122 -0.097 0.729 0.0 -0.677 0.101 0.991 -0.0 -0.117 -0.069 -0.659 -0.0 -0.748 0.073 -0.991 -0.0 0.135 0.014 0.593 0.0 -0.799 0.101 0.996 0.0 0.077 -0.035 
-0.687 -0.032 -0.055 -0.724 -0.787 -0.0 -0.594 0.169 -0.988 -0.0 -0.121 -0.097 0.729 0.0 -0.677 0.101 0.991 0.0 -0.117 -0.069 -0.659 0.0 -0.748 0.072 -0.991 0.0 0.135 0.014 0.593 -0.0 -0.799 0.1 0.996 0.0 0.077 -0.035 
-0.687 -0.032 -0.055 -0.724 -0.787 0.0 -0.594 0.169 -0.988 -0.0 -0.121 -0.097 0.729 0.0 -0.677 0.101 0.991 0.0 -0.117 -0.069 -0.659 0.0 -0.749 0.072 -0.991 -0.0 0.134 0.014 0.593 0.0 -0.799 0.1 0.996 0.0 0.077 -0.035 
-0.687 -0.032 -0.054 -0.724 -0.786 -0.0 -0.594 0.169 -0.988 -0.0 -0.12 -0.096 0.729 0.0 -0.676 0.102 0.99 0.0 -0.118 -0.071 -0.659 -0.0 -0.749 0.072 -0.991 -0.0 0.135 0.014 0.594 0.0 -0.798 0.1 0.996 0.0 0.077 -0.035 
-0.687 -0.032 -0.054 -0.724 -0.786 -0.0 -0.594 0.169 -0.988 -0.0 -0.12 -0.097 0.729 0.0 -0.676 0.102 0.99 0.0 -0.118 -0.071 -0.659 -0.0 -0.749 0.071 -0.991 -0.0 0.134 0.014 0.594 0.0 -0.798 0.099 0.996 0.0 0.077 -0.035 
-0.687 -0.032 -0.054 -0.724 -0.786 -0.0 -0.594 0.169 -0.988 -0.0 -0.12 -0.096 0.729 -0.0 -0.677 0.102 0.99 0.0 -0.118 -0.072 -0.66 -0.0 -0.748 0.07 -0.991 -0.0 0.134 0.015 0.593 0.0 -0.799 0.098 0.996 0.0 0.077 -0.034 
-0.687 -0.033 -0.054 -0.724 -0.787 0.0 -0.594 0.168 -0.988 -0.0 -0.12 -0.097 0.729 0.0 -0.678 0.101 0.991 0.0 -0.116 -0.069 -0.659 -0.0 -0.748 0.07 -0.991 -0.0 0.134 0.014 0.593 0.0 -0.799 0.098 0.996 0.0 0.077 -0.035 
-0.687 -0.033 -0.054 -0.724 -0.787 -0.0 -0.594 0.168 -0.988 -0.0 -0.12 -0.096 0.728 0.0 -0.678 0.101 0.991 0.0 -0.116 -0.07 -0.659 0.0 -0.749 0.07 -0.991 -0.0 0.134 0.014 0.593 0.0 -0.799 0.098 0.996 0.0 0.077 -0.035 
-0.687 -0.032 -0.054 -0.724 -0.786 -0.0 -0.594 0.168 -0.988 -0.0 -0.12 -0.096 0.729 -0.0 -0.677 0.101 0.991 0.0 -0.116 -0.07 -0.659 -0.0 -0.749 0.07 -0.991 -0.0 0.134 0.014 0.594 0.0 -0.799 0.098 0.996 -0.0 0.078 -0.035 
-0.687 -0.032 -0.053 -0.724 -0.786 -0.0 -0.595 0.168 -0.988 -0.0 -0.12 -0.096 0.729 0.0 -0.677 0.101 0.991 0.0 -0.116 -0.07 -0.659 0.0 -0.749 0.069 -0.991 -0.0 0.134 0.014 0.594 0.0 -0.799 0.097 0.996 0.0 0.077 -0.035 
-0.688 -0.033 -0.053 -0.723 -0.787 -0.0 -0.594 0.167 -0.988 -0.0 -0.12 -0.095 0.728 -0.0 -0.678 0.101 0.991 0.0 -0.116 -0.07 -0.66 0.0 -0.748 0.069 -0.991 -0.0 0.134 0.013 0.593 0.0 -0.799 0.097 0.996 0.0 0.077 -0.035 
-0.688 -0.033 -0.053 -0.723 -0.787 -0.0 -0.594 0.167 -0.988 0.0 -0.12 -0.095 0.728 0.0 -0.678 0.101 0.991 0.0 -0.116 -0.07 -0.66 -0.0 -0.748 0.069 -0.991 0.0 0.134 0.014 0.593 0.0 -0.799 0.097 0.996 0.0 0.077 -0.035 
-0.688 -0.033 -0.053 -0.723 -0.787 -0.0 -0.594 0.167 -0.988 -0.0 -0.12 -0.095 0.728 0.0 -0.678 0.101 0.991 0.0 -0.116 -0.07 -0.659 -0.0 -0.749 0.069 -0.991 -0.0 0.134 0.014 0.594 0.0 -0.799 0.097 0.996 0.0 0.077 -0.035 
-0.688 -0.032 -0.052 -0.723 -0.787 -0.0 -0.594 0.167 -0.988 -0.0 -0.12 -0.095 0.729 -0.0 -0.678 0.1 0.991 0.0 -0.115 -0.07 -0.659 0.0 -0.749 0.069 -0.991 -0.0 0.134 0.014 0.594 0.0 -0.799 0.097 0.996 0.0 0.077 -0.035 
-0.688 -0.033 -0.052 -0.723 -0.787 0.0 -0.594 0.167 -0.988 -0.0 -0.12 -0.095 0.729 0.0 -0.678 0.101 0.991 0.0 -0.115 -0.07 -0.659 -0.0 -0.749 0.069 -0.991 -0.0 0.134 0.014 0.594 0.0 -0.799 0.098 0.996 -0.0 0.077 -0.036 
-0.688 -0.033 -0.052 -0.723 -0.787 -0.0 -0.594 0.167 -0.988 -0.0 -0.121 -0.094 0.728 0.0 -0.678 0.1 0.991 0.0 -0.115 -0.07 -0.659 -0.0 -0.749 0.068 -0.991 -0.0 0.134 0.014 0.594 0.0 -0.799 0.097 0.996 0.0 0.077 -0.036 
-0.688 -0.033 -0.052 -0.723 -0.787 -0.0 -0.594 0.167 -0.988 -0.0 -0.12 -0.095 0.728 0.0 -0.678 0.1 0.991 0.0 -0.115 -0.07 -0.659 -0.0 -0.749 0.068 -0.991 -0.0 0.134 0.013 0.594 0.0 -0.799 0.097 0.996 0.0 0.077 -0.036 
-0.688 -0.033 -0.052 -0.723 -0.787 -0.0 -0.594 0.167 -0.988 0.0 -0.121 -0.095 0.728 0.0 -0.678 0.1 0.991 0.0 -0.115 -0.07 -0.659 -0.0 -0.749 0.068 -0.991 -0.0 0.134 0.014 0.594 0.0 -0.799 0.097 0.996 -0.0 0.077 -0.036 
-0.688 -0.033 -0.052 -0.723 -0.787 -0.0 -0.594 0.167 -0.988 -0.0 -0.121 -0.095 0.728 0.0 -0.678 0.1 0.991 0.0 -0.115 -0.07 -0.659 -0.0 -0.749 0.068 -0.991 -0.0 0.134 0.014 0.594 0.0 -0.799 0.097 0.996 -0.0 0.077 -0.036 
-0.688 -0.033 -0.052 -0.723 -0.787 0.0 -0.594 0.167 -0.988 -0.0 -0.121 -0.095 0.728 0.0 -0.678 0.1 0.991 0.0 -0.115 -0.07 -0.659 -0.0 -0.749 0.068 -0.991 -0.0 0.135 0.014 0.594 0.0 -0.799 0.097 0.996 0.0 0.077 -0.036 
-0.689 -0.033 -0.052 -0.723 -0.787 0.0 -0.594 0.167 -0.988 -0.0 -0.121 -0.095 0.728 -0.0 -0.678 0.1 0.991 0.0 -0.115 -0.071 -0.659 -0.0 -0.749 0.068 -0.991 -0.0 0.134 0.013 0.594 -0.0 -0.799 0.097 0.996 0.0 0.077 -0.036 
-0.689 -0.033 -0.052 -0.723 -0.787 -0.0 -0.593 0.167 -0.988 -0.0 -0.121 -0.095 0.728 0.0 -0.678 0.102 0.991 0.0 -0.116 -0.073 -0.659 -0.0 -0.749 0.068 -0.991 -0.0 0.134 0.013 0.594 0.0 -0.799 0.097 0.996 -0.0 0.077 -0.036 
-0.689 -0.033 -0.052 -0.723 -0.787 -0.0 -0.594 0.167 -0.988 -0.0 -0.122 -0.094 0.728 0.0 -0.678 0.101 0.991 -0.0 -0.115 -0.071 -0.659 -0.0 -0.749 0.068 -0.991 -0.0 0.134 0.014 0.594 0.0 -0.799 0.098 0.996 0.0 0.077 -0.036 
-0.689 -0.032 -0.052 -0.723 -0.787 0.0 -0.594 0.167 -0.988 -0.0 -0.122 -0.095 0.729 0.0 -0.677 0.103 0.991 -0.0 -0.116 -0.073 -0.659 -0.0 -0.749 0.069 -0.991 -0.0 0.134 0.014 0.594 0.0 -0.799 0.098 0.996 0.0 0.077 -0.036 
-0.689 -0.032 -0.052 -0.723 -0.787 -0.0 -0.594 0.167 -0.988 -0.0 -0.121 -0.095 0.728 0.0 -0.678 0.102 0.991 -0.0 -0.115 -0.071 -0.659 -0.0 -0.749 0.069 -0.991 0.0 0.135 0.014 0.594 0.0 -0.799 0.098 0.996 0.0 0.077 -0.036 
-0.689 -0.033 -0.052 -0.722 -0.787 0.0 -0.593 0.167 -0.988 -0.0 -0.121 -0.095 0.728 -0.0 -0.678 0.102 0.991 0.0 -0.115 -0.071 -0.659 0.0 -0.749 0.069 -0.991 -0.0 0.135 0.013 0.594 0.0 -0.799 0.098 0.996 0.0 0.077 -0.036 
-0.689 -0.033 -0.052 -0.722 -0.787 -0.0 -0.593 0.167 -0.988 -0.0 -0.121 -0.094 0.728 0.0 -0.678 0.102 0.991 0.0 -0.115 -0.072 -0.659 0.0 -0.749 0.068 -0.991 -0.0 0.134 0.013 0.593 0.0 -0.799 0.098 0.996 0.0 0.077 -0.036 
-0.689 -0.033 -0.052 -0.722 -0.788 -0.0 -0.593 0.167 -0.988 -0.0 -0.121 -0.095 0.728 0.0 -0.678 0.102 0.991 0.0 -0.115 -0.072 -0.659 -0.0 -0.749 0.068 -0.991 -0.0 0.135 0.014 0.593 0.0 -0.799 0.098 0.996 0.0 0.077 -0.036 
-0.689 -0.033 -0.052 -0.722 -0.788 -0.0 -0.593 0.167 -0.988 -0.0 -0.121 -0.095 0.728 0.0 -0.678 0.103 0.991 0.0 -0.115 -0.072 -0.659 -0.0 -0.749 0.068 -0.991 -0.0 0.134 0.014 0.594 0.0 -0.799 0.098 0.996 0.0 0.077 -0.036 
-0.689 -0.033 -0.052 -0.722 -0.787 0.0 -0.593 0.167 -0.988 -0.0 -0.121 -0.095 0.728 0.0 -0.678 0.103 0.991 0.0 -0.115 -0.072 -0.659 -0.0 -0.749 0.068 -0.991 -0.0 0.134 0.013 0.594 0.0 -0.799 0.098 0.996 0.0 0.077 -0.036 
-0.689 -0.033 -0.052 -0.722 -0.787 0.0 -0.594 0.167 -0.988 -0.0 -0.121 -0.095 0.728 -0.0 -0.678 0.103 0.991 0.0 -0.115 -0.072 -0.659 -0.0 -0.749 0.068 -0.991 -0.0 0.134 0.014 0.594 0.0 -0.799 0.098 0.996 0.0 0.077 -0.036 
-0.689 -0.033 -0.052 -0.722 -0.787 -0.0 -0.593 0.167 -0.988 -0.0 -0.121 -0.096 0.728 0.0 -0.678 0.104 0.991 0.0 -0.115 -0.073 -0.659 -0.0 -0.749 0.068 -0.991 -0.0 0.135 0.014 0.593 0.0 -0.799 0.098 0.996 0.0 0.077 -0.036 
-0.689 -0.033 -0.052 -0.722 -0.787 -0.0 -0.594 0.168 -0.988 -0.0 -0.121 -0.096 0.727 0.0 -0.678 0.104 0.991 0.0 -0.115 -0.073 -0.659 -0.0 -0.749 0.068 -0.991 -0.0 0.135 0.014 0.593 0.0 -0.799 0.098 0.996 0.0 0.077 -0.037 
-0.689 -0.033 -0.052 -0.722 -0.787 -0.0 -0.594 0.168 -0.988 -0.0 -0.12 -0.097 0.727 0.0 -0.678 0.104 0.991 0.0 -0.115 -0.073 -0.659 -0.0 -0.749 0.068 -0.991 -0.0 0.135 0.014 0.593 -0.0 -0.799 0.098 0.996 0.0 0.077 -0.037 
-0.689 -0.033 -0.052 -0.722 -0.787 -0.0 -0.594 0.168 -0.988 -0.0 -0.12 -0.097 0.727 0.0 -0.678 0.104 0.991 -0.0 -0.115 -0.073 -0.659 -0.0 -0.749 0.068 -0.991 -0.0 0.134 0.014 0.593 0.0 -0.799 0.098 0.996 0.0 0.077 -0.037 
-0.689 -0.033 -0.052 -0.722 -0.787 0.0 -0.594 0.168 -0.988 -0.0 -0.12 -0.097 0.727 0.0 -0.678 0.105 0.991 0.0 -0.115 -0.073 -0.659 -0.0 -0.749 0.068 -0.991 -0.0 0.134 0.014 0.593 0.0 -0.799 0.099 0.996 0.0 0.077 -0.037 
-0.689 -0.033 -0.052 -0.722 -0.787 -0.0 -0.594 0.168 -0.988 -0.0 -0.12 -0.097 0.727 0.0 -0.678 0.105 0.991 0.0 -0.115 -0.073 -0.659 -0.0 -0.749 0.068 -0.991 -0.0 0.134 0.014 0.593 0.0 -0.799 0.099 0.996 0.0 0.077 -0.037 
-0.689 -0.033 -0.052 -0.722 -0.787 -0.0 -0.594 0.168 -0.988 -0.0 -0.12 -0.097 0.727 0.0 -0.678 0.105 0.991 0.0 -0.115 -0.073 -0.659 -0.0 -0.749 0.068 -0.991 -0.0 0.134 0.013 0.593 0.0 -0.799 0.099 0.996 0.0 0.077 -0.037 
-0.689 -0.033 -0.052 -0.722 -0.787 -0.0 -0.594 0.168 -0.988 0.0 -0.12 -0.097 0.727 0.0 -0.679 0.105 0.991 0.0 -0.115 -0.073 -0.659 -0.0 -0.749 0.068 -0.991 0.0 0.134 0.014 0.593 0.0 -0.799 0.099 0.996 -0.0 0.077 -0.037 
-0.689 -0.033 -0.052 -0.722 -0.787 -0.0 -0.594 0.168 -0.988 -0.0 -0.12 -0.097 0.727 0.0 -0.679 0.105 0.991 -0.0 -0.115 -0.073 -0.659 -0.0 -0.749 0.068 -0.991 -0.0 0.134 0.014 0.593 0.0 -0.799 0.1 0.996 0.0 0.077 -0.037 
-0.689 -0.032 -0.052 -0.722 -0.787 -0.0 -0.594 0.169 -0.988 -0.0 -0.12 -0.097 0.727 0.0 -0.678 0.105 0.991 0.0 -0.115 -0.073 -0.659 -0.0 -0.749 0.069 -0.991 -0.0 0.135 0.014 0.593 -0.0 -0.799 0.1 0.996 0.0 0.077 -0.038 
-0.689 -0.032 -0.052 -0.722 -0.787 -0.0 -0.594 0.169 -0.988 0.0 -0.12 -0.097 0.727 0.0 -0.678 0.105 0.991 0.0 -0.115 -0.073 -0.659 0.0 -0.749 0.069 -0.991 -0.0 0.134 0.014 0.593 0.0 -0.799 0.1 0.996 0.0 0.077 -0.038 
-0.69 -0.032 -0.052 -0.721 -0.787 0.0 -0.594 0.169 -0.988 -0.0 -0.12 -0.097 0.727 0.0 -0.678 0.105 0.991 0.0 -0.115 -0.073 -0.659 -0.0 -0.749 0.069 -0.991 -0.0 0.134 0.014 0.593 0.0 -0.799 0.1 0.996 0.0 0.077 -0.038 
-0.69 -0.032 -0.052 -0.721 -0.787 -0.0 -0.594 0.169 -0.988 0.0 -0.12 -0.097 0.727 0.0 -0.678 0.105 0.991 0.0 -0.115 -0.073 -0.659 0.0 -0.749 0.069 -0.991 -0.0 0.134 0.013 0.593 0.0 -0.799 0.101 0.996 0.0 0.077 -0.038 
-0.69 -0.032 -0.052 -0.721 -0.787 -0.0 -0.594 0.169 -0.988 -0.0 -0.12 -0.097 0.728 0.0 -0.678 0.104 0.991 0.0 -0.115 -0.072 -0.659 0.0 -0.749 0.069 -0.991 -0.0 0.134 0.013 0.593 0.0 -0.799 0.101 0.996 0.0 0.077 -0.038 
-0.69 -0.032 -0.052 -0.721 -0.787 -0.0 -0.594 0.169 -0.988 -0.0 -0.12 -0.097 0.728 -0.0 -0.678 0.104 0.991 0.0 -0.116 -0.072 -0.659 0.0 -0.749 0.07 -0.991 -0.0 0.134 0.013 0.593 0.0 -0.799 0.101 0.996 0.0 0.077 -0.038 
-0.69 -0.032 -0.052 -0.721 -0.787 -0.0 -0.594 0.169 -0.988 -0.0 -0.12 -0.097 0.728 0.0 -0.678 0.104 0.991 0.0 -0.116 -0.072 -0.659 0.0 -0.749 0.07 -0.991 -0.0 0.134 0.013 0.593 0.0 -0.798 0.101 0.996 0.0 0.076 -0.038 
-0.69 -0.032 -0.052 -0.721 -0.787 -0.0 -0.594 0.169 -0.988 -0.0 -0.12 -0.097 0.728 0.0 -0.678 0.104 0.991 0.0 -0.116 -0.072 -0.659 -0.0 -0.749 0.07 -0.991 -0.0 0.135 0.013 0.593 0.0 -0.798 0.102 0.996 0.0 0.076 -0.038 
-0.69 -0.032 -0.052 -0.721 -0.787 -0.0 -0.593 0.169 -0.988 -0.0 -0.12 -0.097 0.728 0.0 -0.678 0.104 0.991 0.0 -0.116 -0.072 -0.66 -0.0 -0.748 0.071 -0.991 0.0 0.135 0.013 0.593 0.0 -0.799 0.102 0.996 0.0 0.076 -0.038 
-0.691 -0.032 -0.052 -0.721 -0.787 -0.0 -0.593 0.169 -0.988 -0.0 -0.12 -0.097 0.728 0.0 -0.678 0.104 0.991 0.0 -0.116 -0.072 -0.659 -0.0 -0.748 0.071 -0.991 -0.0 0.135 0.012 0.593 0.0 -0.799 0.103 0.996 0.0 0.076 -0.038 
-0.691 -0.031 -0.052 -0.721 -0.787 -0.0 -0.594 0.169 -0.988 -0.0 -0.12 -0.097 0.728 0.0 -0.677 0.104 0.991 0.0 -0.116 -0.072 -0.659 -0.0 -0.749 0.072 -0.991 0.0 0.135 0.012 0.593 0.0 -0.798 0.104 0.996 0.0 0.076 -0.039 
-0.691 -0.031 -0.052 -0.721 -0.787 -0.0 -0.594 0.169 -0.988 -0.0 -0.121 -0.097 0.729 0.0 -0.677 0.105 0.991 0.0 -0.116 -0.072 -0.659 -0.0 -0.749 0.072 -0.991 -0.0 0.135 0.012 0.594 0.0 -0.798 0.104 0.996 0.0 0.076 -0.039 
-0.691 -0.031 -0.052 -0.721 -0.787 -0.0 -0.594 0.169 -0.988 -0.0 -0.121 -0.097 0.728 0.0 -0.677 0.104 0.991 0.0 -0.116 -0.072 -0.659 -0.0 -0.749 0.072 -0.991 0.0 0.135 0.012 0.594 0.0 -0.798 0.104 0.996 0.0 0.076 -0.039 
-0.691 -0.031 -0.053 -0.72 -0.787 -0.0 -0.593 0.169 -0.988 -0.0 -0.121 -0.097 0.728 -0.0 -0.678 0.104 0.991 0.0 -0.116 -0.073 -0.659 -0.0 -0.748 0.072 -0.991 0.0 0.135 0.013 0.593 0.0 -0.798 0.104 0.996 0.0 0.076 -0.039 
-0.691 -0.031 -0.053 -0.72 -0.787 -0.0 -0.593 0.169 -0.988 -0.0 -0.121 -0.098 0.728 0.0 -0.678 0.104 0.991 0.0 -0.116 -0.073 -0.66 0.0 -0.748 0.072 -0.991 -0.0 0.135 0.012 0.593 0.0 -0.798 0.104 0.996 0.0 0.076 -0.038 
-0.691 -0.031 -0.053 -0.72 -0.787 -0.0 -0.593 0.169 -0.988 -0.0 -0.121 -0.097 0.728 0.0 -0.678 0.104 0.991 0.0 -0.116 -0.073 -0.659 -0.0 -0.748 0.072 -0.991 -0.0 0.135 0.013 0.593 0.0 -0.798 0.105 0.996 0.0 0.076 -0.038 
-0.691 -0.03 -0.053 -0.72 -0.787 0.0 -0.594 0.169 -0.988 -0.0 -0.121 -0.097 0.728 0.0 -0.677 0.104 0.991 0.0 -0.116 -0.073 -0.659 0.0 -0.749 0.073 -0.991 0.0 0.135 0.012 0.593 0.0 -0.798 0.105 0.996 0.0 0.076 -0.038 
-0.691 -0.03 -0.053 -0.72 -0.787 0.0 -0.594 0.169 -0.988 -0.0 -0.121 -0.097 0.728 -0.0 -0.677 0.104 0.991 -0.0 -0.115 -0.072 -0.659 -0.0 -0.749 0.073 -0.991 -0.0 0.135 0.012 0.594 0.0 -0.798 0.105 0.996 0.0 0.076 -0.038 
-0.692 -0.03 -0.053 -0.72 -0.787 -0.0 -0.594 0.169 -0.988 -0.0 -0.121 -0.097 0.728 0.0 -0.678 0.104 0.991 0.0 -0.115 -0.073 -0.659 -0.0 -0.749 0.073 -0.991 0.0 0.135 0.012 0.593 0.0 -0.798 0.105 0.996 -0.0 0.076 -0.038 
-0.692 -0.03 -0.053 -0.719 -0.787 -0.0 -0.593 0.169 -0.988 -0.0 -0.121 -0.096 0.728 0.0 -0.678 0.104 0.991 -0.0 -0.115 -0.073 -0.659 -0.0 -0.748 0.073 -0.991 -0.0 0.135 0.012 0.593 0.0 -0.798 0.105 0.996 -0.0 0.076 -0.038 
-0.692 -0.03 -0.053 -0.719 -0.787 -0.0 -0.593 0.169 -0.988 -0.0 -0.122 -0.097 0.728 -0.0 -0.678 0.103 0.991 0.0 -0.115 -0.072 -0.659 -0.0 -0.748 0.073 -0.991 -0.0 0.135 0.013 0.593 0.0 -0.798 0.106 0.996 0.0 0.076 -0.038 
-0.692 -0.03 -0.053 -0.72 -0.787 -0.0 -0.593 0.169 -0.988 -0.0 -0.122 -0.096 0.728 -0.0 -0.678 0.103 0.991 0.0 -0.115 -0.072 -0.659 -0.0 -0.748 0.073 -0.991 -0.0 0.135 0.013 0.593 0.0 -0.798 0.106 0.996 0.0 0.076 -0.038 
-0.692 -0.03 -0.053 -0.719 -0.787 -0.0 -0.593 0.169 -0.988 -0.0 -0.122 -0.096 0.728 0.0 -0.678 0.103 0.991 -0.0 -0.115 -0.072 -0.659 0.0 -0.748 0.073 -0.991 -0.0 0.135 0.013 0.593 0.0 -0.798 0.106 0.996 0.0 0.076 -0.038 
-0.692 -0.03 -0.053 -0.719 -0.787 -0.0 -0.593 0.169 -0.988 -0.0 -0.122 -0.096 0.728 0.0 -0.678 0.103 0.991 -0.0 -0.115 -0.072 -0.659 -0.0 -0.748 0.073 -0.991 0.0 0.135 0.013 0.593 0.0 -0.798 0.106 0.996 -0.0 0.076 -0.038 
-0.692 -0.03 -0.053 -0.719 -0.787 -0.0 -0.593 0.168 -0.988 -0.0 -0.122 -0.096 0.728 0.0 -0.678 0.103 0.991 0.0 -0.115 -0.072 -0.659 -0.0 -0.749 0.073 -0.991 -0.0 0.135 0.013 0.593 0.0 -0.798 0.106 0.996 0.0 0.076 -0.037 
-0.693 -0.03 -0.053 -0.719 -0.787 0.0 -0.593 0.169 -0.988 0.0 -0.123 -0.096 0.728 0.0 -0.678 0.103 0.991 0.0 -0.115 -0.072 -0.659 -0.0 -0.748 0.074 -0.991 0.0 0.135 0.013 0.593 0.0 -0.798 0.106 0.996 0.0 0.076 -0.037 
-0.693 -0.03 -0.053 -0.719 -0.787 -0.0 -0.593 0.168 -0.988 -0.0 -0.123 -0.096 0.728 0.0 -0.678 0.103 0.991 0.0 -0.115 -0.072 -0.659 -0.0 -0.748 0.074 -0.991 0.0 0.135 0.013 0.593 -0.0 -0.798 0.106 0.996 0.0 0.076 -0.037 
-0.693 -0.03 -0.053 -0.719 -0.787 0.0 -0.593 0.169 -0.988 0.0 -0.123 -0.096 0.728 0.0 -0.677 0.104 0.99 0.0 -0.117 -0.074 -0.659 0.0 -0.748 0.074 -0.991 -0.0 0.135 0.013 0.593 0.0 -0.798 0.106 0.996 0.0 0.076 -0.037 
-0.693 -0.03 -0.053 -0.719 -0.787 -0.0 -0.593 0.168 -0.988 -0.0 -0.123 -0.096 0.728 0.0 -0.678 0.104 0.99 0.0 -0.117 -0.074 -0.659 -0.0 -0.748 0.074 -0.991 0.0 0.135 0.013 0.593 0.0 -0.798 0.107 0.996 0.0 0.076 -0.037 
-0.693 -0.03 -0.054 -0.719 -0.788 -0.0 -0.593 0.168 -0.988 -0.0 -0.123 -0.096 0.728 -0.0 -0.678 0.103 0.991 0.0 -0.115 -0.072 -0.659 -0.0 -0.748 0.074 -0.991 -0.0 0.135 0.013 0.593 0.0 -0.798 0.107 0.996 0.0 0.076 -0.037 
-0.693 -0.03 -0.054 -0.719 -0.788 -0.0 -0.593 0.168 -0.988 -0.0 -0.123 -0.096 0.728 -0.0 -0.678 0.103 0.991 0.0 -0.115 -0.072 -0.66 -0.0 -0.748 0.074 -0.991 -0.0 0.135 0.013 0.593 -0.0 -0.798 0.107 0.996 0.0 0.076 -0.037 
-0.693 -0.03 -0.054 -0.719 -0.788 -0.0 -0.593 0.168 -0.988 -0.0 -0.123 -0.095 0.728 0.0 -0.678 0.103 0.991 0.0 -0.115 -0.072 -0.659 0.0 -0.748 0.074 -0.991 0.0 0.135 0.013 0.593 0.0 -0.798 0.107 0.996 0.0 0.076 -0.037 
-0.693 -0.03 -0.054 -0.719 -0.788 0.0 -0.593 0.168 -0.988 0.0 -0.123 -0.095 0.728 0.0 -0.678 0.103 0.991 0.0 -0.115 -0.072 -0.659 0.0 -0.748 0.074 -0.991 -0.0 0.135 0.013 0.593 0.0 -0.798 0.107 0.996 0.0 0.076 -0.037 
-0.693 -0.03 -0.054 -0.719 -0.788 -0.0 -0.593 0.167 -0.988 -0.0 -0.123 -0.095 0.728 0.0 -0.678 0.103 0.991 -0.0 -0.115 -0.072 -0.659 -0.0 -0.748 0.075 -0.991 -0.0 0.135 0.013 0.593 -0.0 -0.798 0.108 0.996 -0.0 0.076 -0.037 
-0.693 -0.03 -0.054 -0.718 -0.788 -0.0 -0.593 0.167 -0.988 0.0 -0.123 -0.096 0.728 0.0 -0.678 0.103 0.991 0.0 -0.115 -0.072 -0.66 -0.0 -0.748 0.075 -0.991 -0.0 0.135 0.014 0.593 0.0 -0.798 0.108 0.996 0.0 0.076 -0.036 
-0.693 -0.03 -0.055 -0.718 -0.788 -0.0 -0.592 0.168 -0.988 -0.0 -0.123 -0.096 0.728 0.0 -0.677 0.104 0.99 0.0 -0.117 -0.074 -0.66 0.0 -0.748 0.075 -0.991 -0.0 0.135 0.014 0.593 0.0 -0.798 0.108 0.996 0.0 0.076 -0.037 
-0.693 -0.03 -0.055 -0.718 -0.788 0.0 -0.592 0.167 -0.988 -0.0 -0.123 -0.096 0.728 0.0 -0.678 0.103 0.991 -0.0 -0.116 -0.072 -0.66 -0.0 -0.748 0.075 -0.991 -0.0 0.135 0.014 0.593 0.0 -0.798 0.108 0.996 0.0 0.076 -0.036 
-0.693 -0.03 -0.055 -0.718 -0.788 -0.0 -0.593 0.167 -0.988 -0.0 -0.122 -0.095 0.728 -0.0 -0.678 0.103 0.991 -0.0 -0.116 -0.072 -0.66 0.0 -0.748 0.075 -0.991 -0.0 0.136 0.014 0.592 0.0 -0.798 0.108 0.996 0.0 0.076 -0.036 
-0.693 -0.03 -0.054 -0.718 -0.788 -0.0 -0.593 0.167 -0.988 0.0 -0.122 -0.096 0.728 0.0 -0.677 0.104 0.99 0.0 -0.117 -0.073 -0.66 -0.0 -0.748 0.074 -0.991 -0.0 0.136 0.014 0.592 0.0 -0.798 0.108 0.996 -0.0 0.077 -0.036 
-0.693 -0.029 -0.055 -0.718 -0.788 -0.0 -0.593 0.168 -0.988 -0.0 -0.123 -0.096 0.728 0.0 -0.678 0.103 0.991 0.0 -0.116 -0.072 -0.66 -0.0 -0.748 0.075 -0.991 -0.0 0.136 0.013 0.592 0.0 -0.798 0.109 0.996 0.0 0.077 -0.036 
-0.693 -0.03 -0.055 -0.718 -0.788 -0.0 -0.593 0.168 -0.988 -0.0 -0.122 -0.097 0.728 -0.0 -0.677 0.103 0.991 -0.0 -0.116 -0.072 -0.66 -0.0 -0.748 0.075 -0.991 0.0 0.135 0.013 0.592 0.0 -0.798 0.109 0.996 0.0 0.076 -0.036 
-0.693 -0.03 -0.055 -0.718 -0.788 -0.0 -0.593 0.168 -0.988 0.0 -0.122 -0.097 0.728 0.0 -0.678 0.103 0.991 -0.0 -0.116 -0.072 -0.66 -0.0 -0.747 0.075 -0.991 -0.0 0.136 0.014 0.592 0.0 -0.798 0.109 0.996 -0.0 0.076 -0.036 
-0.693 -0.03 -0.055 -0.718 -0.787 -0.0 -0.593 0.169 -0.988 -0.0 -0.122 -0.097 0.728 -0.0 -0.677 0.104 0.99 0.0 -0.117 -0.074 -0.66 -0.0 -0.747 0.075 -0.991 -0.0 0.135 0.013 0.592 0.0 -0.798 0.109 0.996 0.0 0.076 -0.036 
-0.693 -0.03 -0.055 -0.718 -0.787 -0.0 -0.593 0.169 -0.988 -0.0 -0.122 -0.097 0.728 0.0 -0.678 0.103 0.991 0.0 -0.116 -0.072 -0.66 -0.0 -0.747 0.076 -0.991 -0.0 0.135 0.013 0.592 0.0 -0.798 0.109 0.996 0.0 0.076 -0.036 
-0.693 -0.03 -0.055 -0.718 -0.787 0.0 -0.593 0.169 -0.988 -0.0 -0.122 -0.097 0.729 0.0 -0.677 0.104 0.99 0.0 -0.117 -0.074 -0.66 -0.0 -0.747 0.076 -0.991 -0.0 0.136 0.013 0.592 0.0 -0.798 0.109 0.996 0.0 0.076 -0.036 
-0.694 -0.029 -0.055 -0.718 -0.787 -0.0 -0.593 0.169 -0.988 -0.0 -0.122 -0.098 0.728 0.0 -0.677 0.103 0.991 0.0 -0.116 -0.072 -0.66 0.0 -0.747 0.076 -0.991 -0.0 0.136 0.013 0.592 0.0 -0.798 0.11 0.996 0.0 0.076 -0.036 
-0.694 -0.029 -0.055 -0.718 -0.787 0.0 -0.594 0.169 -0.988 -0.0 -0.121 -0.098 0.728 0.0 -0.677 0.103 0.991 0.0 -0.116 -0.072 -0.66 -0.0 -0.747 0.076 -0.991 -0.0 0.136 0.013 0.592 0.0 -0.798 0.11 0.996 0.0 0.076 -0.037 
-0.694 -0.03 -0.055 -0.717 -0.787 -0.0 -0.594 0.168 -0.988 0.0 -0.121 -0.098 0.729 0.0 -0.677 0.105 0.99 0.0 -0.117 -0.074 -0.66 -0.0 -0.747 0.075 -0.991 -0.0 0.135 0.013 0.592 0.0 -0.799 0.109 0.996 0.0 0.076 -0.036 
-0.694 -0.029 -0.055 -0.717 -0.787 0.0 -0.594 0.169 -0.988 -0.0 -0.121 -0.098 0.728 0.0 -0.677 0.103 0.991 0.0 -0.116 -0.072 -0.66 -0.0 -0.747 0.076 -0.991 -0.0 0.135 0.013 0.592 0.0 -0.798 0.11 0.996 0.0 0.076 -0.036 
-0.694 -0.029 -0.055 -0.717 -0.787 0.0 -0.594 0.169 -0.988 -0.0 -0.121 -0.098 0.728 0.0 -0.677 0.103 0.991 0.0 -0.116 -0.073 -0.66 -0.0 -0.747 0.076 -0.991 -0.0 0.136 0.012 0.592 -0.0 -0.798 0.11 0.996 0.0 0.076 -0.037 
-0.694 -0.03 -0.055 -0.717 -0.787 0.0 -0.594 0.17 -0.988 0.0 -0.121 -0.098 0.728 0.0 -0.677 0.104 0.99 0.0 -0.117 -0.075 -0.66 -0.0 -0.747 0.076 -0.991 -0.0 0.136 0.012 0.592 0.0 -0.798 0.11 0.996 0.0 0.076 -0.037 
-0.694 -0.029 -0.055 -0.717 -0.787 0.0 -0.594 0.17 -0.988 0.0 -0.121 -0.098 0.728 -0.0 -0.677 0.104 0.99 0.0 -0.117 -0.074 -0.66 -0.0 -0.747 0.076 -0.991 -0.0 0.136 0.012 0.592 0.0 -0.798 0.11 0.996 0.0 0.076 -0.037 
-0.694 -0.029 -0.055 -0.717 -0.786 0.0 -0.594 0.17 -0.988 -0.0 -0.121 -0.098 0.729 0.0 -0.677 0.104 0.99 -0.0 -0.117 -0.074 -0.66 0.0 -0.747 0.076 -0.991 0.0 0.136 0.012 0.592 0.0 -0.798 0.11 0.996 0.0 0.076 -0.037 
-0.694 -0.029 -0.055 -0.717 -0.786 0.0 -0.594 0.17 -0.988 -0.0 -0.122 -0.098 0.729 -0.0 -0.677 0.103 0.991 0.0 -0.115 -0.072 -0.66 -0.0 -0.747 0.076 -0.991 0.0 0.136 0.012 0.592 -0.0 -0.798 0.11 0.996 0.0 0.076 -0.037 
-0.694 -0.029 -0.055 -0.717 -0.787 -0.0 -0.594 0.17 -0.988 -0.0 -0.122 -0.098 0.729 -0.0 -0.677 0.103 0.991 0.0 -0.115 -0.072 -0.66 -0.0 -0.747 0.077 -0.991 -0.0 0.136 0.012 0.592 0.0 -0.798 0.11 0.996 0.0 0.076 -0.037 
-0.694 -0.029 -0.055 -0.717 -0.787 -0.0 -0.594 0.17 -0.988 -0.0 -0.122 -0.098 0.729 0.0 -0.677 0.103 0.991 0.0 -0.115 -0.072 -0.66 -0.0 -0.747 0.076 -0.991 -0.0 0.136 0.012 0.592 0.0 -0.798 0.11 0.996 0.0 0.076 -0.037 
-0.694 -0.029 -0.055 -0.717 -0.787 0.0 -0.593 0.17 -0.988 -0.0 -0.122 -0.098 0.728 0.0 -0.677 0.102 0.991 0.0 -0.115 -0.073 -0.66 -0.0 -0.747 0.076 -0.991 -0.0 0.136 0.012 0.592 0.0 -0.798 0.11 0.996 0.0 0.076 -0.037 
-0.695 -0.03 -0.055 -0.717 -0.787 -0.0 -0.593 0.171 -0.988 -0.0 -0.122 -0.098 0.729 0.0 -0.677 0.102 0.991 0.0 -0.115 -0.073 -0.66 0.0 -0.747 0.076 -0.991 -0.0 0.136 0.012 0.592 -0.0 -0.798 0.11 0.996 -0.0 0.076 -0.037 
-0.695 -0.03 -0.055 -0.716 -0.787 -0.0 -0.593 0.171 -0.988 -0.0 -0.122 -0.098 0.729 0.0 -0.677 0.102 0.991 0.0 -0.115 -0.073 -0.661 -0.0 -0.747 0.076 -0.991 -0.0 0.136 0.012 0.592 -0.0 -0.798 0.11 0.996 0.0 0.076 -0.037 
-0.695 -0.029 -0.055 -0.716 -0.786 -0.0 -0.594 0.171 -0.988 -0.0 -0.123 -0.098 0.729 0.0 -0.677 0.102 0.991 0.0 -0.115 -0.073 -0.66 -0.0 -0.747 0.076 -0.991 -0.0 0.136 0.012 0.592 -0.0 -0.798 0.11 0.996 0.0 0.075 -0.037 
-0.695 -0.029 -0.055 -0.716 -0.786 -0.0 -0.594 0.171 -0.988 -0.0 -0.123 -0.098 0.729 0.0 -0.677 0.102 0.991 -0.0 -0.115 -0.073 -0.66 -0.0 -0.747 0.076 -0.991 -0.0 0.136 0.012 0.592 0.0 -0.798 0.11 0.996 0.0 0.076 -0.037 
-0.695 -0.029 -0.055 -0.716 -0.786 -0.0 -0.594 0.171 -0.988 -0.0 -0.123 -0.098 0.729 0.0 -0.676 0.103 0.99 0.0 -0.116 -0.075 -0.66 -0.0 -0.747 0.076 -0.991 -0.0 0.136 0.012 0.592 0.0 -0.798 0.111 0.996 0.0 0.076 -0.037 
-0.695 -0.029 -0.055 -0.716 -0.786 -0.0 -0.594 0.171 -0.988 -0.0 -0.123 -0.098 0.729 0.0 -0.677 0.102 0.991 0.0 -0.115 -0.073 -0.66 -0.0 -0.747 0.076 -0.991 -0.0 0.136 0.011 0.592 0.0 -0.798 0.111 0.996 -0.0 0.076 -0.037 
-0.695 -0.029 -0.055 -0.716 -0.787 -0.0 -0.593 0.171 -0.988 -0.0 -0.123 -0.098 0.729 0.0 -0.677 0.102 0.991 0.0 -0.115 -0.073 -0.661 0.0 -0.747 0.076 -0.991 -0.0 0.136 0.011 0.592 0.0 -0.798 0.111 0.996 0.0 0.076 -0.038 
-0.695 -0.03 -0.055 -0.716 -0.787 -0.0 -0.593 0.171 -0.988 -0.0 -0.123 -0.098 0.729 0.0 -0.677 0.102 0.991 0.0 -0.116 -0.074 -0.661 -0.0 -0.747 0.076 -0.991 -0.0 0.136 0.011 0.592 0.0 -0.799 0.111 0.996 0.0 0.076 -0.038 
-0.695 -0.03 -0.055 -0.716 -0.786 -0.0 -0.594 0.171 -0.988 -0.0 -0.123 -0.098 0.729 0.0 -0.677 0.102 0.991 0.0 -0.116 -0.074 -0.661 -0.0 -0.747 0.076 -0.991 -0.0 0.136 0.011 0.592 0.0 -0.798 0.111 0.996 0.0 0.075 -0.038 
-0.695 -0.029 -0.055 -0.716 -0.786 0.0 -0.594 0.171 -0.988 -0.0 -0.123 -0.097 0.73 0.0 -0.676 0.101 0.991 -0.0 -0.116 -0.074 -0.66 -0.0 -0.747 0.076 -0.991 -0.0 0.136 0.011 0.592 0.0 -0.798 0.112 0.996 0.0 0.075 -0.038 
-0.695 -0.029 -0.055 -0.716 -0.786 -0.0 -0.594 0.171 -0.988 -0.0 -0.123 -0.097 0.73 0.0 -0.676 0.103 0.99 0.0 -0.117 -0.076 -0.66 -0.0 -0.747 0.077 -0.991 -0.0 0.136 0.011 0.592 0.0 -0.798 0.112 0.996 0.0 0.075 -0.038 
-0.695 -0.029 -0.055 -0.716 -0.786 -0.0 -0.594 0.172 -0.988 -0.0 -0.123 -0.097 0.73 0.0 -0.676 0.101 0.991 0.0 -0.115 -0.074 -0.66 -0.0 -0.747 0.077 -0.991 0.0 0.136 0.011 0.592 0.0 -0.798 0.112 0.996 0.0 0.075 -0.039 
-0.695 -0.029 -0.055 -0.716 -0.786 -0.0 -0.594 0.172 -0.988 -0.0 -0.123 -0.097 0.73 0.0 -0.676 0.101 0.99 0.0 -0.116 -0.074 -0.66 -0.0 -0.747 0.077 -0.991 -0.0 0.136 0.01 0.592 0.0 -0.798 0.112 0.996 0.0 0.075 -0.039 
-0.695 -0.029 -0.055 -0.716 -0.786 -0.0 -0.594 0.172 -0.988 -0.0 -0.123 -0.097 0.73 0.0 -0.676 0.101 0.99 -0.0 -0.116 -0.074 -0.66 0.0 -0.747 0.077 -0.991 0.0 0.136 0.01 0.592 0.0 -0.798 0.112 0.996 0.0 0.075 -0.039 
-0.695 -0.029 -0.055 -0.716 -0.786 -0.0 -0.594 0.172 -0.988 -0.0 -0.123 -0.097 0.73 0.0 -0.676 0.101 0.991 0.0 -0.116 -0.074 -0.661 0.0 -0.747 0.077 -0.991 -0.0 0.136 0.01 0.592 0.0 -0.798 0.112 0.996 0.0 0.075 -0.039 
-0.695 -0.029 -0.055 -0.716 -0.786 -0.0 -0.594 0.173 -0.988 -0.0 -0.123 -0.098 0.73 0.0 -0.676 0.1 0.991 0.0 -0.115 -0.074 -0.66 -0.0 -0.747 0.077 -0.991 -0.0 0.136 0.01 0.592 0.0 -0.798 0.113 0.996 0.0 0.075 -0.039 
-0.695 -0.029 -0.055 -0.716 -0.786 -0.0 -0.594 0.173 -0.987 -0.0 -0.123 -0.098 0.73 0.0 -0.676 0.1 0.991 0.0 -0.115 -0.075 -0.66 0.0 -0.747 0.077 -0.991 -0.0 0.136 0.01 0.592 0.0 -0.798 0.112 0.996 0.0 0.075 -0.039 
-0.695 -0.029 -0.055 -0.716 -0.786 -0.0 -0.594 0.174 -0.987 0.0 -0.124 -0.099 0.73 0.0 -0.676 0.1 0.991 0.0 -0.115 -0.075 -0.66 0.0 -0.747 0.077 -0.991 -0.0 0.136 0.01 0.592 -0.0 -0.798 0.113 0.996 0.0 0.075 -0.039 
-0.695 -0.029 -0.055 -0.716 -0.785 -0.0 -0.594 0.175 -0.987 -0.0 -0.123 -0.1 0.73 0.0 -0.676 0.1 0.991 0.0 -0.114 -0.075 -0.66 -0.0 -0.747 0.078 -0.991 0.0 0.136 0.01 0.592 0.0 -0.798 0.113 0.996 0.0 0.075 -0.039 
-0.695 -0.029 -0.055 -0.716 -0.785 0.0 -0.594 0.175 -0.987 -0.0 -0.123 -0.101 0.73 -0.0 -0.676 0.101 0.99 0.0 -0.115 -0.077 -0.66 -0.0 -0.747 0.078 -0.991 -0.0 0.136 0.01 0.592 0.0 -0.798 0.113 0.996 0.0 0.075 -0.039 
-0.695 -0.029 -0.055 -0.716 -0.785 -0.0 -0.594 0.176 -0.987 -0.0 -0.123 -0.101 0.73 0.0 -0.676 0.099 0.991 0.0 -0.114 -0.075 -0.661 -0.0 -0.747 0.078 -0.991 -0.0 0.136 0.01 0.592 0.0 -0.798 0.113 0.996 0.0 0.075 -0.039 
-0.695 -0.029 -0.055 -0.716 -0.785 -0.0 -0.594 0.177 -0.987 -0.0 -0.123 -0.103 0.73 0.0 -0.676 0.099 0.991 -0.0 -0.113 -0.075 -0.66 -0.0 -0.747 0.078 -0.991 -0.0 0.136 0.01 0.592 0.0 -0.798 0.113 0.996 -0.0 0.075 -0.039 
-0.695 -0.029 -0.055 -0.716 -0.784 0.0 -0.594 0.179 -0.987 0.0 -0.123 -0.105 0.73 -0.0 -0.676 0.099 0.991 0.0 -0.113 -0.075 -0.66 -0.0 -0.747 0.078 -0.991 -0.0 0.136 0.01 0.592 0.0 -0.798 0.113 0.996 0.0 0.075 -0.039 
-0.695 -0.029 -0.055 -0.717 -0.784 -0.0 -0.594 0.18 -0.987 -0.0 -0.123 -0.106 0.73 -0.0 -0.676 0.099 0.991 0.0 -0.113 -0.075 -0.66 -0.0 -0.747 0.079 -0.991 -0.0 0.136 0.01 0.592 0.0 -0.798 0.114 0.996 0.0 0.075 -0.039 
-0.695 -0.029 -0.055 -0.717 -0.783 -0.0 -0.595 0.181 -0.987 -0.0 -0.122 -0.108 0.73 0.0 -0.676 0.099 0.991 0.0 -0.112 -0.075 -0.66 -0.0 -0.747 0.078 -0.991 -0.0 0.136 0.01 0.592 0.0 -0.798 0.113 0.996 -0.0 0.075 -0.039 
-0.694 -0.029 -0.055 -0.717 -0.783 -0.0 -0.595 0.183 -0.986 -0.0 -0.122 -0.111 0.73 0.0 -0.676 0.1 0.991 0.0 -0.114 -0.077 -0.66 0.0 -0.747 0.079 -0.991 -0.0 0.136 0.01 0.592 0.0 -0.798 0.114 0.996 0.0 0.075 -0.039 
-0.694 -0.029 -0.055 -0.717 -0.782 -0.0 -0.595 0.184 -0.986 -0.0 -0.121 -0.114 0.73 0.0 -0.676 0.099 0.991 0.0 -0.112 -0.075 -0.661 -0.0 -0.747 0.079 -0.991 -0.0 0.135 0.01 0.592 0.0 -0.798 0.114 0.996 0.0 0.075 -0.039 
-0.694 -0.029 -0.055 -0.718 -0.782 -0.0 -0.595 0.186 -0.986 -0.0 -0.121 -0.115 0.73 -0.0 -0.676 0.1 0.991 0.0 -0.113 -0.077 -0.661 -0.0 -0.747 0.079 -0.991 -0.0 0.135 0.01 0.592 0.0 -0.798 0.114 0.996 0.0 0.075 -0.039 
-0.694 -0.029 -0.055 -0.718 -0.782 0.0 -0.595 0.187 -0.986 -0.0 -0.12 -0.117 0.73 0.0 -0.677 0.099 0.991 0.0 -0.112 -0.076 -0.661 -0.0 -0.747 0.079 -0.991 0.0 0.135 0.01 0.592 0.0 -0.798 0.114 0.996 0.0 0.075 -0.04 
-0.693 -0.029 -0.055 -0.718 -0.781 0.0 -0.596 0.188 -0.986 -0.0 -0.12 -0.119 0.73 0.0 -0.677 0.099 0.991 0.0 -0.111 -0.076 -0.66 -0.0 -0.747 0.079 -0.991 -0.0 0.135 0.011 0.592 0.0 -0.798 0.113 0.996 -0.0 0.075 -0.04 
-0.693 -0.029 -0.055 -0.718 -0.78 -0.0 -0.596 0.189 -0.986 -0.0 -0.12 -0.12 0.73 0.0 -0.677 0.099 0.991 0.0 -0.111 -0.076 -0.66 -0.0 -0.747 0.079 -0.991 -0.0 0.135 0.011 0.592 -0.0 -0.798 0.113 0.996 0.0 0.075 -0.04 
-0.693 -0.029 -0.055 -0.718 -0.78 0.0 -0.596 0.19 -0.985 0.0 -0.119 -0.122 0.729 0.0 -0.677 0.099 0.991 0.0 -0.11 -0.076 -0.66 -0.0 -0.747 0.079 -0.991 -0.0 0.135 0.011 0.592 0.0 -0.798 0.113 0.996 0.0 0.075 -0.04 
-0.692 -0.029 -0.055 -0.719 -0.78 -0.0 -0.596 0.191 -0.985 0.0 -0.118 -0.123 0.729 0.0 -0.677 0.099 0.991 -0.0 -0.11 -0.076 -0.661 -0.0 -0.747 0.079 -0.991 -0.0 0.135 0.011 0.592 0.0 -0.798 0.113 0.996 -0.0 0.075 -0.04 
-0.692 -0.029 -0.055 -0.719 -0.779 0.0 -0.596 0.192 -0.985 -0.0 -0.117 -0.124 0.729 0.0 -0.677 0.101 0.991 0.0 -0.111 -0.078 -0.661 -0.0 -0.746 0.079 -0.991 -0.0 0.135 0.011 0.592 0.0 -0.798 0.113 0.996 0.0 0.075 -0.04 
-0.691 -0.029 -0.055 -0.72 -0.779 -0.0 -0.596 0.193 -0.985 0.0 -0.117 -0.125 0.729 0.0 -0.677 0.101 0.991 -0.0 -0.111 -0.078 -0.661 0.0 -0.747 0.079 -0.991 -0.0 0.135 0.011 0.592 0.0 -0.798 0.113 0.996 0.0 0.075 -0.04 
-0.691 -0.029 -0.055 -0.72 -0.779 0.0 -0.597 0.194 -0.985 -0.0 -0.116 -0.126 0.729 0.0 -0.678 0.1 0.991 0.0 -0.11 -0.076 -0.66 -0.0 -0.747 0.08 -0.991 0.0 0.135 0.011 0.592 0.0 -0.798 0.114 0.996 0.0 0.075 -0.04 
-0.69 -0.028 -0.055 -0.721 -0.778 -0.0 -0.597 0.195 -0.985 -0.0 -0.116 -0.127 0.729 0.0 -0.677 0.1 0.991 0.0 -0.11 -0.076 -0.66 -0.0 -0.747 0.081 -0.991 -0.0 0.135 0.01 0.593 0.0 -0.797 0.114 0.996 0.0 0.075 -0.04 
-0.69 -0.028 -0.055 -0.721 -0.778 -0.0 -0.598 0.195 -0.985 -0.0 -0.115 -0.128 0.729 0.0 -0.678 0.1 0.991 0.0 -0.109 -0.076 -0.66 0.0 -0.747 0.081 -0.991 -0.0 0.135 0.01 0.593 0.0 -0.797 0.114 0.996 0.0 0.075 -0.04 
-0.689 -0.028 -0.055 -0.722 -0.777 0.0 -0.598 0.195 -0.985 0.0 -0.115 -0.129 0.729 -0.0 -0.678 0.1 0.991 0.0 -0.109 -0.075 -0.66 -0.0 -0.747 0.082 -0.991 -0.0 0.135 0.01 0.593 -0.0 -0.797 0.114 0.996 0.0 0.075 -0.041 
-0.689 -0.028 -0.055 -0.722 -0.777 0.0 -0.598 0.196 -0.985 0.0 -0.115 -0.129 0.728 0.0 -0.678 0.1 0.991 0.0 -0.109 -0.075 -0.66 -0.0 -0.747 0.082 -0.991 -0.0 0.135 0.01 0.593 0.0 -0.797 0.115 0.996 0.0 0.075 -0.04 
-0.689 -0.028 -0.056 -0.723 -0.777 -0.0 -0.598 0.196 -0.985 -0.0 -0.114 -0.13 0.728 -0.0 -0.678 0.102 0.991 0.0 -0.11 -0.077 -0.66 0.0 -0.747 0.083 -0.991 -0.0 0.135 0.01 0.592 0.0 -0.797 0.115 0.996 -0.0 0.075 -0.041 
-0.688 -0.028 -0.056 -0.723 -0.777 0.0 -0.598 0.196 -0.985 -0.0 -0.114 -0.131 0.728 0.0 -0.678 0.1 0.991 0.0 -0.109 -0.074 -0.66 -0.0 -0.747 0.083 -0.991 -0.0 0.135 0.01 0.592 0.0 -0.797 0.115 0.996 0.0 0.075 -0.041 
-0.688 -0.028 -0.056 -0.723 -0.777 -0.0 -0.598 0.196 -0.985 -0.0 -0.114 -0.131 0.728 -0.0 -0.678 0.102 0.991 -0.0 -0.11 -0.076 -0.66 -0.0 -0.747 0.084 -0.991 -0.0 0.135 0.01 0.592 -0.0 -0.797 0.115 0.996 0.0 0.075 -0.041 
-0.687 -0.028 -0.056 -0.724 -0.777 -0.0 -0.598 0.196 -0.985 -0.0 -0.115 -0.131 0.728 0.0 -0.678 0.102 0.991 0.0 -0.11 -0.076 -0.66 -0.0 -0.747 0.084 -0.991 -0.0 0.135 0.009 0.593 0.0 -0.797 0.115 0.996 0.0 0.075 -0.04 
-0.687 -0.028 -0.056 -0.724 -0.777 -0.0 -0.598 0.196 -0.985 -0.0 -0.115 -0.131 0.728 0.0 -0.678 0.101 0.991 -0.0 -0.109 -0.074 -0.66 -0.0 -0.747 0.085 -0.991 -0.0 0.134 0.009 0.593 0.0 -0.797 0.116 0.996 0.0 0.075 -0.041 
-0.687 -0.028 -0.056 -0.724 -0.777 -0.0 -0.598 0.195 -0.985 -0.0 -0.115 -0.131 0.728 -0.0 -0.678 0.101 0.991 0.0 -0.11 -0.073 -0.66 -0.0 -0.747 0.085 -0.991 -0.0 0.135 0.009 0.593 0.0 -0.797 0.116 0.996 0.0 0.075 -0.04 
-0.686 -0.028 -0.056 -0.725 -0.778 -0.0 -0.598 0.195 -0.985 -0.0 -0.115 -0.131 0.728 0.0 -0.678 0.101 0.991 0.0 -0.11 -0.073 -0.66 -0.0 -0.746 0.086 -0.991 -0.0 0.135 0.009 0.592 0.0 -0.797 0.116 0.996 0.0 0.075 -0.041 
-0.686 -0.028 -0.056 -0.725 -0.778 0.0 -0.597 0.195 -0.985 -0.0 -0.115 -0.131 0.728 0.0 -0.678 0.101 0.991 0.0 -0.11 -0.073 -0.66 -0.0 -0.746 0.086 -0.991 0.0 0.135 0.009 0.592 0.0 -0.797 0.116 0.996 -0.0 0.075 -0.04 
-0.686 -0.028 -0.057 -0.725 -0.778 -0.0 -0.597 0.194 -0.985 0.0 -0.115 -0.131 0.728 0.0 -0.677 0.103 0.991 0.0 -0.112 -0.076 -0.66 0.0 -0.746 0.086 -0.991 -0.0 0.135 0.01 0.592 0.0 -0.797 0.116 0.996 0.0 0.075 -0.04 
-0.686 -0.028 -0.057 -0.725 -0.779 -0.0 -0.597 0.194 -0.985 -0.0 -0.116 -0.131 0.729 0.0 -0.677 0.103 0.991 -0.0 -0.112 -0.076 -0.66 -0.0 -0.746 0.086 -0.991 -0.0 0.134 0.009 0.592 0.0 -0.797 0.117 0.996 -0.0 0.075 -0.041 
-0.685 -0.028 -0.057 -0.725 -0.779 -0.0 -0.596 0.193 -0.985 -0.0 -0.116 -0.13 0.729 0.0 -0.677 0.103 0.991 0.0 -0.113 -0.076 -0.66 0.0 -0.746 0.087 -0.991 -0.0 0.135 0.009 0.592 0.0 -0.797 0.117 0.996 0.0 0.075 -0.04 
-0.685 -0.028 -0.057 -0.726 -0.779 -0.0 -0.596 0.193 -0.985 -0.0 -0.117 -0.13 0.729 0.0 -0.677 0.102 0.991 0.0 -0.112 -0.074 -0.66 0.0 -0.746 0.087 -0.991 -0.0 0.134 0.009 0.592 0.0 -0.797 0.117 0.996 0.0 0.075 -0.04 
-0.685 -0.028 -0.057 -0.725 -0.78 -0.0 -0.596 0.193 -0.985 -0.0 -0.117 -0.129 0.729 0.0 -0.677 0.102 0.991 0.0 -0.112 -0.074 -0.661 -0.0 -0.746 0.087 -0.991 -0.0 0.134 0.009 0.592 0.0 -0.797 0.116 0.996 0.0 0.075 -0.04 
-0.685 -0.028 -0.057 -0.725 -0.78 -0.0 -0.596 0.193 -0.985 -0.0 -0.118 -0.129 0.729 0.0 -0.677 0.102 0.991 0.0 -0.113 -0.075 -0.661 0.0 -0.746 0.087 -0.991 0.0 0.134 0.009 0.592 0.0 -0.798 0.116 0.996 0.0 0.075 -0.04 
-0.685 -0.029 -0.057 -0.726 -0.78 -0.0 -0.595 0.192 -0.985 0.0 -0.118 -0.128 0.729 -0.0 -0.677 0.102 0.991 0.0 -0.113 -0.075 -0.661 -0.0 -0.746 0.086 -0.991 -0.0 0.135 0.01 0.592 0.0 -0.798 0.116 0.996 0.0 0.075 -0.04 
-0.685 -0.028 -0.057 -0.726 -0.78 0.0 -0.595 0.193 -0.985 0.0 -0.119 -0.128 0.729 0.0 -0.677 0.102 0.991 0.0 -0.113 -0.075 -0.66 -0.0 -0.746 0.087 -0.991 -0.0 0.135 0.009 0.592 0.0 -0.797 0.117 0.996 0.0 0.075 -0.04 
-0.685 -0.028 -0.057 -0.726 -0.78 -0.0 -0.595 0.192 -0.985 -0.0 -0.119 -0.128 0.729 0.0 -0.677 0.101 0.991 0.0 -0.113 -0.075 -0.66 0.0 -0.746 0.088 -0.991 0.0 0.135 0.009 0.592 0.0 -0.797 0.117 0.996 0.0 0.075 -0.04 
-0.685 -0.028 -0.057 -0.726 -0.78 -0.0 -0.595 0.192 -0.985 0.0 -0.12 -0.127 0.73 -0.0 -0.676 0.101 0.991 0.0 -0.113 -0.075 -0.66 -0.0 -0.746 0.088 -0.991 -0.0 0.135 0.009 0.592 0.0 -0.797 0.117 0.996 0.0 0.075 -0.04 
-0.685 -0.028 -0.057 -0.726 -0.78 -0.0 -0.595 0.192 -0.985 -0.0 -0.12 -0.127 0.73 0.0 -0.676 0.101 0.991 0.0 -0.113 -0.075 -0.66 0.0 -0.746 0.087 -0.991 -0.0 0.135 0.009 0.592 0.0 -0.797 0.117 0.996 0.0 0.075 -0.04 
-0.685 -0.028 -0.057 -0.726 -0.78 -0.0 -0.595 0.192 -0.985 0.0 -0.12 -0.127 0.73 0.0 -0.676 0.101 0.991 0.0 -0.113 -0.075 -0.66 -0.0 -0.746 0.087 -0.991 0.0 0.135 0.009 0.592 0.0 -0.797 0.117 0.996 0.0 0.075 -0.04 
-0.686 -0.029 -0.057 -0.725 -0.781 -0.0 -0.594 0.192 -0.985 -0.0 -0.12 -0.126 0.729 0.0 -0.677 0.1 0.991 0.0 -0.113 -0.075 -0.661 -0.0 -0.745 0.086 -0.991 -0.0 0.134 0.01 0.592 0.0 -0.798 0.117 0.996 0.0 0.075 -0.04 
-0.685 -0.028 -0.057 -0.726 -0.781 -0.0 -0.595 0.192 -0.985 -0.0 -0.12 -0.125 0.73 0.0 -0.676 0.1 0.991 0.0 -0.113 -0.076 -0.66 -0.0 -0.746 0.088 -0.991 -0.0 0.135 0.009 0.592 0.0 -0.797 0.117 0.996 0.0 0.075 -0.04 
-0.685 -0.028 -0.057 -0.725 -0.781 0.0 -0.595 0.192 -0.985 -0.0 -0.12 -0.126 0.73 0.0 -0.676 0.1 0.991 0.0 -0.113 -0.076 -0.66 -0.0 -0.746 0.087 -0.991 0.0 0.135 0.009 0.592 0.0 -0.797 0.117 0.996 0.0 0.075 -0.04 
-0.686 -0.028 -0.057 -0.725 -0.78 -0.0 -0.595 0.192 -0.985 -0.0 -0.12 -0.126 0.73 0.0 -0.677 0.099 0.991 0.0 -0.113 -0.076 -0.66 0.0 -0.746 0.087 -0.991 -0.0 0.135 0.009 0.592 0.0 -0.797 0.117 0.996 0.0 0.075 -0.04 
-0.686 -0.028 -0.057 -0.725 -0.78 -0.0 -0.595 0.193 -0.985 0.0 -0.121 -0.126 0.73 -0.0 -0.677 0.099 0.991 0.0 -0.112 -0.077 -0.66 -0.0 -0.746 0.087 -0.991 -0.0 0.135 0.009 0.592 0.0 -0.797 0.117 0.996 0.0 0.075 -0.04 
-0.686 -0.028 -0.057 -0.725 -0.78 -0.0 -0.595 0.193 -0.985 -0.0 -0.12 -0.126 0.73 0.0 -0.677 0.099 0.991 0.0 -0.112 -0.076 -0.66 -0.0 -0.746 0.087 -0.991 -0.0 0.135 0.009 0.592 0.0 -0.797 0.117 0.996 -0.0 0.075 -0.04 
-0.686 -0.028 -0.057 -0.725 -0.78 0.0 -0.595 0.193 -0.985 -0.0 -0.12 -0.125 0.73 0.0 -0.677 0.1 0.991 0.0 -0.113 -0.079 -0.66 -0.0 -0.746 0.087 -0.991 -0.0 0.135 0.009 0.592 0.0 -0.797 0.117 0.996 0.0 0.075 -0.04 
-0.686 -0.029 -0.057 -0.725 -0.78 -0.0 -0.595 0.193 -0.985 0.0 -0.121 -0.125 0.729 0.0 -0.677 0.098 0.991 0.0 -0.111 -0.076 -0.66 -0.0 -0.746 0.087 -0.991 -0.0 0.135 0.009 0.592 0.0 -0.797 0.117 0.996 0.0 0.075 -0.04 
-0.686 -0.029 -0.057 -0.724 -0.78 -0.0 -0.595 0.192 -0.985 0.0 -0.12 -0.125 0.729 0.0 -0.677 0.098 0.991 0.0 -0.111 -0.077 -0.66 -0.0 -0.746 0.087 -0.991 -0.0 0.135 0.009 0.592 0.0 -0.797 0.117 0.996 0.0 0.075 -0.04 
-0.687 -0.029 -0.057 -0.724 -0.781 -0.0 -0.595 0.192 -0.985 -0.0 -0.121 -0.124 0.729 0.0 -0.678 0.098 0.991 0.0 -0.11 -0.077 -0.661 -0.0 -0.745 0.086 -0.991 0.0 0.134 0.01 0.592 0.0 -0.798 0.117 0.996 0.0 0.075 -0.04 
-0.687 -0.028 -0.057 -0.724 -0.78 -0.0 -0.595 0.192 -0.985 -0.0 -0.12 -0.124 0.729 0.0 -0.678 0.097 0.991 0.0 -0.11 -0.077 -0.66 -0.0 -0.746 0.087 -0.991 -0.0 0.135 0.009 0.592 0.0 -0.797 0.118 0.996 0.0 0.075 -0.04 
-0.687 -0.028 -0.057 -0.724 -0.78 -0.0 -0.595 0.192 -0.985 -0.0 -0.12 -0.124 0.729 0.0 -0.678 0.097 0.991 0.0 -0.11 -0.077 -0.66 -0.0 -0.746 0.087 -0.991 -0.0 0.135 0.009 0.592 0.0 -0.797 0.117 0.996 0.0 0.075 -0.04 
-0.687 -0.028 -0.057 -0.724 -0.78 0.0 -0.595 0.191 -0.985 -0.0 -0.12 -0.123 0.729 0.0 -0.678 0.097 0.991 -0.0 -0.109 -0.077 -0.66 -0.0 -0.746 0.087 -0.991 0.0 0.135 0.009 0.592 0.0 -0.797 0.117 0.996 0.0 0.075 -0.04 
-0.687 -0.029 -0.057 -0.724 -0.78 0.0 -0.595 0.191 -0.985 0.0 -0.12 -0.123 0.729 -0.0 -0.678 0.098 0.991 0.0 -0.11 -0.079 -0.66 0.0 -0.746 0.087 -0.991 -0.0 0.135 0.009 0.592 0.0 -0.797 0.118 0.996 0.0 0.075 -0.04 
-0.688 -0.029 -0.057 -0.723 -0.781 -0.0 -0.595 0.19 -0.985 -0.0 -0.121 -0.122 0.728 0.0 -0.678 0.098 0.991 0.0 -0.11 -0.079 -0.661 -0.0 -0.745 0.086 -0.991 -0.0 0.135 0.009 0.592 0.0 -0.798 0.117 0.996 0.0 0.075 -0.04 
-0.688 -0.029 -0.057 -0.723 -0.781 -0.0 -0.595 0.19 -0.985 -0.0 -0.121 -0.121 0.728 0.0 -0.678 0.098 0.991 0.0 -0.11 -0.079 -0.661 -0.0 -0.745 0.087 -0.991 -0.0 0.134 0.009 0.592 0.0 -0.798 0.117 0.996 0.0 0.075 -0.04 
-0.688 -0.029 -0.058 -0.723 -0.781 -0.0 -0.595 0.189 -0.985 0.0 -0.121 -0.12 0.728 0.0 -0.679 0.096 0.991 -0.0 -0.108 -0.077 -0.661 -0.0 -0.746 0.087 -0.991 -0.0 0.135 0.009 0.591 0.0 -0.798 0.117 0.996 0.0 0.075 -0.04 
-0.688 -0.029 -0.058 -0.723 -0.782 -0.0 -0.595 0.189 -0.985 -0.0 -0.121 -0.119 0.728 0.0 -0.679 0.096 0.991 0.0 -0.108 -0.077 -0.661 -0.0 -0.745 0.087 -0.991 -0.0 0.135 0.009 0.591 0.0 -0.798 0.117 0.996 0.0 0.075 -0.04 
-0.688 -0.029 -0.057 -0.723 -0.782 -0.0 -0.595 0.189 -0.985 -0.0 -0.122 -0.119 0.728 0.0 -0.679 0.095 0.991 0.0 -0.108 -0.078 -0.661 -0.0 -0.746 0.087 -0.991 0.0 0.135 0.009 0.592 0.0 -0.798 0.117 0.996 0.0 0.075 -0.04 
-0.688 -0.029 -0.057 -0.723 -0.782 0.0 -0.594 0.188 -0.985 -0.0 -0.122 -0.118 0.728 0.0 -0.679 0.095 0.991 0.0 -0.108 -0.078 -0.661 -0.0 -0.746 0.086 -0.991 -0.0 0.135 0.009 0.592 0.0 -0.798 0.117 0.996 -0.0 0.076 -0.039 
-0.688 -0.029 -0.057 -0.723 -0.782 -0.0 -0.594 0.188 -0.986 -0.0 -0.122 -0.118 0.728 0.0 -0.679 0.095 0.991 0.0 -0.108 -0.078 -0.661 -0.0 -0.746 0.086 -0.991 -0.0 0.135 0.009 0.592 0.0 -0.798 0.117 0.996 0.0 0.076 -0.039 
-0.688 -0.029 -0.058 -0.722 -0.782 0.0 -0.594 0.187 -0.986 -0.0 -0.123 -0.116 0.728 -0.0 -0.679 0.095 0.991 0.0 -0.108 -0.077 -0.661 -0.0 -0.746 0.087 -0.991 -0.0 0.135 0.009 0.592 0.0 -0.798 0.117 0.996 0.0 0.076 -0.039 
-0.689 -0.029 -0.058 -0.722 -0.783 -0.0 -0.594 0.186 -0.986 -0.0 -0.123 -0.115 0.728 0.0 -0.679 0.095 0.991 0.0 -0.108 -0.078 -0.661 0.0 -0.746 0.087 -0.991 -0.0 0.135 0.009 0.591 0.0 -0.798 0.117 0.996 0.0 0.076 -0.039 
-0.689 -0.029 -0.058 -0.722 -0.783 -0.0 -0.594 0.185 -0.986 0.0 -0.123 -0.113 0.728 0.0 -0.679 0.096 0.991 0.0 -0.109 -0.08 -0.661 -0.0 -0.746 0.086 -0.991 -0.0 0.135 0.009 0.592 0.0 -0.798 0.117 0.996 0.0 0.076 -0.039 
-0.689 -0.029 -0.058 -0.722 -0.783 0.0 -0.594 0.185 -0.986 -0.0 -0.123 -0.112 0.728 0.0 -0.679 0.096 0.991 0.0 -0.109 -0.08 -0.661 -0.0 -0.746 0.086 -0.991 0.0 0.135 0.009 0.592 0.0 -0.798 0.117 0.996 0.0 0.076 -0.039 
-0.688 -0.029 -0.057 -0.723 -0.783 -0.0 -0.594 0.185 -0.986 -0.0 -0.123 -0.112 0.728 0.0 -0.679 0.094 0.991 0.0 -0.108 -0.078 -0.66 -0.0 -0.746 0.087 -0.991 0.0 0.135 0.009 0.592 0.0 -0.797 0.117 0.996 0.0 0.076 -0.039 
-0.688 -0.029 -0.057 -0.722 -0.783 -0.0 -0.594 0.184 -0.986 -0.0 -0.123 -0.111 0.728 0.0 -0.679 0.094 0.991 0.0 -0.109 -0.078 -0.66 -0.0 -0.746 0.087 -0.991 -0.0 0.135 0.009 0.592 -0.0 -0.797 0.117 0.996 0.0 0.076 -0.038 
-0.688 -0.029 -0.057 -0.722 -0.783 -0.0 -0.594 0.183 -0.986 -0.0 -0.122 -0.11 0.728 -0.0 -0.679 0.094 0.991 0.0 -0.109 -0.078 -0.66 -0.0 -0.746 0.088 -0.991 0.0 0.135 0.008 0.592 -0.0 -0.797 0.117 0.996 0.0 0.076 -0.038 
-0.688 -0.028 -0.057 -0.722 -0.784 -0.0 -0.594 0.183 -0.986 0.0 -0.122 -0.11 0.728 0.0 -0.679 0.094 0.991 0.0 -0.109 -0.078 -0.66 -0.0 -0.746 0.088 -0.991 -0.0 0.135 0.008 0.592 -0.0 -0.797 0.117 0.996 0.0 0.076 -0.038 
-0.688 -0.029 -0.058 -0.722 -0.784 -0.0 -0.594 0.182 -0.986 -0.0 -0.122 -0.109 0.728 0.0 -0.679 0.094 0.991 0.0 -0.109 -0.078 -0.66 -0.0 -0.746 0.088 -0.991 -0.0 0.135 0.008 0.592 0.0 -0.797 0.117 0.996 -0.0 0.076 -0.038 
-0.689 -0.029 -0.058 -0.722 -0.784 -0.0 -0.593 0.182 -0.986 -0.0 -0.122 -0.11 0.728 0.0 -0.679 0.095 0.991 -0.0 -0.11 -0.08 -0.66 -0.0 -0.746 0.088 -0.991 -0.0 0.135 0.008 0.592 0.0 -0.797 0.117 0.996 0.0 0.076 -0.038 
-0.689 -0.029 -0.058 -0.722 -0.784 -0.0 -0.593 0.182 -0.986 -0.0 -0.122 -0.11 0.728 0.0 -0.679 0.095 0.991 0.0 -0.111 -0.08 -0.66 -0.0 -0.747 0.087 -0.991 -0.0 0.135 0.009 0.592 0.0 -0.797 0.117 0.996 0.0 0.076 -0.038 
-0.689 -0.029 -0.057 -0.722 -0.784 -0.0 -0.593 0.182 -0.986 -0.0 -0.122 -0.11 0.728 0.0 -0.679 0.095 0.991 0.0 -0.111 -0.08 -0.659 -0.0 -0.747 0.087 -0.991 -0.0 0.135 0.009 0.592 0.0 -0.797 0.117 0.996 0.0 0.076 -0.038 
-0.689 -0.029 -0.057 -0.722 -0.784 -0.0 -0.593 0.182 -0.986 -0.0 -0.122 -0.11 0.728 -0.0 -0.679 0.095 0.991 0.0 -0.111 -0.08 -0.659 -0.0 -0.747 0.087 -0.991 -0.0 0.136 0.009 0.592 0.0 -0.797 0.116 0.996 0.0 0.076 -0.038 
-0.689 -0.029 -0.057 -0.722 -0.784 -0.0 -0.593 0.182 -0.987 -0.0 -0.122 -0.11 0.728 0.0 -0.679 0.093 0.991 0.0 -0.11 -0.078 -0.659 -0.0 -0.747 0.087 -0.991 -0.0 0.135 0.009 0.593 -0.0 -0.797 0.117 0.996 0.0 0.076 -0.038 
-0.689 -0.029 -0.057 -0.722 -0.784 -0.0 -0.593 0.182 -0.986 -0.0 -0.122 -0.11 0.728 0.0 -0.679 0.093 0.991 0.0 -0.11 -0.078 -0.659 -0.0 -0.747 0.087 -0.991 -0.0 0.135 0.01 0.593 0.0 -0.797 0.116 0.996 0.0 0.077 -0.038 
-0.689 -0.029 -0.057 -0.722 -0.784 -0.0 -0.593 0.181 -0.987 -0.0 -0.121 -0.11 0.728 0.0 -0.679 0.093 0.991 -0.0 -0.11 -0.078 -0.659 -0.0 -0.747 0.087 -0.991 -0.0 0.135 0.01 0.593 0.0 -0.797 0.116 0.996 0.0 0.076 -0.038 
-0.689 -0.029 -0.057 -0.722 -0.784 -0.0 -0.593 0.182 -0.986 -0.0 -0.121 -0.111 0.728 0.0 -0.68 0.093 0.991 0.0 -0.11 -0.078 -0.659 -0.0 -0.747 0.086 -0.991 0.0 0.135 0.01 0.593 0.0 -0.797 0.116 0.996 0.0 0.076 -0.038 
-0.689 -0.029 -0.057 -0.722 -0.784 -0.0 -0.593 0.182 -0.986 -0.0 -0.121 -0.111 0.728 0.0 -0.68 0.093 0.991 -0.0 -0.11 -0.078 -0.659 -0.0 -0.747 0.086 -0.991 0.0 0.135 0.01 0.593 0.0 -0.797 0.116 0.996 0.0 0.077 -0.038 
-0.689 -0.029 -0.057 -0.722 -0.784 -0.0 -0.593 0.181 -0.986 -0.0 -0.121 -0.111 0.728 0.0 -0.679 0.094 0.991 0.0 -0.111 -0.08 -0.659 -0.0 -0.747 0.086 -0.991 -0.0 0.135 0.01 0.593 0.0 -0.797 0.116 0.996 0.0 0.076 -0.038 
-0.689 -0.029 -0.057 -0.722 -0.784 -0.0 -0.593 0.181 -0.987 -0.0 -0.121 -0.111 0.728 -0.0 -0.679 0.094 0.991 0.0 -0.111 -0.08 -0.659 -0.0 -0.747 0.086 -0.991 -0.0 0.135 0.01 0.593 0.0 -0.797 0.116 0.996 0.0 0.076 -0.038 
-0.689 -0.029 -0.057 -0.722 -0.784 -0.0 -0.594 0.181 -0.987 -0.0 -0.12 -0.11 0.728 0.0 -0.679 0.095 0.991 0.0 -0.111 -0.08 -0.659 0.0 -0.747 0.086 -0.991 -0.0 0.135 0.01 0.593 0.0 -0.797 0.116 0.996 0.0 0.076 -0.038 
-0.689 -0.029 -0.057 -0.722 -0.784 0.0 -0.594 0.18 -0.987 -0.0 -0.12 -0.11 0.728 0.0 -0.68 0.094 0.991 0.0 -0.11 -0.078 -0.659 -0.0 -0.747 0.085 -0.991 -0.0 0.135 0.011 0.593 0.0 -0.797 0.116 0.996 0.0 0.076 -0.038 
-0.689 -0.029 -0.057 -0.722 -0.784 -0.0 -0.594 0.18 -0.987 -0.0 -0.12 -0.11 0.728 -0.0 -0.68 0.094 0.991 0.0 -0.11 -0.078 -0.659 -0.0 -0.747 0.085 -0.991 -0.0 0.135 0.01 0.593 0.0 -0.797 0.116 0.996 0.0 0.077 -0.038 
-0.689 -0.029 -0.057 -0.722 -0.784 -0.0 -0.594 0.18 -0.987 -0.0 -0.12 -0.11 0.727 0.0 -0.68 0.093 0.991 -0.0 -0.11 -0.078 -0.659 -0.0 -0.747 0.085 -0.991 0.0 0.135 0.01 0.593 0.0 -0.797 0.116 0.996 -0.0 0.077 -0.038 
-0.689 -0.029 -0.057 -0.722 -0.784 0.0 -0.594 0.18 -0.987 -0.0 -0.12 -0.11 0.727 0.0 -0.68 0.093 0.991 0.0 -0.11 -0.078 -0.659 -0.0 -0.747 0.085 -0.991 -0.0 0.135 0.011 0.593 0.0 -0.797 0.116 0.996 0.0 0.076 -0.038 
-0.689 -0.029 -0.057 -0.722 -0.784 -0.0 -0.594 0.18 -0.987 -0.0 -0.12 -0.11 0.727 0.0 -0.68 0.094 0.991 0.0 -0.109 -0.078 -0.659 -0.0 -0.748 0.085 -0.991 -0.0 0.135 0.011 0.593 0.0 -0.797 0.116 0.996 0.0 0.077 -0.038 
-0.689 -0.029 -0.057 -0.722 -0.784 -0.0 -0.593 0.18 -0.987 -0.0 -0.12 -0.11 0.727 -0.0 -0.68 0.094 0.991 -0.0 -0.109 -0.078 -0.659 -0.0 -0.748 0.085 -0.991 -0.0 0.135 0.01 0.593 0.0 -0.797 0.116 0.996 0.0 0.076 -0.038 
-0.69 -0.029 -0.057 -0.721 -0.785 -0.0 -0.593 0.179 -0.987 -0.0 -0.12 -0.109 0.727 0.0 -0.68 0.095 0.991 0.0 -0.11 -0.08 -0.659 0.0 -0.747 0.084 -0.991 -0.0 0.135 0.011 0.593 0.0 -0.797 0.116 0.996 0.0 0.077 -0.038 
-0.69 -0.029 -0.056 -0.721 -0.784 -0.0 -0.594 0.18 -0.987 -0.0 -0.12 -0.109 0.727 0.0 -0.68 0.096 0.991 -0.0 -0.11 -0.08 -0.658 -0.0 -0.748 0.085 -0.991 -0.0 0.135 0.01 0.594 0.0 -0.796 0.116 0.996 0.0 0.076 -0.038 
-0.69 -0.029 -0.056 -0.721 -0.784 0.0 -0.593 0.18 -0.987 -0.0 -0.12 -0.11 0.727 0.0 -0.68 0.094 0.991 0.0 -0.109 -0.078 -0.659 -0.0 -0.748 0.085 -0.991 -0.0 0.135 0.01 0.594 0.0 -0.796 0.116 0.996 0.0 0.077 -0.038 
-0.69 -0.029 -0.056 -0.721 -0.785 -0.0 -0.593 0.18 -0.987 -0.0 -0.12 -0.11 0.727 0.0 -0.68 0.094 0.991 0.0 -0.109 -0.078 -0.659 -0.0 -0.748 0.085 -0.991 0.0 0.135 0.01 0.593 0.0 -0.797 0.116 0.996 0.0 0.077 -0.038 
-0.69 -0.029 -0.056 -0.721 -0.785 -0.0 -0.593 0.18 -0.987 -0.0 -0.12 -0.11 0.727 0.0 -0.681 0.094 0.991 0.0 -0.109 -0.078 -0.659 -0.0 -0.748 0.085 -0.991 0.0 0.135 0.01 0.593 0.0 -0.797 0.116 0.996 0.0 0.077 -0.038 
-0.69 -0.029 -0.056 -0.721 -0.785 -0.0 -0.593 0.18 -0.987 -0.0 -0.12 -0.11 0.727 0.0 -0.681 0.094 0.991 0.0 -0.108 -0.078 -0.658 -0.0 -0.748 0.085 -0.991 0.0 0.135 0.01 0.594 0.0 -0.796 0.116 0.996 0.0 0.077 -0.038 
-0.691 -0.029 -0.056 -0.721 -0.785 -0.0 -0.593 0.18 -0.987 -0.0 -0.121 -0.109 0.727 0.0 -0.68 0.094 0.991 0.0 -0.109 -0.078 -0.658 -0.0 -0.748 0.084 -0.991 0.0 0.135 0.011 0.594 0.0 -0.796 0.116 0.996 -0.0 0.077 -0.038 
-0.691 -0.029 -0.056 -0.721 -0.785 -0.0 -0.593 0.18 -0.987 -0.0 -0.121 -0.109 0.727 0.0 -0.68 0.094 0.991 0.0 -0.109 -0.078 -0.658 -0.0 -0.748 0.085 -0.991 -0.0 0.135 0.01 0.594 0.0 -0.796 0.116 0.996 0.0 0.076 -0.038 
-0.691 -0.029 -0.056 -0.72 -0.785 0.0 -0.593 0.18 -0.987 -0.0 -0.121 -0.109 0.727 0.0 -0.68 0.096 0.991 0.0 -0.11 -0.08 -0.659 -0.0 -0.748 0.084 -0.991 -0.0 0.135 0.01 0.593 0.0 -0.796 0.116 0.996 0.0 0.076 -0.038 
-0.691 -0.03 -0.056 -0.72 -0.785 -0.0 -0.592 0.18 -0.987 0.0 -0.121 -0.109 0.726 0.0 -0.681 0.095 0.991 0.0 -0.108 -0.078 -0.659 -0.0 -0.748 0.084 -0.991 -0.0 0.135 0.01 0.593 0.0 -0.797 0.116 0.996 -0.0 0.077 -0.038 
-0.691 -0.029 -0.056 -0.72 -0.785 0.0 -0.593 0.18 -0.987 -0.0 -0.121 -0.109 0.727 0.0 -0.681 0.095 0.991 0.0 -0.109 -0.078 -0.658 -0.0 -0.748 0.084 -0.991 -0.0 0.135 0.01 0.594 0.0 -0.796 0.116 0.996 0.0 0.077 -0.039 
-0.691 -0.029 -0.056 -0.72 -0.785 -0.0 -0.593 0.18 -0.987 -0.0 -0.121 -0.109 0.727 0.0 -0.68 0.095 0.991 0.0 -0.109 -0.079 -0.658 -0.0 -0.748 0.084 -0.991 -0.0 0.135 0.011 0.594 0.0 -0.796 0.116 0.996 -0.0 0.077 -0.038 
-0.691 -0.029 -0.056 -0.72 -0.785 0.0 -0.593 0.18 -0.987 -0.0 -0.121 -0.109 0.727 -0.0 -0.681 0.094 0.991 -0.0 -0.109 -0.079 -0.658 -0.0 -0.748 0.084 -0.991 -0.0 0.135 0.01 0.594 0.0 -0.796 0.116 0.996 0.0 0.077 -0.038 
-0.692 -0.029 -0.056 -0.72 -0.785 -0.0 -0.593 0.18 -0.987 -0.0 -0.121 -0.108 0.726 -0.0 -0.681 0.094 0.991 0.0 -0.108 -0.079 -0.659 -0.0 -0.748 0.084 -0.991 -0.0 0.135 0.01 0.593 0.0 -0.797 0.116 0.996 0.0 0.077 -0.038 
-0.692 -0.029 -0.056 -0.719 -0.785 -0.0 -0.593 0.179 -0.987 -0.0 -0.121 -0.108 0.726 -0.0 -0.681 0.095 0.991 0.0 -0.108 -0.079 -0.659 -0.0 -0.748 0.084 -0.991 -0.0 0.135 0.01 0.593 0.0 -0.796 0.116 0.996 0.0 0.077 -0.038 
-0.692 -0.029 -0.056 -0.72 -0.785 -0.0 -0.593 0.179 -0.987 0.0 -0.121 -0.108 0.727 0.0 -0.68 0.096 0.991 0.0 -0.11 -0.081 -0.658 -0.0 -0.748 0.084 -0.991 -0.0 0.135 0.01 0.594 0.0 -0.796 0.116 0.996 0.0 0.077 -0.038 
-0.692 -0.029 -0.056 -0.72 -0.785 -0.0 -0.593 0.18 -0.987 -0.0 -0.121 -0.108 0.727 0.0 -0.68 0.096 0.991 0.0 -0.11 -0.081 -0.658 0.0 -0.748 0.084 -0.991 -0.0 0.135 0.011 0.594 0.0 -0.796 0.116 0.996 0.0 0.077 -0.038 
-0.692 -0.029 -0.056 -0.719 -0.785 -0.0 -0.593 0.18 -0.987 -0.0 -0.121 -0.108 0.726 -0.0 -0.681 0.094 0.991 0.0 -0.109 -0.079 -0.658 0.0 -0.748 0.083 -0.991 -0.0 0.135 0.011 0.594 0.0 -0.796 0.116 0.996 -0.0 0.077 -0.038 
-0.692 -0.03 -0.056 -0.719 -0.785 -0.0 -0.592 0.18 -0.987 -0.0 -0.121 -0.108 0.726 0.0 -0.681 0.096 0.991 0.0 -0.11 -0.081 -0.659 -0.0 -0.748 0.083 -0.991 -0.0 0.135 0.011 0.593 0.0 -0.797 0.116 0.996 0.0 0.077 -0.038 
-0.692 -0.03 -0.056 -0.719 -0.785 0.0 -0.593 0.18 -0.987 -0.0 -0.121 -0.108 0.727 0.0 -0.68 0.096 0.991 0.0 -0.11 -0.081 -0.659 0.0 -0.748 0.083 -0.991 -0.0 0.135 0.01 0.593 0.0 -0.797 0.115 0.996 0.0 0.077 -0.038 
-0.692 -0.029 -0.056 -0.719 -0.785 -0.0 -0.593 0.18 -0.987 -0.0 -0.121 -0.108 0.727 0.0 -0.681 0.094 0.991 0.0 -0.109 -0.079 -0.658 -0.0 -0.748 0.083 -0.991 -0.0 0.135 0.01 0.594 -0.0 -0.796 0.116 0.996 0.0 0.077 -0.038 
-0.692 -0.029 -0.056 -0.719 -0.785 -0.0 -0.593 0.179 -0.987 -0.0 -0.121 -0.108 0.727 0.0 -0.68 0.094 0.991 -0.0 -0.109 -0.08 -0.658 0.0 -0.748 0.083 -0.991 -0.0 0.135 0.01 0.594 0.0 -0.796 0.116 0.996 0.0 0.077 -0.038 
-0.692 -0.029 -0.056 -0.719 -0.785 -0.0 -0.593 0.18 -0.987 -0.0 -0.121 -0.108 0.727 0.0 -0.68 0.094 0.991 -0.0 -0.109 -0.08 -0.658 -0.0 -0.748 0.083 -0.991 -0.0 0.135 0.01 0.594 0.0 -0.796 0.115 0.996 0.0 0.077 -0.038 
-0.692 -0.03 -0.056 -0.719 -0.785 -0.0 -0.593 0.18 -0.987 -0.0 -0.121 -0.108 0.727 0.0 -0.68 0.096 0.99 0.0 -0.11 -0.082 -0.659 0.0 -0.748 0.083 -0.991 -0.0 0.135 0.011 0.594 0.0 -0.797 0.115 0.996 0.0 0.077 -0.038 
-0.692 -0.03 -0.056 -0.719 -0.785 0.0 -0.592 0.18 -0.987 -0.0 -0.121 -0.108 0.727 0.0 -0.68 0.096 0.991 0.0 -0.11 -0.082 -0.659 -0.0 -0.748 0.083 -0.991 -0.0 0.135 0.011 0.594 0.0 -0.796 0.116 0.996 -0.0 0.077 -0.038 
-0.692 -0.03 -0.056 -0.719 -0.785 -0.0 -0.593 0.18 -0.987 -0.0 -0.121 -0.109 0.727 -0.0 -0.68 0.096 0.99 0.0 -0.111 -0.082 -0.658 -0.0 -0.748 0.083 -0.991 -0.0 0.135 0.011 0.594 0.0 -0.796 0.116 0.996 0.0 0.077 -0.038 
-0.692 -0.03 -0.056 -0.719 -0.785 0.0 -0.593 0.18 -0.987 0.0 -0.121 -0.108 0.727 0.0 -0.68 0.095 0.991 0.0 -0.11 -0.082 -0.658 -0.0 -0.748 0.083 -0.991 -0.0 0.135 0.011 0.594 0.0 -0.796 0.116 0.996 0.0 0.077 -0.038 
-0.692 -0.029 -0.056 -0.719 -0.785 0.0 -0.593 0.179 -0.987 -0.0 -0.121 -0.108 0.727 -0.0 -0.68 0.095 0.991 0.0 -0.11 -0.082 -0.658 -0.0 -0.748 0.083 -0.991 0.0 0.135 0.011 0.594 0.0 -0.796 0.116 0.996 0.0 0.077 -0.038 
-0.692 -0.029 -0.056 -0.719 -0.785 -0.0 -0.593 0.179 -0.987 -0.0 -0.121 -0.108 0.727 0.0 -0.68 0.095 0.991 0.0 -0.11 -0.081 -0.658 -0.0 -0.748 0.083 -0.991 0.0 0.135 0.011 0.594 0.0 -0.796 0.115 0.996 0.0 0.077 -0.038 
-0.693 -0.029 -0.056 -0.719 -0.785 0.0 -0.593 0.18 -0.987 -0.0 -0.121 -0.108 0.727 0.0 -0.681 0.094 0.991 0.0 -0.109 -0.08 -0.658 -0.0 -0.748 0.083 -0.991 -0.0 0.135 0.01 0.594 0.0 -0.796 0.116 0.996 0.0 0.077 -0.038 
-0.693 -0.03 -0.056 -0.719 -0.785 -0.0 -0.593 0.18 -0.987 0.0 -0.121 -0.109 0.727 0.0 -0.681 0.094 0.991 -0.0 -0.109 -0.08 -0.658 -0.0 -0.748 0.082 -0.991 -0.0 0.135 0.011 0.594 0.0 -0.796 0.115 0.996 -0.0 0.077 -0.038 
-0.692 -0.03 -0.056 -0.719 -0.785 0.0 -0.593 0.18 -0.987 0.0 -0.121 -0.109 0.727 0.0 -0.681 0.094 0.991 0.0 -0.109 -0.079 -0.658 -0.0 -0.748 0.082 -0.991 -0.0 0.135 0.011 0.594 0.0 -0.796 0.116 0.996 0.0 0.077 -0.039 
-0.692 -0.03 -0.056 -0.719 -0.785 0.0 -0.593 0.179 -0.987 -0.0 -0.121 -0.109 0.727 0.0 -0.68 0.095 0.991 0.0 -0.11 -0.081 -0.658 0.0 -0.748 0.082 -0.991 0.0 0.135 0.011 0.594 0.0 -0.796 0.115 0.996 0.0 0.077 -0.039 
-0.693 -0.03 -0.056 -0.719 -0.785 -0.0 -0.593 0.179 -0.987 0.0 -0.121 -0.108 0.727 -0.0 -0.68 0.095 0.991 0.0 -0.111 -0.081 -0.658 -0.0 -0.748 0.082 -0.991 0.0 0.135 0.011 0.594 0.0 -0.796 0.116 0.996 0.0 0.077 -0.039 
-0.693 -0.029 -0.056 -0.719 -0.785 -0.0 -0.593 0.179 -0.987 -0.0 -0.12 -0.108 0.727 0.0 -0.68 0.094 0.991 0.0 -0.109 -0.079 -0.658 -0.0 -0.748 0.082 -0.991 -0.0 0.135 0.011 0.594 0.0 -0.796 0.116 0.996 -0.0 0.077 -0.039 
-0.692 -0.029 -0.056 -0.719 -0.785 0.0 -0.593 0.179 -0.987 -0.0 -0.121 -0.108 0.727 -0.0 -0.681 0.093 0.991 0.0 -0.109 -0.079 -0.658 -0.0 -0.748 0.082 -0.991 -0.0 0.135 0.011 0.594 0.0 -0.796 0.116 0.996 0.0 0.077 -0.039 
-0.692 -0.03 -0.056 -0.719 -0.785 -0.0 -0.593 0.179 -0.987 -0.0 -0.12 -0.108 0.727 0.0 -0.681 0.093 0.991 0.0 -0.109 -0.079 -0.658 0.0 -0.748 0.082 -0.991 -0.0 0.135 0.011 0.594 0.0 -0.796 0.115 0.996 0.0 0.077 -0.039 
-0.692 -0.03 -0.056 -0.719 -0.785 -0.0 -0.593 0.179 -0.987 -0.0 -0.121 -0.108 0.727 0.0 -0.681 0.093 0.991 0.0 -0.109 -0.079 -0.658 -0.0 -0.748 0.082 -0.991 -0.0 0.135 0.011 0.594 -0.0 -0.796 0.116 0.996 0.0 0.077 -0.039 
-0.692 -0.029 -0.056 -0.719 -0.785 -0.0 -0.593 0.179 -0.987 -0.0 -0.121 -0.109 0.727 -0.0 -0.68 0.093 0.991 0.0 -0.11 -0.079 -0.658 0.0 -0.748 0.083 -0.991 -0.0 0.135 0.011 0.594 0.0 -0.796 0.116 0.996 0.0 0.077 -0.039 
-0.693 -0.03 -0.056 -0.718 -0.785 -0.0 -0.593 0.178 -0.987 0.0 -0.121 -0.108 0.727 0.0 -0.68 0.093 0.991 0.0 -0.11 -0.079 -0.658 -0.0 -0.748 0.082 -0.991 -0.0 0.135 0.011 0.594 0.0 -0.796 0.116 0.996 0.0 0.077 -0.039 
-0.692 -0.029 -0.055 -0.719 -0.785 -0.0 -0.593 0.178 -0.987 0.0 -0.121 -0.108 0.727 0.0 -0.68 0.093 0.991 0.0 -0.109 -0.079 -0.658 0.0 -0.749 0.083 -0.991 -0.0 0.135 0.011 0.594 0.0 -0.796 0.116 0.996 -0.0 0.077 -0.039 
-0.693 -0.03 -0.056 -0.719 -0.785 -0.0 -0.593 0.178 -0.987 -0.0 -0.12 -0.108 0.727 0.0 -0.681 0.093 0.991 0.0 -0.109 -0.079 -0.658 -0.0 -0.748 0.083 -0.991 -0.0 0.135 0.01 0.594 0.0 -0.796 0.116 0.996 0.0 0.077 -0.039 
-0.693 -0.03 -0.056 -0.719 -0.785 0.0 -0.593 0.178 -0.987 -0.0 -0.12 -0.108 0.727 0.0 -0.68 0.093 0.991 0.0 -0.11 -0.078 -0.658 -0.0 -0.748 0.083 -0.991 -0.0 0.135 0.01 0.594 0.0 -0.796 0.116 0.996 0.0 0.077 -0.039 
-0.693 -0.029 -0.056 -0.719 -0.785 -0.0 -0.593 0.178 -0.987 -0.0 -0.121 -0.108 0.727 -0.0 -0.68 0.093 0.991 0.0 -0.11 -0.078 -0.658 0.0 -0.748 0.083 -0.991 -0.0 0.135 0.011 0.594 0.0 -0.796 0.116 0.996 0.0 0.077 -0.039 
-0.692 -0.029 -0.056 -0.719 -0.785 -0.0 -0.593 0.178 -0.987 -0.0 -0.12 -0.109 0.727 0.0 -0.68 0.093 0.991 -0.0 -0.11 -0.078 -0.658 -0.0 -0.749 0.083 -0.991 -0.0 0.135 0.011 0.594 -0.0 -0.796 0.116 0.996 0.0 0.077 -0.039 
-0.693 -0.03 -0.056 -0.718 -0.785 -0.0 -0.593 0.178 -0.987 -0.0 -0.121 -0.108 0.727 0.0 -0.68 0.094 0.991 0.0 -0.111 -0.08 -0.659 -0.0 -0.748 0.082 -0.991 -0.0 0.135 0.011 0.593 0.0 -0.796 0.116 0.996 0.0 0.077 -0.039 
-0.693 -0.03 -0.056 -0.718 -0.785 -0.0 -0.593 0.178 -0.987 -0.0 -0.121 -0.108 0.727 0.0 -0.681 0.093 0.991 0.0 -0.11 -0.078 -0.659 0.0 -0.748 0.082 -0.991 -0.0 0.134 0.011 0.593 0.0 -0.796 0.116 0.996 0.0 0.077 -0.039 
-0.693 -0.03 -0.056 -0.718 -0.785 -0.0 -0.593 0.178 -0.987 -0.0 -0.121 -0.108 0.727 0.0 -0.68 0.093 0.991 -0.0 -0.11 -0.078 -0.659 0.0 -0.748 0.082 -0.991 -0.0 0.135 0.011 0.594 0.0 -0.796 0.116 0.996 0.0 0.077 -0.039 
-0.693 -0.029 -0.056 -0.719 -0.785 0.0 -0.593 0.179 -0.987 -0.0 -0.12 -0.109 0.727 0.0 -0.68 0.093 0.991 0.0 -0.11 -0.078 -0.658 0.0 -0.749 0.083 -0.991 -0.0 0.135 0.011 0.594 0.0 -0.796 0.116 0.996 0.0 0.077 -0.039 
-0.693 -0.029 -0.056 -0.718 -0.785 -0.0 -0.593 0.179 -0.987 -0.0 -0.121 -0.109 0.727 0.0 -0.68 0.093 0.991 0.0 -0.11 -0.078 -0.658 0.0 -0.749 0.083 -0.991 -0.0 0.135 0.011 0.594 0.0 -0.796 0.117 0.996 -0.0 0.077 -0.039 
-0.693 -0.029 -0.056 -0.718 -0.785 -0.0 -0.593 0.179 -0.987 -0.0 -0.12 -0.109 0.727 0.0 -0.68 0.093 0.991 0.0 -0.109 -0.078 -0.658 -0.0 -0.748 0.083 -0.991 -0.0 0.135 0.011 0.594 0.0 -0.796 0.117 0.996 0.0 0.077 -0.04 
-0.693 -0.03 -0.056 -0.718 -0.785 -0.0 -0.593 0.179 -0.987 -0.0 -0.12 -0.109 0.727 0.0 -0.68 0.093 0.991 0.0 -0.11 -0.078 -0.658 -0.0 -0.748 0.083 -0.991 -0.0 0.135 0.01 0.594 0.0 -0.796 0.117 0.996 0.0 0.077 -0.04 
-0.693 -0.029 -0.056 -0.718 -0.785 -0.0 -0.593 0.179 -0.987 -0.0 -0.12 -0.109 0.727 -0.0 -0.68 0.094 0.991 0.0 -0.111 -0.081 -0.658 0.0 -0.748 0.083 -0.991 -0.0 0.135 0.011 0.594 0.0 -0.796 0.117 0.996 0.0 0.077 -0.04 
-0.693 -0.029 -0.056 -0.718 -0.785 0.0 -0.593 0.179 -0.987 -0.0 -0.12 -0.109 0.728 0.0 -0.679 0.094 0.991 0.0 -0.111 -0.08 -0.658 -0.0 -0.749 0.083 -0.991 -0.0 0.135 0.011 0.594 0.0 -0.796 0.117 0.996 0.0 0.077 -0.04 
-0.693 -0.029 -0.056 -0.718 -0.785 -0.0 -0.593 0.179 -0.987 -0.0 -0.121 -0.109 0.728 -0.0 -0.68 0.094 0.991 0.0 -0.111 -0.08 -0.658 0.0 -0.749 0.083 -0.991 -0.0 0.135 0.011 0.594 0.0 -0.796 0.117 0.996 0.0 0.077 -0.039 
-0.693 -0.029 -0.056 -0.718 -0.785 -0.0 -0.593 0.179 -0.987 -0.0 -0.121 -0.109 0.727 0.0 -0.68 0.094 0.991 0.0 -0.111 -0.081 -0.658 -0.0 -0.748 0.083 -0.991 -0.0 0.135 0.01 0.594 0.0 -0.796 0.117 0.996 0.0 0.077 -0.04 
-0.693 -0.029 -0.056 -0.718 -0.785 -0.0 -0.593 0.179 -0.987 -0.0 -0.121 -0.109 0.727 0.0 -0.68 0.093 0.991 0.0 -0.109 -0.078 -0.658 -0.0 -0.748 0.082 -0.991 0.0 0.135 0.011 0.594 0.0 -0.796 0.117 0.996 0.0 0.077 -0.04 
-0.693 -0.029 -0.056 -0.718 -0.785 -0.0 -0.593 0.18 -0.987 -0.0 -0.121 -0.109 0.727 0.0 -0.68 0.093 0.991 0.0 -0.109 -0.079 -0.658 0.0 -0.749 0.082 -0.991 -0.0 0.135 0.011 0.594 0.0 -0.796 0.117 0.996 0.0 0.077 -0.039 
-0.694 -0.029 -0.056 -0.718 -0.785 -0.0 -0.593 0.179 -0.987 -0.0 -0.121 -0.109 0.727 0.0 -0.68 0.093 0.991 0.0 -0.109 -0.079 -0.658 -0.0 -0.748 0.082 -0.991 0.0 0.135 0.011 0.594 0.0 -0.796 0.117 0.996 0.0 0.077 -0.039 
-0.694 -0.029 -0.056 -0.717 -0.785 -0.0 -0.593 0.179 -0.987 -0.0 -0.121 -0.109 0.727 0.0 -0.68 0.093 0.991 -0.0 -0.11 -0.079 -0.658 -0.0 -0.748 0.082 -0.991 -0.0 0.135 0.011 0.594 0.0 -0.796 0.117 0.996 0.0 0.077 -0.04 
-0.694 -0.029 -0.056 -0.717 -0.785 -0.0 -0.593 0.179 -0.987 0.0 -0.121 -0.109 0.727 0.0 -0.68 0.093 0.991 -0.0 -0.109 -0.079 -0.658 -0.0 -0.748 0.082 -0.991 0.0 0.135 0.011 0.594 0.0 -0.796 0.117 0.996 0.0 0.077 -0.04 
-0.694 -0.029 -0.056 -0.717 -0.785 -0.0 -0.593 0.179 -0.987 -0.0 -0.121 -0.109 0.728 0.0 -0.68 0.094 0.991 0.0 -0.11 -0.08 -0.658 -0.0 -0.749 0.083 -0.991 -0.0 0.135 0.01 0.594 0.0 -0.796 0.117 0.996 0.0 0.077 -0.039 
-0.694 -0.029 -0.056 -0.717 -0.785 -0.0 -0.593 0.179 -0.987 0.0 -0.121 -0.109 0.728 -0.0 -0.679 0.094 0.991 0.0 -0.111 -0.081 -0.658 -0.0 -0.749 0.082 -0.991 -0.0 0.135 0.01 0.594 0.0 -0.796 0.117 0.996 0.0 0.077 -0.039 
-0.694 -0.029 -0.056 -0.717 -0.785 -0.0 -0.593 0.179 -0.987 -0.0 -0.122 -0.109 0.728 0.0 -0.68 0.094 0.991 0.0 -0.111 -0.081 -0.658 -0.0 -0.749 0.082 -0.991 0.0 0.135 0.011 0.594 -0.0 -0.796 0.117 0.996 0.0 0.077 -0.039 
-0.694 -0.03 -0.056 -0.717 -0.785 -0.0 -0.593 0.179 -0.987 -0.0 -0.122 -0.109 0.727 0.0 -0.68 0.095 0.991 0.0 -0.111 -0.081 -0.658 -0.0 -0.748 0.082 -0.991 -0.0 0.135 0.011 0.594 0.0 -0.796 0.117 0.996 0.0 0.077 -0.04 
-0.694 -0.029 -0.056 -0.717 -0.785 -0.0 -0.593 0.179 -0.987 -0.0 -0.121 -0.109 0.728 0.0 -0.68 0.095 0.991 0.0 -0.111 -0.082 -0.658 -0.0 -0.748 0.082 -0.991 -0.0 0.135 0.011 0.594 0.0 -0.796 0.117 0.996 0.0 0.077 -0.039 
-0.694 -0.029 -0.056 -0.717 -0.785 -0.0 -0.593 0.179 -0.987 -0.0 -0.122 -0.109 0.727 0.0 -0.68 0.093 0.991 0.0 -0.109 -0.079 -0.658 0.0 -0.748 0.082 -0.991 -0.0 0.135 0.011 0.594 0.0 -0.796 0.117 0.996 -0.0 0.077 -0.039 
-0.694 -0.03 -0.056 -0.717 -0.785 -0.0 -0.593 0.179 -0.987 -0.0 -0.122 -0.109 0.727 0.0 -0.68 0.093 0.991 0.0 -0.109 -0.079 -0.658 -0.0 -0.748 0.082 -0.991 -0.0 0.135 0.011 0.594 0.0 -0.796 0.117 0.996 0.0 0.077 -0.039 
-0.694 -0.03 -0.056 -0.717 -0.785 -0.0 -0.593 0.18 -0.987 -0.0 -0.122 -0.109 0.727 0.0 -0.68 0.093 0.991 0.0 -0.109 -0.079 -0.658 -0.0 -0.748 0.082 -0.991 -0.0 0.135 0.011 0.594 -0.0 -0.796 0.117 0.996 -0.0 0.077 -0.039 
-0.695 -0.03 -0.056 -0.717 -0.785 -0.0 -0.593 0.179 -0.987 -0.0 -0.122 -0.109 0.728 -0.0 -0.68 0.095 0.991 0.0 -0.11 -0.082 -0.658 -0.0 -0.748 0.081 -0.991 -0.0 0.135 0.011 0.594 0.0 -0.796 0.116 0.996 0.0 0.077 -0.039 
-0.694 -0.03 -0.056 -0.717 -0.785 -0.0 -0.593 0.179 -0.987 -0.0 -0.122 -0.109 0.728 0.0 -0.679 0.095 0.991 0.0 -0.11 -0.082 -0.658 0.0 -0.748 0.082 -0.991 -0.0 0.135 0.011 0.594 0.0 -0.796 0.116 0.996 0.0 0.077 -0.039 
-0.694 -0.03 -0.056 -0.717 -0.785 -0.0 -0.593 0.179 -0.987 -0.0 -0.122 -0.108 0.728 0.0 -0.679 0.095 0.991 0.0 -0.11 -0.082 -0.658 -0.0 -0.748 0.082 -0.991 -0.0 0.135 0.011 0.594 0.0 -0.796 0.117 0.996 0.0 0.077 -0.039 
-0.694 -0.03 -0.056 -0.717 -0.785 -0.0 -0.593 0.179 -0.987 -0.0 -0.122 -0.109 0.727 0.0 -0.68 0.095 0.991 0.0 -0.11 -0.081 -0.658 0.0 -0.748 0.081 -0.991 -0.0 0.135 0.011 0.594 0.0 -0.796 0.116 0.996 0.0 0.077 -0.039 
-0.695 -0.03 -0.056 -0.717 -0.785 0.0 -0.593 0.179 -0.987 -0.0 -0.122 -0.109 0.727 0.0 -0.68 0.093 0.991 0.0 -0.109 -0.079 -0.658 -0.0 -0.748 0.081 -0.991 -0.0 0.135 0.011 0.594 0.0 -0.796 0.116 0.996 0.0 0.077 -0.039 
-0.695 -0.03 -0.056 -0.717 -0.785 0.0 -0.593 0.179 -0.987 -0.0 -0.122 -0.109 0.727 0.0 -0.68 0.093 0.991 0.0 -0.109 -0.079 -0.658 -0.0 -0.748 0.081 -0.991 0.0 0.135 0.011 0.594 0.0 -0.796 0.116 0.996 0.0 0.077 -0.039 
-0.695 -0.03 -0.056 -0.717 -0.785 -0.0 -0.594 0.179 -0.987 -0.0 -0.122 -0.109 0.727 0.0 -0.68 0.093 0.991 0.0 -0.109 -0.08 -0.658 -0.0 -0.748 0.081 -0.991 -0.0 0.135 0.011 0.594 0.0 -0.796 0.116 0.996 -0.0 0.077 -0.039 
-0.695 -0.03 -0.056 -0.717 -0.785 -0.0 -0.593 0.179 -0.987 -0.0 -0.122 -0.109 0.727 0.0 -0.68 0.094 0.991 -0.0 -0.109 -0.079 -0.658 -0.0 -0.748 0.081 -0.991 -0.0 0.135 0.011 0.594 0.0 -0.796 0.116 0.996 0.0 0.077 -0.039 
-0.695 -0.03 -0.056 -0.717 -0.785 -0.0 -0.593 0.179 -0.987 -0.0 -0.122 -0.109 0.727 0.0 -0.68 0.094 0.991 0.0 -0.109 -0.079 -0.658 0.0 -0.748 0.081 -0.991 -0.0 0.135 0.011 0.594 0.0 -0.796 0.116 0.996 0.0 0.077 -0.039 
-0.695 -0.03 -0.056 -0.717 -0.785 0.0 -0.593 0.179 -0.986 0.0 -0.122 -0.109 0.728 -0.0 -0.679 0.095 0.991 0.0 -0.11 -0.082 -0.659 -0.0 -0.748 0.081 -0.991 0.0 0.135 0.011 0.593 0.0 -0.796 0.116 0.996 0.0 0.077 -0.039 
-0.695 -0.03 -0.056 -0.717 -0.785 -0.0 -0.593 0.18 -0.987 -0.0 -0.122 -0.109 0.728 0.0 -0.679 0.095 0.991 0.0 -0.11 -0.082 -0.659 -0.0 -0.748 0.081 -0.991 -0.0 0.135 0.011 0.593 0.0 -0.796 0.116 0.996 0.0 0.077 -0.039 
-0.695 -0.03 -0.056 -0.717 -0.785 0.0 -0.593 0.18 -0.986 -0.0 -0.122 -0.109 0.728 0.0 -0.679 0.095 0.991 0.0 -0.11 -0.082 -0.658 0.0 -0.748 0.081 -0.991 0.0 0.135 0.011 0.593 0.0 -0.796 0.116 0.996 0.0 0.077 -0.039 
-0.695 -0.03 -0.056 -0.717 -0.784 -0.0 -0.594 0.18 -0.986 -0.0 -0.122 -0.109 0.728 0.0 -0.679 0.094 0.991 0.0 -0.109 -0.08 -0.658 -0.0 -0.748 0.081 -0.991 0.0 0.135 0.011 0.594 0.0 -0.796 0.116 0.996 0.0 0.077 -0.039 
-0.695 -0.03 -0.056 -0.717 -0.784 -0.0 -0.594 0.179 -0.986 -0.0 -0.122 -0.109 0.728 0.0 -0.679 0.094 0.991 -0.0 -0.109 -0.08 -0.658 0.0 -0.748 0.081 -0.991 -0.0 0.135 0.011 0.593 0.0 -0.796 0.116 0.996 0.0 0.077 -0.039 
-0.695 -0.03 -0.056 -0.716 -0.784 -0.0 -0.594 0.179 -0.987 -0.0 -0.122 -0.109 0.728 0.0 -0.679 0.094 0.991 0.0 -0.109 -0.08 -0.658 -0.0 -0.748 0.081 -0.991 -0.0 0.135 0.011 0.593 -0.0 -0.796 0.116 0.996 0.0 0.077 -0.039 
-0.695 -0.03 -0.056 -0.716 -0.784 -0.0 -0.594 0.179 -0.986 -0.0 -0.123 -0.109 0.728 0.0 -0.679 0.094 0.991 0.0 -0.108 -0.08 -0.659 -0.0 -0.748 0.08 -0.991 0.0 0.135 0.012 0.593 0.0 -0.797 0.116 0.996 0.0 0.077 -0.039 
-0.695 -0.03 -0.056 -0.716 -0.784 -0.0 -0.594 0.179 -0.986 -0.0 -0.123 -0.108 0.728 0.0 -0.679 0.094 0.991 0.0 -0.108 -0.08 -0.659 -0.0 -0.748 0.08 -0.991 -0.0 0.135 0.012 0.593 0.0 -0.796 0.116 0.996 0.0 0.077 -0.039 
-0.695 -0.03 -0.056 -0.716 -0.784 0.0 -0.594 0.179 -0.986 -0.0 -0.123 -0.108 0.728 -0.0 -0.679 0.095 0.991 0.0 -0.109 -0.082 -0.659 -0.0 -0.748 0.08 -0.991 -0.0 0.135 0.012 0.593 -0.0 -0.797 0.116 0.996 -0.0 0.077 -0.039 
-0.695 -0.03 -0.056 -0.716 -0.784 0.0 -0.594 0.179 -0.986 -0.0 -0.123 -0.108 0.728 0.0 -0.679 0.096 0.991 0.0 -0.109 -0.082 -0.659 -0.0 -0.748 0.08 -0.991 0.0 0.135 0.012 0.593 -0.0 -0.796 0.116 0.996 0.0 0.077 -0.039 
-0.695 -0.03 -0.056 -0.716 -0.784 -0.0 -0.594 0.18 -0.986 -0.0 -0.123 -0.108 0.728 0.0 -0.679 0.095 0.991 0.0 -0.108 -0.082 -0.659 0.0 -0.748 0.081 -0.991 -0.0 0.135 0.011 0.593 0.0 -0.796 0.116 0.996 -0.0 0.077 -0.039 
-0.696 -0.03 -0.056 -0.716 -0.784 -0.0 -0.594 0.179 -0.986 -0.0 -0.124 -0.108 0.728 0.0 -0.679 0.095 0.991 0.0 -0.108 -0.083 -0.659 0.0 -0.748 0.079 -0.991 -0.0 0.135 0.012 0.593 0.0 -0.797 0.115 0.996 0.0 0.077 -0.039 
-0.696 -0.03 -0.056 -0.716 -0.784 0.0 -0.594 0.179 -0.986 0.0 -0.124 -0.107 0.728 0.0 -0.679 0.093 0.991 0.0 -0.106 -0.08 -0.659 -0.0 -0.748 0.079 -0.991 0.0 0.135 0.012 0.593 0.0 -0.797 0.116 0.996 -0.0 0.077 -0.039 
-0.696 -0.03 -0.056 -0.715 -0.785 -0.0 -0.594 0.179 -0.986 -0.0 -0.125 -0.107 0.728 -0.0 -0.68 0.094 0.991 0.0 -0.106 -0.081 -0.659 -0.0 -0.748 0.079 -0.991 -0.0 0.135 0.012 0.593 0.0 -0.797 0.116 0.996 0.0 0.077 -0.039 
-0.696 -0.03 -0.056 -0.715 -0.785 -0.0 -0.593 0.179 -0.986 -0.0 -0.125 -0.107 0.727 0.0 -0.68 0.093 0.991 0.0 -0.106 -0.081 -0.66 -0.0 -0.748 0.079 -0.991 -0.0 0.135 0.012 0.593 0.0 -0.797 0.116 0.996 0.0 0.077 -0.039 
-0.696 -0.03 -0.056 -0.715 -0.785 0.0 -0.593 0.18 -0.986 -0.0 -0.125 -0.107 0.727 0.0 -0.68 0.093 0.991 0.0 -0.105 -0.081 -0.66 -0.0 -0.747 0.079 -0.991 -0.0 0.135 0.012 0.593 0.0 -0.797 0.116 0.996 0.0 0.077 -0.039 
-0.696 -0.03 -0.056 -0.715 -0.785 -0.0 -0.593 0.18 -0.986 -0.0 -0.126 -0.107 0.727 0.0 -0.68 0.095 0.991 0.0 -0.106 -0.083 -0.66 -0.0 -0.747 0.079 -0.991 -0.0 0.135 0.012 0.593 0.0 -0.797 0.115 0.996 0.0 0.077 -0.039 
-0.696 -0.03 -0.056 -0.715 -0.785 -0.0 -0.593 0.18 -0.986 0.0 -0.126 -0.107 0.727 0.0 -0.68 0.094 0.991 -0.0 -0.106 -0.083 -0.66 -0.0 -0.748 0.079 -0.991 -0.0 0.135 0.012 0.593 0.0 -0.797 0.116 0.996 0.0 0.076 -0.039 
-0.696 -0.03 -0.056 -0.715 -0.785 -0.0 -0.593 0.18 -0.986 -0.0 -0.126 -0.107 0.727 0.0 -0.68 0.095 0.991 0.0 -0.105 -0.083 -0.66 -0.0 -0.747 0.079 -0.991 -0.0 0.135 0.012 0.593 0.0 -0.797 0.116 0.996 -0.0 0.077 -0.038 
-0.697 -0.03 -0.056 -0.715 -0.785 0.0 -0.593 0.18 -0.986 -0.0 -0.127 -0.106 0.727 0.0 -0.68 0.095 0.991 0.0 -0.105 -0.084 -0.66 -0.0 -0.747 0.079 -0.991 0.0 0.135 0.012 0.593 -0.0 -0.797 0.115 0.996 0.0 0.077 -0.038 
-0.697 -0.03 -0.056 -0.715 -0.785 -0.0 -0.593 0.18 -0.986 -0.0 -0.128 -0.106 0.727 0.0 -0.68 0.093 0.991 0.0 -0.104 -0.082 -0.66 -0.0 -0.747 0.079 -0.991 -0.0 0.135 0.012 0.593 0.0 -0.797 0.115 0.996 -0.0 0.077 -0.038 
-0.696 -0.03 -0.056 -0.715 -0.785 -0.0 -0.593 0.18 -0.986 -0.0 -0.128 -0.105 0.727 0.0 -0.68 0.093 0.991 -0.0 -0.103 -0.082 -0.66 -0.0 -0.747 0.079 -0.991 0.0 0.135 0.012 0.593 0.0 -0.797 0.116 0.996 0.0 0.076 -0.038 
-0.697 -0.03 -0.056 -0.715 -0.786 -0.0 -0.592 0.179 -0.986 -0.0 -0.128 -0.104 0.727 0.0 -0.681 0.093 0.991 0.0 -0.103 -0.082 -0.66 -0.0 -0.747 0.079 -0.991 -0.0 0.135 0.012 0.593 -0.0 -0.797 0.116 0.996 0.0 0.076 -0.039 
-0.697 -0.03 -0.057 -0.714 -0.786 -0.0 -0.592 0.179 -0.986 0.0 -0.129 -0.103 0.727 0.0 -0.681 0.094 0.991 0.0 -0.103 -0.082 -0.66 -0.0 -0.747 0.079 -0.991 -0.0 0.135 0.012 0.592 0.0 -0.797 0.116 0.996 0.0 0.076 -0.038 
