# T   LUA LFA RUA RFA LT  LS  RT  RS  
0.705 -0.114 0.156 0.682 -0.813 0.0 -0.561 0.156 -0.721 -0.0 -0.185 -0.668 0.767 0.0 -0.61 0.199 0.726 0.0 -0.121 -0.676 -0.745 -0.0 -0.286 -0.602 -0.691 -0.0 -0.647 0.322 0.772 -0.0 -0.33 -0.543 0.698 0.0 -0.676 0.236 
0.705 -0.114 0.156 0.682 -0.813 -0.0 -0.561 0.156 -0.721 -0.0 -0.185 -0.668 0.766 -0.0 -0.611 0.199 0.727 0.0 -0.12 -0.676 -0.745 0.0 -0.286 -0.602 -0.691 -0.0 -0.647 0.322 0.772 0.0 -0.33 -0.543 0.698 -0.0 -0.676 0.237 
0.705 -0.114 0.156 0.682 -0.813 -0.0 -0.561 0.156 -0.721 -0.0 -0.185 -0.668 0.766 0.0 -0.611 0.198 0.727 0.0 -0.12 -0.676 -0.745 -0.0 -0.286 -0.602 -0.691 -0.0 -0.647 0.322 0.772 0.0 -0.33 -0.543 0.698 0.0 -0.676 0.236 
0.705 -0.114 0.156 0.682 -0.813 -0.0 -0.561 0.156 -0.721 -0.0 -0.185 -0.668 0.767 -0.0 -0.611 0.198 0.727 0.0 -0.12 -0.676 -0.745 0.0 -0.286 -0.602 -0.691 -0.0 -0.647 0.322 0.772 0.0 -0.33 -0.543 0.698 0.0 -0.676 0.237 
0.705 -0.114 0.156 0.682 -0.813 -0.0 -0.561 0.156 -0.721 -0.0 -0.185 -0.668 0.767 0.0 -0.61 0.199 0.727 0.0 -0.121 -0.676 -0.745 -0.0 -0.286 -0.602 -0.691 -0.0 -0.647 0.322 0.772 0.0 -0.33 -0.543 0.698 -0.0 -0.676 0.237 
0.705 -0.114 0.155 0.682 -0.813 0.0 -0.562 0.156 -0.721 -0.0 -0.184 -0.668 0.767 0.0 -0.61 0.199 0.727 0.0 -0.121 -0.676 -0.746 -0.0 -0.285 -0.602 -0.691 -0.0 -0.648 0.321 0.772 0.0 -0.329 -0.544 0.698 0.0 -0.676 0.236 
0.706 -0.114 0.156 0.682 -0.813 -0.0 -0.561 0.156 -0.721 0.0 -0.185 -0.668 0.767 0.0 -0.611 0.198 0.727 0.0 -0.12 -0.676 -0.745 -0.0 -0.286 -0.602 -0.691 -0.0 -0.647 0.322 0.772 0.0 -0.33 -0.543 0.698 0.0 -0.676 0.237 
0.705 -0.114 0.156 0.682 -0.813 -0.0 -0.561 0.156 -0.721 -0.0 -0.185 -0.668 0.767 -0.0 -0.611 0.198 0.727 0.0 -0.12 -0.676 -0.745 -0.0 -0.286 -0.602 -0.691 -0.0 -0.647 0.322 0.772 0.0 -0.33 -0.543 0.698 0.0 -0.676 0.236 
0.705 -0.114 0.156 0.682 -0.813 -0.0 -0.561 0.156 -0.721 -0.0 -0.185 -0.668 0.766 0.0 -0.611 0.198 0.727 0.0 -0.12 -0.676 -0.745 0.0 -0.286 -0.602 -0.691 -0.0 -0.647 0.322 0.772 -0.0 -0.33 -0.543 0.698 0.0 -0.676 0.237 
0.705 -0.114 0.156 0.682 -0.813 -0.0 -0.561 0.156 -0.721 -0.0 -0.184 -0.668 0.767 0.0 -0.61 0.199 0.727 0.0 -0.121 -0.676 -0.745 -0.0 -0.286 -0.602 -0.691 0.0 -0.647 0.322 0.772 0.0 -0.33 -0.543 0.698 -0.0 -0.676 0.237 
0.705 -0.114 0.156 0.682 -0.813 -0.0 -0.561 0.156 -0.721 -0.0 -0.185 -0.668 0.767 0.0 -0.61 0.199 0.727 0.0 -0.121 -0.676 -0.745 -0.0 -0.286 -0.602 -0.691 -0.0 -0.647 0.322 0.772 -0.0 -0.33 -0.543 0.698 0.0 -0.676 0.237 
0.706 -0.114 0.156 0.682 -0.813 -0.0 -0.561 0.156 -0.721 -0.0 -0.185 -0.668 0.767 -0.0 -0.61 0.199 0.727 -0.0 -0.121 -0.676 -0.745 -0.0 -0.286 -0.602 -0.691 -0.0 -0.647 0.322 0.772 -0.0 -0.33 -0.543 0.698 0.0 -0.676 0.236 
0.705 -0.114 0.155 0.682 -0.813 -0.0 -0.562 0.156 -0.721 -0.0 -0.184 -0.668 0.767 0.0 -0.61 0.198 0.727 0.0 -0.12 -0.676 -0.745 -0.0 -0.286 -0.602 -0.691 -0.0 -0.647 0.321 0.772 0.0 -0.33 -0.544 0.698 0.0 -0.676 0.236 
0.705 -0.114 0.156 0.682 -0.813 -0.0 -0.561 0.156 -0.721 -0.0 -0.185 -0.667 0.767 0.0 -0.61 0.198 0.727 0.0 -0.12 -0.676 -0.745 -0.0 -0.286 -0.602 -0.691 -0.0 -0.647 0.322 0.772 -0.0 -0.33 -0.543 0.698 -0.0 -0.676 0.236 
0.705 -0.114 0.156 0.682 -0.813 -0.0 -0.561 0.156 -0.721 -0.0 -0.185 -0.667 0.767 0.0 -0.61 0.198 0.727 0.0 -0.12 -0.676 -0.745 -0.0 -0.286 -0.602 -0.691 -0.0 -0.647 0.322 0.772 0.0 -0.33 -0.543 0.698 -0.0 -0.676 0.237 
0.705 -0.114 0.156 0.682 -0.813 0.0 -0.561 0.156 -0.721 -0.0 -0.185 -0.668 0.767 0.0 -0.61 0.198 0.727 0.0 -0.12 -0.676 -0.745 0.0 -0.286 -0.602 -0.691 -0.0 -0.647 0.322 0.772 0.0 -0.33 -0.543 0.698 0.0 -0.676 0.236 
0.705 -0.114 0.156 0.682 -0.813 -0.0 -0.561 0.156 -0.721 -0.0 -0.185 -0.668 0.767 0.0 -0.61 0.198 0.727 0.0 -0.12 -0.677 -0.745 -0.0 -0.286 -0.602 -0.691 -0.0 -0.647 0.322 0.772 -0.0 -0.33 -0.543 0.698 -0.0 -0.676 0.237 
0.705 -0.114 0.156 0.682 -0.813 -0.0 -0.561 0.156 -0.721 -0.0 -0.185 -0.668 0.767 -0.0 -0.61 0.198 0.727 -0.0 -0.119 -0.677 -0.745 -0.0 -0.286 -0.602 -0.691 -0.0 -0.647 0.322 0.772 0.0 -0.33 -0.543 0.698 0.0 -0.676 0.237 
0.705 -0.114 0.156 0.682 -0.813 -0.0 -0.561 0.156 -0.721 -0.0 -0.185 -0.668 0.767 0.0 -0.61 0.198 0.727 -0.0 -0.12 -0.677 -0.745 0.0 -0.286 -0.602 -0.691 -0.0 -0.647 0.322 0.772 0.0 -0.33 -0.543 0.698 0.0 -0.676 0.237 
0.705 -0.114 0.156 0.682 -0.813 0.0 -0.561 0.156 -0.721 -0.0 -0.185 -0.668 0.767 -0.0 -0.61 0.198 0.727 0.0 -0.119 -0.676 -0.745 -0.0 -0.286 -0.602 -0.691 -0.0 -0.647 0.322 0.772 0.0 -0.33 -0.543 0.698 0.0 -0.676 0.237 
0.705 -0.114 0.156 0.682 -0.813 0.0 -0.561 0.156 -0.721 -0.0 -0.184 -0.668 0.767 0.0 -0.61 0.198 0.727 0.0 -0.12 -0.676 -0.745 0.0 -0.286 -0.602 -0.691 0.0 -0.647 0.322 0.772 -0.0 -0.33 -0.543 0.698 -0.0 -0.676 0.237 
0.706 -0.114 0.156 0.682 -0.813 -0.0 -0.561 0.156 -0.721 -0.0 -0.185 -0.668 0.767 0.0 -0.61 0.198 0.727 0.0 -0.119 -0.677 -0.745 0.0 -0.286 -0.602 -0.691 0.0 -0.647 0.322 0.772 -0.0 -0.33 -0.543 0.698 0.0 -0.676 0.237 
0.705 -0.114 0.156 0.682 -0.813 -0.0 -0.561 0.156 -0.721 -0.0 -0.185 -0.668 0.767 0.0 -0.61 0.198 0.727 0.0 -0.119 -0.677 -0.745 0.0 -0.286 -0.602 -0.691 -0.0 -0.647 0.322 0.772 0.0 -0.33 -0.543 0.698 0.0 -0.676 0.237 
0.705 -0.114 0.156 0.682 -0.813 -0.0 -0.561 0.156 -0.721 -0.0 -0.185 -0.668 0.767 0.0 -0.61 0.198 0.727 0.0 -0.119 -0.677 -0.745 -0.0 -0.286 -0.602 -0.691 -0.0 -0.647 0.322 0.772 0.0 -0.33 -0.543 0.698 0.0 -0.676 0.237 
0.705 -0.114 0.156 0.682 -0.813 -0.0 -0.561 0.156 -0.721 0.0 -0.185 -0.668 0.767 -0.0 -0.61 0.198 0.727 0.0 -0.119 -0.676 -0.745 -0.0 -0.287 -0.602 -0.691 -0.0 -0.647 0.322 0.772 -0.0 -0.33 -0.543 0.698 0.0 -0.676 0.237 
0.705 -0.114 0.156 0.682 -0.813 -0.0 -0.561 0.156 -0.721 -0.0 -0.184 -0.668 0.767 0.0 -0.61 0.198 0.727 -0.0 -0.119 -0.677 -0.745 0.0 -0.287 -0.602 -0.691 -0.0 -0.647 0.322 0.772 0.0 -0.33 -0.543 0.698 0.0 -0.676 0.237 
0.705 -0.114 0.156 0.682 -0.813 -0.0 -0.561 0.156 -0.721 -0.0 -0.185 -0.667 0.767 0.0 -0.61 0.198 0.727 0.0 -0.118 -0.676 -0.745 -0.0 -0.287 -0.602 -0.691 -0.0 -0.647 0.323 0.772 0.0 -0.33 -0.543 0.698 0.0 -0.676 0.237 
0.705 -0.114 0.156 0.682 -0.813 -0.0 -0.561 0.156 -0.721 -0.0 -0.185 -0.668 0.767 0.0 -0.61 0.198 0.727 0.0 -0.118 -0.677 -0.745 -0.0 -0.287 -0.602 -0.691 -0.0 -0.647 0.323 0.772 0.0 -0.33 -0.543 0.698 0.0 -0.676 0.238 
0.705 -0.114 0.156 0.682 -0.813 0.0 -0.561 0.156 -0.721 0.0 -0.184 -0.668 0.768 0.0 -0.61 0.197 0.727 0.0 -0.118 -0.677 -0.745 -0.0 -0.286 -0.602 -0.691 -0.0 -0.647 0.322 0.772 0.0 -0.33 -0.543 0.698 -0.0 -0.676 0.237 
0.705 -0.114 0.156 0.682 -0.813 -0.0 -0.561 0.156 -0.721 0.0 -0.184 -0.668 0.767 -0.0 -0.61 0.198 0.727 0.0 -0.118 -0.677 -0.745 -0.0 -0.287 -0.602 -0.691 -0.0 -0.647 0.323 0.772 0.0 -0.331 -0.543 0.698 0.0 -0.676 0.238 
0.705 -0.114 0.156 0.682 -0.813 -0.0 -0.561 0.156 -0.721 -0.0 -0.185 -0.668 0.767 0.0 -0.61 0.197 0.727 0.0 -0.118 -0.677 -0.745 0.0 -0.287 -0.602 -0.691 -0.0 -0.647 0.323 0.772 0.0 -0.33 -0.543 0.698 0.0 -0.676 0.237 
0.705 -0.114 0.156 0.682 -0.813 -0.0 -0.561 0.156 -0.721 -0.0 -0.185 -0.668 0.768 0.0 -0.61 0.197 0.727 -0.0 -0.118 -0.677 -0.745 -0.0 -0.287 -0.602 -0.691 0.0 -0.647 0.323 0.772 0.0 -0.33 -0.542 0.698 0.0 -0.676 0.238 
0.705 -0.114 0.156 0.682 -0.813 -0.0 -0.561 0.156 -0.721 -0.0 -0.185 -0.668 0.767 0.0 -0.61 0.197 0.727 0.0 -0.118 -0.677 -0.745 0.0 -0.287 -0.602 -0.691 -0.0 -0.647 0.323 0.772 0.0 -0.33 -0.543 0.698 0.0 -0.676 0.238 
0.705 -0.114 0.156 0.682 -0.813 -0.0 -0.561 0.156 -0.721 -0.0 -0.185 -0.668 0.767 0.0 -0.61 0.197 0.727 0.0 -0.118 -0.677 -0.745 -0.0 -0.287 -0.602 -0.691 -0.0 -0.647 0.323 0.772 0.0 -0.331 -0.543 0.698 0.0 -0.676 0.238 
0.705 -0.114 0.156 0.682 -0.813 0.0 -0.561 0.156 -0.721 0.0 -0.185 -0.668 0.767 0.0 -0.61 0.197 0.727 0.0 -0.118 -0.677 -0.745 -0.0 -0.287 -0.602 -0.691 -0.0 -0.647 0.323 0.772 -0.0 -0.331 -0.543 0.698 0.0 -0.676 0.238 
0.705 -0.114 0.156 0.682 -0.813 -0.0 -0.562 0.156 -0.721 -0.0 -0.184 -0.668 0.768 0.0 -0.61 0.197 0.727 0.0 -0.117 -0.677 -0.746 -0.0 -0.286 -0.602 -0.691 -0.0 -0.647 0.322 0.772 0.0 -0.33 -0.543 0.697 0.0 -0.676 0.238 
0.705 -0.114 0.156 0.682 -0.813 -0.0 -0.561 0.156 -0.721 -0.0 -0.185 -0.668 0.767 -0.0 -0.61 0.197 0.727 0.0 -0.117 -0.677 -0.745 -0.0 -0.287 -0.602 -0.691 -0.0 -0.647 0.323 0.772 -0.0 -0.33 -0.542 0.698 0.0 -0.676 0.238 
0.705 -0.114 0.156 0.682 -0.813 -0.0 -0.561 0.156 -0.721 -0.0 -0.185 -0.668 0.767 0.0 -0.61 0.197 0.727 -0.0 -0.117 -0.677 -0.745 -0.0 -0.287 -0.602 -0.691 -0.0 -0.647 0.323 0.772 -0.0 -0.331 -0.542 0.698 0.0 -0.676 0.238 
0.705 -0.114 0.156 0.682 -0.813 -0.0 -0.561 0.156 -0.721 -0.0 -0.185 -0.668 0.767 0.0 -0.61 0.197 0.727 0.0 -0.117 -0.677 -0.745 -0.0 -0.287 -0.602 -0.691 -0.0 -0.647 0.323 0.772 0.0 -0.33 -0.542 0.698 0.0 -0.676 0.237 
0.705 -0.114 0.156 0.682 -0.813 -0.0 -0.561 0.156 -0.721 -0.0 -0.185 -0.668 0.767 -0.0 -0.61 0.197 0.727 0.0 -0.117 -0.677 -0.745 -0.0 -0.287 -0.602 -0.691 -0.0 -0.647 0.323 0.772 -0.0 -0.331 -0.542 0.698 0.0 -0.676 0.237 
0.705 -0.114 0.156 0.682 -0.813 0.0 -0.561 0.156 -0.721 -0.0 -0.185 -0.667 0.767 0.0 -0.61 0.197 0.727 0.0 -0.117 -0.677 -0.745 0.0 -0.287 -0.602 -0.691 -0.0 -0.647 0.323 0.772 0.0 -0.331 -0.542 0.698 0.0 -0.676 0.237 
0.705 -0.114 0.156 0.682 -0.813 -0.0 -0.562 0.156 -0.721 0.0 -0.185 -0.667 0.767 -0.0 -0.61 0.197 0.727 0.0 -0.117 -0.677 -0.745 -0.0 -0.287 -0.602 -0.691 -0.0 -0.646 0.323 0.772 0.0 -0.331 -0.542 0.698 0.0 -0.676 0.237 
0.705 -0.114 0.156 0.682 -0.813 -0.0 -0.562 0.156 -0.721 -0.0 -0.185 -0.667 0.767 0.0 -0.61 0.197 0.727 0.0 -0.117 -0.676 -0.745 -0.0 -0.287 -0.602 -0.691 -0.0 -0.646 0.323 0.772 -0.0 -0.331 -0.542 0.698 -0.0 -0.676 0.238 
0.705 -0.114 0.156 0.682 -0.813 0.0 -0.562 0.156 -0.721 -0.0 -0.185 -0.667 0.767 0.0 -0.61 0.197 0.727 0.0 -0.117 -0.676 -0.745 -0.0 -0.287 -0.602 -0.691 -0.0 -0.646 0.323 0.772 0.0 -0.331 -0.542 0.698 0.0 -0.676 0.237 
0.705 -0.114 0.156 0.682 -0.813 -0.0 -0.562 0.156 -0.721 -0.0 -0.185 -0.667 0.767 0.0 -0.61 0.197 0.727 0.0 -0.117 -0.677 -0.745 0.0 -0.287 -0.602 -0.691 -0.0 -0.647 0.323 0.772 0.0 -0.331 -0.542 0.698 0.0 -0.676 0.237 
0.705 -0.114 0.156 0.682 -0.813 -0.0 -0.562 0.156 -0.721 -0.0 -0.185 -0.667 0.767 -0.0 -0.61 0.197 0.727 0.0 -0.117 -0.677 -0.745 -0.0 -0.287 -0.602 -0.691 0.0 -0.646 0.323 0.772 0.0 -0.331 -0.542 0.698 0.0 -0.676 0.238 
0.705 -0.114 0.156 0.682 -0.813 0.0 -0.562 0.156 -0.721 -0.0 -0.185 -0.668 0.767 -0.0 -0.61 0.197 0.727 0.0 -0.117 -0.677 -0.745 -0.0 -0.287 -0.602 -0.691 -0.0 -0.647 0.323 0.772 -0.0 -0.331 -0.542 0.698 -0.0 -0.676 0.238 
0.705 -0.114 0.156 0.682 -0.813 -0.0 -0.562 0.156 -0.721 -0.0 -0.185 -0.667 0.767 0.0 -0.61 0.197 0.727 0.0 -0.117 -0.677 -0.745 -0.0 -0.287 -0.602 -0.691 -0.0 -0.646 0.323 0.772 0.0 -0.331 -0.542 0.698 0.0 -0.676 0.238 
0.705 -0.114 0.156 0.682 -0.813 -0.0 -0.562 0.156 -0.721 -0.0 -0.185 -0.667 0.767 0.0 -0.61 0.196 0.727 -0.0 -0.117 -0.676 -0.745 -0.0 -0.287 -0.602 -0.691 -0.0 -0.646 0.323 0.772 0.0 -0.331 -0.542 0.698 0.0 -0.676 0.237 
0.705 -0.114 0.156 0.682 -0.813 -0.0 -0.562 0.156 -0.721 -0.0 -0.185 -0.667 0.767 0.0 -0.611 0.196 0.727 -0.0 -0.117 -0.676 -0.745 -0.0 -0.287 -0.602 -0.691 0.0 -0.647 0.323 0.772 0.0 -0.331 -0.542 0.698 0.0 -0.676 0.237 
0.705 -0.114 0.156 0.682 -0.813 -0.0 -0.562 0.156 -0.721 -0.0 -0.185 -0.668 0.767 0.0 -0.611 0.197 0.727 0.0 -0.117 -0.677 -0.745 0.0 -0.287 -0.602 -0.691 -0.0 -0.647 0.323 0.772 0.0 -0.331 -0.542 0.698 0.0 -0.676 0.237 
0.705 -0.114 0.156 0.682 -0.813 -0.0 -0.562 0.156 -0.721 -0.0 -0.185 -0.667 0.767 0.0 -0.61 0.196 0.727 0.0 -0.117 -0.677 -0.745 -0.0 -0.287 -0.602 -0.691 0.0 -0.646 0.323 0.772 0.0 -0.331 -0.542 0.698 0.0 -0.676 0.238 
0.705 -0.114 0.156 0.682 -0.813 -0.0 -0.562 0.156 -0.721 -0.0 -0.185 -0.667 0.767 0.0 -0.611 0.196 0.727 0.0 -0.117 -0.676 -0.745 -0.0 -0.287 -0.602 -0.691 -0.0 -0.646 0.323 0.772 0.0 -0.331 -0.542 0.698 0.0 -0.676 0.238 
0.705 -0.114 0.156 0.682 -0.812 -0.0 -0.562 0.156 -0.721 -0.0 -0.184 -0.668 0.767 0.0 -0.611 0.196 0.727 0.0 -0.117 -0.676 -0.746 -0.0 -0.287 -0.602 -0.691 0.0 -0.647 0.322 0.772 -0.0 -0.33 -0.543 0.697 0.0 -0.676 0.238 
0.705 -0.114 0.156 0.682 -0.812 -0.0 -0.562 0.156 -0.721 0.0 -0.184 -0.668 0.767 -0.0 -0.61 0.196 0.727 0.0 -0.117 -0.676 -0.746 -0.0 -0.287 -0.602 -0.691 -0.0 -0.647 0.322 0.772 0.0 -0.33 -0.543 0.697 0.0 -0.676 0.238 
0.705 -0.114 0.156 0.682 -0.813 -0.0 -0.562 0.156 -0.721 -0.0 -0.185 -0.668 0.767 0.0 -0.611 0.196 0.727 0.0 -0.117 -0.676 -0.745 -0.0 -0.287 -0.602 -0.691 -0.0 -0.647 0.323 0.772 0.0 -0.331 -0.542 0.698 0.0 -0.676 0.237 
0.705 -0.114 0.156 0.682 -0.813 -0.0 -0.562 0.156 -0.721 0.0 -0.185 -0.668 0.767 0.0 -0.61 0.196 0.727 -0.0 -0.117 -0.676 -0.745 -0.0 -0.287 -0.602 -0.691 -0.0 -0.647 0.323 0.772 0.0 -0.331 -0.542 0.698 -0.0 -0.676 0.237 
0.705 -0.114 0.156 0.682 -0.812 -0.0 -0.562 0.156 -0.721 -0.0 -0.184 -0.668 0.767 0.0 -0.61 0.196 0.727 -0.0 -0.117 -0.676 -0.746 0.0 -0.287 -0.602 -0.691 -0.0 -0.647 0.322 0.772 -0.0 -0.33 -0.543 0.698 0.0 -0.676 0.237 
0.705 -0.114 0.156 0.682 -0.812 0.0 -0.562 0.156 -0.721 0.0 -0.184 -0.668 0.767 0.0 -0.61 0.196 0.727 0.0 -0.117 -0.677 -0.746 -0.0 -0.287 -0.602 -0.691 -0.0 -0.647 0.322 0.772 0.0 -0.33 -0.543 0.698 0.0 -0.676 0.238 
0.705 -0.114 0.156 0.682 -0.813 -0.0 -0.562 0.156 -0.721 -0.0 -0.185 -0.668 0.767 -0.0 -0.61 0.196 0.727 0.0 -0.117 -0.677 -0.745 -0.0 -0.287 -0.602 -0.691 -0.0 -0.647 0.323 0.772 0.0 -0.331 -0.542 0.698 0.0 -0.676 0.237 
0.705 -0.114 0.156 0.682 -0.813 -0.0 -0.562 0.156 -0.721 -0.0 -0.185 -0.668 0.767 0.0 -0.61 0.196 0.727 0.0 -0.117 -0.676 -0.745 -0.0 -0.287 -0.602 -0.691 -0.0 -0.647 0.323 0.772 0.0 -0.331 -0.542 0.698 0.0 -0.676 0.238 
0.705 -0.114 0.156 0.682 -0.812 -0.0 -0.562 0.156 -0.721 0.0 -0.184 -0.668 0.768 0.0 -0.61 0.196 0.727 -0.0 -0.117 -0.676 -0.746 -0.0 -0.287 -0.602 -0.691 -0.0 -0.647 0.322 0.772 0.0 -0.33 -0.543 0.698 0.0 -0.676 0.238 
0.705 -0.114 0.156 0.682 -0.813 -0.0 -0.562 0.156 -0.721 -0.0 -0.185 -0.668 0.767 0.0 -0.61 0.196 0.727 -0.0 -0.117 -0.676 -0.745 -0.0 -0.287 -0.602 -0.691 -0.0 -0.646 0.323 0.772 0.0 -0.331 -0.542 0.698 0.0 -0.676 0.237 
0.705 -0.114 0.156 0.682 -0.813 0.0 -0.562 0.156 -0.721 -0.0 -0.185 -0.668 0.767 0.0 -0.61 0.196 0.727 -0.0 -0.117 -0.676 -0.745 -0.0 -0.287 -0.602 -0.691 0.0 -0.647 0.323 0.773 -0.0 -0.33 -0.542 0.698 -0.0 -0.676 0.237 
0.705 -0.114 0.156 0.682 -0.813 0.0 -0.562 0.156 -0.721 -0.0 -0.185 -0.668 0.767 0.0 -0.61 0.196 0.727 0.0 -0.117 -0.676 -0.745 -0.0 -0.287 -0.602 -0.691 0.0 -0.647 0.323 0.772 -0.0 -0.331 -0.542 0.698 0.0 -0.676 0.238 
0.705 -0.114 0.156 0.682 -0.813 -0.0 -0.562 0.156 -0.721 -0.0 -0.184 -0.668 0.767 0.0 -0.61 0.196 0.727 0.0 -0.117 -0.676 -0.746 -0.0 -0.287 -0.602 -0.691 -0.0 -0.647 0.322 0.772 0.0 -0.33 -0.543 0.697 0.0 -0.676 0.238 
0.705 -0.114 0.156 0.682 -0.813 0.0 -0.562 0.156 -0.721 -0.0 -0.185 -0.668 0.767 0.0 -0.61 0.196 0.727 0.0 -0.117 -0.676 -0.745 -0.0 -0.287 -0.602 -0.691 -0.0 -0.647 0.323 0.772 0.0 -0.331 -0.542 0.698 0.0 -0.676 0.238 
0.705 -0.114 0.156 0.682 -0.813 0.0 -0.562 0.156 -0.721 -0.0 -0.185 -0.668 0.767 0.0 -0.61 0.196 0.727 0.0 -0.117 -0.676 -0.745 -0.0 -0.287 -0.602 -0.691 -0.0 -0.647 0.323 0.772 -0.0 -0.331 -0.542 0.698 0.0 -0.676 0.237 
0.705 -0.114 0.156 0.682 -0.813 -0.0 -0.562 0.156 -0.721 -0.0 -0.185 -0.668 0.767 0.0 -0.61 0.196 0.727 0.0 -0.117 -0.676 -0.745 -0.0 -0.287 -0.602 -0.691 -0.0 -0.647 0.323 0.772 0.0 -0.331 -0.542 0.698 0.0 -0.676 0.237 
0.705 -0.114 0.156 0.682 -0.813 -0.0 -0.561 0.156 -0.721 -0.0 -0.185 -0.668 0.767 0.0 -0.61 0.196 0.727 0.0 -0.117 -0.676 -0.745 0.0 -0.287 -0.602 -0.691 -0.0 -0.647 0.323 0.772 0.0 -0.331 -0.542 0.698 0.0 -0.676 0.238 
0.705 -0.114 0.156 0.682 -0.813 -0.0 -0.562 0.156 -0.721 -0.0 -0.185 -0.668 0.767 0.0 -0.61 0.196 0.727 0.0 -0.117 -0.676 -0.745 0.0 -0.287 -0.602 -0.691 -0.0 -0.647 0.323 0.772 -0.0 -0.331 -0.542 0.698 -0.0 -0.676 0.238 
0.705 -0.114 0.156 0.682 -0.812 0.0 -0.562 0.156 -0.721 -0.0 -0.184 -0.668 0.768 0.0 -0.61 0.196 0.727 0.0 -0.117 -0.676 -0.746 -0.0 -0.287 -0.602 -0.691 -0.0 -0.647 0.322 0.772 0.0 -0.33 -0.543 0.697 0.0 -0.676 0.238 
0.705 -0.114 0.156 0.682 -0.813 -0.0 -0.562 0.156 -0.721 -0.0 -0.184 -0.668 0.767 0.0 -0.61 0.196 0.727 0.0 -0.117 -0.676 -0.745 -0.0 -0.287 -0.602 -0.691 0.0 -0.647 0.323 0.773 0.0 -0.33 -0.542 0.698 0.0 -0.676 0.237 
0.705 -0.114 0.156 0.682 -0.813 -0.0 -0.562 0.156 -0.721 -0.0 -0.184 -0.668 0.767 0.0 -0.61 0.196 0.727 0.0 -0.117 -0.676 -0.745 -0.0 -0.287 -0.602 -0.691 -0.0 -0.646 0.323 0.772 0.0 -0.331 -0.542 0.698 0.0 -0.676 0.238 
0.705 -0.114 0.156 0.682 -0.813 -0.0 -0.562 0.156 -0.721 -0.0 -0.184 -0.668 0.768 0.0 -0.61 0.196 0.727 0.0 -0.117 -0.676 -0.745 -0.0 -0.287 -0.602 -0.691 -0.0 -0.646 0.323 0.772 0.0 -0.331 -0.542 0.698 0.0 -0.676 0.238 
0.705 -0.114 0.156 0.682 -0.812 -0.0 -0.562 0.156 -0.721 -0.0 -0.184 -0.668 0.768 0.0 -0.61 0.195 0.727 -0.0 -0.117 -0.676 -0.746 -0.0 -0.287 -0.602 -0.691 -0.0 -0.647 0.322 0.772 0.0 -0.33 -0.543 0.698 0.0 -0.676 0.238 
0.705 -0.114 0.156 0.682 -0.813 -0.0 -0.562 0.156 -0.721 -0.0 -0.184 -0.668 0.768 0.0 -0.61 0.196 0.727 0.0 -0.117 -0.676 -0.745 -0.0 -0.287 -0.602 -0.691 -0.0 -0.647 0.323 0.772 0.0 -0.33 -0.542 0.698 0.0 -0.676 0.238 
0.705 -0.114 0.156 0.682 -0.813 -0.0 -0.562 0.156 -0.721 -0.0 -0.184 -0.668 0.767 0.0 -0.61 0.196 0.727 0.0 -0.117 -0.676 -0.745 -0.0 -0.287 -0.602 -0.691 0.0 -0.647 0.323 0.773 0.0 -0.331 -0.542 0.698 0.0 -0.676 0.237 
0.705 -0.114 0.156 0.682 -0.812 -0.0 -0.562 0.156 -0.721 -0.0 -0.184 -0.668 0.768 0.0 -0.61 0.196 0.727 0.0 -0.117 -0.676 -0.745 -0.0 -0.287 -0.602 -0.691 -0.0 -0.647 0.323 0.772 0.0 -0.331 -0.542 0.698 -0.0 -0.676 0.238 
0.705 -0.114 0.156 0.682 -0.812 -0.0 -0.562 0.156 -0.721 -0.0 -0.184 -0.668 0.768 -0.0 -0.61 0.196 0.727 0.0 -0.117 -0.676 -0.745 -0.0 -0.287 -0.602 -0.691 -0.0 -0.646 0.323 0.772 -0.0 -0.331 -0.542 0.698 0.0 -0.676 0.238 
0.705 -0.114 0.156 0.682 -0.813 -0.0 -0.562 0.156 -0.721 -0.0 -0.184 -0.668 0.768 -0.0 -0.61 0.196 0.727 -0.0 -0.117 -0.676 -0.745 -0.0 -0.287 -0.602 -0.691 -0.0 -0.647 0.323 0.773 0.0 -0.33 -0.542 0.698 -0.0 -0.676 0.238 
0.705 -0.114 0.156 0.682 -0.813 -0.0 -0.562 0.156 -0.721 -0.0 -0.184 -0.668 0.768 0.0 -0.61 0.196 0.727 0.0 -0.117 -0.676 -0.745 -0.0 -0.287 -0.602 -0.691 -0.0 -0.647 0.323 0.773 0.0 -0.33 -0.542 0.698 0.0 -0.676 0.238 
0.705 -0.114 0.156 0.682 -0.812 -0.0 -0.562 0.156 -0.721 -0.0 -0.184 -0.668 0.768 0.0 -0.61 0.196 0.727 -0.0 -0.117 -0.676 -0.745 -0.0 -0.287 -0.602 -0.691 -0.0 -0.647 0.323 0.773 0.0 -0.331 -0.542 0.698 0.0 -0.676 0.237 
0.705 -0.114 0.156 0.682 -0.812 0.0 -0.562 0.156 -0.721 -0.0 -0.184 -0.668 0.768 -0.0 -0.61 0.195 0.727 0.0 -0.117 -0.676 -0.746 -0.0 -0.287 -0.602 -0.691 -0.0 -0.647 0.322 0.772 0.0 -0.33 -0.543 0.698 0.0 -0.676 0.237 
0.705 -0.114 0.156 0.682 -0.812 -0.0 -0.562 0.156 -0.721 -0.0 -0.183 -0.668 0.768 0.0 -0.61 0.196 0.727 -0.0 -0.117 -0.676 -0.746 -0.0 -0.287 -0.602 -0.691 0.0 -0.647 0.322 0.772 0.0 -0.33 -0.543 0.697 0.0 -0.676 0.238 
0.705 -0.114 0.156 0.682 -0.812 -0.0 -0.562 0.156 -0.721 -0.0 -0.183 -0.668 0.768 0.0 -0.61 0.196 0.727 0.0 -0.117 -0.676 -0.746 -0.0 -0.287 -0.602 -0.691 -0.0 -0.647 0.322 0.772 0.0 -0.33 -0.543 0.697 0.0 -0.676 0.238 
0.705 -0.114 0.156 0.682 -0.812 -0.0 -0.562 0.156 -0.721 -0.0 -0.184 -0.668 0.768 0.0 -0.61 0.196 0.727 0.0 -0.117 -0.676 -0.746 -0.0 -0.287 -0.602 -0.691 -0.0 -0.647 0.322 0.772 0.0 -0.33 -0.543 0.698 0.0 -0.676 0.238 
0.705 -0.114 0.156 0.682 -0.812 -0.0 -0.562 0.156 -0.721 -0.0 -0.184 -0.668 0.768 0.0 -0.61 0.196 0.728 -0.0 -0.117 -0.676 -0.745 -0.0 -0.287 -0.602 -0.691 -0.0 -0.646 0.323 0.773 -0.0 -0.331 -0.542 0.698 0.0 -0.676 0.237 
0.705 -0.114 0.156 0.682 -0.812 -0.0 -0.562 0.156 -0.721 0.0 -0.183 -0.668 0.768 0.0 -0.61 0.196 0.727 0.0 -0.117 -0.676 -0.746 -0.0 -0.287 -0.602 -0.691 -0.0 -0.647 0.322 0.772 0.0 -0.33 -0.543 0.697 0.0 -0.676 0.238 
0.705 -0.114 0.156 0.682 -0.812 -0.0 -0.562 0.156 -0.721 -0.0 -0.184 -0.668 0.768 0.0 -0.61 0.196 0.728 0.0 -0.116 -0.676 -0.745 0.0 -0.287 -0.602 -0.691 -0.0 -0.647 0.323 0.773 0.0 -0.33 -0.542 0.698 0.0 -0.676 0.238 
0.705 -0.114 0.156 0.682 -0.812 -0.0 -0.562 0.156 -0.721 -0.0 -0.184 -0.668 0.768 0.0 -0.61 0.196 0.728 -0.0 -0.117 -0.676 -0.745 -0.0 -0.287 -0.602 -0.691 -0.0 -0.646 0.323 0.773 -0.0 -0.331 -0.542 0.698 0.0 -0.676 0.238 
0.705 -0.114 0.156 0.682 -0.812 0.0 -0.562 0.156 -0.721 -0.0 -0.184 -0.668 0.768 -0.0 -0.61 0.196 0.728 0.0 -0.116 -0.676 -0.745 -0.0 -0.287 -0.602 -0.691 0.0 -0.646 0.323 0.773 0.0 -0.33 -0.542 0.698 0.0 -0.676 0.237 
0.705 -0.114 0.156 0.682 -0.812 -0.0 -0.562 0.156 -0.721 0.0 -0.183 -0.668 0.768 0.0 -0.61 0.195 0.728 -0.0 -0.117 -0.676 -0.746 -0.0 -0.287 -0.601 -0.691 -0.0 -0.647 0.322 0.772 0.0 -0.33 -0.543 0.697 -0.0 -0.676 0.238 
0.705 -0.114 0.156 0.682 -0.812 -0.0 -0.562 0.155 -0.722 0.0 -0.183 -0.668 0.768 0.0 -0.61 0.196 0.728 0.0 -0.117 -0.676 -0.745 0.0 -0.287 -0.602 -0.691 -0.0 -0.647 0.323 0.773 0.0 -0.33 -0.542 0.698 0.0 -0.676 0.238 
0.705 -0.114 0.156 0.682 -0.812 -0.0 -0.562 0.155 -0.722 -0.0 -0.183 -0.668 0.768 0.0 -0.61 0.196 0.728 0.0 -0.117 -0.676 -0.745 -0.0 -0.287 -0.602 -0.691 -0.0 -0.646 0.323 0.773 0.0 -0.331 -0.542 0.698 0.0 -0.676 0.238 
0.705 -0.114 0.156 0.682 -0.812 -0.0 -0.563 0.155 -0.722 -0.0 -0.182 -0.668 0.768 0.0 -0.61 0.195 0.728 0.0 -0.117 -0.676 -0.746 -0.0 -0.287 -0.602 -0.691 -0.0 -0.647 0.322 0.772 -0.0 -0.33 -0.543 0.698 -0.0 -0.676 0.238 
0.706 -0.114 0.156 0.682 -0.812 -0.0 -0.562 0.155 -0.722 -0.0 -0.183 -0.668 0.768 -0.0 -0.61 0.196 0.728 -0.0 -0.117 -0.676 -0.745 -0.0 -0.287 -0.602 -0.691 -0.0 -0.647 0.323 0.773 0.0 -0.33 -0.542 0.698 0.0 -0.676 0.238 
0.705 -0.114 0.156 0.682 -0.812 -0.0 -0.562 0.155 -0.722 -0.0 -0.183 -0.668 0.768 0.0 -0.61 0.196 0.728 0.0 -0.117 -0.676 -0.745 -0.0 -0.287 -0.602 -0.691 -0.0 -0.647 0.323 0.773 0.0 -0.331 -0.542 0.698 0.0 -0.676 0.238 
0.705 -0.114 0.156 0.682 -0.812 -0.0 -0.562 0.155 -0.722 -0.0 -0.182 -0.668 0.768 -0.0 -0.61 0.196 0.728 0.0 -0.117 -0.676 -0.745 0.0 -0.287 -0.602 -0.691 -0.0 -0.647 0.323 0.773 0.0 -0.33 -0.542 0.698 0.0 -0.676 0.237 
0.705 -0.114 0.156 0.682 -0.812 0.0 -0.562 0.155 -0.722 -0.0 -0.182 -0.668 0.768 0.0 -0.61 0.196 0.728 0.0 -0.117 -0.676 -0.745 -0.0 -0.287 -0.602 -0.691 -0.0 -0.647 0.323 0.773 0.0 -0.331 -0.542 0.698 0.0 -0.676 0.238 
0.705 -0.114 0.156 0.682 -0.812 -0.0 -0.563 0.155 -0.722 0.0 -0.182 -0.668 0.768 0.0 -0.61 0.196 0.728 -0.0 -0.117 -0.676 -0.746 -0.0 -0.287 -0.601 -0.691 -0.0 -0.647 0.322 0.772 0.0 -0.33 -0.543 0.698 0.0 -0.676 0.238 
0.705 -0.114 0.156 0.682 -0.812 0.0 -0.562 0.155 -0.722 -0.0 -0.182 -0.668 0.768 0.0 -0.61 0.196 0.728 0.0 -0.117 -0.676 -0.745 -0.0 -0.287 -0.602 -0.691 -0.0 -0.646 0.323 0.773 0.0 -0.33 -0.542 0.698 0.0 -0.676 0.238 
0.705 -0.114 0.156 0.682 -0.812 -0.0 -0.562 0.155 -0.722 -0.0 -0.182 -0.668 0.768 -0.0 -0.61 0.196 0.728 0.0 -0.117 -0.676 -0.745 -0.0 -0.287 -0.602 -0.691 -0.0 -0.646 0.323 0.773 0.0 -0.331 -0.542 0.698 0.0 -0.676 0.238 
0.705 -0.114 0.156 0.682 -0.812 -0.0 -0.562 0.155 -0.722 0.0 -0.182 -0.668 0.768 0.0 -0.61 0.196 0.728 -0.0 -0.117 -0.676 -0.745 -0.0 -0.287 -0.602 -0.691 -0.0 -0.646 0.323 0.773 -0.0 -0.331 -0.542 0.698 0.0 -0.676 0.238 
0.705 -0.114 0.156 0.682 -0.812 0.0 -0.563 0.155 -0.722 -0.0 -0.181 -0.668 0.768 0.0 -0.61 0.196 0.728 0.0 -0.117 -0.676 -0.746 -0.0 -0.287 -0.601 -0.691 -0.0 -0.647 0.323 0.772 0.0 -0.33 -0.543 0.698 -0.0 -0.676 0.238 
0.705 -0.115 0.156 0.682 -0.812 -0.0 -0.563 0.155 -0.722 0.0 -0.181 -0.668 0.768 0.0 -0.61 0.196 0.728 0.0 -0.117 -0.676 -0.745 -0.0 -0.287 -0.602 -0.691 -0.0 -0.647 0.323 0.772 0.0 -0.33 -0.543 0.698 0.0 -0.676 0.238 
0.705 -0.115 0.156 0.682 -0.812 -0.0 -0.562 0.155 -0.722 -0.0 -0.182 -0.668 0.768 0.0 -0.61 0.196 0.728 0.0 -0.117 -0.676 -0.745 0.0 -0.287 -0.602 -0.691 -0.0 -0.646 0.323 0.773 0.0 -0.331 -0.542 0.698 0.0 -0.676 0.238 
0.705 -0.114 0.156 0.682 -0.812 -0.0 -0.562 0.155 -0.722 0.0 -0.182 -0.668 0.768 -0.0 -0.61 0.196 0.728 -0.0 -0.117 -0.676 -0.745 -0.0 -0.287 -0.601 -0.691 -0.0 -0.646 0.323 0.773 0.0 -0.331 -0.542 0.698 -0.0 -0.676 0.238 
0.705 -0.115 0.156 0.682 -0.812 -0.0 -0.562 0.155 -0.722 0.0 -0.181 -0.668 0.768 -0.0 -0.61 0.196 0.728 0.0 -0.117 -0.676 -0.746 -0.0 -0.287 -0.601 -0.691 -0.0 -0.646 0.323 0.772 0.0 -0.331 -0.543 0.698 0.0 -0.676 0.238 
0.705 -0.115 0.156 0.682 -0.812 -0.0 -0.562 0.155 -0.722 -0.0 -0.181 -0.668 0.768 0.0 -0.61 0.196 0.728 0.0 -0.117 -0.676 -0.745 -0.0 -0.288 -0.601 -0.691 -0.0 -0.646 0.324 0.773 -0.0 -0.331 -0.542 0.698 0.0 -0.675 0.239 
0.705 -0.115 0.157 0.682 -0.812 -0.0 -0.562 0.155 -0.722 -0.0 -0.181 -0.668 0.768 0.0 -0.61 0.196 0.728 0.0 -0.117 -0.676 -0.745 0.0 -0.288 -0.602 -0.691 -0.0 -0.646 0.324 0.773 -0.0 -0.331 -0.542 0.698 0.0 -0.676 0.239 
0.705 -0.115 0.157 0.682 -0.812 -0.0 -0.562 0.155 -0.722 -0.0 -0.181 -0.668 0.768 0.0 -0.61 0.196 0.728 -0.0 -0.117 -0.676 -0.745 0.0 -0.288 -0.601 -0.691 -0.0 -0.646 0.324 0.773 0.0 -0.331 -0.542 0.698 0.0 -0.676 0.238 
0.705 -0.115 0.157 0.682 -0.812 -0.0 -0.562 0.155 -0.722 -0.0 -0.181 -0.668 0.768 0.0 -0.61 0.196 0.728 0.0 -0.117 -0.676 -0.745 0.0 -0.288 -0.601 -0.691 -0.0 -0.646 0.324 0.773 0.0 -0.331 -0.542 0.698 0.0 -0.676 0.238 
0.705 -0.115 0.157 0.682 -0.812 0.0 -0.562 0.155 -0.722 -0.0 -0.181 -0.668 0.768 0.0 -0.61 0.196 0.728 0.0 -0.117 -0.676 -0.745 -0.0 -0.288 -0.601 -0.691 -0.0 -0.646 0.324 0.773 0.0 -0.331 -0.542 0.698 0.0 -0.675 0.239 
0.705 -0.115 0.156 0.682 -0.812 -0.0 -0.562 0.155 -0.722 0.0 -0.18 -0.668 0.768 0.0 -0.61 0.196 0.728 -0.0 -0.117 -0.676 -0.746 -0.0 -0.287 -0.601 -0.691 -0.0 -0.646 0.323 0.772 0.0 -0.331 -0.543 0.698 0.0 -0.676 0.239 
0.705 -0.115 0.156 0.682 -0.812 -0.0 -0.562 0.155 -0.722 -0.0 -0.18 -0.669 0.768 0.0 -0.61 0.195 0.728 0.0 -0.117 -0.676 -0.746 -0.0 -0.287 -0.601 -0.691 -0.0 -0.646 0.323 0.772 0.0 -0.331 -0.543 0.698 0.0 -0.676 0.239 
0.705 -0.115 0.157 0.682 -0.813 -0.0 -0.562 0.155 -0.722 -0.0 -0.181 -0.668 0.768 0.0 -0.61 0.196 0.728 0.0 -0.117 -0.676 -0.745 -0.0 -0.288 -0.601 -0.691 -0.0 -0.646 0.324 0.773 0.0 -0.331 -0.542 0.698 0.0 -0.676 0.238 
0.705 -0.115 0.156 0.682 -0.812 -0.0 -0.562 0.155 -0.721 -0.0 -0.18 -0.669 0.768 0.0 -0.61 0.195 0.728 -0.0 -0.117 -0.676 -0.746 0.0 -0.288 -0.601 -0.691 -0.0 -0.646 0.323 0.772 0.0 -0.331 -0.542 0.698 0.0 -0.676 0.239 
0.705 -0.115 0.156 0.682 -0.812 -0.0 -0.562 0.155 -0.722 -0.0 -0.18 -0.669 0.768 0.0 -0.61 0.195 0.728 0.0 -0.117 -0.676 -0.746 -0.0 -0.288 -0.601 -0.691 -0.0 -0.646 0.323 0.772 -0.0 -0.331 -0.542 0.698 0.0 -0.676 0.238 
0.705 -0.115 0.157 0.682 -0.813 0.0 -0.562 0.154 -0.722 -0.0 -0.18 -0.668 0.768 0.0 -0.61 0.196 0.728 0.0 -0.116 -0.676 -0.745 -0.0 -0.288 -0.601 -0.691 -0.0 -0.646 0.324 0.773 0.0 -0.331 -0.542 0.698 0.0 -0.675 0.239 
0.705 -0.115 0.157 0.682 -0.813 -0.0 -0.562 0.155 -0.721 -0.0 -0.18 -0.669 0.768 0.0 -0.61 0.195 0.728 -0.0 -0.116 -0.676 -0.745 -0.0 -0.288 -0.601 -0.691 -0.0 -0.646 0.324 0.773 0.0 -0.331 -0.542 0.698 -0.0 -0.675 0.239 
0.705 -0.115 0.157 0.682 -0.813 -0.0 -0.562 0.155 -0.722 -0.0 -0.181 -0.668 0.768 -0.0 -0.61 0.195 0.728 0.0 -0.116 -0.676 -0.745 -0.0 -0.288 -0.601 -0.691 -0.0 -0.646 0.324 0.773 -0.0 -0.331 -0.542 0.698 -0.0 -0.675 0.239 
0.705 -0.115 0.156 0.682 -0.813 -0.0 -0.562 0.155 -0.722 0.0 -0.18 -0.669 0.768 -0.0 -0.61 0.195 0.728 0.0 -0.116 -0.676 -0.746 -0.0 -0.288 -0.601 -0.691 -0.0 -0.646 0.323 0.772 0.0 -0.331 -0.542 0.698 0.0 -0.676 0.239 
0.705 -0.115 0.156 0.682 -0.812 -0.0 -0.562 0.155 -0.722 -0.0 -0.18 -0.669 0.768 0.0 -0.61 0.195 0.728 0.0 -0.116 -0.676 -0.746 0.0 -0.288 -0.601 -0.691 -0.0 -0.646 0.323 0.772 -0.0 -0.331 -0.542 0.698 0.0 -0.676 0.239 
0.705 -0.115 0.157 0.682 -0.813 -0.0 -0.562 0.155 -0.721 -0.0 -0.181 -0.668 0.768 0.0 -0.61 0.195 0.728 0.0 -0.116 -0.676 -0.745 -0.0 -0.288 -0.601 -0.691 -0.0 -0.646 0.324 0.773 0.0 -0.331 -0.542 0.698 0.0 -0.675 0.238 
0.705 -0.115 0.157 0.682 -0.813 -0.0 -0.562 0.155 -0.722 -0.0 -0.181 -0.668 0.768 0.0 -0.61 0.195 0.728 0.0 -0.116 -0.676 -0.745 -0.0 -0.288 -0.601 -0.691 -0.0 -0.646 0.324 0.773 -0.0 -0.331 -0.541 0.698 0.0 -0.675 0.238 
0.705 -0.115 0.157 0.682 -0.813 0.0 -0.562 0.155 -0.722 -0.0 -0.181 -0.668 0.768 0.0 -0.61 0.195 0.728 0.0 -0.116 -0.676 -0.745 -0.0 -0.288 -0.601 -0.691 -0.0 -0.646 0.324 0.773 0.0 -0.331 -0.542 0.698 0.0 -0.675 0.239 
0.705 -0.115 0.156 0.682 -0.812 -0.0 -0.562 0.155 -0.722 0.0 -0.181 -0.668 0.768 -0.0 -0.61 0.195 0.728 0.0 -0.116 -0.676 -0.746 -0.0 -0.288 -0.601 -0.691 -0.0 -0.646 0.323 0.772 -0.0 -0.331 -0.543 0.698 -0.0 -0.676 0.238 
0.705 -0.115 0.157 0.682 -0.812 -0.0 -0.562 0.155 -0.722 -0.0 -0.182 -0.668 0.768 0.0 -0.61 0.195 0.728 0.0 -0.115 -0.676 -0.745 -0.0 -0.288 -0.601 -0.691 -0.0 -0.646 0.324 0.773 0.0 -0.331 -0.542 0.698 -0.0 -0.675 0.239 
0.705 -0.115 0.156 0.682 -0.812 -0.0 -0.562 0.155 -0.722 -0.0 -0.181 -0.668 0.768 0.0 -0.61 0.195 0.728 0.0 -0.116 -0.676 -0.746 -0.0 -0.288 -0.601 -0.691 0.0 -0.646 0.323 0.772 0.0 -0.331 -0.542 0.698 0.0 -0.676 0.238 
0.705 -0.115 0.157 0.682 -0.812 -0.0 -0.562 0.154 -0.722 -0.0 -0.182 -0.668 0.768 0.0 -0.61 0.195 0.728 0.0 -0.115 -0.676 -0.745 -0.0 -0.288 -0.601 -0.691 -0.0 -0.646 0.324 0.773 0.0 -0.331 -0.542 0.698 0.0 -0.676 0.239 
0.705 -0.115 0.157 0.682 -0.812 -0.0 -0.562 0.154 -0.722 -0.0 -0.182 -0.668 0.768 0.0 -0.61 0.195 0.728 0.0 -0.115 -0.676 -0.745 -0.0 -0.288 -0.601 -0.691 -0.0 -0.646 0.324 0.773 0.0 -0.331 -0.542 0.698 0.0 -0.675 0.239 
0.705 -0.115 0.157 0.682 -0.812 -0.0 -0.562 0.154 -0.722 -0.0 -0.182 -0.668 0.768 0.0 -0.61 0.195 0.728 0.0 -0.115 -0.676 -0.745 0.0 -0.288 -0.601 -0.691 -0.0 -0.646 0.324 0.773 0.0 -0.331 -0.542 0.698 0.0 -0.676 0.238 
0.705 -0.115 0.156 0.682 -0.812 -0.0 -0.563 0.154 -0.722 -0.0 -0.182 -0.667 0.768 -0.0 -0.61 0.195 0.728 0.0 -0.115 -0.676 -0.746 -0.0 -0.287 -0.601 -0.691 -0.0 -0.646 0.323 0.772 0.0 -0.331 -0.543 0.698 0.0 -0.676 0.239 
0.705 -0.115 0.157 0.682 -0.812 -0.0 -0.562 0.154 -0.722 -0.0 -0.183 -0.667 0.768 0.0 -0.61 0.195 0.728 0.0 -0.115 -0.676 -0.745 0.0 -0.288 -0.601 -0.691 -0.0 -0.646 0.324 0.773 0.0 -0.331 -0.542 0.698 -0.0 -0.676 0.239 
0.705 -0.115 0.156 0.682 -0.812 -0.0 -0.563 0.154 -0.722 -0.0 -0.183 -0.667 0.768 0.0 -0.61 0.195 0.728 0.0 -0.115 -0.676 -0.745 0.0 -0.288 -0.601 -0.691 0.0 -0.646 0.324 0.773 0.0 -0.331 -0.542 0.698 0.0 -0.676 0.239 
0.705 -0.115 0.157 0.682 -0.812 -0.0 -0.563 0.154 -0.722 -0.0 -0.184 -0.667 0.768 -0.0 -0.61 0.195 0.728 0.0 -0.115 -0.676 -0.745 -0.0 -0.288 -0.601 -0.691 -0.0 -0.646 0.324 0.773 0.0 -0.331 -0.542 0.698 0.0 -0.676 0.239 
0.705 -0.115 0.156 0.682 -0.812 -0.0 -0.563 0.154 -0.722 -0.0 -0.184 -0.667 0.768 0.0 -0.61 0.195 0.728 0.0 -0.115 -0.676 -0.745 -0.0 -0.288 -0.601 -0.691 -0.0 -0.646 0.324 0.773 0.0 -0.331 -0.542 0.698 0.0 -0.676 0.239 
0.705 -0.115 0.156 0.682 -0.812 0.0 -0.563 0.154 -0.722 -0.0 -0.185 -0.666 0.768 0.0 -0.61 0.195 0.728 0.0 -0.115 -0.676 -0.745 -0.0 -0.288 -0.601 -0.691 -0.0 -0.646 0.324 0.773 0.0 -0.331 -0.542 0.698 0.0 -0.676 0.239 
0.705 -0.115 0.156 0.682 -0.812 -0.0 -0.563 0.154 -0.722 -0.0 -0.186 -0.666 0.768 -0.0 -0.61 0.195 0.728 0.0 -0.115 -0.676 -0.745 -0.0 -0.288 -0.601 -0.691 -0.0 -0.646 0.324 0.773 0.0 -0.331 -0.542 0.698 0.0 -0.676 0.238 
0.705 -0.115 0.156 0.682 -0.812 -0.0 -0.563 0.154 -0.722 -0.0 -0.185 -0.666 0.768 0.0 -0.61 0.195 0.728 0.0 -0.115 -0.676 -0.745 -0.0 -0.287 -0.601 -0.691 0.0 -0.646 0.324 0.773 0.0 -0.331 -0.542 0.698 0.0 -0.676 0.239 
0.705 -0.115 0.156 0.682 -0.812 -0.0 -0.563 0.155 -0.722 -0.0 -0.186 -0.666 0.768 0.0 -0.61 0.195 0.728 0.0 -0.116 -0.676 -0.745 -0.0 -0.287 -0.601 -0.691 -0.0 -0.646 0.323 0.772 0.0 -0.331 -0.542 0.698 0.0 -0.676 0.239 
0.705 -0.115 0.156 0.682 -0.812 -0.0 -0.563 0.155 -0.722 0.0 -0.187 -0.666 0.768 0.0 -0.61 0.195 0.728 0.0 -0.115 -0.676 -0.745 -0.0 -0.287 -0.601 -0.691 -0.0 -0.646 0.323 0.773 0.0 -0.331 -0.542 0.698 0.0 -0.676 0.239 
0.705 -0.115 0.156 0.682 -0.812 0.0 -0.563 0.155 -0.722 -0.0 -0.186 -0.666 0.768 0.0 -0.61 0.195 0.728 0.0 -0.115 -0.676 -0.745 -0.0 -0.287 -0.602 -0.691 -0.0 -0.646 0.323 0.773 0.0 -0.331 -0.542 0.698 0.0 -0.676 0.238 
0.705 -0.115 0.156 0.682 -0.812 -0.0 -0.563 0.155 -0.722 -0.0 -0.186 -0.666 0.768 0.0 -0.61 0.195 0.728 0.0 -0.115 -0.676 -0.745 -0.0 -0.287 -0.601 -0.691 -0.0 -0.646 0.323 0.773 0.0 -0.331 -0.542 0.698 0.0 -0.676 0.238 
0.705 -0.115 0.156 0.682 -0.812 -0.0 -0.563 0.155 -0.722 -0.0 -0.187 -0.666 0.768 0.0 -0.61 0.195 0.728 0.0 -0.115 -0.676 -0.745 -0.0 -0.287 -0.602 -0.691 -0.0 -0.646 0.323 0.772 -0.0 -0.331 -0.542 0.698 0.0 -0.676 0.238 
0.705 -0.115 0.156 0.682 -0.812 -0.0 -0.563 0.155 -0.722 -0.0 -0.187 -0.666 0.768 0.0 -0.61 0.195 0.728 0.0 -0.115 -0.676 -0.745 -0.0 -0.287 -0.601 -0.691 -0.0 -0.646 0.323 0.773 -0.0 -0.331 -0.542 0.698 0.0 -0.676 0.238 
0.705 -0.115 0.156 0.682 -0.812 -0.0 -0.563 0.155 -0.722 -0.0 -0.187 -0.666 0.768 -0.0 -0.61 0.196 0.728 -0.0 -0.115 -0.676 -0.745 -0.0 -0.287 -0.602 -0.691 -0.0 -0.646 0.323 0.773 0.0 -0.331 -0.542 0.698 0.0 -0.676 0.238 
0.705 -0.114 0.156 0.682 -0.812 -0.0 -0.563 0.155 -0.722 -0.0 -0.187 -0.666 0.768 0.0 -0.61 0.196 0.728 0.0 -0.115 -0.676 -0.745 -0.0 -0.287 -0.602 -0.691 -0.0 -0.646 0.323 0.772 -0.0 -0.331 -0.542 0.698 0.0 -0.676 0.238 
0.705 -0.114 0.156 0.682 -0.812 0.0 -0.563 0.155 -0.722 -0.0 -0.186 -0.666 0.768 0.0 -0.61 0.196 0.728 0.0 -0.116 -0.676 -0.745 0.0 -0.287 -0.602 -0.691 0.0 -0.646 0.323 0.772 0.0 -0.331 -0.542 0.698 -0.0 -0.676 0.237 
0.705 -0.114 0.156 0.682 -0.812 -0.0 -0.563 0.154 -0.722 -0.0 -0.187 -0.666 0.768 0.0 -0.61 0.196 0.728 -0.0 -0.116 -0.676 -0.745 0.0 -0.287 -0.602 -0.691 -0.0 -0.646 0.323 0.773 -0.0 -0.331 -0.542 0.698 0.0 -0.676 0.237 
0.705 -0.115 0.156 0.682 -0.812 -0.0 -0.563 0.155 -0.722 -0.0 -0.187 -0.666 0.768 0.0 -0.61 0.196 0.728 0.0 -0.116 -0.676 -0.745 0.0 -0.287 -0.602 -0.691 0.0 -0.646 0.323 0.772 0.0 -0.331 -0.542 0.698 0.0 -0.676 0.237 
0.705 -0.114 0.156 0.682 -0.812 -0.0 -0.563 0.155 -0.722 0.0 -0.187 -0.666 0.768 0.0 -0.61 0.196 0.728 -0.0 -0.116 -0.676 -0.745 0.0 -0.287 -0.602 -0.691 -0.0 -0.646 0.323 0.772 0.0 -0.331 -0.542 0.698 0.0 -0.676 0.237 
0.705 -0.114 0.156 0.682 -0.812 -0.0 -0.563 0.155 -0.722 -0.0 -0.187 -0.666 0.768 -0.0 -0.61 0.196 0.728 0.0 -0.116 -0.676 -0.745 -0.0 -0.287 -0.602 -0.691 -0.0 -0.647 0.323 0.773 0.0 -0.331 -0.542 0.698 -0.0 -0.676 0.238 
0.705 -0.114 0.156 0.682 -0.812 -0.0 -0.563 0.155 -0.722 -0.0 -0.187 -0.666 0.768 0.0 -0.61 0.196 0.728 -0.0 -0.116 -0.676 -0.745 0.0 -0.287 -0.602 -0.691 -0.0 -0.647 0.323 0.772 -0.0 -0.331 -0.542 0.698 0.0 -0.676 0.237 
0.705 -0.114 0.156 0.682 -0.812 -0.0 -0.563 0.155 -0.722 -0.0 -0.187 -0.666 0.768 0.0 -0.61 0.196 0.728 -0.0 -0.116 -0.676 -0.745 -0.0 -0.287 -0.602 -0.691 -0.0 -0.646 0.323 0.773 0.0 -0.331 -0.542 0.698 0.0 -0.676 0.238 
0.705 -0.114 0.156 0.682 -0.812 -0.0 -0.563 0.155 -0.722 -0.0 -0.187 -0.666 0.768 0.0 -0.61 0.196 0.728 0.0 -0.116 -0.676 -0.745 -0.0 -0.287 -0.602 -0.691 -0.0 -0.647 0.323 0.772 0.0 -0.331 -0.542 0.698 -0.0 -0.676 0.237 
0.705 -0.114 0.156 0.682 -0.812 -0.0 -0.563 0.155 -0.722 -0.0 -0.186 -0.666 0.768 0.0 -0.61 0.196 0.728 -0.0 -0.116 -0.676 -0.745 0.0 -0.287 -0.602 -0.691 -0.0 -0.647 0.323 0.772 0.0 -0.331 -0.542 0.698 0.0 -0.676 0.237 
0.705 -0.114 0.156 0.682 -0.812 -0.0 -0.563 0.155 -0.722 -0.0 -0.187 -0.666 0.768 0.0 -0.61 0.197 0.728 0.0 -0.116 -0.676 -0.745 0.0 -0.287 -0.602 -0.691 -0.0 -0.646 0.323 0.773 0.0 -0.331 -0.542 0.698 0.0 -0.676 0.238 
0.705 -0.114 0.156 0.682 -0.812 -0.0 -0.562 0.155 -0.722 -0.0 -0.187 -0.666 0.768 -0.0 -0.61 0.197 0.728 0.0 -0.116 -0.676 -0.745 -0.0 -0.287 -0.602 -0.691 0.0 -0.646 0.323 0.772 0.0 -0.331 -0.542 0.698 0.0 -0.676 0.238 
0.705 -0.114 0.156 0.682 -0.812 -0.0 -0.562 0.155 -0.722 -0.0 -0.186 -0.666 0.768 0.0 -0.61 0.197 0.728 0.0 -0.116 -0.676 -0.745 -0.0 -0.287 -0.602 -0.691 -0.0 -0.646 0.323 0.772 -0.0 -0.331 -0.542 0.698 0.0 -0.676 0.238 
0.705 -0.114 0.156 0.682 -0.812 -0.0 -0.562 0.155 -0.722 0.0 -0.186 -0.666 0.768 -0.0 -0.61 0.197 0.728 0.0 -0.116 -0.676 -0.745 -0.0 -0.287 -0.602 -0.691 -0.0 -0.646 0.323 0.773 0.0 -0.331 -0.542 0.698 0.0 -0.676 0.238 
0.705 -0.114 0.156 0.682 -0.812 -0.0 -0.562 0.155 -0.722 -0.0 -0.186 -0.666 0.768 0.0 -0.61 0.197 0.728 0.0 -0.116 -0.676 -0.745 -0.0 -0.287 -0.602 -0.691 -0.0 -0.646 0.323 0.772 0.0 -0.331 -0.542 0.698 0.0 -0.676 0.237 
0.705 -0.114 0.156 0.682 -0.812 -0.0 -0.562 0.155 -0.722 -0.0 -0.186 -0.666 0.768 0.0 -0.61 0.197 0.728 0.0 -0.116 -0.676 -0.745 -0.0 -0.287 -0.602 -0.691 -0.0 -0.646 0.323 0.772 0.0 -0.331 -0.542 0.698 0.0 -0.676 0.238 
0.705 -0.115 0.156 0.682 -0.812 -0.0 -0.562 0.155 -0.722 -0.0 -0.186 -0.666 0.768 0.0 -0.61 0.197 0.728 0.0 -0.116 -0.676 -0.746 -0.0 -0.287 -0.601 -0.691 -0.0 -0.647 0.322 0.772 0.0 -0.33 -0.543 0.698 0.0 -0.676 0.238 
0.705 -0.114 0.156 0.682 -0.812 -0.0 -0.562 0.155 -0.722 -0.0 -0.185 -0.667 0.768 0.0 -0.61 0.197 0.728 0.0 -0.116 -0.676 -0.745 -0.0 -0.287 -0.602 -0.691 -0.0 -0.647 0.323 0.772 0.0 -0.33 -0.542 0.698 0.0 -0.676 0.238 
0.705 -0.114 0.156 0.682 -0.812 -0.0 -0.562 0.155 -0.722 -0.0 -0.186 -0.666 0.768 0.0 -0.61 0.197 0.728 0.0 -0.116 -0.676 -0.745 -0.0 -0.287 -0.602 -0.691 -0.0 -0.647 0.323 0.772 0.0 -0.331 -0.542 0.698 0.0 -0.676 0.238 
0.705 -0.115 0.156 0.682 -0.813 -0.0 -0.562 0.155 -0.722 0.0 -0.185 -0.667 0.768 -0.0 -0.61 0.197 0.728 0.0 -0.116 -0.676 -0.745 -0.0 -0.287 -0.602 -0.691 -0.0 -0.646 0.323 0.772 -0.0 -0.331 -0.542 0.698 0.0 -0.676 0.238 
0.705 -0.114 0.156 0.682 -0.813 -0.0 -0.562 0.155 -0.722 0.0 -0.185 -0.667 0.768 0.0 -0.61 0.197 0.728 0.0 -0.116 -0.676 -0.745 -0.0 -0.287 -0.602 -0.691 -0.0 -0.647 0.323 0.772 0.0 -0.331 -0.542 0.698 0.0 -0.676 0.238 
0.705 -0.114 0.156 0.682 -0.813 -0.0 -0.562 0.155 -0.722 0.0 -0.185 -0.667 0.768 -0.0 -0.61 0.197 0.727 0.0 -0.116 -0.676 -0.745 -0.0 -0.287 -0.602 -0.691 -0.0 -0.647 0.323 0.773 0.0 -0.33 -0.542 0.698 0.0 -0.676 0.238 
0.705 -0.114 0.156 0.682 -0.813 -0.0 -0.562 0.155 -0.722 -0.0 -0.184 -0.667 0.768 -0.0 -0.61 0.198 0.727 -0.0 -0.117 -0.676 -0.745 0.0 -0.287 -0.602 -0.691 0.0 -0.647 0.323 0.772 0.0 -0.331 -0.542 0.698 -0.0 -0.676 0.237 
0.705 -0.114 0.156 0.682 -0.813 0.0 -0.562 0.155 -0.722 -0.0 -0.185 -0.667 0.768 0.0 -0.61 0.197 0.727 0.0 -0.116 -0.676 -0.745 -0.0 -0.287 -0.602 -0.691 -0.0 -0.647 0.323 0.773 -0.0 -0.33 -0.542 0.698 0.0 -0.676 0.238 
0.705 -0.114 0.156 0.682 -0.813 -0.0 -0.562 0.155 -0.722 -0.0 -0.184 -0.667 0.768 0.0 -0.61 0.197 0.727 0.0 -0.117 -0.676 -0.745 0.0 -0.287 -0.602 -0.691 0.0 -0.647 0.323 0.772 0.0 -0.33 -0.542 0.698 0.0 -0.676 0.237 
0.705 -0.114 0.156 0.682 -0.813 -0.0 -0.562 0.155 -0.722 -0.0 -0.184 -0.667 0.768 0.0 -0.61 0.198 0.727 0.0 -0.117 -0.676 -0.745 -0.0 -0.287 -0.602 -0.691 -0.0 -0.647 0.323 0.772 0.0 -0.331 -0.542 0.698 0.0 -0.676 0.237 
0.705 -0.114 0.156 0.682 -0.813 -0.0 -0.561 0.155 -0.722 -0.0 -0.185 -0.667 0.768 0.0 -0.61 0.197 0.727 0.0 -0.116 -0.676 -0.745 -0.0 -0.287 -0.602 -0.691 -0.0 -0.647 0.323 0.772 0.0 -0.331 -0.542 0.698 -0.0 -0.676 0.238 
0.705 -0.114 0.156 0.682 -0.813 -0.0 -0.561 0.155 -0.722 -0.0 -0.184 -0.667 0.768 0.0 -0.61 0.197 0.727 0.0 -0.117 -0.676 -0.745 -0.0 -0.287 -0.602 -0.691 -0.0 -0.647 0.323 0.772 0.0 -0.331 -0.542 0.698 0.0 -0.676 0.237 
0.705 -0.114 0.156 0.682 -0.813 0.0 -0.561 0.155 -0.722 -0.0 -0.185 -0.667 0.768 0.0 -0.61 0.198 0.727 0.0 -0.117 -0.676 -0.745 0.0 -0.287 -0.602 -0.691 -0.0 -0.647 0.323 0.772 0.0 -0.331 -0.542 0.698 -0.0 -0.676 0.238 
0.705 -0.114 0.156 0.682 -0.813 -0.0 -0.561 0.155 -0.722 -0.0 -0.184 -0.667 0.768 0.0 -0.61 0.197 0.727 0.0 -0.116 -0.676 -0.745 -0.0 -0.287 -0.602 -0.691 -0.0 -0.647 0.323 0.772 -0.0 -0.33 -0.542 0.698 0.0 -0.676 0.238 
0.705 -0.114 0.156 0.682 -0.813 0.0 -0.562 0.156 -0.722 -0.0 -0.184 -0.667 0.768 0.0 -0.61 0.197 0.727 0.0 -0.117 -0.676 -0.745 -0.0 -0.287 -0.602 -0.691 -0.0 -0.647 0.323 0.773 -0.0 -0.33 -0.542 0.698 0.0 -0.676 0.237 
0.705 -0.114 0.156 0.682 -0.813 -0.0 -0.561 0.155 -0.722 -0.0 -0.184 -0.667 0.768 -0.0 -0.61 0.198 0.728 -0.0 -0.117 -0.676 -0.745 0.0 -0.287 -0.602 -0.691 -0.0 -0.647 0.323 0.772 -0.0 -0.33 -0.542 0.698 0.0 -0.676 0.238 
0.705 -0.114 0.156 0.682 -0.813 -0.0 -0.561 0.156 -0.722 -0.0 -0.184 -0.667 0.768 0.0 -0.61 0.198 0.727 -0.0 -0.117 -0.676 -0.745 -0.0 -0.287 -0.602 -0.691 -0.0 -0.647 0.322 0.772 -0.0 -0.33 -0.543 0.698 0.0 -0.676 0.237 
0.705 -0.114 0.156 0.682 -0.813 -0.0 -0.561 0.156 -0.722 0.0 -0.184 -0.667 0.768 -0.0 -0.61 0.198 0.727 0.0 -0.117 -0.676 -0.745 -0.0 -0.287 -0.602 -0.691 -0.0 -0.647 0.323 0.772 -0.0 -0.33 -0.542 0.698 0.0 -0.676 0.237 
0.705 -0.114 0.156 0.682 -0.813 -0.0 -0.561 0.156 -0.722 0.0 -0.184 -0.667 0.768 0.0 -0.61 0.198 0.728 -0.0 -0.118 -0.676 -0.745 -0.0 -0.287 -0.602 -0.691 -0.0 -0.647 0.323 0.772 -0.0 -0.33 -0.542 0.698 0.0 -0.676 0.237 
0.705 -0.114 0.156 0.682 -0.813 0.0 -0.561 0.156 -0.722 0.0 -0.184 -0.667 0.768 0.0 -0.61 0.198 0.727 0.0 -0.118 -0.676 -0.745 -0.0 -0.287 -0.602 -0.691 -0.0 -0.647 0.322 0.772 0.0 -0.33 -0.543 0.698 0.0 -0.676 0.237 
0.705 -0.114 0.156 0.682 -0.813 -0.0 -0.561 0.156 -0.722 -0.0 -0.184 -0.667 0.768 -0.0 -0.61 0.198 0.727 0.0 -0.118 -0.676 -0.745 0.0 -0.286 -0.602 -0.691 -0.0 -0.647 0.322 0.772 0.0 -0.33 -0.543 0.698 0.0 -0.676 0.237 
0.705 -0.114 0.156 0.682 -0.813 0.0 -0.562 0.156 -0.722 -0.0 -0.184 -0.667 0.768 0.0 -0.61 0.198 0.727 -0.0 -0.118 -0.676 -0.745 -0.0 -0.286 -0.602 -0.691 -0.0 -0.647 0.322 0.772 0.0 -0.33 -0.543 0.698 0.0 -0.676 0.236 
0.705 -0.114 0.156 0.682 -0.813 -0.0 -0.562 0.156 -0.722 -0.0 -0.184 -0.667 0.768 0.0 -0.61 0.198 0.727 -0.0 -0.119 -0.676 -0.745 0.0 -0.286 -0.602 -0.691 -0.0 -0.647 0.322 0.772 -0.0 -0.33 -0.543 0.698 -0.0 -0.676 0.237 
0.705 -0.114 0.156 0.682 -0.813 0.0 -0.562 0.156 -0.722 0.0 -0.184 -0.667 0.768 0.0 -0.61 0.198 0.727 0.0 -0.119 -0.676 -0.745 -0.0 -0.286 -0.602 -0.691 -0.0 -0.647 0.322 0.772 0.0 -0.33 -0.543 0.698 0.0 -0.676 0.237 
0.705 -0.114 0.156 0.682 -0.813 -0.0 -0.562 0.156 -0.722 0.0 -0.184 -0.667 0.768 0.0 -0.61 0.198 0.727 0.0 -0.119 -0.676 -0.745 -0.0 -0.286 -0.602 -0.691 -0.0 -0.647 0.322 0.772 0.0 -0.33 -0.543 0.698 0.0 -0.676 0.237 
0.705 -0.114 0.156 0.682 -0.813 -0.0 -0.562 0.156 -0.722 -0.0 -0.184 -0.667 0.768 0.0 -0.61 0.198 0.727 0.0 -0.119 -0.676 -0.745 -0.0 -0.286 -0.602 -0.691 -0.0 -0.647 0.322 0.772 0.0 -0.33 -0.543 0.698 0.0 -0.676 0.237 
0.705 -0.114 0.155 0.682 -0.812 -0.0 -0.562 0.156 -0.722 -0.0 -0.184 -0.667 0.768 0.0 -0.61 0.198 0.727 0.0 -0.119 -0.676 -0.746 0.0 -0.286 -0.602 -0.691 0.0 -0.647 0.321 0.772 0.0 -0.33 -0.544 0.697 -0.0 -0.676 0.237 
0.706 -0.114 0.156 0.682 -0.813 -0.0 -0.562 0.156 -0.722 -0.0 -0.184 -0.667 0.768 0.0 -0.61 0.198 0.727 0.0 -0.12 -0.676 -0.745 -0.0 -0.286 -0.602 -0.691 -0.0 -0.647 0.322 0.772 -0.0 -0.33 -0.543 0.698 0.0 -0.676 0.237 
0.705 -0.114 0.156 0.682 -0.813 -0.0 -0.562 0.156 -0.722 0.0 -0.184 -0.667 0.768 -0.0 -0.61 0.198 0.727 0.0 -0.12 -0.676 -0.745 -0.0 -0.286 -0.602 -0.691 -0.0 -0.647 0.322 0.772 0.0 -0.33 -0.543 0.698 -0.0 -0.676 0.237 
0.706 -0.114 0.156 0.682 -0.812 -0.0 -0.562 0.156 -0.722 -0.0 -0.184 -0.667 0.768 0.0 -0.61 0.198 0.727 0.0 -0.12 -0.676 -0.745 -0.0 -0.286 -0.602 -0.691 -0.0 -0.647 0.322 0.772 0.0 -0.33 -0.543 0.698 -0.0 -0.676 0.237 
0.706 -0.114 0.156 0.682 -0.812 -0.0 -0.562 0.156 -0.722 0.0 -0.184 -0.667 0.768 0.0 -0.61 0.198 0.727 0.0 -0.12 -0.676 -0.745 -0.0 -0.286 -0.602 -0.691 -0.0 -0.647 0.322 0.772 0.0 -0.33 -0.543 0.698 0.0 -0.676 0.236 
0.706 -0.114 0.156 0.682 -0.812 -0.0 -0.562 0.156 -0.722 -0.0 -0.185 -0.667 0.768 0.0 -0.61 0.198 0.727 0.0 -0.12 -0.676 -0.745 -0.0 -0.286 -0.602 -0.691 -0.0 -0.647 0.322 0.772 -0.0 -0.33 -0.543 0.698 0.0 -0.676 0.237 
0.706 -0.114 0.156 0.682 -0.812 -0.0 -0.562 0.156 -0.722 -0.0 -0.185 -0.667 0.767 0.0 -0.61 0.198 0.728 0.0 -0.12 -0.676 -0.745 -0.0 -0.286 -0.602 -0.691 -0.0 -0.647 0.322 0.772 0.0 -0.33 -0.543 0.698 0.0 -0.676 0.237 
0.706 -0.114 0.156 0.682 -0.812 0.0 -0.562 0.156 -0.722 -0.0 -0.186 -0.667 0.767 0.0 -0.61 0.199 0.727 -0.0 -0.12 -0.676 -0.745 0.0 -0.286 -0.602 -0.691 -0.0 -0.647 0.321 0.772 -0.0 -0.329 -0.543 0.698 -0.0 -0.676 0.236 
0.706 -0.114 0.156 0.682 -0.812 -0.0 -0.562 0.156 -0.722 -0.0 -0.186 -0.667 0.767 0.0 -0.61 0.199 0.727 0.0 -0.12 -0.676 -0.745 -0.0 -0.286 -0.603 -0.691 -0.0 -0.647 0.322 0.772 0.0 -0.329 -0.543 0.698 0.0 -0.676 0.236 
0.705 -0.114 0.156 0.682 -0.812 -0.0 -0.562 0.156 -0.722 -0.0 -0.186 -0.667 0.767 -0.0 -0.61 0.199 0.727 0.0 -0.12 -0.676 -0.745 -0.0 -0.286 -0.602 -0.691 -0.0 -0.647 0.322 0.772 0.0 -0.33 -0.543 0.698 0.0 -0.676 0.236 
0.706 -0.114 0.156 0.682 -0.812 -0.0 -0.562 0.156 -0.722 -0.0 -0.186 -0.667 0.767 0.0 -0.61 0.199 0.727 0.0 -0.12 -0.676 -0.745 -0.0 -0.286 -0.602 -0.691 -0.0 -0.647 0.322 0.772 0.0 -0.33 -0.543 0.698 0.0 -0.676 0.236 
0.706 -0.114 0.156 0.682 -0.812 -0.0 -0.562 0.156 -0.722 -0.0 -0.186 -0.667 0.767 0.0 -0.61 0.199 0.727 0.0 -0.12 -0.676 -0.745 -0.0 -0.286 -0.602 -0.691 -0.0 -0.647 0.322 0.772 0.0 -0.33 -0.543 0.698 0.0 -0.676 0.236 
0.705 -0.114 0.156 0.682 -0.812 -0.0 -0.562 0.156 -0.722 0.0 -0.186 -0.666 0.767 0.0 -0.611 0.198 0.728 0.0 -0.119 -0.675 -0.745 0.0 -0.286 -0.602 -0.691 0.0 -0.647 0.322 0.772 -0.0 -0.33 -0.543 0.698 0.0 -0.676 0.237 
0.706 -0.114 0.156 0.682 -0.812 -0.0 -0.562 0.156 -0.722 -0.0 -0.186 -0.667 0.767 0.0 -0.61 0.199 0.727 0.0 -0.12 -0.676 -0.745 -0.0 -0.286 -0.603 -0.691 -0.0 -0.647 0.321 0.772 0.0 -0.329 -0.543 0.698 0.0 -0.676 0.236 
0.706 -0.114 0.156 0.682 -0.812 -0.0 -0.562 0.156 -0.722 -0.0 -0.186 -0.667 0.767 0.0 -0.61 0.199 0.727 0.0 -0.12 -0.676 -0.745 -0.0 -0.286 -0.602 -0.691 -0.0 -0.647 0.321 0.772 0.0 -0.329 -0.543 0.698 0.0 -0.676 0.237 
0.706 -0.114 0.156 0.682 -0.812 -0.0 -0.562 0.156 -0.722 -0.0 -0.185 -0.667 0.767 0.0 -0.61 0.199 0.727 -0.0 -0.12 -0.676 -0.745 -0.0 -0.286 -0.603 -0.691 -0.0 -0.647 0.322 0.772 0.0 -0.33 -0.543 0.698 0.0 -0.677 0.236 
0.705 -0.114 0.156 0.682 -0.812 -0.0 -0.562 0.156 -0.722 -0.0 -0.185 -0.667 0.767 0.0 -0.61 0.199 0.727 0.0 -0.12 -0.676 -0.745 -0.0 -0.286 -0.602 -0.691 -0.0 -0.647 0.321 0.772 0.0 -0.329 -0.543 0.698 0.0 -0.676 0.236 
0.705 -0.114 0.156 0.682 -0.812 -0.0 -0.562 0.156 -0.722 -0.0 -0.185 -0.667 0.767 0.0 -0.61 0.199 0.727 0.0 -0.121 -0.676 -0.745 -0.0 -0.286 -0.602 -0.691 -0.0 -0.647 0.322 0.772 -0.0 -0.33 -0.543 0.698 0.0 -0.676 0.236 
0.705 -0.114 0.156 0.682 -0.812 -0.0 -0.562 0.156 -0.722 -0.0 -0.185 -0.667 0.767 -0.0 -0.61 0.199 0.727 0.0 -0.12 -0.676 -0.745 -0.0 -0.286 -0.602 -0.691 -0.0 -0.647 0.322 0.772 0.0 -0.33 -0.543 0.698 0.0 -0.676 0.236 
0.705 -0.114 0.156 0.682 -0.812 -0.0 -0.562 0.156 -0.722 -0.0 -0.185 -0.667 0.767 0.0 -0.61 0.199 0.727 0.0 -0.121 -0.676 -0.745 -0.0 -0.286 -0.602 -0.691 -0.0 -0.647 0.322 0.772 -0.0 -0.33 -0.543 0.698 0.0 -0.676 0.236 
0.706 -0.114 0.156 0.682 -0.813 0.0 -0.562 0.156 -0.722 -0.0 -0.185 -0.667 0.767 0.0 -0.61 0.199 0.727 0.0 -0.12 -0.676 -0.745 -0.0 -0.286 -0.602 -0.691 -0.0 -0.647 0.322 0.772 -0.0 -0.33 -0.543 0.698 0.0 -0.676 0.236 
0.705 -0.114 0.156 0.682 -0.813 -0.0 -0.562 0.156 -0.722 0.0 -0.185 -0.667 0.767 0.0 -0.61 0.199 0.727 0.0 -0.12 -0.676 -0.745 -0.0 -0.286 -0.602 -0.691 -0.0 -0.647 0.322 0.772 0.0 -0.33 -0.543 0.698 0.0 -0.676 0.237 
0.705 -0.114 0.156 0.682 -0.813 -0.0 -0.562 0.156 -0.722 -0.0 -0.184 -0.667 0.767 0.0 -0.61 0.199 0.727 0.0 -0.12 -0.676 -0.745 -0.0 -0.286 -0.602 -0.691 -0.0 -0.647 0.322 0.772 0.0 -0.33 -0.543 0.698 0.0 -0.676 0.236 
0.706 -0.114 0.156 0.682 -0.813 -0.0 -0.562 0.156 -0.722 -0.0 -0.184 -0.667 0.767 0.0 -0.61 0.199 0.727 0.0 -0.12 -0.676 -0.745 -0.0 -0.286 -0.602 -0.691 -0.0 -0.647 0.322 0.772 0.0 -0.329 -0.543 0.698 0.0 -0.676 0.236 
0.705 -0.114 0.156 0.682 -0.813 0.0 -0.562 0.156 -0.722 -0.0 -0.184 -0.667 0.767 0.0 -0.61 0.199 0.727 0.0 -0.12 -0.676 -0.745 -0.0 -0.286 -0.602 -0.691 -0.0 -0.647 0.322 0.772 -0.0 -0.33 -0.543 0.698 -0.0 -0.676 0.236 
0.705 -0.114 0.156 0.682 -0.813 -0.0 -0.562 0.156 -0.722 -0.0 -0.184 -0.667 0.767 0.0 -0.61 0.199 0.727 0.0 -0.12 -0.676 -0.745 -0.0 -0.286 -0.602 -0.691 -0.0 -0.647 0.322 0.772 0.0 -0.33 -0.543 0.698 -0.0 -0.676 0.237 
0.705 -0.114 0.156 0.682 -0.813 -0.0 -0.562 0.156 -0.721 -0.0 -0.184 -0.668 0.768 0.0 -0.61 0.199 0.727 0.0 -0.12 -0.676 -0.745 -0.0 -0.286 -0.603 -0.691 0.0 -0.647 0.321 0.772 0.0 -0.329 -0.543 0.698 0.0 -0.676 0.236 
0.705 -0.114 0.156 0.682 -0.813 -0.0 -0.561 0.156 -0.721 -0.0 -0.184 -0.668 0.767 0.0 -0.61 0.199 0.727 -0.0 -0.12 -0.676 -0.745 0.0 -0.286 -0.602 -0.691 -0.0 -0.647 0.321 0.772 -0.0 -0.329 -0.543 0.698 0.0 -0.676 0.236 
0.706 -0.114 0.156 0.682 -0.813 -0.0 -0.561 0.156 -0.722 -0.0 -0.184 -0.667 0.767 0.0 -0.61 0.198 0.727 0.0 -0.119 -0.676 -0.745 0.0 -0.286 -0.602 -0.691 0.0 -0.647 0.322 0.772 0.0 -0.33 -0.543 0.698 0.0 -0.676 0.236 
0.705 -0.114 0.156 0.682 -0.813 -0.0 -0.561 0.156 -0.722 -0.0 -0.184 -0.667 0.767 -0.0 -0.61 0.198 0.727 -0.0 -0.119 -0.676 -0.745 -0.0 -0.286 -0.602 -0.691 -0.0 -0.647 0.322 0.772 0.0 -0.33 -0.543 0.698 0.0 -0.676 0.236 
0.706 -0.114 0.156 0.682 -0.813 -0.0 -0.561 0.156 -0.722 -0.0 -0.184 -0.668 0.768 0.0 -0.609 0.199 0.727 0.0 -0.12 -0.676 -0.745 -0.0 -0.286 -0.602 -0.691 -0.0 -0.647 0.321 0.772 -0.0 -0.329 -0.543 0.698 0.0 -0.676 0.236 
0.706 -0.114 0.156 0.682 -0.813 -0.0 -0.561 0.156 -0.722 -0.0 -0.184 -0.668 0.768 0.0 -0.609 0.199 0.727 0.0 -0.12 -0.676 -0.745 0.0 -0.286 -0.603 -0.691 -0.0 -0.647 0.322 0.772 -0.0 -0.33 -0.543 0.698 0.0 -0.676 0.236 
0.705 -0.114 0.156 0.682 -0.813 -0.0 -0.561 0.156 -0.721 -0.0 -0.183 -0.668 0.767 -0.0 -0.609 0.199 0.727 0.0 -0.12 -0.676 -0.745 -0.0 -0.286 -0.602 -0.691 -0.0 -0.647 0.322 0.772 -0.0 -0.33 -0.543 0.698 0.0 -0.676 0.236 
0.705 -0.114 0.156 0.682 -0.813 -0.0 -0.561 0.156 -0.721 -0.0 -0.183 -0.668 0.768 0.0 -0.609 0.199 0.727 -0.0 -0.119 -0.676 -0.745 -0.0 -0.286 -0.602 -0.691 0.0 -0.647 0.321 0.772 0.0 -0.329 -0.543 0.698 0.0 -0.676 0.236 
0.705 -0.114 0.156 0.682 -0.813 -0.0 -0.561 0.156 -0.721 -0.0 -0.183 -0.668 0.767 0.0 -0.609 0.199 0.727 0.0 -0.119 -0.676 -0.745 -0.0 -0.286 -0.603 -0.691 -0.0 -0.647 0.322 0.772 0.0 -0.329 -0.543 0.698 0.0 -0.676 0.236 
0.705 -0.114 0.156 0.682 -0.813 -0.0 -0.561 0.156 -0.721 -0.0 -0.183 -0.668 0.767 0.0 -0.609 0.199 0.727 0.0 -0.119 -0.676 -0.745 -0.0 -0.286 -0.602 -0.691 0.0 -0.647 0.322 0.772 0.0 -0.33 -0.543 0.698 -0.0 -0.676 0.236 
0.706 -0.114 0.156 0.682 -0.813 -0.0 -0.561 0.156 -0.721 -0.0 -0.183 -0.668 0.767 0.0 -0.609 0.199 0.727 -0.0 -0.119 -0.676 -0.745 0.0 -0.286 -0.603 -0.691 0.0 -0.647 0.322 0.772 0.0 -0.33 -0.543 0.698 0.0 -0.676 0.236 
0.706 -0.114 0.156 0.682 -0.813 0.0 -0.561 0.156 -0.721 -0.0 -0.183 -0.668 0.767 -0.0 -0.609 0.199 0.727 0.0 -0.119 -0.676 -0.745 -0.0 -0.286 -0.603 -0.691 -0.0 -0.647 0.322 0.772 0.0 -0.33 -0.543 0.698 0.0 -0.676 0.237 
0.705 -0.114 0.156 0.682 -0.813 -0.0 -0.561 0.156 -0.721 -0.0 -0.183 -0.668 0.767 0.0 -0.609 0.199 0.727 0.0 -0.119 -0.676 -0.745 -0.0 -0.286 -0.602 -0.691 -0.0 -0.647 0.322 0.772 0.0 -0.33 -0.543 0.698 0.0 -0.676 0.237 
0.705 -0.114 0.156 0.682 -0.813 -0.0 -0.561 0.156 -0.721 -0.0 -0.183 -0.668 0.767 0.0 -0.609 0.199 0.727 0.0 -0.119 -0.676 -0.745 -0.0 -0.286 -0.602 -0.691 0.0 -0.647 0.322 0.772 -0.0 -0.33 -0.543 0.698 0.0 -0.676 0.237 
0.706 -0.114 0.156 0.682 -0.813 -0.0 -0.561 0.156 -0.721 -0.0 -0.183 -0.668 0.767 0.0 -0.61 0.199 0.727 0.0 -0.119 -0.677 -0.745 -0.0 -0.286 -0.603 -0.691 0.0 -0.647 0.322 0.772 0.0 -0.33 -0.543 0.698 -0.0 -0.676 0.236 
0.705 -0.114 0.156 0.682 -0.813 -0.0 -0.561 0.156 -0.721 -0.0 -0.183 -0.668 0.767 0.0 -0.61 0.199 0.727 0.0 -0.119 -0.676 -0.745 -0.0 -0.286 -0.602 -0.691 -0.0 -0.647 0.322 0.772 0.0 -0.33 -0.543 0.698 -0.0 -0.676 0.237 
0.706 -0.114 0.156 0.682 -0.813 -0.0 -0.561 0.156 -0.721 -0.0 -0.183 -0.668 0.767 0.0 -0.61 0.199 0.727 0.0 -0.119 -0.676 -0.745 -0.0 -0.286 -0.602 -0.691 -0.0 -0.647 0.322 0.772 0.0 -0.33 -0.543 0.698 0.0 -0.676 0.236 
0.706 -0.114 0.156 0.682 -0.813 0.0 -0.561 0.156 -0.721 -0.0 -0.182 -0.668 0.767 0.0 -0.61 0.199 0.727 0.0 -0.119 -0.676 -0.745 -0.0 -0.286 -0.602 -0.691 -0.0 -0.647 0.322 0.772 0.0 -0.33 -0.543 0.698 -0.0 -0.676 0.237 
0.705 -0.114 0.156 0.682 -0.813 -0.0 -0.561 0.156 -0.721 0.0 -0.182 -0.668 0.767 -0.0 -0.61 0.199 0.727 0.0 -0.119 -0.676 -0.745 -0.0 -0.286 -0.602 -0.691 -0.0 -0.647 0.322 0.772 -0.0 -0.33 -0.543 0.698 0.0 -0.676 0.237 
0.706 -0.114 0.156 0.682 -0.813 0.0 -0.561 0.156 -0.722 -0.0 -0.182 -0.668 0.767 0.0 -0.61 0.199 0.727 0.0 -0.119 -0.676 -0.745 -0.0 -0.286 -0.602 -0.691 -0.0 -0.647 0.322 0.772 0.0 -0.33 -0.543 0.698 0.0 -0.676 0.237 
0.705 -0.114 0.156 0.682 -0.813 -0.0 -0.561 0.156 -0.722 0.0 -0.182 -0.668 0.767 0.0 -0.61 0.199 0.727 0.0 -0.119 -0.676 -0.745 -0.0 -0.286 -0.602 -0.691 -0.0 -0.647 0.322 0.772 0.0 -0.33 -0.543 0.698 0.0 -0.676 0.237 
0.705 -0.114 0.156 0.682 -0.813 -0.0 -0.561 0.156 -0.722 -0.0 -0.182 -0.668 0.767 0.0 -0.61 0.199 0.727 0.0 -0.119 -0.676 -0.745 -0.0 -0.286 -0.602 -0.691 -0.0 -0.647 0.322 0.772 -0.0 -0.33 -0.543 0.698 0.0 -0.676 0.237 
0.705 -0.114 0.156 0.682 -0.813 -0.0 -0.561 0.156 -0.722 -0.0 -0.182 -0.668 0.767 -0.0 -0.61 0.199 0.727 0.0 -0.119 -0.676 -0.745 -0.0 -0.286 -0.602 -0.691 -0.0 -0.647 0.322 0.772 0.0 -0.33 -0.543 0.698 0.0 -0.676 0.237 
0.705 -0.114 0.156 0.682 -0.813 -0.0 -0.561 0.156 -0.721 -0.0 -0.182 -0.668 0.767 0.0 -0.61 0.199 0.727 0.0 -0.119 -0.676 -0.745 -0.0 -0.286 -0.602 -0.691 -0.0 -0.647 0.322 0.772 0.0 -0.33 -0.543 0.698 0.0 -0.676 0.236 
0.705 -0.114 0.156 0.682 -0.813 -0.0 -0.561 0.156 -0.722 -0.0 -0.182 -0.668 0.767 0.0 -0.61 0.199 0.727 0.0 -0.119 -0.676 -0.745 0.0 -0.286 -0.602 -0.691 0.0 -0.647 0.322 0.772 0.0 -0.33 -0.543 0.698 0.0 -0.676 0.237 
0.705 -0.114 0.156 0.682 -0.813 -0.0 -0.561 0.156 -0.722 -0.0 -0.182 -0.668 0.767 0.0 -0.61 0.199 0.727 0.0 -0.119 -0.676 -0.745 0.0 -0.286 -0.602 -0.691 0.0 -0.647 0.322 0.772 -0.0 -0.33 -0.543 0.698 0.0 -0.676 0.237 
0.705 -0.114 0.156 0.682 -0.813 -0.0 -0.561 0.156 -0.721 -0.0 -0.182 -0.668 0.767 0.0 -0.61 0.199 0.727 0.0 -0.119 -0.676 -0.745 0.0 -0.286 -0.602 -0.691 -0.0 -0.647 0.322 0.772 0.0 -0.33 -0.543 0.698 0.0 -0.676 0.237 
0.705 -0.114 0.156 0.682 -0.813 -0.0 -0.561 0.156 -0.721 -0.0 -0.182 -0.668 0.767 0.0 -0.61 0.199 0.727 0.0 -0.118 -0.676 -0.745 -0.0 -0.286 -0.602 -0.691 -0.0 -0.647 0.322 0.772 -0.0 -0.33 -0.543 0.697 -0.0 -0.676 0.237 
0.705 -0.114 0.156 0.682 -0.813 -0.0 -0.561 0.156 -0.721 -0.0 -0.182 -0.668 0.767 0.0 -0.61 0.199 0.727 -0.0 -0.119 -0.676 -0.745 -0.0 -0.287 -0.602 -0.691 -0.0 -0.647 0.322 0.772 0.0 -0.33 -0.543 0.698 0.0 -0.676 0.237 
0.705 -0.114 0.156 0.682 -0.813 0.0 -0.561 0.156 -0.721 -0.0 -0.182 -0.668 0.767 -0.0 -0.61 0.199 0.727 0.0 -0.119 -0.676 -0.745 -0.0 -0.287 -0.602 -0.691 -0.0 -0.647 0.323 0.772 -0.0 -0.33 -0.543 0.698 0.0 -0.676 0.237 
0.705 -0.114 0.156 0.682 -0.813 -0.0 -0.561 0.156 -0.721 -0.0 -0.182 -0.668 0.767 0.0 -0.61 0.199 0.727 -0.0 -0.118 -0.676 -0.745 -0.0 -0.287 -0.602 -0.691 -0.0 -0.647 0.322 0.772 -0.0 -0.33 -0.543 0.698 -0.0 -0.676 0.237 
0.705 -0.114 0.156 0.682 -0.813 -0.0 -0.561 0.156 -0.721 0.0 -0.181 -0.668 0.767 0.0 -0.61 0.199 0.727 -0.0 -0.118 -0.676 -0.745 -0.0 -0.287 -0.602 -0.691 -0.0 -0.647 0.323 0.772 -0.0 -0.33 -0.543 0.698 0.0 -0.676 0.237 
0.705 -0.114 0.156 0.682 -0.813 -0.0 -0.561 0.156 -0.721 -0.0 -0.181 -0.668 0.767 0.0 -0.61 0.199 0.727 0.0 -0.118 -0.676 -0.745 -0.0 -0.287 -0.602 -0.691 -0.0 -0.647 0.323 0.772 0.0 -0.33 -0.543 0.698 -0.0 -0.676 0.238 
0.705 -0.114 0.156 0.682 -0.813 -0.0 -0.561 0.156 -0.721 -0.0 -0.181 -0.669 0.767 0.0 -0.61 0.199 0.727 -0.0 -0.118 -0.676 -0.746 0.0 -0.286 -0.602 -0.691 -0.0 -0.647 0.322 0.772 0.0 -0.33 -0.544 0.697 0.0 -0.676 0.237 
0.705 -0.114 0.156 0.682 -0.813 -0.0 -0.561 0.156 -0.721 -0.0 -0.181 -0.668 0.767 -0.0 -0.61 0.199 0.727 0.0 -0.118 -0.676 -0.745 -0.0 -0.287 -0.602 -0.691 -0.0 -0.647 0.323 0.772 0.0 -0.331 -0.542 0.698 0.0 -0.676 0.238 
0.705 -0.114 0.156 0.682 -0.813 -0.0 -0.561 0.156 -0.721 -0.0 -0.181 -0.668 0.767 0.0 -0.61 0.199 0.727 0.0 -0.118 -0.676 -0.745 -0.0 -0.287 -0.602 -0.691 -0.0 -0.647 0.323 0.772 0.0 -0.331 -0.543 0.698 -0.0 -0.676 0.238 
0.705 -0.114 0.156 0.682 -0.813 0.0 -0.561 0.156 -0.721 -0.0 -0.18 -0.669 0.767 0.0 -0.61 0.199 0.727 -0.0 -0.118 -0.676 -0.745 -0.0 -0.287 -0.602 -0.691 -0.0 -0.647 0.322 0.772 0.0 -0.33 -0.543 0.697 -0.0 -0.676 0.238 
0.705 -0.114 0.156 0.682 -0.813 -0.0 -0.561 0.156 -0.721 0.0 -0.181 -0.669 0.767 0.0 -0.61 0.199 0.727 -0.0 -0.117 -0.676 -0.745 0.0 -0.287 -0.602 -0.691 0.0 -0.647 0.323 0.772 0.0 -0.331 -0.543 0.698 -0.0 -0.676 0.238 
0.705 -0.114 0.156 0.682 -0.813 0.0 -0.561 0.156 -0.721 -0.0 -0.18 -0.669 0.767 0.0 -0.61 0.199 0.727 0.0 -0.118 -0.676 -0.746 -0.0 -0.287 -0.602 -0.691 -0.0 -0.647 0.322 0.772 -0.0 -0.33 -0.543 0.697 0.0 -0.676 0.237 
0.705 -0.114 0.156 0.682 -0.813 -0.0 -0.561 0.156 -0.721 -0.0 -0.181 -0.669 0.767 0.0 -0.61 0.199 0.727 0.0 -0.117 -0.676 -0.745 -0.0 -0.287 -0.602 -0.691 -0.0 -0.647 0.323 0.772 0.0 -0.331 -0.543 0.698 0.0 -0.676 0.238 
0.705 -0.114 0.156 0.682 -0.813 -0.0 -0.561 0.156 -0.721 -0.0 -0.181 -0.669 0.767 -0.0 -0.61 0.199 0.727 0.0 -0.117 -0.676 -0.745 0.0 -0.287 -0.602 -0.691 -0.0 -0.647 0.323 0.772 0.0 -0.331 -0.542 0.698 0.0 -0.676 0.237 
0.705 -0.114 0.156 0.682 -0.813 0.0 -0.561 0.156 -0.721 -0.0 -0.181 -0.669 0.767 0.0 -0.609 0.199 0.727 0.0 -0.117 -0.676 -0.745 -0.0 -0.287 -0.602 -0.691 0.0 -0.647 0.323 0.772 -0.0 -0.331 -0.543 0.698 -0.0 -0.676 0.238 
0.705 -0.114 0.156 0.682 -0.813 -0.0 -0.561 0.156 -0.721 -0.0 -0.181 -0.669 0.767 0.0 -0.61 0.2 0.727 0.0 -0.117 -0.676 -0.745 -0.0 -0.287 -0.602 -0.691 -0.0 -0.647 0.323 0.772 0.0 -0.331 -0.543 0.698 0.0 -0.676 0.237 
0.705 -0.114 0.156 0.682 -0.813 -0.0 -0.561 0.156 -0.721 -0.0 -0.181 -0.669 0.767 -0.0 -0.609 0.199 0.727 0.0 -0.117 -0.676 -0.745 -0.0 -0.287 -0.602 -0.691 -0.0 -0.647 0.323 0.772 0.0 -0.331 -0.543 0.698 0.0 -0.676 0.237 
0.705 -0.114 0.156 0.682 -0.813 -0.0 -0.561 0.156 -0.721 0.0 -0.181 -0.669 0.767 0.0 -0.609 0.199 0.727 0.0 -0.117 -0.676 -0.745 -0.0 -0.287 -0.602 -0.691 -0.0 -0.647 0.323 0.772 0.0 -0.331 -0.542 0.698 0.0 -0.676 0.238 
0.705 -0.114 0.156 0.682 -0.813 -0.0 -0.561 0.156 -0.721 -0.0 -0.181 -0.669 0.767 0.0 -0.609 0.2 0.727 0.0 -0.117 -0.677 -0.745 0.0 -0.287 -0.602 -0.691 -0.0 -0.647 0.323 0.772 0.0 -0.331 -0.542 0.698 0.0 -0.676 0.238 
0.705 -0.114 0.156 0.682 -0.813 -0.0 -0.561 0.156 -0.721 0.0 -0.181 -0.669 0.767 0.0 -0.609 0.2 0.727 0.0 -0.117 -0.677 -0.745 -0.0 -0.287 -0.602 -0.691 -0.0 -0.647 0.323 0.772 0.0 -0.331 -0.543 0.698 0.0 -0.676 0.237 
0.705 -0.114 0.156 0.682 -0.813 -0.0 -0.561 0.156 -0.721 -0.0 -0.181 -0.669 0.767 0.0 -0.609 0.2 0.727 0.0 -0.117 -0.676 -0.745 -0.0 -0.287 -0.602 -0.691 -0.0 -0.647 0.323 0.772 0.0 -0.331 -0.543 0.698 0.0 -0.676 0.238 
0.705 -0.114 0.156 0.682 -0.813 -0.0 -0.561 0.156 -0.721 -0.0 -0.181 -0.669 0.767 0.0 -0.609 0.2 0.727 0.0 -0.117 -0.676 -0.745 0.0 -0.287 -0.602 -0.691 -0.0 -0.647 0.323 0.772 0.0 -0.331 -0.542 0.698 -0.0 -0.676 0.238 
0.705 -0.114 0.156 0.682 -0.813 -0.0 -0.561 0.156 -0.721 -0.0 -0.181 -0.669 0.767 0.0 -0.609 0.2 0.727 -0.0 -0.117 -0.676 -0.745 -0.0 -0.287 -0.602 -0.691 -0.0 -0.647 0.323 0.772 0.0 -0.331 -0.543 0.698 0.0 -0.676 0.237 
0.705 -0.114 0.156 0.682 -0.813 -0.0 -0.561 0.156 -0.721 -0.0 -0.181 -0.669 0.767 0.0 -0.609 0.2 0.727 0.0 -0.117 -0.676 -0.745 -0.0 -0.287 -0.602 -0.691 -0.0 -0.647 0.323 0.772 0.0 -0.331 -0.543 0.698 0.0 -0.676 0.238 
0.705 -0.114 0.156 0.682 -0.813 0.0 -0.561 0.156 -0.721 -0.0 -0.181 -0.669 0.767 0.0 -0.609 0.2 0.727 -0.0 -0.117 -0.676 -0.745 -0.0 -0.287 -0.602 -0.691 -0.0 -0.647 0.323 0.772 0.0 -0.331 -0.543 0.698 0.0 -0.676 0.238 
0.705 -0.114 0.156 0.682 -0.813 -0.0 -0.561 0.156 -0.721 0.0 -0.181 -0.669 0.767 0.0 -0.609 0.2 0.727 0.0 -0.117 -0.676 -0.745 -0.0 -0.287 -0.602 -0.691 -0.0 -0.647 0.323 0.772 -0.0 -0.331 -0.543 0.698 0.0 -0.676 0.238 
0.705 -0.114 0.156 0.682 -0.813 -0.0 -0.561 0.156 -0.721 -0.0 -0.181 -0.668 0.767 -0.0 -0.609 0.2 0.727 0.0 -0.117 -0.676 -0.745 -0.0 -0.287 -0.602 -0.691 -0.0 -0.647 0.323 0.772 -0.0 -0.331 -0.543 0.697 0.0 -0.676 0.238 
0.705 -0.114 0.156 0.682 -0.813 -0.0 -0.561 0.156 -0.721 -0.0 -0.181 -0.669 0.767 0.0 -0.609 0.2 0.727 0.0 -0.116 -0.676 -0.745 -0.0 -0.287 -0.602 -0.691 -0.0 -0.647 0.323 0.772 0.0 -0.331 -0.543 0.698 -0.0 -0.676 0.238 
0.705 -0.114 0.156 0.682 -0.813 -0.0 -0.561 0.156 -0.721 -0.0 -0.181 -0.668 0.767 0.0 -0.609 0.2 0.727 0.0 -0.117 -0.676 -0.745 -0.0 -0.287 -0.602 -0.691 -0.0 -0.647 0.323 0.772 -0.0 -0.331 -0.543 0.697 0.0 -0.676 0.238 
0.705 -0.114 0.156 0.682 -0.813 -0.0 -0.561 0.156 -0.721 0.0 -0.181 -0.669 0.768 0.0 -0.609 0.199 0.727 -0.0 -0.117 -0.676 -0.745 -0.0 -0.287 -0.602 -0.691 -0.0 -0.647 0.322 0.772 0.0 -0.33 -0.543 0.698 0.0 -0.676 0.237 
0.705 -0.114 0.156 0.682 -0.813 -0.0 -0.561 0.156 -0.721 -0.0 -0.181 -0.668 0.767 0.0 -0.609 0.2 0.727 0.0 -0.117 -0.676 -0.745 -0.0 -0.287 -0.602 -0.691 -0.0 -0.647 0.323 0.772 0.0 -0.331 -0.543 0.697 0.0 -0.676 0.238 
0.705 -0.114 0.156 0.682 -0.813 0.0 -0.561 0.156 -0.721 -0.0 -0.181 -0.668 0.767 -0.0 -0.609 0.2 0.727 -0.0 -0.117 -0.676 -0.745 -0.0 -0.287 -0.602 -0.691 -0.0 -0.647 0.323 0.772 0.0 -0.331 -0.543 0.698 0.0 -0.676 0.237 
0.705 -0.114 0.156 0.682 -0.813 0.0 -0.561 0.156 -0.721 -0.0 -0.181 -0.668 0.767 0.0 -0.609 0.2 0.727 0.0 -0.117 -0.676 -0.745 -0.0 -0.287 -0.602 -0.691 -0.0 -0.647 0.323 0.772 0.0 -0.331 -0.543 0.698 0.0 -0.676 0.238 
0.705 -0.114 0.156 0.682 -0.813 -0.0 -0.561 0.156 -0.721 -0.0 -0.181 -0.668 0.767 0.0 -0.609 0.2 0.727 0.0 -0.117 -0.676 -0.745 0.0 -0.287 -0.602 -0.691 -0.0 -0.647 0.323 0.772 0.0 -0.331 -0.543 0.698 0.0 -0.676 0.238 
0.705 -0.114 0.156 0.682 -0.813 -0.0 -0.561 0.156 -0.721 -0.0 -0.181 -0.668 0.767 0.0 -0.609 0.2 0.727 0.0 -0.117 -0.676 -0.745 -0.0 -0.287 -0.602 -0.691 -0.0 -0.647 0.323 0.772 0.0 -0.33 -0.543 0.697 0.0 -0.676 0.237 
0.705 -0.114 0.156 0.682 -0.813 -0.0 -0.562 0.156 -0.721 0.0 -0.181 -0.668 0.767 0.0 -0.609 0.2 0.727 0.0 -0.117 -0.676 -0.745 -0.0 -0.287 -0.602 -0.691 -0.0 -0.647 0.323 0.772 0.0 -0.331 -0.543 0.697 0.0 -0.676 0.238 
0.705 -0.114 0.156 0.682 -0.812 -0.0 -0.562 0.156 -0.721 -0.0 -0.181 -0.669 0.768 0.0 -0.609 0.199 0.727 0.0 -0.117 -0.676 -0.745 -0.0 -0.287 -0.602 -0.691 -0.0 -0.647 0.322 0.772 0.0 -0.33 -0.543 0.697 -0.0 -0.676 0.237 
0.705 -0.114 0.156 0.682 -0.813 -0.0 -0.562 0.156 -0.721 -0.0 -0.181 -0.668 0.767 0.0 -0.609 0.2 0.727 0.0 -0.117 -0.676 -0.745 -0.0 -0.287 -0.602 -0.691 -0.0 -0.647 0.323 0.772 0.0 -0.331 -0.542 0.698 0.0 -0.676 0.237 
0.705 -0.114 0.156 0.682 -0.813 -0.0 -0.562 0.156 -0.721 -0.0 -0.181 -0.668 0.767 0.0 -0.609 0.2 0.727 0.0 -0.117 -0.676 -0.745 -0.0 -0.287 -0.602 -0.691 -0.0 -0.647 0.323 0.772 0.0 -0.331 -0.543 0.697 0.0 -0.676 0.238 
0.705 -0.114 0.156 0.682 -0.813 -0.0 -0.562 0.156 -0.721 -0.0 -0.181 -0.668 0.767 0.0 -0.609 0.2 0.727 0.0 -0.117 -0.676 -0.745 -0.0 -0.287 -0.602 -0.691 -0.0 -0.647 0.323 0.772 0.0 -0.331 -0.543 0.698 0.0 -0.676 0.237 
0.705 -0.114 0.156 0.682 -0.813 -0.0 -0.562 0.156 -0.721 -0.0 -0.181 -0.668 0.767 -0.0 -0.61 0.2 0.727 0.0 -0.117 -0.676 -0.745 0.0 -0.287 -0.602 -0.691 -0.0 -0.647 0.323 0.772 0.0 -0.33 -0.542 0.698 0.0 -0.676 0.238 
0.705 -0.114 0.156 0.682 -0.812 -0.0 -0.562 0.156 -0.721 -0.0 -0.181 -0.668 0.767 -0.0 -0.609 0.2 0.727 -0.0 -0.118 -0.676 -0.745 -0.0 -0.287 -0.602 -0.691 -0.0 -0.647 0.323 0.772 -0.0 -0.33 -0.543 0.698 0.0 -0.676 0.238 
0.705 -0.114 0.156 0.682 -0.813 -0.0 -0.562 0.156 -0.721 -0.0 -0.181 -0.668 0.767 0.0 -0.61 0.2 0.727 0.0 -0.118 -0.676 -0.745 -0.0 -0.287 -0.602 -0.691 -0.0 -0.647 0.323 0.772 0.0 -0.331 -0.543 0.698 0.0 -0.676 0.238 
0.705 -0.114 0.156 0.682 -0.812 -0.0 -0.562 0.156 -0.721 -0.0 -0.181 -0.668 0.767 0.0 -0.61 0.2 0.727 -0.0 -0.118 -0.676 -0.745 -0.0 -0.287 -0.602 -0.691 -0.0 -0.647 0.322 0.772 -0.0 -0.33 -0.543 0.697 0.0 -0.676 0.238 
0.705 -0.114 0.156 0.682 -0.812 -0.0 -0.562 0.156 -0.721 -0.0 -0.181 -0.668 0.767 0.0 -0.61 0.2 0.727 0.0 -0.118 -0.676 -0.745 -0.0 -0.287 -0.602 -0.691 -0.0 -0.647 0.323 0.772 -0.0 -0.33 -0.543 0.698 0.0 -0.676 0.238 
0.705 -0.114 0.156 0.682 -0.812 -0.0 -0.562 0.156 -0.721 -0.0 -0.181 -0.668 0.767 0.0 -0.609 0.2 0.727 0.0 -0.118 -0.676 -0.745 -0.0 -0.287 -0.602 -0.691 -0.0 -0.647 0.323 0.772 -0.0 -0.33 -0.543 0.698 -0.0 -0.676 0.237 
0.705 -0.114 0.156 0.682 -0.812 -0.0 -0.562 0.155 -0.721 -0.0 -0.18 -0.669 0.767 0.0 -0.609 0.2 0.727 -0.0 -0.118 -0.676 -0.745 -0.0 -0.286 -0.602 -0.691 0.0 -0.647 0.322 0.772 -0.0 -0.33 -0.544 0.697 0.0 -0.676 0.237 
0.705 -0.114 0.156 0.682 -0.812 -0.0 -0.562 0.155 -0.721 -0.0 -0.181 -0.668 0.767 -0.0 -0.61 0.2 0.727 0.0 -0.118 -0.677 -0.745 -0.0 -0.286 -0.602 -0.691 0.0 -0.647 0.322 0.772 -0.0 -0.33 -0.543 0.698 0.0 -0.676 0.237 
0.705 -0.114 0.156 0.682 -0.812 0.0 -0.562 0.155 -0.721 -0.0 -0.181 -0.668 0.767 0.0 -0.61 0.2 0.727 0.0 -0.118 -0.676 -0.745 0.0 -0.286 -0.602 -0.691 -0.0 -0.647 0.322 0.772 -0.0 -0.33 -0.543 0.698 0.0 -0.676 0.237 
0.705 -0.114 0.156 0.682 -0.812 -0.0 -0.562 0.155 -0.721 -0.0 -0.181 -0.668 0.767 0.0 -0.61 0.2 0.727 0.0 -0.118 -0.676 -0.745 -0.0 -0.286 -0.602 -0.691 -0.0 -0.647 0.322 0.772 0.0 -0.33 -0.543 0.697 -0.0 -0.676 0.237 
0.705 -0.114 0.156 0.682 -0.812 -0.0 -0.562 0.155 -0.721 -0.0 -0.181 -0.669 0.767 0.0 -0.61 0.2 0.727 0.0 -0.119 -0.676 -0.745 -0.0 -0.286 -0.602 -0.691 0.0 -0.647 0.323 0.772 0.0 -0.33 -0.543 0.698 -0.0 -0.676 0.237 
0.705 -0.114 0.156 0.682 -0.812 -0.0 -0.562 0.155 -0.721 -0.0 -0.181 -0.669 0.767 0.0 -0.61 0.199 0.727 0.0 -0.118 -0.676 -0.745 -0.0 -0.287 -0.602 -0.691 -0.0 -0.647 0.322 0.772 0.0 -0.33 -0.543 0.697 0.0 -0.676 0.237 
0.705 -0.114 0.156 0.682 -0.812 -0.0 -0.563 0.155 -0.722 0.0 -0.18 -0.669 0.767 0.0 -0.61 0.199 0.727 0.0 -0.119 -0.676 -0.746 -0.0 -0.286 -0.602 -0.691 -0.0 -0.647 0.322 0.772 0.0 -0.33 -0.544 0.698 0.0 -0.676 0.237 
0.705 -0.114 0.156 0.682 -0.812 -0.0 -0.562 0.155 -0.721 -0.0 -0.181 -0.668 0.767 0.0 -0.61 0.2 0.727 0.0 -0.118 -0.676 -0.745 -0.0 -0.287 -0.602 -0.691 -0.0 -0.647 0.323 0.772 0.0 -0.33 -0.543 0.698 0.0 -0.676 0.237 
0.705 -0.114 0.156 0.682 -0.812 -0.0 -0.562 0.155 -0.721 0.0 -0.181 -0.669 0.767 -0.0 -0.61 0.2 0.727 -0.0 -0.119 -0.676 -0.745 -0.0 -0.286 -0.602 -0.691 -0.0 -0.647 0.322 0.772 -0.0 -0.33 -0.543 0.698 -0.0 -0.676 0.237 
0.705 -0.114 0.156 0.682 -0.812 -0.0 -0.562 0.155 -0.722 -0.0 -0.18 -0.668 0.767 -0.0 -0.61 0.2 0.727 0.0 -0.118 -0.676 -0.745 -0.0 -0.286 -0.602 -0.691 -0.0 -0.647 0.323 0.772 0.0 -0.33 -0.543 0.697 0.0 -0.676 0.237 
0.705 -0.114 0.156 0.682 -0.812 -0.0 -0.562 0.155 -0.721 0.0 -0.181 -0.669 0.767 -0.0 -0.61 0.2 0.727 0.0 -0.119 -0.676 -0.745 -0.0 -0.286 -0.602 -0.691 -0.0 -0.647 0.323 0.772 0.0 -0.33 -0.543 0.698 0.0 -0.676 0.237 
0.705 -0.114 0.156 0.682 -0.812 -0.0 -0.562 0.155 -0.721 -0.0 -0.18 -0.669 0.767 0.0 -0.61 0.2 0.727 0.0 -0.118 -0.676 -0.745 -0.0 -0.287 -0.602 -0.691 -0.0 -0.647 0.323 0.772 -0.0 -0.33 -0.543 0.698 0.0 -0.676 0.237 
0.705 -0.114 0.156 0.682 -0.812 -0.0 -0.562 0.155 -0.721 -0.0 -0.18 -0.669 0.767 0.0 -0.61 0.2 0.727 0.0 -0.119 -0.676 -0.745 0.0 -0.286 -0.602 -0.691 -0.0 -0.647 0.322 0.772 0.0 -0.33 -0.543 0.698 0.0 -0.676 0.237 
0.705 -0.114 0.156 0.682 -0.812 0.0 -0.562 0.155 -0.721 -0.0 -0.18 -0.669 0.767 0.0 -0.61 0.2 0.727 0.0 -0.118 -0.676 -0.745 -0.0 -0.287 -0.602 -0.691 -0.0 -0.647 0.322 0.772 -0.0 -0.33 -0.543 0.698 0.0 -0.676 0.237 
0.705 -0.114 0.156 0.682 -0.812 -0.0 -0.562 0.155 -0.721 -0.0 -0.18 -0.669 0.767 0.0 -0.61 0.2 0.727 0.0 -0.119 -0.676 -0.745 -0.0 -0.286 -0.602 -0.691 -0.0 -0.647 0.322 0.772 0.0 -0.33 -0.543 0.698 -0.0 -0.676 0.237 
0.705 -0.114 0.156 0.682 -0.812 -0.0 -0.562 0.155 -0.721 -0.0 -0.18 -0.669 0.767 0.0 -0.61 0.199 0.727 -0.0 -0.119 -0.676 -0.745 0.0 -0.287 -0.602 -0.691 -0.0 -0.647 0.323 0.772 0.0 -0.33 -0.543 0.698 0.0 -0.676 0.237 
0.705 -0.114 0.156 0.682 -0.812 0.0 -0.562 0.155 -0.722 -0.0 -0.18 -0.669 0.767 0.0 -0.61 0.199 0.727 0.0 -0.119 -0.676 -0.745 -0.0 -0.287 -0.602 -0.691 -0.0 -0.647 0.322 0.772 0.0 -0.33 -0.543 0.698 0.0 -0.676 0.237 
0.705 -0.114 0.156 0.682 -0.812 -0.0 -0.562 0.155 -0.721 0.0 -0.18 -0.669 0.767 0.0 -0.61 0.199 0.727 0.0 -0.119 -0.676 -0.745 -0.0 -0.287 -0.602 -0.691 -0.0 -0.647 0.323 0.772 -0.0 -0.331 -0.543 0.698 0.0 -0.676 0.237 
0.705 -0.114 0.156 0.682 -0.812 -0.0 -0.562 0.155 -0.721 -0.0 -0.18 -0.669 0.767 0.0 -0.61 0.2 0.727 0.0 -0.119 -0.676 -0.745 -0.0 -0.287 -0.602 -0.691 -0.0 -0.647 0.323 0.772 0.0 -0.331 -0.543 0.698 -0.0 -0.676 0.238 
0.705 -0.114 0.156 0.682 -0.812 -0.0 -0.562 0.155 -0.721 -0.0 -0.18 -0.669 0.767 0.0 -0.61 0.199 0.727 0.0 -0.118 -0.676 -0.745 -0.0 -0.287 -0.602 -0.691 -0.0 -0.647 0.323 0.772 -0.0 -0.33 -0.543 0.698 0.0 -0.676 0.238 
0.705 -0.114 0.156 0.682 -0.813 -0.0 -0.562 0.155 -0.721 0.0 -0.18 -0.669 0.767 0.0 -0.61 0.199 0.727 0.0 -0.118 -0.676 -0.745 -0.0 -0.287 -0.602 -0.691 0.0 -0.647 0.323 0.772 0.0 -0.33 -0.543 0.698 0.0 -0.676 0.237 
0.705 -0.114 0.156 0.682 -0.813 -0.0 -0.562 0.155 -0.721 -0.0 -0.18 -0.669 0.767 0.0 -0.61 0.199 0.727 0.0 -0.118 -0.676 -0.745 -0.0 -0.287 -0.602 -0.691 -0.0 -0.647 0.323 0.772 0.0 -0.331 -0.542 0.698 0.0 -0.676 0.238 
0.705 -0.114 0.156 0.682 -0.813 -0.0 -0.562 0.155 -0.721 -0.0 -0.18 -0.669 0.767 -0.0 -0.61 0.199 0.727 0.0 -0.118 -0.676 -0.745 0.0 -0.287 -0.602 -0.691 -0.0 -0.647 0.323 0.772 0.0 -0.331 -0.542 0.698 0.0 -0.676 0.238 
0.705 -0.114 0.156 0.682 -0.813 -0.0 -0.562 0.156 -0.721 -0.0 -0.18 -0.669 0.767 0.0 -0.61 0.199 0.727 0.0 -0.118 -0.676 -0.745 -0.0 -0.287 -0.602 -0.691 -0.0 -0.647 0.323 0.772 -0.0 -0.331 -0.543 0.698 0.0 -0.676 0.238 
0.705 -0.114 0.156 0.682 -0.813 -0.0 -0.562 0.155 -0.721 -0.0 -0.179 -0.669 0.767 0.0 -0.61 0.199 0.727 0.0 -0.118 -0.676 -0.745 0.0 -0.287 -0.602 -0.691 -0.0 -0.647 0.323 0.772 -0.0 -0.331 -0.542 0.698 0.0 -0.676 0.237 
0.705 -0.114 0.156 0.682 -0.813 -0.0 -0.562 0.155 -0.721 -0.0 -0.179 -0.669 0.767 0.0 -0.61 0.199 0.727 0.0 -0.118 -0.676 -0.745 -0.0 -0.287 -0.602 -0.691 -0.0 -0.647 0.323 0.772 0.0 -0.33 -0.542 0.698 0.0 -0.676 0.237 
0.705 -0.114 0.156 0.682 -0.813 0.0 -0.561 0.156 -0.721 -0.0 -0.18 -0.669 0.767 0.0 -0.61 0.2 0.727 0.0 -0.118 -0.676 -0.745 -0.0 -0.287 -0.602 -0.691 -0.0 -0.647 0.323 0.772 0.0 -0.331 -0.542 0.698 0.0 -0.676 0.238 
0.705 -0.114 0.157 0.682 -0.813 -0.0 -0.561 0.155 -0.721 -0.0 -0.179 -0.669 0.767 0.0 -0.61 0.199 0.727 0.0 -0.118 -0.676 -0.745 0.0 -0.287 -0.602 -0.691 0.0 -0.647 0.323 0.772 -0.0 -0.331 -0.542 0.698 0.0 -0.676 0.237 
0.705 -0.114 0.156 0.682 -0.813 -0.0 -0.561 0.156 -0.721 -0.0 -0.179 -0.669 0.767 0.0 -0.61 0.199 0.727 0.0 -0.118 -0.676 -0.745 -0.0 -0.287 -0.602 -0.691 -0.0 -0.647 0.323 0.772 0.0 -0.331 -0.543 0.698 0.0 -0.676 0.238 
0.705 -0.114 0.156 0.682 -0.813 -0.0 -0.561 0.156 -0.721 0.0 -0.179 -0.669 0.767 0.0 -0.61 0.199 0.727 0.0 -0.118 -0.676 -0.745 -0.0 -0.287 -0.602 -0.691 -0.0 -0.647 0.323 0.772 0.0 -0.331 -0.543 0.698 0.0 -0.676 0.237 
0.705 -0.114 0.156 0.682 -0.813 -0.0 -0.562 0.156 -0.721 -0.0 -0.178 -0.669 0.767 0.0 -0.61 0.199 0.727 0.0 -0.118 -0.676 -0.745 -0.0 -0.287 -0.602 -0.691 -0.0 -0.647 0.322 0.772 0.0 -0.33 -0.543 0.697 0.0 -0.676 0.237 
0.705 -0.114 0.156 0.682 -0.813 -0.0 -0.561 0.156 -0.721 -0.0 -0.179 -0.669 0.767 -0.0 -0.61 0.199 0.727 -0.0 -0.118 -0.676 -0.745 -0.0 -0.287 -0.602 -0.691 -0.0 -0.647 0.323 0.772 0.0 -0.331 -0.542 0.698 0.0 -0.676 0.238 
0.705 -0.114 0.157 0.682 -0.813 0.0 -0.561 0.156 -0.721 0.0 -0.179 -0.669 0.767 0.0 -0.61 0.2 0.727 0.0 -0.118 -0.676 -0.745 -0.0 -0.287 -0.602 -0.691 -0.0 -0.647 0.323 0.772 -0.0 -0.331 -0.542 0.698 0.0 -0.676 0.238 
0.705 -0.114 0.157 0.682 -0.813 -0.0 -0.561 0.156 -0.721 -0.0 -0.179 -0.669 0.767 0.0 -0.61 0.2 0.727 0.0 -0.118 -0.676 -0.745 -0.0 -0.287 -0.602 -0.691 -0.0 -0.647 0.323 0.772 0.0 -0.331 -0.542 0.698 0.0 -0.676 0.238 
0.705 -0.114 0.156 0.682 -0.813 0.0 -0.561 0.156 -0.721 -0.0 -0.179 -0.669 0.767 0.0 -0.61 0.2 0.727 -0.0 -0.118 -0.676 -0.745 -0.0 -0.287 -0.602 -0.691 -0.0 -0.647 0.323 0.772 0.0 -0.331 -0.542 0.697 0.0 -0.676 0.238 
0.705 -0.114 0.156 0.682 -0.813 -0.0 -0.561 0.156 -0.721 -0.0 -0.179 -0.669 0.767 0.0 -0.61 0.199 0.727 0.0 -0.117 -0.676 -0.745 -0.0 -0.287 -0.602 -0.691 -0.0 -0.647 0.323 0.772 -0.0 -0.331 -0.542 0.698 0.0 -0.676 0.237 
0.705 -0.114 0.157 0.682 -0.813 -0.0 -0.561 0.156 -0.721 -0.0 -0.179 -0.669 0.767 0.0 -0.61 0.2 0.727 0.0 -0.118 -0.676 -0.745 -0.0 -0.287 -0.602 -0.691 -0.0 -0.647 0.323 0.772 -0.0 -0.331 -0.542 0.698 0.0 -0.676 0.238 
0.705 -0.114 0.157 0.682 -0.813 -0.0 -0.561 0.156 -0.721 0.0 -0.179 -0.669 0.767 0.0 -0.61 0.2 0.727 -0.0 -0.118 -0.677 -0.745 -0.0 -0.287 -0.602 -0.691 -0.0 -0.647 0.323 0.772 -0.0 -0.331 -0.542 0.698 0.0 -0.676 0.238 
0.705 -0.114 0.157 0.682 -0.813 -0.0 -0.561 0.156 -0.721 0.0 -0.179 -0.669 0.767 0.0 -0.61 0.2 0.727 -0.0 -0.118 -0.677 -0.745 0.0 -0.287 -0.602 -0.691 -0.0 -0.647 0.323 0.772 -0.0 -0.331 -0.542 0.698 0.0 -0.676 0.237 
0.705 -0.114 0.157 0.682 -0.813 -0.0 -0.561 0.156 -0.721 -0.0 -0.179 -0.669 0.767 -0.0 -0.61 0.2 0.727 0.0 -0.118 -0.676 -0.745 0.0 -0.287 -0.602 -0.691 -0.0 -0.647 0.323 0.772 -0.0 -0.331 -0.542 0.698 0.0 -0.676 0.238 
0.705 -0.114 0.157 0.682 -0.813 -0.0 -0.561 0.156 -0.721 0.0 -0.179 -0.669 0.767 0.0 -0.61 0.2 0.727 -0.0 -0.118 -0.677 -0.745 -0.0 -0.287 -0.602 -0.691 -0.0 -0.647 0.323 0.772 -0.0 -0.331 -0.542 0.698 -0.0 -0.676 0.237 
0.705 -0.114 0.157 0.682 -0.813 0.0 -0.561 0.156 -0.721 -0.0 -0.179 -0.669 0.767 0.0 -0.61 0.2 0.727 0.0 -0.118 -0.676 -0.745 -0.0 -0.287 -0.602 -0.691 -0.0 -0.647 0.323 0.772 0.0 -0.331 -0.543 0.698 0.0 -0.676 0.238 
0.705 -0.114 0.156 0.682 -0.813 -0.0 -0.562 0.156 -0.721 -0.0 -0.179 -0.669 0.767 0.0 -0.61 0.199 0.727 0.0 -0.117 -0.676 -0.745 0.0 -0.287 -0.602 -0.691 -0.0 -0.647 0.322 0.772 0.0 -0.33 -0.543 0.697 0.0 -0.676 0.238 
0.705 -0.114 0.156 0.682 -0.813 -0.0 -0.562 0.156 -0.721 -0.0 -0.179 -0.669 0.767 0.0 -0.609 0.199 0.727 -0.0 -0.118 -0.677 -0.746 -0.0 -0.287 -0.602 -0.691 -0.0 -0.647 0.322 0.772 0.0 -0.331 -0.543 0.697 0.0 -0.676 0.238 
0.705 -0.114 0.156 0.682 -0.813 -0.0 -0.562 0.156 -0.721 -0.0 -0.179 -0.669 0.767 0.0 -0.61 0.199 0.727 0.0 -0.118 -0.676 -0.745 -0.0 -0.287 -0.602 -0.691 -0.0 -0.647 0.323 0.772 0.0 -0.331 -0.543 0.697 0.0 -0.676 0.238 
0.705 -0.114 0.156 0.682 -0.813 -0.0 -0.562 0.156 -0.721 -0.0 -0.179 -0.669 0.767 0.0 -0.609 0.199 0.727 0.0 -0.117 -0.677 -0.745 -0.0 -0.287 -0.602 -0.691 -0.0 -0.647 0.322 0.772 0.0 -0.331 -0.543 0.697 -0.0 -0.676 0.238 
0.705 -0.114 0.157 0.682 -0.813 -0.0 -0.561 0.156 -0.721 -0.0 -0.179 -0.669 0.767 0.0 -0.61 0.2 0.727 0.0 -0.117 -0.676 -0.745 0.0 -0.287 -0.602 -0.691 -0.0 -0.647 0.323 0.772 0.0 -0.331 -0.542 0.697 0.0 -0.676 0.238 
0.705 -0.114 0.157 0.682 -0.813 -0.0 -0.561 0.156 -0.721 0.0 -0.18 -0.669 0.767 0.0 -0.61 0.2 0.727 0.0 -0.117 -0.677 -0.745 0.0 -0.287 -0.602 -0.691 -0.0 -0.647 0.323 0.772 0.0 -0.331 -0.542 0.698 0.0 -0.676 0.238 
0.705 -0.114 0.156 0.682 -0.813 -0.0 -0.562 0.156 -0.721 -0.0 -0.18 -0.669 0.767 0.0 -0.61 0.199 0.727 -0.0 -0.117 -0.676 -0.745 0.0 -0.287 -0.602 -0.691 0.0 -0.647 0.323 0.772 0.0 -0.331 -0.542 0.697 0.0 -0.676 0.238 
0.705 -0.114 0.156 0.682 -0.813 -0.0 -0.562 0.156 -0.721 -0.0 -0.18 -0.669 0.767 -0.0 -0.61 0.2 0.727 -0.0 -0.117 -0.676 -0.745 -0.0 -0.287 -0.602 -0.691 -0.0 -0.647 0.323 0.772 -0.0 -0.331 -0.542 0.698 -0.0 -0.676 0.237 
0.705 -0.114 0.157 0.682 -0.813 -0.0 -0.561 0.156 -0.721 -0.0 -0.18 -0.669 0.767 0.0 -0.61 0.2 0.727 0.0 -0.117 -0.676 -0.745 -0.0 -0.287 -0.602 -0.691 -0.0 -0.647 0.323 0.772 -0.0 -0.331 -0.542 0.698 0.0 -0.676 0.238 
0.705 -0.115 0.157 0.682 -0.813 0.0 -0.561 0.156 -0.721 0.0 -0.18 -0.669 0.767 0.0 -0.61 0.199 0.727 0.0 -0.117 -0.676 -0.745 -0.0 -0.287 -0.602 -0.691 -0.0 -0.647 0.323 0.772 0.0 -0.331 -0.542 0.697 -0.0 -0.676 0.238 
0.705 -0.114 0.157 0.682 -0.813 -0.0 -0.561 0.156 -0.721 -0.0 -0.18 -0.669 0.767 0.0 -0.61 0.2 0.727 -0.0 -0.118 -0.676 -0.745 -0.0 -0.287 -0.602 -0.691 -0.0 -0.647 0.323 0.772 -0.0 -0.331 -0.542 0.698 0.0 -0.676 0.238 
0.705 -0.114 0.156 0.682 -0.813 -0.0 -0.562 0.156 -0.721 -0.0 -0.18 -0.669 0.767 0.0 -0.61 0.199 0.727 0.0 -0.118 -0.677 -0.745 0.0 -0.287 -0.602 -0.691 -0.0 -0.647 0.323 0.772 0.0 -0.331 -0.543 0.698 0.0 -0.676 0.237 
0.705 -0.114 0.156 0.682 -0.813 0.0 -0.561 0.156 -0.721 -0.0 -0.18 -0.669 0.767 0.0 -0.61 0.2 0.727 -0.0 -0.118 -0.676 -0.745 -0.0 -0.287 -0.602 -0.691 -0.0 -0.647 0.323 0.772 0.0 -0.331 -0.543 0.698 -0.0 -0.676 0.238 
0.705 -0.114 0.157 0.682 -0.813 -0.0 -0.561 0.156 -0.721 -0.0 -0.18 -0.669 0.767 -0.0 -0.61 0.2 0.727 0.0 -0.117 -0.676 -0.745 -0.0 -0.287 -0.602 -0.691 0.0 -0.647 0.323 0.772 0.0 -0.331 -0.543 0.698 0.0 -0.676 0.238 
0.705 -0.114 0.157 0.682 -0.813 -0.0 -0.562 0.156 -0.721 -0.0 -0.18 -0.669 0.767 0.0 -0.61 0.2 0.727 -0.0 -0.118 -0.676 -0.745 -0.0 -0.287 -0.602 -0.691 -0.0 -0.647 0.323 0.772 0.0 -0.331 -0.542 0.697 0.0 -0.676 0.238 
