# T   LUA LFA RUA RFA LT  LS  RT  RS  
0.998 -0.048 -0.028 -0.018 -0.708 -0.0 -0.706 0.035 -0.981 -0.0 -0.027 -0.19 0.756 0.0 -0.652 -0.057 0.749 0.0 -0.513 -0.42 -0.69 -0.0 -0.717 0.102 -0.999 -0.0 -0.003 0.04 0.742 -0.0 -0.667 0.069 0.996 0.0 -0.008 0.092 
0.998 -0.049 -0.028 -0.018 -0.707 -0.0 -0.706 0.035 -0.982 -0.0 -0.027 -0.19 0.755 0.0 -0.653 -0.056 0.749 0.0 -0.512 -0.421 -0.69 -0.0 -0.717 0.102 -0.999 0.0 -0.003 0.04 0.742 -0.0 -0.667 0.068 0.996 0.0 -0.008 0.092 
0.998 -0.049 -0.028 -0.018 -0.707 -0.0 -0.706 0.035 -0.981 -0.0 -0.027 -0.19 0.755 0.0 -0.653 -0.056 0.749 -0.0 -0.511 -0.422 -0.69 -0.0 -0.717 0.102 -0.999 0.0 -0.003 0.04 0.742 0.0 -0.667 0.069 0.996 0.0 -0.008 0.092 
0.998 -0.049 -0.028 -0.018 -0.707 0.0 -0.706 0.036 -0.981 -0.0 -0.027 -0.19 0.755 0.0 -0.653 -0.052 0.747 0.0 -0.512 -0.424 -0.69 -0.0 -0.717 0.102 -0.999 -0.0 -0.003 0.04 0.742 -0.0 -0.667 0.069 0.996 0.0 -0.008 0.092 
0.998 -0.049 -0.028 -0.018 -0.707 0.0 -0.706 0.036 -0.981 -0.0 -0.028 -0.19 0.755 -0.0 -0.654 -0.053 0.747 0.0 -0.511 -0.425 -0.69 -0.0 -0.717 0.103 -0.999 -0.0 -0.003 0.04 0.742 -0.0 -0.667 0.069 0.996 0.0 -0.008 0.092 
0.998 -0.049 -0.028 -0.018 -0.707 -0.0 -0.706 0.036 -0.981 -0.0 -0.028 -0.19 0.755 0.0 -0.654 -0.053 0.747 0.0 -0.51 -0.425 -0.69 -0.0 -0.717 0.103 -0.999 -0.0 -0.003 0.04 0.742 0.0 -0.667 0.069 0.996 0.0 -0.008 0.092 
0.998 -0.049 -0.028 -0.018 -0.707 -0.0 -0.706 0.037 -0.981 -0.0 -0.028 -0.19 0.754 -0.0 -0.654 -0.053 0.748 0.0 -0.51 -0.426 -0.69 -0.0 -0.717 0.103 -0.999 -0.0 -0.003 0.04 0.742 -0.0 -0.667 0.069 0.996 0.0 -0.008 0.092 
0.998 -0.049 -0.028 -0.018 -0.707 -0.0 -0.706 0.037 -0.981 -0.0 -0.028 -0.19 0.754 0.0 -0.654 -0.053 0.748 0.0 -0.509 -0.426 -0.69 -0.0 -0.716 0.103 -0.999 0.0 -0.003 0.04 0.742 0.0 -0.667 0.069 0.996 0.0 -0.008 0.092 
0.998 -0.049 -0.028 -0.018 -0.707 -0.0 -0.706 0.037 -0.981 -0.0 -0.028 -0.19 0.754 0.0 -0.654 -0.054 0.748 0.0 -0.509 -0.427 -0.69 0.0 -0.716 0.103 -0.999 -0.0 -0.003 0.04 0.742 0.0 -0.667 0.069 0.996 0.0 -0.008 0.092 
0.998 -0.05 -0.028 -0.018 -0.707 -0.0 -0.706 0.038 -0.981 -0.0 -0.028 -0.19 0.754 0.0 -0.654 -0.054 0.748 -0.0 -0.508 -0.427 -0.69 0.0 -0.716 0.104 -0.999 0.0 -0.003 0.04 0.742 0.0 -0.667 0.07 0.996 0.0 -0.008 0.092 
0.998 -0.05 -0.028 -0.018 -0.707 -0.0 -0.706 0.038 -0.981 -0.0 -0.028 -0.19 0.754 0.0 -0.655 -0.054 0.748 0.0 -0.508 -0.427 -0.69 -0.0 -0.716 0.104 -0.999 -0.0 -0.003 0.04 0.742 0.0 -0.667 0.07 0.996 -0.0 -0.008 0.092 
0.998 -0.05 -0.028 -0.018 -0.707 -0.0 -0.706 0.038 -0.981 0.0 -0.029 -0.19 0.754 -0.0 -0.654 -0.054 0.748 0.0 -0.508 -0.427 -0.69 -0.0 -0.716 0.104 -0.999 -0.0 -0.003 0.04 0.742 -0.0 -0.667 0.07 0.996 0.0 -0.008 0.092 
0.998 -0.05 -0.028 -0.018 -0.707 0.0 -0.706 0.038 -0.981 -0.0 -0.029 -0.19 0.754 0.0 -0.654 -0.054 0.748 0.0 -0.508 -0.427 -0.69 0.0 -0.716 0.104 -0.999 -0.0 -0.002 0.04 0.742 -0.0 -0.667 0.07 0.996 0.0 -0.008 0.092 
0.998 -0.05 -0.028 -0.018 -0.707 0.0 -0.706 0.038 -0.981 -0.0 -0.029 -0.19 0.754 -0.0 -0.654 -0.054 0.748 0.0 -0.508 -0.427 -0.69 0.0 -0.716 0.104 -0.999 -0.0 -0.003 0.04 0.742 0.0 -0.667 0.07 0.996 -0.0 -0.008 0.092 
0.998 -0.05 -0.028 -0.018 -0.707 -0.0 -0.707 0.038 -0.981 -0.0 -0.029 -0.19 0.754 0.0 -0.654 -0.054 0.748 -0.0 -0.509 -0.427 -0.69 -0.0 -0.716 0.104 -0.999 -0.0 -0.003 0.04 0.742 0.0 -0.667 0.069 0.996 0.0 -0.008 0.092 
0.998 -0.05 -0.028 -0.018 -0.707 -0.0 -0.707 0.038 -0.981 -0.0 -0.029 -0.19 0.755 0.0 -0.654 -0.054 0.748 0.0 -0.509 -0.427 -0.69 -0.0 -0.716 0.104 -0.999 0.0 -0.002 0.04 0.742 0.0 -0.667 0.07 0.996 0.0 -0.008 0.092 
0.998 -0.05 -0.028 -0.018 -0.707 -0.0 -0.707 0.038 -0.981 -0.0 -0.029 -0.189 0.755 0.0 -0.654 -0.055 0.748 -0.0 -0.509 -0.426 -0.69 -0.0 -0.716 0.104 -0.999 0.0 -0.003 0.04 0.742 0.0 -0.667 0.07 0.996 0.0 -0.008 0.092 
0.998 -0.05 -0.028 -0.018 -0.706 -0.0 -0.707 0.038 -0.982 -0.0 -0.029 -0.189 0.755 0.0 -0.654 -0.054 0.748 0.0 -0.509 -0.426 -0.69 0.0 -0.716 0.104 -0.999 -0.0 -0.003 0.04 0.742 0.0 -0.667 0.07 0.996 0.0 -0.008 0.092 
0.998 -0.05 -0.029 -0.016 -0.706 -0.0 -0.707 0.039 -0.982 -0.0 -0.029 -0.189 0.756 0.0 -0.653 -0.054 0.748 0.0 -0.511 -0.424 -0.689 -0.0 -0.717 0.106 -0.999 -0.0 -0.003 0.039 0.743 0.0 -0.666 0.07 0.996 0.0 -0.008 0.092 
0.998 -0.05 -0.029 -0.016 -0.706 -0.0 -0.707 0.039 -0.982 -0.0 -0.029 -0.189 0.756 0.0 -0.653 -0.054 0.748 0.0 -0.511 -0.423 -0.689 -0.0 -0.717 0.106 -0.999 -0.0 -0.003 0.039 0.743 0.0 -0.666 0.07 0.996 0.0 -0.008 0.092 
0.998 -0.05 -0.029 -0.016 -0.706 -0.0 -0.707 0.039 -0.982 -0.0 -0.029 -0.189 0.756 0.0 -0.652 -0.054 0.748 -0.0 -0.511 -0.423 -0.689 -0.0 -0.717 0.106 -0.999 -0.0 -0.003 0.039 0.743 0.0 -0.666 0.07 0.996 0.0 -0.008 0.092 
0.998 -0.05 -0.029 -0.016 -0.706 -0.0 -0.708 0.039 -0.982 -0.0 -0.029 -0.189 0.756 -0.0 -0.652 -0.054 0.748 -0.0 -0.511 -0.423 -0.689 -0.0 -0.717 0.106 -0.999 -0.0 -0.003 0.039 0.743 0.0 -0.666 0.07 0.996 0.0 -0.008 0.092 
0.998 -0.05 -0.029 -0.016 -0.706 -0.0 -0.708 0.039 -0.982 -0.0 -0.029 -0.189 0.756 0.0 -0.652 -0.054 0.749 0.0 -0.511 -0.423 -0.689 -0.0 -0.717 0.106 -0.999 -0.0 -0.003 0.039 0.742 -0.0 -0.666 0.07 0.996 0.0 -0.008 0.092 
0.998 -0.05 -0.029 -0.016 -0.706 -0.0 -0.707 0.038 -0.982 0.0 -0.029 -0.188 0.756 0.0 -0.652 -0.053 0.749 0.0 -0.511 -0.423 -0.689 -0.0 -0.717 0.106 -0.999 -0.0 -0.003 0.039 0.742 0.0 -0.666 0.07 0.996 0.0 -0.008 0.092 
0.998 -0.05 -0.029 -0.016 -0.706 -0.0 -0.708 0.038 -0.982 0.0 -0.029 -0.189 0.756 -0.0 -0.652 -0.053 0.749 0.0 -0.511 -0.423 -0.689 -0.0 -0.717 0.106 -0.999 0.0 -0.003 0.039 0.743 0.0 -0.666 0.07 0.996 0.0 -0.008 0.092 
0.998 -0.05 -0.029 -0.016 -0.706 -0.0 -0.708 0.038 -0.982 -0.0 -0.028 -0.188 0.756 0.0 -0.652 -0.053 0.749 0.0 -0.51 -0.423 -0.689 -0.0 -0.717 0.106 -0.999 -0.0 -0.003 0.039 0.743 0.0 -0.666 0.07 0.996 0.0 -0.008 0.092 
0.998 -0.05 -0.029 -0.016 -0.706 0.0 -0.708 0.038 -0.982 -0.0 -0.028 -0.188 0.756 0.0 -0.652 -0.052 0.749 0.0 -0.51 -0.424 -0.689 0.0 -0.717 0.106 -0.999 0.0 -0.003 0.039 0.743 0.0 -0.666 0.07 0.996 0.0 -0.008 0.092 
0.998 -0.05 -0.029 -0.016 -0.706 -0.0 -0.708 0.038 -0.982 -0.0 -0.028 -0.189 0.756 0.0 -0.652 -0.052 0.749 -0.0 -0.509 -0.424 -0.689 -0.0 -0.717 0.106 -0.999 -0.0 -0.003 0.039 0.743 0.0 -0.666 0.07 0.996 0.0 -0.008 0.092 
0.998 -0.05 -0.029 -0.016 -0.706 -0.0 -0.708 0.038 -0.982 -0.0 -0.028 -0.189 0.756 0.0 -0.652 -0.051 0.749 -0.0 -0.508 -0.425 -0.689 0.0 -0.717 0.106 -0.999 0.0 -0.003 0.039 0.743 0.0 -0.666 0.07 0.996 0.0 -0.008 0.092 
0.998 -0.05 -0.029 -0.016 -0.706 -0.0 -0.707 0.038 -0.982 0.0 -0.028 -0.189 0.756 0.0 -0.653 -0.05 0.749 0.0 -0.508 -0.426 -0.689 -0.0 -0.717 0.106 -0.999 -0.0 -0.003 0.039 0.743 0.0 -0.666 0.07 0.996 0.0 -0.008 0.092 
0.998 -0.05 -0.029 -0.016 -0.706 -0.0 -0.708 0.038 -0.982 -0.0 -0.028 -0.189 0.756 -0.0 -0.653 -0.049 0.749 0.0 -0.507 -0.427 -0.689 -0.0 -0.717 0.106 -0.999 -0.0 -0.003 0.039 0.743 0.0 -0.666 0.07 0.996 0.0 -0.008 0.092 
0.998 -0.05 -0.029 -0.016 -0.706 -0.0 -0.707 0.038 -0.982 -0.0 -0.028 -0.189 0.755 0.0 -0.653 -0.048 0.749 0.0 -0.506 -0.429 -0.689 -0.0 -0.717 0.106 -0.999 -0.0 -0.003 0.039 0.743 0.0 -0.666 0.07 0.996 0.0 -0.008 0.092 
0.998 -0.05 -0.029 -0.016 -0.706 -0.0 -0.707 0.038 -0.982 -0.0 -0.028 -0.189 0.755 0.0 -0.654 -0.05 0.75 0.0 -0.503 -0.429 -0.689 0.0 -0.717 0.106 -0.999 0.0 -0.003 0.039 0.743 0.0 -0.666 0.07 0.996 0.0 -0.008 0.092 
0.998 -0.051 -0.029 -0.016 -0.706 -0.0 -0.707 0.038 -0.982 -0.0 -0.028 -0.189 0.755 0.0 -0.654 -0.046 0.749 0.0 -0.503 -0.431 -0.689 -0.0 -0.717 0.106 -0.999 0.0 -0.003 0.039 0.743 0.0 -0.666 0.071 0.996 0.0 -0.008 0.092 
0.998 -0.051 -0.029 -0.016 -0.706 -0.0 -0.707 0.039 -0.981 -0.0 -0.028 -0.19 0.755 0.0 -0.654 -0.046 0.749 0.0 -0.502 -0.431 -0.689 -0.0 -0.717 0.107 -0.999 0.0 -0.003 0.038 0.743 0.0 -0.666 0.071 0.996 0.0 -0.008 0.092 
0.998 -0.051 -0.029 -0.016 -0.706 -0.0 -0.707 0.039 -0.981 -0.0 -0.028 -0.19 0.755 0.0 -0.655 -0.045 0.75 -0.0 -0.501 -0.433 -0.689 0.0 -0.717 0.107 -0.999 0.0 -0.003 0.038 0.743 0.0 -0.666 0.071 0.996 0.0 -0.008 0.092 
0.998 -0.051 -0.029 -0.017 -0.706 -0.0 -0.707 0.039 -0.981 -0.0 -0.028 -0.19 0.754 0.0 -0.655 -0.045 0.75 0.0 -0.499 -0.434 -0.689 -0.0 -0.717 0.107 -0.999 -0.0 -0.003 0.038 0.743 0.0 -0.666 0.071 0.996 0.0 -0.008 0.092 
0.998 -0.051 -0.029 -0.017 -0.706 -0.0 -0.707 0.039 -0.981 -0.0 -0.028 -0.19 0.754 -0.0 -0.655 -0.047 0.752 0.0 -0.497 -0.434 -0.689 -0.0 -0.716 0.107 -0.999 -0.0 -0.003 0.038 0.743 0.0 -0.666 0.071 0.996 0.0 -0.008 0.092 
0.998 -0.051 -0.029 -0.017 -0.706 0.0 -0.707 0.039 -0.981 -0.0 -0.028 -0.19 0.754 0.0 -0.656 -0.047 0.752 0.0 -0.495 -0.435 -0.689 -0.0 -0.717 0.107 -0.999 -0.0 -0.003 0.038 0.743 0.0 -0.666 0.071 0.996 0.0 -0.008 0.092 
0.998 -0.051 -0.029 -0.017 -0.706 -0.0 -0.707 0.039 -0.981 0.0 -0.028 -0.19 0.753 0.0 -0.656 -0.047 0.752 -0.0 -0.494 -0.437 -0.689 -0.0 -0.717 0.107 -0.999 -0.0 -0.003 0.038 0.743 0.0 -0.666 0.071 0.996 0.0 -0.008 0.092 
0.998 -0.051 -0.029 -0.017 -0.706 -0.0 -0.707 0.039 -0.981 -0.0 -0.028 -0.19 0.753 -0.0 -0.656 -0.047 0.752 0.0 -0.492 -0.438 -0.689 -0.0 -0.716 0.107 -0.999 -0.0 -0.003 0.038 0.743 0.0 -0.666 0.072 0.996 -0.0 -0.008 0.092 
0.998 -0.051 -0.029 -0.017 -0.706 -0.0 -0.707 0.039 -0.981 0.0 -0.028 -0.19 0.753 -0.0 -0.656 -0.047 0.752 0.0 -0.492 -0.439 -0.689 -0.0 -0.716 0.107 -0.999 -0.0 -0.004 0.038 0.743 -0.0 -0.666 0.072 0.996 0.0 -0.008 0.092 
0.998 -0.051 -0.029 -0.018 -0.706 -0.0 -0.707 0.04 -0.981 0.0 -0.028 -0.19 0.753 0.0 -0.656 -0.047 0.752 -0.0 -0.49 -0.44 -0.689 -0.0 -0.716 0.107 -0.999 0.0 -0.003 0.038 0.743 -0.0 -0.666 0.072 0.996 0.0 -0.008 0.092 
0.998 -0.051 -0.029 -0.018 -0.706 -0.0 -0.707 0.04 -0.981 -0.0 -0.028 -0.19 0.753 0.0 -0.656 -0.047 0.752 0.0 -0.489 -0.441 -0.689 -0.0 -0.717 0.107 -0.999 0.0 -0.003 0.038 0.743 0.0 -0.666 0.072 0.996 0.0 -0.007 0.092 
0.998 -0.051 -0.028 -0.019 -0.707 0.0 -0.706 0.039 -0.981 -0.0 -0.029 -0.19 0.752 0.0 -0.657 -0.047 0.752 0.0 -0.486 -0.444 -0.69 -0.0 -0.716 0.105 -0.999 -0.0 -0.003 0.039 0.742 0.0 -0.667 0.071 0.996 0.0 -0.008 0.092 
0.998 -0.051 -0.029 -0.018 -0.706 0.0 -0.707 0.04 -0.981 -0.0 -0.029 -0.19 0.753 0.0 -0.657 -0.046 0.753 0.0 -0.486 -0.444 -0.689 -0.0 -0.716 0.107 -0.999 0.0 -0.003 0.038 0.743 0.0 -0.666 0.072 0.996 0.0 -0.007 0.092 
0.998 -0.051 -0.028 -0.019 -0.707 -0.0 -0.706 0.038 -0.981 -0.0 -0.029 -0.189 0.752 0.0 -0.658 -0.046 0.752 0.0 -0.483 -0.447 -0.69 -0.0 -0.716 0.105 -0.999 -0.0 -0.003 0.039 0.742 0.0 -0.667 0.071 0.996 0.0 -0.008 0.092 
0.998 -0.051 -0.028 -0.02 -0.707 -0.0 -0.706 0.038 -0.982 -0.0 -0.029 -0.189 0.751 0.0 -0.658 -0.045 0.753 0.0 -0.482 -0.449 -0.69 -0.0 -0.716 0.105 -0.999 -0.0 -0.003 0.039 0.742 0.0 -0.667 0.071 0.996 0.0 -0.008 0.092 
0.998 -0.051 -0.028 -0.019 -0.707 -0.0 -0.706 0.038 -0.982 -0.0 -0.029 -0.189 0.751 0.0 -0.659 -0.045 0.753 0.0 -0.48 -0.45 -0.69 -0.0 -0.716 0.105 -0.999 -0.0 -0.003 0.04 0.742 0.0 -0.667 0.072 0.996 0.0 -0.008 0.092 
0.998 -0.051 -0.028 -0.02 -0.707 -0.0 -0.706 0.038 -0.982 -0.0 -0.029 -0.189 0.751 0.0 -0.659 -0.044 0.753 0.0 -0.479 -0.452 -0.69 -0.0 -0.716 0.105 -0.999 0.0 -0.003 0.04 0.742 -0.0 -0.667 0.071 0.996 0.0 -0.008 0.092 
0.998 -0.051 -0.028 -0.02 -0.707 -0.0 -0.706 0.038 -0.982 -0.0 -0.03 -0.189 0.751 0.0 -0.659 -0.043 0.753 0.0 -0.478 -0.453 -0.69 -0.0 -0.716 0.105 -0.999 -0.0 -0.003 0.04 0.742 0.0 -0.667 0.071 0.996 0.0 -0.008 0.092 
0.998 -0.051 -0.029 -0.018 -0.706 -0.0 -0.707 0.039 -0.982 -0.0 -0.029 -0.189 0.751 0.0 -0.659 -0.042 0.753 0.0 -0.478 -0.453 -0.69 -0.0 -0.716 0.107 -0.999 -0.0 -0.004 0.039 0.742 0.0 -0.666 0.072 0.996 0.0 -0.007 0.092 
0.998 -0.051 -0.028 -0.02 -0.707 -0.0 -0.706 0.038 -0.981 -0.0 -0.029 -0.19 0.75 0.0 -0.66 -0.042 0.753 0.0 -0.475 -0.456 -0.69 -0.0 -0.716 0.105 -0.999 -0.0 -0.003 0.04 0.742 -0.0 -0.667 0.072 0.996 0.0 -0.008 0.092 
0.998 -0.052 -0.029 -0.018 -0.706 -0.0 -0.707 0.039 -0.981 -0.0 -0.029 -0.19 0.751 0.0 -0.659 -0.04 0.752 0.0 -0.475 -0.456 -0.689 0.0 -0.716 0.107 -0.999 -0.0 -0.003 0.039 0.742 0.0 -0.666 0.072 0.996 0.0 -0.007 0.092 
0.998 -0.051 -0.028 -0.02 -0.707 -0.0 -0.706 0.039 -0.981 -0.0 -0.03 -0.19 0.75 0.0 -0.66 -0.04 0.752 0.0 -0.472 -0.459 -0.69 -0.0 -0.716 0.105 -0.999 0.0 -0.003 0.04 0.742 -0.0 -0.667 0.072 0.996 0.0 -0.008 0.092 
0.998 -0.052 -0.029 -0.019 -0.706 -0.0 -0.707 0.04 -0.981 -0.0 -0.029 -0.19 0.75 0.0 -0.66 -0.039 0.752 0.0 -0.472 -0.459 -0.689 -0.0 -0.716 0.107 -0.999 -0.0 -0.003 0.039 0.742 0.0 -0.666 0.073 0.996 -0.0 -0.007 0.092 
0.998 -0.052 -0.029 -0.018 -0.706 -0.0 -0.707 0.04 -0.981 -0.0 -0.029 -0.19 0.75 0.0 -0.66 -0.038 0.752 0.0 -0.471 -0.461 -0.689 -0.0 -0.716 0.108 -0.999 -0.0 -0.003 0.039 0.743 -0.0 -0.666 0.073 0.996 -0.0 -0.007 0.092 
0.998 -0.052 -0.029 -0.018 -0.706 -0.0 -0.707 0.04 -0.981 -0.0 -0.029 -0.19 0.75 -0.0 -0.661 -0.038 0.753 0.0 -0.469 -0.462 -0.689 -0.0 -0.716 0.108 -0.999 -0.0 -0.003 0.039 0.743 0.0 -0.666 0.073 0.996 0.0 -0.007 0.092 
0.998 -0.052 -0.029 -0.018 -0.706 -0.0 -0.707 0.04 -0.981 -0.0 -0.029 -0.19 0.749 0.0 -0.661 -0.036 0.752 0.0 -0.467 -0.465 -0.689 -0.0 -0.716 0.108 -0.999 -0.0 -0.004 0.039 0.742 0.0 -0.666 0.073 0.996 0.0 -0.007 0.092 
0.998 -0.052 -0.029 -0.018 -0.706 -0.0 -0.707 0.04 -0.981 -0.0 -0.029 -0.19 0.749 0.0 -0.662 -0.035 0.752 0.0 -0.465 -0.467 -0.689 0.0 -0.716 0.108 -0.999 -0.0 -0.003 0.039 0.742 0.0 -0.666 0.073 0.996 0.0 -0.007 0.092 
0.998 -0.052 -0.029 -0.018 -0.706 0.0 -0.707 0.04 -0.981 -0.0 -0.029 -0.19 0.749 0.0 -0.662 -0.034 0.752 0.0 -0.463 -0.469 -0.689 0.0 -0.716 0.108 -0.999 -0.0 -0.003 0.039 0.742 0.0 -0.666 0.073 0.996 0.0 -0.007 0.092 
0.998 -0.052 -0.029 -0.018 -0.706 0.0 -0.707 0.04 -0.981 -0.0 -0.029 -0.19 0.748 0.0 -0.663 -0.032 0.752 -0.0 -0.461 -0.472 -0.689 -0.0 -0.716 0.108 -0.999 0.0 -0.003 0.039 0.743 0.0 -0.666 0.073 0.996 0.0 -0.007 0.092 
0.998 -0.052 -0.029 -0.018 -0.706 -0.0 -0.707 0.04 -0.981 -0.0 -0.029 -0.19 0.748 0.0 -0.663 -0.031 0.752 -0.0 -0.459 -0.474 -0.689 -0.0 -0.716 0.108 -0.999 -0.0 -0.003 0.039 0.743 0.0 -0.666 0.073 0.996 0.0 -0.007 0.092 
0.998 -0.052 -0.029 -0.018 -0.706 0.0 -0.707 0.039 -0.981 -0.0 -0.029 -0.19 0.748 -0.0 -0.664 -0.03 0.752 0.0 -0.455 -0.477 -0.689 -0.0 -0.716 0.108 -0.999 0.0 -0.003 0.039 0.742 -0.0 -0.666 0.073 0.996 0.0 -0.007 0.092 
0.998 -0.052 -0.029 -0.018 -0.706 0.0 -0.707 0.039 -0.981 -0.0 -0.029 -0.19 0.747 0.0 -0.664 -0.029 0.751 0.0 -0.453 -0.48 -0.689 -0.0 -0.716 0.108 -0.999 -0.0 -0.003 0.039 0.742 0.0 -0.666 0.073 0.996 0.0 -0.007 0.092 
0.998 -0.052 -0.029 -0.018 -0.706 -0.0 -0.707 0.039 -0.981 -0.0 -0.029 -0.19 0.747 0.0 -0.664 -0.028 0.751 0.0 -0.45 -0.483 -0.689 -0.0 -0.716 0.108 -0.999 -0.0 -0.003 0.039 0.742 0.0 -0.666 0.073 0.996 0.0 -0.007 0.092 
0.998 -0.052 -0.029 -0.018 -0.706 0.0 -0.707 0.039 -0.981 -0.0 -0.029 -0.19 0.747 0.0 -0.665 -0.027 0.751 0.0 -0.447 -0.486 -0.69 0.0 -0.716 0.108 -0.999 -0.0 -0.004 0.039 0.743 -0.0 -0.666 0.073 0.996 0.0 -0.007 0.092 
0.998 -0.052 -0.029 -0.018 -0.706 -0.0 -0.707 0.039 -0.981 -0.0 -0.029 -0.189 0.746 0.0 -0.665 -0.026 0.751 0.0 -0.444 -0.49 -0.69 -0.0 -0.716 0.108 -0.999 -0.0 -0.004 0.039 0.743 -0.0 -0.666 0.073 0.996 -0.0 -0.007 0.092 
0.998 -0.052 -0.029 -0.018 -0.706 -0.0 -0.707 0.039 -0.981 -0.0 -0.029 -0.189 0.746 0.0 -0.665 -0.024 0.75 0.0 -0.441 -0.493 -0.689 -0.0 -0.716 0.108 -0.999 -0.0 -0.003 0.039 0.742 -0.0 -0.666 0.073 0.996 0.0 -0.007 0.092 
0.998 -0.052 -0.029 -0.018 -0.706 -0.0 -0.707 0.039 -0.981 -0.0 -0.029 -0.189 0.746 0.0 -0.666 -0.024 0.75 -0.0 -0.437 -0.496 -0.689 -0.0 -0.716 0.109 -0.999 -0.0 -0.003 0.039 0.743 0.0 -0.666 0.073 0.996 0.0 -0.007 0.092 
0.998 -0.052 -0.028 -0.019 -0.707 -0.0 -0.706 0.039 -0.981 -0.0 -0.029 -0.189 0.745 0.0 -0.667 -0.023 0.75 0.0 -0.431 -0.501 -0.69 -0.0 -0.716 0.107 -0.999 -0.0 -0.003 0.039 0.742 0.0 -0.667 0.073 0.996 0.0 -0.008 0.092 
0.998 -0.052 -0.029 -0.018 -0.706 -0.0 -0.707 0.04 -0.981 -0.0 -0.029 -0.19 0.746 0.0 -0.666 -0.022 0.75 0.0 -0.428 -0.504 -0.689 -0.0 -0.716 0.109 -0.999 0.0 -0.003 0.039 0.742 -0.0 -0.666 0.073 0.996 0.0 -0.007 0.092 
0.998 -0.052 -0.028 -0.02 -0.707 -0.0 -0.706 0.039 -0.981 -0.0 -0.03 -0.19 0.745 0.0 -0.667 -0.021 0.75 0.0 -0.421 -0.51 -0.69 -0.0 -0.716 0.106 -0.999 -0.0 -0.003 0.04 0.742 0.0 -0.667 0.073 0.996 0.0 -0.008 0.092 
0.998 -0.052 -0.028 -0.02 -0.707 -0.0 -0.707 0.039 -0.981 -0.0 -0.03 -0.19 0.744 -0.0 -0.668 -0.02 0.75 0.0 -0.416 -0.515 -0.69 -0.0 -0.716 0.106 -0.999 0.0 -0.003 0.04 0.742 0.0 -0.667 0.073 0.996 -0.0 -0.007 0.092 
0.998 -0.052 -0.028 -0.02 -0.707 -0.0 -0.707 0.039 -0.981 -0.0 -0.029 -0.19 0.744 -0.0 -0.668 -0.019 0.749 0.0 -0.411 -0.519 -0.69 0.0 -0.716 0.106 -0.999 0.0 -0.003 0.04 0.742 0.0 -0.667 0.073 0.996 0.0 -0.007 0.092 
0.998 -0.052 -0.028 -0.02 -0.707 -0.0 -0.707 0.039 -0.981 -0.0 -0.03 -0.19 0.744 0.0 -0.668 -0.017 0.749 0.0 -0.405 -0.524 -0.69 -0.0 -0.716 0.106 -0.999 0.0 -0.003 0.04 0.742 -0.0 -0.667 0.073 0.996 0.0 -0.007 0.092 
0.998 -0.052 -0.028 -0.02 -0.707 -0.0 -0.707 0.039 -0.981 -0.0 -0.03 -0.19 0.743 0.0 -0.669 -0.015 0.748 0.0 -0.399 -0.53 -0.69 -0.0 -0.716 0.106 -0.999 0.0 -0.003 0.04 0.742 -0.0 -0.667 0.073 0.996 -0.0 -0.008 0.092 
0.998 -0.052 -0.028 -0.02 -0.707 -0.0 -0.707 0.039 -0.981 -0.0 -0.03 -0.19 0.743 0.0 -0.669 -0.013 0.748 0.0 -0.393 -0.535 -0.69 -0.0 -0.716 0.106 -0.999 -0.0 -0.003 0.04 0.742 0.0 -0.667 0.073 0.996 0.0 -0.008 0.092 
0.998 -0.052 -0.028 -0.02 -0.706 -0.0 -0.707 0.039 -0.981 -0.0 -0.03 -0.19 0.742 0.0 -0.67 -0.011 0.747 0.0 -0.387 -0.541 -0.69 -0.0 -0.716 0.106 -0.999 -0.0 -0.003 0.04 0.742 0.0 -0.667 0.073 0.996 0.0 -0.007 0.092 
0.998 -0.052 -0.028 -0.02 -0.706 -0.0 -0.707 0.039 -0.981 0.0 -0.03 -0.19 0.742 0.0 -0.67 -0.01 0.747 0.0 -0.38 -0.546 -0.69 -0.0 -0.716 0.106 -0.999 -0.0 -0.003 0.04 0.742 0.0 -0.667 0.073 0.996 0.0 -0.007 0.092 
0.998 -0.052 -0.028 -0.02 -0.706 -0.0 -0.707 0.039 -0.981 -0.0 -0.03 -0.19 0.742 -0.0 -0.671 -0.008 0.746 0.0 -0.373 -0.551 -0.69 0.0 -0.716 0.106 -0.999 -0.0 -0.003 0.04 0.742 -0.0 -0.667 0.073 0.996 0.0 -0.008 0.092 
0.998 -0.052 -0.028 -0.02 -0.706 -0.0 -0.707 0.039 -0.981 -0.0 -0.03 -0.19 0.741 0.0 -0.671 -0.005 0.746 0.0 -0.367 -0.556 -0.69 -0.0 -0.716 0.106 -0.999 -0.0 -0.003 0.04 0.742 0.0 -0.667 0.073 0.996 -0.0 -0.007 0.092 
0.998 -0.052 -0.028 -0.02 -0.706 -0.0 -0.707 0.039 -0.981 -0.0 -0.03 -0.19 0.741 0.0 -0.671 -0.003 0.745 0.0 -0.359 -0.562 -0.69 -0.0 -0.716 0.106 -0.999 0.0 -0.003 0.04 0.742 0.0 -0.667 0.074 0.996 0.0 -0.007 0.092 
0.998 -0.052 -0.028 -0.021 -0.706 -0.0 -0.707 0.039 -0.981 -0.0 -0.03 -0.19 0.741 0.0 -0.672 -0.001 0.745 0.0 -0.351 -0.568 -0.69 0.0 -0.716 0.106 -0.999 -0.0 -0.003 0.04 0.742 0.0 -0.667 0.074 0.996 0.0 -0.007 0.092 
0.998 -0.052 -0.028 -0.021 -0.706 -0.0 -0.707 0.039 -0.981 -0.0 -0.03 -0.19 0.74 -0.0 -0.672 0.002 0.744 0.0 -0.343 -0.574 -0.69 -0.0 -0.716 0.106 -0.999 -0.0 -0.003 0.04 0.742 0.0 -0.667 0.074 0.996 -0.0 -0.007 0.092 
0.998 -0.052 -0.028 -0.021 -0.706 -0.0 -0.707 0.04 -0.981 -0.0 -0.03 -0.19 0.74 0.0 -0.673 0.004 0.743 0.0 -0.334 -0.58 -0.69 -0.0 -0.716 0.106 -0.999 -0.0 -0.003 0.04 0.742 -0.0 -0.667 0.074 0.996 0.0 -0.007 0.092 
0.998 -0.052 -0.028 -0.021 -0.706 -0.0 -0.707 0.04 -0.981 -0.0 -0.03 -0.19 0.739 0.0 -0.673 0.007 0.742 0.0 -0.325 -0.587 -0.69 -0.0 -0.716 0.106 -0.999 -0.0 -0.003 0.04 0.742 0.0 -0.667 0.074 0.996 0.0 -0.007 0.092 
0.998 -0.053 -0.028 -0.021 -0.706 -0.0 -0.707 0.04 -0.981 -0.0 -0.03 -0.19 0.739 0.0 -0.674 0.01 0.74 0.0 -0.314 -0.594 -0.69 -0.0 -0.716 0.107 -0.999 -0.0 -0.003 0.04 0.742 -0.0 -0.667 0.074 0.996 0.0 -0.007 0.092 
0.998 -0.053 -0.028 -0.021 -0.706 0.0 -0.707 0.04 -0.981 -0.0 -0.031 -0.19 0.738 -0.0 -0.674 0.013 0.741 0.0 -0.304 -0.599 -0.69 -0.0 -0.716 0.106 -0.999 -0.0 -0.003 0.04 0.742 -0.0 -0.667 0.074 0.996 0.0 -0.007 0.092 
0.998 -0.053 -0.028 -0.021 -0.706 0.0 -0.707 0.04 -0.981 -0.0 -0.031 -0.189 0.738 0.0 -0.675 0.016 0.739 0.0 -0.294 -0.606 -0.69 -0.0 -0.716 0.107 -0.999 -0.0 -0.004 0.04 0.742 0.0 -0.667 0.075 0.996 0.0 -0.007 0.092 
0.998 -0.053 -0.028 -0.022 -0.706 -0.0 -0.707 0.04 -0.981 -0.0 -0.031 -0.189 0.738 0.0 -0.675 0.019 0.738 0.0 -0.282 -0.613 -0.69 -0.0 -0.716 0.106 -0.999 0.0 -0.004 0.04 0.742 0.0 -0.667 0.075 0.996 0.0 -0.007 0.092 
0.998 -0.053 -0.028 -0.022 -0.706 -0.0 -0.707 0.04 -0.981 -0.0 -0.03 -0.189 0.737 0.0 -0.675 0.021 0.737 0.0 -0.27 -0.619 -0.691 0.0 -0.715 0.106 -0.999 -0.0 -0.004 0.04 0.742 -0.0 -0.667 0.075 0.996 0.0 -0.007 0.092 
0.998 -0.053 -0.028 -0.022 -0.706 -0.0 -0.707 0.04 -0.981 -0.0 -0.03 -0.19 0.738 0.0 -0.674 0.023 0.736 -0.0 -0.259 -0.626 -0.69 -0.0 -0.716 0.106 -0.999 -0.0 -0.003 0.041 0.742 0.0 -0.667 0.075 0.996 0.0 -0.007 0.092 
0.998 -0.053 -0.028 -0.022 -0.706 -0.0 -0.707 0.04 -0.981 0.0 -0.03 -0.189 0.738 0.0 -0.674 0.025 0.735 -0.0 -0.247 -0.631 -0.69 -0.0 -0.716 0.106 -0.999 -0.0 -0.004 0.041 0.741 -0.0 -0.667 0.075 0.996 0.0 -0.007 0.092 
0.998 -0.053 -0.028 -0.022 -0.706 -0.0 -0.707 0.041 -0.981 0.0 -0.03 -0.19 0.738 -0.0 -0.675 0.027 0.735 -0.0 -0.233 -0.637 -0.69 0.0 -0.716 0.106 -0.999 -0.0 -0.004 0.041 0.741 -0.0 -0.667 0.075 0.996 0.0 -0.007 0.092 
0.998 -0.053 -0.028 -0.022 -0.706 -0.0 -0.707 0.042 -0.981 -0.0 -0.03 -0.19 0.738 -0.0 -0.674 0.028 0.734 -0.0 -0.221 -0.642 -0.69 -0.0 -0.716 0.107 -0.999 0.0 -0.004 0.041 0.741 0.0 -0.667 0.076 0.996 0.0 -0.007 0.092 
0.998 -0.054 -0.028 -0.022 -0.706 -0.0 -0.707 0.042 -0.981 -0.0 -0.03 -0.191 0.739 0.0 -0.673 0.029 0.734 0.0 -0.208 -0.647 -0.69 0.0 -0.715 0.107 -0.999 -0.0 -0.004 0.041 0.741 0.0 -0.667 0.076 0.996 -0.0 -0.007 0.092 
0.998 -0.054 -0.028 -0.022 -0.706 -0.0 -0.707 0.043 -0.981 0.0 -0.029 -0.191 0.741 0.0 -0.671 0.031 0.733 -0.0 -0.197 -0.651 -0.69 -0.0 -0.715 0.107 -0.999 -0.0 -0.004 0.041 0.741 0.0 -0.667 0.076 0.996 0.0 -0.006 0.092 
0.998 -0.054 -0.028 -0.022 -0.705 0.0 -0.707 0.044 -0.981 -0.0 -0.029 -0.192 0.742 0.0 -0.67 0.032 0.733 0.0 -0.184 -0.655 -0.69 -0.0 -0.715 0.107 -0.999 -0.0 -0.004 0.041 0.741 0.0 -0.667 0.076 0.996 -0.0 -0.006 0.092 
0.998 -0.054 -0.028 -0.022 -0.705 -0.0 -0.707 0.045 -0.981 -0.0 -0.029 -0.193 0.743 0.0 -0.669 0.033 0.733 0.0 -0.172 -0.658 -0.69 -0.0 -0.715 0.107 -0.999 -0.0 -0.004 0.041 0.741 0.0 -0.667 0.076 0.996 0.0 -0.006 0.092 
0.998 -0.054 -0.028 -0.022 -0.705 -0.0 -0.707 0.046 -0.981 -0.0 -0.029 -0.194 0.744 0.0 -0.668 0.034 0.734 0.0 -0.159 -0.661 -0.69 -0.0 -0.715 0.107 -0.999 -0.0 -0.004 0.041 0.742 0.0 -0.667 0.077 0.996 0.0 -0.006 0.092 
0.998 -0.054 -0.028 -0.022 -0.705 0.0 -0.708 0.047 -0.98 -0.0 -0.029 -0.195 0.74 0.0 -0.672 0.035 0.732 0.0 -0.136 -0.668 -0.69 -0.0 -0.715 0.107 -0.999 -0.0 -0.004 0.041 0.742 -0.0 -0.667 0.077 0.996 0.0 -0.006 0.092 
0.998 -0.055 -0.029 -0.021 -0.704 0.0 -0.708 0.049 -0.98 -0.0 -0.029 -0.195 0.741 -0.0 -0.671 0.037 0.732 0.0 -0.125 -0.67 -0.69 -0.0 -0.716 0.11 -0.999 -0.0 -0.005 0.04 0.743 -0.0 -0.665 0.078 0.996 0.0 -0.006 0.092 
0.998 -0.055 -0.029 -0.021 -0.704 -0.0 -0.708 0.049 -0.98 -0.0 -0.029 -0.196 0.741 0.0 -0.671 0.039 0.731 0.0 -0.111 -0.673 -0.69 -0.0 -0.716 0.11 -0.999 -0.0 -0.004 0.04 0.743 0.0 -0.665 0.078 0.996 0.0 -0.006 0.092 
0.998 -0.055 -0.029 -0.021 -0.704 -0.0 -0.708 0.05 -0.98 -0.0 -0.029 -0.197 0.741 -0.0 -0.67 0.04 0.732 0.0 -0.097 -0.675 -0.69 -0.0 -0.716 0.111 -0.999 -0.0 -0.005 0.04 0.743 0.0 -0.665 0.078 0.996 -0.0 -0.006 0.092 
0.998 -0.055 -0.029 -0.021 -0.704 -0.0 -0.708 0.051 -0.98 -0.0 -0.029 -0.198 0.741 0.0 -0.67 0.041 0.731 0.0 -0.083 -0.677 -0.69 -0.0 -0.716 0.111 -0.999 -0.0 -0.005 0.04 0.743 0.0 -0.665 0.078 0.996 0.0 -0.006 0.092 
0.998 -0.055 -0.029 -0.021 -0.704 -0.0 -0.708 0.051 -0.98 -0.0 -0.029 -0.199 0.741 -0.0 -0.67 0.043 0.731 -0.0 -0.068 -0.679 -0.69 -0.0 -0.716 0.111 -0.999 0.0 -0.005 0.04 0.743 0.0 -0.665 0.078 0.996 0.0 -0.006 0.092 
0.998 -0.055 -0.029 -0.021 -0.704 -0.0 -0.708 0.052 -0.979 -0.0 -0.029 -0.2 0.741 0.0 -0.67 0.044 0.73 0.0 -0.054 -0.681 -0.69 -0.0 -0.716 0.111 -0.999 -0.0 -0.005 0.04 0.743 -0.0 -0.665 0.078 0.996 0.0 -0.006 0.092 
0.998 -0.055 -0.029 -0.021 -0.704 -0.0 -0.708 0.053 -0.979 -0.0 -0.029 -0.2 0.741 0.0 -0.67 0.046 0.729 0.0 -0.039 -0.683 -0.69 -0.0 -0.716 0.111 -0.999 -0.0 -0.005 0.04 0.743 0.0 -0.665 0.078 0.996 0.0 -0.006 0.092 
0.998 -0.055 -0.029 -0.021 -0.704 -0.0 -0.708 0.053 -0.979 -0.0 -0.029 -0.201 0.741 -0.0 -0.67 0.048 0.728 -0.0 -0.025 -0.685 -0.69 -0.0 -0.716 0.111 -0.999 -0.0 -0.004 0.04 0.743 0.0 -0.665 0.078 0.996 0.0 -0.006 0.092 
0.998 -0.055 -0.029 -0.021 -0.704 -0.0 -0.708 0.054 -0.979 -0.0 -0.029 -0.201 0.741 0.0 -0.67 0.05 0.727 0.0 -0.01 -0.687 -0.69 -0.0 -0.715 0.111 -0.999 0.0 -0.005 0.04 0.743 0.0 -0.665 0.078 0.996 0.0 -0.006 0.091 
0.998 -0.055 -0.029 -0.021 -0.704 -0.0 -0.708 0.054 -0.979 0.0 -0.029 -0.202 0.74 0.0 -0.67 0.052 0.725 0.0 0.006 -0.689 -0.69 -0.0 -0.716 0.111 -0.999 -0.0 -0.004 0.04 0.743 0.0 -0.665 0.078 0.996 0.0 -0.006 0.091 
0.998 -0.055 -0.029 -0.022 -0.704 0.0 -0.708 0.054 -0.979 -0.0 -0.028 -0.202 0.74 0.0 -0.67 0.054 0.724 -0.0 0.02 -0.69 -0.69 -0.0 -0.716 0.111 -0.999 0.0 -0.005 0.04 0.743 0.0 -0.665 0.079 0.996 0.0 -0.006 0.091 
0.998 -0.055 -0.029 -0.022 -0.704 -0.0 -0.708 0.055 -0.979 -0.0 -0.028 -0.203 0.74 -0.0 -0.671 0.056 0.721 0.0 0.037 -0.692 -0.69 -0.0 -0.716 0.111 -0.999 0.0 -0.005 0.039 0.743 0.0 -0.665 0.079 0.996 0.0 -0.006 0.091 
0.998 -0.055 -0.029 -0.022 -0.704 -0.0 -0.708 0.055 -0.979 -0.0 -0.028 -0.203 0.739 -0.0 -0.671 0.058 0.719 0.0 0.055 -0.693 -0.69 0.0 -0.715 0.111 -0.999 -0.0 -0.005 0.039 0.743 0.0 -0.665 0.079 0.996 0.0 -0.006 0.091 
0.998 -0.054 -0.028 -0.023 -0.705 -0.0 -0.707 0.055 -0.979 -0.0 -0.028 -0.204 0.738 0.0 -0.672 0.059 0.716 0.0 0.076 -0.694 -0.69 -0.0 -0.715 0.109 -0.999 -0.0 -0.005 0.04 0.742 0.0 -0.666 0.078 0.996 0.0 -0.006 0.091 
0.998 -0.054 -0.028 -0.024 -0.705 -0.0 -0.707 0.055 -0.978 -0.0 -0.028 -0.205 0.737 0.0 -0.673 0.061 0.713 0.0 0.099 -0.695 -0.69 0.0 -0.715 0.109 -0.999 -0.0 -0.005 0.04 0.742 -0.0 -0.666 0.078 0.996 0.0 -0.006 0.091 
0.998 -0.054 -0.028 -0.024 -0.705 -0.0 -0.707 0.056 -0.978 -0.0 -0.028 -0.206 0.737 -0.0 -0.673 0.062 0.713 -0.0 0.106 -0.693 -0.69 0.0 -0.715 0.109 -0.999 -0.0 -0.004 0.04 0.742 0.0 -0.666 0.079 0.996 0.0 -0.006 0.091 
0.998 -0.054 -0.028 -0.024 -0.705 -0.0 -0.707 0.056 -0.978 -0.0 -0.028 -0.206 0.737 0.0 -0.673 0.062 0.711 0.0 0.121 -0.692 -0.69 -0.0 -0.715 0.109 -0.999 -0.0 -0.005 0.04 0.742 0.0 -0.666 0.079 0.996 0.0 -0.006 0.091 
0.998 -0.054 -0.028 -0.025 -0.705 -0.0 -0.707 0.057 -0.978 -0.0 -0.028 -0.207 0.737 0.0 -0.673 0.063 0.71 -0.0 0.137 -0.691 -0.69 -0.0 -0.715 0.109 -0.999 -0.0 -0.005 0.04 0.742 -0.0 -0.666 0.079 0.996 0.0 -0.006 0.09 
0.998 -0.054 -0.028 -0.025 -0.705 -0.0 -0.707 0.058 -0.978 -0.0 -0.028 -0.208 0.738 -0.0 -0.672 0.064 0.709 0.0 0.15 -0.689 -0.69 -0.0 -0.715 0.109 -0.999 -0.0 -0.005 0.04 0.741 0.0 -0.666 0.08 0.996 0.0 -0.006 0.09 
0.998 -0.054 -0.028 -0.026 -0.705 -0.0 -0.707 0.058 -0.978 -0.0 -0.029 -0.208 0.738 0.0 -0.672 0.065 0.708 0.0 0.165 -0.686 -0.69 -0.0 -0.715 0.109 -0.999 -0.0 -0.005 0.04 0.741 0.0 -0.666 0.081 0.996 0.0 -0.005 0.09 
0.998 -0.055 -0.028 -0.027 -0.705 -0.0 -0.707 0.059 -0.977 -0.0 -0.029 -0.209 0.738 0.0 -0.671 0.066 0.708 -0.0 0.179 -0.684 -0.69 -0.0 -0.715 0.11 -0.999 -0.0 -0.005 0.04 0.741 -0.0 -0.666 0.082 0.996 0.0 -0.005 0.088 
0.998 -0.055 -0.028 -0.027 -0.705 0.0 -0.707 0.059 -0.977 0.0 -0.029 -0.209 0.738 0.0 -0.672 0.067 0.707 0.0 0.192 -0.68 -0.69 -0.0 -0.715 0.11 -0.999 -0.0 -0.005 0.039 0.741 0.0 -0.666 0.082 0.996 -0.0 -0.005 0.089 
0.998 -0.055 -0.028 -0.027 -0.705 -0.0 -0.707 0.06 -0.977 -0.0 -0.029 -0.21 0.738 0.0 -0.671 0.069 0.707 0.0 0.205 -0.677 -0.691 -0.0 -0.715 0.11 -0.999 -0.0 -0.005 0.039 0.741 0.0 -0.666 0.082 0.996 0.0 -0.004 0.089 
0.998 -0.055 -0.028 -0.028 -0.705 0.0 -0.706 0.06 -0.977 -0.0 -0.029 -0.211 0.739 0.0 -0.67 0.07 0.707 0.0 0.217 -0.673 -0.691 0.0 -0.715 0.11 -0.999 -0.0 -0.005 0.039 0.741 0.0 -0.666 0.083 0.996 0.0 -0.004 0.089 
0.998 -0.055 -0.028 -0.028 -0.705 0.0 -0.706 0.061 -0.977 -0.0 -0.03 -0.212 0.739 0.0 -0.67 0.072 0.707 0.0 0.229 -0.67 -0.691 0.0 -0.715 0.111 -0.999 -0.0 -0.005 0.039 0.741 0.0 -0.666 0.083 0.996 0.0 -0.004 0.089 
0.998 -0.055 -0.028 -0.028 -0.705 -0.0 -0.706 0.061 -0.977 -0.0 -0.03 -0.213 0.739 0.0 -0.669 0.074 0.706 0.0 0.24 -0.666 -0.691 -0.0 -0.715 0.111 -0.999 -0.0 -0.006 0.039 0.741 0.0 -0.667 0.084 0.996 0.0 -0.003 0.089 
0.998 -0.055 -0.028 -0.028 -0.706 -0.0 -0.706 0.061 -0.977 -0.0 -0.031 -0.213 0.739 0.0 -0.669 0.077 0.706 -0.0 0.252 -0.662 -0.691 -0.0 -0.715 0.111 -0.999 -0.0 -0.006 0.039 0.741 0.0 -0.667 0.084 0.996 0.0 -0.002 0.088 
0.998 -0.055 -0.028 -0.028 -0.706 -0.0 -0.706 0.061 -0.977 -0.0 -0.031 -0.213 0.739 0.0 -0.669 0.079 0.705 0.0 0.266 -0.657 -0.691 -0.0 -0.714 0.112 -0.999 -0.0 -0.007 0.039 0.741 -0.0 -0.666 0.085 0.996 0.0 -0.002 0.088 
0.998 -0.055 -0.028 -0.028 -0.706 -0.0 -0.706 0.06 -0.977 -0.0 -0.031 -0.213 0.739 0.0 -0.668 0.082 0.704 0.0 0.275 -0.655 -0.691 -0.0 -0.714 0.112 -0.999 -0.0 -0.007 0.039 0.741 0.0 -0.666 0.085 0.996 0.0 -0.002 0.088 
0.998 -0.056 -0.028 -0.028 -0.706 -0.0 -0.706 0.059 -0.977 -0.0 -0.031 -0.213 0.739 0.0 -0.668 0.085 0.704 -0.0 0.285 -0.651 -0.691 -0.0 -0.714 0.112 -0.999 -0.0 -0.007 0.039 0.741 0.0 -0.666 0.085 0.996 -0.0 -0.002 0.088 
0.998 -0.056 -0.028 -0.028 -0.706 -0.0 -0.705 0.059 -0.976 -0.0 -0.031 -0.213 0.739 0.0 -0.668 0.087 0.703 0.0 0.296 -0.646 -0.691 -0.0 -0.714 0.113 -0.999 -0.0 -0.008 0.039 0.741 0.0 -0.666 0.086 0.996 0.0 -0.002 0.088 
0.998 -0.056 -0.028 -0.028 -0.707 -0.0 -0.705 0.06 -0.976 0.0 -0.032 -0.214 0.738 0.0 -0.668 0.09 0.703 -0.0 0.307 -0.642 -0.691 -0.0 -0.714 0.113 -0.999 -0.0 -0.008 0.039 0.741 0.0 -0.666 0.086 0.996 0.0 -0.002 0.088 
0.998 -0.056 -0.028 -0.028 -0.707 0.0 -0.705 0.06 -0.976 -0.0 -0.032 -0.214 0.738 0.0 -0.669 0.092 0.702 -0.0 0.316 -0.638 -0.691 -0.0 -0.714 0.114 -0.999 -0.0 -0.008 0.039 0.741 0.0 -0.666 0.086 0.996 0.0 -0.002 0.088 
0.998 -0.056 -0.028 -0.028 -0.707 0.0 -0.705 0.059 -0.976 -0.0 -0.032 -0.214 0.738 0.0 -0.669 0.094 0.701 0.0 0.326 -0.634 -0.691 -0.0 -0.714 0.114 -0.999 -0.0 -0.007 0.039 0.741 0.0 -0.666 0.086 0.996 0.0 -0.003 0.089 
0.998 -0.057 -0.028 -0.028 -0.707 -0.0 -0.704 0.059 -0.976 -0.0 -0.032 -0.214 0.737 -0.0 -0.669 0.097 0.7 0.0 0.335 -0.63 -0.691 -0.0 -0.714 0.114 -0.999 -0.0 -0.007 0.039 0.741 0.0 -0.666 0.086 0.996 0.0 -0.003 0.09 
0.998 -0.057 -0.028 -0.028 -0.708 0.0 -0.704 0.059 -0.976 -0.0 -0.033 -0.215 0.737 0.0 -0.669 0.099 0.7 0.0 0.345 -0.626 -0.691 -0.0 -0.714 0.115 -0.999 -0.0 -0.007 0.039 0.741 0.0 -0.666 0.086 0.996 0.0 -0.003 0.09 
0.998 -0.057 -0.028 -0.028 -0.708 -0.0 -0.704 0.059 -0.976 0.0 -0.032 -0.214 0.736 0.0 -0.669 0.102 0.699 0.0 0.354 -0.622 -0.691 0.0 -0.714 0.116 -0.999 -0.0 -0.007 0.039 0.741 -0.0 -0.666 0.087 0.996 0.0 -0.003 0.09 
0.998 -0.058 -0.029 -0.028 -0.708 -0.0 -0.704 0.059 -0.976 0.0 -0.032 -0.215 0.736 0.0 -0.669 0.105 0.698 0.0 0.362 -0.618 -0.691 0.0 -0.714 0.116 -0.999 -0.0 -0.007 0.039 0.741 0.0 -0.665 0.087 0.996 0.0 -0.003 0.09 
0.998 -0.058 -0.028 -0.028 -0.708 -0.0 -0.704 0.059 -0.976 0.0 -0.033 -0.215 0.735 0.0 -0.669 0.108 0.697 0.0 0.371 -0.613 -0.691 0.0 -0.714 0.117 -0.999 0.0 -0.007 0.039 0.741 -0.0 -0.665 0.088 0.996 -0.0 -0.003 0.089 
0.998 -0.058 -0.028 -0.028 -0.708 -0.0 -0.704 0.059 -0.976 -0.0 -0.033 -0.216 0.735 0.0 -0.67 0.11 0.696 0.0 0.38 -0.609 -0.691 -0.0 -0.714 0.117 -0.999 -0.0 -0.007 0.039 0.741 0.0 -0.666 0.089 0.996 0.0 -0.002 0.089 
0.998 -0.058 -0.029 -0.028 -0.708 -0.0 -0.703 0.059 -0.976 0.0 -0.034 -0.216 0.734 0.0 -0.67 0.112 0.696 0.0 0.388 -0.604 -0.691 -0.0 -0.714 0.118 -0.999 -0.0 -0.007 0.039 0.741 0.0 -0.665 0.089 0.996 -0.0 -0.002 0.089 
0.998 -0.058 -0.028 -0.028 -0.709 -0.0 -0.703 0.059 -0.976 0.0 -0.034 -0.216 0.735 0.0 -0.669 0.115 0.697 0.0 0.393 -0.6 -0.691 -0.0 -0.713 0.118 -0.999 -0.0 -0.007 0.039 0.741 -0.0 -0.665 0.089 0.996 -0.0 -0.002 0.089 
0.998 -0.058 -0.029 -0.028 -0.709 -0.0 -0.703 0.059 -0.976 -0.0 -0.034 -0.217 0.734 0.0 -0.668 0.118 0.696 0.0 0.401 -0.596 -0.691 -0.0 -0.713 0.118 -0.999 -0.0 -0.007 0.039 0.741 0.0 -0.665 0.089 0.996 0.0 -0.002 0.089 
0.997 -0.059 -0.029 -0.028 -0.709 -0.0 -0.703 0.059 -0.976 -0.0 -0.035 -0.217 0.734 0.0 -0.668 0.12 0.696 -0.0 0.409 -0.591 -0.691 -0.0 -0.713 0.119 -0.999 -0.0 -0.007 0.039 0.741 0.0 -0.665 0.09 0.996 0.0 -0.002 0.089 
0.997 -0.059 -0.029 -0.027 -0.709 -0.0 -0.703 0.058 -0.976 -0.0 -0.035 -0.217 0.733 -0.0 -0.669 0.123 0.695 0.0 0.418 -0.585 -0.69 -0.0 -0.714 0.119 -0.999 -0.0 -0.006 0.039 0.741 0.0 -0.665 0.09 0.996 0.0 -0.002 0.089 
0.997 -0.059 -0.029 -0.027 -0.709 -0.0 -0.703 0.058 -0.975 -0.0 -0.035 -0.217 0.733 0.0 -0.668 0.127 0.695 0.0 0.424 -0.581 -0.691 -0.0 -0.713 0.12 -0.999 0.0 -0.007 0.039 0.741 0.0 -0.665 0.09 0.996 0.0 -0.002 0.089 
0.997 -0.059 -0.029 -0.027 -0.709 -0.0 -0.703 0.058 -0.975 0.0 -0.035 -0.218 0.733 0.0 -0.668 0.129 0.694 0.0 0.431 -0.577 -0.691 -0.0 -0.713 0.12 -0.999 0.0 -0.007 0.039 0.741 -0.0 -0.665 0.09 0.996 -0.0 -0.002 0.089 
0.997 -0.059 -0.029 -0.027 -0.709 -0.0 -0.703 0.058 -0.975 0.0 -0.036 -0.218 0.732 0.0 -0.668 0.132 0.694 0.0 0.437 -0.572 -0.691 0.0 -0.713 0.12 -0.999 -0.0 -0.007 0.039 0.741 0.0 -0.665 0.09 0.996 0.0 -0.002 0.09 
0.997 -0.059 -0.029 -0.027 -0.709 -0.0 -0.703 0.058 -0.975 -0.0 -0.036 -0.219 0.732 -0.0 -0.668 0.135 0.693 0.0 0.444 -0.567 -0.691 -0.0 -0.713 0.12 -0.999 -0.0 -0.007 0.039 0.741 0.0 -0.665 0.091 0.996 -0.0 -0.002 0.089 
0.997 -0.059 -0.029 -0.027 -0.709 0.0 -0.703 0.058 -0.975 -0.0 -0.036 -0.219 0.731 -0.0 -0.668 0.137 0.693 0.0 0.451 -0.563 -0.691 -0.0 -0.713 0.12 -0.999 -0.0 -0.007 0.039 0.741 0.0 -0.665 0.091 0.996 0.0 -0.002 0.089 
0.997 -0.059 -0.029 -0.027 -0.709 0.0 -0.703 0.057 -0.975 -0.0 -0.036 -0.218 0.731 0.0 -0.668 0.14 0.692 -0.0 0.457 -0.558 -0.69 -0.0 -0.713 0.12 -0.999 -0.0 -0.006 0.039 0.741 0.0 -0.665 0.091 0.996 0.0 -0.002 0.089 
0.997 -0.059 -0.029 -0.027 -0.709 -0.0 -0.703 0.058 -0.975 0.0 -0.037 -0.218 0.731 0.0 -0.668 0.142 0.692 -0.0 0.463 -0.554 -0.69 -0.0 -0.713 0.121 -0.999 0.0 -0.006 0.039 0.741 0.0 -0.665 0.092 0.996 0.0 -0.002 0.089 
0.997 -0.06 -0.028 -0.027 -0.709 -0.0 -0.702 0.058 -0.975 -0.0 -0.037 -0.219 0.729 0.0 -0.669 0.143 0.691 0.0 0.47 -0.549 -0.69 -0.0 -0.713 0.121 -0.999 -0.0 -0.006 0.039 0.741 -0.0 -0.665 0.092 0.996 0.0 -0.002 0.089 
0.997 -0.06 -0.028 -0.027 -0.709 -0.0 -0.702 0.058 -0.975 0.0 -0.038 -0.22 0.729 0.0 -0.669 0.145 0.691 0.0 0.477 -0.543 -0.69 -0.0 -0.713 0.122 -0.999 0.0 -0.005 0.038 0.741 0.0 -0.665 0.092 0.996 0.0 -0.002 0.089 
0.997 -0.06 -0.029 -0.027 -0.709 -0.0 -0.702 0.058 -0.975 -0.0 -0.037 -0.22 0.728 -0.0 -0.669 0.147 0.691 0.0 0.484 -0.537 -0.69 -0.0 -0.713 0.122 -0.999 0.0 -0.005 0.038 0.741 0.0 -0.665 0.092 0.996 0.0 -0.002 0.089 
0.997 -0.06 -0.028 -0.027 -0.709 -0.0 -0.702 0.058 -0.975 -0.0 -0.037 -0.22 0.728 0.0 -0.67 0.148 0.691 0.0 0.491 -0.531 -0.69 -0.0 -0.713 0.122 -0.999 0.0 -0.005 0.038 0.741 0.0 -0.665 0.093 0.996 0.0 -0.002 0.089 
0.997 -0.06 -0.028 -0.026 -0.709 -0.0 -0.703 0.058 -0.975 -0.0 -0.037 -0.22 0.727 -0.0 -0.67 0.15 0.691 0.0 0.497 -0.525 -0.69 0.0 -0.713 0.123 -0.999 -0.0 -0.005 0.038 0.741 -0.0 -0.665 0.093 0.996 0.0 -0.002 0.089 
0.997 -0.061 -0.028 -0.026 -0.709 -0.0 -0.703 0.058 -0.975 -0.0 -0.037 -0.219 0.727 0.0 -0.67 0.152 0.69 -0.0 0.503 -0.519 -0.69 -0.0 -0.713 0.123 -0.999 0.0 -0.005 0.038 0.741 0.0 -0.665 0.093 0.996 0.0 -0.002 0.089 
0.997 -0.061 -0.028 -0.026 -0.709 -0.0 -0.702 0.058 -0.975 -0.0 -0.038 -0.22 0.726 0.0 -0.67 0.152 0.691 0.0 0.51 -0.513 -0.691 -0.0 -0.713 0.123 -0.999 0.0 -0.005 0.038 0.741 -0.0 -0.665 0.094 0.996 0.0 -0.002 0.089 
0.997 -0.061 -0.028 -0.026 -0.709 -0.0 -0.703 0.058 -0.975 -0.0 -0.038 -0.22 0.726 0.0 -0.67 0.154 0.691 0.0 0.516 -0.506 -0.691 -0.0 -0.712 0.124 -0.999 -0.0 -0.006 0.038 0.741 0.0 -0.665 0.094 0.996 0.0 -0.002 0.089 
0.997 -0.061 -0.028 -0.026 -0.709 -0.0 -0.703 0.059 -0.975 -0.0 -0.038 -0.22 0.726 0.0 -0.67 0.155 0.692 -0.0 0.521 -0.5 -0.691 -0.0 -0.713 0.124 -0.999 -0.0 -0.005 0.038 0.741 -0.0 -0.665 0.094 0.996 0.0 -0.002 0.089 
0.997 -0.061 -0.028 -0.026 -0.709 -0.0 -0.703 0.059 -0.975 -0.0 -0.038 -0.219 0.726 -0.0 -0.67 0.156 0.691 0.0 0.527 -0.494 -0.691 0.0 -0.712 0.124 -0.999 -0.0 -0.006 0.038 0.741 0.0 -0.665 0.094 0.996 0.0 -0.002 0.089 
0.997 -0.061 -0.028 -0.025 -0.709 -0.0 -0.703 0.059 -0.975 -0.0 -0.038 -0.219 0.725 0.0 -0.671 0.156 0.692 0.0 0.534 -0.487 -0.691 -0.0 -0.712 0.125 -0.999 -0.0 -0.005 0.038 0.741 0.0 -0.665 0.094 0.996 0.0 -0.002 0.088 
0.997 -0.061 -0.028 -0.025 -0.709 -0.0 -0.703 0.059 -0.975 -0.0 -0.038 -0.219 0.725 0.0 -0.671 0.156 0.692 0.0 0.54 -0.479 -0.691 -0.0 -0.712 0.125 -0.999 -0.0 -0.005 0.038 0.741 0.0 -0.665 0.094 0.996 -0.0 -0.002 0.089 
0.997 -0.061 -0.028 -0.025 -0.709 -0.0 -0.703 0.059 -0.975 0.0 -0.038 -0.219 0.723 0.0 -0.672 0.157 0.691 0.0 0.547 -0.473 -0.691 0.0 -0.712 0.125 -0.999 -0.0 -0.005 0.038 0.741 -0.0 -0.665 0.095 0.996 0.0 -0.002 0.088 
0.997 -0.061 -0.028 -0.026 -0.709 -0.0 -0.703 0.059 -0.975 0.0 -0.038 -0.219 0.723 0.0 -0.673 0.157 0.691 -0.0 0.553 -0.466 -0.691 -0.0 -0.712 0.124 -0.999 -0.0 -0.005 0.038 0.741 0.0 -0.665 0.094 0.996 0.0 -0.003 0.088 
0.997 -0.061 -0.028 -0.025 -0.709 -0.0 -0.703 0.06 -0.975 -0.0 -0.039 -0.219 0.723 0.0 -0.673 0.157 0.691 0.0 0.559 -0.458 -0.691 -0.0 -0.712 0.124 -0.999 0.0 -0.005 0.038 0.741 0.0 -0.665 0.095 0.996 0.0 -0.003 0.088 
0.997 -0.061 -0.028 -0.025 -0.709 -0.0 -0.703 0.06 -0.975 -0.0 -0.039 -0.219 0.723 0.0 -0.673 0.156 0.691 0.0 0.565 -0.45 -0.691 0.0 -0.712 0.125 -0.999 -0.0 -0.004 0.038 0.741 0.0 -0.665 0.095 0.996 0.0 -0.003 0.088 
0.997 -0.061 -0.028 -0.025 -0.709 -0.0 -0.703 0.061 -0.975 0.0 -0.04 -0.219 0.722 0.0 -0.674 0.155 0.691 0.0 0.572 -0.443 -0.691 -0.0 -0.712 0.125 -0.999 -0.0 -0.004 0.038 0.741 0.0 -0.665 0.095 0.996 0.0 -0.003 0.088 
0.997 -0.061 -0.028 -0.025 -0.709 -0.0 -0.703 0.062 -0.975 0.0 -0.041 -0.219 0.722 0.0 -0.674 0.154 0.69 -0.0 0.578 -0.435 -0.691 -0.0 -0.712 0.125 -0.999 -0.0 -0.004 0.037 0.741 0.0 -0.665 0.096 0.996 0.0 -0.003 0.087 
0.997 -0.062 -0.028 -0.025 -0.709 -0.0 -0.703 0.064 -0.975 -0.0 -0.042 -0.219 0.722 0.0 -0.675 0.153 0.69 0.0 0.585 -0.427 -0.691 -0.0 -0.712 0.126 -0.999 0.0 -0.004 0.037 0.741 0.0 -0.665 0.097 0.996 0.0 -0.003 0.087 
0.997 -0.062 -0.028 -0.025 -0.709 0.0 -0.703 0.065 -0.975 -0.0 -0.042 -0.219 0.722 0.0 -0.676 0.151 0.689 0.0 0.591 -0.42 -0.691 -0.0 -0.712 0.127 -0.999 0.0 -0.004 0.037 0.741 0.0 -0.665 0.097 0.996 -0.0 -0.003 0.086 
0.997 -0.062 -0.028 -0.025 -0.709 -0.0 -0.703 0.066 -0.975 -0.0 -0.043 -0.219 0.721 0.0 -0.677 0.149 0.689 0.0 0.597 -0.412 -0.691 -0.0 -0.711 0.128 -0.999 -0.0 -0.004 0.036 0.741 0.0 -0.665 0.098 0.996 0.0 -0.003 0.086 
0.997 -0.062 -0.028 -0.025 -0.709 -0.0 -0.702 0.068 -0.975 -0.0 -0.045 -0.22 0.721 0.0 -0.677 0.149 0.688 0.0 0.6 -0.408 -0.691 -0.0 -0.711 0.128 -0.999 -0.0 -0.004 0.036 0.741 0.0 -0.665 0.098 0.996 0.0 -0.003 0.086 
0.997 -0.063 -0.027 -0.025 -0.709 0.0 -0.702 0.069 -0.974 -0.0 -0.046 -0.22 0.721 0.0 -0.677 0.147 0.687 0.0 0.608 -0.399 -0.691 -0.0 -0.711 0.129 -0.999 -0.0 -0.004 0.036 0.741 -0.0 -0.665 0.099 0.996 0.0 -0.003 0.086 
0.997 -0.063 -0.027 -0.025 -0.709 -0.0 -0.702 0.07 -0.974 -0.0 -0.047 -0.219 0.721 -0.0 -0.678 0.145 0.686 0.0 0.613 -0.391 -0.691 -0.0 -0.711 0.13 -0.999 -0.0 -0.004 0.036 0.74 0.0 -0.665 0.1 0.996 -0.0 -0.003 0.085 
0.997 -0.063 -0.027 -0.024 -0.709 -0.0 -0.702 0.071 -0.974 -0.0 -0.048 -0.219 0.72 0.0 -0.679 0.144 0.686 0.0 0.616 -0.386 -0.692 -0.0 -0.71 0.13 -0.999 0.0 -0.005 0.035 0.74 0.0 -0.665 0.1 0.996 0.0 -0.003 0.085 
0.997 -0.063 -0.027 -0.024 -0.709 -0.0 -0.702 0.073 -0.974 -0.0 -0.049 -0.219 0.72 -0.0 -0.679 0.142 0.686 0.0 0.621 -0.379 -0.692 -0.0 -0.71 0.131 -0.999 -0.0 -0.005 0.035 0.74 -0.0 -0.665 0.1 0.996 -0.0 -0.003 0.085 
0.997 -0.064 -0.027 -0.024 -0.709 -0.0 -0.701 0.073 -0.974 -0.0 -0.05 -0.219 0.72 0.0 -0.68 0.141 0.685 0.0 0.625 -0.374 -0.692 -0.0 -0.71 0.131 -0.999 0.0 -0.005 0.035 0.74 0.0 -0.665 0.101 0.996 0.0 -0.003 0.085 
0.997 -0.064 -0.027 -0.024 -0.709 -0.0 -0.701 0.074 -0.975 0.0 -0.051 -0.218 0.719 -0.0 -0.68 0.14 0.685 0.0 0.628 -0.369 -0.692 0.0 -0.71 0.131 -0.999 -0.0 -0.005 0.036 0.74 0.0 -0.665 0.101 0.996 0.0 -0.003 0.085 
0.997 -0.064 -0.027 -0.023 -0.709 -0.0 -0.701 0.074 -0.975 -0.0 -0.051 -0.218 0.719 0.0 -0.681 0.14 0.684 0.0 0.631 -0.366 -0.692 -0.0 -0.71 0.131 -0.999 -0.0 -0.005 0.036 0.74 0.0 -0.665 0.101 0.996 0.0 -0.003 0.085 
0.997 -0.064 -0.027 -0.023 -0.71 -0.0 -0.701 0.074 -0.975 -0.0 -0.052 -0.217 0.719 0.0 -0.681 0.14 0.684 0.0 0.633 -0.363 -0.692 -0.0 -0.71 0.131 -0.999 0.0 -0.004 0.036 0.74 0.0 -0.665 0.101 0.996 0.0 -0.003 0.085 
0.997 -0.064 -0.027 -0.022 -0.71 -0.0 -0.7 0.074 -0.975 -0.0 -0.053 -0.217 0.718 0.0 -0.681 0.14 0.683 0.0 0.635 -0.36 -0.692 0.0 -0.71 0.131 -0.999 -0.0 -0.004 0.036 0.74 0.0 -0.665 0.101 0.996 0.0 -0.003 0.085 
0.997 -0.064 -0.027 -0.022 -0.71 0.0 -0.7 0.074 -0.975 -0.0 -0.054 -0.217 0.718 -0.0 -0.682 0.14 0.683 0.0 0.638 -0.357 -0.692 -0.0 -0.71 0.132 -0.999 -0.0 -0.004 0.036 0.74 -0.0 -0.665 0.101 0.996 0.0 -0.003 0.085 
0.997 -0.064 -0.027 -0.022 -0.71 -0.0 -0.7 0.074 -0.975 -0.0 -0.054 -0.216 0.717 0.0 -0.682 0.141 0.683 0.0 0.639 -0.354 -0.692 -0.0 -0.71 0.132 -0.999 0.0 -0.004 0.036 0.74 0.0 -0.665 0.101 0.996 0.0 -0.003 0.085 
0.997 -0.064 -0.027 -0.021 -0.711 0.0 -0.7 0.074 -0.975 -0.0 -0.055 -0.215 0.717 0.0 -0.683 0.141 0.682 0.0 0.641 -0.352 -0.692 -0.0 -0.71 0.133 -0.999 -0.0 -0.004 0.036 0.74 -0.0 -0.665 0.101 0.996 0.0 -0.003 0.085 
0.997 -0.064 -0.027 -0.021 -0.711 0.0 -0.699 0.073 -0.975 -0.0 -0.055 -0.215 0.716 0.0 -0.683 0.142 0.682 0.0 0.642 -0.349 -0.691 -0.0 -0.71 0.133 -0.999 0.0 -0.004 0.036 0.74 0.0 -0.664 0.101 0.996 0.0 -0.003 0.086 
0.997 -0.064 -0.027 -0.02 -0.711 -0.0 -0.699 0.073 -0.975 0.0 -0.055 -0.215 0.716 0.0 -0.683 0.143 0.682 0.0 0.644 -0.347 -0.692 -0.0 -0.71 0.133 -0.999 -0.0 -0.004 0.036 0.741 -0.0 -0.664 0.101 0.996 0.0 -0.004 0.086 
0.997 -0.065 -0.027 -0.02 -0.711 -0.0 -0.699 0.073 -0.975 -0.0 -0.055 -0.215 0.716 -0.0 -0.684 0.144 0.682 0.0 0.645 -0.345 -0.692 -0.0 -0.71 0.134 -0.999 -0.0 -0.004 0.036 0.741 0.0 -0.664 0.101 0.996 0.0 -0.004 0.086 
0.997 -0.065 -0.027 -0.019 -0.712 -0.0 -0.699 0.072 -0.975 -0.0 -0.055 -0.215 0.715 0.0 -0.684 0.145 0.681 0.0 0.647 -0.343 -0.691 0.0 -0.71 0.134 -0.999 -0.0 -0.004 0.036 0.741 0.0 -0.664 0.101 0.996 0.0 -0.004 0.086 
0.997 -0.065 -0.027 -0.019 -0.712 -0.0 -0.699 0.071 -0.975 -0.0 -0.055 -0.214 0.715 0.0 -0.684 0.146 0.681 0.0 0.648 -0.341 -0.691 -0.0 -0.71 0.135 -0.999 -0.0 -0.004 0.036 0.741 -0.0 -0.664 0.101 0.996 0.0 -0.004 0.086 
0.997 -0.065 -0.027 -0.018 -0.712 0.0 -0.699 0.07 -0.975 0.0 -0.054 -0.214 0.714 0.0 -0.684 0.147 0.681 0.0 0.649 -0.34 -0.691 0.0 -0.71 0.135 -0.999 -0.0 -0.003 0.036 0.741 0.0 -0.664 0.101 0.996 0.0 -0.004 0.087 
0.997 -0.065 -0.027 -0.018 -0.712 -0.0 -0.699 0.069 -0.975 -0.0 -0.054 -0.214 0.714 0.0 -0.684 0.149 0.68 0.0 0.65 -0.339 -0.691 -0.0 -0.71 0.136 -0.999 -0.0 -0.003 0.035 0.741 0.0 -0.664 0.101 0.996 0.0 -0.004 0.086 
0.997 -0.065 -0.027 -0.017 -0.712 -0.0 -0.698 0.069 -0.975 -0.0 -0.053 -0.214 0.714 0.0 -0.684 0.15 0.68 0.0 0.651 -0.337 -0.691 -0.0 -0.71 0.136 -0.999 -0.0 -0.003 0.036 0.741 -0.0 -0.664 0.101 0.996 0.0 -0.004 0.087 
0.997 -0.065 -0.027 -0.016 -0.713 -0.0 -0.698 0.068 -0.975 0.0 -0.053 -0.214 0.713 0.0 -0.684 0.152 0.68 0.0 0.652 -0.335 -0.691 -0.0 -0.71 0.136 -0.999 -0.0 -0.002 0.036 0.741 0.0 -0.664 0.101 0.996 0.0 -0.004 0.086 
0.997 -0.065 -0.027 -0.016 -0.713 -0.0 -0.698 0.067 -0.975 -0.0 -0.052 -0.214 0.713 0.0 -0.684 0.154 0.679 0.0 0.653 -0.335 -0.691 -0.0 -0.71 0.136 -0.999 0.0 -0.002 0.036 0.741 0.0 -0.664 0.101 0.996 0.0 -0.004 0.087 
0.997 -0.066 -0.027 -0.015 -0.713 0.0 -0.698 0.066 -0.975 0.0 -0.052 -0.214 0.712 0.0 -0.684 0.156 0.679 0.0 0.653 -0.335 -0.691 -0.0 -0.71 0.137 -0.999 -0.0 -0.002 0.036 0.741 0.0 -0.664 0.101 0.996 -0.0 -0.004 0.087 
0.997 -0.066 -0.026 -0.015 -0.713 -0.0 -0.698 0.064 -0.975 -0.0 -0.051 -0.214 0.712 0.0 -0.684 0.157 0.679 0.0 0.654 -0.335 -0.69 -0.0 -0.71 0.137 -0.999 -0.0 -0.001 0.036 0.741 0.0 -0.664 0.101 0.996 -0.0 -0.004 0.087 
0.997 -0.066 -0.026 -0.014 -0.714 -0.0 -0.698 0.063 -0.975 -0.0 -0.051 -0.214 0.712 -0.0 -0.684 0.159 0.679 0.0 0.653 -0.336 -0.69 -0.0 -0.71 0.137 -0.999 -0.0 -0.001 0.036 0.741 0.0 -0.664 0.101 0.996 0.0 -0.004 0.087 
0.997 -0.066 -0.026 -0.014 -0.714 -0.0 -0.697 0.062 -0.976 -0.0 -0.05 -0.214 0.712 -0.0 -0.684 0.16 0.679 0.0 0.653 -0.335 -0.69 -0.0 -0.71 0.138 -0.999 0.0 -0.001 0.036 0.741 -0.0 -0.664 0.1 0.996 0.0 -0.005 0.088 
0.997 -0.066 -0.026 -0.014 -0.714 -0.0 -0.697 0.061 -0.975 -0.0 -0.05 -0.214 0.711 0.0 -0.684 0.161 0.679 -0.0 0.654 -0.334 -0.69 -0.0 -0.71 0.138 -0.999 -0.0 -0.001 0.036 0.741 0.0 -0.664 0.101 0.996 0.0 -0.004 0.087 
0.997 -0.066 -0.026 -0.013 -0.714 0.0 -0.697 0.06 -0.975 -0.0 -0.05 -0.215 0.711 0.0 -0.684 0.163 0.679 -0.0 0.654 -0.334 -0.69 -0.0 -0.71 0.138 -0.999 -0.0 -0.0 0.036 0.741 -0.0 -0.664 0.101 0.996 0.0 -0.005 0.087 
0.997 -0.066 -0.026 -0.013 -0.715 -0.0 -0.697 0.06 -0.975 0.0 -0.05 -0.215 0.71 0.0 -0.685 0.163 0.679 -0.0 0.655 -0.333 -0.69 0.0 -0.71 0.139 -0.999 -0.0 -0.0 0.036 0.741 0.0 -0.664 0.102 0.996 -0.0 -0.004 0.087 
0.997 -0.066 -0.026 -0.013 -0.715 -0.0 -0.697 0.059 -0.975 -0.0 -0.049 -0.215 0.71 0.0 -0.685 0.164 0.679 0.0 0.655 -0.332 -0.69 -0.0 -0.71 0.138 -0.999 -0.0 -0.0 0.035 0.741 0.0 -0.664 0.101 0.996 0.0 -0.005 0.087 
0.997 -0.066 -0.026 -0.013 -0.715 -0.0 -0.697 0.058 -0.975 -0.0 -0.049 -0.216 0.71 0.0 -0.684 0.165 0.679 0.0 0.655 -0.331 -0.69 -0.0 -0.711 0.139 -0.999 -0.0 0.0 0.036 0.741 -0.0 -0.664 0.101 0.996 0.0 -0.005 0.087 
0.997 -0.066 -0.026 -0.013 -0.715 -0.0 -0.696 0.058 -0.975 -0.0 -0.049 -0.217 0.71 0.0 -0.684 0.166 0.679 -0.0 0.655 -0.331 -0.69 -0.0 -0.711 0.139 -0.999 -0.0 0.0 0.035 0.741 0.0 -0.664 0.101 0.996 0.0 -0.005 0.087 
0.997 -0.066 -0.026 -0.013 -0.715 -0.0 -0.696 0.058 -0.975 -0.0 -0.049 -0.217 0.71 -0.0 -0.684 0.166 0.679 -0.0 0.655 -0.331 -0.69 -0.0 -0.71 0.139 -0.999 -0.0 -0.0 0.035 0.741 0.0 -0.664 0.101 0.996 0.0 -0.004 0.087 
0.997 -0.066 -0.026 -0.013 -0.716 -0.0 -0.696 0.057 -0.975 -0.0 -0.049 -0.217 0.71 0.0 -0.684 0.166 0.679 0.0 0.656 -0.331 -0.69 -0.0 -0.71 0.139 -0.999 -0.0 -0.0 0.035 0.741 0.0 -0.664 0.101 0.996 -0.0 -0.004 0.087 
0.997 -0.066 -0.026 -0.013 -0.716 -0.0 -0.696 0.057 -0.975 -0.0 -0.049 -0.217 0.71 0.0 -0.684 0.166 0.679 0.0 0.656 -0.33 -0.69 -0.0 -0.71 0.139 -0.999 -0.0 -0.0 0.035 0.741 0.0 -0.664 0.101 0.996 -0.0 -0.004 0.087 
0.997 -0.066 -0.026 -0.013 -0.716 -0.0 -0.696 0.057 -0.975 0.0 -0.049 -0.218 0.71 0.0 -0.684 0.166 0.679 0.0 0.656 -0.33 -0.69 -0.0 -0.71 0.139 -0.999 -0.0 -0.001 0.035 0.741 -0.0 -0.664 0.101 0.996 0.0 -0.004 0.087 
0.997 -0.066 -0.026 -0.013 -0.716 -0.0 -0.696 0.057 -0.975 -0.0 -0.049 -0.218 0.71 0.0 -0.685 0.166 0.679 0.0 0.656 -0.33 -0.69 -0.0 -0.71 0.139 -0.999 -0.0 -0.0 0.035 0.741 0.0 -0.664 0.101 0.996 0.0 -0.004 0.087 
0.997 -0.066 -0.026 -0.013 -0.716 -0.0 -0.696 0.056 -0.975 -0.0 -0.049 -0.217 0.71 0.0 -0.685 0.166 0.679 0.0 0.658 -0.327 -0.69 -0.0 -0.71 0.139 -0.999 -0.0 -0.0 0.035 0.741 0.0 -0.664 0.101 0.996 0.0 -0.004 0.087 
0.997 -0.066 -0.027 -0.014 -0.716 -0.0 -0.696 0.056 -0.975 -0.0 -0.049 -0.217 0.71 -0.0 -0.685 0.165 0.679 -0.0 0.657 -0.328 -0.69 0.0 -0.71 0.139 -0.999 -0.0 -0.0 0.035 0.741 0.0 -0.664 0.102 0.996 0.0 -0.004 0.087 
0.997 -0.066 -0.027 -0.014 -0.716 -0.0 -0.696 0.055 -0.975 -0.0 -0.049 -0.217 0.71 -0.0 -0.685 0.165 0.678 0.0 0.658 -0.327 -0.69 -0.0 -0.71 0.138 -0.999 -0.0 -0.0 0.035 0.741 0.0 -0.664 0.101 0.996 -0.0 -0.004 0.087 
0.997 -0.066 -0.027 -0.014 -0.716 0.0 -0.696 0.055 -0.975 -0.0 -0.049 -0.216 0.71 0.0 -0.685 0.165 0.678 -0.0 0.659 -0.326 -0.69 -0.0 -0.71 0.138 -0.999 -0.0 -0.001 0.035 0.741 -0.0 -0.664 0.101 0.996 0.0 -0.004 0.087 
0.997 -0.066 -0.027 -0.014 -0.716 -0.0 -0.696 0.055 -0.975 -0.0 -0.048 -0.216 0.71 0.0 -0.684 0.165 0.678 0.0 0.658 -0.327 -0.69 0.0 -0.71 0.138 -0.999 0.0 -0.0 0.035 0.741 0.0 -0.664 0.102 0.996 -0.0 -0.004 0.086 
0.997 -0.066 -0.027 -0.014 -0.716 0.0 -0.696 0.054 -0.975 -0.0 -0.048 -0.215 0.71 0.0 -0.684 0.165 0.678 0.0 0.656 -0.331 -0.69 -0.0 -0.71 0.138 -0.999 -0.0 -0.001 0.035 0.741 -0.0 -0.664 0.102 0.996 0.0 -0.004 0.086 
0.997 -0.066 -0.027 -0.014 -0.716 0.0 -0.696 0.054 -0.976 -0.0 -0.048 -0.214 0.711 0.0 -0.684 0.165 0.678 0.0 0.656 -0.332 -0.69 -0.0 -0.71 0.138 -0.999 0.0 -0.001 0.035 0.741 0.0 -0.664 0.102 0.996 0.0 -0.004 0.086 
0.997 -0.066 -0.027 -0.014 -0.716 -0.0 -0.696 0.053 -0.976 -0.0 -0.048 -0.213 0.711 0.0 -0.684 0.165 0.678 -0.0 0.656 -0.333 -0.69 -0.0 -0.71 0.137 -0.999 0.0 -0.001 0.036 0.741 0.0 -0.664 0.101 0.996 0.0 -0.004 0.086 
0.997 -0.066 -0.027 -0.014 -0.716 -0.0 -0.696 0.053 -0.976 -0.0 -0.048 -0.213 0.711 0.0 -0.684 0.165 0.678 0.0 0.655 -0.335 -0.69 -0.0 -0.71 0.137 -0.999 0.0 -0.001 0.035 0.741 0.0 -0.664 0.101 0.996 0.0 -0.004 0.086 
0.997 -0.065 -0.026 -0.014 -0.716 -0.0 -0.696 0.052 -0.976 -0.0 -0.047 -0.212 0.711 0.0 -0.684 0.165 0.677 0.0 0.654 -0.336 -0.69 -0.0 -0.71 0.137 -0.999 -0.0 -0.001 0.036 0.741 0.0 -0.664 0.101 0.996 0.0 -0.004 0.086 
0.997 -0.065 -0.027 -0.014 -0.716 -0.0 -0.696 0.052 -0.976 -0.0 -0.047 -0.211 0.711 0.0 -0.683 0.165 0.677 0.0 0.654 -0.338 -0.69 -0.0 -0.71 0.137 -0.999 -0.0 -0.001 0.036 0.741 0.0 -0.664 0.1 0.996 0.0 -0.005 0.087 
0.997 -0.065 -0.027 -0.014 -0.716 -0.0 -0.697 0.051 -0.977 -0.0 -0.047 -0.21 0.712 0.0 -0.683 0.165 0.678 0.0 0.653 -0.339 -0.69 -0.0 -0.71 0.137 -0.999 0.0 -0.001 0.035 0.741 0.0 -0.664 0.1 0.996 0.0 -0.004 0.086 
0.997 -0.065 -0.027 -0.014 -0.716 -0.0 -0.697 0.051 -0.977 -0.0 -0.046 -0.209 0.712 0.0 -0.683 0.165 0.678 0.0 0.652 -0.34 -0.69 -0.0 -0.71 0.136 -0.999 -0.0 -0.001 0.036 0.741 0.0 -0.664 0.1 0.996 0.0 -0.004 0.086 
0.997 -0.065 -0.027 -0.014 -0.716 -0.0 -0.697 0.051 -0.977 -0.0 -0.046 -0.208 0.712 0.0 -0.683 0.165 0.678 0.0 0.651 -0.342 -0.69 -0.0 -0.71 0.136 -0.999 -0.0 -0.001 0.036 0.741 0.0 -0.664 0.1 0.996 0.0 -0.004 0.087 
0.997 -0.065 -0.027 -0.014 -0.715 -0.0 -0.697 0.051 -0.977 -0.0 -0.046 -0.208 0.712 0.0 -0.683 0.165 0.678 0.0 0.65 -0.344 -0.69 0.0 -0.711 0.136 -0.999 -0.0 -0.001 0.036 0.741 -0.0 -0.664 0.1 0.996 -0.0 -0.005 0.086 
0.997 -0.065 -0.027 -0.014 -0.715 -0.0 -0.697 0.051 -0.977 -0.0 -0.045 -0.207 0.712 0.0 -0.683 0.165 0.678 0.0 0.65 -0.345 -0.69 0.0 -0.711 0.136 -0.999 -0.0 -0.001 0.036 0.741 0.0 -0.664 0.099 0.996 0.0 -0.005 0.087 
0.997 -0.065 -0.027 -0.014 -0.715 0.0 -0.697 0.051 -0.977 -0.0 -0.045 -0.207 0.712 0.0 -0.682 0.164 0.678 0.0 0.649 -0.345 -0.69 0.0 -0.711 0.135 -0.999 -0.0 -0.001 0.036 0.741 0.0 -0.664 0.099 0.996 0.0 -0.005 0.087 
0.997 -0.065 -0.027 -0.014 -0.715 -0.0 -0.697 0.051 -0.977 0.0 -0.045 -0.206 0.712 0.0 -0.682 0.164 0.678 0.0 0.649 -0.346 -0.69 0.0 -0.711 0.135 -0.999 -0.0 -0.001 0.036 0.741 0.0 -0.664 0.099 0.996 0.0 -0.005 0.087 
0.997 -0.064 -0.027 -0.014 -0.715 -0.0 -0.697 0.052 -0.977 -0.0 -0.045 -0.206 0.713 0.0 -0.682 0.164 0.678 -0.0 0.648 -0.346 -0.69 -0.0 -0.711 0.135 -0.999 0.0 -0.001 0.036 0.741 0.0 -0.664 0.099 0.996 0.0 -0.005 0.087 
0.997 -0.064 -0.027 -0.015 -0.715 -0.0 -0.697 0.052 -0.978 -0.0 -0.045 -0.205 0.713 0.0 -0.682 0.164 0.678 0.0 0.648 -0.347 -0.69 -0.0 -0.711 0.135 -0.999 0.0 -0.001 0.036 0.741 0.0 -0.664 0.099 0.996 0.0 -0.005 0.086 
0.997 -0.064 -0.027 -0.015 -0.715 -0.0 -0.698 0.053 -0.978 -0.0 -0.045 -0.205 0.713 0.0 -0.682 0.164 0.679 0.0 0.647 -0.347 -0.691 -0.0 -0.711 0.135 -0.999 0.0 -0.001 0.036 0.741 0.0 -0.664 0.099 0.996 0.0 -0.005 0.086 
0.997 -0.064 -0.027 -0.015 -0.714 -0.0 -0.698 0.053 -0.978 -0.0 -0.044 -0.205 0.713 -0.0 -0.682 0.164 0.679 -0.0 0.647 -0.348 -0.69 0.0 -0.711 0.135 -0.999 -0.0 -0.001 0.036 0.741 0.0 -0.664 0.099 0.996 0.0 -0.005 0.086 
0.997 -0.064 -0.027 -0.015 -0.714 -0.0 -0.698 0.053 -0.978 -0.0 -0.044 -0.204 0.713 0.0 -0.682 0.164 0.679 0.0 0.646 -0.349 -0.69 0.0 -0.711 0.135 -0.999 -0.0 -0.001 0.036 0.741 0.0 -0.664 0.099 0.996 0.0 -0.005 0.086 
0.997 -0.064 -0.027 -0.015 -0.714 -0.0 -0.698 0.053 -0.978 -0.0 -0.044 -0.204 0.713 0.0 -0.681 0.164 0.679 0.0 0.646 -0.349 -0.69 -0.0 -0.711 0.135 -0.999 -0.0 -0.001 0.036 0.741 0.0 -0.664 0.1 0.996 0.0 -0.004 0.086 
0.997 -0.064 -0.027 -0.015 -0.714 -0.0 -0.698 0.054 -0.978 -0.0 -0.044 -0.204 0.714 0.0 -0.681 0.165 0.679 0.0 0.645 -0.351 -0.69 -0.0 -0.711 0.135 -0.999 -0.0 -0.001 0.036 0.741 0.0 -0.664 0.1 0.996 0.0 -0.004 0.086 
0.997 -0.064 -0.027 -0.016 -0.713 -0.0 -0.699 0.055 -0.978 -0.0 -0.044 -0.204 0.714 0.0 -0.681 0.165 0.679 -0.0 0.646 -0.35 -0.691 -0.0 -0.711 0.135 -0.999 0.0 -0.001 0.036 0.741 0.0 -0.664 0.1 0.996 0.0 -0.004 0.086 
0.997 -0.064 -0.027 -0.016 -0.713 -0.0 -0.699 0.056 -0.978 -0.0 -0.044 -0.204 0.714 0.0 -0.681 0.166 0.679 0.0 0.644 -0.353 -0.691 0.0 -0.711 0.135 -0.999 0.0 -0.001 0.036 0.741 0.0 -0.664 0.099 0.996 -0.0 -0.004 0.086 
0.997 -0.064 -0.027 -0.016 -0.713 0.0 -0.699 0.056 -0.978 -0.0 -0.044 -0.203 0.714 0.0 -0.68 0.166 0.679 0.0 0.643 -0.354 -0.691 -0.0 -0.711 0.135 -0.999 -0.0 -0.001 0.036 0.741 0.0 -0.664 0.099 0.996 0.0 -0.005 0.087 
0.997 -0.064 -0.027 -0.016 -0.713 -0.0 -0.699 0.057 -0.978 -0.0 -0.044 -0.203 0.714 0.0 -0.68 0.166 0.679 0.0 0.642 -0.355 -0.691 -0.0 -0.711 0.134 -0.999 -0.0 -0.001 0.036 0.741 0.0 -0.664 0.1 0.996 0.0 -0.004 0.086 
0.997 -0.064 -0.027 -0.017 -0.713 -0.0 -0.699 0.057 -0.978 0.0 -0.044 -0.203 0.714 0.0 -0.68 0.166 0.68 0.0 0.641 -0.356 -0.691 -0.0 -0.711 0.134 -0.999 0.0 -0.002 0.036 0.741 0.0 -0.664 0.1 0.996 0.0 -0.004 0.086 
0.997 -0.064 -0.027 -0.017 -0.712 -0.0 -0.699 0.058 -0.978 -0.0 -0.044 -0.203 0.715 0.0 -0.68 0.166 0.68 0.0 0.64 -0.357 -0.691 -0.0 -0.711 0.134 -0.999 -0.0 -0.002 0.036 0.741 0.0 -0.664 0.1 0.996 0.0 -0.004 0.086 
0.997 -0.064 -0.027 -0.017 -0.712 -0.0 -0.699 0.059 -0.978 -0.0 -0.044 -0.202 0.715 0.0 -0.679 0.167 0.68 0.0 0.639 -0.359 -0.691 -0.0 -0.711 0.135 -0.999 -0.0 -0.002 0.036 0.741 0.0 -0.664 0.1 0.996 0.0 -0.004 0.086 
0.997 -0.064 -0.027 -0.017 -0.712 -0.0 -0.7 0.06 -0.978 -0.0 -0.044 -0.202 0.715 0.0 -0.679 0.167 0.68 0.0 0.639 -0.359 -0.691 -0.0 -0.711 0.134 -0.999 -0.0 -0.002 0.036 0.741 0.0 -0.664 0.1 0.996 0.0 -0.004 0.086 
0.997 -0.064 -0.027 -0.018 -0.712 -0.0 -0.7 0.06 -0.978 0.0 -0.044 -0.202 0.715 0.0 -0.679 0.167 0.68 0.0 0.638 -0.361 -0.69 -0.0 -0.711 0.134 -0.999 -0.0 -0.002 0.036 0.741 0.0 -0.664 0.1 0.996 0.0 -0.004 0.086 
0.997 -0.064 -0.027 -0.018 -0.712 -0.0 -0.7 0.061 -0.979 0.0 -0.044 -0.201 0.715 -0.0 -0.679 0.167 0.68 0.0 0.638 -0.361 -0.69 -0.0 -0.711 0.134 -0.999 -0.0 -0.001 0.036 0.741 0.0 -0.664 0.1 0.996 -0.0 -0.004 0.086 
0.997 -0.064 -0.027 -0.018 -0.711 -0.0 -0.7 0.062 -0.978 -0.0 -0.044 -0.202 0.715 0.0 -0.679 0.167 0.68 0.0 0.637 -0.362 -0.69 -0.0 -0.711 0.134 -0.999 -0.0 -0.002 0.036 0.741 0.0 -0.664 0.1 0.996 -0.0 -0.004 0.086 
0.997 -0.064 -0.027 -0.018 -0.711 0.0 -0.7 0.063 -0.979 -0.0 -0.044 -0.201 0.715 0.0 -0.679 0.168 0.681 0.0 0.634 -0.366 -0.69 -0.0 -0.711 0.134 -0.999 0.0 -0.002 0.037 0.741 0.0 -0.664 0.1 0.996 0.0 -0.004 0.086 
0.997 -0.065 -0.027 -0.018 -0.711 -0.0 -0.7 0.064 -0.979 -0.0 -0.044 -0.201 0.715 0.0 -0.679 0.168 0.681 0.0 0.632 -0.369 -0.691 -0.0 -0.711 0.135 -0.999 0.0 -0.002 0.036 0.741 -0.0 -0.664 0.101 0.996 0.0 -0.004 0.086 
0.997 -0.065 -0.027 -0.018 -0.711 -0.0 -0.7 0.065 -0.979 -0.0 -0.044 -0.201 0.715 -0.0 -0.678 0.169 0.682 0.0 0.63 -0.372 -0.691 -0.0 -0.711 0.135 -0.999 -0.0 -0.002 0.036 0.741 0.0 -0.664 0.101 0.996 0.0 -0.004 0.086 
0.997 -0.065 -0.027 -0.018 -0.711 -0.0 -0.701 0.065 -0.979 -0.0 -0.044 -0.2 0.715 0.0 -0.678 0.169 0.682 0.0 0.629 -0.373 -0.691 0.0 -0.711 0.135 -0.999 -0.0 -0.002 0.036 0.741 0.0 -0.664 0.101 0.996 0.0 -0.003 0.086 
0.997 -0.065 -0.027 -0.018 -0.71 -0.0 -0.701 0.066 -0.979 0.0 -0.044 -0.2 0.715 0.0 -0.678 0.17 0.682 0.0 0.627 -0.376 -0.691 -0.0 -0.71 0.135 -0.999 0.0 -0.003 0.036 0.741 0.0 -0.664 0.101 0.996 0.0 -0.003 0.086 
0.997 -0.065 -0.027 -0.019 -0.71 -0.0 -0.701 0.066 -0.979 -0.0 -0.044 -0.199 0.715 -0.0 -0.678 0.17 0.682 0.0 0.626 -0.378 -0.691 -0.0 -0.71 0.135 -0.999 -0.0 -0.003 0.036 0.741 0.0 -0.664 0.101 0.996 -0.0 -0.003 0.086 
0.997 -0.065 -0.027 -0.019 -0.71 0.0 -0.701 0.067 -0.979 -0.0 -0.044 -0.199 0.715 0.0 -0.678 0.17 0.683 0.0 0.625 -0.379 -0.691 0.0 -0.71 0.134 -0.999 -0.0 -0.003 0.036 0.741 0.0 -0.664 0.101 0.996 0.0 -0.003 0.086 
0.997 -0.065 -0.027 -0.019 -0.71 -0.0 -0.701 0.067 -0.979 -0.0 -0.044 -0.198 0.716 0.0 -0.677 0.171 0.683 0.0 0.623 -0.382 -0.691 -0.0 -0.71 0.134 -0.999 -0.0 -0.003 0.036 0.741 0.0 -0.664 0.101 0.996 0.0 -0.003 0.086 
0.997 -0.064 -0.027 -0.019 -0.71 0.0 -0.701 0.067 -0.979 -0.0 -0.043 -0.198 0.716 0.0 -0.677 0.171 0.683 -0.0 0.621 -0.385 -0.691 -0.0 -0.711 0.134 -0.999 -0.0 -0.002 0.036 0.74 0.0 -0.664 0.101 0.996 0.0 -0.003 0.086 
0.997 -0.064 -0.027 -0.019 -0.709 -0.0 -0.702 0.069 -0.979 -0.0 -0.043 -0.198 0.716 0.0 -0.677 0.171 0.683 0.0 0.62 -0.386 -0.691 -0.0 -0.711 0.134 -0.999 -0.0 -0.002 0.036 0.741 0.0 -0.664 0.101 0.996 0.0 -0.003 0.086 
0.997 -0.064 -0.027 -0.02 -0.709 -0.0 -0.702 0.069 -0.979 -0.0 -0.043 -0.198 0.716 0.0 -0.677 0.171 0.684 0.0 0.617 -0.39 -0.691 -0.0 -0.711 0.134 -0.999 -0.0 -0.002 0.037 0.741 0.0 -0.664 0.101 0.996 0.0 -0.003 0.086 
0.997 -0.064 -0.027 -0.02 -0.709 -0.0 -0.702 0.07 -0.979 -0.0 -0.042 -0.198 0.716 0.0 -0.677 0.171 0.684 0.0 0.615 -0.392 -0.691 -0.0 -0.711 0.133 -0.999 -0.0 -0.002 0.037 0.741 0.0 -0.664 0.1 0.996 0.0 -0.003 0.087 
0.997 -0.064 -0.027 -0.02 -0.709 -0.0 -0.702 0.071 -0.979 -0.0 -0.042 -0.197 0.716 0.0 -0.677 0.171 0.684 -0.0 0.612 -0.396 -0.691 -0.0 -0.711 0.133 -0.999 0.0 -0.002 0.036 0.741 0.0 -0.664 0.101 0.996 0.0 -0.003 0.086 
0.997 -0.064 -0.027 -0.02 -0.708 -0.0 -0.702 0.071 -0.979 -0.0 -0.041 -0.197 0.716 -0.0 -0.676 0.172 0.684 0.0 0.609 -0.401 -0.691 0.0 -0.711 0.133 -0.999 -0.0 -0.002 0.036 0.741 0.0 -0.664 0.1 0.996 0.0 -0.003 0.087 
0.997 -0.064 -0.027 -0.02 -0.708 -0.0 -0.703 0.071 -0.98 -0.0 -0.04 -0.197 0.716 0.0 -0.676 0.173 0.684 -0.0 0.606 -0.406 -0.691 -0.0 -0.711 0.133 -0.999 -0.0 -0.002 0.037 0.741 0.0 -0.664 0.1 0.996 0.0 -0.003 0.087 
0.997 -0.064 -0.027 -0.02 -0.708 -0.0 -0.703 0.072 -0.98 -0.0 -0.039 -0.197 0.716 -0.0 -0.676 0.174 0.684 -0.0 0.602 -0.412 -0.691 -0.0 -0.711 0.132 -0.999 -0.0 -0.002 0.036 0.741 0.0 -0.665 0.099 0.996 -0.0 -0.003 0.087 
0.997 -0.064 -0.027 -0.02 -0.708 -0.0 -0.703 0.072 -0.98 0.0 -0.039 -0.197 0.716 0.0 -0.676 0.175 0.684 -0.0 0.598 -0.417 -0.691 -0.0 -0.711 0.132 -0.999 -0.0 -0.003 0.037 0.741 0.0 -0.665 0.099 0.996 -0.0 -0.003 0.087 
0.997 -0.063 -0.027 -0.019 -0.707 -0.0 -0.703 0.072 -0.98 -0.0 -0.038 -0.197 0.716 0.0 -0.676 0.176 0.684 0.0 0.594 -0.423 -0.691 -0.0 -0.711 0.132 -0.999 0.0 -0.003 0.037 0.741 -0.0 -0.665 0.099 0.996 0.0 -0.003 0.087 
0.997 -0.063 -0.027 -0.019 -0.707 -0.0 -0.703 0.072 -0.98 0.0 -0.037 -0.196 0.716 0.0 -0.676 0.176 0.685 -0.0 0.59 -0.427 -0.691 0.0 -0.711 0.132 -0.999 -0.0 -0.003 0.036 0.741 -0.0 -0.665 0.098 0.996 -0.0 -0.003 0.087 
0.997 -0.063 -0.027 -0.019 -0.707 -0.0 -0.703 0.072 -0.98 -0.0 -0.036 -0.196 0.716 -0.0 -0.675 0.178 0.684 0.0 0.584 -0.436 -0.691 -0.0 -0.711 0.131 -0.999 -0.0 -0.002 0.037 0.741 0.0 -0.665 0.098 0.996 0.0 -0.003 0.087 
0.997 -0.063 -0.027 -0.019 -0.707 -0.0 -0.704 0.072 -0.98 0.0 -0.036 -0.195 0.716 0.0 -0.675 0.179 0.684 0.0 0.579 -0.443 -0.69 -0.0 -0.712 0.131 -0.999 -0.0 -0.002 0.037 0.741 0.0 -0.665 0.097 0.996 0.0 -0.003 0.087 
0.998 -0.062 -0.027 -0.018 -0.707 -0.0 -0.704 0.072 -0.98 0.0 -0.035 -0.195 0.716 0.0 -0.674 0.18 0.683 0.0 0.576 -0.448 -0.69 -0.0 -0.712 0.13 -0.999 -0.0 -0.002 0.037 0.741 -0.0 -0.665 0.096 0.996 0.0 -0.004 0.087 
0.998 -0.062 -0.027 -0.018 -0.707 -0.0 -0.704 0.071 -0.98 -0.0 -0.034 -0.194 0.716 0.0 -0.674 0.181 0.684 0.0 0.569 -0.457 -0.69 -0.0 -0.712 0.13 -0.999 -0.0 -0.002 0.037 0.741 0.0 -0.665 0.096 0.996 0.0 -0.004 0.087 
0.998 -0.062 -0.027 -0.018 -0.707 0.0 -0.704 0.071 -0.981 -0.0 -0.033 -0.193 0.716 0.0 -0.674 0.179 0.684 0.0 0.565 -0.461 -0.69 0.0 -0.712 0.129 -0.999 -0.0 -0.002 0.037 0.741 0.0 -0.665 0.095 0.996 0.0 -0.004 0.087 
0.998 -0.062 -0.027 -0.017 -0.707 -0.0 -0.704 0.07 -0.981 -0.0 -0.033 -0.193 0.717 0.0 -0.674 0.18 0.685 0.0 0.558 -0.468 -0.69 -0.0 -0.712 0.129 -0.999 -0.0 -0.002 0.037 0.741 0.0 -0.665 0.095 0.996 0.0 -0.004 0.087 
0.998 -0.061 -0.027 -0.017 -0.707 -0.0 -0.704 0.069 -0.981 -0.0 -0.032 -0.192 0.717 -0.0 -0.673 0.181 0.685 0.0 0.551 -0.476 -0.69 0.0 -0.712 0.129 -0.999 -0.0 -0.002 0.037 0.741 0.0 -0.665 0.094 0.996 0.0 -0.004 0.087 
0.998 -0.061 -0.027 -0.016 -0.707 0.0 -0.704 0.068 -0.981 -0.0 -0.031 -0.192 0.717 0.0 -0.673 0.181 0.685 0.0 0.544 -0.484 -0.69 -0.0 -0.712 0.128 -0.999 -0.0 -0.002 0.037 0.741 -0.0 -0.665 0.093 0.996 0.0 -0.004 0.088 
0.998 -0.061 -0.027 -0.016 -0.707 -0.0 -0.704 0.068 -0.981 -0.0 -0.03 -0.191 0.717 0.0 -0.673 0.181 0.685 0.0 0.538 -0.491 -0.69 -0.0 -0.712 0.128 -0.999 -0.0 -0.002 0.037 0.741 0.0 -0.665 0.092 0.996 0.0 -0.005 0.088 
0.998 -0.061 -0.027 -0.015 -0.707 -0.0 -0.704 0.067 -0.981 -0.0 -0.029 -0.191 0.718 -0.0 -0.672 0.181 0.686 0.0 0.532 -0.497 -0.69 -0.0 -0.712 0.128 -0.999 -0.0 -0.002 0.037 0.741 0.0 -0.665 0.092 0.996 0.0 -0.005 0.088 
0.998 -0.061 -0.027 -0.015 -0.707 -0.0 -0.704 0.066 -0.981 -0.0 -0.029 -0.19 0.718 0.0 -0.672 0.181 0.685 0.0 0.525 -0.505 -0.69 -0.0 -0.712 0.128 -0.999 -0.0 -0.002 0.037 0.741 0.0 -0.665 0.091 0.996 0.0 -0.005 0.089 
0.998 -0.06 -0.027 -0.014 -0.707 -0.0 -0.704 0.066 -0.981 -0.0 -0.028 -0.19 0.718 0.0 -0.672 0.181 0.685 0.0 0.52 -0.511 -0.69 -0.0 -0.712 0.128 -0.999 0.0 -0.002 0.036 0.741 0.0 -0.665 0.091 0.996 -0.0 -0.006 0.088 
0.998 -0.06 -0.027 -0.014 -0.707 -0.0 -0.704 0.065 -0.981 -0.0 -0.028 -0.19 0.719 0.0 -0.671 0.18 0.685 0.0 0.513 -0.518 -0.69 -0.0 -0.712 0.127 -0.999 -0.0 -0.001 0.037 0.741 0.0 -0.665 0.091 0.996 0.0 -0.006 0.088 
0.998 -0.06 -0.027 -0.014 -0.707 -0.0 -0.704 0.065 -0.981 -0.0 -0.027 -0.19 0.719 -0.0 -0.671 0.18 0.685 0.0 0.506 -0.525 -0.69 0.0 -0.712 0.127 -0.999 -0.0 -0.001 0.037 0.741 0.0 -0.665 0.09 0.996 0.0 -0.006 0.088 
0.998 -0.06 -0.027 -0.014 -0.707 -0.0 -0.704 0.064 -0.981 -0.0 -0.027 -0.19 0.72 -0.0 -0.671 0.179 0.685 0.0 0.498 -0.532 -0.69 -0.0 -0.713 0.126 -0.999 -0.0 -0.001 0.037 0.741 0.0 -0.665 0.09 0.996 -0.0 -0.006 0.088 
0.998 -0.06 -0.027 -0.013 -0.707 -0.0 -0.704 0.064 -0.981 -0.0 -0.027 -0.19 0.72 -0.0 -0.67 0.178 0.684 0.0 0.491 -0.539 -0.69 0.0 -0.713 0.126 -0.999 -0.0 -0.001 0.037 0.741 0.0 -0.665 0.089 0.996 0.0 -0.006 0.088 
0.998 -0.059 -0.026 -0.013 -0.707 -0.0 -0.704 0.064 -0.981 -0.0 -0.027 -0.19 0.721 0.0 -0.67 0.178 0.684 0.0 0.48 -0.549 -0.69 -0.0 -0.713 0.126 -0.999 -0.0 -0.001 0.036 0.741 0.0 -0.665 0.089 0.996 0.0 -0.006 0.088 
0.998 -0.059 -0.026 -0.013 -0.707 -0.0 -0.704 0.063 -0.981 -0.0 -0.027 -0.19 0.723 -0.0 -0.668 0.177 0.685 0.0 0.469 -0.557 -0.69 -0.0 -0.713 0.125 -0.999 -0.0 -0.001 0.037 0.741 0.0 -0.665 0.088 0.996 0.0 -0.006 0.088 
0.998 -0.059 -0.026 -0.012 -0.707 -0.0 -0.704 0.063 -0.981 -0.0 -0.027 -0.191 0.724 -0.0 -0.667 0.175 0.686 0.0 0.459 -0.565 -0.69 0.0 -0.713 0.125 -0.999 -0.0 -0.001 0.037 0.741 0.0 -0.665 0.088 0.996 0.0 -0.006 0.088 
0.998 -0.059 -0.026 -0.012 -0.707 0.0 -0.704 0.063 -0.981 0.0 -0.027 -0.191 0.725 0.0 -0.667 0.173 0.686 0.0 0.449 -0.572 -0.69 0.0 -0.713 0.125 -0.999 0.0 -0.001 0.037 0.741 0.0 -0.665 0.087 0.996 0.0 -0.007 0.088 
0.998 -0.059 -0.026 -0.012 -0.707 -0.0 -0.704 0.063 -0.981 -0.0 -0.027 -0.191 0.726 0.0 -0.666 0.171 0.687 0.0 0.438 -0.58 -0.69 -0.0 -0.713 0.124 -0.999 -0.0 -0.0 0.037 0.741 0.0 -0.665 0.087 0.996 0.0 -0.007 0.088 
0.998 -0.058 -0.026 -0.011 -0.707 -0.0 -0.704 0.062 -0.981 0.0 -0.027 -0.192 0.727 0.0 -0.665 0.17 0.687 0.0 0.425 -0.589 -0.69 -0.0 -0.713 0.124 -0.999 -0.0 -0.0 0.037 0.741 0.0 -0.665 0.086 0.996 0.0 -0.007 0.088 
0.998 -0.058 -0.026 -0.011 -0.707 -0.0 -0.704 0.062 -0.981 -0.0 -0.027 -0.192 0.728 0.0 -0.665 0.169 0.687 0.0 0.414 -0.597 -0.69 -0.0 -0.713 0.124 -0.999 -0.0 -0.0 0.037 0.742 0.0 -0.665 0.086 0.996 0.0 -0.007 0.088 
0.998 -0.058 -0.026 -0.011 -0.707 -0.0 -0.704 0.062 -0.981 -0.0 -0.028 -0.192 0.728 -0.0 -0.665 0.166 0.687 0.0 0.404 -0.604 -0.69 -0.0 -0.713 0.123 -0.999 -0.0 -0.0 0.037 0.741 0.0 -0.666 0.085 0.996 0.0 -0.007 0.088 
0.998 -0.058 -0.026 -0.01 -0.708 -0.0 -0.704 0.061 -0.981 -0.0 -0.028 -0.192 0.729 0.0 -0.665 0.165 0.686 0.0 0.392 -0.612 -0.69 -0.0 -0.713 0.123 -0.999 -0.0 -0.001 0.037 0.741 0.0 -0.666 0.085 0.996 0.0 -0.008 0.089 
0.998 -0.058 -0.026 -0.01 -0.708 -0.0 -0.704 0.061 -0.981 -0.0 -0.029 -0.192 0.73 0.0 -0.664 0.162 0.687 0.0 0.38 -0.619 -0.69 -0.0 -0.714 0.123 -0.999 -0.0 -0.0 0.037 0.741 0.0 -0.666 0.084 0.996 0.0 -0.008 0.089 
0.998 -0.057 -0.026 -0.01 -0.708 0.0 -0.704 0.061 -0.981 -0.0 -0.029 -0.192 0.73 0.0 -0.664 0.16 0.687 0.0 0.369 -0.626 -0.69 -0.0 -0.714 0.122 -0.999 -0.0 -0.0 0.037 0.742 0.0 -0.666 0.083 0.996 0.0 -0.008 0.089 
0.998 -0.057 -0.026 -0.009 -0.708 -0.0 -0.704 0.06 -0.981 -0.0 -0.029 -0.193 0.731 0.0 -0.664 0.157 0.687 0.0 0.356 -0.633 -0.69 -0.0 -0.714 0.122 -0.999 -0.0 0.0 0.037 0.742 0.0 -0.666 0.083 0.996 0.0 -0.008 0.089 
0.998 -0.057 -0.026 -0.009 -0.708 0.0 -0.703 0.06 -0.981 -0.0 -0.03 -0.193 0.731 -0.0 -0.664 0.155 0.687 0.0 0.344 -0.64 -0.69 -0.0 -0.714 0.121 -0.999 -0.0 0.001 0.037 0.742 0.0 -0.666 0.082 0.996 0.0 -0.009 0.089 
0.998 -0.057 -0.026 -0.008 -0.708 -0.0 -0.703 0.059 -0.981 0.0 -0.03 -0.193 0.732 0.0 -0.664 0.152 0.689 0.0 0.33 -0.646 -0.69 0.0 -0.714 0.121 -0.999 -0.0 0.001 0.037 0.742 0.0 -0.666 0.081 0.996 0.0 -0.009 0.09 
0.998 -0.057 -0.026 -0.008 -0.709 -0.0 -0.703 0.059 -0.981 -0.0 -0.03 -0.193 0.733 0.0 -0.664 0.15 0.689 0.0 0.316 -0.653 -0.69 -0.0 -0.714 0.121 -0.999 -0.0 0.001 0.037 0.742 0.0 -0.666 0.08 0.996 0.0 -0.009 0.09 
0.998 -0.057 -0.026 -0.007 -0.709 -0.0 -0.703 0.058 -0.981 -0.0 -0.03 -0.193 0.733 0.0 -0.664 0.147 0.688 0.0 0.304 -0.659 -0.69 -0.0 -0.714 0.12 -0.999 -0.0 0.001 0.037 0.742 0.0 -0.666 0.08 0.996 -0.0 -0.009 0.09 
0.998 -0.056 -0.026 -0.007 -0.709 -0.0 -0.703 0.058 -0.981 -0.0 -0.031 -0.193 0.733 0.0 -0.665 0.143 0.689 -0.0 0.29 -0.664 -0.69 -0.0 -0.714 0.12 -0.999 -0.0 0.001 0.037 0.742 0.0 -0.666 0.079 0.996 0.0 -0.01 0.09 
0.998 -0.056 -0.026 -0.007 -0.709 -0.0 -0.703 0.057 -0.981 -0.0 -0.031 -0.193 0.734 0.0 -0.664 0.141 0.69 0.0 0.274 -0.67 -0.69 0.0 -0.714 0.12 -0.999 -0.0 0.001 0.037 0.742 0.0 -0.666 0.078 0.996 0.0 -0.01 0.091 
0.998 -0.056 -0.026 -0.006 -0.709 -0.0 -0.703 0.057 -0.981 -0.0 -0.031 -0.193 0.735 0.0 -0.664 0.138 0.691 0.0 0.259 -0.675 -0.689 0.0 -0.714 0.12 -0.999 -0.0 0.001 0.037 0.742 -0.0 -0.666 0.078 0.996 0.0 -0.01 0.091 
0.998 -0.056 -0.026 -0.006 -0.709 -0.0 -0.703 0.056 -0.981 -0.0 -0.031 -0.193 0.735 0.0 -0.665 0.134 0.691 0.0 0.245 -0.68 -0.689 -0.0 -0.715 0.119 -0.999 -0.0 0.002 0.037 0.742 -0.0 -0.666 0.078 0.996 0.0 -0.01 0.091 
0.998 -0.056 -0.026 -0.006 -0.709 -0.0 -0.703 0.056 -0.981 -0.0 -0.031 -0.193 0.735 0.0 -0.665 0.132 0.692 0.0 0.229 -0.684 -0.689 -0.0 -0.715 0.119 -0.999 -0.0 0.002 0.037 0.742 0.0 -0.666 0.077 0.996 -0.0 -0.011 0.091 
0.998 -0.056 -0.026 -0.005 -0.709 0.0 -0.703 0.055 -0.981 -0.0 -0.031 -0.193 0.736 0.0 -0.665 0.128 0.693 0.0 0.213 -0.689 -0.689 -0.0 -0.715 0.119 -0.999 -0.0 0.002 0.037 0.742 -0.0 -0.666 0.077 0.996 0.0 -0.011 0.091 
0.998 -0.056 -0.026 -0.005 -0.709 0.0 -0.703 0.054 -0.981 -0.0 -0.031 -0.193 0.736 0.0 -0.665 0.125 0.694 -0.0 0.197 -0.693 -0.689 0.0 -0.715 0.119 -0.999 -0.0 0.002 0.037 0.742 0.0 -0.666 0.077 0.996 0.0 -0.011 0.091 
0.998 -0.055 -0.026 -0.005 -0.71 0.0 -0.703 0.054 -0.981 -0.0 -0.031 -0.193 0.736 -0.0 -0.665 0.123 0.694 0.0 0.18 -0.697 -0.689 -0.0 -0.715 0.119 -0.999 -0.0 0.002 0.037 0.742 0.0 -0.666 0.076 0.996 -0.0 -0.011 0.091 
0.998 -0.055 -0.026 -0.005 -0.71 -0.0 -0.703 0.053 -0.981 -0.0 -0.03 -0.193 0.737 0.0 -0.666 0.12 0.695 0.0 0.168 -0.699 -0.689 -0.0 -0.715 0.119 -0.999 -0.0 0.002 0.037 0.742 0.0 -0.666 0.076 0.996 0.0 -0.011 0.091 
0.998 -0.055 -0.026 -0.005 -0.71 -0.0 -0.703 0.053 -0.981 -0.0 -0.03 -0.193 0.737 0.0 -0.665 0.117 0.695 -0.0 0.15 -0.703 -0.689 -0.0 -0.715 0.118 -0.999 -0.0 0.002 0.037 0.742 -0.0 -0.666 0.076 0.996 0.0 -0.011 0.091 
0.998 -0.055 -0.026 -0.005 -0.71 -0.0 -0.702 0.052 -0.981 0.0 -0.03 -0.193 0.738 0.0 -0.665 0.114 0.697 0.0 0.131 -0.705 -0.689 -0.0 -0.715 0.118 -0.999 -0.0 0.002 0.037 0.742 0.0 -0.666 0.075 0.996 -0.0 -0.011 0.091 
0.998 -0.055 -0.026 -0.004 -0.71 -0.0 -0.702 0.051 -0.981 -0.0 -0.03 -0.192 0.738 0.0 -0.665 0.111 0.698 0.0 0.111 -0.707 -0.689 -0.0 -0.715 0.118 -0.999 -0.0 0.002 0.037 0.742 -0.0 -0.666 0.075 0.996 0.0 -0.011 0.091 
0.998 -0.055 -0.026 -0.004 -0.71 -0.0 -0.702 0.051 -0.981 -0.0 -0.03 -0.192 0.739 0.0 -0.665 0.108 0.699 0.0 0.092 -0.709 -0.689 0.0 -0.715 0.118 -0.999 -0.0 0.002 0.037 0.742 0.0 -0.666 0.075 0.996 0.0 -0.011 0.091 
0.998 -0.055 -0.026 -0.004 -0.71 -0.0 -0.702 0.05 -0.981 -0.0 -0.029 -0.192 0.739 0.0 -0.665 0.105 0.7 0.0 0.073 -0.71 -0.689 -0.0 -0.715 0.117 -0.999 -0.0 0.002 0.037 0.742 0.0 -0.666 0.075 0.996 0.0 -0.011 0.091 
0.998 -0.055 -0.026 -0.004 -0.71 -0.0 -0.702 0.049 -0.981 -0.0 -0.029 -0.192 0.739 -0.0 -0.666 0.102 0.702 0.0 0.054 -0.71 -0.689 0.0 -0.715 0.117 -0.999 0.0 0.002 0.037 0.742 0.0 -0.666 0.075 0.996 0.0 -0.011 0.091 
0.998 -0.055 -0.026 -0.005 -0.71 -0.0 -0.702 0.049 -0.981 -0.0 -0.03 -0.192 0.74 0.0 -0.666 0.098 0.703 0.0 0.035 -0.71 -0.689 -0.0 -0.715 0.117 -0.999 0.0 0.002 0.037 0.742 -0.0 -0.666 0.075 0.996 0.0 -0.011 0.091 
0.998 -0.055 -0.027 -0.006 -0.71 -0.0 -0.703 0.048 -0.981 -0.0 -0.03 -0.192 0.741 0.0 -0.665 0.096 0.704 0.0 0.017 -0.71 -0.689 -0.0 -0.715 0.117 -0.999 -0.0 0.002 0.037 0.743 0.0 -0.665 0.077 0.996 0.0 -0.012 0.09 
0.998 -0.054 -0.026 -0.006 -0.71 -0.0 -0.702 0.047 -0.981 -0.0 -0.03 -0.192 0.741 -0.0 -0.666 0.093 0.707 0.0 -0.003 -0.708 -0.689 -0.0 -0.715 0.116 -0.999 -0.0 0.002 0.037 0.743 0.0 -0.666 0.075 0.996 0.0 -0.011 0.091 
0.998 -0.054 -0.026 -0.006 -0.711 -0.0 -0.702 0.047 -0.981 -0.0 -0.03 -0.192 0.741 0.0 -0.665 0.091 0.708 0.0 -0.023 -0.706 -0.689 -0.0 -0.716 0.116 -0.999 -0.0 0.002 0.037 0.742 0.0 -0.666 0.075 0.996 0.0 -0.011 0.091 
0.998 -0.054 -0.026 -0.006 -0.711 -0.0 -0.702 0.046 -0.981 0.0 -0.03 -0.192 0.742 0.0 -0.665 0.087 0.71 0.0 -0.041 -0.703 -0.689 -0.0 -0.715 0.116 -0.999 -0.0 0.001 0.037 0.743 0.0 -0.666 0.074 0.996 0.0 -0.011 0.091 
0.998 -0.054 -0.026 -0.007 -0.711 -0.0 -0.702 0.045 -0.981 -0.0 -0.03 -0.193 0.741 -0.0 -0.666 0.085 0.71 -0.0 -0.058 -0.701 -0.689 -0.0 -0.716 0.115 -0.999 -0.0 0.001 0.037 0.743 0.0 -0.666 0.074 0.996 0.0 -0.011 0.091 
0.998 -0.053 -0.027 -0.007 -0.711 -0.0 -0.702 0.044 -0.981 0.0 -0.03 -0.192 0.742 0.0 -0.666 0.083 0.712 0.0 -0.075 -0.698 -0.689 -0.0 -0.716 0.114 -0.999 -0.0 0.001 0.037 0.743 0.0 -0.666 0.074 0.996 0.0 -0.011 0.091 
0.998 -0.053 -0.027 -0.008 -0.711 0.0 -0.702 0.043 -0.981 -0.0 -0.03 -0.192 0.742 0.0 -0.666 0.08 0.713 0.0 -0.093 -0.695 -0.689 -0.0 -0.716 0.114 -0.999 -0.0 0.001 0.037 0.743 -0.0 -0.666 0.073 0.996 0.0 -0.011 0.091 
0.998 -0.053 -0.027 -0.008 -0.711 0.0 -0.702 0.042 -0.981 -0.0 -0.03 -0.192 0.742 0.0 -0.666 0.078 0.714 0.0 -0.11 -0.691 -0.689 -0.0 -0.716 0.113 -0.999 -0.0 0.001 0.038 0.743 0.0 -0.666 0.073 0.996 0.0 -0.011 0.091 
0.998 -0.052 -0.027 -0.009 -0.711 -0.0 -0.702 0.041 -0.981 -0.0 -0.03 -0.192 0.742 0.0 -0.666 0.076 0.715 0.0 -0.126 -0.687 -0.689 0.0 -0.716 0.113 -0.999 -0.0 0.0 0.037 0.743 0.0 -0.666 0.073 0.996 0.0 -0.011 0.091 
0.998 -0.052 -0.027 -0.009 -0.711 -0.0 -0.702 0.039 -0.981 -0.0 -0.03 -0.192 0.743 0.0 -0.665 0.074 0.714 0.0 -0.131 -0.687 -0.689 0.0 -0.716 0.112 -0.999 -0.0 -0.0 0.037 0.743 -0.0 -0.666 0.072 0.996 0.0 -0.011 0.091 
0.998 -0.052 -0.027 -0.01 -0.711 -0.0 -0.702 0.038 -0.981 0.0 -0.03 -0.191 0.743 0.0 -0.665 0.072 0.717 -0.0 -0.158 -0.679 -0.689 -0.0 -0.716 0.111 -0.999 -0.0 -0.0 0.038 0.743 0.0 -0.666 0.072 0.996 -0.0 -0.011 0.091 
0.998 -0.051 -0.027 -0.01 -0.711 -0.0 -0.702 0.037 -0.981 0.0 -0.03 -0.191 0.743 0.0 -0.666 0.07 0.718 -0.0 -0.178 -0.673 -0.689 -0.0 -0.716 0.111 -0.999 -0.0 -0.0 0.038 0.743 0.0 -0.666 0.072 0.996 0.0 -0.011 0.091 
0.998 -0.051 -0.027 -0.011 -0.711 -0.0 -0.702 0.035 -0.981 -0.0 -0.03 -0.191 0.743 0.0 -0.666 0.069 0.719 0.0 -0.197 -0.666 -0.69 0.0 -0.716 0.11 -0.999 -0.0 -0.001 0.038 0.742 0.0 -0.666 0.071 0.996 0.0 -0.011 0.091 
0.998 -0.051 -0.027 -0.011 -0.711 -0.0 -0.702 0.034 -0.981 0.0 -0.03 -0.191 0.748 0.0 -0.66 0.065 0.723 0.0 -0.222 -0.655 -0.689 -0.0 -0.716 0.109 -0.999 -0.0 -0.001 0.038 0.742 0.0 -0.666 0.071 0.996 0.0 -0.01 0.091 
0.998 -0.05 -0.027 -0.012 -0.711 -0.0 -0.703 0.033 -0.981 -0.0 -0.029 -0.19 0.747 -0.0 -0.662 0.064 0.723 0.0 -0.235 -0.65 -0.69 0.0 -0.716 0.108 -0.999 -0.0 -0.001 0.038 0.742 0.0 -0.667 0.07 0.996 0.0 -0.01 0.091 
0.998 -0.05 -0.027 -0.013 -0.711 -0.0 -0.703 0.032 -0.981 -0.0 -0.029 -0.191 0.746 -0.0 -0.663 0.062 0.723 -0.0 -0.247 -0.645 -0.69 0.0 -0.716 0.108 -0.999 -0.0 -0.001 0.038 0.742 0.0 -0.667 0.07 0.996 0.0 -0.01 0.091 
0.998 -0.05 -0.027 -0.013 -0.711 -0.0 -0.703 0.031 -0.981 -0.0 -0.029 -0.19 0.744 -0.0 -0.666 0.061 0.724 0.0 -0.26 -0.639 -0.69 -0.0 -0.716 0.107 -0.999 -0.0 -0.001 0.038 0.742 0.0 -0.667 0.07 0.996 0.0 -0.01 0.09 
0.998 -0.049 -0.027 -0.013 -0.711 -0.0 -0.703 0.03 -0.981 -0.0 -0.029 -0.19 0.743 0.0 -0.667 0.06 0.725 0.0 -0.273 -0.633 -0.69 -0.0 -0.716 0.107 -0.999 -0.0 -0.001 0.038 0.742 0.0 -0.667 0.07 0.996 -0.0 -0.01 0.09 
0.998 -0.049 -0.027 -0.014 -0.71 -0.0 -0.703 0.029 -0.981 -0.0 -0.029 -0.19 0.742 0.0 -0.668 0.059 0.726 0.0 -0.285 -0.626 -0.69 -0.0 -0.716 0.106 -0.999 -0.0 -0.002 0.038 0.742 0.0 -0.667 0.07 0.996 -0.0 -0.01 0.09 
0.998 -0.049 -0.028 -0.014 -0.71 -0.0 -0.703 0.028 -0.981 -0.0 -0.028 -0.19 0.742 -0.0 -0.668 0.057 0.727 0.0 -0.297 -0.619 -0.69 -0.0 -0.716 0.106 -0.999 -0.0 -0.002 0.038 0.742 -0.0 -0.667 0.07 0.996 0.0 -0.01 0.09 
0.998 -0.049 -0.027 -0.015 -0.71 -0.0 -0.704 0.027 -0.981 -0.0 -0.028 -0.19 0.742 0.0 -0.668 0.055 0.728 0.0 -0.31 -0.612 -0.69 -0.0 -0.716 0.106 -0.999 -0.0 -0.002 0.038 0.742 0.0 -0.667 0.069 0.996 0.0 -0.01 0.09 
0.998 -0.048 -0.028 -0.015 -0.71 -0.0 -0.704 0.026 -0.981 -0.0 -0.028 -0.19 0.742 0.0 -0.669 0.053 0.729 0.0 -0.322 -0.605 -0.69 -0.0 -0.716 0.105 -0.999 0.0 -0.003 0.038 0.742 -0.0 -0.667 0.069 0.996 0.0 -0.01 0.09 
0.998 -0.048 -0.028 -0.016 -0.71 -0.0 -0.704 0.026 -0.981 0.0 -0.027 -0.191 0.742 0.0 -0.669 0.051 0.73 0.0 -0.333 -0.597 -0.69 0.0 -0.716 0.105 -0.999 -0.0 -0.003 0.038 0.742 0.0 -0.667 0.069 0.996 0.0 -0.01 0.09 
0.998 -0.048 -0.028 -0.016 -0.709 0.0 -0.704 0.026 -0.981 -0.0 -0.027 -0.191 0.742 -0.0 -0.669 0.048 0.731 -0.0 -0.344 -0.589 -0.69 -0.0 -0.716 0.104 -0.999 -0.0 -0.003 0.038 0.742 0.0 -0.667 0.069 0.996 0.0 -0.01 0.09 
0.998 -0.048 -0.028 -0.017 -0.709 -0.0 -0.705 0.025 -0.981 -0.0 -0.027 -0.192 0.742 0.0 -0.669 0.046 0.732 0.0 -0.355 -0.581 -0.69 -0.0 -0.716 0.103 -0.999 -0.0 -0.003 0.038 0.742 0.0 -0.667 0.069 0.996 0.0 -0.01 0.09 
0.998 -0.047 -0.028 -0.017 -0.709 -0.0 -0.705 0.025 -0.981 -0.0 -0.026 -0.192 0.742 -0.0 -0.669 0.043 0.733 0.0 -0.366 -0.573 -0.69 -0.0 -0.716 0.103 -0.999 -0.0 -0.003 0.038 0.742 0.0 -0.667 0.069 0.996 0.0 -0.01 0.09 
0.998 -0.047 -0.028 -0.017 -0.709 -0.0 -0.705 0.024 -0.981 -0.0 -0.026 -0.192 0.743 0.0 -0.668 0.04 0.734 0.0 -0.376 -0.565 -0.69 -0.0 -0.717 0.103 -0.999 -0.0 -0.002 0.038 0.742 0.0 -0.667 0.069 0.996 0.0 -0.01 0.09 
0.998 -0.047 -0.028 -0.017 -0.708 -0.0 -0.706 0.024 -0.981 -0.0 -0.025 -0.193 0.742 -0.0 -0.669 0.037 0.735 0.0 -0.385 -0.558 -0.69 -0.0 -0.717 0.103 -0.999 0.0 -0.003 0.038 0.742 0.0 -0.667 0.068 0.996 0.0 -0.01 0.09 
0.998 -0.047 -0.028 -0.018 -0.708 -0.0 -0.706 0.025 -0.981 -0.0 -0.024 -0.194 0.743 0.0 -0.668 0.033 0.737 0.0 -0.394 -0.55 -0.69 -0.0 -0.717 0.102 -0.999 -0.0 -0.003 0.038 0.742 0.0 -0.667 0.068 0.996 0.0 -0.01 0.09 
0.998 -0.047 -0.028 -0.018 -0.707 0.0 -0.707 0.025 -0.98 0.0 -0.023 -0.196 0.744 0.0 -0.668 0.029 0.738 0.0 -0.403 -0.542 -0.69 -0.0 -0.717 0.102 -0.999 -0.0 -0.003 0.038 0.742 0.0 -0.667 0.068 0.996 0.0 -0.01 0.09 
0.998 -0.047 -0.028 -0.018 -0.707 -0.0 -0.707 0.027 -0.98 -0.0 -0.022 -0.197 0.745 0.0 -0.667 0.026 0.739 -0.0 -0.412 -0.534 -0.69 -0.0 -0.717 0.102 -0.999 -0.0 -0.003 0.038 0.742 0.0 -0.667 0.068 0.996 0.0 -0.01 0.09 
0.998 -0.046 -0.028 -0.019 -0.706 -0.0 -0.708 0.027 -0.98 -0.0 -0.02 -0.198 0.746 0.0 -0.666 0.021 0.739 0.0 -0.42 -0.526 -0.69 -0.0 -0.717 0.101 -0.999 0.0 -0.003 0.038 0.742 0.0 -0.667 0.068 0.996 0.0 -0.009 0.09 
0.998 -0.046 -0.028 -0.019 -0.705 -0.0 -0.709 0.028 -0.98 0.0 -0.018 -0.199 0.747 0.0 -0.665 0.018 0.74 0.0 -0.428 -0.518 -0.69 -0.0 -0.717 0.1 -0.999 -0.0 -0.003 0.038 0.742 0.0 -0.667 0.067 0.996 -0.0 -0.009 0.09 
0.998 -0.046 -0.028 -0.02 -0.704 -0.0 -0.709 0.03 -0.979 0.0 -0.016 -0.201 0.748 0.0 -0.664 0.014 0.74 0.0 -0.436 -0.511 -0.69 -0.0 -0.717 0.1 -0.999 -0.0 -0.004 0.038 0.742 0.0 -0.668 0.067 0.996 0.0 -0.009 0.09 
0.998 -0.045 -0.028 -0.02 -0.703 -0.0 -0.71 0.031 -0.979 -0.0 -0.014 -0.203 0.749 -0.0 -0.663 0.01 0.741 -0.0 -0.444 -0.504 -0.69 -0.0 -0.717 0.1 -0.999 -0.0 -0.004 0.038 0.742 0.0 -0.667 0.067 0.996 0.0 -0.009 0.09 
0.998 -0.045 -0.028 -0.02 -0.703 -0.0 -0.711 0.032 -0.979 -0.0 -0.011 -0.204 0.75 0.0 -0.662 0.006 0.74 0.0 -0.45 -0.499 -0.69 -0.0 -0.717 0.099 -0.999 -0.0 -0.004 0.038 0.742 0.0 -0.667 0.066 0.996 0.0 -0.009 0.09 
0.998 -0.044 -0.028 -0.021 -0.702 -0.0 -0.712 0.032 -0.979 -0.0 -0.009 -0.204 0.751 0.0 -0.661 0.003 0.741 0.0 -0.456 -0.493 -0.69 -0.0 -0.718 0.097 -0.999 -0.0 -0.004 0.039 0.742 0.0 -0.667 0.065 0.996 0.0 -0.009 0.09 
0.998 -0.044 -0.029 -0.022 -0.701 -0.0 -0.713 0.032 -0.979 -0.0 -0.007 -0.204 0.752 0.0 -0.659 -0.001 0.742 0.0 -0.463 -0.486 -0.689 -0.0 -0.718 0.095 -0.999 -0.0 -0.004 0.039 0.742 -0.0 -0.667 0.065 0.996 0.0 -0.009 0.09 
0.998 -0.044 -0.028 -0.021 -0.7 -0.0 -0.713 0.033 -0.979 -0.0 -0.005 -0.204 0.752 0.0 -0.659 -0.003 0.742 0.0 -0.471 -0.477 -0.69 -0.0 -0.717 0.097 -0.999 -0.0 -0.004 0.038 0.742 0.0 -0.668 0.065 0.996 0.0 -0.009 0.09 
0.998 -0.045 -0.027 -0.018 -0.701 -0.0 -0.713 0.034 -0.979 -0.0 -0.002 -0.204 0.752 0.0 -0.659 -0.005 0.742 -0.0 -0.481 -0.466 -0.691 -0.0 -0.716 0.102 -0.999 -0.0 -0.005 0.036 0.741 0.0 -0.668 0.066 0.996 -0.0 -0.008 0.09 
0.998 -0.044 -0.028 -0.019 -0.7 -0.0 -0.713 0.033 -0.979 -0.0 0.0 -0.203 0.754 -0.0 -0.657 -0.008 0.742 0.0 -0.484 -0.464 -0.691 -0.0 -0.716 0.099 -0.999 -0.0 -0.005 0.037 0.741 0.0 -0.668 0.065 0.996 0.0 -0.008 0.09 
0.998 -0.044 -0.028 -0.021 -0.7 -0.0 -0.714 0.032 -0.979 -0.0 0.001 -0.203 0.754 0.0 -0.656 -0.011 0.742 -0.0 -0.488 -0.459 -0.69 -0.0 -0.717 0.097 -0.999 -0.0 -0.005 0.038 0.742 0.0 -0.668 0.064 0.996 0.0 -0.009 0.09 
0.998 -0.043 -0.028 -0.021 -0.7 -0.0 -0.714 0.031 -0.979 -0.0 0.002 -0.202 0.755 0.0 -0.655 -0.013 0.742 0.0 -0.494 -0.453 -0.69 -0.0 -0.717 0.096 -0.999 -0.0 -0.005 0.038 0.742 0.0 -0.668 0.064 0.996 -0.0 -0.009 0.09 
0.998 -0.043 -0.028 -0.021 -0.7 -0.0 -0.714 0.03 -0.979 -0.0 0.003 -0.202 0.756 -0.0 -0.655 -0.015 0.742 0.0 -0.499 -0.447 -0.69 -0.0 -0.717 0.096 -0.999 -0.0 -0.005 0.038 0.742 -0.0 -0.668 0.063 0.996 -0.0 -0.009 0.09 
0.998 -0.043 -0.028 -0.021 -0.7 0.0 -0.714 0.03 -0.98 -0.0 0.004 -0.201 0.756 0.0 -0.654 -0.016 0.743 0.0 -0.504 -0.441 -0.69 -0.0 -0.717 0.096 -0.999 -0.0 -0.005 0.038 0.742 -0.0 -0.668 0.063 0.996 0.0 -0.009 0.09 
0.998 -0.043 -0.028 -0.021 -0.7 0.0 -0.714 0.029 -0.98 -0.0 0.005 -0.201 0.757 0.0 -0.654 -0.018 0.743 0.0 -0.508 -0.436 -0.69 -0.0 -0.717 0.095 -0.999 -0.0 -0.005 0.038 0.742 0.0 -0.668 0.063 0.996 0.0 -0.009 0.09 
0.998 -0.042 -0.028 -0.021 -0.7 -0.0 -0.713 0.028 -0.98 -0.0 0.005 -0.2 0.757 0.0 -0.653 -0.019 0.743 0.0 -0.513 -0.43 -0.69 -0.0 -0.718 0.095 -0.999 -0.0 -0.005 0.038 0.742 0.0 -0.668 0.063 0.996 0.0 -0.009 0.09 
0.998 -0.042 -0.028 -0.021 -0.701 0.0 -0.713 0.027 -0.98 -0.0 0.005 -0.2 0.758 -0.0 -0.652 -0.017 0.741 0.0 -0.518 -0.427 -0.69 -0.0 -0.718 0.095 -0.999 0.0 -0.005 0.038 0.742 0.0 -0.668 0.062 0.996 0.0 -0.009 0.09 
0.999 -0.042 -0.028 -0.021 -0.701 -0.0 -0.713 0.027 -0.98 -0.0 0.006 -0.2 0.758 0.0 -0.652 -0.018 0.741 0.0 -0.522 -0.423 -0.69 -0.0 -0.718 0.094 -0.999 -0.0 -0.005 0.038 0.742 0.0 -0.668 0.062 0.996 0.0 -0.009 0.09 
0.999 -0.042 -0.028 -0.021 -0.701 -0.0 -0.713 0.027 -0.98 -0.0 0.006 -0.2 0.759 0.0 -0.651 -0.019 0.741 0.0 -0.525 -0.418 -0.69 -0.0 -0.718 0.095 -0.999 0.0 -0.005 0.038 0.742 0.0 -0.668 0.062 0.996 0.0 -0.009 0.09 
0.999 -0.042 -0.028 -0.021 -0.702 -0.0 -0.712 0.026 -0.98 -0.0 0.006 -0.2 0.759 0.0 -0.651 -0.023 0.743 0.0 -0.526 -0.414 -0.69 -0.0 -0.718 0.094 -0.999 0.0 -0.006 0.038 0.742 -0.0 -0.668 0.062 0.996 0.0 -0.009 0.09 
0.999 -0.042 -0.028 -0.021 -0.702 -0.0 -0.712 0.026 -0.98 -0.0 0.006 -0.199 0.759 0.0 -0.651 -0.021 0.741 0.0 -0.53 -0.412 -0.69 -0.0 -0.718 0.094 -0.999 -0.0 -0.006 0.038 0.742 -0.0 -0.668 0.062 0.996 0.0 -0.009 0.09 
0.999 -0.041 -0.028 -0.021 -0.702 -0.0 -0.711 0.025 -0.98 0.0 0.005 -0.199 0.759 0.0 -0.65 -0.022 0.741 0.0 -0.533 -0.409 -0.69 0.0 -0.718 0.094 -0.999 -0.0 -0.006 0.038 0.742 0.0 -0.668 0.062 0.996 0.0 -0.009 0.09 
0.999 -0.041 -0.028 -0.021 -0.703 0.0 -0.711 0.025 -0.98 -0.0 0.005 -0.199 0.76 0.0 -0.65 -0.022 0.741 -0.0 -0.534 -0.406 -0.69 -0.0 -0.718 0.094 -0.999 -0.0 -0.006 0.038 0.742 0.0 -0.668 0.062 0.996 0.0 -0.009 0.09 
0.999 -0.041 -0.028 -0.021 -0.703 -0.0 -0.711 0.025 -0.98 0.0 0.005 -0.199 0.76 0.0 -0.65 -0.023 0.741 -0.0 -0.536 -0.403 -0.69 -0.0 -0.718 0.094 -0.999 -0.0 -0.006 0.038 0.742 0.0 -0.668 0.062 0.996 -0.0 -0.008 0.089 
0.999 -0.041 -0.028 -0.022 -0.704 -0.0 -0.71 0.025 -0.98 -0.0 0.004 -0.199 0.76 0.0 -0.65 -0.024 0.742 0.0 -0.537 -0.402 -0.69 -0.0 -0.718 0.093 -0.999 -0.0 -0.005 0.038 0.742 0.0 -0.668 0.062 0.996 0.0 -0.008 0.09 
0.999 -0.041 -0.028 -0.022 -0.704 -0.0 -0.71 0.024 -0.98 0.0 0.004 -0.199 0.76 0.0 -0.65 -0.024 0.742 0.0 -0.538 -0.4 -0.69 -0.0 -0.718 0.093 -0.999 -0.0 -0.005 0.038 0.742 0.0 -0.668 0.061 0.996 -0.0 -0.009 0.09 
0.999 -0.041 -0.028 -0.022 -0.705 0.0 -0.709 0.024 -0.98 0.0 0.004 -0.199 0.76 -0.0 -0.65 -0.025 0.743 0.0 -0.538 -0.399 -0.69 -0.0 -0.718 0.093 -0.999 -0.0 -0.005 0.038 0.742 0.0 -0.668 0.061 0.996 0.0 -0.008 0.09 
0.999 -0.041 -0.028 -0.022 -0.705 -0.0 -0.709 0.024 -0.98 0.0 0.003 -0.199 0.76 -0.0 -0.65 -0.026 0.743 0.0 -0.538 -0.397 -0.69 -0.0 -0.718 0.093 -0.999 -0.0 -0.005 0.038 0.742 -0.0 -0.668 0.061 0.996 -0.0 -0.008 0.09 
0.999 -0.041 -0.028 -0.022 -0.705 -0.0 -0.708 0.025 -0.98 -0.0 0.002 -0.199 0.76 -0.0 -0.65 -0.026 0.743 0.0 -0.539 -0.396 -0.69 -0.0 -0.718 0.093 -0.999 0.0 -0.006 0.038 0.742 0.0 -0.668 0.061 0.996 0.0 -0.008 0.09 
0.999 -0.041 -0.028 -0.023 -0.706 -0.0 -0.708 0.025 -0.98 -0.0 0.001 -0.2 0.76 -0.0 -0.65 -0.027 0.744 -0.0 -0.539 -0.396 -0.69 0.0 -0.718 0.093 -0.999 -0.0 -0.006 0.038 0.742 -0.0 -0.668 0.061 0.996 0.0 -0.008 0.09 
0.999 -0.041 -0.028 -0.023 -0.706 -0.0 -0.707 0.025 -0.98 -0.0 0.0 -0.2 0.76 0.0 -0.65 -0.028 0.744 -0.0 -0.539 -0.395 -0.69 -0.0 -0.718 0.093 -0.999 -0.0 -0.006 0.038 0.742 -0.0 -0.668 0.061 0.996 0.0 -0.008 0.09 
0.999 -0.041 -0.028 -0.023 -0.707 -0.0 -0.707 0.025 -0.98 0.0 -0.0 -0.2 0.76 0.0 -0.65 -0.028 0.744 0.0 -0.539 -0.395 -0.69 -0.0 -0.718 0.092 -0.999 -0.0 -0.006 0.038 0.742 0.0 -0.668 0.061 0.996 0.0 -0.008 0.09 
0.999 -0.041 -0.028 -0.023 -0.707 -0.0 -0.707 0.026 -0.98 -0.0 -0.002 -0.2 0.76 -0.0 -0.65 -0.028 0.745 0.0 -0.538 -0.395 -0.69 -0.0 -0.718 0.093 -0.999 -0.0 -0.006 0.038 0.742 0.0 -0.668 0.061 0.996 0.0 -0.008 0.09 
0.998 -0.041 -0.028 -0.023 -0.708 -0.0 -0.706 0.026 -0.98 -0.0 -0.003 -0.2 0.759 0.0 -0.65 -0.029 0.745 -0.0 -0.538 -0.395 -0.69 -0.0 -0.718 0.093 -0.999 -0.0 -0.006 0.038 0.742 0.0 -0.668 0.061 0.996 -0.0 -0.008 0.09 
0.998 -0.041 -0.028 -0.024 -0.708 -0.0 -0.706 0.026 -0.98 -0.0 -0.003 -0.199 0.759 0.0 -0.65 -0.029 0.745 0.0 -0.537 -0.395 -0.69 -0.0 -0.718 0.092 -0.999 -0.0 -0.006 0.038 0.742 -0.0 -0.668 0.062 0.996 0.0 -0.008 0.09 
0.998 -0.041 -0.028 -0.024 -0.709 -0.0 -0.705 0.026 -0.98 -0.0 -0.005 -0.199 0.759 0.0 -0.65 -0.029 0.745 0.0 -0.537 -0.395 -0.69 -0.0 -0.718 0.093 -0.999 -0.0 -0.006 0.038 0.742 0.0 -0.668 0.062 0.996 -0.0 -0.008 0.09 
0.998 -0.041 -0.028 -0.024 -0.709 -0.0 -0.705 0.026 -0.98 -0.0 -0.005 -0.199 0.759 0.0 -0.651 -0.029 0.746 -0.0 -0.536 -0.395 -0.69 -0.0 -0.718 0.093 -0.999 -0.0 -0.006 0.038 0.742 0.0 -0.668 0.062 0.996 0.0 -0.008 0.09 
0.998 -0.041 -0.028 -0.024 -0.709 -0.0 -0.704 0.027 -0.98 -0.0 -0.006 -0.199 0.759 0.0 -0.651 -0.029 0.746 0.0 -0.536 -0.395 -0.69 -0.0 -0.718 0.093 -0.999 -0.0 -0.006 0.038 0.742 0.0 -0.668 0.062 0.996 0.0 -0.008 0.09 
0.998 -0.041 -0.028 -0.024 -0.709 -0.0 -0.704 0.027 -0.98 -0.0 -0.007 -0.198 0.758 -0.0 -0.651 -0.03 0.746 0.0 -0.536 -0.395 -0.69 -0.0 -0.718 0.093 -0.999 -0.0 -0.006 0.038 0.742 0.0 -0.668 0.062 0.996 0.0 -0.008 0.09 
0.998 -0.041 -0.03 -0.023 -0.709 -0.0 -0.705 0.028 -0.98 -0.0 -0.007 -0.198 0.759 0.0 -0.651 -0.029 0.746 -0.0 -0.537 -0.394 -0.689 -0.0 -0.718 0.095 -0.999 -0.0 -0.007 0.037 0.742 0.0 -0.667 0.063 0.996 -0.0 -0.007 0.09 
0.998 -0.041 -0.03 -0.023 -0.709 -0.0 -0.704 0.028 -0.98 -0.0 -0.008 -0.198 0.758 0.0 -0.651 -0.03 0.746 0.0 -0.536 -0.394 -0.689 -0.0 -0.718 0.095 -0.999 -0.0 -0.007 0.037 0.742 0.0 -0.667 0.063 0.996 0.0 -0.007 0.09 
0.998 -0.042 -0.03 -0.023 -0.71 -0.0 -0.704 0.029 -0.98 -0.0 -0.009 -0.198 0.758 0.0 -0.651 -0.029 0.746 -0.0 -0.536 -0.395 -0.689 0.0 -0.718 0.095 -0.999 -0.0 -0.007 0.037 0.742 0.0 -0.667 0.063 0.996 0.0 -0.007 0.09 
0.998 -0.042 -0.029 -0.023 -0.71 -0.0 -0.704 0.029 -0.98 -0.0 -0.01 -0.198 0.758 0.0 -0.652 -0.029 0.746 0.0 -0.536 -0.396 -0.689 -0.0 -0.718 0.095 -0.999 0.0 -0.007 0.037 0.742 0.0 -0.667 0.063 0.996 -0.0 -0.007 0.09 
0.998 -0.042 -0.029 -0.023 -0.71 -0.0 -0.703 0.029 -0.98 -0.0 -0.011 -0.197 0.758 0.0 -0.652 -0.03 0.746 0.0 -0.536 -0.396 -0.689 -0.0 -0.718 0.096 -0.999 -0.0 -0.007 0.037 0.742 0.0 -0.667 0.063 0.996 0.0 -0.007 0.09 
0.998 -0.042 -0.029 -0.023 -0.711 -0.0 -0.703 0.029 -0.98 -0.0 -0.012 -0.197 0.757 -0.0 -0.652 -0.03 0.746 0.0 -0.536 -0.397 -0.689 -0.0 -0.718 0.095 -0.999 -0.0 -0.006 0.037 0.742 0.0 -0.667 0.064 0.996 0.0 -0.007 0.09 
0.998 -0.042 -0.029 -0.023 -0.711 -0.0 -0.703 0.029 -0.98 -0.0 -0.013 -0.196 0.757 0.0 -0.653 -0.03 0.745 0.0 -0.535 -0.397 -0.689 -0.0 -0.718 0.095 -0.999 -0.0 -0.006 0.037 0.742 0.0 -0.667 0.064 0.996 -0.0 -0.007 0.09 
0.998 -0.042 -0.029 -0.023 -0.711 -0.0 -0.703 0.029 -0.981 -0.0 -0.013 -0.196 0.757 0.0 -0.653 -0.03 0.745 0.0 -0.535 -0.398 -0.689 -0.0 -0.718 0.095 -0.999 -0.0 -0.006 0.037 0.742 0.0 -0.667 0.064 0.996 0.0 -0.007 0.09 
0.998 -0.042 -0.029 -0.023 -0.711 0.0 -0.703 0.03 -0.981 -0.0 -0.014 -0.196 0.757 0.0 -0.653 -0.03 0.745 0.0 -0.535 -0.398 -0.689 -0.0 -0.718 0.095 -0.999 -0.0 -0.006 0.037 0.742 0.0 -0.667 0.064 0.996 0.0 -0.007 0.09 
0.998 -0.042 -0.029 -0.023 -0.711 -0.0 -0.703 0.03 -0.981 -0.0 -0.014 -0.195 0.757 0.0 -0.653 -0.03 0.745 0.0 -0.535 -0.399 -0.689 0.0 -0.718 0.095 -0.999 -0.0 -0.006 0.037 0.742 0.0 -0.667 0.064 0.996 0.0 -0.007 0.09 
0.998 -0.042 -0.029 -0.023 -0.711 -0.0 -0.702 0.03 -0.981 -0.0 -0.015 -0.195 0.756 0.0 -0.653 -0.031 0.745 -0.0 -0.534 -0.399 -0.689 0.0 -0.718 0.095 -0.999 0.0 -0.006 0.037 0.742 -0.0 -0.667 0.064 0.996 0.0 -0.007 0.09 
0.998 -0.042 -0.029 -0.023 -0.711 -0.0 -0.703 0.03 -0.981 -0.0 -0.015 -0.195 0.756 -0.0 -0.653 -0.031 0.745 -0.0 -0.534 -0.399 -0.689 -0.0 -0.718 0.095 -0.999 -0.0 -0.006 0.038 0.742 0.0 -0.667 0.063 0.996 0.0 -0.007 0.09 
0.998 -0.042 -0.029 -0.023 -0.711 -0.0 -0.702 0.03 -0.981 -0.0 -0.016 -0.195 0.756 0.0 -0.654 -0.03 0.745 0.0 -0.534 -0.4 -0.689 -0.0 -0.718 0.095 -0.999 -0.0 -0.006 0.038 0.742 -0.0 -0.667 0.064 0.996 0.0 -0.007 0.09 
0.998 -0.042 -0.029 -0.023 -0.711 -0.0 -0.703 0.031 -0.981 -0.0 -0.016 -0.194 0.756 0.0 -0.654 -0.03 0.745 0.0 -0.534 -0.4 -0.689 -0.0 -0.718 0.095 -0.999 -0.0 -0.005 0.038 0.742 0.0 -0.667 0.064 0.996 0.0 -0.007 0.09 
0.998 -0.042 -0.029 -0.022 -0.711 0.0 -0.702 0.031 -0.981 -0.0 -0.016 -0.194 0.756 0.0 -0.654 -0.031 0.745 0.0 -0.534 -0.4 -0.689 0.0 -0.718 0.095 -0.999 -0.0 -0.006 0.038 0.742 0.0 -0.667 0.063 0.996 0.0 -0.008 0.09 
0.998 -0.042 -0.029 -0.022 -0.711 0.0 -0.703 0.031 -0.981 -0.0 -0.016 -0.194 0.756 0.0 -0.654 -0.031 0.745 0.0 -0.534 -0.399 -0.689 -0.0 -0.718 0.096 -0.999 -0.0 -0.005 0.038 0.742 -0.0 -0.667 0.063 0.996 0.0 -0.008 0.09 
0.998 -0.042 -0.029 -0.022 -0.711 0.0 -0.703 0.032 -0.981 -0.0 -0.016 -0.194 0.756 0.0 -0.654 -0.031 0.745 0.0 -0.534 -0.399 -0.689 -0.0 -0.718 0.096 -0.999 -0.0 -0.005 0.038 0.742 0.0 -0.667 0.063 0.996 0.0 -0.008 0.09 
0.998 -0.042 -0.029 -0.021 -0.711 -0.0 -0.703 0.032 -0.981 -0.0 -0.017 -0.194 0.756 0.0 -0.654 -0.032 0.745 -0.0 -0.534 -0.399 -0.689 -0.0 -0.718 0.096 -0.999 -0.0 -0.005 0.038 0.742 0.0 -0.667 0.063 0.996 -0.0 -0.008 0.09 
0.998 -0.042 -0.029 -0.021 -0.71 0.0 -0.703 0.032 -0.981 0.0 -0.017 -0.194 0.756 0.0 -0.654 -0.032 0.745 0.0 -0.535 -0.399 -0.689 -0.0 -0.718 0.096 -0.999 0.0 -0.005 0.038 0.742 0.0 -0.667 0.063 0.996 0.0 -0.008 0.09 
0.998 -0.042 -0.029 -0.02 -0.71 -0.0 -0.703 0.033 -0.981 -0.0 -0.016 -0.194 0.756 0.0 -0.654 -0.032 0.745 0.0 -0.535 -0.398 -0.689 -0.0 -0.718 0.096 -0.999 -0.0 -0.005 0.038 0.742 0.0 -0.667 0.063 0.996 0.0 -0.008 0.09 
0.998 -0.042 -0.029 -0.02 -0.71 -0.0 -0.703 0.033 -0.981 -0.0 -0.017 -0.194 0.755 0.0 -0.654 -0.032 0.745 0.0 -0.535 -0.398 -0.689 -0.0 -0.718 0.096 -0.999 -0.0 -0.005 0.038 0.742 0.0 -0.667 0.063 0.996 0.0 -0.008 0.09 
0.998 -0.042 -0.029 -0.02 -0.71 -0.0 -0.704 0.033 -0.981 -0.0 -0.016 -0.194 0.755 -0.0 -0.655 -0.032 0.745 0.0 -0.535 -0.398 -0.689 -0.0 -0.718 0.096 -0.999 -0.0 -0.005 0.038 0.742 0.0 -0.667 0.063 0.996 0.0 -0.008 0.09 
0.998 -0.043 -0.029 -0.02 -0.709 0.0 -0.704 0.033 -0.981 -0.0 -0.016 -0.194 0.755 0.0 -0.655 -0.032 0.745 0.0 -0.535 -0.398 -0.689 -0.0 -0.718 0.097 -0.999 -0.0 -0.005 0.038 0.742 0.0 -0.667 0.064 0.996 0.0 -0.007 0.09 
0.998 -0.043 -0.028 -0.019 -0.709 -0.0 -0.704 0.033 -0.981 0.0 -0.015 -0.194 0.755 0.0 -0.655 -0.033 0.746 0.0 -0.535 -0.398 -0.689 -0.0 -0.718 0.097 -0.999 -0.0 -0.004 0.038 0.742 0.0 -0.667 0.063 0.996 0.0 -0.008 0.09 
0.998 -0.043 -0.028 -0.019 -0.709 -0.0 -0.705 0.034 -0.981 -0.0 -0.015 -0.194 0.755 0.0 -0.655 -0.032 0.745 0.0 -0.535 -0.398 -0.689 -0.0 -0.718 0.097 -0.999 -0.0 -0.004 0.038 0.742 -0.0 -0.667 0.064 0.996 0.0 -0.008 0.09 
0.998 -0.043 -0.028 -0.019 -0.708 -0.0 -0.705 0.034 -0.981 -0.0 -0.015 -0.194 0.755 -0.0 -0.655 -0.032 0.745 -0.0 -0.535 -0.397 -0.689 -0.0 -0.718 0.097 -0.999 0.0 -0.004 0.038 0.742 -0.0 -0.667 0.064 0.996 0.0 -0.008 0.09 
0.998 -0.043 -0.028 -0.019 -0.708 -0.0 -0.705 0.034 -0.981 -0.0 -0.014 -0.194 0.755 0.0 -0.655 -0.032 0.746 -0.0 -0.535 -0.397 -0.689 -0.0 -0.718 0.098 -0.999 -0.0 -0.004 0.038 0.742 0.0 -0.667 0.064 0.996 0.0 -0.008 0.09 
0.998 -0.043 -0.028 -0.018 -0.708 -0.0 -0.706 0.034 -0.981 -0.0 -0.014 -0.193 0.755 0.0 -0.655 -0.032 0.745 -0.0 -0.536 -0.397 -0.689 -0.0 -0.718 0.098 -0.999 -0.0 -0.004 0.038 0.742 0.0 -0.667 0.064 0.996 -0.0 -0.008 0.09 
0.998 -0.044 -0.028 -0.018 -0.708 -0.0 -0.706 0.034 -0.981 -0.0 -0.014 -0.193 0.755 0.0 -0.655 -0.032 0.746 0.0 -0.536 -0.397 -0.689 0.0 -0.718 0.099 -0.999 -0.0 -0.004 0.038 0.742 0.0 -0.667 0.064 0.996 0.0 -0.008 0.09 
0.998 -0.044 -0.028 -0.018 -0.707 -0.0 -0.706 0.034 -0.981 -0.0 -0.014 -0.194 0.755 0.0 -0.655 -0.032 0.746 0.0 -0.536 -0.396 -0.689 -0.0 -0.718 0.099 -0.999 -0.0 -0.004 0.038 0.743 0.0 -0.667 0.064 0.996 -0.0 -0.008 0.09 
