# T   LUA LFA RUA RFA LT  LS  RT  RS  
0.997 -0.065 0.003 0.044 -0.774 -0.0 -0.627 0.083 -0.945 0.0 -0.16 -0.285 0.981 0.0 -0.008 -0.194 0.39 0.0 0.822 -0.416 -0.695 -0.0 -0.706 -0.133 -0.961 -0.0 -0.001 0.278 0.73 0.0 -0.682 -0.053 0.974 0.0 -0.018 0.227 
0.997 -0.065 0.003 0.044 -0.775 0.0 -0.627 0.082 -0.945 -0.0 -0.161 -0.283 0.981 0.0 -0.007 -0.194 0.402 0.0 0.812 -0.424 -0.695 -0.0 -0.706 -0.133 -0.961 -0.0 -0.001 0.278 0.73 -0.0 -0.682 -0.053 0.974 0.0 -0.018 0.227 
0.997 -0.065 0.003 0.045 -0.775 -0.0 -0.627 0.082 -0.945 -0.0 -0.162 -0.283 0.981 -0.0 -0.005 -0.195 0.411 -0.0 0.8 -0.437 -0.695 0.0 -0.706 -0.132 -0.961 -0.0 -0.001 0.278 0.73 0.0 -0.682 -0.052 0.974 0.0 -0.017 0.227 
0.997 -0.065 0.003 0.045 -0.775 0.0 -0.627 0.082 -0.946 -0.0 -0.162 -0.282 0.981 0.0 -0.002 -0.195 0.424 0.0 0.788 -0.446 -0.695 0.0 -0.706 -0.132 -0.961 -0.0 -0.001 0.278 0.73 -0.0 -0.682 -0.052 0.974 0.0 -0.017 0.227 
0.997 -0.066 0.003 0.045 -0.775 -0.0 -0.627 0.082 -0.946 -0.0 -0.162 -0.282 0.981 -0.0 0.001 -0.195 0.435 0.0 0.776 -0.457 -0.696 -0.0 -0.706 -0.131 -0.961 -0.0 -0.001 0.278 0.73 -0.0 -0.682 -0.052 0.974 0.0 -0.017 0.227 
0.997 -0.066 0.002 0.046 -0.774 -0.0 -0.628 0.082 -0.946 0.0 -0.162 -0.281 0.981 -0.0 0.004 -0.196 0.446 0.0 0.762 -0.469 -0.695 -0.0 -0.707 -0.129 -0.961 0.0 -0.001 0.277 0.73 0.0 -0.681 -0.051 0.974 -0.0 -0.016 0.227 
0.997 -0.066 0.002 0.047 -0.774 -0.0 -0.628 0.082 -0.946 0.0 -0.163 -0.281 0.98 0.0 0.007 -0.197 0.457 0.0 0.748 -0.481 -0.695 -0.0 -0.707 -0.129 -0.961 -0.0 -0.001 0.278 0.73 0.0 -0.682 -0.05 0.974 0.0 -0.016 0.227 
0.997 -0.067 0.002 0.047 -0.774 0.0 -0.628 0.082 -0.946 -0.0 -0.163 -0.28 0.981 0.0 0.01 -0.196 0.468 0.0 0.734 -0.493 -0.695 0.0 -0.707 -0.128 -0.961 -0.0 -0.001 0.278 0.73 0.0 -0.682 -0.05 0.974 0.0 -0.016 0.227 
0.997 -0.067 0.003 0.047 -0.774 -0.0 -0.628 0.082 -0.946 -0.0 -0.163 -0.28 0.981 0.0 0.013 -0.195 0.478 0.0 0.72 -0.503 -0.696 0.0 -0.707 -0.129 -0.961 -0.0 -0.001 0.278 0.73 0.0 -0.682 -0.05 0.974 0.0 -0.016 0.227 
0.997 -0.067 0.003 0.047 -0.774 -0.0 -0.628 0.082 -0.946 -0.0 -0.163 -0.28 0.981 -0.0 0.017 -0.196 0.488 0.0 0.705 -0.514 -0.696 -0.0 -0.707 -0.128 -0.961 -0.0 -0.0 0.278 0.73 -0.0 -0.682 -0.05 0.974 0.0 -0.016 0.227 
0.997 -0.067 0.003 0.047 -0.774 -0.0 -0.628 0.082 -0.946 -0.0 -0.163 -0.28 0.98 0.0 0.02 -0.196 0.499 0.0 0.69 -0.524 -0.696 -0.0 -0.707 -0.127 -0.96 -0.0 -0.001 0.278 0.73 -0.0 -0.682 -0.049 0.974 -0.0 -0.016 0.227 
0.997 -0.067 0.003 0.047 -0.774 -0.0 -0.628 0.082 -0.946 -0.0 -0.164 -0.28 0.98 0.0 0.023 -0.196 0.507 0.0 0.676 -0.536 -0.696 -0.0 -0.707 -0.127 -0.96 0.0 -0.001 0.278 0.73 0.0 -0.682 -0.049 0.974 0.0 -0.016 0.227 
0.997 -0.067 0.002 0.049 -0.774 -0.0 -0.628 0.082 -0.946 -0.0 -0.163 -0.28 0.98 -0.0 0.027 -0.199 0.517 0.0 0.661 -0.543 -0.696 -0.0 -0.707 -0.127 -0.96 0.0 -0.001 0.279 0.73 0.0 -0.682 -0.05 0.974 0.0 -0.016 0.228 
0.997 -0.068 0.002 0.049 -0.773 -0.0 -0.628 0.083 -0.946 -0.0 -0.163 -0.28 0.98 0.0 0.031 -0.199 0.526 -0.0 0.647 -0.552 -0.696 0.0 -0.707 -0.126 -0.96 -0.0 -0.001 0.279 0.73 0.0 -0.681 -0.049 0.974 -0.0 -0.016 0.228 
0.996 -0.068 0.002 0.049 -0.773 0.0 -0.629 0.083 -0.946 0.0 -0.163 -0.28 0.979 0.0 0.034 -0.199 0.534 0.0 0.634 -0.559 -0.696 -0.0 -0.707 -0.126 -0.96 -0.0 -0.001 0.279 0.73 0.0 -0.681 -0.049 0.974 -0.0 -0.016 0.228 
0.996 -0.068 0.002 0.049 -0.773 -0.0 -0.629 0.083 -0.946 0.0 -0.164 -0.279 0.979 0.0 0.037 -0.2 0.543 -0.0 0.62 -0.566 -0.696 -0.0 -0.707 -0.125 -0.96 -0.0 -0.001 0.279 0.73 -0.0 -0.682 -0.048 0.974 0.0 -0.016 0.227 
0.996 -0.069 0.002 0.05 -0.773 0.0 -0.629 0.084 -0.946 -0.0 -0.164 -0.279 0.979 0.0 0.041 -0.2 0.55 0.0 0.607 -0.573 -0.696 -0.0 -0.707 -0.124 -0.96 -0.0 -0.001 0.279 0.73 0.0 -0.681 -0.048 0.974 0.0 -0.016 0.228 
0.996 -0.069 0.003 0.05 -0.773 0.0 -0.629 0.084 -0.946 -0.0 -0.164 -0.279 0.979 -0.0 0.044 -0.201 0.558 0.0 0.595 -0.579 -0.696 -0.0 -0.707 -0.123 -0.96 -0.0 -0.001 0.279 0.73 0.0 -0.682 -0.047 0.974 0.0 -0.015 0.228 
0.996 -0.069 0.003 0.05 -0.773 -0.0 -0.629 0.084 -0.946 -0.0 -0.164 -0.279 0.979 0.0 0.048 -0.201 0.563 0.0 0.582 -0.586 -0.697 -0.0 -0.707 -0.123 -0.96 0.0 -0.001 0.279 0.73 0.0 -0.682 -0.047 0.974 0.0 -0.015 0.228 
0.996 -0.07 0.003 0.05 -0.773 0.0 -0.629 0.085 -0.946 -0.0 -0.164 -0.279 0.978 0.0 0.051 -0.202 0.57 0.0 0.569 -0.592 -0.697 -0.0 -0.707 -0.122 -0.96 -0.0 -0.001 0.279 0.73 0.0 -0.682 -0.046 0.974 0.0 -0.015 0.227 
0.996 -0.07 0.003 0.05 -0.772 -0.0 -0.63 0.085 -0.946 -0.0 -0.164 -0.279 0.978 0.0 0.055 -0.202 0.576 -0.0 0.557 -0.598 -0.697 0.0 -0.707 -0.121 -0.96 -0.0 -0.001 0.279 0.73 0.0 -0.682 -0.046 0.974 0.0 -0.014 0.227 
0.996 -0.071 0.002 0.051 -0.772 -0.0 -0.63 0.085 -0.947 -0.0 -0.164 -0.278 0.977 0.0 0.058 -0.203 0.582 0.0 0.543 -0.606 -0.696 -0.0 -0.708 -0.119 -0.961 0.0 0.0 0.278 0.731 0.0 -0.681 -0.045 0.974 0.0 -0.014 0.228 
0.996 -0.071 0.002 0.051 -0.772 -0.0 -0.63 0.085 -0.947 -0.0 -0.164 -0.277 0.977 -0.0 0.062 -0.203 0.587 0.0 0.529 -0.613 -0.696 0.0 -0.708 -0.118 -0.961 -0.0 0.0 0.278 0.731 -0.0 -0.681 -0.044 0.974 0.0 -0.013 0.227 
0.996 -0.071 0.003 0.051 -0.772 0.0 -0.63 0.085 -0.947 -0.0 -0.164 -0.277 0.977 0.0 0.066 -0.203 0.593 0.0 0.517 -0.618 -0.697 -0.0 -0.707 -0.119 -0.96 -0.0 0.0 0.278 0.73 0.0 -0.682 -0.044 0.974 -0.0 -0.014 0.227 
0.996 -0.071 0.003 0.051 -0.772 -0.0 -0.63 0.085 -0.947 0.0 -0.164 -0.276 0.977 0.0 0.069 -0.202 0.597 0.0 0.503 -0.625 -0.697 -0.0 -0.708 -0.118 -0.961 -0.0 0.001 0.278 0.73 0.0 -0.682 -0.043 0.974 -0.0 -0.013 0.227 
0.996 -0.072 0.002 0.05 -0.772 -0.0 -0.63 0.084 -0.947 -0.0 -0.164 -0.276 0.976 0.0 0.074 -0.204 0.602 0.0 0.49 -0.63 -0.697 -0.0 -0.708 -0.118 -0.961 -0.0 0.001 0.278 0.73 0.0 -0.682 -0.042 0.974 0.0 -0.013 0.227 
0.996 -0.072 0.003 0.05 -0.772 -0.0 -0.63 0.084 -0.947 -0.0 -0.164 -0.275 0.976 0.0 0.076 -0.204 0.606 0.0 0.477 -0.637 -0.697 -0.0 -0.708 -0.116 -0.961 -0.0 0.001 0.278 0.73 0.0 -0.682 -0.041 0.974 0.0 -0.013 0.227 
0.996 -0.072 0.002 0.05 -0.772 -0.0 -0.631 0.084 -0.947 -0.0 -0.164 -0.275 0.976 0.0 0.08 -0.205 0.609 0.0 0.465 -0.643 -0.696 -0.0 -0.708 -0.116 -0.961 0.0 0.002 0.278 0.731 0.0 -0.682 -0.04 0.974 0.0 -0.013 0.227 
0.996 -0.073 0.002 0.05 -0.772 -0.0 -0.631 0.084 -0.947 0.0 -0.164 -0.274 0.975 0.0 0.082 -0.205 0.611 0.0 0.454 -0.648 -0.696 -0.0 -0.708 -0.115 -0.961 -0.0 0.002 0.278 0.731 0.0 -0.682 -0.04 0.974 0.0 -0.012 0.227 
0.996 -0.073 0.002 0.049 -0.772 -0.0 -0.63 0.084 -0.948 0.0 -0.165 -0.274 0.975 0.0 0.084 -0.204 0.613 0.0 0.444 -0.654 -0.696 -0.0 -0.709 -0.114 -0.961 -0.0 0.003 0.277 0.73 0.0 -0.682 -0.038 0.974 0.0 -0.012 0.226 
0.996 -0.074 0.002 0.05 -0.772 -0.0 -0.63 0.084 -0.948 -0.0 -0.165 -0.273 0.975 0.0 0.087 -0.205 0.615 0.0 0.433 -0.659 -0.696 -0.0 -0.709 -0.113 -0.961 -0.0 0.003 0.277 0.73 0.0 -0.682 -0.037 0.974 0.0 -0.011 0.225 
0.996 -0.074 0.002 0.05 -0.771 0.0 -0.631 0.084 -0.948 -0.0 -0.165 -0.273 0.975 0.0 0.09 -0.206 0.616 0.0 0.423 -0.664 -0.696 -0.0 -0.709 -0.111 -0.961 -0.0 0.004 0.276 0.731 0.0 -0.682 -0.036 0.974 -0.0 -0.01 0.226 
0.996 -0.074 0.002 0.05 -0.771 -0.0 -0.631 0.084 -0.948 -0.0 -0.165 -0.273 0.975 0.0 0.091 -0.205 0.616 0.0 0.415 -0.669 -0.696 -0.0 -0.71 -0.111 -0.961 -0.0 0.004 0.276 0.731 0.0 -0.682 -0.036 0.974 0.0 -0.01 0.226 
0.996 -0.075 0.002 0.05 -0.771 -0.0 -0.631 0.084 -0.948 -0.0 -0.165 -0.273 0.974 0.0 0.094 -0.206 0.618 0.0 0.407 -0.672 -0.696 -0.0 -0.71 -0.11 -0.961 0.0 0.005 0.276 0.731 0.0 -0.682 -0.035 0.974 0.0 -0.01 0.226 
0.996 -0.075 0.002 0.05 -0.771 -0.0 -0.631 0.084 -0.948 -0.0 -0.165 -0.272 0.974 0.0 0.094 -0.205 0.618 0.0 0.401 -0.676 -0.696 -0.0 -0.71 -0.109 -0.961 -0.0 0.005 0.276 0.731 0.0 -0.682 -0.035 0.974 0.0 -0.01 0.226 
0.996 -0.075 0.002 0.05 -0.772 -0.0 -0.631 0.084 -0.948 -0.0 -0.166 -0.272 0.974 0.0 0.096 -0.206 0.619 0.0 0.395 -0.679 -0.696 -0.0 -0.71 -0.109 -0.961 -0.0 0.005 0.276 0.731 -0.0 -0.682 -0.034 0.974 0.0 -0.009 0.226 
0.996 -0.075 0.002 0.05 -0.772 -0.0 -0.631 0.084 -0.948 -0.0 -0.166 -0.272 0.974 0.0 0.096 -0.206 0.619 -0.0 0.391 -0.681 -0.696 -0.0 -0.71 -0.108 -0.961 0.0 0.005 0.276 0.731 -0.0 -0.682 -0.034 0.974 0.0 -0.01 0.226 
0.996 -0.076 0.002 0.05 -0.772 -0.0 -0.631 0.084 -0.948 -0.0 -0.166 -0.272 0.973 0.0 0.097 -0.207 0.619 0.0 0.388 -0.683 -0.696 -0.0 -0.71 -0.108 -0.961 -0.0 0.005 0.276 0.731 -0.0 -0.682 -0.033 0.974 0.0 -0.01 0.226 
0.996 -0.075 0.002 0.05 -0.772 -0.0 -0.631 0.084 -0.948 0.0 -0.166 -0.272 0.974 0.0 0.097 -0.206 0.617 0.0 0.388 -0.685 -0.696 -0.0 -0.71 -0.108 -0.961 -0.0 0.004 0.276 0.731 -0.0 -0.681 -0.034 0.974 0.0 -0.01 0.227 
0.996 -0.076 0.002 0.05 -0.772 0.0 -0.631 0.083 -0.948 -0.0 -0.166 -0.272 0.974 0.0 0.097 -0.206 0.615 0.0 0.387 -0.687 -0.696 -0.0 -0.71 -0.108 -0.961 0.0 0.004 0.276 0.731 -0.0 -0.681 -0.034 0.974 0.0 -0.01 0.227 
0.996 -0.076 0.002 0.05 -0.771 -0.0 -0.631 0.085 -0.947 -0.0 -0.166 -0.274 0.974 0.0 0.096 -0.205 0.613 0.0 0.387 -0.689 -0.696 0.0 -0.71 -0.108 -0.961 -0.0 0.004 0.277 0.731 0.0 -0.681 -0.033 0.974 0.0 -0.01 0.227 
0.996 -0.076 0.001 0.049 -0.772 -0.0 -0.63 0.083 -0.948 0.0 -0.166 -0.273 0.974 0.0 0.094 -0.204 0.611 -0.0 0.389 -0.689 -0.696 -0.0 -0.71 -0.108 -0.961 -0.0 0.004 0.277 0.731 0.0 -0.681 -0.033 0.974 0.0 -0.01 0.228 
0.996 -0.076 0.001 0.049 -0.772 -0.0 -0.63 0.083 -0.947 -0.0 -0.166 -0.273 0.975 0.0 0.093 -0.204 0.608 -0.0 0.393 -0.69 -0.696 -0.0 -0.71 -0.108 -0.961 -0.0 0.003 0.277 0.731 0.0 -0.681 -0.033 0.974 0.0 -0.01 0.228 
0.996 -0.076 0.001 0.049 -0.772 -0.0 -0.63 0.083 -0.947 0.0 -0.166 -0.274 0.975 0.0 0.091 -0.203 0.605 0.0 0.398 -0.69 -0.696 -0.0 -0.71 -0.107 -0.961 -0.0 0.003 0.277 0.731 -0.0 -0.681 -0.032 0.974 0.0 -0.01 0.228 
0.996 -0.076 0.001 0.049 -0.771 -0.0 -0.631 0.084 -0.947 -0.0 -0.165 -0.275 0.975 0.0 0.089 -0.204 0.602 0.0 0.404 -0.689 -0.696 -0.0 -0.71 -0.107 -0.961 0.0 0.003 0.277 0.731 0.0 -0.681 -0.032 0.974 0.0 -0.01 0.228 
0.996 -0.076 0.001 0.049 -0.772 -0.0 -0.63 0.083 -0.947 -0.0 -0.166 -0.274 0.975 0.0 0.086 -0.203 0.599 0.0 0.411 -0.688 -0.696 -0.0 -0.71 -0.107 -0.961 0.0 0.003 0.277 0.732 0.0 -0.681 -0.032 0.974 0.0 -0.01 0.228 
0.996 -0.077 0.001 0.048 -0.772 -0.0 -0.63 0.084 -0.947 -0.0 -0.166 -0.276 0.976 -0.0 0.083 -0.201 0.595 0.0 0.418 -0.687 -0.696 -0.0 -0.71 -0.107 -0.961 -0.0 0.004 0.277 0.731 0.0 -0.681 -0.03 0.974 -0.0 -0.009 0.228 
0.996 -0.077 0.001 0.047 -0.772 -0.0 -0.63 0.083 -0.947 -0.0 -0.167 -0.274 0.977 0.0 0.08 -0.199 0.589 0.0 0.427 -0.686 -0.696 -0.0 -0.71 -0.106 -0.961 -0.0 0.003 0.277 0.731 0.0 -0.681 -0.03 0.974 0.0 -0.009 0.228 
0.996 -0.077 0.002 0.046 -0.773 -0.0 -0.629 0.083 -0.947 -0.0 -0.167 -0.274 0.977 0.0 0.076 -0.198 0.586 0.0 0.437 -0.683 -0.696 -0.0 -0.71 -0.107 -0.961 -0.0 0.003 0.277 0.731 0.0 -0.682 -0.03 0.974 0.0 -0.009 0.228 
0.996 -0.077 0.001 0.047 -0.772 -0.0 -0.63 0.083 -0.947 -0.0 -0.166 -0.274 0.978 -0.0 0.073 -0.198 0.581 0.0 0.446 -0.68 -0.696 -0.0 -0.71 -0.106 -0.961 -0.0 0.004 0.277 0.731 0.0 -0.681 -0.029 0.974 0.0 -0.009 0.228 
0.996 -0.077 0.002 0.046 -0.773 -0.0 -0.629 0.082 -0.947 -0.0 -0.166 -0.274 0.978 0.0 0.069 -0.196 0.577 0.0 0.457 -0.677 -0.696 -0.0 -0.71 -0.107 -0.961 -0.0 0.003 0.277 0.731 -0.0 -0.682 -0.029 0.974 -0.0 -0.009 0.228 
0.996 -0.077 0.001 0.046 -0.773 -0.0 -0.63 0.082 -0.947 -0.0 -0.166 -0.273 0.979 0.0 0.066 -0.195 0.572 -0.0 0.467 -0.674 -0.696 -0.0 -0.71 -0.106 -0.961 0.0 0.004 0.277 0.731 -0.0 -0.681 -0.028 0.974 0.0 -0.008 0.228 
0.996 -0.077 0.001 0.046 -0.773 -0.0 -0.63 0.082 -0.948 -0.0 -0.166 -0.273 0.979 -0.0 0.063 -0.194 0.568 0.0 0.477 -0.671 -0.696 -0.0 -0.711 -0.105 -0.961 0.0 0.004 0.277 0.731 0.0 -0.682 -0.028 0.974 0.0 -0.008 0.228 
0.996 -0.077 0.002 0.045 -0.773 -0.0 -0.629 0.081 -0.948 -0.0 -0.166 -0.273 0.98 0.0 0.059 -0.192 0.562 0.0 0.489 -0.667 -0.696 -0.0 -0.71 -0.106 -0.961 -0.0 0.004 0.277 0.731 0.0 -0.682 -0.028 0.974 0.0 -0.008 0.228 
0.996 -0.077 0.001 0.046 -0.772 -0.0 -0.63 0.082 -0.948 -0.0 -0.165 -0.273 0.98 0.0 0.057 -0.193 0.558 0.0 0.5 -0.663 -0.695 -0.0 -0.711 -0.105 -0.961 -0.0 0.004 0.277 0.732 0.0 -0.681 -0.029 0.973 -0.0 -0.008 0.229 
0.996 -0.077 0.001 0.046 -0.773 0.0 -0.63 0.081 -0.948 -0.0 -0.164 -0.273 0.98 0.0 0.054 -0.191 0.552 0.0 0.511 -0.659 -0.695 0.0 -0.711 -0.105 -0.961 -0.0 0.004 0.277 0.732 0.0 -0.681 -0.029 0.973 0.0 -0.008 0.229 
0.996 -0.077 0.001 0.045 -0.773 -0.0 -0.63 0.081 -0.948 0.0 -0.163 -0.274 0.98 0.0 0.052 -0.19 0.549 0.0 0.524 -0.652 -0.695 -0.0 -0.711 -0.105 -0.961 -0.0 0.005 0.276 0.732 0.0 -0.681 -0.029 0.973 0.0 -0.008 0.229 
0.996 -0.077 0.001 0.045 -0.773 -0.0 -0.63 0.081 -0.948 -0.0 -0.163 -0.273 0.981 -0.0 0.048 -0.19 0.543 -0.0 0.533 -0.648 -0.695 -0.0 -0.711 -0.105 -0.961 -0.0 0.005 0.276 0.732 0.0 -0.681 -0.028 0.973 0.0 -0.008 0.229 
0.996 -0.077 0.001 0.044 -0.772 -0.0 -0.631 0.081 -0.948 -0.0 -0.161 -0.273 0.981 0.0 0.046 -0.187 0.538 -0.0 0.546 -0.642 -0.695 -0.0 -0.711 -0.106 -0.961 0.0 0.004 0.277 0.731 0.0 -0.681 -0.029 0.973 0.0 -0.008 0.229 
0.996 -0.077 0.001 0.044 -0.772 -0.0 -0.631 0.08 -0.949 -0.0 -0.161 -0.273 0.982 0.0 0.043 -0.186 0.533 0.0 0.557 -0.637 -0.695 -0.0 -0.711 -0.106 -0.961 -0.0 0.004 0.277 0.731 0.0 -0.681 -0.028 0.973 0.0 -0.008 0.229 
0.996 -0.077 0.001 0.044 -0.773 -0.0 -0.629 0.08 -0.948 -0.0 -0.163 -0.273 0.982 0.0 0.041 -0.184 0.527 -0.0 0.567 -0.632 -0.695 0.0 -0.711 -0.106 -0.961 -0.0 0.005 0.276 0.731 0.0 -0.681 -0.028 0.973 0.0 -0.008 0.23 
0.996 -0.077 0.001 0.044 -0.772 -0.0 -0.631 0.08 -0.949 -0.0 -0.16 -0.273 0.982 0.0 0.039 -0.184 0.523 0.0 0.578 -0.626 -0.695 -0.0 -0.711 -0.106 -0.961 -0.0 0.006 0.276 0.732 -0.0 -0.681 -0.028 0.973 0.0 -0.008 0.23 
0.996 -0.077 0.001 0.043 -0.773 -0.0 -0.629 0.08 -0.948 -0.0 -0.163 -0.273 0.982 0.0 0.037 -0.183 0.517 0.0 0.59 -0.62 -0.695 -0.0 -0.711 -0.105 -0.961 -0.0 0.006 0.276 0.731 0.0 -0.681 -0.028 0.973 0.0 -0.007 0.23 
0.996 -0.077 0.001 0.043 -0.772 -0.0 -0.631 0.08 -0.949 -0.0 -0.161 -0.273 0.983 0.0 0.035 -0.182 0.512 0.0 0.601 -0.614 -0.695 0.0 -0.711 -0.105 -0.961 -0.0 0.005 0.276 0.732 0.0 -0.681 -0.027 0.973 0.0 -0.007 0.23 
0.996 -0.077 0.001 0.043 -0.774 -0.0 -0.628 0.081 -0.948 -0.0 -0.164 -0.273 0.983 0.0 0.033 -0.18 0.507 0.0 0.611 -0.608 -0.695 -0.0 -0.712 -0.105 -0.961 0.0 0.006 0.276 0.732 0.0 -0.681 -0.027 0.973 0.0 -0.007 0.229 
0.996 -0.077 0.001 0.042 -0.774 -0.0 -0.628 0.081 -0.948 -0.0 -0.165 -0.273 0.984 0.0 0.03 -0.177 0.5 0.0 0.622 -0.602 -0.695 -0.0 -0.712 -0.105 -0.961 -0.0 0.006 0.276 0.731 0.0 -0.682 -0.025 0.973 0.0 -0.006 0.229 
0.996 -0.077 0.001 0.041 -0.774 -0.0 -0.628 0.081 -0.948 -0.0 -0.165 -0.272 0.984 0.0 0.029 -0.175 0.495 0.0 0.632 -0.596 -0.695 -0.0 -0.712 -0.105 -0.961 0.0 0.006 0.276 0.731 0.0 -0.682 -0.026 0.973 0.0 -0.006 0.229 
0.996 -0.077 0.001 0.041 -0.774 0.0 -0.628 0.08 -0.948 -0.0 -0.165 -0.272 0.984 0.0 0.027 -0.175 0.49 0.0 0.643 -0.589 -0.695 -0.0 -0.712 -0.106 -0.961 -0.0 0.006 0.276 0.731 -0.0 -0.682 -0.026 0.973 0.0 -0.006 0.229 
0.996 -0.077 0.001 0.041 -0.774 -0.0 -0.628 0.08 -0.948 -0.0 -0.165 -0.272 0.985 0.0 0.026 -0.173 0.485 0.0 0.653 -0.582 -0.695 -0.0 -0.712 -0.106 -0.961 -0.0 0.006 0.275 0.731 0.0 -0.682 -0.025 0.973 0.0 -0.006 0.229 
0.996 -0.077 0.001 0.041 -0.774 -0.0 -0.628 0.08 -0.948 0.0 -0.165 -0.272 0.985 0.0 0.024 -0.172 0.48 0.0 0.663 -0.574 -0.695 -0.0 -0.712 -0.106 -0.961 -0.0 0.006 0.276 0.731 0.0 -0.682 -0.026 0.973 -0.0 -0.006 0.229 
0.996 -0.077 0.001 0.04 -0.774 -0.0 -0.628 0.08 -0.948 -0.0 -0.165 -0.273 0.985 0.0 0.022 -0.17 0.474 -0.0 0.673 -0.568 -0.694 -0.0 -0.712 -0.106 -0.961 -0.0 0.006 0.276 0.731 -0.0 -0.682 -0.026 0.973 0.0 -0.006 0.229 
0.996 -0.077 0.001 0.04 -0.775 -0.0 -0.627 0.08 -0.948 -0.0 -0.165 -0.272 0.985 0.0 0.021 -0.169 0.469 0.0 0.683 -0.56 -0.695 -0.0 -0.712 -0.106 -0.961 -0.0 0.006 0.276 0.731 0.0 -0.682 -0.025 0.973 0.0 -0.006 0.229 
0.996 -0.076 0.001 0.04 -0.775 -0.0 -0.627 0.08 -0.948 -0.0 -0.165 -0.272 0.986 0.0 0.019 -0.167 0.463 0.0 0.693 -0.553 -0.694 -0.0 -0.712 -0.107 -0.961 -0.0 0.006 0.276 0.731 0.0 -0.682 -0.026 0.973 0.0 -0.006 0.229 
0.996 -0.076 0.001 0.039 -0.775 -0.0 -0.627 0.08 -0.948 -0.0 -0.165 -0.273 0.986 0.0 0.017 -0.167 0.458 0.0 0.702 -0.546 -0.694 -0.0 -0.712 -0.107 -0.961 -0.0 0.006 0.275 0.731 0.0 -0.682 -0.026 0.973 0.0 -0.006 0.229 
0.996 -0.076 0.001 0.039 -0.774 -0.0 -0.628 0.081 -0.948 0.0 -0.164 -0.274 0.986 0.0 0.016 -0.166 0.453 0.0 0.712 -0.537 -0.694 -0.0 -0.712 -0.107 -0.961 -0.0 0.006 0.275 0.731 0.0 -0.682 -0.025 0.973 0.0 -0.006 0.229 
0.996 -0.076 0.001 0.039 -0.775 -0.0 -0.627 0.08 -0.948 -0.0 -0.164 -0.272 0.986 -0.0 0.014 -0.165 0.446 0.0 0.72 -0.531 -0.694 -0.0 -0.712 -0.107 -0.961 0.0 0.006 0.275 0.731 0.0 -0.682 -0.025 0.973 0.0 -0.006 0.229 
0.996 -0.076 0.0 0.039 -0.774 -0.0 -0.628 0.081 -0.948 0.0 -0.163 -0.274 0.986 0.0 0.013 -0.165 0.441 0.0 0.73 -0.523 -0.694 -0.0 -0.712 -0.107 -0.961 -0.0 0.006 0.275 0.731 -0.0 -0.682 -0.027 0.973 0.0 -0.007 0.23 
0.996 -0.076 0.0 0.038 -0.775 -0.0 -0.627 0.08 -0.948 -0.0 -0.164 -0.272 0.987 0.0 0.011 -0.163 0.436 -0.0 0.739 -0.514 -0.694 -0.0 -0.712 -0.107 -0.961 -0.0 0.006 0.275 0.731 0.0 -0.682 -0.026 0.973 0.0 -0.006 0.229 
0.996 -0.076 0.0 0.038 -0.775 -0.0 -0.627 0.079 -0.948 -0.0 -0.164 -0.272 0.987 0.0 0.009 -0.163 0.43 0.0 0.747 -0.506 -0.694 -0.0 -0.712 -0.107 -0.961 -0.0 0.007 0.275 0.731 0.0 -0.682 -0.025 0.973 0.0 -0.006 0.229 
0.996 -0.076 0.0 0.039 -0.774 -0.0 -0.628 0.08 -0.948 -0.0 -0.163 -0.273 0.987 0.0 0.008 -0.163 0.425 0.0 0.755 -0.499 -0.694 -0.0 -0.712 -0.108 -0.961 -0.0 0.006 0.275 0.731 0.0 -0.682 -0.027 0.973 0.0 -0.006 0.23 
0.996 -0.076 0.0 0.038 -0.775 -0.0 -0.627 0.08 -0.948 -0.0 -0.164 -0.273 0.987 0.0 0.006 -0.16 0.419 0.0 0.765 -0.489 -0.694 0.0 -0.712 -0.107 -0.962 -0.0 0.007 0.275 0.731 0.0 -0.682 -0.026 0.973 0.0 -0.006 0.229 
0.996 -0.075 0.0 0.039 -0.774 -0.0 -0.628 0.08 -0.948 -0.0 -0.163 -0.273 0.987 0.0 0.004 -0.16 0.414 0.0 0.773 -0.48 -0.694 0.0 -0.712 -0.108 -0.962 -0.0 0.006 0.275 0.731 0.0 -0.682 -0.027 0.973 0.0 -0.007 0.23 
0.996 -0.075 0.0 0.039 -0.774 -0.0 -0.628 0.081 -0.948 -0.0 -0.163 -0.273 0.987 0.0 0.003 -0.162 0.409 0.0 0.782 -0.471 -0.694 -0.0 -0.712 -0.108 -0.962 -0.0 0.007 0.275 0.731 0.0 -0.682 -0.027 0.973 0.0 -0.007 0.23 
0.996 -0.075 0.0 0.038 -0.774 0.0 -0.628 0.081 -0.948 -0.0 -0.163 -0.273 0.987 0.0 0.001 -0.162 0.404 0.0 0.79 -0.461 -0.694 0.0 -0.712 -0.109 -0.962 -0.0 0.007 0.275 0.731 0.0 -0.682 -0.028 0.973 0.0 -0.007 0.23 
0.996 -0.075 0.0 0.038 -0.774 -0.0 -0.628 0.081 -0.948 0.0 -0.163 -0.273 0.987 0.0 -0.0 -0.162 0.4 0.0 0.799 -0.45 -0.694 -0.0 -0.712 -0.109 -0.962 -0.0 0.007 0.274 0.731 0.0 -0.681 -0.028 0.973 0.0 -0.007 0.23 
0.996 -0.075 0.0 0.037 -0.774 -0.0 -0.628 0.081 -0.948 -0.0 -0.163 -0.272 0.987 0.0 -0.002 -0.16 0.395 0.0 0.806 -0.44 -0.694 -0.0 -0.712 -0.108 -0.962 -0.0 0.007 0.275 0.731 -0.0 -0.682 -0.026 0.973 0.0 -0.007 0.229 
0.996 -0.075 0.0 0.038 -0.773 -0.0 -0.629 0.082 -0.948 -0.0 -0.162 -0.274 0.987 0.0 -0.004 -0.161 0.39 -0.0 0.813 -0.432 -0.694 -0.0 -0.712 -0.109 -0.962 -0.0 0.006 0.275 0.731 0.0 -0.681 -0.028 0.973 0.0 -0.007 0.23 
0.996 -0.075 0.0 0.038 -0.773 0.0 -0.629 0.081 -0.948 -0.0 -0.163 -0.272 0.987 0.0 -0.005 -0.161 0.385 0.0 0.821 -0.421 -0.694 -0.0 -0.711 -0.11 -0.961 -0.0 0.006 0.275 0.731 0.0 -0.681 -0.029 0.973 0.0 -0.008 0.23 
0.996 -0.074 0.0 0.038 -0.773 -0.0 -0.629 0.08 -0.949 -0.0 -0.162 -0.272 0.987 0.0 -0.007 -0.16 0.38 0.0 0.828 -0.412 -0.694 -0.0 -0.711 -0.11 -0.962 -0.0 0.006 0.275 0.731 0.0 -0.681 -0.029 0.973 0.0 -0.008 0.23 
0.997 -0.074 0.0 0.038 -0.773 -0.0 -0.629 0.08 -0.949 0.0 -0.163 -0.272 0.987 0.0 -0.008 -0.16 0.375 0.0 0.835 -0.403 -0.694 -0.0 -0.711 -0.11 -0.962 -0.0 0.006 0.275 0.731 0.0 -0.681 -0.029 0.973 0.0 -0.008 0.23 
0.997 -0.074 0.0 0.038 -0.773 0.0 -0.63 0.081 -0.949 0.0 -0.163 -0.272 0.987 0.0 -0.009 -0.16 0.369 -0.0 0.841 -0.395 -0.694 -0.0 -0.711 -0.111 -0.961 -0.0 0.006 0.275 0.731 0.0 -0.681 -0.03 0.973 0.0 -0.009 0.23 
0.997 -0.074 0.0 0.038 -0.773 -0.0 -0.63 0.081 -0.948 -0.0 -0.163 -0.272 0.987 0.0 -0.01 -0.159 0.364 -0.0 0.847 -0.387 -0.694 0.0 -0.711 -0.111 -0.961 -0.0 0.006 0.275 0.731 0.0 -0.681 -0.03 0.973 -0.0 -0.009 0.231 
0.997 -0.074 0.0 0.038 -0.772 -0.0 -0.63 0.081 -0.949 -0.0 -0.164 -0.271 0.987 -0.0 -0.01 -0.159 0.359 -0.0 0.853 -0.379 -0.694 0.0 -0.711 -0.112 -0.961 -0.0 0.006 0.275 0.731 0.0 -0.681 -0.031 0.973 0.0 -0.009 0.231 
0.997 -0.074 -0.0 0.039 -0.771 -0.0 -0.631 0.083 -0.948 -0.0 -0.163 -0.273 0.987 -0.0 -0.01 -0.159 0.354 0.0 0.858 -0.373 -0.694 -0.0 -0.711 -0.111 -0.962 -0.0 0.006 0.274 0.732 0.0 -0.681 -0.031 0.973 0.0 -0.009 0.231 
0.997 -0.073 -0.001 0.039 -0.771 -0.0 -0.631 0.083 -0.948 -0.0 -0.164 -0.272 0.987 0.0 -0.011 -0.159 0.349 0.0 0.863 -0.365 -0.694 -0.0 -0.711 -0.111 -0.962 -0.0 0.006 0.274 0.732 0.0 -0.681 -0.031 0.973 0.0 -0.009 0.231 
0.997 -0.073 -0.001 0.039 -0.771 0.0 -0.632 0.083 -0.948 -0.0 -0.165 -0.272 0.987 -0.0 -0.011 -0.158 0.344 0.0 0.868 -0.358 -0.694 -0.0 -0.711 -0.111 -0.962 -0.0 0.005 0.274 0.732 0.0 -0.681 -0.032 0.973 -0.0 -0.01 0.231 
0.997 -0.073 -0.001 0.039 -0.771 -0.0 -0.631 0.083 -0.948 0.0 -0.166 -0.271 0.987 -0.0 -0.012 -0.158 0.338 0.0 0.873 -0.351 -0.694 -0.0 -0.711 -0.112 -0.962 -0.0 0.005 0.274 0.732 0.0 -0.681 -0.032 0.973 -0.0 -0.01 0.231 
0.997 -0.073 -0.001 0.039 -0.771 -0.0 -0.632 0.083 -0.948 -0.0 -0.166 -0.27 0.987 0.0 -0.012 -0.157 0.333 0.0 0.878 -0.344 -0.694 -0.0 -0.711 -0.113 -0.962 -0.0 0.005 0.274 0.732 0.0 -0.681 -0.032 0.973 0.0 -0.01 0.231 
0.997 -0.072 -0.001 0.039 -0.771 -0.0 -0.632 0.082 -0.948 -0.0 -0.166 -0.27 0.987 -0.0 -0.013 -0.157 0.327 0.0 0.882 -0.338 -0.694 -0.0 -0.711 -0.113 -0.962 -0.0 0.005 0.274 0.732 0.0 -0.681 -0.033 0.973 -0.0 -0.01 0.231 
0.997 -0.072 -0.001 0.039 -0.77 -0.0 -0.632 0.082 -0.948 -0.0 -0.167 -0.27 0.988 0.0 -0.014 -0.157 0.321 0.0 0.887 -0.332 -0.694 -0.0 -0.711 -0.113 -0.962 -0.0 0.005 0.274 0.732 0.0 -0.681 -0.033 0.973 -0.0 -0.01 0.231 
0.997 -0.072 -0.0 0.039 -0.77 -0.0 -0.632 0.083 -0.948 0.0 -0.167 -0.27 0.988 -0.0 -0.014 -0.157 0.316 0.0 0.891 -0.327 -0.695 -0.0 -0.711 -0.113 -0.962 0.0 0.005 0.274 0.731 0.0 -0.681 -0.033 0.973 -0.0 -0.01 0.23 
0.997 -0.071 -0.0 0.039 -0.77 -0.0 -0.633 0.083 -0.948 0.0 -0.167 -0.272 0.988 0.0 -0.015 -0.156 0.309 0.0 0.895 -0.32 -0.695 -0.0 -0.71 -0.114 -0.962 -0.0 0.005 0.274 0.731 0.0 -0.681 -0.034 0.973 0.0 -0.011 0.23 
0.997 -0.071 -0.0 0.039 -0.77 0.0 -0.632 0.083 -0.948 -0.0 -0.169 -0.27 0.988 0.0 -0.015 -0.156 0.305 0.0 0.899 -0.315 -0.695 -0.0 -0.71 -0.114 -0.962 0.0 0.005 0.274 0.731 0.0 -0.681 -0.034 0.973 0.0 -0.011 0.23 
0.997 -0.071 -0.0 0.039 -0.77 -0.0 -0.633 0.084 -0.947 -0.0 -0.168 -0.272 0.987 0.0 -0.016 -0.157 0.3 0.0 0.902 -0.311 -0.695 -0.0 -0.71 -0.115 -0.962 -0.0 0.005 0.274 0.731 0.0 -0.681 -0.035 0.973 0.0 -0.011 0.23 
0.997 -0.071 -0.0 0.04 -0.769 -0.0 -0.633 0.085 -0.947 -0.0 -0.168 -0.272 0.988 0.0 -0.017 -0.156 0.295 0.0 0.905 -0.307 -0.695 -0.0 -0.71 -0.115 -0.962 -0.0 0.005 0.274 0.731 0.0 -0.681 -0.035 0.973 0.0 -0.011 0.23 
0.997 -0.071 -0.0 0.04 -0.769 0.0 -0.633 0.084 -0.947 -0.0 -0.168 -0.272 0.988 0.0 -0.017 -0.157 0.291 0.0 0.907 -0.304 -0.695 -0.0 -0.71 -0.115 -0.962 -0.0 0.005 0.274 0.731 0.0 -0.681 -0.036 0.973 0.0 -0.011 0.23 
0.997 -0.07 0.001 0.039 -0.77 -0.0 -0.632 0.083 -0.948 -0.0 -0.17 -0.269 0.988 0.0 -0.018 -0.156 0.288 0.0 0.909 -0.3 -0.695 -0.0 -0.71 -0.116 -0.962 0.0 0.006 0.275 0.73 0.0 -0.682 -0.035 0.973 0.0 -0.011 0.229 
0.997 -0.07 0.001 0.04 -0.77 -0.0 -0.633 0.082 -0.948 -0.0 -0.17 -0.269 0.988 0.0 -0.018 -0.156 0.285 0.0 0.912 -0.297 -0.695 -0.0 -0.71 -0.116 -0.962 -0.0 0.006 0.275 0.73 0.0 -0.682 -0.035 0.973 0.0 -0.011 0.229 
0.997 -0.07 0.001 0.04 -0.77 -0.0 -0.633 0.082 -0.948 -0.0 -0.17 -0.269 0.987 0.0 -0.018 -0.158 0.283 0.0 0.912 -0.296 -0.695 0.0 -0.71 -0.116 -0.962 0.0 0.006 0.274 0.73 -0.0 -0.682 -0.035 0.973 -0.0 -0.011 0.229 
0.997 -0.07 0.002 0.04 -0.77 -0.0 -0.633 0.082 -0.948 -0.0 -0.17 -0.269 0.987 0.0 -0.019 -0.158 0.283 0.0 0.913 -0.294 -0.695 -0.0 -0.709 -0.117 -0.962 -0.0 0.006 0.275 0.73 -0.0 -0.683 -0.036 0.973 0.0 -0.011 0.228 
0.997 -0.069 0.002 0.041 -0.77 -0.0 -0.633 0.082 -0.948 0.0 -0.172 -0.268 0.987 0.0 -0.019 -0.159 0.284 0.0 0.913 -0.294 -0.695 -0.0 -0.709 -0.117 -0.961 -0.0 0.006 0.275 0.73 -0.0 -0.683 -0.037 0.974 0.0 -0.012 0.228 
0.997 -0.069 0.002 0.042 -0.77 -0.0 -0.633 0.082 -0.948 -0.0 -0.172 -0.269 0.987 -0.0 -0.019 -0.161 0.286 0.0 0.912 -0.295 -0.695 -0.0 -0.709 -0.117 -0.961 -0.0 0.006 0.275 0.73 0.0 -0.683 -0.037 0.974 0.0 -0.012 0.228 
0.997 -0.069 0.001 0.043 -0.769 -0.0 -0.634 0.082 -0.948 0.0 -0.172 -0.269 0.986 0.0 -0.019 -0.164 0.289 0.0 0.91 -0.297 -0.696 0.0 -0.709 -0.117 -0.961 -0.0 0.005 0.275 0.73 -0.0 -0.682 -0.039 0.973 0.0 -0.012 0.229 
0.997 -0.069 0.002 0.044 -0.769 -0.0 -0.634 0.082 -0.948 -0.0 -0.172 -0.269 0.986 0.0 -0.018 -0.164 0.292 0.0 0.908 -0.299 -0.696 -0.0 -0.709 -0.117 -0.961 0.0 0.005 0.275 0.73 -0.0 -0.682 -0.039 0.973 0.0 -0.012 0.229 
0.997 -0.069 0.002 0.044 -0.769 -0.0 -0.634 0.082 -0.948 -0.0 -0.171 -0.269 0.986 -0.0 -0.018 -0.166 0.297 0.0 0.905 -0.305 -0.696 0.0 -0.709 -0.117 -0.961 0.0 0.005 0.275 0.73 0.0 -0.682 -0.04 0.974 0.0 -0.012 0.228 
0.997 -0.068 0.002 0.045 -0.769 -0.0 -0.634 0.081 -0.948 -0.0 -0.171 -0.268 0.986 0.0 -0.018 -0.167 0.303 0.0 0.901 -0.31 -0.696 -0.0 -0.709 -0.117 -0.961 -0.0 0.004 0.275 0.73 0.0 -0.682 -0.04 0.974 0.0 -0.012 0.228 
0.997 -0.068 0.002 0.046 -0.769 -0.0 -0.634 0.081 -0.948 -0.0 -0.171 -0.268 0.985 0.0 -0.018 -0.169 0.309 0.0 0.896 -0.317 -0.696 -0.0 -0.709 -0.117 -0.961 -0.0 0.004 0.276 0.73 0.0 -0.682 -0.04 0.974 0.0 -0.012 0.228 
0.997 -0.068 0.002 0.047 -0.769 -0.0 -0.635 0.081 -0.948 -0.0 -0.171 -0.269 0.985 0.0 -0.017 -0.17 0.316 0.0 0.891 -0.325 -0.696 -0.0 -0.708 -0.117 -0.961 0.0 0.003 0.276 0.73 -0.0 -0.682 -0.04 0.974 -0.0 -0.012 0.228 
0.997 -0.068 0.002 0.047 -0.768 -0.0 -0.635 0.081 -0.948 -0.0 -0.171 -0.269 0.985 0.0 -0.016 -0.169 0.323 0.0 0.885 -0.335 -0.696 0.0 -0.708 -0.117 -0.961 -0.0 0.003 0.276 0.73 0.0 -0.682 -0.041 0.974 0.0 -0.012 0.228 
0.997 -0.068 0.002 0.048 -0.768 -0.0 -0.635 0.08 -0.948 -0.0 -0.171 -0.269 0.985 0.0 -0.015 -0.172 0.332 -0.0 0.879 -0.343 -0.696 -0.0 -0.708 -0.117 -0.961 -0.0 0.003 0.276 0.73 0.0 -0.682 -0.041 0.974 0.0 -0.012 0.228 
0.996 -0.069 0.002 0.048 -0.768 0.0 -0.635 0.08 -0.948 -0.0 -0.171 -0.269 0.985 0.0 -0.014 -0.171 0.339 0.0 0.871 -0.354 -0.696 -0.0 -0.708 -0.116 -0.961 0.0 0.004 0.276 0.73 0.0 -0.683 -0.04 0.974 0.0 -0.012 0.227 
0.996 -0.069 0.002 0.049 -0.768 -0.0 -0.635 0.08 -0.948 -0.0 -0.171 -0.269 0.985 0.0 -0.013 -0.173 0.349 0.0 0.863 -0.365 -0.696 -0.0 -0.708 -0.116 -0.961 -0.0 0.003 0.277 0.73 0.0 -0.683 -0.04 0.974 0.0 -0.012 0.227 
0.996 -0.069 0.002 0.05 -0.768 -0.0 -0.635 0.08 -0.948 0.0 -0.171 -0.269 0.985 0.0 -0.011 -0.174 0.358 0.0 0.855 -0.375 -0.696 -0.0 -0.708 -0.116 -0.961 -0.0 0.003 0.277 0.73 0.0 -0.683 -0.04 0.974 0.0 -0.012 0.227 
0.996 -0.069 0.002 0.05 -0.768 -0.0 -0.636 0.08 -0.948 -0.0 -0.17 -0.27 0.985 0.0 -0.009 -0.175 0.368 0.0 0.846 -0.387 -0.696 -0.0 -0.708 -0.116 -0.961 -0.0 0.003 0.277 0.73 0.0 -0.683 -0.04 0.974 0.0 -0.012 0.227 
0.996 -0.069 0.002 0.051 -0.768 -0.0 -0.636 0.08 -0.948 -0.0 -0.17 -0.27 0.985 0.0 -0.007 -0.175 0.377 0.0 0.836 -0.399 -0.696 -0.0 -0.708 -0.115 -0.961 -0.0 0.003 0.277 0.73 0.0 -0.682 -0.04 0.974 0.0 -0.012 0.227 
0.996 -0.069 0.002 0.052 -0.767 0.0 -0.636 0.08 -0.948 -0.0 -0.17 -0.271 0.984 0.0 -0.004 -0.176 0.388 0.0 0.826 -0.41 -0.697 0.0 -0.708 -0.115 -0.961 -0.0 0.002 0.277 0.73 0.0 -0.682 -0.04 0.974 0.0 -0.012 0.227 
0.996 -0.069 0.002 0.053 -0.767 0.0 -0.637 0.08 -0.948 0.0 -0.169 -0.271 0.984 0.0 -0.001 -0.177 0.398 0.0 0.815 -0.421 -0.697 -0.0 -0.708 -0.115 -0.961 -0.0 0.001 0.278 0.73 0.0 -0.682 -0.042 0.974 0.0 -0.012 0.227 
0.996 -0.069 0.002 0.053 -0.767 -0.0 -0.637 0.08 -0.948 -0.0 -0.169 -0.271 0.984 0.0 0.002 -0.177 0.408 0.0 0.804 -0.432 -0.697 -0.0 -0.708 -0.115 -0.961 0.0 0.002 0.277 0.73 0.0 -0.682 -0.042 0.974 0.0 -0.012 0.228 
0.996 -0.069 0.002 0.054 -0.767 -0.0 -0.637 0.08 -0.947 -0.0 -0.169 -0.272 0.984 -0.0 0.004 -0.179 0.418 -0.0 0.793 -0.444 -0.697 -0.0 -0.708 -0.115 -0.961 -0.0 0.001 0.278 0.73 0.0 -0.682 -0.042 0.974 0.0 -0.012 0.228 
0.996 -0.07 0.002 0.054 -0.767 -0.0 -0.637 0.08 -0.947 -0.0 -0.169 -0.272 0.984 0.0 0.007 -0.179 0.428 0.0 0.78 -0.455 -0.697 -0.0 -0.708 -0.114 -0.961 -0.0 0.0 0.278 0.73 0.0 -0.682 -0.042 0.974 0.0 -0.012 0.228 
0.996 -0.07 0.002 0.055 -0.767 -0.0 -0.637 0.08 -0.947 -0.0 -0.169 -0.272 0.984 0.0 0.011 -0.18 0.439 0.0 0.768 -0.467 -0.697 0.0 -0.708 -0.114 -0.96 -0.0 0.0 0.278 0.73 0.0 -0.682 -0.042 0.974 0.0 -0.013 0.228 
0.996 -0.07 0.002 0.055 -0.766 -0.0 -0.637 0.08 -0.947 -0.0 -0.168 -0.273 0.984 0.0 0.014 -0.18 0.45 0.0 0.754 -0.479 -0.697 -0.0 -0.708 -0.114 -0.96 -0.0 -0.0 0.279 0.73 0.0 -0.682 -0.042 0.974 -0.0 -0.013 0.228 
0.996 -0.07 0.002 0.055 -0.766 -0.0 -0.637 0.08 -0.947 -0.0 -0.168 -0.273 0.983 0.0 0.018 -0.18 0.459 -0.0 0.741 -0.49 -0.697 -0.0 -0.708 -0.114 -0.96 -0.0 -0.0 0.279 0.73 0.0 -0.682 -0.042 0.974 0.0 -0.013 0.228 
0.996 -0.07 0.002 0.055 -0.766 -0.0 -0.638 0.08 -0.947 -0.0 -0.168 -0.273 0.984 0.0 0.021 -0.18 0.469 -0.0 0.727 -0.501 -0.697 -0.0 -0.708 -0.114 -0.96 -0.0 -0.001 0.279 0.73 0.0 -0.682 -0.042 0.974 -0.0 -0.013 0.228 
0.996 -0.07 0.002 0.056 -0.766 0.0 -0.638 0.08 -0.947 -0.0 -0.168 -0.273 0.983 0.0 0.025 -0.18 0.478 0.0 0.714 -0.512 -0.697 -0.0 -0.708 -0.113 -0.96 -0.0 -0.001 0.279 0.73 0.0 -0.682 -0.042 0.973 -0.0 -0.013 0.228 
0.996 -0.07 0.002 0.056 -0.766 -0.0 -0.638 0.08 -0.947 -0.0 -0.168 -0.273 0.983 0.0 0.029 -0.181 0.489 0.0 0.7 -0.52 -0.697 -0.0 -0.708 -0.113 -0.96 0.0 -0.001 0.279 0.731 0.0 -0.682 -0.042 0.974 -0.0 -0.013 0.228 
0.996 -0.07 0.002 0.056 -0.766 -0.0 -0.638 0.08 -0.947 -0.0 -0.168 -0.273 0.983 0.0 0.033 -0.183 0.498 -0.0 0.687 -0.529 -0.697 -0.0 -0.708 -0.113 -0.96 -0.0 -0.0 0.278 0.731 0.0 -0.682 -0.042 0.973 0.0 -0.013 0.228 
0.996 -0.071 0.002 0.056 -0.766 -0.0 -0.638 0.08 -0.947 -0.0 -0.168 -0.273 0.982 -0.0 0.036 -0.183 0.507 0.0 0.673 -0.538 -0.697 -0.0 -0.708 -0.113 -0.961 -0.0 0.0 0.278 0.73 0.0 -0.682 -0.042 0.974 -0.0 -0.012 0.228 
0.996 -0.071 0.002 0.056 -0.766 -0.0 -0.638 0.08 -0.947 -0.0 -0.168 -0.274 0.982 0.0 0.04 -0.184 0.514 0.0 0.659 -0.549 -0.697 -0.0 -0.708 -0.113 -0.96 -0.0 -0.001 0.279 0.73 0.0 -0.682 -0.041 0.974 0.0 -0.012 0.228 
0.996 -0.071 0.002 0.056 -0.766 0.0 -0.638 0.08 -0.947 -0.0 -0.168 -0.273 0.982 0.0 0.044 -0.184 0.522 0.0 0.647 -0.556 -0.697 -0.0 -0.708 -0.113 -0.96 -0.0 -0.001 0.279 0.73 -0.0 -0.682 -0.042 0.973 0.0 -0.012 0.229 
0.996 -0.071 0.002 0.055 -0.765 -0.0 -0.638 0.08 -0.947 0.0 -0.168 -0.273 0.982 0.0 0.048 -0.185 0.529 0.0 0.633 -0.564 -0.697 -0.0 -0.708 -0.113 -0.96 0.0 -0.001 0.279 0.73 0.0 -0.682 -0.041 0.974 0.0 -0.012 0.228 
0.996 -0.071 0.002 0.055 -0.765 -0.0 -0.639 0.08 -0.947 -0.0 -0.169 -0.272 0.982 0.0 0.051 -0.184 0.536 0.0 0.621 -0.572 -0.697 -0.0 -0.708 -0.113 -0.96 -0.0 -0.001 0.279 0.73 0.0 -0.682 -0.041 0.974 0.0 -0.012 0.228 
0.996 -0.071 0.002 0.055 -0.765 -0.0 -0.639 0.08 -0.947 -0.0 -0.169 -0.272 0.981 -0.0 0.055 -0.185 0.544 0.0 0.609 -0.578 -0.697 -0.0 -0.708 -0.113 -0.96 -0.0 -0.001 0.279 0.73 0.0 -0.682 -0.041 0.974 0.0 -0.012 0.228 
0.996 -0.071 0.002 0.055 -0.765 0.0 -0.639 0.08 -0.947 0.0 -0.168 -0.272 0.981 0.0 0.059 -0.185 0.55 0.0 0.597 -0.584 -0.697 -0.0 -0.708 -0.113 -0.96 -0.0 -0.001 0.279 0.73 -0.0 -0.682 -0.041 0.974 0.0 -0.012 0.228 
0.996 -0.071 0.002 0.054 -0.765 -0.0 -0.639 0.08 -0.947 -0.0 -0.168 -0.272 0.981 0.0 0.062 -0.185 0.556 0.0 0.585 -0.591 -0.697 -0.0 -0.708 -0.113 -0.96 -0.0 -0.0 0.279 0.73 0.0 -0.682 -0.041 0.974 0.0 -0.012 0.228 
0.996 -0.071 0.002 0.054 -0.765 -0.0 -0.639 0.079 -0.947 -0.0 -0.168 -0.272 0.981 0.0 0.066 -0.185 0.56 -0.0 0.574 -0.597 -0.697 -0.0 -0.708 -0.113 -0.96 -0.0 -0.001 0.278 0.73 0.0 -0.682 -0.041 0.973 0.0 -0.012 0.228 
0.996 -0.071 0.002 0.054 -0.765 -0.0 -0.639 0.079 -0.948 -0.0 -0.168 -0.272 0.981 0.0 0.069 -0.184 0.564 0.0 0.564 -0.603 -0.697 -0.0 -0.708 -0.113 -0.961 0.0 0.0 0.278 0.73 0.0 -0.682 -0.041 0.973 0.0 -0.012 0.229 
0.996 -0.071 0.002 0.053 -0.765 -0.0 -0.639 0.079 -0.948 -0.0 -0.168 -0.271 0.98 -0.0 0.073 -0.184 0.568 0.0 0.554 -0.609 -0.697 0.0 -0.708 -0.114 -0.96 0.0 -0.0 0.278 0.73 0.0 -0.682 -0.041 0.973 0.0 -0.012 0.229 
0.996 -0.071 0.002 0.053 -0.765 -0.0 -0.639 0.079 -0.948 0.0 -0.168 -0.271 0.98 0.0 0.076 -0.183 0.572 0.0 0.544 -0.614 -0.697 -0.0 -0.708 -0.114 -0.961 -0.0 -0.0 0.278 0.73 0.0 -0.682 -0.041 0.973 0.0 -0.012 0.229 
0.996 -0.07 0.002 0.052 -0.765 -0.0 -0.639 0.079 -0.948 -0.0 -0.168 -0.271 0.98 0.0 0.08 -0.183 0.575 0.0 0.534 -0.62 -0.697 -0.0 -0.708 -0.114 -0.961 0.0 -0.0 0.278 0.73 0.0 -0.682 -0.041 0.973 -0.0 -0.012 0.229 
0.996 -0.07 0.002 0.052 -0.765 -0.0 -0.64 0.079 -0.948 -0.0 -0.168 -0.271 0.979 -0.0 0.083 -0.184 0.579 0.0 0.524 -0.625 -0.697 0.0 -0.708 -0.115 -0.96 -0.0 -0.0 0.278 0.73 0.0 -0.682 -0.041 0.973 0.0 -0.013 0.229 
0.996 -0.07 0.002 0.051 -0.765 -0.0 -0.639 0.078 -0.948 0.0 -0.169 -0.271 0.979 0.0 0.086 -0.183 0.582 0.0 0.514 -0.63 -0.697 -0.0 -0.708 -0.115 -0.96 -0.0 -0.0 0.278 0.73 0.0 -0.682 -0.041 0.973 0.0 -0.013 0.229 
0.996 -0.07 0.002 0.051 -0.765 -0.0 -0.64 0.078 -0.948 -0.0 -0.169 -0.271 0.979 -0.0 0.089 -0.183 0.585 -0.0 0.506 -0.634 -0.697 -0.0 -0.708 -0.116 -0.96 -0.0 -0.0 0.279 0.73 0.0 -0.682 -0.041 0.973 0.0 -0.013 0.229 
0.996 -0.07 0.002 0.05 -0.765 0.0 -0.64 0.078 -0.948 -0.0 -0.169 -0.27 0.979 -0.0 0.092 -0.182 0.587 0.0 0.498 -0.638 -0.697 -0.0 -0.708 -0.116 -0.96 -0.0 -0.0 0.278 0.73 -0.0 -0.682 -0.041 0.973 0.0 -0.013 0.229 
0.996 -0.07 0.002 0.05 -0.765 0.0 -0.64 0.078 -0.948 -0.0 -0.169 -0.27 0.979 0.0 0.095 -0.181 0.589 0.0 0.492 -0.641 -0.697 -0.0 -0.708 -0.117 -0.96 -0.0 -0.0 0.278 0.73 0.0 -0.682 -0.042 0.973 -0.0 -0.013 0.229 
0.996 -0.07 0.002 0.049 -0.765 -0.0 -0.64 0.077 -0.948 -0.0 -0.169 -0.27 0.979 0.0 0.098 -0.18 0.589 0.0 0.486 -0.645 -0.697 -0.0 -0.707 -0.117 -0.961 -0.0 -0.0 0.278 0.73 0.0 -0.682 -0.042 0.973 0.0 -0.013 0.229 
0.996 -0.07 0.002 0.048 -0.764 -0.0 -0.64 0.079 -0.948 -0.0 -0.169 -0.271 0.979 0.0 0.098 -0.18 0.59 0.0 0.479 -0.651 -0.697 -0.0 -0.708 -0.117 -0.961 -0.0 0.001 0.278 0.73 0.0 -0.682 -0.04 0.973 0.0 -0.013 0.228 
0.996 -0.07 0.002 0.047 -0.765 -0.0 -0.64 0.078 -0.948 -0.0 -0.17 -0.27 0.979 -0.0 0.1 -0.179 0.591 0.0 0.474 -0.653 -0.697 -0.0 -0.707 -0.117 -0.961 -0.0 0.0 0.278 0.73 0.0 -0.682 -0.04 0.974 0.0 -0.013 0.228 
0.996 -0.07 0.002 0.047 -0.765 -0.0 -0.64 0.077 -0.948 -0.0 -0.17 -0.27 0.979 0.0 0.101 -0.177 0.589 -0.0 0.47 -0.658 -0.697 0.0 -0.707 -0.118 -0.961 -0.0 0.001 0.278 0.73 -0.0 -0.682 -0.04 0.973 0.0 -0.013 0.228 
0.996 -0.07 0.001 0.047 -0.764 -0.0 -0.64 0.077 -0.948 -0.0 -0.17 -0.27 0.979 0.0 0.102 -0.176 0.588 0.0 0.465 -0.662 -0.696 -0.0 -0.708 -0.117 -0.961 0.0 0.001 0.278 0.73 0.0 -0.682 -0.04 0.973 0.0 -0.013 0.228 
0.996 -0.07 0.001 0.046 -0.764 -0.0 -0.64 0.077 -0.948 -0.0 -0.17 -0.271 0.979 0.0 0.103 -0.174 0.587 0.0 0.463 -0.664 -0.696 -0.0 -0.708 -0.117 -0.961 -0.0 0.002 0.277 0.73 0.0 -0.682 -0.04 0.973 0.0 -0.014 0.228 
0.997 -0.07 0.001 0.046 -0.764 -0.0 -0.641 0.077 -0.948 -0.0 -0.17 -0.271 0.979 0.0 0.103 -0.173 0.586 -0.0 0.461 -0.667 -0.696 -0.0 -0.708 -0.117 -0.961 -0.0 0.002 0.277 0.73 0.0 -0.682 -0.04 0.973 0.0 -0.014 0.229 
0.997 -0.069 0.002 0.045 -0.764 -0.0 -0.64 0.076 -0.948 -0.0 -0.17 -0.271 0.98 0.0 0.102 -0.171 0.583 0.0 0.461 -0.669 -0.697 -0.0 -0.707 -0.119 -0.961 -0.0 0.001 0.277 0.73 0.0 -0.682 -0.041 0.973 0.0 -0.014 0.228 
0.997 -0.069 0.002 0.044 -0.764 -0.0 -0.641 0.077 -0.947 -0.0 -0.169 -0.272 0.98 0.0 0.102 -0.17 0.582 -0.0 0.461 -0.671 -0.697 -0.0 -0.707 -0.119 -0.961 -0.0 0.001 0.277 0.73 0.0 -0.682 -0.041 0.973 0.0 -0.014 0.229 
0.997 -0.069 0.002 0.044 -0.764 -0.0 -0.64 0.076 -0.948 0.0 -0.17 -0.271 0.98 0.0 0.102 -0.169 0.58 0.0 0.461 -0.671 -0.697 -0.0 -0.707 -0.12 -0.961 -0.0 0.001 0.277 0.73 0.0 -0.682 -0.041 0.973 0.0 -0.014 0.229 
0.997 -0.069 0.002 0.043 -0.764 -0.0 -0.641 0.076 -0.948 -0.0 -0.169 -0.271 0.981 -0.0 0.101 -0.168 0.578 0.0 0.463 -0.672 -0.697 -0.0 -0.707 -0.12 -0.961 -0.0 0.001 0.277 0.73 -0.0 -0.682 -0.041 0.973 0.0 -0.015 0.229 
0.997 -0.069 0.002 0.043 -0.764 -0.0 -0.641 0.076 -0.948 -0.0 -0.169 -0.271 0.981 0.0 0.1 -0.167 0.575 0.0 0.465 -0.673 -0.697 -0.0 -0.707 -0.121 -0.961 -0.0 0.001 0.277 0.73 0.0 -0.682 -0.041 0.973 0.0 -0.014 0.229 
0.997 -0.068 0.002 0.043 -0.764 -0.0 -0.641 0.076 -0.948 0.0 -0.168 -0.271 0.981 0.0 0.099 -0.166 0.572 0.0 0.469 -0.673 -0.697 -0.0 -0.707 -0.121 -0.961 -0.0 0.001 0.277 0.73 0.0 -0.682 -0.042 0.973 0.0 -0.015 0.229 
0.997 -0.068 0.002 0.043 -0.764 -0.0 -0.641 0.076 -0.948 -0.0 -0.169 -0.27 0.981 0.0 0.098 -0.165 0.569 -0.0 0.473 -0.672 -0.697 0.0 -0.707 -0.121 -0.961 -0.0 0.001 0.277 0.73 0.0 -0.682 -0.042 0.973 0.0 -0.015 0.229 
0.997 -0.068 0.002 0.042 -0.764 0.0 -0.641 0.076 -0.948 0.0 -0.169 -0.27 0.982 0.0 0.096 -0.164 0.566 0.0 0.478 -0.672 -0.697 -0.0 -0.707 -0.122 -0.961 -0.0 0.001 0.277 0.73 0.0 -0.682 -0.042 0.973 0.0 -0.015 0.229 
0.997 -0.068 0.002 0.042 -0.764 -0.0 -0.641 0.075 -0.948 -0.0 -0.169 -0.27 0.982 0.0 0.095 -0.163 0.563 0.0 0.483 -0.671 -0.696 -0.0 -0.707 -0.122 -0.961 -0.0 0.002 0.277 0.73 0.0 -0.682 -0.042 0.973 0.0 -0.015 0.229 
0.997 -0.068 0.002 0.042 -0.764 -0.0 -0.641 0.076 -0.948 -0.0 -0.169 -0.271 0.983 0.0 0.094 -0.161 0.558 0.0 0.489 -0.67 -0.696 -0.0 -0.707 -0.122 -0.961 -0.0 0.002 0.277 0.73 -0.0 -0.682 -0.042 0.973 0.0 -0.015 0.229 
0.997 -0.068 0.002 0.041 -0.764 -0.0 -0.641 0.076 -0.948 -0.0 -0.169 -0.271 0.983 0.0 0.092 -0.16 0.555 0.0 0.495 -0.669 -0.696 -0.0 -0.707 -0.123 -0.961 -0.0 0.002 0.277 0.73 -0.0 -0.682 -0.042 0.973 0.0 -0.016 0.229 
0.997 -0.068 0.002 0.041 -0.764 -0.0 -0.641 0.076 -0.948 -0.0 -0.169 -0.271 0.983 0.0 0.09 -0.159 0.552 0.0 0.502 -0.666 -0.696 -0.0 -0.707 -0.123 -0.961 0.0 0.002 0.277 0.73 -0.0 -0.682 -0.042 0.973 -0.0 -0.016 0.229 
0.997 -0.068 0.002 0.041 -0.764 -0.0 -0.641 0.076 -0.948 0.0 -0.169 -0.271 0.983 0.0 0.09 -0.158 0.549 0.0 0.51 -0.662 -0.696 -0.0 -0.707 -0.123 -0.961 -0.0 0.002 0.277 0.73 0.0 -0.682 -0.042 0.973 0.0 -0.016 0.229 
0.997 -0.068 0.002 0.04 -0.764 -0.0 -0.641 0.076 -0.948 -0.0 -0.169 -0.27 0.983 -0.0 0.088 -0.159 0.547 0.0 0.517 -0.659 -0.696 -0.0 -0.707 -0.123 -0.961 -0.0 0.002 0.277 0.73 -0.0 -0.682 -0.042 0.973 0.0 -0.016 0.229 
0.997 -0.068 0.002 0.04 -0.764 -0.0 -0.64 0.077 -0.948 -0.0 -0.169 -0.271 0.984 0.0 0.085 -0.159 0.543 0.0 0.525 -0.655 -0.696 0.0 -0.707 -0.124 -0.961 -0.0 0.002 0.277 0.73 0.0 -0.682 -0.042 0.973 -0.0 -0.016 0.229 
0.997 -0.067 0.002 0.04 -0.764 -0.0 -0.64 0.077 -0.948 -0.0 -0.169 -0.27 0.984 0.0 0.083 -0.158 0.539 0.0 0.535 -0.651 -0.696 0.0 -0.707 -0.124 -0.961 0.0 0.002 0.277 0.73 0.0 -0.682 -0.043 0.973 -0.0 -0.016 0.229 
0.997 -0.067 0.002 0.04 -0.765 0.0 -0.64 0.077 -0.948 0.0 -0.169 -0.27 0.984 -0.0 0.08 -0.158 0.535 0.0 0.543 -0.647 -0.696 -0.0 -0.707 -0.124 -0.961 0.0 0.002 0.277 0.73 -0.0 -0.682 -0.043 0.973 0.0 -0.017 0.229 
0.997 -0.067 0.002 0.039 -0.765 -0.0 -0.64 0.077 -0.948 -0.0 -0.17 -0.27 0.985 0.0 0.078 -0.157 0.53 0.0 0.553 -0.642 -0.696 -0.0 -0.707 -0.124 -0.961 -0.0 0.003 0.277 0.73 0.0 -0.683 -0.041 0.973 0.0 -0.016 0.228 
0.997 -0.067 0.002 0.038 -0.765 -0.0 -0.639 0.077 -0.948 -0.0 -0.171 -0.27 0.985 0.0 0.075 -0.156 0.525 0.0 0.564 -0.637 -0.696 -0.0 -0.707 -0.124 -0.961 -0.0 0.003 0.277 0.73 0.0 -0.683 -0.041 0.973 0.0 -0.016 0.228 
0.997 -0.067 0.002 0.038 -0.765 0.0 -0.639 0.077 -0.948 -0.0 -0.17 -0.27 0.985 -0.0 0.073 -0.154 0.52 -0.0 0.574 -0.633 -0.696 -0.0 -0.707 -0.125 -0.961 -0.0 0.003 0.277 0.73 0.0 -0.683 -0.042 0.974 0.0 -0.016 0.228 
0.997 -0.067 0.002 0.038 -0.766 -0.0 -0.639 0.078 -0.948 0.0 -0.171 -0.269 0.986 0.0 0.07 -0.154 0.515 0.0 0.585 -0.627 -0.696 -0.0 -0.707 -0.125 -0.961 0.0 0.003 0.277 0.73 0.0 -0.683 -0.042 0.973 0.0 -0.017 0.228 
0.997 -0.067 0.002 0.038 -0.766 -0.0 -0.638 0.078 -0.948 -0.0 -0.171 -0.269 0.986 0.0 0.068 -0.154 0.51 0.0 0.597 -0.62 -0.696 -0.0 -0.707 -0.125 -0.961 -0.0 0.003 0.277 0.73 0.0 -0.683 -0.042 0.973 -0.0 -0.017 0.228 
0.997 -0.067 0.002 0.038 -0.766 -0.0 -0.638 0.078 -0.948 0.0 -0.17 -0.27 0.986 0.0 0.066 -0.154 0.506 0.0 0.608 -0.612 -0.696 -0.0 -0.707 -0.125 -0.961 -0.0 0.002 0.277 0.73 0.0 -0.683 -0.042 0.973 -0.0 -0.017 0.228 
0.997 -0.067 0.002 0.038 -0.766 -0.0 -0.638 0.078 -0.948 0.0 -0.171 -0.269 0.986 0.0 0.063 -0.154 0.5 -0.0 0.62 -0.605 -0.696 -0.0 -0.707 -0.125 -0.961 -0.0 0.002 0.277 0.73 0.0 -0.683 -0.042 0.973 0.0 -0.017 0.228 
0.997 -0.067 0.002 0.038 -0.766 -0.0 -0.638 0.078 -0.948 -0.0 -0.17 -0.27 0.986 0.0 0.061 -0.154 0.495 0.0 0.631 -0.598 -0.696 -0.0 -0.707 -0.125 -0.961 0.0 0.002 0.277 0.73 0.0 -0.683 -0.042 0.974 0.0 -0.017 0.228 
0.997 -0.066 0.002 0.039 -0.766 -0.0 -0.638 0.078 -0.948 -0.0 -0.17 -0.269 0.986 0.0 0.059 -0.154 0.488 -0.0 0.643 -0.59 -0.696 0.0 -0.707 -0.126 -0.961 -0.0 0.002 0.277 0.73 0.0 -0.682 -0.044 0.973 0.0 -0.017 0.229 
0.997 -0.066 0.002 0.039 -0.766 -0.0 -0.637 0.079 -0.948 -0.0 -0.17 -0.269 0.986 0.0 0.057 -0.154 0.485 0.0 0.654 -0.581 -0.696 0.0 -0.707 -0.126 -0.961 -0.0 0.002 0.277 0.73 0.0 -0.682 -0.044 0.973 -0.0 -0.017 0.229 
0.997 -0.066 0.002 0.039 -0.767 0.0 -0.637 0.078 -0.948 -0.0 -0.169 -0.27 0.987 0.0 0.054 -0.154 0.479 0.0 0.666 -0.572 -0.696 -0.0 -0.707 -0.126 -0.961 -0.0 0.002 0.277 0.73 0.0 -0.682 -0.044 0.973 0.0 -0.017 0.229 
0.997 -0.066 0.002 0.039 -0.767 0.0 -0.637 0.079 -0.948 -0.0 -0.169 -0.27 0.987 0.0 0.052 -0.154 0.474 0.0 0.677 -0.563 -0.696 -0.0 -0.707 -0.126 -0.961 -0.0 0.002 0.276 0.73 -0.0 -0.682 -0.044 0.973 0.0 -0.017 0.229 
0.997 -0.066 0.002 0.039 -0.767 -0.0 -0.637 0.079 -0.948 -0.0 -0.168 -0.27 0.987 0.0 0.05 -0.153 0.468 0.0 0.687 -0.555 -0.696 -0.0 -0.707 -0.126 -0.961 -0.0 0.002 0.277 0.73 0.0 -0.682 -0.044 0.973 0.0 -0.017 0.229 
0.997 -0.066 0.002 0.039 -0.766 -0.0 -0.637 0.08 -0.948 -0.0 -0.167 -0.271 0.987 0.0 0.048 -0.153 0.461 0.0 0.699 -0.547 -0.696 -0.0 -0.707 -0.126 -0.961 -0.0 0.002 0.277 0.73 0.0 -0.682 -0.044 0.973 0.0 -0.017 0.229 
0.997 -0.066 0.002 0.039 -0.766 -0.0 -0.637 0.08 -0.948 -0.0 -0.167 -0.271 0.987 0.0 0.045 -0.153 0.458 0.0 0.709 -0.537 -0.696 -0.0 -0.707 -0.126 -0.961 -0.0 0.001 0.276 0.73 0.0 -0.682 -0.044 0.973 0.0 -0.017 0.229 
0.997 -0.066 0.002 0.039 -0.767 -0.0 -0.637 0.079 -0.948 -0.0 -0.167 -0.269 0.987 0.0 0.043 -0.153 0.453 -0.0 0.719 -0.528 -0.696 -0.0 -0.707 -0.126 -0.961 0.0 0.001 0.277 0.73 -0.0 -0.682 -0.044 0.973 0.0 -0.017 0.229 
0.997 -0.066 0.002 0.04 -0.767 -0.0 -0.637 0.079 -0.948 -0.0 -0.167 -0.269 0.987 0.0 0.042 -0.154 0.448 -0.0 0.727 -0.52 -0.696 -0.0 -0.707 -0.126 -0.961 0.0 0.001 0.277 0.73 0.0 -0.682 -0.044 0.973 0.0 -0.017 0.229 
0.997 -0.066 0.002 0.04 -0.767 -0.0 -0.637 0.08 -0.948 -0.0 -0.165 -0.271 0.987 0.0 0.04 -0.154 0.442 0.0 0.737 -0.511 -0.696 -0.0 -0.707 -0.126 -0.961 -0.0 0.001 0.277 0.73 0.0 -0.682 -0.044 0.973 0.0 -0.017 0.229 
0.997 -0.066 0.002 0.04 -0.767 -0.0 -0.636 0.079 -0.949 -0.0 -0.166 -0.27 0.987 0.0 0.038 -0.154 0.437 -0.0 0.746 -0.503 -0.696 -0.0 -0.707 -0.126 -0.961 -0.0 0.001 0.277 0.73 0.0 -0.682 -0.044 0.973 0.0 -0.017 0.229 
0.997 -0.067 0.002 0.039 -0.768 -0.0 -0.636 0.078 -0.949 -0.0 -0.166 -0.269 0.988 0.0 0.037 -0.152 0.431 0.0 0.754 -0.495 -0.696 -0.0 -0.707 -0.125 -0.961 -0.0 0.002 0.277 0.73 0.0 -0.682 -0.043 0.973 0.0 -0.016 0.228 
0.997 -0.066 0.002 0.04 -0.767 -0.0 -0.637 0.08 -0.948 -0.0 -0.164 -0.272 0.988 0.0 0.035 -0.152 0.427 0.0 0.762 -0.486 -0.696 -0.0 -0.707 -0.126 -0.961 -0.0 0.001 0.277 0.73 -0.0 -0.682 -0.044 0.973 0.0 -0.017 0.229 
0.997 -0.067 0.002 0.039 -0.767 -0.0 -0.637 0.081 -0.948 -0.0 -0.164 -0.272 0.988 0.0 0.033 -0.151 0.422 -0.0 0.77 -0.479 -0.696 -0.0 -0.707 -0.125 -0.961 -0.0 0.001 0.277 0.73 0.0 -0.682 -0.043 0.974 0.0 -0.016 0.228 
0.997 -0.067 0.002 0.039 -0.768 -0.0 -0.636 0.08 -0.948 -0.0 -0.165 -0.27 0.988 0.0 0.032 -0.15 0.418 0.0 0.778 -0.47 -0.696 0.0 -0.707 -0.125 -0.961 -0.0 0.001 0.276 0.73 0.0 -0.682 -0.043 0.973 0.0 -0.016 0.228 
0.997 -0.067 0.002 0.039 -0.767 -0.0 -0.636 0.081 -0.948 -0.0 -0.164 -0.272 0.988 0.0 0.031 -0.15 0.413 0.0 0.785 -0.461 -0.696 -0.0 -0.707 -0.125 -0.961 0.0 0.002 0.276 0.73 0.0 -0.682 -0.043 0.973 0.0 -0.016 0.228 
0.997 -0.067 0.002 0.039 -0.768 0.0 -0.636 0.08 -0.948 -0.0 -0.165 -0.271 0.988 0.0 0.03 -0.15 0.408 0.0 0.792 -0.454 -0.696 -0.0 -0.707 -0.125 -0.961 -0.0 0.001 0.276 0.73 0.0 -0.682 -0.043 0.973 0.0 -0.016 0.228 
0.997 -0.067 0.002 0.039 -0.768 -0.0 -0.636 0.08 -0.948 -0.0 -0.165 -0.271 0.988 -0.0 0.029 -0.149 0.402 0.0 0.799 -0.447 -0.696 0.0 -0.707 -0.125 -0.961 -0.0 0.002 0.276 0.73 0.0 -0.682 -0.043 0.973 0.0 -0.016 0.228 
0.997 -0.067 0.002 0.039 -0.768 -0.0 -0.635 0.08 -0.948 -0.0 -0.164 -0.271 0.989 0.0 0.028 -0.147 0.396 0.0 0.805 -0.441 -0.696 -0.0 -0.707 -0.125 -0.961 -0.0 0.001 0.277 0.73 0.0 -0.682 -0.043 0.973 0.0 -0.016 0.228 
0.997 -0.067 0.002 0.039 -0.768 -0.0 -0.635 0.08 -0.948 -0.0 -0.165 -0.271 0.989 0.0 0.027 -0.146 0.391 0.0 0.812 -0.434 -0.696 -0.0 -0.707 -0.126 -0.961 -0.0 0.002 0.276 0.73 0.0 -0.682 -0.043 0.973 -0.0 -0.016 0.228 
0.997 -0.067 0.002 0.039 -0.768 -0.0 -0.635 0.08 -0.948 -0.0 -0.164 -0.271 0.989 0.0 0.026 -0.145 0.385 0.0 0.817 -0.429 -0.696 -0.0 -0.707 -0.125 -0.961 -0.0 0.001 0.276 0.73 0.0 -0.682 -0.043 0.973 0.0 -0.016 0.229 
0.997 -0.067 0.002 0.039 -0.768 -0.0 -0.636 0.081 -0.948 -0.0 -0.164 -0.273 0.989 0.0 0.025 -0.145 0.379 -0.0 0.822 -0.424 -0.696 -0.0 -0.707 -0.126 -0.961 0.0 0.002 0.276 0.73 0.0 -0.682 -0.043 0.973 0.0 -0.016 0.229 
0.997 -0.067 0.002 0.038 -0.768 -0.0 -0.635 0.08 -0.948 -0.0 -0.165 -0.272 0.989 0.0 0.025 -0.144 0.374 0.0 0.827 -0.42 -0.696 -0.0 -0.707 -0.125 -0.961 -0.0 0.001 0.276 0.73 0.0 -0.682 -0.043 0.973 0.0 -0.016 0.229 
0.997 -0.067 0.002 0.038 -0.768 0.0 -0.635 0.08 -0.948 -0.0 -0.165 -0.272 0.989 0.0 0.024 -0.144 0.368 0.0 0.832 -0.416 -0.696 -0.0 -0.707 -0.126 -0.961 0.0 0.001 0.276 0.73 0.0 -0.682 -0.043 0.973 0.0 -0.016 0.229 
0.997 -0.067 0.002 0.038 -0.768 -0.0 -0.635 0.08 -0.948 -0.0 -0.165 -0.272 0.989 0.0 0.024 -0.144 0.362 0.0 0.836 -0.413 -0.696 -0.0 -0.707 -0.126 -0.961 0.0 0.001 0.277 0.73 0.0 -0.682 -0.043 0.973 0.0 -0.016 0.229 
0.997 -0.067 0.001 0.038 -0.768 -0.0 -0.635 0.08 -0.948 -0.0 -0.165 -0.271 0.989 0.0 0.024 -0.143 0.355 0.0 0.84 -0.41 -0.696 -0.0 -0.707 -0.126 -0.961 0.0 0.001 0.276 0.73 0.0 -0.682 -0.043 0.973 -0.0 -0.016 0.229 
0.997 -0.067 0.001 0.039 -0.768 -0.0 -0.635 0.081 -0.948 -0.0 -0.165 -0.272 0.989 0.0 0.024 -0.143 0.348 0.0 0.845 -0.407 -0.696 -0.0 -0.707 -0.126 -0.961 0.0 0.001 0.276 0.731 0.0 -0.681 -0.044 0.973 0.0 -0.017 0.23 
0.997 -0.067 0.001 0.038 -0.768 -0.0 -0.635 0.081 -0.948 -0.0 -0.166 -0.271 0.99 0.0 0.023 -0.141 0.341 0.0 0.848 -0.405 -0.696 -0.0 -0.707 -0.126 -0.961 -0.0 0.002 0.276 0.73 0.0 -0.682 -0.043 0.973 -0.0 -0.016 0.229 
0.997 -0.067 0.001 0.038 -0.768 -0.0 -0.635 0.081 -0.948 0.0 -0.166 -0.271 0.99 0.0 0.023 -0.14 0.333 0.0 0.852 -0.404 -0.696 -0.0 -0.707 -0.126 -0.961 0.0 0.001 0.276 0.73 0.0 -0.682 -0.043 0.973 -0.0 -0.016 0.229 
0.997 -0.067 0.001 0.038 -0.768 -0.0 -0.635 0.081 -0.948 -0.0 -0.166 -0.271 0.99 -0.0 0.023 -0.141 0.326 0.0 0.856 -0.401 -0.696 0.0 -0.707 -0.126 -0.961 -0.0 0.002 0.276 0.731 -0.0 -0.681 -0.044 0.973 -0.0 -0.017 0.23 
0.997 -0.066 0.001 0.038 -0.768 -0.0 -0.635 0.081 -0.948 -0.0 -0.166 -0.271 0.99 0.0 0.023 -0.14 0.318 -0.0 0.86 -0.399 -0.696 -0.0 -0.707 -0.126 -0.961 -0.0 0.001 0.276 0.73 0.0 -0.682 -0.044 0.973 0.0 -0.017 0.23 
0.997 -0.066 0.001 0.038 -0.768 -0.0 -0.635 0.081 -0.948 0.0 -0.167 -0.271 0.99 -0.0 0.023 -0.14 0.311 0.0 0.863 -0.398 -0.696 -0.0 -0.707 -0.127 -0.961 -0.0 0.001 0.276 0.73 0.0 -0.682 -0.045 0.973 0.0 -0.017 0.23 
0.997 -0.066 0.001 0.038 -0.768 -0.0 -0.635 0.081 -0.948 -0.0 -0.167 -0.271 0.99 0.0 0.024 -0.138 0.303 -0.0 0.869 -0.39 -0.696 -0.0 -0.707 -0.127 -0.961 -0.0 0.001 0.276 0.73 0.0 -0.681 -0.045 0.973 0.0 -0.017 0.23 
0.997 -0.066 0.001 0.037 -0.768 -0.0 -0.635 0.081 -0.948 -0.0 -0.167 -0.271 0.99 -0.0 0.024 -0.137 0.296 0.0 0.873 -0.388 -0.696 -0.0 -0.707 -0.127 -0.961 -0.0 0.002 0.276 0.73 -0.0 -0.682 -0.044 0.973 -0.0 -0.017 0.229 
0.997 -0.066 0.001 0.038 -0.768 0.0 -0.635 0.081 -0.948 -0.0 -0.167 -0.271 0.99 -0.0 0.024 -0.137 0.289 0.0 0.876 -0.385 -0.696 0.0 -0.707 -0.128 -0.961 -0.0 0.001 0.276 0.73 0.0 -0.681 -0.046 0.973 0.0 -0.017 0.23 
0.997 -0.065 0.001 0.038 -0.768 -0.0 -0.635 0.081 -0.948 -0.0 -0.168 -0.271 0.99 0.0 0.024 -0.137 0.283 0.0 0.88 -0.382 -0.696 0.0 -0.707 -0.128 -0.961 -0.0 0.0 0.276 0.73 -0.0 -0.681 -0.046 0.973 0.0 -0.017 0.23 
0.997 -0.065 0.001 0.038 -0.768 -0.0 -0.635 0.081 -0.948 -0.0 -0.168 -0.271 0.99 0.0 0.024 -0.137 0.278 0.0 0.883 -0.378 -0.696 -0.0 -0.707 -0.128 -0.961 -0.0 0.001 0.276 0.73 0.0 -0.682 -0.046 0.973 0.0 -0.017 0.23 
0.997 -0.065 0.001 0.038 -0.768 -0.0 -0.635 0.081 -0.948 -0.0 -0.168 -0.27 0.99 -0.0 0.024 -0.138 0.273 0.0 0.886 -0.375 -0.696 -0.0 -0.707 -0.128 -0.961 -0.0 0.001 0.276 0.73 0.0 -0.681 -0.046 0.973 0.0 -0.018 0.23 
0.997 -0.065 0.001 0.038 -0.768 -0.0 -0.635 0.081 -0.948 -0.0 -0.168 -0.27 0.99 0.0 0.024 -0.137 0.269 0.0 0.889 -0.371 -0.696 -0.0 -0.707 -0.128 -0.961 0.0 0.001 0.276 0.73 0.0 -0.682 -0.045 0.973 0.0 -0.017 0.229 
0.997 -0.065 0.001 0.038 -0.768 -0.0 -0.635 0.081 -0.948 -0.0 -0.168 -0.27 0.99 0.0 0.024 -0.138 0.267 0.0 0.891 -0.368 -0.694 0.0 -0.708 -0.129 -0.961 -0.0 0.003 0.276 0.73 0.0 -0.682 -0.046 0.973 0.0 -0.017 0.229 
0.997 -0.065 0.001 0.038 -0.768 -0.0 -0.635 0.082 -0.948 0.0 -0.169 -0.27 0.99 -0.0 0.023 -0.139 0.265 0.0 0.893 -0.364 -0.696 0.0 -0.707 -0.128 -0.961 -0.0 0.001 0.276 0.73 -0.0 -0.682 -0.046 0.973 0.0 -0.017 0.229 
0.997 -0.065 0.002 0.038 -0.769 -0.0 -0.635 0.082 -0.948 -0.0 -0.169 -0.27 0.99 0.0 0.023 -0.139 0.264 0.0 0.894 -0.362 -0.696 -0.0 -0.707 -0.129 -0.961 -0.0 0.001 0.277 0.73 0.0 -0.682 -0.046 0.973 0.0 -0.018 0.229 
0.997 -0.065 0.002 0.039 -0.769 0.0 -0.635 0.082 -0.948 -0.0 -0.169 -0.27 0.99 0.0 0.022 -0.14 0.264 -0.0 0.895 -0.359 -0.696 -0.0 -0.706 -0.129 -0.961 -0.0 0.001 0.277 0.73 0.0 -0.682 -0.046 0.973 0.0 -0.018 0.229 
0.997 -0.065 0.002 0.039 -0.768 -0.0 -0.635 0.083 -0.948 -0.0 -0.168 -0.271 0.99 0.0 0.021 -0.14 0.265 0.0 0.896 -0.356 -0.696 -0.0 -0.706 -0.129 -0.961 -0.0 0.001 0.277 0.73 0.0 -0.682 -0.046 0.973 0.0 -0.018 0.229 
0.997 -0.065 0.002 0.039 -0.769 -0.0 -0.634 0.081 -0.948 -0.0 -0.169 -0.27 0.99 0.0 0.021 -0.141 0.267 0.0 0.897 -0.352 -0.696 -0.0 -0.706 -0.129 -0.961 -0.0 0.001 0.277 0.73 0.0 -0.682 -0.047 0.973 0.0 -0.018 0.229 
0.997 -0.065 0.002 0.039 -0.769 -0.0 -0.634 0.081 -0.948 0.0 -0.17 -0.27 0.99 0.0 0.02 -0.141 0.269 -0.0 0.897 -0.35 -0.696 0.0 -0.706 -0.129 -0.961 -0.0 0.0 0.277 0.73 0.0 -0.682 -0.047 0.973 0.0 -0.018 0.229 
0.997 -0.065 0.002 0.04 -0.769 -0.0 -0.634 0.081 -0.948 -0.0 -0.169 -0.269 0.99 -0.0 0.019 -0.14 0.272 0.0 0.897 -0.348 -0.696 -0.0 -0.706 -0.129 -0.961 0.0 0.001 0.277 0.73 0.0 -0.682 -0.047 0.973 0.0 -0.018 0.229 
0.997 -0.065 0.002 0.04 -0.769 -0.0 -0.634 0.081 -0.948 0.0 -0.17 -0.269 0.99 0.0 0.018 -0.141 0.276 0.0 0.897 -0.346 -0.696 -0.0 -0.706 -0.129 -0.961 -0.0 0.001 0.277 0.73 0.0 -0.682 -0.047 0.973 0.0 -0.018 0.229 
0.997 -0.065 0.002 0.04 -0.769 0.0 -0.634 0.081 -0.948 -0.0 -0.17 -0.268 0.99 0.0 0.017 -0.141 0.28 0.0 0.897 -0.343 -0.697 -0.0 -0.706 -0.129 -0.961 -0.0 0.0 0.277 0.73 0.0 -0.682 -0.048 0.973 0.0 -0.019 0.229 
0.997 -0.064 0.002 0.041 -0.769 -0.0 -0.634 0.081 -0.948 -0.0 -0.17 -0.269 0.99 0.0 0.016 -0.141 0.285 0.0 0.896 -0.341 -0.697 -0.0 -0.706 -0.129 -0.961 -0.0 0.0 0.277 0.73 0.0 -0.682 -0.048 0.973 0.0 -0.019 0.229 
0.997 -0.064 0.002 0.041 -0.769 0.0 -0.634 0.08 -0.948 -0.0 -0.17 -0.269 0.99 0.0 0.016 -0.141 0.29 0.0 0.895 -0.339 -0.697 -0.0 -0.705 -0.13 -0.961 -0.0 0.0 0.277 0.73 0.0 -0.682 -0.048 0.973 0.0 -0.019 0.228 
0.997 -0.064 0.002 0.041 -0.769 -0.0 -0.634 0.08 -0.948 -0.0 -0.17 -0.269 0.99 0.0 0.015 -0.143 0.296 0.0 0.894 -0.337 -0.697 -0.0 -0.705 -0.13 -0.961 -0.0 0.0 0.277 0.729 0.0 -0.682 -0.049 0.973 0.0 -0.019 0.228 
0.997 -0.064 0.002 0.043 -0.769 -0.0 -0.634 0.08 -0.948 -0.0 -0.17 -0.269 0.99 0.0 0.014 -0.143 0.302 -0.0 0.892 -0.336 -0.697 0.0 -0.705 -0.13 -0.961 -0.0 -0.001 0.277 0.73 0.0 -0.682 -0.05 0.973 0.0 -0.02 0.229 
0.997 -0.064 0.002 0.043 -0.769 -0.0 -0.634 0.08 -0.948 0.0 -0.17 -0.269 0.989 -0.0 0.013 -0.146 0.309 -0.0 0.888 -0.342 -0.697 -0.0 -0.705 -0.13 -0.961 -0.0 -0.001 0.277 0.73 0.0 -0.682 -0.05 0.973 0.0 -0.02 0.229 
0.997 -0.064 0.002 0.043 -0.769 -0.0 -0.634 0.08 -0.948 0.0 -0.17 -0.269 0.989 -0.0 0.013 -0.146 0.316 0.0 0.885 -0.343 -0.697 -0.0 -0.705 -0.13 -0.961 -0.0 -0.001 0.278 0.73 0.0 -0.682 -0.051 0.973 0.0 -0.02 0.229 
0.997 -0.064 0.002 0.044 -0.769 -0.0 -0.634 0.08 -0.948 0.0 -0.169 -0.269 0.989 0.0 0.013 -0.146 0.323 0.0 0.882 -0.345 -0.697 -0.0 -0.705 -0.13 -0.961 -0.0 -0.001 0.278 0.73 0.0 -0.682 -0.051 0.973 -0.0 -0.02 0.229 
0.997 -0.064 0.002 0.044 -0.769 -0.0 -0.634 0.08 -0.948 0.0 -0.169 -0.269 0.989 0.0 0.013 -0.146 0.331 0.0 0.878 -0.347 -0.697 -0.0 -0.705 -0.13 -0.961 -0.0 -0.001 0.278 0.73 0.0 -0.682 -0.051 0.973 0.0 -0.02 0.229 
0.997 -0.064 0.002 0.044 -0.769 -0.0 -0.634 0.079 -0.948 -0.0 -0.169 -0.27 0.989 0.0 0.013 -0.146 0.339 0.0 0.873 -0.351 -0.697 -0.0 -0.705 -0.13 -0.961 -0.0 -0.001 0.278 0.73 0.0 -0.682 -0.052 0.973 -0.0 -0.02 0.228 
0.997 -0.063 0.002 0.045 -0.769 -0.0 -0.634 0.079 -0.948 -0.0 -0.169 -0.27 0.989 0.0 0.014 -0.146 0.347 0.0 0.869 -0.354 -0.697 -0.0 -0.705 -0.13 -0.961 -0.0 -0.001 0.278 0.73 0.0 -0.682 -0.052 0.973 -0.0 -0.02 0.228 
0.997 -0.063 0.002 0.045 -0.769 0.0 -0.634 0.079 -0.948 -0.0 -0.168 -0.27 0.989 0.0 0.015 -0.146 0.355 -0.0 0.863 -0.359 -0.697 -0.0 -0.705 -0.13 -0.961 -0.0 -0.001 0.278 0.73 0.0 -0.682 -0.052 0.973 0.0 -0.02 0.228 
0.997 -0.063 0.002 0.045 -0.769 -0.0 -0.634 0.078 -0.948 -0.0 -0.168 -0.27 0.989 0.0 0.016 -0.145 0.363 0.0 0.858 -0.364 -0.697 -0.0 -0.705 -0.131 -0.961 -0.0 -0.001 0.278 0.73 0.0 -0.682 -0.052 0.973 0.0 -0.02 0.228 
0.997 -0.063 0.002 0.046 -0.769 -0.0 -0.634 0.078 -0.948 -0.0 -0.167 -0.271 0.989 0.0 0.017 -0.146 0.372 0.0 0.852 -0.37 -0.697 -0.0 -0.705 -0.13 -0.961 -0.0 -0.001 0.278 0.73 0.0 -0.682 -0.052 0.973 0.0 -0.02 0.228 
0.997 -0.063 0.002 0.046 -0.769 -0.0 -0.634 0.078 -0.948 0.0 -0.167 -0.271 0.989 0.0 0.018 -0.145 0.38 0.0 0.845 -0.375 -0.697 -0.0 -0.705 -0.131 -0.961 0.0 -0.002 0.278 0.73 0.0 -0.682 -0.053 0.973 0.0 -0.02 0.228 
0.997 -0.063 0.002 0.046 -0.769 -0.0 -0.634 0.078 -0.948 -0.0 -0.167 -0.271 0.989 0.0 0.02 -0.145 0.389 -0.0 0.839 -0.381 -0.697 -0.0 -0.705 -0.131 -0.961 -0.0 -0.002 0.278 0.73 -0.0 -0.682 -0.053 0.974 0.0 -0.02 0.228 
0.997 -0.063 0.002 0.047 -0.769 -0.0 -0.634 0.077 -0.948 -0.0 -0.167 -0.271 0.989 0.0 0.022 -0.144 0.398 -0.0 0.831 -0.388 -0.697 -0.0 -0.705 -0.131 -0.961 -0.0 -0.002 0.278 0.73 0.0 -0.682 -0.053 0.974 0.0 -0.02 0.228 
0.997 -0.063 0.002 0.046 -0.769 -0.0 -0.634 0.077 -0.948 0.0 -0.167 -0.271 0.989 0.0 0.023 -0.143 0.407 0.0 0.823 -0.396 -0.697 -0.0 -0.705 -0.13 -0.961 -0.0 -0.001 0.278 0.729 0.0 -0.682 -0.052 0.974 0.0 -0.02 0.227 
0.997 -0.063 0.002 0.046 -0.769 -0.0 -0.634 0.077 -0.948 -0.0 -0.167 -0.271 0.99 0.0 0.026 -0.142 0.415 0.0 0.815 -0.404 -0.697 -0.0 -0.705 -0.13 -0.961 0.0 -0.001 0.278 0.729 0.0 -0.682 -0.052 0.974 0.0 -0.02 0.227 
0.997 -0.063 0.002 0.046 -0.769 0.0 -0.634 0.076 -0.948 -0.0 -0.167 -0.271 0.99 0.0 0.028 -0.141 0.424 0.0 0.806 -0.413 -0.697 0.0 -0.705 -0.13 -0.961 -0.0 -0.001 0.278 0.729 0.0 -0.682 -0.052 0.974 0.0 -0.02 0.227 
0.997 -0.063 0.002 0.047 -0.769 -0.0 -0.634 0.076 -0.948 -0.0 -0.167 -0.271 0.99 0.0 0.031 -0.14 0.433 0.0 0.797 -0.421 -0.697 -0.0 -0.705 -0.131 -0.961 -0.0 -0.001 0.278 0.729 -0.0 -0.682 -0.052 0.974 -0.0 -0.02 0.227 
0.997 -0.063 0.002 0.047 -0.769 0.0 -0.634 0.076 -0.948 -0.0 -0.167 -0.271 0.99 0.0 0.033 -0.139 0.442 0.0 0.787 -0.43 -0.698 0.0 -0.705 -0.131 -0.961 -0.0 -0.002 0.278 0.729 0.0 -0.682 -0.052 0.974 0.0 -0.02 0.227 
0.997 -0.063 0.003 0.047 -0.769 0.0 -0.634 0.076 -0.948 -0.0 -0.167 -0.271 0.99 0.0 0.036 -0.139 0.451 0.0 0.778 -0.439 -0.698 0.0 -0.704 -0.131 -0.961 -0.0 -0.002 0.278 0.729 0.0 -0.682 -0.052 0.974 -0.0 -0.02 0.227 
0.997 -0.063 0.003 0.047 -0.769 -0.0 -0.634 0.076 -0.948 -0.0 -0.167 -0.271 0.99 0.0 0.039 -0.138 0.46 -0.0 0.766 -0.449 -0.698 -0.0 -0.704 -0.131 -0.961 -0.0 -0.002 0.278 0.729 0.0 -0.682 -0.052 0.974 0.0 -0.02 0.227 
0.997 -0.063 0.003 0.047 -0.769 0.0 -0.634 0.075 -0.948 0.0 -0.167 -0.271 0.99 0.0 0.042 -0.138 0.468 0.0 0.757 -0.457 -0.698 0.0 -0.704 -0.131 -0.961 0.0 -0.002 0.278 0.729 -0.0 -0.682 -0.052 0.974 0.0 -0.02 0.227 
0.997 -0.063 0.003 0.047 -0.769 -0.0 -0.634 0.075 -0.948 -0.0 -0.167 -0.271 0.99 0.0 0.044 -0.136 0.476 0.0 0.746 -0.466 -0.698 0.0 -0.704 -0.131 -0.961 -0.0 -0.002 0.278 0.729 0.0 -0.682 -0.053 0.974 0.0 -0.02 0.227 
0.997 -0.063 0.002 0.047 -0.769 0.0 -0.634 0.075 -0.948 -0.0 -0.168 -0.271 0.989 0.0 0.048 -0.137 0.483 0.0 0.735 -0.476 -0.698 -0.0 -0.704 -0.131 -0.961 -0.0 -0.002 0.278 0.729 0.0 -0.682 -0.053 0.974 0.0 -0.02 0.227 
0.997 -0.063 0.002 0.047 -0.769 -0.0 -0.634 0.075 -0.948 -0.0 -0.168 -0.27 0.989 -0.0 0.051 -0.137 0.492 0.0 0.724 -0.484 -0.698 -0.0 -0.704 -0.131 -0.961 -0.0 -0.002 0.278 0.729 0.0 -0.682 -0.052 0.974 0.0 -0.02 0.227 
0.997 -0.063 0.002 0.047 -0.769 -0.0 -0.635 0.075 -0.948 -0.0 -0.168 -0.271 0.989 -0.0 0.054 -0.136 0.5 0.0 0.712 -0.493 -0.698 -0.0 -0.704 -0.131 -0.961 0.0 -0.002 0.278 0.729 0.0 -0.682 -0.052 0.974 0.0 -0.02 0.228 
0.997 -0.064 0.002 0.047 -0.769 -0.0 -0.635 0.075 -0.948 -0.0 -0.169 -0.271 0.989 -0.0 0.057 -0.136 0.507 0.0 0.701 -0.502 -0.698 -0.0 -0.705 -0.13 -0.961 -0.0 -0.002 0.278 0.729 0.0 -0.682 -0.052 0.974 -0.0 -0.02 0.228 
0.997 -0.064 0.002 0.046 -0.769 -0.0 -0.635 0.075 -0.948 -0.0 -0.169 -0.27 0.989 0.0 0.06 -0.135 0.514 -0.0 0.69 -0.51 -0.698 -0.0 -0.705 -0.13 -0.961 -0.0 -0.002 0.278 0.729 0.0 -0.682 -0.052 0.974 0.0 -0.02 0.227 
0.997 -0.064 0.002 0.046 -0.769 -0.0 -0.635 0.074 -0.948 -0.0 -0.169 -0.27 0.989 0.0 0.063 -0.134 0.521 0.0 0.678 -0.518 -0.698 -0.0 -0.705 -0.13 -0.961 -0.0 -0.002 0.278 0.729 0.0 -0.682 -0.052 0.974 0.0 -0.02 0.227 
0.997 -0.064 0.002 0.046 -0.769 -0.0 -0.635 0.075 -0.948 -0.0 -0.17 -0.27 0.989 0.0 0.066 -0.133 0.527 0.0 0.667 -0.526 -0.698 -0.0 -0.705 -0.13 -0.961 -0.0 -0.002 0.278 0.729 0.0 -0.682 -0.052 0.974 0.0 -0.02 0.228 
0.997 -0.064 0.002 0.046 -0.769 -0.0 -0.635 0.074 -0.948 -0.0 -0.169 -0.271 0.989 -0.0 0.069 -0.133 0.533 0.0 0.657 -0.534 -0.698 -0.0 -0.705 -0.13 -0.961 0.0 -0.002 0.278 0.729 -0.0 -0.682 -0.052 0.974 -0.0 -0.02 0.228 
0.997 -0.064 0.002 0.046 -0.769 0.0 -0.635 0.075 -0.948 -0.0 -0.171 -0.27 0.989 -0.0 0.072 -0.132 0.538 0.0 0.645 -0.542 -0.698 0.0 -0.704 -0.13 -0.961 -0.0 -0.002 0.278 0.729 0.0 -0.682 -0.052 0.974 0.0 -0.02 0.228 
0.997 -0.064 0.002 0.046 -0.769 -0.0 -0.635 0.074 -0.948 0.0 -0.171 -0.27 0.988 0.0 0.075 -0.131 0.543 0.0 0.635 -0.549 -0.698 -0.0 -0.705 -0.13 -0.961 -0.0 -0.002 0.278 0.729 0.0 -0.682 -0.052 0.974 0.0 -0.02 0.228 
0.997 -0.064 0.002 0.046 -0.769 -0.0 -0.635 0.074 -0.947 -0.0 -0.171 -0.271 0.988 0.0 0.078 -0.13 0.548 0.0 0.625 -0.556 -0.698 -0.0 -0.704 -0.13 -0.961 -0.0 -0.002 0.278 0.729 0.0 -0.682 -0.052 0.974 0.0 -0.02 0.228 
0.997 -0.064 0.002 0.046 -0.769 -0.0 -0.635 0.074 -0.947 -0.0 -0.171 -0.271 0.988 0.0 0.082 -0.13 0.552 -0.0 0.614 -0.564 -0.698 -0.0 -0.704 -0.131 -0.961 0.0 -0.002 0.278 0.729 0.0 -0.682 -0.052 0.974 0.0 -0.02 0.228 
0.997 -0.064 0.002 0.046 -0.769 -0.0 -0.635 0.074 -0.947 -0.0 -0.171 -0.27 0.988 0.0 0.084 -0.129 0.555 0.0 0.605 -0.571 -0.698 -0.0 -0.704 -0.131 -0.961 0.0 -0.002 0.278 0.729 0.0 -0.682 -0.052 0.973 0.0 -0.02 0.228 
0.997 -0.064 0.002 0.046 -0.769 -0.0 -0.635 0.074 -0.947 -0.0 -0.171 -0.27 0.988 -0.0 0.087 -0.128 0.558 -0.0 0.595 -0.578 -0.698 -0.0 -0.704 -0.131 -0.961 0.0 -0.002 0.278 0.729 0.0 -0.682 -0.052 0.973 0.0 -0.02 0.228 
0.997 -0.064 0.002 0.045 -0.769 -0.0 -0.635 0.074 -0.947 -0.0 -0.171 -0.27 0.988 -0.0 0.09 -0.127 0.562 0.0 0.585 -0.585 -0.698 -0.0 -0.704 -0.131 -0.961 0.0 -0.002 0.278 0.729 0.0 -0.682 -0.052 0.973 0.0 -0.02 0.228 
0.997 -0.064 0.002 0.045 -0.769 -0.0 -0.635 0.073 -0.948 -0.0 -0.171 -0.269 0.988 0.0 0.093 -0.126 0.564 0.0 0.576 -0.592 -0.698 0.0 -0.704 -0.131 -0.961 0.0 -0.002 0.278 0.729 -0.0 -0.682 -0.052 0.973 -0.0 -0.02 0.228 
0.997 -0.064 0.002 0.045 -0.769 0.0 -0.635 0.073 -0.948 -0.0 -0.172 -0.27 0.987 0.0 0.096 -0.126 0.566 -0.0 0.567 -0.598 -0.698 -0.0 -0.704 -0.131 -0.961 -0.0 -0.002 0.278 0.729 0.0 -0.682 -0.053 0.973 0.0 -0.02 0.228 
0.997 -0.064 0.002 0.045 -0.769 0.0 -0.635 0.073 -0.948 -0.0 -0.172 -0.269 0.987 0.0 0.099 -0.125 0.568 0.0 0.558 -0.605 -0.698 0.0 -0.704 -0.131 -0.961 -0.0 -0.002 0.278 0.729 0.0 -0.682 -0.052 0.973 0.0 -0.02 0.228 
0.997 -0.063 0.002 0.045 -0.769 -0.0 -0.635 0.073 -0.948 -0.0 -0.172 -0.269 0.987 0.0 0.101 -0.125 0.569 -0.0 0.551 -0.61 -0.698 0.0 -0.704 -0.131 -0.961 -0.0 -0.002 0.278 0.729 0.0 -0.682 -0.053 0.973 0.0 -0.02 0.228 
0.997 -0.063 0.002 0.045 -0.769 -0.0 -0.635 0.073 -0.948 -0.0 -0.172 -0.269 0.987 0.0 0.103 -0.124 0.569 0.0 0.542 -0.618 -0.698 -0.0 -0.704 -0.131 -0.961 0.0 -0.002 0.278 0.729 0.0 -0.682 -0.053 0.973 -0.0 -0.02 0.228 
0.997 -0.063 0.002 0.045 -0.769 -0.0 -0.635 0.073 -0.948 -0.0 -0.172 -0.269 0.987 0.0 0.106 -0.123 0.57 0.0 0.534 -0.625 -0.698 -0.0 -0.704 -0.131 -0.961 -0.0 -0.002 0.278 0.729 0.0 -0.682 -0.053 0.973 -0.0 -0.02 0.228 
0.997 -0.063 0.002 0.045 -0.769 -0.0 -0.635 0.073 -0.948 -0.0 -0.172 -0.268 0.986 0.0 0.108 -0.124 0.573 0.0 0.525 -0.63 -0.698 -0.0 -0.704 -0.131 -0.961 -0.0 -0.002 0.277 0.729 0.0 -0.682 -0.053 0.973 0.0 -0.02 0.228 
0.997 -0.063 0.002 0.045 -0.77 0.0 -0.634 0.073 -0.948 -0.0 -0.173 -0.268 0.986 0.0 0.11 -0.123 0.573 0.0 0.517 -0.636 -0.698 0.0 -0.704 -0.131 -0.961 -0.0 -0.002 0.277 0.729 0.0 -0.682 -0.053 0.973 0.0 -0.02 0.228 
0.997 -0.063 0.002 0.045 -0.77 -0.0 -0.634 0.073 -0.948 -0.0 -0.173 -0.268 0.986 0.0 0.111 -0.123 0.571 0.0 0.511 -0.642 -0.698 0.0 -0.704 -0.131 -0.961 -0.0 -0.002 0.278 0.729 0.0 -0.682 -0.053 0.974 0.0 -0.02 0.228 
0.997 -0.063 0.002 0.046 -0.77 -0.0 -0.634 0.073 -0.948 -0.0 -0.173 -0.268 0.986 0.0 0.112 -0.122 0.572 0.0 0.505 -0.646 -0.698 -0.0 -0.704 -0.131 -0.961 -0.0 -0.002 0.278 0.729 0.0 -0.682 -0.053 0.974 0.0 -0.02 0.228 
0.997 -0.063 0.002 0.046 -0.77 -0.0 -0.634 0.073 -0.948 -0.0 -0.173 -0.268 0.986 0.0 0.114 -0.121 0.572 0.0 0.5 -0.65 -0.698 -0.0 -0.704 -0.132 -0.961 -0.0 -0.002 0.278 0.729 0.0 -0.682 -0.053 0.974 0.0 -0.02 0.227 
0.997 -0.063 0.002 0.046 -0.77 -0.0 -0.634 0.073 -0.948 -0.0 -0.173 -0.267 0.986 0.0 0.115 -0.121 0.572 0.0 0.495 -0.654 -0.698 0.0 -0.704 -0.132 -0.961 -0.0 -0.002 0.278 0.729 -0.0 -0.682 -0.053 0.974 0.0 -0.02 0.227 
0.997 -0.063 0.002 0.046 -0.77 -0.0 -0.634 0.073 -0.948 -0.0 -0.173 -0.267 0.986 0.0 0.115 -0.122 0.572 0.0 0.489 -0.658 -0.698 -0.0 -0.704 -0.131 -0.961 -0.0 -0.002 0.278 0.729 0.0 -0.682 -0.053 0.974 -0.0 -0.02 0.227 
0.997 -0.063 0.002 0.046 -0.77 -0.0 -0.634 0.073 -0.948 -0.0 -0.173 -0.267 0.986 0.0 0.116 -0.122 0.57 0.0 0.485 -0.663 -0.698 0.0 -0.704 -0.131 -0.961 -0.0 -0.002 0.278 0.729 0.0 -0.682 -0.053 0.974 0.0 -0.02 0.227 
0.997 -0.063 0.002 0.046 -0.77 -0.0 -0.633 0.072 -0.948 0.0 -0.173 -0.267 0.986 0.0 0.116 -0.122 0.569 0.0 0.482 -0.666 -0.698 -0.0 -0.704 -0.131 -0.961 -0.0 -0.002 0.277 0.729 0.0 -0.682 -0.053 0.974 0.0 -0.02 0.227 
0.997 -0.063 0.002 0.046 -0.77 -0.0 -0.633 0.073 -0.948 -0.0 -0.173 -0.267 0.986 0.0 0.116 -0.122 0.568 0.0 0.48 -0.668 -0.698 -0.0 -0.704 -0.132 -0.961 0.0 -0.002 0.278 0.729 0.0 -0.682 -0.053 0.974 0.0 -0.02 0.227 
0.997 -0.063 0.002 0.046 -0.771 -0.0 -0.633 0.072 -0.948 -0.0 -0.173 -0.267 0.986 0.0 0.117 -0.122 0.566 0.0 0.478 -0.671 -0.698 -0.0 -0.704 -0.132 -0.961 0.0 -0.002 0.277 0.729 0.0 -0.682 -0.053 0.974 -0.0 -0.02 0.227 
0.997 -0.063 0.002 0.046 -0.771 -0.0 -0.633 0.072 -0.948 0.0 -0.173 -0.267 0.986 0.0 0.117 -0.123 0.566 -0.0 0.477 -0.673 -0.698 -0.0 -0.704 -0.131 -0.961 -0.0 -0.002 0.277 0.729 0.0 -0.682 -0.053 0.974 0.0 -0.02 0.227 
0.997 -0.063 0.002 0.046 -0.771 0.0 -0.633 0.072 -0.948 -0.0 -0.173 -0.267 0.986 0.0 0.116 -0.122 0.564 0.0 0.477 -0.674 -0.698 -0.0 -0.704 -0.131 -0.961 -0.0 -0.002 0.277 0.729 0.0 -0.682 -0.053 0.974 0.0 -0.02 0.227 
0.997 -0.063 0.002 0.046 -0.771 -0.0 -0.633 0.073 -0.948 -0.0 -0.173 -0.267 0.986 0.0 0.116 -0.123 0.563 0.0 0.477 -0.675 -0.698 0.0 -0.704 -0.131 -0.961 -0.0 -0.001 0.277 0.729 0.0 -0.682 -0.053 0.974 0.0 -0.02 0.227 
0.997 -0.063 0.002 0.046 -0.771 -0.0 -0.633 0.072 -0.948 -0.0 -0.173 -0.267 0.986 0.0 0.115 -0.123 0.561 0.0 0.479 -0.676 -0.698 0.0 -0.704 -0.131 -0.961 -0.0 -0.002 0.277 0.729 0.0 -0.682 -0.053 0.974 0.0 -0.02 0.227 
0.997 -0.063 0.002 0.046 -0.771 -0.0 -0.632 0.072 -0.948 -0.0 -0.173 -0.267 0.986 0.0 0.114 -0.123 0.557 0.0 0.482 -0.676 -0.698 0.0 -0.704 -0.131 -0.961 -0.0 -0.001 0.277 0.729 0.0 -0.682 -0.053 0.974 0.0 -0.02 0.227 
0.997 -0.063 0.002 0.047 -0.771 -0.0 -0.632 0.072 -0.948 -0.0 -0.173 -0.267 0.986 -0.0 0.113 -0.124 0.555 0.0 0.485 -0.676 -0.698 -0.0 -0.704 -0.131 -0.961 -0.0 -0.001 0.277 0.729 0.0 -0.682 -0.053 0.974 0.0 -0.02 0.227 
0.997 -0.063 0.002 0.047 -0.771 -0.0 -0.632 0.072 -0.948 -0.0 -0.173 -0.267 0.986 0.0 0.112 -0.125 0.554 0.0 0.488 -0.675 -0.698 -0.0 -0.704 -0.131 -0.961 0.0 -0.001 0.277 0.729 0.0 -0.682 -0.052 0.974 0.0 -0.02 0.226 
0.997 -0.063 0.002 0.047 -0.772 0.0 -0.632 0.073 -0.948 -0.0 -0.174 -0.267 0.986 0.0 0.111 -0.124 0.55 0.0 0.493 -0.674 -0.698 -0.0 -0.704 -0.13 -0.961 -0.0 -0.001 0.277 0.729 0.0 -0.682 -0.052 0.974 0.0 -0.02 0.226 
0.997 -0.063 0.002 0.047 -0.772 -0.0 -0.632 0.072 -0.948 -0.0 -0.173 -0.267 0.986 0.0 0.109 -0.124 0.546 -0.0 0.499 -0.672 -0.698 0.0 -0.704 -0.13 -0.961 -0.0 -0.001 0.277 0.729 -0.0 -0.682 -0.052 0.974 0.0 -0.02 0.226 
0.997 -0.063 0.002 0.047 -0.772 -0.0 -0.632 0.072 -0.948 -0.0 -0.173 -0.267 0.986 0.0 0.108 -0.124 0.545 0.0 0.505 -0.67 -0.698 -0.0 -0.704 -0.13 -0.961 -0.0 -0.002 0.277 0.729 0.0 -0.682 -0.052 0.974 -0.0 -0.02 0.226 
0.997 -0.063 0.002 0.047 -0.772 0.0 -0.632 0.072 -0.948 -0.0 -0.173 -0.267 0.986 -0.0 0.108 -0.125 0.544 0.0 0.512 -0.664 -0.698 -0.0 -0.704 -0.13 -0.961 -0.0 -0.002 0.278 0.729 -0.0 -0.682 -0.052 0.974 0.0 -0.02 0.226 
0.997 -0.063 0.002 0.047 -0.772 -0.0 -0.631 0.072 -0.948 -0.0 -0.173 -0.267 0.987 -0.0 0.105 -0.124 0.54 0.0 0.52 -0.662 -0.698 -0.0 -0.704 -0.13 -0.961 0.0 -0.002 0.278 0.729 0.0 -0.682 -0.052 0.974 0.0 -0.02 0.226 
0.997 -0.063 0.002 0.047 -0.772 -0.0 -0.631 0.072 -0.948 -0.0 -0.173 -0.267 0.987 0.0 0.103 -0.126 0.538 0.0 0.527 -0.658 -0.698 -0.0 -0.704 -0.129 -0.961 -0.0 -0.001 0.278 0.729 0.0 -0.682 -0.051 0.974 0.0 -0.019 0.226 
0.997 -0.063 0.002 0.048 -0.772 -0.0 -0.631 0.072 -0.948 -0.0 -0.172 -0.267 0.987 0.0 0.1 -0.127 0.535 0.0 0.535 -0.653 -0.698 -0.0 -0.704 -0.129 -0.961 -0.0 -0.002 0.278 0.729 0.0 -0.682 -0.053 0.974 0.0 -0.02 0.227 
0.997 -0.063 0.002 0.048 -0.772 -0.0 -0.631 0.072 -0.948 -0.0 -0.172 -0.267 0.987 -0.0 0.098 -0.127 0.532 0.0 0.543 -0.649 -0.698 -0.0 -0.704 -0.129 -0.961 -0.0 -0.002 0.278 0.73 -0.0 -0.682 -0.052 0.974 0.0 -0.02 0.227 
0.997 -0.063 0.002 0.048 -0.772 -0.0 -0.631 0.072 -0.948 0.0 -0.172 -0.267 0.987 0.0 0.096 -0.128 0.529 0.0 0.553 -0.644 -0.698 -0.0 -0.704 -0.129 -0.961 -0.0 -0.002 0.278 0.73 0.0 -0.682 -0.052 0.974 0.0 -0.02 0.227 
0.997 -0.063 0.002 0.048 -0.773 0.0 -0.631 0.072 -0.948 -0.0 -0.172 -0.267 0.987 0.0 0.094 -0.128 0.526 0.0 0.562 -0.638 -0.698 -0.0 -0.705 -0.129 -0.961 -0.0 -0.002 0.278 0.73 0.0 -0.682 -0.052 0.974 0.0 -0.02 0.227 
0.997 -0.064 0.002 0.048 -0.773 -0.0 -0.631 0.072 -0.948 -0.0 -0.172 -0.267 0.988 0.0 0.091 -0.128 0.523 0.0 0.572 -0.632 -0.698 -0.0 -0.705 -0.128 -0.961 -0.0 -0.002 0.278 0.73 0.0 -0.682 -0.052 0.974 0.0 -0.02 0.228 
0.997 -0.064 0.002 0.048 -0.773 -0.0 -0.63 0.072 -0.948 -0.0 -0.172 -0.267 0.988 0.0 0.089 -0.127 0.518 0.0 0.583 -0.626 -0.698 -0.0 -0.705 -0.128 -0.961 -0.0 -0.002 0.278 0.73 0.0 -0.682 -0.052 0.974 0.0 -0.02 0.228 
0.997 -0.064 0.002 0.048 -0.773 -0.0 -0.63 0.071 -0.948 0.0 -0.172 -0.267 0.988 -0.0 0.087 -0.128 0.515 0.0 0.593 -0.619 -0.698 -0.0 -0.704 -0.128 -0.961 0.0 -0.002 0.278 0.73 0.0 -0.682 -0.051 0.974 0.0 -0.02 0.228 
0.997 -0.064 0.002 0.048 -0.773 -0.0 -0.63 0.071 -0.948 -0.0 -0.172 -0.267 0.988 0.0 0.084 -0.128 0.512 0.0 0.603 -0.612 -0.698 -0.0 -0.705 -0.128 -0.961 -0.0 -0.002 0.278 0.73 0.0 -0.682 -0.051 0.974 0.0 -0.02 0.228 
0.997 -0.064 0.002 0.048 -0.773 -0.0 -0.63 0.07 -0.948 -0.0 -0.172 -0.267 0.988 0.0 0.082 -0.128 0.508 0.0 0.613 -0.605 -0.698 -0.0 -0.705 -0.128 -0.961 -0.0 -0.002 0.278 0.73 0.0 -0.682 -0.051 0.973 0.0 -0.02 0.228 
0.997 -0.064 0.002 0.048 -0.774 -0.0 -0.63 0.07 -0.948 -0.0 -0.171 -0.267 0.988 -0.0 0.08 -0.129 0.505 0.0 0.623 -0.598 -0.698 -0.0 -0.705 -0.127 -0.961 -0.0 -0.002 0.278 0.73 0.0 -0.682 -0.05 0.974 0.0 -0.02 0.228 
0.997 -0.064 0.002 0.047 -0.774 -0.0 -0.63 0.07 -0.948 -0.0 -0.171 -0.267 0.989 0.0 0.079 -0.129 0.501 -0.0 0.632 -0.59 -0.698 -0.0 -0.705 -0.127 -0.961 -0.0 -0.002 0.278 0.73 0.0 -0.682 -0.049 0.974 0.0 -0.019 0.228 
0.997 -0.065 0.002 0.047 -0.774 -0.0 -0.629 0.07 -0.948 0.0 -0.171 -0.267 0.989 0.0 0.077 -0.129 0.498 0.0 0.642 -0.583 -0.698 0.0 -0.705 -0.126 -0.961 0.0 -0.001 0.278 0.73 0.0 -0.682 -0.049 0.973 0.0 -0.019 0.228 
0.997 -0.065 0.002 0.046 -0.774 0.0 -0.629 0.07 -0.948 0.0 -0.172 -0.266 0.989 0.0 0.075 -0.128 0.493 0.0 0.651 -0.577 -0.698 0.0 -0.705 -0.126 -0.961 -0.0 -0.001 0.278 0.73 0.0 -0.682 -0.047 0.974 0.0 -0.019 0.227 
0.997 -0.065 0.002 0.046 -0.774 -0.0 -0.629 0.07 -0.948 -0.0 -0.172 -0.267 0.989 0.0 0.073 -0.127 0.487 0.0 0.661 -0.571 -0.698 -0.0 -0.705 -0.125 -0.961 -0.0 -0.001 0.278 0.73 -0.0 -0.682 -0.047 0.974 0.0 -0.019 0.227 
0.997 -0.065 0.002 0.046 -0.775 -0.0 -0.629 0.07 -0.948 -0.0 -0.172 -0.267 0.989 0.0 0.072 -0.128 0.484 -0.0 0.67 -0.563 -0.698 -0.0 -0.705 -0.125 -0.961 -0.0 -0.0 0.278 0.73 -0.0 -0.682 -0.047 0.974 0.0 -0.019 0.228 
0.997 -0.066 0.002 0.045 -0.775 -0.0 -0.629 0.069 -0.948 0.0 -0.172 -0.267 0.989 0.0 0.071 -0.126 0.479 0.0 0.678 -0.558 -0.698 -0.0 -0.706 -0.124 -0.961 -0.0 -0.0 0.277 0.73 0.0 -0.682 -0.046 0.974 0.0 -0.018 0.228 
0.997 -0.066 0.002 0.045 -0.775 -0.0 -0.628 0.069 -0.948 -0.0 -0.172 -0.267 0.99 -0.0 0.069 -0.126 0.474 0.0 0.688 -0.55 -0.698 -0.0 -0.706 -0.124 -0.961 -0.0 -0.0 0.278 0.73 -0.0 -0.682 -0.046 0.973 0.0 -0.019 0.228 
0.997 -0.066 0.002 0.045 -0.775 -0.0 -0.628 0.069 -0.948 -0.0 -0.173 -0.267 0.99 0.0 0.068 -0.126 0.469 0.0 0.696 -0.543 -0.698 -0.0 -0.706 -0.124 -0.961 -0.0 0.0 0.278 0.73 0.0 -0.682 -0.046 0.973 0.0 -0.018 0.229 
0.997 -0.066 0.002 0.045 -0.775 -0.0 -0.628 0.069 -0.948 0.0 -0.173 -0.267 0.99 0.0 0.067 -0.125 0.465 0.0 0.705 -0.536 -0.698 -0.0 -0.706 -0.124 -0.961 0.0 0.0 0.278 0.73 0.0 -0.682 -0.045 0.973 0.0 -0.018 0.229 
0.997 -0.066 0.001 0.045 -0.775 -0.0 -0.628 0.069 -0.948 -0.0 -0.172 -0.267 0.99 -0.0 0.066 -0.125 0.46 0.0 0.714 -0.528 -0.697 -0.0 -0.706 -0.124 -0.961 -0.0 -0.0 0.278 0.73 0.0 -0.682 -0.046 0.973 0.0 -0.018 0.229 
0.997 -0.066 0.001 0.045 -0.775 -0.0 -0.628 0.068 -0.948 0.0 -0.173 -0.267 0.99 -0.0 0.065 -0.125 0.455 0.0 0.722 -0.521 -0.697 -0.0 -0.706 -0.123 -0.961 -0.0 -0.0 0.278 0.73 0.0 -0.682 -0.046 0.973 0.0 -0.018 0.23 
0.997 -0.066 0.001 0.045 -0.775 -0.0 -0.628 0.068 -0.948 -0.0 -0.171 -0.268 0.99 0.0 0.065 -0.122 0.449 -0.0 0.733 -0.511 -0.697 -0.0 -0.706 -0.123 -0.961 -0.0 -0.0 0.278 0.73 0.0 -0.682 -0.046 0.973 -0.0 -0.018 0.23 
0.997 -0.066 0.001 0.045 -0.775 -0.0 -0.628 0.067 -0.948 -0.0 -0.172 -0.267 0.991 -0.0 0.064 -0.12 0.442 -0.0 0.743 -0.502 -0.697 -0.0 -0.706 -0.123 -0.961 -0.0 -0.0 0.278 0.73 0.0 -0.682 -0.046 0.973 -0.0 -0.018 0.23 
0.997 -0.066 0.001 0.044 -0.776 -0.0 -0.628 0.067 -0.948 0.0 -0.172 -0.268 0.991 -0.0 0.063 -0.12 0.437 0.0 0.751 -0.495 -0.697 -0.0 -0.706 -0.123 -0.961 -0.0 -0.0 0.278 0.73 0.0 -0.682 -0.045 0.973 0.0 -0.018 0.23 
0.997 -0.067 0.001 0.044 -0.776 -0.0 -0.628 0.067 -0.948 0.0 -0.172 -0.268 0.991 -0.0 0.062 -0.119 0.431 -0.0 0.76 -0.487 -0.697 -0.0 -0.706 -0.123 -0.961 0.0 -0.0 0.278 0.73 0.0 -0.682 -0.045 0.973 0.0 -0.018 0.23 
0.997 -0.067 0.001 0.044 -0.776 -0.0 -0.628 0.066 -0.948 0.0 -0.172 -0.268 0.991 0.0 0.06 -0.117 0.425 0.0 0.77 -0.476 -0.697 -0.0 -0.706 -0.123 -0.961 -0.0 -0.0 0.278 0.73 0.0 -0.682 -0.045 0.973 0.0 -0.018 0.23 
0.997 -0.067 0.001 0.043 -0.776 -0.0 -0.627 0.067 -0.948 -0.0 -0.173 -0.267 0.991 0.0 0.059 -0.118 0.42 0.0 0.777 -0.469 -0.697 -0.0 -0.706 -0.122 -0.961 -0.0 0.001 0.278 0.73 0.0 -0.682 -0.042 0.973 0.0 -0.017 0.23 
0.997 -0.067 0.001 0.042 -0.776 0.0 -0.627 0.066 -0.948 -0.0 -0.173 -0.267 0.992 0.0 0.057 -0.116 0.412 0.0 0.786 -0.461 -0.697 0.0 -0.706 -0.122 -0.961 -0.0 0.0 0.278 0.73 0.0 -0.682 -0.042 0.973 0.0 -0.017 0.23 
0.997 -0.068 0.001 0.042 -0.776 0.0 -0.627 0.066 -0.948 -0.0 -0.173 -0.267 0.992 0.0 0.057 -0.115 0.405 -0.0 0.793 -0.454 -0.697 -0.0 -0.707 -0.121 -0.961 -0.0 0.001 0.278 0.73 0.0 -0.682 -0.041 0.973 0.0 -0.017 0.23 
0.997 -0.068 0.001 0.042 -0.777 -0.0 -0.627 0.066 -0.948 -0.0 -0.173 -0.267 0.992 0.0 0.056 -0.115 0.4 0.0 0.801 -0.446 -0.697 -0.0 -0.707 -0.121 -0.961 -0.0 0.001 0.278 0.73 0.0 -0.682 -0.041 0.973 0.0 -0.017 0.231 
0.997 -0.068 0.001 0.042 -0.777 0.0 -0.627 0.065 -0.948 -0.0 -0.173 -0.266 0.992 0.0 0.054 -0.113 0.392 0.0 0.81 -0.436 -0.697 -0.0 -0.707 -0.121 -0.961 -0.0 0.0 0.278 0.73 0.0 -0.682 -0.041 0.973 0.0 -0.017 0.231 
0.997 -0.068 0.001 0.041 -0.777 -0.0 -0.626 0.065 -0.948 0.0 -0.173 -0.266 0.992 0.0 0.053 -0.114 0.386 0.0 0.817 -0.429 -0.697 0.0 -0.707 -0.12 -0.961 -0.0 0.001 0.278 0.73 0.0 -0.682 -0.041 0.973 0.0 -0.017 0.231 
0.997 -0.068 0.001 0.042 -0.777 -0.0 -0.627 0.064 -0.948 -0.0 -0.172 -0.266 0.992 0.0 0.052 -0.113 0.378 0.0 0.825 -0.42 -0.697 -0.0 -0.707 -0.121 -0.961 -0.0 0.0 0.278 0.731 0.0 -0.682 -0.042 0.973 -0.0 -0.017 0.232 
0.997 -0.068 0.001 0.041 -0.777 -0.0 -0.626 0.064 -0.948 0.0 -0.173 -0.266 0.992 0.0 0.051 -0.113 0.372 -0.0 0.832 -0.413 -0.697 -0.0 -0.707 -0.121 -0.961 0.0 0.0 0.278 0.73 0.0 -0.682 -0.042 0.973 0.0 -0.017 0.232 
0.997 -0.068 0.001 0.041 -0.777 -0.0 -0.626 0.064 -0.948 -0.0 -0.172 -0.266 0.992 0.0 0.051 -0.114 0.366 0.0 0.838 -0.406 -0.697 -0.0 -0.707 -0.12 -0.961 -0.0 0.0 0.278 0.73 0.0 -0.682 -0.041 0.973 0.0 -0.017 0.232 
0.997 -0.068 0.001 0.041 -0.777 -0.0 -0.626 0.064 -0.948 0.0 -0.172 -0.266 0.992 -0.0 0.05 -0.113 0.359 0.0 0.844 -0.399 -0.697 -0.0 -0.707 -0.12 -0.961 -0.0 0.0 0.278 0.73 0.0 -0.682 -0.041 0.972 0.0 -0.017 0.232 
0.997 -0.068 0.001 0.041 -0.777 -0.0 -0.626 0.064 -0.948 0.0 -0.172 -0.266 0.992 0.0 0.049 -0.113 0.353 0.0 0.849 -0.393 -0.697 -0.0 -0.707 -0.12 -0.961 -0.0 0.0 0.278 0.731 0.0 -0.682 -0.041 0.972 0.0 -0.017 0.233 
0.997 -0.069 0.001 0.041 -0.777 -0.0 -0.626 0.063 -0.948 0.0 -0.173 -0.266 0.992 0.0 0.049 -0.112 0.347 0.0 0.854 -0.387 -0.697 -0.0 -0.707 -0.12 -0.961 -0.0 0.0 0.278 0.73 0.0 -0.682 -0.041 0.972 -0.0 -0.017 0.233 
0.997 -0.069 0.001 0.041 -0.777 -0.0 -0.626 0.063 -0.948 0.0 -0.173 -0.266 0.992 0.0 0.049 -0.112 0.341 -0.0 0.859 -0.381 -0.697 -0.0 -0.707 -0.119 -0.961 -0.0 0.0 0.278 0.73 0.0 -0.682 -0.04 0.972 0.0 -0.017 0.233 
0.997 -0.069 0.001 0.041 -0.778 0.0 -0.626 0.063 -0.948 0.0 -0.173 -0.266 0.992 0.0 0.048 -0.112 0.336 0.0 0.864 -0.376 -0.697 -0.0 -0.707 -0.119 -0.961 0.0 0.001 0.278 0.73 0.0 -0.682 -0.04 0.972 -0.0 -0.016 0.233 
0.997 -0.069 0.001 0.041 -0.778 0.0 -0.625 0.063 -0.949 -0.0 -0.173 -0.265 0.992 -0.0 0.049 -0.113 0.332 0.0 0.867 -0.371 -0.697 -0.0 -0.707 -0.118 -0.961 -0.0 0.001 0.278 0.73 0.0 -0.682 -0.04 0.972 0.0 -0.016 0.233 
0.997 -0.069 0.001 0.04 -0.778 -0.0 -0.625 0.063 -0.948 0.0 -0.173 -0.266 0.993 0.0 0.048 -0.112 0.326 0.0 0.872 -0.365 -0.697 -0.0 -0.707 -0.118 -0.96 0.0 0.001 0.278 0.73 -0.0 -0.682 -0.04 0.972 0.0 -0.016 0.233 
0.997 -0.069 0.0 0.04 -0.778 -0.0 -0.625 0.063 -0.948 -0.0 -0.173 -0.266 0.993 0.0 0.048 -0.112 0.322 0.0 0.875 -0.361 -0.697 0.0 -0.707 -0.118 -0.961 -0.0 0.001 0.278 0.73 0.0 -0.682 -0.039 0.972 0.0 -0.016 0.233 
0.997 -0.07 0.001 0.04 -0.778 0.0 -0.625 0.063 -0.948 0.0 -0.173 -0.265 0.993 0.0 0.047 -0.112 0.319 0.0 0.878 -0.356 -0.697 0.0 -0.707 -0.118 -0.961 0.0 0.001 0.278 0.73 0.0 -0.682 -0.038 0.972 0.0 -0.016 0.233 
0.997 -0.07 0.001 0.039 -0.778 0.0 -0.625 0.062 -0.948 -0.0 -0.174 -0.265 0.993 0.0 0.047 -0.111 0.316 0.0 0.881 -0.352 -0.697 -0.0 -0.707 -0.118 -0.96 -0.0 0.001 0.278 0.73 0.0 -0.682 -0.037 0.972 0.0 -0.016 0.233 
0.997 -0.07 0.001 0.039 -0.778 -0.0 -0.625 0.063 -0.948 -0.0 -0.173 -0.267 0.993 0.0 0.047 -0.111 0.314 0.0 0.883 -0.349 -0.697 0.0 -0.707 -0.117 -0.96 0.0 0.001 0.279 0.73 -0.0 -0.682 -0.037 0.972 0.0 -0.016 0.233 
0.997 -0.07 0.001 0.039 -0.778 0.0 -0.625 0.062 -0.948 -0.0 -0.174 -0.265 0.993 0.0 0.046 -0.111 0.313 0.0 0.884 -0.347 -0.697 -0.0 -0.707 -0.117 -0.96 0.0 0.001 0.279 0.73 0.0 -0.682 -0.037 0.972 0.0 -0.015 0.233 
0.997 -0.07 0.001 0.04 -0.779 -0.0 -0.624 0.062 -0.948 -0.0 -0.174 -0.265 0.993 0.0 0.046 -0.11 0.313 0.0 0.884 -0.347 -0.697 -0.0 -0.707 -0.117 -0.96 -0.0 0.001 0.279 0.73 -0.0 -0.682 -0.037 0.972 0.0 -0.015 0.233 
0.997 -0.07 0.001 0.04 -0.779 -0.0 -0.624 0.062 -0.948 -0.0 -0.175 -0.265 0.993 0.0 0.046 -0.11 0.314 -0.0 0.884 -0.347 -0.698 0.0 -0.707 -0.117 -0.96 -0.0 0.001 0.279 0.73 0.0 -0.682 -0.037 0.972 0.0 -0.015 0.233 
0.997 -0.07 0.001 0.04 -0.779 -0.0 -0.624 0.061 -0.948 -0.0 -0.175 -0.264 0.993 0.0 0.047 -0.109 0.315 0.0 0.883 -0.349 -0.698 -0.0 -0.707 -0.116 -0.96 0.0 0.001 0.279 0.73 0.0 -0.683 -0.037 0.972 0.0 -0.015 0.233 
0.997 -0.07 0.001 0.04 -0.779 -0.0 -0.624 0.061 -0.948 -0.0 -0.175 -0.264 0.993 0.0 0.047 -0.109 0.318 0.0 0.881 -0.351 -0.698 0.0 -0.707 -0.116 -0.96 -0.0 0.001 0.279 0.73 0.0 -0.683 -0.036 0.972 0.0 -0.016 0.233 
0.997 -0.07 0.001 0.04 -0.779 -0.0 -0.624 0.061 -0.948 -0.0 -0.175 -0.264 0.993 0.0 0.048 -0.109 0.321 0.0 0.878 -0.355 -0.698 -0.0 -0.707 -0.116 -0.96 0.0 0.001 0.279 0.73 0.0 -0.683 -0.036 0.972 0.0 -0.015 0.233 
0.997 -0.071 0.001 0.04 -0.779 -0.0 -0.624 0.061 -0.949 -0.0 -0.175 -0.264 0.993 0.0 0.048 -0.109 0.325 0.0 0.874 -0.36 -0.698 -0.0 -0.707 -0.116 -0.96 -0.0 0.001 0.28 0.73 0.0 -0.683 -0.036 0.972 0.0 -0.015 0.233 
0.997 -0.071 0.001 0.04 -0.779 -0.0 -0.624 0.06 -0.948 -0.0 -0.175 -0.264 0.993 0.0 0.049 -0.108 0.33 0.0 0.87 -0.365 -0.698 -0.0 -0.707 -0.116 -0.96 0.0 0.001 0.279 0.73 0.0 -0.683 -0.036 0.972 0.0 -0.016 0.234 
0.997 -0.071 0.001 0.041 -0.779 -0.0 -0.624 0.06 -0.948 -0.0 -0.175 -0.264 0.993 0.0 0.051 -0.109 0.336 0.0 0.865 -0.372 -0.698 0.0 -0.707 -0.116 -0.96 -0.0 0.0 0.28 0.73 0.0 -0.682 -0.037 0.972 -0.0 -0.016 0.234 
0.997 -0.071 0.001 0.04 -0.78 -0.0 -0.623 0.06 -0.948 -0.0 -0.176 -0.264 0.993 0.0 0.052 -0.108 0.341 0.0 0.859 -0.381 -0.698 -0.0 -0.707 -0.115 -0.96 0.0 0.001 0.28 0.73 0.0 -0.683 -0.036 0.972 0.0 -0.016 0.233 
0.997 -0.071 0.001 0.041 -0.78 -0.0 -0.623 0.06 -0.948 -0.0 -0.175 -0.264 0.993 0.0 0.054 -0.109 0.349 0.0 0.852 -0.391 -0.698 -0.0 -0.707 -0.115 -0.96 0.0 0.001 0.28 0.73 0.0 -0.682 -0.037 0.972 0.0 -0.016 0.234 
0.997 -0.071 0.001 0.042 -0.78 -0.0 -0.623 0.059 -0.949 -0.0 -0.175 -0.264 0.992 0.0 0.056 -0.109 0.356 -0.0 0.844 -0.401 -0.698 -0.0 -0.707 -0.115 -0.96 -0.0 0.001 0.28 0.73 0.0 -0.682 -0.036 0.972 0.0 -0.016 0.234 
0.997 -0.071 0.001 0.042 -0.78 -0.0 -0.623 0.058 -0.949 -0.0 -0.175 -0.263 0.993 0.0 0.058 -0.107 0.362 -0.0 0.837 -0.411 -0.698 -0.0 -0.707 -0.115 -0.96 -0.0 0.0 0.28 0.73 0.0 -0.682 -0.037 0.972 -0.0 -0.016 0.234 
0.997 -0.071 0.001 0.042 -0.78 -0.0 -0.623 0.058 -0.949 -0.0 -0.175 -0.263 0.992 0.0 0.06 -0.108 0.37 0.0 0.827 -0.424 -0.698 0.0 -0.707 -0.114 -0.96 -0.0 0.001 0.28 0.73 0.0 -0.682 -0.036 0.972 0.0 -0.016 0.234 
0.997 -0.071 0.001 0.042 -0.78 -0.0 -0.623 0.058 -0.949 -0.0 -0.175 -0.263 0.992 -0.0 0.062 -0.107 0.376 0.0 0.818 -0.435 -0.698 -0.0 -0.707 -0.114 -0.96 -0.0 0.001 0.28 0.73 -0.0 -0.682 -0.036 0.972 0.0 -0.016 0.235 
0.997 -0.072 0.001 0.042 -0.78 -0.0 -0.623 0.058 -0.949 0.0 -0.175 -0.263 0.992 0.0 0.064 -0.107 0.384 0.0 0.808 -0.447 -0.699 -0.0 -0.707 -0.114 -0.96 -0.0 0.001 0.28 0.73 0.0 -0.682 -0.036 0.972 0.0 -0.016 0.234 
0.996 -0.072 0.001 0.043 -0.78 0.0 -0.623 0.058 -0.949 -0.0 -0.175 -0.263 0.992 0.0 0.067 -0.108 0.392 0.0 0.798 -0.458 -0.699 -0.0 -0.706 -0.113 -0.96 -0.0 0.001 0.28 0.73 0.0 -0.682 -0.036 0.972 0.0 -0.016 0.235 
0.996 -0.072 0.001 0.043 -0.78 0.0 -0.623 0.058 -0.949 -0.0 -0.175 -0.263 0.992 0.0 0.07 -0.108 0.4 0.0 0.786 -0.471 -0.699 -0.0 -0.706 -0.113 -0.96 -0.0 0.001 0.281 0.73 -0.0 -0.683 -0.036 0.972 0.0 -0.016 0.235 
