# T   LUA LFA RUA RFA LT  LS  RT  RS  
0.996 -0.077 0.003 0.049 -0.777 -0.0 -0.626 0.057 -0.95 -0.0 -0.176 -0.258 0.993 0.0 0.044 -0.107 0.403 0.0 0.799 -0.446 -0.702 -0.0 -0.703 -0.116 -0.959 -0.0 -0.006 0.285 0.73 0.0 -0.682 -0.042 0.971 0.0 -0.022 0.238 
0.996 -0.077 0.003 0.049 -0.778 0.0 -0.626 0.057 -0.95 -0.0 -0.176 -0.258 0.993 0.0 0.043 -0.107 0.4 0.0 0.806 -0.437 -0.702 -0.0 -0.703 -0.115 -0.959 -0.0 -0.006 0.285 0.73 0.0 -0.682 -0.042 0.971 0.0 -0.022 0.238 
0.996 -0.077 0.003 0.049 -0.777 -0.0 -0.627 0.058 -0.95 -0.0 -0.175 -0.26 0.993 0.0 0.041 -0.108 0.397 0.0 0.81 -0.431 -0.702 -0.0 -0.703 -0.115 -0.959 -0.0 -0.006 0.285 0.73 0.0 -0.682 -0.042 0.971 0.0 -0.022 0.238 
0.996 -0.077 0.003 0.048 -0.778 -0.0 -0.626 0.056 -0.95 -0.0 -0.176 -0.258 0.993 0.0 0.04 -0.108 0.394 0.0 0.817 -0.421 -0.702 0.0 -0.703 -0.115 -0.959 -0.0 -0.005 0.285 0.73 0.0 -0.683 -0.04 0.971 0.0 -0.021 0.237 
0.996 -0.077 0.003 0.049 -0.778 0.0 -0.626 0.056 -0.95 -0.0 -0.176 -0.258 0.993 0.0 0.039 -0.11 0.391 -0.0 0.822 -0.413 -0.702 -0.0 -0.703 -0.115 -0.959 -0.0 -0.006 0.285 0.73 0.0 -0.682 -0.042 0.971 0.0 -0.022 0.238 
0.996 -0.077 0.003 0.048 -0.778 -0.0 -0.626 0.056 -0.95 -0.0 -0.176 -0.258 0.993 -0.0 0.037 -0.11 0.389 0.0 0.827 -0.405 -0.702 0.0 -0.703 -0.114 -0.959 -0.0 -0.005 0.285 0.73 0.0 -0.683 -0.04 0.971 -0.0 -0.021 0.237 
0.996 -0.077 0.003 0.048 -0.778 0.0 -0.626 0.056 -0.95 -0.0 -0.176 -0.258 0.993 0.0 0.036 -0.111 0.386 0.0 0.832 -0.398 -0.702 -0.0 -0.703 -0.114 -0.959 -0.0 -0.005 0.285 0.73 -0.0 -0.683 -0.04 0.971 0.0 -0.021 0.238 
0.996 -0.077 0.003 0.048 -0.778 0.0 -0.626 0.056 -0.95 -0.0 -0.175 -0.258 0.993 0.0 0.035 -0.113 0.384 0.0 0.836 -0.391 -0.702 -0.0 -0.703 -0.114 -0.959 -0.0 -0.005 0.285 0.73 0.0 -0.683 -0.04 0.971 0.0 -0.021 0.238 
0.996 -0.077 0.003 0.048 -0.778 -0.0 -0.626 0.055 -0.95 -0.0 -0.176 -0.258 0.993 0.0 0.034 -0.115 0.383 0.0 0.841 -0.383 -0.702 -0.0 -0.703 -0.114 -0.959 0.0 -0.005 0.285 0.73 0.0 -0.683 -0.04 0.971 0.0 -0.021 0.238 
0.996 -0.077 0.003 0.048 -0.778 -0.0 -0.626 0.055 -0.95 0.0 -0.176 -0.258 0.993 0.0 0.033 -0.115 0.381 0.0 0.844 -0.378 -0.702 -0.0 -0.703 -0.114 -0.959 -0.0 -0.005 0.285 0.73 0.0 -0.683 -0.039 0.971 0.0 -0.021 0.237 
0.996 -0.077 0.003 0.049 -0.778 -0.0 -0.626 0.055 -0.95 -0.0 -0.176 -0.258 0.993 -0.0 0.032 -0.117 0.379 -0.0 0.847 -0.372 -0.702 -0.0 -0.703 -0.113 -0.959 0.0 -0.005 0.285 0.73 0.0 -0.683 -0.04 0.971 0.0 -0.021 0.238 
0.996 -0.077 0.003 0.049 -0.778 -0.0 -0.626 0.055 -0.95 -0.0 -0.176 -0.258 0.992 0.0 0.032 -0.118 0.378 0.0 0.85 -0.368 -0.702 0.0 -0.703 -0.113 -0.959 -0.0 -0.005 0.285 0.73 0.0 -0.683 -0.039 0.971 0.0 -0.021 0.238 
0.996 -0.077 0.003 0.049 -0.778 -0.0 -0.626 0.054 -0.95 -0.0 -0.176 -0.257 0.992 0.0 0.031 -0.12 0.377 0.0 0.852 -0.363 -0.702 -0.0 -0.703 -0.113 -0.959 0.0 -0.005 0.285 0.73 0.0 -0.683 -0.039 0.971 0.0 -0.021 0.238 
0.996 -0.078 0.003 0.049 -0.778 -0.0 -0.626 0.054 -0.95 0.0 -0.176 -0.258 0.992 0.0 0.031 -0.121 0.376 0.0 0.854 -0.359 -0.702 -0.0 -0.703 -0.113 -0.959 -0.0 -0.005 0.285 0.73 0.0 -0.683 -0.039 0.971 0.0 -0.021 0.238 
0.996 -0.078 0.003 0.049 -0.778 -0.0 -0.626 0.054 -0.95 -0.0 -0.176 -0.257 0.992 0.0 0.031 -0.122 0.376 0.0 0.856 -0.356 -0.702 -0.0 -0.703 -0.113 -0.958 -0.0 -0.005 0.285 0.73 0.0 -0.683 -0.039 0.971 0.0 -0.02 0.237 
0.996 -0.078 0.003 0.049 -0.778 -0.0 -0.626 0.054 -0.95 -0.0 -0.176 -0.258 0.992 -0.0 0.03 -0.123 0.376 0.0 0.857 -0.353 -0.702 -0.0 -0.703 -0.113 -0.958 0.0 -0.005 0.285 0.73 0.0 -0.683 -0.039 0.971 -0.0 -0.02 0.238 
0.996 -0.078 0.003 0.049 -0.778 0.0 -0.626 0.053 -0.95 -0.0 -0.176 -0.258 0.992 0.0 0.03 -0.125 0.376 0.0 0.858 -0.351 -0.702 -0.0 -0.703 -0.112 -0.958 -0.0 -0.005 0.285 0.73 0.0 -0.683 -0.039 0.971 0.0 -0.02 0.237 
0.996 -0.078 0.003 0.05 -0.778 -0.0 -0.626 0.053 -0.95 -0.0 -0.176 -0.258 0.991 -0.0 0.03 -0.127 0.377 0.0 0.858 -0.349 -0.702 -0.0 -0.703 -0.112 -0.958 -0.0 -0.005 0.285 0.73 0.0 -0.683 -0.039 0.971 -0.0 -0.02 0.237 
0.996 -0.078 0.003 0.05 -0.778 -0.0 -0.626 0.053 -0.95 0.0 -0.176 -0.258 0.991 -0.0 0.03 -0.128 0.377 0.0 0.858 -0.349 -0.702 0.0 -0.703 -0.112 -0.958 -0.0 -0.005 0.285 0.73 0.0 -0.683 -0.039 0.971 -0.0 -0.02 0.238 
0.996 -0.078 0.003 0.05 -0.778 -0.0 -0.626 0.053 -0.95 -0.0 -0.176 -0.258 0.991 0.0 0.031 -0.129 0.377 0.0 0.858 -0.35 -0.702 0.0 -0.703 -0.111 -0.958 0.0 -0.005 0.285 0.73 0.0 -0.683 -0.038 0.971 0.0 -0.02 0.238 
0.996 -0.078 0.003 0.051 -0.777 -0.0 -0.627 0.053 -0.95 -0.0 -0.175 -0.26 0.991 0.0 0.031 -0.129 0.379 -0.0 0.856 -0.351 -0.702 0.0 -0.703 -0.111 -0.958 -0.0 -0.005 0.285 0.73 0.0 -0.683 -0.038 0.971 0.0 -0.02 0.238 
0.996 -0.078 0.003 0.051 -0.778 -0.0 -0.626 0.052 -0.95 -0.0 -0.176 -0.259 0.991 0.0 0.032 -0.13 0.38 -0.0 0.855 -0.353 -0.702 -0.0 -0.703 -0.111 -0.958 -0.0 -0.005 0.285 0.73 -0.0 -0.683 -0.038 0.971 0.0 -0.02 0.238 
0.996 -0.078 0.003 0.051 -0.777 -0.0 -0.627 0.053 -0.95 -0.0 -0.175 -0.26 0.991 0.0 0.033 -0.131 0.382 0.0 0.853 -0.356 -0.702 -0.0 -0.704 -0.11 -0.958 -0.0 -0.005 0.286 0.73 0.0 -0.683 -0.038 0.971 0.0 -0.02 0.238 
0.996 -0.078 0.003 0.051 -0.778 -0.0 -0.627 0.051 -0.95 0.0 -0.175 -0.259 0.991 -0.0 0.034 -0.131 0.384 0.0 0.85 -0.36 -0.702 -0.0 -0.704 -0.11 -0.958 -0.0 -0.005 0.286 0.73 0.0 -0.683 -0.038 0.971 -0.0 -0.02 0.238 
0.996 -0.078 0.003 0.051 -0.778 -0.0 -0.627 0.051 -0.95 0.0 -0.175 -0.259 0.991 0.0 0.035 -0.132 0.387 0.0 0.847 -0.364 -0.702 -0.0 -0.703 -0.11 -0.958 -0.0 -0.005 0.286 0.73 0.0 -0.683 -0.038 0.971 0.0 -0.02 0.238 
0.996 -0.079 0.003 0.051 -0.777 -0.0 -0.627 0.051 -0.95 -0.0 -0.175 -0.259 0.99 0.0 0.036 -0.133 0.389 0.0 0.844 -0.369 -0.702 -0.0 -0.704 -0.11 -0.958 -0.0 -0.005 0.286 0.73 0.0 -0.683 -0.038 0.971 0.0 -0.02 0.238 
0.996 -0.079 0.003 0.051 -0.777 -0.0 -0.627 0.051 -0.95 -0.0 -0.175 -0.259 0.99 0.0 0.037 -0.135 0.392 0.0 0.84 -0.375 -0.702 -0.0 -0.704 -0.11 -0.958 0.0 -0.005 0.286 0.73 -0.0 -0.682 -0.038 0.971 -0.0 -0.02 0.238 
0.996 -0.079 0.003 0.052 -0.777 0.0 -0.627 0.051 -0.95 -0.0 -0.175 -0.259 0.99 0.0 0.038 -0.135 0.395 0.0 0.836 -0.381 -0.702 -0.0 -0.704 -0.11 -0.958 -0.0 -0.005 0.286 0.73 0.0 -0.682 -0.038 0.971 0.0 -0.02 0.238 
0.996 -0.079 0.003 0.052 -0.777 -0.0 -0.627 0.05 -0.95 -0.0 -0.174 -0.259 0.99 0.0 0.04 -0.135 0.398 0.0 0.831 -0.389 -0.702 -0.0 -0.704 -0.109 -0.958 -0.0 -0.005 0.286 0.73 0.0 -0.682 -0.038 0.971 -0.0 -0.02 0.238 
0.996 -0.079 0.003 0.052 -0.776 -0.0 -0.628 0.051 -0.95 -0.0 -0.173 -0.261 0.99 0.0 0.041 -0.136 0.401 0.0 0.825 -0.397 -0.702 -0.0 -0.704 -0.109 -0.958 -0.0 -0.005 0.286 0.73 0.0 -0.682 -0.038 0.971 0.0 -0.02 0.238 
0.996 -0.079 0.003 0.052 -0.777 0.0 -0.628 0.05 -0.95 0.0 -0.174 -0.26 0.99 -0.0 0.043 -0.135 0.404 0.0 0.819 -0.407 -0.702 -0.0 -0.704 -0.109 -0.958 -0.0 -0.005 0.286 0.73 0.0 -0.682 -0.037 0.971 -0.0 -0.02 0.238 
0.996 -0.079 0.003 0.052 -0.777 -0.0 -0.628 0.05 -0.95 -0.0 -0.174 -0.26 0.99 0.0 0.045 -0.134 0.408 0.0 0.812 -0.417 -0.702 -0.0 -0.704 -0.109 -0.958 -0.0 -0.005 0.286 0.73 0.0 -0.682 -0.037 0.971 -0.0 -0.02 0.238 
0.996 -0.079 0.002 0.052 -0.777 -0.0 -0.628 0.05 -0.95 -0.0 -0.174 -0.26 0.99 0.0 0.048 -0.134 0.412 0.0 0.805 -0.428 -0.702 -0.0 -0.704 -0.109 -0.958 -0.0 -0.005 0.286 0.73 0.0 -0.682 -0.037 0.971 0.0 -0.02 0.238 
0.995 -0.079 0.002 0.052 -0.777 -0.0 -0.628 0.049 -0.95 -0.0 -0.174 -0.26 0.99 0.0 0.05 -0.134 0.417 -0.0 0.796 -0.439 -0.702 0.0 -0.704 -0.108 -0.958 0.0 -0.005 0.286 0.73 -0.0 -0.682 -0.037 0.971 0.0 -0.019 0.238 
0.995 -0.079 0.002 0.052 -0.776 -0.0 -0.628 0.049 -0.95 -0.0 -0.174 -0.26 0.99 0.0 0.052 -0.134 0.42 0.0 0.788 -0.45 -0.702 -0.0 -0.704 -0.108 -0.958 0.0 -0.005 0.286 0.73 0.0 -0.682 -0.037 0.971 0.0 -0.019 0.238 
0.996 -0.079 0.002 0.052 -0.776 -0.0 -0.629 0.049 -0.95 0.0 -0.174 -0.26 0.99 0.0 0.054 -0.133 0.423 0.0 0.781 -0.46 -0.702 0.0 -0.704 -0.108 -0.958 -0.0 -0.006 0.286 0.73 0.0 -0.682 -0.037 0.971 0.0 -0.019 0.238 
0.996 -0.079 0.002 0.052 -0.776 -0.0 -0.629 0.05 -0.95 -0.0 -0.172 -0.262 0.99 -0.0 0.056 -0.132 0.427 -0.0 0.772 -0.47 -0.702 -0.0 -0.704 -0.109 -0.958 -0.0 -0.006 0.286 0.73 0.0 -0.682 -0.037 0.971 0.0 -0.019 0.238 
0.995 -0.08 0.002 0.052 -0.776 -0.0 -0.629 0.049 -0.95 -0.0 -0.174 -0.26 0.989 0.0 0.059 -0.132 0.432 0.0 0.762 -0.482 -0.702 -0.0 -0.704 -0.108 -0.958 -0.0 -0.005 0.286 0.73 0.0 -0.682 -0.036 0.971 0.0 -0.019 0.238 
0.996 -0.079 0.002 0.052 -0.775 -0.0 -0.63 0.049 -0.95 -0.0 -0.172 -0.262 0.99 0.0 0.061 -0.13 0.435 0.0 0.754 -0.492 -0.702 -0.0 -0.704 -0.108 -0.958 -0.0 -0.005 0.286 0.73 0.0 -0.682 -0.036 0.971 0.0 -0.019 0.238 
0.996 -0.08 0.002 0.051 -0.776 -0.0 -0.629 0.048 -0.95 -0.0 -0.173 -0.261 0.99 0.0 0.063 -0.129 0.439 -0.0 0.744 -0.504 -0.702 -0.0 -0.704 -0.108 -0.958 -0.0 -0.005 0.286 0.73 0.0 -0.682 -0.036 0.971 0.0 -0.019 0.239 
0.995 -0.079 0.002 0.052 -0.775 -0.0 -0.63 0.049 -0.95 -0.0 -0.172 -0.262 0.989 0.0 0.066 -0.129 0.443 0.0 0.735 -0.514 -0.702 -0.0 -0.704 -0.108 -0.958 0.0 -0.006 0.286 0.731 -0.0 -0.682 -0.038 0.971 0.0 -0.019 0.239 
0.995 -0.079 0.002 0.052 -0.775 -0.0 -0.631 0.049 -0.95 -0.0 -0.172 -0.263 0.989 0.0 0.068 -0.129 0.446 -0.0 0.725 -0.526 -0.702 -0.0 -0.704 -0.108 -0.958 -0.0 -0.006 0.286 0.731 -0.0 -0.682 -0.038 0.971 -0.0 -0.019 0.24 
0.995 -0.079 0.002 0.052 -0.775 -0.0 -0.63 0.048 -0.95 0.0 -0.173 -0.261 0.989 0.0 0.07 -0.128 0.449 0.0 0.715 -0.535 -0.702 -0.0 -0.704 -0.108 -0.958 -0.0 -0.006 0.286 0.731 -0.0 -0.682 -0.038 0.971 0.0 -0.019 0.24 
0.995 -0.08 0.002 0.051 -0.775 -0.0 -0.63 0.049 -0.95 -0.0 -0.173 -0.261 0.989 0.0 0.072 -0.13 0.456 0.0 0.703 -0.547 -0.702 -0.0 -0.704 -0.108 -0.958 -0.0 -0.006 0.286 0.731 0.0 -0.682 -0.037 0.971 0.0 -0.019 0.24 
0.996 -0.079 0.002 0.051 -0.775 -0.0 -0.63 0.048 -0.95 -0.0 -0.173 -0.261 0.989 0.0 0.075 -0.127 0.458 -0.0 0.696 -0.554 -0.702 -0.0 -0.704 -0.108 -0.958 -0.0 -0.006 0.286 0.731 0.0 -0.682 -0.038 0.971 0.0 -0.019 0.24 
0.995 -0.08 0.002 0.051 -0.775 0.0 -0.631 0.049 -0.95 -0.0 -0.173 -0.26 0.989 0.0 0.077 -0.129 0.463 0.0 0.683 -0.566 -0.702 -0.0 -0.704 -0.108 -0.958 -0.0 -0.006 0.286 0.731 0.0 -0.682 -0.037 0.971 0.0 -0.019 0.24 
0.995 -0.08 0.002 0.051 -0.774 -0.0 -0.631 0.049 -0.95 -0.0 -0.173 -0.26 0.989 0.0 0.079 -0.129 0.467 0.0 0.673 -0.573 -0.702 -0.0 -0.704 -0.108 -0.958 -0.0 -0.006 0.286 0.731 0.0 -0.682 -0.037 0.97 -0.0 -0.019 0.24 
0.996 -0.079 0.002 0.051 -0.774 -0.0 -0.631 0.048 -0.95 0.0 -0.173 -0.26 0.989 0.0 0.082 -0.125 0.469 0.0 0.666 -0.58 -0.702 -0.0 -0.704 -0.109 -0.958 0.0 -0.006 0.286 0.731 0.0 -0.682 -0.038 0.97 -0.0 -0.019 0.24 
0.996 -0.079 0.002 0.05 -0.774 -0.0 -0.632 0.049 -0.95 -0.0 -0.172 -0.262 0.989 0.0 0.084 -0.124 0.472 0.0 0.655 -0.591 -0.702 -0.0 -0.704 -0.109 -0.958 -0.0 -0.006 0.286 0.731 -0.0 -0.682 -0.037 0.97 -0.0 -0.019 0.241 
0.996 -0.079 0.002 0.05 -0.774 -0.0 -0.631 0.048 -0.95 -0.0 -0.174 -0.26 0.989 0.0 0.086 -0.124 0.475 0.0 0.644 -0.6 -0.702 -0.0 -0.704 -0.109 -0.958 0.0 -0.006 0.286 0.731 0.0 -0.682 -0.038 0.97 0.0 -0.019 0.241 
0.996 -0.079 0.002 0.05 -0.773 -0.0 -0.632 0.049 -0.95 -0.0 -0.173 -0.261 0.988 0.0 0.088 -0.123 0.477 0.0 0.634 -0.608 -0.702 -0.0 -0.704 -0.109 -0.958 -0.0 -0.006 0.286 0.731 0.0 -0.682 -0.038 0.97 0.0 -0.019 0.241 
0.996 -0.079 0.002 0.05 -0.774 -0.0 -0.632 0.049 -0.95 -0.0 -0.174 -0.26 0.988 0.0 0.091 -0.122 0.48 -0.0 0.624 -0.616 -0.702 -0.0 -0.704 -0.109 -0.958 0.0 -0.006 0.286 0.731 -0.0 -0.682 -0.038 0.97 0.0 -0.019 0.241 
0.996 -0.079 0.002 0.049 -0.774 0.0 -0.632 0.049 -0.95 -0.0 -0.174 -0.26 0.988 0.0 0.093 -0.123 0.485 0.0 0.615 -0.622 -0.702 0.0 -0.704 -0.109 -0.958 -0.0 -0.006 0.286 0.731 0.0 -0.682 -0.038 0.97 0.0 -0.019 0.241 
0.996 -0.08 0.002 0.049 -0.773 -0.0 -0.632 0.051 -0.95 -0.0 -0.174 -0.261 0.988 0.0 0.094 -0.123 0.485 0.0 0.604 -0.632 -0.702 -0.0 -0.704 -0.109 -0.958 -0.0 -0.006 0.286 0.73 0.0 -0.682 -0.037 0.97 -0.0 -0.019 0.241 
0.996 -0.079 0.002 0.049 -0.773 0.0 -0.633 0.051 -0.95 -0.0 -0.174 -0.261 0.988 0.0 0.095 -0.123 0.488 0.0 0.596 -0.638 -0.702 0.0 -0.704 -0.109 -0.958 0.0 -0.006 0.286 0.73 0.0 -0.682 -0.038 0.97 -0.0 -0.019 0.241 
0.996 -0.079 0.002 0.049 -0.773 -0.0 -0.633 0.051 -0.95 -0.0 -0.174 -0.261 0.988 0.0 0.097 -0.123 0.49 0.0 0.588 -0.644 -0.702 -0.0 -0.704 -0.11 -0.958 -0.0 -0.006 0.286 0.73 0.0 -0.682 -0.038 0.97 0.0 -0.02 0.241 
0.996 -0.079 0.002 0.049 -0.773 -0.0 -0.632 0.051 -0.95 -0.0 -0.176 -0.259 0.988 0.0 0.098 -0.121 0.491 0.0 0.58 -0.65 -0.702 -0.0 -0.704 -0.11 -0.958 -0.0 -0.006 0.286 0.73 -0.0 -0.682 -0.038 0.97 -0.0 -0.02 0.241 
0.996 -0.079 0.002 0.048 -0.773 -0.0 -0.632 0.051 -0.95 -0.0 -0.176 -0.259 0.988 0.0 0.099 -0.121 0.493 0.0 0.573 -0.655 -0.702 -0.0 -0.704 -0.11 -0.958 -0.0 -0.006 0.286 0.73 0.0 -0.682 -0.038 0.97 0.0 -0.02 0.241 
0.996 -0.079 0.002 0.048 -0.773 -0.0 -0.632 0.051 -0.95 0.0 -0.176 -0.258 0.987 0.0 0.1 -0.122 0.495 0.0 0.566 -0.659 -0.702 -0.0 -0.704 -0.111 -0.958 0.0 -0.006 0.286 0.73 -0.0 -0.682 -0.038 0.97 0.0 -0.02 0.241 
0.996 -0.079 0.002 0.048 -0.773 -0.0 -0.632 0.051 -0.95 -0.0 -0.176 -0.258 0.987 0.0 0.102 -0.122 0.496 0.0 0.56 -0.664 -0.702 -0.0 -0.704 -0.111 -0.958 -0.0 -0.006 0.286 0.73 0.0 -0.682 -0.038 0.97 -0.0 -0.02 0.241 
0.996 -0.079 0.002 0.048 -0.773 -0.0 -0.632 0.051 -0.95 0.0 -0.176 -0.258 0.987 0.0 0.102 -0.12 0.496 0.0 0.554 -0.669 -0.702 -0.0 -0.704 -0.111 -0.958 -0.0 -0.006 0.286 0.73 0.0 -0.682 -0.038 0.97 0.0 -0.02 0.241 
0.996 -0.078 0.002 0.048 -0.773 0.0 -0.632 0.051 -0.95 -0.0 -0.176 -0.258 0.987 0.0 0.103 -0.121 0.498 0.0 0.548 -0.672 -0.702 -0.0 -0.703 -0.112 -0.958 -0.0 -0.006 0.286 0.73 0.0 -0.682 -0.039 0.97 0.0 -0.02 0.241 
0.996 -0.078 0.002 0.048 -0.773 -0.0 -0.632 0.051 -0.95 -0.0 -0.175 -0.258 0.987 0.0 0.103 -0.122 0.498 -0.0 0.543 -0.676 -0.702 -0.0 -0.703 -0.112 -0.958 0.0 -0.006 0.286 0.73 0.0 -0.682 -0.039 0.97 0.0 -0.021 0.241 
0.996 -0.078 0.002 0.048 -0.772 -0.0 -0.633 0.053 -0.95 -0.0 -0.174 -0.259 0.987 0.0 0.104 -0.122 0.499 0.0 0.54 -0.678 -0.702 -0.0 -0.703 -0.112 -0.958 -0.0 -0.006 0.286 0.73 0.0 -0.682 -0.039 0.97 0.0 -0.021 0.24 
0.996 -0.078 0.002 0.048 -0.773 -0.0 -0.632 0.052 -0.95 -0.0 -0.176 -0.257 0.987 -0.0 0.104 -0.123 0.499 -0.0 0.536 -0.681 -0.702 -0.0 -0.703 -0.112 -0.958 0.0 -0.006 0.286 0.73 -0.0 -0.682 -0.039 0.97 0.0 -0.021 0.24 
0.996 -0.078 0.002 0.048 -0.773 -0.0 -0.633 0.053 -0.95 0.0 -0.176 -0.257 0.987 0.0 0.104 -0.123 0.499 0.0 0.534 -0.682 -0.702 0.0 -0.703 -0.113 -0.958 -0.0 -0.007 0.286 0.73 0.0 -0.682 -0.04 0.97 0.0 -0.021 0.24 
0.996 -0.078 0.002 0.048 -0.773 -0.0 -0.633 0.053 -0.95 0.0 -0.176 -0.258 0.987 0.0 0.103 -0.123 0.498 0.0 0.534 -0.683 -0.702 -0.0 -0.703 -0.113 -0.958 0.0 -0.007 0.286 0.73 0.0 -0.682 -0.04 0.971 0.0 -0.021 0.24 
0.996 -0.078 0.002 0.048 -0.773 -0.0 -0.633 0.053 -0.95 -0.0 -0.176 -0.257 0.987 0.0 0.103 -0.124 0.499 -0.0 0.533 -0.684 -0.702 -0.0 -0.703 -0.113 -0.958 -0.0 -0.007 0.286 0.73 0.0 -0.682 -0.04 0.971 0.0 -0.021 0.24 
0.996 -0.077 0.002 0.048 -0.773 -0.0 -0.633 0.054 -0.95 -0.0 -0.175 -0.258 0.987 -0.0 0.102 -0.123 0.496 0.0 0.533 -0.685 -0.702 -0.0 -0.703 -0.114 -0.958 -0.0 -0.007 0.286 0.73 0.0 -0.682 -0.041 0.971 0.0 -0.022 0.24 
0.996 -0.077 0.002 0.049 -0.772 0.0 -0.633 0.054 -0.95 -0.0 -0.176 -0.257 0.987 0.0 0.1 -0.124 0.496 -0.0 0.534 -0.685 -0.702 -0.0 -0.703 -0.114 -0.958 -0.0 -0.007 0.286 0.73 0.0 -0.682 -0.041 0.971 0.0 -0.022 0.24 
0.996 -0.077 0.003 0.049 -0.772 -0.0 -0.633 0.054 -0.95 -0.0 -0.175 -0.257 0.987 0.0 0.1 -0.126 0.496 0.0 0.535 -0.684 -0.702 -0.0 -0.703 -0.114 -0.958 0.0 -0.007 0.286 0.73 0.0 -0.682 -0.041 0.971 0.0 -0.022 0.24 
0.996 -0.077 0.003 0.049 -0.772 -0.0 -0.633 0.055 -0.95 -0.0 -0.175 -0.257 0.987 0.0 0.099 -0.127 0.495 0.0 0.536 -0.684 -0.702 -0.0 -0.703 -0.114 -0.958 -0.0 -0.007 0.286 0.73 0.0 -0.682 -0.041 0.971 0.0 -0.022 0.24 
0.996 -0.077 0.003 0.048 -0.773 -0.0 -0.633 0.055 -0.95 0.0 -0.176 -0.256 0.987 0.0 0.097 -0.127 0.493 0.0 0.538 -0.683 -0.702 -0.0 -0.703 -0.114 -0.958 -0.0 -0.007 0.286 0.73 -0.0 -0.682 -0.041 0.971 0.0 -0.022 0.239 
0.996 -0.077 0.003 0.048 -0.772 -0.0 -0.633 0.055 -0.95 -0.0 -0.176 -0.256 0.987 0.0 0.096 -0.127 0.492 0.0 0.54 -0.683 -0.702 -0.0 -0.703 -0.115 -0.958 -0.0 -0.007 0.286 0.73 0.0 -0.682 -0.041 0.971 -0.0 -0.022 0.239 
0.996 -0.077 0.003 0.049 -0.772 -0.0 -0.633 0.057 -0.95 -0.0 -0.174 -0.258 0.987 0.0 0.095 -0.128 0.49 0.0 0.543 -0.682 -0.702 -0.0 -0.702 -0.115 -0.958 -0.0 -0.007 0.286 0.73 -0.0 -0.682 -0.041 0.971 0.0 -0.022 0.239 
0.996 -0.076 0.003 0.049 -0.772 0.0 -0.633 0.057 -0.95 -0.0 -0.175 -0.258 0.987 0.0 0.093 -0.129 0.488 0.0 0.546 -0.681 -0.702 -0.0 -0.702 -0.115 -0.958 -0.0 -0.007 0.286 0.73 0.0 -0.682 -0.042 0.971 0.0 -0.022 0.239 
0.996 -0.076 0.003 0.049 -0.772 -0.0 -0.633 0.057 -0.95 -0.0 -0.174 -0.258 0.987 -0.0 0.093 -0.13 0.488 0.0 0.551 -0.677 -0.702 -0.0 -0.702 -0.115 -0.958 -0.0 -0.007 0.286 0.73 0.0 -0.682 -0.042 0.971 0.0 -0.023 0.239 
0.996 -0.076 0.003 0.049 -0.772 -0.0 -0.633 0.058 -0.95 -0.0 -0.174 -0.258 0.987 0.0 0.091 -0.13 0.485 0.0 0.556 -0.675 -0.703 -0.0 -0.702 -0.116 -0.958 -0.0 -0.007 0.286 0.73 0.0 -0.682 -0.043 0.971 0.0 -0.023 0.239 
0.996 -0.076 0.003 0.049 -0.772 -0.0 -0.633 0.058 -0.95 -0.0 -0.175 -0.258 0.987 0.0 0.09 -0.131 0.484 0.0 0.561 -0.671 -0.703 -0.0 -0.702 -0.116 -0.958 -0.0 -0.008 0.286 0.73 0.0 -0.682 -0.043 0.971 -0.0 -0.023 0.239 
0.996 -0.076 0.003 0.049 -0.772 -0.0 -0.633 0.058 -0.95 -0.0 -0.175 -0.258 0.988 0.0 0.087 -0.13 0.481 0.0 0.568 -0.668 -0.703 -0.0 -0.702 -0.117 -0.958 -0.0 -0.008 0.286 0.73 -0.0 -0.682 -0.043 0.971 0.0 -0.024 0.239 
0.996 -0.075 0.003 0.049 -0.772 -0.0 -0.633 0.059 -0.95 -0.0 -0.175 -0.258 0.988 0.0 0.086 -0.131 0.48 0.0 0.574 -0.664 -0.703 0.0 -0.702 -0.117 -0.958 -0.0 -0.008 0.286 0.73 0.0 -0.682 -0.044 0.971 0.0 -0.024 0.239 
0.996 -0.075 0.003 0.05 -0.772 -0.0 -0.633 0.059 -0.95 -0.0 -0.175 -0.259 0.988 0.0 0.085 -0.132 0.477 0.0 0.58 -0.66 -0.703 -0.0 -0.702 -0.118 -0.958 -0.0 -0.009 0.286 0.73 0.0 -0.682 -0.046 0.971 0.0 -0.024 0.239 
0.996 -0.075 0.003 0.049 -0.772 -0.0 -0.633 0.06 -0.95 -0.0 -0.175 -0.259 0.988 -0.0 0.083 -0.131 0.473 0.0 0.588 -0.656 -0.703 -0.0 -0.702 -0.118 -0.958 0.0 -0.008 0.286 0.73 -0.0 -0.682 -0.045 0.971 0.0 -0.024 0.239 
0.996 -0.074 0.003 0.05 -0.773 -0.0 -0.632 0.058 -0.95 -0.0 -0.176 -0.257 0.988 0.0 0.081 -0.131 0.472 0.0 0.596 -0.65 -0.703 -0.0 -0.701 -0.119 -0.958 0.0 -0.009 0.286 0.73 0.0 -0.682 -0.047 0.971 0.0 -0.025 0.239 
0.996 -0.074 0.003 0.05 -0.773 0.0 -0.632 0.059 -0.95 -0.0 -0.176 -0.257 0.988 0.0 0.079 -0.131 0.469 0.0 0.604 -0.644 -0.703 0.0 -0.701 -0.12 -0.958 -0.0 -0.01 0.286 0.73 0.0 -0.682 -0.047 0.971 0.0 -0.025 0.239 
0.996 -0.074 0.003 0.05 -0.773 -0.0 -0.632 0.059 -0.95 -0.0 -0.176 -0.257 0.988 0.0 0.078 -0.132 0.467 0.0 0.611 -0.639 -0.703 0.0 -0.701 -0.12 -0.958 0.0 -0.01 0.286 0.73 -0.0 -0.682 -0.047 0.971 0.0 -0.025 0.239 
0.996 -0.074 0.003 0.05 -0.773 -0.0 -0.632 0.06 -0.95 -0.0 -0.175 -0.257 0.988 0.0 0.075 -0.131 0.464 0.0 0.619 -0.633 -0.703 -0.0 -0.701 -0.121 -0.958 -0.0 -0.01 0.286 0.73 0.0 -0.682 -0.048 0.971 0.0 -0.026 0.239 
0.996 -0.073 0.003 0.05 -0.772 -0.0 -0.633 0.061 -0.95 0.0 -0.174 -0.259 0.989 0.0 0.073 -0.131 0.461 0.0 0.628 -0.627 -0.703 -0.0 -0.701 -0.121 -0.958 -0.0 -0.01 0.286 0.73 0.0 -0.682 -0.048 0.971 0.0 -0.026 0.239 
0.996 -0.073 0.003 0.049 -0.773 -0.0 -0.632 0.06 -0.95 -0.0 -0.175 -0.257 0.989 0.0 0.072 -0.132 0.46 0.0 0.635 -0.621 -0.703 0.0 -0.701 -0.122 -0.958 -0.0 -0.01 0.286 0.73 -0.0 -0.682 -0.048 0.971 0.0 -0.026 0.239 
0.996 -0.073 0.003 0.049 -0.773 -0.0 -0.632 0.06 -0.95 -0.0 -0.174 -0.257 0.989 0.0 0.07 -0.132 0.457 0.0 0.644 -0.614 -0.703 0.0 -0.701 -0.122 -0.958 0.0 -0.01 0.286 0.73 0.0 -0.682 -0.048 0.971 0.0 -0.026 0.239 
0.996 -0.073 0.003 0.049 -0.773 0.0 -0.632 0.06 -0.95 -0.0 -0.174 -0.257 0.989 0.0 0.068 -0.13 0.454 0.0 0.652 -0.608 -0.703 -0.0 -0.701 -0.122 -0.958 -0.0 -0.01 0.286 0.73 0.0 -0.682 -0.049 0.971 0.0 -0.026 0.239 
0.996 -0.073 0.003 0.048 -0.773 -0.0 -0.632 0.061 -0.95 -0.0 -0.174 -0.257 0.989 -0.0 0.066 -0.13 0.451 0.0 0.66 -0.601 -0.703 0.0 -0.701 -0.123 -0.958 -0.0 -0.01 0.286 0.73 0.0 -0.681 -0.049 0.971 0.0 -0.026 0.239 
0.996 -0.073 0.003 0.048 -0.773 -0.0 -0.632 0.061 -0.95 0.0 -0.175 -0.258 0.989 0.0 0.065 -0.131 0.449 0.0 0.669 -0.593 -0.703 -0.0 -0.701 -0.123 -0.958 0.0 -0.01 0.286 0.73 0.0 -0.681 -0.049 0.971 0.0 -0.026 0.239 
0.996 -0.073 0.003 0.048 -0.772 -0.0 -0.632 0.061 -0.95 -0.0 -0.175 -0.257 0.989 -0.0 0.063 -0.131 0.447 0.0 0.676 -0.586 -0.702 -0.0 -0.701 -0.123 -0.958 -0.0 -0.01 0.286 0.73 0.0 -0.681 -0.049 0.971 0.0 -0.026 0.239 
0.996 -0.073 0.003 0.048 -0.772 -0.0 -0.632 0.061 -0.951 -0.0 -0.174 -0.258 0.989 0.0 0.062 -0.131 0.444 0.0 0.684 -0.579 -0.702 -0.0 -0.701 -0.123 -0.958 -0.0 -0.01 0.286 0.73 0.0 -0.681 -0.049 0.971 0.0 -0.026 0.239 
0.996 -0.072 0.003 0.048 -0.772 -0.0 -0.632 0.061 -0.951 -0.0 -0.173 -0.258 0.99 0.0 0.06 -0.13 0.44 0.0 0.692 -0.573 -0.702 -0.0 -0.701 -0.123 -0.958 -0.0 -0.01 0.285 0.73 0.0 -0.681 -0.049 0.971 0.0 -0.026 0.239 
0.996 -0.072 0.003 0.047 -0.772 -0.0 -0.632 0.061 -0.951 0.0 -0.173 -0.258 0.99 -0.0 0.058 -0.129 0.437 0.0 0.699 -0.566 -0.702 0.0 -0.701 -0.123 -0.958 -0.0 -0.01 0.285 0.73 0.0 -0.681 -0.049 0.971 -0.0 -0.026 0.239 
0.996 -0.073 0.003 0.047 -0.771 -0.0 -0.633 0.062 -0.95 -0.0 -0.172 -0.259 0.99 0.0 0.056 -0.13 0.433 0.0 0.705 -0.562 -0.702 -0.0 -0.701 -0.123 -0.958 0.0 -0.01 0.285 0.73 0.0 -0.681 -0.049 0.971 0.0 -0.026 0.239 
0.996 -0.072 0.003 0.047 -0.771 -0.0 -0.633 0.063 -0.95 -0.0 -0.172 -0.259 0.99 -0.0 0.054 -0.129 0.43 0.0 0.712 -0.555 -0.702 -0.0 -0.701 -0.123 -0.959 0.0 -0.009 0.285 0.73 0.0 -0.681 -0.049 0.971 0.0 -0.026 0.239 
0.996 -0.072 0.003 0.047 -0.772 -0.0 -0.633 0.062 -0.951 0.0 -0.173 -0.258 0.99 0.0 0.053 -0.129 0.428 0.0 0.72 -0.547 -0.702 -0.0 -0.701 -0.124 -0.959 -0.0 -0.009 0.285 0.73 0.0 -0.681 -0.049 0.971 0.0 -0.026 0.239 
0.996 -0.072 0.002 0.047 -0.771 -0.0 -0.633 0.063 -0.95 -0.0 -0.173 -0.259 0.99 0.0 0.051 -0.129 0.423 0.0 0.727 -0.541 -0.702 -0.0 -0.701 -0.124 -0.959 -0.0 -0.009 0.285 0.73 0.0 -0.681 -0.049 0.971 0.0 -0.025 0.239 
0.996 -0.072 0.002 0.046 -0.772 -0.0 -0.633 0.062 -0.95 -0.0 -0.174 -0.258 0.99 0.0 0.049 -0.129 0.42 0.0 0.734 -0.534 -0.702 -0.0 -0.701 -0.124 -0.959 -0.0 -0.009 0.285 0.73 0.0 -0.681 -0.049 0.971 0.0 -0.025 0.239 
0.996 -0.072 0.002 0.046 -0.772 -0.0 -0.633 0.062 -0.95 -0.0 -0.173 -0.258 0.991 0.0 0.048 -0.128 0.417 0.0 0.741 -0.527 -0.702 0.0 -0.702 -0.124 -0.959 -0.0 -0.009 0.284 0.73 0.0 -0.681 -0.049 0.971 -0.0 -0.025 0.239 
0.996 -0.072 0.002 0.046 -0.772 0.0 -0.633 0.062 -0.95 -0.0 -0.173 -0.258 0.991 -0.0 0.046 -0.128 0.414 0.0 0.748 -0.518 -0.702 0.0 -0.702 -0.124 -0.959 -0.0 -0.009 0.285 0.73 0.0 -0.681 -0.049 0.971 0.0 -0.025 0.239 
0.996 -0.072 0.002 0.046 -0.772 -0.0 -0.633 0.062 -0.95 -0.0 -0.173 -0.258 0.991 0.0 0.044 -0.128 0.41 -0.0 0.754 -0.513 -0.702 -0.0 -0.702 -0.124 -0.959 -0.0 -0.009 0.285 0.73 0.0 -0.681 -0.049 0.971 0.0 -0.025 0.239 
0.996 -0.072 0.002 0.045 -0.772 0.0 -0.633 0.063 -0.95 -0.0 -0.173 -0.258 0.991 0.0 0.042 -0.128 0.407 0.0 0.761 -0.505 -0.702 -0.0 -0.702 -0.124 -0.959 -0.0 -0.009 0.285 0.73 0.0 -0.681 -0.049 0.971 0.0 -0.025 0.239 
0.996 -0.072 0.002 0.045 -0.772 0.0 -0.633 0.063 -0.95 -0.0 -0.174 -0.259 0.991 0.0 0.04 -0.129 0.402 0.0 0.767 -0.499 -0.702 -0.0 -0.701 -0.125 -0.959 -0.0 -0.009 0.285 0.73 0.0 -0.681 -0.049 0.971 0.0 -0.025 0.24 
0.996 -0.072 0.002 0.045 -0.771 0.0 -0.633 0.063 -0.95 -0.0 -0.174 -0.259 0.991 0.0 0.039 -0.128 0.4 0.0 0.773 -0.492 -0.702 -0.0 -0.701 -0.124 -0.959 -0.0 -0.01 0.285 0.73 -0.0 -0.681 -0.049 0.971 0.0 -0.025 0.24 
0.996 -0.072 0.002 0.045 -0.771 -0.0 -0.633 0.063 -0.95 -0.0 -0.174 -0.259 0.991 0.0 0.039 -0.127 0.396 0.0 0.782 -0.481 -0.702 -0.0 -0.701 -0.125 -0.959 -0.0 -0.01 0.285 0.73 -0.0 -0.681 -0.05 0.97 0.0 -0.026 0.24 
0.996 -0.072 0.002 0.045 -0.771 0.0 -0.633 0.063 -0.95 0.0 -0.174 -0.259 0.991 0.0 0.037 -0.127 0.393 0.0 0.787 -0.476 -0.702 -0.0 -0.702 -0.125 -0.959 -0.0 -0.01 0.285 0.73 0.0 -0.681 -0.05 0.97 0.0 -0.025 0.24 
0.996 -0.072 0.002 0.045 -0.771 -0.0 -0.633 0.064 -0.95 -0.0 -0.174 -0.259 0.991 -0.0 0.036 -0.127 0.389 0.0 0.794 -0.468 -0.702 0.0 -0.702 -0.125 -0.959 0.0 -0.01 0.285 0.73 0.0 -0.681 -0.05 0.97 0.0 -0.025 0.24 
0.996 -0.072 0.002 0.045 -0.771 -0.0 -0.633 0.064 -0.95 0.0 -0.173 -0.259 0.991 -0.0 0.035 -0.128 0.385 0.0 0.799 -0.461 -0.702 -0.0 -0.701 -0.125 -0.959 -0.0 -0.01 0.285 0.73 0.0 -0.681 -0.05 0.97 0.0 -0.025 0.24 
0.996 -0.072 0.002 0.044 -0.771 0.0 -0.633 0.064 -0.95 -0.0 -0.174 -0.259 0.991 0.0 0.034 -0.128 0.382 0.0 0.805 -0.454 -0.702 -0.0 -0.702 -0.125 -0.959 -0.0 -0.01 0.285 0.73 0.0 -0.681 -0.05 0.97 0.0 -0.025 0.24 
0.996 -0.072 0.002 0.044 -0.771 -0.0 -0.634 0.064 -0.95 0.0 -0.174 -0.259 0.991 0.0 0.033 -0.128 0.378 0.0 0.81 -0.447 -0.702 0.0 -0.701 -0.125 -0.959 -0.0 -0.01 0.285 0.73 0.0 -0.681 -0.05 0.97 0.0 -0.025 0.24 
0.996 -0.072 0.002 0.043 -0.771 -0.0 -0.633 0.064 -0.95 -0.0 -0.174 -0.259 0.992 0.0 0.031 -0.126 0.374 0.0 0.816 -0.441 -0.701 -0.0 -0.702 -0.125 -0.958 0.0 -0.009 0.285 0.73 -0.0 -0.682 -0.048 0.971 0.0 -0.025 0.239 
0.996 -0.072 0.002 0.043 -0.771 0.0 -0.633 0.065 -0.95 -0.0 -0.174 -0.259 0.991 0.0 0.031 -0.127 0.372 0.0 0.82 -0.435 -0.702 0.0 -0.702 -0.125 -0.959 0.0 -0.009 0.285 0.73 0.0 -0.682 -0.048 0.971 0.0 -0.024 0.239 
0.996 -0.072 0.002 0.044 -0.77 -0.0 -0.634 0.066 -0.95 -0.0 -0.172 -0.261 0.991 0.0 0.03 -0.129 0.369 0.0 0.825 -0.429 -0.702 -0.0 -0.702 -0.125 -0.959 -0.0 -0.01 0.285 0.73 0.0 -0.681 -0.049 0.97 0.0 -0.025 0.24 
0.996 -0.072 0.002 0.043 -0.771 -0.0 -0.634 0.065 -0.95 -0.0 -0.174 -0.259 0.991 0.0 0.029 -0.128 0.366 -0.0 0.829 -0.423 -0.701 -0.0 -0.702 -0.125 -0.958 -0.0 -0.009 0.285 0.73 0.0 -0.682 -0.048 0.971 0.0 -0.024 0.239 
0.996 -0.073 0.002 0.043 -0.771 -0.0 -0.634 0.065 -0.95 -0.0 -0.174 -0.259 0.991 0.0 0.028 -0.128 0.363 0.0 0.833 -0.418 -0.702 0.0 -0.702 -0.125 -0.958 -0.0 -0.009 0.285 0.73 0.0 -0.682 -0.048 0.971 0.0 -0.024 0.239 
0.996 -0.073 0.002 0.043 -0.771 -0.0 -0.634 0.065 -0.95 -0.0 -0.174 -0.259 0.991 0.0 0.028 -0.129 0.361 0.0 0.836 -0.413 -0.702 -0.0 -0.702 -0.125 -0.958 -0.0 -0.009 0.285 0.73 0.0 -0.682 -0.048 0.971 0.0 -0.024 0.24 
0.996 -0.072 0.002 0.044 -0.771 0.0 -0.634 0.066 -0.95 -0.0 -0.173 -0.259 0.991 0.0 0.027 -0.129 0.359 0.0 0.839 -0.408 -0.701 -0.0 -0.702 -0.125 -0.958 0.0 -0.01 0.285 0.73 0.0 -0.681 -0.05 0.97 0.0 -0.025 0.241 
0.996 -0.072 0.002 0.043 -0.771 -0.0 -0.634 0.066 -0.95 -0.0 -0.174 -0.259 0.991 0.0 0.027 -0.128 0.357 0.0 0.842 -0.404 -0.702 0.0 -0.702 -0.125 -0.958 -0.0 -0.009 0.285 0.73 0.0 -0.682 -0.048 0.971 0.0 -0.025 0.24 
0.996 -0.073 0.002 0.043 -0.77 -0.0 -0.634 0.067 -0.95 -0.0 -0.173 -0.26 0.991 0.0 0.026 -0.128 0.356 0.0 0.844 -0.4 -0.702 -0.0 -0.702 -0.125 -0.958 -0.0 -0.009 0.285 0.73 0.0 -0.682 -0.048 0.971 0.0 -0.024 0.24 
0.996 -0.073 0.002 0.043 -0.771 -0.0 -0.634 0.066 -0.95 -0.0 -0.174 -0.259 0.991 0.0 0.026 -0.129 0.355 0.0 0.846 -0.397 -0.702 -0.0 -0.702 -0.125 -0.958 0.0 -0.009 0.285 0.73 0.0 -0.682 -0.048 0.971 0.0 -0.025 0.24 
0.996 -0.073 0.002 0.043 -0.77 -0.0 -0.634 0.067 -0.95 -0.0 -0.173 -0.26 0.991 0.0 0.026 -0.129 0.355 0.0 0.848 -0.393 -0.702 -0.0 -0.702 -0.125 -0.958 0.0 -0.009 0.285 0.73 0.0 -0.682 -0.048 0.97 0.0 -0.025 0.24 
0.996 -0.073 0.002 0.043 -0.77 -0.0 -0.634 0.067 -0.95 -0.0 -0.173 -0.26 0.991 0.0 0.026 -0.13 0.355 0.0 0.849 -0.391 -0.702 0.0 -0.702 -0.125 -0.958 -0.0 -0.009 0.285 0.73 0.0 -0.682 -0.048 0.97 0.0 -0.025 0.24 
0.996 -0.073 0.002 0.043 -0.771 -0.0 -0.633 0.067 -0.95 -0.0 -0.174 -0.258 0.991 0.0 0.026 -0.13 0.355 -0.0 0.85 -0.39 -0.702 -0.0 -0.701 -0.125 -0.958 -0.0 -0.009 0.286 0.73 0.0 -0.682 -0.048 0.97 0.0 -0.025 0.24 
0.996 -0.073 0.002 0.043 -0.771 -0.0 -0.633 0.067 -0.95 -0.0 -0.174 -0.258 0.991 0.0 0.027 -0.13 0.356 0.0 0.849 -0.389 -0.702 -0.0 -0.701 -0.125 -0.958 -0.0 -0.009 0.286 0.73 -0.0 -0.682 -0.048 0.97 0.0 -0.025 0.24 
0.996 -0.073 0.002 0.043 -0.771 -0.0 -0.633 0.067 -0.95 -0.0 -0.174 -0.258 0.991 -0.0 0.028 -0.13 0.358 0.0 0.849 -0.389 -0.702 0.0 -0.701 -0.125 -0.958 0.0 -0.009 0.286 0.73 0.0 -0.682 -0.048 0.971 0.0 -0.025 0.24 
0.996 -0.073 0.002 0.043 -0.771 -0.0 -0.633 0.067 -0.95 -0.0 -0.174 -0.258 0.991 0.0 0.028 -0.13 0.359 0.0 0.848 -0.389 -0.702 -0.0 -0.701 -0.125 -0.958 0.0 -0.009 0.286 0.73 0.0 -0.682 -0.048 0.97 0.0 -0.025 0.24 
0.996 -0.073 0.002 0.043 -0.771 -0.0 -0.633 0.067 -0.95 -0.0 -0.174 -0.258 0.991 0.0 0.029 -0.13 0.361 0.0 0.847 -0.391 -0.702 -0.0 -0.701 -0.125 -0.958 -0.0 -0.009 0.286 0.73 0.0 -0.682 -0.048 0.97 0.0 -0.025 0.24 
0.996 -0.073 0.002 0.043 -0.771 -0.0 -0.633 0.067 -0.95 -0.0 -0.174 -0.258 0.991 0.0 0.03 -0.13 0.363 0.0 0.845 -0.393 -0.702 -0.0 -0.701 -0.125 -0.958 -0.0 -0.009 0.286 0.73 0.0 -0.682 -0.048 0.97 0.0 -0.025 0.24 
0.996 -0.073 0.002 0.043 -0.771 0.0 -0.633 0.067 -0.95 -0.0 -0.175 -0.258 0.991 0.0 0.031 -0.132 0.367 0.0 0.842 -0.396 -0.702 0.0 -0.701 -0.125 -0.958 0.0 -0.009 0.286 0.729 0.0 -0.682 -0.048 0.97 0.0 -0.025 0.24 
0.996 -0.073 0.002 0.043 -0.771 0.0 -0.633 0.067 -0.95 -0.0 -0.175 -0.258 0.991 0.0 0.032 -0.13 0.369 0.0 0.84 -0.398 -0.702 -0.0 -0.701 -0.125 -0.958 -0.0 -0.009 0.286 0.729 0.0 -0.682 -0.048 0.97 0.0 -0.025 0.24 
0.996 -0.073 0.003 0.043 -0.772 -0.0 -0.633 0.067 -0.95 0.0 -0.175 -0.258 0.991 -0.0 0.033 -0.131 0.373 -0.0 0.837 -0.401 -0.702 -0.0 -0.701 -0.125 -0.958 -0.0 -0.009 0.286 0.729 0.0 -0.682 -0.048 0.97 -0.0 -0.025 0.24 
0.996 -0.072 0.003 0.044 -0.772 -0.0 -0.632 0.067 -0.95 0.0 -0.174 -0.258 0.991 0.0 0.034 -0.131 0.376 -0.0 0.833 -0.405 -0.702 -0.0 -0.701 -0.125 -0.958 0.0 -0.009 0.286 0.729 0.0 -0.682 -0.048 0.97 0.0 -0.025 0.24 
0.996 -0.072 0.003 0.044 -0.772 -0.0 -0.632 0.067 -0.95 -0.0 -0.174 -0.258 0.991 0.0 0.035 -0.131 0.379 0.0 0.83 -0.409 -0.702 -0.0 -0.701 -0.125 -0.958 -0.0 -0.009 0.286 0.729 0.0 -0.683 -0.048 0.971 -0.0 -0.025 0.24 
0.996 -0.072 0.003 0.044 -0.772 0.0 -0.632 0.067 -0.95 0.0 -0.174 -0.258 0.991 0.0 0.036 -0.131 0.383 0.0 0.826 -0.413 -0.702 0.0 -0.701 -0.125 -0.958 -0.0 -0.009 0.286 0.729 0.0 -0.683 -0.048 0.971 0.0 -0.025 0.24 
0.996 -0.072 0.003 0.044 -0.772 -0.0 -0.632 0.067 -0.95 -0.0 -0.174 -0.258 0.991 -0.0 0.037 -0.13 0.385 0.0 0.823 -0.418 -0.702 -0.0 -0.701 -0.125 -0.958 -0.0 -0.009 0.286 0.729 -0.0 -0.683 -0.048 0.971 0.0 -0.025 0.24 
0.996 -0.073 0.003 0.044 -0.772 0.0 -0.632 0.067 -0.95 -0.0 -0.174 -0.259 0.991 0.0 0.039 -0.13 0.39 0.0 0.817 -0.425 -0.702 -0.0 -0.701 -0.125 -0.958 -0.0 -0.009 0.286 0.729 -0.0 -0.683 -0.048 0.971 0.0 -0.025 0.239 
0.996 -0.073 0.003 0.044 -0.772 -0.0 -0.632 0.067 -0.95 -0.0 -0.174 -0.259 0.991 0.0 0.041 -0.131 0.394 0.0 0.811 -0.432 -0.702 -0.0 -0.701 -0.125 -0.958 0.0 -0.009 0.286 0.729 -0.0 -0.683 -0.048 0.971 0.0 -0.025 0.239 
0.996 -0.072 0.003 0.044 -0.772 -0.0 -0.632 0.067 -0.95 -0.0 -0.173 -0.259 0.991 0.0 0.042 -0.13 0.397 0.0 0.806 -0.439 -0.702 -0.0 -0.701 -0.125 -0.958 -0.0 -0.009 0.286 0.729 0.0 -0.683 -0.048 0.971 0.0 -0.025 0.239 
0.996 -0.073 0.003 0.044 -0.772 0.0 -0.632 0.067 -0.95 -0.0 -0.173 -0.259 0.99 0.0 0.045 -0.13 0.403 0.0 0.798 -0.448 -0.702 -0.0 -0.701 -0.125 -0.958 0.0 -0.009 0.286 0.729 0.0 -0.683 -0.048 0.971 0.0 -0.025 0.239 
0.996 -0.073 0.003 0.044 -0.772 0.0 -0.632 0.068 -0.95 -0.0 -0.173 -0.259 0.99 0.0 0.046 -0.131 0.407 0.0 0.789 -0.46 -0.702 0.0 -0.701 -0.124 -0.958 -0.0 -0.008 0.286 0.729 0.0 -0.683 -0.047 0.971 0.0 -0.025 0.239 
0.996 -0.073 0.003 0.045 -0.772 -0.0 -0.632 0.068 -0.95 -0.0 -0.173 -0.259 0.99 0.0 0.048 -0.131 0.411 0.0 0.782 -0.469 -0.702 -0.0 -0.701 -0.124 -0.958 -0.0 -0.008 0.286 0.729 0.0 -0.683 -0.047 0.971 -0.0 -0.025 0.239 
0.996 -0.073 0.003 0.045 -0.772 -0.0 -0.632 0.068 -0.95 -0.0 -0.173 -0.26 0.99 0.0 0.05 -0.131 0.415 0.0 0.775 -0.476 -0.702 -0.0 -0.701 -0.124 -0.958 -0.0 -0.008 0.286 0.729 0.0 -0.683 -0.047 0.971 0.0 -0.024 0.239 
0.996 -0.073 0.003 0.045 -0.772 0.0 -0.632 0.068 -0.95 -0.0 -0.172 -0.26 0.99 -0.0 0.053 -0.13 0.42 0.0 0.767 -0.486 -0.702 -0.0 -0.701 -0.123 -0.958 0.0 -0.008 0.286 0.729 0.0 -0.683 -0.047 0.971 0.0 -0.024 0.239 
0.996 -0.073 0.003 0.045 -0.772 -0.0 -0.632 0.068 -0.95 0.0 -0.172 -0.26 0.99 0.0 0.055 -0.129 0.424 0.0 0.759 -0.494 -0.702 -0.0 -0.701 -0.123 -0.958 -0.0 -0.008 0.286 0.729 -0.0 -0.683 -0.047 0.971 0.0 -0.024 0.24 
0.996 -0.073 0.003 0.045 -0.772 -0.0 -0.632 0.068 -0.95 -0.0 -0.173 -0.26 0.99 0.0 0.058 -0.128 0.427 0.0 0.751 -0.504 -0.702 -0.0 -0.701 -0.123 -0.958 -0.0 -0.008 0.286 0.729 0.0 -0.683 -0.047 0.971 -0.0 -0.024 0.24 
0.996 -0.073 0.002 0.045 -0.772 -0.0 -0.632 0.068 -0.95 0.0 -0.172 -0.26 0.99 -0.0 0.06 -0.128 0.432 0.0 0.744 -0.51 -0.702 0.0 -0.701 -0.123 -0.958 -0.0 -0.008 0.286 0.729 0.0 -0.683 -0.047 0.971 0.0 -0.024 0.24 
0.996 -0.073 0.002 0.045 -0.772 -0.0 -0.632 0.068 -0.95 -0.0 -0.172 -0.26 0.99 0.0 0.062 -0.126 0.435 0.0 0.736 -0.518 -0.702 0.0 -0.701 -0.123 -0.958 -0.0 -0.008 0.286 0.729 0.0 -0.683 -0.047 0.971 0.0 -0.024 0.24 
0.996 -0.073 0.002 0.045 -0.772 -0.0 -0.632 0.068 -0.95 -0.0 -0.172 -0.26 0.99 0.0 0.065 -0.126 0.44 -0.0 0.727 -0.527 -0.702 -0.0 -0.702 -0.122 -0.958 -0.0 -0.008 0.286 0.729 0.0 -0.683 -0.047 0.971 0.0 -0.024 0.24 
0.996 -0.073 0.002 0.046 -0.772 0.0 -0.632 0.067 -0.95 0.0 -0.172 -0.26 0.99 0.0 0.068 -0.126 0.443 0.0 0.719 -0.535 -0.702 -0.0 -0.701 -0.122 -0.958 0.0 -0.008 0.286 0.729 -0.0 -0.683 -0.047 0.971 0.0 -0.024 0.24 
0.996 -0.073 0.002 0.045 -0.772 -0.0 -0.632 0.068 -0.95 -0.0 -0.172 -0.26 0.99 0.0 0.07 -0.124 0.447 0.0 0.709 -0.545 -0.702 -0.0 -0.702 -0.122 -0.958 -0.0 -0.008 0.286 0.729 0.0 -0.683 -0.047 0.971 0.0 -0.024 0.24 
0.996 -0.073 0.002 0.046 -0.772 0.0 -0.633 0.067 -0.95 -0.0 -0.172 -0.26 0.99 0.0 0.072 -0.123 0.45 0.0 0.701 -0.553 -0.702 -0.0 -0.701 -0.123 -0.958 0.0 -0.008 0.286 0.729 0.0 -0.683 -0.047 0.971 -0.0 -0.024 0.24 
0.996 -0.073 0.003 0.046 -0.771 -0.0 -0.633 0.067 -0.95 -0.0 -0.171 -0.26 0.99 0.0 0.075 -0.123 0.455 0.0 0.692 -0.561 -0.702 -0.0 -0.701 -0.122 -0.958 -0.0 -0.008 0.286 0.729 0.0 -0.683 -0.046 0.971 0.0 -0.024 0.24 
0.996 -0.073 0.002 0.046 -0.771 -0.0 -0.633 0.067 -0.95 -0.0 -0.172 -0.261 0.99 0.0 0.077 -0.121 0.458 0.0 0.684 -0.568 -0.702 -0.0 -0.702 -0.122 -0.958 0.0 -0.008 0.286 0.729 0.0 -0.683 -0.047 0.971 0.0 -0.024 0.24 
0.996 -0.073 0.002 0.045 -0.771 -0.0 -0.633 0.068 -0.95 -0.0 -0.172 -0.261 0.989 -0.0 0.08 -0.122 0.462 -0.0 0.676 -0.575 -0.702 0.0 -0.702 -0.122 -0.958 -0.0 -0.008 0.286 0.729 -0.0 -0.683 -0.046 0.971 -0.0 -0.024 0.24 
0.996 -0.074 0.002 0.045 -0.771 -0.0 -0.633 0.068 -0.95 -0.0 -0.171 -0.261 0.989 0.0 0.082 -0.121 0.465 0.0 0.668 -0.581 -0.702 -0.0 -0.702 -0.122 -0.958 -0.0 -0.008 0.286 0.729 0.0 -0.683 -0.046 0.971 0.0 -0.024 0.239 
0.996 -0.073 0.002 0.045 -0.771 -0.0 -0.633 0.068 -0.95 -0.0 -0.171 -0.262 0.989 0.0 0.084 -0.121 0.469 -0.0 0.661 -0.586 -0.702 -0.0 -0.701 -0.122 -0.958 -0.0 -0.008 0.286 0.729 0.0 -0.683 -0.046 0.971 0.0 -0.024 0.24 
0.996 -0.073 0.002 0.045 -0.771 -0.0 -0.633 0.068 -0.95 -0.0 -0.171 -0.262 0.989 0.0 0.086 -0.122 0.473 0.0 0.653 -0.592 -0.702 0.0 -0.701 -0.122 -0.958 -0.0 -0.008 0.286 0.729 0.0 -0.683 -0.046 0.971 -0.0 -0.024 0.24 
0.996 -0.073 0.003 0.045 -0.771 -0.0 -0.633 0.067 -0.95 -0.0 -0.171 -0.262 0.989 0.0 0.087 -0.12 0.476 -0.0 0.648 -0.595 -0.702 -0.0 -0.701 -0.122 -0.958 -0.0 -0.008 0.286 0.729 0.0 -0.683 -0.046 0.971 0.0 -0.024 0.24 
0.996 -0.074 0.003 0.046 -0.771 -0.0 -0.633 0.068 -0.95 0.0 -0.172 -0.261 0.989 -0.0 0.09 -0.121 0.479 0.0 0.641 -0.6 -0.702 -0.0 -0.701 -0.121 -0.958 -0.0 -0.008 0.286 0.729 -0.0 -0.683 -0.046 0.971 0.0 -0.024 0.24 
0.996 -0.073 0.003 0.045 -0.771 -0.0 -0.634 0.068 -0.95 0.0 -0.171 -0.262 0.989 0.0 0.091 -0.119 0.481 0.0 0.635 -0.604 -0.702 -0.0 -0.701 -0.122 -0.958 -0.0 -0.008 0.286 0.729 0.0 -0.683 -0.046 0.971 0.0 -0.024 0.24 
0.996 -0.074 0.003 0.045 -0.771 0.0 -0.634 0.068 -0.95 -0.0 -0.172 -0.261 0.988 -0.0 0.093 -0.12 0.484 0.0 0.627 -0.61 -0.702 0.0 -0.701 -0.121 -0.958 -0.0 -0.008 0.286 0.729 0.0 -0.683 -0.045 0.971 0.0 -0.024 0.239 
0.996 -0.073 0.003 0.045 -0.771 -0.0 -0.634 0.067 -0.95 -0.0 -0.171 -0.262 0.988 0.0 0.094 -0.119 0.486 0.0 0.621 -0.615 -0.702 -0.0 -0.701 -0.122 -0.958 -0.0 -0.008 0.286 0.729 0.0 -0.683 -0.046 0.971 0.0 -0.023 0.239 
0.996 -0.073 0.003 0.045 -0.77 0.0 -0.634 0.067 -0.95 0.0 -0.171 -0.261 0.988 0.0 0.096 -0.119 0.488 0.0 0.614 -0.62 -0.702 -0.0 -0.702 -0.121 -0.958 -0.0 -0.008 0.286 0.729 0.0 -0.683 -0.046 0.971 0.0 -0.023 0.24 
0.996 -0.073 0.003 0.045 -0.77 -0.0 -0.634 0.068 -0.95 -0.0 -0.171 -0.262 0.988 0.0 0.097 -0.119 0.492 0.0 0.607 -0.624 -0.702 -0.0 -0.701 -0.122 -0.958 -0.0 -0.008 0.286 0.729 0.0 -0.683 -0.046 0.971 0.0 -0.023 0.24 
0.996 -0.073 0.003 0.045 -0.77 -0.0 -0.634 0.068 -0.95 0.0 -0.171 -0.262 0.988 0.0 0.099 -0.119 0.494 -0.0 0.6 -0.63 -0.702 -0.0 -0.702 -0.122 -0.958 -0.0 -0.007 0.286 0.729 0.0 -0.683 -0.046 0.971 0.0 -0.023 0.24 
0.996 -0.073 0.002 0.046 -0.77 -0.0 -0.635 0.068 -0.95 -0.0 -0.171 -0.262 0.988 0.0 0.101 -0.12 0.496 0.0 0.594 -0.634 -0.702 -0.0 -0.701 -0.122 -0.958 -0.0 -0.008 0.286 0.729 -0.0 -0.683 -0.047 0.97 -0.0 -0.024 0.24 
0.996 -0.073 0.002 0.046 -0.77 -0.0 -0.635 0.068 -0.95 -0.0 -0.171 -0.262 0.987 0.0 0.103 -0.12 0.498 0.0 0.587 -0.638 -0.702 -0.0 -0.702 -0.122 -0.958 -0.0 -0.008 0.286 0.729 0.0 -0.683 -0.047 0.97 0.0 -0.024 0.24 
0.996 -0.073 0.002 0.046 -0.77 0.0 -0.635 0.068 -0.95 -0.0 -0.171 -0.262 0.987 -0.0 0.104 -0.12 0.5 0.0 0.583 -0.64 -0.702 -0.0 -0.701 -0.122 -0.958 -0.0 -0.008 0.286 0.729 0.0 -0.683 -0.047 0.97 0.0 -0.024 0.24 
0.996 -0.073 0.002 0.046 -0.77 -0.0 -0.635 0.068 -0.95 -0.0 -0.171 -0.262 0.987 -0.0 0.106 -0.12 0.501 0.0 0.578 -0.645 -0.702 -0.0 -0.701 -0.122 -0.958 -0.0 -0.008 0.286 0.729 0.0 -0.683 -0.047 0.97 0.0 -0.024 0.24 
0.996 -0.073 0.002 0.046 -0.769 -0.0 -0.635 0.068 -0.95 -0.0 -0.171 -0.262 0.987 0.0 0.107 -0.119 0.503 0.0 0.573 -0.648 -0.702 -0.0 -0.701 -0.122 -0.958 -0.0 -0.008 0.286 0.729 0.0 -0.683 -0.047 0.97 -0.0 -0.024 0.24 
0.996 -0.073 0.002 0.046 -0.769 -0.0 -0.635 0.068 -0.95 -0.0 -0.171 -0.262 0.987 0.0 0.108 -0.119 0.505 0.0 0.569 -0.649 -0.702 0.0 -0.701 -0.122 -0.958 -0.0 -0.008 0.286 0.729 0.0 -0.683 -0.047 0.97 0.0 -0.024 0.24 
0.996 -0.073 0.002 0.046 -0.769 0.0 -0.635 0.067 -0.95 -0.0 -0.171 -0.262 0.987 0.0 0.109 -0.119 0.506 0.0 0.564 -0.652 -0.702 -0.0 -0.701 -0.122 -0.958 -0.0 -0.008 0.286 0.729 -0.0 -0.683 -0.047 0.97 0.0 -0.024 0.24 
0.996 -0.073 0.002 0.046 -0.769 -0.0 -0.635 0.068 -0.95 0.0 -0.171 -0.262 0.987 0.0 0.11 -0.119 0.508 0.0 0.559 -0.656 -0.702 -0.0 -0.701 -0.122 -0.958 -0.0 -0.008 0.286 0.729 0.0 -0.683 -0.047 0.97 0.0 -0.024 0.24 
0.996 -0.073 0.002 0.046 -0.769 0.0 -0.635 0.067 -0.95 -0.0 -0.171 -0.261 0.987 0.0 0.111 -0.12 0.509 0.0 0.554 -0.659 -0.702 -0.0 -0.701 -0.122 -0.958 -0.0 -0.008 0.286 0.729 0.0 -0.683 -0.048 0.97 0.0 -0.024 0.24 
0.996 -0.072 0.003 0.046 -0.769 -0.0 -0.635 0.067 -0.95 -0.0 -0.172 -0.261 0.986 0.0 0.112 -0.12 0.511 0.0 0.547 -0.663 -0.702 -0.0 -0.701 -0.122 -0.958 0.0 -0.008 0.286 0.729 0.0 -0.683 -0.047 0.97 0.0 -0.024 0.24 
0.996 -0.072 0.002 0.046 -0.769 -0.0 -0.635 0.067 -0.95 -0.0 -0.172 -0.261 0.986 0.0 0.114 -0.121 0.513 0.0 0.542 -0.666 -0.702 0.0 -0.701 -0.122 -0.958 0.0 -0.008 0.286 0.729 0.0 -0.683 -0.047 0.971 0.0 -0.024 0.24 
0.996 -0.072 0.003 0.046 -0.769 0.0 -0.635 0.068 -0.95 -0.0 -0.172 -0.261 0.986 0.0 0.115 -0.121 0.513 -0.0 0.537 -0.669 -0.702 -0.0 -0.701 -0.123 -0.958 -0.0 -0.008 0.287 0.729 0.0 -0.683 -0.047 0.97 0.0 -0.024 0.24 
0.996 -0.072 0.003 0.046 -0.769 -0.0 -0.635 0.068 -0.95 -0.0 -0.172 -0.261 0.986 -0.0 0.115 -0.121 0.515 0.0 0.533 -0.671 -0.702 0.0 -0.701 -0.123 -0.958 0.0 -0.008 0.287 0.729 0.0 -0.683 -0.048 0.971 0.0 -0.024 0.24 
0.996 -0.072 0.003 0.046 -0.769 -0.0 -0.635 0.068 -0.95 0.0 -0.172 -0.261 0.986 0.0 0.116 -0.122 0.516 0.0 0.529 -0.674 -0.702 0.0 -0.701 -0.123 -0.958 -0.0 -0.008 0.287 0.729 0.0 -0.683 -0.048 0.97 0.0 -0.025 0.24 
0.996 -0.072 0.003 0.046 -0.769 0.0 -0.635 0.068 -0.95 -0.0 -0.172 -0.261 0.986 -0.0 0.117 -0.122 0.517 0.0 0.525 -0.676 -0.703 -0.0 -0.701 -0.123 -0.958 -0.0 -0.008 0.287 0.729 0.0 -0.683 -0.048 0.97 0.0 -0.025 0.24 
0.996 -0.072 0.003 0.046 -0.769 -0.0 -0.635 0.068 -0.95 0.0 -0.172 -0.261 0.986 0.0 0.117 -0.123 0.515 0.0 0.523 -0.678 -0.702 -0.0 -0.701 -0.123 -0.958 -0.0 -0.008 0.287 0.729 -0.0 -0.683 -0.048 0.971 0.0 -0.025 0.24 
0.996 -0.072 0.003 0.046 -0.769 -0.0 -0.635 0.067 -0.95 -0.0 -0.172 -0.261 0.985 -0.0 0.117 -0.123 0.517 -0.0 0.521 -0.679 -0.703 -0.0 -0.701 -0.123 -0.958 -0.0 -0.008 0.287 0.729 -0.0 -0.683 -0.048 0.971 0.0 -0.025 0.24 
0.996 -0.071 0.003 0.046 -0.769 -0.0 -0.635 0.067 -0.95 0.0 -0.172 -0.261 0.985 0.0 0.117 -0.124 0.517 0.0 0.518 -0.682 -0.702 -0.0 -0.701 -0.123 -0.958 -0.0 -0.008 0.287 0.729 0.0 -0.683 -0.048 0.971 0.0 -0.025 0.24 
0.996 -0.071 0.003 0.046 -0.769 -0.0 -0.636 0.067 -0.95 -0.0 -0.172 -0.261 0.985 0.0 0.118 -0.124 0.518 -0.0 0.517 -0.682 -0.702 -0.0 -0.701 -0.123 -0.958 0.0 -0.008 0.287 0.729 0.0 -0.683 -0.048 0.971 0.0 -0.025 0.24 
0.996 -0.071 0.003 0.047 -0.769 -0.0 -0.636 0.067 -0.95 -0.0 -0.172 -0.26 0.985 0.0 0.117 -0.124 0.517 0.0 0.515 -0.684 -0.702 0.0 -0.701 -0.123 -0.958 -0.0 -0.008 0.287 0.729 0.0 -0.683 -0.048 0.971 0.0 -0.025 0.24 
0.996 -0.071 0.003 0.047 -0.769 -0.0 -0.636 0.067 -0.95 -0.0 -0.172 -0.26 0.985 0.0 0.118 -0.124 0.517 0.0 0.513 -0.685 -0.702 0.0 -0.701 -0.123 -0.958 -0.0 -0.008 0.287 0.729 0.0 -0.683 -0.048 0.971 -0.0 -0.025 0.239 
0.996 -0.071 0.002 0.047 -0.769 -0.0 -0.636 0.067 -0.95 -0.0 -0.172 -0.26 0.985 -0.0 0.119 -0.125 0.517 0.0 0.512 -0.686 -0.702 0.0 -0.702 -0.123 -0.958 -0.0 -0.008 0.286 0.729 0.0 -0.682 -0.048 0.971 0.0 -0.024 0.239 
0.996 -0.071 0.003 0.047 -0.769 -0.0 -0.636 0.067 -0.95 -0.0 -0.172 -0.26 0.985 0.0 0.119 -0.125 0.516 -0.0 0.511 -0.688 -0.702 -0.0 -0.701 -0.124 -0.958 -0.0 -0.008 0.287 0.729 0.0 -0.683 -0.049 0.971 0.0 -0.025 0.239 
0.996 -0.071 0.002 0.047 -0.769 -0.0 -0.636 0.067 -0.95 -0.0 -0.171 -0.26 0.985 0.0 0.119 -0.128 0.517 -0.0 0.51 -0.688 -0.702 -0.0 -0.702 -0.122 -0.958 -0.0 -0.007 0.286 0.73 -0.0 -0.682 -0.048 0.971 0.0 -0.025 0.24 
0.996 -0.071 0.003 0.047 -0.769 -0.0 -0.636 0.067 -0.95 -0.0 -0.171 -0.261 0.984 0.0 0.119 -0.129 0.518 0.0 0.51 -0.686 -0.702 -0.0 -0.701 -0.123 -0.958 0.0 -0.008 0.287 0.729 0.0 -0.683 -0.048 0.971 0.0 -0.025 0.24 
0.996 -0.071 0.003 0.047 -0.769 0.0 -0.636 0.066 -0.95 -0.0 -0.17 -0.261 0.985 -0.0 0.118 -0.129 0.516 0.0 0.512 -0.686 -0.702 -0.0 -0.701 -0.123 -0.958 -0.0 -0.008 0.287 0.729 0.0 -0.683 -0.049 0.97 0.0 -0.025 0.24 
0.996 -0.071 0.002 0.048 -0.769 0.0 -0.636 0.067 -0.95 -0.0 -0.17 -0.262 0.984 0.0 0.118 -0.13 0.515 -0.0 0.513 -0.686 -0.702 0.0 -0.702 -0.122 -0.958 -0.0 -0.008 0.287 0.729 0.0 -0.682 -0.049 0.97 0.0 -0.024 0.24 
0.996 -0.071 0.003 0.047 -0.769 -0.0 -0.636 0.066 -0.95 -0.0 -0.17 -0.262 0.985 0.0 0.117 -0.13 0.515 0.0 0.515 -0.685 -0.702 -0.0 -0.701 -0.123 -0.958 -0.0 -0.008 0.287 0.729 -0.0 -0.683 -0.049 0.97 0.0 -0.025 0.24 
0.996 -0.071 0.003 0.047 -0.769 -0.0 -0.636 0.066 -0.95 -0.0 -0.17 -0.262 0.985 0.0 0.115 -0.128 0.511 -0.0 0.52 -0.684 -0.702 -0.0 -0.701 -0.124 -0.958 -0.0 -0.008 0.287 0.729 0.0 -0.683 -0.049 0.97 -0.0 -0.025 0.24 
0.996 -0.071 0.003 0.047 -0.769 -0.0 -0.636 0.065 -0.95 -0.0 -0.17 -0.262 0.985 0.0 0.115 -0.128 0.509 -0.0 0.524 -0.683 -0.702 0.0 -0.701 -0.124 -0.958 -0.0 -0.009 0.287 0.729 0.0 -0.683 -0.049 0.97 0.0 -0.025 0.24 
0.996 -0.071 0.003 0.047 -0.769 -0.0 -0.636 0.066 -0.95 -0.0 -0.17 -0.263 0.985 0.0 0.113 -0.128 0.506 -0.0 0.528 -0.682 -0.702 -0.0 -0.701 -0.124 -0.958 -0.0 -0.008 0.287 0.729 0.0 -0.683 -0.049 0.97 0.0 -0.025 0.24 
0.996 -0.071 0.003 0.047 -0.769 -0.0 -0.636 0.066 -0.95 -0.0 -0.17 -0.263 0.985 0.0 0.111 -0.128 0.504 0.0 0.533 -0.679 -0.703 -0.0 -0.701 -0.124 -0.958 -0.0 -0.008 0.288 0.729 0.0 -0.683 -0.048 0.971 0.0 -0.025 0.24 
0.996 -0.07 0.003 0.047 -0.769 -0.0 -0.636 0.065 -0.95 -0.0 -0.169 -0.264 0.986 0.0 0.11 -0.129 0.502 0.0 0.539 -0.677 -0.703 -0.0 -0.701 -0.124 -0.958 -0.0 -0.009 0.288 0.729 0.0 -0.682 -0.05 0.97 0.0 -0.025 0.24 
0.996 -0.071 0.003 0.047 -0.769 -0.0 -0.636 0.065 -0.95 -0.0 -0.169 -0.264 0.986 0.0 0.109 -0.129 0.5 -0.0 0.544 -0.674 -0.703 -0.0 -0.701 -0.124 -0.958 -0.0 -0.009 0.288 0.729 0.0 -0.683 -0.049 0.97 -0.0 -0.025 0.24 
0.996 -0.071 0.003 0.047 -0.769 -0.0 -0.636 0.065 -0.95 0.0 -0.169 -0.264 0.986 0.0 0.106 -0.127 0.495 0.0 0.551 -0.672 -0.703 -0.0 -0.701 -0.124 -0.958 -0.0 -0.009 0.288 0.729 0.0 -0.683 -0.048 0.971 0.0 -0.025 0.24 
0.996 -0.071 0.003 0.046 -0.769 0.0 -0.636 0.065 -0.95 -0.0 -0.169 -0.264 0.986 0.0 0.104 -0.128 0.493 0.0 0.558 -0.668 -0.703 -0.0 -0.701 -0.124 -0.958 -0.0 -0.009 0.288 0.729 0.0 -0.683 -0.048 0.971 -0.0 -0.025 0.24 
0.996 -0.071 0.003 0.046 -0.769 0.0 -0.636 0.065 -0.95 -0.0 -0.168 -0.264 0.986 0.0 0.103 -0.128 0.491 -0.0 0.565 -0.663 -0.703 -0.0 -0.701 -0.124 -0.958 -0.0 -0.009 0.288 0.729 0.0 -0.683 -0.048 0.971 0.0 -0.025 0.24 
0.996 -0.071 0.003 0.046 -0.769 0.0 -0.636 0.065 -0.95 -0.0 -0.168 -0.264 0.987 0.0 0.1 -0.128 0.488 0.0 0.573 -0.659 -0.703 -0.0 -0.701 -0.123 -0.958 -0.0 -0.009 0.288 0.729 0.0 -0.683 -0.048 0.97 0.0 -0.025 0.24 
0.996 -0.071 0.003 0.046 -0.769 -0.0 -0.636 0.064 -0.95 -0.0 -0.168 -0.264 0.987 0.0 0.096 -0.128 0.484 0.0 0.582 -0.653 -0.703 0.0 -0.701 -0.123 -0.958 0.0 -0.009 0.288 0.729 0.0 -0.683 -0.048 0.97 0.0 -0.025 0.24 
0.996 -0.071 0.002 0.046 -0.768 0.0 -0.637 0.066 -0.95 -0.0 -0.167 -0.266 0.987 0.0 0.095 -0.13 0.481 0.0 0.591 -0.647 -0.702 -0.0 -0.702 -0.122 -0.958 -0.0 -0.008 0.287 0.729 0.0 -0.683 -0.047 0.97 0.0 -0.024 0.24 
0.996 -0.071 0.003 0.046 -0.769 -0.0 -0.636 0.065 -0.95 -0.0 -0.168 -0.264 0.987 0.0 0.091 -0.13 0.477 0.0 0.601 -0.641 -0.703 -0.0 -0.701 -0.123 -0.958 0.0 -0.009 0.288 0.729 0.0 -0.683 -0.047 0.97 0.0 -0.025 0.24 
0.996 -0.071 0.003 0.046 -0.769 -0.0 -0.636 0.066 -0.95 0.0 -0.168 -0.265 0.988 0.0 0.088 -0.13 0.473 0.0 0.612 -0.634 -0.703 -0.0 -0.701 -0.124 -0.958 -0.0 -0.008 0.288 0.729 0.0 -0.683 -0.047 0.97 0.0 -0.025 0.24 
0.996 -0.07 0.003 0.045 -0.768 -0.0 -0.636 0.066 -0.95 0.0 -0.168 -0.265 0.988 -0.0 0.084 -0.131 0.469 0.0 0.622 -0.626 -0.703 -0.0 -0.701 -0.124 -0.958 0.0 -0.008 0.288 0.729 0.0 -0.683 -0.047 0.97 0.0 -0.025 0.24 
0.997 -0.07 0.003 0.045 -0.768 0.0 -0.637 0.066 -0.95 -0.0 -0.168 -0.265 0.988 0.0 0.08 -0.132 0.464 0.0 0.634 -0.619 -0.703 0.0 -0.701 -0.124 -0.958 -0.0 -0.008 0.288 0.729 -0.0 -0.683 -0.047 0.97 0.0 -0.025 0.24 
0.997 -0.07 0.003 0.045 -0.768 -0.0 -0.637 0.067 -0.95 -0.0 -0.168 -0.265 0.988 -0.0 0.076 -0.131 0.459 0.0 0.645 -0.611 -0.703 -0.0 -0.701 -0.124 -0.958 -0.0 -0.008 0.288 0.729 0.0 -0.683 -0.047 0.97 0.0 -0.025 0.24 
0.997 -0.07 0.003 0.045 -0.767 -0.0 -0.638 0.068 -0.949 -0.0 -0.166 -0.267 0.989 0.0 0.073 -0.132 0.454 0.0 0.656 -0.602 -0.703 -0.0 -0.701 -0.124 -0.958 -0.0 -0.009 0.288 0.729 0.0 -0.683 -0.049 0.97 0.0 -0.026 0.241 
0.997 -0.07 0.003 0.045 -0.767 -0.0 -0.638 0.068 -0.949 -0.0 -0.166 -0.266 0.989 0.0 0.07 -0.133 0.45 0.0 0.668 -0.593 -0.703 -0.0 -0.701 -0.124 -0.958 0.0 -0.008 0.288 0.729 0.0 -0.683 -0.049 0.97 0.0 -0.025 0.241 
0.997 -0.07 0.003 0.045 -0.768 -0.0 -0.637 0.067 -0.95 -0.0 -0.167 -0.265 0.989 0.0 0.066 -0.133 0.445 -0.0 0.679 -0.584 -0.703 -0.0 -0.701 -0.124 -0.958 -0.0 -0.008 0.288 0.729 0.0 -0.683 -0.048 0.97 0.0 -0.025 0.24 
0.997 -0.07 0.003 0.045 -0.768 -0.0 -0.637 0.067 -0.95 -0.0 -0.167 -0.264 0.989 0.0 0.062 -0.134 0.439 0.0 0.691 -0.574 -0.703 -0.0 -0.701 -0.124 -0.958 -0.0 -0.008 0.288 0.729 0.0 -0.683 -0.048 0.97 0.0 -0.025 0.24 
0.997 -0.069 0.003 0.045 -0.768 -0.0 -0.637 0.067 -0.95 -0.0 -0.167 -0.263 0.989 0.0 0.059 -0.134 0.434 0.0 0.702 -0.564 -0.703 0.0 -0.701 -0.124 -0.958 -0.0 -0.008 0.287 0.729 0.0 -0.683 -0.048 0.97 0.0 -0.025 0.24 
0.997 -0.069 0.003 0.045 -0.768 0.0 -0.637 0.067 -0.95 -0.0 -0.168 -0.263 0.989 0.0 0.056 -0.134 0.428 0.0 0.714 -0.554 -0.703 -0.0 -0.701 -0.124 -0.958 -0.0 -0.008 0.287 0.729 0.0 -0.683 -0.048 0.97 0.0 -0.025 0.24 
0.997 -0.069 0.003 0.044 -0.767 -0.0 -0.638 0.068 -0.95 -0.0 -0.168 -0.263 0.989 0.0 0.052 -0.135 0.421 -0.0 0.725 -0.545 -0.702 -0.0 -0.701 -0.124 -0.958 -0.0 -0.008 0.288 0.729 0.0 -0.683 -0.048 0.97 0.0 -0.025 0.24 
0.997 -0.069 0.003 0.044 -0.767 -0.0 -0.638 0.068 -0.95 -0.0 -0.168 -0.263 0.99 0.0 0.049 -0.136 0.414 0.0 0.737 -0.534 -0.702 -0.0 -0.701 -0.125 -0.958 0.0 -0.008 0.287 0.729 0.0 -0.683 -0.048 0.97 0.0 -0.025 0.24 
0.997 -0.069 0.003 0.044 -0.767 -0.0 -0.638 0.068 -0.95 -0.0 -0.169 -0.262 0.99 0.0 0.047 -0.137 0.409 0.0 0.747 -0.523 -0.702 -0.0 -0.701 -0.125 -0.958 -0.0 -0.008 0.287 0.729 0.0 -0.683 -0.048 0.97 0.0 -0.025 0.24 
0.997 -0.069 0.003 0.044 -0.767 -0.0 -0.638 0.068 -0.95 -0.0 -0.169 -0.262 0.99 0.0 0.044 -0.136 0.401 0.0 0.759 -0.512 -0.702 -0.0 -0.701 -0.125 -0.958 -0.0 -0.008 0.288 0.729 0.0 -0.683 -0.048 0.97 0.0 -0.025 0.24 
0.997 -0.069 0.003 0.044 -0.767 0.0 -0.637 0.069 -0.95 -0.0 -0.17 -0.262 0.989 -0.0 0.041 -0.139 0.398 0.0 0.767 -0.503 -0.703 -0.0 -0.701 -0.124 -0.958 0.0 -0.008 0.287 0.729 0.0 -0.683 -0.048 0.97 -0.0 -0.026 0.24 
0.997 -0.069 0.003 0.044 -0.767 0.0 -0.638 0.069 -0.95 -0.0 -0.17 -0.262 0.989 0.0 0.038 -0.14 0.392 0.0 0.778 -0.491 -0.703 -0.0 -0.701 -0.124 -0.958 -0.0 -0.008 0.287 0.729 -0.0 -0.683 -0.048 0.97 0.0 -0.026 0.24 
0.997 -0.069 0.003 0.044 -0.767 -0.0 -0.638 0.07 -0.95 -0.0 -0.169 -0.263 0.989 -0.0 0.036 -0.14 0.387 0.0 0.787 -0.481 -0.703 -0.0 -0.701 -0.125 -0.958 -0.0 -0.008 0.288 0.729 -0.0 -0.683 -0.048 0.97 0.0 -0.026 0.24 
0.997 -0.069 0.003 0.044 -0.767 -0.0 -0.638 0.07 -0.95 -0.0 -0.169 -0.263 0.99 0.0 0.033 -0.14 0.381 0.0 0.796 -0.47 -0.703 -0.0 -0.701 -0.124 -0.958 0.0 -0.008 0.288 0.729 0.0 -0.683 -0.048 0.97 -0.0 -0.026 0.24 
0.997 -0.069 0.003 0.044 -0.767 -0.0 -0.637 0.069 -0.95 -0.0 -0.171 -0.261 0.989 0.0 0.031 -0.142 0.376 0.0 0.805 -0.459 -0.703 -0.0 -0.701 -0.124 -0.958 -0.0 -0.008 0.288 0.729 0.0 -0.683 -0.048 0.97 0.0 -0.026 0.24 
0.997 -0.069 0.003 0.044 -0.767 -0.0 -0.637 0.069 -0.95 0.0 -0.171 -0.261 0.989 0.0 0.029 -0.143 0.371 0.0 0.813 -0.448 -0.703 -0.0 -0.701 -0.124 -0.958 -0.0 -0.008 0.288 0.729 0.0 -0.683 -0.047 0.97 0.0 -0.026 0.24 
0.997 -0.069 0.003 0.044 -0.767 -0.0 -0.637 0.069 -0.95 0.0 -0.171 -0.261 0.989 0.0 0.027 -0.143 0.367 0.0 0.822 -0.436 -0.703 -0.0 -0.701 -0.124 -0.958 -0.0 -0.008 0.288 0.729 0.0 -0.683 -0.047 0.97 0.0 -0.026 0.24 
0.997 -0.069 0.003 0.043 -0.768 -0.0 -0.637 0.07 -0.95 -0.0 -0.172 -0.26 0.989 0.0 0.025 -0.144 0.362 0.0 0.829 -0.426 -0.703 -0.0 -0.701 -0.124 -0.958 0.0 -0.007 0.288 0.729 0.0 -0.683 -0.045 0.971 0.0 -0.025 0.239 
0.997 -0.069 0.003 0.043 -0.767 -0.0 -0.637 0.07 -0.95 -0.0 -0.172 -0.26 0.989 0.0 0.024 -0.144 0.357 0.0 0.836 -0.416 -0.703 -0.0 -0.701 -0.124 -0.958 -0.0 -0.007 0.288 0.729 0.0 -0.683 -0.045 0.971 0.0 -0.025 0.239 
0.997 -0.069 0.003 0.043 -0.767 -0.0 -0.637 0.07 -0.95 -0.0 -0.172 -0.26 0.989 -0.0 0.023 -0.144 0.351 0.0 0.843 -0.407 -0.703 -0.0 -0.701 -0.124 -0.958 -0.0 -0.008 0.288 0.729 0.0 -0.683 -0.045 0.971 0.0 -0.025 0.239 
0.997 -0.069 0.003 0.043 -0.767 -0.0 -0.637 0.07 -0.95 0.0 -0.172 -0.26 0.989 0.0 0.022 -0.145 0.348 0.0 0.849 -0.397 -0.703 0.0 -0.7 -0.124 -0.958 0.0 -0.008 0.288 0.729 0.0 -0.684 -0.045 0.971 0.0 -0.025 0.239 
0.997 -0.069 0.003 0.043 -0.767 -0.0 -0.637 0.07 -0.95 -0.0 -0.172 -0.26 0.989 -0.0 0.022 -0.145 0.344 0.0 0.854 -0.39 -0.703 -0.0 -0.7 -0.124 -0.957 0.0 -0.008 0.288 0.728 0.0 -0.684 -0.045 0.971 0.0 -0.025 0.239 
0.997 -0.069 0.003 0.043 -0.768 -0.0 -0.637 0.07 -0.95 -0.0 -0.172 -0.26 0.989 0.0 0.023 -0.144 0.339 -0.0 0.86 -0.382 -0.703 -0.0 -0.7 -0.124 -0.957 -0.0 -0.008 0.289 0.728 0.0 -0.684 -0.045 0.971 0.0 -0.025 0.24 
0.997 -0.068 0.003 0.044 -0.767 -0.0 -0.637 0.069 -0.95 -0.0 -0.172 -0.26 0.989 -0.0 0.023 -0.146 0.337 0.0 0.865 -0.373 -0.703 -0.0 -0.7 -0.124 -0.957 -0.0 -0.009 0.289 0.729 -0.0 -0.683 -0.047 0.97 0.0 -0.026 0.24 
0.997 -0.068 0.003 0.044 -0.767 -0.0 -0.637 0.069 -0.95 -0.0 -0.172 -0.26 0.989 0.0 0.024 -0.146 0.333 0.0 0.87 -0.365 -0.703 -0.0 -0.7 -0.124 -0.957 0.0 -0.009 0.289 0.729 -0.0 -0.683 -0.047 0.97 0.0 -0.026 0.24 
0.997 -0.068 0.003 0.044 -0.767 -0.0 -0.637 0.068 -0.95 0.0 -0.172 -0.26 0.989 -0.0 0.026 -0.145 0.33 0.0 0.876 -0.352 -0.703 -0.0 -0.7 -0.125 -0.957 -0.0 -0.009 0.289 0.729 0.0 -0.683 -0.047 0.97 0.0 -0.026 0.24 
0.997 -0.068 0.003 0.044 -0.768 -0.0 -0.637 0.068 -0.95 -0.0 -0.172 -0.26 0.989 0.0 0.027 -0.145 0.328 0.0 0.879 -0.345 -0.703 -0.0 -0.7 -0.124 -0.957 -0.0 -0.009 0.289 0.729 0.0 -0.683 -0.047 0.97 0.0 -0.026 0.24 
0.997 -0.068 0.003 0.044 -0.768 -0.0 -0.637 0.068 -0.95 -0.0 -0.172 -0.26 0.989 0.0 0.028 -0.145 0.326 0.0 0.884 -0.336 -0.703 -0.0 -0.7 -0.124 -0.957 -0.0 -0.009 0.289 0.729 0.0 -0.683 -0.047 0.97 0.0 -0.026 0.24 
0.997 -0.068 0.003 0.044 -0.768 -0.0 -0.637 0.068 -0.95 -0.0 -0.172 -0.26 0.989 -0.0 0.029 -0.145 0.324 0.0 0.887 -0.33 -0.703 -0.0 -0.7 -0.124 -0.957 0.0 -0.009 0.289 0.729 -0.0 -0.683 -0.047 0.97 0.0 -0.026 0.24 
0.997 -0.068 0.003 0.044 -0.768 -0.0 -0.637 0.068 -0.95 -0.0 -0.172 -0.261 0.989 0.0 0.029 -0.143 0.322 0.0 0.891 -0.321 -0.703 -0.0 -0.7 -0.124 -0.957 -0.0 -0.009 0.289 0.729 -0.0 -0.683 -0.047 0.97 0.0 -0.026 0.241 
0.997 -0.068 0.003 0.045 -0.768 0.0 -0.637 0.068 -0.95 -0.0 -0.172 -0.261 0.989 0.0 0.03 -0.143 0.321 0.0 0.894 -0.314 -0.703 -0.0 -0.7 -0.124 -0.957 -0.0 -0.009 0.289 0.729 0.0 -0.683 -0.047 0.97 0.0 -0.026 0.241 
0.997 -0.068 0.003 0.045 -0.768 -0.0 -0.637 0.068 -0.95 0.0 -0.173 -0.261 0.989 -0.0 0.031 -0.143 0.32 0.0 0.896 -0.308 -0.703 -0.0 -0.7 -0.124 -0.957 -0.0 -0.009 0.289 0.729 0.0 -0.683 -0.047 0.97 0.0 -0.026 0.241 
0.997 -0.068 0.003 0.045 -0.768 0.0 -0.637 0.068 -0.95 -0.0 -0.173 -0.262 0.989 0.0 0.031 -0.144 0.32 0.0 0.897 -0.304 -0.703 -0.0 -0.7 -0.123 -0.957 0.0 -0.009 0.289 0.729 0.0 -0.683 -0.046 0.97 0.0 -0.026 0.241 
0.997 -0.068 0.003 0.045 -0.768 -0.0 -0.637 0.068 -0.95 0.0 -0.171 -0.262 0.989 0.0 0.032 -0.145 0.321 0.0 0.899 -0.299 -0.703 -0.0 -0.7 -0.123 -0.957 -0.0 -0.009 0.289 0.729 0.0 -0.683 -0.046 0.97 0.0 -0.026 0.241 
0.997 -0.068 0.003 0.045 -0.768 -0.0 -0.637 0.068 -0.95 -0.0 -0.171 -0.262 0.989 0.0 0.032 -0.144 0.323 0.0 0.898 -0.298 -0.703 -0.0 -0.7 -0.123 -0.957 -0.0 -0.009 0.289 0.729 0.0 -0.683 -0.046 0.97 0.0 -0.026 0.241 
0.997 -0.068 0.003 0.045 -0.768 -0.0 -0.637 0.068 -0.95 0.0 -0.171 -0.262 0.989 0.0 0.033 -0.144 0.325 0.0 0.897 -0.299 -0.703 -0.0 -0.7 -0.122 -0.957 -0.0 -0.009 0.289 0.729 0.0 -0.683 -0.046 0.97 -0.0 -0.026 0.241 
0.997 -0.069 0.003 0.045 -0.768 -0.0 -0.637 0.068 -0.95 -0.0 -0.171 -0.262 0.989 0.0 0.035 -0.144 0.327 0.0 0.896 -0.301 -0.703 -0.0 -0.701 -0.122 -0.957 0.0 -0.008 0.289 0.729 0.0 -0.683 -0.045 0.97 0.0 -0.025 0.24 
0.997 -0.069 0.003 0.045 -0.768 -0.0 -0.637 0.068 -0.95 -0.0 -0.17 -0.262 0.989 0.0 0.036 -0.145 0.33 0.0 0.894 -0.303 -0.703 -0.0 -0.701 -0.121 -0.957 -0.0 -0.008 0.289 0.729 -0.0 -0.683 -0.044 0.97 0.0 -0.025 0.24 
0.997 -0.069 0.003 0.044 -0.768 -0.0 -0.637 0.068 -0.95 0.0 -0.171 -0.262 0.989 0.0 0.037 -0.144 0.334 0.0 0.891 -0.307 -0.703 -0.0 -0.701 -0.121 -0.957 -0.0 -0.007 0.289 0.729 0.0 -0.684 -0.043 0.971 0.0 -0.024 0.24 
0.997 -0.069 0.003 0.044 -0.768 -0.0 -0.637 0.068 -0.95 0.0 -0.17 -0.262 0.989 0.0 0.039 -0.142 0.336 0.0 0.888 -0.313 -0.703 0.0 -0.701 -0.12 -0.957 -0.0 -0.007 0.289 0.729 0.0 -0.684 -0.042 0.971 0.0 -0.024 0.239 
0.997 -0.069 0.003 0.044 -0.768 -0.0 -0.637 0.067 -0.95 -0.0 -0.17 -0.262 0.989 0.0 0.04 -0.142 0.339 0.0 0.885 -0.319 -0.703 -0.0 -0.701 -0.12 -0.957 0.0 -0.007 0.289 0.729 -0.0 -0.684 -0.042 0.971 0.0 -0.024 0.24 
0.997 -0.069 0.003 0.044 -0.768 -0.0 -0.637 0.068 -0.95 -0.0 -0.17 -0.262 0.989 0.0 0.041 -0.143 0.344 0.0 0.881 -0.325 -0.703 -0.0 -0.701 -0.119 -0.957 -0.0 -0.007 0.289 0.729 -0.0 -0.684 -0.042 0.971 0.0 -0.023 0.24 
0.997 -0.07 0.003 0.044 -0.768 -0.0 -0.637 0.068 -0.95 -0.0 -0.17 -0.261 0.989 0.0 0.043 -0.142 0.348 0.0 0.877 -0.333 -0.703 -0.0 -0.701 -0.119 -0.957 -0.0 -0.007 0.288 0.729 0.0 -0.684 -0.041 0.971 0.0 -0.023 0.239 
0.997 -0.07 0.003 0.044 -0.768 -0.0 -0.637 0.067 -0.95 -0.0 -0.169 -0.262 0.989 0.0 0.044 -0.142 0.353 0.0 0.872 -0.34 -0.703 -0.0 -0.701 -0.118 -0.957 -0.0 -0.007 0.288 0.729 0.0 -0.684 -0.041 0.971 0.0 -0.023 0.239 
0.997 -0.07 0.003 0.045 -0.768 -0.0 -0.637 0.067 -0.95 -0.0 -0.169 -0.262 0.989 0.0 0.046 -0.142 0.358 0.0 0.866 -0.35 -0.703 -0.0 -0.701 -0.118 -0.958 -0.0 -0.007 0.288 0.729 0.0 -0.684 -0.041 0.971 0.0 -0.023 0.24 
0.997 -0.07 0.003 0.045 -0.768 -0.0 -0.637 0.068 -0.95 -0.0 -0.169 -0.262 0.989 0.0 0.047 -0.143 0.364 0.0 0.858 -0.363 -0.703 -0.0 -0.702 -0.117 -0.958 -0.0 -0.006 0.288 0.729 0.0 -0.684 -0.04 0.971 0.0 -0.022 0.24 
0.997 -0.07 0.003 0.045 -0.768 0.0 -0.637 0.067 -0.95 -0.0 -0.169 -0.262 0.989 -0.0 0.048 -0.141 0.37 0.0 0.85 -0.374 -0.703 -0.0 -0.702 -0.117 -0.958 -0.0 -0.006 0.288 0.729 0.0 -0.684 -0.04 0.97 0.0 -0.022 0.24 
0.996 -0.071 0.003 0.045 -0.768 -0.0 -0.637 0.067 -0.95 -0.0 -0.169 -0.262 0.989 0.0 0.05 -0.141 0.376 -0.0 0.842 -0.386 -0.703 -0.0 -0.702 -0.116 -0.958 -0.0 -0.006 0.288 0.729 -0.0 -0.684 -0.04 0.971 0.0 -0.022 0.24 
0.996 -0.071 0.003 0.045 -0.768 -0.0 -0.637 0.067 -0.95 -0.0 -0.169 -0.262 0.989 0.0 0.052 -0.142 0.382 0.0 0.834 -0.398 -0.703 -0.0 -0.702 -0.116 -0.958 -0.0 -0.007 0.288 0.729 0.0 -0.684 -0.04 0.97 0.0 -0.022 0.24 
0.996 -0.071 0.003 0.045 -0.768 -0.0 -0.637 0.067 -0.95 -0.0 -0.169 -0.262 0.989 -0.0 0.053 -0.14 0.388 0.0 0.825 -0.412 -0.703 -0.0 -0.702 -0.116 -0.957 -0.0 -0.007 0.289 0.729 0.0 -0.684 -0.039 0.97 0.0 -0.022 0.24 
0.996 -0.071 0.003 0.046 -0.768 0.0 -0.637 0.067 -0.95 0.0 -0.169 -0.263 0.988 0.0 0.054 -0.143 0.394 0.0 0.814 -0.428 -0.703 -0.0 -0.702 -0.115 -0.957 -0.0 -0.007 0.289 0.729 0.0 -0.683 -0.04 0.97 0.0 -0.022 0.241 
0.996 -0.071 0.003 0.046 -0.768 -0.0 -0.637 0.067 -0.95 -0.0 -0.169 -0.263 0.988 0.0 0.057 -0.142 0.401 0.0 0.804 -0.44 -0.703 -0.0 -0.702 -0.115 -0.957 -0.0 -0.007 0.289 0.729 -0.0 -0.683 -0.04 0.97 0.0 -0.022 0.241 
0.996 -0.071 0.003 0.046 -0.768 -0.0 -0.638 0.066 -0.95 -0.0 -0.169 -0.263 0.989 -0.0 0.059 -0.138 0.406 0.0 0.795 -0.452 -0.703 -0.0 -0.702 -0.115 -0.957 -0.0 -0.007 0.289 0.729 0.0 -0.683 -0.04 0.97 -0.0 -0.022 0.241 
0.996 -0.071 0.003 0.046 -0.767 -0.0 -0.638 0.066 -0.95 -0.0 -0.168 -0.263 0.989 -0.0 0.061 -0.138 0.412 0.0 0.784 -0.464 -0.703 -0.0 -0.702 -0.115 -0.957 0.0 -0.007 0.289 0.729 0.0 -0.683 -0.04 0.97 0.0 -0.022 0.241 
0.996 -0.071 0.003 0.046 -0.767 -0.0 -0.638 0.066 -0.95 -0.0 -0.168 -0.263 0.988 0.0 0.064 -0.138 0.419 0.0 0.772 -0.478 -0.703 -0.0 -0.702 -0.114 -0.957 0.0 -0.007 0.289 0.729 -0.0 -0.683 -0.039 0.97 -0.0 -0.022 0.241 
0.996 -0.071 0.003 0.046 -0.767 -0.0 -0.638 0.066 -0.95 -0.0 -0.168 -0.263 0.988 0.0 0.067 -0.137 0.424 0.0 0.762 -0.49 -0.703 -0.0 -0.702 -0.114 -0.957 -0.0 -0.007 0.289 0.729 0.0 -0.683 -0.039 0.97 0.0 -0.022 0.241 
0.996 -0.072 0.003 0.047 -0.767 -0.0 -0.638 0.066 -0.95 -0.0 -0.168 -0.263 0.988 0.0 0.069 -0.137 0.43 0.0 0.749 -0.505 -0.703 0.0 -0.702 -0.113 -0.957 -0.0 -0.007 0.289 0.729 0.0 -0.683 -0.038 0.97 0.0 -0.022 0.241 
0.996 -0.072 0.003 0.047 -0.767 -0.0 -0.638 0.066 -0.95 -0.0 -0.168 -0.263 0.988 0.0 0.071 -0.135 0.435 0.0 0.738 -0.516 -0.703 -0.0 -0.702 -0.113 -0.957 -0.0 -0.007 0.289 0.729 0.0 -0.683 -0.038 0.97 0.0 -0.022 0.241 
0.996 -0.072 0.003 0.047 -0.767 -0.0 -0.638 0.066 -0.95 0.0 -0.168 -0.263 0.988 0.0 0.074 -0.137 0.443 0.0 0.726 -0.526 -0.703 0.0 -0.702 -0.112 -0.957 0.0 -0.006 0.289 0.729 0.0 -0.683 -0.038 0.97 0.0 -0.021 0.241 
0.996 -0.072 0.003 0.047 -0.767 -0.0 -0.639 0.066 -0.95 -0.0 -0.168 -0.263 0.988 0.0 0.076 -0.137 0.447 0.0 0.715 -0.537 -0.703 -0.0 -0.702 -0.112 -0.957 -0.0 -0.007 0.289 0.729 -0.0 -0.683 -0.037 0.97 0.0 -0.021 0.241 
0.996 -0.072 0.003 0.047 -0.767 0.0 -0.639 0.066 -0.95 -0.0 -0.168 -0.263 0.988 0.0 0.078 -0.137 0.453 0.0 0.704 -0.547 -0.703 -0.0 -0.702 -0.111 -0.957 -0.0 -0.006 0.289 0.729 0.0 -0.683 -0.037 0.97 0.0 -0.021 0.241 
0.996 -0.073 0.003 0.048 -0.767 0.0 -0.639 0.066 -0.95 -0.0 -0.169 -0.263 0.987 0.0 0.079 -0.136 0.457 -0.0 0.695 -0.556 -0.703 -0.0 -0.702 -0.111 -0.957 -0.0 -0.006 0.29 0.729 0.0 -0.683 -0.037 0.97 0.0 -0.021 0.241 
0.996 -0.073 0.003 0.048 -0.766 -0.0 -0.639 0.066 -0.95 -0.0 -0.169 -0.263 0.987 -0.0 0.081 -0.136 0.462 0.0 0.684 -0.564 -0.703 -0.0 -0.702 -0.111 -0.957 -0.0 -0.006 0.29 0.729 0.0 -0.683 -0.036 0.97 0.0 -0.021 0.241 
0.996 -0.073 0.003 0.048 -0.766 -0.0 -0.64 0.067 -0.95 -0.0 -0.167 -0.265 0.987 0.0 0.083 -0.136 0.467 0.0 0.674 -0.573 -0.703 -0.0 -0.702 -0.111 -0.957 -0.0 -0.006 0.29 0.729 0.0 -0.683 -0.036 0.97 0.0 -0.021 0.241 
0.996 -0.073 0.003 0.048 -0.766 -0.0 -0.639 0.066 -0.95 -0.0 -0.169 -0.263 0.987 -0.0 0.085 -0.137 0.473 0.0 0.662 -0.581 -0.703 -0.0 -0.702 -0.11 -0.957 -0.0 -0.006 0.29 0.729 -0.0 -0.683 -0.036 0.97 0.0 -0.021 0.241 
0.996 -0.073 0.003 0.048 -0.766 0.0 -0.64 0.067 -0.95 -0.0 -0.168 -0.265 0.987 0.0 0.087 -0.137 0.477 0.0 0.652 -0.589 -0.703 -0.0 -0.702 -0.11 -0.957 -0.0 -0.006 0.29 0.729 0.0 -0.683 -0.036 0.97 0.0 -0.021 0.241 
0.996 -0.073 0.003 0.048 -0.765 -0.0 -0.64 0.067 -0.95 0.0 -0.168 -0.265 0.987 0.0 0.089 -0.136 0.481 0.0 0.643 -0.596 -0.703 -0.0 -0.702 -0.11 -0.957 -0.0 -0.006 0.29 0.729 0.0 -0.683 -0.036 0.97 0.0 -0.021 0.241 
0.996 -0.073 0.003 0.049 -0.765 -0.0 -0.64 0.067 -0.949 0.0 -0.168 -0.265 0.986 -0.0 0.091 -0.136 0.486 0.0 0.63 -0.605 -0.703 0.0 -0.702 -0.109 -0.957 -0.0 -0.006 0.29 0.729 0.0 -0.683 -0.035 0.97 0.0 -0.021 0.241 
0.996 -0.073 0.003 0.049 -0.766 -0.0 -0.64 0.066 -0.95 -0.0 -0.169 -0.263 0.986 0.0 0.093 -0.135 0.489 0.0 0.621 -0.612 -0.704 -0.0 -0.702 -0.109 -0.957 0.0 -0.006 0.29 0.729 -0.0 -0.684 -0.035 0.97 0.0 -0.021 0.241 
0.996 -0.074 0.003 0.049 -0.765 -0.0 -0.64 0.067 -0.949 -0.0 -0.168 -0.265 0.986 -0.0 0.096 -0.136 0.492 0.0 0.611 -0.62 -0.704 -0.0 -0.702 -0.109 -0.957 -0.0 -0.006 0.29 0.729 0.0 -0.684 -0.035 0.97 0.0 -0.021 0.241 
0.996 -0.074 0.004 0.049 -0.765 -0.0 -0.64 0.068 -0.949 -0.0 -0.169 -0.265 0.986 -0.0 0.097 -0.135 0.495 0.0 0.602 -0.627 -0.704 -0.0 -0.702 -0.108 -0.957 0.0 -0.006 0.29 0.729 -0.0 -0.684 -0.035 0.97 0.0 -0.021 0.241 
0.996 -0.074 0.004 0.05 -0.766 -0.0 -0.64 0.067 -0.95 -0.0 -0.169 -0.264 0.986 0.0 0.1 -0.136 0.499 0.0 0.591 -0.634 -0.704 -0.0 -0.702 -0.107 -0.957 -0.0 -0.005 0.29 0.729 0.0 -0.684 -0.034 0.97 0.0 -0.02 0.241 
0.996 -0.074 0.004 0.049 -0.766 -0.0 -0.64 0.067 -0.95 0.0 -0.17 -0.263 0.986 0.0 0.102 -0.135 0.501 0.0 0.582 -0.64 -0.704 -0.0 -0.702 -0.106 -0.957 0.0 -0.005 0.29 0.729 -0.0 -0.684 -0.032 0.97 0.0 -0.02 0.24 
0.996 -0.075 0.003 0.05 -0.765 -0.0 -0.64 0.068 -0.95 -0.0 -0.17 -0.263 0.985 0.0 0.104 -0.136 0.504 0.0 0.573 -0.647 -0.703 -0.0 -0.703 -0.105 -0.957 0.0 -0.004 0.289 0.729 0.0 -0.684 -0.032 0.971 0.0 -0.019 0.24 
0.996 -0.074 0.004 0.049 -0.766 -0.0 -0.639 0.067 -0.95 0.0 -0.17 -0.263 0.985 0.0 0.106 -0.136 0.507 0.0 0.564 -0.652 -0.704 -0.0 -0.702 -0.106 -0.957 -0.0 -0.005 0.29 0.729 -0.0 -0.684 -0.032 0.971 0.0 -0.02 0.24 
0.996 -0.075 0.004 0.049 -0.766 -0.0 -0.64 0.067 -0.95 -0.0 -0.169 -0.263 0.985 0.0 0.108 -0.136 0.509 0.0 0.556 -0.657 -0.704 0.0 -0.703 -0.106 -0.957 -0.0 -0.004 0.29 0.729 -0.0 -0.684 -0.032 0.97 0.0 -0.02 0.24 
0.996 -0.075 0.004 0.049 -0.766 0.0 -0.64 0.066 -0.95 0.0 -0.169 -0.263 0.985 0.0 0.11 -0.135 0.51 -0.0 0.548 -0.663 -0.704 -0.0 -0.703 -0.106 -0.957 -0.0 -0.004 0.29 0.729 0.0 -0.684 -0.032 0.97 0.0 -0.02 0.24 
0.996 -0.075 0.004 0.049 -0.766 0.0 -0.64 0.066 -0.95 -0.0 -0.169 -0.263 0.985 0.0 0.112 -0.135 0.512 -0.0 0.54 -0.668 -0.704 -0.0 -0.703 -0.105 -0.957 -0.0 -0.004 0.29 0.729 0.0 -0.684 -0.032 0.97 -0.0 -0.02 0.24 
0.996 -0.075 0.004 0.049 -0.766 0.0 -0.64 0.066 -0.95 -0.0 -0.17 -0.262 0.984 0.0 0.114 -0.134 0.513 0.0 0.533 -0.673 -0.704 -0.0 -0.703 -0.105 -0.957 -0.0 -0.004 0.29 0.729 0.0 -0.684 -0.032 0.97 0.0 -0.02 0.24 
0.996 -0.075 0.004 0.049 -0.766 -0.0 -0.64 0.066 -0.95 -0.0 -0.169 -0.263 0.984 0.0 0.116 -0.133 0.514 0.0 0.526 -0.677 -0.704 -0.0 -0.703 -0.105 -0.957 -0.0 -0.004 0.29 0.729 0.0 -0.684 -0.031 0.97 -0.0 -0.02 0.24 
0.996 -0.075 0.004 0.049 -0.766 -0.0 -0.64 0.066 -0.95 0.0 -0.169 -0.263 0.984 0.0 0.117 -0.132 0.515 0.0 0.521 -0.681 -0.704 0.0 -0.703 -0.105 -0.957 -0.0 -0.004 0.29 0.729 0.0 -0.684 -0.031 0.971 0.0 -0.019 0.24 
0.996 -0.074 0.004 0.05 -0.765 -0.0 -0.64 0.066 -0.95 -0.0 -0.168 -0.263 0.984 0.0 0.118 -0.133 0.516 0.0 0.516 -0.684 -0.704 -0.0 -0.703 -0.105 -0.957 -0.0 -0.005 0.29 0.729 -0.0 -0.684 -0.032 0.97 0.0 -0.02 0.241 
0.996 -0.074 0.004 0.05 -0.765 -0.0 -0.64 0.066 -0.95 0.0 -0.168 -0.263 0.984 0.0 0.119 -0.133 0.517 0.0 0.512 -0.686 -0.704 -0.0 -0.703 -0.105 -0.957 -0.0 -0.005 0.29 0.729 -0.0 -0.684 -0.032 0.97 0.0 -0.02 0.241 
0.996 -0.075 0.004 0.05 -0.765 -0.0 -0.64 0.066 -0.95 -0.0 -0.168 -0.263 0.984 0.0 0.12 -0.133 0.517 -0.0 0.508 -0.689 -0.704 -0.0 -0.703 -0.105 -0.957 -0.0 -0.005 0.29 0.729 -0.0 -0.684 -0.032 0.97 0.0 -0.02 0.241 
0.996 -0.075 0.004 0.049 -0.765 0.0 -0.64 0.066 -0.95 -0.0 -0.169 -0.263 0.984 0.0 0.12 -0.131 0.517 0.0 0.505 -0.691 -0.704 -0.0 -0.703 -0.105 -0.957 -0.0 -0.004 0.29 0.729 -0.0 -0.684 -0.031 0.97 0.0 -0.02 0.241 
0.996 -0.075 0.004 0.049 -0.765 -0.0 -0.641 0.066 -0.95 -0.0 -0.169 -0.263 0.984 0.0 0.121 -0.131 0.518 0.0 0.503 -0.692 -0.704 -0.0 -0.703 -0.105 -0.957 0.0 -0.005 0.291 0.729 0.0 -0.684 -0.031 0.97 0.0 -0.02 0.241 
0.996 -0.075 0.004 0.049 -0.765 -0.0 -0.641 0.066 -0.95 -0.0 -0.168 -0.263 0.984 0.0 0.121 -0.132 0.518 -0.0 0.502 -0.692 -0.704 0.0 -0.703 -0.104 -0.957 -0.0 -0.005 0.291 0.729 0.0 -0.684 -0.031 0.97 -0.0 -0.02 0.241 
0.996 -0.075 0.003 0.049 -0.765 -0.0 -0.641 0.066 -0.95 -0.0 -0.168 -0.263 0.984 -0.0 0.121 -0.132 0.518 0.0 0.501 -0.693 -0.704 -0.0 -0.703 -0.104 -0.957 -0.0 -0.004 0.29 0.729 0.0 -0.684 -0.03 0.97 0.0 -0.019 0.241 
0.996 -0.075 0.004 0.049 -0.765 -0.0 -0.641 0.067 -0.95 0.0 -0.169 -0.263 0.984 0.0 0.12 -0.132 0.518 0.0 0.503 -0.692 -0.704 -0.0 -0.703 -0.103 -0.957 -0.0 -0.004 0.29 0.729 0.0 -0.684 -0.03 0.97 0.0 -0.019 0.241 
0.996 -0.075 0.004 0.049 -0.765 -0.0 -0.641 0.067 -0.95 -0.0 -0.168 -0.263 0.984 0.0 0.119 -0.132 0.517 0.0 0.505 -0.691 -0.704 -0.0 -0.703 -0.103 -0.957 -0.0 -0.004 0.29 0.729 0.0 -0.684 -0.03 0.97 0.0 -0.019 0.242 
0.996 -0.075 0.004 0.049 -0.765 -0.0 -0.641 0.067 -0.95 -0.0 -0.168 -0.263 0.984 0.0 0.118 -0.132 0.515 0.0 0.509 -0.689 -0.704 -0.0 -0.703 -0.103 -0.957 -0.0 -0.004 0.291 0.729 0.0 -0.684 -0.029 0.97 0.0 -0.019 0.241 
0.996 -0.076 0.004 0.049 -0.765 -0.0 -0.641 0.067 -0.95 -0.0 -0.168 -0.263 0.984 0.0 0.116 -0.132 0.514 0.0 0.514 -0.687 -0.704 -0.0 -0.703 -0.103 -0.957 -0.0 -0.004 0.291 0.729 -0.0 -0.684 -0.029 0.97 0.0 -0.019 0.242 
0.996 -0.076 0.004 0.049 -0.764 -0.0 -0.641 0.068 -0.95 -0.0 -0.169 -0.264 0.985 0.0 0.114 -0.132 0.512 0.0 0.52 -0.684 -0.704 0.0 -0.703 -0.102 -0.957 0.0 -0.004 0.291 0.729 0.0 -0.684 -0.029 0.97 0.0 -0.019 0.242 
0.996 -0.076 0.004 0.049 -0.764 -0.0 -0.641 0.068 -0.95 -0.0 -0.168 -0.263 0.985 0.0 0.111 -0.132 0.509 0.0 0.528 -0.68 -0.704 -0.0 -0.703 -0.102 -0.957 -0.0 -0.004 0.291 0.729 -0.0 -0.684 -0.029 0.97 0.0 -0.019 0.242 
0.996 -0.076 0.004 0.049 -0.764 -0.0 -0.641 0.068 -0.95 -0.0 -0.168 -0.263 0.985 -0.0 0.11 -0.131 0.505 0.0 0.537 -0.676 -0.704 -0.0 -0.703 -0.102 -0.957 -0.0 -0.004 0.291 0.729 0.0 -0.684 -0.029 0.97 0.0 -0.019 0.242 
0.996 -0.076 0.004 0.048 -0.764 -0.0 -0.641 0.068 -0.95 -0.0 -0.168 -0.263 0.986 0.0 0.107 -0.128 0.503 -0.0 0.546 -0.67 -0.704 0.0 -0.703 -0.102 -0.957 -0.0 -0.004 0.291 0.729 0.0 -0.684 -0.027 0.97 0.0 -0.018 0.241 
0.996 -0.076 0.004 0.048 -0.764 0.0 -0.641 0.068 -0.95 -0.0 -0.168 -0.263 0.986 0.0 0.105 -0.128 0.5 0.0 0.556 -0.664 -0.704 -0.0 -0.703 -0.102 -0.957 0.0 -0.004 0.291 0.729 0.0 -0.684 -0.027 0.97 0.0 -0.018 0.241 
0.996 -0.076 0.004 0.048 -0.764 -0.0 -0.641 0.068 -0.95 0.0 -0.168 -0.263 0.987 0.0 0.102 -0.126 0.496 0.0 0.567 -0.658 -0.704 -0.0 -0.703 -0.102 -0.957 -0.0 -0.004 0.291 0.728 0.0 -0.685 -0.027 0.97 0.0 -0.018 0.241 
0.996 -0.076 0.004 0.048 -0.764 -0.0 -0.641 0.068 -0.95 -0.0 -0.168 -0.263 0.987 0.0 0.1 -0.127 0.494 0.0 0.577 -0.651 -0.704 -0.0 -0.703 -0.101 -0.957 -0.0 -0.003 0.291 0.728 0.0 -0.685 -0.027 0.97 0.0 -0.018 0.241 
0.996 -0.076 0.004 0.048 -0.764 -0.0 -0.641 0.068 -0.95 -0.0 -0.168 -0.264 0.987 0.0 0.098 -0.128 0.492 0.0 0.586 -0.644 -0.704 0.0 -0.703 -0.101 -0.957 -0.0 -0.003 0.291 0.728 0.0 -0.685 -0.026 0.97 0.0 -0.018 0.241 
0.996 -0.076 0.004 0.047 -0.764 -0.0 -0.641 0.069 -0.95 -0.0 -0.167 -0.264 0.987 0.0 0.096 -0.127 0.487 0.0 0.597 -0.637 -0.704 -0.0 -0.703 -0.101 -0.957 -0.0 -0.003 0.291 0.728 0.0 -0.685 -0.026 0.97 0.0 -0.018 0.241 
0.996 -0.077 0.004 0.048 -0.765 -0.0 -0.641 0.069 -0.95 0.0 -0.168 -0.264 0.987 0.0 0.093 -0.128 0.485 -0.0 0.608 -0.629 -0.704 -0.0 -0.703 -0.1 -0.957 -0.0 -0.003 0.291 0.728 -0.0 -0.685 -0.025 0.97 -0.0 -0.018 0.241 
0.996 -0.077 0.004 0.047 -0.765 0.0 -0.641 0.069 -0.95 -0.0 -0.167 -0.263 0.987 0.0 0.091 -0.129 0.481 0.0 0.619 -0.621 -0.704 -0.0 -0.703 -0.1 -0.957 0.0 -0.003 0.291 0.728 0.0 -0.685 -0.025 0.97 0.0 -0.018 0.241 
0.996 -0.077 0.004 0.048 -0.764 -0.0 -0.641 0.069 -0.95 -0.0 -0.167 -0.264 0.988 0.0 0.09 -0.129 0.477 0.0 0.63 -0.613 -0.704 -0.0 -0.703 -0.1 -0.957 -0.0 -0.003 0.291 0.729 0.0 -0.684 -0.026 0.97 0.0 -0.019 0.242 
0.996 -0.077 0.004 0.048 -0.765 -0.0 -0.641 0.069 -0.95 -0.0 -0.167 -0.264 0.988 0.0 0.088 -0.13 0.473 -0.0 0.641 -0.604 -0.704 -0.0 -0.703 -0.1 -0.957 -0.0 -0.003 0.291 0.729 -0.0 -0.684 -0.026 0.97 -0.0 -0.019 0.242 
0.996 -0.077 0.004 0.048 -0.765 -0.0 -0.641 0.07 -0.95 -0.0 -0.167 -0.263 0.988 0.0 0.086 -0.129 0.469 0.0 0.652 -0.596 -0.704 -0.0 -0.703 -0.1 -0.957 -0.0 -0.003 0.291 0.729 -0.0 -0.684 -0.025 0.97 0.0 -0.018 0.242 
0.996 -0.077 0.004 0.048 -0.765 -0.0 -0.64 0.069 -0.95 0.0 -0.167 -0.264 0.988 0.0 0.086 -0.127 0.464 0.0 0.667 -0.583 -0.704 -0.0 -0.703 -0.1 -0.957 -0.0 -0.003 0.291 0.729 0.0 -0.684 -0.025 0.97 0.0 -0.019 0.242 
0.996 -0.077 0.004 0.048 -0.765 -0.0 -0.64 0.069 -0.95 -0.0 -0.168 -0.263 0.988 0.0 0.085 -0.127 0.459 0.0 0.679 -0.573 -0.704 -0.0 -0.703 -0.099 -0.957 0.0 -0.002 0.291 0.729 0.0 -0.684 -0.025 0.97 0.0 -0.018 0.241 
0.996 -0.077 0.005 0.048 -0.765 -0.0 -0.64 0.069 -0.95 -0.0 -0.168 -0.263 0.988 0.0 0.083 -0.127 0.453 -0.0 0.691 -0.563 -0.705 0.0 -0.703 -0.099 -0.957 -0.0 -0.002 0.291 0.729 0.0 -0.685 -0.025 0.97 0.0 -0.018 0.242 
0.996 -0.077 0.005 0.048 -0.765 -0.0 -0.64 0.07 -0.95 0.0 -0.168 -0.263 0.989 0.0 0.082 -0.127 0.448 0.0 0.704 -0.551 -0.704 -0.0 -0.703 -0.099 -0.957 0.0 -0.002 0.291 0.729 0.0 -0.685 -0.025 0.97 0.0 -0.018 0.242 
0.996 -0.077 0.005 0.048 -0.766 -0.0 -0.639 0.069 -0.95 -0.0 -0.168 -0.263 0.989 0.0 0.08 -0.125 0.442 0.0 0.717 -0.539 -0.705 -0.0 -0.703 -0.099 -0.957 -0.0 -0.002 0.291 0.728 -0.0 -0.685 -0.025 0.97 0.0 -0.019 0.242 
0.996 -0.077 0.005 0.048 -0.766 -0.0 -0.639 0.069 -0.95 -0.0 -0.168 -0.263 0.989 0.0 0.078 -0.123 0.435 -0.0 0.732 -0.524 -0.705 -0.0 -0.703 -0.099 -0.957 -0.0 -0.002 0.291 0.728 0.0 -0.685 -0.025 0.97 -0.0 -0.019 0.242 
0.996 -0.077 0.005 0.048 -0.766 -0.0 -0.639 0.069 -0.95 -0.0 -0.168 -0.263 0.989 0.0 0.076 -0.124 0.431 0.0 0.744 -0.512 -0.705 0.0 -0.702 -0.099 -0.956 -0.0 -0.003 0.292 0.728 -0.0 -0.685 -0.025 0.97 0.0 -0.019 0.241 
0.996 -0.077 0.005 0.048 -0.766 -0.0 -0.639 0.068 -0.95 0.0 -0.167 -0.263 0.989 0.0 0.074 -0.124 0.425 0.0 0.755 -0.498 -0.705 -0.0 -0.702 -0.099 -0.956 -0.0 -0.002 0.292 0.728 -0.0 -0.685 -0.025 0.97 0.0 -0.019 0.242 
0.996 -0.077 0.005 0.048 -0.767 -0.0 -0.638 0.068 -0.95 -0.0 -0.167 -0.263 0.99 0.0 0.073 -0.124 0.418 0.0 0.768 -0.486 -0.705 -0.0 -0.702 -0.098 -0.956 -0.0 -0.002 0.292 0.728 0.0 -0.685 -0.025 0.97 0.0 -0.019 0.242 
0.996 -0.077 0.005 0.049 -0.767 -0.0 -0.638 0.068 -0.95 -0.0 -0.167 -0.264 0.99 0.0 0.07 -0.124 0.414 0.0 0.777 -0.474 -0.705 -0.0 -0.702 -0.098 -0.956 -0.0 -0.002 0.292 0.728 0.0 -0.685 -0.024 0.97 0.0 -0.019 0.242 
0.996 -0.078 0.005 0.049 -0.767 -0.0 -0.638 0.069 -0.95 -0.0 -0.166 -0.264 0.989 0.0 0.07 -0.127 0.411 0.0 0.787 -0.461 -0.704 -0.0 -0.703 -0.096 -0.957 0.0 -0.001 0.291 0.729 0.0 -0.684 -0.023 0.97 0.0 -0.018 0.242 
0.996 -0.078 0.005 0.049 -0.767 -0.0 -0.637 0.069 -0.95 -0.0 -0.166 -0.264 0.99 0.0 0.067 -0.127 0.406 0.0 0.797 -0.448 -0.705 0.0 -0.702 -0.097 -0.956 -0.0 -0.002 0.292 0.728 0.0 -0.685 -0.023 0.97 0.0 -0.018 0.242 
0.996 -0.078 0.005 0.049 -0.768 -0.0 -0.637 0.069 -0.95 -0.0 -0.165 -0.265 0.99 0.0 0.065 -0.128 0.4 0.0 0.806 -0.435 -0.705 -0.0 -0.702 -0.096 -0.956 -0.0 -0.002 0.292 0.728 0.0 -0.685 -0.023 0.97 0.0 -0.018 0.241 
0.996 -0.078 0.006 0.049 -0.768 0.0 -0.637 0.069 -0.95 0.0 -0.165 -0.265 0.99 0.0 0.064 -0.128 0.395 0.0 0.816 -0.421 -0.705 -0.0 -0.702 -0.096 -0.956 0.0 -0.001 0.292 0.728 0.0 -0.685 -0.023 0.97 0.0 -0.018 0.242 
0.996 -0.079 0.005 0.05 -0.767 -0.0 -0.637 0.069 -0.95 -0.0 -0.164 -0.265 0.99 0.0 0.063 -0.128 0.39 0.0 0.827 -0.406 -0.705 -0.0 -0.703 -0.095 -0.957 -0.0 -0.001 0.292 0.729 -0.0 -0.685 -0.022 0.97 0.0 -0.018 0.242 
0.996 -0.079 0.005 0.05 -0.768 -0.0 -0.637 0.069 -0.95 -0.0 -0.163 -0.266 0.99 0.0 0.061 -0.129 0.385 -0.0 0.835 -0.393 -0.705 -0.0 -0.703 -0.095 -0.957 -0.0 -0.001 0.292 0.729 0.0 -0.685 -0.022 0.97 0.0 -0.018 0.242 
0.996 -0.079 0.006 0.049 -0.768 -0.0 -0.637 0.069 -0.95 0.0 -0.163 -0.266 0.99 -0.0 0.059 -0.129 0.381 0.0 0.844 -0.379 -0.705 -0.0 -0.702 -0.095 -0.956 -0.0 -0.001 0.292 0.728 0.0 -0.685 -0.022 0.97 0.0 -0.018 0.241 
0.996 -0.079 0.006 0.049 -0.768 -0.0 -0.637 0.07 -0.95 0.0 -0.162 -0.268 0.99 0.0 0.057 -0.13 0.376 -0.0 0.851 -0.366 -0.705 -0.0 -0.702 -0.095 -0.956 -0.0 -0.001 0.292 0.728 -0.0 -0.685 -0.022 0.97 0.0 -0.018 0.241 
0.996 -0.079 0.006 0.049 -0.768 -0.0 -0.636 0.069 -0.95 -0.0 -0.162 -0.266 0.99 0.0 0.055 -0.13 0.37 0.0 0.858 -0.356 -0.705 -0.0 -0.703 -0.095 -0.956 -0.0 -0.001 0.292 0.728 0.0 -0.685 -0.021 0.97 0.0 -0.018 0.241 
0.996 -0.079 0.005 0.048 -0.768 -0.0 -0.637 0.07 -0.95 -0.0 -0.162 -0.267 0.99 0.0 0.055 -0.129 0.365 0.0 0.865 -0.344 -0.705 -0.0 -0.703 -0.094 -0.957 -0.0 0.0 0.292 0.728 0.0 -0.685 -0.019 0.97 0.0 -0.017 0.241 
0.996 -0.079 0.006 0.047 -0.768 -0.0 -0.636 0.07 -0.95 0.0 -0.162 -0.267 0.99 0.0 0.053 -0.129 0.36 0.0 0.872 -0.333 -0.705 -0.0 -0.703 -0.095 -0.956 0.0 0.0 0.292 0.728 -0.0 -0.685 -0.019 0.97 0.0 -0.018 0.241 
0.996 -0.08 0.005 0.047 -0.768 0.0 -0.636 0.07 -0.95 -0.0 -0.161 -0.267 0.99 0.0 0.052 -0.13 0.355 0.0 0.877 -0.324 -0.705 -0.0 -0.703 -0.093 -0.957 -0.0 0.001 0.291 0.728 0.0 -0.685 -0.019 0.97 0.0 -0.018 0.241 
0.996 -0.079 0.006 0.047 -0.769 -0.0 -0.636 0.069 -0.95 -0.0 -0.161 -0.267 0.99 0.0 0.05 -0.13 0.35 0.0 0.884 -0.311 -0.705 -0.0 -0.703 -0.095 -0.956 -0.0 -0.0 0.292 0.728 0.0 -0.685 -0.019 0.97 0.0 -0.018 0.241 
0.996 -0.079 0.005 0.047 -0.769 0.0 -0.636 0.068 -0.951 -0.0 -0.162 -0.265 0.99 0.0 0.05 -0.131 0.345 0.0 0.889 -0.302 -0.705 -0.0 -0.703 -0.093 -0.957 0.0 0.001 0.291 0.728 0.0 -0.685 -0.019 0.97 0.0 -0.018 0.241 
0.996 -0.079 0.006 0.046 -0.77 -0.0 -0.635 0.067 -0.951 -0.0 -0.162 -0.265 0.99 -0.0 0.049 -0.131 0.34 0.0 0.894 -0.291 -0.705 -0.0 -0.702 -0.095 -0.956 -0.0 -0.0 0.292 0.728 -0.0 -0.685 -0.019 0.97 0.0 -0.018 0.241 
