# T   LUA LFA RUA RFA LT  LS  RT  RS  
0.998 -0.006 -0.045 0.043 -0.712 -0.0 -0.698 -0.076 -0.402 0.0 -0.364 -0.84 0.808 0.0 -0.587 0.039 0.364 0.0 -0.634 -0.683 -0.637 -0.0 -0.771 0.016 -0.998 0.0 0.008 0.065 0.717 0.0 -0.697 0.005 0.997 0.0 0.021 0.079 
0.998 -0.006 -0.045 0.043 -0.712 -0.0 -0.698 -0.076 -0.402 -0.0 -0.365 -0.84 0.809 0.0 -0.587 0.039 0.364 0.0 -0.635 -0.681 -0.637 -0.0 -0.771 0.016 -0.998 -0.0 0.008 0.065 0.717 0.0 -0.697 0.005 0.997 0.0 0.02 0.079 
0.998 -0.005 -0.045 0.043 -0.712 -0.0 -0.698 -0.076 -0.401 -0.0 -0.366 -0.839 0.808 -0.0 -0.587 0.039 0.365 0.0 -0.635 -0.681 -0.637 0.0 -0.771 0.016 -0.998 -0.0 0.008 0.065 0.717 0.0 -0.697 0.005 0.997 0.0 0.021 0.079 
0.998 -0.005 -0.045 0.043 -0.712 -0.0 -0.698 -0.076 -0.401 0.0 -0.367 -0.839 0.809 0.0 -0.587 0.039 0.364 0.0 -0.636 -0.68 -0.637 -0.0 -0.771 0.016 -0.998 -0.0 0.008 0.065 0.717 -0.0 -0.697 0.004 0.997 0.0 0.02 0.079 
0.998 -0.005 -0.045 0.043 -0.712 0.0 -0.698 -0.076 -0.4 0.0 -0.368 -0.839 0.808 0.0 -0.587 0.039 0.364 0.0 -0.638 -0.679 -0.637 0.0 -0.771 0.015 -0.998 -0.0 0.008 0.065 0.717 -0.0 -0.697 0.004 0.997 0.0 0.021 0.079 
0.998 -0.005 -0.045 0.043 -0.712 -0.0 -0.698 -0.077 -0.4 -0.0 -0.37 -0.839 0.808 -0.0 -0.587 0.039 0.364 0.0 -0.639 -0.678 -0.637 -0.0 -0.771 0.015 -0.998 -0.0 0.008 0.065 0.717 0.0 -0.697 0.004 0.997 0.0 0.021 0.079 
0.998 -0.005 -0.045 0.043 -0.712 -0.0 -0.698 -0.077 -0.399 0.0 -0.372 -0.839 0.808 0.0 -0.587 0.039 0.363 0.0 -0.64 -0.677 -0.637 -0.0 -0.771 0.015 -0.998 -0.0 0.008 0.065 0.717 0.0 -0.697 0.004 0.997 0.0 0.02 0.079 
0.998 -0.005 -0.045 0.043 -0.712 0.0 -0.698 -0.077 -0.398 -0.0 -0.373 -0.838 0.808 0.0 -0.587 0.039 0.363 0.0 -0.641 -0.676 -0.637 -0.0 -0.771 0.015 -0.998 -0.0 0.008 0.065 0.717 0.0 -0.697 0.004 0.997 0.0 0.021 0.08 
0.998 -0.005 -0.045 0.043 -0.711 -0.0 -0.699 -0.077 -0.397 -0.0 -0.375 -0.837 0.808 0.0 -0.587 0.04 0.363 0.0 -0.641 -0.676 -0.637 -0.0 -0.771 0.015 -0.998 0.0 0.008 0.065 0.717 0.0 -0.697 0.004 0.997 -0.0 0.02 0.079 
0.998 -0.005 -0.045 0.043 -0.711 -0.0 -0.699 -0.077 -0.397 -0.0 -0.377 -0.837 0.808 0.0 -0.587 0.039 0.363 0.0 -0.642 -0.676 -0.637 -0.0 -0.771 0.015 -0.998 0.0 0.008 0.065 0.717 0.0 -0.697 0.004 0.997 0.0 0.021 0.079 
0.998 -0.005 -0.045 0.043 -0.711 -0.0 -0.699 -0.077 -0.397 -0.0 -0.377 -0.836 0.808 0.0 -0.587 0.039 0.364 0.0 -0.642 -0.675 -0.637 -0.0 -0.771 0.015 -0.998 -0.0 0.008 0.065 0.717 0.0 -0.697 0.004 0.997 0.0 0.02 0.079 
0.998 -0.005 -0.045 0.043 -0.711 -0.0 -0.699 -0.077 -0.397 -0.0 -0.378 -0.836 0.808 0.0 -0.588 0.039 0.364 0.0 -0.642 -0.675 -0.637 -0.0 -0.771 0.015 -0.998 -0.0 0.008 0.065 0.717 0.0 -0.697 0.004 0.997 0.0 0.021 0.079 
0.998 -0.005 -0.045 0.043 -0.711 -0.0 -0.699 -0.077 -0.397 0.0 -0.378 -0.836 0.808 0.0 -0.588 0.039 0.364 0.0 -0.641 -0.676 -0.637 -0.0 -0.771 0.015 -0.998 -0.0 0.008 0.065 0.717 0.0 -0.697 0.004 0.997 0.0 0.02 0.079 
0.998 -0.005 -0.045 0.043 -0.711 -0.0 -0.699 -0.077 -0.397 -0.0 -0.379 -0.836 0.808 -0.0 -0.588 0.039 0.363 0.0 -0.642 -0.675 -0.637 -0.0 -0.771 0.015 -0.998 -0.0 0.007 0.065 0.717 0.0 -0.697 0.004 0.997 0.0 0.021 0.079 
0.998 -0.005 -0.045 0.043 -0.711 -0.0 -0.699 -0.078 -0.397 0.0 -0.379 -0.836 0.808 -0.0 -0.588 0.039 0.363 0.0 -0.641 -0.676 -0.637 -0.0 -0.771 0.015 -0.998 0.0 0.008 0.065 0.717 0.0 -0.697 0.004 0.997 0.0 0.021 0.079 
0.998 -0.005 -0.045 0.043 -0.711 0.0 -0.699 -0.078 -0.397 -0.0 -0.378 -0.836 0.808 0.0 -0.588 0.039 0.363 0.0 -0.641 -0.676 -0.637 -0.0 -0.771 0.016 -0.998 -0.0 0.008 0.065 0.717 0.0 -0.697 0.005 0.997 0.0 0.021 0.079 
0.998 -0.005 -0.045 0.043 -0.711 -0.0 -0.699 -0.078 -0.396 -0.0 -0.379 -0.836 0.808 0.0 -0.588 0.039 0.363 0.0 -0.64 -0.677 -0.637 -0.0 -0.771 0.016 -0.998 -0.0 0.007 0.065 0.717 0.0 -0.697 0.005 0.997 -0.0 0.021 0.079 
0.998 -0.005 -0.045 0.043 -0.711 -0.0 -0.699 -0.078 -0.396 -0.0 -0.378 -0.837 0.807 -0.0 -0.589 0.039 0.363 0.0 -0.64 -0.678 -0.637 0.0 -0.771 0.016 -0.998 -0.0 0.007 0.065 0.717 0.0 -0.697 0.005 0.997 0.0 0.021 0.079 
0.998 -0.005 -0.045 0.043 -0.711 -0.0 -0.699 -0.078 -0.396 -0.0 -0.378 -0.837 0.807 0.0 -0.589 0.039 0.363 0.0 -0.64 -0.678 -0.637 -0.0 -0.77 0.016 -0.998 -0.0 0.007 0.065 0.717 -0.0 -0.697 0.005 0.997 0.0 0.021 0.079 
0.998 -0.006 -0.045 0.043 -0.711 -0.0 -0.699 -0.078 -0.395 0.0 -0.379 -0.837 0.807 0.0 -0.589 0.038 0.362 0.0 -0.639 -0.679 -0.637 0.0 -0.771 0.016 -0.998 0.0 0.008 0.065 0.717 0.0 -0.697 0.005 0.997 -0.0 0.021 0.079 
0.998 -0.006 -0.044 0.043 -0.711 -0.0 -0.699 -0.079 -0.395 -0.0 -0.378 -0.837 0.807 0.0 -0.589 0.038 0.363 0.0 -0.638 -0.679 -0.637 -0.0 -0.77 0.017 -0.998 -0.0 0.007 0.065 0.717 0.0 -0.697 0.006 0.997 0.0 0.021 0.079 
0.998 -0.006 -0.045 0.043 -0.711 -0.0 -0.699 -0.079 -0.395 -0.0 -0.377 -0.838 0.807 -0.0 -0.589 0.038 0.362 0.0 -0.637 -0.68 -0.637 -0.0 -0.77 0.017 -0.998 -0.0 0.007 0.065 0.717 0.0 -0.697 0.006 0.997 0.0 0.021 0.08 
0.998 -0.006 -0.044 0.043 -0.711 -0.0 -0.699 -0.079 -0.395 -0.0 -0.377 -0.838 0.807 0.0 -0.589 0.037 0.363 0.0 -0.636 -0.681 -0.637 -0.0 -0.77 0.017 -0.998 -0.0 0.007 0.065 0.717 0.0 -0.697 0.006 0.997 -0.0 0.021 0.08 
0.998 -0.006 -0.044 0.043 -0.711 -0.0 -0.699 -0.08 -0.395 -0.0 -0.377 -0.838 0.807 0.0 -0.59 0.037 0.363 0.0 -0.636 -0.681 -0.637 0.0 -0.77 0.018 -0.998 -0.0 0.007 0.065 0.717 0.0 -0.697 0.006 0.997 0.0 0.022 0.079 
0.998 -0.007 -0.044 0.043 -0.711 -0.0 -0.699 -0.08 -0.394 -0.0 -0.377 -0.838 0.807 0.0 -0.59 0.037 0.363 0.0 -0.635 -0.682 -0.637 -0.0 -0.77 0.018 -0.998 -0.0 0.007 0.066 0.717 0.0 -0.697 0.006 0.997 0.0 0.021 0.08 
0.998 -0.007 -0.044 0.043 -0.711 -0.0 -0.699 -0.081 -0.394 -0.0 -0.376 -0.839 0.807 0.0 -0.59 0.037 0.363 0.0 -0.634 -0.683 -0.638 0.0 -0.77 0.017 -0.998 -0.0 0.007 0.066 0.717 0.0 -0.697 0.006 0.997 -0.0 0.021 0.08 
0.998 -0.007 -0.044 0.043 -0.711 -0.0 -0.699 -0.081 -0.394 -0.0 -0.376 -0.839 0.807 0.0 -0.59 0.036 0.363 0.0 -0.633 -0.684 -0.638 -0.0 -0.77 0.018 -0.998 -0.0 0.007 0.066 0.717 0.0 -0.697 0.007 0.997 0.0 0.021 0.08 
0.998 -0.007 -0.044 0.043 -0.711 0.0 -0.698 -0.081 -0.393 -0.0 -0.377 -0.839 0.806 0.0 -0.59 0.036 0.363 0.0 -0.633 -0.684 -0.638 0.0 -0.77 0.018 -0.998 -0.0 0.007 0.066 0.717 0.0 -0.697 0.007 0.997 0.0 0.021 0.08 
0.998 -0.007 -0.044 0.043 -0.711 0.0 -0.698 -0.081 -0.392 -0.0 -0.377 -0.839 0.806 0.0 -0.59 0.036 0.363 0.0 -0.632 -0.685 -0.638 -0.0 -0.77 0.018 -0.998 -0.0 0.007 0.066 0.717 0.0 -0.697 0.007 0.997 0.0 0.021 0.079 
0.998 -0.008 -0.044 0.043 -0.711 0.0 -0.698 -0.082 -0.392 -0.0 -0.376 -0.84 0.806 0.0 -0.59 0.035 0.363 0.0 -0.632 -0.685 -0.638 0.0 -0.77 0.019 -0.998 -0.0 0.007 0.066 0.717 0.0 -0.697 0.007 0.997 0.0 0.022 0.08 
0.998 -0.008 -0.044 0.044 -0.711 -0.0 -0.698 -0.082 -0.392 -0.0 -0.376 -0.84 0.806 0.0 -0.591 0.035 0.363 0.0 -0.632 -0.685 -0.637 0.0 -0.77 0.02 -0.998 -0.0 0.007 0.066 0.717 0.0 -0.697 0.008 0.997 0.0 0.022 0.08 
0.998 -0.008 -0.044 0.044 -0.711 -0.0 -0.698 -0.081 -0.391 -0.0 -0.376 -0.84 0.806 0.0 -0.591 0.035 0.363 -0.0 -0.631 -0.686 -0.637 -0.0 -0.77 0.02 -0.998 -0.0 0.007 0.066 0.717 0.0 -0.697 0.008 0.997 0.0 0.022 0.08 
0.998 -0.008 -0.044 0.044 -0.711 -0.0 -0.698 -0.082 -0.391 -0.0 -0.376 -0.84 0.806 -0.0 -0.591 0.034 0.363 0.0 -0.631 -0.686 -0.637 -0.0 -0.77 0.021 -0.998 -0.0 0.007 0.066 0.717 0.0 -0.697 0.008 0.997 0.0 0.022 0.08 
0.998 -0.009 -0.044 0.044 -0.711 -0.0 -0.698 -0.082 -0.39 -0.0 -0.376 -0.841 0.806 -0.0 -0.591 0.034 0.363 0.0 -0.631 -0.686 -0.637 -0.0 -0.77 0.021 -0.998 -0.0 0.007 0.066 0.717 0.0 -0.697 0.008 0.997 0.0 0.022 0.081 
0.998 -0.009 -0.044 0.044 -0.711 -0.0 -0.698 -0.082 -0.39 -0.0 -0.376 -0.841 0.806 0.0 -0.591 0.034 0.363 0.0 -0.63 -0.686 -0.637 -0.0 -0.77 0.021 -0.998 -0.0 0.008 0.066 0.717 0.0 -0.697 0.009 0.997 0.0 0.022 0.08 
0.998 -0.009 -0.044 0.045 -0.712 -0.0 -0.698 -0.082 -0.389 0.0 -0.375 -0.841 0.806 0.0 -0.591 0.033 0.363 -0.0 -0.63 -0.686 -0.637 -0.0 -0.77 0.021 -0.998 0.0 0.008 0.066 0.717 0.0 -0.697 0.009 0.997 0.0 0.022 0.08 
0.998 -0.01 -0.044 0.045 -0.712 0.0 -0.698 -0.082 -0.389 -0.0 -0.375 -0.842 0.806 0.0 -0.591 0.033 0.364 -0.0 -0.63 -0.686 -0.637 -0.0 -0.77 0.022 -0.998 0.0 0.008 0.066 0.717 0.0 -0.697 0.009 0.997 0.0 0.022 0.08 
0.998 -0.01 -0.044 0.045 -0.712 -0.0 -0.698 -0.083 -0.389 -0.0 -0.374 -0.842 0.806 0.0 -0.591 0.032 0.364 -0.0 -0.629 -0.687 -0.637 -0.0 -0.77 0.022 -0.998 0.0 0.008 0.067 0.717 0.0 -0.697 0.01 0.996 -0.0 0.022 0.081 
0.998 -0.01 -0.044 0.045 -0.712 0.0 -0.698 -0.083 -0.389 -0.0 -0.373 -0.842 0.806 0.0 -0.591 0.032 0.364 0.0 -0.629 -0.687 -0.637 0.0 -0.77 0.023 -0.998 -0.0 0.008 0.067 0.717 0.0 -0.697 0.01 0.996 0.0 0.022 0.081 
0.998 -0.011 -0.044 0.045 -0.712 -0.0 -0.698 -0.084 -0.389 -0.0 -0.372 -0.843 0.806 0.0 -0.592 0.031 0.365 0.0 -0.629 -0.687 -0.637 -0.0 -0.77 0.023 -0.998 0.0 0.008 0.066 0.717 0.0 -0.697 0.011 0.997 -0.0 0.022 0.08 
0.998 -0.011 -0.044 0.045 -0.711 -0.0 -0.698 -0.084 -0.389 -0.0 -0.371 -0.843 0.806 0.0 -0.591 0.031 0.365 0.0 -0.628 -0.687 -0.637 -0.0 -0.77 0.024 -0.998 -0.0 0.008 0.067 0.717 -0.0 -0.697 0.011 0.997 -0.0 0.022 0.08 
0.998 -0.012 -0.044 0.046 -0.711 -0.0 -0.698 -0.085 -0.389 -0.0 -0.371 -0.844 0.806 -0.0 -0.592 0.031 0.366 0.0 -0.627 -0.688 -0.637 -0.0 -0.77 0.025 -0.998 0.0 0.008 0.067 0.717 0.0 -0.697 0.012 0.997 0.0 0.022 0.08 
0.998 -0.012 -0.044 0.046 -0.711 -0.0 -0.698 -0.085 -0.389 0.0 -0.37 -0.844 0.806 0.0 -0.591 0.03 0.366 -0.0 -0.626 -0.688 -0.637 0.0 -0.77 0.025 -0.998 -0.0 0.008 0.067 0.717 0.0 -0.697 0.012 0.996 0.0 0.022 0.081 
0.998 -0.012 -0.044 0.046 -0.711 -0.0 -0.698 -0.085 -0.388 -0.0 -0.371 -0.844 0.806 0.0 -0.592 0.03 0.367 0.0 -0.624 -0.689 -0.637 -0.0 -0.77 0.026 -0.998 -0.0 0.009 0.066 0.717 0.0 -0.697 0.013 0.996 0.0 0.022 0.081 
0.998 -0.013 -0.044 0.046 -0.711 0.0 -0.698 -0.086 -0.388 -0.0 -0.371 -0.844 0.806 0.0 -0.591 0.03 0.368 0.0 -0.623 -0.69 -0.637 -0.0 -0.77 0.026 -0.998 -0.0 0.009 0.067 0.717 0.0 -0.697 0.013 0.996 0.0 0.022 0.081 
0.998 -0.013 -0.044 0.046 -0.711 -0.0 -0.698 -0.086 -0.387 -0.0 -0.371 -0.844 0.805 0.0 -0.592 0.03 0.369 0.0 -0.621 -0.691 -0.637 -0.0 -0.77 0.027 -0.998 -0.0 0.009 0.067 0.717 0.0 -0.697 0.014 0.997 0.0 0.022 0.08 
0.998 -0.014 -0.044 0.046 -0.711 -0.0 -0.698 -0.087 -0.387 -0.0 -0.371 -0.844 0.805 -0.0 -0.592 0.029 0.37 0.0 -0.619 -0.693 -0.637 -0.0 -0.77 0.027 -0.998 -0.0 0.009 0.067 0.717 0.0 -0.697 0.014 0.997 0.0 0.022 0.08 
0.998 -0.014 -0.044 0.046 -0.711 -0.0 -0.698 -0.087 -0.387 -0.0 -0.371 -0.844 0.805 0.0 -0.592 0.029 0.371 0.0 -0.618 -0.693 -0.637 0.0 -0.77 0.028 -0.998 -0.0 0.009 0.067 0.717 -0.0 -0.697 0.015 0.997 0.0 0.021 0.081 
0.998 -0.015 -0.044 0.046 -0.711 -0.0 -0.698 -0.087 -0.388 -0.0 -0.369 -0.845 0.806 0.0 -0.592 0.029 0.372 0.0 -0.617 -0.694 -0.637 -0.0 -0.77 0.029 -0.998 -0.0 0.009 0.067 0.717 0.0 -0.697 0.016 0.996 0.0 0.022 0.081 
0.998 -0.015 -0.044 0.046 -0.711 -0.0 -0.698 -0.088 -0.388 -0.0 -0.369 -0.845 0.806 0.0 -0.592 0.029 0.372 0.0 -0.615 -0.695 -0.637 -0.0 -0.77 0.029 -0.998 -0.0 0.009 0.067 0.717 -0.0 -0.697 0.016 0.996 0.0 0.022 0.081 
0.998 -0.016 -0.044 0.046 -0.71 -0.0 -0.698 -0.088 -0.388 -0.0 -0.369 -0.844 0.806 0.0 -0.592 0.03 0.373 0.0 -0.613 -0.696 -0.637 -0.0 -0.77 0.03 -0.998 0.0 0.01 0.067 0.717 0.0 -0.697 0.017 0.997 0.0 0.022 0.08 
0.998 -0.016 -0.044 0.046 -0.71 0.0 -0.698 -0.088 -0.388 0.0 -0.37 -0.844 0.806 0.0 -0.592 0.03 0.373 0.0 -0.612 -0.698 -0.637 -0.0 -0.77 0.03 -0.998 -0.0 0.01 0.068 0.717 0.0 -0.697 0.017 0.996 -0.0 0.022 0.081 
0.998 -0.017 -0.044 0.047 -0.71 0.0 -0.698 -0.088 -0.389 0.0 -0.37 -0.844 0.806 0.0 -0.591 0.031 0.374 0.0 -0.61 -0.698 -0.637 -0.0 -0.77 0.031 -0.998 -0.0 0.01 0.067 0.717 0.0 -0.697 0.018 0.996 -0.0 0.023 0.081 
0.998 -0.017 -0.044 0.046 -0.71 0.0 -0.699 -0.088 -0.389 0.0 -0.371 -0.843 0.806 0.0 -0.592 0.031 0.374 0.0 -0.608 -0.7 -0.637 -0.0 -0.77 0.031 -0.998 -0.0 0.01 0.068 0.717 0.0 -0.696 0.018 0.997 -0.0 0.022 0.081 
0.998 -0.017 -0.044 0.047 -0.71 -0.0 -0.699 -0.087 -0.389 -0.0 -0.371 -0.843 0.806 0.0 -0.591 0.032 0.375 0.0 -0.607 -0.701 -0.637 -0.0 -0.77 0.033 -0.998 -0.0 0.01 0.067 0.718 0.0 -0.696 0.018 0.996 -0.0 0.022 0.081 
0.998 -0.018 -0.044 0.047 -0.71 -0.0 -0.699 -0.087 -0.39 -0.0 -0.37 -0.843 0.806 0.0 -0.591 0.033 0.376 0.0 -0.606 -0.701 -0.637 -0.0 -0.77 0.033 -0.998 -0.0 0.01 0.067 0.717 0.0 -0.697 0.019 0.996 0.0 0.023 0.081 
0.998 -0.018 -0.044 0.047 -0.71 -0.0 -0.699 -0.087 -0.391 -0.0 -0.37 -0.843 0.806 0.0 -0.591 0.034 0.376 0.0 -0.604 -0.703 -0.637 -0.0 -0.77 0.033 -0.998 -0.0 0.01 0.067 0.717 0.0 -0.696 0.019 0.996 0.0 0.022 0.081 
0.998 -0.018 -0.044 0.047 -0.71 -0.0 -0.699 -0.086 -0.391 0.0 -0.372 -0.842 0.806 0.0 -0.591 0.036 0.376 0.0 -0.603 -0.703 -0.637 0.0 -0.77 0.033 -0.998 -0.0 0.01 0.067 0.717 0.0 -0.697 0.019 0.996 0.0 0.023 0.082 
0.998 -0.019 -0.044 0.047 -0.71 -0.0 -0.699 -0.085 -0.391 -0.0 -0.373 -0.841 0.806 0.0 -0.59 0.037 0.377 0.0 -0.602 -0.704 -0.637 -0.0 -0.77 0.033 -0.998 -0.0 0.01 0.068 0.717 0.0 -0.697 0.019 0.996 -0.0 0.022 0.082 
0.998 -0.019 -0.044 0.047 -0.71 -0.0 -0.7 -0.083 -0.392 -0.0 -0.375 -0.84 0.806 0.0 -0.59 0.039 0.377 0.0 -0.601 -0.705 -0.637 -0.0 -0.77 0.033 -0.998 -0.0 0.01 0.068 0.717 0.0 -0.696 0.019 0.996 0.0 0.022 0.082 
0.998 -0.019 -0.044 0.047 -0.71 0.0 -0.7 -0.081 -0.392 -0.0 -0.377 -0.839 0.807 0.0 -0.59 0.041 0.378 0.0 -0.6 -0.705 -0.637 -0.0 -0.77 0.034 -0.998 -0.0 0.011 0.068 0.717 0.0 -0.696 0.019 0.996 -0.0 0.022 0.082 
0.998 -0.019 -0.044 0.047 -0.71 -0.0 -0.7 -0.08 -0.393 -0.0 -0.378 -0.839 0.807 0.0 -0.589 0.043 0.378 0.0 -0.599 -0.706 -0.637 -0.0 -0.77 0.034 -0.998 -0.0 0.01 0.068 0.717 0.0 -0.697 0.019 0.996 0.0 0.022 0.082 
0.998 -0.019 -0.044 0.047 -0.71 -0.0 -0.7 -0.079 -0.393 -0.0 -0.379 -0.838 0.807 0.0 -0.589 0.045 0.378 -0.0 -0.598 -0.707 -0.637 0.0 -0.77 0.034 -0.998 -0.0 0.01 0.067 0.717 -0.0 -0.697 0.019 0.996 0.0 0.023 0.082 
0.998 -0.02 -0.044 0.047 -0.71 -0.0 -0.7 -0.076 -0.394 -0.0 -0.381 -0.837 0.807 0.0 -0.588 0.048 0.378 0.0 -0.597 -0.708 -0.637 -0.0 -0.77 0.034 -0.998 -0.0 0.01 0.068 0.718 0.0 -0.696 0.019 0.996 0.0 0.022 0.082 
0.998 -0.02 -0.044 0.047 -0.71 0.0 -0.7 -0.075 -0.395 -0.0 -0.381 -0.836 0.808 0.0 -0.587 0.051 0.379 0.0 -0.595 -0.709 -0.637 0.0 -0.77 0.034 -0.998 -0.0 0.01 0.067 0.717 0.0 -0.697 0.019 0.996 0.0 0.023 0.082 
0.998 -0.02 -0.045 0.047 -0.71 -0.0 -0.7 -0.073 -0.396 -0.0 -0.382 -0.835 0.808 0.0 -0.586 0.054 0.379 0.0 -0.594 -0.71 -0.637 -0.0 -0.77 0.034 -0.998 -0.0 0.01 0.067 0.717 -0.0 -0.697 0.019 0.996 0.0 0.023 0.082 
0.998 -0.02 -0.045 0.047 -0.711 0.0 -0.7 -0.07 -0.396 0.0 -0.385 -0.834 0.809 0.0 -0.585 0.057 0.379 0.0 -0.592 -0.711 -0.637 0.0 -0.77 0.034 -0.998 -0.0 0.01 0.068 0.717 -0.0 -0.697 0.019 0.996 0.0 0.023 0.082 
0.998 -0.02 -0.045 0.047 -0.711 -0.0 -0.7 -0.069 -0.397 0.0 -0.385 -0.833 0.809 0.0 -0.584 0.06 0.38 0.0 -0.59 -0.712 -0.637 -0.0 -0.77 0.034 -0.998 -0.0 0.01 0.068 0.717 0.0 -0.697 0.019 0.996 -0.0 0.023 0.082 
0.998 -0.02 -0.045 0.047 -0.711 -0.0 -0.7 -0.066 -0.398 -0.0 -0.386 -0.832 0.81 -0.0 -0.583 0.063 0.38 0.0 -0.589 -0.713 -0.637 -0.0 -0.77 0.034 -0.998 -0.0 0.01 0.068 0.717 0.0 -0.697 0.019 0.996 0.0 0.023 0.082 
0.998 -0.02 -0.045 0.047 -0.712 -0.0 -0.7 -0.061 -0.399 -0.0 -0.389 -0.83 0.811 0.0 -0.582 0.067 0.382 0.0 -0.586 -0.714 -0.637 -0.0 -0.77 0.034 -0.998 -0.0 0.01 0.067 0.717 0.0 -0.697 0.02 0.996 0.0 0.023 0.081 
0.998 -0.02 -0.045 0.047 -0.712 -0.0 -0.699 -0.059 -0.401 -0.0 -0.389 -0.83 0.811 0.0 -0.581 0.069 0.383 0.0 -0.584 -0.716 -0.637 -0.0 -0.77 0.034 -0.998 -0.0 0.011 0.067 0.717 0.0 -0.697 0.019 0.996 0.0 0.023 0.081 
0.998 -0.02 -0.045 0.047 -0.713 -0.0 -0.699 -0.055 -0.403 0.0 -0.39 -0.828 0.812 0.0 -0.579 0.073 0.385 0.0 -0.583 -0.715 -0.637 -0.0 -0.77 0.034 -0.998 0.0 0.01 0.067 0.717 0.0 -0.697 0.02 0.996 -0.0 0.023 0.081 
0.998 -0.021 -0.045 0.047 -0.714 0.0 -0.699 -0.052 -0.405 -0.0 -0.389 -0.828 0.813 0.0 -0.578 0.076 0.388 0.0 -0.582 -0.715 -0.637 -0.0 -0.77 0.035 -0.998 -0.0 0.011 0.067 0.717 -0.0 -0.697 0.02 0.996 0.0 0.023 0.081 
0.998 -0.021 -0.045 0.046 -0.715 -0.0 -0.698 -0.047 -0.407 -0.0 -0.39 -0.826 0.813 -0.0 -0.577 0.079 0.391 0.0 -0.578 -0.716 -0.637 -0.0 -0.77 0.034 -0.998 -0.0 0.011 0.067 0.717 0.0 -0.697 0.02 0.996 0.0 0.023 0.081 
0.998 -0.021 -0.045 0.046 -0.715 0.0 -0.697 -0.043 -0.409 -0.0 -0.39 -0.825 0.814 0.0 -0.575 0.083 0.394 0.0 -0.575 -0.717 -0.637 -0.0 -0.77 0.035 -0.998 -0.0 0.011 0.067 0.717 0.0 -0.697 0.02 0.996 0.0 0.023 0.081 
0.998 -0.021 -0.045 0.046 -0.716 -0.0 -0.697 -0.039 -0.412 -0.0 -0.389 -0.824 0.815 0.0 -0.573 0.086 0.398 0.0 -0.573 -0.717 -0.637 -0.0 -0.77 0.035 -0.998 -0.0 0.011 0.066 0.717 0.0 -0.697 0.021 0.996 0.0 0.023 0.081 
0.998 -0.022 -0.045 0.047 -0.717 -0.0 -0.696 -0.033 -0.415 -0.0 -0.388 -0.823 0.816 0.0 -0.571 0.09 0.402 0.0 -0.57 -0.717 -0.637 -0.0 -0.77 0.037 -0.998 -0.0 0.011 0.065 0.717 0.0 -0.697 0.021 0.996 0.0 0.023 0.081 
0.998 -0.022 -0.045 0.047 -0.718 0.0 -0.695 -0.028 -0.417 -0.0 -0.389 -0.822 0.817 0.0 -0.569 0.093 0.406 -0.0 -0.567 -0.717 -0.637 -0.0 -0.77 0.037 -0.998 -0.0 0.011 0.065 0.717 0.0 -0.697 0.021 0.996 0.0 0.023 0.081 
0.998 -0.022 -0.045 0.047 -0.719 -0.0 -0.694 -0.022 -0.419 -0.0 -0.389 -0.821 0.818 0.0 -0.567 0.096 0.409 0.0 -0.565 -0.717 -0.637 -0.0 -0.77 0.038 -0.998 -0.0 0.011 0.065 0.717 -0.0 -0.697 0.021 0.996 0.0 0.023 0.081 
0.998 -0.022 -0.045 0.047 -0.721 0.0 -0.693 -0.017 -0.421 -0.0 -0.389 -0.819 0.819 0.0 -0.565 0.1 0.412 0.0 -0.562 -0.717 -0.637 -0.0 -0.77 0.038 -0.998 -0.0 0.011 0.064 0.717 0.0 -0.697 0.021 0.996 0.0 0.023 0.081 
0.998 -0.023 -0.045 0.047 -0.722 -0.0 -0.692 -0.011 -0.424 -0.0 -0.388 -0.818 0.82 0.0 -0.563 0.104 0.416 -0.0 -0.56 -0.716 -0.637 -0.0 -0.77 0.038 -0.998 -0.0 0.011 0.064 0.717 0.0 -0.696 0.022 0.996 -0.0 0.023 0.08 
0.998 -0.023 -0.045 0.047 -0.723 -0.0 -0.691 -0.005 -0.427 -0.0 -0.388 -0.817 0.821 0.0 -0.561 0.108 0.42 0.0 -0.557 -0.716 -0.636 0.0 -0.77 0.039 -0.998 -0.0 0.011 0.064 0.717 0.0 -0.697 0.022 0.996 -0.0 0.023 0.08 
0.998 -0.023 -0.045 0.047 -0.724 -0.0 -0.689 0.001 -0.429 0.0 -0.389 -0.815 0.822 0.0 -0.558 0.112 0.424 0.0 -0.554 -0.717 -0.636 0.0 -0.77 0.039 -0.998 -0.0 0.011 0.064 0.718 0.0 -0.696 0.022 0.997 0.0 0.023 0.08 
0.998 -0.023 -0.045 0.047 -0.726 0.0 -0.688 0.007 -0.432 -0.0 -0.389 -0.814 0.823 -0.0 -0.556 0.115 0.428 0.0 -0.551 -0.717 -0.636 -0.0 -0.77 0.039 -0.998 0.0 0.011 0.064 0.717 0.0 -0.696 0.022 0.996 0.0 0.023 0.08 
0.998 -0.023 -0.045 0.048 -0.727 -0.0 -0.686 0.012 -0.436 -0.0 -0.387 -0.812 0.824 0.0 -0.554 0.119 0.432 0.0 -0.549 -0.716 -0.636 0.0 -0.77 0.039 -0.998 -0.0 0.011 0.064 0.717 0.0 -0.696 0.022 0.997 -0.0 0.023 0.08 
0.998 -0.024 -0.045 0.048 -0.728 -0.0 -0.685 0.016 -0.44 -0.0 -0.384 -0.812 0.825 0.0 -0.552 0.123 0.436 0.0 -0.546 -0.715 -0.636 -0.0 -0.77 0.039 -0.998 -0.0 0.011 0.064 0.717 0.0 -0.696 0.022 0.997 0.0 0.023 0.08 
0.998 -0.024 -0.045 0.048 -0.729 -0.0 -0.684 0.024 -0.444 -0.0 -0.385 -0.809 0.826 0.0 -0.549 0.127 0.44 -0.0 -0.544 -0.715 -0.636 -0.0 -0.77 0.039 -0.998 -0.0 0.011 0.064 0.717 -0.0 -0.696 0.022 0.997 0.0 0.023 0.08 
0.998 -0.024 -0.045 0.048 -0.732 -0.0 -0.681 0.03 -0.447 -0.0 -0.386 -0.807 0.827 -0.0 -0.547 0.131 0.444 0.0 -0.541 -0.714 -0.636 -0.0 -0.77 0.039 -0.998 -0.0 0.011 0.064 0.717 -0.0 -0.696 0.022 0.997 0.0 0.023 0.08 
0.998 -0.024 -0.045 0.048 -0.732 -0.0 -0.68 0.034 -0.453 -0.0 -0.382 -0.806 0.827 0.0 -0.546 0.136 0.448 0.0 -0.538 -0.714 -0.636 -0.0 -0.77 0.039 -0.998 -0.0 0.011 0.064 0.717 0.0 -0.696 0.022 0.997 0.0 0.023 0.08 
0.998 -0.024 -0.045 0.048 -0.735 0.0 -0.677 0.041 -0.456 -0.0 -0.384 -0.803 0.827 0.0 -0.544 0.14 0.452 0.0 -0.536 -0.713 -0.636 0.0 -0.77 0.039 -0.998 -0.0 0.011 0.064 0.717 0.0 -0.696 0.022 0.997 0.0 0.023 0.08 
0.998 -0.024 -0.045 0.048 -0.737 -0.0 -0.674 0.049 -0.459 -0.0 -0.387 -0.799 0.828 0.0 -0.541 0.144 0.456 0.0 -0.535 -0.712 -0.636 -0.0 -0.77 0.039 -0.998 -0.0 0.011 0.064 0.717 -0.0 -0.696 0.022 0.997 0.0 0.023 0.08 
0.998 -0.024 -0.045 0.048 -0.739 -0.0 -0.672 0.054 -0.463 -0.0 -0.388 -0.797 0.829 0.0 -0.539 0.148 0.459 0.0 -0.534 -0.71 -0.636 -0.0 -0.77 0.039 -0.998 0.0 0.011 0.064 0.717 0.0 -0.696 0.022 0.997 0.0 0.023 0.08 
0.998 -0.025 -0.045 0.048 -0.74 -0.0 -0.67 0.059 -0.468 -0.0 -0.387 -0.795 0.83 0.0 -0.537 0.152 0.463 0.0 -0.533 -0.709 -0.636 -0.0 -0.77 0.039 -0.998 -0.0 0.011 0.065 0.717 0.0 -0.696 0.022 0.997 0.0 0.023 0.08 
0.998 -0.025 -0.045 0.048 -0.742 -0.0 -0.668 0.064 -0.472 -0.0 -0.387 -0.792 0.831 -0.0 -0.534 0.156 0.466 -0.0 -0.533 -0.707 -0.636 -0.0 -0.77 0.039 -0.998 -0.0 0.011 0.065 0.717 0.0 -0.696 0.022 0.997 0.0 0.023 0.08 
0.998 -0.024 -0.045 0.048 -0.743 -0.0 -0.666 0.07 -0.475 -0.0 -0.388 -0.79 0.833 -0.0 -0.53 0.158 0.468 0.0 -0.535 -0.703 -0.636 0.0 -0.77 0.038 -0.998 -0.0 0.011 0.065 0.717 -0.0 -0.696 0.022 0.997 -0.0 0.023 0.08 
0.998 -0.024 -0.045 0.048 -0.744 -0.0 -0.664 0.075 -0.479 -0.0 -0.39 -0.787 0.833 0.0 -0.528 0.162 0.472 -0.0 -0.534 -0.702 -0.636 -0.0 -0.77 0.038 -0.998 -0.0 0.011 0.065 0.717 0.0 -0.696 0.022 0.997 -0.0 0.023 0.08 
0.998 -0.024 -0.045 0.048 -0.746 -0.0 -0.661 0.079 -0.482 0.0 -0.391 -0.784 0.834 0.0 -0.526 0.165 0.474 -0.0 -0.535 -0.699 -0.636 -0.0 -0.77 0.038 -0.998 -0.0 0.011 0.065 0.717 0.0 -0.696 0.021 0.997 0.0 0.023 0.08 
0.998 -0.024 -0.045 0.048 -0.748 -0.0 -0.659 0.085 -0.485 -0.0 -0.392 -0.782 0.835 0.0 -0.523 0.168 0.477 0.0 -0.536 -0.697 -0.636 -0.0 -0.77 0.038 -0.998 -0.0 0.011 0.065 0.717 0.0 -0.696 0.021 0.997 -0.0 0.023 0.08 
0.998 -0.024 -0.045 0.048 -0.749 0.0 -0.656 0.089 -0.488 -0.0 -0.393 -0.779 0.836 0.0 -0.521 0.171 0.48 0.0 -0.537 -0.694 -0.636 0.0 -0.77 0.037 -0.998 -0.0 0.011 0.065 0.717 0.0 -0.696 0.021 0.997 -0.0 0.023 0.08 
0.998 -0.024 -0.045 0.047 -0.75 -0.0 -0.654 0.095 -0.491 -0.0 -0.395 -0.776 0.837 0.0 -0.519 0.174 0.483 0.0 -0.539 -0.691 -0.637 -0.0 -0.77 0.036 -0.998 -0.0 0.011 0.065 0.717 -0.0 -0.696 0.021 0.996 0.0 0.023 0.081 
0.998 -0.024 -0.045 0.047 -0.752 -0.0 -0.652 0.099 -0.494 -0.0 -0.398 -0.773 0.838 0.0 -0.517 0.177 0.486 0.0 -0.541 -0.687 -0.637 0.0 -0.77 0.037 -0.998 0.0 0.011 0.065 0.717 -0.0 -0.696 0.021 0.997 0.0 0.023 0.08 
0.998 -0.024 -0.045 0.047 -0.752 -0.0 -0.65 0.105 -0.496 -0.0 -0.4 -0.77 0.838 0.0 -0.515 0.179 0.489 0.0 -0.544 -0.683 -0.637 -0.0 -0.77 0.037 -0.998 -0.0 0.011 0.065 0.717 0.0 -0.696 0.021 0.997 0.0 0.023 0.08 
0.998 -0.024 -0.045 0.047 -0.753 0.0 -0.648 0.11 -0.499 -0.0 -0.403 -0.767 0.839 0.0 -0.513 0.182 0.491 -0.0 -0.546 -0.679 -0.636 -0.0 -0.77 0.036 -0.998 -0.0 0.011 0.065 0.717 0.0 -0.696 0.02 0.997 0.0 0.023 0.08 
0.998 -0.024 -0.045 0.047 -0.755 -0.0 -0.645 0.113 -0.502 -0.0 -0.406 -0.764 0.84 -0.0 -0.511 0.184 0.493 0.0 -0.549 -0.675 -0.637 -0.0 -0.77 0.036 -0.998 0.0 0.011 0.065 0.717 0.0 -0.697 0.02 0.996 0.0 0.023 0.081 
0.998 -0.023 -0.045 0.046 -0.755 0.0 -0.644 0.119 -0.504 -0.0 -0.409 -0.761 0.841 0.0 -0.508 0.186 0.495 -0.0 -0.553 -0.67 -0.636 -0.0 -0.77 0.036 -0.998 -0.0 0.011 0.064 0.717 0.0 -0.697 0.02 0.997 0.0 0.023 0.08 
0.998 -0.023 -0.045 0.046 -0.755 0.0 -0.643 0.125 -0.506 -0.0 -0.413 -0.758 0.841 0.0 -0.507 0.187 0.496 0.0 -0.556 -0.666 -0.637 0.0 -0.77 0.035 -0.998 -0.0 0.01 0.065 0.717 -0.0 -0.697 0.019 0.997 -0.0 0.023 0.08 
0.998 -0.023 -0.045 0.046 -0.756 0.0 -0.642 0.128 -0.509 -0.0 -0.414 -0.755 0.842 0.0 -0.504 0.189 0.497 0.0 -0.562 -0.662 -0.637 -0.0 -0.77 0.035 -0.998 -0.0 0.01 0.064 0.717 0.0 -0.697 0.019 0.997 0.0 0.023 0.08 
0.998 -0.023 -0.045 0.045 -0.756 -0.0 -0.641 0.132 -0.51 -0.0 -0.415 -0.753 0.843 -0.0 -0.503 0.191 0.498 0.0 -0.566 -0.658 -0.637 -0.0 -0.77 0.034 -0.998 -0.0 0.01 0.064 0.717 0.0 -0.697 0.018 0.997 -0.0 0.023 0.08 
0.998 -0.022 -0.045 0.045 -0.758 -0.0 -0.638 0.135 -0.512 -0.0 -0.419 -0.75 0.844 -0.0 -0.501 0.193 0.498 0.0 -0.57 -0.654 -0.637 -0.0 -0.77 0.034 -0.998 -0.0 0.01 0.064 0.717 0.0 -0.697 0.018 0.997 0.0 0.022 0.08 
0.998 -0.022 -0.045 0.045 -0.759 -0.0 -0.636 0.14 -0.513 -0.0 -0.424 -0.746 0.844 0.0 -0.499 0.194 0.499 0.0 -0.574 -0.649 -0.637 -0.0 -0.77 0.034 -0.998 -0.0 0.01 0.064 0.717 0.0 -0.697 0.018 0.997 -0.0 0.022 0.08 
0.998 -0.022 -0.045 0.045 -0.76 -0.0 -0.634 0.143 -0.514 -0.0 -0.428 -0.743 0.845 0.0 -0.498 0.195 0.5 -0.0 -0.578 -0.645 -0.637 0.0 -0.77 0.034 -0.998 -0.0 0.01 0.063 0.717 0.0 -0.697 0.018 0.997 0.0 0.022 0.08 
0.998 -0.022 -0.046 0.045 -0.76 0.0 -0.633 0.146 -0.516 -0.0 -0.432 -0.74 0.846 0.0 -0.496 0.196 0.501 -0.0 -0.582 -0.64 -0.637 0.0 -0.77 0.033 -0.998 -0.0 0.01 0.063 0.717 0.0 -0.697 0.017 0.997 0.0 0.022 0.08 
0.998 -0.021 -0.046 0.045 -0.762 -0.0 -0.63 0.149 -0.516 -0.0 -0.443 -0.733 0.846 0.0 -0.495 0.196 0.502 -0.0 -0.587 -0.636 -0.637 -0.0 -0.77 0.033 -0.998 0.0 0.01 0.063 0.717 -0.0 -0.697 0.017 0.997 0.0 0.022 0.08 
0.998 -0.022 -0.046 0.045 -0.763 -0.0 -0.628 0.151 -0.518 0.0 -0.446 -0.73 0.847 0.0 -0.494 0.197 0.502 0.0 -0.592 -0.631 -0.637 -0.0 -0.77 0.033 -0.998 -0.0 0.01 0.063 0.717 0.0 -0.697 0.017 0.997 0.0 0.022 0.08 
0.998 -0.021 -0.046 0.045 -0.763 0.0 -0.628 0.153 -0.519 -0.0 -0.448 -0.728 0.848 0.0 -0.493 0.198 0.503 0.0 -0.596 -0.626 -0.637 0.0 -0.77 0.032 -0.998 -0.0 0.01 0.063 0.717 0.0 -0.697 0.016 0.997 0.0 0.022 0.08 
0.998 -0.021 -0.046 0.044 -0.765 -0.0 -0.626 0.153 -0.52 -0.0 -0.452 -0.724 0.848 -0.0 -0.492 0.198 0.505 0.0 -0.6 -0.621 -0.637 -0.0 -0.77 0.032 -0.998 -0.0 0.01 0.063 0.717 0.0 -0.697 0.016 0.997 -0.0 0.022 0.08 
0.998 -0.021 -0.046 0.044 -0.765 0.0 -0.625 0.156 -0.521 -0.0 -0.456 -0.722 0.849 0.0 -0.49 0.199 0.505 -0.0 -0.604 -0.617 -0.637 -0.0 -0.77 0.032 -0.998 -0.0 0.01 0.063 0.717 -0.0 -0.697 0.016 0.997 -0.0 0.022 0.08 
0.998 -0.021 -0.046 0.044 -0.765 -0.0 -0.624 0.16 -0.521 -0.0 -0.457 -0.721 0.849 0.0 -0.489 0.199 0.505 0.0 -0.608 -0.612 -0.637 -0.0 -0.77 0.032 -0.998 -0.0 0.01 0.063 0.717 -0.0 -0.697 0.016 0.997 0.0 0.022 0.08 
0.998 -0.021 -0.046 0.044 -0.767 -0.0 -0.622 0.159 -0.522 -0.0 -0.464 -0.716 0.85 0.0 -0.489 0.199 0.505 -0.0 -0.612 -0.608 -0.637 0.0 -0.77 0.031 -0.998 -0.0 0.01 0.063 0.717 0.0 -0.697 0.016 0.997 0.0 0.022 0.08 
0.998 -0.02 -0.046 0.044 -0.769 -0.0 -0.619 0.16 -0.521 -0.0 -0.471 -0.712 0.85 0.0 -0.488 0.199 0.506 0.0 -0.616 -0.604 -0.637 0.0 -0.77 0.031 -0.998 -0.0 0.01 0.063 0.717 0.0 -0.697 0.015 0.997 0.0 0.022 0.08 
0.998 -0.02 -0.046 0.044 -0.769 -0.0 -0.618 0.162 -0.522 -0.0 -0.475 -0.709 0.85 0.0 -0.487 0.199 0.506 0.0 -0.619 -0.601 -0.637 -0.0 -0.77 0.031 -0.998 0.0 0.01 0.063 0.717 0.0 -0.697 0.015 0.997 -0.0 0.022 0.08 
0.998 -0.02 -0.046 0.044 -0.77 -0.0 -0.617 0.164 -0.522 -0.0 -0.479 -0.706 0.851 -0.0 -0.486 0.198 0.506 0.0 -0.622 -0.597 -0.637 -0.0 -0.77 0.03 -0.998 -0.0 0.01 0.063 0.717 0.0 -0.697 0.015 0.997 0.0 0.022 0.08 
0.998 -0.02 -0.046 0.044 -0.77 -0.0 -0.616 0.164 -0.522 -0.0 -0.482 -0.704 0.851 0.0 -0.486 0.198 0.507 0.0 -0.625 -0.593 -0.637 -0.0 -0.77 0.03 -0.998 -0.0 0.01 0.063 0.717 0.0 -0.697 0.015 0.997 0.0 0.022 0.08 
0.998 -0.02 -0.046 0.044 -0.77 0.0 -0.616 0.165 -0.523 -0.0 -0.486 -0.701 0.852 0.0 -0.486 0.197 0.507 0.0 -0.628 -0.59 -0.637 -0.0 -0.77 0.03 -0.998 0.0 0.009 0.063 0.717 0.0 -0.697 0.014 0.997 0.0 0.022 0.08 
0.998 -0.02 -0.046 0.044 -0.771 -0.0 -0.615 0.166 -0.523 -0.0 -0.489 -0.698 0.852 0.0 -0.486 0.196 0.508 0.0 -0.631 -0.586 -0.637 -0.0 -0.77 0.029 -0.998 0.0 0.009 0.063 0.717 0.0 -0.697 0.014 0.997 0.0 0.022 0.08 
0.998 -0.019 -0.046 0.044 -0.771 -0.0 -0.615 0.166 -0.524 -0.0 -0.491 -0.696 0.852 0.0 -0.485 0.196 0.509 0.0 -0.633 -0.584 -0.637 -0.0 -0.77 0.029 -0.998 -0.0 0.009 0.063 0.717 -0.0 -0.697 0.014 0.997 0.0 0.022 0.08 
0.998 -0.02 -0.046 0.044 -0.771 0.0 -0.614 0.167 -0.524 -0.0 -0.495 -0.693 0.852 0.0 -0.486 0.194 0.51 -0.0 -0.635 -0.581 -0.637 0.0 -0.77 0.029 -0.998 0.0 0.01 0.063 0.717 0.0 -0.697 0.014 0.997 0.0 0.022 0.08 
0.998 -0.019 -0.046 0.044 -0.771 -0.0 -0.614 0.168 -0.524 -0.0 -0.497 -0.691 0.853 -0.0 -0.486 0.193 0.51 0.0 -0.637 -0.578 -0.637 -0.0 -0.77 0.029 -0.998 -0.0 0.01 0.063 0.717 0.0 -0.697 0.014 0.997 0.0 0.022 0.08 
0.998 -0.019 -0.046 0.044 -0.771 -0.0 -0.614 0.168 -0.525 -0.0 -0.5 -0.689 0.853 0.0 -0.486 0.192 0.51 0.0 -0.639 -0.576 -0.637 -0.0 -0.77 0.029 -0.998 -0.0 0.01 0.063 0.717 0.0 -0.697 0.014 0.997 0.0 0.022 0.08 
0.998 -0.019 -0.046 0.044 -0.771 -0.0 -0.614 0.168 -0.525 0.0 -0.501 -0.688 0.853 0.0 -0.486 0.192 0.51 0.0 -0.642 -0.573 -0.637 -0.0 -0.77 0.028 -0.998 -0.0 0.009 0.063 0.717 -0.0 -0.697 0.013 0.997 0.0 0.022 0.08 
0.998 -0.019 -0.046 0.044 -0.771 -0.0 -0.614 0.169 -0.525 -0.0 -0.503 -0.686 0.853 0.0 -0.486 0.191 0.51 0.0 -0.644 -0.571 -0.637 -0.0 -0.77 0.028 -0.998 -0.0 0.009 0.063 0.717 0.0 -0.697 0.013 0.997 -0.0 0.022 0.079 
0.998 -0.019 -0.046 0.044 -0.771 0.0 -0.614 0.169 -0.525 0.0 -0.505 -0.685 0.853 0.0 -0.486 0.189 0.51 0.0 -0.646 -0.568 -0.637 -0.0 -0.77 0.028 -0.998 -0.0 0.009 0.063 0.717 0.0 -0.697 0.013 0.997 0.0 0.022 0.08 
0.998 -0.019 -0.046 0.044 -0.771 0.0 -0.614 0.169 -0.525 0.0 -0.506 -0.684 0.853 0.0 -0.487 0.188 0.51 0.0 -0.648 -0.566 -0.637 -0.0 -0.77 0.027 -0.998 -0.0 0.009 0.063 0.717 0.0 -0.697 0.013 0.997 0.0 0.022 0.08 
0.998 -0.019 -0.046 0.044 -0.77 -0.0 -0.615 0.17 -0.525 -0.0 -0.507 -0.683 0.853 0.0 -0.487 0.187 0.51 0.0 -0.65 -0.563 -0.637 -0.0 -0.77 0.027 -0.998 -0.0 0.009 0.063 0.717 0.0 -0.697 0.013 0.997 0.0 0.022 0.08 
0.998 -0.018 -0.046 0.044 -0.77 -0.0 -0.615 0.171 -0.524 -0.0 -0.509 -0.682 0.853 0.0 -0.487 0.186 0.511 0.0 -0.651 -0.561 -0.637 -0.0 -0.77 0.027 -0.998 -0.0 0.009 0.063 0.717 -0.0 -0.697 0.012 0.997 0.0 0.022 0.08 
0.998 -0.018 -0.046 0.044 -0.77 -0.0 -0.615 0.17 -0.525 -0.0 -0.509 -0.682 0.853 0.0 -0.488 0.184 0.512 0.0 -0.653 -0.558 -0.637 0.0 -0.77 0.027 -0.998 -0.0 0.009 0.063 0.717 0.0 -0.697 0.012 0.997 0.0 0.022 0.08 
0.998 -0.018 -0.046 0.044 -0.769 0.0 -0.616 0.171 -0.525 -0.0 -0.511 -0.681 0.853 -0.0 -0.488 0.183 0.512 0.0 -0.655 -0.555 -0.637 -0.0 -0.77 0.027 -0.998 -0.0 0.009 0.063 0.717 0.0 -0.697 0.012 0.997 0.0 0.022 0.08 
0.998 -0.018 -0.046 0.044 -0.769 -0.0 -0.616 0.169 -0.525 -0.0 -0.51 -0.681 0.854 0.0 -0.488 0.182 0.512 -0.0 -0.659 -0.551 -0.637 -0.0 -0.77 0.027 -0.998 -0.0 0.009 0.063 0.717 0.0 -0.697 0.012 0.997 0.0 0.022 0.08 
0.998 -0.018 -0.046 0.044 -0.769 0.0 -0.616 0.169 -0.525 -0.0 -0.51 -0.681 0.854 0.0 -0.488 0.181 0.513 0.0 -0.662 -0.547 -0.637 0.0 -0.77 0.027 -0.998 -0.0 0.009 0.063 0.717 0.0 -0.697 0.012 0.997 0.0 0.022 0.08 
0.998 -0.018 -0.046 0.044 -0.769 -0.0 -0.617 0.168 -0.526 -0.0 -0.51 -0.681 0.854 0.0 -0.488 0.18 0.513 0.0 -0.665 -0.543 -0.637 0.0 -0.77 0.027 -0.998 -0.0 0.01 0.063 0.717 0.0 -0.697 0.012 0.997 -0.0 0.022 0.08 
0.998 -0.018 -0.046 0.044 -0.768 -0.0 -0.618 0.168 -0.526 -0.0 -0.51 -0.681 0.854 0.0 -0.488 0.179 0.513 0.0 -0.668 -0.539 -0.637 -0.0 -0.77 0.027 -0.998 -0.0 0.009 0.063 0.717 0.0 -0.697 0.012 0.997 0.0 0.022 0.08 
0.998 -0.018 -0.047 0.044 -0.768 -0.0 -0.618 0.167 -0.526 -0.0 -0.511 -0.681 0.855 0.0 -0.488 0.178 0.513 -0.0 -0.671 -0.535 -0.637 -0.0 -0.77 0.026 -0.998 -0.0 0.009 0.063 0.717 0.0 -0.697 0.012 0.997 0.0 0.022 0.08 
0.998 -0.018 -0.046 0.044 -0.768 -0.0 -0.619 0.167 -0.526 -0.0 -0.51 -0.681 0.855 0.0 -0.488 0.177 0.514 0.0 -0.674 -0.531 -0.637 -0.0 -0.77 0.026 -0.998 0.0 0.01 0.063 0.717 0.0 -0.697 0.012 0.997 0.0 0.022 0.08 
0.998 -0.018 -0.047 0.044 -0.768 0.0 -0.619 0.166 -0.526 -0.0 -0.511 -0.68 0.855 0.0 -0.487 0.176 0.514 -0.0 -0.677 -0.526 -0.637 -0.0 -0.77 0.026 -0.998 0.0 0.009 0.063 0.717 0.0 -0.697 0.011 0.997 0.0 0.021 0.08 
0.998 -0.018 -0.047 0.044 -0.768 -0.0 -0.619 0.165 -0.526 0.0 -0.511 -0.68 0.855 0.0 -0.487 0.176 0.515 0.0 -0.681 -0.521 -0.637 -0.0 -0.77 0.026 -0.998 0.0 0.01 0.063 0.717 -0.0 -0.697 0.011 0.997 -0.0 0.022 0.08 
0.998 -0.018 -0.047 0.044 -0.767 -0.0 -0.62 0.164 -0.526 -0.0 -0.512 -0.68 0.856 0.0 -0.487 0.175 0.515 0.0 -0.684 -0.517 -0.637 -0.0 -0.77 0.026 -0.998 -0.0 0.01 0.063 0.717 0.0 -0.697 0.012 0.997 0.0 0.022 0.08 
0.998 -0.017 -0.047 0.043 -0.767 -0.0 -0.62 0.164 -0.526 0.0 -0.512 -0.679 0.856 0.0 -0.487 0.174 0.515 0.0 -0.687 -0.513 -0.637 -0.0 -0.77 0.026 -0.998 -0.0 0.009 0.063 0.717 -0.0 -0.697 0.012 0.997 0.0 0.021 0.08 
0.998 -0.017 -0.047 0.043 -0.767 0.0 -0.62 0.163 -0.526 -0.0 -0.513 -0.679 0.856 0.0 -0.486 0.174 0.515 0.0 -0.69 -0.509 -0.637 -0.0 -0.77 0.026 -0.998 -0.0 0.009 0.063 0.717 -0.0 -0.697 0.011 0.997 -0.0 0.021 0.08 
0.998 -0.017 -0.047 0.043 -0.767 -0.0 -0.62 0.163 -0.526 -0.0 -0.514 -0.678 0.857 0.0 -0.486 0.173 0.515 0.0 -0.693 -0.504 -0.637 -0.0 -0.77 0.026 -0.998 -0.0 0.01 0.063 0.717 0.0 -0.697 0.011 0.997 -0.0 0.021 0.08 
0.998 -0.017 -0.047 0.043 -0.767 -0.0 -0.621 0.162 -0.526 -0.0 -0.515 -0.677 0.857 0.0 -0.486 0.173 0.515 0.0 -0.696 -0.5 -0.637 -0.0 -0.77 0.026 -0.998 -0.0 0.009 0.063 0.717 0.0 -0.697 0.011 0.997 0.0 0.021 0.08 
0.998 -0.017 -0.047 0.043 -0.767 -0.0 -0.621 0.162 -0.526 -0.0 -0.516 -0.676 0.857 0.0 -0.485 0.173 0.515 0.0 -0.698 -0.497 -0.637 -0.0 -0.77 0.026 -0.998 -0.0 0.009 0.063 0.717 0.0 -0.697 0.011 0.997 0.0 0.021 0.08 
0.998 -0.017 -0.047 0.043 -0.767 -0.0 -0.621 0.161 -0.526 -0.0 -0.517 -0.675 0.857 -0.0 -0.485 0.173 0.515 -0.0 -0.701 -0.493 -0.637 -0.0 -0.77 0.026 -0.998 -0.0 0.009 0.063 0.717 0.0 -0.697 0.012 0.997 -0.0 0.021 0.08 
0.998 -0.017 -0.047 0.043 -0.767 -0.0 -0.621 0.161 -0.526 -0.0 -0.519 -0.674 0.857 0.0 -0.485 0.173 0.515 -0.0 -0.703 -0.49 -0.637 -0.0 -0.77 0.026 -0.998 -0.0 0.01 0.063 0.717 -0.0 -0.697 0.012 0.997 0.0 0.021 0.08 
0.998 -0.017 -0.047 0.043 -0.767 -0.0 -0.621 0.16 -0.526 0.0 -0.521 -0.672 0.858 0.0 -0.484 0.173 0.515 -0.0 -0.705 -0.487 -0.637 -0.0 -0.77 0.026 -0.998 -0.0 0.01 0.063 0.717 -0.0 -0.697 0.012 0.997 0.0 0.021 0.08 
0.998 -0.017 -0.047 0.043 -0.767 -0.0 -0.622 0.16 -0.526 -0.0 -0.522 -0.671 0.858 0.0 -0.484 0.173 0.515 0.0 -0.707 -0.484 -0.637 -0.0 -0.77 0.026 -0.998 0.0 0.01 0.063 0.717 0.0 -0.697 0.012 0.997 0.0 0.022 0.08 
0.998 -0.017 -0.047 0.043 -0.767 -0.0 -0.622 0.159 -0.527 0.0 -0.524 -0.67 0.858 0.0 -0.484 0.173 0.516 0.0 -0.708 -0.482 -0.637 -0.0 -0.77 0.026 -0.998 -0.0 0.01 0.063 0.717 0.0 -0.697 0.012 0.997 0.0 0.021 0.08 
0.998 -0.017 -0.047 0.042 -0.767 -0.0 -0.622 0.159 -0.527 -0.0 -0.525 -0.669 0.858 0.0 -0.484 0.174 0.516 0.0 -0.709 -0.481 -0.637 -0.0 -0.77 0.026 -0.998 -0.0 0.01 0.063 0.717 0.0 -0.697 0.012 0.997 -0.0 0.021 0.08 
0.998 -0.017 -0.047 0.042 -0.767 -0.0 -0.622 0.159 -0.527 0.0 -0.527 -0.667 0.858 0.0 -0.483 0.175 0.516 0.0 -0.71 -0.479 -0.637 -0.0 -0.77 0.026 -0.998 -0.0 0.01 0.064 0.717 0.0 -0.697 0.012 0.997 0.0 0.021 0.08 
0.998 -0.018 -0.047 0.042 -0.767 -0.0 -0.622 0.158 -0.527 -0.0 -0.528 -0.666 0.858 0.0 -0.483 0.175 0.516 0.0 -0.711 -0.478 -0.637 -0.0 -0.77 0.027 -0.998 -0.0 0.01 0.063 0.717 0.0 -0.697 0.013 0.997 0.0 0.021 0.08 
0.998 -0.018 -0.047 0.042 -0.767 0.0 -0.622 0.159 -0.527 -0.0 -0.53 -0.664 0.858 0.0 -0.482 0.176 0.515 0.0 -0.712 -0.477 -0.637 -0.0 -0.77 0.027 -0.998 -0.0 0.01 0.064 0.717 0.0 -0.697 0.013 0.997 0.0 0.021 0.08 
0.998 -0.018 -0.047 0.042 -0.767 -0.0 -0.622 0.159 -0.528 -0.0 -0.531 -0.663 0.858 0.0 -0.482 0.177 0.515 0.0 -0.713 -0.476 -0.637 -0.0 -0.77 0.027 -0.998 -0.0 0.01 0.064 0.717 0.0 -0.697 0.013 0.997 0.0 0.021 0.08 
0.998 -0.018 -0.047 0.042 -0.767 -0.0 -0.622 0.159 -0.528 0.0 -0.532 -0.662 0.859 0.0 -0.481 0.177 0.514 -0.0 -0.715 -0.474 -0.637 -0.0 -0.77 0.027 -0.998 -0.0 0.01 0.064 0.717 0.0 -0.697 0.013 0.997 -0.0 0.021 0.08 
0.998 -0.018 -0.047 0.042 -0.767 -0.0 -0.622 0.159 -0.528 -0.0 -0.533 -0.661 0.859 -0.0 -0.481 0.178 0.514 0.0 -0.715 -0.473 -0.637 0.0 -0.77 0.027 -0.998 0.0 0.01 0.064 0.717 0.0 -0.697 0.013 0.997 0.0 0.021 0.08 
0.998 -0.018 -0.047 0.042 -0.767 -0.0 -0.622 0.159 -0.529 -0.0 -0.534 -0.659 0.859 -0.0 -0.48 0.179 0.514 0.0 -0.716 -0.472 -0.637 -0.0 -0.77 0.027 -0.998 0.0 0.01 0.064 0.717 0.0 -0.697 0.013 0.997 0.0 0.021 0.08 
0.998 -0.018 -0.047 0.042 -0.766 0.0 -0.622 0.159 -0.529 -0.0 -0.534 -0.659 0.859 0.0 -0.479 0.18 0.513 0.0 -0.717 -0.471 -0.637 -0.0 -0.77 0.027 -0.998 -0.0 0.01 0.064 0.717 0.0 -0.697 0.013 0.997 0.0 0.021 0.08 
0.998 -0.018 -0.047 0.042 -0.766 -0.0 -0.622 0.159 -0.529 -0.0 -0.535 -0.658 0.859 0.0 -0.479 0.18 0.513 0.0 -0.718 -0.47 -0.637 -0.0 -0.77 0.027 -0.998 -0.0 0.01 0.064 0.717 -0.0 -0.697 0.014 0.997 0.0 0.02 0.08 
0.998 -0.018 -0.047 0.042 -0.766 -0.0 -0.622 0.16 -0.53 0.0 -0.536 -0.657 0.859 0.0 -0.478 0.181 0.512 0.0 -0.72 -0.469 -0.637 -0.0 -0.77 0.028 -0.998 -0.0 0.01 0.064 0.717 0.0 -0.697 0.014 0.997 0.0 0.021 0.08 
0.998 -0.018 -0.047 0.042 -0.766 0.0 -0.622 0.16 -0.53 -0.0 -0.538 -0.656 0.86 0.0 -0.477 0.182 0.512 0.0 -0.721 -0.467 -0.637 -0.0 -0.77 0.028 -0.998 -0.0 0.01 0.064 0.717 0.0 -0.697 0.014 0.997 0.0 0.021 0.08 
0.998 -0.018 -0.047 0.042 -0.766 -0.0 -0.623 0.16 -0.53 -0.0 -0.539 -0.655 0.86 0.0 -0.477 0.183 0.512 -0.0 -0.722 -0.466 -0.637 -0.0 -0.77 0.028 -0.998 -0.0 0.01 0.064 0.717 0.0 -0.697 0.014 0.997 0.0 0.021 0.08 
0.998 -0.018 -0.047 0.042 -0.766 0.0 -0.623 0.16 -0.53 -0.0 -0.54 -0.653 0.86 0.0 -0.476 0.184 0.511 -0.0 -0.723 -0.465 -0.637 -0.0 -0.77 0.028 -0.998 -0.0 0.01 0.064 0.717 0.0 -0.697 0.015 0.997 0.0 0.021 0.08 
0.998 -0.018 -0.047 0.042 -0.765 -0.0 -0.624 0.16 -0.531 0.0 -0.539 -0.654 0.86 0.0 -0.475 0.185 0.511 0.0 -0.724 -0.464 -0.637 -0.0 -0.77 0.028 -0.998 -0.0 0.01 0.064 0.717 0.0 -0.697 0.015 0.997 -0.0 0.021 0.08 
0.998 -0.018 -0.047 0.042 -0.765 -0.0 -0.624 0.16 -0.532 0.0 -0.541 -0.652 0.86 0.0 -0.475 0.186 0.51 0.0 -0.725 -0.463 -0.637 -0.0 -0.77 0.028 -0.998 -0.0 0.01 0.064 0.717 0.0 -0.697 0.015 0.997 0.0 0.021 0.08 
0.998 -0.018 -0.047 0.042 -0.765 -0.0 -0.624 0.16 -0.532 -0.0 -0.542 -0.651 0.86 0.0 -0.474 0.187 0.51 0.0 -0.726 -0.462 -0.637 -0.0 -0.77 0.028 -0.998 -0.0 0.01 0.064 0.717 -0.0 -0.697 0.015 0.997 0.0 0.021 0.08 
0.998 -0.018 -0.047 0.042 -0.765 0.0 -0.624 0.161 -0.532 -0.0 -0.543 -0.649 0.861 0.0 -0.473 0.188 0.509 0.0 -0.727 -0.46 -0.637 -0.0 -0.77 0.028 -0.998 -0.0 0.01 0.064 0.717 0.0 -0.697 0.015 0.997 0.0 0.021 0.08 
0.998 -0.018 -0.047 0.042 -0.765 -0.0 -0.624 0.162 -0.532 -0.0 -0.546 -0.647 0.861 0.0 -0.473 0.188 0.509 0.0 -0.728 -0.459 -0.637 -0.0 -0.77 0.028 -0.998 -0.0 0.01 0.064 0.717 0.0 -0.697 0.015 0.997 0.0 0.021 0.08 
0.998 -0.018 -0.047 0.042 -0.765 -0.0 -0.624 0.162 -0.532 -0.0 -0.548 -0.646 0.861 0.0 -0.472 0.189 0.509 0.0 -0.729 -0.457 -0.637 -0.0 -0.77 0.028 -0.998 -0.0 0.01 0.064 0.717 0.0 -0.697 0.015 0.997 0.0 0.021 0.08 
0.998 -0.019 -0.047 0.042 -0.765 -0.0 -0.624 0.162 -0.532 -0.0 -0.548 -0.645 0.861 0.0 -0.472 0.19 0.509 0.0 -0.731 -0.455 -0.637 -0.0 -0.77 0.029 -0.998 -0.0 0.01 0.064 0.717 0.0 -0.697 0.015 0.997 0.0 0.021 0.08 
0.998 -0.019 -0.047 0.043 -0.765 -0.0 -0.624 0.162 -0.532 0.0 -0.55 -0.644 0.861 0.0 -0.471 0.191 0.508 0.0 -0.732 -0.454 -0.637 -0.0 -0.77 0.029 -0.998 0.0 0.01 0.064 0.717 0.0 -0.697 0.015 0.997 0.0 0.021 0.08 
0.998 -0.018 -0.047 0.043 -0.764 -0.0 -0.625 0.161 -0.533 0.0 -0.549 -0.643 0.861 0.0 -0.471 0.192 0.508 0.0 -0.733 -0.452 -0.637 -0.0 -0.77 0.029 -0.998 -0.0 0.01 0.064 0.717 0.0 -0.697 0.015 0.997 -0.0 0.021 0.08 
0.998 -0.018 -0.047 0.043 -0.763 -0.0 -0.625 0.162 -0.532 -0.0 -0.552 -0.642 0.861 0.0 -0.47 0.192 0.508 0.0 -0.734 -0.451 -0.637 -0.0 -0.77 0.029 -0.998 -0.0 0.01 0.064 0.717 0.0 -0.697 0.015 0.997 0.0 0.021 0.08 
0.998 -0.018 -0.047 0.043 -0.763 0.0 -0.625 0.163 -0.532 -0.0 -0.554 -0.64 0.861 0.0 -0.47 0.193 0.508 0.0 -0.735 -0.449 -0.637 0.0 -0.77 0.029 -0.998 -0.0 0.01 0.064 0.717 0.0 -0.697 0.015 0.997 0.0 0.021 0.08 
0.998 -0.018 -0.047 0.043 -0.763 -0.0 -0.625 0.163 -0.532 -0.0 -0.557 -0.638 0.861 -0.0 -0.469 0.194 0.508 0.0 -0.736 -0.448 -0.637 -0.0 -0.77 0.029 -0.998 -0.0 0.01 0.064 0.717 0.0 -0.697 0.015 0.997 0.0 0.021 0.08 
0.998 -0.018 -0.047 0.043 -0.763 -0.0 -0.625 0.163 -0.531 -0.0 -0.559 -0.637 0.861 0.0 -0.469 0.195 0.507 0.0 -0.737 -0.446 -0.637 0.0 -0.77 0.028 -0.998 0.0 0.01 0.064 0.717 -0.0 -0.697 0.014 0.997 0.0 0.021 0.08 
0.998 -0.018 -0.047 0.043 -0.763 -0.0 -0.626 0.164 -0.531 -0.0 -0.561 -0.635 0.861 0.0 -0.469 0.195 0.507 0.0 -0.738 -0.445 -0.637 -0.0 -0.77 0.028 -0.998 -0.0 0.01 0.064 0.717 0.0 -0.697 0.014 0.997 0.0 0.021 0.08 
0.998 -0.018 -0.047 0.043 -0.763 -0.0 -0.626 0.164 -0.531 0.0 -0.563 -0.633 0.862 0.0 -0.468 0.196 0.507 0.0 -0.739 -0.443 -0.637 -0.0 -0.77 0.028 -0.998 -0.0 0.009 0.065 0.717 0.0 -0.697 0.014 0.997 0.0 0.021 0.08 
0.998 -0.018 -0.047 0.043 -0.763 -0.0 -0.626 0.164 -0.531 -0.0 -0.565 -0.632 0.862 0.0 -0.468 0.197 0.507 -0.0 -0.74 -0.442 -0.637 -0.0 -0.77 0.028 -0.998 -0.0 0.01 0.064 0.717 0.0 -0.697 0.014 0.997 0.0 0.021 0.08 
0.998 -0.018 -0.047 0.043 -0.763 -0.0 -0.626 0.164 -0.531 -0.0 -0.566 -0.63 0.862 0.0 -0.468 0.198 0.508 0.0 -0.74 -0.441 -0.637 -0.0 -0.77 0.028 -0.998 -0.0 0.01 0.064 0.717 -0.0 -0.697 0.014 0.997 0.0 0.021 0.08 
0.998 -0.018 -0.047 0.044 -0.762 -0.0 -0.626 0.165 -0.531 0.0 -0.567 -0.629 0.862 0.0 -0.467 0.199 0.508 0.0 -0.741 -0.44 -0.637 -0.0 -0.77 0.028 -0.998 -0.0 0.01 0.064 0.717 0.0 -0.697 0.014 0.997 0.0 0.021 0.08 
0.998 -0.018 -0.047 0.044 -0.762 -0.0 -0.626 0.165 -0.531 -0.0 -0.569 -0.628 0.862 0.0 -0.467 0.199 0.508 0.0 -0.741 -0.439 -0.637 -0.0 -0.77 0.029 -0.998 -0.0 0.01 0.064 0.717 0.0 -0.697 0.014 0.997 0.0 0.021 0.08 
0.998 -0.018 -0.047 0.044 -0.763 -0.0 -0.625 0.166 -0.53 -0.0 -0.571 -0.627 0.861 0.0 -0.467 0.2 0.508 -0.0 -0.742 -0.438 -0.637 -0.0 -0.77 0.028 -0.998 -0.0 0.01 0.064 0.717 0.0 -0.697 0.014 0.997 0.0 0.021 0.08 
0.998 -0.018 -0.047 0.044 -0.763 -0.0 -0.625 0.166 -0.53 0.0 -0.573 -0.625 0.861 0.0 -0.467 0.201 0.508 0.0 -0.742 -0.438 -0.637 -0.0 -0.77 0.028 -0.998 0.0 0.01 0.064 0.717 0.0 -0.697 0.014 0.997 -0.0 0.021 0.08 
0.998 -0.018 -0.047 0.044 -0.763 -0.0 -0.625 0.167 -0.53 -0.0 -0.573 -0.625 0.861 0.0 -0.466 0.202 0.508 -0.0 -0.742 -0.437 -0.637 -0.0 -0.77 0.029 -0.998 -0.0 0.01 0.064 0.717 0.0 -0.697 0.014 0.997 0.0 0.021 0.08 
0.998 -0.018 -0.047 0.044 -0.763 -0.0 -0.625 0.167 -0.53 -0.0 -0.575 -0.624 0.861 -0.0 -0.466 0.203 0.508 0.0 -0.742 -0.438 -0.637 -0.0 -0.77 0.028 -0.998 -0.0 0.01 0.065 0.717 0.0 -0.697 0.014 0.997 0.0 0.021 0.08 
0.998 -0.018 -0.047 0.044 -0.763 -0.0 -0.625 0.168 -0.529 -0.0 -0.576 -0.623 0.861 0.0 -0.466 0.203 0.508 0.0 -0.742 -0.438 -0.637 -0.0 -0.77 0.028 -0.998 0.0 0.01 0.064 0.717 0.0 -0.697 0.014 0.997 0.0 0.021 0.08 
0.998 -0.018 -0.047 0.044 -0.763 -0.0 -0.624 0.168 -0.529 -0.0 -0.577 -0.622 0.861 0.0 -0.466 0.204 0.508 0.0 -0.742 -0.437 -0.637 0.0 -0.77 0.029 -0.998 -0.0 0.01 0.064 0.717 0.0 -0.697 0.014 0.997 0.0 0.021 0.08 
0.998 -0.018 -0.047 0.044 -0.763 0.0 -0.624 0.169 -0.528 -0.0 -0.579 -0.621 0.861 -0.0 -0.465 0.205 0.508 0.0 -0.742 -0.438 -0.637 0.0 -0.77 0.029 -0.998 -0.0 0.01 0.064 0.717 0.0 -0.697 0.014 0.997 0.0 0.021 0.08 
0.998 -0.018 -0.047 0.044 -0.763 -0.0 -0.624 0.169 -0.528 -0.0 -0.581 -0.619 0.861 0.0 -0.465 0.206 0.509 0.0 -0.741 -0.438 -0.637 -0.0 -0.77 0.028 -0.998 -0.0 0.01 0.064 0.717 0.0 -0.697 0.014 0.997 0.0 0.021 0.08 
0.998 -0.018 -0.047 0.044 -0.763 -0.0 -0.624 0.169 -0.528 -0.0 -0.581 -0.619 0.861 0.0 -0.465 0.206 0.509 0.0 -0.741 -0.438 -0.637 -0.0 -0.77 0.028 -0.998 -0.0 0.01 0.064 0.717 0.0 -0.697 0.014 0.997 0.0 0.021 0.08 
0.998 -0.018 -0.047 0.044 -0.763 -0.0 -0.624 0.169 -0.528 -0.0 -0.582 -0.618 0.861 0.0 -0.465 0.207 0.51 0.0 -0.741 -0.437 -0.637 0.0 -0.77 0.028 -0.998 -0.0 0.01 0.064 0.717 -0.0 -0.697 0.014 0.997 -0.0 0.021 0.08 
0.998 -0.018 -0.047 0.044 -0.763 -0.0 -0.623 0.169 -0.528 -0.0 -0.584 -0.617 0.861 -0.0 -0.465 0.208 0.51 0.0 -0.741 -0.437 -0.637 -0.0 -0.77 0.028 -0.998 -0.0 0.01 0.065 0.717 -0.0 -0.697 0.014 0.997 0.0 0.021 0.08 
0.998 -0.018 -0.047 0.045 -0.763 -0.0 -0.623 0.169 -0.528 0.0 -0.585 -0.616 0.861 0.0 -0.464 0.208 0.51 -0.0 -0.741 -0.437 -0.637 -0.0 -0.77 0.028 -0.998 -0.0 0.01 0.065 0.717 0.0 -0.697 0.014 0.997 0.0 0.021 0.08 
0.998 -0.017 -0.047 0.045 -0.764 0.0 -0.623 0.169 -0.528 -0.0 -0.586 -0.615 0.861 0.0 -0.464 0.209 0.51 0.0 -0.741 -0.437 -0.637 -0.0 -0.77 0.028 -0.998 -0.0 0.01 0.065 0.717 0.0 -0.697 0.014 0.997 -0.0 0.021 0.08 
0.998 -0.017 -0.047 0.045 -0.764 0.0 -0.623 0.169 -0.527 -0.0 -0.588 -0.614 0.861 0.0 -0.464 0.209 0.51 0.0 -0.741 -0.437 -0.637 -0.0 -0.77 0.028 -0.998 -0.0 0.01 0.065 0.717 -0.0 -0.697 0.014 0.997 -0.0 0.021 0.08 
0.998 -0.017 -0.047 0.045 -0.764 -0.0 -0.623 0.169 -0.527 0.0 -0.589 -0.613 0.861 0.0 -0.464 0.21 0.51 0.0 -0.741 -0.437 -0.637 0.0 -0.77 0.028 -0.998 -0.0 0.01 0.065 0.717 0.0 -0.697 0.014 0.997 0.0 0.021 0.081 
0.998 -0.017 -0.047 0.045 -0.764 -0.0 -0.623 0.169 -0.527 -0.0 -0.59 -0.612 0.861 0.0 -0.464 0.21 0.51 0.0 -0.741 -0.437 -0.637 0.0 -0.77 0.028 -0.998 -0.0 0.01 0.065 0.717 0.0 -0.697 0.013 0.997 -0.0 0.021 0.08 
0.998 -0.017 -0.047 0.045 -0.764 -0.0 -0.623 0.169 -0.527 0.0 -0.591 -0.611 0.861 0.0 -0.464 0.21 0.511 0.0 -0.74 -0.437 -0.637 0.0 -0.77 0.028 -0.998 0.0 0.01 0.065 0.717 -0.0 -0.697 0.013 0.997 0.0 0.021 0.081 
0.998 -0.017 -0.047 0.045 -0.764 -0.0 -0.623 0.169 -0.527 -0.0 -0.591 -0.61 0.861 0.0 -0.464 0.211 0.51 0.0 -0.741 -0.436 -0.637 -0.0 -0.77 0.028 -0.998 -0.0 0.01 0.065 0.717 0.0 -0.697 0.013 0.997 0.0 0.021 0.081 
0.998 -0.017 -0.047 0.045 -0.764 -0.0 -0.622 0.169 -0.527 -0.0 -0.593 -0.609 0.861 0.0 -0.464 0.21 0.511 0.0 -0.74 -0.437 -0.637 -0.0 -0.77 0.028 -0.998 -0.0 0.01 0.065 0.717 0.0 -0.697 0.013 0.997 -0.0 0.021 0.081 
0.998 -0.017 -0.047 0.045 -0.764 -0.0 -0.622 0.17 -0.527 -0.0 -0.594 -0.608 0.861 0.0 -0.464 0.211 0.512 0.0 -0.74 -0.437 -0.637 -0.0 -0.77 0.028 -0.998 -0.0 0.01 0.065 0.717 0.0 -0.697 0.013 0.996 -0.0 0.021 0.081 
0.998 -0.017 -0.047 0.045 -0.765 -0.0 -0.622 0.17 -0.527 -0.0 -0.595 -0.607 0.86 0.0 -0.464 0.211 0.512 0.0 -0.74 -0.437 -0.637 -0.0 -0.77 0.028 -0.998 -0.0 0.01 0.065 0.717 0.0 -0.697 0.013 0.997 0.0 0.021 0.081 
0.998 -0.017 -0.047 0.046 -0.765 -0.0 -0.622 0.17 -0.526 -0.0 -0.596 -0.606 0.861 0.0 -0.464 0.21 0.513 0.0 -0.738 -0.438 -0.637 -0.0 -0.77 0.028 -0.998 0.0 0.01 0.065 0.717 0.0 -0.697 0.013 0.996 0.0 0.021 0.081 
0.998 -0.017 -0.046 0.046 -0.765 -0.0 -0.621 0.17 -0.526 0.0 -0.597 -0.606 0.86 0.0 -0.464 0.21 0.513 0.0 -0.738 -0.438 -0.637 -0.0 -0.77 0.028 -0.998 -0.0 0.01 0.065 0.717 0.0 -0.697 0.013 0.996 0.0 0.022 0.081 
0.998 -0.017 -0.046 0.046 -0.765 0.0 -0.621 0.17 -0.526 -0.0 -0.598 -0.605 0.86 0.0 -0.464 0.211 0.513 0.0 -0.738 -0.438 -0.637 -0.0 -0.77 0.028 -0.998 -0.0 0.01 0.065 0.717 0.0 -0.697 0.013 0.996 0.0 0.022 0.081 
0.998 -0.017 -0.046 0.046 -0.765 -0.0 -0.621 0.17 -0.525 -0.0 -0.598 -0.605 0.86 0.0 -0.464 0.211 0.514 0.0 -0.737 -0.438 -0.637 0.0 -0.77 0.028 -0.998 0.0 0.01 0.065 0.717 0.0 -0.697 0.013 0.997 0.0 0.021 0.081 
0.998 -0.017 -0.046 0.046 -0.765 0.0 -0.621 0.17 -0.525 -0.0 -0.599 -0.605 0.86 0.0 -0.464 0.211 0.515 0.0 -0.737 -0.438 -0.637 0.0 -0.77 0.028 -0.998 -0.0 0.01 0.065 0.717 0.0 -0.697 0.013 0.996 -0.0 0.021 0.081 
0.998 -0.017 -0.046 0.046 -0.765 -0.0 -0.621 0.171 -0.525 0.0 -0.6 -0.604 0.86 0.0 -0.464 0.21 0.516 -0.0 -0.736 -0.439 -0.637 -0.0 -0.77 0.028 -0.998 0.0 0.01 0.065 0.717 0.0 -0.697 0.013 0.996 0.0 0.022 0.081 
0.998 -0.017 -0.046 0.046 -0.765 0.0 -0.62 0.172 -0.524 -0.0 -0.602 -0.603 0.86 0.0 -0.464 0.211 0.516 0.0 -0.736 -0.438 -0.637 -0.0 -0.77 0.028 -0.998 -0.0 0.01 0.065 0.717 0.0 -0.697 0.012 0.996 -0.0 0.022 0.081 
0.998 -0.017 -0.046 0.046 -0.765 -0.0 -0.62 0.172 -0.524 0.0 -0.602 -0.603 0.86 -0.0 -0.464 0.21 0.518 -0.0 -0.734 -0.439 -0.637 -0.0 -0.77 0.028 -0.998 -0.0 0.01 0.065 0.717 0.0 -0.697 0.012 0.996 0.0 0.022 0.081 
0.998 -0.017 -0.046 0.046 -0.765 -0.0 -0.62 0.172 -0.524 -0.0 -0.602 -0.602 0.86 -0.0 -0.464 0.21 0.518 0.0 -0.734 -0.439 -0.637 -0.0 -0.77 0.028 -0.998 -0.0 0.01 0.065 0.717 0.0 -0.697 0.012 0.996 0.0 0.022 0.081 
0.998 -0.017 -0.046 0.047 -0.765 -0.0 -0.62 0.172 -0.524 -0.0 -0.602 -0.602 0.86 0.0 -0.464 0.209 0.519 0.0 -0.733 -0.439 -0.637 -0.0 -0.77 0.028 -0.998 -0.0 0.01 0.065 0.717 0.0 -0.697 0.012 0.996 0.0 0.021 0.081 
0.998 -0.017 -0.046 0.047 -0.765 0.0 -0.62 0.172 -0.524 -0.0 -0.602 -0.602 0.861 0.0 -0.464 0.209 0.52 0.0 -0.733 -0.439 -0.637 -0.0 -0.77 0.028 -0.998 -0.0 0.01 0.066 0.717 0.0 -0.697 0.013 0.996 -0.0 0.021 0.081 
0.998 -0.017 -0.046 0.047 -0.765 -0.0 -0.62 0.172 -0.524 -0.0 -0.603 -0.602 0.861 0.0 -0.464 0.209 0.521 0.0 -0.733 -0.438 -0.637 -0.0 -0.77 0.028 -0.998 -0.0 0.01 0.066 0.717 -0.0 -0.697 0.012 0.996 0.0 0.021 0.082 
0.998 -0.017 -0.046 0.047 -0.765 -0.0 -0.62 0.172 -0.524 -0.0 -0.603 -0.602 0.861 0.0 -0.464 0.209 0.522 0.0 -0.732 -0.438 -0.637 0.0 -0.77 0.028 -0.998 -0.0 0.01 0.066 0.717 0.0 -0.697 0.013 0.996 0.0 0.021 0.082 
0.998 -0.017 -0.046 0.047 -0.765 0.0 -0.62 0.171 -0.524 -0.0 -0.602 -0.603 0.861 -0.0 -0.464 0.209 0.523 0.0 -0.732 -0.437 -0.637 -0.0 -0.77 0.028 -0.998 -0.0 0.01 0.066 0.717 0.0 -0.697 0.013 0.996 0.0 0.021 0.082 
0.998 -0.017 -0.046 0.047 -0.765 -0.0 -0.62 0.172 -0.524 0.0 -0.603 -0.602 0.861 0.0 -0.464 0.208 0.524 -0.0 -0.731 -0.437 -0.637 -0.0 -0.77 0.028 -0.998 -0.0 0.01 0.066 0.717 0.0 -0.697 0.012 0.996 0.0 0.022 0.082 
0.998 -0.017 -0.046 0.047 -0.765 -0.0 -0.621 0.171 -0.524 -0.0 -0.602 -0.603 0.861 0.0 -0.464 0.208 0.525 0.0 -0.731 -0.436 -0.637 0.0 -0.77 0.028 -0.998 -0.0 0.01 0.066 0.717 0.0 -0.697 0.013 0.996 0.0 0.022 0.082 
0.998 -0.017 -0.046 0.047 -0.765 -0.0 -0.621 0.17 -0.524 0.0 -0.602 -0.603 0.861 0.0 -0.464 0.208 0.527 0.0 -0.73 -0.436 -0.637 -0.0 -0.77 0.028 -0.998 -0.0 0.01 0.066 0.717 -0.0 -0.697 0.013 0.996 0.0 0.021 0.082 
0.998 -0.017 -0.046 0.047 -0.765 0.0 -0.621 0.17 -0.525 -0.0 -0.601 -0.603 0.861 0.0 -0.464 0.208 0.528 0.0 -0.728 -0.437 -0.637 0.0 -0.77 0.028 -0.998 -0.0 0.01 0.066 0.717 0.0 -0.697 0.013 0.996 0.0 0.022 0.082 
0.998 -0.017 -0.046 0.047 -0.765 0.0 -0.621 0.17 -0.525 0.0 -0.6 -0.603 0.861 -0.0 -0.464 0.208 0.528 0.0 -0.728 -0.437 -0.637 -0.0 -0.77 0.028 -0.998 -0.0 0.01 0.066 0.717 0.0 -0.697 0.013 0.996 0.0 0.022 0.082 
0.998 -0.017 -0.046 0.047 -0.765 -0.0 -0.621 0.17 -0.525 -0.0 -0.6 -0.604 0.861 0.0 -0.464 0.208 0.53 0.0 -0.727 -0.436 -0.637 -0.0 -0.77 0.028 -0.998 -0.0 0.01 0.066 0.717 0.0 -0.697 0.013 0.996 0.0 0.022 0.082 
0.998 -0.016 -0.046 0.047 -0.765 -0.0 -0.621 0.17 -0.525 -0.0 -0.6 -0.604 0.861 0.0 -0.463 0.209 0.529 0.0 -0.726 -0.439 -0.637 0.0 -0.77 0.027 -0.998 0.0 0.01 0.066 0.717 -0.0 -0.697 0.012 0.996 0.0 0.022 0.082 
0.998 -0.017 -0.046 0.047 -0.765 -0.0 -0.622 0.169 -0.526 -0.0 -0.598 -0.605 0.861 0.0 -0.463 0.21 0.53 0.0 -0.724 -0.441 -0.637 -0.0 -0.77 0.027 -0.998 -0.0 0.01 0.066 0.717 0.0 -0.697 0.012 0.996 0.0 0.022 0.082 
0.998 -0.017 -0.046 0.046 -0.765 -0.0 -0.622 0.168 -0.527 -0.0 -0.597 -0.605 0.861 0.0 -0.463 0.21 0.531 0.0 -0.722 -0.442 -0.637 -0.0 -0.77 0.027 -0.998 -0.0 0.01 0.066 0.717 0.0 -0.697 0.013 0.996 0.0 0.022 0.082 
0.998 -0.016 -0.046 0.047 -0.765 -0.0 -0.622 0.169 -0.527 0.0 -0.597 -0.605 0.861 0.0 -0.463 0.21 0.532 0.0 -0.72 -0.445 -0.637 -0.0 -0.77 0.027 -0.998 -0.0 0.01 0.066 0.717 0.0 -0.697 0.012 0.996 0.0 0.022 0.082 
0.998 -0.016 -0.046 0.046 -0.765 0.0 -0.622 0.169 -0.528 -0.0 -0.596 -0.605 0.861 0.0 -0.463 0.21 0.534 0.0 -0.718 -0.447 -0.637 -0.0 -0.77 0.027 -0.998 -0.0 0.01 0.066 0.717 0.0 -0.697 0.012 0.996 0.0 0.022 0.082 
0.998 -0.016 -0.046 0.046 -0.765 -0.0 -0.622 0.169 -0.528 -0.0 -0.595 -0.605 0.861 0.0 -0.463 0.21 0.535 0.0 -0.715 -0.45 -0.637 -0.0 -0.77 0.027 -0.998 -0.0 0.01 0.066 0.717 0.0 -0.697 0.012 0.996 -0.0 0.022 0.082 
0.998 -0.017 -0.046 0.046 -0.765 -0.0 -0.622 0.169 -0.529 -0.0 -0.594 -0.606 0.861 0.0 -0.464 0.21 0.536 0.0 -0.712 -0.453 -0.637 -0.0 -0.77 0.027 -0.998 -0.0 0.01 0.066 0.717 0.0 -0.697 0.012 0.996 0.0 0.022 0.082 
0.998 -0.017 -0.046 0.046 -0.765 -0.0 -0.622 0.169 -0.53 -0.0 -0.593 -0.606 0.861 0.0 -0.464 0.21 0.538 0.0 -0.709 -0.456 -0.637 -0.0 -0.77 0.027 -0.998 -0.0 0.01 0.066 0.717 0.0 -0.697 0.013 0.996 0.0 0.022 0.082 
0.998 -0.017 -0.046 0.046 -0.765 -0.0 -0.621 0.169 -0.531 -0.0 -0.59 -0.607 0.861 0.0 -0.464 0.211 0.54 0.0 -0.706 -0.458 -0.637 0.0 -0.77 0.028 -0.998 -0.0 0.01 0.066 0.717 0.0 -0.697 0.013 0.996 0.0 0.022 0.082 
0.998 -0.017 -0.046 0.046 -0.765 -0.0 -0.621 0.169 -0.532 -0.0 -0.589 -0.608 0.86 0.0 -0.464 0.211 0.543 0.0 -0.702 -0.461 -0.637 -0.0 -0.77 0.028 -0.998 -0.0 0.01 0.066 0.717 0.0 -0.697 0.013 0.996 0.0 0.022 0.082 
0.998 -0.017 -0.046 0.046 -0.765 -0.0 -0.621 0.169 -0.533 0.0 -0.588 -0.608 0.86 -0.0 -0.464 0.211 0.545 0.0 -0.698 -0.464 -0.637 -0.0 -0.77 0.028 -0.998 0.0 0.01 0.066 0.717 -0.0 -0.697 0.013 0.996 0.0 0.022 0.082 
0.998 -0.017 -0.046 0.046 -0.765 -0.0 -0.621 0.17 -0.534 -0.0 -0.587 -0.609 0.86 0.0 -0.465 0.211 0.548 0.0 -0.694 -0.467 -0.637 0.0 -0.77 0.028 -0.998 -0.0 0.01 0.066 0.717 0.0 -0.697 0.013 0.996 0.0 0.022 0.082 
0.998 -0.017 -0.046 0.046 -0.765 -0.0 -0.621 0.171 -0.535 -0.0 -0.585 -0.61 0.86 0.0 -0.465 0.21 0.552 0.0 -0.689 -0.47 -0.637 -0.0 -0.77 0.028 -0.998 -0.0 0.01 0.066 0.717 0.0 -0.697 0.013 0.996 0.0 0.022 0.081 
0.998 -0.017 -0.046 0.046 -0.765 -0.0 -0.621 0.171 -0.537 -0.0 -0.582 -0.611 0.86 -0.0 -0.466 0.21 0.555 0.0 -0.684 -0.473 -0.637 -0.0 -0.77 0.028 -0.998 -0.0 0.01 0.066 0.717 0.0 -0.697 0.013 0.996 0.0 0.022 0.082 
0.998 -0.017 -0.046 0.046 -0.765 -0.0 -0.621 0.171 -0.538 0.0 -0.58 -0.612 0.86 0.0 -0.466 0.21 0.559 0.0 -0.679 -0.476 -0.637 -0.0 -0.77 0.028 -0.998 -0.0 0.01 0.066 0.717 -0.0 -0.697 0.013 0.996 -0.0 0.022 0.082 
0.998 -0.017 -0.046 0.046 -0.765 -0.0 -0.621 0.171 -0.54 -0.0 -0.577 -0.613 0.859 0.0 -0.466 0.21 0.564 0.0 -0.673 -0.479 -0.637 -0.0 -0.77 0.029 -0.998 -0.0 0.01 0.066 0.717 0.0 -0.697 0.013 0.996 -0.0 0.022 0.082 
0.998 -0.017 -0.046 0.046 -0.765 -0.0 -0.621 0.171 -0.542 0.0 -0.573 -0.615 0.859 0.0 -0.467 0.209 0.568 0.0 -0.668 -0.481 -0.637 -0.0 -0.77 0.028 -0.998 -0.0 0.01 0.066 0.717 0.0 -0.697 0.013 0.996 0.0 0.022 0.082 
0.998 -0.017 -0.046 0.046 -0.765 -0.0 -0.621 0.172 -0.544 -0.0 -0.569 -0.616 0.859 0.0 -0.467 0.209 0.572 0.0 -0.662 -0.484 -0.637 -0.0 -0.77 0.029 -0.998 -0.0 0.01 0.065 0.717 0.0 -0.697 0.013 0.996 0.0 0.022 0.082 
0.998 -0.017 -0.046 0.046 -0.765 -0.0 -0.621 0.172 -0.548 -0.0 -0.564 -0.618 0.859 0.0 -0.467 0.208 0.576 0.0 -0.657 -0.487 -0.637 -0.0 -0.77 0.029 -0.998 -0.0 0.01 0.066 0.717 0.0 -0.697 0.013 0.996 0.0 0.022 0.082 
0.998 -0.017 -0.046 0.046 -0.765 -0.0 -0.621 0.172 -0.551 -0.0 -0.56 -0.619 0.859 -0.0 -0.467 0.208 0.58 0.0 -0.651 -0.489 -0.637 0.0 -0.77 0.028 -0.998 -0.0 0.01 0.066 0.717 0.0 -0.697 0.013 0.996 0.0 0.022 0.082 
0.998 -0.017 -0.046 0.046 -0.765 -0.0 -0.621 0.171 -0.556 0.0 -0.554 -0.62 0.859 -0.0 -0.467 0.208 0.584 0.0 -0.645 -0.492 -0.637 -0.0 -0.77 0.029 -0.998 -0.0 0.01 0.066 0.717 0.0 -0.697 0.014 0.996 0.0 0.022 0.081 
0.998 -0.017 -0.046 0.046 -0.765 -0.0 -0.621 0.171 -0.561 -0.0 -0.549 -0.62 0.859 0.0 -0.468 0.207 0.588 0.0 -0.64 -0.494 -0.637 -0.0 -0.77 0.029 -0.998 -0.0 0.01 0.066 0.717 0.0 -0.697 0.014 0.996 0.0 0.022 0.082 
0.998 -0.017 -0.046 0.046 -0.765 -0.0 -0.621 0.171 -0.566 -0.0 -0.543 -0.621 0.86 0.0 -0.468 0.206 0.592 0.0 -0.635 -0.496 -0.637 -0.0 -0.77 0.029 -0.998 -0.0 0.01 0.066 0.717 0.0 -0.697 0.014 0.996 0.0 0.022 0.081 
0.998 -0.018 -0.046 0.046 -0.765 -0.0 -0.621 0.17 -0.57 -0.0 -0.537 -0.622 0.86 0.0 -0.468 0.205 0.596 -0.0 -0.63 -0.498 -0.637 -0.0 -0.77 0.029 -0.998 -0.0 0.01 0.066 0.717 0.0 -0.697 0.014 0.996 0.0 0.022 0.082 
0.998 -0.018 -0.046 0.046 -0.766 -0.0 -0.619 0.171 -0.574 -0.0 -0.534 -0.621 0.86 0.0 -0.468 0.203 0.601 0.0 -0.624 -0.5 -0.637 -0.0 -0.77 0.029 -0.998 -0.0 0.01 0.066 0.717 -0.0 -0.697 0.014 0.996 0.0 0.022 0.081 
0.998 -0.018 -0.046 0.046 -0.766 -0.0 -0.619 0.171 -0.579 -0.0 -0.528 -0.622 0.86 0.0 -0.468 0.202 0.604 -0.0 -0.62 -0.501 -0.637 -0.0 -0.77 0.029 -0.998 -0.0 0.01 0.066 0.717 -0.0 -0.697 0.014 0.996 0.0 0.022 0.081 
0.998 -0.018 -0.046 0.047 -0.767 0.0 -0.619 0.171 -0.583 -0.0 -0.523 -0.622 0.861 0.0 -0.468 0.201 0.607 -0.0 -0.615 -0.503 -0.637 0.0 -0.77 0.029 -0.998 -0.0 0.01 0.066 0.717 0.0 -0.697 0.014 0.996 -0.0 0.022 0.081 
0.998 -0.017 -0.046 0.047 -0.767 -0.0 -0.619 0.171 -0.587 -0.0 -0.518 -0.622 0.861 0.0 -0.468 0.2 0.61 0.0 -0.611 -0.505 -0.637 -0.0 -0.77 0.029 -0.998 0.0 0.01 0.066 0.717 0.0 -0.697 0.013 0.996 0.0 0.022 0.081 
0.998 -0.017 -0.046 0.047 -0.767 -0.0 -0.619 0.171 -0.591 -0.0 -0.513 -0.623 0.861 0.0 -0.468 0.199 0.612 0.0 -0.607 -0.506 -0.637 -0.0 -0.77 0.028 -0.998 0.0 0.01 0.066 0.717 0.0 -0.697 0.013 0.996 0.0 0.022 0.081 
0.998 -0.017 -0.046 0.047 -0.767 -0.0 -0.618 0.171 -0.594 0.0 -0.508 -0.624 0.862 -0.0 -0.467 0.197 0.614 0.0 -0.604 -0.507 -0.637 -0.0 -0.77 0.029 -0.998 -0.0 0.01 0.066 0.717 0.0 -0.697 0.013 0.996 0.0 0.022 0.081 
0.998 -0.017 -0.046 0.047 -0.767 -0.0 -0.618 0.171 -0.598 0.0 -0.504 -0.624 0.862 -0.0 -0.467 0.196 0.616 0.0 -0.602 -0.508 -0.637 0.0 -0.77 0.028 -0.998 -0.0 0.01 0.065 0.717 0.0 -0.697 0.013 0.996 0.0 0.022 0.081 
0.998 -0.017 -0.046 0.047 -0.768 -0.0 -0.618 0.171 -0.601 -0.0 -0.5 -0.623 0.863 0.0 -0.467 0.195 0.618 -0.0 -0.599 -0.509 -0.637 -0.0 -0.77 0.028 -0.998 0.0 0.01 0.066 0.717 0.0 -0.697 0.013 0.996 0.0 0.022 0.081 
0.998 -0.017 -0.046 0.047 -0.768 -0.0 -0.617 0.17 -0.604 0.0 -0.497 -0.623 0.863 0.0 -0.466 0.193 0.62 0.0 -0.598 -0.509 -0.637 -0.0 -0.77 0.028 -0.998 -0.0 0.01 0.066 0.717 -0.0 -0.697 0.013 0.996 0.0 0.022 0.081 
0.998 -0.017 -0.046 0.047 -0.769 0.0 -0.617 0.169 -0.608 -0.0 -0.493 -0.622 0.864 0.0 -0.466 0.193 0.621 0.0 -0.597 -0.509 -0.637 -0.0 -0.77 0.028 -0.998 -0.0 0.01 0.066 0.717 0.0 -0.697 0.013 0.996 0.0 0.022 0.081 
0.998 -0.017 -0.046 0.047 -0.769 -0.0 -0.617 0.168 -0.612 -0.0 -0.489 -0.622 0.864 0.0 -0.465 0.191 0.622 0.0 -0.595 -0.509 -0.637 -0.0 -0.77 0.028 -0.998 0.0 0.01 0.065 0.717 0.0 -0.697 0.013 0.996 0.0 0.022 0.081 
0.998 -0.017 -0.046 0.046 -0.77 -0.0 -0.616 0.167 -0.616 0.0 -0.486 -0.62 0.865 0.0 -0.465 0.19 0.623 -0.0 -0.594 -0.508 -0.637 0.0 -0.77 0.028 -0.998 0.0 0.01 0.066 0.717 0.0 -0.697 0.013 0.996 0.0 0.022 0.081 
0.998 -0.017 -0.046 0.046 -0.77 -0.0 -0.616 0.166 -0.618 0.0 -0.485 -0.618 0.865 0.0 -0.465 0.188 0.624 0.0 -0.594 -0.508 -0.637 -0.0 -0.77 0.028 -0.998 -0.0 0.01 0.066 0.717 0.0 -0.697 0.013 0.996 -0.0 0.022 0.081 
0.998 -0.017 -0.046 0.046 -0.77 -0.0 -0.616 0.164 -0.623 -0.0 -0.48 -0.617 0.866 -0.0 -0.465 0.186 0.625 0.0 -0.593 -0.507 -0.637 0.0 -0.77 0.028 -0.998 -0.0 0.01 0.066 0.717 -0.0 -0.697 0.013 0.996 -0.0 0.022 0.081 
0.998 -0.017 -0.046 0.046 -0.771 -0.0 -0.616 0.163 -0.627 0.0 -0.479 -0.615 0.866 0.0 -0.464 0.185 0.625 0.0 -0.593 -0.507 -0.637 -0.0 -0.77 0.027 -0.998 -0.0 0.01 0.066 0.717 0.0 -0.697 0.012 0.996 0.0 0.022 0.081 
0.998 -0.016 -0.046 0.046 -0.771 -0.0 -0.616 0.162 -0.63 -0.0 -0.478 -0.613 0.867 0.0 -0.464 0.184 0.626 -0.0 -0.594 -0.505 -0.637 -0.0 -0.77 0.027 -0.998 0.0 0.01 0.066 0.717 0.0 -0.697 0.012 0.996 0.0 0.022 0.082 
0.998 -0.016 -0.046 0.046 -0.772 -0.0 -0.614 0.162 -0.632 -0.0 -0.478 -0.611 0.867 0.0 -0.464 0.182 0.625 0.0 -0.595 -0.505 -0.637 0.0 -0.77 0.027 -0.998 -0.0 0.01 0.065 0.717 -0.0 -0.697 0.012 0.996 0.0 0.022 0.082 
0.998 -0.016 -0.046 0.045 -0.773 -0.0 -0.614 0.162 -0.633 -0.0 -0.477 -0.609 0.867 0.0 -0.464 0.18 0.626 -0.0 -0.594 -0.505 -0.637 -0.0 -0.77 0.027 -0.998 -0.0 0.01 0.065 0.717 -0.0 -0.697 0.012 0.996 -0.0 0.022 0.082 
0.998 -0.016 -0.046 0.045 -0.773 -0.0 -0.614 0.16 -0.636 -0.0 -0.477 -0.607 0.868 -0.0 -0.463 0.179 0.626 -0.0 -0.595 -0.505 -0.637 0.0 -0.77 0.027 -0.998 -0.0 0.01 0.066 0.717 0.0 -0.697 0.012 0.996 0.0 0.022 0.082 
0.998 -0.016 -0.046 0.045 -0.774 0.0 -0.613 0.161 -0.637 -0.0 -0.478 -0.605 0.868 0.0 -0.463 0.178 0.626 0.0 -0.595 -0.505 -0.637 -0.0 -0.77 0.026 -0.998 -0.0 0.009 0.066 0.717 0.0 -0.697 0.011 0.996 0.0 0.022 0.082 
0.998 -0.016 -0.046 0.045 -0.774 -0.0 -0.612 0.16 -0.638 -0.0 -0.478 -0.604 0.869 0.0 -0.463 0.176 0.626 0.0 -0.595 -0.504 -0.637 -0.0 -0.77 0.026 -0.998 -0.0 0.009 0.066 0.717 0.0 -0.697 0.011 0.996 -0.0 0.022 0.082 
0.998 -0.016 -0.046 0.045 -0.774 -0.0 -0.612 0.159 -0.641 -0.0 -0.479 -0.6 0.869 -0.0 -0.463 0.175 0.626 0.0 -0.595 -0.504 -0.637 -0.0 -0.77 0.026 -0.998 -0.0 0.009 0.066 0.717 0.0 -0.697 0.011 0.996 0.0 0.022 0.082 
0.998 -0.016 -0.046 0.044 -0.775 -0.0 -0.612 0.159 -0.641 -0.0 -0.48 -0.599 0.869 0.0 -0.463 0.174 0.627 0.0 -0.595 -0.503 -0.637 -0.0 -0.77 0.025 -0.998 0.0 0.009 0.066 0.717 0.0 -0.697 0.011 0.996 0.0 0.022 0.082 
0.998 -0.015 -0.046 0.044 -0.775 -0.0 -0.611 0.158 -0.643 -0.0 -0.48 -0.596 0.869 0.0 -0.463 0.173 0.627 0.0 -0.596 -0.502 -0.637 -0.0 -0.77 0.025 -0.998 -0.0 0.009 0.066 0.717 0.0 -0.697 0.011 0.996 0.0 0.022 0.082 
0.998 -0.015 -0.046 0.044 -0.776 0.0 -0.611 0.156 -0.646 -0.0 -0.481 -0.593 0.869 0.0 -0.463 0.173 0.627 0.0 -0.596 -0.501 -0.637 -0.0 -0.77 0.025 -0.998 -0.0 0.009 0.066 0.717 -0.0 -0.697 0.01 0.996 0.0 0.022 0.082 
0.998 -0.015 -0.046 0.044 -0.776 -0.0 -0.611 0.155 -0.648 -0.0 -0.481 -0.59 0.869 -0.0 -0.463 0.171 0.628 0.0 -0.596 -0.501 -0.637 -0.0 -0.77 0.025 -0.998 -0.0 0.009 0.066 0.717 0.0 -0.697 0.01 0.996 -0.0 0.021 0.082 
0.998 -0.015 -0.046 0.044 -0.776 -0.0 -0.611 0.154 -0.65 -0.0 -0.482 -0.588 0.87 0.0 -0.464 0.17 0.628 0.0 -0.596 -0.5 -0.637 -0.0 -0.77 0.024 -0.998 0.0 0.009 0.066 0.717 0.0 -0.697 0.01 0.996 -0.0 0.021 0.082 
0.998 -0.015 -0.046 0.044 -0.777 -0.0 -0.611 0.152 -0.652 -0.0 -0.482 -0.585 0.87 -0.0 -0.464 0.169 0.629 0.0 -0.596 -0.499 -0.637 -0.0 -0.77 0.024 -0.998 -0.0 0.009 0.066 0.717 0.0 -0.697 0.01 0.996 0.0 0.021 0.082 
0.998 -0.015 -0.046 0.044 -0.777 -0.0 -0.611 0.151 -0.655 -0.0 -0.482 -0.582 0.869 0.0 -0.464 0.168 0.63 0.0 -0.596 -0.498 -0.637 -0.0 -0.77 0.024 -0.998 -0.0 0.009 0.066 0.717 0.0 -0.697 0.01 0.996 0.0 0.021 0.082 
0.998 -0.015 -0.046 0.044 -0.777 0.0 -0.612 0.15 -0.657 -0.0 -0.481 -0.58 0.869 0.0 -0.465 0.167 0.63 0.0 -0.596 -0.497 -0.637 -0.0 -0.77 0.024 -0.998 -0.0 0.009 0.066 0.717 0.0 -0.697 0.01 0.996 0.0 0.021 0.082 
0.998 -0.014 -0.046 0.044 -0.777 -0.0 -0.612 0.149 -0.66 -0.0 -0.481 -0.578 0.869 0.0 -0.465 0.166 0.631 -0.0 -0.596 -0.496 -0.637 -0.0 -0.77 0.024 -0.998 0.0 0.009 0.066 0.717 0.0 -0.697 0.01 0.996 0.0 0.021 0.082 
0.998 -0.015 -0.046 0.044 -0.776 -0.0 -0.613 0.149 -0.662 -0.0 -0.481 -0.575 0.869 0.0 -0.466 0.165 0.633 0.0 -0.595 -0.495 -0.637 -0.0 -0.77 0.024 -0.998 -0.0 0.009 0.066 0.717 -0.0 -0.697 0.01 0.996 0.0 0.021 0.082 
0.998 -0.015 -0.046 0.044 -0.776 -0.0 -0.613 0.147 -0.665 -0.0 -0.48 -0.572 0.869 0.0 -0.467 0.164 0.634 0.0 -0.595 -0.495 -0.637 -0.0 -0.77 0.024 -0.998 -0.0 0.009 0.066 0.717 0.0 -0.697 0.01 0.996 -0.0 0.021 0.082 
0.998 -0.014 -0.046 0.044 -0.776 -0.0 -0.614 0.145 -0.668 -0.0 -0.479 -0.569 0.869 0.0 -0.468 0.163 0.635 0.0 -0.594 -0.494 -0.637 -0.0 -0.77 0.024 -0.998 0.0 0.009 0.066 0.717 0.0 -0.697 0.009 0.996 0.0 0.021 0.082 
0.998 -0.014 -0.046 0.044 -0.776 -0.0 -0.614 0.143 -0.672 -0.0 -0.478 -0.565 0.869 0.0 -0.468 0.162 0.636 0.0 -0.594 -0.493 -0.637 -0.0 -0.77 0.023 -0.998 -0.0 0.009 0.066 0.717 0.0 -0.697 0.009 0.996 0.0 0.021 0.082 
0.998 -0.014 -0.046 0.044 -0.776 -0.0 -0.615 0.141 -0.675 -0.0 -0.477 -0.562 0.868 0.0 -0.469 0.162 0.637 0.0 -0.594 -0.492 -0.637 -0.0 -0.77 0.023 -0.998 -0.0 0.009 0.066 0.717 0.0 -0.697 0.009 0.996 0.0 0.021 0.082 
0.998 -0.014 -0.046 0.044 -0.775 -0.0 -0.616 0.141 -0.677 -0.0 -0.477 -0.56 0.868 0.0 -0.47 0.161 0.638 0.0 -0.593 -0.492 -0.637 -0.0 -0.77 0.023 -0.998 -0.0 0.009 0.066 0.717 -0.0 -0.697 0.009 0.996 0.0 0.021 0.082 
0.998 -0.014 -0.047 0.044 -0.775 -0.0 -0.617 0.139 -0.681 -0.0 -0.476 -0.556 0.868 0.0 -0.471 0.16 0.639 0.0 -0.592 -0.492 -0.637 -0.0 -0.77 0.022 -0.998 -0.0 0.009 0.066 0.717 0.0 -0.697 0.009 0.996 0.0 0.021 0.082 
0.998 -0.013 -0.047 0.043 -0.775 -0.0 -0.617 0.137 -0.683 0.0 -0.476 -0.554 0.867 0.0 -0.472 0.159 0.64 0.0 -0.591 -0.491 -0.637 -0.0 -0.77 0.022 -0.998 0.0 0.009 0.066 0.717 0.0 -0.697 0.008 0.996 -0.0 0.021 0.082 
0.998 -0.013 -0.047 0.043 -0.775 -0.0 -0.617 0.136 -0.687 -0.0 -0.474 -0.551 0.867 0.0 -0.473 0.158 0.641 0.0 -0.59 -0.491 -0.637 -0.0 -0.77 0.021 -0.998 0.0 0.009 0.066 0.717 -0.0 -0.697 0.008 0.996 0.0 0.021 0.082 
0.998 -0.013 -0.047 0.044 -0.774 -0.0 -0.618 0.135 -0.689 -0.0 -0.473 -0.549 0.866 0.0 -0.474 0.157 0.642 0.0 -0.589 -0.491 -0.637 -0.0 -0.77 0.021 -0.998 0.0 0.009 0.066 0.717 0.0 -0.697 0.007 0.996 0.0 0.021 0.082 
0.998 -0.013 -0.047 0.044 -0.774 -0.0 -0.619 0.135 -0.692 -0.0 -0.472 -0.546 0.866 0.0 -0.475 0.155 0.643 0.0 -0.588 -0.49 -0.637 -0.0 -0.77 0.021 -0.998 0.0 0.009 0.066 0.717 0.0 -0.697 0.007 0.996 0.0 0.021 0.082 
0.998 -0.013 -0.047 0.043 -0.773 0.0 -0.62 0.134 -0.694 -0.0 -0.471 -0.544 0.866 -0.0 -0.476 0.155 0.644 0.0 -0.588 -0.49 -0.637 0.0 -0.77 0.021 -0.998 -0.0 0.009 0.066 0.717 0.0 -0.697 0.007 0.996 0.0 0.021 0.082 
0.998 -0.013 -0.047 0.043 -0.773 -0.0 -0.621 0.133 -0.697 0.0 -0.47 -0.542 0.865 0.0 -0.477 0.154 0.645 0.0 -0.587 -0.489 -0.637 -0.0 -0.77 0.02 -0.998 -0.0 0.009 0.066 0.717 0.0 -0.697 0.007 0.996 -0.0 0.021 0.082 
0.998 -0.012 -0.047 0.043 -0.772 -0.0 -0.621 0.133 -0.698 -0.0 -0.469 -0.54 0.865 -0.0 -0.478 0.153 0.646 0.0 -0.586 -0.489 -0.637 -0.0 -0.77 0.02 -0.998 -0.0 0.009 0.066 0.717 0.0 -0.697 0.006 0.996 0.0 0.021 0.082 
0.998 -0.012 -0.047 0.044 -0.772 0.0 -0.622 0.133 -0.7 -0.0 -0.469 -0.539 0.865 0.0 -0.479 0.151 0.647 0.0 -0.585 -0.489 -0.637 0.0 -0.77 0.019 -0.998 -0.0 0.009 0.066 0.717 0.0 -0.697 0.006 0.996 0.0 0.021 0.082 
0.998 -0.012 -0.047 0.044 -0.772 -0.0 -0.622 0.131 -0.702 -0.0 -0.468 -0.537 0.864 0.0 -0.48 0.151 0.648 0.0 -0.585 -0.488 -0.637 0.0 -0.77 0.02 -0.998 -0.0 0.009 0.066 0.717 -0.0 -0.697 0.006 0.996 -0.0 0.021 0.082 
0.998 -0.012 -0.047 0.044 -0.771 0.0 -0.623 0.132 -0.703 -0.0 -0.468 -0.536 0.864 0.0 -0.48 0.149 0.649 0.0 -0.584 -0.488 -0.637 -0.0 -0.77 0.019 -0.998 -0.0 0.009 0.066 0.717 -0.0 -0.697 0.005 0.996 0.0 0.021 0.082 
0.998 -0.012 -0.047 0.044 -0.771 -0.0 -0.623 0.131 -0.704 -0.0 -0.468 -0.534 0.864 -0.0 -0.481 0.149 0.65 0.0 -0.583 -0.487 -0.637 -0.0 -0.77 0.019 -0.998 -0.0 0.009 0.066 0.717 0.0 -0.697 0.005 0.996 0.0 0.021 0.082 
0.998 -0.012 -0.047 0.044 -0.771 0.0 -0.623 0.131 -0.705 -0.0 -0.468 -0.533 0.864 0.0 -0.482 0.148 0.651 0.0 -0.582 -0.486 -0.637 -0.0 -0.77 0.019 -0.998 -0.0 0.009 0.066 0.717 0.0 -0.697 0.005 0.996 0.0 0.021 0.082 
0.998 -0.011 -0.047 0.044 -0.771 -0.0 -0.624 0.13 -0.705 -0.0 -0.469 -0.532 0.863 0.0 -0.482 0.148 0.653 0.0 -0.582 -0.484 -0.637 -0.0 -0.77 0.019 -0.998 -0.0 0.009 0.066 0.717 0.0 -0.697 0.005 0.996 0.0 0.021 0.082 
0.998 -0.011 -0.047 0.044 -0.771 -0.0 -0.624 0.13 -0.706 -0.0 -0.469 -0.53 0.863 0.0 -0.483 0.148 0.654 -0.0 -0.581 -0.484 -0.637 -0.0 -0.77 0.019 -0.998 -0.0 0.009 0.066 0.717 0.0 -0.697 0.005 0.996 0.0 0.021 0.082 
0.998 -0.011 -0.047 0.044 -0.77 -0.0 -0.624 0.129 -0.707 0.0 -0.469 -0.529 0.863 0.0 -0.483 0.148 0.655 -0.0 -0.581 -0.483 -0.637 -0.0 -0.77 0.019 -0.998 -0.0 0.009 0.066 0.717 0.0 -0.697 0.005 0.996 0.0 0.021 0.082 
0.998 -0.011 -0.047 0.044 -0.77 -0.0 -0.625 0.128 -0.708 -0.0 -0.47 -0.527 0.863 0.0 -0.483 0.148 0.655 0.0 -0.581 -0.483 -0.637 0.0 -0.77 0.019 -0.998 -0.0 0.009 0.066 0.717 0.0 -0.697 0.005 0.996 0.0 0.021 0.082 
0.998 -0.011 -0.047 0.044 -0.77 -0.0 -0.625 0.128 -0.708 -0.0 -0.471 -0.526 0.863 0.0 -0.483 0.148 0.655 0.0 -0.581 -0.482 -0.637 -0.0 -0.77 0.018 -0.998 -0.0 0.009 0.066 0.717 0.0 -0.697 0.005 0.996 0.0 0.021 0.082 
0.998 -0.011 -0.047 0.044 -0.77 -0.0 -0.625 0.127 -0.709 -0.0 -0.472 -0.525 0.863 0.0 -0.483 0.149 0.656 0.0 -0.581 -0.482 -0.637 -0.0 -0.77 0.018 -0.998 -0.0 0.009 0.066 0.717 -0.0 -0.697 0.005 0.996 -0.0 0.021 0.082 
0.998 -0.011 -0.047 0.045 -0.77 -0.0 -0.625 0.126 -0.709 -0.0 -0.473 -0.523 0.863 0.0 -0.484 0.148 0.656 0.0 -0.582 -0.481 -0.637 -0.0 -0.77 0.018 -0.998 -0.0 0.009 0.066 0.717 0.0 -0.697 0.005 0.996 0.0 0.021 0.082 
0.998 -0.011 -0.047 0.045 -0.77 0.0 -0.625 0.125 -0.71 0.0 -0.474 -0.521 0.862 0.0 -0.484 0.149 0.656 0.0 -0.582 -0.481 -0.637 -0.0 -0.77 0.018 -0.998 -0.0 0.009 0.066 0.717 0.0 -0.697 0.005 0.996 0.0 0.021 0.082 
0.998 -0.011 -0.047 0.045 -0.77 0.0 -0.625 0.125 -0.71 -0.0 -0.475 -0.52 0.862 -0.0 -0.484 0.149 0.657 0.0 -0.581 -0.48 -0.637 -0.0 -0.77 0.018 -0.998 -0.0 0.009 0.066 0.717 0.0 -0.697 0.005 0.996 0.0 0.02 0.082 
0.998 -0.011 -0.047 0.044 -0.771 -0.0 -0.625 0.123 -0.711 -0.0 -0.477 -0.517 0.862 0.0 -0.484 0.149 0.657 0.0 -0.581 -0.48 -0.637 -0.0 -0.77 0.018 -0.998 -0.0 0.009 0.066 0.717 0.0 -0.697 0.005 0.996 0.0 0.02 0.082 
0.998 -0.011 -0.047 0.044 -0.771 -0.0 -0.625 0.122 -0.711 0.0 -0.478 -0.515 0.862 0.0 -0.484 0.15 0.658 0.0 -0.581 -0.479 -0.637 -0.0 -0.77 0.018 -0.998 0.0 0.009 0.066 0.717 0.0 -0.697 0.005 0.996 0.0 0.02 0.082 
0.998 -0.011 -0.047 0.044 -0.77 -0.0 -0.626 0.121 -0.712 -0.0 -0.479 -0.514 0.862 0.0 -0.484 0.15 0.657 0.0 -0.581 -0.48 -0.637 0.0 -0.77 0.018 -0.998 -0.0 0.009 0.066 0.717 0.0 -0.697 0.005 0.996 0.0 0.02 0.082 
0.998 -0.011 -0.047 0.044 -0.77 -0.0 -0.627 0.12 -0.712 -0.0 -0.48 -0.512 0.862 0.0 -0.484 0.15 0.658 -0.0 -0.581 -0.48 -0.637 -0.0 -0.77 0.018 -0.998 0.0 0.009 0.066 0.717 -0.0 -0.697 0.005 0.996 -0.0 0.02 0.082 
0.998 -0.011 -0.047 0.044 -0.77 0.0 -0.626 0.12 -0.712 0.0 -0.482 -0.51 0.862 -0.0 -0.484 0.151 0.658 -0.0 -0.58 -0.48 -0.637 0.0 -0.77 0.018 -0.998 -0.0 0.009 0.066 0.717 0.0 -0.697 0.005 0.996 -0.0 0.02 0.082 
0.998 -0.011 -0.047 0.044 -0.771 -0.0 -0.626 0.118 -0.713 -0.0 -0.483 -0.508 0.862 0.0 -0.484 0.151 0.659 0.0 -0.58 -0.479 -0.637 0.0 -0.77 0.018 -0.998 -0.0 0.009 0.066 0.717 -0.0 -0.697 0.005 0.996 0.0 0.02 0.082 
0.998 -0.011 -0.047 0.044 -0.771 -0.0 -0.626 0.117 -0.714 -0.0 -0.484 -0.506 0.862 -0.0 -0.484 0.151 0.659 0.0 -0.58 -0.479 -0.637 -0.0 -0.77 0.018 -0.998 -0.0 0.009 0.066 0.717 0.0 -0.697 0.005 0.996 -0.0 0.02 0.082 
0.998 -0.011 -0.047 0.044 -0.771 -0.0 -0.626 0.117 -0.714 -0.0 -0.487 -0.503 0.862 0.0 -0.485 0.152 0.66 0.0 -0.579 -0.478 -0.637 -0.0 -0.77 0.018 -0.998 -0.0 0.009 0.066 0.717 0.0 -0.697 0.005 0.996 0.0 0.02 0.082 
0.998 -0.011 -0.047 0.044 -0.771 -0.0 -0.626 0.117 -0.715 0.0 -0.488 -0.502 0.861 0.0 -0.485 0.152 0.661 0.0 -0.579 -0.478 -0.637 -0.0 -0.77 0.018 -0.998 -0.0 0.009 0.066 0.717 0.0 -0.697 0.005 0.996 -0.0 0.02 0.082 
0.998 -0.011 -0.047 0.044 -0.771 -0.0 -0.626 0.116 -0.716 -0.0 -0.488 -0.499 0.861 -0.0 -0.485 0.152 0.662 0.0 -0.578 -0.478 -0.637 -0.0 -0.77 0.018 -0.998 -0.0 0.009 0.066 0.717 0.0 -0.697 0.005 0.996 -0.0 0.02 0.082 
0.998 -0.011 -0.047 0.044 -0.771 -0.0 -0.626 0.116 -0.716 -0.0 -0.489 -0.498 0.861 -0.0 -0.485 0.152 0.662 0.0 -0.578 -0.477 -0.637 0.0 -0.77 0.018 -0.998 0.0 0.009 0.066 0.717 -0.0 -0.697 0.005 0.996 0.0 0.02 0.082 
0.998 -0.011 -0.047 0.044 -0.771 0.0 -0.626 0.116 -0.717 -0.0 -0.489 -0.496 0.861 0.0 -0.485 0.153 0.663 0.0 -0.577 -0.477 -0.637 -0.0 -0.77 0.018 -0.998 -0.0 0.009 0.066 0.717 0.0 -0.697 0.005 0.996 -0.0 0.02 0.082 
0.998 -0.011 -0.047 0.044 -0.771 -0.0 -0.626 0.116 -0.718 -0.0 -0.49 -0.495 0.861 0.0 -0.486 0.153 0.664 -0.0 -0.576 -0.476 -0.637 -0.0 -0.77 0.018 -0.998 0.0 0.009 0.066 0.717 0.0 -0.697 0.005 0.996 0.0 0.021 0.082 
0.998 -0.011 -0.047 0.044 -0.77 -0.0 -0.627 0.116 -0.719 -0.0 -0.489 -0.494 0.86 0.0 -0.486 0.153 0.665 0.0 -0.576 -0.476 -0.637 -0.0 -0.77 0.018 -0.998 -0.0 0.009 0.066 0.717 0.0 -0.697 0.005 0.996 0.0 0.021 0.082 
0.998 -0.011 -0.047 0.044 -0.77 -0.0 -0.627 0.117 -0.72 -0.0 -0.489 -0.493 0.86 0.0 -0.486 0.153 0.666 0.0 -0.575 -0.475 -0.637 0.0 -0.77 0.018 -0.998 -0.0 0.009 0.066 0.717 0.0 -0.697 0.005 0.996 0.0 0.02 0.082 
0.998 -0.011 -0.047 0.044 -0.77 -0.0 -0.627 0.117 -0.72 0.0 -0.488 -0.493 0.86 -0.0 -0.487 0.153 0.667 0.0 -0.574 -0.474 -0.637 0.0 -0.77 0.018 -0.998 0.0 0.009 0.066 0.717 -0.0 -0.697 0.005 0.996 0.0 0.021 0.082 
0.998 -0.011 -0.047 0.044 -0.77 0.0 -0.627 0.118 -0.721 -0.0 -0.488 -0.492 0.86 0.0 -0.487 0.153 0.669 0.0 -0.574 -0.473 -0.637 -0.0 -0.77 0.018 -0.998 0.0 0.009 0.066 0.717 -0.0 -0.697 0.005 0.996 0.0 0.021 0.082 
0.998 -0.011 -0.047 0.044 -0.77 -0.0 -0.627 0.118 -0.721 -0.0 -0.488 -0.492 0.86 -0.0 -0.487 0.153 0.67 0.0 -0.573 -0.472 -0.637 -0.0 -0.77 0.018 -0.998 -0.0 0.009 0.066 0.717 0.0 -0.697 0.005 0.996 0.0 0.021 0.082 
0.998 -0.011 -0.047 0.044 -0.77 0.0 -0.627 0.118 -0.722 -0.0 -0.488 -0.491 0.859 0.0 -0.488 0.153 0.672 0.0 -0.572 -0.471 -0.637 -0.0 -0.77 0.018 -0.998 -0.0 0.009 0.066 0.717 -0.0 -0.697 0.005 0.996 -0.0 0.02 0.082 
0.998 -0.011 -0.047 0.044 -0.77 -0.0 -0.627 0.118 -0.722 -0.0 -0.488 -0.49 0.859 -0.0 -0.488 0.153 0.673 0.0 -0.572 -0.469 -0.637 -0.0 -0.77 0.019 -0.998 -0.0 0.009 0.066 0.717 0.0 -0.697 0.005 0.996 0.0 0.021 0.082 
0.998 -0.011 -0.047 0.045 -0.77 -0.0 -0.627 0.118 -0.723 0.0 -0.487 -0.489 0.859 0.0 -0.489 0.153 0.675 -0.0 -0.571 -0.467 -0.637 -0.0 -0.77 0.019 -0.998 0.0 0.009 0.066 0.717 0.0 -0.697 0.005 0.996 0.0 0.021 0.082 
0.998 -0.011 -0.047 0.045 -0.77 -0.0 -0.627 0.119 -0.724 -0.0 -0.487 -0.489 0.859 -0.0 -0.489 0.153 0.676 0.0 -0.571 -0.466 -0.637 -0.0 -0.77 0.019 -0.998 0.0 0.009 0.066 0.717 -0.0 -0.697 0.005 0.996 -0.0 0.021 0.082 
0.998 -0.011 -0.047 0.045 -0.77 -0.0 -0.627 0.119 -0.724 -0.0 -0.487 -0.488 0.859 -0.0 -0.49 0.152 0.678 0.0 -0.57 -0.464 -0.637 -0.0 -0.77 0.019 -0.998 -0.0 0.009 0.066 0.717 0.0 -0.697 0.005 0.996 0.0 0.021 0.082 
0.998 -0.011 -0.047 0.045 -0.769 0.0 -0.628 0.121 -0.725 -0.0 -0.487 -0.488 0.858 0.0 -0.49 0.152 0.679 -0.0 -0.571 -0.462 -0.637 -0.0 -0.77 0.019 -0.998 0.0 0.009 0.066 0.717 -0.0 -0.697 0.005 0.996 0.0 0.021 0.082 
0.998 -0.011 -0.047 0.045 -0.769 -0.0 -0.627 0.121 -0.726 -0.0 -0.487 -0.487 0.858 0.0 -0.49 0.152 0.68 0.0 -0.57 -0.46 -0.637 -0.0 -0.77 0.019 -0.998 -0.0 0.009 0.066 0.717 0.0 -0.697 0.005 0.996 -0.0 0.021 0.082 
0.998 -0.011 -0.047 0.045 -0.769 -0.0 -0.628 0.122 -0.726 -0.0 -0.486 -0.487 0.858 0.0 -0.491 0.151 0.681 0.0 -0.571 -0.458 -0.637 -0.0 -0.77 0.019 -0.998 -0.0 0.009 0.066 0.717 0.0 -0.697 0.005 0.996 0.0 0.021 0.082 
0.998 -0.011 -0.047 0.046 -0.769 -0.0 -0.628 0.123 -0.726 -0.0 -0.486 -0.487 0.858 0.0 -0.491 0.151 0.683 0.0 -0.571 -0.456 -0.637 -0.0 -0.77 0.018 -0.998 0.0 0.009 0.066 0.717 0.0 -0.697 0.005 0.996 0.0 0.02 0.082 
0.998 -0.011 -0.047 0.046 -0.768 -0.0 -0.628 0.123 -0.726 -0.0 -0.485 -0.487 0.858 0.0 -0.492 0.151 0.684 -0.0 -0.572 -0.454 -0.637 -0.0 -0.77 0.018 -0.998 0.0 0.009 0.066 0.717 0.0 -0.697 0.005 0.996 -0.0 0.02 0.082 
0.998 -0.011 -0.047 0.046 -0.768 -0.0 -0.628 0.124 -0.727 -0.0 -0.485 -0.487 0.857 0.0 -0.492 0.15 0.685 0.0 -0.572 -0.452 -0.637 -0.0 -0.77 0.018 -0.998 0.0 0.009 0.066 0.717 0.0 -0.697 0.004 0.996 0.0 0.02 0.082 
0.998 -0.011 -0.047 0.046 -0.768 -0.0 -0.629 0.124 -0.727 -0.0 -0.485 -0.486 0.857 0.0 -0.493 0.15 0.686 0.0 -0.573 -0.449 -0.637 0.0 -0.77 0.018 -0.998 -0.0 0.009 0.066 0.717 0.0 -0.697 0.004 0.996 0.0 0.02 0.082 
0.998 -0.011 -0.047 0.046 -0.768 0.0 -0.628 0.124 -0.727 -0.0 -0.486 -0.486 0.857 0.0 -0.493 0.15 0.687 0.0 -0.573 -0.447 -0.637 -0.0 -0.77 0.018 -0.998 -0.0 0.009 0.066 0.717 0.0 -0.697 0.004 0.996 -0.0 0.02 0.082 
0.998 -0.011 -0.047 0.046 -0.768 -0.0 -0.628 0.125 -0.727 -0.0 -0.485 -0.486 0.857 0.0 -0.493 0.15 0.688 -0.0 -0.574 -0.445 -0.637 -0.0 -0.77 0.017 -0.998 -0.0 0.009 0.066 0.717 0.0 -0.697 0.004 0.996 0.0 0.02 0.082 
0.998 -0.01 -0.047 0.046 -0.768 -0.0 -0.628 0.124 -0.727 -0.0 -0.485 -0.485 0.857 0.0 -0.494 0.149 0.689 0.0 -0.574 -0.442 -0.637 -0.0 -0.77 0.017 -0.998 -0.0 0.009 0.066 0.717 0.0 -0.697 0.003 0.996 0.0 0.02 0.082 
0.998 -0.01 -0.047 0.046 -0.768 0.0 -0.629 0.124 -0.728 -0.0 -0.486 -0.484 0.856 0.0 -0.494 0.149 0.69 -0.0 -0.575 -0.44 -0.637 -0.0 -0.77 0.017 -0.998 -0.0 0.009 0.066 0.717 -0.0 -0.697 0.003 0.996 0.0 0.02 0.082 
0.998 -0.01 -0.047 0.046 -0.768 -0.0 -0.629 0.124 -0.728 0.0 -0.486 -0.484 0.856 0.0 -0.495 0.149 0.691 0.0 -0.576 -0.437 -0.637 -0.0 -0.77 0.017 -0.998 -0.0 0.009 0.066 0.717 0.0 -0.697 0.003 0.996 0.0 0.02 0.082 
0.998 -0.01 -0.047 0.046 -0.768 -0.0 -0.629 0.124 -0.728 -0.0 -0.486 -0.483 0.856 0.0 -0.495 0.149 0.693 0.0 -0.576 -0.434 -0.637 -0.0 -0.77 0.016 -0.998 -0.0 0.009 0.066 0.717 0.0 -0.697 0.003 0.996 0.0 0.02 0.081 
0.998 -0.01 -0.047 0.045 -0.768 -0.0 -0.629 0.125 -0.728 -0.0 -0.486 -0.483 0.856 0.0 -0.496 0.148 0.694 0.0 -0.576 -0.432 -0.637 -0.0 -0.77 0.017 -0.998 0.0 0.009 0.066 0.717 0.0 -0.697 0.003 0.996 0.0 0.02 0.081 
0.998 -0.01 -0.047 0.045 -0.767 0.0 -0.629 0.125 -0.729 -0.0 -0.487 -0.482 0.856 0.0 -0.496 0.148 0.695 0.0 -0.576 -0.43 -0.637 -0.0 -0.77 0.016 -0.998 0.0 0.009 0.066 0.717 0.0 -0.697 0.003 0.996 0.0 0.02 0.081 
0.998 -0.01 -0.047 0.045 -0.767 0.0 -0.629 0.125 -0.729 -0.0 -0.488 -0.481 0.855 0.0 -0.497 0.148 0.696 0.0 -0.577 -0.428 -0.637 -0.0 -0.77 0.016 -0.998 -0.0 0.009 0.065 0.717 0.0 -0.698 0.003 0.996 0.0 0.02 0.081 
0.998 -0.009 -0.047 0.045 -0.767 0.0 -0.629 0.125 -0.729 -0.0 -0.488 -0.48 0.855 0.0 -0.497 0.148 0.697 0.0 -0.577 -0.426 -0.637 -0.0 -0.77 0.016 -0.998 0.0 0.009 0.065 0.717 0.0 -0.697 0.003 0.997 0.0 0.019 0.081 
0.998 -0.009 -0.047 0.045 -0.767 -0.0 -0.629 0.125 -0.729 -0.0 -0.489 -0.48 0.855 0.0 -0.497 0.149 0.697 -0.0 -0.578 -0.424 -0.637 -0.0 -0.77 0.015 -0.998 -0.0 0.009 0.065 0.717 0.0 -0.698 0.002 0.997 0.0 0.02 0.081 
0.998 -0.008 -0.047 0.045 -0.767 -0.0 -0.629 0.125 -0.729 -0.0 -0.49 -0.479 0.855 -0.0 -0.497 0.149 0.698 0.0 -0.578 -0.422 -0.637 -0.0 -0.77 0.014 -0.998 0.0 0.009 0.065 0.716 0.0 -0.698 0.001 0.997 0.0 0.02 0.081 
0.998 -0.008 -0.047 0.044 -0.767 -0.0 -0.629 0.126 -0.729 -0.0 -0.49 -0.478 0.855 0.0 -0.498 0.149 0.699 0.0 -0.578 -0.421 -0.638 -0.0 -0.77 0.014 -0.998 -0.0 0.009 0.065 0.716 0.0 -0.698 0.001 0.997 0.0 0.02 0.081 
0.998 -0.008 -0.047 0.044 -0.767 -0.0 -0.629 0.126 -0.729 -0.0 -0.491 -0.477 0.854 0.0 -0.498 0.148 0.7 0.0 -0.578 -0.419 -0.638 -0.0 -0.77 0.013 -0.998 -0.0 0.009 0.065 0.716 0.0 -0.698 0.001 0.997 0.0 0.02 0.081 
0.998 -0.008 -0.047 0.044 -0.767 -0.0 -0.629 0.126 -0.729 -0.0 -0.492 -0.476 0.854 0.0 -0.498 0.149 0.701 0.0 -0.579 -0.417 -0.638 -0.0 -0.77 0.013 -0.998 -0.0 0.009 0.065 0.716 0.0 -0.698 0.001 0.997 -0.0 0.02 0.08 
0.998 -0.008 -0.047 0.044 -0.767 -0.0 -0.629 0.125 -0.729 -0.0 -0.493 -0.475 0.854 0.0 -0.499 0.148 0.702 0.0 -0.578 -0.415 -0.638 -0.0 -0.77 0.013 -0.998 0.0 0.009 0.065 0.716 0.0 -0.698 0.001 0.997 0.0 0.02 0.08 
0.998 -0.007 -0.047 0.043 -0.767 -0.0 -0.629 0.126 -0.729 -0.0 -0.494 -0.474 0.854 0.0 -0.499 0.148 0.703 0.0 -0.578 -0.414 -0.638 0.0 -0.77 0.013 -0.998 -0.0 0.009 0.065 0.716 -0.0 -0.698 0.001 0.997 -0.0 0.02 0.08 
0.998 -0.007 -0.047 0.043 -0.767 -0.0 -0.629 0.126 -0.729 -0.0 -0.494 -0.474 0.854 0.0 -0.499 0.148 0.704 0.0 -0.578 -0.412 -0.638 -0.0 -0.77 0.013 -0.998 -0.0 0.008 0.065 0.716 -0.0 -0.698 0.001 0.997 0.0 0.02 0.08 
0.998 -0.007 -0.047 0.043 -0.767 -0.0 -0.629 0.126 -0.73 -0.0 -0.494 -0.473 0.854 0.0 -0.499 0.148 0.705 0.0 -0.578 -0.411 -0.638 -0.0 -0.77 0.012 -0.998 -0.0 0.008 0.065 0.716 0.0 -0.698 0.0 0.997 0.0 0.02 0.08 
0.998 -0.007 -0.047 0.043 -0.767 -0.0 -0.629 0.126 -0.73 -0.0 -0.495 -0.472 0.854 -0.0 -0.499 0.149 0.706 0.0 -0.578 -0.409 -0.638 -0.0 -0.77 0.012 -0.998 -0.0 0.008 0.065 0.716 0.0 -0.698 0.0 0.997 0.0 0.02 0.08 
0.998 -0.007 -0.047 0.043 -0.767 0.0 -0.629 0.127 -0.73 -0.0 -0.495 -0.471 0.854 0.0 -0.499 0.149 0.707 0.0 -0.578 -0.408 -0.638 -0.0 -0.77 0.012 -0.998 -0.0 0.008 0.065 0.716 0.0 -0.698 -0.0 0.997 0.0 0.02 0.08 
0.998 -0.006 -0.047 0.043 -0.767 -0.0 -0.629 0.127 -0.73 -0.0 -0.496 -0.471 0.854 0.0 -0.499 0.149 0.708 -0.0 -0.578 -0.406 -0.638 -0.0 -0.77 0.011 -0.998 -0.0 0.008 0.065 0.716 0.0 -0.698 -0.0 0.997 0.0 0.02 0.08 
0.998 -0.006 -0.047 0.043 -0.768 -0.0 -0.628 0.127 -0.729 -0.0 -0.497 -0.47 0.854 -0.0 -0.499 0.149 0.708 0.0 -0.578 -0.405 -0.638 -0.0 -0.77 0.011 -0.998 -0.0 0.008 0.065 0.716 0.0 -0.698 -0.0 0.997 0.0 0.02 0.08 
0.998 -0.006 -0.047 0.042 -0.767 -0.0 -0.628 0.128 -0.73 -0.0 -0.496 -0.47 0.854 0.0 -0.499 0.149 0.709 0.0 -0.578 -0.404 -0.638 -0.0 -0.77 0.011 -0.998 -0.0 0.008 0.064 0.716 0.0 -0.698 -0.001 0.997 -0.0 0.02 0.08 
0.998 -0.006 -0.047 0.042 -0.768 -0.0 -0.628 0.128 -0.729 -0.0 -0.497 -0.47 0.854 0.0 -0.499 0.149 0.71 0.0 -0.578 -0.403 -0.638 0.0 -0.77 0.011 -0.998 -0.0 0.008 0.064 0.716 0.0 -0.698 -0.001 0.997 0.0 0.02 0.08 
0.998 -0.005 -0.047 0.042 -0.768 -0.0 -0.628 0.129 -0.73 -0.0 -0.497 -0.47 0.854 0.0 -0.498 0.149 0.711 0.0 -0.578 -0.402 -0.638 0.0 -0.77 0.01 -0.998 -0.0 0.008 0.064 0.716 0.0 -0.698 -0.001 0.997 -0.0 0.02 0.08 
0.998 -0.005 -0.047 0.042 -0.768 -0.0 -0.628 0.129 -0.73 -0.0 -0.497 -0.47 0.854 0.0 -0.498 0.149 0.711 0.0 -0.578 -0.401 -0.638 -0.0 -0.77 0.01 -0.998 -0.0 0.008 0.064 0.716 0.0 -0.698 -0.001 0.997 0.0 0.02 0.08 
0.998 -0.005 -0.047 0.042 -0.767 -0.0 -0.628 0.13 -0.731 -0.0 -0.495 -0.47 0.854 0.0 -0.498 0.15 0.712 0.0 -0.578 -0.4 -0.638 -0.0 -0.77 0.01 -0.998 -0.0 0.008 0.064 0.716 -0.0 -0.698 -0.001 0.997 0.0 0.02 0.08 
0.998 -0.005 -0.047 0.042 -0.767 -0.0 -0.628 0.13 -0.731 -0.0 -0.495 -0.47 0.854 0.0 -0.498 0.149 0.713 0.0 -0.578 -0.398 -0.638 -0.0 -0.77 0.01 -0.998 -0.0 0.008 0.064 0.716 0.0 -0.698 -0.001 0.997 0.0 0.02 0.08 
0.998 -0.005 -0.047 0.042 -0.767 -0.0 -0.628 0.131 -0.731 -0.0 -0.495 -0.47 0.854 0.0 -0.498 0.149 0.713 0.0 -0.578 -0.397 -0.638 -0.0 -0.77 0.009 -0.998 -0.0 0.008 0.064 0.716 -0.0 -0.698 -0.002 0.997 0.0 0.02 0.08 
0.998 -0.004 -0.047 0.042 -0.767 -0.0 -0.628 0.132 -0.732 -0.0 -0.494 -0.47 0.855 0.0 -0.497 0.149 0.714 0.0 -0.578 -0.396 -0.638 -0.0 -0.77 0.009 -0.998 -0.0 0.008 0.064 0.716 0.0 -0.698 -0.002 0.997 0.0 0.02 0.08 
0.998 -0.004 -0.047 0.042 -0.767 -0.0 -0.628 0.132 -0.732 -0.0 -0.494 -0.469 0.855 -0.0 -0.497 0.149 0.714 -0.0 -0.578 -0.395 -0.638 -0.0 -0.77 0.009 -0.998 -0.0 0.008 0.064 0.716 0.0 -0.698 -0.002 0.997 0.0 0.02 0.08 
0.998 -0.004 -0.047 0.042 -0.767 -0.0 -0.628 0.132 -0.733 -0.0 -0.493 -0.47 0.855 0.0 -0.497 0.149 0.715 0.0 -0.578 -0.394 -0.638 -0.0 -0.77 0.009 -0.998 -0.0 0.008 0.064 0.716 0.0 -0.698 -0.002 0.997 0.0 0.02 0.08 
0.998 -0.004 -0.047 0.042 -0.767 -0.0 -0.628 0.132 -0.733 -0.0 -0.492 -0.47 0.855 0.0 -0.497 0.149 0.715 0.0 -0.578 -0.393 -0.638 -0.0 -0.77 0.009 -0.998 0.0 0.008 0.064 0.716 -0.0 -0.698 -0.002 0.997 0.0 0.02 0.08 
0.998 -0.004 -0.047 0.042 -0.767 -0.0 -0.628 0.132 -0.734 -0.0 -0.491 -0.47 0.855 0.0 -0.497 0.149 0.715 0.0 -0.578 -0.392 -0.638 -0.0 -0.77 0.009 -0.998 -0.0 0.008 0.064 0.716 0.0 -0.698 -0.002 0.997 0.0 0.02 0.079 
0.998 -0.004 -0.047 0.042 -0.767 -0.0 -0.627 0.132 -0.734 -0.0 -0.49 -0.47 0.855 0.0 -0.497 0.148 0.716 0.0 -0.578 -0.392 -0.638 -0.0 -0.77 0.009 -0.998 0.0 0.008 0.064 0.716 0.0 -0.698 -0.002 0.997 0.0 0.02 0.08 
0.998 -0.004 -0.047 0.042 -0.767 -0.0 -0.628 0.132 -0.734 -0.0 -0.489 -0.47 0.855 0.0 -0.497 0.148 0.716 0.0 -0.579 -0.391 -0.638 -0.0 -0.77 0.009 -0.998 -0.0 0.008 0.064 0.716 0.0 -0.698 -0.002 0.997 0.0 0.02 0.08 
0.998 -0.004 -0.047 0.042 -0.767 -0.0 -0.627 0.132 -0.735 -0.0 -0.489 -0.471 0.855 0.0 -0.497 0.148 0.716 0.0 -0.579 -0.39 -0.638 -0.0 -0.77 0.009 -0.998 -0.0 0.008 0.064 0.716 -0.0 -0.698 -0.003 0.997 0.0 0.02 0.08 
0.998 -0.003 -0.047 0.042 -0.767 -0.0 -0.627 0.132 -0.735 -0.0 -0.488 -0.471 0.855 0.0 -0.497 0.148 0.716 0.0 -0.579 -0.39 -0.638 -0.0 -0.77 0.009 -0.998 0.0 0.008 0.064 0.716 0.0 -0.698 -0.003 0.997 0.0 0.02 0.08 
0.998 -0.003 -0.047 0.042 -0.767 -0.0 -0.627 0.131 -0.736 -0.0 -0.487 -0.471 0.855 0.0 -0.497 0.147 0.716 0.0 -0.579 -0.39 -0.638 -0.0 -0.77 0.009 -0.998 -0.0 0.008 0.064 0.716 0.0 -0.698 -0.003 0.997 0.0 0.02 0.08 
0.998 -0.003 -0.047 0.042 -0.768 -0.0 -0.627 0.131 -0.736 -0.0 -0.487 -0.471 0.855 0.0 -0.497 0.147 0.716 0.0 -0.579 -0.39 -0.638 -0.0 -0.77 0.008 -0.998 0.0 0.008 0.064 0.716 0.0 -0.698 -0.003 0.997 0.0 0.02 0.079 
0.998 -0.003 -0.047 0.042 -0.768 -0.0 -0.628 0.131 -0.737 -0.0 -0.485 -0.471 0.855 0.0 -0.497 0.147 0.716 0.0 -0.579 -0.39 -0.638 0.0 -0.77 0.008 -0.998 -0.0 0.008 0.064 0.716 0.0 -0.698 -0.003 0.997 0.0 0.02 0.08 
0.998 -0.003 -0.047 0.042 -0.768 -0.0 -0.627 0.13 -0.737 -0.0 -0.485 -0.471 0.855 0.0 -0.497 0.147 0.716 0.0 -0.579 -0.389 -0.638 -0.0 -0.77 0.008 -0.998 -0.0 0.008 0.064 0.716 0.0 -0.698 -0.003 0.997 0.0 0.019 0.08 
0.998 -0.003 -0.047 0.042 -0.768 -0.0 -0.627 0.13 -0.737 -0.0 -0.485 -0.471 0.855 -0.0 -0.497 0.147 0.716 0.0 -0.578 -0.39 -0.638 -0.0 -0.77 0.008 -0.998 -0.0 0.008 0.064 0.716 -0.0 -0.698 -0.003 0.997 0.0 0.019 0.08 
0.998 -0.002 -0.047 0.042 -0.768 0.0 -0.627 0.13 -0.737 -0.0 -0.485 -0.471 0.855 0.0 -0.497 0.147 0.717 0.0 -0.578 -0.39 -0.638 -0.0 -0.77 0.008 -0.998 -0.0 0.008 0.064 0.716 -0.0 -0.698 -0.004 0.997 0.0 0.019 0.08 
0.998 -0.002 -0.047 0.042 -0.768 0.0 -0.627 0.13 -0.737 -0.0 -0.484 -0.471 0.855 0.0 -0.497 0.147 0.717 0.0 -0.578 -0.391 -0.638 -0.0 -0.77 0.007 -0.998 -0.0 0.008 0.064 0.716 0.0 -0.698 -0.004 0.997 0.0 0.019 0.08 
0.998 -0.002 -0.047 0.042 -0.768 -0.0 -0.627 0.129 -0.737 0.0 -0.484 -0.471 0.855 0.0 -0.497 0.147 0.717 0.0 -0.577 -0.391 -0.638 -0.0 -0.77 0.007 -0.998 -0.0 0.007 0.064 0.716 -0.0 -0.698 -0.004 0.997 -0.0 0.019 0.08 
0.998 -0.001 -0.047 0.042 -0.769 -0.0 -0.627 0.13 -0.737 -0.0 -0.485 -0.471 0.855 0.0 -0.498 0.146 0.717 0.0 -0.576 -0.392 -0.638 -0.0 -0.77 0.007 -0.998 -0.0 0.007 0.064 0.716 -0.0 -0.698 -0.005 0.997 0.0 0.019 0.08 
0.998 -0.001 -0.047 0.042 -0.769 -0.0 -0.626 0.129 -0.737 -0.0 -0.485 -0.471 0.855 0.0 -0.498 0.146 0.717 0.0 -0.576 -0.393 -0.638 -0.0 -0.77 0.006 -0.998 0.0 0.007 0.064 0.716 0.0 -0.698 -0.005 0.997 0.0 0.019 0.08 
0.998 -0.001 -0.047 0.042 -0.769 0.0 -0.626 0.128 -0.737 -0.0 -0.484 -0.471 0.855 0.0 -0.498 0.146 0.717 0.0 -0.576 -0.393 -0.638 -0.0 -0.77 0.006 -0.998 -0.0 0.007 0.064 0.716 0.0 -0.698 -0.005 0.997 0.0 0.019 0.08 
0.998 -0.001 -0.047 0.042 -0.769 0.0 -0.626 0.127 -0.738 -0.0 -0.483 -0.471 0.855 0.0 -0.498 0.145 0.717 0.0 -0.575 -0.393 -0.638 -0.0 -0.77 0.006 -0.998 0.0 0.007 0.064 0.716 0.0 -0.698 -0.005 0.997 0.0 0.019 0.08 
0.998 -0.001 -0.047 0.042 -0.769 0.0 -0.626 0.127 -0.738 0.0 -0.483 -0.471 0.855 0.0 -0.498 0.145 0.717 0.0 -0.575 -0.394 -0.638 -0.0 -0.77 0.006 -0.998 -0.0 0.008 0.064 0.716 0.0 -0.698 -0.006 0.997 0.0 0.019 0.08 
0.998 -0.0 -0.047 0.042 -0.769 -0.0 -0.626 0.126 -0.738 -0.0 -0.483 -0.471 0.855 0.0 -0.498 0.145 0.717 0.0 -0.574 -0.395 -0.638 -0.0 -0.77 0.006 -0.998 -0.0 0.008 0.063 0.716 0.0 -0.698 -0.006 0.997 0.0 0.019 0.08 
0.998 0.0 -0.047 0.042 -0.769 -0.0 -0.627 0.127 -0.738 -0.0 -0.483 -0.472 0.855 0.0 -0.498 0.144 0.717 0.0 -0.574 -0.396 -0.638 0.0 -0.77 0.005 -0.998 -0.0 0.007 0.063 0.716 0.0 -0.698 -0.007 0.997 0.0 0.019 0.08 
0.998 0.0 -0.047 0.042 -0.769 -0.0 -0.627 0.126 -0.738 -0.0 -0.483 -0.472 0.855 0.0 -0.498 0.144 0.716 0.0 -0.573 -0.397 -0.638 -0.0 -0.77 0.005 -0.998 -0.0 0.007 0.063 0.716 0.0 -0.698 -0.007 0.997 0.0 0.019 0.08 
0.998 0.001 -0.047 0.042 -0.769 -0.0 -0.626 0.126 -0.737 -0.0 -0.483 -0.472 0.855 0.0 -0.498 0.143 0.716 -0.0 -0.573 -0.398 -0.638 -0.0 -0.77 0.004 -0.998 0.0 0.008 0.064 0.716 0.0 -0.698 -0.007 0.997 0.0 0.019 0.08 
0.998 0.001 -0.047 0.042 -0.769 -0.0 -0.626 0.126 -0.737 -0.0 -0.483 -0.472 0.855 0.0 -0.498 0.143 0.716 0.0 -0.573 -0.399 -0.638 -0.0 -0.77 0.004 -0.998 -0.0 0.007 0.063 0.717 0.0 -0.698 -0.008 0.997 0.0 0.019 0.08 
0.998 0.001 -0.047 0.043 -0.77 0.0 -0.626 0.124 -0.738 -0.0 -0.483 -0.472 0.855 -0.0 -0.498 0.142 0.715 0.0 -0.573 -0.4 -0.638 -0.0 -0.77 0.004 -0.998 -0.0 0.008 0.064 0.717 0.0 -0.698 -0.008 0.997 0.0 0.018 0.08 
0.998 0.001 -0.047 0.043 -0.77 -0.0 -0.626 0.124 -0.738 -0.0 -0.483 -0.472 0.855 0.0 -0.498 0.141 0.715 0.0 -0.573 -0.401 -0.638 -0.0 -0.77 0.003 -0.998 -0.0 0.008 0.064 0.717 0.0 -0.698 -0.008 0.997 0.0 0.018 0.08 
0.998 0.002 -0.047 0.043 -0.77 -0.0 -0.626 0.123 -0.738 -0.0 -0.482 -0.472 0.856 0.0 -0.498 0.141 0.714 -0.0 -0.573 -0.402 -0.638 0.0 -0.77 0.003 -0.998 -0.0 0.008 0.064 0.717 0.0 -0.697 -0.009 0.997 0.0 0.018 0.08 
0.998 0.002 -0.047 0.043 -0.771 -0.0 -0.626 0.122 -0.738 -0.0 -0.483 -0.472 0.856 0.0 -0.498 0.14 0.713 -0.0 -0.573 -0.403 -0.638 0.0 -0.77 0.003 -0.998 0.0 0.008 0.064 0.717 0.0 -0.698 -0.009 0.997 -0.0 0.018 0.08 
0.998 0.002 -0.047 0.043 -0.77 -0.0 -0.626 0.123 -0.737 -0.0 -0.483 -0.473 0.856 0.0 -0.498 0.139 0.713 0.0 -0.573 -0.404 -0.638 -0.0 -0.77 0.002 -0.998 -0.0 0.008 0.064 0.717 -0.0 -0.697 -0.009 0.997 0.0 0.018 0.08 
0.998 0.002 -0.047 0.043 -0.771 -0.0 -0.625 0.122 -0.737 -0.0 -0.483 -0.473 0.856 0.0 -0.498 0.138 0.712 0.0 -0.573 -0.405 -0.638 0.0 -0.77 0.002 -0.998 -0.0 0.008 0.064 0.717 -0.0 -0.697 -0.009 0.997 -0.0 0.018 0.08 
0.998 0.002 -0.047 0.044 -0.771 -0.0 -0.625 0.122 -0.737 -0.0 -0.483 -0.473 0.856 0.0 -0.498 0.137 0.712 0.0 -0.573 -0.406 -0.638 0.0 -0.77 0.002 -0.998 -0.0 0.008 0.064 0.717 0.0 -0.698 -0.009 0.997 0.0 0.018 0.08 
0.998 0.003 -0.047 0.044 -0.771 -0.0 -0.625 0.121 -0.737 -0.0 -0.483 -0.473 0.856 0.0 -0.498 0.136 0.712 -0.0 -0.573 -0.406 -0.638 0.0 -0.77 0.002 -0.998 -0.0 0.008 0.064 0.716 0.0 -0.698 -0.01 0.997 0.0 0.018 0.08 
0.998 0.003 -0.047 0.044 -0.771 -0.0 -0.625 0.12 -0.738 -0.0 -0.482 -0.473 0.857 -0.0 -0.498 0.135 0.712 0.0 -0.573 -0.406 -0.638 0.0 -0.77 0.002 -0.998 -0.0 0.008 0.064 0.717 0.0 -0.698 -0.009 0.997 -0.0 0.018 0.08 
0.998 0.003 -0.047 0.044 -0.771 -0.0 -0.625 0.119 -0.738 -0.0 -0.481 -0.473 0.857 0.0 -0.498 0.134 0.712 0.0 -0.573 -0.407 -0.638 -0.0 -0.77 0.002 -0.998 -0.0 0.008 0.064 0.717 0.0 -0.698 -0.009 0.997 0.0 0.018 0.08 
0.998 0.003 -0.047 0.044 -0.771 -0.0 -0.625 0.118 -0.739 -0.0 -0.48 -0.473 0.857 0.0 -0.498 0.134 0.711 -0.0 -0.573 -0.408 -0.638 -0.0 -0.77 0.003 -0.998 -0.0 0.008 0.064 0.717 0.0 -0.697 -0.01 0.997 -0.0 0.018 0.08 
0.998 0.003 -0.047 0.045 -0.771 -0.0 -0.625 0.118 -0.738 -0.0 -0.48 -0.473 0.857 0.0 -0.498 0.133 0.71 -0.0 -0.573 -0.409 -0.638 -0.0 -0.77 0.002 -0.998 -0.0 0.008 0.064 0.717 0.0 -0.697 -0.009 0.997 0.0 0.018 0.08 
0.998 0.003 -0.047 0.045 -0.771 -0.0 -0.625 0.118 -0.738 -0.0 -0.48 -0.474 0.857 0.0 -0.498 0.133 0.71 0.0 -0.572 -0.411 -0.638 -0.0 -0.77 0.003 -0.998 -0.0 0.008 0.064 0.717 -0.0 -0.697 -0.009 0.997 0.0 0.018 0.08 
0.998 0.003 -0.047 0.045 -0.771 -0.0 -0.625 0.118 -0.738 0.0 -0.48 -0.474 0.857 0.0 -0.497 0.132 0.709 0.0 -0.572 -0.412 -0.638 -0.0 -0.77 0.003 -0.998 0.0 0.008 0.064 0.717 0.0 -0.697 -0.009 0.997 0.0 0.018 0.08 
0.998 0.003 -0.047 0.045 -0.771 -0.0 -0.625 0.117 -0.738 -0.0 -0.48 -0.475 0.858 0.0 -0.497 0.132 0.708 0.0 -0.572 -0.414 -0.638 -0.0 -0.77 0.003 -0.998 -0.0 0.008 0.064 0.717 0.0 -0.697 -0.009 0.997 0.0 0.018 0.08 
0.998 0.003 -0.047 0.045 -0.772 -0.0 -0.625 0.117 -0.738 0.0 -0.48 -0.475 0.858 0.0 -0.497 0.132 0.708 0.0 -0.571 -0.416 -0.638 -0.0 -0.77 0.003 -0.998 -0.0 0.008 0.064 0.717 0.0 -0.697 -0.009 0.997 0.0 0.018 0.08 
0.998 0.003 -0.047 0.045 -0.772 0.0 -0.625 0.117 -0.737 -0.0 -0.48 -0.476 0.858 -0.0 -0.497 0.132 0.707 0.0 -0.57 -0.418 -0.638 -0.0 -0.77 0.003 -0.998 0.0 0.008 0.064 0.717 0.0 -0.697 -0.009 0.997 -0.0 0.018 0.08 
0.998 0.003 -0.047 0.045 -0.772 -0.0 -0.625 0.116 -0.737 -0.0 -0.48 -0.476 0.858 0.0 -0.497 0.132 0.706 0.0 -0.57 -0.42 -0.638 -0.0 -0.77 0.003 -0.998 -0.0 0.008 0.064 0.717 0.0 -0.697 -0.009 0.997 -0.0 0.018 0.08 
0.998 0.003 -0.047 0.045 -0.772 -0.0 -0.625 0.116 -0.737 -0.0 -0.479 -0.477 0.858 0.0 -0.497 0.132 0.706 0.0 -0.569 -0.422 -0.638 0.0 -0.77 0.003 -0.998 0.0 0.008 0.064 0.717 -0.0 -0.697 -0.009 0.997 0.0 0.018 0.08 
0.998 0.003 -0.047 0.045 -0.772 -0.0 -0.626 0.115 -0.737 -0.0 -0.478 -0.477 0.858 0.0 -0.497 0.132 0.705 0.0 -0.569 -0.424 -0.638 0.0 -0.77 0.003 -0.998 -0.0 0.008 0.064 0.717 0.0 -0.697 -0.009 0.997 0.0 0.018 0.08 
