# T   LUA LFA RUA RFA LT  LS  RT  RS  
0.736 -0.047 -0.015 0.675 -0.758 -0.0 -0.644 0.104 -0.945 0.0 -0.198 -0.261 0.774 0.0 -0.626 0.101 0.963 -0.0 -0.076 -0.258 -0.647 0.0 -0.762 -0.009 -0.987 -0.0 0.044 0.153 0.688 0.0 -0.725 0.028 0.987 0.0 0.028 0.156 
0.737 -0.047 -0.015 0.675 -0.758 -0.0 -0.644 0.104 -0.945 0.0 -0.198 -0.261 0.773 0.0 -0.626 0.101 0.963 0.0 -0.076 -0.258 -0.647 -0.0 -0.762 -0.009 -0.987 -0.0 0.044 0.153 0.688 -0.0 -0.725 0.028 0.987 -0.0 0.028 0.157 
0.736 -0.047 -0.016 0.675 -0.758 -0.0 -0.643 0.103 -0.945 -0.0 -0.198 -0.261 0.773 0.0 -0.626 0.101 0.963 0.0 -0.077 -0.259 -0.647 -0.0 -0.762 -0.009 -0.987 -0.0 0.044 0.153 0.688 0.0 -0.725 0.027 0.987 0.0 0.028 0.158 
0.737 -0.047 -0.016 0.675 -0.759 0.0 -0.643 0.103 -0.945 0.0 -0.198 -0.261 0.773 0.0 -0.626 0.101 0.963 0.0 -0.076 -0.258 -0.647 0.0 -0.762 -0.009 -0.987 -0.0 0.044 0.154 0.688 0.0 -0.725 0.026 0.987 0.0 0.027 0.159 
0.737 -0.047 -0.016 0.674 -0.759 -0.0 -0.643 0.103 -0.945 -0.0 -0.198 -0.261 0.773 -0.0 -0.626 0.1 0.963 0.0 -0.077 -0.258 -0.647 -0.0 -0.762 -0.01 -0.987 -0.0 0.044 0.154 0.688 -0.0 -0.725 0.025 0.987 0.0 0.026 0.161 
0.737 -0.048 -0.016 0.674 -0.759 -0.0 -0.643 0.103 -0.945 -0.0 -0.198 -0.261 0.773 0.0 -0.626 0.1 0.963 -0.0 -0.076 -0.258 -0.647 -0.0 -0.762 -0.01 -0.987 -0.0 0.044 0.154 0.688 -0.0 -0.725 0.024 0.987 0.0 0.026 0.162 
0.737 -0.048 -0.016 0.674 -0.759 -0.0 -0.643 0.103 -0.945 0.0 -0.197 -0.261 0.773 0.0 -0.626 0.1 0.963 0.0 -0.076 -0.258 -0.648 -0.0 -0.762 -0.011 -0.987 0.0 0.042 0.154 0.688 0.0 -0.725 0.024 0.986 -0.0 0.026 0.163 
0.737 -0.048 -0.016 0.674 -0.759 -0.0 -0.643 0.102 -0.945 -0.0 -0.197 -0.26 0.773 -0.0 -0.626 0.099 0.963 0.0 -0.076 -0.258 -0.648 -0.0 -0.762 -0.011 -0.987 -0.0 0.043 0.156 0.688 0.0 -0.725 0.023 0.986 0.0 0.026 0.164 
0.737 -0.048 -0.017 0.674 -0.759 -0.0 -0.643 0.102 -0.945 -0.0 -0.197 -0.26 0.773 -0.0 -0.626 0.099 0.963 0.0 -0.075 -0.258 -0.648 -0.0 -0.762 -0.012 -0.987 -0.0 0.043 0.157 0.688 0.0 -0.725 0.022 0.986 0.0 0.025 0.165 
0.736 -0.049 -0.017 0.675 -0.758 -0.0 -0.644 0.103 -0.945 0.0 -0.196 -0.261 0.774 0.0 -0.626 0.099 0.963 0.0 -0.076 -0.257 -0.648 -0.0 -0.761 -0.012 -0.987 -0.0 0.042 0.157 0.689 0.0 -0.724 0.022 0.986 0.0 0.024 0.166 
0.736 -0.049 -0.017 0.675 -0.759 -0.0 -0.643 0.102 -0.945 -0.0 -0.196 -0.261 0.774 0.0 -0.626 0.099 0.963 -0.0 -0.076 -0.258 -0.648 -0.0 -0.761 -0.013 -0.986 -0.0 0.041 0.159 0.689 -0.0 -0.724 0.02 0.986 0.0 0.023 0.168 
0.736 -0.049 -0.018 0.675 -0.759 -0.0 -0.643 0.102 -0.945 -0.0 -0.196 -0.261 0.774 0.0 -0.625 0.099 0.963 0.0 -0.076 -0.258 -0.648 -0.0 -0.761 -0.014 -0.986 -0.0 0.041 0.16 0.689 0.0 -0.724 0.019 0.985 0.0 0.023 0.169 
0.736 -0.049 -0.018 0.674 -0.759 -0.0 -0.643 0.102 -0.945 -0.0 -0.196 -0.262 0.774 0.0 -0.625 0.099 0.963 0.0 -0.077 -0.258 -0.648 -0.0 -0.761 -0.016 -0.986 -0.0 0.04 0.162 0.689 -0.0 -0.724 0.018 0.985 0.0 0.022 0.17 
0.737 -0.049 -0.019 0.674 -0.759 -0.0 -0.644 0.102 -0.945 0.0 -0.195 -0.262 0.774 0.0 -0.625 0.099 0.963 0.0 -0.076 -0.258 -0.649 -0.0 -0.761 -0.018 -0.986 0.0 0.04 0.164 0.69 0.0 -0.724 0.019 0.985 0.0 0.021 0.169 
0.737 -0.049 -0.019 0.674 -0.759 -0.0 -0.643 0.102 -0.945 -0.0 -0.195 -0.262 0.774 0.0 -0.626 0.098 0.963 -0.0 -0.076 -0.258 -0.649 -0.0 -0.761 -0.02 -0.985 -0.0 0.039 0.167 0.69 0.0 -0.724 0.018 0.985 0.0 0.021 0.17 
0.737 -0.049 -0.02 0.674 -0.758 0.0 -0.644 0.102 -0.945 -0.0 -0.195 -0.263 0.775 0.0 -0.625 0.097 0.963 0.0 -0.076 -0.258 -0.648 -0.0 -0.761 -0.023 -0.985 -0.0 0.038 0.17 0.69 0.0 -0.724 0.017 0.985 0.0 0.021 0.171 
0.737 -0.049 -0.02 0.674 -0.758 0.0 -0.644 0.102 -0.945 -0.0 -0.194 -0.263 0.775 0.0 -0.625 0.097 0.963 0.0 -0.077 -0.258 -0.649 -0.0 -0.761 -0.025 -0.984 -0.0 0.037 0.172 0.69 0.0 -0.724 0.016 0.985 0.0 0.02 0.172 
0.737 -0.049 -0.021 0.674 -0.759 0.0 -0.643 0.102 -0.945 -0.0 -0.194 -0.264 0.775 0.0 -0.625 0.097 0.963 0.0 -0.077 -0.259 -0.649 -0.0 -0.76 -0.028 -0.984 -0.0 0.036 0.175 0.69 0.0 -0.724 0.015 0.985 -0.0 0.019 0.172 
0.737 -0.049 -0.021 0.674 -0.759 0.0 -0.643 0.102 -0.945 -0.0 -0.194 -0.264 0.775 0.0 -0.625 0.097 0.963 -0.0 -0.076 -0.258 -0.649 0.0 -0.76 -0.031 -0.983 -0.0 0.034 0.178 0.689 0.0 -0.724 0.013 0.984 0.0 0.02 0.175 
0.737 -0.049 -0.022 0.674 -0.759 0.0 -0.644 0.102 -0.945 -0.0 -0.193 -0.265 0.775 0.0 -0.625 0.096 0.963 0.0 -0.077 -0.258 -0.649 -0.0 -0.76 -0.034 -0.983 0.0 0.033 0.182 0.69 0.0 -0.724 0.012 0.984 0.0 0.019 0.175 
0.737 -0.049 -0.022 0.674 -0.759 0.0 -0.643 0.102 -0.945 -0.0 -0.193 -0.265 0.775 0.0 -0.625 0.096 0.963 -0.0 -0.077 -0.259 -0.65 -0.0 -0.759 -0.037 -0.982 -0.0 0.032 0.186 0.689 0.0 -0.724 0.012 0.984 0.0 0.018 0.176 
0.737 -0.049 -0.022 0.674 -0.759 -0.0 -0.643 0.101 -0.945 -0.0 -0.193 -0.265 0.775 -0.0 -0.625 0.096 0.963 0.0 -0.078 -0.259 -0.65 -0.0 -0.759 -0.041 -0.981 -0.0 0.03 0.19 0.689 0.0 -0.725 0.011 0.984 -0.0 0.018 0.176 
0.737 -0.049 -0.023 0.674 -0.759 -0.0 -0.643 0.102 -0.945 -0.0 -0.193 -0.266 0.775 0.0 -0.625 0.096 0.963 0.0 -0.078 -0.259 -0.65 -0.0 -0.758 -0.044 -0.981 -0.0 0.029 0.193 0.689 0.0 -0.725 0.011 0.984 0.0 0.018 0.176 
0.737 -0.049 -0.023 0.674 -0.759 -0.0 -0.643 0.102 -0.945 -0.0 -0.192 -0.266 0.775 0.0 -0.625 0.096 0.963 0.0 -0.078 -0.259 -0.651 -0.0 -0.758 -0.048 -0.98 0.0 0.028 0.198 0.688 0.0 -0.725 0.011 0.984 0.0 0.018 0.176 
0.737 -0.049 -0.023 0.674 -0.759 -0.0 -0.643 0.102 -0.944 -0.0 -0.192 -0.267 0.775 0.0 -0.625 0.096 0.963 -0.0 -0.077 -0.259 -0.651 -0.0 -0.757 -0.052 -0.979 -0.0 0.025 0.203 0.688 0.0 -0.725 0.01 0.984 0.0 0.017 0.176 
0.737 -0.049 -0.024 0.674 -0.76 -0.0 -0.642 0.102 -0.944 -0.0 -0.192 -0.267 0.775 0.0 -0.625 0.095 0.963 0.0 -0.078 -0.259 -0.651 -0.0 -0.757 -0.057 -0.978 -0.0 0.024 0.208 0.689 -0.0 -0.725 0.011 0.985 0.0 0.016 0.173 
0.737 -0.049 -0.024 0.674 -0.759 -0.0 -0.643 0.102 -0.944 -0.0 -0.19 -0.268 0.775 0.0 -0.624 0.095 0.963 -0.0 -0.078 -0.259 -0.652 0.0 -0.756 -0.061 -0.977 -0.0 0.021 0.213 0.688 0.0 -0.725 0.011 0.985 0.0 0.016 0.173 
0.737 -0.049 -0.025 0.674 -0.76 0.0 -0.642 0.102 -0.944 -0.0 -0.191 -0.268 0.775 0.0 -0.625 0.095 0.963 0.0 -0.078 -0.259 -0.652 -0.0 -0.755 -0.066 -0.976 -0.0 0.018 0.219 0.688 0.0 -0.726 0.011 0.985 0.0 0.016 0.173 
0.737 -0.049 -0.025 0.674 -0.76 0.0 -0.642 0.102 -0.944 -0.0 -0.19 -0.268 0.776 0.0 -0.624 0.094 0.963 -0.0 -0.079 -0.259 -0.653 -0.0 -0.754 -0.072 -0.974 -0.0 0.015 0.225 0.688 0.0 -0.726 0.009 0.984 0.0 0.016 0.175 
0.737 -0.048 -0.026 0.674 -0.76 0.0 -0.642 0.102 -0.944 0.0 -0.189 -0.269 0.776 0.0 -0.624 0.095 0.962 -0.0 -0.079 -0.259 -0.653 -0.0 -0.753 -0.078 -0.973 0.0 0.012 0.232 0.687 0.0 -0.726 0.009 0.985 0.0 0.015 0.175 
0.737 -0.048 -0.026 0.674 -0.76 -0.0 -0.642 0.102 -0.944 -0.0 -0.189 -0.27 0.776 0.0 -0.624 0.095 0.962 0.0 -0.08 -0.259 -0.654 -0.0 -0.752 -0.084 -0.971 -0.0 0.008 0.239 0.687 0.0 -0.726 0.008 0.985 0.0 0.014 0.174 
0.737 -0.048 -0.027 0.674 -0.76 -0.0 -0.641 0.103 -0.944 -0.0 -0.189 -0.271 0.776 0.0 -0.624 0.094 0.963 0.0 -0.08 -0.258 -0.655 -0.0 -0.75 -0.091 -0.969 -0.0 0.004 0.246 0.687 0.0 -0.727 0.008 0.985 0.0 0.014 0.174 
0.737 -0.048 -0.027 0.674 -0.76 -0.0 -0.641 0.103 -0.944 -0.0 -0.188 -0.271 0.776 0.0 -0.624 0.094 0.963 0.0 -0.08 -0.259 -0.655 -0.0 -0.749 -0.099 -0.967 -0.0 -0.001 0.254 0.687 0.0 -0.727 0.008 0.985 -0.0 0.014 0.173 
0.736 -0.047 -0.027 0.674 -0.76 0.0 -0.641 0.104 -0.944 -0.0 -0.186 -0.272 0.776 0.0 -0.623 0.094 0.962 -0.0 -0.081 -0.259 -0.656 -0.0 -0.747 -0.107 -0.965 -0.0 -0.007 0.262 0.686 0.0 -0.727 0.007 0.985 0.0 0.014 0.173 
0.736 -0.047 -0.028 0.675 -0.76 -0.0 -0.641 0.104 -0.944 -0.0 -0.186 -0.273 0.777 0.0 -0.623 0.094 0.962 0.0 -0.082 -0.259 -0.657 -0.0 -0.745 -0.115 -0.963 0.0 -0.014 0.269 0.686 0.0 -0.727 0.007 0.985 0.0 0.013 0.172 
0.736 -0.047 -0.028 0.675 -0.76 -0.0 -0.641 0.104 -0.944 -0.0 -0.185 -0.274 0.777 0.0 -0.622 0.094 0.962 0.0 -0.083 -0.259 -0.658 0.0 -0.743 -0.123 -0.959 0.0 -0.02 0.282 0.686 0.0 -0.727 0.008 0.985 0.0 0.012 0.17 
0.736 -0.047 -0.029 0.675 -0.76 -0.0 -0.641 0.105 -0.944 -0.0 -0.184 -0.275 0.777 0.0 -0.622 0.094 0.962 0.0 -0.084 -0.259 -0.659 -0.0 -0.741 -0.133 -0.956 -0.0 -0.027 0.292 0.686 0.0 -0.727 0.008 0.985 0.0 0.012 0.17 
0.735 -0.047 -0.029 0.675 -0.76 -0.0 -0.641 0.106 -0.944 -0.0 -0.183 -0.276 0.777 0.0 -0.622 0.094 0.962 0.0 -0.084 -0.258 -0.659 -0.0 -0.738 -0.142 -0.953 -0.0 -0.035 0.302 0.686 0.0 -0.727 0.007 0.985 0.0 0.011 0.171 
0.735 -0.046 -0.03 0.676 -0.76 -0.0 -0.641 0.107 -0.943 -0.0 -0.181 -0.278 0.778 -0.0 -0.621 0.094 0.962 0.0 -0.085 -0.258 -0.66 -0.0 -0.735 -0.152 -0.949 0.0 -0.043 0.313 0.685 0.0 -0.728 0.006 0.985 0.0 0.012 0.171 
0.735 -0.046 -0.03 0.676 -0.76 -0.0 -0.641 0.108 -0.943 -0.0 -0.181 -0.278 0.778 0.0 -0.621 0.094 0.962 0.0 -0.085 -0.258 -0.661 -0.0 -0.733 -0.162 -0.945 -0.0 -0.051 0.323 0.685 -0.0 -0.728 0.006 0.985 0.0 0.012 0.171 
0.734 -0.046 -0.03 0.677 -0.759 -0.0 -0.641 0.109 -0.943 -0.0 -0.179 -0.28 0.779 -0.0 -0.62 0.095 0.962 0.0 -0.087 -0.258 -0.661 -0.0 -0.73 -0.173 -0.941 -0.0 -0.06 0.334 0.685 0.0 -0.729 0.006 0.985 0.0 0.012 0.171 
0.734 -0.046 -0.031 0.677 -0.759 -0.0 -0.642 0.11 -0.943 0.0 -0.178 -0.281 0.779 0.0 -0.619 0.095 0.962 -0.0 -0.087 -0.257 -0.661 -0.0 -0.727 -0.183 -0.936 -0.0 -0.069 0.344 0.685 0.0 -0.728 0.005 0.985 -0.0 0.011 0.17 
0.733 -0.046 -0.031 0.678 -0.759 -0.0 -0.642 0.111 -0.943 -0.0 -0.176 -0.283 0.78 -0.0 -0.619 0.095 0.962 0.0 -0.088 -0.257 -0.662 -0.0 -0.724 -0.194 -0.932 -0.0 -0.079 0.355 0.685 0.0 -0.729 0.005 0.985 0.0 0.011 0.17 
0.732 -0.046 -0.032 0.678 -0.758 -0.0 -0.642 0.112 -0.943 -0.0 -0.175 -0.284 0.78 0.0 -0.618 0.096 0.962 0.0 -0.089 -0.257 -0.662 -0.0 -0.721 -0.205 -0.927 -0.0 -0.089 0.365 0.685 0.0 -0.728 0.005 0.985 0.0 0.011 0.17 
0.732 -0.046 -0.033 0.679 -0.758 -0.0 -0.643 0.114 -0.943 -0.0 -0.174 -0.285 0.781 0.0 -0.617 0.096 0.962 0.0 -0.09 -0.256 -0.662 -0.0 -0.718 -0.215 -0.922 -0.0 -0.099 0.374 0.686 0.0 -0.728 0.006 0.986 0.0 0.01 0.168 
0.731 -0.046 -0.033 0.68 -0.757 -0.0 -0.643 0.115 -0.943 -0.0 -0.172 -0.286 0.782 0.0 -0.616 0.097 0.962 0.0 -0.091 -0.256 -0.662 -0.0 -0.715 -0.225 -0.917 -0.0 -0.11 0.383 0.686 0.0 -0.728 0.006 0.986 0.0 0.01 0.168 
0.731 -0.047 -0.034 0.68 -0.756 -0.0 -0.644 0.117 -0.942 -0.0 -0.171 -0.287 0.783 0.0 -0.615 0.097 0.963 0.0 -0.092 -0.254 -0.661 -0.0 -0.713 -0.234 -0.913 -0.0 -0.12 0.39 0.686 0.0 -0.728 0.004 0.985 0.0 0.011 0.171 
0.73 -0.047 -0.035 0.681 -0.755 0.0 -0.645 0.118 -0.942 -0.0 -0.169 -0.288 0.783 -0.0 -0.614 0.097 0.963 0.0 -0.092 -0.254 -0.661 -0.0 -0.71 -0.243 -0.909 0.0 -0.13 0.396 0.686 0.0 -0.728 0.004 0.985 -0.0 0.011 0.171 
0.729 -0.048 -0.035 0.682 -0.755 0.0 -0.645 0.12 -0.942 -0.0 -0.169 -0.289 0.784 0.0 -0.613 0.097 0.963 0.0 -0.093 -0.252 -0.661 0.0 -0.708 -0.251 -0.905 -0.0 -0.139 0.401 0.687 0.0 -0.727 0.006 0.986 0.0 0.011 0.168 
0.728 -0.048 -0.036 0.683 -0.754 -0.0 -0.645 0.122 -0.942 -0.0 -0.168 -0.289 0.786 -0.0 -0.611 0.098 0.963 0.0 -0.094 -0.252 -0.66 0.0 -0.705 -0.259 -0.903 0.0 -0.148 0.404 0.687 0.0 -0.727 0.005 0.985 0.0 0.012 0.171 
0.727 -0.049 -0.037 0.684 -0.753 -0.0 -0.646 0.124 -0.942 0.0 -0.167 -0.29 0.787 0.0 -0.61 0.098 0.964 0.0 -0.095 -0.25 -0.659 -0.0 -0.703 -0.267 -0.9 -0.0 -0.157 0.406 0.688 0.0 -0.726 0.006 0.985 -0.0 0.013 0.169 
0.726 -0.05 -0.038 0.685 -0.752 -0.0 -0.647 0.126 -0.942 -0.0 -0.166 -0.291 0.787 -0.0 -0.609 0.099 0.964 0.0 -0.095 -0.25 -0.659 0.0 -0.701 -0.274 -0.899 -0.0 -0.165 0.406 0.688 0.0 -0.726 0.006 0.985 0.0 0.014 0.17 
0.724 -0.051 -0.039 0.686 -0.75 -0.0 -0.648 0.128 -0.942 -0.0 -0.165 -0.292 0.789 0.0 -0.607 0.098 0.964 0.0 -0.097 -0.248 -0.658 0.0 -0.698 -0.281 -0.898 -0.0 -0.173 0.405 0.688 0.0 -0.725 0.004 0.985 0.0 0.015 0.173 
0.723 -0.052 -0.041 0.687 -0.749 0.0 -0.649 0.13 -0.942 -0.0 -0.165 -0.291 0.79 0.0 -0.605 0.099 0.964 0.0 -0.097 -0.247 -0.657 -0.0 -0.696 -0.288 -0.897 -0.0 -0.181 0.404 0.689 -0.0 -0.725 0.004 0.985 0.0 0.016 0.173 
0.722 -0.052 -0.042 0.688 -0.748 -0.0 -0.65 0.132 -0.942 -0.0 -0.164 -0.292 0.791 0.0 -0.604 0.099 0.964 0.0 -0.098 -0.246 -0.656 -0.0 -0.695 -0.295 -0.897 -0.0 -0.188 0.401 0.69 0.0 -0.724 0.005 0.985 0.0 0.017 0.173 
0.721 -0.053 -0.043 0.689 -0.747 -0.0 -0.651 0.134 -0.942 -0.0 -0.163 -0.292 0.792 0.0 -0.602 0.099 0.965 0.0 -0.098 -0.244 -0.655 -0.0 -0.693 -0.301 -0.897 -0.0 -0.194 0.397 0.691 0.0 -0.723 0.006 0.985 0.0 0.018 0.173 
0.72 -0.054 -0.044 0.691 -0.746 -0.0 -0.652 0.136 -0.942 -0.0 -0.163 -0.292 0.793 0.0 -0.601 0.099 0.965 0.0 -0.099 -0.244 -0.655 -0.0 -0.691 -0.307 -0.898 -0.0 -0.2 0.392 0.691 -0.0 -0.722 0.006 0.985 0.0 0.018 0.173 
0.719 -0.055 -0.046 0.691 -0.745 -0.0 -0.652 0.139 -0.943 0.0 -0.164 -0.291 0.794 0.0 -0.599 0.099 0.965 0.0 -0.099 -0.242 -0.654 -0.0 -0.688 -0.313 -0.9 -0.0 -0.205 0.386 0.692 0.0 -0.722 0.007 0.985 0.0 0.019 0.172 
0.718 -0.056 -0.047 0.692 -0.744 -0.0 -0.653 0.141 -0.943 -0.0 -0.163 -0.291 0.795 0.0 -0.598 0.099 0.965 0.0 -0.099 -0.242 -0.653 -0.0 -0.687 -0.319 -0.901 0.0 -0.209 0.379 0.693 -0.0 -0.721 0.008 0.985 0.0 0.02 0.171 
0.717 -0.057 -0.048 0.693 -0.743 -0.0 -0.654 0.143 -0.943 -0.0 -0.163 -0.291 0.796 0.0 -0.597 0.099 0.965 0.0 -0.1 -0.241 -0.653 -0.0 -0.685 -0.324 -0.904 -0.0 -0.212 0.372 0.693 0.0 -0.721 0.009 0.985 0.0 0.021 0.171 
0.716 -0.057 -0.049 0.694 -0.742 0.0 -0.654 0.145 -0.943 -0.0 -0.163 -0.291 0.797 0.0 -0.596 0.1 0.965 0.0 -0.101 -0.241 -0.652 -0.0 -0.683 -0.33 -0.906 -0.0 -0.215 0.365 0.694 0.0 -0.72 0.009 0.985 -0.0 0.023 0.171 
0.716 -0.058 -0.05 0.694 -0.742 -0.0 -0.655 0.147 -0.943 -0.0 -0.164 -0.29 0.797 0.0 -0.595 0.1 0.965 0.0 -0.101 -0.241 -0.651 -0.0 -0.681 -0.335 -0.908 0.0 -0.217 0.358 0.695 0.0 -0.719 0.012 0.986 0.0 0.023 0.168 
0.715 -0.058 -0.051 0.695 -0.741 0.0 -0.655 0.149 -0.943 -0.0 -0.164 -0.289 0.798 0.0 -0.594 0.1 0.965 0.0 -0.102 -0.24 -0.65 -0.0 -0.679 -0.341 -0.911 -0.0 -0.219 0.35 0.695 0.0 -0.719 0.013 0.986 0.0 0.024 0.167 
0.715 -0.058 -0.052 0.695 -0.74 0.0 -0.655 0.15 -0.943 -0.0 -0.163 -0.289 0.799 0.0 -0.593 0.1 0.965 0.0 -0.103 -0.24 -0.65 -0.0 -0.677 -0.346 -0.914 -0.0 -0.22 0.341 0.695 0.0 -0.719 0.013 0.986 0.0 0.025 0.167 
0.714 -0.059 -0.053 0.696 -0.74 -0.0 -0.655 0.152 -0.944 0.0 -0.165 -0.287 0.799 0.0 -0.592 0.101 0.965 0.0 -0.104 -0.24 -0.649 -0.0 -0.675 -0.35 -0.917 -0.0 -0.22 0.333 0.695 0.0 -0.719 0.015 0.986 0.0 0.026 0.166 
0.712 -0.059 -0.054 0.697 -0.739 -0.0 -0.656 0.155 -0.944 -0.0 -0.164 -0.287 0.8 0.0 -0.591 0.101 0.965 0.0 -0.105 -0.239 -0.649 -0.0 -0.674 -0.353 -0.92 -0.0 -0.219 0.324 0.695 0.0 -0.719 0.015 0.985 -0.0 0.028 0.168 
0.711 -0.06 -0.054 0.698 -0.738 -0.0 -0.656 0.158 -0.944 0.0 -0.163 -0.286 0.801 0.0 -0.59 0.102 0.965 -0.0 -0.107 -0.239 -0.649 -0.0 -0.673 -0.355 -0.924 -0.0 -0.216 0.315 0.695 0.0 -0.718 0.018 0.986 0.0 0.029 0.167 
0.711 -0.06 -0.055 0.698 -0.738 -0.0 -0.656 0.159 -0.944 0.0 -0.164 -0.285 0.801 0.0 -0.589 0.102 0.965 0.0 -0.108 -0.239 -0.648 -0.0 -0.671 -0.36 -0.927 -0.0 -0.215 0.306 0.696 -0.0 -0.718 0.02 0.986 0.0 0.029 0.164 
0.711 -0.061 -0.056 0.698 -0.737 -0.0 -0.656 0.16 -0.945 0.0 -0.164 -0.284 0.802 0.0 -0.589 0.102 0.965 0.0 -0.108 -0.238 -0.647 -0.0 -0.67 -0.364 -0.931 0.0 -0.212 0.297 0.696 0.0 -0.718 0.021 0.986 0.0 0.031 0.165 
0.71 -0.061 -0.056 0.699 -0.737 -0.0 -0.656 0.162 -0.945 -0.0 -0.165 -0.283 0.802 0.0 -0.588 0.102 0.965 0.0 -0.108 -0.238 -0.647 -0.0 -0.668 -0.368 -0.934 -0.0 -0.21 0.288 0.696 0.0 -0.717 0.023 0.986 -0.0 0.031 0.163 
0.71 -0.061 -0.057 0.699 -0.736 -0.0 -0.657 0.163 -0.945 -0.0 -0.165 -0.282 0.802 0.0 -0.588 0.102 0.965 0.0 -0.109 -0.237 -0.646 0.0 -0.666 -0.372 -0.938 -0.0 -0.207 0.28 0.696 0.0 -0.718 0.023 0.986 0.0 0.033 0.165 
0.71 -0.061 -0.057 0.699 -0.736 -0.0 -0.657 0.164 -0.945 -0.0 -0.164 -0.281 0.803 0.0 -0.588 0.103 0.965 0.0 -0.11 -0.238 -0.645 -0.0 -0.665 -0.376 -0.941 -0.0 -0.203 0.271 0.696 0.0 -0.718 0.025 0.986 0.0 0.034 0.164 
0.709 -0.061 -0.058 0.7 -0.736 -0.0 -0.657 0.166 -0.946 -0.0 -0.164 -0.28 0.803 0.0 -0.587 0.103 0.965 0.0 -0.11 -0.237 -0.645 -0.0 -0.663 -0.379 -0.945 0.0 -0.199 0.261 0.696 -0.0 -0.717 0.028 0.986 0.0 0.034 0.162 
0.709 -0.061 -0.058 0.7 -0.735 -0.0 -0.657 0.167 -0.946 -0.0 -0.165 -0.279 0.803 -0.0 -0.587 0.104 0.965 0.0 -0.111 -0.238 -0.644 -0.0 -0.662 -0.383 -0.948 -0.0 -0.193 0.254 0.696 -0.0 -0.717 0.03 0.986 0.0 0.034 0.161 
0.709 -0.061 -0.058 0.7 -0.735 -0.0 -0.657 0.168 -0.946 -0.0 -0.165 -0.278 0.803 0.0 -0.587 0.104 0.965 0.0 -0.112 -0.237 -0.644 -0.0 -0.661 -0.386 -0.951 -0.0 -0.188 0.247 0.695 0.0 -0.718 0.03 0.986 0.0 0.036 0.163 
0.708 -0.061 -0.058 0.701 -0.735 -0.0 -0.657 0.169 -0.946 -0.0 -0.165 -0.278 0.803 0.0 -0.587 0.103 0.965 0.0 -0.112 -0.236 -0.644 -0.0 -0.659 -0.389 -0.954 -0.0 -0.182 0.24 0.695 0.0 -0.718 0.032 0.986 0.0 0.037 0.163 
0.708 -0.061 -0.059 0.701 -0.735 -0.0 -0.657 0.17 -0.946 -0.0 -0.166 -0.278 0.803 0.0 -0.587 0.104 0.965 -0.0 -0.113 -0.237 -0.643 -0.0 -0.658 -0.392 -0.957 -0.0 -0.176 0.233 0.695 -0.0 -0.718 0.033 0.986 0.0 0.037 0.164 
0.707 -0.061 -0.059 0.702 -0.734 -0.0 -0.657 0.171 -0.946 -0.0 -0.165 -0.277 0.803 0.0 -0.587 0.104 0.965 0.0 -0.113 -0.236 -0.643 -0.0 -0.657 -0.394 -0.96 -0.0 -0.169 0.225 0.695 0.0 -0.718 0.035 0.986 0.0 0.038 0.163 
0.706 -0.061 -0.059 0.703 -0.734 -0.0 -0.657 0.172 -0.946 -0.0 -0.165 -0.277 0.803 0.0 -0.587 0.104 0.965 0.0 -0.114 -0.236 -0.642 -0.0 -0.656 -0.397 -0.962 -0.0 -0.162 0.218 0.695 0.0 -0.718 0.039 0.986 -0.0 0.038 0.161 
0.705 -0.061 -0.058 0.704 -0.734 -0.0 -0.657 0.173 -0.947 -0.0 -0.165 -0.277 0.803 0.0 -0.587 0.103 0.965 0.0 -0.114 -0.235 -0.642 -0.0 -0.655 -0.399 -0.965 0.0 -0.156 0.211 0.694 0.0 -0.718 0.04 0.986 0.0 0.039 0.162 
-0.704 0.061 0.058 -0.705 -0.734 0.0 -0.657 0.175 -0.947 0.0 -0.165 -0.277 0.803 0.0 -0.587 0.105 0.965 0.0 -0.116 -0.235 -0.642 -0.0 -0.655 -0.399 -0.968 -0.0 -0.148 0.204 0.694 0.0 -0.719 0.044 0.986 0.0 0.04 0.162 
-0.702 0.061 0.057 -0.708 -0.733 -0.0 -0.657 0.178 -0.947 0.0 -0.165 -0.277 0.803 0.0 -0.587 0.105 0.965 0.0 -0.118 -0.234 -0.643 -0.0 -0.654 -0.398 -0.97 -0.0 -0.141 0.197 0.693 0.0 -0.719 0.044 0.985 -0.0 0.042 0.166 
-0.7 0.061 0.057 -0.709 -0.733 -0.0 -0.656 0.179 -0.947 -0.0 -0.165 -0.277 0.803 0.0 -0.587 0.105 0.965 0.0 -0.119 -0.235 -0.643 -0.0 -0.654 -0.399 -0.973 0.0 -0.134 0.19 0.694 0.0 -0.719 0.047 0.986 0.0 0.042 0.164 
-0.699 0.061 0.057 -0.71 -0.733 -0.0 -0.656 0.181 -0.946 -0.0 -0.165 -0.277 0.803 0.0 -0.587 0.105 0.965 0.0 -0.12 -0.235 -0.643 -0.0 -0.653 -0.4 -0.975 -0.0 -0.129 0.184 0.693 0.0 -0.719 0.047 0.985 0.0 0.043 0.168 
-0.698 0.061 0.057 -0.711 -0.732 -0.0 -0.656 0.182 -0.946 0.0 -0.166 -0.278 0.803 0.0 -0.587 0.105 0.965 0.0 -0.121 -0.234 -0.644 -0.0 -0.652 -0.401 -0.976 -0.0 -0.123 0.177 0.694 -0.0 -0.719 0.05 0.985 0.0 0.042 0.167 
-0.697 0.061 0.056 -0.712 -0.732 -0.0 -0.656 0.184 -0.946 -0.0 -0.166 -0.278 0.803 -0.0 -0.587 0.105 0.965 0.0 -0.122 -0.234 -0.644 -0.0 -0.651 -0.401 -0.978 0.0 -0.117 0.172 0.693 0.0 -0.719 0.052 0.985 -0.0 0.043 0.169 
-0.696 0.06 0.056 -0.713 -0.732 -0.0 -0.656 0.186 -0.946 -0.0 -0.166 -0.279 0.803 -0.0 -0.587 0.105 0.964 0.0 -0.123 -0.234 -0.644 -0.0 -0.651 -0.401 -0.98 -0.0 -0.112 0.166 0.693 0.0 -0.719 0.052 0.984 -0.0 0.044 0.173 
-0.695 0.06 0.055 -0.715 -0.732 -0.0 -0.656 0.187 -0.946 -0.0 -0.166 -0.28 0.803 0.0 -0.587 0.106 0.964 0.0 -0.124 -0.234 -0.645 -0.0 -0.65 -0.402 -0.981 -0.0 -0.106 0.161 0.692 0.0 -0.72 0.053 0.984 -0.0 0.045 0.175 
-0.693 0.06 0.055 -0.716 -0.731 -0.0 -0.655 0.189 -0.945 -0.0 -0.167 -0.28 0.803 0.0 -0.587 0.106 0.964 0.0 -0.125 -0.234 -0.645 -0.0 -0.65 -0.401 -0.983 -0.0 -0.101 0.156 0.692 -0.0 -0.719 0.057 0.984 -0.0 0.045 0.175 
-0.692 0.06 0.054 -0.717 -0.731 -0.0 -0.655 0.19 -0.945 -0.0 -0.167 -0.28 0.802 0.0 -0.587 0.106 0.964 0.0 -0.126 -0.234 -0.646 -0.0 -0.65 -0.401 -0.984 0.0 -0.095 0.152 0.692 0.0 -0.719 0.059 0.983 0.0 0.045 0.177 
-0.691 0.06 0.053 -0.719 -0.731 -0.0 -0.654 0.192 -0.945 -0.0 -0.167 -0.281 0.802 0.0 -0.588 0.106 0.964 0.0 -0.127 -0.234 -0.647 -0.0 -0.649 -0.4 -0.985 -0.0 -0.09 0.148 0.691 -0.0 -0.72 0.059 0.982 -0.0 0.046 0.181 
-0.689 0.06 0.052 -0.72 -0.731 0.0 -0.654 0.193 -0.945 -0.0 -0.167 -0.281 0.802 0.0 -0.588 0.106 0.964 0.0 -0.127 -0.234 -0.647 -0.0 -0.649 -0.4 -0.986 -0.0 -0.086 0.145 0.692 0.0 -0.719 0.063 0.982 -0.0 0.046 0.181 
-0.688 0.06 0.052 -0.721 -0.731 -0.0 -0.654 0.195 -0.945 -0.0 -0.167 -0.281 0.802 0.0 -0.588 0.106 0.964 0.0 -0.129 -0.234 -0.647 -0.0 -0.649 -0.399 -0.987 -0.0 -0.081 0.142 0.691 0.0 -0.72 0.064 0.982 0.0 0.047 0.185 
-0.687 0.06 0.051 -0.723 -0.731 -0.0 -0.654 0.196 -0.945 -0.0 -0.167 -0.282 0.802 0.0 -0.588 0.106 0.963 0.0 -0.13 -0.234 -0.648 -0.0 -0.649 -0.399 -0.987 0.0 -0.078 0.139 0.691 0.0 -0.72 0.066 0.981 0.0 0.049 0.187 
-0.686 0.059 0.05 -0.723 -0.731 -0.0 -0.654 0.197 -0.945 -0.0 -0.167 -0.281 0.802 0.0 -0.588 0.107 0.963 -0.0 -0.131 -0.235 -0.648 -0.0 -0.649 -0.398 -0.988 -0.0 -0.074 0.137 0.691 0.0 -0.72 0.069 0.981 0.0 0.05 0.188 
-0.685 0.059 0.049 -0.725 -0.731 -0.0 -0.653 0.197 -0.945 -0.0 -0.168 -0.281 0.802 -0.0 -0.588 0.108 0.963 0.0 -0.133 -0.235 -0.649 -0.0 -0.649 -0.397 -0.988 -0.0 -0.07 0.135 0.691 0.0 -0.719 0.074 0.981 -0.0 0.049 0.187 
-0.683 0.059 0.049 -0.726 -0.731 -0.0 -0.653 0.199 -0.945 -0.0 -0.167 -0.282 0.802 0.0 -0.588 0.107 0.963 0.0 -0.132 -0.235 -0.65 -0.0 -0.649 -0.396 -0.989 -0.0 -0.067 0.133 0.691 -0.0 -0.719 0.077 0.981 0.0 0.051 0.188 
-0.682 0.059 0.048 -0.727 -0.731 0.0 -0.653 0.199 -0.945 -0.0 -0.167 -0.281 0.801 0.0 -0.589 0.107 0.963 0.0 -0.132 -0.234 -0.65 -0.0 -0.649 -0.394 -0.989 -0.0 -0.064 0.131 0.691 0.0 -0.719 0.081 0.981 0.0 0.052 0.189 
-0.681 0.059 0.047 -0.728 -0.731 0.0 -0.653 0.2 -0.945 -0.0 -0.166 -0.281 0.801 -0.0 -0.589 0.108 0.963 0.0 -0.133 -0.235 -0.651 -0.0 -0.649 -0.393 -0.99 0.0 -0.062 0.129 0.691 0.0 -0.718 0.084 0.98 0.0 0.053 0.19 
-0.68 0.059 0.046 -0.729 -0.731 0.0 -0.653 0.2 -0.945 -0.0 -0.165 -0.281 0.801 0.0 -0.589 0.109 0.963 0.0 -0.133 -0.235 -0.652 -0.0 -0.65 -0.391 -0.99 0.0 -0.059 0.127 0.69 -0.0 -0.718 0.087 0.98 0.0 0.054 0.191 
-0.679 0.059 0.045 -0.731 -0.731 -0.0 -0.652 0.201 -0.946 -0.0 -0.165 -0.28 0.801 0.0 -0.589 0.109 0.963 0.0 -0.134 -0.235 -0.652 -0.0 -0.651 -0.389 -0.991 -0.0 -0.056 0.125 0.69 0.0 -0.718 0.092 0.98 0.0 0.055 0.19 
-0.677 0.059 0.044 -0.732 -0.731 -0.0 -0.652 0.201 -0.946 -0.0 -0.165 -0.28 0.8 0.0 -0.59 0.108 0.963 0.0 -0.133 -0.234 -0.653 -0.0 -0.652 -0.386 -0.991 -0.0 -0.054 0.123 0.69 0.0 -0.717 0.096 0.98 0.0 0.057 0.191 
-0.676 0.059 0.043 -0.733 -0.731 -0.0 -0.652 0.201 -0.946 -0.0 -0.163 -0.279 0.8 0.0 -0.59 0.109 0.963 0.0 -0.134 -0.234 -0.654 -0.0 -0.653 -0.383 -0.991 -0.0 -0.052 0.122 0.69 0.0 -0.717 0.101 0.98 -0.0 0.058 0.19 
-0.675 0.058 0.042 -0.734 -0.731 0.0 -0.652 0.202 -0.946 -0.0 -0.162 -0.279 0.8 0.0 -0.59 0.109 0.963 0.0 -0.134 -0.233 -0.654 -0.0 -0.654 -0.38 -0.991 -0.0 -0.05 0.121 0.69 0.0 -0.717 0.105 0.98 -0.0 0.06 0.19 
-0.674 0.058 0.041 -0.736 -0.731 0.0 -0.652 0.202 -0.947 -0.0 -0.161 -0.279 0.8 0.0 -0.591 0.109 0.963 0.0 -0.134 -0.232 -0.655 -0.0 -0.655 -0.377 -0.992 -0.0 -0.048 0.12 0.689 0.0 -0.716 0.11 0.98 -0.0 0.062 0.189 
-0.672 0.058 0.04 -0.737 -0.731 0.0 -0.652 0.202 -0.947 0.0 -0.161 -0.278 0.799 0.0 -0.591 0.109 0.964 0.0 -0.134 -0.231 -0.656 -0.0 -0.656 -0.373 -0.992 -0.0 -0.046 0.119 0.689 -0.0 -0.716 0.113 0.98 0.0 0.064 0.191 
-0.671 0.057 0.039 -0.739 -0.731 -0.0 -0.652 0.202 -0.947 -0.0 -0.159 -0.278 0.799 0.0 -0.591 0.11 0.964 -0.0 -0.135 -0.231 -0.656 -0.0 -0.658 -0.369 -0.992 -0.0 -0.044 0.118 0.689 0.0 -0.715 0.119 0.98 0.0 0.065 0.187 
-0.669 0.057 0.038 -0.74 -0.731 0.0 -0.652 0.201 -0.948 -0.0 -0.158 -0.277 0.799 0.0 -0.592 0.109 0.964 0.0 -0.135 -0.229 -0.657 0.0 -0.66 -0.365 -0.992 0.0 -0.042 0.117 0.689 0.0 -0.714 0.124 0.98 0.0 0.066 0.186 
-0.667 0.056 0.037 -0.742 -0.732 -0.0 -0.651 0.201 -0.948 -0.0 -0.156 -0.277 0.798 0.0 -0.593 0.11 0.964 0.0 -0.134 -0.229 -0.658 -0.0 -0.661 -0.361 -0.992 -0.0 -0.041 0.117 0.689 0.0 -0.714 0.129 0.98 -0.0 0.068 0.185 
-0.666 0.055 0.036 -0.743 -0.732 -0.0 -0.651 0.201 -0.948 -0.0 -0.155 -0.277 0.798 0.0 -0.593 0.109 0.965 0.0 -0.134 -0.227 -0.659 -0.0 -0.663 -0.356 -0.992 -0.0 -0.04 0.116 0.689 0.0 -0.713 0.134 0.98 0.0 0.07 0.184 
-0.664 0.055 0.035 -0.745 -0.732 -0.0 -0.652 0.2 -0.949 -0.0 -0.153 -0.275 0.798 0.0 -0.593 0.109 0.965 0.0 -0.135 -0.226 -0.659 -0.0 -0.665 -0.351 -0.992 -0.0 -0.039 0.116 0.689 0.0 -0.712 0.138 0.98 0.0 0.072 0.183 
-0.662 0.054 0.034 -0.747 -0.732 -0.0 -0.652 0.2 -0.949 -0.0 -0.151 -0.277 0.797 0.0 -0.594 0.108 0.965 0.0 -0.135 -0.225 -0.66 0.0 -0.667 -0.346 -0.992 0.0 -0.038 0.117 0.689 0.0 -0.71 0.143 0.98 -0.0 0.073 0.183 
-0.66 0.054 0.033 -0.749 -0.732 -0.0 -0.652 0.2 -0.949 -0.0 -0.15 -0.277 0.797 0.0 -0.594 0.108 0.965 0.0 -0.135 -0.223 -0.661 -0.0 -0.669 -0.341 -0.992 0.0 -0.037 0.117 0.69 0.0 -0.709 0.148 0.98 -0.0 0.075 0.182 
-0.658 0.053 0.032 -0.751 -0.731 -0.0 -0.652 0.201 -0.95 -0.0 -0.148 -0.276 0.797 0.0 -0.595 0.108 0.966 0.0 -0.135 -0.222 -0.661 -0.0 -0.671 -0.335 -0.992 -0.0 -0.037 0.118 0.69 -0.0 -0.707 0.152 0.981 0.0 0.076 0.181 
-0.656 0.053 0.03 -0.752 -0.731 -0.0 -0.652 0.201 -0.95 -0.0 -0.146 -0.277 0.796 0.0 -0.595 0.107 0.966 0.0 -0.135 -0.22 -0.662 -0.0 -0.674 -0.329 -0.992 0.0 -0.037 0.119 0.69 0.0 -0.707 0.156 0.98 -0.0 0.08 0.182 
-0.654 0.052 0.029 -0.754 -0.731 -0.0 -0.652 0.201 -0.95 -0.0 -0.145 -0.278 0.796 -0.0 -0.595 0.108 0.966 -0.0 -0.137 -0.219 -0.662 -0.0 -0.677 -0.322 -0.992 -0.0 -0.036 0.119 0.691 -0.0 -0.704 0.162 0.981 0.0 0.079 0.18 
-0.651 0.051 0.028 -0.757 -0.731 -0.0 -0.652 0.201 -0.95 0.0 -0.143 -0.278 0.796 0.0 -0.596 0.107 0.966 0.0 -0.137 -0.218 -0.663 0.0 -0.679 -0.315 -0.992 -0.0 -0.035 0.119 0.692 0.0 -0.703 0.166 0.981 0.0 0.081 0.179 
-0.649 0.051 0.027 -0.758 -0.732 -0.0 -0.651 0.202 -0.95 -0.0 -0.141 -0.278 0.796 0.0 -0.596 0.107 0.967 0.0 -0.137 -0.216 -0.663 -0.0 -0.682 -0.308 -0.992 0.0 -0.032 0.118 0.692 0.0 -0.702 0.169 0.98 0.0 0.084 0.181 
-0.647 0.05 0.025 -0.761 -0.732 -0.0 -0.651 0.202 -0.951 -0.0 -0.14 -0.277 0.795 0.0 -0.597 0.107 0.967 0.0 -0.137 -0.215 -0.663 -0.0 -0.686 -0.3 -0.993 -0.0 -0.029 0.116 0.694 0.0 -0.699 0.175 0.98 0.0 0.084 0.179 
-0.645 0.049 0.024 -0.762 -0.732 0.0 -0.651 0.202 -0.951 -0.0 -0.138 -0.278 0.795 0.0 -0.597 0.107 0.967 0.0 -0.138 -0.214 -0.663 -0.0 -0.689 -0.292 -0.993 0.0 -0.025 0.114 0.694 0.0 -0.697 0.179 0.98 -0.0 0.085 0.179 
-0.643 0.049 0.022 -0.764 -0.732 -0.0 -0.65 0.203 -0.951 -0.0 -0.137 -0.278 0.794 0.0 -0.598 0.107 0.967 -0.0 -0.137 -0.213 -0.663 -0.0 -0.693 -0.284 -0.994 -0.0 -0.021 0.112 0.695 0.0 -0.695 0.184 0.98 0.0 0.086 0.179 
-0.641 0.049 0.021 -0.765 -0.732 -0.0 -0.65 0.204 -0.951 -0.0 -0.137 -0.276 0.793 0.0 -0.6 0.106 0.968 -0.0 -0.135 -0.212 -0.662 -0.0 -0.697 -0.276 -0.994 -0.0 -0.017 0.11 0.697 0.0 -0.692 0.189 0.98 0.0 0.088 0.179 
-0.64 0.048 0.02 -0.766 -0.732 0.0 -0.65 0.203 -0.952 -0.0 -0.136 -0.276 0.793 -0.0 -0.599 0.107 0.968 0.0 -0.135 -0.211 -0.662 -0.0 -0.699 -0.271 -0.994 -0.0 -0.016 0.111 0.698 0.0 -0.69 0.192 0.979 0.0 0.09 0.181 
-0.639 0.048 0.019 -0.767 -0.732 0.0 -0.65 0.203 -0.952 -0.0 -0.135 -0.275 0.793 0.0 -0.6 0.106 0.968 0.0 -0.134 -0.211 -0.662 0.0 -0.7 -0.269 -0.993 -0.0 -0.018 0.114 0.699 0.0 -0.688 0.195 0.979 0.0 0.091 0.182 
-0.639 0.049 0.019 -0.767 -0.732 0.0 -0.651 0.202 -0.953 -0.0 -0.134 -0.271 0.793 0.0 -0.6 0.107 0.969 0.0 -0.132 -0.21 -0.661 0.0 -0.701 -0.268 -0.993 -0.0 -0.021 0.12 0.7 0.0 -0.686 0.198 0.979 0.0 0.093 0.183 
-0.639 0.05 0.019 -0.767 -0.731 0.0 -0.652 0.201 -0.953 -0.0 -0.134 -0.271 0.793 0.0 -0.599 0.106 0.97 -0.0 -0.129 -0.208 -0.66 0.0 -0.702 -0.267 -0.992 -0.0 -0.025 0.124 0.702 0.0 -0.683 0.201 0.978 -0.0 0.094 0.186 
-0.64 0.051 0.02 -0.767 -0.731 -0.0 -0.653 0.199 -0.954 -0.0 -0.133 -0.268 0.794 -0.0 -0.598 0.107 0.97 -0.0 -0.127 -0.209 -0.659 -0.0 -0.704 -0.266 -0.991 -0.0 -0.031 0.129 0.704 0.0 -0.68 0.204 0.978 0.0 0.095 0.186 
-0.64 0.052 0.021 -0.766 -0.73 -0.0 -0.655 0.197 -0.955 -0.0 -0.132 -0.265 0.795 0.0 -0.597 0.107 0.97 0.0 -0.124 -0.208 -0.658 0.0 -0.705 -0.265 -0.99 -0.0 -0.036 0.134 0.707 0.0 -0.677 0.205 0.977 0.0 0.097 0.19 
-0.64 0.053 0.022 -0.766 -0.729 -0.0 -0.657 0.194 -0.956 0.0 -0.13 -0.262 0.796 0.0 -0.596 0.108 0.97 -0.0 -0.123 -0.208 -0.657 -0.0 -0.706 -0.265 -0.99 -0.0 -0.043 0.138 0.709 0.0 -0.675 0.205 0.976 -0.0 0.098 0.195 
-0.641 0.055 0.023 -0.766 -0.728 -0.0 -0.659 0.192 -0.957 -0.0 -0.128 -0.259 0.796 0.0 -0.595 0.109 0.971 0.0 -0.121 -0.208 -0.656 0.0 -0.707 -0.263 -0.989 -0.0 -0.048 0.142 0.711 0.0 -0.673 0.205 0.975 0.0 0.1 0.2 
-0.641 0.056 0.024 -0.765 -0.727 -0.0 -0.66 0.189 -0.958 -0.0 -0.127 -0.257 0.797 0.0 -0.594 0.11 0.971 0.0 -0.12 -0.207 -0.656 -0.0 -0.708 -0.261 -0.988 -0.0 -0.053 0.146 0.713 0.0 -0.671 0.203 0.973 0.0 0.101 0.207 
-0.64 0.057 0.024 -0.766 -0.726 -0.0 -0.662 0.188 -0.959 0.0 -0.125 -0.254 0.797 0.0 -0.593 0.11 0.971 0.0 -0.118 -0.206 -0.655 -0.0 -0.71 -0.258 -0.987 -0.0 -0.057 0.149 0.715 0.0 -0.67 0.2 0.971 0.0 0.103 0.215 
-0.641 0.057 0.024 -0.765 -0.726 -0.0 -0.662 0.186 -0.96 -0.0 -0.124 -0.253 0.797 0.0 -0.593 0.11 0.972 0.0 -0.117 -0.206 -0.654 -0.0 -0.712 -0.256 -0.986 -0.0 -0.06 0.153 0.716 0.0 -0.669 0.197 0.969 0.0 0.104 0.225 
-0.641 0.057 0.023 -0.765 -0.726 0.0 -0.662 0.184 -0.96 0.0 -0.122 -0.252 0.797 0.0 -0.593 0.111 0.972 -0.0 -0.117 -0.206 -0.653 -0.0 -0.714 -0.253 -0.986 -0.0 -0.061 0.157 0.718 0.0 -0.669 0.194 0.966 0.0 0.105 0.236 
-0.641 0.056 0.022 -0.765 -0.727 -0.0 -0.662 0.183 -0.96 -0.0 -0.122 -0.251 0.797 0.0 -0.594 0.111 0.972 0.0 -0.117 -0.205 -0.652 -0.0 -0.716 -0.25 -0.985 0.0 -0.061 0.161 0.719 0.0 -0.669 0.188 0.963 0.0 0.104 0.25 
-0.642 0.056 0.021 -0.765 -0.728 -0.0 -0.661 0.183 -0.96 -0.0 -0.122 -0.252 0.796 -0.0 -0.594 0.112 0.972 0.0 -0.117 -0.204 -0.65 -0.0 -0.718 -0.246 -0.985 -0.0 -0.059 0.165 0.72 0.0 -0.67 0.182 0.958 -0.0 0.103 0.266 
-0.643 0.055 0.02 -0.764 -0.729 -0.0 -0.66 0.182 -0.96 -0.0 -0.123 -0.253 0.796 0.0 -0.595 0.113 0.972 0.0 -0.118 -0.205 -0.649 -0.0 -0.721 -0.243 -0.984 -0.0 -0.056 0.169 0.721 0.0 -0.67 0.176 0.954 0.0 0.102 0.28 
-0.643 0.055 0.019 -0.763 -0.73 -0.0 -0.659 0.182 -0.959 -0.0 -0.124 -0.254 0.796 -0.0 -0.595 0.112 0.972 0.0 -0.117 -0.204 -0.646 -0.0 -0.724 -0.24 -0.983 -0.0 -0.053 0.174 0.722 0.0 -0.671 0.169 0.95 0.0 0.101 0.296 
-0.644 0.054 0.019 -0.762 -0.731 0.0 -0.658 0.181 -0.959 -0.0 -0.125 -0.256 0.796 0.0 -0.595 0.112 0.971 0.0 -0.119 -0.205 -0.644 0.0 -0.727 -0.237 -0.983 -0.0 -0.05 0.177 0.723 0.0 -0.672 0.16 0.944 0.0 0.099 0.315 
-0.646 0.055 0.019 -0.761 -0.731 -0.0 -0.658 0.181 -0.958 -0.0 -0.126 -0.256 0.797 0.0 -0.594 0.112 0.971 0.0 -0.119 -0.206 -0.642 -0.0 -0.73 -0.234 -0.983 -0.0 -0.048 0.18 0.724 0.0 -0.673 0.153 0.939 0.0 0.097 0.331 
-0.647 0.056 0.019 -0.76 -0.731 -0.0 -0.658 0.18 -0.958 0.0 -0.128 -0.256 0.797 0.0 -0.593 0.111 0.971 0.0 -0.119 -0.207 -0.639 -0.0 -0.734 -0.23 -0.982 0.0 -0.046 0.182 0.724 0.0 -0.675 0.142 0.932 0.0 0.095 0.349 
-0.649 0.057 0.02 -0.758 -0.731 0.0 -0.659 0.179 -0.958 -0.0 -0.13 -0.257 0.798 0.0 -0.592 0.112 0.971 0.0 -0.119 -0.209 -0.637 -0.0 -0.737 -0.226 -0.982 -0.0 -0.045 0.183 0.725 0.0 -0.675 0.132 0.925 -0.0 0.091 0.368 
-0.651 0.058 0.022 -0.756 -0.73 -0.0 -0.66 0.177 -0.958 -0.0 -0.131 -0.255 0.799 0.0 -0.59 0.112 0.97 0.0 -0.118 -0.212 -0.635 -0.0 -0.74 -0.223 -0.982 -0.0 -0.045 0.185 0.727 0.0 -0.676 0.121 0.918 0.0 0.085 0.387 
-0.653 0.06 0.023 -0.755 -0.73 -0.0 -0.66 0.176 -0.958 -0.0 -0.133 -0.255 0.8 -0.0 -0.589 0.111 0.97 0.0 -0.117 -0.214 -0.633 -0.0 -0.743 -0.219 -0.982 0.0 -0.045 0.185 0.729 0.0 -0.676 0.109 0.911 0.0 0.078 0.406 
-0.654 0.061 0.024 -0.753 -0.73 -0.0 -0.661 0.175 -0.957 0.0 -0.135 -0.256 0.801 0.0 -0.588 0.111 0.969 0.0 -0.116 -0.217 -0.631 -0.0 -0.746 -0.215 -0.982 -0.0 -0.045 0.186 0.73 0.0 -0.676 0.096 0.902 0.0 0.071 0.425 
-0.656 0.062 0.025 -0.752 -0.73 -0.0 -0.661 0.173 -0.957 -0.0 -0.136 -0.255 0.801 -0.0 -0.588 0.111 0.969 0.0 -0.114 -0.219 -0.628 -0.0 -0.749 -0.21 -0.982 0.0 -0.044 0.185 0.732 0.0 -0.676 0.084 0.895 -0.0 0.062 0.442 
-0.658 0.063 0.026 -0.75 -0.73 -0.0 -0.661 0.172 -0.957 -0.0 -0.138 -0.256 0.802 -0.0 -0.588 0.11 0.969 0.0 -0.113 -0.222 -0.627 -0.0 -0.752 -0.205 -0.982 0.0 -0.042 0.185 0.733 -0.0 -0.677 0.072 0.887 0.0 0.055 0.458 
-0.659 0.063 0.026 -0.749 -0.73 -0.0 -0.661 0.171 -0.956 -0.0 -0.139 -0.257 0.802 0.0 -0.587 0.11 0.968 0.0 -0.112 -0.224 -0.625 -0.0 -0.755 -0.2 -0.982 0.0 -0.04 0.184 0.733 0.0 -0.677 0.06 0.88 -0.0 0.048 0.472 
-0.66 0.064 0.026 -0.748 -0.731 -0.0 -0.66 0.17 -0.956 -0.0 -0.14 -0.257 0.802 0.0 -0.588 0.11 0.968 0.0 -0.111 -0.227 -0.623 -0.0 -0.757 -0.194 -0.982 -0.0 -0.037 0.183 0.733 -0.0 -0.679 0.047 0.873 0.0 0.041 0.485 
-0.661 0.063 0.026 -0.747 -0.733 -0.0 -0.659 0.169 -0.956 0.0 -0.141 -0.258 0.801 0.0 -0.589 0.109 0.967 0.0 -0.11 -0.23 -0.623 0.0 -0.759 -0.189 -0.983 -0.0 -0.034 0.182 0.732 0.0 -0.681 0.034 0.867 0.0 0.034 0.497 
-0.666 0.061 0.027 -0.743 -0.734 0.0 -0.659 0.164 -0.955 0.0 -0.143 -0.259 0.8 0.0 -0.59 0.108 0.966 -0.0 -0.107 -0.234 -0.621 -0.0 -0.76 -0.191 -0.982 -0.0 -0.033 0.185 0.731 0.0 -0.682 0.018 0.861 0.0 0.02 0.508 
-0.667 0.06 0.027 -0.742 -0.736 -0.0 -0.658 0.161 -0.955 -0.0 -0.144 -0.259 0.8 -0.0 -0.591 0.107 0.966 0.0 -0.107 -0.237 -0.62 -0.0 -0.762 -0.188 -0.982 -0.0 -0.03 0.184 0.73 0.0 -0.683 0.003 0.854 0.0 0.009 0.52 
-0.669 0.06 0.027 -0.74 -0.737 0.0 -0.657 0.158 -0.955 -0.0 -0.144 -0.26 0.799 0.0 -0.591 0.107 0.965 0.0 -0.106 -0.24 -0.62 0.0 -0.763 -0.184 -0.983 -0.0 -0.028 0.184 0.729 0.0 -0.685 -0.012 0.849 0.0 -0.002 0.529 
-0.67 0.059 0.027 -0.739 -0.738 -0.0 -0.656 0.156 -0.955 -0.0 -0.144 -0.26 0.799 0.0 -0.592 0.107 0.964 0.0 -0.106 -0.243 -0.619 -0.0 -0.764 -0.179 -0.983 -0.0 -0.025 0.182 0.727 0.0 -0.686 -0.026 0.843 0.0 -0.012 0.537 
-0.673 0.057 0.027 -0.737 -0.739 -0.0 -0.656 0.152 -0.955 -0.0 -0.143 -0.26 0.798 0.0 -0.594 0.106 0.964 0.0 -0.105 -0.246 -0.619 0.0 -0.765 -0.177 -0.983 -0.0 -0.023 0.182 0.726 0.0 -0.687 -0.041 0.839 0.0 -0.024 0.543 
-0.675 0.056 0.027 -0.735 -0.741 -0.0 -0.655 0.149 -0.955 -0.0 -0.143 -0.26 0.797 -0.0 -0.595 0.105 0.963 0.0 -0.104 -0.249 -0.619 -0.0 -0.766 -0.174 -0.983 -0.0 -0.021 0.181 0.724 0.0 -0.687 -0.056 0.835 0.0 -0.035 0.549 
-0.676 0.055 0.027 -0.734 -0.742 0.0 -0.655 0.146 -0.955 -0.0 -0.143 -0.26 0.796 0.0 -0.596 0.105 0.962 0.0 -0.104 -0.252 -0.619 -0.0 -0.767 -0.17 -0.984 -0.0 -0.02 0.179 0.722 0.0 -0.688 -0.07 0.831 -0.0 -0.046 0.554 
-0.678 0.054 0.026 -0.732 -0.743 0.0 -0.654 0.143 -0.955 -0.0 -0.143 -0.259 0.796 0.0 -0.596 0.106 0.961 0.0 -0.105 -0.256 -0.619 -0.0 -0.768 -0.165 -0.984 0.0 -0.018 0.178 0.721 0.0 -0.688 -0.083 0.828 0.0 -0.057 0.558 
-0.68 0.053 0.026 -0.731 -0.744 0.0 -0.653 0.141 -0.955 0.0 -0.143 -0.26 0.796 0.0 -0.596 0.106 0.96 -0.0 -0.106 -0.259 -0.619 -0.0 -0.769 -0.162 -0.984 -0.0 -0.016 0.177 0.719 -0.0 -0.689 -0.096 0.825 0.0 -0.068 0.56 
-0.682 0.052 0.025 -0.729 -0.745 -0.0 -0.653 0.139 -0.955 -0.0 -0.144 -0.26 0.795 0.0 -0.597 0.107 0.959 -0.0 -0.106 -0.262 -0.619 -0.0 -0.77 -0.157 -0.984 -0.0 -0.013 0.176 0.717 -0.0 -0.689 -0.108 0.824 0.0 -0.078 0.562 
-0.684 0.051 0.025 -0.728 -0.746 -0.0 -0.652 0.137 -0.954 -0.0 -0.145 -0.261 0.795 0.0 -0.597 0.108 0.958 -0.0 -0.105 -0.265 -0.619 -0.0 -0.77 -0.154 -0.984 -0.0 -0.011 0.176 0.715 0.0 -0.689 -0.12 0.822 0.0 -0.088 0.562 
-0.686 0.05 0.024 -0.726 -0.747 -0.0 -0.651 0.135 -0.954 -0.0 -0.146 -0.261 0.794 0.0 -0.598 0.109 0.957 0.0 -0.106 -0.268 -0.619 -0.0 -0.771 -0.149 -0.985 -0.0 -0.008 0.175 0.713 0.0 -0.688 -0.13 0.821 0.0 -0.098 0.562 
-0.688 0.049 0.023 -0.724 -0.748 0.0 -0.65 0.134 -0.954 -0.0 -0.148 -0.262 0.793 0.0 -0.599 0.109 0.957 -0.0 -0.104 -0.27 -0.619 -0.0 -0.772 -0.145 -0.985 -0.0 -0.006 0.174 0.711 0.0 -0.689 -0.142 0.821 0.0 -0.107 0.561 
-0.689 0.048 0.023 -0.722 -0.75 -0.0 -0.649 0.133 -0.953 -0.0 -0.15 -0.262 0.792 0.0 -0.6 0.111 0.956 0.0 -0.104 -0.274 -0.619 -0.0 -0.772 -0.141 -0.985 -0.0 -0.003 0.173 0.709 -0.0 -0.688 -0.151 0.822 0.0 -0.115 0.558 
-0.691 0.047 0.022 -0.721 -0.751 -0.0 -0.647 0.131 -0.953 0.0 -0.152 -0.263 0.791 0.0 -0.601 0.112 0.955 -0.0 -0.104 -0.276 -0.62 -0.0 -0.773 -0.136 -0.985 -0.0 -0.001 0.172 0.707 0.0 -0.688 -0.161 0.823 -0.0 -0.123 0.555 
-0.693 0.046 0.021 -0.719 -0.752 0.0 -0.646 0.13 -0.952 -0.0 -0.154 -0.263 0.791 0.0 -0.602 0.113 0.955 0.0 -0.103 -0.279 -0.62 -0.0 -0.773 -0.132 -0.985 0.0 0.002 0.17 0.706 0.0 -0.688 -0.168 0.825 -0.0 -0.129 0.549 
-0.695 0.045 0.019 -0.717 -0.754 -0.0 -0.644 0.129 -0.952 0.0 -0.156 -0.263 0.789 -0.0 -0.603 0.114 0.955 -0.0 -0.101 -0.28 -0.621 0.0 -0.773 -0.127 -0.986 -0.0 0.004 0.169 0.704 0.0 -0.688 -0.175 0.828 0.0 -0.135 0.544 
-0.697 0.044 0.018 -0.715 -0.755 -0.0 -0.643 0.128 -0.952 -0.0 -0.158 -0.264 0.788 0.0 -0.605 0.116 0.954 -0.0 -0.1 -0.282 -0.622 0.0 -0.774 -0.122 -0.986 0.0 0.006 0.167 0.702 0.0 -0.688 -0.183 0.831 0.0 -0.138 0.539 
-0.699 0.043 0.017 -0.714 -0.757 -0.0 -0.641 0.127 -0.951 -0.0 -0.161 -0.265 0.787 0.0 -0.606 0.116 0.954 0.0 -0.098 -0.283 -0.623 -0.0 -0.774 -0.117 -0.986 -0.0 0.008 0.165 0.701 0.0 -0.688 -0.188 0.835 -0.0 -0.141 0.532 
-0.7 0.042 0.016 -0.712 -0.758 -0.0 -0.64 0.126 -0.95 -0.0 -0.162 -0.265 0.786 0.0 -0.607 0.118 0.954 0.0 -0.097 -0.284 -0.624 -0.0 -0.773 -0.111 -0.987 -0.0 0.01 0.163 0.699 0.0 -0.688 -0.193 0.838 0.0 -0.143 0.526 
-0.702 0.041 0.015 -0.711 -0.759 -0.0 -0.639 0.125 -0.95 -0.0 -0.164 -0.266 0.785 -0.0 -0.608 0.119 0.954 0.0 -0.096 -0.285 -0.625 -0.0 -0.774 -0.106 -0.987 -0.0 0.012 0.161 0.698 0.0 -0.688 -0.198 0.843 -0.0 -0.144 0.518 
-0.703 0.041 0.014 -0.709 -0.76 -0.0 -0.638 0.125 -0.95 -0.0 -0.166 -0.266 0.784 0.0 -0.609 0.12 0.954 0.0 -0.095 -0.286 -0.625 0.0 -0.774 -0.1 -0.987 0.0 0.014 0.159 0.697 0.0 -0.688 -0.2 0.848 -0.0 -0.143 0.51 
-0.705 0.04 0.013 -0.708 -0.76 0.0 -0.638 0.125 -0.949 -0.0 -0.168 -0.266 0.783 0.0 -0.609 0.121 0.954 0.0 -0.094 -0.286 -0.626 -0.0 -0.774 -0.095 -0.988 -0.0 0.016 0.156 0.697 0.0 -0.688 -0.204 0.854 0.0 -0.142 0.501 
-0.705 0.04 0.012 -0.708 -0.761 -0.0 -0.637 0.124 -0.949 0.0 -0.169 -0.266 0.783 0.0 -0.611 0.122 0.954 0.0 -0.092 -0.286 -0.626 -0.0 -0.774 -0.09 -0.988 -0.0 0.018 0.155 0.695 0.0 -0.688 -0.206 0.859 0.0 -0.139 0.493 
0.706 -0.039 -0.011 0.707 -0.762 0.0 -0.636 0.125 -0.949 0.0 -0.17 -0.267 0.782 0.0 -0.611 0.122 0.954 -0.0 -0.092 -0.287 -0.627 -0.0 -0.774 -0.085 -0.988 -0.0 0.019 0.153 0.695 0.0 -0.689 -0.208 0.864 0.0 -0.136 0.484 
0.707 -0.038 -0.01 0.706 -0.762 -0.0 -0.636 0.125 -0.949 -0.0 -0.171 -0.267 0.781 0.0 -0.612 0.123 0.954 0.0 -0.091 -0.287 -0.628 -0.0 -0.774 -0.081 -0.988 -0.0 0.02 0.151 0.694 0.0 -0.689 -0.21 0.87 -0.0 -0.132 0.475 
0.708 -0.038 -0.009 0.705 -0.763 -0.0 -0.635 0.125 -0.948 -0.0 -0.172 -0.267 0.781 0.0 -0.613 0.124 0.954 0.0 -0.09 -0.286 -0.628 -0.0 -0.774 -0.076 -0.989 -0.0 0.022 0.149 0.693 0.0 -0.689 -0.21 0.876 0.0 -0.128 0.465 
0.709 -0.037 -0.008 0.704 -0.763 -0.0 -0.634 0.125 -0.948 -0.0 -0.173 -0.267 0.78 0.0 -0.613 0.124 0.954 0.0 -0.089 -0.286 -0.629 -0.0 -0.774 -0.072 -0.989 -0.0 0.023 0.148 0.693 -0.0 -0.69 -0.21 0.882 0.0 -0.123 0.454 
0.71 -0.037 -0.007 0.703 -0.764 -0.0 -0.633 0.125 -0.948 -0.0 -0.174 -0.266 0.779 -0.0 -0.614 0.125 0.954 0.0 -0.087 -0.286 -0.63 0.0 -0.774 -0.068 -0.989 -0.0 0.024 0.146 0.692 0.0 -0.69 -0.209 0.888 0.0 -0.117 0.444 
0.711 -0.036 -0.006 0.702 -0.764 -0.0 -0.633 0.125 -0.948 -0.0 -0.175 -0.266 0.778 0.0 -0.615 0.125 0.955 0.0 -0.086 -0.285 -0.63 -0.0 -0.774 -0.063 -0.989 -0.0 0.026 0.145 0.692 0.0 -0.692 -0.207 0.894 -0.0 -0.11 0.433 
0.712 -0.036 -0.006 0.701 -0.764 -0.0 -0.633 0.125 -0.948 -0.0 -0.175 -0.265 0.778 -0.0 -0.616 0.126 0.955 -0.0 -0.085 -0.284 -0.631 -0.0 -0.774 -0.06 -0.989 0.0 0.027 0.144 0.692 0.0 -0.692 -0.206 0.901 0.0 -0.105 0.422 
0.713 -0.035 -0.005 0.7 -0.765 0.0 -0.632 0.125 -0.948 -0.0 -0.176 -0.264 0.777 0.0 -0.616 0.127 0.955 0.0 -0.085 -0.284 -0.631 -0.0 -0.774 -0.057 -0.989 -0.0 0.028 0.143 0.691 0.0 -0.694 -0.203 0.907 0.0 -0.097 0.411 
0.714 -0.035 -0.004 0.699 -0.765 -0.0 -0.632 0.125 -0.948 -0.0 -0.177 -0.263 0.777 0.0 -0.617 0.127 0.956 -0.0 -0.083 -0.282 -0.632 -0.0 -0.773 -0.053 -0.989 0.0 0.03 0.142 0.69 0.0 -0.695 -0.199 0.913 -0.0 -0.089 0.399 
0.715 -0.035 -0.004 0.698 -0.765 -0.0 -0.631 0.125 -0.948 -0.0 -0.177 -0.263 0.776 0.0 -0.618 0.128 0.956 -0.0 -0.083 -0.282 -0.632 -0.0 -0.773 -0.049 -0.99 -0.0 0.031 0.141 0.69 0.0 -0.697 -0.196 0.918 -0.0 -0.082 0.388 
0.716 -0.034 -0.003 0.697 -0.766 0.0 -0.631 0.125 -0.949 -0.0 -0.177 -0.262 0.775 0.0 -0.618 0.128 0.956 -0.0 -0.081 -0.281 -0.633 0.0 -0.773 -0.046 -0.99 -0.0 0.031 0.139 0.69 0.0 -0.698 -0.191 0.924 -0.0 -0.075 0.376 
0.717 -0.034 -0.003 0.696 -0.766 -0.0 -0.631 0.125 -0.949 -0.0 -0.178 -0.261 0.775 0.0 -0.619 0.129 0.956 0.0 -0.082 -0.281 -0.634 -0.0 -0.772 -0.042 -0.99 -0.0 0.03 0.136 0.69 0.0 -0.7 -0.186 0.928 0.0 -0.068 0.366 
0.718 -0.033 -0.002 0.695 -0.767 -0.0 -0.63 0.125 -0.948 -0.0 -0.18 -0.261 0.774 0.0 -0.62 0.13 0.957 -0.0 -0.08 -0.279 -0.635 -0.0 -0.772 -0.039 -0.99 -0.0 0.032 0.137 0.689 0.0 -0.701 -0.182 0.933 0.0 -0.061 0.356 
0.719 -0.033 -0.001 0.694 -0.767 -0.0 -0.629 0.126 -0.948 -0.0 -0.181 -0.26 0.773 0.0 -0.62 0.13 0.957 0.0 -0.08 -0.279 -0.635 -0.0 -0.772 -0.036 -0.99 0.0 0.033 0.136 0.689 0.0 -0.703 -0.176 0.937 0.0 -0.055 0.346 
0.72 -0.033 -0.0 0.693 -0.768 -0.0 -0.629 0.125 -0.949 -0.0 -0.182 -0.259 0.773 0.0 -0.621 0.131 0.958 0.0 -0.079 -0.277 -0.635 -0.0 -0.772 -0.033 -0.99 -0.0 0.035 0.136 0.688 0.0 -0.705 -0.171 0.94 0.0 -0.048 0.337 
0.721 -0.032 0.0 0.692 -0.768 -0.0 -0.628 0.125 -0.949 -0.0 -0.183 -0.258 0.772 0.0 -0.622 0.132 0.957 0.0 -0.079 -0.278 -0.636 -0.0 -0.771 -0.03 -0.99 -0.0 0.036 0.136 0.687 0.0 -0.707 -0.166 0.943 0.0 -0.042 0.329 
0.722 -0.032 0.001 0.692 -0.769 -0.0 -0.627 0.125 -0.948 -0.0 -0.184 -0.258 0.772 -0.0 -0.622 0.132 0.958 0.0 -0.078 -0.276 -0.636 -0.0 -0.771 -0.028 -0.99 -0.0 0.037 0.135 0.687 0.0 -0.709 -0.16 0.946 -0.0 -0.036 0.321 
0.722 -0.032 0.002 0.691 -0.769 -0.0 -0.627 0.125 -0.949 -0.0 -0.185 -0.257 0.771 0.0 -0.623 0.132 0.958 0.0 -0.078 -0.275 -0.637 -0.0 -0.771 -0.025 -0.99 0.0 0.036 0.133 0.686 0.0 -0.711 -0.155 0.949 0.0 -0.031 0.313 
0.723 -0.031 0.002 0.69 -0.769 -0.0 -0.627 0.125 -0.949 -0.0 -0.185 -0.257 0.771 -0.0 -0.623 0.133 0.958 0.0 -0.079 -0.275 -0.637 -0.0 -0.77 -0.023 -0.99 -0.0 0.037 0.133 0.686 0.0 -0.712 -0.15 0.952 -0.0 -0.026 0.305 
0.723 -0.031 0.003 0.69 -0.769 -0.0 -0.627 0.125 -0.949 -0.0 -0.184 -0.256 0.77 0.0 -0.624 0.132 0.959 -0.0 -0.077 -0.273 -0.638 -0.0 -0.77 -0.02 -0.99 -0.0 0.039 0.134 0.685 0.0 -0.714 -0.144 0.954 0.0 -0.021 0.298 
0.723 -0.031 0.003 0.69 -0.769 -0.0 -0.626 0.125 -0.949 0.0 -0.184 -0.256 0.77 0.0 -0.624 0.132 0.959 0.0 -0.078 -0.273 -0.638 -0.0 -0.769 -0.018 -0.99 -0.0 0.039 0.133 0.685 0.0 -0.715 -0.139 0.957 0.0 -0.017 0.291 
0.725 -0.031 0.003 0.689 -0.769 -0.0 -0.627 0.126 -0.949 -0.0 -0.185 -0.255 0.77 -0.0 -0.624 0.133 0.959 -0.0 -0.078 -0.272 -0.638 -0.0 -0.77 -0.015 -0.991 -0.0 0.039 0.13 0.685 0.0 -0.717 -0.131 0.959 0.0 -0.013 0.284 
0.724 -0.031 0.003 0.689 -0.769 0.0 -0.627 0.126 -0.949 -0.0 -0.185 -0.256 0.77 0.0 -0.625 0.132 0.959 -0.0 -0.078 -0.272 -0.638 -0.0 -0.77 -0.013 -0.991 -0.0 0.039 0.13 0.685 0.0 -0.718 -0.125 0.96 0.0 -0.01 0.278 
0.725 -0.032 0.003 0.688 -0.769 -0.0 -0.627 0.127 -0.949 -0.0 -0.186 -0.256 0.77 0.0 -0.624 0.132 0.96 -0.0 -0.079 -0.27 -0.638 -0.0 -0.77 -0.01 -0.991 -0.0 0.041 0.13 0.685 0.0 -0.719 -0.118 0.962 0.0 -0.008 0.272 
0.725 -0.032 0.003 0.688 -0.769 -0.0 -0.627 0.127 -0.949 -0.0 -0.186 -0.256 0.77 -0.0 -0.625 0.133 0.959 0.0 -0.078 -0.271 -0.638 -0.0 -0.77 -0.007 -0.991 -0.0 0.041 0.128 0.685 0.0 -0.72 -0.112 0.964 0.0 -0.005 0.267 
0.725 -0.032 0.003 0.688 -0.769 -0.0 -0.626 0.128 -0.948 -0.0 -0.186 -0.256 0.77 -0.0 -0.625 0.133 0.96 -0.0 -0.079 -0.27 -0.638 0.0 -0.77 -0.005 -0.991 -0.0 0.042 0.127 0.685 -0.0 -0.721 -0.106 0.965 0.0 -0.003 0.261 
0.725 -0.032 0.003 0.688 -0.769 -0.0 -0.627 0.129 -0.948 0.0 -0.187 -0.257 0.77 0.0 -0.624 0.132 0.96 0.0 -0.079 -0.269 -0.637 -0.0 -0.771 -0.003 -0.991 0.0 0.044 0.127 0.685 0.0 -0.722 -0.098 0.967 -0.0 0.001 0.253 
0.725 -0.032 0.002 0.688 -0.768 -0.0 -0.627 0.13 -0.948 -0.0 -0.187 -0.257 0.77 0.0 -0.624 0.132 0.96 -0.0 -0.08 -0.269 -0.637 -0.0 -0.771 -0.001 -0.991 -0.0 0.045 0.126 0.685 0.0 -0.723 -0.091 0.969 0.0 0.005 0.246 
0.726 -0.033 0.002 0.687 -0.768 -0.0 -0.627 0.13 -0.948 -0.0 -0.187 -0.257 0.77 -0.0 -0.624 0.132 0.96 0.0 -0.081 -0.268 -0.637 0.0 -0.771 0.002 -0.991 -0.0 0.046 0.125 0.685 0.0 -0.724 -0.082 0.971 -0.0 0.009 0.237 
0.726 -0.033 0.002 0.687 -0.768 -0.0 -0.627 0.131 -0.948 -0.0 -0.186 -0.257 0.77 -0.0 -0.624 0.131 0.961 0.0 -0.08 -0.266 -0.637 0.0 -0.771 0.004 -0.991 -0.0 0.045 0.123 0.685 0.0 -0.725 -0.074 0.973 0.0 0.014 0.229 
0.726 -0.034 0.002 0.687 -0.767 0.0 -0.628 0.131 -0.949 -0.0 -0.185 -0.256 0.77 0.0 -0.624 0.131 0.961 -0.0 -0.081 -0.266 -0.637 -0.0 -0.771 0.006 -0.991 -0.0 0.046 0.124 0.684 -0.0 -0.726 -0.066 0.975 0.0 0.018 0.221 
0.726 -0.035 0.002 0.687 -0.767 -0.0 -0.628 0.132 -0.949 -0.0 -0.184 -0.256 0.771 0.0 -0.624 0.129 0.961 -0.0 -0.08 -0.263 -0.636 -0.0 -0.771 0.009 -0.991 -0.0 0.046 0.122 0.684 0.0 -0.727 -0.058 0.977 0.0 0.022 0.213 
0.726 -0.034 0.001 0.687 -0.767 -0.0 -0.628 0.132 -0.949 -0.0 -0.183 -0.256 0.77 0.0 -0.624 0.129 0.961 -0.0 -0.082 -0.264 -0.636 0.0 -0.771 0.009 -0.991 -0.0 0.047 0.124 0.684 0.0 -0.728 -0.052 0.978 0.0 0.025 0.206 
0.726 -0.035 0.001 0.687 -0.766 -0.0 -0.629 0.132 -0.949 -0.0 -0.182 -0.256 0.771 -0.0 -0.624 0.128 0.961 0.0 -0.082 -0.263 -0.636 -0.0 -0.772 0.011 -0.991 -0.0 0.048 0.124 0.683 0.0 -0.729 -0.046 0.979 0.0 0.03 0.199 
0.726 -0.035 0.001 0.687 -0.766 -0.0 -0.629 0.132 -0.95 -0.0 -0.181 -0.256 0.77 -0.0 -0.625 0.127 0.961 -0.0 -0.082 -0.262 -0.636 -0.0 -0.772 0.012 -0.991 -0.0 0.047 0.123 0.682 0.0 -0.73 -0.04 0.981 0.0 0.034 0.194 
0.726 -0.035 0.001 0.687 -0.766 -0.0 -0.629 0.133 -0.95 -0.0 -0.181 -0.256 0.771 0.0 -0.625 0.126 0.962 0.0 -0.083 -0.261 -0.636 -0.0 -0.772 0.013 -0.991 -0.0 0.048 0.124 0.681 0.0 -0.731 -0.036 0.981 0.0 0.037 0.188 
0.726 -0.036 0.001 0.687 -0.765 -0.0 -0.629 0.134 -0.95 0.0 -0.18 -0.255 0.771 0.0 -0.625 0.124 0.962 0.0 -0.081 -0.259 -0.636 -0.0 -0.771 0.015 -0.991 -0.0 0.049 0.124 0.681 0.0 -0.732 -0.03 0.982 0.0 0.04 0.183 
0.726 -0.035 0.001 0.687 -0.765 0.0 -0.629 0.134 -0.95 -0.0 -0.179 -0.255 0.77 0.0 -0.625 0.123 0.962 -0.0 -0.082 -0.26 -0.636 -0.0 -0.771 0.016 -0.991 -0.0 0.049 0.124 0.68 0.0 -0.733 -0.025 0.983 0.0 0.042 0.178 
0.725 -0.035 0.002 0.687 -0.765 -0.0 -0.63 0.135 -0.951 -0.0 -0.177 -0.255 0.77 0.0 -0.626 0.12 0.963 0.0 -0.083 -0.258 -0.636 -0.0 -0.771 0.017 -0.991 -0.0 0.048 0.122 0.68 0.0 -0.733 -0.021 0.984 0.0 0.044 0.173 
0.725 -0.035 0.001 0.688 -0.765 -0.0 -0.63 0.135 -0.951 -0.0 -0.176 -0.254 0.77 0.0 -0.627 0.121 0.962 0.0 -0.082 -0.259 -0.636 -0.0 -0.771 0.018 -0.991 -0.0 0.05 0.124 0.68 -0.0 -0.733 -0.018 0.985 0.0 0.046 0.169 
0.725 -0.035 0.002 0.688 -0.765 -0.0 -0.63 0.135 -0.951 -0.0 -0.176 -0.254 0.77 0.0 -0.627 0.119 0.963 0.0 -0.083 -0.258 -0.636 -0.0 -0.771 0.019 -0.991 -0.0 0.05 0.124 0.68 0.0 -0.733 -0.014 0.985 0.0 0.047 0.164 
0.725 -0.035 0.002 0.688 -0.765 -0.0 -0.63 0.135 -0.952 -0.0 -0.175 -0.253 0.77 -0.0 -0.627 0.118 0.962 0.0 -0.084 -0.259 -0.637 -0.0 -0.771 0.02 -0.991 -0.0 0.05 0.124 0.68 0.0 -0.733 -0.01 0.986 0.0 0.047 0.16 
0.725 -0.035 0.002 0.688 -0.764 -0.0 -0.63 0.136 -0.952 -0.0 -0.174 -0.253 0.77 -0.0 -0.627 0.117 0.962 0.0 -0.084 -0.259 -0.637 -0.0 -0.771 0.021 -0.991 -0.0 0.05 0.123 0.68 0.0 -0.733 -0.007 0.986 -0.0 0.048 0.157 
0.725 -0.036 0.002 0.688 -0.764 -0.0 -0.63 0.136 -0.952 -0.0 -0.174 -0.252 0.77 -0.0 -0.627 0.115 0.962 0.0 -0.084 -0.258 -0.636 -0.0 -0.771 0.023 -0.991 -0.0 0.051 0.123 0.68 0.0 -0.733 -0.003 0.987 -0.0 0.048 0.153 
0.725 -0.035 0.001 0.687 -0.764 -0.0 -0.63 0.136 -0.952 -0.0 -0.174 -0.251 0.77 -0.0 -0.627 0.115 0.962 0.0 -0.085 -0.26 -0.636 0.0 -0.771 0.023 -0.991 -0.0 0.051 0.123 0.68 0.0 -0.733 -0.001 0.987 0.0 0.049 0.15 
0.726 -0.036 0.001 0.687 -0.764 -0.0 -0.631 0.136 -0.952 -0.0 -0.174 -0.25 0.77 0.0 -0.627 0.114 0.962 0.0 -0.085 -0.261 -0.636 -0.0 -0.771 0.024 -0.991 -0.0 0.051 0.122 0.68 0.0 -0.733 0.002 0.988 0.0 0.05 0.147 
0.726 -0.036 0.001 0.687 -0.764 -0.0 -0.631 0.136 -0.953 -0.0 -0.174 -0.249 0.771 0.0 -0.627 0.112 0.962 0.0 -0.085 -0.26 -0.636 -0.0 -0.771 0.025 -0.991 -0.0 0.052 0.122 0.68 0.0 -0.734 0.005 0.988 0.0 0.052 0.144 
0.727 -0.036 0.0 0.686 -0.763 -0.0 -0.632 0.136 -0.953 -0.0 -0.174 -0.248 0.771 -0.0 -0.627 0.112 0.961 0.0 -0.085 -0.261 -0.636 -0.0 -0.771 0.026 -0.991 -0.0 0.052 0.122 0.68 -0.0 -0.734 0.008 0.989 0.0 0.053 0.142 
0.727 -0.036 -0.001 0.686 -0.763 -0.0 -0.632 0.135 -0.953 -0.0 -0.174 -0.247 0.771 0.0 -0.627 0.112 0.961 -0.0 -0.086 -0.263 -0.635 -0.0 -0.772 0.025 -0.991 -0.0 0.052 0.122 0.68 0.0 -0.733 0.009 0.989 0.0 0.053 0.14 
0.727 -0.036 -0.001 0.685 -0.763 -0.0 -0.632 0.134 -0.954 -0.0 -0.174 -0.246 0.771 0.0 -0.627 0.11 0.961 0.0 -0.085 -0.263 -0.635 -0.0 -0.772 0.026 -0.991 -0.0 0.052 0.121 0.68 0.0 -0.733 0.01 0.989 0.0 0.053 0.139 
0.728 -0.037 -0.001 0.684 -0.763 -0.0 -0.633 0.134 -0.954 -0.0 -0.174 -0.245 0.772 0.0 -0.626 0.109 0.961 0.0 -0.085 -0.263 -0.635 -0.0 -0.772 0.026 -0.991 -0.0 0.052 0.121 0.68 0.0 -0.733 0.012 0.989 0.0 0.055 0.137 
0.729 -0.037 -0.002 0.684 -0.763 -0.0 -0.633 0.133 -0.954 -0.0 -0.174 -0.243 0.772 -0.0 -0.626 0.11 0.96 0.0 -0.085 -0.265 -0.635 -0.0 -0.772 0.026 -0.991 -0.0 0.052 0.121 0.68 0.0 -0.733 0.012 0.989 0.0 0.055 0.136 
0.729 -0.037 -0.002 0.683 -0.763 -0.0 -0.633 0.132 -0.954 -0.0 -0.174 -0.243 0.772 0.0 -0.626 0.109 0.961 0.0 -0.084 -0.265 -0.635 -0.0 -0.772 0.026 -0.991 -0.0 0.052 0.121 0.68 0.0 -0.733 0.013 0.989 0.0 0.055 0.136 
0.73 -0.037 -0.002 0.682 -0.762 0.0 -0.633 0.132 -0.955 0.0 -0.174 -0.241 0.772 0.0 -0.627 0.107 0.961 -0.0 -0.083 -0.265 -0.635 -0.0 -0.772 0.026 -0.991 -0.0 0.052 0.121 0.68 0.0 -0.733 0.014 0.989 0.0 0.055 0.136 
0.731 -0.037 -0.003 0.681 -0.763 0.0 -0.634 0.131 -0.955 -0.0 -0.174 -0.241 0.772 0.0 -0.627 0.107 0.961 0.0 -0.082 -0.266 -0.635 -0.0 -0.772 0.026 -0.991 -0.0 0.052 0.121 0.68 0.0 -0.733 0.013 0.989 0.0 0.055 0.137 
0.732 -0.037 -0.003 0.68 -0.762 -0.0 -0.634 0.13 -0.955 -0.0 -0.174 -0.239 0.772 0.0 -0.627 0.106 0.961 0.0 -0.081 -0.266 -0.635 -0.0 -0.772 0.026 -0.991 -0.0 0.052 0.121 0.681 0.0 -0.733 0.014 0.989 0.0 0.054 0.137 
0.733 -0.037 -0.004 0.68 -0.762 -0.0 -0.634 0.13 -0.955 0.0 -0.174 -0.239 0.772 0.0 -0.627 0.106 0.961 -0.0 -0.08 -0.266 -0.635 -0.0 -0.772 0.026 -0.991 -0.0 0.052 0.12 0.68 0.0 -0.733 0.014 0.989 0.0 0.055 0.137 
0.733 -0.037 -0.004 0.679 -0.762 -0.0 -0.634 0.129 -0.955 -0.0 -0.174 -0.239 0.772 0.0 -0.627 0.105 0.961 0.0 -0.079 -0.265 -0.635 0.0 -0.772 0.027 -0.991 -0.0 0.052 0.12 0.68 0.0 -0.733 0.014 0.989 0.0 0.055 0.138 
0.734 -0.037 -0.004 0.678 -0.762 -0.0 -0.634 0.129 -0.956 0.0 -0.174 -0.238 0.772 0.0 -0.628 0.104 0.961 -0.0 -0.078 -0.266 -0.635 -0.0 -0.772 0.027 -0.991 -0.0 0.052 0.12 0.681 -0.0 -0.732 0.014 0.989 0.0 0.054 0.138 
0.735 -0.037 -0.004 0.677 -0.762 -0.0 -0.635 0.129 -0.956 -0.0 -0.174 -0.238 0.772 0.0 -0.628 0.103 0.961 0.0 -0.077 -0.265 -0.635 -0.0 -0.772 0.027 -0.991 -0.0 0.052 0.119 0.68 0.0 -0.733 0.014 0.989 0.0 0.055 0.138 
0.735 -0.037 -0.005 0.677 -0.762 -0.0 -0.635 0.128 -0.956 0.0 -0.173 -0.238 0.772 0.0 -0.627 0.104 0.961 0.0 -0.077 -0.266 -0.635 -0.0 -0.772 0.027 -0.991 -0.0 0.052 0.119 0.68 0.0 -0.733 0.015 0.989 0.0 0.055 0.138 
0.736 -0.037 -0.005 0.676 -0.762 -0.0 -0.635 0.128 -0.956 -0.0 -0.173 -0.238 0.771 0.0 -0.628 0.103 0.961 0.0 -0.076 -0.265 -0.635 -0.0 -0.772 0.027 -0.991 -0.0 0.052 0.119 0.68 0.0 -0.733 0.016 0.989 -0.0 0.055 0.137 
0.736 -0.037 -0.005 0.676 -0.762 -0.0 -0.635 0.128 -0.956 -0.0 -0.173 -0.238 0.771 0.0 -0.628 0.103 0.961 0.0 -0.075 -0.265 -0.635 -0.0 -0.772 0.027 -0.991 -0.0 0.052 0.119 0.68 0.0 -0.733 0.016 0.989 0.0 0.055 0.137 
0.737 -0.037 -0.005 0.675 -0.762 -0.0 -0.635 0.128 -0.956 -0.0 -0.174 -0.238 0.772 0.0 -0.628 0.103 0.961 0.0 -0.076 -0.266 -0.635 -0.0 -0.772 0.027 -0.991 -0.0 0.052 0.119 0.68 0.0 -0.733 0.017 0.989 0.0 0.055 0.136 
0.737 -0.037 -0.005 0.675 -0.762 -0.0 -0.634 0.128 -0.955 -0.0 -0.174 -0.238 0.772 0.0 -0.628 0.103 0.961 0.0 -0.077 -0.266 -0.635 0.0 -0.772 0.028 -0.991 -0.0 0.053 0.119 0.68 -0.0 -0.733 0.018 0.989 0.0 0.055 0.136 
0.737 -0.037 -0.005 0.675 -0.763 -0.0 -0.634 0.127 -0.955 -0.0 -0.175 -0.239 0.772 0.0 -0.628 0.103 0.961 -0.0 -0.077 -0.266 -0.635 -0.0 -0.772 0.028 -0.991 -0.0 0.053 0.119 0.68 -0.0 -0.733 0.018 0.989 -0.0 0.055 0.136 
0.737 -0.037 -0.005 0.675 -0.763 -0.0 -0.634 0.127 -0.955 -0.0 -0.176 -0.239 0.772 0.0 -0.628 0.103 0.961 0.0 -0.077 -0.266 -0.635 -0.0 -0.772 0.028 -0.991 -0.0 0.053 0.119 0.68 0.0 -0.733 0.018 0.989 0.0 0.055 0.135 
0.737 -0.037 -0.005 0.674 -0.763 0.0 -0.633 0.128 -0.955 -0.0 -0.176 -0.24 0.772 0.0 -0.627 0.101 0.961 -0.0 -0.077 -0.265 -0.635 0.0 -0.772 0.028 -0.991 -0.0 0.053 0.119 0.68 0.0 -0.733 0.019 0.989 0.0 0.055 0.135 
0.737 -0.037 -0.005 0.674 -0.764 -0.0 -0.633 0.127 -0.954 -0.0 -0.177 -0.241 0.772 0.0 -0.627 0.103 0.961 0.0 -0.078 -0.266 -0.635 -0.0 -0.772 0.028 -0.991 -0.0 0.053 0.119 0.68 0.0 -0.733 0.019 0.989 0.0 0.054 0.135 
0.738 -0.037 -0.005 0.674 -0.764 -0.0 -0.632 0.127 -0.954 -0.0 -0.177 -0.241 0.772 0.0 -0.627 0.102 0.961 0.0 -0.078 -0.265 -0.635 -0.0 -0.772 0.029 -0.991 -0.0 0.053 0.119 0.68 0.0 -0.733 0.02 0.989 0.0 0.054 0.135 
0.737 -0.037 -0.005 0.674 -0.764 -0.0 -0.632 0.127 -0.954 0.0 -0.177 -0.242 0.772 0.0 -0.627 0.103 0.961 0.0 -0.078 -0.266 -0.635 -0.0 -0.772 0.029 -0.992 -0.0 0.053 0.119 0.68 0.0 -0.733 0.019 0.989 0.0 0.055 0.135 
0.737 -0.037 -0.005 0.674 -0.765 -0.0 -0.632 0.127 -0.954 -0.0 -0.178 -0.242 0.772 0.0 -0.627 0.103 0.961 -0.0 -0.078 -0.266 -0.635 -0.0 -0.772 0.029 -0.992 -0.0 0.052 0.119 0.68 0.0 -0.733 0.019 0.989 0.0 0.055 0.136 
0.737 -0.037 -0.005 0.674 -0.765 0.0 -0.631 0.127 -0.953 -0.0 -0.178 -0.243 0.772 0.0 -0.627 0.102 0.961 0.0 -0.079 -0.265 -0.636 0.0 -0.771 0.029 -0.992 -0.0 0.052 0.118 0.68 0.0 -0.733 0.019 0.989 -0.0 0.055 0.136 
0.737 -0.037 -0.005 0.674 -0.765 -0.0 -0.631 0.127 -0.953 -0.0 -0.179 -0.244 0.772 0.0 -0.627 0.102 0.961 0.0 -0.079 -0.265 -0.636 -0.0 -0.771 0.03 -0.992 0.0 0.052 0.118 0.68 0.0 -0.733 0.02 0.989 0.0 0.055 0.136 
0.737 -0.037 -0.005 0.674 -0.765 -0.0 -0.631 0.127 -0.953 -0.0 -0.179 -0.244 0.772 0.0 -0.627 0.102 0.961 0.0 -0.079 -0.264 -0.636 0.0 -0.771 0.03 -0.992 -0.0 0.052 0.118 0.68 0.0 -0.733 0.019 0.989 0.0 0.054 0.136 
0.737 -0.037 -0.005 0.674 -0.766 -0.0 -0.631 0.127 -0.953 -0.0 -0.179 -0.245 0.772 0.0 -0.627 0.102 0.961 0.0 -0.079 -0.264 -0.636 -0.0 -0.771 0.03 -0.992 -0.0 0.05 0.117 0.68 0.0 -0.733 0.019 0.989 0.0 0.055 0.137 
0.737 -0.037 -0.005 0.674 -0.766 0.0 -0.63 0.128 -0.953 -0.0 -0.179 -0.245 0.772 -0.0 -0.628 0.1 0.962 -0.0 -0.078 -0.262 -0.636 -0.0 -0.771 0.031 -0.992 -0.0 0.05 0.117 0.68 -0.0 -0.733 0.019 0.989 0.0 0.054 0.138 
