# T   LUA LFA RUA RFA LT  LS  RT  RS  
0.436 -0.032 0.02 -0.899 -0.697 -0.0 -0.693 0.184 -0.978 -0.0 0.104 -0.183 0.707 0.0 -0.701 -0.092 0.96 0.0 -0.002 -0.28 -0.688 -0.0 -0.652 -0.319 -0.994 -0.0 0.06 0.096 0.6 0.0 -0.784 0.16 0.985 0.0 0.143 0.101 
0.436 -0.032 0.02 -0.899 -0.696 -0.0 -0.693 0.187 -0.978 -0.0 0.103 -0.182 0.707 -0.0 -0.701 -0.094 0.959 0.0 -0.002 -0.282 -0.687 -0.0 -0.652 -0.322 -0.993 -0.0 0.057 0.1 0.601 0.0 -0.783 0.164 0.984 0.0 0.146 0.106 
0.436 -0.031 0.019 -0.899 -0.696 -0.0 -0.692 0.191 -0.979 -0.0 0.1 -0.18 0.707 0.0 -0.7 -0.095 0.959 0.0 -0.005 -0.284 -0.685 0.0 -0.652 -0.326 -0.993 -0.0 0.053 0.108 0.602 0.0 -0.78 0.169 0.982 0.0 0.15 0.111 
0.436 -0.032 0.019 -0.899 -0.697 -0.0 -0.691 0.194 -0.979 -0.0 0.098 -0.178 0.708 0.0 -0.7 -0.096 0.958 0.0 -0.006 -0.286 -0.684 -0.0 -0.65 -0.331 -0.992 -0.0 0.044 0.119 0.603 0.0 -0.779 0.172 0.981 0.0 0.153 0.117 
0.436 -0.031 0.018 -0.899 -0.696 -0.0 -0.691 0.198 -0.979 -0.0 0.097 -0.177 0.709 0.0 -0.699 -0.094 0.957 0.0 -0.006 -0.29 -0.682 -0.0 -0.65 -0.335 -0.991 0.0 0.034 0.131 0.605 0.0 -0.777 0.176 0.98 0.0 0.157 0.123 
0.435 -0.031 0.016 -0.9 -0.695 -0.0 -0.691 0.202 -0.979 -0.0 0.097 -0.177 0.709 0.0 -0.699 -0.09 0.956 0.0 -0.007 -0.295 -0.681 -0.0 -0.65 -0.338 -0.989 -0.0 0.023 0.144 0.606 0.0 -0.775 0.179 0.978 0.0 0.16 0.13 
0.435 -0.031 0.015 -0.9 -0.694 -0.0 -0.69 0.205 -0.98 -0.0 0.096 -0.175 0.709 0.0 -0.7 -0.088 0.955 0.0 -0.007 -0.297 -0.68 0.0 -0.65 -0.34 -0.988 -0.0 0.011 0.157 0.608 0.0 -0.773 0.183 0.977 0.0 0.164 0.138 
0.435 -0.031 0.014 -0.9 -0.694 -0.0 -0.689 0.208 -0.98 -0.0 0.095 -0.174 0.71 -0.0 -0.699 -0.085 0.954 0.0 -0.008 -0.298 -0.678 0.0 -0.651 -0.341 -0.986 -0.0 0.001 0.168 0.61 0.0 -0.771 0.186 0.975 0.0 0.168 0.145 
0.434 -0.032 0.012 -0.9 -0.693 -0.0 -0.689 0.212 -0.98 -0.0 0.094 -0.173 0.711 0.0 -0.699 -0.082 0.954 0.0 -0.008 -0.3 -0.676 -0.0 -0.654 -0.339 -0.985 -0.0 -0.003 0.175 0.611 0.0 -0.768 0.191 0.973 0.0 0.171 0.153 
0.433 -0.032 0.01 -0.901 -0.694 -0.0 -0.688 0.215 -0.981 -0.0 0.093 -0.172 0.711 0.0 -0.699 -0.077 0.953 0.0 -0.009 -0.301 -0.674 -0.0 -0.659 -0.334 -0.984 -0.0 -0.001 0.176 0.613 0.0 -0.766 0.195 0.972 0.0 0.174 0.161 
0.432 -0.033 0.007 -0.901 -0.694 0.0 -0.686 0.219 -0.981 -0.0 0.092 -0.17 0.712 -0.0 -0.698 -0.073 0.953 0.0 -0.012 -0.301 -0.672 -0.0 -0.665 -0.327 -0.984 -0.0 0.003 0.176 0.615 0.0 -0.763 0.2 0.97 -0.0 0.177 0.169 
0.431 -0.034 0.005 -0.902 -0.692 -0.0 -0.686 0.222 -0.981 -0.0 0.091 -0.169 0.712 0.0 -0.699 -0.068 0.953 -0.0 -0.011 -0.302 -0.67 -0.0 -0.671 -0.318 -0.984 -0.0 0.004 0.178 0.617 0.0 -0.76 0.203 0.968 0.0 0.179 0.179 
0.431 -0.034 0.002 -0.902 -0.691 -0.0 -0.687 0.226 -0.981 -0.0 0.092 -0.17 0.712 0.0 -0.699 -0.065 0.954 -0.0 -0.009 -0.301 -0.667 -0.0 -0.676 -0.312 -0.983 -0.0 0.002 0.184 0.62 0.0 -0.758 0.203 0.965 0.0 0.181 0.191 
0.429 -0.033 -0.001 -0.903 -0.69 -0.0 -0.686 0.23 -0.981 0.0 0.091 -0.169 0.713 0.0 -0.698 -0.063 0.956 0.0 -0.01 -0.295 -0.664 0.0 -0.681 -0.309 -0.981 -0.0 -0.002 0.193 0.623 0.0 -0.755 0.203 0.962 0.0 0.182 0.204 
0.427 -0.032 -0.005 -0.904 -0.689 -0.0 -0.686 0.232 -0.982 -0.0 0.089 -0.168 0.715 -0.0 -0.697 -0.056 0.955 0.0 -0.008 -0.296 -0.66 0.0 -0.685 -0.308 -0.979 -0.0 -0.006 0.206 0.627 0.0 -0.753 0.201 0.959 0.0 0.181 0.218 
0.425 -0.03 -0.008 -0.905 -0.688 -0.0 -0.687 0.235 -0.982 -0.0 0.088 -0.167 0.718 0.0 -0.694 -0.055 0.958 0.0 -0.008 -0.288 -0.656 -0.0 -0.69 -0.306 -0.976 -0.0 -0.01 0.218 0.631 -0.0 -0.75 0.196 0.955 0.0 0.178 0.236 
0.421 -0.027 -0.012 -0.906 -0.686 -0.0 -0.688 0.236 -0.982 0.0 0.086 -0.167 0.72 -0.0 -0.693 -0.047 0.958 -0.0 -0.005 -0.288 -0.65 -0.0 -0.696 -0.304 -0.974 -0.0 -0.012 0.228 0.635 0.0 -0.749 0.189 0.951 0.0 0.175 0.255 
0.418 -0.024 -0.016 -0.908 -0.685 -0.0 -0.69 0.236 -0.983 -0.0 0.084 -0.164 0.723 0.0 -0.689 -0.046 0.96 0.0 -0.008 -0.28 -0.645 -0.0 -0.703 -0.301 -0.972 0.0 -0.014 0.235 0.641 0.0 -0.746 0.179 0.946 0.0 0.171 0.276 
0.414 -0.021 -0.019 -0.91 -0.683 -0.0 -0.691 0.235 -0.983 -0.0 0.083 -0.163 0.726 0.0 -0.687 -0.038 0.96 0.0 -0.005 -0.279 -0.64 -0.0 -0.71 -0.295 -0.971 -0.0 -0.015 0.24 0.645 -0.0 -0.746 0.168 0.94 -0.0 0.167 0.299 
0.411 -0.018 -0.022 -0.911 -0.682 -0.0 -0.693 0.234 -0.983 -0.0 0.082 -0.163 0.729 -0.0 -0.684 -0.034 0.962 0.0 -0.003 -0.274 -0.635 -0.0 -0.717 -0.287 -0.97 -0.0 -0.014 0.244 0.648 0.0 -0.745 0.155 0.932 -0.0 0.162 0.323 
0.408 -0.015 -0.024 -0.913 -0.681 -0.0 -0.694 0.232 -0.983 -0.0 0.082 -0.163 0.731 0.0 -0.682 -0.029 0.963 0.0 -0.001 -0.27 -0.631 -0.0 -0.724 -0.279 -0.969 0.0 -0.013 0.245 0.651 0.0 -0.746 0.14 0.924 -0.0 0.156 0.349 
0.405 -0.013 -0.027 -0.914 -0.681 0.0 -0.695 0.23 -0.983 -0.0 0.081 -0.164 0.732 0.0 -0.68 -0.026 0.965 0.0 0.002 -0.264 -0.627 0.0 -0.731 -0.27 -0.969 -0.0 -0.009 0.247 0.652 0.0 -0.748 0.123 0.914 0.0 0.15 0.376 
0.403 -0.01 -0.028 -0.915 -0.68 -0.0 -0.697 0.227 -0.983 0.0 0.081 -0.165 0.734 0.0 -0.679 -0.026 0.967 0.0 0.006 -0.253 -0.623 -0.0 -0.737 -0.26 -0.969 -0.0 -0.007 0.247 0.654 -0.0 -0.749 0.104 0.905 0.0 0.141 0.402 
0.4 -0.009 -0.029 -0.916 -0.68 -0.0 -0.698 0.224 -0.983 -0.0 0.08 -0.167 0.734 0.0 -0.678 -0.022 0.969 0.0 0.009 -0.249 -0.621 -0.0 -0.743 -0.249 -0.969 -0.0 -0.003 0.245 0.656 0.0 -0.75 0.085 0.895 0.0 0.129 0.427 
0.398 -0.007 -0.03 -0.917 -0.68 -0.0 -0.699 0.221 -0.982 -0.0 0.081 -0.17 0.735 0.0 -0.677 -0.019 0.97 0.0 0.011 -0.244 -0.618 -0.0 -0.749 -0.238 -0.97 -0.0 0.001 0.242 0.656 0.0 -0.752 0.064 0.885 -0.0 0.115 0.451 
0.396 -0.006 -0.03 -0.918 -0.681 -0.0 -0.699 0.218 -0.982 -0.0 0.08 -0.174 0.736 0.0 -0.677 -0.016 0.971 0.0 0.013 -0.239 -0.616 -0.0 -0.755 -0.225 -0.971 0.0 0.007 0.238 0.658 -0.0 -0.752 0.043 0.876 0.0 0.1 0.472 
0.396 -0.005 -0.031 -0.918 -0.681 -0.0 -0.7 0.216 -0.981 -0.0 0.079 -0.177 0.737 0.0 -0.676 -0.014 0.973 -0.0 0.014 -0.232 -0.612 -0.0 -0.762 -0.209 -0.973 -0.0 0.016 0.232 0.658 0.0 -0.752 0.022 0.867 0.0 0.085 0.492 
0.394 -0.005 -0.03 -0.918 -0.683 -0.0 -0.698 0.214 -0.98 -0.0 0.076 -0.185 0.736 0.0 -0.677 -0.014 0.974 0.0 0.016 -0.227 -0.612 -0.0 -0.765 -0.2 -0.973 -0.0 0.02 0.228 0.658 0.0 -0.753 -0.003 0.856 0.0 0.064 0.512 
0.393 -0.005 -0.029 -0.919 -0.684 -0.0 -0.699 0.208 -0.979 -0.0 0.079 -0.186 0.737 0.0 -0.676 -0.013 0.975 -0.0 0.017 -0.22 -0.612 -0.0 -0.769 -0.187 -0.975 -0.0 0.025 0.223 0.657 -0.0 -0.753 -0.026 0.847 0.0 0.045 0.529 
0.392 -0.006 -0.028 -0.92 -0.686 0.0 -0.699 0.202 -0.978 -0.0 0.081 -0.19 0.737 0.0 -0.676 -0.013 0.977 -0.0 0.018 -0.213 -0.611 0.0 -0.772 -0.175 -0.975 -0.0 0.031 0.218 0.657 0.0 -0.753 -0.05 0.839 0.0 0.023 0.544 
0.389 -0.007 -0.027 -0.921 -0.688 -0.0 -0.699 0.197 -0.978 -0.0 0.08 -0.193 0.737 0.0 -0.676 -0.012 0.978 0.0 0.018 -0.207 -0.61 -0.0 -0.776 -0.162 -0.976 -0.0 0.037 0.213 0.656 0.0 -0.752 -0.071 0.832 -0.0 0.001 0.555 
0.388 -0.008 -0.026 -0.921 -0.69 0.0 -0.698 0.191 -0.977 -0.0 0.081 -0.196 0.737 0.0 -0.676 -0.011 0.98 -0.0 0.018 -0.2 -0.61 0.0 -0.778 -0.151 -0.977 -0.0 0.043 0.208 0.655 0.0 -0.75 -0.094 0.826 0.0 -0.022 0.564 
0.386 -0.009 -0.023 -0.922 -0.693 -0.0 -0.697 0.185 -0.976 -0.0 0.08 -0.202 0.737 0.0 -0.676 -0.011 0.981 0.0 0.018 -0.195 -0.611 -0.0 -0.778 -0.146 -0.977 -0.0 0.046 0.207 0.652 -0.0 -0.748 -0.12 0.82 0.0 -0.046 0.57 
0.382 -0.01 -0.022 -0.924 -0.696 -0.0 -0.696 0.178 -0.976 -0.0 0.078 -0.205 0.737 -0.0 -0.676 -0.007 0.982 0.0 0.022 -0.19 -0.61 -0.0 -0.781 -0.133 -0.978 -0.0 0.053 0.204 0.652 0.0 -0.746 -0.138 0.818 0.0 -0.067 0.572 
0.379 -0.011 -0.021 -0.925 -0.699 -0.0 -0.695 0.17 -0.975 -0.0 0.077 -0.207 0.737 0.0 -0.676 -0.004 0.982 0.0 0.022 -0.186 -0.61 -0.0 -0.783 -0.123 -0.978 -0.0 0.059 0.2 0.651 0.0 -0.742 -0.158 0.816 -0.0 -0.09 0.571 
0.375 -0.012 -0.019 -0.927 -0.702 0.0 -0.694 0.16 -0.975 -0.0 0.077 -0.207 0.737 0.0 -0.676 -0.0 0.983 0.0 0.023 -0.183 -0.611 -0.0 -0.784 -0.114 -0.978 -0.0 0.064 0.197 0.65 0.0 -0.739 -0.178 0.816 -0.0 -0.112 0.568 
0.372 -0.014 -0.017 -0.928 -0.705 -0.0 -0.693 0.152 -0.974 -0.0 0.075 -0.213 0.736 0.0 -0.677 0.004 0.983 0.0 0.024 -0.181 -0.612 0.0 -0.784 -0.105 -0.979 -0.0 0.068 0.193 0.649 0.0 -0.734 -0.198 0.815 0.0 -0.131 0.564 
0.367 -0.015 -0.016 -0.93 -0.708 -0.0 -0.692 0.144 -0.974 -0.0 0.074 -0.216 0.735 0.0 -0.678 0.011 0.983 -0.0 0.025 -0.181 -0.612 -0.0 -0.785 -0.093 -0.979 0.0 0.073 0.188 0.648 0.0 -0.731 -0.212 0.817 0.0 -0.147 0.557 
0.365 -0.016 -0.014 -0.931 -0.71 -0.0 -0.691 0.135 -0.973 -0.0 0.074 -0.22 0.734 0.0 -0.679 0.017 0.983 0.0 0.027 -0.181 -0.613 -0.0 -0.786 -0.083 -0.98 0.0 0.078 0.184 0.648 0.0 -0.726 -0.231 0.818 0.0 -0.165 0.551 
0.361 -0.018 -0.014 -0.932 -0.713 0.0 -0.689 0.127 -0.972 -0.0 0.073 -0.224 0.733 0.0 -0.68 0.025 0.983 -0.0 0.028 -0.181 -0.614 0.0 -0.787 -0.068 -0.981 -0.0 0.083 0.178 0.647 0.0 -0.723 -0.243 0.822 0.0 -0.176 0.542 
0.357 -0.021 -0.012 -0.934 -0.717 -0.0 -0.687 0.118 -0.971 -0.0 0.073 -0.228 0.731 0.0 -0.682 0.031 0.983 0.0 0.03 -0.181 -0.615 -0.0 -0.786 -0.058 -0.981 -0.0 0.088 0.174 0.644 0.0 -0.72 -0.257 0.826 0.0 -0.188 0.532 
0.356 -0.022 -0.01 -0.934 -0.719 -0.0 -0.686 0.109 -0.97 -0.0 0.075 -0.232 0.73 0.0 -0.682 0.036 0.983 0.0 0.031 -0.18 -0.616 -0.0 -0.786 -0.048 -0.982 -0.0 0.091 0.168 0.643 0.0 -0.716 -0.274 0.829 0.0 -0.199 0.522 
0.353 -0.023 -0.009 -0.935 -0.721 -0.0 -0.685 0.101 -0.969 -0.0 0.075 -0.237 0.729 0.0 -0.683 0.042 0.983 0.0 0.032 -0.181 -0.617 -0.0 -0.786 -0.037 -0.982 -0.0 0.094 0.163 0.641 -0.0 -0.712 -0.288 0.834 0.0 -0.207 0.511 
0.348 -0.023 -0.007 -0.937 -0.723 0.0 -0.685 0.092 -0.967 -0.0 0.075 -0.242 0.729 0.0 -0.683 0.048 0.983 -0.0 0.034 -0.178 -0.617 -0.0 -0.786 -0.029 -0.982 0.0 0.099 0.16 0.641 0.0 -0.706 -0.3 0.84 0.0 -0.217 0.496 
0.343 -0.024 -0.006 -0.939 -0.725 -0.0 -0.683 0.084 -0.966 0.0 0.077 -0.245 0.728 0.0 -0.683 0.054 0.983 0.0 0.035 -0.177 -0.618 0.0 -0.786 -0.019 -0.983 -0.0 0.102 0.155 0.641 0.0 -0.702 -0.31 0.847 0.0 -0.222 0.482 
0.338 -0.024 -0.006 -0.941 -0.726 -0.0 -0.683 0.076 -0.965 -0.0 0.076 -0.251 0.728 0.0 -0.683 0.059 0.984 0.0 0.037 -0.176 -0.618 0.0 -0.786 -0.007 -0.983 -0.0 0.107 0.148 0.642 0.0 -0.697 -0.318 0.855 0.0 -0.225 0.467 
0.336 -0.025 -0.004 -0.941 -0.728 0.0 -0.682 0.068 -0.963 0.0 0.077 -0.257 0.728 -0.0 -0.683 0.064 0.984 -0.0 0.037 -0.174 -0.619 -0.0 -0.785 0.002 -0.984 -0.0 0.108 0.144 0.641 0.0 -0.693 -0.33 0.862 0.0 -0.226 0.453 
0.332 -0.025 -0.003 -0.943 -0.729 -0.0 -0.682 0.06 -0.962 -0.0 0.077 -0.262 0.728 0.0 -0.682 0.069 0.984 0.0 0.038 -0.172 -0.62 -0.0 -0.785 0.013 -0.984 -0.0 0.11 0.138 0.641 0.0 -0.69 -0.337 0.871 0.0 -0.222 0.438 
0.328 -0.025 -0.003 -0.944 -0.729 -0.0 -0.682 0.053 -0.96 -0.0 0.077 -0.268 0.727 0.0 -0.682 0.074 0.984 0.0 0.039 -0.171 -0.62 -0.0 -0.784 0.023 -0.985 0.0 0.112 0.132 0.641 0.0 -0.687 -0.343 0.88 0.0 -0.217 0.422 
0.325 -0.024 -0.002 -0.945 -0.73 -0.0 -0.682 0.043 -0.959 -0.0 0.079 -0.271 0.728 0.0 -0.681 0.078 0.985 0.0 0.039 -0.168 -0.621 -0.0 -0.783 0.033 -0.985 -0.0 0.114 0.126 0.641 -0.0 -0.683 -0.349 0.889 -0.0 -0.211 0.406 
0.319 -0.023 -0.002 -0.947 -0.73 -0.0 -0.683 0.035 -0.958 -0.0 0.077 -0.276 0.728 0.0 -0.68 0.083 0.985 0.0 0.04 -0.168 -0.621 -0.0 -0.783 0.044 -0.986 -0.0 0.117 0.121 0.643 0.0 -0.681 -0.35 0.9 0.0 -0.2 0.388 
0.314 -0.022 -0.002 -0.949 -0.73 -0.0 -0.682 0.028 -0.956 0.0 0.075 -0.282 0.729 -0.0 -0.679 0.09 0.985 0.0 0.04 -0.168 -0.621 -0.0 -0.782 0.055 -0.986 -0.0 0.118 0.117 0.644 0.0 -0.68 -0.351 0.911 0.0 -0.187 0.368 
0.309 -0.02 -0.002 -0.951 -0.729 -0.0 -0.684 0.02 -0.955 -0.0 0.075 -0.287 0.73 0.0 -0.677 0.095 0.985 0.0 0.041 -0.167 -0.619 -0.0 -0.783 0.066 -0.986 0.0 0.122 0.111 0.646 -0.0 -0.679 -0.35 0.921 0.0 -0.171 0.351 
0.304 -0.019 -0.002 -0.952 -0.729 -0.0 -0.684 0.014 -0.953 -0.0 0.074 -0.293 0.73 0.0 -0.676 0.1 0.985 0.0 0.043 -0.166 -0.62 0.0 -0.781 0.076 -0.986 -0.0 0.124 0.107 0.647 -0.0 -0.678 -0.349 0.931 0.0 -0.154 0.331 
0.301 -0.018 -0.001 -0.954 -0.728 -0.0 -0.685 0.005 -0.952 -0.0 0.075 -0.296 0.731 0.0 -0.674 0.106 0.985 -0.0 0.041 -0.165 -0.619 0.0 -0.781 0.084 -0.987 -0.0 0.125 0.104 0.648 0.0 -0.678 -0.348 0.94 0.0 -0.135 0.312 
0.297 -0.015 -0.001 -0.955 -0.727 0.0 -0.686 -0.003 -0.951 0.0 0.076 -0.301 0.732 -0.0 -0.672 0.11 0.985 0.0 0.043 -0.165 -0.619 -0.0 -0.78 0.093 -0.987 -0.0 0.125 0.101 0.649 0.0 -0.677 -0.346 0.95 0.0 -0.117 0.291 
0.294 -0.013 -0.001 -0.956 -0.726 -0.0 -0.688 -0.01 -0.949 -0.0 0.077 -0.306 0.733 0.0 -0.67 0.116 0.985 0.0 0.043 -0.167 -0.619 -0.0 -0.779 0.103 -0.987 -0.0 0.126 0.097 0.65 0.0 -0.678 -0.343 0.957 0.0 -0.093 0.273 
0.291 -0.012 -0.001 -0.957 -0.725 0.0 -0.688 -0.017 -0.947 -0.0 0.077 -0.311 0.734 0.0 -0.669 0.121 0.985 0.0 0.044 -0.167 -0.619 0.0 -0.777 0.113 -0.988 -0.0 0.126 0.093 0.651 0.0 -0.68 -0.338 0.965 0.0 -0.07 0.252 
0.288 -0.009 -0.001 -0.958 -0.724 -0.0 -0.689 -0.024 -0.946 0.0 0.077 -0.315 0.735 0.0 -0.667 0.125 0.985 0.0 0.044 -0.167 -0.618 -0.0 -0.776 0.122 -0.988 -0.0 0.126 0.089 0.651 0.0 -0.682 -0.334 0.972 0.0 -0.047 0.23 
0.286 -0.007 -0.002 -0.958 -0.722 -0.0 -0.691 -0.03 -0.944 -0.0 0.079 -0.319 0.736 0.0 -0.665 0.13 0.985 0.0 0.044 -0.167 -0.618 0.0 -0.775 0.132 -0.988 -0.0 0.126 0.085 0.652 0.0 -0.683 -0.33 0.977 0.0 -0.026 0.21 
0.283 -0.005 -0.002 -0.959 -0.721 -0.0 -0.692 -0.036 -0.943 -0.0 0.081 -0.324 0.736 0.0 -0.663 0.134 0.985 -0.0 0.044 -0.167 -0.618 -0.0 -0.773 0.142 -0.989 -0.0 0.126 0.082 0.652 0.0 -0.685 -0.325 0.982 0.0 -0.004 0.188 
0.281 -0.003 -0.002 -0.96 -0.72 -0.0 -0.692 -0.041 -0.941 -0.0 0.081 -0.329 0.737 0.0 -0.661 0.137 0.986 0.0 0.045 -0.162 -0.618 -0.0 -0.771 0.152 -0.989 -0.0 0.126 0.079 0.652 0.0 -0.688 -0.319 0.986 -0.0 0.015 0.166 
0.279 -0.001 -0.003 -0.96 -0.719 -0.0 -0.694 -0.046 -0.939 -0.0 0.082 -0.333 0.738 -0.0 -0.659 0.142 0.985 0.0 0.045 -0.164 -0.618 -0.0 -0.769 0.162 -0.989 -0.0 0.126 0.077 0.651 0.0 -0.692 -0.312 0.989 0.0 0.034 0.144 
0.278 0.001 -0.004 -0.961 -0.717 -0.0 -0.695 -0.05 -0.938 -0.0 0.083 -0.338 0.739 -0.0 -0.658 0.145 0.986 -0.0 0.045 -0.161 -0.618 -0.0 -0.768 0.171 -0.989 -0.0 0.127 0.077 0.651 0.0 -0.694 -0.307 0.991 -0.0 0.05 0.124 
0.277 0.004 -0.005 -0.961 -0.715 -0.0 -0.697 -0.054 -0.936 -0.0 0.085 -0.342 0.741 0.0 -0.655 0.147 0.986 0.0 0.044 -0.158 -0.617 -0.0 -0.766 0.179 -0.989 -0.0 0.128 0.078 0.651 0.0 -0.696 -0.302 0.992 -0.0 0.062 0.106 
0.276 0.005 -0.005 -0.961 -0.714 -0.0 -0.698 -0.058 -0.934 0.0 0.086 -0.346 0.742 -0.0 -0.653 0.151 0.987 0.0 0.043 -0.158 -0.617 -0.0 -0.765 0.187 -0.988 -0.0 0.129 0.079 0.651 0.0 -0.698 -0.299 0.993 0.0 0.071 0.093 
0.275 0.007 -0.006 -0.961 -0.712 -0.0 -0.699 -0.06 -0.933 -0.0 0.088 -0.35 0.743 -0.0 -0.652 0.154 0.987 0.0 0.043 -0.157 -0.617 -0.0 -0.763 0.194 -0.988 -0.0 0.131 0.081 0.65 0.0 -0.698 -0.299 0.993 0.0 0.076 0.085 
0.276 0.008 -0.007 -0.961 -0.711 0.0 -0.7 -0.063 -0.931 -0.0 0.091 -0.353 0.744 0.0 -0.65 0.156 0.987 -0.0 0.042 -0.154 -0.617 -0.0 -0.761 0.2 -0.988 -0.0 0.133 0.084 0.65 0.0 -0.698 -0.301 0.994 0.0 0.076 0.083 
0.276 0.009 -0.008 -0.961 -0.712 -0.0 -0.7 -0.065 -0.93 -0.0 0.092 -0.356 0.744 0.0 -0.649 0.156 0.988 0.0 0.041 -0.15 -0.617 -0.0 -0.759 0.207 -0.987 -0.0 0.135 0.087 0.649 -0.0 -0.696 -0.306 0.993 0.0 0.074 0.089 
0.277 0.009 -0.01 -0.961 -0.711 -0.0 -0.7 -0.064 -0.929 -0.0 0.093 -0.358 0.747 0.0 -0.648 0.153 0.989 0.0 0.039 -0.141 -0.618 -0.0 -0.756 0.215 -0.986 -0.0 0.137 0.091 0.647 0.0 -0.696 -0.31 0.993 0.0 0.07 0.099 
0.278 0.009 -0.011 -0.961 -0.711 -0.0 -0.7 -0.066 -0.928 -0.0 0.095 -0.359 0.747 0.0 -0.647 0.154 0.99 0.0 0.038 -0.138 -0.619 -0.0 -0.754 0.221 -0.986 -0.0 0.14 0.096 0.645 0.0 -0.695 -0.317 0.992 0.0 0.063 0.113 
0.279 0.008 -0.012 -0.96 -0.712 0.0 -0.699 -0.066 -0.928 -0.0 0.096 -0.36 0.747 0.0 -0.647 0.155 0.99 0.0 0.036 -0.134 -0.62 -0.0 -0.751 0.228 -0.985 -0.0 0.143 0.101 0.643 0.0 -0.695 -0.321 0.99 0.0 0.056 0.126 
0.279 0.007 -0.014 -0.96 -0.712 -0.0 -0.699 -0.067 -0.928 -0.0 0.097 -0.361 0.747 -0.0 -0.647 0.156 0.991 -0.0 0.035 -0.13 -0.621 -0.0 -0.748 0.233 -0.983 -0.0 0.146 0.107 0.641 -0.0 -0.695 -0.326 0.989 0.0 0.048 0.142 
0.28 0.006 -0.015 -0.96 -0.712 -0.0 -0.699 -0.067 -0.928 -0.0 0.1 -0.36 0.745 0.0 -0.647 0.16 0.991 0.0 0.034 -0.129 -0.623 -0.0 -0.745 0.238 -0.982 -0.0 0.149 0.114 0.639 -0.0 -0.695 -0.33 0.987 0.0 0.039 0.158 
0.28 0.005 -0.017 -0.96 -0.712 0.0 -0.699 -0.066 -0.928 -0.0 0.101 -0.359 0.745 0.0 -0.647 0.161 0.992 0.0 0.033 -0.126 -0.625 -0.0 -0.742 0.243 -0.981 -0.0 0.153 0.122 0.636 0.0 -0.697 -0.332 0.985 0.0 0.033 0.171 
0.281 0.003 -0.02 -0.96 -0.713 -0.0 -0.698 -0.065 -0.928 -0.0 0.1 -0.358 0.745 0.0 -0.647 0.163 0.992 0.0 0.032 -0.123 -0.627 -0.0 -0.738 0.249 -0.979 0.0 0.156 0.13 0.633 0.0 -0.7 -0.33 0.983 0.0 0.032 0.178 
0.282 0.001 -0.023 -0.959 -0.715 0.0 -0.697 -0.061 -0.929 -0.0 0.1 -0.358 0.744 0.0 -0.648 0.165 0.992 0.0 0.031 -0.121 -0.629 -0.0 -0.735 0.255 -0.977 0.0 0.16 0.138 0.629 0.0 -0.706 -0.325 0.983 0.0 0.036 0.182 
0.283 -0.001 -0.025 -0.959 -0.715 -0.0 -0.697 -0.057 -0.929 -0.0 0.101 -0.356 0.743 0.0 -0.648 0.167 0.992 -0.0 0.03 -0.119 -0.631 -0.0 -0.731 0.259 -0.975 -0.0 0.164 0.147 0.626 0.0 -0.711 -0.32 0.981 -0.0 0.035 0.188 
0.285 -0.004 -0.027 -0.958 -0.716 -0.0 -0.696 -0.054 -0.929 -0.0 0.102 -0.355 0.741 0.0 -0.65 0.169 0.993 0.0 0.029 -0.118 -0.633 -0.0 -0.729 0.26 -0.973 -0.0 0.166 0.16 0.622 0.0 -0.716 -0.317 0.979 0.0 0.032 0.199 
0.287 -0.008 -0.029 -0.958 -0.719 -0.0 -0.693 -0.05 -0.93 -0.0 0.103 -0.352 0.738 0.0 -0.652 0.171 0.993 -0.0 0.028 -0.117 -0.638 -0.0 -0.726 0.257 -0.97 -0.0 0.168 0.178 0.617 -0.0 -0.721 -0.315 0.977 0.0 0.028 0.212 
0.289 -0.014 -0.03 -0.957 -0.722 -0.0 -0.69 -0.046 -0.932 -0.0 0.102 -0.349 0.735 0.0 -0.656 0.172 0.993 0.0 0.027 -0.116 -0.643 -0.0 -0.722 0.255 -0.966 -0.0 0.168 0.194 0.611 -0.0 -0.728 -0.312 0.974 -0.0 0.026 0.223 
0.292 -0.02 -0.031 -0.956 -0.726 -0.0 -0.686 -0.042 -0.933 -0.0 0.103 -0.344 0.731 0.0 -0.66 0.174 0.993 0.0 0.025 -0.116 -0.649 -0.0 -0.719 0.25 -0.963 -0.0 0.167 0.213 0.604 0.0 -0.734 -0.31 0.972 0.0 0.024 0.235 
0.295 -0.026 -0.032 -0.954 -0.73 -0.0 -0.683 -0.039 -0.935 0.0 0.105 -0.338 0.727 0.0 -0.664 0.175 0.993 0.0 0.024 -0.115 -0.654 0.0 -0.717 0.242 -0.958 -0.0 0.164 0.234 0.598 0.0 -0.74 -0.308 0.969 0.0 0.021 0.245 
0.299 -0.031 -0.032 -0.953 -0.733 -0.0 -0.679 -0.035 -0.937 -0.0 0.105 -0.332 0.723 0.0 -0.667 0.181 0.992 0.0 0.021 -0.124 -0.659 -0.0 -0.715 0.233 -0.953 0.0 0.16 0.257 0.593 0.0 -0.746 -0.302 0.968 0.0 0.019 0.252 
0.303 -0.036 -0.033 -0.952 -0.737 -0.0 -0.676 -0.032 -0.94 -0.0 0.108 -0.324 0.721 0.0 -0.67 0.176 0.993 0.0 0.019 -0.118 -0.664 -0.0 -0.714 0.221 -0.947 -0.0 0.155 0.282 0.589 0.0 -0.754 -0.292 0.967 0.0 0.02 0.254 
0.307 -0.041 -0.033 -0.95 -0.739 -0.0 -0.673 -0.029 -0.942 -0.0 0.109 -0.317 0.719 0.0 -0.673 0.175 0.993 0.0 0.017 -0.119 -0.669 -0.0 -0.715 0.206 -0.939 -0.0 0.148 0.312 0.584 0.0 -0.76 -0.284 0.966 0.0 0.021 0.257 
0.311 -0.045 -0.033 -0.949 -0.741 -0.0 -0.671 -0.026 -0.944 -0.0 0.111 -0.31 0.717 0.0 -0.675 0.174 0.993 0.0 0.015 -0.12 -0.672 -0.0 -0.716 0.188 -0.929 -0.0 0.139 0.343 0.58 0.0 -0.767 -0.274 0.966 0.0 0.023 0.257 
0.314 -0.048 -0.032 -0.948 -0.743 -0.0 -0.669 -0.022 -0.946 -0.0 0.112 -0.304 0.715 0.0 -0.677 0.172 0.992 0.0 0.012 -0.123 -0.676 -0.0 -0.717 0.169 -0.919 -0.0 0.128 0.372 0.577 0.0 -0.774 -0.263 0.966 0.0 0.027 0.256 
0.317 -0.05 -0.032 -0.947 -0.743 -0.0 -0.669 -0.019 -0.948 -0.0 0.113 -0.297 0.715 0.0 -0.679 0.169 0.992 0.0 0.009 -0.124 -0.679 -0.0 -0.718 0.151 -0.91 -0.0 0.116 0.398 0.574 0.0 -0.779 -0.252 0.966 -0.0 0.03 0.255 
0.32 -0.051 -0.032 -0.946 -0.743 0.0 -0.669 -0.014 -0.95 -0.0 0.114 -0.292 0.716 -0.0 -0.678 0.167 0.992 0.0 0.004 -0.128 -0.682 -0.0 -0.72 0.13 -0.9 -0.0 0.101 0.425 0.572 -0.0 -0.785 -0.237 0.968 0.0 0.036 0.249 
0.322 -0.052 -0.031 -0.945 -0.742 -0.0 -0.67 -0.01 -0.951 -0.0 0.115 -0.286 0.716 0.0 -0.679 0.162 0.992 0.0 0.0 -0.13 -0.683 -0.0 -0.722 0.108 -0.89 -0.0 0.084 0.449 0.571 0.0 -0.79 -0.224 0.969 0.0 0.042 0.245 
0.323 -0.052 -0.031 -0.944 -0.741 -0.0 -0.671 -0.006 -0.953 -0.0 0.115 -0.281 0.717 0.0 -0.679 0.158 0.991 0.0 -0.002 -0.132 -0.685 -0.0 -0.724 0.085 -0.88 -0.0 0.067 0.47 0.57 0.0 -0.795 -0.21 0.97 0.0 0.047 0.24 
0.322 -0.051 -0.031 -0.945 -0.739 -0.0 -0.673 -0.001 -0.954 -0.0 0.114 -0.277 0.718 0.0 -0.679 0.154 0.991 0.0 -0.004 -0.135 -0.685 -0.0 -0.726 0.062 -0.87 -0.0 0.051 0.49 0.568 0.0 -0.8 -0.193 0.971 0.0 0.057 0.233 
0.324 -0.05 -0.03 -0.944 -0.738 0.0 -0.675 0.004 -0.955 -0.0 0.114 -0.273 0.719 0.0 -0.679 0.149 0.99 -0.0 -0.006 -0.141 -0.686 -0.0 -0.727 0.037 -0.86 -0.0 0.028 0.509 0.569 0.0 -0.802 -0.181 0.972 0.0 0.061 0.228 
0.326 -0.048 -0.03 -0.944 -0.736 0.0 -0.677 0.007 -0.957 -0.0 0.114 -0.267 0.721 0.0 -0.678 0.143 0.99 0.0 -0.009 -0.144 -0.686 -0.0 -0.727 0.012 -0.85 -0.0 0.004 0.526 0.568 0.0 -0.805 -0.17 0.972 0.0 0.067 0.224 
0.327 -0.047 -0.029 -0.944 -0.735 -0.0 -0.679 0.01 -0.959 -0.0 0.113 -0.261 0.722 0.0 -0.678 0.137 0.989 0.0 -0.012 -0.147 -0.687 -0.0 -0.727 -0.014 -0.841 -0.0 -0.021 0.541 0.569 0.0 -0.807 -0.157 0.973 -0.0 0.071 0.218 
0.33 -0.045 -0.028 -0.942 -0.733 0.0 -0.68 0.013 -0.961 0.0 0.113 -0.254 0.724 -0.0 -0.677 0.13 0.989 0.0 -0.015 -0.148 -0.688 -0.0 -0.725 -0.04 -0.832 -0.0 -0.048 0.552 0.569 -0.0 -0.809 -0.147 0.974 -0.0 0.076 0.214 
0.333 -0.044 -0.028 -0.942 -0.732 -0.0 -0.681 0.017 -0.962 -0.0 0.113 -0.247 0.727 -0.0 -0.676 0.118 0.989 0.0 -0.019 -0.145 -0.688 0.0 -0.723 -0.064 -0.826 -0.0 -0.074 0.559 0.57 0.0 -0.81 -0.136 0.975 0.0 0.079 0.21 
0.335 -0.043 -0.027 -0.941 -0.731 -0.0 -0.683 0.02 -0.964 -0.0 0.112 -0.241 0.729 0.0 -0.676 0.111 0.989 0.0 -0.023 -0.147 -0.688 -0.0 -0.72 -0.088 -0.82 -0.0 -0.099 0.563 0.57 0.0 -0.812 -0.126 0.975 0.0 0.084 0.205 
0.338 -0.041 -0.026 -0.94 -0.729 -0.0 -0.684 0.023 -0.966 -0.0 0.111 -0.234 0.729 0.0 -0.676 0.109 0.988 0.0 -0.025 -0.155 -0.688 -0.0 -0.717 -0.111 -0.818 -0.0 -0.123 0.563 0.571 0.0 -0.813 -0.114 0.976 -0.0 0.088 0.198 
0.345 -0.039 -0.024 -0.937 -0.729 0.0 -0.684 0.027 -0.967 -0.0 0.111 -0.229 0.731 0.0 -0.676 0.097 0.988 0.0 -0.027 -0.154 -0.689 -0.0 -0.712 -0.135 -0.815 -0.0 -0.151 0.559 0.572 0.0 -0.813 -0.111 0.976 0.0 0.089 0.198 
0.348 -0.037 -0.024 -0.936 -0.727 -0.0 -0.686 0.031 -0.969 -0.0 0.11 -0.223 0.732 0.0 -0.675 0.09 0.987 0.0 -0.029 -0.157 -0.688 -0.0 -0.708 -0.156 -0.814 -0.0 -0.172 0.555 0.573 0.0 -0.813 -0.1 0.977 0.0 0.092 0.194 
0.351 -0.035 -0.023 -0.935 -0.725 -0.0 -0.688 0.037 -0.969 0.0 0.108 -0.22 0.734 -0.0 -0.674 0.082 0.987 0.0 -0.031 -0.159 -0.688 -0.0 -0.704 -0.175 -0.814 -0.0 -0.19 0.549 0.573 0.0 -0.814 -0.089 0.977 0.0 0.099 0.189 
0.355 -0.033 -0.023 -0.934 -0.723 -0.0 -0.69 0.045 -0.97 -0.0 0.107 -0.218 0.736 0.0 -0.673 0.073 0.986 0.0 -0.033 -0.162 -0.687 0.0 -0.7 -0.194 -0.815 -0.0 -0.208 0.541 0.575 0.0 -0.815 -0.078 0.978 0.0 0.103 0.184 
0.361 -0.031 -0.023 -0.932 -0.72 -0.0 -0.692 0.053 -0.97 -0.0 0.106 -0.217 0.738 0.0 -0.672 0.065 0.986 -0.0 -0.035 -0.165 -0.688 -0.0 -0.695 -0.209 -0.818 -0.0 -0.223 0.53 0.576 0.0 -0.815 -0.066 0.978 0.0 0.108 0.179 
0.363 -0.028 -0.023 -0.931 -0.716 -0.0 -0.695 0.061 -0.971 -0.0 0.107 -0.215 0.74 0.0 -0.67 0.057 0.985 0.0 -0.037 -0.167 -0.686 -0.0 -0.692 -0.225 -0.822 -0.0 -0.235 0.52 0.579 0.0 -0.813 -0.055 0.979 0.0 0.11 0.174 
0.367 -0.026 -0.022 -0.929 -0.714 -0.0 -0.697 0.069 -0.971 -0.0 0.106 -0.213 0.742 0.0 -0.669 0.048 0.985 -0.0 -0.039 -0.17 -0.685 -0.0 -0.687 -0.241 -0.826 -0.0 -0.246 0.507 0.581 0.0 -0.813 -0.045 0.979 0.0 0.113 0.17 
0.372 -0.024 -0.022 -0.928 -0.711 -0.0 -0.7 0.076 -0.972 -0.0 0.107 -0.211 0.743 -0.0 -0.668 0.039 0.984 0.0 -0.04 -0.172 -0.685 -0.0 -0.682 -0.256 -0.831 -0.0 -0.255 0.494 0.582 0.0 -0.812 -0.033 0.98 0.0 0.118 0.163 
0.377 -0.022 -0.022 -0.926 -0.708 -0.0 -0.701 0.085 -0.972 0.0 0.105 -0.21 0.745 0.0 -0.667 0.029 0.983 0.0 -0.045 -0.176 -0.685 0.0 -0.678 -0.267 -0.839 -0.0 -0.26 0.478 0.583 -0.0 -0.812 -0.021 0.98 0.0 0.123 0.156 
0.379 -0.019 -0.021 -0.925 -0.704 -0.0 -0.704 0.092 -0.972 -0.0 0.105 -0.209 0.747 0.0 -0.665 0.021 0.983 0.0 -0.045 -0.179 -0.683 -0.0 -0.674 -0.283 -0.846 -0.0 -0.263 0.464 0.587 0.0 -0.81 -0.01 0.981 0.0 0.125 0.15 
0.384 -0.017 -0.021 -0.923 -0.701 -0.0 -0.706 0.1 -0.973 -0.0 0.105 -0.207 0.747 0.0 -0.664 0.012 0.982 0.0 -0.048 -0.181 -0.683 -0.0 -0.67 -0.291 -0.854 0.0 -0.264 0.448 0.588 0.0 -0.809 0.004 0.982 0.0 0.128 0.142 
0.389 -0.016 -0.02 -0.921 -0.699 0.0 -0.707 0.106 -0.973 -0.0 0.107 -0.203 0.748 -0.0 -0.663 0.004 0.982 0.0 -0.051 -0.184 -0.682 -0.0 -0.666 -0.301 -0.862 -0.0 -0.263 0.432 0.59 0.0 -0.807 0.013 0.982 -0.0 0.13 0.137 
0.392 -0.015 -0.019 -0.919 -0.697 -0.0 -0.709 0.112 -0.974 -0.0 0.108 -0.2 0.749 -0.0 -0.663 -0.007 0.981 0.0 -0.053 -0.185 -0.683 0.0 -0.661 -0.311 -0.871 -0.0 -0.26 0.417 0.591 0.0 -0.806 0.026 0.983 0.0 0.132 0.128 
0.397 -0.014 -0.019 -0.917 -0.695 -0.0 -0.709 0.119 -0.975 -0.0 0.107 -0.197 0.749 0.0 -0.663 -0.015 0.981 0.0 -0.055 -0.188 -0.683 -0.0 -0.658 -0.318 -0.882 -0.0 -0.252 0.398 0.593 0.0 -0.804 0.037 0.984 0.0 0.133 0.121 
0.401 -0.015 -0.018 -0.916 -0.693 -0.0 -0.71 0.124 -0.975 0.0 0.109 -0.193 0.749 -0.0 -0.663 -0.024 0.98 0.0 -0.057 -0.19 -0.684 0.0 -0.653 -0.324 -0.893 0.0 -0.244 0.378 0.594 0.0 -0.803 0.048 0.984 0.0 0.134 0.115 
0.405 -0.015 -0.016 -0.914 -0.692 -0.0 -0.71 0.129 -0.976 -0.0 0.11 -0.19 0.747 0.0 -0.664 -0.032 0.979 -0.0 -0.059 -0.193 -0.685 -0.0 -0.649 -0.331 -0.902 -0.0 -0.233 0.365 0.595 0.0 -0.802 0.058 0.985 0.0 0.134 0.11 
0.41 -0.016 -0.015 -0.912 -0.691 -0.0 -0.71 0.136 -0.976 -0.0 0.112 -0.189 0.747 0.0 -0.664 -0.04 0.979 0.0 -0.063 -0.196 -0.685 -0.0 -0.648 -0.333 -0.909 -0.0 -0.22 0.354 0.596 0.0 -0.8 0.069 0.985 0.0 0.135 0.104 
0.413 -0.018 -0.014 -0.91 -0.691 -0.0 -0.709 0.141 -0.976 -0.0 0.111 -0.187 0.745 0.0 -0.665 -0.048 0.978 -0.0 -0.065 -0.199 -0.687 -0.0 -0.645 -0.335 -0.92 0.0 -0.203 0.336 0.596 0.0 -0.799 0.078 0.986 0.0 0.135 0.101 
0.417 -0.019 -0.012 -0.908 -0.69 -0.0 -0.709 0.146 -0.976 -0.0 0.113 -0.184 0.744 0.0 -0.666 -0.055 0.977 0.0 -0.067 -0.203 -0.688 0.0 -0.643 -0.335 -0.931 -0.0 -0.182 0.316 0.597 0.0 -0.798 0.086 0.986 0.0 0.135 0.098 
0.421 -0.02 -0.01 -0.907 -0.689 -0.0 -0.709 0.15 -0.977 -0.0 0.115 -0.181 0.742 0.0 -0.668 -0.062 0.976 0.0 -0.069 -0.207 -0.689 -0.0 -0.642 -0.335 -0.941 -0.0 -0.161 0.297 0.597 -0.0 -0.797 0.095 0.986 0.0 0.135 0.095 
0.424 -0.022 -0.009 -0.905 -0.688 -0.0 -0.709 0.154 -0.977 -0.0 0.117 -0.179 0.74 0.0 -0.669 -0.069 0.975 -0.0 -0.071 -0.211 -0.69 -0.0 -0.641 -0.335 -0.95 -0.0 -0.14 0.28 0.597 0.0 -0.796 0.103 0.987 0.0 0.135 0.091 
0.428 -0.024 -0.007 -0.904 -0.688 -0.0 -0.708 0.157 -0.978 -0.0 0.118 -0.175 0.738 0.0 -0.67 -0.075 0.974 0.0 -0.073 -0.215 -0.692 -0.0 -0.641 -0.333 -0.959 -0.0 -0.118 0.259 0.597 0.0 -0.795 0.111 0.987 0.0 0.135 0.089 
0.431 -0.026 -0.005 -0.902 -0.688 -0.0 -0.707 0.161 -0.978 0.0 0.12 -0.172 0.736 0.0 -0.672 -0.081 0.973 0.0 -0.074 -0.22 -0.694 -0.0 -0.64 -0.331 -0.966 -0.0 -0.096 0.238 0.597 0.0 -0.794 0.118 0.987 0.0 0.135 0.087 
0.434 -0.028 -0.003 -0.901 -0.688 -0.0 -0.707 0.164 -0.978 -0.0 0.121 -0.169 0.733 -0.0 -0.674 -0.086 0.971 -0.0 -0.076 -0.225 -0.695 -0.0 -0.64 -0.327 -0.973 -0.0 -0.072 0.217 0.596 0.0 -0.793 0.126 0.987 0.0 0.135 0.086 
0.436 -0.031 -0.001 -0.899 -0.688 -0.0 -0.706 0.168 -0.978 -0.0 0.124 -0.166 0.731 0.0 -0.676 -0.091 0.97 0.0 -0.079 -0.229 -0.696 -0.0 -0.641 -0.323 -0.979 -0.0 -0.05 0.198 0.596 0.0 -0.792 0.133 0.987 0.0 0.135 0.086 
0.439 -0.033 0.001 -0.898 -0.689 -0.0 -0.705 0.17 -0.979 -0.0 0.126 -0.162 0.728 0.0 -0.679 -0.095 0.969 0.0 -0.079 -0.235 -0.697 -0.0 -0.641 -0.319 -0.984 -0.0 -0.027 0.177 0.596 -0.0 -0.791 0.139 0.987 0.0 0.134 0.086 
0.44 -0.036 0.003 -0.897 -0.69 0.0 -0.703 0.175 -0.979 -0.0 0.126 -0.162 0.725 0.0 -0.681 -0.099 0.968 0.0 -0.079 -0.24 -0.698 -0.0 -0.642 -0.317 -0.987 -0.0 -0.009 0.16 0.595 0.0 -0.791 0.144 0.987 -0.0 0.135 0.089 
0.442 -0.039 0.004 -0.896 -0.69 -0.0 -0.702 0.178 -0.979 -0.0 0.128 -0.159 0.723 -0.0 -0.684 -0.102 0.966 0.0 -0.079 -0.245 -0.699 -0.0 -0.642 -0.314 -0.99 -0.0 0.01 0.143 0.594 0.0 -0.79 0.151 0.986 0.0 0.137 0.09 
0.443 -0.042 0.005 -0.895 -0.69 -0.0 -0.7 0.182 -0.979 -0.0 0.129 -0.157 0.72 0.0 -0.686 -0.105 0.965 0.0 -0.08 -0.25 -0.7 -0.0 -0.643 -0.311 -0.991 -0.0 0.026 0.128 0.594 0.0 -0.789 0.157 0.986 0.0 0.138 0.093 
0.444 -0.043 0.006 -0.895 -0.69 -0.0 -0.699 0.186 -0.979 -0.0 0.13 -0.156 0.718 0.0 -0.688 -0.107 0.964 -0.0 -0.08 -0.254 -0.699 -0.0 -0.644 -0.309 -0.993 0.0 0.039 0.116 0.594 0.0 -0.787 0.165 0.986 -0.0 0.14 0.093 
0.445 -0.045 0.007 -0.895 -0.69 -0.0 -0.699 0.19 -0.979 0.0 0.132 -0.154 0.717 -0.0 -0.689 -0.109 0.963 0.0 -0.08 -0.258 -0.698 -0.0 -0.647 -0.309 -0.993 -0.0 0.051 0.106 0.594 0.0 -0.786 0.169 0.985 0.0 0.143 0.098 
0.446 -0.045 0.007 -0.894 -0.689 -0.0 -0.699 0.194 -0.979 -0.0 0.132 -0.153 0.715 0.0 -0.69 -0.111 0.962 0.0 -0.079 -0.261 -0.696 -0.0 -0.65 -0.307 -0.993 -0.0 0.059 0.098 0.596 0.0 -0.784 0.176 0.984 -0.0 0.146 0.1 
0.446 -0.046 0.007 -0.894 -0.688 -0.0 -0.698 0.198 -0.98 0.0 0.132 -0.152 0.714 0.0 -0.691 -0.112 0.961 0.0 -0.078 -0.264 -0.695 -0.0 -0.65 -0.307 -0.993 -0.0 0.062 0.095 0.597 0.0 -0.782 0.181 0.983 0.0 0.149 0.103 
0.445 -0.047 0.006 -0.894 -0.687 0.0 -0.698 0.203 -0.98 0.0 0.132 -0.15 0.713 0.0 -0.692 -0.113 0.961 0.0 -0.076 -0.266 -0.694 -0.0 -0.651 -0.309 -0.993 -0.0 0.061 0.097 0.597 0.0 -0.78 0.185 0.982 0.0 0.154 0.109 
0.444 -0.047 0.005 -0.895 -0.686 -0.0 -0.698 0.207 -0.98 -0.0 0.133 -0.149 0.712 0.0 -0.693 -0.11 0.959 0.0 -0.073 -0.272 -0.692 0.0 -0.651 -0.312 -0.993 -0.0 0.057 0.103 0.599 0.0 -0.778 0.192 0.981 0.0 0.157 0.112 
0.443 -0.047 0.005 -0.895 -0.685 0.0 -0.697 0.211 -0.98 -0.0 0.132 -0.149 0.712 0.0 -0.693 -0.111 0.959 0.0 -0.071 -0.273 -0.689 -0.0 -0.652 -0.317 -0.992 -0.0 0.052 0.113 0.6 -0.0 -0.776 0.195 0.98 0.0 0.16 0.118 
0.441 -0.047 0.003 -0.896 -0.684 0.0 -0.697 0.217 -0.98 -0.0 0.131 -0.149 0.712 -0.0 -0.693 -0.114 0.96 0.0 -0.066 -0.272 -0.686 -0.0 -0.654 -0.32 -0.991 -0.0 0.045 0.124 0.602 0.0 -0.773 0.202 0.979 0.0 0.164 0.123 
0.439 -0.046 0.001 -0.897 -0.683 -0.0 -0.696 0.222 -0.98 -0.0 0.13 -0.149 0.712 0.0 -0.693 -0.114 0.96 0.0 -0.063 -0.272 -0.682 0.0 -0.656 -0.323 -0.99 -0.0 0.038 0.136 0.603 0.0 -0.771 0.207 0.977 0.0 0.169 0.129 
0.437 -0.046 -0.0 -0.898 -0.682 -0.0 -0.696 0.226 -0.98 -0.0 0.129 -0.149 0.712 0.0 -0.693 -0.113 0.96 0.0 -0.06 -0.272 -0.679 -0.0 -0.657 -0.327 -0.988 -0.0 0.027 0.15 0.604 0.0 -0.769 0.209 0.975 0.0 0.173 0.137 
0.435 -0.046 -0.002 -0.899 -0.681 -0.0 -0.695 0.231 -0.98 -0.0 0.129 -0.149 0.712 0.0 -0.693 -0.112 0.961 0.0 -0.056 -0.272 -0.676 0.0 -0.658 -0.33 -0.987 -0.0 0.018 0.162 0.606 -0.0 -0.766 0.215 0.974 0.0 0.176 0.142 
0.433 -0.046 -0.004 -0.9 -0.68 -0.0 -0.694 0.235 -0.981 -0.0 0.128 -0.149 0.711 0.0 -0.694 -0.11 0.961 0.0 -0.052 -0.272 -0.674 -0.0 -0.661 -0.33 -0.986 -0.0 0.014 0.167 0.607 0.0 -0.763 0.221 0.972 0.0 0.18 0.149 
0.43 -0.046 -0.006 -0.901 -0.68 -0.0 -0.693 0.238 -0.981 -0.0 0.128 -0.147 0.711 0.0 -0.695 -0.108 0.961 0.0 -0.049 -0.271 -0.671 -0.0 -0.665 -0.329 -0.986 -0.0 0.013 0.169 0.609 0.0 -0.76 0.227 0.971 0.0 0.183 0.155 
0.428 -0.047 -0.009 -0.903 -0.679 -0.0 -0.694 0.241 -0.981 -0.0 0.129 -0.146 0.711 0.0 -0.695 -0.104 0.962 -0.0 -0.046 -0.271 -0.668 -0.0 -0.671 -0.323 -0.985 -0.0 0.013 0.171 0.61 0.0 -0.757 0.233 0.969 0.0 0.186 0.161 
0.425 -0.047 -0.012 -0.904 -0.678 -0.0 -0.693 0.245 -0.981 -0.0 0.127 -0.146 0.711 0.0 -0.696 -0.101 0.962 0.0 -0.042 -0.269 -0.664 0.0 -0.676 -0.318 -0.984 -0.0 0.011 0.176 0.613 0.0 -0.754 0.238 0.967 0.0 0.189 0.169 
0.423 -0.046 -0.015 -0.905 -0.677 -0.0 -0.692 0.25 -0.981 -0.0 0.126 -0.147 0.712 0.0 -0.695 -0.097 0.963 0.0 -0.039 -0.268 -0.662 -0.0 -0.681 -0.313 -0.982 -0.0 0.008 0.188 0.616 0.0 -0.75 0.242 0.966 -0.0 0.191 0.177 
0.421 -0.044 -0.019 -0.906 -0.675 -0.0 -0.693 0.253 -0.981 -0.0 0.125 -0.146 0.713 0.0 -0.695 -0.093 0.963 0.0 -0.037 -0.265 -0.658 -0.0 -0.686 -0.31 -0.98 -0.0 0.003 0.197 0.62 -0.0 -0.746 0.244 0.963 -0.0 0.192 0.188 
0.418 -0.042 -0.022 -0.907 -0.673 -0.0 -0.694 0.256 -0.982 -0.0 0.122 -0.146 0.715 0.0 -0.694 -0.086 0.964 0.0 -0.034 -0.265 -0.653 -0.0 -0.691 -0.31 -0.978 -0.0 -0.002 0.208 0.624 -0.0 -0.742 0.244 0.961 0.0 0.192 0.199 
0.415 -0.039 -0.025 -0.908 -0.671 -0.0 -0.696 0.257 -0.982 -0.0 0.121 -0.144 0.718 0.0 -0.692 -0.081 0.965 0.0 -0.031 -0.262 -0.648 -0.0 -0.696 -0.307 -0.976 -0.0 -0.006 0.218 0.629 0.0 -0.739 0.242 0.958 0.0 0.192 0.213 
0.412 -0.035 -0.029 -0.91 -0.668 -0.0 -0.698 0.258 -0.982 -0.0 0.121 -0.144 0.721 0.0 -0.689 -0.076 0.965 -0.0 -0.03 -0.259 -0.643 0.0 -0.703 -0.304 -0.974 -0.0 -0.008 0.227 0.634 0.0 -0.736 0.236 0.955 0.0 0.189 0.23 
0.41 -0.032 -0.033 -0.911 -0.666 -0.0 -0.699 0.261 -0.982 0.0 0.117 -0.145 0.724 0.0 -0.686 -0.073 0.967 -0.0 -0.028 -0.254 -0.64 -0.0 -0.709 -0.296 -0.973 -0.0 -0.009 0.232 0.639 0.0 -0.733 0.231 0.951 0.0 0.187 0.247 
0.406 -0.029 -0.036 -0.913 -0.666 -0.0 -0.7 0.259 -0.983 -0.0 0.115 -0.144 0.727 0.0 -0.683 -0.067 0.968 0.0 -0.027 -0.25 -0.636 -0.0 -0.715 -0.289 -0.972 -0.0 -0.01 0.234 0.644 0.0 -0.732 0.221 0.946 -0.0 0.184 0.268 
0.403 -0.025 -0.038 -0.914 -0.665 -0.0 -0.702 0.255 -0.983 -0.0 0.113 -0.143 0.729 0.0 -0.682 -0.06 0.968 0.0 -0.025 -0.248 -0.632 -0.0 -0.721 -0.282 -0.972 -0.0 -0.011 0.236 0.648 0.0 -0.733 0.208 0.94 0.0 0.178 0.291 
0.4 -0.022 -0.04 -0.915 -0.664 -0.0 -0.704 0.251 -0.984 -0.0 0.111 -0.142 0.732 0.0 -0.68 -0.056 0.969 -0.0 -0.022 -0.245 -0.627 -0.0 -0.728 -0.276 -0.971 -0.0 -0.01 0.238 0.652 0.0 -0.733 0.193 0.933 -0.0 0.173 0.316 
0.397 -0.02 -0.042 -0.917 -0.664 0.0 -0.705 0.249 -0.983 -0.0 0.11 -0.144 0.734 0.0 -0.677 -0.054 0.971 0.0 -0.021 -0.238 -0.624 -0.0 -0.734 -0.267 -0.971 -0.0 -0.008 0.24 0.654 0.0 -0.735 0.18 0.925 0.0 0.169 0.34 
0.394 -0.019 -0.043 -0.918 -0.665 -0.0 -0.707 0.243 -0.983 -0.0 0.11 -0.145 0.734 0.0 -0.678 -0.047 0.971 0.0 -0.02 -0.236 -0.62 -0.0 -0.739 -0.264 -0.969 -0.0 -0.006 0.246 0.655 0.0 -0.738 0.162 0.916 0.0 0.163 0.366 
0.393 -0.017 -0.043 -0.918 -0.665 0.0 -0.708 0.239 -0.983 -0.0 0.11 -0.146 0.735 0.0 -0.677 -0.044 0.972 0.0 -0.019 -0.232 -0.617 -0.0 -0.744 -0.255 -0.969 -0.0 -0.004 0.246 0.657 0.0 -0.74 0.143 0.907 0.0 0.155 0.391 
0.392 -0.017 -0.043 -0.919 -0.666 -0.0 -0.709 0.233 -0.983 -0.0 0.11 -0.149 0.735 0.0 -0.677 -0.041 0.973 0.0 -0.018 -0.228 -0.614 -0.0 -0.749 -0.247 -0.969 0.0 -0.0 0.247 0.658 -0.0 -0.743 0.123 0.897 0.0 0.145 0.417 
0.391 -0.016 -0.043 -0.919 -0.668 -0.0 -0.709 0.227 -0.983 -0.0 0.109 -0.151 0.735 0.0 -0.677 -0.038 0.974 0.0 -0.017 -0.224 -0.611 -0.0 -0.755 -0.237 -0.969 -0.0 0.007 0.246 0.659 0.0 -0.745 0.103 0.888 0.0 0.134 0.44 
0.39 -0.017 -0.043 -0.92 -0.668 -0.0 -0.71 0.223 -0.982 -0.0 0.11 -0.154 0.735 0.0 -0.677 -0.035 0.976 0.0 -0.017 -0.219 -0.61 -0.0 -0.76 -0.223 -0.97 -0.0 0.012 0.241 0.658 -0.0 -0.748 0.082 0.878 0.0 0.121 0.463 
0.388 -0.017 -0.041 -0.921 -0.672 -0.0 -0.709 0.214 -0.982 -0.0 0.106 -0.157 0.735 0.0 -0.677 -0.035 0.977 0.0 -0.015 -0.215 -0.611 -0.0 -0.762 -0.216 -0.971 -0.0 0.014 0.239 0.657 0.0 -0.751 0.057 0.868 0.0 0.102 0.486 
0.387 -0.017 -0.04 -0.921 -0.673 -0.0 -0.709 0.209 -0.981 0.0 0.107 -0.161 0.735 0.0 -0.677 -0.034 0.978 0.0 -0.015 -0.21 -0.609 -0.0 -0.766 -0.205 -0.972 -0.0 0.02 0.234 0.657 -0.0 -0.753 0.033 0.857 0.0 0.085 0.508 
0.387 -0.017 -0.038 -0.921 -0.675 -0.0 -0.71 0.202 -0.981 -0.0 0.106 -0.163 0.736 0.0 -0.676 -0.034 0.979 0.0 -0.015 -0.204 -0.607 -0.0 -0.77 -0.195 -0.973 -0.0 0.026 0.23 0.658 0.0 -0.753 0.008 0.847 -0.0 0.064 0.527 
0.387 -0.017 -0.037 -0.921 -0.677 -0.0 -0.709 0.196 -0.98 -0.0 0.108 -0.168 0.736 0.0 -0.676 -0.033 0.98 0.0 -0.015 -0.199 -0.607 -0.0 -0.773 -0.186 -0.973 -0.0 0.029 0.228 0.657 0.0 -0.753 -0.017 0.838 0.0 0.041 0.544 
0.387 -0.017 -0.036 -0.921 -0.679 -0.0 -0.71 0.189 -0.979 -0.0 0.108 -0.171 0.737 -0.0 -0.675 -0.033 0.981 0.0 -0.016 -0.194 -0.605 -0.0 -0.777 -0.174 -0.974 -0.0 0.036 0.223 0.658 0.0 -0.752 -0.041 0.83 0.0 0.021 0.558 
0.386 -0.018 -0.034 -0.922 -0.682 -0.0 -0.709 0.18 -0.979 0.0 0.104 -0.176 0.737 0.0 -0.675 -0.032 0.982 0.0 -0.015 -0.188 -0.605 -0.0 -0.779 -0.164 -0.975 0.0 0.041 0.22 0.656 0.0 -0.752 -0.066 0.823 0.0 -0.002 0.568 
0.384 -0.019 -0.032 -0.923 -0.686 -0.0 -0.707 0.172 -0.978 -0.0 0.102 -0.181 0.737 -0.0 -0.675 -0.03 0.983 0.0 -0.015 -0.185 -0.605 -0.0 -0.781 -0.154 -0.975 -0.0 0.046 0.215 0.655 0.0 -0.75 -0.089 0.818 0.0 -0.026 0.575 
0.382 -0.02 -0.03 -0.923 -0.688 -0.0 -0.707 0.164 -0.977 -0.0 0.101 -0.185 0.737 0.0 -0.676 -0.027 0.983 0.0 -0.015 -0.182 -0.605 -0.0 -0.783 -0.143 -0.976 -0.0 0.05 0.211 0.654 -0.0 -0.749 -0.11 0.814 0.0 -0.047 0.579 
0.379 -0.022 -0.028 -0.925 -0.693 -0.0 -0.705 0.155 -0.977 0.0 0.099 -0.188 0.737 0.0 -0.675 -0.027 0.984 0.0 -0.014 -0.178 -0.608 0.0 -0.783 -0.132 -0.977 -0.0 0.054 0.205 0.653 -0.0 -0.746 -0.132 0.811 0.0 -0.072 0.58 
0.376 -0.022 -0.027 -0.926 -0.695 -0.0 -0.704 0.146 -0.976 -0.0 0.098 -0.192 0.737 0.0 -0.676 -0.023 0.984 0.0 -0.014 -0.177 -0.607 -0.0 -0.786 -0.12 -0.978 0.0 0.059 0.199 0.652 -0.0 -0.743 -0.151 0.81 -0.0 -0.091 0.579 
0.372 -0.024 -0.025 -0.928 -0.699 0.0 -0.702 0.136 -0.976 0.0 0.096 -0.196 0.736 -0.0 -0.677 -0.018 0.984 -0.0 -0.013 -0.176 -0.608 0.0 -0.786 -0.112 -0.978 -0.0 0.064 0.197 0.651 0.0 -0.74 -0.17 0.811 0.0 -0.112 0.575 
0.369 -0.025 -0.022 -0.929 -0.702 -0.0 -0.7 0.128 -0.974 -0.0 0.094 -0.204 0.735 0.0 -0.678 -0.014 0.984 0.0 -0.011 -0.176 -0.61 0.0 -0.786 -0.101 -0.979 -0.0 0.068 0.191 0.649 0.0 -0.737 -0.189 0.812 0.0 -0.133 0.569 
0.364 -0.027 -0.02 -0.931 -0.707 -0.0 -0.698 0.115 -0.974 -0.0 0.094 -0.205 0.734 0.0 -0.679 -0.008 0.984 0.0 -0.01 -0.176 -0.612 -0.0 -0.785 -0.091 -0.98 0.0 0.071 0.186 0.648 0.0 -0.733 -0.207 0.814 0.0 -0.152 0.561 
0.361 -0.029 -0.019 -0.932 -0.712 -0.0 -0.695 0.104 -0.974 -0.0 0.091 -0.208 0.733 0.0 -0.681 0.0 0.984 -0.0 -0.01 -0.178 -0.613 -0.0 -0.787 -0.077 -0.982 -0.0 0.073 0.174 0.647 0.0 -0.729 -0.222 0.818 0.0 -0.164 0.552 
0.359 -0.03 -0.017 -0.933 -0.714 -0.0 -0.694 0.093 -0.973 -0.0 0.093 -0.212 0.732 0.0 -0.682 0.006 0.984 0.0 -0.01 -0.178 -0.614 -0.0 -0.786 -0.067 -0.983 -0.0 0.075 0.168 0.645 0.0 -0.726 -0.24 0.821 0.0 -0.177 0.543 
0.357 -0.032 -0.015 -0.933 -0.717 -0.0 -0.692 0.084 -0.971 -0.0 0.092 -0.219 0.73 0.0 -0.683 0.012 0.984 0.0 -0.009 -0.178 -0.616 -0.0 -0.786 -0.055 -0.984 0.0 0.079 0.161 0.643 0.0 -0.722 -0.255 0.826 0.0 -0.187 0.532 
0.351 -0.032 -0.012 -0.936 -0.721 -0.0 -0.689 0.072 -0.971 0.0 0.089 -0.223 0.73 0.0 -0.684 0.017 0.984 0.0 -0.007 -0.178 -0.615 -0.0 -0.787 -0.049 -0.984 0.0 0.083 0.158 0.642 0.0 -0.717 -0.27 0.832 0.0 -0.199 0.519 
0.346 -0.033 -0.011 -0.938 -0.724 0.0 -0.687 0.062 -0.969 -0.0 0.087 -0.229 0.729 -0.0 -0.685 0.023 0.984 -0.0 -0.005 -0.177 -0.616 -0.0 -0.787 -0.038 -0.984 0.0 0.088 0.152 0.643 0.0 -0.712 -0.281 0.838 0.0 -0.207 0.504 
0.342 -0.035 -0.009 -0.939 -0.727 -0.0 -0.685 0.052 -0.968 -0.0 0.087 -0.234 0.727 0.0 -0.686 0.029 0.984 0.0 -0.004 -0.178 -0.617 0.0 -0.786 -0.027 -0.985 -0.0 0.091 0.147 0.641 0.0 -0.71 -0.293 0.846 0.0 -0.211 0.49 
0.337 -0.036 -0.007 -0.941 -0.73 -0.0 -0.682 0.042 -0.967 -0.0 0.084 -0.24 0.726 0.0 -0.686 0.037 0.984 0.0 -0.003 -0.18 -0.618 -0.0 -0.786 -0.016 -0.986 -0.0 0.094 0.139 0.641 0.0 -0.705 -0.303 0.853 0.0 -0.214 0.475 
0.333 -0.037 -0.006 -0.942 -0.733 -0.0 -0.679 0.033 -0.966 -0.0 0.08 -0.246 0.725 -0.0 -0.687 0.043 0.984 0.0 -0.002 -0.18 -0.619 -0.0 -0.785 -0.004 -0.987 -0.0 0.096 0.132 0.639 0.0 -0.702 -0.314 0.861 -0.0 -0.215 0.461 
0.328 -0.038 -0.004 -0.944 -0.734 0.0 -0.678 0.023 -0.965 0.0 0.084 -0.249 0.724 0.0 -0.688 0.049 0.984 0.0 0.001 -0.18 -0.619 -0.0 -0.785 0.007 -0.987 -0.0 0.101 0.125 0.64 0.0 -0.698 -0.321 0.87 0.0 -0.214 0.444 
0.324 -0.038 -0.003 -0.945 -0.737 -0.0 -0.676 0.014 -0.964 0.0 0.081 -0.254 0.723 -0.0 -0.689 0.054 0.984 0.0 -0.0 -0.18 -0.62 0.0 -0.784 0.019 -0.988 -0.0 0.103 0.116 0.638 0.0 -0.696 -0.33 0.879 0.0 -0.209 0.429 
0.317 -0.039 -0.002 -0.948 -0.738 -0.0 -0.675 0.007 -0.962 -0.0 0.078 -0.261 0.722 0.0 -0.689 0.061 0.984 0.0 0.002 -0.181 -0.621 -0.0 -0.783 0.032 -0.988 -0.0 0.106 0.109 0.641 -0.0 -0.693 -0.332 0.889 -0.0 -0.203 0.411 
0.313 -0.037 -0.002 -0.949 -0.737 -0.0 -0.676 -0.002 -0.961 -0.0 0.081 -0.266 0.722 0.0 -0.688 0.066 0.984 -0.0 0.004 -0.181 -0.621 -0.0 -0.783 0.043 -0.989 -0.0 0.107 0.102 0.642 0.0 -0.689 -0.337 0.898 0.0 -0.196 0.393 
0.308 -0.036 -0.001 -0.951 -0.738 0.0 -0.675 -0.011 -0.959 -0.0 0.078 -0.272 0.722 0.0 -0.688 0.071 0.984 0.0 0.007 -0.18 -0.621 -0.0 -0.782 0.054 -0.99 -0.0 0.108 0.095 0.642 0.0 -0.687 -0.342 0.907 0.0 -0.186 0.377 
0.305 -0.035 0.0 -0.952 -0.737 -0.0 -0.675 -0.019 -0.957 -0.0 0.08 -0.278 0.722 0.0 -0.687 0.076 0.984 0.0 0.008 -0.18 -0.62 0.0 -0.782 0.065 -0.99 -0.0 0.111 0.089 0.642 0.0 -0.684 -0.346 0.917 0.0 -0.173 0.36 
0.3 -0.033 0.001 -0.953 -0.737 -0.0 -0.675 -0.027 -0.956 -0.0 0.077 -0.284 0.723 0.0 -0.686 0.08 0.984 -0.0 0.011 -0.179 -0.62 -0.0 -0.781 0.075 -0.99 -0.0 0.111 0.082 0.643 -0.0 -0.682 -0.348 0.926 0.0 -0.159 0.343 
0.297 -0.031 0.002 -0.954 -0.737 -0.0 -0.675 -0.036 -0.954 -0.0 0.076 -0.29 0.724 -0.0 -0.685 0.084 0.984 0.0 0.013 -0.178 -0.619 -0.0 -0.781 0.084 -0.991 0.0 0.112 0.076 0.644 0.0 -0.68 -0.351 0.935 0.0 -0.145 0.324 
0.292 -0.029 0.003 -0.956 -0.736 -0.0 -0.676 -0.041 -0.952 -0.0 0.074 -0.298 0.724 0.0 -0.684 0.089 0.984 0.0 0.016 -0.177 -0.619 0.0 -0.78 0.095 -0.991 0.0 0.111 0.07 0.645 0.0 -0.68 -0.35 0.944 0.0 -0.126 0.305 
0.288 -0.026 0.002 -0.957 -0.734 0.0 -0.677 -0.052 -0.951 -0.0 0.075 -0.3 0.725 0.0 -0.682 0.094 0.984 0.0 0.018 -0.177 -0.618 0.0 -0.779 0.106 -0.992 -0.0 0.111 0.064 0.645 0.0 -0.68 -0.349 0.952 0.0 -0.107 0.287 
0.284 -0.023 0.003 -0.959 -0.733 -0.0 -0.678 -0.059 -0.949 -0.0 0.074 -0.306 0.726 0.0 -0.68 0.098 0.984 0.0 0.021 -0.178 -0.618 -0.0 -0.778 0.116 -0.992 -0.0 0.11 0.059 0.646 0.0 -0.68 -0.348 0.959 0.0 -0.085 0.269 
0.281 -0.02 0.003 -0.959 -0.731 -0.0 -0.68 -0.065 -0.947 -0.0 0.074 -0.312 0.727 0.0 -0.679 0.101 0.984 0.0 0.023 -0.178 -0.617 -0.0 -0.777 0.127 -0.993 -0.0 0.109 0.054 0.646 0.0 -0.68 -0.346 0.966 0.0 -0.066 0.249 
0.278 -0.017 0.003 -0.961 -0.729 -0.0 -0.681 -0.072 -0.946 -0.0 0.073 -0.317 0.728 -0.0 -0.677 0.104 0.984 0.0 0.026 -0.176 -0.617 -0.0 -0.775 0.136 -0.993 -0.0 0.107 0.05 0.646 -0.0 -0.681 -0.344 0.972 0.0 -0.045 0.229 
0.274 -0.013 0.003 -0.962 -0.727 -0.0 -0.682 -0.078 -0.944 -0.0 0.071 -0.323 0.731 0.0 -0.674 0.106 0.984 0.0 0.028 -0.174 -0.616 -0.0 -0.775 0.144 -0.993 -0.0 0.106 0.048 0.648 0.0 -0.681 -0.341 0.978 0.0 -0.026 0.209 
0.271 -0.01 0.004 -0.963 -0.725 -0.0 -0.684 -0.084 -0.942 -0.0 0.071 -0.327 0.731 -0.0 -0.674 0.11 0.984 0.0 0.032 -0.173 -0.615 -0.0 -0.774 0.152 -0.993 -0.0 0.105 0.046 0.648 -0.0 -0.682 -0.338 0.982 -0.0 -0.008 0.188 
0.268 -0.007 0.003 -0.963 -0.723 -0.0 -0.684 -0.09 -0.941 -0.0 0.07 -0.332 0.733 0.0 -0.672 0.112 0.985 0.0 0.034 -0.171 -0.615 0.0 -0.772 0.16 -0.994 -0.0 0.104 0.045 0.649 0.0 -0.684 -0.333 0.986 0.0 0.008 0.166 
0.265 -0.004 0.004 -0.964 -0.721 -0.0 -0.686 -0.095 -0.939 -0.0 0.071 -0.337 0.732 0.0 -0.671 0.115 0.984 0.0 0.039 -0.172 -0.614 -0.0 -0.771 0.168 -0.994 -0.0 0.104 0.043 0.65 0.0 -0.686 -0.329 0.989 0.0 0.022 0.145 
0.263 -0.002 0.003 -0.965 -0.72 -0.0 -0.687 -0.1 -0.937 -0.0 0.071 -0.342 0.733 0.0 -0.67 0.117 0.985 -0.0 0.04 -0.169 -0.614 -0.0 -0.77 0.175 -0.993 -0.0 0.104 0.045 0.649 -0.0 -0.689 -0.323 0.992 0.0 0.037 0.124 
0.26 0.001 0.004 -0.965 -0.718 -0.0 -0.688 -0.103 -0.935 -0.0 0.071 -0.348 0.734 0.0 -0.669 0.119 0.985 -0.0 0.042 -0.167 -0.614 -0.0 -0.769 0.179 -0.993 -0.0 0.108 0.051 0.648 -0.0 -0.691 -0.32 0.993 -0.0 0.051 0.107 
0.258 0.002 0.003 -0.966 -0.718 -0.0 -0.687 -0.108 -0.933 0.0 0.068 -0.352 0.734 0.0 -0.668 0.122 0.985 -0.0 0.044 -0.164 -0.614 -0.0 -0.767 0.185 -0.993 -0.0 0.108 0.053 0.646 0.0 -0.695 -0.315 0.994 0.0 0.062 0.092 
0.257 0.004 0.002 -0.966 -0.717 0.0 -0.688 -0.113 -0.932 -0.0 0.07 -0.355 0.734 0.0 -0.668 0.124 0.986 0.0 0.046 -0.161 -0.613 -0.0 -0.767 0.189 -0.992 -0.0 0.11 0.057 0.644 0.0 -0.698 -0.313 0.994 0.0 0.072 0.083 
0.256 0.004 0.002 -0.967 -0.717 -0.0 -0.688 -0.116 -0.931 -0.0 0.069 -0.357 0.733 0.0 -0.667 0.129 0.986 0.0 0.048 -0.162 -0.614 -0.0 -0.765 0.194 -0.991 -0.0 0.115 0.066 0.642 0.0 -0.699 -0.314 0.994 0.0 0.075 0.079 
0.256 0.005 0.002 -0.967 -0.717 -0.0 -0.687 -0.118 -0.93 0.0 0.069 -0.36 0.733 0.0 -0.668 0.131 0.986 0.0 0.05 -0.159 -0.615 -0.0 -0.764 0.197 -0.991 -0.0 0.116 0.07 0.64 0.0 -0.7 -0.316 0.994 0.0 0.073 0.08 
0.256 0.005 0.001 -0.967 -0.718 0.0 -0.686 -0.12 -0.93 -0.0 0.068 -0.361 0.731 0.0 -0.67 0.132 0.986 0.0 0.054 -0.155 -0.615 -0.0 -0.762 0.202 -0.99 -0.0 0.119 0.076 0.637 0.0 -0.7 -0.322 0.994 0.0 0.069 0.089 
0.257 0.004 -0.0 -0.966 -0.718 -0.0 -0.685 -0.121 -0.929 -0.0 0.068 -0.362 0.73 0.0 -0.67 0.135 0.987 0.0 0.056 -0.151 -0.617 -0.0 -0.76 0.206 -0.989 -0.0 0.121 0.084 0.635 0.0 -0.699 -0.329 0.993 -0.0 0.061 0.102 
0.258 0.004 -0.001 -0.966 -0.72 -0.0 -0.683 -0.122 -0.93 0.0 0.065 -0.363 0.728 0.0 -0.671 0.136 0.987 0.0 0.058 -0.148 -0.617 0.0 -0.759 0.21 -0.987 0.0 0.128 0.092 0.632 0.0 -0.698 -0.337 0.992 0.0 0.052 0.117 
0.259 0.003 -0.002 -0.966 -0.721 -0.0 -0.682 -0.123 -0.929 -0.0 0.062 -0.366 0.727 0.0 -0.672 0.139 0.988 -0.0 0.059 -0.145 -0.619 -0.0 -0.755 0.215 -0.987 -0.0 0.125 0.098 0.628 0.0 -0.698 -0.343 0.99 0.0 0.043 0.134 
0.26 0.002 -0.003 -0.966 -0.719 -0.0 -0.684 -0.122 -0.927 -0.0 0.067 -0.368 0.727 -0.0 -0.672 0.142 0.988 0.0 0.059 -0.141 -0.62 -0.0 -0.753 0.218 -0.985 -0.0 0.131 0.109 0.626 0.0 -0.698 -0.348 0.988 0.0 0.032 0.149 
0.261 0.002 -0.004 -0.965 -0.719 -0.0 -0.684 -0.121 -0.928 -0.0 0.067 -0.367 0.725 0.0 -0.673 0.144 0.989 0.0 0.059 -0.137 -0.621 -0.0 -0.752 0.222 -0.985 -0.0 0.132 0.115 0.623 0.0 -0.698 -0.353 0.986 0.0 0.023 0.162 
0.262 0.002 -0.005 -0.965 -0.72 -0.0 -0.684 -0.12 -0.928 -0.0 0.066 -0.367 0.725 0.0 -0.673 0.146 0.989 -0.0 0.059 -0.133 -0.622 0.0 -0.75 0.226 -0.983 0.0 0.134 0.123 0.62 0.0 -0.701 -0.352 0.985 -0.0 0.023 0.169 
0.263 0.001 -0.007 -0.965 -0.72 -0.0 -0.685 -0.117 -0.928 -0.0 0.064 -0.366 0.724 0.0 -0.674 0.15 0.99 -0.0 0.06 -0.13 -0.624 -0.0 -0.747 0.23 -0.982 -0.0 0.138 0.132 0.617 0.0 -0.704 -0.351 0.984 0.0 0.025 0.174 
0.263 0.001 -0.009 -0.965 -0.72 -0.0 -0.685 -0.114 -0.929 -0.0 0.061 -0.365 0.723 0.0 -0.674 0.152 0.99 0.0 0.061 -0.127 -0.625 -0.0 -0.746 0.23 -0.979 -0.0 0.142 0.145 0.614 0.0 -0.709 -0.345 0.984 -0.0 0.029 0.178 
0.264 -0.001 -0.011 -0.965 -0.721 -0.0 -0.685 -0.109 -0.93 -0.0 0.059 -0.363 0.721 0.0 -0.675 0.155 0.99 0.0 0.061 -0.124 -0.628 -0.0 -0.742 0.233 -0.977 -0.0 0.143 0.156 0.611 0.0 -0.715 -0.339 0.982 0.0 0.028 0.186 
0.264 -0.003 -0.014 -0.964 -0.722 0.0 -0.684 -0.105 -0.931 -0.0 0.055 -0.361 0.72 0.0 -0.675 0.158 0.991 0.0 0.059 -0.121 -0.633 -0.0 -0.738 0.234 -0.975 -0.0 0.143 0.168 0.608 -0.0 -0.72 -0.334 0.98 0.0 0.025 0.197 
0.265 -0.007 -0.015 -0.964 -0.724 -0.0 -0.683 -0.1 -0.933 0.0 0.051 -0.357 0.716 0.0 -0.68 0.158 0.991 0.0 0.064 -0.115 -0.637 -0.0 -0.735 0.231 -0.973 -0.0 0.143 0.183 0.604 0.0 -0.724 -0.333 0.977 -0.0 0.02 0.21 
0.266 -0.011 -0.016 -0.964 -0.727 -0.0 -0.68 -0.096 -0.934 -0.0 0.048 -0.353 0.714 -0.0 -0.681 0.163 0.991 0.0 0.059 -0.118 -0.644 -0.0 -0.731 0.227 -0.97 -0.0 0.14 0.198 0.599 0.0 -0.729 -0.332 0.975 0.0 0.017 0.223 
0.268 -0.015 -0.016 -0.963 -0.729 -0.0 -0.678 -0.091 -0.936 -0.0 0.045 -0.349 0.711 -0.0 -0.684 0.164 0.992 0.0 0.058 -0.116 -0.65 -0.0 -0.727 0.221 -0.967 0.0 0.136 0.216 0.594 0.0 -0.734 -0.329 0.973 0.0 0.016 0.232 
0.27 -0.02 -0.017 -0.963 -0.733 -0.0 -0.674 -0.087 -0.939 -0.0 0.042 -0.343 0.708 0.0 -0.686 0.165 0.992 0.0 0.057 -0.114 -0.656 0.0 -0.727 0.205 -0.961 -0.0 0.134 0.243 0.591 0.0 -0.738 -0.325 0.971 0.0 0.009 0.239 
0.272 -0.024 -0.016 -0.962 -0.736 -0.0 -0.672 -0.083 -0.941 -0.0 0.039 -0.337 0.705 0.0 -0.689 0.165 0.992 0.0 0.056 -0.115 -0.661 -0.0 -0.725 0.193 -0.956 0.0 0.129 0.265 0.587 0.0 -0.744 -0.318 0.97 0.0 0.008 0.243 
0.274 -0.028 -0.016 -0.961 -0.739 -0.0 -0.669 -0.078 -0.943 -0.0 0.038 -0.331 0.704 0.0 -0.691 0.163 0.992 0.0 0.054 -0.114 -0.666 0.0 -0.725 0.175 -0.948 0.0 0.123 0.292 0.584 0.0 -0.751 -0.309 0.97 0.0 0.009 0.245 
0.277 -0.032 -0.015 -0.96 -0.742 0.0 -0.667 -0.073 -0.945 -0.0 0.034 -0.326 0.701 -0.0 -0.694 0.163 0.992 0.0 0.053 -0.116 -0.671 -0.0 -0.725 0.157 -0.94 -0.0 0.116 0.321 0.58 0.0 -0.758 -0.3 0.969 0.0 0.01 0.245 
0.279 -0.036 -0.015 -0.959 -0.743 -0.0 -0.665 -0.068 -0.947 -0.0 0.034 -0.32 0.7 0.0 -0.696 0.16 0.992 0.0 0.051 -0.115 -0.674 -0.0 -0.726 0.134 -0.929 -0.0 0.109 0.354 0.576 -0.0 -0.765 -0.288 0.97 -0.0 0.016 0.244 
0.281 -0.038 -0.014 -0.959 -0.744 -0.0 -0.665 -0.062 -0.949 -0.0 0.034 -0.314 0.699 0.0 -0.698 0.157 0.992 0.0 0.05 -0.117 -0.678 -0.0 -0.726 0.112 -0.919 -0.0 0.097 0.383 0.576 0.0 -0.77 -0.274 0.971 0.0 0.015 0.238 
0.283 -0.04 -0.014 -0.958 -0.745 -0.0 -0.665 -0.058 -0.951 -0.0 0.034 -0.308 0.698 0.0 -0.699 0.155 0.992 0.0 0.05 -0.12 -0.681 -0.0 -0.726 0.091 -0.908 -0.0 0.086 0.41 0.572 0.0 -0.777 -0.264 0.971 -0.0 0.02 0.239 
0.285 -0.042 -0.014 -0.957 -0.744 -0.0 -0.666 -0.052 -0.953 -0.0 0.035 -0.301 0.698 0.0 -0.7 0.15 0.991 0.0 0.047 -0.122 -0.684 -0.0 -0.726 0.07 -0.898 -0.0 0.073 0.434 0.57 0.0 -0.784 -0.248 0.972 -0.0 0.027 0.233 
0.287 -0.042 -0.014 -0.957 -0.743 -0.0 -0.667 -0.047 -0.955 -0.0 0.036 -0.294 0.7 0.0 -0.699 0.146 0.991 0.0 0.045 -0.124 -0.685 -0.0 -0.726 0.048 -0.887 -0.0 0.056 0.458 0.568 -0.0 -0.789 -0.232 0.973 0.0 0.033 0.227 
0.29 -0.041 -0.014 -0.956 -0.742 -0.0 -0.669 -0.043 -0.957 -0.0 0.036 -0.288 0.701 0.0 -0.699 0.141 0.991 0.0 0.044 -0.128 -0.685 0.0 -0.728 0.027 -0.878 0.0 0.038 0.476 0.568 0.0 -0.794 -0.216 0.974 0.0 0.04 0.221 
0.292 -0.04 -0.014 -0.956 -0.74 -0.0 -0.672 -0.038 -0.959 0.0 0.039 -0.281 0.703 0.0 -0.698 0.136 0.99 0.0 0.043 -0.131 -0.686 0.0 -0.727 0.009 -0.871 0.0 0.021 0.491 0.568 0.0 -0.798 -0.201 0.976 0.0 0.047 0.215 
0.295 -0.038 -0.014 -0.955 -0.737 -0.0 -0.675 -0.033 -0.961 -0.0 0.04 -0.274 0.706 0.0 -0.696 0.129 0.99 0.0 0.041 -0.134 -0.685 0.0 -0.728 -0.017 -0.859 -0.0 -0.003 0.511 0.569 -0.0 -0.801 -0.187 0.976 0.0 0.053 0.21 
0.3 -0.036 -0.016 -0.953 -0.735 -0.0 -0.677 -0.03 -0.964 -0.0 0.043 -0.264 0.709 0.0 -0.694 0.125 0.99 0.0 0.038 -0.137 -0.687 0.0 -0.726 -0.034 -0.852 -0.0 -0.025 0.522 0.568 0.0 -0.805 -0.169 0.977 0.0 0.061 0.203 
0.303 -0.036 -0.016 -0.952 -0.734 -0.0 -0.679 -0.025 -0.965 -0.0 0.045 -0.258 0.712 0.0 -0.692 0.117 0.99 0.0 0.033 -0.138 -0.689 -0.0 -0.722 -0.056 -0.845 -0.0 -0.05 0.533 0.567 0.0 -0.809 -0.155 0.978 0.0 0.068 0.199 
0.308 -0.034 -0.016 -0.951 -0.733 -0.0 -0.68 -0.023 -0.968 -0.0 0.046 -0.248 0.715 0.0 -0.691 0.11 0.99 0.0 0.029 -0.139 -0.689 -0.0 -0.721 -0.077 -0.839 0.0 -0.07 0.54 0.567 -0.0 -0.811 -0.143 0.978 0.0 0.074 0.196 
0.312 -0.033 -0.016 -0.949 -0.728 -0.0 -0.685 -0.023 -0.97 -0.0 0.057 -0.235 0.716 0.0 -0.69 0.103 0.989 -0.0 0.026 -0.144 -0.689 -0.0 -0.718 -0.099 -0.834 -0.0 -0.093 0.544 0.567 0.0 -0.813 -0.132 0.978 0.0 0.08 0.192 
0.316 -0.032 -0.016 -0.948 -0.728 -0.0 -0.686 -0.019 -0.972 -0.0 0.057 -0.227 0.718 0.0 -0.69 0.096 0.989 0.0 0.025 -0.145 -0.689 -0.0 -0.715 -0.118 -0.83 -0.0 -0.115 0.546 0.567 0.0 -0.815 -0.119 0.978 0.0 0.087 0.188 
0.322 -0.031 -0.016 -0.946 -0.727 -0.0 -0.686 -0.015 -0.974 -0.0 0.057 -0.219 0.721 0.0 -0.687 0.088 0.989 0.0 0.017 -0.147 -0.689 -0.0 -0.712 -0.137 -0.827 0.0 -0.135 0.545 0.568 -0.0 -0.816 -0.107 0.979 0.0 0.092 0.184 
0.324 -0.03 -0.016 -0.945 -0.725 -0.0 -0.689 -0.009 -0.975 -0.0 0.06 -0.215 0.723 0.0 -0.686 0.081 0.988 0.0 0.015 -0.151 -0.689 0.0 -0.707 -0.158 -0.825 0.0 -0.152 0.544 0.57 0.0 -0.816 -0.094 0.979 0.0 0.095 0.178 
0.33 -0.031 -0.016 -0.943 -0.726 0.0 -0.688 -0.003 -0.976 -0.0 0.059 -0.208 0.724 0.0 -0.685 0.073 0.988 0.0 0.01 -0.154 -0.689 -0.0 -0.704 -0.172 -0.825 -0.0 -0.164 0.542 0.57 0.0 -0.818 -0.078 0.98 0.0 0.1 0.172 
0.337 -0.028 -0.016 -0.941 -0.724 0.0 -0.69 0.002 -0.978 -0.0 0.06 -0.202 0.727 0.0 -0.684 0.063 0.988 -0.0 0.008 -0.156 -0.688 -0.0 -0.701 -0.19 -0.825 -0.0 -0.182 0.535 0.57 0.0 -0.819 -0.069 0.98 -0.0 0.105 0.169 
0.341 -0.026 -0.015 -0.939 -0.722 -0.0 -0.691 0.012 -0.978 -0.0 0.061 -0.202 0.728 0.0 -0.683 0.056 0.987 0.0 0.006 -0.162 -0.687 -0.0 -0.696 -0.208 -0.827 -0.0 -0.197 0.527 0.571 -0.0 -0.819 -0.057 0.981 0.0 0.11 0.163 
0.344 -0.024 -0.015 -0.938 -0.72 -0.0 -0.694 0.017 -0.978 -0.0 0.062 -0.197 0.73 -0.0 -0.681 0.05 0.986 0.0 0.003 -0.167 -0.686 0.0 -0.692 -0.225 -0.828 -0.0 -0.208 0.521 0.574 0.0 -0.818 -0.043 0.981 -0.0 0.113 0.155 
0.349 -0.022 -0.016 -0.937 -0.718 -0.0 -0.696 0.024 -0.979 -0.0 0.064 -0.194 0.733 0.0 -0.679 0.044 0.985 0.0 -0.002 -0.173 -0.684 -0.0 -0.689 -0.239 -0.833 -0.0 -0.218 0.509 0.576 0.0 -0.817 -0.029 0.982 0.0 0.115 0.148 
0.354 -0.02 -0.015 -0.935 -0.715 -0.0 -0.698 0.031 -0.979 -0.0 0.067 -0.192 0.733 0.0 -0.679 0.039 0.984 0.0 -0.002 -0.18 -0.683 -0.0 -0.685 -0.255 -0.837 -0.0 -0.227 0.498 0.577 0.0 -0.816 -0.017 0.983 0.0 0.119 0.141 
0.358 -0.018 -0.016 -0.934 -0.711 -0.0 -0.702 0.039 -0.979 -0.0 0.071 -0.191 0.736 0.0 -0.677 0.033 0.983 0.0 -0.006 -0.186 -0.681 -0.0 -0.681 -0.268 -0.843 -0.0 -0.231 0.486 0.579 0.0 -0.815 -0.001 0.984 -0.0 0.122 0.132 
0.363 -0.017 -0.015 -0.932 -0.709 -0.0 -0.704 0.046 -0.979 -0.0 0.073 -0.189 0.737 -0.0 -0.676 0.027 0.981 0.0 -0.009 -0.192 -0.681 0.0 -0.677 -0.281 -0.849 -0.0 -0.235 0.473 0.581 0.0 -0.814 0.012 0.984 0.0 0.125 0.124 
0.367 -0.015 -0.014 -0.93 -0.707 -0.0 -0.705 0.054 -0.979 -0.0 0.074 -0.189 0.737 0.0 -0.675 0.022 0.98 0.0 -0.01 -0.201 -0.68 0.0 -0.672 -0.293 -0.856 0.0 -0.236 0.46 0.583 -0.0 -0.812 0.024 0.985 0.0 0.127 0.116 
0.371 -0.014 -0.013 -0.928 -0.706 -0.0 -0.705 0.062 -0.979 0.0 0.075 -0.189 0.738 0.0 -0.675 0.014 0.978 -0.0 -0.014 -0.206 -0.679 -0.0 -0.667 -0.306 -0.863 -0.0 -0.236 0.446 0.584 -0.0 -0.811 0.036 0.986 0.0 0.129 0.108 
0.375 -0.013 -0.012 -0.927 -0.705 -0.0 -0.706 0.069 -0.979 -0.0 0.075 -0.189 0.739 0.0 -0.674 0.009 0.977 0.0 -0.018 -0.213 -0.679 -0.0 -0.663 -0.316 -0.872 -0.0 -0.231 0.431 0.587 -0.0 -0.808 0.049 0.987 0.0 0.128 0.1 
0.376 -0.013 -0.009 -0.927 -0.704 -0.0 -0.707 0.075 -0.979 -0.0 0.079 -0.189 0.738 0.0 -0.675 0.003 0.975 0.0 -0.016 -0.222 -0.678 -0.0 -0.656 -0.332 -0.879 0.0 -0.23 0.417 0.588 0.0 -0.807 0.055 0.987 0.0 0.127 0.096 
0.378 -0.014 -0.006 -0.926 -0.703 -0.0 -0.707 0.08 -0.978 -0.0 0.084 -0.189 0.737 0.0 -0.676 -0.005 0.974 0.0 -0.019 -0.227 -0.678 -0.0 -0.65 -0.344 -0.887 0.0 -0.223 0.404 0.588 0.0 -0.807 0.062 0.988 -0.0 0.126 0.091 
0.379 -0.016 -0.003 -0.925 -0.704 -0.0 -0.705 0.085 -0.978 -0.0 0.085 -0.19 0.734 0.0 -0.679 -0.011 0.972 0.0 -0.019 -0.234 -0.68 -0.0 -0.641 -0.356 -0.895 -0.0 -0.217 0.39 0.587 0.0 -0.807 0.068 0.988 0.0 0.126 0.088 
0.384 -0.017 -0.001 -0.923 -0.705 -0.0 -0.704 0.091 -0.978 -0.0 0.084 -0.189 0.733 0.0 -0.68 -0.017 0.97 0.0 -0.022 -0.24 -0.681 -0.0 -0.637 -0.361 -0.904 0.0 -0.204 0.375 0.588 -0.0 -0.806 0.076 0.988 0.0 0.126 0.085 
0.387 -0.019 0.0 -0.922 -0.704 -0.0 -0.703 0.098 -0.978 -0.0 0.087 -0.187 0.733 -0.0 -0.68 -0.024 0.969 0.0 -0.026 -0.245 -0.682 -0.0 -0.634 -0.363 -0.914 -0.0 -0.188 0.359 0.588 -0.0 -0.805 0.085 0.989 0.0 0.126 0.082 
0.401 -0.018 -0.004 -0.916 -0.7 -0.0 -0.705 0.11 -0.978 -0.0 0.092 -0.187 0.733 0.0 -0.679 -0.026 0.968 -0.0 -0.034 -0.25 -0.685 -0.0 -0.641 -0.346 -0.929 -0.0 -0.165 0.332 0.592 -0.0 -0.799 0.103 0.989 0.0 0.128 0.076 
0.406 -0.02 -0.002 -0.914 -0.699 -0.0 -0.706 0.117 -0.978 -0.0 0.096 -0.186 0.732 0.0 -0.681 -0.032 0.966 0.0 -0.037 -0.255 -0.687 -0.0 -0.64 -0.344 -0.939 -0.0 -0.147 0.311 0.593 0.0 -0.798 0.111 0.989 0.0 0.129 0.074 
0.408 -0.022 -0.001 -0.913 -0.7 -0.0 -0.703 0.124 -0.978 -0.0 0.097 -0.185 0.731 0.0 -0.682 -0.04 0.965 -0.0 -0.04 -0.259 -0.689 -0.0 -0.639 -0.343 -0.948 -0.0 -0.126 0.292 0.592 0.0 -0.797 0.119 0.989 0.0 0.128 0.073 
0.412 -0.024 0.001 -0.911 -0.7 -0.0 -0.702 0.13 -0.978 -0.0 0.099 -0.185 0.729 0.0 -0.683 -0.045 0.964 0.0 -0.043 -0.264 -0.691 -0.0 -0.638 -0.341 -0.957 -0.0 -0.105 0.27 0.592 0.0 -0.796 0.126 0.989 0.0 0.131 0.072 
0.415 -0.026 0.003 -0.909 -0.7 -0.0 -0.701 0.138 -0.977 -0.0 0.101 -0.186 0.727 -0.0 -0.684 -0.053 0.962 0.0 -0.045 -0.269 -0.692 -0.0 -0.638 -0.338 -0.965 -0.0 -0.085 0.247 0.592 0.0 -0.795 0.132 0.989 -0.0 0.131 0.072 
0.417 -0.029 0.005 -0.908 -0.699 0.0 -0.7 0.144 -0.977 -0.0 0.105 -0.185 0.725 0.0 -0.686 -0.057 0.961 -0.0 -0.046 -0.274 -0.694 -0.0 -0.638 -0.334 -0.972 -0.0 -0.063 0.224 0.592 0.0 -0.794 0.139 0.989 0.0 0.131 0.073 
0.42 -0.031 0.006 -0.907 -0.699 -0.0 -0.699 0.151 -0.977 0.0 0.107 -0.186 0.723 0.0 -0.688 -0.061 0.959 0.0 -0.047 -0.281 -0.695 -0.0 -0.638 -0.331 -0.978 0.0 -0.044 0.203 0.592 0.0 -0.793 0.144 0.989 0.0 0.131 0.076 
0.422 -0.033 0.007 -0.906 -0.698 -0.0 -0.698 0.157 -0.977 0.0 0.11 -0.185 0.722 -0.0 -0.688 -0.067 0.958 -0.0 -0.05 -0.284 -0.696 -0.0 -0.639 -0.327 -0.983 0.0 -0.025 0.184 0.592 0.0 -0.792 0.151 0.988 -0.0 0.133 0.078 
0.424 -0.034 0.008 -0.905 -0.698 -0.0 -0.697 0.164 -0.977 -0.0 0.111 -0.184 0.721 0.0 -0.69 -0.071 0.956 0.0 -0.05 -0.289 -0.696 -0.0 -0.64 -0.324 -0.986 -0.0 -0.007 0.166 0.591 0.0 -0.791 0.156 0.988 0.0 0.135 0.081 
0.425 -0.036 0.008 -0.904 -0.697 -0.0 -0.697 0.17 -0.976 0.0 0.115 -0.183 0.719 0.0 -0.691 -0.074 0.954 0.0 -0.05 -0.294 -0.697 -0.0 -0.641 -0.322 -0.989 0.0 0.008 0.149 0.592 0.0 -0.79 0.162 0.987 0.0 0.137 0.084 
0.427 -0.037 0.009 -0.904 -0.696 0.0 -0.696 0.176 -0.976 -0.0 0.117 -0.181 0.718 0.0 -0.692 -0.077 0.953 0.0 -0.051 -0.3 -0.695 -0.0 -0.644 -0.319 -0.991 -0.0 0.023 0.134 0.592 0.0 -0.788 0.167 0.986 -0.0 0.141 0.086 
0.428 -0.038 0.009 -0.903 -0.695 -0.0 -0.695 0.182 -0.977 -0.0 0.117 -0.179 0.717 0.0 -0.692 -0.08 0.951 0.0 -0.051 -0.304 -0.695 0.0 -0.646 -0.317 -0.992 -0.0 0.035 0.121 0.592 0.0 -0.787 0.172 0.985 0.0 0.143 0.091 
0.428 -0.039 0.009 -0.903 -0.694 -0.0 -0.695 0.189 -0.976 -0.0 0.118 -0.181 0.716 0.0 -0.693 -0.083 0.95 0.0 -0.05 -0.309 -0.693 0.0 -0.649 -0.315 -0.993 -0.0 0.046 0.111 0.593 0.0 -0.786 0.176 0.984 -0.0 0.147 0.096 
0.429 -0.039 0.009 -0.903 -0.693 -0.0 -0.694 0.194 -0.977 -0.0 0.118 -0.178 0.716 0.0 -0.693 -0.083 0.948 0.0 -0.05 -0.315 -0.691 0.0 -0.651 -0.315 -0.993 -0.0 0.054 0.104 0.594 -0.0 -0.784 0.18 0.983 0.0 0.151 0.102 
0.429 -0.039 0.008 -0.902 -0.691 0.0 -0.694 0.199 -0.978 -0.0 0.118 -0.174 0.716 -0.0 -0.693 -0.085 0.947 0.0 -0.051 -0.318 -0.688 -0.0 -0.653 -0.315 -0.993 -0.0 0.057 0.102 0.594 0.0 -0.783 0.184 0.982 0.0 0.155 0.108 
0.429 -0.039 0.007 -0.902 -0.69 0.0 -0.695 0.204 -0.977 -0.0 0.121 -0.173 0.716 0.0 -0.693 -0.085 0.945 0.0 -0.052 -0.323 -0.687 -0.0 -0.655 -0.316 -0.993 -0.0 0.057 0.104 0.595 0.0 -0.782 0.187 0.98 0.0 0.16 0.115 
0.429 -0.039 0.006 -0.902 -0.689 -0.0 -0.694 0.208 -0.979 -0.0 0.119 -0.168 0.716 -0.0 -0.693 -0.084 0.943 0.0 -0.051 -0.328 -0.685 0.0 -0.656 -0.318 -0.992 -0.0 0.054 0.11 0.596 0.0 -0.78 0.19 0.979 0.0 0.165 0.123 
0.429 -0.039 0.005 -0.902 -0.688 -0.0 -0.695 0.211 -0.979 0.0 0.12 -0.164 0.716 -0.0 -0.693 -0.082 0.942 0.0 -0.051 -0.333 -0.683 0.0 -0.657 -0.319 -0.992 -0.0 0.05 0.117 0.596 0.0 -0.779 0.193 0.977 0.0 0.171 0.131 
0.429 -0.039 0.003 -0.903 -0.687 -0.0 -0.694 0.216 -0.98 -0.0 0.119 -0.161 0.717 0.0 -0.693 -0.081 0.941 0.0 -0.053 -0.335 -0.681 -0.0 -0.657 -0.323 -0.99 -0.0 0.041 0.133 0.597 0.0 -0.778 0.197 0.974 0.0 0.176 0.14 
0.429 -0.039 0.001 -0.903 -0.687 -0.0 -0.693 0.219 -0.98 -0.0 0.119 -0.158 0.716 0.0 -0.693 -0.078 0.939 0.0 -0.052 -0.34 -0.679 -0.0 -0.659 -0.325 -0.989 -0.0 0.033 0.146 0.598 0.0 -0.776 0.199 0.972 0.0 0.181 0.149 
0.428 -0.04 -0.001 -0.903 -0.686 -0.0 -0.693 0.223 -0.981 -0.0 0.119 -0.156 0.717 0.0 -0.693 -0.075 0.938 -0.0 -0.052 -0.344 -0.677 -0.0 -0.661 -0.324 -0.987 -0.0 0.025 0.159 0.602 0.0 -0.773 0.2 0.97 0.0 0.18 0.164 
0.428 -0.04 -0.004 -0.903 -0.686 -0.0 -0.691 0.226 -0.981 -0.0 0.118 -0.152 0.717 0.0 -0.694 -0.072 0.937 0.0 -0.053 -0.346 -0.675 -0.0 -0.663 -0.323 -0.985 -0.0 0.018 0.17 0.603 0.0 -0.771 0.203 0.967 0.0 0.184 0.174 
0.427 -0.041 -0.006 -0.903 -0.686 -0.0 -0.69 0.23 -0.982 -0.0 0.119 -0.148 0.716 0.0 -0.694 -0.068 0.936 0.0 -0.052 -0.349 -0.673 -0.0 -0.668 -0.318 -0.985 0.0 0.018 0.173 0.605 0.0 -0.769 0.207 0.965 0.0 0.187 0.184 
0.427 -0.042 -0.01 -0.903 -0.686 -0.0 -0.689 0.234 -0.982 -0.0 0.12 -0.148 0.716 0.0 -0.695 -0.063 0.935 0.0 -0.053 -0.351 -0.671 -0.0 -0.674 -0.31 -0.985 -0.0 0.021 0.173 0.607 0.0 -0.766 0.211 0.962 0.0 0.19 0.194 
0.426 -0.043 -0.013 -0.904 -0.685 -0.0 -0.689 0.238 -0.982 -0.0 0.122 -0.145 0.716 0.0 -0.695 -0.06 0.934 -0.0 -0.052 -0.352 -0.669 -0.0 -0.681 -0.299 -0.985 0.0 0.024 0.171 0.609 0.0 -0.764 0.214 0.959 0.0 0.194 0.205 
0.425 -0.043 -0.017 -0.904 -0.684 -0.0 -0.688 0.243 -0.982 -0.0 0.12 -0.146 0.717 0.0 -0.695 -0.054 0.933 0.0 -0.051 -0.355 -0.666 -0.0 -0.688 -0.288 -0.985 -0.0 0.025 0.172 0.612 0.0 -0.761 0.216 0.957 -0.0 0.193 0.218 
0.423 -0.042 -0.021 -0.905 -0.683 -0.0 -0.687 0.249 -0.982 -0.0 0.119 -0.146 0.718 -0.0 -0.694 -0.051 0.933 -0.0 -0.05 -0.355 -0.662 -0.0 -0.695 -0.279 -0.984 0.0 0.024 0.176 0.616 0.0 -0.758 0.215 0.953 0.0 0.192 0.233 
0.422 -0.041 -0.025 -0.906 -0.679 -0.0 -0.689 0.253 -0.982 -0.0 0.121 -0.145 0.719 0.0 -0.693 -0.047 0.934 0.0 -0.048 -0.354 -0.658 -0.0 -0.701 -0.274 -0.983 -0.0 0.022 0.184 0.621 0.0 -0.755 0.213 0.949 0.0 0.191 0.249 
0.419 -0.038 -0.029 -0.907 -0.677 -0.0 -0.689 0.259 -0.982 -0.0 0.12 -0.148 0.722 0.0 -0.691 -0.045 0.935 0.0 -0.045 -0.353 -0.653 -0.0 -0.707 -0.272 -0.981 -0.0 0.018 0.195 0.625 0.0 -0.752 0.207 0.945 -0.0 0.187 0.268 
0.416 -0.034 -0.033 -0.908 -0.673 0.0 -0.692 0.262 -0.982 -0.0 0.121 -0.149 0.723 0.0 -0.69 -0.038 0.934 0.0 -0.041 -0.354 -0.647 -0.0 -0.713 -0.271 -0.978 -0.0 0.015 0.206 0.631 -0.0 -0.75 0.197 0.94 0.0 0.18 0.29 
0.412 -0.031 -0.037 -0.91 -0.671 -0.0 -0.691 0.268 -0.982 0.0 0.114 -0.152 0.727 0.0 -0.686 -0.036 0.936 0.0 -0.038 -0.35 -0.641 -0.0 -0.72 -0.267 -0.977 -0.0 0.015 0.215 0.636 -0.0 -0.748 0.187 0.934 0.0 0.175 0.311 
0.408 -0.027 -0.04 -0.912 -0.668 -0.0 -0.693 0.271 -0.982 -0.0 0.114 -0.154 0.73 0.0 -0.683 -0.033 0.937 0.0 -0.033 -0.349 -0.635 0.0 -0.726 -0.262 -0.975 -0.0 0.014 0.22 0.641 0.0 -0.747 0.175 0.927 0.0 0.168 0.336 
0.405 -0.023 -0.043 -0.913 -0.666 -0.0 -0.694 0.273 -0.982 -0.0 0.11 -0.155 0.732 0.0 -0.68 -0.03 0.938 -0.0 -0.03 -0.346 -0.631 -0.0 -0.733 -0.255 -0.975 -0.0 0.015 0.222 0.646 0.0 -0.747 0.16 0.919 0.0 0.159 0.361 
0.401 -0.019 -0.045 -0.915 -0.664 0.0 -0.696 0.274 -0.982 -0.0 0.109 -0.155 0.734 0.0 -0.678 -0.027 0.939 0.0 -0.025 -0.343 -0.626 0.0 -0.739 -0.247 -0.975 -0.0 0.015 0.222 0.649 0.0 -0.747 0.145 0.91 0.0 0.148 0.387 
0.397 -0.016 -0.047 -0.916 -0.664 -0.0 -0.695 0.275 -0.982 -0.0 0.105 -0.157 0.736 0.0 -0.677 -0.024 0.94 0.0 -0.021 -0.341 -0.623 -0.0 -0.745 -0.238 -0.975 -0.0 0.016 0.221 0.652 0.0 -0.747 0.128 0.901 0.0 0.137 0.412 
0.394 -0.014 -0.048 -0.918 -0.664 -0.0 -0.696 0.274 -0.982 -0.0 0.103 -0.158 0.737 0.0 -0.676 -0.02 0.941 0.0 -0.016 -0.339 -0.62 -0.0 -0.75 -0.229 -0.975 -0.0 0.018 0.222 0.654 0.0 -0.748 0.11 0.892 0.0 0.123 0.436 
0.392 -0.013 -0.048 -0.919 -0.664 -0.0 -0.697 0.271 -0.982 -0.0 0.103 -0.159 0.736 0.0 -0.677 -0.016 0.941 0.0 -0.013 -0.337 -0.618 -0.0 -0.755 -0.22 -0.975 -0.0 0.02 0.221 0.656 -0.0 -0.75 0.09 0.882 0.0 0.108 0.458 
0.39 -0.012 -0.048 -0.92 -0.666 -0.0 -0.696 0.269 -0.982 -0.0 0.097 -0.162 0.735 -0.0 -0.678 -0.013 0.942 0.0 -0.008 -0.335 -0.615 -0.0 -0.759 -0.212 -0.975 0.0 0.023 0.22 0.657 -0.0 -0.751 0.069 0.872 0.0 0.091 0.48 
0.388 -0.011 -0.047 -0.92 -0.667 -0.0 -0.696 0.266 -0.982 -0.0 0.097 -0.162 0.735 -0.0 -0.678 -0.011 0.943 0.0 -0.006 -0.332 -0.614 -0.0 -0.763 -0.203 -0.975 -0.0 0.025 0.219 0.657 0.0 -0.752 0.046 0.863 -0.0 0.072 0.501 
0.387 -0.011 -0.047 -0.921 -0.669 -0.0 -0.696 0.262 -0.982 -0.0 0.096 -0.164 0.734 0.0 -0.679 -0.009 0.944 0.0 -0.004 -0.329 -0.613 -0.0 -0.767 -0.192 -0.976 -0.0 0.029 0.216 0.657 0.0 -0.754 0.024 0.852 0.0 0.052 0.52 
0.385 -0.011 -0.045 -0.922 -0.671 -0.0 -0.695 0.257 -0.982 -0.0 0.093 -0.166 0.733 -0.0 -0.68 -0.009 0.945 0.0 -0.002 -0.326 -0.612 -0.0 -0.769 -0.184 -0.976 -0.0 0.032 0.214 0.657 0.0 -0.754 -0.001 0.842 0.0 0.027 0.538 
0.385 -0.012 -0.044 -0.922 -0.673 -0.0 -0.695 0.253 -0.981 -0.0 0.093 -0.168 0.733 0.0 -0.681 -0.007 0.947 0.0 -0.001 -0.322 -0.611 -0.0 -0.773 -0.171 -0.977 -0.0 0.038 0.209 0.656 0.0 -0.754 -0.025 0.833 0.0 0.005 0.553 
0.385 -0.013 -0.043 -0.922 -0.676 -0.0 -0.694 0.248 -0.981 -0.0 0.089 -0.171 0.733 0.0 -0.681 -0.007 0.949 0.0 -0.003 -0.317 -0.611 0.0 -0.776 -0.159 -0.978 0.0 0.043 0.204 0.654 -0.0 -0.755 -0.048 0.825 -0.0 -0.018 0.565 
0.383 -0.013 -0.041 -0.923 -0.678 -0.0 -0.694 0.242 -0.981 -0.0 0.09 -0.173 0.733 0.0 -0.681 -0.007 0.95 0.0 -0.002 -0.312 -0.611 -0.0 -0.778 -0.149 -0.979 -0.0 0.046 0.199 0.653 0.0 -0.753 -0.074 0.818 0.0 -0.043 0.574 
0.382 -0.014 -0.039 -0.923 -0.681 -0.0 -0.694 0.235 -0.981 -0.0 0.089 -0.175 0.733 0.0 -0.681 -0.008 0.952 0.0 -0.003 -0.305 -0.611 -0.0 -0.78 -0.137 -0.98 -0.0 0.052 0.194 0.652 0.0 -0.752 -0.096 0.813 0.0 -0.065 0.579 
0.381 -0.016 -0.038 -0.924 -0.683 -0.0 -0.694 0.227 -0.98 -0.0 0.089 -0.176 0.733 0.0 -0.68 -0.008 0.954 0.0 -0.004 -0.3 -0.611 -0.0 -0.782 -0.126 -0.98 -0.0 0.056 0.189 0.65 0.0 -0.751 -0.119 0.808 0.0 -0.086 0.582 
0.379 -0.017 -0.036 -0.924 -0.687 -0.0 -0.693 0.219 -0.98 -0.0 0.087 -0.178 0.733 0.0 -0.681 -0.007 0.956 -0.0 -0.004 -0.295 -0.612 -0.0 -0.783 -0.115 -0.981 -0.0 0.059 0.183 0.648 0.0 -0.749 -0.141 0.806 0.0 -0.107 0.583 
0.376 -0.017 -0.034 -0.926 -0.69 -0.0 -0.692 0.21 -0.98 -0.0 0.085 -0.179 0.732 0.0 -0.681 -0.005 0.957 -0.0 -0.003 -0.29 -0.613 -0.0 -0.784 -0.103 -0.982 -0.0 0.063 0.176 0.647 0.0 -0.745 -0.162 0.804 0.0 -0.127 0.58 
0.374 -0.019 -0.032 -0.927 -0.694 -0.0 -0.691 0.203 -0.98 0.0 0.083 -0.183 0.732 0.0 -0.681 -0.003 0.958 0.0 -0.003 -0.286 -0.613 -0.0 -0.785 -0.09 -0.983 -0.0 0.069 0.17 0.645 0.0 -0.742 -0.181 0.804 0.0 -0.145 0.576 
0.371 -0.02 -0.031 -0.928 -0.696 -0.0 -0.691 0.193 -0.979 -0.0 0.084 -0.184 0.732 -0.0 -0.682 -0.0 0.959 0.0 -0.003 -0.282 -0.613 -0.0 -0.786 -0.079 -0.984 -0.0 0.072 0.164 0.643 -0.0 -0.739 -0.2 0.805 0.0 -0.16 0.572 
0.368 -0.02 -0.029 -0.929 -0.698 -0.0 -0.691 0.186 -0.978 0.0 0.082 -0.191 0.732 0.0 -0.681 0.002 0.96 0.0 -0.001 -0.28 -0.614 -0.0 -0.786 -0.071 -0.984 -0.0 0.074 0.161 0.643 0.0 -0.733 -0.22 0.806 -0.0 -0.178 0.565 
0.364 -0.021 -0.027 -0.931 -0.701 -0.0 -0.691 0.175 -0.978 -0.0 0.082 -0.191 0.731 0.0 -0.682 0.007 0.961 0.0 -0.0 -0.277 -0.615 -0.0 -0.786 -0.058 -0.985 -0.0 0.078 0.154 0.642 0.0 -0.729 -0.236 0.809 0.0 -0.19 0.556 
0.36 -0.022 -0.025 -0.932 -0.705 -0.0 -0.69 0.165 -0.978 -0.0 0.08 -0.195 0.731 0.0 -0.682 0.009 0.962 0.0 0.001 -0.273 -0.616 -0.0 -0.786 -0.05 -0.985 -0.0 0.081 0.151 0.641 0.0 -0.725 -0.253 0.813 0.0 -0.203 0.546 
0.346 -0.024 -0.019 -0.938 -0.713 -0.0 -0.686 0.148 -0.978 -0.0 0.072 -0.198 0.728 0.0 -0.685 0.009 0.963 -0.0 0.01 -0.27 -0.617 -0.0 -0.785 -0.059 -0.984 -0.0 0.085 0.156 0.641 0.0 -0.717 -0.276 0.818 0.0 -0.23 0.528 
0.352 -0.023 -0.023 -0.935 -0.71 -0.0 -0.689 0.143 -0.978 -0.0 0.076 -0.196 0.731 0.0 -0.682 0.016 0.964 0.0 0.004 -0.266 -0.617 -0.0 -0.787 -0.027 -0.987 -0.0 0.088 0.138 0.639 0.0 -0.716 -0.281 0.823 0.0 -0.217 0.524 
0.348 -0.023 -0.021 -0.937 -0.714 -0.0 -0.688 0.134 -0.977 -0.0 0.073 -0.2 0.73 0.0 -0.683 0.019 0.965 -0.0 0.006 -0.262 -0.618 -0.0 -0.786 -0.016 -0.987 -0.0 0.092 0.131 0.639 0.0 -0.711 -0.293 0.83 0.0 -0.223 0.512 
0.343 -0.025 -0.019 -0.939 -0.717 -0.0 -0.686 0.125 -0.976 -0.0 0.073 -0.205 0.73 0.0 -0.683 0.022 0.966 -0.0 0.008 -0.258 -0.618 -0.0 -0.786 -0.006 -0.987 -0.0 0.095 0.126 0.637 0.0 -0.708 -0.305 0.837 0.0 -0.227 0.497 
0.339 -0.026 -0.018 -0.94 -0.72 -0.0 -0.684 0.117 -0.975 0.0 0.07 -0.211 0.729 0.0 -0.684 0.024 0.968 -0.0 0.009 -0.253 -0.619 -0.0 -0.785 0.006 -0.988 -0.0 0.098 0.119 0.636 0.0 -0.705 -0.314 0.845 0.0 -0.227 0.484 
0.335 -0.026 -0.016 -0.942 -0.723 -0.0 -0.682 0.108 -0.975 0.0 0.066 -0.214 0.73 0.0 -0.683 0.025 0.969 -0.0 0.013 -0.247 -0.62 -0.0 -0.785 0.015 -0.988 -0.0 0.099 0.114 0.635 0.0 -0.701 -0.326 0.853 0.0 -0.227 0.47 
0.331 -0.027 -0.014 -0.943 -0.725 -0.0 -0.681 0.099 -0.974 -0.0 0.063 -0.219 0.729 -0.0 -0.684 0.03 0.97 0.0 0.015 -0.244 -0.62 -0.0 -0.784 0.027 -0.989 -0.0 0.102 0.107 0.634 0.0 -0.698 -0.334 0.862 0.0 -0.225 0.455 
0.326 -0.028 -0.013 -0.945 -0.727 -0.0 -0.68 0.09 -0.973 -0.0 0.061 -0.223 0.729 -0.0 -0.684 0.032 0.971 0.0 0.017 -0.239 -0.621 -0.0 -0.783 0.037 -0.989 -0.0 0.104 0.101 0.633 0.0 -0.694 -0.342 0.871 0.0 -0.218 0.441 
0.322 -0.028 -0.012 -0.946 -0.733 -0.0 -0.675 0.085 -0.971 -0.0 0.045 -0.233 0.729 0.0 -0.684 0.035 0.972 0.0 0.018 -0.235 -0.622 -0.0 -0.782 0.047 -0.99 -0.0 0.105 0.095 0.633 0.0 -0.691 -0.348 0.88 0.0 -0.211 0.425 
0.317 -0.028 -0.01 -0.948 -0.734 -0.0 -0.674 0.077 -0.97 -0.0 0.043 -0.239 0.729 0.0 -0.684 0.038 0.973 -0.0 0.021 -0.23 -0.622 -0.0 -0.781 0.057 -0.99 -0.0 0.106 0.089 0.634 -0.0 -0.688 -0.353 0.89 0.0 -0.203 0.409 
0.312 -0.027 -0.009 -0.95 -0.735 -0.0 -0.675 0.068 -0.969 0.0 0.042 -0.243 0.729 0.0 -0.683 0.04 0.974 0.0 0.022 -0.226 -0.622 0.0 -0.78 0.067 -0.991 -0.0 0.109 0.083 0.634 0.0 -0.685 -0.358 0.9 0.0 -0.192 0.392 
0.305 -0.026 -0.008 -0.952 -0.736 0.0 -0.675 0.06 -0.968 -0.0 0.041 -0.248 0.729 0.0 -0.683 0.045 0.975 0.0 0.025 -0.223 -0.622 -0.0 -0.779 0.076 -0.991 0.0 0.111 0.078 0.637 0.0 -0.683 -0.358 0.91 0.0 -0.179 0.373 
0.301 -0.025 -0.007 -0.953 -0.735 -0.0 -0.676 0.049 -0.967 -0.0 0.042 -0.251 0.73 0.0 -0.681 0.048 0.975 0.0 0.028 -0.219 -0.622 -0.0 -0.778 0.085 -0.991 -0.0 0.112 0.075 0.638 -0.0 -0.681 -0.359 0.92 -0.0 -0.164 0.356 
0.297 -0.023 -0.006 -0.955 -0.735 -0.0 -0.677 0.041 -0.966 -0.0 0.039 -0.257 0.731 0.0 -0.681 0.051 0.976 -0.0 0.03 -0.217 -0.621 -0.0 -0.778 0.093 -0.991 -0.0 0.113 0.071 0.639 0.0 -0.68 -0.36 0.93 0.0 -0.15 0.336 
0.292 -0.021 -0.005 -0.956 -0.735 -0.0 -0.677 0.033 -0.964 -0.0 0.038 -0.262 0.732 0.0 -0.679 0.055 0.976 0.0 0.032 -0.214 -0.621 0.0 -0.778 0.101 -0.991 -0.0 0.114 0.068 0.64 0.0 -0.679 -0.359 0.939 -0.0 -0.129 0.318 
0.288 -0.019 -0.005 -0.957 -0.734 -0.0 -0.679 0.025 -0.963 -0.0 0.036 -0.267 0.733 0.0 -0.678 0.058 0.977 0.0 0.034 -0.21 -0.62 -0.0 -0.776 0.111 -0.991 -0.0 0.114 0.064 0.642 0.0 -0.679 -0.355 0.948 0.0 -0.109 0.298 
0.284 -0.016 -0.005 -0.959 -0.733 -0.0 -0.68 0.016 -0.962 -0.0 0.037 -0.272 0.734 0.0 -0.676 0.062 0.978 0.0 0.036 -0.207 -0.62 -0.0 -0.775 0.119 -0.992 -0.0 0.113 0.061 0.643 0.0 -0.68 -0.352 0.957 0.0 -0.09 0.276 
0.281 -0.014 -0.004 -0.96 -0.731 -0.0 -0.682 0.007 -0.961 -0.0 0.038 -0.275 0.735 0.0 -0.675 0.066 0.978 -0.0 0.038 -0.205 -0.619 -0.0 -0.774 0.13 -0.992 0.0 0.113 0.056 0.644 -0.0 -0.682 -0.347 0.965 0.0 -0.068 0.254 
0.277 -0.011 -0.004 -0.961 -0.729 -0.0 -0.684 -0.002 -0.959 -0.0 0.038 -0.279 0.736 0.0 -0.673 0.07 0.978 0.0 0.041 -0.202 -0.619 -0.0 -0.773 0.137 -0.992 -0.0 0.112 0.055 0.646 0.0 -0.682 -0.343 0.972 0.0 -0.047 0.232 
0.272 -0.01 -0.004 -0.962 -0.728 -0.0 -0.685 -0.011 -0.958 0.0 0.038 -0.284 0.736 0.0 -0.673 0.076 0.979 -0.0 0.043 -0.201 -0.62 0.0 -0.771 0.145 -0.992 -0.0 0.111 0.053 0.647 0.0 -0.685 -0.336 0.978 0.0 -0.025 0.208 
0.271 -0.007 -0.004 -0.963 -0.726 -0.0 -0.688 -0.018 -0.957 0.0 0.04 -0.288 0.738 -0.0 -0.67 0.078 0.979 0.0 0.044 -0.197 -0.619 0.0 -0.77 0.155 -0.993 -0.0 0.109 0.05 0.647 0.0 -0.687 -0.331 0.983 -0.0 -0.005 0.186 
0.269 -0.004 -0.004 -0.963 -0.725 -0.0 -0.688 -0.025 -0.955 0.0 0.039 -0.293 0.739 -0.0 -0.669 0.082 0.98 0.0 0.045 -0.194 -0.618 -0.0 -0.769 0.164 -0.993 -0.0 0.11 0.049 0.647 0.0 -0.69 -0.324 0.987 0.0 0.014 0.163 
0.265 -0.001 -0.004 -0.964 -0.723 -0.0 -0.69 -0.031 -0.953 -0.0 0.038 -0.299 0.74 0.0 -0.667 0.085 0.981 0.0 0.047 -0.189 -0.617 0.0 -0.768 0.169 -0.993 -0.0 0.11 0.051 0.648 0.0 -0.692 -0.318 0.99 0.0 0.031 0.14 
0.263 0.001 -0.004 -0.965 -0.722 -0.0 -0.691 -0.037 -0.952 0.0 0.037 -0.304 0.741 -0.0 -0.666 0.088 0.982 0.0 0.048 -0.185 -0.617 -0.0 -0.767 0.176 -0.992 -0.0 0.111 0.053 0.649 0.0 -0.694 -0.311 0.992 0.0 0.046 0.118 
0.264 0.003 -0.005 -0.965 -0.72 -0.0 -0.693 -0.042 -0.95 -0.0 0.04 -0.308 0.742 0.0 -0.664 0.091 0.982 0.0 0.049 -0.182 -0.616 -0.0 -0.766 0.184 -0.992 -0.0 0.113 0.055 0.648 -0.0 -0.697 -0.307 0.993 0.0 0.059 0.102 
0.262 0.006 -0.005 -0.965 -0.718 -0.0 -0.694 -0.048 -0.949 -0.0 0.041 -0.313 0.744 0.0 -0.662 0.094 0.983 0.0 0.049 -0.179 -0.615 -0.0 -0.766 0.187 -0.992 -0.0 0.114 0.059 0.648 0.0 -0.698 -0.305 0.994 0.0 0.067 0.088 
0.261 0.007 -0.006 -0.965 -0.717 -0.0 -0.695 -0.053 -0.947 0.0 0.042 -0.318 0.744 0.0 -0.661 0.097 0.984 0.0 0.049 -0.174 -0.615 -0.0 -0.765 0.192 -0.991 -0.0 0.117 0.064 0.648 -0.0 -0.699 -0.304 0.994 0.0 0.072 0.081 
0.26 0.009 -0.007 -0.965 -0.716 -0.0 -0.696 -0.057 -0.946 -0.0 0.043 -0.322 0.744 0.0 -0.66 0.099 0.984 0.0 0.05 -0.17 -0.615 -0.0 -0.763 0.199 -0.991 0.0 0.119 0.068 0.647 0.0 -0.699 -0.305 0.994 0.0 0.071 0.078 
0.261 0.009 -0.007 -0.965 -0.716 -0.0 -0.696 -0.059 -0.944 -0.0 0.043 -0.328 0.744 0.0 -0.66 0.102 0.985 0.0 0.049 -0.166 -0.616 -0.0 -0.761 0.204 -0.99 -0.0 0.122 0.073 0.645 0.0 -0.699 -0.31 0.994 0.0 0.069 0.084 
0.261 0.009 -0.008 -0.965 -0.716 -0.0 -0.695 -0.062 -0.942 -0.0 0.044 -0.333 0.744 0.0 -0.66 0.104 0.985 0.0 0.051 -0.163 -0.617 -0.0 -0.759 0.209 -0.989 -0.0 0.125 0.079 0.643 0.0 -0.697 -0.317 0.993 0.0 0.063 0.095 
0.263 0.008 -0.009 -0.965 -0.716 0.0 -0.695 -0.064 -0.941 -0.0 0.047 -0.336 0.743 0.0 -0.66 0.107 0.986 -0.0 0.05 -0.16 -0.618 -0.0 -0.757 0.214 -0.988 -0.0 0.128 0.085 0.64 -0.0 -0.696 -0.325 0.992 0.0 0.056 0.111 
0.264 0.007 -0.009 -0.965 -0.717 -0.0 -0.694 -0.066 -0.939 -0.0 0.047 -0.341 0.742 0.0 -0.661 0.11 0.986 0.0 0.051 -0.156 -0.62 -0.0 -0.754 0.219 -0.987 0.0 0.131 0.092 0.637 0.0 -0.695 -0.333 0.99 -0.0 0.048 0.129 
0.265 0.006 -0.01 -0.964 -0.718 -0.0 -0.693 -0.064 -0.937 0.0 0.048 -0.347 0.742 0.0 -0.662 0.111 0.987 0.0 0.05 -0.152 -0.621 -0.0 -0.752 0.221 -0.986 -0.0 0.134 0.1 0.635 -0.0 -0.693 -0.341 0.988 0.0 0.038 0.147 
0.266 0.005 -0.011 -0.964 -0.718 -0.0 -0.694 -0.063 -0.935 -0.0 0.047 -0.351 0.741 -0.0 -0.662 0.113 0.988 0.0 0.05 -0.147 -0.623 -0.0 -0.749 0.226 -0.985 -0.0 0.137 0.108 0.632 -0.0 -0.693 -0.347 0.986 0.0 0.027 0.164 
0.266 0.005 -0.012 -0.964 -0.718 -0.0 -0.693 -0.061 -0.933 -0.0 0.046 -0.357 0.74 0.0 -0.662 0.114 0.989 0.0 0.049 -0.142 -0.625 0.0 -0.746 0.229 -0.983 -0.0 0.14 0.118 0.63 0.0 -0.693 -0.351 0.984 0.0 0.018 0.177 
0.267 0.004 -0.014 -0.963 -0.718 0.0 -0.693 -0.058 -0.931 -0.0 0.046 -0.362 0.74 0.0 -0.662 0.116 0.989 0.0 0.048 -0.138 -0.626 0.0 -0.744 0.233 -0.982 -0.0 0.142 0.126 0.627 0.0 -0.695 -0.352 0.983 0.0 0.017 0.185 
0.268 0.003 -0.015 -0.963 -0.718 -0.0 -0.694 -0.051 -0.928 -0.0 0.044 -0.369 0.74 0.0 -0.662 0.118 0.99 0.0 0.048 -0.134 -0.628 -0.0 -0.742 0.236 -0.98 -0.0 0.145 0.135 0.624 0.0 -0.698 -0.35 0.982 0.0 0.019 0.19 
0.268 0.002 -0.017 -0.963 -0.719 -0.0 -0.693 -0.049 -0.927 -0.0 0.04 -0.372 0.739 0.0 -0.662 0.121 0.99 0.0 0.048 -0.132 -0.632 0.0 -0.736 0.241 -0.979 0.0 0.142 0.144 0.622 0.0 -0.702 -0.346 0.98 0.0 0.017 0.196 
0.27 0.001 -0.019 -0.963 -0.72 -0.0 -0.693 -0.043 -0.926 -0.0 0.039 -0.376 0.738 0.0 -0.664 0.122 0.991 0.0 0.048 -0.128 -0.633 -0.0 -0.735 0.242 -0.977 -0.0 0.148 0.157 0.62 0.0 -0.706 -0.342 0.979 0.0 0.013 0.205 
0.272 -0.002 -0.02 -0.962 -0.721 -0.0 -0.692 -0.038 -0.925 0.0 0.038 -0.378 0.736 0.0 -0.665 0.124 0.991 0.0 0.048 -0.127 -0.635 -0.0 -0.734 0.241 -0.973 -0.0 0.153 0.171 0.616 0.0 -0.71 -0.341 0.976 0.0 0.009 0.217 
0.273 -0.006 -0.022 -0.962 -0.723 0.0 -0.691 -0.033 -0.925 0.0 0.038 -0.379 0.734 -0.0 -0.668 0.127 0.991 0.0 0.047 -0.124 -0.64 -0.0 -0.731 0.238 -0.97 -0.0 0.153 0.187 0.612 0.0 -0.714 -0.34 0.973 0.0 0.004 0.23 
0.277 -0.01 -0.022 -0.961 -0.725 -0.0 -0.688 -0.029 -0.925 -0.0 0.039 -0.379 0.731 0.0 -0.67 0.128 0.991 0.0 0.045 -0.123 -0.645 -0.0 -0.727 0.233 -0.967 -0.0 0.15 0.205 0.606 0.0 -0.719 -0.341 0.97 0.0 -0.0 0.244 
0.28 -0.015 -0.023 -0.96 -0.727 -0.0 -0.686 -0.024 -0.925 -0.0 0.04 -0.377 0.727 0.0 -0.674 0.131 0.992 0.0 0.044 -0.122 -0.651 -0.0 -0.724 0.226 -0.963 0.0 0.146 0.225 0.601 0.0 -0.724 -0.339 0.968 0.0 -0.004 0.253 
0.284 -0.019 -0.023 -0.958 -0.73 -0.0 -0.683 -0.02 -0.926 -0.0 0.04 -0.376 0.725 -0.0 -0.676 0.132 0.992 0.0 0.043 -0.121 -0.657 -0.0 -0.722 0.216 -0.959 -0.0 0.142 0.247 0.596 0.0 -0.73 -0.334 0.966 0.0 -0.007 0.259 
0.289 -0.023 -0.023 -0.957 -0.732 -0.0 -0.681 -0.016 -0.927 -0.0 0.043 -0.373 0.722 -0.0 -0.678 0.134 0.992 0.0 0.041 -0.122 -0.661 -0.0 -0.722 0.204 -0.953 0.0 0.136 0.271 0.592 -0.0 -0.736 -0.327 0.965 -0.0 -0.009 0.263 
0.293 -0.027 -0.023 -0.955 -0.733 -0.0 -0.68 -0.014 -0.928 -0.0 0.047 -0.369 0.72 0.0 -0.681 0.135 0.992 0.0 0.04 -0.123 -0.666 -0.0 -0.721 0.19 -0.946 0.0 0.13 0.297 0.588 0.0 -0.743 -0.319 0.964 0.0 -0.009 0.266 
0.297 -0.031 -0.023 -0.954 -0.735 -0.0 -0.678 -0.011 -0.929 -0.0 0.049 -0.366 0.718 0.0 -0.683 0.136 0.992 0.0 0.037 -0.124 -0.67 -0.0 -0.722 0.173 -0.938 -0.0 0.123 0.325 0.584 0.0 -0.751 -0.309 0.964 0.0 -0.006 0.266 
0.301 -0.034 -0.023 -0.953 -0.737 -0.0 -0.676 -0.008 -0.93 -0.0 0.05 -0.364 0.716 0.0 -0.684 0.137 0.991 -0.0 0.036 -0.126 -0.674 0.0 -0.722 0.155 -0.928 -0.0 0.114 0.354 0.58 0.0 -0.758 -0.297 0.964 0.0 -0.003 0.264 
0.304 -0.037 -0.022 -0.952 -0.738 -0.0 -0.675 -0.004 -0.931 -0.0 0.051 -0.361 0.714 -0.0 -0.686 0.136 0.991 0.0 0.034 -0.128 -0.677 0.0 -0.723 0.136 -0.918 -0.0 0.103 0.383 0.578 0.0 -0.765 -0.284 0.965 0.0 -0.001 0.261 
0.307 -0.039 -0.022 -0.951 -0.738 -0.0 -0.675 -0.001 -0.932 -0.0 0.053 -0.358 0.713 0.0 -0.688 0.136 0.991 0.0 0.033 -0.131 -0.68 -0.0 -0.724 0.116 -0.908 -0.0 0.089 0.409 0.575 0.0 -0.772 -0.27 0.967 0.0 0.005 0.256 
0.31 -0.04 -0.021 -0.95 -0.737 0.0 -0.675 0.002 -0.933 -0.0 0.055 -0.356 0.713 0.0 -0.688 0.135 0.991 0.0 0.03 -0.133 -0.682 -0.0 -0.725 0.094 -0.898 -0.0 0.074 0.434 0.574 -0.0 -0.778 -0.256 0.968 0.0 0.01 0.251 
0.313 -0.04 -0.02 -0.949 -0.737 -0.0 -0.676 0.005 -0.934 -0.0 0.058 -0.353 0.713 0.0 -0.689 0.133 0.99 0.0 0.029 -0.136 -0.684 -0.0 -0.726 0.072 -0.888 -0.0 0.057 0.457 0.573 0.0 -0.783 -0.242 0.969 0.0 0.017 0.246 
0.315 -0.04 -0.02 -0.948 -0.736 -0.0 -0.677 0.007 -0.935 -0.0 0.059 -0.35 0.713 0.0 -0.689 0.131 0.99 0.0 0.027 -0.139 -0.685 -0.0 -0.727 0.049 -0.878 -0.0 0.039 0.478 0.571 0.0 -0.789 -0.227 0.97 0.0 0.023 0.241 
0.317 -0.04 -0.019 -0.947 -0.734 -0.0 -0.679 0.012 -0.935 -0.0 0.06 -0.349 0.713 0.0 -0.689 0.128 0.99 0.0 0.025 -0.141 -0.686 -0.0 -0.727 0.025 -0.867 -0.0 0.021 0.497 0.571 0.0 -0.793 -0.214 0.971 0.0 0.029 0.235 
0.319 -0.04 -0.018 -0.947 -0.732 -0.0 -0.681 0.013 -0.937 -0.0 0.063 -0.344 0.714 0.0 -0.689 0.126 0.989 0.0 0.024 -0.145 -0.687 -0.0 -0.727 0.001 -0.857 -0.0 -0.0 0.515 0.571 0.0 -0.797 -0.199 0.973 0.0 0.035 0.229 
