# T   LUA LFA RUA RFA LT  LS  RT  RS  
0.735 0.022 0.061 0.675 -0.807 -0.0 -0.585 0.084 -0.962 0.0 -0.077 -0.261 0.724 -0.0 -0.616 -0.312 0.771 0.0 -0.438 -0.463 -0.703 -0.0 -0.708 0.076 -0.99 -0.0 0.138 -0.016 0.644 0.0 -0.758 0.108 0.995 0.0 0.09 -0.04 
0.735 0.022 0.061 0.675 -0.807 -0.0 -0.585 0.084 -0.962 -0.0 -0.077 -0.261 0.724 0.0 -0.615 -0.312 0.771 0.0 -0.438 -0.462 -0.703 -0.0 -0.708 0.076 -0.99 -0.0 0.138 -0.016 0.644 0.0 -0.758 0.107 0.995 0.0 0.09 -0.04 
0.735 0.022 0.061 0.675 -0.807 -0.0 -0.585 0.084 -0.962 -0.0 -0.077 -0.261 0.724 0.0 -0.616 -0.312 0.771 0.0 -0.438 -0.462 -0.703 0.0 -0.708 0.076 -0.99 -0.0 0.138 -0.016 0.644 0.0 -0.758 0.107 0.995 0.0 0.091 -0.04 
0.735 0.022 0.061 0.675 -0.807 -0.0 -0.585 0.084 -0.962 -0.0 -0.077 -0.261 0.724 -0.0 -0.616 -0.311 0.771 0.0 -0.438 -0.462 -0.703 0.0 -0.708 0.076 -0.99 -0.0 0.138 -0.016 0.644 0.0 -0.758 0.107 0.995 -0.0 0.09 -0.04 
0.735 0.022 0.061 0.675 -0.807 0.0 -0.585 0.084 -0.962 -0.0 -0.076 -0.262 0.724 -0.0 -0.616 -0.311 0.771 0.0 -0.438 -0.463 -0.703 -0.0 -0.708 0.076 -0.99 -0.0 0.138 -0.017 0.644 -0.0 -0.758 0.107 0.995 0.0 0.09 -0.04 
0.735 0.022 0.061 0.675 -0.807 -0.0 -0.585 0.084 -0.962 -0.0 -0.076 -0.262 0.724 0.0 -0.616 -0.311 0.771 0.0 -0.438 -0.463 -0.703 0.0 -0.707 0.076 -0.99 -0.0 0.138 -0.016 0.644 -0.0 -0.758 0.107 0.995 0.0 0.09 -0.04 
0.735 0.022 0.061 0.675 -0.807 -0.0 -0.585 0.083 -0.962 -0.0 -0.076 -0.261 0.724 -0.0 -0.616 -0.311 0.771 0.0 -0.437 -0.463 -0.703 -0.0 -0.707 0.076 -0.99 0.0 0.138 -0.016 0.644 0.0 -0.758 0.107 0.995 -0.0 0.09 -0.04 
0.735 0.022 0.061 0.675 -0.806 -0.0 -0.586 0.083 -0.962 -0.0 -0.076 -0.261 0.724 0.0 -0.616 -0.31 0.771 0.0 -0.437 -0.463 -0.703 -0.0 -0.708 0.076 -0.99 -0.0 0.138 -0.016 0.644 0.0 -0.758 0.107 0.995 -0.0 0.09 -0.04 
0.735 0.022 0.061 0.675 -0.806 -0.0 -0.586 0.083 -0.962 0.0 -0.076 -0.262 0.724 -0.0 -0.616 -0.31 0.771 0.0 -0.436 -0.464 -0.703 -0.0 -0.707 0.076 -0.99 0.0 0.138 -0.016 0.644 0.0 -0.758 0.107 0.995 0.0 0.09 -0.04 
0.735 0.022 0.061 0.675 -0.806 -0.0 -0.586 0.083 -0.962 -0.0 -0.076 -0.262 0.724 0.0 -0.617 -0.309 0.771 0.0 -0.435 -0.465 -0.703 -0.0 -0.707 0.076 -0.99 0.0 0.138 -0.016 0.644 0.0 -0.757 0.107 0.995 0.0 0.09 -0.04 
0.735 0.022 0.061 0.675 -0.806 -0.0 -0.586 0.083 -0.962 -0.0 -0.076 -0.262 0.724 -0.0 -0.618 -0.307 0.771 0.0 -0.433 -0.466 -0.703 -0.0 -0.707 0.077 -0.99 0.0 0.137 -0.016 0.644 0.0 -0.757 0.107 0.995 0.0 0.09 -0.04 
0.735 0.022 0.061 0.675 -0.806 -0.0 -0.586 0.083 -0.962 -0.0 -0.075 -0.262 0.724 0.0 -0.619 -0.306 0.771 0.0 -0.431 -0.468 -0.703 0.0 -0.707 0.077 -0.99 -0.0 0.137 -0.016 0.644 0.0 -0.757 0.107 0.995 0.0 0.09 -0.04 
0.735 0.022 0.061 0.675 -0.806 -0.0 -0.587 0.083 -0.962 0.0 -0.075 -0.262 0.724 0.0 -0.62 -0.304 0.771 0.0 -0.429 -0.47 -0.703 -0.0 -0.707 0.077 -0.99 0.0 0.137 -0.016 0.644 0.0 -0.757 0.107 0.995 0.0 0.09 -0.04 
0.735 0.022 0.061 0.675 -0.806 -0.0 -0.587 0.082 -0.962 -0.0 -0.076 -0.262 0.723 0.0 -0.621 -0.302 0.771 -0.0 -0.427 -0.472 -0.703 0.0 -0.707 0.077 -0.99 -0.0 0.137 -0.016 0.644 -0.0 -0.757 0.107 0.995 0.0 0.09 -0.04 
0.735 0.022 0.061 0.675 -0.805 -0.0 -0.587 0.082 -0.962 0.0 -0.075 -0.262 0.723 0.0 -0.622 -0.3 0.771 0.0 -0.425 -0.474 -0.703 -0.0 -0.707 0.077 -0.99 -0.0 0.137 -0.016 0.644 0.0 -0.757 0.107 0.995 0.0 0.09 -0.04 
0.735 0.022 0.061 0.675 -0.805 -0.0 -0.587 0.082 -0.962 -0.0 -0.075 -0.262 0.723 -0.0 -0.623 -0.297 0.771 0.0 -0.422 -0.477 -0.703 0.0 -0.707 0.077 -0.99 -0.0 0.137 -0.017 0.644 0.0 -0.757 0.108 0.995 0.0 0.09 -0.04 
0.735 0.022 0.061 0.675 -0.805 0.0 -0.587 0.082 -0.962 -0.0 -0.075 -0.263 0.723 0.0 -0.625 -0.294 0.771 0.0 -0.42 -0.479 -0.703 0.0 -0.707 0.078 -0.99 -0.0 0.137 -0.017 0.644 0.0 -0.757 0.108 0.995 0.0 0.09 -0.04 
0.735 0.022 0.061 0.675 -0.805 -0.0 -0.587 0.082 -0.962 -0.0 -0.075 -0.263 0.723 0.0 -0.626 -0.292 0.771 -0.0 -0.417 -0.482 -0.703 -0.0 -0.707 0.078 -0.99 -0.0 0.137 -0.017 0.644 0.0 -0.757 0.108 0.995 0.0 0.09 -0.04 
0.735 0.022 0.061 0.675 -0.805 -0.0 -0.588 0.082 -0.962 -0.0 -0.075 -0.263 0.723 -0.0 -0.628 -0.289 0.771 -0.0 -0.413 -0.485 -0.703 -0.0 -0.707 0.078 -0.99 0.0 0.137 -0.017 0.644 0.0 -0.757 0.108 0.995 0.0 0.09 -0.04 
0.735 0.022 0.061 0.675 -0.805 -0.0 -0.588 0.082 -0.962 -0.0 -0.075 -0.263 0.723 0.0 -0.629 -0.285 0.771 0.0 -0.41 -0.488 -0.703 -0.0 -0.707 0.078 -0.99 -0.0 0.137 -0.017 0.644 0.0 -0.757 0.108 0.995 -0.0 0.09 -0.04 
0.735 0.022 0.061 0.675 -0.805 -0.0 -0.588 0.082 -0.962 -0.0 -0.075 -0.263 0.723 0.0 -0.631 -0.282 0.771 0.0 -0.406 -0.491 -0.703 -0.0 -0.707 0.078 -0.991 -0.0 0.136 -0.017 0.644 0.0 -0.757 0.109 0.995 0.0 0.09 -0.04 
0.735 0.021 0.061 0.675 -0.805 -0.0 -0.588 0.082 -0.962 -0.0 -0.075 -0.263 0.723 -0.0 -0.633 -0.278 0.771 0.0 -0.401 -0.494 -0.703 -0.0 -0.706 0.079 -0.991 -0.0 0.136 -0.017 0.644 0.0 -0.757 0.109 0.995 0.0 0.09 -0.04 
0.735 0.021 0.062 0.675 -0.804 -0.0 -0.588 0.082 -0.962 0.0 -0.075 -0.264 0.723 0.0 -0.634 -0.275 0.771 0.0 -0.396 -0.499 -0.704 -0.0 -0.706 0.079 -0.991 -0.0 0.136 -0.017 0.644 0.0 -0.757 0.109 0.995 0.0 0.09 -0.04 
0.735 0.021 0.062 0.675 -0.804 0.0 -0.588 0.083 -0.962 -0.0 -0.076 -0.264 0.722 0.0 -0.636 -0.273 0.772 -0.0 -0.39 -0.502 -0.704 0.0 -0.706 0.08 -0.991 -0.0 0.136 -0.017 0.644 0.0 -0.757 0.111 0.995 0.0 0.09 -0.041 
0.735 0.021 0.062 0.675 -0.804 -0.0 -0.588 0.083 -0.961 0.0 -0.076 -0.264 0.721 0.0 -0.638 -0.27 0.772 0.0 -0.383 -0.507 -0.704 -0.0 -0.706 0.081 -0.991 0.0 0.135 -0.017 0.644 0.0 -0.757 0.111 0.995 0.0 0.09 -0.041 
0.735 0.021 0.063 0.675 -0.804 -0.0 -0.588 0.084 -0.961 -0.0 -0.076 -0.264 0.721 0.0 -0.64 -0.266 0.772 -0.0 -0.377 -0.511 -0.704 -0.0 -0.705 0.081 -0.991 -0.0 0.135 -0.017 0.644 -0.0 -0.757 0.112 0.995 0.0 0.09 -0.041 
0.735 0.021 0.063 0.675 -0.804 -0.0 -0.589 0.084 -0.961 -0.0 -0.076 -0.265 0.72 0.0 -0.643 -0.262 0.772 0.0 -0.37 -0.516 -0.704 -0.0 -0.705 0.081 -0.991 -0.0 0.135 -0.017 0.644 0.0 -0.757 0.112 0.995 -0.0 0.09 -0.041 
0.735 0.02 0.063 0.675 -0.804 0.0 -0.589 0.084 -0.961 -0.0 -0.077 -0.265 0.72 0.0 -0.645 -0.257 0.772 0.0 -0.362 -0.522 -0.704 -0.0 -0.705 0.081 -0.991 -0.0 0.135 -0.017 0.643 0.0 -0.757 0.112 0.995 0.0 0.09 -0.041 
0.735 0.02 0.063 0.675 -0.804 -0.0 -0.589 0.084 -0.961 -0.0 -0.077 -0.265 0.719 0.0 -0.647 -0.254 0.772 0.0 -0.353 -0.528 -0.704 0.0 -0.705 0.081 -0.991 -0.0 0.135 -0.016 0.643 0.0 -0.757 0.113 0.995 0.0 0.09 -0.041 
0.735 0.021 0.063 0.675 -0.804 0.0 -0.589 0.084 -0.961 -0.0 -0.076 -0.265 0.719 0.0 -0.65 -0.247 0.77 0.0 -0.347 -0.535 -0.705 -0.0 -0.705 0.08 -0.991 -0.0 0.135 -0.016 0.643 0.0 -0.757 0.112 0.995 0.0 0.09 -0.041 
0.735 0.021 0.063 0.675 -0.804 -0.0 -0.589 0.084 -0.961 0.0 -0.077 -0.266 0.718 0.0 -0.652 -0.243 0.769 0.0 -0.337 -0.543 -0.705 -0.0 -0.705 0.08 -0.991 -0.0 0.135 -0.016 0.643 0.0 -0.757 0.112 0.995 0.0 0.09 -0.041 
0.735 0.021 0.063 0.675 -0.804 -0.0 -0.589 0.084 -0.961 -0.0 -0.077 -0.266 0.718 -0.0 -0.655 -0.237 0.768 0.0 -0.328 -0.551 -0.705 0.0 -0.705 0.08 -0.991 -0.0 0.135 -0.016 0.643 0.0 -0.757 0.113 0.995 0.0 0.09 -0.041 
0.735 0.02 0.063 0.675 -0.804 -0.0 -0.589 0.085 -0.961 0.0 -0.077 -0.266 0.717 0.0 -0.657 -0.232 0.766 0.0 -0.317 -0.559 -0.705 -0.0 -0.705 0.081 -0.991 -0.0 0.134 -0.016 0.643 0.0 -0.757 0.113 0.995 0.0 0.09 -0.041 
0.735 0.02 0.063 0.674 -0.804 -0.0 -0.589 0.085 -0.961 -0.0 -0.077 -0.266 0.717 0.0 -0.659 -0.228 0.764 0.0 -0.307 -0.567 -0.705 0.0 -0.704 0.081 -0.991 -0.0 0.134 -0.016 0.643 0.0 -0.757 0.113 0.995 0.0 0.09 -0.041 
0.735 0.02 0.064 0.674 -0.804 -0.0 -0.589 0.086 -0.961 -0.0 -0.078 -0.266 0.715 0.0 -0.662 -0.225 0.765 0.0 -0.293 -0.574 -0.705 -0.0 -0.704 0.082 -0.991 0.0 0.134 -0.016 0.643 -0.0 -0.757 0.115 0.995 -0.0 0.09 -0.041 
0.736 0.02 0.064 0.674 -0.804 -0.0 -0.589 0.086 -0.961 -0.0 -0.079 -0.266 0.715 -0.0 -0.663 -0.22 0.763 0.0 -0.284 -0.581 -0.705 0.0 -0.704 0.082 -0.991 -0.0 0.134 -0.016 0.643 0.0 -0.757 0.115 0.995 0.0 0.09 -0.041 
0.736 0.019 0.064 0.674 -0.804 -0.0 -0.589 0.086 -0.961 -0.0 -0.079 -0.266 0.715 0.0 -0.665 -0.215 0.762 0.0 -0.272 -0.588 -0.705 0.0 -0.704 0.082 -0.991 -0.0 0.134 -0.016 0.643 0.0 -0.757 0.115 0.995 0.0 0.09 -0.041 
0.736 0.019 0.064 0.674 -0.804 -0.0 -0.588 0.087 -0.961 -0.0 -0.08 -0.266 0.715 0.0 -0.667 -0.211 0.761 0.0 -0.26 -0.594 -0.705 -0.0 -0.704 0.083 -0.991 0.0 0.134 -0.016 0.643 -0.0 -0.757 0.116 0.995 0.0 0.09 -0.041 
0.736 0.019 0.065 0.674 -0.804 -0.0 -0.588 0.087 -0.961 -0.0 -0.08 -0.266 0.714 0.0 -0.669 -0.206 0.76 0.0 -0.248 -0.6 -0.706 -0.0 -0.704 0.083 -0.991 0.0 0.134 -0.016 0.643 0.0 -0.757 0.116 0.995 -0.0 0.09 -0.041 
0.736 0.019 0.065 0.674 -0.804 -0.0 -0.588 0.088 -0.961 -0.0 -0.081 -0.266 0.714 0.0 -0.671 -0.202 0.76 -0.0 -0.235 -0.606 -0.706 -0.0 -0.704 0.083 -0.991 0.0 0.134 -0.016 0.643 0.0 -0.757 0.117 0.995 0.0 0.09 -0.041 
0.736 0.019 0.065 0.673 -0.804 -0.0 -0.588 0.088 -0.961 0.0 -0.081 -0.266 0.713 0.0 -0.672 -0.198 0.76 0.0 -0.223 -0.611 -0.706 -0.0 -0.704 0.083 -0.991 -0.0 0.134 -0.016 0.643 0.0 -0.757 0.117 0.995 0.0 0.09 -0.041 
0.736 0.019 0.065 0.673 -0.805 0.0 -0.587 0.088 -0.961 0.0 -0.082 -0.265 0.713 0.0 -0.673 -0.194 0.76 0.0 -0.21 -0.615 -0.706 -0.0 -0.703 0.084 -0.991 -0.0 0.133 -0.016 0.643 0.0 -0.757 0.118 0.995 0.0 0.09 -0.041 
0.736 0.019 0.065 0.673 -0.805 -0.0 -0.587 0.089 -0.961 -0.0 -0.083 -0.266 0.713 -0.0 -0.675 -0.189 0.759 0.0 -0.199 -0.62 -0.706 -0.0 -0.703 0.084 -0.991 -0.0 0.134 -0.016 0.643 0.0 -0.757 0.118 0.995 0.0 0.09 -0.041 
0.737 0.018 0.066 0.673 -0.805 -0.0 -0.587 0.089 -0.961 -0.0 -0.083 -0.265 0.713 0.0 -0.676 -0.187 0.759 0.0 -0.186 -0.623 -0.706 -0.0 -0.703 0.084 -0.991 -0.0 0.134 -0.016 0.643 0.0 -0.757 0.118 0.995 0.0 0.09 -0.041 
0.737 0.018 0.066 0.673 -0.805 -0.0 -0.586 0.089 -0.961 0.0 -0.084 -0.265 0.713 -0.0 -0.676 -0.183 0.759 0.0 -0.175 -0.627 -0.706 -0.0 -0.703 0.085 -0.991 -0.0 0.133 -0.016 0.643 0.0 -0.757 0.119 0.995 -0.0 0.089 -0.04 
0.737 0.018 0.066 0.673 -0.805 -0.0 -0.586 0.09 -0.961 -0.0 -0.084 -0.264 0.714 0.0 -0.677 -0.181 0.759 0.0 -0.163 -0.63 -0.706 -0.0 -0.703 0.085 -0.991 -0.0 0.133 -0.016 0.643 0.0 -0.757 0.119 0.995 0.0 0.089 -0.04 
0.737 0.018 0.066 0.673 -0.805 0.0 -0.586 0.09 -0.961 -0.0 -0.084 -0.264 0.714 0.0 -0.677 -0.178 0.759 0.0 -0.152 -0.634 -0.706 -0.0 -0.703 0.085 -0.991 -0.0 0.133 -0.016 0.643 0.0 -0.757 0.12 0.995 0.0 0.09 -0.041 
0.737 0.017 0.067 0.672 -0.806 -0.0 -0.585 0.091 -0.961 -0.0 -0.085 -0.264 0.716 0.0 -0.675 -0.176 0.758 0.0 -0.141 -0.636 -0.706 -0.0 -0.703 0.086 -0.991 -0.0 0.133 -0.016 0.643 0.0 -0.757 0.121 0.995 0.0 0.09 -0.041 
0.737 0.017 0.067 0.672 -0.806 -0.0 -0.585 0.091 -0.961 -0.0 -0.085 -0.264 0.717 -0.0 -0.675 -0.174 0.758 0.0 -0.131 -0.639 -0.706 -0.0 -0.703 0.086 -0.991 -0.0 0.133 -0.016 0.643 0.0 -0.756 0.121 0.995 0.0 0.089 -0.04 
0.737 0.017 0.067 0.672 -0.806 -0.0 -0.585 0.091 -0.961 -0.0 -0.085 -0.263 0.715 0.0 -0.678 -0.17 0.757 0.0 -0.116 -0.643 -0.706 -0.0 -0.703 0.086 -0.991 -0.0 0.133 -0.016 0.643 0.0 -0.756 0.121 0.995 0.0 0.09 -0.041 
0.737 0.017 0.067 0.672 -0.806 -0.0 -0.585 0.091 -0.961 -0.0 -0.085 -0.263 0.716 -0.0 -0.678 -0.168 0.757 0.0 -0.105 -0.645 -0.706 -0.0 -0.703 0.087 -0.991 -0.0 0.133 -0.016 0.643 -0.0 -0.756 0.122 0.995 0.0 0.09 -0.041 
0.737 0.017 0.067 0.672 -0.806 -0.0 -0.584 0.092 -0.961 -0.0 -0.085 -0.263 0.717 0.0 -0.677 -0.165 0.756 0.0 -0.095 -0.647 -0.706 -0.0 -0.703 0.087 -0.991 -0.0 0.133 -0.016 0.643 0.0 -0.756 0.122 0.995 0.0 0.09 -0.041 
0.737 0.017 0.067 0.672 -0.806 0.0 -0.584 0.092 -0.961 -0.0 -0.085 -0.262 0.717 0.0 -0.678 -0.163 0.756 0.0 -0.084 -0.65 -0.706 -0.0 -0.703 0.087 -0.991 -0.0 0.133 -0.016 0.643 0.0 -0.756 0.122 0.995 0.0 0.089 -0.041 
0.737 0.017 0.067 0.672 -0.806 -0.0 -0.584 0.092 -0.961 0.0 -0.085 -0.262 0.718 0.0 -0.677 -0.161 0.756 -0.0 -0.073 -0.651 -0.706 -0.0 -0.703 0.087 -0.991 -0.0 0.133 -0.017 0.643 0.0 -0.756 0.122 0.995 0.0 0.089 -0.041 
0.737 0.017 0.067 0.672 -0.807 -0.0 -0.584 0.092 -0.962 -0.0 -0.084 -0.261 0.718 0.0 -0.677 -0.158 0.755 0.0 -0.064 -0.653 -0.706 -0.0 -0.703 0.087 -0.991 -0.0 0.133 -0.016 0.643 0.0 -0.756 0.122 0.995 0.0 0.09 -0.041 
0.737 0.017 0.067 0.672 -0.807 -0.0 -0.584 0.092 -0.962 0.0 -0.084 -0.261 0.719 0.0 -0.678 -0.155 0.755 0.0 -0.054 -0.654 -0.706 -0.0 -0.703 0.087 -0.991 -0.0 0.133 -0.016 0.643 0.0 -0.756 0.122 0.995 0.0 0.089 -0.041 
0.737 0.016 0.067 0.672 -0.807 -0.0 -0.584 0.092 -0.962 -0.0 -0.084 -0.261 0.719 0.0 -0.678 -0.153 0.754 -0.0 -0.042 -0.655 -0.706 -0.0 -0.703 0.087 -0.991 -0.0 0.133 -0.016 0.643 0.0 -0.756 0.123 0.995 0.0 0.09 -0.041 
0.737 0.016 0.067 0.672 -0.807 -0.0 -0.583 0.092 -0.962 -0.0 -0.084 -0.26 0.719 -0.0 -0.679 -0.15 0.754 0.0 -0.032 -0.656 -0.706 -0.0 -0.703 0.088 -0.991 -0.0 0.133 -0.016 0.643 0.0 -0.756 0.123 0.995 0.0 0.09 -0.041 
0.737 0.016 0.067 0.672 -0.807 -0.0 -0.583 0.092 -0.962 -0.0 -0.083 -0.26 0.719 0.0 -0.679 -0.148 0.754 0.0 -0.019 -0.657 -0.706 0.0 -0.703 0.087 -0.991 -0.0 0.133 -0.016 0.643 0.0 -0.756 0.123 0.995 0.0 0.09 -0.041 
0.737 0.016 0.067 0.672 -0.807 -0.0 -0.583 0.092 -0.962 -0.0 -0.082 -0.26 0.719 0.0 -0.679 -0.146 0.754 -0.0 -0.008 -0.657 -0.706 -0.0 -0.703 0.088 -0.991 -0.0 0.133 -0.016 0.643 0.0 -0.756 0.123 0.995 0.0 0.09 -0.041 
0.737 0.016 0.067 0.672 -0.807 -0.0 -0.583 0.092 -0.962 -0.0 -0.082 -0.259 0.719 0.0 -0.68 -0.143 0.753 0.0 0.003 -0.658 -0.706 -0.0 -0.703 0.088 -0.991 -0.0 0.133 -0.016 0.643 0.0 -0.756 0.123 0.995 0.0 0.09 -0.041 
0.737 0.016 0.067 0.672 -0.807 -0.0 -0.583 0.092 -0.963 -0.0 -0.081 -0.259 0.719 0.0 -0.68 -0.141 0.754 -0.0 0.013 -0.657 -0.706 -0.0 -0.703 0.088 -0.991 0.0 0.133 -0.016 0.643 -0.0 -0.756 0.123 0.995 0.0 0.09 -0.041 
0.737 0.016 0.067 0.672 -0.807 -0.0 -0.583 0.092 -0.963 -0.0 -0.081 -0.258 0.719 0.0 -0.681 -0.138 0.754 0.0 0.024 -0.657 -0.705 -0.0 -0.703 0.088 -0.991 -0.0 0.133 -0.016 0.644 0.0 -0.755 0.124 0.995 0.0 0.09 -0.041 
0.737 0.016 0.067 0.673 -0.807 -0.0 -0.583 0.092 -0.963 -0.0 -0.081 -0.258 0.719 0.0 -0.681 -0.136 0.754 0.0 0.035 -0.656 -0.705 -0.0 -0.703 0.089 -0.991 -0.0 0.133 -0.016 0.644 -0.0 -0.755 0.124 0.995 0.0 0.09 -0.041 
0.737 0.016 0.067 0.673 -0.807 -0.0 -0.583 0.092 -0.963 0.0 -0.08 -0.258 0.719 0.0 -0.682 -0.133 0.754 0.0 0.04 -0.656 -0.705 -0.0 -0.703 0.089 -0.991 -0.0 0.133 -0.016 0.644 0.0 -0.755 0.124 0.995 0.0 0.089 -0.041 
0.737 0.016 0.067 0.673 -0.807 0.0 -0.583 0.092 -0.963 -0.0 -0.08 -0.257 0.719 0.0 -0.683 -0.132 0.754 0.0 0.05 -0.655 -0.705 -0.0 -0.703 0.089 -0.991 -0.0 0.133 -0.016 0.644 0.0 -0.755 0.123 0.995 0.0 0.09 -0.041 
0.736 0.016 0.067 0.673 -0.807 -0.0 -0.583 0.092 -0.963 -0.0 -0.079 -0.257 0.719 0.0 -0.683 -0.129 0.754 0.0 0.06 -0.654 -0.705 -0.0 -0.703 0.089 -0.991 0.0 0.133 -0.016 0.644 -0.0 -0.755 0.123 0.995 0.0 0.09 -0.041 
0.736 0.016 0.067 0.673 -0.807 -0.0 -0.583 0.093 -0.963 -0.0 -0.079 -0.257 0.718 0.0 -0.684 -0.127 0.754 -0.0 0.071 -0.653 -0.705 -0.0 -0.703 0.089 -0.991 0.0 0.133 -0.016 0.644 0.0 -0.755 0.123 0.995 -0.0 0.09 -0.041 
0.736 0.016 0.067 0.673 -0.807 0.0 -0.583 0.093 -0.963 -0.0 -0.078 -0.257 0.718 0.0 -0.685 -0.124 0.754 0.0 0.08 -0.652 -0.705 -0.0 -0.703 0.089 -0.991 -0.0 0.133 -0.016 0.644 -0.0 -0.755 0.123 0.995 0.0 0.09 -0.04 
0.736 0.016 0.067 0.674 -0.807 -0.0 -0.583 0.093 -0.963 -0.0 -0.078 -0.257 0.717 0.0 -0.686 -0.123 0.754 0.0 0.091 -0.65 -0.705 -0.0 -0.703 0.09 -0.991 -0.0 0.133 -0.016 0.644 0.0 -0.755 0.123 0.995 -0.0 0.09 -0.04 
0.736 0.016 0.067 0.674 -0.807 -0.0 -0.583 0.093 -0.963 -0.0 -0.078 -0.257 0.717 0.0 -0.687 -0.119 0.753 0.0 0.098 -0.651 -0.705 -0.0 -0.703 0.089 -0.991 -0.0 0.133 -0.016 0.644 0.0 -0.755 0.122 0.995 0.0 0.09 -0.04 
0.735 0.016 0.067 0.674 -0.807 0.0 -0.583 0.093 -0.963 -0.0 -0.077 -0.257 0.717 0.0 -0.687 -0.116 0.753 -0.0 0.106 -0.65 -0.705 -0.0 -0.703 0.09 -0.991 0.0 0.133 -0.016 0.644 -0.0 -0.755 0.123 0.995 0.0 0.09 -0.04 
0.735 0.016 0.067 0.674 -0.807 -0.0 -0.582 0.093 -0.963 -0.0 -0.077 -0.257 0.717 0.0 -0.688 -0.114 0.753 -0.0 0.117 -0.647 -0.705 -0.0 -0.703 0.09 -0.991 0.0 0.133 -0.016 0.644 0.0 -0.755 0.123 0.995 0.0 0.09 -0.04 
0.735 0.016 0.067 0.674 -0.808 -0.0 -0.582 0.094 -0.963 -0.0 -0.078 -0.257 0.716 0.0 -0.689 -0.113 0.754 0.0 0.129 -0.644 -0.705 -0.0 -0.703 0.09 -0.991 -0.0 0.133 -0.016 0.644 0.0 -0.755 0.123 0.995 0.0 0.09 -0.04 
0.735 0.015 0.068 0.675 -0.808 -0.0 -0.582 0.095 -0.963 -0.0 -0.078 -0.257 0.716 0.0 -0.689 -0.113 0.756 0.0 0.141 -0.639 -0.705 -0.0 -0.703 0.091 -0.991 -0.0 0.133 -0.016 0.644 -0.0 -0.755 0.124 0.995 0.0 0.09 -0.04 
0.735 0.015 0.068 0.675 -0.808 -0.0 -0.582 0.095 -0.963 -0.0 -0.078 -0.257 0.715 0.0 -0.69 -0.112 0.757 0.0 0.151 -0.636 -0.705 -0.0 -0.703 0.092 -0.991 -0.0 0.133 -0.016 0.644 0.0 -0.755 0.124 0.995 0.0 0.09 -0.04 
0.735 0.015 0.068 0.675 -0.808 0.0 -0.582 0.095 -0.963 0.0 -0.078 -0.257 0.715 0.0 -0.691 -0.11 0.757 -0.0 0.162 -0.633 -0.705 0.0 -0.703 0.092 -0.991 0.0 0.133 -0.016 0.644 -0.0 -0.755 0.124 0.995 -0.0 0.09 -0.04 
0.735 0.015 0.068 0.675 -0.808 0.0 -0.582 0.095 -0.963 -0.0 -0.078 -0.258 0.714 -0.0 -0.691 -0.108 0.758 0.0 0.173 -0.629 -0.705 -0.0 -0.703 0.092 -0.991 -0.0 0.133 -0.016 0.644 0.0 -0.755 0.124 0.995 0.0 0.09 -0.04 
0.734 0.015 0.068 0.675 -0.808 0.0 -0.582 0.095 -0.963 -0.0 -0.078 -0.258 0.714 0.0 -0.692 -0.107 0.758 0.0 0.183 -0.626 -0.705 -0.0 -0.703 0.092 -0.991 -0.0 0.133 -0.016 0.644 0.0 -0.755 0.124 0.995 0.0 0.09 -0.04 
0.734 0.015 0.068 0.675 -0.808 -0.0 -0.582 0.095 -0.963 0.0 -0.078 -0.258 0.714 0.0 -0.692 -0.105 0.758 0.0 0.195 -0.622 -0.705 -0.0 -0.703 0.092 -0.991 -0.0 0.133 -0.016 0.644 0.0 -0.755 0.124 0.995 0.0 0.09 -0.04 
0.734 0.015 0.068 0.675 -0.807 -0.0 -0.582 0.095 -0.963 -0.0 -0.078 -0.258 0.714 0.0 -0.692 -0.104 0.759 0.0 0.204 -0.618 -0.705 -0.0 -0.703 0.093 -0.991 -0.0 0.133 -0.016 0.644 -0.0 -0.755 0.124 0.995 0.0 0.09 -0.04 
0.734 0.015 0.069 0.676 -0.808 -0.0 -0.582 0.095 -0.963 -0.0 -0.078 -0.258 0.712 -0.0 -0.695 -0.103 0.76 -0.0 0.22 -0.612 -0.705 -0.0 -0.703 0.092 -0.991 -0.0 0.133 -0.016 0.644 -0.0 -0.755 0.123 0.995 0.0 0.089 -0.039 
0.734 0.015 0.069 0.676 -0.808 -0.0 -0.582 0.095 -0.963 0.0 -0.078 -0.258 0.711 0.0 -0.696 -0.102 0.761 0.0 0.23 -0.607 -0.705 -0.0 -0.703 0.093 -0.991 0.0 0.133 -0.016 0.644 0.0 -0.755 0.123 0.995 0.0 0.09 -0.04 
0.734 0.015 0.069 0.676 -0.807 -0.0 -0.582 0.095 -0.963 -0.0 -0.078 -0.258 0.711 0.0 -0.696 -0.1 0.761 0.0 0.24 -0.603 -0.705 0.0 -0.703 0.093 -0.991 -0.0 0.133 -0.016 0.644 0.0 -0.755 0.123 0.995 0.0 0.09 -0.04 
0.734 0.015 0.069 0.676 -0.807 -0.0 -0.582 0.095 -0.963 -0.0 -0.078 -0.258 0.711 0.0 -0.697 -0.098 0.762 0.0 0.25 -0.598 -0.705 -0.0 -0.703 0.093 -0.991 -0.0 0.133 -0.016 0.644 0.0 -0.755 0.124 0.995 0.0 0.09 -0.04 
0.734 0.015 0.069 0.676 -0.807 -0.0 -0.582 0.095 -0.963 -0.0 -0.079 -0.258 0.711 0.0 -0.697 -0.096 0.762 -0.0 0.259 -0.593 -0.705 -0.0 -0.703 0.093 -0.991 0.0 0.133 -0.016 0.644 0.0 -0.755 0.124 0.995 0.0 0.09 -0.04 
0.734 0.015 0.069 0.676 -0.807 -0.0 -0.582 0.095 -0.963 -0.0 -0.079 -0.258 0.71 0.0 -0.697 -0.094 0.763 -0.0 0.27 -0.588 -0.705 -0.0 -0.703 0.093 -0.991 -0.0 0.133 -0.016 0.644 0.0 -0.755 0.124 0.995 0.0 0.09 -0.04 
0.734 0.015 0.069 0.676 -0.807 -0.0 -0.583 0.095 -0.963 -0.0 -0.079 -0.258 0.71 0.0 -0.698 -0.092 0.763 0.0 0.28 -0.583 -0.705 -0.0 -0.703 0.093 -0.991 -0.0 0.132 -0.016 0.644 -0.0 -0.755 0.124 0.995 0.0 0.09 -0.04 
0.734 0.015 0.068 0.676 -0.807 -0.0 -0.583 0.094 -0.963 -0.0 -0.078 -0.258 0.71 -0.0 -0.699 -0.087 0.762 -0.0 0.288 -0.58 -0.705 -0.0 -0.703 0.093 -0.991 -0.0 0.133 -0.016 0.644 0.0 -0.755 0.123 0.995 0.0 0.09 -0.04 
0.734 0.015 0.068 0.676 -0.807 -0.0 -0.583 0.093 -0.963 0.0 -0.079 -0.258 0.71 0.0 -0.699 -0.085 0.763 -0.0 0.294 -0.576 -0.705 -0.0 -0.703 0.093 -0.991 -0.0 0.133 -0.016 0.644 0.0 -0.755 0.124 0.995 0.0 0.09 -0.04 
0.734 0.015 0.068 0.676 -0.807 -0.0 -0.583 0.093 -0.963 -0.0 -0.079 -0.258 0.71 0.0 -0.7 -0.083 0.763 0.0 0.303 -0.571 -0.705 -0.0 -0.703 0.093 -0.991 -0.0 0.133 -0.016 0.644 0.0 -0.755 0.124 0.995 0.0 0.09 -0.04 
0.734 0.015 0.068 0.676 -0.807 -0.0 -0.583 0.093 -0.963 -0.0 -0.079 -0.258 0.71 0.0 -0.7 -0.081 0.763 0.0 0.313 -0.566 -0.705 -0.0 -0.703 0.093 -0.991 -0.0 0.133 -0.016 0.644 0.0 -0.755 0.124 0.995 0.0 0.09 -0.04 
0.734 0.015 0.068 0.675 -0.807 -0.0 -0.583 0.093 -0.963 -0.0 -0.08 -0.259 0.709 0.0 -0.701 -0.078 0.762 0.0 0.321 -0.562 -0.705 -0.0 -0.703 0.093 -0.991 -0.0 0.133 -0.016 0.644 0.0 -0.755 0.124 0.995 -0.0 0.09 -0.04 
0.734 0.014 0.069 0.675 -0.807 -0.0 -0.583 0.093 -0.963 -0.0 -0.08 -0.258 0.709 0.0 -0.701 -0.077 0.762 0.0 0.331 -0.556 -0.705 0.0 -0.703 0.093 -0.991 -0.0 0.133 -0.016 0.644 -0.0 -0.755 0.124 0.995 -0.0 0.09 -0.04 
0.734 0.014 0.069 0.675 -0.807 -0.0 -0.583 0.093 -0.963 -0.0 -0.08 -0.259 0.709 0.0 -0.701 -0.075 0.762 -0.0 0.34 -0.551 -0.705 -0.0 -0.703 0.093 -0.991 0.0 0.132 -0.016 0.644 0.0 -0.755 0.125 0.995 0.0 0.09 -0.04 
0.734 0.014 0.069 0.675 -0.807 0.0 -0.583 0.093 -0.963 0.0 -0.08 -0.259 0.709 0.0 -0.702 -0.073 0.762 0.0 0.35 -0.545 -0.705 -0.0 -0.703 0.094 -0.991 -0.0 0.132 -0.016 0.644 0.0 -0.755 0.125 0.995 0.0 0.09 -0.04 
0.734 0.014 0.069 0.675 -0.807 -0.0 -0.583 0.093 -0.963 -0.0 -0.081 -0.259 0.708 -0.0 -0.703 -0.071 0.761 -0.0 0.359 -0.54 -0.705 0.0 -0.703 0.094 -0.991 -0.0 0.133 -0.016 0.644 -0.0 -0.755 0.126 0.995 0.0 0.09 -0.04 
0.735 0.014 0.069 0.675 -0.807 -0.0 -0.583 0.093 -0.962 -0.0 -0.081 -0.26 0.708 0.0 -0.703 -0.069 0.761 0.0 0.369 -0.534 -0.705 -0.0 -0.703 0.094 -0.991 -0.0 0.133 -0.017 0.644 0.0 -0.755 0.126 0.995 0.0 0.09 -0.04 
0.735 0.014 0.069 0.675 -0.807 -0.0 -0.583 0.093 -0.962 -0.0 -0.081 -0.26 0.708 0.0 -0.703 -0.067 0.76 0.0 0.377 -0.529 -0.705 -0.0 -0.703 0.094 -0.991 0.0 0.133 -0.017 0.644 -0.0 -0.755 0.126 0.995 0.0 0.09 -0.04 
0.735 0.013 0.069 0.675 -0.807 -0.0 -0.583 0.093 -0.962 0.0 -0.081 -0.261 0.707 0.0 -0.704 -0.065 0.759 -0.0 0.386 -0.524 -0.705 0.0 -0.703 0.095 -0.991 -0.0 0.132 -0.017 0.644 0.0 -0.754 0.127 0.995 0.0 0.09 -0.04 
0.735 0.013 0.069 0.674 -0.808 -0.0 -0.583 0.092 -0.962 -0.0 -0.082 -0.26 0.707 0.0 -0.704 -0.063 0.759 0.0 0.395 -0.518 -0.705 -0.0 -0.703 0.095 -0.991 -0.0 0.132 -0.017 0.644 0.0 -0.754 0.127 0.995 0.0 0.09 -0.04 
0.735 0.013 0.069 0.674 -0.808 0.0 -0.582 0.092 -0.962 0.0 -0.082 -0.26 0.707 0.0 -0.705 -0.06 0.758 0.0 0.403 -0.513 -0.705 0.0 -0.703 0.095 -0.991 -0.0 0.133 -0.017 0.644 0.0 -0.754 0.127 0.995 -0.0 0.09 -0.041 
0.735 0.013 0.07 0.674 -0.808 -0.0 -0.582 0.092 -0.962 0.0 -0.083 -0.261 0.707 0.0 -0.705 -0.058 0.757 -0.0 0.411 -0.508 -0.705 -0.0 -0.703 0.095 -0.991 -0.0 0.132 -0.017 0.644 0.0 -0.754 0.128 0.995 0.0 0.09 -0.041 
0.735 0.013 0.07 0.674 -0.808 0.0 -0.582 0.092 -0.962 -0.0 -0.083 -0.261 0.707 -0.0 -0.705 -0.056 0.756 0.0 0.42 -0.502 -0.705 -0.0 -0.703 0.095 -0.991 -0.0 0.132 -0.017 0.644 0.0 -0.754 0.128 0.995 0.0 0.09 -0.041 
0.735 0.013 0.07 0.674 -0.808 -0.0 -0.582 0.092 -0.962 -0.0 -0.084 -0.26 0.707 0.0 -0.705 -0.054 0.755 0.0 0.43 -0.495 -0.705 -0.0 -0.703 0.095 -0.991 0.0 0.132 -0.017 0.644 0.0 -0.754 0.129 0.995 0.0 0.09 -0.041 
0.736 0.012 0.07 0.674 -0.808 0.0 -0.582 0.092 -0.962 -0.0 -0.084 -0.261 0.707 0.0 -0.705 -0.051 0.754 0.0 0.435 -0.492 -0.705 -0.0 -0.703 0.096 -0.991 -0.0 0.132 -0.017 0.644 0.0 -0.754 0.129 0.995 0.0 0.09 -0.041 
0.736 0.012 0.07 0.674 -0.808 -0.0 -0.582 0.092 -0.962 -0.0 -0.084 -0.261 0.707 0.0 -0.705 -0.05 0.753 0.0 0.446 -0.484 -0.705 -0.0 -0.703 0.096 -0.991 -0.0 0.132 -0.017 0.644 0.0 -0.754 0.129 0.995 0.0 0.09 -0.041 
0.736 0.012 0.07 0.673 -0.808 -0.0 -0.582 0.092 -0.962 0.0 -0.084 -0.26 0.707 -0.0 -0.706 -0.048 0.752 0.0 0.451 -0.481 -0.705 -0.0 -0.703 0.096 -0.991 -0.0 0.132 -0.017 0.644 0.0 -0.754 0.13 0.995 0.0 0.09 -0.041 
0.736 0.012 0.07 0.673 -0.808 -0.0 -0.582 0.091 -0.962 -0.0 -0.084 -0.261 0.707 0.0 -0.706 -0.045 0.751 0.0 0.458 -0.475 -0.705 -0.0 -0.703 0.096 -0.991 -0.0 0.132 -0.017 0.644 0.0 -0.754 0.13 0.995 0.0 0.09 -0.041 
0.736 0.012 0.07 0.673 -0.808 0.0 -0.582 0.091 -0.962 -0.0 -0.084 -0.261 0.707 0.0 -0.706 -0.043 0.75 0.0 0.467 -0.468 -0.705 0.0 -0.703 0.096 -0.991 0.0 0.132 -0.017 0.644 0.0 -0.754 0.13 0.995 -0.0 0.09 -0.042 
0.736 0.012 0.07 0.673 -0.808 0.0 -0.582 0.091 -0.962 -0.0 -0.084 -0.261 0.706 0.0 -0.707 -0.042 0.748 0.0 0.477 -0.461 -0.705 -0.0 -0.703 0.096 -0.991 -0.0 0.132 -0.017 0.644 0.0 -0.754 0.131 0.995 -0.0 0.09 -0.042 
0.736 0.012 0.07 0.673 -0.808 -0.0 -0.582 0.091 -0.962 -0.0 -0.084 -0.261 0.707 -0.0 -0.706 -0.038 0.747 0.0 0.481 -0.458 -0.705 -0.0 -0.703 0.096 -0.991 -0.0 0.132 -0.017 0.644 0.0 -0.754 0.131 0.995 0.0 0.09 -0.042 
0.736 0.012 0.07 0.673 -0.808 -0.0 -0.582 0.09 -0.962 0.0 -0.084 -0.261 0.707 0.0 -0.707 -0.036 0.747 0.0 0.488 -0.452 -0.705 -0.0 -0.703 0.096 -0.991 -0.0 0.132 -0.017 0.644 0.0 -0.754 0.131 0.995 0.0 0.09 -0.042 
0.736 0.012 0.07 0.673 -0.808 0.0 -0.582 0.09 -0.962 -0.0 -0.085 -0.261 0.706 0.0 -0.707 -0.035 0.745 0.0 0.497 -0.445 -0.705 -0.0 -0.703 0.096 -0.991 -0.0 0.132 -0.017 0.644 -0.0 -0.754 0.131 0.995 0.0 0.09 -0.042 
0.736 0.012 0.07 0.673 -0.808 -0.0 -0.582 0.09 -0.962 -0.0 -0.085 -0.261 0.706 0.0 -0.708 -0.033 0.745 0.0 0.502 -0.44 -0.705 -0.0 -0.703 0.097 -0.991 -0.0 0.132 -0.017 0.644 0.0 -0.754 0.131 0.995 0.0 0.09 -0.042 
0.736 0.012 0.07 0.673 -0.808 -0.0 -0.582 0.09 -0.962 -0.0 -0.085 -0.261 0.706 0.0 -0.707 -0.03 0.744 0.0 0.508 -0.435 -0.705 -0.0 -0.703 0.097 -0.991 -0.0 0.132 -0.017 0.644 0.0 -0.754 0.131 0.995 0.0 0.09 -0.042 
0.736 0.012 0.07 0.673 -0.808 -0.0 -0.582 0.09 -0.962 -0.0 -0.085 -0.261 0.705 0.0 -0.708 -0.03 0.743 0.0 0.516 -0.426 -0.705 0.0 -0.703 0.097 -0.991 -0.0 0.132 -0.017 0.644 0.0 -0.754 0.131 0.995 -0.0 0.09 -0.042 
0.736 0.012 0.07 0.673 -0.808 -0.0 -0.582 0.09 -0.962 -0.0 -0.085 -0.261 0.706 0.0 -0.708 -0.026 0.743 -0.0 0.518 -0.425 -0.705 -0.0 -0.703 0.097 -0.991 -0.0 0.132 -0.017 0.644 0.0 -0.754 0.131 0.995 0.0 0.09 -0.042 
0.736 0.012 0.07 0.673 -0.809 -0.0 -0.582 0.09 -0.961 0.0 -0.085 -0.262 0.706 0.0 -0.708 -0.024 0.742 0.0 0.524 -0.418 -0.705 -0.0 -0.703 0.096 -0.991 -0.0 0.132 -0.017 0.644 0.0 -0.754 0.131 0.995 0.0 0.09 -0.042 
0.736 0.012 0.07 0.674 -0.809 -0.0 -0.581 0.09 -0.961 0.0 -0.086 -0.262 0.706 0.0 -0.708 -0.022 0.741 0.0 0.53 -0.412 -0.705 -0.0 -0.703 0.096 -0.991 -0.0 0.132 -0.017 0.644 -0.0 -0.754 0.131 0.995 -0.0 0.09 -0.042 
0.736 0.012 0.07 0.674 -0.809 0.0 -0.581 0.09 -0.961 0.0 -0.085 -0.262 0.705 0.0 -0.709 -0.023 0.74 0.0 0.538 -0.403 -0.705 -0.0 -0.703 0.096 -0.991 -0.0 0.132 -0.017 0.644 0.0 -0.754 0.131 0.995 0.0 0.09 -0.042 
0.736 0.012 0.07 0.674 -0.809 -0.0 -0.581 0.09 -0.961 0.0 -0.086 -0.262 0.705 0.0 -0.709 -0.021 0.74 0.0 0.544 -0.396 -0.705 -0.0 -0.703 0.097 -0.991 -0.0 0.132 -0.017 0.644 0.0 -0.754 0.131 0.995 -0.0 0.09 -0.042 
0.736 0.012 0.07 0.674 -0.809 -0.0 -0.581 0.09 -0.961 -0.0 -0.086 -0.262 0.705 0.0 -0.709 -0.02 0.739 -0.0 0.549 -0.39 -0.705 0.0 -0.703 0.096 -0.991 0.0 0.132 -0.017 0.644 -0.0 -0.754 0.131 0.995 0.0 0.09 -0.042 
0.735 0.012 0.07 0.674 -0.809 -0.0 -0.581 0.09 -0.961 0.0 -0.086 -0.262 0.705 -0.0 -0.709 -0.018 0.739 0.0 0.552 -0.386 -0.705 -0.0 -0.703 0.096 -0.991 -0.0 0.132 -0.017 0.644 -0.0 -0.754 0.131 0.995 0.0 0.09 -0.042 
0.735 0.012 0.07 0.674 -0.809 -0.0 -0.581 0.09 -0.961 0.0 -0.086 -0.262 0.705 0.0 -0.709 -0.017 0.739 0.0 0.557 -0.379 -0.705 -0.0 -0.703 0.096 -0.991 -0.0 0.132 -0.017 0.644 0.0 -0.754 0.131 0.995 0.0 0.09 -0.042 
0.735 0.012 0.071 0.674 -0.809 -0.0 -0.581 0.09 -0.961 -0.0 -0.086 -0.262 0.704 0.0 -0.71 -0.017 0.737 0.0 0.566 -0.371 -0.705 -0.0 -0.702 0.097 -0.991 -0.0 0.132 -0.017 0.644 0.0 -0.754 0.131 0.995 -0.0 0.09 -0.042 
0.735 0.012 0.071 0.674 -0.809 -0.0 -0.581 0.09 -0.961 -0.0 -0.087 -0.262 0.704 0.0 -0.71 -0.016 0.736 0.0 0.57 -0.365 -0.705 -0.0 -0.702 0.097 -0.991 -0.0 0.132 -0.017 0.644 0.0 -0.754 0.131 0.995 0.0 0.09 -0.042 
0.735 0.012 0.071 0.674 -0.809 0.0 -0.581 0.091 -0.961 -0.0 -0.087 -0.262 0.705 0.0 -0.709 -0.015 0.737 0.0 0.572 -0.361 -0.705 -0.0 -0.702 0.097 -0.991 0.0 0.132 -0.017 0.644 0.0 -0.754 0.131 0.995 0.0 0.09 -0.042 
0.735 0.012 0.071 0.674 -0.809 -0.0 -0.581 0.091 -0.961 -0.0 -0.087 -0.262 0.705 0.0 -0.709 -0.014 0.736 0.0 0.577 -0.353 -0.705 -0.0 -0.702 0.097 -0.991 0.0 0.132 -0.017 0.644 0.0 -0.754 0.131 0.995 0.0 0.09 -0.042 
0.735 0.012 0.071 0.674 -0.809 -0.0 -0.58 0.091 -0.961 -0.0 -0.087 -0.262 0.705 -0.0 -0.709 -0.014 0.735 0.0 0.583 -0.346 -0.705 -0.0 -0.702 0.097 -0.991 0.0 0.132 -0.017 0.644 0.0 -0.754 0.131 0.995 0.0 0.09 -0.042 
0.735 0.012 0.071 0.674 -0.809 0.0 -0.58 0.092 -0.961 0.0 -0.088 -0.262 0.705 0.0 -0.709 -0.015 0.734 0.0 0.588 -0.339 -0.705 -0.0 -0.702 0.097 -0.991 -0.0 0.132 -0.017 0.644 0.0 -0.754 0.132 0.995 0.0 0.09 -0.042 
0.735 0.012 0.071 0.674 -0.809 -0.0 -0.58 0.092 -0.961 -0.0 -0.088 -0.262 0.705 -0.0 -0.709 -0.015 0.734 0.0 0.592 -0.333 -0.705 -0.0 -0.702 0.097 -0.991 -0.0 0.132 -0.017 0.644 0.0 -0.754 0.132 0.995 0.0 0.09 -0.042 
0.735 0.012 0.071 0.674 -0.809 -0.0 -0.58 0.092 -0.961 -0.0 -0.089 -0.262 0.706 0.0 -0.708 -0.015 0.733 0.0 0.596 -0.327 -0.705 -0.0 -0.702 0.098 -0.991 0.0 0.132 -0.018 0.644 0.0 -0.754 0.132 0.995 0.0 0.09 -0.042 
0.735 0.012 0.071 0.674 -0.809 -0.0 -0.58 0.093 -0.961 -0.0 -0.089 -0.262 0.707 0.0 -0.708 -0.016 0.733 0.0 0.601 -0.319 -0.705 -0.0 -0.702 0.098 -0.991 -0.0 0.132 -0.017 0.643 0.0 -0.754 0.132 0.995 -0.0 0.09 -0.042 
0.735 0.012 0.072 0.674 -0.81 0.0 -0.58 0.093 -0.961 -0.0 -0.09 -0.262 0.707 0.0 -0.707 -0.016 0.731 -0.0 0.607 -0.31 -0.705 -0.0 -0.702 0.098 -0.991 0.0 0.132 -0.018 0.643 0.0 -0.754 0.133 0.995 0.0 0.09 -0.043 
0.735 0.012 0.072 0.674 -0.81 0.0 -0.579 0.094 -0.961 -0.0 -0.09 -0.262 0.708 0.0 -0.706 -0.017 0.733 0.0 0.61 -0.302 -0.706 -0.0 -0.702 0.098 -0.991 0.0 0.132 -0.018 0.643 0.0 -0.754 0.133 0.995 0.0 0.09 -0.043 
0.735 0.012 0.072 0.674 -0.81 0.0 -0.579 0.095 -0.961 -0.0 -0.091 -0.262 0.709 0.0 -0.705 -0.018 0.733 -0.0 0.612 -0.296 -0.705 -0.0 -0.702 0.098 -0.991 -0.0 0.132 -0.018 0.643 0.0 -0.754 0.133 0.995 0.0 0.09 -0.043 
0.735 0.012 0.072 0.674 -0.81 -0.0 -0.579 0.095 -0.961 -0.0 -0.092 -0.262 0.71 0.0 -0.704 -0.018 0.733 0.0 0.615 -0.291 -0.706 -0.0 -0.702 0.098 -0.991 -0.0 0.132 -0.018 0.643 -0.0 -0.754 0.132 0.995 0.0 0.09 -0.042 
0.735 0.012 0.072 0.674 -0.81 -0.0 -0.579 0.096 -0.961 -0.0 -0.093 -0.262 0.711 0.0 -0.703 -0.019 0.734 0.0 0.616 -0.287 -0.706 -0.0 -0.702 0.098 -0.991 -0.0 0.132 -0.018 0.643 -0.0 -0.754 0.133 0.995 -0.0 0.09 -0.042 
0.735 0.011 0.072 0.674 -0.81 -0.0 -0.578 0.097 -0.96 0.0 -0.094 -0.262 0.711 0.0 -0.702 -0.02 0.734 0.0 0.62 -0.279 -0.706 -0.0 -0.702 0.098 -0.991 -0.0 0.132 -0.018 0.643 0.0 -0.754 0.132 0.995 0.0 0.09 -0.042 
0.735 0.012 0.072 0.674 -0.81 -0.0 -0.578 0.097 -0.96 -0.0 -0.094 -0.262 0.712 0.0 -0.702 -0.02 0.734 0.0 0.62 -0.277 -0.706 -0.0 -0.702 0.098 -0.991 -0.0 0.132 -0.018 0.643 0.0 -0.754 0.132 0.995 0.0 0.09 -0.042 
0.735 0.011 0.072 0.674 -0.81 -0.0 -0.578 0.098 -0.96 -0.0 -0.096 -0.262 0.714 0.0 -0.7 -0.02 0.735 0.0 0.622 -0.272 -0.706 -0.0 -0.702 0.098 -0.991 0.0 0.132 -0.018 0.643 -0.0 -0.754 0.132 0.995 0.0 0.09 -0.042 
0.735 0.011 0.072 0.674 -0.81 -0.0 -0.578 0.098 -0.96 0.0 -0.096 -0.261 0.714 0.0 -0.7 -0.021 0.734 0.0 0.624 -0.269 -0.706 0.0 -0.702 0.098 -0.991 -0.0 0.132 -0.018 0.643 -0.0 -0.754 0.132 0.995 0.0 0.09 -0.042 
0.735 0.012 0.072 0.674 -0.81 0.0 -0.577 0.098 -0.96 -0.0 -0.097 -0.261 0.714 0.0 -0.7 -0.021 0.733 0.0 0.628 -0.262 -0.706 -0.0 -0.702 0.098 -0.991 0.0 0.132 -0.018 0.643 0.0 -0.754 0.132 0.995 0.0 0.09 -0.042 
0.735 0.012 0.072 0.674 -0.811 0.0 -0.577 0.099 -0.96 -0.0 -0.098 -0.261 0.714 0.0 -0.7 -0.022 0.733 -0.0 0.63 -0.257 -0.706 -0.0 -0.702 0.098 -0.991 -0.0 0.132 -0.018 0.643 0.0 -0.754 0.132 0.995 0.0 0.09 -0.043 
0.735 0.012 0.072 0.674 -0.811 -0.0 -0.577 0.099 -0.96 -0.0 -0.099 -0.261 0.715 0.0 -0.699 -0.02 0.733 0.0 0.63 -0.256 -0.706 0.0 -0.702 0.098 -0.991 -0.0 0.132 -0.018 0.643 0.0 -0.754 0.132 0.995 0.0 0.09 -0.043 
0.735 0.012 0.072 0.674 -0.811 -0.0 -0.577 0.099 -0.96 -0.0 -0.099 -0.261 0.716 0.0 -0.698 -0.02 0.733 0.0 0.631 -0.253 -0.706 -0.0 -0.702 0.098 -0.991 -0.0 0.132 -0.018 0.643 0.0 -0.754 0.132 0.995 0.0 0.09 -0.043 
0.735 0.012 0.072 0.674 -0.811 -0.0 -0.577 0.099 -0.96 -0.0 -0.1 -0.26 0.716 -0.0 -0.698 -0.019 0.733 0.0 0.631 -0.254 -0.706 -0.0 -0.702 0.098 -0.991 -0.0 0.132 -0.018 0.643 0.0 -0.754 0.132 0.995 0.0 0.09 -0.043 
0.735 0.012 0.072 0.674 -0.811 0.0 -0.577 0.099 -0.96 -0.0 -0.1 -0.26 0.716 0.0 -0.698 -0.017 0.732 0.0 0.632 -0.253 -0.706 -0.0 -0.702 0.098 -0.991 -0.0 0.132 -0.018 0.643 0.0 -0.754 0.132 0.995 0.0 0.09 -0.043 
0.735 0.012 0.072 0.674 -0.811 -0.0 -0.577 0.099 -0.961 0.0 -0.1 -0.26 0.717 0.0 -0.697 -0.016 0.733 0.0 0.631 -0.256 -0.706 -0.0 -0.702 0.098 -0.991 -0.0 0.132 -0.018 0.643 0.0 -0.754 0.132 0.995 0.0 0.09 -0.043 
0.735 0.012 0.072 0.675 -0.811 -0.0 -0.577 0.099 -0.961 -0.0 -0.1 -0.259 0.717 0.0 -0.697 -0.015 0.733 0.0 0.631 -0.255 -0.706 -0.0 -0.702 0.098 -0.991 0.0 0.132 -0.018 0.643 -0.0 -0.754 0.131 0.995 0.0 0.09 -0.043 
0.734 0.012 0.072 0.675 -0.811 -0.0 -0.577 0.099 -0.961 -0.0 -0.101 -0.259 0.717 0.0 -0.697 -0.014 0.733 0.0 0.631 -0.256 -0.706 -0.0 -0.702 0.098 -0.991 0.0 0.132 -0.018 0.643 0.0 -0.754 0.131 0.995 0.0 0.09 -0.043 
0.734 0.012 0.072 0.675 -0.811 -0.0 -0.577 0.099 -0.961 -0.0 -0.101 -0.258 0.718 -0.0 -0.696 -0.013 0.733 0.0 0.628 -0.26 -0.706 -0.0 -0.702 0.098 -0.991 -0.0 0.132 -0.018 0.643 0.0 -0.754 0.131 0.995 0.0 0.09 -0.043 
0.734 0.012 0.072 0.675 -0.811 0.0 -0.577 0.099 -0.961 -0.0 -0.1 -0.258 0.718 0.0 -0.696 -0.012 0.732 0.0 0.631 -0.256 -0.706 -0.0 -0.702 0.098 -0.991 -0.0 0.132 -0.018 0.643 0.0 -0.754 0.131 0.995 0.0 0.09 -0.043 
0.734 0.012 0.072 0.675 -0.811 -0.0 -0.577 0.099 -0.961 -0.0 -0.101 -0.258 0.717 0.0 -0.697 -0.011 0.731 0.0 0.632 -0.255 -0.706 -0.0 -0.702 0.098 -0.991 -0.0 0.132 -0.018 0.643 0.0 -0.754 0.131 0.995 0.0 0.09 -0.043 
0.734 0.012 0.072 0.675 -0.811 -0.0 -0.577 0.099 -0.961 0.0 -0.101 -0.258 0.717 0.0 -0.697 -0.011 0.732 0.0 0.63 -0.259 -0.706 -0.0 -0.702 0.098 -0.991 -0.0 0.132 -0.018 0.643 0.0 -0.754 0.131 0.995 0.0 0.09 -0.043 
0.734 0.012 0.072 0.675 -0.811 -0.0 -0.577 0.099 -0.961 0.0 -0.101 -0.259 0.717 0.0 -0.697 -0.01 0.732 0.0 0.631 -0.259 -0.706 -0.0 -0.702 0.098 -0.991 -0.0 0.132 -0.018 0.643 0.0 -0.754 0.131 0.995 -0.0 0.09 -0.043 
0.734 0.012 0.072 0.676 -0.811 -0.0 -0.577 0.099 -0.961 -0.0 -0.101 -0.258 0.717 0.0 -0.697 -0.008 0.73 0.0 0.633 -0.257 -0.706 0.0 -0.702 0.098 -0.991 -0.0 0.132 -0.018 0.643 0.0 -0.754 0.131 0.995 0.0 0.09 -0.043 
0.733 0.012 0.072 0.676 -0.811 0.0 -0.577 0.099 -0.961 0.0 -0.101 -0.259 0.718 0.0 -0.696 -0.006 0.731 0.0 0.63 -0.261 -0.706 -0.0 -0.701 0.098 -0.991 -0.0 0.132 -0.017 0.643 0.0 -0.754 0.131 0.995 0.0 0.09 -0.043 
0.733 0.012 0.072 0.676 -0.811 -0.0 -0.577 0.099 -0.961 -0.0 -0.101 -0.259 0.718 0.0 -0.696 -0.004 0.73 -0.0 0.632 -0.258 -0.706 0.0 -0.701 0.098 -0.991 -0.0 0.132 -0.018 0.643 0.0 -0.754 0.131 0.995 0.0 0.09 -0.043 
0.733 0.012 0.072 0.676 -0.811 -0.0 -0.577 0.099 -0.961 -0.0 -0.101 -0.259 0.717 0.0 -0.697 -0.002 0.73 0.0 0.63 -0.263 -0.706 -0.0 -0.701 0.099 -0.991 -0.0 0.132 -0.017 0.643 0.0 -0.755 0.131 0.995 0.0 0.09 -0.043 
0.733 0.012 0.072 0.676 -0.81 0.0 -0.577 0.099 -0.961 -0.0 -0.101 -0.259 0.717 0.0 -0.697 -0.001 0.73 0.0 0.631 -0.264 -0.706 -0.0 -0.701 0.099 -0.991 -0.0 0.132 -0.017 0.643 -0.0 -0.755 0.131 0.995 0.0 0.09 -0.043 
0.733 0.012 0.072 0.676 -0.81 -0.0 -0.577 0.099 -0.961 -0.0 -0.101 -0.259 0.717 0.0 -0.697 0.0 0.729 0.0 0.631 -0.264 -0.706 -0.0 -0.701 0.099 -0.991 -0.0 0.132 -0.017 0.643 0.0 -0.755 0.131 0.995 0.0 0.09 -0.043 
0.733 0.012 0.072 0.677 -0.81 -0.0 -0.578 0.099 -0.961 -0.0 -0.101 -0.259 0.716 0.0 -0.698 0.001 0.729 0.0 0.631 -0.265 -0.706 0.0 -0.701 0.099 -0.991 0.0 0.132 -0.018 0.643 -0.0 -0.755 0.131 0.995 0.0 0.09 -0.043 
0.733 0.012 0.073 0.677 -0.81 -0.0 -0.578 0.099 -0.961 -0.0 -0.101 -0.259 0.715 0.0 -0.699 0.001 0.729 0.0 0.632 -0.262 -0.706 0.0 -0.701 0.099 -0.991 0.0 0.132 -0.018 0.643 -0.0 -0.755 0.131 0.995 0.0 0.09 -0.043 
0.732 0.012 0.073 0.677 -0.81 0.0 -0.578 0.099 -0.961 -0.0 -0.101 -0.259 0.716 -0.0 -0.698 0.003 0.73 0.0 0.628 -0.269 -0.706 -0.0 -0.701 0.099 -0.991 -0.0 0.132 -0.018 0.643 0.0 -0.755 0.131 0.995 0.0 0.09 -0.043 
0.732 0.012 0.073 0.677 -0.81 -0.0 -0.578 0.099 -0.961 -0.0 -0.101 -0.259 0.715 -0.0 -0.699 0.002 0.729 0.0 0.63 -0.266 -0.706 0.0 -0.701 0.099 -0.991 -0.0 0.132 -0.018 0.643 -0.0 -0.755 0.131 0.995 0.0 0.09 -0.043 
0.732 0.012 0.073 0.677 -0.81 -0.0 -0.578 0.099 -0.961 0.0 -0.101 -0.259 0.715 0.0 -0.699 0.004 0.73 0.0 0.628 -0.268 -0.706 -0.0 -0.701 0.1 -0.991 0.0 0.132 -0.018 0.643 -0.0 -0.755 0.131 0.995 0.0 0.09 -0.043 
0.732 0.012 0.073 0.677 -0.81 -0.0 -0.578 0.099 -0.96 -0.0 -0.102 -0.259 0.715 0.0 -0.7 0.005 0.73 0.0 0.631 -0.265 -0.706 -0.0 -0.701 0.1 -0.991 -0.0 0.132 -0.018 0.643 0.0 -0.755 0.131 0.995 0.0 0.09 -0.043 
0.732 0.012 0.073 0.678 -0.81 -0.0 -0.578 0.099 -0.96 -0.0 -0.102 -0.26 0.714 0.0 -0.7 0.005 0.73 0.0 0.631 -0.264 -0.706 0.0 -0.701 0.1 -0.991 0.0 0.132 -0.018 0.643 0.0 -0.755 0.13 0.995 -0.0 0.09 -0.043 
0.732 0.012 0.073 0.678 -0.81 0.0 -0.578 0.099 -0.96 -0.0 -0.102 -0.26 0.714 0.0 -0.7 0.006 0.729 -0.0 0.633 -0.259 -0.706 -0.0 -0.701 0.101 -0.991 -0.0 0.132 -0.018 0.643 0.0 -0.755 0.131 0.995 0.0 0.09 -0.043 
0.731 0.012 0.073 0.678 -0.81 -0.0 -0.578 0.099 -0.96 -0.0 -0.102 -0.26 0.714 0.0 -0.701 0.006 0.73 -0.0 0.633 -0.26 -0.706 -0.0 -0.701 0.101 -0.991 0.0 0.132 -0.018 0.643 -0.0 -0.755 0.13 0.995 0.0 0.09 -0.043 
0.731 0.012 0.073 0.678 -0.81 -0.0 -0.578 0.098 -0.96 -0.0 -0.102 -0.26 0.713 -0.0 -0.701 0.007 0.73 0.0 0.632 -0.261 -0.706 -0.0 -0.701 0.101 -0.991 -0.0 0.132 -0.018 0.643 0.0 -0.755 0.13 0.995 0.0 0.09 -0.043 
0.731 0.012 0.073 0.678 -0.81 -0.0 -0.578 0.098 -0.96 0.0 -0.103 -0.259 0.713 0.0 -0.701 0.007 0.731 0.0 0.629 -0.264 -0.706 -0.0 -0.701 0.101 -0.991 -0.0 0.132 -0.018 0.643 0.0 -0.755 0.13 0.995 0.0 0.09 -0.043 
0.731 0.012 0.073 0.678 -0.81 0.0 -0.578 0.098 -0.96 -0.0 -0.103 -0.259 0.713 0.0 -0.702 0.008 0.73 -0.0 0.631 -0.262 -0.707 -0.0 -0.7 0.101 -0.991 0.0 0.132 -0.018 0.642 -0.0 -0.755 0.13 0.995 -0.0 0.09 -0.042 
0.731 0.012 0.073 0.679 -0.81 -0.0 -0.578 0.098 -0.96 -0.0 -0.103 -0.259 0.713 -0.0 -0.702 0.009 0.731 0.0 0.628 -0.267 -0.707 -0.0 -0.7 0.101 -0.991 -0.0 0.132 -0.018 0.643 0.0 -0.755 0.13 0.995 0.0 0.09 -0.042 
0.731 0.012 0.073 0.679 -0.81 -0.0 -0.578 0.098 -0.96 -0.0 -0.103 -0.259 0.712 0.0 -0.702 0.01 0.732 0.0 0.627 -0.268 -0.707 -0.0 -0.7 0.101 -0.991 -0.0 0.132 -0.018 0.642 0.0 -0.755 0.13 0.995 0.0 0.09 -0.043 
0.731 0.012 0.074 0.679 -0.81 -0.0 -0.578 0.098 -0.96 0.0 -0.103 -0.259 0.712 -0.0 -0.702 0.01 0.732 0.0 0.626 -0.269 -0.707 -0.0 -0.7 0.102 -0.991 0.0 0.132 -0.018 0.642 0.0 -0.755 0.13 0.995 0.0 0.09 -0.043 
0.731 0.012 0.074 0.679 -0.81 -0.0 -0.579 0.098 -0.96 0.0 -0.104 -0.259 0.712 0.0 -0.702 0.009 0.733 -0.0 0.625 -0.269 -0.707 -0.0 -0.7 0.102 -0.991 -0.0 0.132 -0.018 0.642 0.0 -0.755 0.131 0.995 0.0 0.09 -0.043 
0.73 0.012 0.074 0.679 -0.81 -0.0 -0.579 0.098 -0.96 0.0 -0.104 -0.259 0.712 0.0 -0.702 0.01 0.733 -0.0 0.625 -0.27 -0.707 -0.0 -0.7 0.102 -0.991 -0.0 0.132 -0.018 0.642 0.0 -0.755 0.131 0.995 0.0 0.09 -0.043 
0.73 0.012 0.074 0.679 -0.81 -0.0 -0.579 0.098 -0.96 -0.0 -0.104 -0.259 0.712 0.0 -0.702 0.011 0.733 -0.0 0.624 -0.271 -0.707 -0.0 -0.7 0.102 -0.991 -0.0 0.132 -0.019 0.642 0.0 -0.755 0.131 0.995 0.0 0.09 -0.043 
0.73 0.012 0.074 0.679 -0.81 0.0 -0.579 0.098 -0.96 -0.0 -0.104 -0.259 0.712 0.0 -0.702 0.01 0.734 0.0 0.62 -0.275 -0.707 0.0 -0.7 0.102 -0.991 -0.0 0.132 -0.018 0.642 -0.0 -0.755 0.131 0.995 0.0 0.09 -0.043 
0.73 0.012 0.074 0.679 -0.81 0.0 -0.579 0.097 -0.96 -0.0 -0.104 -0.259 0.711 0.0 -0.703 0.011 0.734 0.0 0.62 -0.277 -0.707 -0.0 -0.7 0.102 -0.991 -0.0 0.132 -0.019 0.642 0.0 -0.755 0.131 0.995 0.0 0.09 -0.043 
0.73 0.012 0.074 0.679 -0.81 0.0 -0.579 0.098 -0.96 -0.0 -0.104 -0.259 0.711 0.0 -0.703 0.011 0.734 0.0 0.622 -0.274 -0.707 -0.0 -0.7 0.102 -0.991 -0.0 0.132 -0.018 0.642 0.0 -0.755 0.131 0.995 -0.0 0.09 -0.043 
0.73 0.012 0.074 0.679 -0.81 -0.0 -0.579 0.097 -0.96 -0.0 -0.104 -0.259 0.711 0.0 -0.703 0.012 0.735 0.0 0.619 -0.279 -0.707 -0.0 -0.7 0.102 -0.991 -0.0 0.132 -0.018 0.642 -0.0 -0.755 0.131 0.995 0.0 0.09 -0.043 
0.73 0.012 0.074 0.679 -0.81 -0.0 -0.579 0.097 -0.96 -0.0 -0.104 -0.259 0.711 -0.0 -0.703 0.012 0.734 -0.0 0.62 -0.278 -0.707 -0.0 -0.7 0.102 -0.991 -0.0 0.131 -0.018 0.642 0.0 -0.755 0.131 0.995 -0.0 0.09 -0.043 
0.73 0.012 0.074 0.679 -0.81 -0.0 -0.579 0.097 -0.96 -0.0 -0.104 -0.259 0.711 0.0 -0.703 0.012 0.734 -0.0 0.619 -0.28 -0.707 -0.0 -0.7 0.103 -0.991 -0.0 0.132 -0.019 0.642 -0.0 -0.755 0.131 0.995 0.0 0.09 -0.043 
0.73 0.012 0.074 0.679 -0.81 -0.0 -0.579 0.097 -0.96 -0.0 -0.104 -0.26 0.711 0.0 -0.703 0.013 0.734 0.0 0.619 -0.281 -0.707 -0.0 -0.7 0.103 -0.991 -0.0 0.132 -0.019 0.642 0.0 -0.755 0.131 0.995 0.0 0.09 -0.043 
0.73 0.012 0.074 0.679 -0.81 -0.0 -0.579 0.097 -0.96 -0.0 -0.104 -0.26 0.711 0.0 -0.703 0.012 0.733 -0.0 0.619 -0.282 -0.707 -0.0 -0.7 0.103 -0.991 -0.0 0.132 -0.019 0.642 0.0 -0.755 0.131 0.995 0.0 0.09 -0.043 
0.73 0.012 0.074 0.679 -0.81 -0.0 -0.579 0.097 -0.96 -0.0 -0.104 -0.26 0.711 0.0 -0.703 0.013 0.733 0.0 0.618 -0.284 -0.707 -0.0 -0.7 0.102 -0.991 -0.0 0.132 -0.019 0.642 0.0 -0.755 0.131 0.995 -0.0 0.09 -0.043 
0.73 0.012 0.074 0.679 -0.81 -0.0 -0.579 0.097 -0.96 -0.0 -0.104 -0.26 0.711 -0.0 -0.703 0.012 0.733 -0.0 0.62 -0.281 -0.707 -0.0 -0.7 0.103 -0.991 0.0 0.132 -0.019 0.642 0.0 -0.755 0.131 0.995 0.0 0.09 -0.043 
0.73 0.012 0.074 0.679 -0.81 0.0 -0.579 0.097 -0.96 -0.0 -0.104 -0.26 0.711 -0.0 -0.703 0.013 0.734 -0.0 0.613 -0.292 -0.707 -0.0 -0.7 0.102 -0.991 -0.0 0.132 -0.018 0.642 0.0 -0.755 0.131 0.995 0.0 0.09 -0.043 
0.73 0.012 0.074 0.679 -0.81 -0.0 -0.579 0.097 -0.96 0.0 -0.104 -0.26 0.711 0.0 -0.703 0.012 0.733 0.0 0.615 -0.29 -0.706 -0.0 -0.7 0.103 -0.991 0.0 0.132 -0.019 0.642 -0.0 -0.755 0.131 0.995 -0.0 0.09 -0.043 
0.73 0.012 0.074 0.68 -0.81 -0.0 -0.579 0.097 -0.96 0.0 -0.104 -0.26 0.711 0.0 -0.703 0.012 0.734 -0.0 0.611 -0.297 -0.706 0.0 -0.7 0.103 -0.991 -0.0 0.132 -0.019 0.643 -0.0 -0.755 0.131 0.995 0.0 0.09 -0.043 
0.73 0.012 0.074 0.68 -0.81 -0.0 -0.579 0.097 -0.96 -0.0 -0.104 -0.26 0.711 0.0 -0.703 0.012 0.733 -0.0 0.613 -0.296 -0.706 0.0 -0.7 0.103 -0.991 -0.0 0.131 -0.019 0.643 0.0 -0.755 0.131 0.995 0.0 0.09 -0.043 
0.73 0.012 0.074 0.68 -0.81 -0.0 -0.579 0.097 -0.96 0.0 -0.104 -0.26 0.711 -0.0 -0.703 0.011 0.732 0.0 0.613 -0.297 -0.706 -0.0 -0.7 0.103 -0.991 -0.0 0.132 -0.019 0.643 -0.0 -0.755 0.131 0.995 0.0 0.09 -0.043 
0.73 0.012 0.074 0.68 -0.81 0.0 -0.579 0.097 -0.96 -0.0 -0.104 -0.26 0.711 0.0 -0.703 0.011 0.732 -0.0 0.614 -0.295 -0.706 -0.0 -0.7 0.103 -0.991 -0.0 0.132 -0.019 0.643 0.0 -0.755 0.131 0.995 -0.0 0.09 -0.043 
0.73 0.011 0.074 0.68 -0.81 -0.0 -0.579 0.097 -0.96 -0.0 -0.104 -0.26 0.712 0.0 -0.702 0.01 0.733 0.0 0.61 -0.302 -0.706 -0.0 -0.7 0.103 -0.991 -0.0 0.132 -0.019 0.643 0.0 -0.755 0.131 0.995 0.0 0.09 -0.043 
0.73 0.011 0.074 0.68 -0.81 -0.0 -0.578 0.097 -0.96 -0.0 -0.104 -0.26 0.712 0.0 -0.702 0.009 0.733 0.0 0.61 -0.302 -0.706 -0.0 -0.7 0.103 -0.991 -0.0 0.132 -0.018 0.643 0.0 -0.755 0.13 0.995 0.0 0.091 -0.042 
0.73 0.011 0.074 0.68 -0.81 -0.0 -0.578 0.097 -0.96 -0.0 -0.104 -0.26 0.712 0.0 -0.702 0.009 0.732 -0.0 0.611 -0.302 -0.706 -0.0 -0.701 0.103 -0.991 -0.0 0.132 -0.019 0.643 0.0 -0.755 0.13 0.995 -0.0 0.091 -0.042 
0.73 0.011 0.074 0.68 -0.81 -0.0 -0.578 0.097 -0.96 0.0 -0.104 -0.26 0.712 0.0 -0.702 0.008 0.732 0.0 0.608 -0.308 -0.706 -0.0 -0.701 0.103 -0.991 -0.0 0.132 -0.019 0.643 0.0 -0.755 0.131 0.995 -0.0 0.09 -0.042 
0.73 0.011 0.074 0.68 -0.81 -0.0 -0.578 0.097 -0.96 0.0 -0.104 -0.259 0.712 0.0 -0.702 0.007 0.731 0.0 0.608 -0.309 -0.706 -0.0 -0.701 0.103 -0.991 -0.0 0.131 -0.018 0.643 0.0 -0.755 0.13 0.995 0.0 0.09 -0.042 
0.73 0.011 0.074 0.68 -0.81 -0.0 -0.578 0.097 -0.96 -0.0 -0.104 -0.259 0.713 0.0 -0.701 0.005 0.732 0.0 0.607 -0.31 -0.706 -0.0 -0.701 0.103 -0.991 -0.0 0.131 -0.019 0.643 0.0 -0.755 0.131 0.995 0.0 0.09 -0.042 
0.73 0.011 0.074 0.68 -0.81 -0.0 -0.578 0.098 -0.96 0.0 -0.104 -0.259 0.713 0.0 -0.702 0.004 0.731 0.0 0.606 -0.313 -0.706 -0.0 -0.701 0.103 -0.991 -0.0 0.131 -0.019 0.643 0.0 -0.755 0.131 0.995 0.0 0.091 -0.042 
0.73 0.011 0.074 0.68 -0.81 -0.0 -0.578 0.098 -0.96 -0.0 -0.104 -0.259 0.713 0.0 -0.701 0.003 0.731 0.0 0.604 -0.316 -0.706 0.0 -0.701 0.103 -0.991 0.0 0.132 -0.019 0.643 0.0 -0.755 0.13 0.995 0.0 0.09 -0.042 
0.73 0.011 0.074 0.68 -0.81 -0.0 -0.578 0.098 -0.96 -0.0 -0.104 -0.259 0.713 0.0 -0.701 0.002 0.731 -0.0 0.601 -0.322 -0.706 -0.0 -0.701 0.103 -0.991 -0.0 0.132 -0.019 0.643 0.0 -0.755 0.13 0.995 0.0 0.091 -0.042 
0.73 0.011 0.074 0.68 -0.81 -0.0 -0.578 0.098 -0.96 -0.0 -0.104 -0.259 0.713 -0.0 -0.701 0.001 0.732 0.0 0.598 -0.327 -0.706 -0.0 -0.701 0.103 -0.991 0.0 0.132 -0.018 0.643 0.0 -0.755 0.13 0.995 -0.0 0.091 -0.042 
0.73 0.011 0.074 0.68 -0.81 -0.0 -0.578 0.098 -0.96 -0.0 -0.104 -0.259 0.714 0.0 -0.701 0.0 0.731 0.0 0.598 -0.329 -0.706 0.0 -0.701 0.103 -0.991 -0.0 0.131 -0.018 0.643 0.0 -0.755 0.13 0.995 0.0 0.091 -0.042 
0.73 0.011 0.074 0.68 -0.81 0.0 -0.578 0.098 -0.96 -0.0 -0.104 -0.26 0.714 0.0 -0.7 -0.001 0.732 0.0 0.594 -0.334 -0.706 -0.0 -0.701 0.103 -0.991 -0.0 0.131 -0.018 0.643 0.0 -0.754 0.13 0.995 -0.0 0.091 -0.042 
0.729 0.011 0.074 0.68 -0.81 0.0 -0.578 0.098 -0.96 0.0 -0.104 -0.26 0.713 0.0 -0.701 -0.003 0.73 0.0 0.595 -0.334 -0.706 -0.0 -0.701 0.103 -0.991 0.0 0.132 -0.019 0.643 -0.0 -0.754 0.13 0.995 -0.0 0.091 -0.042 
0.729 0.011 0.074 0.68 -0.81 -0.0 -0.578 0.099 -0.96 0.0 -0.104 -0.26 0.713 0.0 -0.701 -0.004 0.731 0.0 0.59 -0.342 -0.706 -0.0 -0.701 0.103 -0.991 -0.0 0.131 -0.018 0.643 0.0 -0.754 0.13 0.995 0.0 0.091 -0.042 
0.729 0.011 0.074 0.68 -0.81 0.0 -0.578 0.099 -0.96 -0.0 -0.104 -0.26 0.714 0.0 -0.7 -0.006 0.731 -0.0 0.588 -0.347 -0.706 -0.0 -0.701 0.103 -0.991 -0.0 0.131 -0.018 0.644 0.0 -0.754 0.13 0.995 -0.0 0.091 -0.042 
0.729 0.011 0.074 0.68 -0.81 0.0 -0.577 0.099 -0.96 -0.0 -0.104 -0.26 0.714 0.0 -0.7 -0.007 0.732 0.0 0.581 -0.356 -0.706 -0.0 -0.701 0.104 -0.991 0.0 0.131 -0.018 0.643 0.0 -0.754 0.13 0.995 0.0 0.091 -0.042 
0.729 0.011 0.074 0.68 -0.81 -0.0 -0.577 0.099 -0.96 -0.0 -0.104 -0.26 0.714 0.0 -0.7 -0.008 0.731 0.0 0.58 -0.359 -0.705 -0.0 -0.701 0.104 -0.991 -0.0 0.131 -0.018 0.643 0.0 -0.754 0.13 0.995 0.0 0.091 -0.042 
0.729 0.011 0.074 0.68 -0.81 -0.0 -0.577 0.099 -0.96 0.0 -0.104 -0.26 0.714 -0.0 -0.7 -0.008 0.731 0.0 0.576 -0.366 -0.705 -0.0 -0.701 0.104 -0.991 0.0 0.131 -0.018 0.644 0.0 -0.754 0.13 0.995 0.0 0.091 -0.042 
0.729 0.011 0.074 0.68 -0.81 -0.0 -0.577 0.099 -0.96 0.0 -0.103 -0.26 0.715 0.0 -0.7 -0.01 0.731 0.0 0.574 -0.37 -0.705 -0.0 -0.701 0.104 -0.991 -0.0 0.131 -0.018 0.644 -0.0 -0.754 0.13 0.995 0.0 0.091 -0.042 
0.729 0.011 0.074 0.68 -0.81 -0.0 -0.577 0.1 -0.96 -0.0 -0.103 -0.26 0.715 -0.0 -0.699 -0.011 0.732 0.0 0.567 -0.378 -0.705 -0.0 -0.701 0.104 -0.991 -0.0 0.131 -0.018 0.644 0.0 -0.754 0.13 0.995 0.0 0.091 -0.041 
0.729 0.011 0.073 0.68 -0.81 0.0 -0.577 0.099 -0.96 -0.0 -0.103 -0.26 0.715 0.0 -0.699 -0.013 0.733 -0.0 0.562 -0.384 -0.705 -0.0 -0.701 0.104 -0.991 0.0 0.131 -0.018 0.644 0.0 -0.754 0.13 0.995 0.0 0.091 -0.041 
0.729 0.011 0.073 0.681 -0.81 -0.0 -0.577 0.099 -0.96 -0.0 -0.103 -0.259 0.715 0.0 -0.699 -0.014 0.733 0.0 0.557 -0.391 -0.705 -0.0 -0.701 0.104 -0.991 -0.0 0.131 -0.018 0.644 -0.0 -0.754 0.13 0.995 0.0 0.091 -0.041 
0.729 0.011 0.073 0.681 -0.81 0.0 -0.577 0.099 -0.96 -0.0 -0.103 -0.259 0.716 0.0 -0.698 -0.016 0.734 0.0 0.552 -0.396 -0.705 -0.0 -0.702 0.104 -0.991 -0.0 0.131 -0.018 0.644 -0.0 -0.754 0.129 0.995 0.0 0.091 -0.041 
0.729 0.011 0.073 0.681 -0.81 -0.0 -0.577 0.099 -0.96 -0.0 -0.102 -0.259 0.715 0.0 -0.698 -0.017 0.734 0.0 0.546 -0.404 -0.705 -0.0 -0.702 0.104 -0.991 0.0 0.131 -0.018 0.644 0.0 -0.754 0.129 0.995 0.0 0.091 -0.041 
0.729 0.011 0.073 0.681 -0.81 -0.0 -0.577 0.099 -0.96 -0.0 -0.102 -0.259 0.715 0.0 -0.699 -0.019 0.734 0.0 0.544 -0.407 -0.705 -0.0 -0.702 0.103 -0.991 -0.0 0.131 -0.018 0.644 0.0 -0.754 0.129 0.995 0.0 0.091 -0.041 
0.729 0.011 0.073 0.681 -0.81 -0.0 -0.577 0.099 -0.961 -0.0 -0.102 -0.259 0.716 0.0 -0.698 -0.022 0.735 0.0 0.539 -0.411 -0.705 -0.0 -0.701 0.104 -0.991 0.0 0.131 -0.018 0.644 0.0 -0.754 0.129 0.995 -0.0 0.091 -0.041 
0.729 0.011 0.073 0.681 -0.81 -0.0 -0.577 0.1 -0.961 0.0 -0.101 -0.259 0.716 -0.0 -0.698 -0.023 0.736 0.0 0.534 -0.417 -0.705 -0.0 -0.701 0.104 -0.991 -0.0 0.131 -0.018 0.644 0.0 -0.754 0.129 0.995 0.0 0.091 -0.041 
0.729 0.011 0.073 0.681 -0.81 -0.0 -0.577 0.1 -0.961 -0.0 -0.101 -0.259 0.716 0.0 -0.698 -0.025 0.736 0.0 0.528 -0.423 -0.705 -0.0 -0.701 0.103 -0.991 -0.0 0.131 -0.018 0.644 -0.0 -0.754 0.129 0.995 -0.0 0.091 -0.041 
0.729 0.011 0.073 0.681 -0.81 -0.0 -0.577 0.1 -0.961 -0.0 -0.101 -0.259 0.716 -0.0 -0.697 -0.027 0.738 0.0 0.522 -0.428 -0.705 -0.0 -0.702 0.103 -0.991 0.0 0.131 -0.017 0.644 -0.0 -0.754 0.128 0.995 0.0 0.091 -0.04 
0.729 0.011 0.073 0.681 -0.81 -0.0 -0.578 0.1 -0.961 -0.0 -0.101 -0.259 0.715 0.0 -0.698 -0.03 0.737 0.0 0.522 -0.429 -0.705 -0.0 -0.702 0.103 -0.991 -0.0 0.131 -0.018 0.644 0.0 -0.754 0.128 0.995 -0.0 0.091 -0.04 
0.729 0.011 0.073 0.681 -0.81 -0.0 -0.578 0.1 -0.961 -0.0 -0.101 -0.259 0.715 0.0 -0.698 -0.033 0.738 0.0 0.517 -0.433 -0.705 -0.0 -0.702 0.103 -0.991 -0.0 0.131 -0.017 0.644 0.0 -0.754 0.128 0.995 -0.0 0.091 -0.04 
0.729 0.011 0.073 0.681 -0.81 -0.0 -0.578 0.1 -0.961 -0.0 -0.101 -0.259 0.715 -0.0 -0.698 -0.036 0.739 0.0 0.514 -0.435 -0.705 -0.0 -0.702 0.103 -0.991 -0.0 0.131 -0.017 0.644 0.0 -0.754 0.128 0.995 -0.0 0.091 -0.04 
0.729 0.01 0.073 0.681 -0.81 -0.0 -0.578 0.1 -0.961 -0.0 -0.101 -0.259 0.715 0.0 -0.698 -0.038 0.739 0.0 0.512 -0.438 -0.704 -0.0 -0.702 0.103 -0.991 0.0 0.131 -0.017 0.645 -0.0 -0.754 0.127 0.995 0.0 0.091 -0.04 
0.729 0.011 0.073 0.681 -0.81 -0.0 -0.578 0.1 -0.961 -0.0 -0.1 -0.259 0.715 -0.0 -0.698 -0.04 0.74 0.0 0.507 -0.443 -0.704 -0.0 -0.702 0.102 -0.991 0.0 0.131 -0.017 0.645 0.0 -0.754 0.127 0.995 0.0 0.091 -0.04 
0.729 0.01 0.073 0.681 -0.81 -0.0 -0.578 0.1 -0.961 -0.0 -0.101 -0.259 0.714 0.0 -0.699 -0.044 0.74 0.0 0.504 -0.445 -0.704 -0.0 -0.702 0.103 -0.991 -0.0 0.131 -0.017 0.645 0.0 -0.754 0.128 0.995 -0.0 0.091 -0.04 
0.729 0.01 0.073 0.681 -0.81 -0.0 -0.578 0.1 -0.961 -0.0 -0.1 -0.258 0.714 -0.0 -0.699 -0.045 0.741 0.0 0.499 -0.45 -0.704 -0.0 -0.702 0.103 -0.991 0.0 0.132 -0.017 0.645 0.0 -0.754 0.128 0.995 0.0 0.091 -0.04 
0.729 0.01 0.073 0.68 -0.81 -0.0 -0.578 0.1 -0.961 -0.0 -0.1 -0.258 0.714 0.0 -0.699 -0.047 0.742 -0.0 0.495 -0.452 -0.704 0.0 -0.703 0.103 -0.991 -0.0 0.131 -0.017 0.645 0.0 -0.754 0.128 0.995 0.0 0.091 -0.04 
0.729 0.01 0.073 0.68 -0.81 0.0 -0.578 0.099 -0.961 -0.0 -0.1 -0.258 0.714 0.0 -0.699 -0.05 0.743 0.0 0.491 -0.456 -0.704 -0.0 -0.702 0.102 -0.991 -0.0 0.131 -0.017 0.645 0.0 -0.754 0.128 0.995 0.0 0.091 -0.04 
0.729 0.01 0.073 0.68 -0.81 -0.0 -0.578 0.099 -0.961 -0.0 -0.1 -0.258 0.714 0.0 -0.699 -0.052 0.744 0.0 0.486 -0.459 -0.704 -0.0 -0.703 0.102 -0.991 -0.0 0.131 -0.017 0.645 0.0 -0.754 0.128 0.995 -0.0 0.091 -0.04 
0.73 0.01 0.073 0.68 -0.81 -0.0 -0.578 0.1 -0.961 -0.0 -0.1 -0.259 0.714 0.0 -0.698 -0.054 0.745 0.0 0.48 -0.462 -0.704 -0.0 -0.703 0.102 -0.991 -0.0 0.132 -0.017 0.645 0.0 -0.754 0.128 0.995 0.0 0.091 -0.04 
0.73 0.01 0.073 0.68 -0.81 -0.0 -0.577 0.099 -0.961 0.0 -0.101 -0.258 0.715 0.0 -0.697 -0.056 0.747 -0.0 0.471 -0.469 -0.704 -0.0 -0.703 0.102 -0.991 -0.0 0.131 -0.017 0.645 -0.0 -0.754 0.128 0.995 0.0 0.091 -0.04 
0.73 0.01 0.072 0.68 -0.81 -0.0 -0.577 0.099 -0.961 -0.0 -0.101 -0.258 0.715 0.0 -0.697 -0.057 0.747 -0.0 0.466 -0.474 -0.704 -0.0 -0.703 0.101 -0.991 -0.0 0.132 -0.017 0.645 0.0 -0.754 0.128 0.995 0.0 0.091 -0.04 
0.73 0.01 0.072 0.679 -0.811 0.0 -0.577 0.099 -0.961 0.0 -0.101 -0.258 0.715 -0.0 -0.697 -0.058 0.747 0.0 0.461 -0.48 -0.704 -0.0 -0.703 0.101 -0.991 0.0 0.132 -0.017 0.645 0.0 -0.754 0.128 0.995 0.0 0.091 -0.04 
0.73 0.01 0.072 0.679 -0.811 -0.0 -0.577 0.099 -0.961 0.0 -0.101 -0.258 0.714 0.0 -0.697 -0.059 0.747 0.0 0.456 -0.484 -0.704 -0.0 -0.703 0.101 -0.991 0.0 0.132 -0.017 0.645 0.0 -0.754 0.128 0.995 0.0 0.091 -0.04 
0.731 0.01 0.072 0.679 -0.811 -0.0 -0.577 0.099 -0.961 -0.0 -0.101 -0.258 0.714 0.0 -0.697 -0.061 0.747 0.0 0.451 -0.488 -0.704 -0.0 -0.703 0.1 -0.991 0.0 0.132 -0.017 0.645 0.0 -0.754 0.127 0.995 0.0 0.091 -0.04 
0.731 0.011 0.072 0.679 -0.811 -0.0 -0.577 0.099 -0.961 -0.0 -0.101 -0.258 0.714 0.0 -0.698 -0.062 0.747 0.0 0.444 -0.495 -0.704 -0.0 -0.703 0.1 -0.991 0.0 0.132 -0.016 0.645 0.0 -0.754 0.127 0.995 0.0 0.091 -0.04 
0.731 0.01 0.072 0.678 -0.811 -0.0 -0.577 0.099 -0.961 -0.0 -0.101 -0.258 0.714 -0.0 -0.698 -0.063 0.747 0.0 0.438 -0.5 -0.704 -0.0 -0.703 0.099 -0.991 -0.0 0.132 -0.016 0.645 0.0 -0.754 0.127 0.995 -0.0 0.091 -0.04 
0.731 0.01 0.072 0.678 -0.811 -0.0 -0.577 0.099 -0.961 -0.0 -0.102 -0.258 0.714 0.0 -0.697 -0.065 0.748 0.0 0.431 -0.505 -0.704 -0.0 -0.703 0.099 -0.991 0.0 0.132 -0.016 0.645 0.0 -0.754 0.127 0.995 0.0 0.091 -0.04 
0.732 0.01 0.072 0.678 -0.811 -0.0 -0.576 0.098 -0.961 -0.0 -0.102 -0.258 0.715 0.0 -0.696 -0.066 0.749 0.0 0.423 -0.51 -0.704 -0.0 -0.703 0.099 -0.991 -0.0 0.132 -0.016 0.645 -0.0 -0.754 0.128 0.995 0.0 0.091 -0.04 
0.732 0.01 0.072 0.678 -0.811 -0.0 -0.576 0.098 -0.961 0.0 -0.102 -0.258 0.714 0.0 -0.696 -0.068 0.75 -0.0 0.415 -0.516 -0.704 -0.0 -0.703 0.099 -0.991 -0.0 0.132 -0.016 0.645 0.0 -0.753 0.128 0.995 -0.0 0.091 -0.04 
0.732 0.01 0.072 0.677 -0.811 -0.0 -0.576 0.099 -0.961 0.0 -0.102 -0.258 0.715 0.0 -0.696 -0.069 0.751 0.0 0.406 -0.522 -0.704 0.0 -0.703 0.099 -0.991 -0.0 0.132 -0.016 0.645 0.0 -0.753 0.128 0.995 0.0 0.091 -0.04 
0.732 0.01 0.072 0.677 -0.812 -0.0 -0.576 0.099 -0.961 0.0 -0.103 -0.258 0.715 0.0 -0.695 -0.071 0.751 -0.0 0.396 -0.528 -0.704 -0.0 -0.703 0.098 -0.991 0.0 0.132 -0.016 0.645 0.0 -0.753 0.128 0.995 0.0 0.091 -0.04 
0.732 0.01 0.072 0.677 -0.812 -0.0 -0.576 0.099 -0.961 0.0 -0.103 -0.258 0.716 -0.0 -0.695 -0.072 0.752 0.0 0.386 -0.534 -0.704 -0.0 -0.703 0.098 -0.991 -0.0 0.132 -0.016 0.645 0.0 -0.753 0.128 0.995 0.0 0.091 -0.04 
0.733 0.01 0.072 0.677 -0.812 0.0 -0.575 0.099 -0.961 0.0 -0.103 -0.258 0.716 0.0 -0.694 -0.074 0.753 0.0 0.375 -0.54 -0.704 -0.0 -0.703 0.098 -0.991 -0.0 0.132 -0.015 0.645 0.0 -0.753 0.128 0.995 -0.0 0.091 -0.04 
0.733 0.01 0.072 0.677 -0.812 -0.0 -0.575 0.099 -0.961 -0.0 -0.103 -0.258 0.716 0.0 -0.694 -0.077 0.754 0.0 0.367 -0.545 -0.704 -0.0 -0.703 0.098 -0.991 0.0 0.132 -0.016 0.645 0.0 -0.753 0.128 0.995 0.0 0.091 -0.04 
0.733 0.01 0.072 0.676 -0.812 0.0 -0.575 0.099 -0.961 -0.0 -0.103 -0.258 0.718 0.0 -0.692 -0.077 0.755 0.0 0.353 -0.552 -0.704 -0.0 -0.703 0.098 -0.991 -0.0 0.132 -0.015 0.645 0.0 -0.753 0.129 0.995 -0.0 0.091 -0.04 
0.733 0.01 0.072 0.676 -0.812 -0.0 -0.575 0.099 -0.961 -0.0 -0.103 -0.258 0.718 0.0 -0.692 -0.079 0.756 0.0 0.341 -0.558 -0.704 -0.0 -0.703 0.097 -0.991 -0.0 0.132 -0.015 0.645 -0.0 -0.753 0.129 0.995 0.0 0.091 -0.04 
0.733 0.01 0.072 0.676 -0.812 -0.0 -0.575 0.099 -0.961 -0.0 -0.103 -0.258 0.719 0.0 -0.691 -0.081 0.757 0.0 0.329 -0.565 -0.704 -0.0 -0.703 0.097 -0.991 -0.0 0.132 -0.015 0.645 0.0 -0.753 0.129 0.995 0.0 0.091 -0.04 
0.733 0.01 0.072 0.676 -0.812 -0.0 -0.575 0.099 -0.961 0.0 -0.102 -0.258 0.719 0.0 -0.69 -0.083 0.757 0.0 0.318 -0.57 -0.704 0.0 -0.703 0.097 -0.991 0.0 0.132 -0.015 0.645 0.0 -0.753 0.129 0.995 0.0 0.091 -0.04 
0.733 0.01 0.072 0.676 -0.812 -0.0 -0.575 0.1 -0.961 -0.0 -0.102 -0.258 0.72 0.0 -0.689 -0.085 0.758 0.0 0.304 -0.577 -0.704 -0.0 -0.703 0.097 -0.991 -0.0 0.132 -0.015 0.645 0.0 -0.753 0.129 0.995 -0.0 0.091 -0.04 
0.734 0.01 0.071 0.676 -0.812 -0.0 -0.575 0.099 -0.961 -0.0 -0.102 -0.257 0.72 0.0 -0.689 -0.087 0.759 -0.0 0.292 -0.582 -0.704 -0.0 -0.704 0.097 -0.991 -0.0 0.132 -0.015 0.645 0.0 -0.753 0.129 0.995 0.0 0.091 -0.04 
0.734 0.01 0.071 0.676 -0.812 -0.0 -0.575 0.099 -0.961 -0.0 -0.102 -0.257 0.72 0.0 -0.688 -0.09 0.76 -0.0 0.281 -0.586 -0.704 0.0 -0.704 0.096 -0.991 -0.0 0.132 -0.015 0.645 0.0 -0.753 0.129 0.995 0.0 0.091 -0.04 
0.734 0.01 0.071 0.676 -0.812 -0.0 -0.575 0.099 -0.961 -0.0 -0.101 -0.257 0.72 0.0 -0.688 -0.093 0.76 -0.0 0.27 -0.591 -0.704 -0.0 -0.704 0.096 -0.991 0.0 0.132 -0.015 0.645 0.0 -0.753 0.129 0.995 -0.0 0.091 -0.04 
0.734 0.01 0.071 0.676 -0.812 0.0 -0.575 0.099 -0.961 -0.0 -0.101 -0.257 0.72 0.0 -0.687 -0.095 0.761 -0.0 0.258 -0.595 -0.704 0.0 -0.704 0.096 -0.991 -0.0 0.132 -0.015 0.645 0.0 -0.753 0.128 0.995 0.0 0.091 -0.04 
0.734 0.01 0.071 0.676 -0.812 -0.0 -0.575 0.099 -0.961 -0.0 -0.1 -0.256 0.721 -0.0 -0.686 -0.099 0.762 0.0 0.247 -0.598 -0.704 -0.0 -0.704 0.096 -0.991 -0.0 0.132 -0.014 0.645 0.0 -0.753 0.128 0.995 0.0 0.091 -0.04 
0.734 0.01 0.071 0.676 -0.812 -0.0 -0.575 0.099 -0.961 -0.0 -0.1 -0.256 0.721 -0.0 -0.686 -0.101 0.763 0.0 0.236 -0.602 -0.704 -0.0 -0.704 0.096 -0.991 -0.0 0.132 -0.014 0.645 0.0 -0.753 0.128 0.995 0.0 0.091 -0.04 
0.734 0.01 0.071 0.676 -0.812 -0.0 -0.575 0.098 -0.962 -0.0 -0.099 -0.255 0.721 0.0 -0.685 -0.104 0.764 0.0 0.224 -0.605 -0.704 -0.0 -0.704 0.095 -0.991 -0.0 0.132 -0.014 0.645 0.0 -0.753 0.128 0.995 0.0 0.091 -0.04 
0.734 0.01 0.071 0.676 -0.812 -0.0 -0.575 0.098 -0.962 -0.0 -0.099 -0.255 0.721 -0.0 -0.684 -0.108 0.765 0.0 0.213 -0.608 -0.704 -0.0 -0.704 0.095 -0.991 -0.0 0.132 -0.014 0.645 0.0 -0.754 0.128 0.995 0.0 0.091 -0.04 
0.734 0.01 0.071 0.676 -0.812 -0.0 -0.575 0.098 -0.962 -0.0 -0.099 -0.255 0.721 -0.0 -0.684 -0.111 0.766 -0.0 0.201 -0.611 -0.704 -0.0 -0.704 0.095 -0.991 -0.0 0.132 -0.014 0.645 -0.0 -0.754 0.128 0.995 0.0 0.091 -0.04 
0.734 0.01 0.071 0.675 -0.812 -0.0 -0.575 0.098 -0.962 -0.0 -0.099 -0.255 0.721 0.0 -0.683 -0.114 0.767 0.0 0.191 -0.613 -0.704 -0.0 -0.704 0.095 -0.991 -0.0 0.132 -0.014 0.645 0.0 -0.753 0.129 0.995 0.0 0.091 -0.041 
0.734 0.01 0.071 0.676 -0.812 -0.0 -0.575 0.098 -0.962 0.0 -0.098 -0.254 0.721 0.0 -0.683 -0.117 0.768 0.0 0.181 -0.615 -0.704 0.0 -0.704 0.095 -0.991 -0.0 0.132 -0.014 0.645 -0.0 -0.753 0.128 0.995 0.0 0.091 -0.041 
0.735 0.009 0.071 0.675 -0.812 -0.0 -0.576 0.098 -0.962 -0.0 -0.098 -0.255 0.723 -0.0 -0.68 -0.12 0.768 0.0 0.165 -0.618 -0.704 -0.0 -0.704 0.095 -0.991 -0.0 0.132 -0.014 0.645 0.0 -0.753 0.13 0.995 0.0 0.09 -0.042 
0.734 0.01 0.071 0.675 -0.812 -0.0 -0.576 0.097 -0.962 -0.0 -0.098 -0.255 0.722 0.0 -0.681 -0.123 0.769 -0.0 0.154 -0.62 -0.704 0.0 -0.704 0.094 -0.991 -0.0 0.132 -0.014 0.645 0.0 -0.753 0.128 0.995 0.0 0.091 -0.041 
0.734 0.01 0.07 0.675 -0.812 -0.0 -0.576 0.097 -0.962 0.0 -0.097 -0.255 0.722 0.0 -0.68 -0.127 0.77 0.0 0.144 -0.621 -0.704 0.0 -0.704 0.094 -0.991 -0.0 0.132 -0.014 0.645 0.0 -0.753 0.128 0.995 0.0 0.091 -0.041 
0.734 0.01 0.07 0.676 -0.812 -0.0 -0.576 0.097 -0.962 0.0 -0.097 -0.255 0.722 0.0 -0.679 -0.131 0.771 0.0 0.132 -0.623 -0.704 -0.0 -0.704 0.094 -0.991 -0.0 0.132 -0.013 0.645 0.0 -0.753 0.128 0.995 0.0 0.091 -0.041 
0.734 0.01 0.07 0.676 -0.811 -0.0 -0.576 0.097 -0.962 -0.0 -0.096 -0.255 0.722 0.0 -0.679 -0.135 0.772 0.0 0.12 -0.624 -0.704 -0.0 -0.704 0.093 -0.991 -0.0 0.132 -0.013 0.645 -0.0 -0.753 0.127 0.995 0.0 0.091 -0.041 
0.734 0.011 0.07 0.676 -0.811 0.0 -0.577 0.097 -0.962 -0.0 -0.096 -0.255 0.721 0.0 -0.679 -0.138 0.773 0.0 0.109 -0.625 -0.704 -0.0 -0.704 0.093 -0.991 -0.0 0.132 -0.013 0.645 0.0 -0.754 0.127 0.995 0.0 0.091 -0.041 
0.734 0.011 0.07 0.676 -0.811 -0.0 -0.577 0.097 -0.962 -0.0 -0.095 -0.255 0.721 -0.0 -0.678 -0.143 0.774 0.0 0.1 -0.625 -0.704 -0.0 -0.704 0.093 -0.991 -0.0 0.132 -0.013 0.645 0.0 -0.754 0.127 0.995 0.0 0.091 -0.041 
0.734 0.011 0.07 0.676 -0.811 -0.0 -0.577 0.096 -0.962 -0.0 -0.095 -0.255 0.721 0.0 -0.677 -0.146 0.775 0.0 0.089 -0.626 -0.704 -0.0 -0.704 0.092 -0.991 -0.0 0.132 -0.013 0.645 0.0 -0.754 0.126 0.995 0.0 0.091 -0.041 
0.734 0.011 0.07 0.676 -0.811 -0.0 -0.577 0.096 -0.962 -0.0 -0.095 -0.255 0.721 0.0 -0.676 -0.15 0.776 0.0 0.078 -0.626 -0.704 -0.0 -0.704 0.092 -0.991 -0.0 0.132 -0.013 0.645 0.0 -0.754 0.126 0.995 0.0 0.091 -0.041 
0.733 0.011 0.07 0.676 -0.811 -0.0 -0.578 0.096 -0.962 -0.0 -0.095 -0.255 0.721 0.0 -0.676 -0.154 0.777 0.0 0.068 -0.626 -0.704 -0.0 -0.704 0.092 -0.991 -0.0 0.132 -0.013 0.645 0.0 -0.754 0.126 0.995 0.0 0.091 -0.041 
0.733 0.011 0.07 0.676 -0.81 -0.0 -0.578 0.096 -0.962 -0.0 -0.095 -0.256 0.721 0.0 -0.675 -0.158 0.778 0.0 0.059 -0.626 -0.704 -0.0 -0.704 0.092 -0.991 -0.0 0.132 -0.013 0.645 0.0 -0.754 0.125 0.995 0.0 0.091 -0.041 
0.733 0.012 0.07 0.676 -0.81 -0.0 -0.578 0.095 -0.962 0.0 -0.095 -0.256 0.721 -0.0 -0.674 -0.161 0.778 -0.0 0.048 -0.627 -0.705 -0.0 -0.704 0.091 -0.991 -0.0 0.132 -0.013 0.645 0.0 -0.754 0.125 0.995 0.0 0.091 -0.041 
0.733 0.012 0.07 0.676 -0.81 -0.0 -0.578 0.095 -0.962 -0.0 -0.095 -0.256 0.721 0.0 -0.673 -0.165 0.779 0.0 0.034 -0.626 -0.705 -0.0 -0.704 0.091 -0.991 -0.0 0.132 -0.013 0.645 0.0 -0.754 0.125 0.995 0.0 0.091 -0.041 
0.733 0.012 0.069 0.676 -0.81 -0.0 -0.579 0.095 -0.962 0.0 -0.094 -0.256 0.721 0.0 -0.672 -0.168 0.78 0.0 0.023 -0.626 -0.705 -0.0 -0.704 0.091 -0.991 0.0 0.132 -0.013 0.645 0.0 -0.754 0.125 0.995 0.0 0.091 -0.041 
0.733 0.012 0.069 0.676 -0.81 -0.0 -0.579 0.094 -0.962 -0.0 -0.094 -0.257 0.722 -0.0 -0.671 -0.172 0.781 0.0 0.014 -0.625 -0.705 -0.0 -0.704 0.09 -0.991 -0.0 0.132 -0.012 0.645 -0.0 -0.754 0.124 0.995 -0.0 0.091 -0.041 
0.733 0.012 0.069 0.676 -0.81 -0.0 -0.579 0.094 -0.962 -0.0 -0.094 -0.257 0.722 0.0 -0.67 -0.176 0.78 0.0 0.01 -0.625 -0.705 -0.0 -0.704 0.09 -0.991 -0.0 0.132 -0.012 0.644 -0.0 -0.755 0.123 0.995 0.0 0.091 -0.04 
0.733 0.013 0.069 0.676 -0.81 -0.0 -0.579 0.094 -0.962 0.0 -0.094 -0.257 0.722 0.0 -0.669 -0.179 0.781 -0.0 -0.001 -0.625 -0.705 -0.0 -0.704 0.089 -0.991 -0.0 0.132 -0.012 0.644 0.0 -0.755 0.123 0.995 0.0 0.091 -0.04 
0.733 0.013 0.069 0.676 -0.81 -0.0 -0.58 0.094 -0.962 -0.0 -0.094 -0.258 0.722 0.0 -0.667 -0.183 0.781 0.0 -0.011 -0.624 -0.705 -0.0 -0.704 0.089 -0.991 -0.0 0.133 -0.012 0.644 0.0 -0.755 0.122 0.995 0.0 0.091 -0.04 
0.733 0.013 0.069 0.676 -0.809 -0.0 -0.58 0.093 -0.961 0.0 -0.095 -0.258 0.722 -0.0 -0.666 -0.186 0.782 0.0 -0.021 -0.623 -0.705 -0.0 -0.704 0.088 -0.991 -0.0 0.133 -0.012 0.644 0.0 -0.755 0.122 0.995 0.0 0.091 -0.04 
0.734 0.013 0.069 0.676 -0.809 -0.0 -0.58 0.093 -0.961 -0.0 -0.095 -0.259 0.722 0.0 -0.665 -0.189 0.782 0.0 -0.031 -0.622 -0.705 -0.0 -0.704 0.088 -0.991 -0.0 0.133 -0.012 0.644 -0.0 -0.755 0.122 0.995 -0.0 0.091 -0.04 
0.734 0.013 0.069 0.676 -0.809 -0.0 -0.58 0.093 -0.961 -0.0 -0.095 -0.259 0.722 0.0 -0.664 -0.192 0.783 0.0 -0.04 -0.621 -0.705 -0.0 -0.704 0.088 -0.991 -0.0 0.133 -0.012 0.644 -0.0 -0.755 0.122 0.995 0.0 0.091 -0.04 
0.734 0.013 0.068 0.676 -0.809 -0.0 -0.58 0.093 -0.961 -0.0 -0.095 -0.26 0.723 0.0 -0.663 -0.195 0.783 0.0 -0.049 -0.62 -0.705 -0.0 -0.704 0.087 -0.991 -0.0 0.133 -0.012 0.644 0.0 -0.755 0.121 0.995 0.0 0.091 -0.041 
0.734 0.013 0.068 0.676 -0.809 -0.0 -0.581 0.093 -0.961 0.0 -0.095 -0.26 0.723 0.0 -0.662 -0.198 0.783 0.0 -0.058 -0.619 -0.705 -0.0 -0.704 0.087 -0.991 -0.0 0.133 -0.012 0.644 0.0 -0.755 0.121 0.995 0.0 0.091 -0.041 
0.734 0.013 0.068 0.675 -0.809 0.0 -0.581 0.092 -0.961 -0.0 -0.095 -0.26 0.723 0.0 -0.661 -0.201 0.784 0.0 -0.067 -0.617 -0.705 -0.0 -0.704 0.087 -0.991 -0.0 0.133 -0.012 0.644 -0.0 -0.755 0.121 0.995 0.0 0.091 -0.041 
0.734 0.013 0.068 0.675 -0.809 0.0 -0.581 0.092 -0.961 -0.0 -0.096 -0.26 0.723 0.0 -0.659 -0.205 0.785 -0.0 -0.076 -0.615 -0.705 0.0 -0.704 0.087 -0.991 -0.0 0.133 -0.012 0.644 0.0 -0.755 0.121 0.995 0.0 0.091 -0.041 
0.735 0.014 0.068 0.675 -0.809 -0.0 -0.581 0.092 -0.961 -0.0 -0.096 -0.26 0.723 0.0 -0.658 -0.208 0.786 0.0 -0.085 -0.613 -0.705 -0.0 -0.704 0.086 -0.991 -0.0 0.133 -0.012 0.644 0.0 -0.755 0.121 0.995 0.0 0.091 -0.041 
0.735 0.014 0.068 0.675 -0.809 0.0 -0.581 0.092 -0.961 -0.0 -0.096 -0.261 0.724 0.0 -0.656 -0.213 0.787 0.0 -0.094 -0.61 -0.705 -0.0 -0.704 0.086 -0.991 -0.0 0.133 -0.012 0.644 0.0 -0.755 0.121 0.995 0.0 0.091 -0.041 
0.735 0.014 0.068 0.675 -0.809 -0.0 -0.581 0.091 -0.96 -0.0 -0.097 -0.261 0.724 0.0 -0.655 -0.215 0.787 0.0 -0.104 -0.609 -0.705 -0.0 -0.704 0.086 -0.991 -0.0 0.133 -0.012 0.644 0.0 -0.755 0.121 0.995 0.0 0.091 -0.041 
0.735 0.014 0.068 0.674 -0.809 0.0 -0.581 0.091 -0.96 -0.0 -0.097 -0.261 0.724 0.0 -0.653 -0.22 0.788 0.0 -0.112 -0.606 -0.705 -0.0 -0.704 0.085 -0.991 -0.0 0.133 -0.012 0.644 0.0 -0.755 0.121 0.995 -0.0 0.09 -0.04 
0.736 0.014 0.068 0.674 -0.809 -0.0 -0.581 0.091 -0.96 0.0 -0.097 -0.261 0.726 0.0 -0.65 -0.224 0.788 0.0 -0.124 -0.603 -0.705 -0.0 -0.704 0.084 -0.991 -0.0 0.133 -0.012 0.644 0.0 -0.756 0.121 0.995 0.0 0.091 -0.041 
0.736 0.014 0.068 0.673 -0.809 -0.0 -0.581 0.091 -0.96 0.0 -0.097 -0.261 0.727 0.0 -0.649 -0.227 0.788 -0.0 -0.132 -0.601 -0.705 -0.0 -0.704 0.084 -0.991 -0.0 0.133 -0.012 0.644 0.0 -0.755 0.121 0.995 0.0 0.09 -0.041 
0.736 0.014 0.068 0.673 -0.809 -0.0 -0.581 0.091 -0.96 -0.0 -0.098 -0.262 0.727 0.0 -0.647 -0.23 0.789 -0.0 -0.14 -0.599 -0.705 -0.0 -0.704 0.083 -0.991 -0.0 0.133 -0.012 0.644 -0.0 -0.755 0.121 0.995 0.0 0.09 -0.041 
0.737 0.014 0.067 0.673 -0.809 -0.0 -0.581 0.09 -0.96 -0.0 -0.097 -0.262 0.728 0.0 -0.645 -0.232 0.788 0.0 -0.149 -0.597 -0.705 -0.0 -0.704 0.083 -0.991 0.0 0.133 -0.012 0.644 0.0 -0.756 0.12 0.995 0.0 0.09 -0.041 
0.737 0.015 0.067 0.673 -0.809 -0.0 -0.582 0.089 -0.96 0.0 -0.097 -0.262 0.727 0.0 -0.646 -0.234 0.788 0.0 -0.157 -0.595 -0.705 -0.0 -0.704 0.082 -0.991 0.0 0.133 -0.012 0.644 0.0 -0.756 0.12 0.995 0.0 0.09 -0.041 
0.737 0.014 0.068 0.672 -0.809 -0.0 -0.581 0.09 -0.96 -0.0 -0.098 -0.261 0.728 0.0 -0.642 -0.24 0.79 -0.0 -0.162 -0.591 -0.705 0.0 -0.704 0.083 -0.991 -0.0 0.133 -0.011 0.644 0.0 -0.755 0.121 0.995 -0.0 0.09 -0.041 
0.738 0.014 0.067 0.672 -0.809 -0.0 -0.582 0.09 -0.96 -0.0 -0.098 -0.261 0.727 0.0 -0.642 -0.242 0.791 0.0 -0.162 -0.591 -0.705 -0.0 -0.704 0.082 -0.991 -0.0 0.133 -0.011 0.644 -0.0 -0.756 0.121 0.995 0.0 0.09 -0.041 
0.738 0.015 0.067 0.672 -0.809 -0.0 -0.582 0.089 -0.96 0.0 -0.097 -0.261 0.728 0.0 -0.641 -0.243 0.789 0.0 -0.174 -0.589 -0.705 -0.0 -0.704 0.08 -0.991 -0.0 0.133 -0.011 0.644 0.0 -0.756 0.12 0.995 0.0 0.09 -0.041 
0.738 0.015 0.067 0.671 -0.808 -0.0 -0.582 0.088 -0.96 -0.0 -0.097 -0.261 0.728 0.0 -0.64 -0.246 0.789 0.0 -0.184 -0.586 -0.705 -0.0 -0.704 0.08 -0.991 -0.0 0.133 -0.011 0.644 0.0 -0.756 0.12 0.995 0.0 0.091 -0.04 
0.738 0.014 0.067 0.671 -0.808 0.0 -0.582 0.089 -0.961 0.0 -0.097 -0.26 0.73 0.0 -0.636 -0.251 0.79 0.0 -0.189 -0.583 -0.705 0.0 -0.704 0.081 -0.991 -0.0 0.133 -0.012 0.644 0.0 -0.755 0.121 0.995 0.0 0.09 -0.041 
0.739 0.015 0.067 0.671 -0.808 -0.0 -0.582 0.088 -0.961 -0.0 -0.097 -0.26 0.729 0.0 -0.636 -0.253 0.79 -0.0 -0.195 -0.581 -0.705 -0.0 -0.704 0.08 -0.991 -0.0 0.133 -0.011 0.644 0.0 -0.756 0.121 0.995 0.0 0.09 -0.041 
0.739 0.015 0.067 0.67 -0.808 -0.0 -0.582 0.088 -0.961 -0.0 -0.097 -0.26 0.729 0.0 -0.635 -0.255 0.79 0.0 -0.201 -0.579 -0.705 -0.0 -0.704 0.08 -0.991 -0.0 0.133 -0.011 0.644 -0.0 -0.756 0.121 0.995 0.0 0.091 -0.041 
0.739 0.015 0.067 0.67 -0.808 -0.0 -0.582 0.088 -0.961 -0.0 -0.097 -0.26 0.73 0.0 -0.633 -0.258 0.79 0.0 -0.207 -0.577 -0.705 -0.0 -0.704 0.08 -0.991 -0.0 0.133 -0.011 0.644 0.0 -0.756 0.121 0.995 -0.0 0.09 -0.041 
0.74 0.015 0.067 0.67 -0.808 0.0 -0.582 0.088 -0.961 -0.0 -0.097 -0.26 0.73 0.0 -0.632 -0.26 0.79 -0.0 -0.213 -0.575 -0.705 -0.0 -0.705 0.079 -0.991 -0.0 0.133 -0.011 0.644 0.0 -0.756 0.121 0.995 -0.0 0.09 -0.042 
0.74 0.015 0.066 0.669 -0.809 -0.0 -0.582 0.088 -0.961 -0.0 -0.097 -0.26 0.73 -0.0 -0.631 -0.262 0.79 0.0 -0.219 -0.573 -0.705 -0.0 -0.705 0.079 -0.991 -0.0 0.133 -0.011 0.644 0.0 -0.756 0.121 0.995 0.0 0.091 -0.041 
0.74 0.016 0.066 0.669 -0.809 -0.0 -0.582 0.087 -0.961 -0.0 -0.096 -0.26 0.731 0.0 -0.63 -0.263 0.789 0.0 -0.227 -0.571 -0.705 0.0 -0.705 0.077 -0.991 -0.0 0.133 -0.011 0.644 0.0 -0.756 0.119 0.995 0.0 0.091 -0.041 
0.74 0.015 0.066 0.669 -0.809 -0.0 -0.582 0.087 -0.961 -0.0 -0.097 -0.26 0.731 0.0 -0.628 -0.267 0.79 -0.0 -0.231 -0.568 -0.705 -0.0 -0.705 0.078 -0.991 0.0 0.133 -0.011 0.644 -0.0 -0.756 0.12 0.995 0.0 0.091 -0.041 
0.741 0.015 0.066 0.669 -0.809 -0.0 -0.582 0.087 -0.961 -0.0 -0.097 -0.26 0.731 -0.0 -0.627 -0.269 0.79 -0.0 -0.237 -0.565 -0.705 0.0 -0.705 0.077 -0.991 -0.0 0.133 -0.011 0.644 0.0 -0.756 0.12 0.995 0.0 0.091 -0.041 
0.741 0.015 0.066 0.668 -0.809 -0.0 -0.581 0.087 -0.961 0.0 -0.097 -0.26 0.732 0.0 -0.625 -0.271 0.79 0.0 -0.243 -0.563 -0.705 -0.0 -0.705 0.077 -0.991 -0.0 0.133 -0.011 0.644 0.0 -0.756 0.12 0.995 0.0 0.091 -0.041 
0.741 0.016 0.066 0.668 -0.809 -0.0 -0.581 0.087 -0.961 -0.0 -0.096 -0.259 0.732 0.0 -0.625 -0.272 0.79 0.0 -0.249 -0.561 -0.705 -0.0 -0.705 0.077 -0.991 -0.0 0.133 -0.011 0.644 -0.0 -0.756 0.12 0.995 0.0 0.091 -0.041 
0.741 0.016 0.066 0.668 -0.809 -0.0 -0.581 0.087 -0.961 -0.0 -0.096 -0.259 0.732 0.0 -0.623 -0.275 0.79 0.0 -0.255 -0.557 -0.705 -0.0 -0.705 0.076 -0.991 -0.0 0.133 -0.011 0.644 0.0 -0.756 0.12 0.995 0.0 0.09 -0.04 
0.741 0.016 0.066 0.668 -0.809 -0.0 -0.581 0.087 -0.961 -0.0 -0.096 -0.259 0.732 -0.0 -0.623 -0.277 0.79 -0.0 -0.261 -0.555 -0.705 -0.0 -0.705 0.076 -0.991 -0.0 0.133 -0.01 0.644 0.0 -0.756 0.12 0.995 0.0 0.09 -0.04 
0.742 0.016 0.066 0.667 -0.809 0.0 -0.581 0.086 -0.961 -0.0 -0.096 -0.259 0.732 0.0 -0.622 -0.279 0.79 -0.0 -0.267 -0.552 -0.705 0.0 -0.705 0.075 -0.991 -0.0 0.133 -0.01 0.644 0.0 -0.756 0.119 0.995 0.0 0.09 -0.04 
0.742 0.016 0.066 0.667 -0.809 -0.0 -0.581 0.086 -0.961 0.0 -0.096 -0.258 0.732 0.0 -0.621 -0.281 0.79 -0.0 -0.273 -0.549 -0.705 0.0 -0.705 0.075 -0.991 -0.0 0.133 -0.01 0.644 -0.0 -0.756 0.119 0.995 0.0 0.09 -0.04 
0.742 0.016 0.065 0.667 -0.81 -0.0 -0.581 0.086 -0.961 0.0 -0.096 -0.258 0.732 0.0 -0.62 -0.283 0.79 -0.0 -0.279 -0.546 -0.705 0.0 -0.705 0.075 -0.991 -0.0 0.133 -0.01 0.644 0.0 -0.756 0.119 0.995 0.0 0.091 -0.04 
0.742 0.016 0.065 0.667 -0.81 0.0 -0.581 0.086 -0.961 -0.0 -0.096 -0.258 0.732 -0.0 -0.619 -0.285 0.79 0.0 -0.285 -0.542 -0.705 0.0 -0.705 0.075 -0.991 0.0 0.133 -0.01 0.644 0.0 -0.756 0.119 0.995 0.0 0.09 -0.04 
0.742 0.016 0.065 0.667 -0.81 -0.0 -0.581 0.086 -0.961 -0.0 -0.095 -0.258 0.732 0.0 -0.618 -0.287 0.79 0.0 -0.29 -0.539 -0.705 -0.0 -0.705 0.075 -0.991 -0.0 0.133 -0.01 0.644 0.0 -0.756 0.119 0.995 0.0 0.09 -0.04 
0.742 0.016 0.065 0.667 -0.81 -0.0 -0.581 0.086 -0.962 0.0 -0.095 -0.258 0.732 0.0 -0.617 -0.289 0.79 -0.0 -0.296 -0.537 -0.705 0.0 -0.705 0.074 -0.991 -0.0 0.133 -0.01 0.644 0.0 -0.756 0.119 0.995 0.0 0.09 -0.04 
0.742 0.016 0.065 0.667 -0.81 -0.0 -0.58 0.086 -0.962 -0.0 -0.095 -0.258 0.732 0.0 -0.616 -0.291 0.79 0.0 -0.301 -0.533 -0.705 -0.0 -0.705 0.074 -0.991 0.0 0.133 -0.01 0.644 0.0 -0.756 0.119 0.995 0.0 0.09 -0.04 
0.742 0.017 0.065 0.667 -0.81 -0.0 -0.58 0.086 -0.962 -0.0 -0.095 -0.257 0.732 0.0 -0.615 -0.293 0.79 0.0 -0.307 -0.53 -0.705 -0.0 -0.705 0.074 -0.991 -0.0 0.133 -0.01 0.644 0.0 -0.756 0.118 0.995 0.0 0.09 -0.04 
0.742 0.017 0.065 0.667 -0.81 -0.0 -0.58 0.086 -0.962 0.0 -0.094 -0.257 0.732 0.0 -0.615 -0.294 0.79 0.0 -0.312 -0.528 -0.705 -0.0 -0.705 0.074 -0.991 -0.0 0.134 -0.01 0.644 0.0 -0.756 0.118 0.995 0.0 0.09 -0.04 
0.742 0.017 0.064 0.667 -0.81 -0.0 -0.58 0.085 -0.962 -0.0 -0.094 -0.257 0.732 0.0 -0.614 -0.294 0.789 0.0 -0.319 -0.525 -0.705 -0.0 -0.705 0.073 -0.991 0.0 0.133 -0.01 0.644 0.0 -0.756 0.117 0.995 0.0 0.09 -0.04 
0.742 0.017 0.064 0.667 -0.81 -0.0 -0.58 0.085 -0.962 -0.0 -0.094 -0.257 0.732 0.0 -0.613 -0.296 0.789 0.0 -0.324 -0.523 -0.705 -0.0 -0.705 0.072 -0.991 -0.0 0.134 -0.01 0.644 0.0 -0.756 0.117 0.995 -0.0 0.09 -0.04 
0.743 0.017 0.065 0.666 -0.81 0.0 -0.58 0.086 -0.962 -0.0 -0.094 -0.256 0.732 0.0 -0.613 -0.299 0.789 0.0 -0.327 -0.52 -0.705 0.0 -0.705 0.073 -0.991 -0.0 0.133 -0.01 0.643 0.0 -0.756 0.118 0.995 0.0 0.09 -0.04 
0.743 0.017 0.065 0.666 -0.81 -0.0 -0.58 0.085 -0.962 -0.0 -0.094 -0.256 0.732 0.0 -0.612 -0.3 0.789 0.0 -0.331 -0.517 -0.706 -0.0 -0.705 0.073 -0.991 -0.0 0.133 -0.01 0.644 0.0 -0.756 0.118 0.995 0.0 0.09 -0.04 
0.743 0.017 0.065 0.666 -0.81 -0.0 -0.58 0.085 -0.962 -0.0 -0.093 -0.256 0.731 0.0 -0.611 -0.302 0.789 0.0 -0.336 -0.515 -0.705 -0.0 -0.705 0.073 -0.991 0.0 0.133 -0.011 0.644 0.0 -0.756 0.118 0.995 0.0 0.09 -0.04 
0.743 0.017 0.064 0.666 -0.81 -0.0 -0.58 0.085 -0.962 -0.0 -0.093 -0.255 0.731 0.0 -0.611 -0.303 0.788 0.0 -0.34 -0.513 -0.706 -0.0 -0.705 0.073 -0.991 -0.0 0.133 -0.011 0.644 0.0 -0.756 0.118 0.995 0.0 0.09 -0.04 
0.743 0.018 0.064 0.666 -0.81 -0.0 -0.58 0.084 -0.962 0.0 -0.093 -0.255 0.732 0.0 -0.61 -0.302 0.786 0.0 -0.347 -0.511 -0.706 -0.0 -0.705 0.072 -0.991 -0.0 0.133 -0.01 0.644 0.0 -0.756 0.116 0.995 0.0 0.09 -0.04 
0.743 0.018 0.064 0.666 -0.81 -0.0 -0.58 0.084 -0.963 0.0 -0.093 -0.255 0.732 0.0 -0.609 -0.304 0.786 0.0 -0.351 -0.509 -0.706 -0.0 -0.705 0.072 -0.991 -0.0 0.133 -0.011 0.644 0.0 -0.757 0.116 0.995 -0.0 0.09 -0.04 
0.743 0.018 0.064 0.666 -0.81 -0.0 -0.58 0.084 -0.963 -0.0 -0.093 -0.255 0.732 0.0 -0.609 -0.305 0.786 0.0 -0.355 -0.506 -0.706 -0.0 -0.705 0.072 -0.991 -0.0 0.133 -0.011 0.644 0.0 -0.756 0.116 0.995 0.0 0.09 -0.04 
0.743 0.018 0.064 0.666 -0.81 -0.0 -0.58 0.084 -0.963 -0.0 -0.092 -0.255 0.732 0.0 -0.608 -0.307 0.786 0.0 -0.359 -0.504 -0.706 -0.0 -0.705 0.071 -0.991 -0.0 0.133 -0.01 0.643 0.0 -0.757 0.116 0.995 0.0 0.09 -0.04 
0.743 0.018 0.064 0.666 -0.81 -0.0 -0.58 0.084 -0.963 0.0 -0.093 -0.254 0.732 0.0 -0.607 -0.308 0.785 -0.0 -0.363 -0.501 -0.706 -0.0 -0.705 0.072 -0.991 -0.0 0.133 -0.011 0.644 0.0 -0.757 0.116 0.995 0.0 0.09 -0.04 
0.743 0.018 0.064 0.666 -0.81 0.0 -0.58 0.084 -0.963 -0.0 -0.093 -0.254 0.732 0.0 -0.606 -0.31 0.786 0.0 -0.367 -0.498 -0.706 -0.0 -0.705 0.071 -0.991 -0.0 0.133 -0.011 0.643 0.0 -0.757 0.116 0.995 0.0 0.09 -0.04 
0.743 0.018 0.064 0.666 -0.81 -0.0 -0.58 0.084 -0.963 0.0 -0.092 -0.254 0.732 0.0 -0.605 -0.312 0.785 0.0 -0.371 -0.495 -0.706 -0.0 -0.705 0.071 -0.991 0.0 0.133 -0.01 0.643 -0.0 -0.757 0.116 0.995 0.0 0.09 -0.04 
0.743 0.018 0.064 0.666 -0.81 -0.0 -0.58 0.084 -0.963 -0.0 -0.093 -0.254 0.733 0.0 -0.604 -0.314 0.786 0.0 -0.375 -0.492 -0.706 -0.0 -0.705 0.071 -0.991 -0.0 0.133 -0.011 0.643 0.0 -0.757 0.116 0.995 -0.0 0.091 -0.04 
0.743 0.018 0.064 0.666 -0.81 0.0 -0.58 0.084 -0.963 -0.0 -0.093 -0.253 0.733 0.0 -0.603 -0.316 0.786 -0.0 -0.378 -0.489 -0.706 -0.0 -0.705 0.071 -0.991 0.0 0.133 -0.011 0.643 -0.0 -0.757 0.116 0.995 0.0 0.09 -0.04 
0.743 0.018 0.064 0.666 -0.81 -0.0 -0.58 0.085 -0.963 -0.0 -0.093 -0.253 0.732 0.0 -0.602 -0.32 0.787 0.0 -0.38 -0.485 -0.706 -0.0 -0.705 0.072 -0.991 -0.0 0.133 -0.011 0.644 -0.0 -0.756 0.117 0.995 -0.0 0.09 -0.04 
0.743 0.018 0.064 0.666 -0.81 -0.0 -0.58 0.086 -0.963 -0.0 -0.093 -0.253 0.732 -0.0 -0.601 -0.322 0.787 0.0 -0.384 -0.482 -0.706 -0.0 -0.705 0.072 -0.991 -0.0 0.134 -0.011 0.643 0.0 -0.757 0.117 0.995 -0.0 0.09 -0.04 
0.743 0.018 0.064 0.666 -0.81 -0.0 -0.58 0.086 -0.963 -0.0 -0.093 -0.253 0.732 -0.0 -0.6 -0.323 0.788 0.0 -0.387 -0.479 -0.706 -0.0 -0.705 0.072 -0.991 -0.0 0.133 -0.011 0.643 0.0 -0.757 0.117 0.995 0.0 0.09 -0.04 
0.743 0.018 0.064 0.666 -0.81 -0.0 -0.58 0.086 -0.963 -0.0 -0.094 -0.253 0.732 0.0 -0.599 -0.325 0.787 0.0 -0.39 -0.477 -0.706 0.0 -0.705 0.072 -0.991 -0.0 0.133 -0.011 0.643 0.0 -0.757 0.117 0.995 0.0 0.09 -0.04 
0.743 0.018 0.064 0.666 -0.81 0.0 -0.58 0.086 -0.963 -0.0 -0.094 -0.253 0.732 0.0 -0.597 -0.327 0.787 0.0 -0.394 -0.474 -0.706 -0.0 -0.705 0.072 -0.991 -0.0 0.134 -0.011 0.643 0.0 -0.757 0.117 0.995 -0.0 0.09 -0.04 
0.743 0.018 0.064 0.666 -0.81 -0.0 -0.58 0.087 -0.963 -0.0 -0.094 -0.253 0.732 0.0 -0.597 -0.329 0.788 0.0 -0.397 -0.47 -0.706 0.0 -0.705 0.072 -0.991 0.0 0.133 -0.011 0.643 0.0 -0.757 0.117 0.995 0.0 0.09 -0.04 
0.743 0.018 0.064 0.666 -0.81 -0.0 -0.58 0.087 -0.963 -0.0 -0.094 -0.253 0.732 0.0 -0.596 -0.33 0.788 0.0 -0.401 -0.467 -0.706 -0.0 -0.705 0.072 -0.991 -0.0 0.133 -0.011 0.643 0.0 -0.757 0.117 0.995 0.0 0.091 -0.04 
0.743 0.019 0.063 0.666 -0.81 -0.0 -0.58 0.086 -0.963 -0.0 -0.093 -0.253 0.733 0.0 -0.595 -0.329 0.787 0.0 -0.406 -0.464 -0.706 -0.0 -0.705 0.071 -0.991 -0.0 0.133 -0.01 0.643 0.0 -0.757 0.115 0.995 0.0 0.09 -0.04 
0.743 0.019 0.063 0.666 -0.81 -0.0 -0.58 0.086 -0.963 0.0 -0.093 -0.253 0.733 0.0 -0.595 -0.33 0.787 0.0 -0.409 -0.462 -0.706 -0.0 -0.705 0.071 -0.991 -0.0 0.133 -0.011 0.643 0.0 -0.757 0.115 0.995 0.0 0.09 -0.04 
0.743 0.019 0.063 0.666 -0.81 0.0 -0.581 0.086 -0.963 -0.0 -0.093 -0.253 0.733 0.0 -0.594 -0.33 0.787 0.0 -0.413 -0.459 -0.706 -0.0 -0.705 0.071 -0.991 -0.0 0.134 -0.011 0.643 -0.0 -0.757 0.115 0.995 0.0 0.091 -0.04 
0.743 0.019 0.063 0.666 -0.81 -0.0 -0.581 0.086 -0.963 -0.0 -0.093 -0.253 0.733 0.0 -0.594 -0.331 0.786 0.0 -0.416 -0.456 -0.706 -0.0 -0.705 0.071 -0.991 -0.0 0.133 -0.011 0.643 0.0 -0.757 0.115 0.995 0.0 0.091 -0.04 
0.743 0.019 0.063 0.666 -0.81 -0.0 -0.581 0.086 -0.963 0.0 -0.094 -0.253 0.733 0.0 -0.593 -0.332 0.786 -0.0 -0.419 -0.454 -0.705 -0.0 -0.705 0.071 -0.991 -0.0 0.134 -0.011 0.644 0.0 -0.757 0.115 0.995 0.0 0.09 -0.04 
0.743 0.019 0.063 0.666 -0.809 0.0 -0.581 0.086 -0.963 -0.0 -0.094 -0.253 0.733 -0.0 -0.593 -0.333 0.786 0.0 -0.422 -0.451 -0.705 -0.0 -0.705 0.071 -0.991 -0.0 0.133 -0.011 0.643 0.0 -0.757 0.115 0.995 0.0 0.091 -0.041 
0.743 0.019 0.063 0.666 -0.809 0.0 -0.581 0.086 -0.963 -0.0 -0.094 -0.253 0.733 0.0 -0.593 -0.333 0.786 0.0 -0.425 -0.449 -0.706 -0.0 -0.705 0.071 -0.991 -0.0 0.133 -0.011 0.644 0.0 -0.757 0.115 0.995 0.0 0.09 -0.04 
0.743 0.019 0.063 0.666 -0.809 -0.0 -0.581 0.086 -0.963 -0.0 -0.094 -0.253 0.733 0.0 -0.593 -0.334 0.786 0.0 -0.426 -0.448 -0.706 -0.0 -0.705 0.071 -0.991 -0.0 0.133 -0.011 0.643 0.0 -0.757 0.115 0.995 0.0 0.09 -0.04 
0.743 0.019 0.063 0.667 -0.809 -0.0 -0.581 0.086 -0.963 -0.0 -0.094 -0.253 0.733 0.0 -0.593 -0.333 0.786 0.0 -0.428 -0.446 -0.705 -0.0 -0.705 0.071 -0.991 -0.0 0.133 -0.011 0.643 0.0 -0.757 0.115 0.995 -0.0 0.091 -0.04 
0.742 0.019 0.062 0.667 -0.809 -0.0 -0.581 0.086 -0.963 -0.0 -0.094 -0.253 0.733 0.0 -0.593 -0.333 0.785 0.0 -0.431 -0.445 -0.706 -0.0 -0.705 0.07 -0.991 -0.0 0.133 -0.011 0.644 0.0 -0.757 0.114 0.995 0.0 0.091 -0.04 
0.742 0.019 0.062 0.667 -0.809 0.0 -0.582 0.086 -0.963 0.0 -0.094 -0.253 0.733 0.0 -0.594 -0.332 0.785 0.0 -0.433 -0.443 -0.705 -0.0 -0.705 0.07 -0.991 0.0 0.133 -0.011 0.644 0.0 -0.757 0.114 0.995 0.0 0.09 -0.04 
0.742 0.019 0.062 0.667 -0.809 -0.0 -0.582 0.085 -0.963 -0.0 -0.094 -0.253 0.733 -0.0 -0.594 -0.332 0.784 0.0 -0.435 -0.442 -0.706 0.0 -0.705 0.07 -0.991 -0.0 0.133 -0.011 0.644 0.0 -0.757 0.114 0.995 0.0 0.09 -0.04 
0.742 0.019 0.062 0.667 -0.809 -0.0 -0.582 0.086 -0.963 0.0 -0.094 -0.254 0.733 0.0 -0.594 -0.332 0.784 0.0 -0.436 -0.441 -0.705 -0.0 -0.705 0.07 -0.991 -0.0 0.133 -0.011 0.644 -0.0 -0.757 0.114 0.995 0.0 0.091 -0.04 
0.742 0.02 0.062 0.667 -0.809 -0.0 -0.582 0.085 -0.963 -0.0 -0.094 -0.254 0.733 0.0 -0.594 -0.331 0.784 0.0 -0.438 -0.441 -0.705 -0.0 -0.705 0.07 -0.991 -0.0 0.133 -0.011 0.644 0.0 -0.757 0.114 0.995 0.0 0.09 -0.04 
0.742 0.02 0.062 0.667 -0.809 -0.0 -0.582 0.085 -0.963 0.0 -0.094 -0.254 0.733 0.0 -0.594 -0.331 0.784 0.0 -0.438 -0.44 -0.705 -0.0 -0.705 0.07 -0.991 -0.0 0.133 -0.011 0.644 0.0 -0.757 0.114 0.995 0.0 0.09 -0.04 
0.742 0.02 0.062 0.667 -0.808 -0.0 -0.582 0.086 -0.963 -0.0 -0.094 -0.254 0.733 -0.0 -0.594 -0.332 0.783 -0.0 -0.439 -0.439 -0.705 -0.0 -0.705 0.07 -0.991 -0.0 0.133 -0.011 0.643 0.0 -0.757 0.114 0.995 0.0 0.091 -0.04 
0.742 0.02 0.062 0.667 -0.808 -0.0 -0.582 0.085 -0.963 -0.0 -0.094 -0.254 0.733 0.0 -0.594 -0.332 0.783 0.0 -0.44 -0.439 -0.705 -0.0 -0.705 0.07 -0.991 -0.0 0.133 -0.011 0.643 -0.0 -0.757 0.114 0.995 0.0 0.091 -0.04 
0.742 0.02 0.062 0.667 -0.808 -0.0 -0.583 0.086 -0.963 0.0 -0.094 -0.254 0.733 0.0 -0.594 -0.332 0.783 0.0 -0.44 -0.439 -0.706 -0.0 -0.705 0.07 -0.991 -0.0 0.133 -0.01 0.644 0.0 -0.757 0.114 0.995 0.0 0.091 -0.04 
0.742 0.02 0.062 0.667 -0.808 -0.0 -0.583 0.086 -0.962 -0.0 -0.094 -0.255 0.733 0.0 -0.594 -0.332 0.783 -0.0 -0.441 -0.439 -0.705 0.0 -0.705 0.07 -0.991 0.0 0.133 -0.011 0.643 0.0 -0.757 0.114 0.995 0.0 0.091 -0.04 
0.742 0.02 0.062 0.667 -0.808 -0.0 -0.583 0.086 -0.962 -0.0 -0.094 -0.255 0.733 0.0 -0.594 -0.333 0.783 0.0 -0.441 -0.439 -0.705 -0.0 -0.705 0.071 -0.991 -0.0 0.133 -0.011 0.644 0.0 -0.757 0.114 0.995 0.0 0.091 -0.04 
0.742 0.02 0.062 0.667 -0.808 -0.0 -0.583 0.086 -0.962 -0.0 -0.094 -0.255 0.733 0.0 -0.594 -0.333 0.783 0.0 -0.441 -0.439 -0.705 -0.0 -0.705 0.07 -0.991 -0.0 0.134 -0.01 0.644 0.0 -0.757 0.114 0.995 0.0 0.09 -0.04 
0.742 0.02 0.062 0.667 -0.808 -0.0 -0.583 0.086 -0.962 -0.0 -0.094 -0.255 0.732 0.0 -0.594 -0.333 0.783 0.0 -0.441 -0.44 -0.706 0.0 -0.705 0.07 -0.991 -0.0 0.133 -0.01 0.643 0.0 -0.757 0.114 0.995 0.0 0.091 -0.04 
