# T   LUA LFA RUA RFA LT  LS  RT  RS  
1.0 0.002 0.007 0.0 -0.76 -0.0 -0.649 -0.03 -0.977 -0.0 -0.046 -0.206 0.722 0.0 -0.673 -0.161 0.736 0.0 -0.508 -0.448 -0.7 -0.0 -0.714 -0.014 -0.996 -0.0 0.039 0.085 0.707 0.0 -0.707 0.033 1.0 0.0 0.013 -0.001 
1.0 0.003 0.007 0.001 -0.76 -0.0 -0.649 -0.03 -0.977 -0.0 -0.047 -0.206 0.722 0.0 -0.673 -0.159 0.736 0.0 -0.504 -0.452 -0.7 -0.0 -0.714 -0.014 -0.996 0.0 0.039 0.084 0.707 -0.0 -0.707 0.032 1.0 0.0 0.015 0.013 
1.0 0.003 0.007 0.001 -0.76 -0.0 -0.649 -0.03 -0.977 -0.0 -0.046 -0.207 0.722 0.0 -0.674 -0.156 0.736 0.0 -0.499 -0.457 -0.7 -0.0 -0.714 -0.014 -0.996 -0.0 0.04 0.083 0.707 0.0 -0.707 0.032 1.0 0.0 0.012 -0.001 
1.0 0.003 0.007 0.001 -0.76 0.0 -0.649 -0.03 -0.977 -0.0 -0.046 -0.207 0.722 -0.0 -0.675 -0.153 0.737 0.0 -0.493 -0.463 -0.7 -0.0 -0.714 -0.014 -0.996 -0.0 0.039 0.085 0.707 -0.0 -0.706 0.032 1.0 0.0 0.016 0.012 
1.0 0.003 0.007 0.001 -0.76 -0.0 -0.649 -0.03 -0.977 -0.0 -0.046 -0.208 0.722 -0.0 -0.676 -0.15 0.737 0.0 -0.487 -0.469 -0.7 -0.0 -0.714 -0.014 -0.996 -0.0 0.039 0.084 0.707 0.0 -0.706 0.032 1.0 0.0 0.012 -0.001 
1.0 0.003 0.007 0.002 -0.76 -0.0 -0.649 -0.031 -0.977 -0.0 -0.045 -0.208 0.721 -0.0 -0.677 -0.146 0.737 0.0 -0.48 -0.477 -0.7 -0.0 -0.714 -0.014 -0.996 -0.0 0.038 0.085 0.707 0.0 -0.706 0.032 1.0 0.0 0.016 0.012 
1.0 0.003 0.007 0.002 -0.76 0.0 -0.649 -0.03 -0.977 -0.0 -0.045 -0.209 0.721 0.0 -0.678 -0.142 0.736 0.0 -0.472 -0.485 -0.7 0.0 -0.714 -0.014 -0.996 -0.0 0.038 0.085 0.707 0.0 -0.706 0.032 1.0 0.0 0.012 -0.001 
1.0 0.002 0.007 0.002 -0.76 -0.0 -0.649 -0.03 -0.977 -0.0 -0.045 -0.21 0.721 0.0 -0.679 -0.138 0.736 0.0 -0.463 -0.494 -0.7 -0.0 -0.714 -0.014 -0.996 -0.0 0.038 0.085 0.707 0.0 -0.706 0.032 1.0 0.0 0.016 0.012 
1.0 0.002 0.007 0.002 -0.76 -0.0 -0.649 -0.03 -0.977 -0.0 -0.045 -0.21 0.72 -0.0 -0.681 -0.134 0.735 0.0 -0.451 -0.506 -0.7 0.0 -0.714 -0.014 -0.996 0.0 0.038 0.085 0.707 0.0 -0.706 0.032 1.0 0.0 0.013 -0.001 
1.0 0.002 0.007 0.001 -0.76 0.0 -0.649 -0.03 -0.976 -0.0 -0.044 -0.211 0.72 0.0 -0.682 -0.13 0.735 -0.0 -0.44 -0.516 -0.7 -0.0 -0.714 -0.014 -0.996 0.0 0.039 0.084 0.707 0.0 -0.706 0.032 1.0 0.0 0.015 0.013 
1.0 0.002 0.007 0.001 -0.76 -0.0 -0.649 -0.029 -0.976 -0.0 -0.045 -0.212 0.719 0.0 -0.684 -0.125 0.734 0.0 -0.43 -0.526 -0.7 -0.0 -0.714 -0.013 -0.996 -0.0 0.039 0.084 0.707 0.0 -0.706 0.033 1.0 0.0 0.012 -0.001 
1.0 0.002 0.007 0.001 -0.76 -0.0 -0.649 -0.029 -0.976 -0.0 -0.045 -0.213 0.718 0.0 -0.685 -0.121 0.735 0.0 -0.42 -0.532 -0.7 -0.0 -0.714 -0.014 -0.996 -0.0 0.038 0.085 0.707 0.0 -0.706 0.033 1.0 0.0 0.016 0.012 
1.0 0.002 0.007 0.001 -0.76 -0.0 -0.649 -0.029 -0.976 -0.0 -0.045 -0.213 0.717 0.0 -0.687 -0.116 0.734 0.0 -0.408 -0.543 -0.7 -0.0 -0.714 -0.013 -0.996 0.0 0.038 0.084 0.707 0.0 -0.706 0.033 1.0 0.0 0.012 -0.001 
1.0 0.001 0.007 0.0 -0.76 -0.0 -0.649 -0.028 -0.976 -0.0 -0.045 -0.214 0.717 0.0 -0.688 -0.112 0.733 0.0 -0.395 -0.554 -0.7 -0.0 -0.714 -0.014 -0.996 -0.0 0.038 0.085 0.707 0.0 -0.706 0.034 1.0 0.0 0.016 0.012 
1.0 0.001 0.007 0.0 -0.76 -0.0 -0.649 -0.028 -0.976 -0.0 -0.045 -0.214 0.716 0.0 -0.69 -0.107 0.733 -0.0 -0.381 -0.564 -0.7 -0.0 -0.714 -0.013 -0.996 -0.0 0.038 0.085 0.707 0.0 -0.706 0.034 1.0 0.0 0.013 -0.002 
1.0 0.001 0.007 -0.0 -0.761 -0.0 -0.649 -0.028 -0.976 -0.0 -0.046 -0.214 0.715 0.0 -0.692 -0.102 0.732 0.0 -0.365 -0.575 -0.7 0.0 -0.714 -0.013 -0.996 -0.0 0.038 0.085 0.707 0.0 -0.706 0.035 1.0 -0.0 0.016 0.011 
1.0 0.001 0.007 -0.001 -0.761 -0.0 -0.649 -0.027 -0.976 -0.0 -0.046 -0.215 0.714 -0.0 -0.693 -0.098 0.731 -0.0 -0.35 -0.586 -0.7 -0.0 -0.714 -0.013 -0.996 -0.0 0.038 0.085 0.707 0.0 -0.706 0.035 1.0 0.0 0.013 -0.001 
1.0 0.001 0.007 -0.001 -0.761 -0.0 -0.648 -0.027 -0.976 -0.0 -0.047 -0.215 0.713 -0.0 -0.695 -0.094 0.73 -0.0 -0.334 -0.596 -0.7 -0.0 -0.714 -0.013 -0.996 -0.0 0.039 0.085 0.707 0.0 -0.706 0.035 1.0 0.0 0.015 0.012 
1.0 0.001 0.007 -0.001 -0.761 0.0 -0.648 -0.026 -0.976 -0.0 -0.047 -0.215 0.712 0.0 -0.696 -0.09 0.73 0.0 -0.318 -0.605 -0.7 0.0 -0.714 -0.013 -0.996 -0.0 0.039 0.085 0.707 0.0 -0.706 0.035 1.0 0.0 0.012 -0.002 
1.0 0.0 0.007 -0.001 -0.761 -0.0 -0.648 -0.026 -0.975 -0.0 -0.048 -0.215 0.711 0.0 -0.698 -0.086 0.729 0.0 -0.301 -0.615 -0.7 -0.0 -0.714 -0.013 -0.996 -0.0 0.038 0.085 0.707 0.0 -0.706 0.036 1.0 0.0 0.015 0.012 
1.0 0.0 0.007 -0.002 -0.761 -0.0 -0.648 -0.026 -0.975 -0.0 -0.048 -0.215 0.711 0.0 -0.699 -0.082 0.728 -0.0 -0.285 -0.623 -0.7 -0.0 -0.714 -0.013 -0.996 -0.0 0.038 0.085 0.707 0.0 -0.706 0.036 1.0 0.0 0.012 -0.002 
1.0 0.0 0.007 -0.002 -0.761 -0.0 -0.648 -0.026 -0.976 -0.0 -0.049 -0.214 0.71 0.0 -0.7 -0.079 0.727 0.0 -0.267 -0.632 -0.7 -0.0 -0.714 -0.013 -0.996 0.0 0.038 0.086 0.707 -0.0 -0.706 0.036 1.0 0.0 0.016 0.011 
1.0 0.0 0.007 -0.002 -0.761 -0.0 -0.648 -0.025 -0.976 -0.0 -0.05 -0.214 0.71 0.0 -0.7 -0.075 0.727 0.0 -0.25 -0.64 -0.7 -0.0 -0.714 -0.013 -0.996 -0.0 0.038 0.085 0.707 0.0 -0.706 0.036 1.0 0.0 0.012 -0.002 
1.0 0.0 0.007 -0.002 -0.761 -0.0 -0.648 -0.025 -0.975 -0.0 -0.05 -0.214 0.709 0.0 -0.702 -0.072 0.726 0.0 -0.233 -0.648 -0.7 0.0 -0.714 -0.013 -0.996 -0.0 0.038 0.086 0.707 -0.0 -0.706 0.036 1.0 0.0 0.015 0.012 
1.0 0.0 0.007 -0.002 -0.761 -0.0 -0.648 -0.025 -0.976 -0.0 -0.05 -0.214 0.709 0.0 -0.702 -0.069 0.725 -0.0 -0.217 -0.654 -0.7 -0.0 -0.714 -0.014 -0.996 -0.0 0.038 0.086 0.707 0.0 -0.706 0.036 1.0 0.0 0.012 -0.002 
1.0 0.0 0.007 -0.002 -0.762 -0.0 -0.648 -0.025 -0.976 -0.0 -0.051 -0.213 0.708 0.0 -0.703 -0.066 0.724 0.0 -0.2 -0.66 -0.7 0.0 -0.714 -0.013 -0.996 -0.0 0.039 0.085 0.707 -0.0 -0.706 0.036 1.0 0.0 0.015 0.012 
1.0 0.0 0.007 -0.002 -0.762 -0.0 -0.648 -0.024 -0.976 -0.0 -0.051 -0.213 0.708 0.0 -0.703 -0.063 0.724 0.0 -0.184 -0.665 -0.7 -0.0 -0.714 -0.014 -0.996 -0.0 0.038 0.086 0.707 -0.0 -0.706 0.036 1.0 -0.0 0.012 -0.001 
1.0 0.0 0.007 -0.002 -0.762 0.0 -0.648 -0.024 -0.976 0.0 -0.051 -0.212 0.708 0.0 -0.703 -0.06 0.723 -0.0 -0.168 -0.67 -0.7 -0.0 -0.714 -0.014 -0.996 -0.0 0.038 0.086 0.707 -0.0 -0.706 0.036 1.0 0.0 0.016 0.012 
1.0 0.0 0.007 -0.002 -0.762 -0.0 -0.648 -0.023 -0.976 -0.0 -0.051 -0.213 0.708 0.0 -0.704 -0.058 0.722 0.0 -0.152 -0.675 -0.7 -0.0 -0.714 -0.014 -0.996 -0.0 0.039 0.086 0.707 0.0 -0.706 0.036 1.0 0.0 0.012 -0.001 
1.0 0.0 0.007 -0.002 -0.762 -0.0 -0.648 -0.023 -0.976 -0.0 -0.051 -0.213 0.708 0.0 -0.704 -0.055 0.722 -0.0 -0.137 -0.679 -0.7 -0.0 -0.714 -0.014 -0.996 -0.0 0.039 0.086 0.708 0.0 -0.706 0.035 1.0 0.0 0.016 0.012 
1.0 0.0 0.007 -0.002 -0.762 -0.0 -0.647 -0.023 -0.976 -0.0 -0.051 -0.213 0.709 0.0 -0.704 -0.053 0.721 0.0 -0.122 -0.683 -0.7 -0.0 -0.714 -0.014 -0.996 -0.0 0.038 0.086 0.708 0.0 -0.706 0.035 1.0 0.0 0.012 -0.001 
1.0 0.0 0.007 -0.002 -0.762 -0.0 -0.647 -0.022 -0.976 -0.0 -0.051 -0.212 0.709 0.0 -0.704 -0.051 0.72 0.0 -0.106 -0.686 -0.7 -0.0 -0.714 -0.014 -0.996 -0.0 0.039 0.086 0.708 0.0 -0.706 0.035 1.0 0.0 0.016 0.013 
1.0 0.0 0.007 -0.001 -0.762 -0.0 -0.647 -0.023 -0.976 -0.0 -0.051 -0.212 0.709 0.0 -0.704 -0.048 0.719 0.0 -0.091 -0.689 -0.7 -0.0 -0.714 -0.013 -0.996 -0.0 0.039 0.086 0.708 0.0 -0.706 0.035 1.0 0.0 0.013 -0.001 
1.0 0.0 0.007 -0.001 -0.762 -0.0 -0.647 -0.022 -0.976 -0.0 -0.051 -0.211 0.709 0.0 -0.703 -0.046 0.718 0.0 -0.076 -0.692 -0.7 0.0 -0.714 -0.013 -0.996 -0.0 0.039 0.086 0.708 0.0 -0.706 0.035 1.0 0.0 0.016 0.013 
1.0 0.0 0.007 0.001 -0.762 -0.0 -0.647 -0.022 -0.976 -0.0 -0.05 -0.211 0.71 0.0 -0.703 -0.043 0.718 0.0 -0.063 -0.694 -0.699 -0.0 -0.715 -0.011 -0.996 -0.0 0.038 0.085 0.708 0.0 -0.705 0.035 1.0 0.0 0.013 -0.001 
1.0 0.0 0.007 0.0 -0.762 -0.0 -0.647 -0.022 -0.976 -0.0 -0.05 -0.211 0.71 0.0 -0.703 -0.041 0.717 -0.0 -0.046 -0.696 -0.699 -0.0 -0.715 -0.013 -0.996 -0.0 0.039 0.086 0.708 0.0 -0.705 0.035 1.0 -0.0 0.016 0.013 
1.0 0.0 0.007 0.001 -0.762 -0.0 -0.647 -0.022 -0.976 -0.0 -0.05 -0.211 0.71 0.0 -0.703 -0.039 0.716 0.0 -0.032 -0.697 -0.699 0.0 -0.715 -0.013 -0.996 -0.0 0.038 0.086 0.708 -0.0 -0.705 0.035 1.0 0.0 0.013 -0.0 
1.0 0.0 0.007 0.001 -0.762 -0.0 -0.647 -0.022 -0.976 -0.0 -0.05 -0.211 0.711 -0.0 -0.703 -0.037 0.716 0.0 -0.02 -0.697 -0.699 -0.0 -0.715 -0.012 -0.996 -0.0 0.038 0.086 0.708 -0.0 -0.705 0.035 1.0 0.0 0.016 0.013 
1.0 0.0 0.007 0.002 -0.762 -0.0 -0.647 -0.022 -0.977 -0.0 -0.05 -0.209 0.711 -0.0 -0.703 -0.035 0.716 0.0 -0.006 -0.698 -0.699 -0.0 -0.715 -0.012 -0.996 -0.0 0.038 0.086 0.708 -0.0 -0.705 0.035 1.0 0.0 0.013 -0.001 
1.0 0.0 0.007 0.002 -0.763 -0.0 -0.646 -0.022 -0.977 0.0 -0.05 -0.209 0.711 -0.0 -0.702 -0.033 0.715 -0.0 0.008 -0.699 -0.699 -0.0 -0.715 -0.012 -0.996 -0.0 0.038 0.086 0.709 0.0 -0.705 0.035 1.0 0.0 0.015 0.014 
1.0 -0.0 0.007 0.003 -0.763 0.0 -0.646 -0.022 -0.977 0.0 -0.05 -0.209 0.711 0.0 -0.702 -0.031 0.715 0.0 0.02 -0.699 -0.699 -0.0 -0.715 -0.011 -0.996 -0.0 0.037 0.086 0.708 -0.0 -0.705 0.035 1.0 0.0 0.013 -0.001 
1.0 -0.0 0.007 0.003 -0.763 -0.0 -0.646 -0.022 -0.977 -0.0 -0.049 -0.208 0.711 0.0 -0.703 -0.029 0.715 0.0 0.034 -0.699 -0.699 -0.0 -0.715 -0.011 -0.996 -0.0 0.038 0.086 0.708 0.0 -0.705 0.035 1.0 -0.0 0.016 0.013 
1.0 -0.0 0.007 0.003 -0.763 -0.0 -0.646 -0.022 -0.977 0.0 -0.05 -0.208 0.711 0.0 -0.703 -0.027 0.714 0.0 0.047 -0.698 -0.699 -0.0 -0.715 -0.01 -0.996 -0.0 0.038 0.086 0.708 0.0 -0.705 0.036 1.0 0.0 0.013 -0.001 
1.0 -0.0 0.007 0.004 -0.763 -0.0 -0.646 -0.021 -0.977 -0.0 -0.05 -0.209 0.711 0.0 -0.703 -0.025 0.714 0.0 0.062 -0.698 -0.699 -0.0 -0.715 -0.01 -0.996 0.0 0.039 0.085 0.708 0.0 -0.705 0.036 1.0 0.0 0.016 0.013 
1.0 -0.001 0.007 0.004 -0.764 -0.0 -0.645 -0.021 -0.977 -0.0 -0.05 -0.209 0.711 0.0 -0.703 -0.023 0.713 -0.0 0.074 -0.698 -0.699 -0.0 -0.715 -0.009 -0.996 -0.0 0.038 0.085 0.709 0.0 -0.705 0.036 1.0 0.0 0.012 -0.002 
1.0 -0.001 0.007 0.005 -0.764 -0.0 -0.645 -0.02 -0.976 -0.0 -0.05 -0.21 0.71 0.0 -0.703 -0.021 0.712 -0.0 0.089 -0.696 -0.699 -0.0 -0.715 -0.008 -0.996 0.0 0.038 0.085 0.709 0.0 -0.705 0.037 1.0 0.0 0.016 0.012 
1.0 -0.001 0.007 0.005 -0.764 -0.0 -0.645 -0.019 -0.976 0.0 -0.05 -0.21 0.71 0.0 -0.704 -0.019 0.711 0.0 0.104 -0.695 -0.698 -0.0 -0.716 -0.007 -0.996 0.0 0.038 0.085 0.709 0.0 -0.705 0.037 1.0 -0.0 0.013 -0.002 
1.0 -0.001 0.007 0.006 -0.764 -0.0 -0.645 -0.019 -0.977 -0.0 -0.05 -0.209 0.71 -0.0 -0.704 -0.017 0.71 0.0 0.116 -0.695 -0.698 0.0 -0.716 -0.005 -0.996 -0.0 0.039 0.083 0.709 0.0 -0.704 0.038 1.0 0.0 0.016 0.012 
1.0 -0.001 0.007 0.006 -0.764 -0.0 -0.645 -0.019 -0.976 -0.0 -0.05 -0.21 0.709 0.0 -0.705 -0.015 0.709 0.0 0.13 -0.693 -0.698 -0.0 -0.716 -0.005 -0.996 -0.0 0.039 0.083 0.709 0.0 -0.704 0.038 1.0 0.0 0.013 -0.002 
1.0 -0.001 0.007 0.006 -0.764 0.0 -0.645 -0.019 -0.976 -0.0 -0.051 -0.21 0.709 0.0 -0.705 -0.013 0.707 0.0 0.144 -0.692 -0.698 0.0 -0.716 -0.006 -0.996 0.0 0.039 0.084 0.709 0.0 -0.704 0.037 1.0 0.0 0.017 0.011 
1.0 -0.001 0.007 0.006 -0.764 0.0 -0.644 -0.019 -0.976 -0.0 -0.051 -0.21 0.708 0.0 -0.706 -0.011 0.706 0.0 0.157 -0.69 -0.698 -0.0 -0.716 -0.006 -0.996 0.0 0.039 0.084 0.709 0.0 -0.704 0.038 1.0 -0.0 0.013 -0.002 
1.0 -0.001 0.007 0.006 -0.765 -0.0 -0.644 -0.019 -0.976 -0.0 -0.051 -0.21 0.708 0.0 -0.706 -0.009 0.705 0.0 0.17 -0.688 -0.698 -0.0 -0.716 -0.005 -0.996 -0.0 0.039 0.083 0.709 -0.0 -0.704 0.038 1.0 0.0 0.017 0.01 
1.0 -0.001 0.007 0.006 -0.765 -0.0 -0.644 -0.019 -0.976 -0.0 -0.052 -0.21 0.707 -0.0 -0.707 -0.007 0.704 0.0 0.185 -0.686 -0.698 -0.0 -0.716 -0.004 -0.996 -0.0 0.039 0.083 0.709 0.0 -0.704 0.038 1.0 0.0 0.013 -0.003 
1.0 -0.002 0.007 0.006 -0.765 -0.0 -0.644 -0.019 -0.976 -0.0 -0.052 -0.21 0.707 -0.0 -0.707 -0.006 0.704 0.0 0.198 -0.682 -0.698 -0.0 -0.716 -0.004 -0.996 -0.0 0.039 0.083 0.709 -0.0 -0.704 0.039 1.0 0.0 0.017 0.01 
1.0 -0.002 0.007 0.006 -0.765 -0.0 -0.643 -0.019 -0.976 0.0 -0.052 -0.21 0.706 0.0 -0.708 -0.004 0.703 0.0 0.211 -0.679 -0.698 -0.0 -0.716 -0.003 -0.996 -0.0 0.039 0.083 0.709 0.0 -0.704 0.039 1.0 0.0 0.013 -0.003 
1.0 -0.002 0.006 0.007 -0.765 0.0 -0.643 -0.018 -0.976 0.0 -0.052 -0.21 0.706 0.0 -0.708 -0.003 0.702 0.0 0.224 -0.676 -0.698 -0.0 -0.716 -0.003 -0.996 -0.0 0.04 0.082 0.709 0.0 -0.704 0.039 1.0 0.0 0.017 0.01 
1.0 -0.002 0.006 0.007 -0.765 -0.0 -0.643 -0.018 -0.976 -0.0 -0.052 -0.21 0.706 0.0 -0.709 -0.002 0.701 0.0 0.236 -0.673 -0.698 -0.0 -0.716 -0.002 -0.996 -0.0 0.04 0.082 0.709 0.0 -0.704 0.04 1.0 0.0 0.012 -0.008 
1.0 -0.002 0.006 0.007 -0.766 -0.0 -0.643 -0.018 -0.976 -0.0 -0.052 -0.211 0.705 0.0 -0.709 -0.0 0.701 -0.0 0.25 -0.668 -0.698 -0.0 -0.716 -0.002 -0.996 -0.0 0.039 0.082 0.709 0.0 -0.704 0.04 1.0 -0.0 0.017 0.01 
1.0 -0.002 0.006 0.007 -0.766 -0.0 -0.643 -0.018 -0.976 -0.0 -0.053 -0.21 0.705 0.0 -0.709 0.001 0.7 0.0 0.262 -0.664 -0.698 -0.0 -0.716 -0.001 -0.996 -0.0 0.04 0.081 0.709 0.0 -0.704 0.041 1.0 0.0 0.016 0.004 
1.0 -0.002 0.006 0.007 -0.766 -0.0 -0.643 -0.018 -0.976 -0.0 -0.053 -0.21 0.704 -0.0 -0.71 0.003 0.7 0.0 0.273 -0.66 -0.697 -0.0 -0.717 -0.001 -0.996 0.0 0.04 0.081 0.709 0.0 -0.704 0.041 1.0 0.0 0.017 0.01 
1.0 -0.002 0.006 0.007 -0.766 -0.0 -0.642 -0.018 -0.976 -0.0 -0.053 -0.21 0.704 0.0 -0.71 0.004 0.699 -0.0 0.284 -0.656 -0.697 -0.0 -0.717 -0.0 -0.996 -0.0 0.04 0.081 0.709 0.0 -0.704 0.041 1.0 0.0 0.014 -0.003 
1.0 -0.002 0.006 0.007 -0.766 -0.0 -0.642 -0.019 -0.976 0.0 -0.053 -0.21 0.703 0.0 -0.711 0.006 0.699 0.0 0.296 -0.651 -0.697 -0.0 -0.717 -0.0 -0.996 -0.0 0.04 0.081 0.709 0.0 -0.704 0.041 1.0 0.0 0.018 0.009 
1.0 -0.003 0.006 0.007 -0.766 -0.0 -0.642 -0.019 -0.976 -0.0 -0.054 -0.21 0.703 0.0 -0.711 0.008 0.698 0.0 0.306 -0.647 -0.697 -0.0 -0.717 0.0 -0.996 -0.0 0.04 0.081 0.709 0.0 -0.704 0.042 1.0 -0.0 0.014 -0.004 
1.0 -0.003 0.006 0.007 -0.767 -0.0 -0.642 -0.019 -0.976 -0.0 -0.054 -0.21 0.702 0.0 -0.712 0.009 0.698 0.0 0.318 -0.642 -0.697 -0.0 -0.717 0.001 -0.996 -0.0 0.04 0.081 0.709 0.0 -0.704 0.042 1.0 0.0 0.018 0.009 
1.0 -0.003 0.006 0.008 -0.767 0.0 -0.642 -0.019 -0.976 -0.0 -0.054 -0.21 0.702 -0.0 -0.712 0.011 0.697 0.0 0.327 -0.638 -0.697 -0.0 -0.717 0.001 -0.996 -0.0 0.04 0.081 0.709 0.0 -0.704 0.042 1.0 0.0 0.014 -0.004 
1.0 -0.003 0.006 0.009 -0.767 -0.0 -0.641 -0.018 -0.976 -0.0 -0.053 -0.21 0.702 0.0 -0.712 0.012 0.697 0.0 0.336 -0.634 -0.697 -0.0 -0.717 0.003 -0.996 0.0 0.04 0.08 0.709 0.0 -0.704 0.043 1.0 0.0 0.018 0.01 
1.0 -0.003 0.006 0.009 -0.767 -0.0 -0.641 -0.019 -0.976 -0.0 -0.054 -0.211 0.701 -0.0 -0.713 0.014 0.697 0.0 0.345 -0.628 -0.697 -0.0 -0.717 0.004 -0.996 0.0 0.04 0.08 0.709 -0.0 -0.704 0.043 1.0 0.0 0.014 -0.004 
1.0 -0.003 0.006 0.009 -0.767 0.0 -0.641 -0.018 -0.976 0.0 -0.054 -0.211 0.701 0.0 -0.713 0.014 0.696 0.0 0.357 -0.622 -0.697 -0.0 -0.717 0.004 -0.996 -0.0 0.04 0.08 0.709 0.0 -0.704 0.043 1.0 0.0 0.019 0.008 
1.0 -0.003 0.006 0.008 -0.768 -0.0 -0.64 -0.02 -0.976 -0.0 -0.056 -0.21 0.7 0.0 -0.714 0.014 0.696 0.0 0.369 -0.616 -0.697 -0.0 -0.717 0.002 -0.996 -0.0 0.041 0.081 0.709 -0.0 -0.704 0.043 1.0 0.0 0.016 0.004 
1.0 -0.003 0.006 0.008 -0.768 -0.0 -0.64 -0.02 -0.976 -0.0 -0.057 -0.21 0.7 0.0 -0.714 0.015 0.696 0.0 0.378 -0.61 -0.697 -0.0 -0.717 0.002 -0.996 -0.0 0.041 0.081 0.709 0.0 -0.703 0.044 1.0 0.0 0.018 0.009 
1.0 -0.003 0.006 0.008 -0.769 -0.0 -0.639 -0.02 -0.976 -0.0 -0.057 -0.211 0.699 0.0 -0.715 0.017 0.697 0.0 0.386 -0.604 -0.697 0.0 -0.717 0.002 -0.996 -0.0 0.041 0.081 0.709 0.0 -0.704 0.044 1.0 0.0 0.014 -0.005 
1.0 -0.003 0.006 0.009 -0.768 -0.0 -0.641 -0.019 -0.976 -0.0 -0.055 -0.213 0.699 0.0 -0.715 0.017 0.698 -0.0 0.394 -0.598 -0.697 -0.0 -0.717 0.003 -0.996 -0.0 0.04 0.081 0.709 0.0 -0.704 0.043 1.0 0.0 0.018 0.009 
1.0 -0.004 0.006 0.009 -0.768 -0.0 -0.64 -0.02 -0.976 -0.0 -0.055 -0.212 0.698 0.0 -0.715 0.019 0.698 0.0 0.402 -0.593 -0.697 -0.0 -0.717 0.004 -0.996 0.0 0.04 0.081 0.709 0.0 -0.703 0.044 1.0 0.0 0.014 -0.004 
1.0 -0.004 0.006 0.01 -0.769 -0.0 -0.639 -0.02 -0.976 -0.0 -0.057 -0.211 0.698 0.0 -0.716 0.02 0.698 0.0 0.411 -0.587 -0.697 -0.0 -0.717 0.004 -0.996 -0.0 0.04 0.081 0.709 0.0 -0.703 0.044 1.0 -0.0 0.018 0.009 
1.0 -0.003 0.006 0.01 -0.769 0.0 -0.64 -0.019 -0.975 -0.0 -0.057 -0.213 0.697 0.0 -0.716 0.02 0.698 0.0 0.419 -0.58 -0.697 -0.0 -0.717 0.004 -0.996 -0.0 0.04 0.08 0.709 -0.0 -0.703 0.044 1.0 0.0 0.014 -0.004 
1.0 -0.003 0.006 0.01 -0.769 -0.0 -0.639 -0.019 -0.975 0.0 -0.055 -0.214 0.697 0.0 -0.717 0.022 0.698 0.0 0.427 -0.575 -0.697 -0.0 -0.717 0.004 -0.996 -0.0 0.041 0.08 0.709 0.0 -0.703 0.044 1.0 0.0 0.018 0.009 
1.0 -0.003 0.006 0.01 -0.769 0.0 -0.639 -0.019 -0.975 -0.0 -0.057 -0.213 0.696 0.0 -0.717 0.022 0.699 0.0 0.435 -0.568 -0.697 -0.0 -0.717 0.005 -0.996 -0.0 0.041 0.08 0.71 0.0 -0.703 0.044 1.0 0.0 0.014 -0.004 
1.0 -0.004 0.006 0.01 -0.769 -0.0 -0.639 -0.02 -0.975 -0.0 -0.057 -0.213 0.696 0.0 -0.718 0.024 0.698 0.0 0.441 -0.563 -0.697 -0.0 -0.717 0.005 -0.996 -0.0 0.04 0.08 0.71 0.0 -0.703 0.044 1.0 0.0 0.018 0.008 
1.0 -0.004 0.006 0.011 -0.769 -0.0 -0.639 -0.02 -0.975 -0.0 -0.058 -0.213 0.696 0.0 -0.718 0.025 0.699 -0.0 0.448 -0.558 -0.697 -0.0 -0.717 0.005 -0.996 -0.0 0.041 0.08 0.71 0.0 -0.703 0.044 1.0 0.0 0.014 -0.004 
1.0 -0.004 0.006 0.011 -0.769 -0.0 -0.639 -0.02 -0.975 -0.0 -0.058 -0.214 0.696 0.0 -0.718 0.026 0.699 0.0 0.454 -0.553 -0.697 -0.0 -0.717 0.006 -0.996 -0.0 0.041 0.08 0.71 0.0 -0.703 0.044 1.0 -0.0 0.018 0.009 
1.0 -0.004 0.006 0.011 -0.769 -0.0 -0.639 -0.02 -0.975 0.0 -0.058 -0.214 0.695 0.0 -0.718 0.027 0.699 0.0 0.461 -0.547 -0.697 -0.0 -0.717 0.006 -0.996 -0.0 0.04 0.08 0.71 0.0 -0.703 0.045 1.0 0.0 0.014 -0.005 
1.0 -0.004 0.006 0.012 -0.769 -0.0 -0.638 -0.021 -0.975 -0.0 -0.057 -0.213 0.695 0.0 -0.719 0.028 0.699 0.0 0.467 -0.542 -0.696 0.0 -0.718 0.007 -0.996 0.0 0.041 0.08 0.71 0.0 -0.703 0.045 1.0 0.0 0.018 0.008 
1.0 -0.004 0.006 0.012 -0.77 -0.0 -0.638 -0.021 -0.975 -0.0 -0.058 -0.213 0.695 0.0 -0.719 0.029 0.699 0.0 0.473 -0.536 -0.696 -0.0 -0.718 0.008 -0.996 -0.0 0.041 0.079 0.71 0.0 -0.703 0.045 1.0 0.0 0.014 -0.004 
1.0 -0.004 0.006 0.012 -0.77 -0.0 -0.638 -0.021 -0.975 -0.0 -0.058 -0.213 0.694 0.0 -0.719 0.03 0.7 0.0 0.479 -0.53 -0.696 -0.0 -0.718 0.008 -0.996 0.0 0.041 0.079 0.71 0.0 -0.703 0.045 1.0 -0.0 0.018 0.008 
1.0 -0.004 0.006 0.012 -0.77 -0.0 -0.638 -0.021 -0.975 -0.0 -0.058 -0.214 0.694 0.0 -0.719 0.03 0.7 0.0 0.485 -0.524 -0.697 -0.0 -0.717 0.008 -0.996 0.0 0.041 0.079 0.71 0.0 -0.703 0.045 1.0 0.0 0.014 -0.004 
1.0 -0.004 0.006 0.013 -0.77 -0.0 -0.637 -0.021 -0.975 -0.0 -0.059 -0.214 0.694 0.0 -0.72 0.031 0.701 0.0 0.491 -0.518 -0.696 -0.0 -0.718 0.009 -0.996 -0.0 0.041 0.079 0.71 -0.0 -0.703 0.045 1.0 0.0 0.018 0.009 
1.0 -0.004 0.006 0.013 -0.77 -0.0 -0.637 -0.021 -0.975 -0.0 -0.059 -0.214 0.693 0.0 -0.72 0.032 0.701 0.0 0.497 -0.512 -0.696 0.0 -0.718 0.009 -0.996 0.0 0.041 0.079 0.71 0.0 -0.703 0.046 1.0 0.0 0.014 -0.004 
1.0 -0.005 0.006 0.013 -0.77 -0.0 -0.637 -0.021 -0.975 -0.0 -0.057 -0.214 0.693 -0.0 -0.72 0.032 0.702 0.0 0.5 -0.507 -0.696 -0.0 -0.718 0.009 -0.996 0.0 0.04 0.079 0.71 0.0 -0.703 0.046 1.0 0.0 0.018 0.009 
1.0 -0.005 0.006 0.013 -0.771 -0.0 -0.637 -0.021 -0.975 -0.0 -0.059 -0.214 0.692 0.0 -0.721 0.031 0.702 0.0 0.509 -0.498 -0.696 -0.0 -0.718 0.01 -0.996 -0.0 0.041 0.079 0.71 0.0 -0.703 0.046 1.0 0.0 0.013 -0.004 
1.0 -0.005 0.006 0.013 -0.77 -0.0 -0.637 -0.021 -0.975 -0.0 -0.059 -0.214 0.691 0.0 -0.722 0.031 0.703 -0.0 0.516 -0.49 -0.696 -0.0 -0.718 0.01 -0.996 -0.0 0.04 0.079 0.71 0.0 -0.703 0.046 1.0 0.0 0.018 0.009 
1.0 -0.005 0.006 0.014 -0.771 -0.0 -0.637 -0.021 -0.975 0.0 -0.06 -0.214 0.691 0.0 -0.723 0.03 0.703 -0.0 0.522 -0.483 -0.696 -0.0 -0.718 0.01 -0.996 -0.0 0.041 0.079 0.71 -0.0 -0.703 0.046 1.0 -0.0 0.013 -0.004 
1.0 -0.005 0.006 0.014 -0.771 -0.0 -0.637 -0.021 -0.975 0.0 -0.06 -0.214 0.69 0.0 -0.723 0.03 0.703 0.0 0.529 -0.476 -0.696 -0.0 -0.718 0.011 -0.996 -0.0 0.041 0.079 0.71 -0.0 -0.703 0.046 1.0 0.0 0.018 0.009 
1.0 -0.005 0.006 0.014 -0.771 -0.0 -0.637 -0.021 -0.975 -0.0 -0.06 -0.214 0.69 0.0 -0.723 0.03 0.703 0.0 0.535 -0.469 -0.696 -0.0 -0.718 0.011 -0.996 -0.0 0.04 0.079 0.71 -0.0 -0.703 0.047 1.0 0.0 0.014 -0.004 
1.0 -0.005 0.006 0.014 -0.771 -0.0 -0.637 -0.021 -0.975 -0.0 -0.06 -0.214 0.689 0.0 -0.724 0.03 0.704 -0.0 0.54 -0.462 -0.696 -0.0 -0.718 0.011 -0.996 -0.0 0.04 0.079 0.71 0.0 -0.703 0.047 1.0 0.0 0.018 0.009 
1.0 -0.006 0.006 0.014 -0.771 -0.0 -0.636 -0.021 -0.975 -0.0 -0.061 -0.214 0.689 0.0 -0.724 0.029 0.704 0.0 0.545 -0.455 -0.696 0.0 -0.718 0.011 -0.996 0.0 0.04 0.079 0.71 0.0 -0.703 0.047 1.0 0.0 0.014 -0.004 
1.0 -0.006 0.006 0.014 -0.771 -0.0 -0.636 -0.021 -0.975 -0.0 -0.061 -0.215 0.689 0.0 -0.725 0.028 0.704 0.0 0.551 -0.447 -0.696 -0.0 -0.718 0.012 -0.996 -0.0 0.041 0.079 0.71 0.0 -0.703 0.047 1.0 0.0 0.018 0.01 
1.0 -0.006 0.006 0.014 -0.771 0.0 -0.636 -0.021 -0.975 -0.0 -0.061 -0.215 0.688 0.0 -0.725 0.028 0.705 0.0 0.555 -0.441 -0.696 -0.0 -0.718 0.012 -0.996 0.0 0.041 0.079 0.71 0.0 -0.702 0.048 1.0 0.0 0.014 -0.004 
1.0 -0.006 0.006 0.014 -0.771 -0.0 -0.636 -0.021 -0.975 -0.0 -0.062 -0.214 0.688 0.0 -0.725 0.028 0.705 0.0 0.56 -0.434 -0.696 -0.0 -0.718 0.012 -0.996 -0.0 0.04 0.079 0.71 -0.0 -0.703 0.048 1.0 0.0 0.019 0.008 
1.0 -0.006 0.006 0.014 -0.771 -0.0 -0.636 -0.021 -0.975 -0.0 -0.062 -0.214 0.688 0.0 -0.725 0.028 0.706 0.0 0.563 -0.429 -0.696 0.0 -0.718 0.012 -0.996 -0.0 0.04 0.079 0.71 0.0 -0.702 0.048 1.0 0.0 0.014 -0.004 
1.0 -0.006 0.006 0.014 -0.772 -0.0 -0.636 -0.021 -0.975 -0.0 -0.062 -0.214 0.688 0.0 -0.725 0.028 0.707 0.0 0.566 -0.423 -0.696 -0.0 -0.717 0.012 -0.996 -0.0 0.04 0.079 0.71 0.0 -0.702 0.048 1.0 0.0 0.018 0.009 
1.0 -0.006 0.007 0.015 -0.772 -0.0 -0.636 -0.021 -0.975 -0.0 -0.062 -0.214 0.688 0.0 -0.725 0.028 0.708 0.0 0.57 -0.417 -0.696 -0.0 -0.717 0.013 -0.996 -0.0 0.04 0.079 0.71 -0.0 -0.702 0.048 1.0 0.0 0.013 -0.005 
1.0 -0.006 0.007 0.014 -0.772 -0.0 -0.635 -0.021 -0.975 -0.0 -0.063 -0.214 0.688 -0.0 -0.725 0.029 0.708 0.0 0.572 -0.413 -0.696 -0.0 -0.717 0.013 -0.996 -0.0 0.04 0.079 0.71 0.0 -0.702 0.048 1.0 0.0 0.018 0.01 
1.0 -0.006 0.007 0.015 -0.772 -0.0 -0.635 -0.021 -0.975 -0.0 -0.064 -0.214 0.688 0.0 -0.725 0.029 0.709 0.0 0.575 -0.408 -0.696 0.0 -0.717 0.013 -0.996 -0.0 0.041 0.079 0.71 -0.0 -0.702 0.048 1.0 0.0 0.014 -0.004 
1.0 -0.006 0.006 0.015 -0.772 -0.0 -0.635 -0.021 -0.975 0.0 -0.064 -0.214 0.689 0.0 -0.724 0.03 0.71 0.0 0.579 -0.402 -0.696 -0.0 -0.718 0.013 -0.996 -0.0 0.041 0.079 0.71 0.0 -0.702 0.048 1.0 0.0 0.018 0.01 
1.0 -0.006 0.006 0.015 -0.772 -0.0 -0.635 -0.022 -0.975 0.0 -0.065 -0.214 0.689 0.0 -0.724 0.031 0.71 0.0 0.582 -0.398 -0.696 -0.0 -0.718 0.013 -0.996 -0.0 0.041 0.079 0.71 0.0 -0.702 0.048 1.0 0.0 0.014 -0.004 
1.0 -0.006 0.006 0.015 -0.772 0.0 -0.635 -0.021 -0.975 -0.0 -0.064 -0.215 0.689 0.0 -0.724 0.032 0.71 0.0 0.583 -0.395 -0.696 -0.0 -0.718 0.013 -0.996 -0.0 0.04 0.079 0.71 -0.0 -0.702 0.048 1.0 0.0 0.018 0.01 
1.0 -0.006 0.006 0.015 -0.772 0.0 -0.635 -0.021 -0.975 -0.0 -0.063 -0.215 0.689 -0.0 -0.724 0.033 0.711 -0.0 0.583 -0.394 -0.696 -0.0 -0.718 0.013 -0.996 0.0 0.04 0.079 0.71 0.0 -0.702 0.048 1.0 0.0 0.015 -0.004 
1.0 -0.006 0.006 0.015 -0.772 -0.0 -0.635 -0.021 -0.974 -0.0 -0.065 -0.215 0.69 0.0 -0.723 0.035 0.71 -0.0 0.584 -0.392 -0.696 -0.0 -0.718 0.013 -0.996 0.0 0.04 0.079 0.71 0.0 -0.702 0.048 1.0 0.0 0.019 0.009 
1.0 -0.006 0.006 0.015 -0.773 0.0 -0.635 -0.022 -0.974 -0.0 -0.066 -0.215 0.69 0.0 -0.723 0.036 0.71 -0.0 0.586 -0.39 -0.696 -0.0 -0.718 0.013 -0.996 -0.0 0.041 0.079 0.71 0.0 -0.702 0.048 1.0 0.0 0.015 -0.004 
1.0 -0.006 0.006 0.015 -0.773 -0.0 -0.634 -0.022 -0.974 0.0 -0.066 -0.215 0.689 0.0 -0.724 0.038 0.711 0.0 0.587 -0.388 -0.696 -0.0 -0.718 0.013 -0.996 0.0 0.04 0.079 0.711 0.0 -0.702 0.048 1.0 -0.0 0.018 0.009 
1.0 -0.006 0.006 0.015 -0.773 0.0 -0.635 -0.022 -0.975 -0.0 -0.065 -0.215 0.689 -0.0 -0.723 0.039 0.711 -0.0 0.587 -0.387 -0.696 -0.0 -0.718 0.013 -0.996 -0.0 0.041 0.079 0.71 0.0 -0.702 0.048 1.0 0.0 0.015 -0.004 
1.0 -0.006 0.006 0.015 -0.773 -0.0 -0.635 -0.023 -0.975 -0.0 -0.065 -0.214 0.689 0.0 -0.723 0.041 0.711 -0.0 0.589 -0.385 -0.696 -0.0 -0.718 0.013 -0.996 0.0 0.04 0.079 0.71 0.0 -0.702 0.048 1.0 0.0 0.019 0.009 
1.0 -0.007 0.006 0.015 -0.773 0.0 -0.634 -0.023 -0.975 -0.0 -0.065 -0.215 0.689 0.0 -0.723 0.043 0.711 0.0 0.589 -0.385 -0.696 -0.0 -0.718 0.013 -0.996 -0.0 0.041 0.079 0.71 0.0 -0.702 0.048 1.0 0.0 0.014 -0.004 
1.0 -0.007 0.006 0.014 -0.773 0.0 -0.634 -0.023 -0.974 0.0 -0.066 -0.215 0.689 0.0 -0.723 0.044 0.711 0.0 0.59 -0.383 -0.696 -0.0 -0.718 0.013 -0.996 -0.0 0.04 0.079 0.71 -0.0 -0.702 0.048 1.0 0.0 0.019 0.009 
1.0 -0.007 0.006 0.014 -0.773 -0.0 -0.634 -0.023 -0.975 -0.0 -0.065 -0.214 0.689 0.0 -0.723 0.047 0.71 0.0 0.59 -0.385 -0.696 0.0 -0.718 0.014 -0.996 -0.0 0.04 0.079 0.71 -0.0 -0.702 0.049 1.0 0.0 0.015 -0.004 
1.0 -0.007 0.006 0.014 -0.773 -0.0 -0.634 -0.023 -0.974 -0.0 -0.065 -0.215 0.689 0.0 -0.723 0.048 0.71 0.0 0.591 -0.383 -0.696 -0.0 -0.718 0.014 -0.996 -0.0 0.04 0.079 0.71 0.0 -0.702 0.049 1.0 0.0 0.019 0.008 
1.0 -0.007 0.006 0.014 -0.773 -0.0 -0.634 -0.023 -0.974 -0.0 -0.065 -0.215 0.689 0.0 -0.723 0.051 0.71 -0.0 0.591 -0.384 -0.696 -0.0 -0.718 0.014 -0.996 -0.0 0.041 0.078 0.71 0.0 -0.702 0.049 1.0 0.0 0.014 -0.004 
1.0 -0.007 0.006 0.014 -0.773 -0.0 -0.634 -0.023 -0.974 0.0 -0.066 -0.215 0.688 0.0 -0.724 0.053 0.709 0.0 0.591 -0.384 -0.696 -0.0 -0.718 0.014 -0.996 -0.0 0.04 0.079 0.711 0.0 -0.702 0.049 1.0 0.0 0.018 0.01 
1.0 -0.007 0.006 0.014 -0.773 -0.0 -0.634 -0.023 -0.974 -0.0 -0.066 -0.216 0.688 0.0 -0.724 0.055 0.709 -0.0 0.59 -0.385 -0.696 -0.0 -0.718 0.014 -0.996 -0.0 0.04 0.078 0.71 0.0 -0.702 0.049 1.0 0.0 0.015 -0.004 
1.0 -0.007 0.006 0.014 -0.773 -0.0 -0.633 -0.023 -0.974 -0.0 -0.066 -0.215 0.688 0.0 -0.724 0.056 0.709 0.0 0.59 -0.385 -0.696 -0.0 -0.718 0.014 -0.996 -0.0 0.04 0.078 0.71 0.0 -0.702 0.049 1.0 0.0 0.018 0.01 
1.0 -0.007 0.006 0.014 -0.774 -0.0 -0.633 -0.023 -0.974 -0.0 -0.066 -0.215 0.688 0.0 -0.724 0.058 0.709 -0.0 0.59 -0.385 -0.696 -0.0 -0.718 0.015 -0.996 -0.0 0.041 0.078 0.71 -0.0 -0.702 0.05 1.0 0.0 0.014 -0.004 
1.0 -0.007 0.006 0.014 -0.774 0.0 -0.633 -0.022 -0.974 0.0 -0.066 -0.216 0.687 0.0 -0.724 0.059 0.709 -0.0 0.59 -0.385 -0.696 -0.0 -0.718 0.014 -0.996 -0.0 0.041 0.078 0.71 -0.0 -0.702 0.05 1.0 0.0 0.019 0.009 
1.0 -0.007 0.006 0.014 -0.773 0.0 -0.633 -0.023 -0.974 -0.0 -0.066 -0.215 0.687 0.0 -0.724 0.061 0.71 0.0 0.589 -0.386 -0.696 -0.0 -0.718 0.014 -0.996 -0.0 0.04 0.079 0.71 0.0 -0.702 0.049 1.0 0.0 0.014 -0.004 
1.0 -0.007 0.006 0.014 -0.774 -0.0 -0.633 -0.023 -0.974 -0.0 -0.066 -0.215 0.687 0.0 -0.724 0.062 0.71 0.0 0.589 -0.386 -0.696 0.0 -0.718 0.015 -0.996 -0.0 0.04 0.079 0.71 -0.0 -0.702 0.05 1.0 0.0 0.019 0.009 
1.0 -0.008 0.006 0.014 -0.774 -0.0 -0.633 -0.023 -0.974 -0.0 -0.067 -0.215 0.687 0.0 -0.724 0.063 0.709 0.0 0.59 -0.386 -0.696 -0.0 -0.718 0.015 -0.996 -0.0 0.04 0.078 0.711 0.0 -0.702 0.05 1.0 0.0 0.013 -0.008 
1.0 -0.008 0.006 0.014 -0.774 -0.0 -0.633 -0.022 -0.974 -0.0 -0.067 -0.214 0.687 0.0 -0.724 0.064 0.71 0.0 0.589 -0.387 -0.696 0.0 -0.718 0.015 -0.996 -0.0 0.04 0.079 0.71 0.0 -0.702 0.05 1.0 -0.0 0.018 0.01 
1.0 -0.008 0.006 0.014 -0.774 -0.0 -0.633 -0.022 -0.974 -0.0 -0.068 -0.214 0.686 0.0 -0.724 0.065 0.71 0.0 0.589 -0.386 -0.696 -0.0 -0.718 0.015 -0.996 -0.0 0.04 0.079 0.711 -0.0 -0.702 0.05 1.0 0.0 0.014 -0.003 
1.0 -0.008 0.006 0.014 -0.774 -0.0 -0.633 -0.022 -0.974 -0.0 -0.068 -0.214 0.686 -0.0 -0.725 0.066 0.71 0.0 0.589 -0.386 -0.696 -0.0 -0.718 0.015 -0.996 -0.0 0.041 0.079 0.71 -0.0 -0.702 0.05 1.0 0.0 0.019 0.009 
1.0 -0.008 0.006 0.014 -0.774 0.0 -0.633 -0.022 -0.975 -0.0 -0.068 -0.214 0.686 -0.0 -0.725 0.066 0.71 0.0 0.588 -0.387 -0.696 -0.0 -0.718 0.015 -0.996 -0.0 0.041 0.078 0.71 0.0 -0.702 0.05 1.0 0.0 0.014 -0.005 
1.0 -0.008 0.006 0.015 -0.774 -0.0 -0.632 -0.022 -0.975 -0.0 -0.068 -0.213 0.686 -0.0 -0.725 0.066 0.711 -0.0 0.587 -0.387 -0.696 -0.0 -0.718 0.015 -0.996 -0.0 0.04 0.079 0.71 0.0 -0.702 0.05 1.0 -0.0 0.019 0.01 
1.0 -0.008 0.006 0.015 -0.774 -0.0 -0.633 -0.022 -0.975 -0.0 -0.068 -0.213 0.686 0.0 -0.725 0.067 0.711 -0.0 0.586 -0.388 -0.696 -0.0 -0.718 0.016 -0.996 -0.0 0.041 0.078 0.71 0.0 -0.703 0.048 1.0 0.0 0.017 -0.001 
1.0 -0.008 0.006 0.015 -0.774 -0.0 -0.632 -0.022 -0.975 -0.0 -0.069 -0.212 0.686 0.0 -0.725 0.067 0.712 0.0 0.586 -0.387 -0.696 -0.0 -0.718 0.016 -0.996 -0.0 0.041 0.078 0.71 0.0 -0.702 0.05 1.0 0.0 0.019 0.009 
1.0 -0.008 0.006 0.015 -0.775 -0.0 -0.632 -0.022 -0.975 -0.0 -0.069 -0.212 0.686 0.0 -0.725 0.066 0.713 0.0 0.585 -0.387 -0.696 0.0 -0.718 0.016 -0.996 -0.0 0.041 0.078 0.711 0.0 -0.702 0.05 1.0 0.0 0.015 -0.004 
1.0 -0.008 0.006 0.016 -0.775 -0.0 -0.632 -0.022 -0.975 -0.0 -0.069 -0.212 0.685 0.0 -0.725 0.066 0.713 0.0 0.586 -0.385 -0.696 0.0 -0.718 0.016 -0.996 -0.0 0.04 0.078 0.711 0.0 -0.702 0.05 1.0 -0.0 0.019 0.01 
1.0 -0.008 0.006 0.016 -0.774 -0.0 -0.632 -0.021 -0.975 0.0 -0.068 -0.212 0.685 0.0 -0.726 0.066 0.713 0.0 0.584 -0.387 -0.696 -0.0 -0.718 0.016 -0.996 -0.0 0.04 0.078 0.71 0.0 -0.702 0.05 1.0 0.0 0.015 -0.004 
1.0 -0.008 0.006 0.016 -0.775 -0.0 -0.632 -0.022 -0.975 -0.0 -0.069 -0.211 0.685 0.0 -0.726 0.065 0.713 0.0 0.584 -0.387 -0.696 -0.0 -0.718 0.017 -0.996 -0.0 0.04 0.078 0.711 0.0 -0.702 0.05 1.0 0.0 0.019 0.009 
1.0 -0.008 0.006 0.017 -0.775 -0.0 -0.632 -0.022 -0.975 0.0 -0.069 -0.211 0.685 -0.0 -0.726 0.065 0.713 0.0 0.584 -0.387 -0.696 0.0 -0.718 0.017 -0.996 0.0 0.04 0.078 0.711 0.0 -0.702 0.05 1.0 0.0 0.014 -0.005 
1.0 -0.009 0.006 0.017 -0.774 0.0 -0.632 -0.021 -0.975 0.0 -0.068 -0.212 0.684 0.0 -0.726 0.065 0.713 0.0 0.584 -0.387 -0.696 -0.0 -0.718 0.017 -0.996 -0.0 0.04 0.078 0.711 0.0 -0.702 0.05 1.0 0.0 0.019 0.009 
1.0 -0.009 0.006 0.017 -0.775 0.0 -0.632 -0.022 -0.975 -0.0 -0.069 -0.211 0.684 0.0 -0.726 0.065 0.713 0.0 0.584 -0.387 -0.696 -0.0 -0.718 0.017 -0.996 0.0 0.041 0.078 0.711 0.0 -0.702 0.05 1.0 0.0 0.015 -0.004 
1.0 -0.009 0.006 0.018 -0.775 -0.0 -0.632 -0.021 -0.975 -0.0 -0.069 -0.211 0.684 0.0 -0.726 0.064 0.713 0.0 0.584 -0.387 -0.696 -0.0 -0.718 0.018 -0.996 -0.0 0.04 0.078 0.711 -0.0 -0.702 0.05 1.0 0.0 0.02 0.009 
1.0 -0.009 0.006 0.018 -0.775 -0.0 -0.632 -0.022 -0.975 -0.0 -0.069 -0.21 0.685 -0.0 -0.726 0.06 0.713 0.0 0.588 -0.382 -0.696 0.0 -0.718 0.018 -0.996 -0.0 0.04 0.078 0.711 0.0 -0.702 0.05 1.0 0.0 0.015 -0.003 
1.0 -0.009 0.006 0.018 -0.775 -0.0 -0.632 -0.022 -0.975 0.0 -0.069 -0.211 0.684 0.0 -0.727 0.063 0.713 0.0 0.584 -0.388 -0.696 -0.0 -0.718 0.018 -0.996 -0.0 0.039 0.078 0.711 0.0 -0.702 0.049 1.0 0.0 0.019 0.01 
1.0 -0.009 0.006 0.019 -0.775 0.0 -0.632 -0.022 -0.975 -0.0 -0.069 -0.21 0.684 0.0 -0.727 0.063 0.712 0.0 0.584 -0.388 -0.696 -0.0 -0.718 0.018 -0.996 -0.0 0.04 0.078 0.711 0.0 -0.702 0.049 1.0 0.0 0.015 -0.003 
1.0 -0.009 0.006 0.019 -0.775 -0.0 -0.632 -0.022 -0.975 -0.0 -0.069 -0.211 0.684 0.0 -0.727 0.062 0.712 0.0 0.584 -0.389 -0.696 -0.0 -0.718 0.018 -0.996 -0.0 0.04 0.078 0.711 0.0 -0.702 0.049 1.0 0.0 0.02 0.009 
1.0 -0.009 0.006 0.019 -0.775 0.0 -0.632 -0.022 -0.975 -0.0 -0.069 -0.21 0.684 0.0 -0.727 0.062 0.712 0.0 0.584 -0.389 -0.696 -0.0 -0.718 0.018 -0.996 -0.0 0.04 0.078 0.711 0.0 -0.702 0.049 1.0 0.0 0.015 -0.003 
1.0 -0.009 0.006 0.019 -0.775 -0.0 -0.632 -0.022 -0.975 -0.0 -0.069 -0.211 0.684 0.0 -0.726 0.063 0.712 0.0 0.584 -0.391 -0.696 -0.0 -0.718 0.018 -0.996 -0.0 0.039 0.078 0.711 0.0 -0.702 0.049 1.0 0.0 0.02 0.009 
1.0 -0.009 0.006 0.02 -0.775 0.0 -0.632 -0.022 -0.975 -0.0 -0.069 -0.211 0.684 0.0 -0.726 0.062 0.712 0.0 0.583 -0.391 -0.696 0.0 -0.718 0.018 -0.996 0.0 0.039 0.078 0.711 0.0 -0.702 0.049 1.0 0.0 0.015 -0.003 
1.0 -0.009 0.006 0.02 -0.775 0.0 -0.632 -0.022 -0.975 -0.0 -0.069 -0.211 0.685 0.0 -0.726 0.062 0.711 0.0 0.583 -0.392 -0.696 -0.0 -0.718 0.018 -0.996 -0.0 0.039 0.078 0.711 0.0 -0.701 0.049 1.0 -0.0 0.02 0.009 
1.0 -0.009 0.006 0.02 -0.775 -0.0 -0.632 -0.023 -0.975 -0.0 -0.07 -0.211 0.684 0.0 -0.726 0.062 0.711 0.0 0.582 -0.394 -0.696 -0.0 -0.718 0.018 -0.996 -0.0 0.039 0.078 0.711 0.0 -0.701 0.048 1.0 -0.0 0.015 -0.004 
1.0 -0.009 0.006 0.02 -0.775 -0.0 -0.632 -0.023 -0.975 -0.0 -0.069 -0.211 0.685 0.0 -0.726 0.061 0.711 0.0 0.581 -0.395 -0.696 0.0 -0.718 0.019 -0.996 -0.0 0.038 0.078 0.711 0.0 -0.702 0.048 1.0 0.0 0.02 0.01 
1.0 -0.009 0.006 0.02 -0.775 0.0 -0.632 -0.023 -0.975 -0.0 -0.069 -0.212 0.685 0.0 -0.726 0.061 0.711 -0.0 0.58 -0.397 -0.696 -0.0 -0.718 0.019 -0.996 -0.0 0.039 0.078 0.711 0.0 -0.701 0.048 1.0 0.0 0.014 -0.008 
1.0 -0.009 0.006 0.021 -0.775 -0.0 -0.632 -0.023 -0.975 -0.0 -0.069 -0.212 0.685 0.0 -0.726 0.06 0.711 0.0 0.579 -0.399 -0.696 -0.0 -0.718 0.019 -0.996 0.0 0.039 0.078 0.711 0.0 -0.701 0.048 1.0 0.0 0.019 0.011 
1.0 -0.009 0.006 0.021 -0.775 -0.0 -0.632 -0.024 -0.975 -0.0 -0.069 -0.212 0.685 0.0 -0.726 0.059 0.711 -0.0 0.579 -0.4 -0.695 -0.0 -0.719 0.018 -0.996 -0.0 0.04 0.078 0.711 -0.0 -0.701 0.048 1.0 0.0 0.016 -0.003 
1.0 -0.009 0.006 0.021 -0.775 -0.0 -0.632 -0.023 -0.975 -0.0 -0.069 -0.212 0.685 -0.0 -0.726 0.059 0.71 0.0 0.577 -0.403 -0.695 0.0 -0.719 0.018 -0.996 -0.0 0.04 0.078 0.711 0.0 -0.701 0.048 1.0 0.0 0.019 0.011 
1.0 -0.009 0.006 0.021 -0.775 -0.0 -0.632 -0.024 -0.975 -0.0 -0.069 -0.212 0.686 0.0 -0.725 0.058 0.711 0.0 0.576 -0.404 -0.695 -0.0 -0.719 0.018 -0.996 -0.0 0.039 0.078 0.711 0.0 -0.701 0.048 1.0 0.0 0.016 -0.003 
1.0 -0.009 0.006 0.021 -0.775 -0.0 -0.632 -0.024 -0.975 -0.0 -0.069 -0.213 0.686 0.0 -0.725 0.057 0.71 0.0 0.574 -0.407 -0.695 -0.0 -0.719 0.018 -0.996 -0.0 0.04 0.078 0.711 0.0 -0.701 0.048 1.0 0.0 0.019 0.011 
1.0 -0.009 0.006 0.021 -0.775 0.0 -0.632 -0.024 -0.975 0.0 -0.071 -0.213 0.686 0.0 -0.725 0.057 0.71 0.0 0.572 -0.411 -0.695 -0.0 -0.719 0.018 -0.996 -0.0 0.04 0.078 0.711 0.0 -0.701 0.047 1.0 -0.0 0.015 -0.003 
1.0 -0.009 0.006 0.021 -0.775 -0.0 -0.632 -0.024 -0.975 -0.0 -0.069 -0.213 0.687 -0.0 -0.725 0.056 0.709 0.0 0.57 -0.415 -0.695 -0.0 -0.719 0.018 -0.996 -0.0 0.04 0.078 0.711 0.0 -0.701 0.047 1.0 0.0 0.019 0.011 
1.0 -0.009 0.006 0.021 -0.775 -0.0 -0.632 -0.025 -0.974 -0.0 -0.069 -0.214 0.687 0.0 -0.725 0.055 0.709 0.0 0.568 -0.418 -0.695 0.0 -0.719 0.018 -0.996 -0.0 0.04 0.078 0.711 0.0 -0.701 0.047 1.0 0.0 0.015 -0.003 
1.0 -0.009 0.006 0.021 -0.775 -0.0 -0.632 -0.025 -0.974 0.0 -0.069 -0.214 0.687 0.0 -0.724 0.054 0.708 0.0 0.566 -0.422 -0.695 -0.0 -0.719 0.018 -0.996 -0.0 0.04 0.078 0.712 -0.0 -0.701 0.047 1.0 0.0 0.02 0.01 
1.0 -0.009 0.006 0.021 -0.775 -0.0 -0.632 -0.025 -0.975 0.0 -0.069 -0.213 0.688 0.0 -0.724 0.054 0.708 0.0 0.563 -0.427 -0.695 -0.0 -0.719 0.017 -0.996 -0.0 0.04 0.078 0.712 0.0 -0.701 0.047 1.0 0.0 0.015 -0.003 
1.0 -0.009 0.006 0.021 -0.775 0.0 -0.632 -0.025 -0.974 -0.0 -0.069 -0.214 0.688 0.0 -0.724 0.052 0.707 0.0 0.559 -0.432 -0.695 -0.0 -0.719 0.017 -0.996 -0.0 0.04 0.078 0.712 -0.0 -0.701 0.046 1.0 0.0 0.02 0.01 
1.0 -0.009 0.006 0.021 -0.775 -0.0 -0.632 -0.025 -0.974 -0.0 -0.069 -0.214 0.689 0.0 -0.723 0.051 0.707 0.0 0.556 -0.437 -0.695 -0.0 -0.719 0.016 -0.996 0.0 0.04 0.078 0.712 0.0 -0.701 0.046 1.0 0.0 0.015 -0.003 
1.0 -0.009 0.006 0.021 -0.774 0.0 -0.633 -0.025 -0.974 0.0 -0.068 -0.215 0.689 0.0 -0.723 0.05 0.707 -0.0 0.552 -0.442 -0.695 -0.0 -0.719 0.016 -0.996 -0.0 0.04 0.078 0.712 0.0 -0.701 0.046 1.0 0.0 0.019 0.012 
1.0 -0.009 0.006 0.021 -0.774 -0.0 -0.633 -0.025 -0.974 0.0 -0.068 -0.215 0.689 -0.0 -0.723 0.048 0.707 0.0 0.548 -0.448 -0.695 0.0 -0.719 0.016 -0.996 -0.0 0.039 0.078 0.712 0.0 -0.701 0.045 1.0 -0.0 0.015 -0.002 
1.0 -0.009 0.007 0.021 -0.775 -0.0 -0.632 -0.025 -0.974 -0.0 -0.069 -0.214 0.689 -0.0 -0.723 0.047 0.706 0.0 0.541 -0.457 -0.695 -0.0 -0.719 0.016 -0.996 -0.0 0.039 0.078 0.712 0.0 -0.701 0.045 1.0 0.0 0.019 0.012 
1.0 -0.009 0.007 0.021 -0.774 0.0 -0.632 -0.026 -0.974 0.0 -0.069 -0.214 0.69 0.0 -0.722 0.045 0.706 -0.0 0.536 -0.463 -0.695 -0.0 -0.719 0.016 -0.996 -0.0 0.039 0.078 0.712 0.0 -0.701 0.045 1.0 0.0 0.015 -0.002 
1.0 -0.008 0.007 0.021 -0.775 -0.0 -0.632 -0.026 -0.975 -0.0 -0.067 -0.214 0.69 0.0 -0.722 0.044 0.706 0.0 0.534 -0.465 -0.695 -0.0 -0.719 0.016 -0.996 -0.0 0.039 0.079 0.712 0.0 -0.701 0.044 1.0 -0.0 0.019 0.012 
1.0 -0.009 0.007 0.021 -0.774 -0.0 -0.632 -0.026 -0.974 0.0 -0.069 -0.214 0.691 0.0 -0.722 0.042 0.706 0.0 0.53 -0.471 -0.695 -0.0 -0.719 0.016 -0.996 -0.0 0.04 0.078 0.712 0.0 -0.701 0.044 1.0 0.0 0.015 -0.001 
1.0 -0.008 0.007 0.021 -0.774 -0.0 -0.633 -0.025 -0.974 -0.0 -0.069 -0.215 0.691 0.0 -0.722 0.04 0.705 0.0 0.525 -0.476 -0.695 -0.0 -0.719 0.015 -0.996 -0.0 0.039 0.079 0.712 0.0 -0.701 0.044 1.0 0.0 0.019 0.012 
1.0 -0.008 0.006 0.021 -0.774 -0.0 -0.633 -0.026 -0.974 -0.0 -0.068 -0.215 0.691 0.0 -0.722 0.037 0.705 0.0 0.522 -0.48 -0.695 -0.0 -0.719 0.015 -0.996 -0.0 0.04 0.079 0.712 0.0 -0.701 0.044 1.0 0.0 0.015 -0.001 
1.0 -0.008 0.006 0.021 -0.774 0.0 -0.632 -0.027 -0.974 -0.0 -0.069 -0.213 0.691 0.0 -0.722 0.035 0.705 0.0 0.513 -0.491 -0.695 0.0 -0.719 0.015 -0.996 0.0 0.04 0.079 0.712 0.0 -0.701 0.043 1.0 -0.0 0.019 0.013 
1.0 -0.008 0.007 0.021 -0.774 0.0 -0.633 -0.027 -0.975 -0.0 -0.068 -0.214 0.691 0.0 -0.722 0.033 0.705 0.0 0.507 -0.496 -0.695 -0.0 -0.719 0.015 -0.996 -0.0 0.039 0.079 0.712 0.0 -0.701 0.043 1.0 -0.0 0.015 -0.001 
1.0 -0.008 0.007 0.022 -0.774 0.0 -0.633 -0.028 -0.975 -0.0 -0.068 -0.212 0.691 0.0 -0.722 0.032 0.705 -0.0 0.502 -0.501 -0.695 -0.0 -0.719 0.015 -0.996 -0.0 0.04 0.079 0.712 0.0 -0.701 0.043 1.0 -0.0 0.019 0.012 
1.0 -0.008 0.007 0.022 -0.773 -0.0 -0.633 -0.027 -0.975 -0.0 -0.068 -0.213 0.691 0.0 -0.722 0.03 0.705 0.0 0.495 -0.507 -0.695 -0.0 -0.719 0.014 -0.996 -0.0 0.039 0.079 0.712 0.0 -0.701 0.042 1.0 -0.0 0.014 -0.002 
1.0 -0.008 0.007 0.022 -0.773 -0.0 -0.633 -0.028 -0.975 -0.0 -0.068 -0.213 0.691 0.0 -0.722 0.029 0.706 -0.0 0.489 -0.513 -0.695 -0.0 -0.719 0.014 -0.996 -0.0 0.039 0.079 0.712 0.0 -0.701 0.043 1.0 0.0 0.019 0.012 
1.0 -0.008 0.007 0.022 -0.773 -0.0 -0.633 -0.028 -0.975 -0.0 -0.068 -0.213 0.691 0.0 -0.722 0.027 0.706 0.0 0.482 -0.519 -0.695 -0.0 -0.719 0.014 -0.996 -0.0 0.039 0.079 0.711 0.0 -0.701 0.042 1.0 0.0 0.015 -0.001 
1.0 -0.008 0.007 0.022 -0.773 -0.0 -0.634 -0.028 -0.975 -0.0 -0.068 -0.212 0.691 0.0 -0.722 0.025 0.707 0.0 0.476 -0.524 -0.695 0.0 -0.719 0.014 -0.996 -0.0 0.039 0.08 0.711 0.0 -0.701 0.042 1.0 -0.0 0.019 0.012 
1.0 -0.008 0.007 0.022 -0.773 -0.0 -0.634 -0.028 -0.975 -0.0 -0.068 -0.213 0.691 -0.0 -0.722 0.023 0.707 0.0 0.469 -0.529 -0.695 -0.0 -0.718 0.014 -0.996 -0.0 0.039 0.079 0.711 0.0 -0.702 0.042 1.0 0.0 0.014 -0.002 
1.0 -0.008 0.007 0.022 -0.773 -0.0 -0.634 -0.028 -0.975 -0.0 -0.068 -0.213 0.691 0.0 -0.722 0.021 0.707 0.0 0.463 -0.534 -0.695 -0.0 -0.718 0.013 -0.996 -0.0 0.039 0.08 0.711 0.0 -0.702 0.042 1.0 -0.0 0.019 0.013 
1.0 -0.008 0.007 0.022 -0.773 -0.0 -0.634 -0.028 -0.975 0.0 -0.068 -0.213 0.692 0.0 -0.722 0.019 0.708 0.0 0.455 -0.539 -0.695 -0.0 -0.719 0.013 -0.996 -0.0 0.039 0.08 0.711 0.0 -0.702 0.042 1.0 -0.0 0.015 -0.001 
1.0 -0.008 0.007 0.022 -0.773 -0.0 -0.634 -0.028 -0.975 -0.0 -0.068 -0.213 0.692 0.0 -0.722 0.018 0.708 -0.0 0.447 -0.547 -0.696 -0.0 -0.718 0.013 -0.996 0.0 0.038 0.08 0.711 -0.0 -0.702 0.041 1.0 -0.0 0.019 0.012 
1.0 -0.008 0.007 0.022 -0.773 -0.0 -0.634 -0.028 -0.975 -0.0 -0.068 -0.214 0.692 0.0 -0.722 0.016 0.709 0.0 0.439 -0.552 -0.695 -0.0 -0.718 0.012 -0.996 -0.0 0.039 0.08 0.711 0.0 -0.702 0.041 1.0 0.0 0.015 -0.001 
1.0 -0.008 0.007 0.022 -0.773 -0.0 -0.634 -0.028 -0.974 -0.0 -0.068 -0.214 0.692 0.0 -0.722 0.015 0.709 0.0 0.43 -0.559 -0.696 -0.0 -0.718 0.012 -0.996 -0.0 0.039 0.08 0.711 0.0 -0.702 0.041 1.0 0.0 0.019 0.012 
1.0 -0.008 0.007 0.022 -0.773 -0.0 -0.634 -0.029 -0.974 0.0 -0.068 -0.214 0.692 0.0 -0.721 0.014 0.709 0.0 0.42 -0.567 -0.696 0.0 -0.718 0.012 -0.996 -0.0 0.039 0.08 0.711 -0.0 -0.702 0.041 1.0 -0.0 0.015 -0.001 
1.0 -0.008 0.007 0.022 -0.773 -0.0 -0.634 -0.029 -0.974 -0.0 -0.068 -0.214 0.692 0.0 -0.721 0.012 0.709 0.0 0.414 -0.571 -0.696 -0.0 -0.718 0.011 -0.996 -0.0 0.039 0.08 0.711 0.0 -0.702 0.041 1.0 0.0 0.019 0.012 
1.0 -0.008 0.007 0.022 -0.772 -0.0 -0.634 -0.029 -0.974 -0.0 -0.068 -0.214 0.693 0.0 -0.721 0.011 0.709 0.0 0.404 -0.578 -0.696 -0.0 -0.718 0.011 -0.996 -0.0 0.039 0.081 0.711 0.0 -0.702 0.04 1.0 0.0 0.015 -0.001 
1.0 -0.008 0.007 0.021 -0.772 -0.0 -0.635 -0.029 -0.974 -0.0 -0.068 -0.214 0.693 -0.0 -0.721 0.009 0.709 0.0 0.395 -0.585 -0.696 -0.0 -0.718 0.01 -0.996 0.0 0.038 0.081 0.711 0.0 -0.702 0.04 1.0 0.0 0.018 0.013 
1.0 -0.008 0.007 0.021 -0.772 -0.0 -0.635 -0.029 -0.975 0.0 -0.068 -0.214 0.694 0.0 -0.72 0.008 0.709 0.0 0.382 -0.592 -0.696 -0.0 -0.718 0.01 -0.996 -0.0 0.038 0.081 0.711 0.0 -0.702 0.04 1.0 0.0 0.014 -0.001 
1.0 -0.008 0.007 0.021 -0.772 -0.0 -0.635 -0.029 -0.974 -0.0 -0.067 -0.214 0.694 0.0 -0.72 0.007 0.71 -0.0 0.373 -0.597 -0.696 -0.0 -0.718 0.01 -0.996 0.0 0.039 0.081 0.711 0.0 -0.702 0.04 1.0 0.0 0.019 0.013 
1.0 -0.007 0.007 0.021 -0.772 -0.0 -0.635 -0.029 -0.974 0.0 -0.067 -0.214 0.695 0.0 -0.719 0.005 0.71 0.0 0.362 -0.604 -0.696 0.0 -0.718 0.009 -0.996 0.0 0.038 0.082 0.711 0.0 -0.702 0.04 1.0 0.0 0.014 -0.002 
1.0 -0.007 0.007 0.02 -0.772 -0.0 -0.635 -0.029 -0.974 -0.0 -0.067 -0.215 0.696 0.0 -0.718 0.004 0.71 0.0 0.352 -0.61 -0.696 -0.0 -0.718 0.009 -0.996 -0.0 0.039 0.082 0.711 0.0 -0.702 0.04 1.0 0.0 0.018 0.013 
1.0 -0.007 0.007 0.02 -0.771 -0.0 -0.636 -0.029 -0.974 -0.0 -0.067 -0.215 0.696 0.0 -0.718 0.004 0.71 0.0 0.338 -0.617 -0.696 -0.0 -0.718 0.008 -0.996 -0.0 0.039 0.082 0.711 0.0 -0.702 0.039 1.0 0.0 0.014 -0.001 
1.0 -0.007 0.007 0.02 -0.771 -0.0 -0.636 -0.029 -0.975 -0.0 -0.066 -0.214 0.697 0.0 -0.717 0.002 0.71 0.0 0.326 -0.624 -0.696 -0.0 -0.718 0.008 -0.996 0.0 0.038 0.082 0.711 0.0 -0.702 0.039 1.0 0.0 0.018 0.013 
1.0 -0.007 0.007 0.02 -0.771 -0.0 -0.636 -0.029 -0.975 0.0 -0.067 -0.214 0.697 0.0 -0.717 0.0 0.71 0.0 0.315 -0.629 -0.696 -0.0 -0.718 0.008 -0.996 -0.0 0.038 0.081 0.711 -0.0 -0.702 0.039 1.0 0.0 0.014 -0.001 
1.0 -0.007 0.007 0.02 -0.771 -0.0 -0.636 -0.029 -0.975 -0.0 -0.066 -0.214 0.698 0.0 -0.716 -0.001 0.71 0.0 0.304 -0.635 -0.696 -0.0 -0.718 0.008 -0.996 -0.0 0.038 0.081 0.71 0.0 -0.703 0.037 1.0 0.0 0.02 0.016 
1.0 -0.007 0.007 0.02 -0.771 0.0 -0.636 -0.029 -0.975 -0.0 -0.066 -0.214 0.698 0.0 -0.716 -0.003 0.71 0.0 0.291 -0.641 -0.696 0.0 -0.718 0.008 -0.996 -0.0 0.038 0.081 0.711 0.0 -0.702 0.039 1.0 0.0 0.015 -0.001 
1.0 -0.007 0.007 0.019 -0.771 -0.0 -0.636 -0.029 -0.975 -0.0 -0.066 -0.214 0.699 0.0 -0.716 -0.004 0.71 0.0 0.28 -0.647 -0.696 -0.0 -0.718 0.008 -0.996 0.0 0.038 0.081 0.711 -0.0 -0.703 0.037 1.0 0.0 0.02 0.015 
1.0 -0.007 0.007 0.019 -0.771 -0.0 -0.637 -0.029 -0.975 -0.0 -0.066 -0.214 0.699 0.0 -0.715 -0.006 0.71 -0.0 0.266 -0.652 -0.696 0.0 -0.718 0.007 -0.996 -0.0 0.038 0.082 0.711 0.0 -0.702 0.039 1.0 -0.0 0.014 -0.001 
1.0 -0.007 0.007 0.02 -0.77 -0.0 -0.637 -0.029 -0.975 -0.0 -0.065 -0.213 0.7 0.0 -0.714 -0.008 0.71 0.0 0.253 -0.657 -0.696 -0.0 -0.718 0.007 -0.996 -0.0 0.038 0.082 0.711 0.0 -0.702 0.038 1.0 -0.0 0.019 0.012 
1.0 -0.007 0.007 0.019 -0.77 -0.0 -0.637 -0.029 -0.975 -0.0 -0.065 -0.213 0.7 0.0 -0.714 -0.01 0.71 0.0 0.239 -0.662 -0.696 -0.0 -0.718 0.006 -0.996 -0.0 0.038 0.082 0.711 -0.0 -0.702 0.038 1.0 0.0 0.014 -0.002 
1.0 -0.007 0.007 0.019 -0.77 -0.0 -0.637 -0.028 -0.975 -0.0 -0.065 -0.213 0.701 0.0 -0.713 -0.012 0.711 0.0 0.225 -0.667 -0.696 -0.0 -0.718 0.006 -0.996 -0.0 0.038 0.082 0.711 0.0 -0.702 0.038 1.0 0.0 0.018 0.014 
1.0 -0.007 0.007 0.019 -0.77 -0.0 -0.637 -0.028 -0.975 -0.0 -0.064 -0.213 0.701 -0.0 -0.713 -0.014 0.711 0.0 0.211 -0.671 -0.696 0.0 -0.718 0.006 -0.996 -0.0 0.038 0.082 0.711 -0.0 -0.702 0.037 1.0 0.0 0.014 0.0 
1.0 -0.006 0.007 0.019 -0.77 -0.0 -0.638 -0.028 -0.975 -0.0 -0.064 -0.213 0.701 0.0 -0.713 -0.016 0.711 0.0 0.196 -0.675 -0.696 -0.0 -0.718 0.006 -0.996 -0.0 0.037 0.082 0.711 -0.0 -0.702 0.037 1.0 0.0 0.017 0.014 
1.0 -0.006 0.007 0.019 -0.77 0.0 -0.638 -0.028 -0.975 -0.0 -0.063 -0.213 0.702 0.0 -0.712 -0.019 0.712 0.0 0.184 -0.678 -0.697 -0.0 -0.717 0.005 -0.996 -0.0 0.038 0.082 0.711 0.0 -0.702 0.037 1.0 0.0 0.013 0.0 
1.0 -0.007 0.005 0.017 -0.768 -0.0 -0.639 -0.027 -0.975 -0.0 -0.064 -0.212 0.703 -0.0 -0.711 -0.02 0.712 0.0 0.171 -0.681 -0.695 -0.0 -0.719 0.006 -0.996 -0.0 0.038 0.082 0.712 0.0 -0.701 0.04 1.0 0.0 0.017 0.012 
1.0 -0.006 0.007 0.02 -0.769 -0.0 -0.638 -0.028 -0.975 -0.0 -0.063 -0.212 0.702 -0.0 -0.711 -0.024 0.713 0.0 0.157 -0.683 -0.697 -0.0 -0.717 0.004 -0.996 -0.0 0.037 0.083 0.711 0.0 -0.703 0.036 1.0 0.0 0.014 0.0 
1.0 -0.006 0.007 0.019 -0.769 -0.0 -0.638 -0.027 -0.975 -0.0 -0.063 -0.212 0.702 -0.0 -0.711 -0.027 0.713 0.0 0.147 -0.685 -0.697 -0.0 -0.717 0.004 -0.996 -0.0 0.038 0.083 0.711 0.0 -0.702 0.036 1.0 0.0 0.019 0.013 
1.0 -0.006 0.007 0.019 -0.769 -0.0 -0.639 -0.027 -0.975 -0.0 -0.063 -0.212 0.702 0.0 -0.711 -0.029 0.713 0.0 0.134 -0.688 -0.697 -0.0 -0.717 0.004 -0.996 -0.0 0.037 0.083 0.711 0.0 -0.702 0.036 1.0 0.0 0.016 0.008 
1.0 -0.006 0.007 0.019 -0.769 -0.0 -0.639 -0.028 -0.976 -0.0 -0.061 -0.211 0.703 -0.0 -0.711 -0.031 0.713 0.0 0.123 -0.69 -0.697 -0.0 -0.717 0.004 -0.996 -0.0 0.037 0.083 0.711 0.0 -0.702 0.036 1.0 0.0 0.018 0.014 
1.0 -0.006 0.007 0.019 -0.769 0.0 -0.639 -0.027 -0.975 -0.0 -0.061 -0.212 0.702 0.0 -0.712 -0.033 0.714 0.0 0.113 -0.691 -0.697 -0.0 -0.717 0.003 -0.996 -0.0 0.037 0.083 0.711 0.0 -0.703 0.035 1.0 0.0 0.014 0.001 
1.0 -0.006 0.007 0.019 -0.769 -0.0 -0.639 -0.027 -0.976 -0.0 -0.06 -0.211 0.702 0.0 -0.711 -0.036 0.715 0.0 0.1 -0.692 -0.697 -0.0 -0.717 0.003 -0.996 -0.0 0.038 0.083 0.711 0.0 -0.703 0.035 1.0 0.0 0.018 0.014 
1.0 -0.006 0.007 0.019 -0.768 -0.0 -0.64 -0.027 -0.975 -0.0 -0.062 -0.211 0.702 -0.0 -0.711 -0.039 0.716 0.0 0.091 -0.693 -0.697 -0.0 -0.717 0.003 -0.996 0.0 0.037 0.084 0.711 0.0 -0.702 0.035 1.0 0.0 0.013 0.0 
1.0 -0.006 0.007 0.019 -0.768 -0.0 -0.64 -0.027 -0.976 -0.0 -0.061 -0.211 0.701 -0.0 -0.712 -0.041 0.716 0.0 0.08 -0.693 -0.697 -0.0 -0.717 0.002 -0.996 -0.0 0.037 0.084 0.711 0.0 -0.703 0.035 1.0 0.0 0.018 0.013 
1.0 -0.006 0.007 0.019 -0.768 -0.0 -0.64 -0.026 -0.975 -0.0 -0.062 -0.212 0.701 0.0 -0.712 -0.043 0.718 0.0 0.069 -0.693 -0.697 -0.0 -0.717 0.002 -0.996 -0.0 0.037 0.084 0.711 0.0 -0.703 0.035 1.0 0.0 0.016 0.008 
1.0 -0.006 0.007 0.018 -0.768 -0.0 -0.64 -0.027 -0.975 -0.0 -0.062 -0.211 0.701 -0.0 -0.712 -0.046 0.718 0.0 0.059 -0.693 -0.697 -0.0 -0.717 0.001 -0.996 -0.0 0.036 0.085 0.711 0.0 -0.703 0.034 1.0 0.0 0.017 0.015 
1.0 -0.005 0.007 0.018 -0.768 0.0 -0.64 -0.027 -0.976 0.0 -0.061 -0.211 0.701 0.0 -0.712 -0.048 0.72 0.0 0.049 -0.693 -0.697 -0.0 -0.717 0.0 -0.996 -0.0 0.037 0.085 0.711 0.0 -0.703 0.034 1.0 -0.0 0.013 0.001 
1.0 -0.005 0.007 0.018 -0.767 -0.0 -0.641 -0.027 -0.975 -0.0 -0.061 -0.211 0.701 0.0 -0.711 -0.05 0.721 -0.0 0.037 -0.692 -0.697 -0.0 -0.717 -0.0 -0.996 -0.0 0.036 0.085 0.711 0.0 -0.703 0.034 1.0 0.0 0.017 0.014 
1.0 -0.005 0.007 0.018 -0.767 -0.0 -0.641 -0.027 -0.976 -0.0 -0.061 -0.211 0.701 -0.0 -0.711 -0.052 0.722 0.0 0.026 -0.692 -0.697 0.0 -0.717 -0.0 -0.996 -0.0 0.036 0.085 0.711 0.0 -0.703 0.034 1.0 0.0 0.014 0.001 
1.0 -0.005 0.007 0.018 -0.767 -0.0 -0.641 -0.027 -0.976 -0.0 -0.061 -0.211 0.701 0.0 -0.711 -0.054 0.722 0.0 0.016 -0.691 -0.697 -0.0 -0.717 -0.001 -0.996 0.0 0.037 0.085 0.711 -0.0 -0.703 0.034 1.0 -0.0 0.018 0.013 
1.0 -0.005 0.007 0.018 -0.767 -0.0 -0.641 -0.026 -0.975 -0.0 -0.061 -0.211 0.701 0.0 -0.711 -0.056 0.722 0.0 0.007 -0.692 -0.697 -0.0 -0.717 -0.001 -0.996 -0.0 0.037 0.086 0.711 0.0 -0.703 0.034 1.0 -0.0 0.015 0.008 
1.0 -0.005 0.007 0.017 -0.767 -0.0 -0.641 -0.026 -0.975 -0.0 -0.061 -0.212 0.701 0.0 -0.711 -0.057 0.722 0.0 -0.004 -0.692 -0.697 -0.0 -0.717 -0.002 -0.996 0.0 0.036 0.086 0.711 -0.0 -0.703 0.034 1.0 0.0 0.017 0.015 
1.0 -0.005 0.007 0.017 -0.767 -0.0 -0.641 -0.027 -0.976 0.0 -0.061 -0.211 0.701 0.0 -0.71 -0.059 0.723 0.0 -0.016 -0.691 -0.697 -0.0 -0.717 -0.002 -0.996 -0.0 0.037 0.086 0.711 -0.0 -0.703 0.034 1.0 0.0 0.013 0.001 
1.0 -0.005 0.007 0.017 -0.767 -0.0 -0.642 -0.026 -0.975 -0.0 -0.061 -0.212 0.701 0.0 -0.71 -0.061 0.723 0.0 -0.029 -0.69 -0.697 -0.0 -0.717 -0.002 -0.996 -0.0 0.036 0.086 0.711 0.0 -0.703 0.033 1.0 0.0 0.017 0.015 
1.0 -0.005 0.007 0.017 -0.767 -0.0 -0.641 -0.026 -0.976 -0.0 -0.061 -0.211 0.701 0.0 -0.71 -0.062 0.724 0.0 -0.041 -0.689 -0.697 -0.0 -0.717 -0.002 -0.996 0.0 0.037 0.086 0.711 0.0 -0.703 0.033 1.0 0.0 0.013 0.002 
1.0 -0.005 0.007 0.017 -0.766 -0.0 -0.642 -0.025 -0.975 -0.0 -0.06 -0.212 0.702 0.0 -0.71 -0.065 0.724 0.0 -0.052 -0.687 -0.697 -0.0 -0.717 -0.003 -0.996 -0.0 0.036 0.086 0.711 -0.0 -0.703 0.032 1.0 0.0 0.016 0.016 
1.0 -0.005 0.007 0.017 -0.766 -0.0 -0.642 -0.026 -0.975 -0.0 -0.061 -0.212 0.702 0.0 -0.709 -0.066 0.724 0.0 -0.064 -0.687 -0.698 -0.0 -0.717 -0.003 -0.996 -0.0 0.036 0.086 0.711 0.0 -0.703 0.032 1.0 0.0 0.013 0.001 
1.0 -0.004 0.007 0.016 -0.766 -0.0 -0.643 -0.025 -0.975 -0.0 -0.06 -0.212 0.702 0.0 -0.709 -0.069 0.725 0.0 -0.075 -0.685 -0.698 -0.0 -0.716 -0.004 -0.996 -0.0 0.036 0.086 0.711 0.0 -0.703 0.031 1.0 0.0 0.016 0.015 
1.0 -0.004 0.007 0.016 -0.766 -0.0 -0.643 -0.025 -0.975 -0.0 -0.06 -0.212 0.703 0.0 -0.708 -0.071 0.725 0.0 -0.086 -0.683 -0.698 0.0 -0.716 -0.005 -0.996 -0.0 0.036 0.087 0.711 -0.0 -0.703 0.031 1.0 0.0 0.012 0.001 
1.0 -0.004 0.007 0.016 -0.766 -0.0 -0.643 -0.024 -0.975 -0.0 -0.06 -0.212 0.703 0.0 -0.708 -0.072 0.725 0.0 -0.098 -0.682 -0.698 0.0 -0.716 -0.005 -0.996 -0.0 0.036 0.086 0.711 0.0 -0.703 0.031 1.0 0.0 0.017 0.015 
1.0 -0.004 0.007 0.015 -0.766 0.0 -0.642 -0.025 -0.976 -0.0 -0.061 -0.211 0.703 0.0 -0.707 -0.074 0.725 0.0 -0.109 -0.679 -0.698 -0.0 -0.716 -0.005 -0.996 -0.0 0.036 0.087 0.71 -0.0 -0.703 0.032 1.0 0.0 0.013 0.002 
1.0 -0.004 0.007 0.015 -0.765 -0.0 -0.643 -0.024 -0.975 -0.0 -0.06 -0.212 0.704 0.0 -0.706 -0.076 0.726 0.0 -0.121 -0.678 -0.698 -0.0 -0.716 -0.005 -0.996 -0.0 0.036 0.086 0.711 0.0 -0.703 0.031 1.0 0.0 0.017 0.015 
1.0 -0.004 0.007 0.015 -0.766 -0.0 -0.643 -0.025 -0.976 0.0 -0.06 -0.21 0.704 -0.0 -0.706 -0.077 0.725 -0.0 -0.133 -0.676 -0.698 -0.0 -0.716 -0.005 -0.996 0.0 0.036 0.087 0.71 0.0 -0.703 0.031 1.0 0.0 0.013 0.002 
1.0 -0.004 0.007 0.015 -0.766 0.0 -0.643 -0.025 -0.976 -0.0 -0.06 -0.211 0.705 0.0 -0.705 -0.079 0.725 0.0 -0.143 -0.673 -0.698 0.0 -0.716 -0.005 -0.996 -0.0 0.036 0.087 0.711 0.0 -0.703 0.031 1.0 0.0 0.017 0.015 
1.0 -0.004 0.007 0.014 -0.765 0.0 -0.643 -0.024 -0.976 -0.0 -0.058 -0.212 0.705 0.0 -0.705 -0.082 0.725 0.0 -0.154 -0.671 -0.698 0.0 -0.716 -0.006 -0.996 -0.0 0.035 0.087 0.71 0.0 -0.703 0.031 1.0 0.0 0.013 0.002 
1.0 -0.004 0.007 0.014 -0.766 -0.0 -0.643 -0.024 -0.976 -0.0 -0.059 -0.211 0.705 0.0 -0.704 -0.083 0.725 0.0 -0.166 -0.669 -0.698 -0.0 -0.716 -0.006 -0.996 -0.0 0.037 0.087 0.711 0.0 -0.703 0.031 1.0 -0.0 0.016 0.016 
1.0 -0.004 0.007 0.014 -0.766 -0.0 -0.643 -0.024 -0.976 -0.0 -0.059 -0.211 0.706 0.0 -0.703 -0.085 0.725 0.0 -0.176 -0.665 -0.698 -0.0 -0.716 -0.006 -0.996 -0.0 0.036 0.087 0.71 0.0 -0.703 0.032 1.0 0.0 0.013 0.002 
1.0 -0.004 0.007 0.013 -0.766 0.0 -0.643 -0.025 -0.976 0.0 -0.059 -0.21 0.706 0.0 -0.703 -0.087 0.725 0.0 -0.187 -0.663 -0.698 -0.0 -0.716 -0.006 -0.996 -0.0 0.036 0.087 0.71 0.0 -0.703 0.032 1.0 0.0 0.017 0.015 
1.0 -0.004 0.007 0.013 -0.766 -0.0 -0.643 -0.025 -0.976 -0.0 -0.058 -0.21 0.706 0.0 -0.702 -0.089 0.725 0.0 -0.197 -0.66 -0.698 -0.0 -0.716 -0.006 -0.996 0.0 0.036 0.087 0.71 0.0 -0.703 0.032 1.0 0.0 0.013 0.002 
1.0 -0.004 0.007 0.013 -0.765 0.0 -0.644 -0.024 -0.976 -0.0 -0.056 -0.211 0.707 0.0 -0.702 -0.091 0.725 0.0 -0.207 -0.657 -0.698 -0.0 -0.716 -0.006 -0.996 0.0 0.036 0.087 0.71 0.0 -0.703 0.032 1.0 -0.0 0.016 0.016 
1.0 -0.004 0.007 0.013 -0.765 0.0 -0.643 -0.024 -0.976 -0.0 -0.058 -0.21 0.707 0.0 -0.701 -0.093 0.726 0.0 -0.217 -0.653 -0.698 -0.0 -0.716 -0.007 -0.996 0.0 0.036 0.087 0.71 0.0 -0.703 0.032 1.0 0.0 0.013 0.002 
1.0 -0.004 0.007 0.013 -0.765 -0.0 -0.643 -0.024 -0.976 -0.0 -0.057 -0.21 0.707 -0.0 -0.701 -0.095 0.726 0.0 -0.225 -0.65 -0.698 -0.0 -0.716 -0.007 -0.996 -0.0 0.036 0.087 0.71 0.0 -0.703 0.032 1.0 0.0 0.016 0.016 
1.0 -0.004 0.007 0.012 -0.765 -0.0 -0.643 -0.024 -0.976 -0.0 -0.057 -0.21 0.707 0.0 -0.7 -0.097 0.727 -0.0 -0.234 -0.646 -0.698 -0.0 -0.716 -0.007 -0.996 -0.0 0.036 0.087 0.71 0.0 -0.703 0.032 1.0 0.0 0.012 0.001 
1.0 -0.004 0.007 0.012 -0.765 -0.0 -0.643 -0.024 -0.976 -0.0 -0.057 -0.21 0.708 0.0 -0.699 -0.101 0.728 0.0 -0.244 -0.64 -0.698 0.0 -0.716 -0.007 -0.996 -0.0 0.036 0.088 0.71 0.0 -0.703 0.032 1.0 0.0 0.016 0.016 
1.0 -0.004 0.007 0.012 -0.765 0.0 -0.644 -0.024 -0.976 -0.0 -0.056 -0.209 0.708 0.0 -0.698 -0.103 0.729 0.0 -0.253 -0.636 -0.698 -0.0 -0.716 -0.007 -0.995 0.0 0.036 0.088 0.71 -0.0 -0.703 0.032 1.0 0.0 0.013 0.002 
1.0 -0.004 0.006 0.012 -0.765 0.0 -0.644 -0.024 -0.976 -0.0 -0.055 -0.209 0.709 0.0 -0.698 -0.105 0.73 0.0 -0.262 -0.631 -0.699 -0.0 -0.715 -0.007 -0.996 -0.0 0.034 0.087 0.71 0.0 -0.703 0.032 1.0 -0.0 0.016 0.016 
1.0 -0.004 0.006 0.012 -0.765 -0.0 -0.644 -0.024 -0.976 -0.0 -0.055 -0.209 0.709 0.0 -0.697 -0.108 0.732 0.0 -0.272 -0.625 -0.699 -0.0 -0.715 -0.007 -0.996 -0.0 0.035 0.087 0.71 0.0 -0.703 0.032 1.0 0.0 0.012 0.001 
1.0 -0.004 0.006 0.012 -0.765 -0.0 -0.644 -0.024 -0.976 -0.0 -0.055 -0.209 0.709 0.0 -0.697 -0.111 0.733 0.0 -0.286 -0.617 -0.699 -0.0 -0.715 -0.008 -0.996 -0.0 0.035 0.088 0.71 0.0 -0.703 0.032 1.0 -0.0 0.016 0.016 
1.0 -0.004 0.006 0.012 -0.765 0.0 -0.643 -0.025 -0.977 0.0 -0.057 -0.208 0.709 0.0 -0.696 -0.113 0.735 0.0 -0.289 -0.614 -0.699 0.0 -0.715 -0.008 -0.996 0.0 0.034 0.088 0.71 0.0 -0.703 0.032 1.0 0.0 0.013 0.002 
1.0 -0.004 0.006 0.011 -0.765 -0.0 -0.644 -0.025 -0.976 0.0 -0.055 -0.209 0.709 0.0 -0.696 -0.116 0.736 0.0 -0.296 -0.609 -0.699 -0.0 -0.715 -0.008 -0.996 -0.0 0.034 0.088 0.71 0.0 -0.703 0.032 1.0 0.0 0.017 0.015 
1.0 -0.004 0.006 0.011 -0.765 0.0 -0.644 -0.025 -0.977 -0.0 -0.055 -0.208 0.709 0.0 -0.695 -0.118 0.737 0.0 -0.305 -0.603 -0.699 -0.0 -0.715 -0.008 -0.996 -0.0 0.034 0.088 0.71 -0.0 -0.703 0.032 1.0 0.0 0.013 0.002 
1.0 -0.004 0.006 0.011 -0.765 -0.0 -0.643 -0.025 -0.977 -0.0 -0.057 -0.208 0.709 0.0 -0.695 -0.12 0.738 0.0 -0.312 -0.598 -0.699 -0.0 -0.715 -0.008 -0.995 -0.0 0.035 0.088 0.71 0.0 -0.703 0.032 1.0 0.0 0.017 0.015 
1.0 -0.004 0.006 0.011 -0.765 -0.0 -0.643 -0.025 -0.977 -0.0 -0.056 -0.208 0.709 -0.0 -0.694 -0.123 0.74 0.0 -0.32 -0.592 -0.699 -0.0 -0.715 -0.008 -0.996 -0.0 0.034 0.088 0.71 0.0 -0.703 0.032 1.0 0.0 0.013 0.002 
1.0 -0.003 0.006 0.011 -0.765 -0.0 -0.644 -0.025 -0.977 -0.0 -0.055 -0.208 0.709 0.0 -0.694 -0.125 0.741 0.0 -0.328 -0.587 -0.699 0.0 -0.715 -0.008 -0.996 -0.0 0.034 0.088 0.71 0.0 -0.703 0.032 1.0 0.0 0.017 0.015 
1.0 -0.003 0.006 0.011 -0.765 -0.0 -0.644 -0.025 -0.976 -0.0 -0.055 -0.209 0.709 0.0 -0.693 -0.128 0.742 0.0 -0.335 -0.581 -0.699 -0.0 -0.715 -0.009 -0.995 -0.0 0.034 0.089 0.71 0.0 -0.703 0.031 1.0 0.0 0.013 0.002 
1.0 -0.003 0.006 0.011 -0.765 0.0 -0.644 -0.025 -0.976 -0.0 -0.055 -0.209 0.709 0.0 -0.693 -0.13 0.743 0.0 -0.342 -0.575 -0.699 0.0 -0.715 -0.009 -0.995 -0.0 0.035 0.089 0.71 0.0 -0.703 0.031 1.0 0.0 0.017 0.015 
1.0 -0.003 0.006 0.011 -0.765 -0.0 -0.644 -0.026 -0.976 0.0 -0.055 -0.209 0.709 -0.0 -0.693 -0.132 0.744 0.0 -0.349 -0.569 -0.699 0.0 -0.715 -0.009 -0.995 -0.0 0.035 0.089 0.71 0.0 -0.703 0.031 1.0 0.0 0.013 0.002 
1.0 -0.003 0.006 0.011 -0.765 0.0 -0.643 -0.026 -0.977 -0.0 -0.056 -0.208 0.709 0.0 -0.692 -0.135 0.745 0.0 -0.356 -0.564 -0.699 -0.0 -0.715 -0.009 -0.995 -0.0 0.034 0.089 0.71 0.0 -0.703 0.031 1.0 0.0 0.016 0.015 
1.0 -0.003 0.006 0.011 -0.765 -0.0 -0.643 -0.027 -0.977 -0.0 -0.056 -0.208 0.71 0.0 -0.691 -0.137 0.746 0.0 -0.364 -0.558 -0.699 -0.0 -0.715 -0.009 -0.995 -0.0 0.034 0.089 0.71 0.0 -0.703 0.031 1.0 0.0 0.013 0.002 
1.0 -0.003 0.006 0.011 -0.765 -0.0 -0.643 -0.027 -0.977 -0.0 -0.056 -0.208 0.71 0.0 -0.691 -0.139 0.747 0.0 -0.37 -0.552 -0.699 -0.0 -0.715 -0.01 -0.995 -0.0 0.034 0.089 0.71 0.0 -0.703 0.03 1.0 -0.0 0.016 0.016 
1.0 -0.003 0.007 0.011 -0.765 -0.0 -0.644 -0.027 -0.977 -0.0 -0.054 -0.208 0.71 -0.0 -0.69 -0.141 0.749 0.0 -0.377 -0.545 -0.699 -0.0 -0.715 -0.01 -0.995 -0.0 0.035 0.089 0.71 -0.0 -0.704 0.03 1.0 0.0 0.013 0.002 
1.0 -0.003 0.007 0.011 -0.765 -0.0 -0.643 -0.027 -0.977 -0.0 -0.056 -0.208 0.71 0.0 -0.689 -0.144 0.75 0.0 -0.383 -0.539 -0.699 -0.0 -0.715 -0.01 -0.995 -0.0 0.035 0.088 0.71 0.0 -0.704 0.03 1.0 -0.0 0.016 0.016 
1.0 -0.003 0.007 0.011 -0.765 0.0 -0.644 -0.027 -0.976 -0.0 -0.054 -0.209 0.71 0.0 -0.689 -0.146 0.751 0.0 -0.389 -0.533 -0.699 -0.0 -0.715 -0.009 -0.995 -0.0 0.035 0.088 0.71 0.0 -0.704 0.031 1.0 0.0 0.013 0.002 
1.0 -0.003 0.007 0.011 -0.765 -0.0 -0.644 -0.027 -0.977 -0.0 -0.054 -0.209 0.71 0.0 -0.688 -0.148 0.752 0.0 -0.394 -0.529 -0.699 -0.0 -0.715 -0.009 -0.996 -0.0 0.034 0.088 0.71 0.0 -0.704 0.031 1.0 0.0 0.016 0.016 
1.0 -0.003 0.007 0.011 -0.765 -0.0 -0.644 -0.027 -0.977 -0.0 -0.054 -0.208 0.71 0.0 -0.687 -0.15 0.753 0.0 -0.399 -0.524 -0.699 0.0 -0.715 -0.009 -0.996 -0.0 0.034 0.088 0.71 0.0 -0.704 0.031 1.0 0.0 0.013 0.002 
1.0 -0.003 0.007 0.011 -0.765 -0.0 -0.644 -0.027 -0.976 0.0 -0.054 -0.209 0.711 0.0 -0.687 -0.152 0.754 0.0 -0.405 -0.518 -0.699 -0.0 -0.715 -0.009 -0.995 -0.0 0.035 0.088 0.71 0.0 -0.704 0.031 1.0 0.0 0.016 0.015 
1.0 -0.003 0.007 0.011 -0.765 -0.0 -0.643 -0.028 -0.977 -0.0 -0.055 -0.208 0.711 0.0 -0.686 -0.155 0.754 0.0 -0.409 -0.513 -0.699 -0.0 -0.715 -0.009 -0.996 -0.0 0.034 0.088 0.71 0.0 -0.704 0.031 1.0 0.0 0.012 0.001 
1.0 -0.003 0.007 0.011 -0.765 -0.0 -0.644 -0.028 -0.976 -0.0 -0.053 -0.209 0.711 0.0 -0.686 -0.156 0.755 -0.0 -0.414 -0.508 -0.699 -0.0 -0.715 -0.009 -0.996 0.0 0.034 0.088 0.71 0.0 -0.704 0.031 1.0 0.0 0.016 0.015 
1.0 -0.002 0.007 0.011 -0.765 0.0 -0.644 -0.028 -0.977 -0.0 -0.053 -0.209 0.711 0.0 -0.685 -0.158 0.756 0.0 -0.418 -0.504 -0.699 -0.0 -0.715 -0.01 -0.996 0.0 0.035 0.088 0.71 0.0 -0.704 0.031 1.0 0.0 0.013 0.002 
1.0 -0.002 0.007 0.011 -0.765 -0.0 -0.644 -0.028 -0.976 -0.0 -0.053 -0.209 0.711 0.0 -0.685 -0.16 0.757 0.0 -0.42 -0.501 -0.698 -0.0 -0.716 -0.01 -0.995 0.0 0.036 0.088 0.71 0.0 -0.704 0.03 1.0 0.0 0.016 0.015 
1.0 -0.002 0.007 0.011 -0.765 -0.0 -0.644 -0.029 -0.977 -0.0 -0.053 -0.208 0.711 0.0 -0.684 -0.161 0.757 0.0 -0.424 -0.497 -0.698 -0.0 -0.716 -0.01 -0.995 0.0 0.036 0.088 0.71 0.0 -0.704 0.03 1.0 0.0 0.013 0.001 
1.0 -0.002 0.007 0.011 -0.765 -0.0 -0.644 -0.029 -0.977 -0.0 -0.053 -0.209 0.711 0.0 -0.684 -0.162 0.758 0.0 -0.427 -0.494 -0.698 -0.0 -0.716 -0.01 -0.995 0.0 0.035 0.088 0.71 0.0 -0.704 0.03 1.0 0.0 0.016 0.015 
1.0 -0.002 0.007 0.011 -0.765 -0.0 -0.644 -0.03 -0.977 -0.0 -0.053 -0.209 0.711 0.0 -0.684 -0.163 0.759 0.0 -0.428 -0.491 -0.698 -0.0 -0.716 -0.01 -0.995 -0.0 0.036 0.088 0.71 0.0 -0.704 0.03 1.0 0.0 0.013 0.001 
