# T   LUA LFA RUA RFA LT  LS  RT  RS  
1.0 0.007 0.007 0.022 -0.761 -0.0 -0.648 -0.036 -0.977 -0.0 -0.058 -0.206 0.72 0.0 -0.67 -0.181 0.761 0.0 -0.457 -0.461 -0.699 -0.0 -0.715 -0.028 -0.996 -0.0 0.032 0.089 0.711 0.0 -0.703 0.003 1.0 0.0 0.01 0.005 
1.0 0.007 0.007 0.022 -0.761 -0.0 -0.648 -0.037 -0.977 -0.0 -0.058 -0.206 0.72 0.0 -0.671 -0.179 0.761 0.0 -0.452 -0.465 -0.699 -0.0 -0.715 -0.028 -0.996 -0.0 0.032 0.089 0.711 0.0 -0.703 0.004 1.0 0.0 0.013 0.019 
1.0 0.007 0.007 0.022 -0.761 -0.0 -0.648 -0.037 -0.977 0.0 -0.058 -0.206 0.72 0.0 -0.671 -0.177 0.761 -0.0 -0.448 -0.469 -0.699 -0.0 -0.715 -0.027 -0.996 0.0 0.031 0.089 0.711 0.0 -0.703 0.004 1.0 0.0 0.01 0.005 
1.0 0.007 0.007 0.022 -0.761 0.0 -0.648 -0.037 -0.977 0.0 -0.058 -0.207 0.72 0.0 -0.672 -0.175 0.761 0.0 -0.443 -0.475 -0.699 -0.0 -0.715 -0.027 -0.996 -0.0 0.031 0.089 0.711 0.0 -0.703 0.004 1.0 0.0 0.013 0.019 
1.0 0.007 0.007 0.022 -0.761 -0.0 -0.648 -0.037 -0.977 0.0 -0.058 -0.207 0.72 0.0 -0.672 -0.173 0.761 0.0 -0.436 -0.48 -0.699 -0.0 -0.715 -0.027 -0.996 -0.0 0.032 0.089 0.711 0.0 -0.703 0.005 1.0 0.0 0.011 0.004 
1.0 0.007 0.007 0.022 -0.761 -0.0 -0.648 -0.038 -0.976 -0.0 -0.058 -0.208 0.72 0.0 -0.673 -0.17 0.761 0.0 -0.43 -0.487 -0.699 -0.0 -0.715 -0.026 -0.996 0.0 0.032 0.088 0.711 0.0 -0.703 0.005 1.0 0.0 0.014 0.017 
1.0 0.006 0.007 0.021 -0.761 -0.0 -0.648 -0.038 -0.976 -0.0 -0.058 -0.209 0.719 0.0 -0.674 -0.167 0.76 0.0 -0.423 -0.493 -0.699 -0.0 -0.715 -0.026 -0.996 -0.0 0.032 0.088 0.711 -0.0 -0.704 0.006 1.0 0.0 0.011 0.004 
1.0 0.006 0.007 0.021 -0.761 -0.0 -0.648 -0.038 -0.976 0.0 -0.059 -0.208 0.719 -0.0 -0.676 -0.163 0.761 0.0 -0.415 -0.499 -0.699 -0.0 -0.715 -0.026 -0.996 -0.0 0.032 0.088 0.711 0.0 -0.703 0.006 1.0 0.0 0.014 0.018 
1.0 0.006 0.007 0.021 -0.76 0.0 -0.648 -0.038 -0.976 -0.0 -0.059 -0.209 0.719 0.0 -0.677 -0.16 0.76 0.0 -0.407 -0.506 -0.699 -0.0 -0.715 -0.025 -0.996 0.0 0.032 0.088 0.711 0.0 -0.703 0.007 1.0 0.0 0.011 0.003 
1.0 0.006 0.007 0.021 -0.76 -0.0 -0.648 -0.038 -0.976 -0.0 -0.057 -0.209 0.719 0.0 -0.677 -0.157 0.76 0.0 -0.398 -0.514 -0.699 -0.0 -0.715 -0.025 -0.996 -0.0 0.032 0.088 0.711 0.0 -0.703 0.008 1.0 0.0 0.014 0.017 
1.0 0.005 0.007 0.021 -0.76 0.0 -0.648 -0.038 -0.976 0.0 -0.059 -0.21 0.718 0.0 -0.679 -0.153 0.759 0.0 -0.389 -0.522 -0.699 -0.0 -0.715 -0.024 -0.996 -0.0 0.032 0.088 0.711 0.0 -0.703 0.009 1.0 -0.0 0.011 0.003 
1.0 0.005 0.007 0.02 -0.76 -0.0 -0.648 -0.038 -0.976 0.0 -0.059 -0.21 0.718 0.0 -0.68 -0.149 0.759 0.0 -0.379 -0.53 -0.699 -0.0 -0.715 -0.024 -0.996 -0.0 0.033 0.087 0.711 0.0 -0.703 0.01 1.0 -0.0 0.014 0.016 
1.0 0.005 0.006 0.02 -0.76 0.0 -0.649 -0.038 -0.976 -0.0 -0.058 -0.211 0.718 0.0 -0.681 -0.146 0.758 0.0 -0.368 -0.538 -0.699 -0.0 -0.715 -0.023 -0.996 -0.0 0.033 0.087 0.711 0.0 -0.703 0.01 1.0 0.0 0.011 0.002 
1.0 0.004 0.006 0.019 -0.76 -0.0 -0.649 -0.038 -0.976 -0.0 -0.058 -0.211 0.717 0.0 -0.682 -0.143 0.758 -0.0 -0.357 -0.546 -0.699 0.0 -0.715 -0.023 -0.996 -0.0 0.033 0.087 0.711 0.0 -0.703 0.012 1.0 0.0 0.013 0.014 
1.0 0.004 0.007 0.019 -0.76 0.0 -0.648 -0.037 -0.976 -0.0 -0.06 -0.212 0.717 0.0 -0.683 -0.139 0.757 0.0 -0.345 -0.554 -0.699 -0.0 -0.715 -0.022 -0.996 -0.0 0.034 0.087 0.711 0.0 -0.703 0.012 1.0 0.0 0.011 0.001 
1.0 0.004 0.007 0.019 -0.76 -0.0 -0.648 -0.037 -0.975 -0.0 -0.059 -0.212 0.716 0.0 -0.684 -0.136 0.757 -0.0 -0.333 -0.563 -0.699 -0.0 -0.715 -0.022 -0.996 0.0 0.033 0.087 0.711 0.0 -0.703 0.014 1.0 0.0 0.013 0.014 
1.0 0.004 0.007 0.018 -0.76 -0.0 -0.648 -0.037 -0.975 -0.0 -0.061 -0.212 0.716 -0.0 -0.685 -0.133 0.756 -0.0 -0.321 -0.571 -0.699 -0.0 -0.715 -0.021 -0.996 -0.0 0.033 0.087 0.711 0.0 -0.703 0.015 1.0 0.0 0.01 -0.0 
1.0 0.003 0.007 0.018 -0.76 -0.0 -0.649 -0.037 -0.975 0.0 -0.061 -0.212 0.716 0.0 -0.686 -0.129 0.756 0.0 -0.308 -0.578 -0.699 -0.0 -0.715 -0.021 -0.996 -0.0 0.033 0.087 0.711 0.0 -0.703 0.015 1.0 -0.0 0.013 0.014 
1.0 0.003 0.007 0.018 -0.76 -0.0 -0.649 -0.037 -0.975 -0.0 -0.062 -0.212 0.716 0.0 -0.687 -0.126 0.755 -0.0 -0.295 -0.586 -0.699 -0.0 -0.715 -0.02 -0.996 -0.0 0.033 0.087 0.711 0.0 -0.703 0.016 1.0 0.0 0.01 -0.0 
1.0 0.003 0.006 0.017 -0.76 -0.0 -0.649 -0.037 -0.975 -0.0 -0.062 -0.211 0.716 0.0 -0.688 -0.123 0.754 0.0 -0.282 -0.593 -0.699 -0.0 -0.715 -0.02 -0.996 -0.0 0.034 0.086 0.711 0.0 -0.703 0.017 1.0 -0.0 0.013 0.014 
1.0 0.002 0.007 0.017 -0.76 0.0 -0.649 -0.037 -0.975 -0.0 -0.062 -0.212 0.715 0.0 -0.688 -0.12 0.753 0.0 -0.27 -0.6 -0.699 -0.0 -0.715 -0.019 -0.996 -0.0 0.034 0.086 0.711 0.0 -0.703 0.017 1.0 0.0 0.01 -0.0 
1.0 0.002 0.006 0.017 -0.76 -0.0 -0.649 -0.037 -0.975 0.0 -0.063 -0.211 0.715 0.0 -0.689 -0.117 0.753 0.0 -0.256 -0.606 -0.699 -0.0 -0.715 -0.019 -0.996 0.0 0.034 0.086 0.711 0.0 -0.703 0.018 1.0 0.0 0.013 0.013 
1.0 0.002 0.006 0.017 -0.76 -0.0 -0.649 -0.036 -0.975 0.0 -0.063 -0.211 0.715 0.0 -0.69 -0.113 0.752 0.0 -0.243 -0.613 -0.699 -0.0 -0.715 -0.018 -0.996 -0.0 0.033 0.086 0.711 0.0 -0.703 0.019 1.0 0.0 0.01 -0.001 
1.0 0.002 0.006 0.017 -0.76 0.0 -0.649 -0.036 -0.975 -0.0 -0.063 -0.211 0.715 0.0 -0.69 -0.111 0.751 0.0 -0.228 -0.62 -0.699 -0.0 -0.715 -0.018 -0.996 0.0 0.034 0.086 0.711 0.0 -0.703 0.019 1.0 0.0 0.013 0.013 
1.0 0.001 0.007 0.017 -0.76 -0.0 -0.649 -0.036 -0.975 -0.0 -0.063 -0.211 0.716 0.0 -0.69 -0.108 0.75 0.0 -0.216 -0.625 -0.699 0.0 -0.715 -0.017 -0.996 -0.0 0.034 0.086 0.711 0.0 -0.703 0.019 1.0 -0.0 0.01 -0.001 
1.0 0.001 0.006 0.016 -0.76 -0.0 -0.649 -0.036 -0.976 -0.0 -0.063 -0.21 0.715 0.0 -0.692 -0.104 0.749 0.0 -0.201 -0.631 -0.698 -0.0 -0.715 -0.017 -0.996 0.0 0.034 0.086 0.711 0.0 -0.703 0.02 1.0 0.0 0.013 0.013 
1.0 0.001 0.006 0.016 -0.76 -0.0 -0.649 -0.035 -0.975 -0.0 -0.063 -0.211 0.715 0.0 -0.692 -0.101 0.748 -0.0 -0.187 -0.636 -0.698 -0.0 -0.715 -0.017 -0.996 -0.0 0.034 0.086 0.711 -0.0 -0.703 0.02 1.0 0.0 0.01 -0.001 
1.0 0.001 0.007 0.016 -0.76 0.0 -0.649 -0.036 -0.976 -0.0 -0.064 -0.21 0.715 0.0 -0.693 -0.098 0.748 0.0 -0.173 -0.641 -0.699 0.0 -0.715 -0.017 -0.996 -0.0 0.034 0.086 0.711 0.0 -0.703 0.021 1.0 0.0 0.013 0.013 
1.0 0.001 0.007 0.016 -0.76 0.0 -0.649 -0.036 -0.976 -0.0 -0.064 -0.21 0.714 0.0 -0.693 -0.094 0.747 0.0 -0.158 -0.646 -0.699 -0.0 -0.715 -0.016 -0.996 -0.0 0.035 0.086 0.711 0.0 -0.703 0.021 1.0 -0.0 0.01 -0.001 
1.0 0.001 0.006 0.016 -0.76 -0.0 -0.649 -0.035 -0.976 -0.0 -0.063 -0.21 0.714 0.0 -0.694 -0.091 0.746 0.0 -0.145 -0.65 -0.698 -0.0 -0.716 -0.017 -0.996 -0.0 0.035 0.087 0.711 -0.0 -0.703 0.02 1.0 0.0 0.013 0.014 
1.0 0.0 0.006 0.016 -0.76 -0.0 -0.649 -0.036 -0.976 -0.0 -0.064 -0.209 0.714 -0.0 -0.694 -0.087 0.745 -0.0 -0.131 -0.654 -0.698 -0.0 -0.716 -0.016 -0.996 -0.0 0.035 0.086 0.711 0.0 -0.703 0.022 1.0 0.0 0.011 -0.001 
1.0 0.0 0.006 0.016 -0.76 -0.0 -0.649 -0.035 -0.976 -0.0 -0.064 -0.21 0.714 0.0 -0.695 -0.084 0.744 0.0 -0.118 -0.657 -0.698 -0.0 -0.716 -0.015 -0.996 -0.0 0.035 0.086 0.711 0.0 -0.703 0.022 1.0 0.0 0.014 0.013 
1.0 -0.0 0.006 0.016 -0.76 -0.0 -0.648 -0.035 -0.976 -0.0 -0.065 -0.209 0.714 -0.0 -0.695 -0.08 0.743 -0.0 -0.105 -0.661 -0.698 -0.0 -0.716 -0.014 -0.996 -0.0 0.035 0.086 0.711 0.0 -0.703 0.023 1.0 0.0 0.011 -0.001 
1.0 -0.001 0.006 0.017 -0.76 -0.0 -0.648 -0.035 -0.976 -0.0 -0.065 -0.209 0.714 0.0 -0.696 -0.077 0.742 0.0 -0.092 -0.664 -0.698 0.0 -0.716 -0.013 -0.996 -0.0 0.035 0.086 0.711 -0.0 -0.703 0.023 1.0 0.0 0.014 0.013 
1.0 -0.001 0.006 0.017 -0.761 0.0 -0.648 -0.035 -0.976 -0.0 -0.065 -0.209 0.714 0.0 -0.696 -0.074 0.741 -0.0 -0.079 -0.667 -0.698 -0.0 -0.716 -0.013 -0.996 -0.0 0.034 0.086 0.711 0.0 -0.703 0.024 1.0 0.0 0.011 -0.001 
1.0 -0.001 0.006 0.017 -0.761 -0.0 -0.648 -0.035 -0.976 -0.0 -0.065 -0.208 0.714 0.0 -0.696 -0.071 0.74 0.0 -0.065 -0.669 -0.698 -0.0 -0.716 -0.012 -0.996 -0.0 0.035 0.085 0.711 -0.0 -0.703 0.024 1.0 0.0 0.014 0.012 
1.0 -0.001 0.007 0.017 -0.761 -0.0 -0.648 -0.035 -0.976 -0.0 -0.065 -0.209 0.714 0.0 -0.696 -0.068 0.739 0.0 -0.051 -0.672 -0.698 0.0 -0.716 -0.012 -0.996 -0.0 0.035 0.086 0.711 0.0 -0.703 0.025 1.0 0.0 0.011 -0.001 
1.0 -0.002 0.006 0.017 -0.761 -0.0 -0.648 -0.034 -0.976 0.0 -0.064 -0.209 0.715 0.0 -0.697 -0.065 0.738 0.0 -0.04 -0.673 -0.698 -0.0 -0.716 -0.011 -0.996 -0.0 0.035 0.085 0.711 -0.0 -0.703 0.026 1.0 0.0 0.014 0.013 
1.0 -0.002 0.006 0.018 -0.761 -0.0 -0.648 -0.032 -0.976 -0.0 -0.064 -0.21 0.715 0.0 -0.697 -0.062 0.738 -0.0 -0.029 -0.675 -0.698 -0.0 -0.716 -0.009 -0.996 -0.0 0.035 0.085 0.711 0.0 -0.703 0.026 1.0 0.0 0.011 -0.001 
1.0 -0.002 0.006 0.018 -0.761 0.0 -0.648 -0.034 -0.976 -0.0 -0.065 -0.209 0.715 0.0 -0.697 -0.059 0.737 0.0 -0.016 -0.675 -0.698 -0.0 -0.716 -0.009 -0.996 0.0 0.035 0.085 0.711 0.0 -0.702 0.027 1.0 -0.0 0.014 0.013 
1.0 -0.002 0.006 0.018 -0.761 -0.0 -0.648 -0.032 -0.976 -0.0 -0.064 -0.209 0.715 0.0 -0.697 -0.056 0.737 0.0 -0.003 -0.676 -0.698 0.0 -0.716 -0.009 -0.996 -0.0 0.036 0.085 0.711 0.0 -0.703 0.027 1.0 0.0 0.011 -0.001 
1.0 -0.003 0.007 0.018 -0.762 0.0 -0.647 -0.033 -0.976 0.0 -0.065 -0.209 0.715 0.0 -0.697 -0.053 0.735 0.0 0.011 -0.678 -0.698 -0.0 -0.716 -0.008 -0.996 0.0 0.036 0.085 0.711 0.0 -0.702 0.028 1.0 0.0 0.014 0.013 
1.0 -0.003 0.006 0.018 -0.761 -0.0 -0.648 -0.031 -0.976 0.0 -0.065 -0.209 0.715 0.0 -0.697 -0.05 0.735 0.0 0.024 -0.677 -0.698 -0.0 -0.716 -0.008 -0.996 -0.0 0.036 0.085 0.711 0.0 -0.702 0.028 1.0 -0.0 0.01 -0.001 
1.0 -0.003 0.006 0.018 -0.761 0.0 -0.648 -0.031 -0.976 -0.0 -0.063 -0.209 0.715 0.0 -0.697 -0.048 0.735 0.0 0.037 -0.677 -0.698 -0.0 -0.716 -0.007 -0.996 -0.0 0.035 0.085 0.711 -0.0 -0.702 0.028 1.0 0.0 0.014 0.013 
1.0 -0.004 0.006 0.018 -0.762 0.0 -0.647 -0.032 -0.976 -0.0 -0.065 -0.208 0.715 0.0 -0.698 -0.045 0.735 0.0 0.05 -0.676 -0.698 -0.0 -0.716 -0.007 -0.996 -0.0 0.035 0.085 0.711 0.0 -0.702 0.029 1.0 0.0 0.011 -0.001 
1.0 -0.004 0.006 0.018 -0.761 -0.0 -0.648 -0.031 -0.976 0.0 -0.065 -0.209 0.715 0.0 -0.698 -0.043 0.734 0.0 0.06 -0.677 -0.698 -0.0 -0.716 -0.007 -0.996 -0.0 0.035 0.086 0.711 0.0 -0.702 0.029 1.0 0.0 0.015 0.012 
1.0 -0.004 0.006 0.018 -0.761 -0.0 -0.648 -0.03 -0.976 0.0 -0.065 -0.209 0.715 0.0 -0.698 -0.04 0.733 -0.0 0.072 -0.676 -0.698 -0.0 -0.716 -0.006 -0.996 -0.0 0.036 0.085 0.711 0.0 -0.702 0.03 1.0 0.0 0.011 -0.002 
1.0 -0.004 0.006 0.018 -0.761 0.0 -0.648 -0.03 -0.976 -0.0 -0.064 -0.209 0.715 0.0 -0.698 -0.038 0.733 -0.0 0.085 -0.675 -0.698 -0.0 -0.716 -0.006 -0.996 0.0 0.036 0.086 0.711 -0.0 -0.702 0.03 1.0 0.0 0.015 0.012 
1.0 -0.005 0.006 0.018 -0.763 -0.0 -0.646 -0.031 -0.976 -0.0 -0.066 -0.207 0.715 0.0 -0.698 -0.035 0.732 0.0 0.096 -0.674 -0.698 -0.0 -0.716 -0.004 -0.996 0.0 0.035 0.085 0.711 0.0 -0.702 0.032 1.0 -0.0 0.011 -0.002 
1.0 -0.005 0.006 0.018 -0.762 -0.0 -0.647 -0.029 -0.976 -0.0 -0.066 -0.208 0.715 0.0 -0.698 -0.033 0.731 0.0 0.107 -0.673 -0.698 0.0 -0.716 -0.004 -0.996 -0.0 0.036 0.085 0.711 0.0 -0.702 0.031 1.0 0.0 0.015 0.011 
1.0 -0.005 0.006 0.019 -0.762 -0.0 -0.647 -0.03 -0.976 0.0 -0.064 -0.207 0.715 0.0 -0.699 -0.03 0.731 0.0 0.118 -0.672 -0.698 -0.0 -0.716 -0.003 -0.996 -0.0 0.035 0.085 0.711 0.0 -0.702 0.032 1.0 0.0 0.011 -0.002 
1.0 -0.005 0.006 0.019 -0.762 -0.0 -0.646 -0.03 -0.976 0.0 -0.066 -0.207 0.714 0.0 -0.699 -0.027 0.73 0.0 0.13 -0.671 -0.698 0.0 -0.716 -0.003 -0.996 -0.0 0.035 0.086 0.711 -0.0 -0.702 0.033 1.0 -0.0 0.015 0.011 
1.0 -0.005 0.006 0.019 -0.762 0.0 -0.647 -0.029 -0.976 -0.0 -0.066 -0.208 0.714 0.0 -0.699 -0.025 0.729 0.0 0.142 -0.67 -0.698 -0.0 -0.716 -0.003 -0.996 -0.0 0.036 0.085 0.711 -0.0 -0.702 0.032 1.0 0.0 0.011 -0.002 
1.0 -0.005 0.006 0.019 -0.762 0.0 -0.647 -0.029 -0.976 -0.0 -0.065 -0.207 0.714 0.0 -0.7 -0.022 0.728 -0.0 0.153 -0.668 -0.698 -0.0 -0.716 -0.003 -0.996 -0.0 0.036 0.086 0.712 0.0 -0.702 0.033 1.0 0.0 0.014 0.012 
1.0 -0.005 0.006 0.019 -0.762 -0.0 -0.647 -0.029 -0.976 -0.0 -0.065 -0.207 0.714 -0.0 -0.7 -0.02 0.728 0.0 0.166 -0.666 -0.698 -0.0 -0.716 -0.003 -0.996 -0.0 0.036 0.086 0.712 0.0 -0.702 0.033 1.0 -0.0 0.011 -0.001 
1.0 -0.006 0.006 0.019 -0.762 -0.0 -0.647 -0.028 -0.976 -0.0 -0.066 -0.207 0.713 -0.0 -0.7 -0.017 0.727 -0.0 0.177 -0.664 -0.697 -0.0 -0.717 -0.002 -0.996 -0.0 0.036 0.086 0.712 -0.0 -0.702 0.033 1.0 -0.0 0.016 0.011 
1.0 -0.006 0.006 0.019 -0.762 0.0 -0.647 -0.028 -0.976 0.0 -0.066 -0.207 0.713 0.0 -0.701 -0.015 0.726 -0.0 0.188 -0.662 -0.698 -0.0 -0.717 -0.002 -0.996 -0.0 0.036 0.085 0.712 -0.0 -0.702 0.033 1.0 0.0 0.011 -0.001 
1.0 -0.006 0.006 0.019 -0.762 -0.0 -0.647 -0.028 -0.976 -0.0 -0.066 -0.207 0.713 0.0 -0.701 -0.013 0.725 0.0 0.2 -0.659 -0.697 -0.0 -0.717 -0.002 -0.996 -0.0 0.036 0.086 0.712 -0.0 -0.702 0.034 1.0 -0.0 0.015 0.013 
1.0 -0.006 0.006 0.019 -0.762 0.0 -0.646 -0.028 -0.976 0.0 -0.066 -0.207 0.712 0.0 -0.702 -0.011 0.724 0.0 0.211 -0.656 -0.697 -0.0 -0.717 -0.001 -0.996 -0.0 0.036 0.086 0.712 0.0 -0.702 0.034 1.0 0.0 0.01 -0.001 
1.0 -0.006 0.007 0.019 -0.763 0.0 -0.646 -0.027 -0.976 0.0 -0.066 -0.207 0.712 0.0 -0.702 -0.009 0.724 0.0 0.223 -0.653 -0.698 -0.0 -0.717 -0.001 -0.996 -0.0 0.036 0.086 0.712 0.0 -0.702 0.034 1.0 0.0 0.015 0.012 
1.0 -0.006 0.007 0.019 -0.763 -0.0 -0.646 -0.027 -0.976 -0.0 -0.066 -0.207 0.711 0.0 -0.703 -0.007 0.723 0.0 0.234 -0.65 -0.697 0.0 -0.717 -0.0 -0.996 -0.0 0.036 0.085 0.712 0.0 -0.702 0.034 1.0 0.0 0.011 -0.001 
1.0 -0.007 0.006 0.019 -0.763 -0.0 -0.646 -0.027 -0.976 -0.0 -0.067 -0.207 0.711 0.0 -0.704 -0.005 0.722 -0.0 0.246 -0.647 -0.697 -0.0 -0.717 -0.0 -0.996 -0.0 0.037 0.085 0.712 0.0 -0.702 0.035 1.0 0.0 0.015 0.012 
1.0 -0.007 0.006 0.019 -0.763 -0.0 -0.646 -0.027 -0.976 -0.0 -0.067 -0.207 0.71 -0.0 -0.704 -0.003 0.721 0.0 0.257 -0.643 -0.697 0.0 -0.717 0.0 -0.996 0.0 0.036 0.085 0.712 0.0 -0.702 0.035 1.0 -0.0 0.011 -0.001 
1.0 -0.007 0.006 0.019 -0.763 -0.0 -0.646 -0.027 -0.976 -0.0 -0.067 -0.207 0.709 0.0 -0.705 -0.001 0.72 0.0 0.27 -0.639 -0.697 -0.0 -0.717 0.0 -0.996 -0.0 0.036 0.086 0.711 0.0 -0.702 0.035 1.0 0.0 0.015 0.012 
1.0 -0.007 0.006 0.019 -0.763 -0.0 -0.646 -0.027 -0.976 -0.0 -0.067 -0.207 0.708 0.0 -0.706 -0.0 0.719 0.0 0.283 -0.635 -0.697 -0.0 -0.717 0.0 -0.996 -0.0 0.036 0.086 0.712 0.0 -0.702 0.035 1.0 -0.0 0.011 -0.001 
1.0 -0.007 0.006 0.019 -0.763 -0.0 -0.646 -0.027 -0.976 -0.0 -0.067 -0.207 0.706 0.0 -0.708 0.001 0.718 0.0 0.297 -0.629 -0.697 -0.0 -0.717 0.001 -0.996 -0.0 0.037 0.085 0.711 0.0 -0.702 0.035 1.0 -0.0 0.015 0.013 
1.0 -0.007 0.006 0.019 -0.763 -0.0 -0.646 -0.027 -0.976 -0.0 -0.067 -0.207 0.705 -0.0 -0.709 0.003 0.717 0.0 0.31 -0.624 -0.697 -0.0 -0.717 0.001 -0.996 -0.0 0.036 0.086 0.712 0.0 -0.702 0.035 1.0 0.0 0.011 -0.001 
1.0 -0.007 0.006 0.019 -0.763 -0.0 -0.646 -0.027 -0.976 -0.0 -0.067 -0.207 0.703 0.0 -0.711 0.004 0.716 0.0 0.325 -0.618 -0.697 0.0 -0.717 0.001 -0.996 -0.0 0.037 0.085 0.712 0.0 -0.702 0.036 1.0 -0.0 0.016 0.012 
1.0 -0.007 0.006 0.019 -0.763 -0.0 -0.646 -0.027 -0.976 -0.0 -0.068 -0.207 0.702 0.0 -0.713 0.005 0.714 0.0 0.34 -0.612 -0.697 -0.0 -0.717 0.001 -0.996 -0.0 0.037 0.085 0.712 0.0 -0.702 0.036 1.0 0.0 0.013 0.009 
1.0 -0.007 0.006 0.019 -0.763 -0.0 -0.646 -0.027 -0.976 -0.0 -0.068 -0.207 0.7 -0.0 -0.714 0.005 0.713 0.0 0.356 -0.605 -0.697 -0.0 -0.717 0.001 -0.996 0.0 0.036 0.086 0.711 0.0 -0.702 0.036 1.0 0.0 0.016 0.012 
1.0 -0.007 0.006 0.019 -0.763 -0.0 -0.645 -0.027 -0.976 -0.0 -0.068 -0.207 0.698 0.0 -0.716 0.006 0.712 0.0 0.369 -0.598 -0.697 -0.0 -0.717 0.001 -0.996 -0.0 0.037 0.085 0.711 0.0 -0.702 0.036 1.0 -0.0 0.013 0.004 
1.0 -0.007 0.006 0.019 -0.764 -0.0 -0.645 -0.027 -0.976 -0.0 -0.068 -0.207 0.697 0.0 -0.717 0.007 0.711 -0.0 0.382 -0.59 -0.697 -0.0 -0.717 0.001 -0.996 0.0 0.037 0.085 0.712 0.0 -0.702 0.036 1.0 0.0 0.011 -0.001 
1.0 -0.007 0.006 0.019 -0.764 -0.0 -0.645 -0.027 -0.976 -0.0 -0.068 -0.206 0.696 0.0 -0.718 0.007 0.711 0.0 0.394 -0.583 -0.697 -0.0 -0.717 0.001 -0.996 -0.0 0.037 0.085 0.712 0.0 -0.702 0.036 1.0 0.0 0.015 0.013 
1.0 -0.007 0.006 0.019 -0.764 0.0 -0.645 -0.027 -0.976 -0.0 -0.068 -0.207 0.695 0.0 -0.719 0.007 0.71 0.0 0.405 -0.576 -0.697 -0.0 -0.717 0.002 -0.996 -0.0 0.036 0.085 0.711 0.0 -0.702 0.036 1.0 0.0 0.011 -0.001 
1.0 -0.007 0.006 0.019 -0.764 -0.0 -0.645 -0.027 -0.976 0.0 -0.068 -0.207 0.694 0.0 -0.72 0.008 0.71 -0.0 0.416 -0.568 -0.697 -0.0 -0.717 0.002 -0.996 -0.0 0.037 0.085 0.711 0.0 -0.702 0.036 1.0 0.0 0.016 0.012 
1.0 -0.007 0.006 0.019 -0.764 0.0 -0.645 -0.027 -0.976 0.0 -0.068 -0.207 0.693 0.0 -0.72 0.008 0.71 0.0 0.426 -0.561 -0.697 -0.0 -0.717 0.001 -0.996 0.0 0.036 0.085 0.711 0.0 -0.702 0.036 1.0 0.0 0.012 -0.001 
1.0 -0.007 0.006 0.019 -0.764 -0.0 -0.645 -0.027 -0.976 0.0 -0.068 -0.207 0.693 0.0 -0.721 0.008 0.71 -0.0 0.436 -0.553 -0.697 -0.0 -0.717 0.001 -0.996 -0.0 0.037 0.085 0.711 0.0 -0.702 0.036 1.0 0.0 0.016 0.012 
1.0 -0.007 0.006 0.019 -0.764 -0.0 -0.644 -0.027 -0.976 -0.0 -0.069 -0.207 0.693 -0.0 -0.721 0.008 0.71 -0.0 0.443 -0.547 -0.697 0.0 -0.717 0.001 -0.996 -0.0 0.036 0.086 0.712 0.0 -0.702 0.036 1.0 0.0 0.012 -0.001 
1.0 -0.007 0.006 0.019 -0.764 -0.0 -0.644 -0.027 -0.976 -0.0 -0.07 -0.207 0.693 0.0 -0.721 0.009 0.711 0.0 0.451 -0.54 -0.697 -0.0 -0.717 0.001 -0.996 -0.0 0.036 0.086 0.711 0.0 -0.702 0.036 1.0 -0.0 0.016 0.012 
1.0 -0.007 0.006 0.02 -0.764 -0.0 -0.644 -0.028 -0.976 -0.0 -0.07 -0.206 0.693 0.0 -0.721 0.009 0.711 0.0 0.458 -0.534 -0.697 -0.0 -0.717 0.002 -0.996 -0.0 0.036 0.085 0.712 0.0 -0.702 0.036 1.0 0.0 0.012 -0.001 
1.0 -0.007 0.006 0.02 -0.764 -0.0 -0.644 -0.028 -0.976 -0.0 -0.07 -0.206 0.693 0.0 -0.721 0.009 0.711 0.0 0.465 -0.528 -0.697 -0.0 -0.717 0.001 -0.996 -0.0 0.037 0.085 0.712 0.0 -0.702 0.036 1.0 0.0 0.016 0.012 
1.0 -0.007 0.006 0.02 -0.764 -0.0 -0.644 -0.028 -0.976 -0.0 -0.07 -0.206 0.693 0.0 -0.721 0.009 0.711 0.0 0.471 -0.522 -0.697 -0.0 -0.717 0.001 -0.996 -0.0 0.036 0.085 0.712 0.0 -0.702 0.036 1.0 0.0 0.011 -0.002 
1.0 -0.006 0.006 0.02 -0.764 -0.0 -0.644 -0.028 -0.976 -0.0 -0.07 -0.206 0.693 -0.0 -0.721 0.009 0.712 -0.0 0.48 -0.513 -0.697 -0.0 -0.717 0.001 -0.996 0.0 0.037 0.085 0.712 0.0 -0.702 0.035 1.0 0.0 0.016 0.012 
1.0 -0.006 0.006 0.021 -0.765 -0.0 -0.644 -0.028 -0.976 -0.0 -0.071 -0.206 0.694 0.0 -0.72 0.009 0.712 0.0 0.482 -0.511 -0.697 -0.0 -0.717 0.001 -0.996 0.0 0.036 0.085 0.712 0.0 -0.702 0.035 1.0 -0.0 0.012 -0.001 
1.0 -0.006 0.006 0.021 -0.765 -0.0 -0.644 -0.028 -0.976 0.0 -0.071 -0.205 0.694 -0.0 -0.72 0.009 0.712 0.0 0.486 -0.506 -0.697 -0.0 -0.717 0.001 -0.996 -0.0 0.037 0.085 0.712 0.0 -0.702 0.035 1.0 0.0 0.015 0.013 
1.0 -0.006 0.006 0.021 -0.765 -0.0 -0.643 -0.028 -0.976 -0.0 -0.072 -0.205 0.694 -0.0 -0.72 0.009 0.713 -0.0 0.491 -0.502 -0.697 -0.0 -0.717 0.002 -0.996 0.0 0.036 0.085 0.712 0.0 -0.702 0.035 1.0 0.0 0.012 -0.001 
1.0 -0.006 0.006 0.022 -0.765 0.0 -0.643 -0.028 -0.976 -0.0 -0.072 -0.205 0.694 0.0 -0.72 0.01 0.713 0.0 0.495 -0.497 -0.697 -0.0 -0.717 0.002 -0.996 -0.0 0.036 0.084 0.712 0.0 -0.702 0.035 1.0 0.0 0.016 0.013 
1.0 -0.006 0.006 0.022 -0.765 -0.0 -0.643 -0.029 -0.976 -0.0 -0.072 -0.205 0.695 0.0 -0.719 0.01 0.713 0.0 0.499 -0.493 -0.697 -0.0 -0.717 0.002 -0.996 -0.0 0.036 0.084 0.712 0.0 -0.702 0.034 1.0 -0.0 0.012 -0.001 
1.0 -0.006 0.006 0.023 -0.765 -0.0 -0.643 -0.029 -0.976 -0.0 -0.071 -0.205 0.694 -0.0 -0.72 0.01 0.713 0.0 0.503 -0.488 -0.697 -0.0 -0.717 0.002 -0.996 -0.0 0.037 0.084 0.712 0.0 -0.702 0.034 1.0 0.0 0.017 0.012 
1.0 -0.006 0.006 0.023 -0.765 -0.0 -0.643 -0.029 -0.976 -0.0 -0.071 -0.205 0.694 0.0 -0.72 0.011 0.713 0.0 0.508 -0.484 -0.697 -0.0 -0.717 0.002 -0.996 -0.0 0.036 0.084 0.712 0.0 -0.702 0.033 1.0 0.0 0.012 -0.001 
1.0 -0.006 0.007 0.024 -0.766 -0.0 -0.643 -0.029 -0.976 -0.0 -0.072 -0.205 0.694 0.0 -0.72 0.01 0.713 0.0 0.514 -0.477 -0.697 -0.0 -0.717 0.003 -0.996 -0.0 0.036 0.084 0.712 0.0 -0.701 0.033 1.0 0.0 0.016 0.012 
1.0 -0.006 0.006 0.024 -0.766 -0.0 -0.643 -0.029 -0.976 -0.0 -0.071 -0.205 0.694 0.0 -0.72 0.01 0.713 0.0 0.518 -0.473 -0.697 -0.0 -0.717 0.003 -0.996 -0.0 0.036 0.084 0.712 0.0 -0.701 0.033 1.0 0.0 0.012 -0.001 
1.0 -0.006 0.006 0.025 -0.766 -0.0 -0.643 -0.03 -0.976 -0.0 -0.071 -0.205 0.693 0.0 -0.72 0.011 0.711 0.0 0.524 -0.469 -0.697 -0.0 -0.717 0.003 -0.996 -0.0 0.035 0.084 0.712 0.0 -0.701 0.032 1.0 -0.0 0.016 0.012 
1.0 -0.006 0.007 0.025 -0.766 -0.0 -0.643 -0.03 -0.976 -0.0 -0.071 -0.205 0.693 -0.0 -0.721 0.011 0.711 0.0 0.527 -0.464 -0.697 -0.0 -0.717 0.003 -0.996 -0.0 0.036 0.083 0.712 0.0 -0.701 0.032 1.0 0.0 0.012 -0.001 
1.0 -0.006 0.006 0.026 -0.766 -0.0 -0.643 -0.03 -0.976 -0.0 -0.07 -0.205 0.693 0.0 -0.721 0.012 0.711 0.0 0.531 -0.461 -0.697 -0.0 -0.718 0.003 -0.996 -0.0 0.036 0.083 0.712 0.0 -0.701 0.032 1.0 0.0 0.016 0.013 
1.0 -0.006 0.007 0.026 -0.766 -0.0 -0.642 -0.03 -0.976 0.0 -0.069 -0.206 0.693 0.0 -0.721 0.013 0.711 0.0 0.533 -0.459 -0.696 -0.0 -0.718 0.004 -0.996 -0.0 0.036 0.083 0.712 -0.0 -0.701 0.032 1.0 0.0 0.012 -0.001 
1.0 -0.006 0.006 0.027 -0.766 -0.0 -0.642 -0.03 -0.976 -0.0 -0.07 -0.206 0.693 0.0 -0.721 0.014 0.714 0.0 0.528 -0.46 -0.696 -0.0 -0.718 0.004 -0.996 -0.0 0.036 0.083 0.712 0.0 -0.701 0.032 1.0 0.0 0.017 0.013 
1.0 -0.006 0.006 0.027 -0.766 -0.0 -0.642 -0.031 -0.976 -0.0 -0.07 -0.206 0.693 0.0 -0.721 0.014 0.714 0.0 0.531 -0.456 -0.696 -0.0 -0.718 0.004 -0.996 -0.0 0.036 0.083 0.712 0.0 -0.701 0.032 1.0 -0.0 0.012 -0.001 
1.0 -0.006 0.006 0.028 -0.766 -0.0 -0.642 -0.031 -0.976 -0.0 -0.07 -0.206 0.693 0.0 -0.721 0.014 0.714 -0.0 0.533 -0.454 -0.696 -0.0 -0.718 0.005 -0.996 -0.0 0.036 0.083 0.712 0.0 -0.701 0.032 1.0 0.0 0.016 0.013 
1.0 -0.006 0.006 0.028 -0.766 -0.0 -0.642 -0.031 -0.976 0.0 -0.069 -0.207 0.693 0.0 -0.721 0.016 0.714 0.0 0.534 -0.453 -0.696 0.0 -0.718 0.005 -0.996 -0.0 0.037 0.083 0.712 0.0 -0.701 0.032 1.0 0.0 0.012 -0.001 
1.0 -0.006 0.006 0.028 -0.766 -0.0 -0.642 -0.031 -0.976 -0.0 -0.07 -0.207 0.692 0.0 -0.722 0.016 0.714 0.0 0.536 -0.451 -0.696 -0.0 -0.718 0.005 -0.996 -0.0 0.036 0.083 0.712 0.0 -0.701 0.032 1.0 0.0 0.016 0.013 
1.0 -0.006 0.006 0.029 -0.766 -0.0 -0.642 -0.031 -0.976 0.0 -0.07 -0.207 0.692 0.0 -0.722 0.017 0.714 -0.0 0.537 -0.449 -0.696 -0.0 -0.718 0.005 -0.996 -0.0 0.036 0.083 0.713 0.0 -0.701 0.032 1.0 0.0 0.012 -0.001 
1.0 -0.006 0.006 0.029 -0.766 -0.0 -0.642 -0.032 -0.976 -0.0 -0.07 -0.207 0.692 0.0 -0.722 0.018 0.715 0.0 0.537 -0.448 -0.696 -0.0 -0.718 0.005 -0.996 -0.0 0.036 0.083 0.713 0.0 -0.701 0.032 1.0 0.0 0.016 0.014 
1.0 -0.006 0.006 0.029 -0.766 -0.0 -0.642 -0.032 -0.976 -0.0 -0.07 -0.207 0.692 0.0 -0.722 0.018 0.715 0.0 0.538 -0.447 -0.696 -0.0 -0.718 0.006 -0.996 -0.0 0.036 0.083 0.713 0.0 -0.701 0.032 1.0 0.0 0.013 -0.001 
1.0 -0.006 0.006 0.029 -0.766 -0.0 -0.642 -0.031 -0.976 -0.0 -0.07 -0.208 0.692 -0.0 -0.722 0.019 0.715 -0.0 0.538 -0.446 -0.696 -0.0 -0.718 0.006 -0.996 0.0 0.037 0.083 0.713 0.0 -0.701 0.032 1.0 0.0 0.016 0.014 
1.0 -0.006 0.006 0.03 -0.766 -0.0 -0.642 -0.031 -0.976 -0.0 -0.07 -0.208 0.692 0.0 -0.722 0.019 0.716 0.0 0.538 -0.445 -0.695 -0.0 -0.719 0.007 -0.996 -0.0 0.037 0.082 0.713 0.0 -0.701 0.032 1.0 -0.0 0.013 -0.0 
1.0 -0.006 0.006 0.03 -0.766 0.0 -0.642 -0.032 -0.976 -0.0 -0.071 -0.208 0.691 -0.0 -0.722 0.019 0.716 0.0 0.539 -0.444 -0.695 -0.0 -0.719 0.007 -0.996 -0.0 0.036 0.083 0.713 0.0 -0.701 0.032 1.0 0.0 0.017 0.013 
0.999 -0.007 0.006 0.03 -0.767 0.0 -0.641 -0.031 -0.976 -0.0 -0.071 -0.208 0.691 0.0 -0.723 0.02 0.717 0.0 0.538 -0.444 -0.695 -0.0 -0.719 0.008 -0.996 -0.0 0.036 0.082 0.713 0.0 -0.701 0.033 1.0 0.0 0.012 -0.001 
0.999 -0.007 0.006 0.031 -0.767 0.0 -0.641 -0.032 -0.976 -0.0 -0.071 -0.208 0.691 -0.0 -0.723 0.02 0.717 0.0 0.538 -0.443 -0.695 -0.0 -0.719 0.009 -0.996 0.0 0.036 0.082 0.713 0.0 -0.701 0.033 1.0 0.0 0.017 0.013 
0.999 -0.007 0.006 0.031 -0.766 -0.0 -0.642 -0.031 -0.975 -0.0 -0.071 -0.208 0.69 -0.0 -0.723 0.02 0.717 0.0 0.538 -0.442 -0.695 -0.0 -0.719 0.009 -0.996 -0.0 0.036 0.082 0.713 0.0 -0.701 0.033 1.0 0.0 0.013 -0.0 
0.999 -0.007 0.006 0.031 -0.766 -0.0 -0.642 -0.031 -0.975 -0.0 -0.071 -0.208 0.69 0.0 -0.723 0.019 0.718 0.0 0.539 -0.441 -0.695 -0.0 -0.719 0.009 -0.996 -0.0 0.037 0.082 0.713 -0.0 -0.701 0.033 1.0 0.0 0.018 0.012 
0.999 -0.007 0.006 0.031 -0.767 -0.0 -0.641 -0.032 -0.976 -0.0 -0.073 -0.208 0.69 0.0 -0.724 0.019 0.718 0.0 0.539 -0.441 -0.695 -0.0 -0.719 0.01 -0.996 -0.0 0.037 0.081 0.713 -0.0 -0.701 0.033 1.0 0.0 0.012 0.001 
0.999 -0.007 0.006 0.031 -0.767 -0.0 -0.641 -0.032 -0.976 -0.0 -0.073 -0.207 0.689 0.0 -0.724 0.019 0.718 0.0 0.54 -0.44 -0.695 -0.0 -0.719 0.01 -0.996 -0.0 0.036 0.082 0.713 0.0 -0.701 0.034 1.0 0.0 0.017 0.012 
0.999 -0.007 0.006 0.031 -0.767 -0.0 -0.641 -0.032 -0.976 -0.0 -0.073 -0.207 0.689 0.0 -0.724 0.019 0.718 0.0 0.539 -0.44 -0.695 -0.0 -0.719 0.01 -0.996 -0.0 0.037 0.081 0.713 -0.0 -0.701 0.034 1.0 0.0 0.013 -0.0 
0.999 -0.007 0.006 0.031 -0.767 -0.0 -0.64 -0.032 -0.975 -0.0 -0.074 -0.207 0.689 0.0 -0.725 0.019 0.718 -0.0 0.54 -0.44 -0.695 0.0 -0.719 0.011 -0.996 -0.0 0.036 0.081 0.713 0.0 -0.701 0.034 1.0 0.0 0.017 0.013 
0.999 -0.007 0.006 0.031 -0.767 -0.0 -0.641 -0.032 -0.976 -0.0 -0.074 -0.207 0.689 0.0 -0.725 0.019 0.718 -0.0 0.54 -0.44 -0.695 -0.0 -0.719 0.01 -0.996 -0.0 0.036 0.081 0.713 -0.0 -0.701 0.033 1.0 0.0 0.013 -0.0 
0.999 -0.007 0.006 0.031 -0.767 -0.0 -0.641 -0.032 -0.976 0.0 -0.074 -0.207 0.688 0.0 -0.725 0.018 0.717 0.0 0.54 -0.44 -0.695 -0.0 -0.719 0.011 -0.996 -0.0 0.036 0.081 0.713 0.0 -0.701 0.034 1.0 0.0 0.018 0.013 
0.999 -0.007 0.006 0.031 -0.767 -0.0 -0.641 -0.033 -0.976 -0.0 -0.074 -0.207 0.688 0.0 -0.725 0.019 0.717 -0.0 0.539 -0.441 -0.695 -0.0 -0.719 0.011 -0.996 -0.0 0.036 0.081 0.713 0.0 -0.701 0.033 1.0 0.0 0.013 -0.0 
0.999 -0.007 0.006 0.032 -0.767 -0.0 -0.641 -0.033 -0.976 -0.0 -0.074 -0.207 0.688 0.0 -0.726 0.019 0.717 0.0 0.538 -0.443 -0.695 -0.0 -0.719 0.011 -0.996 0.0 0.036 0.081 0.713 0.0 -0.701 0.033 1.0 -0.0 0.017 0.013 
0.999 -0.007 0.006 0.032 -0.767 -0.0 -0.641 -0.034 -0.976 -0.0 -0.074 -0.206 0.688 0.0 -0.726 0.019 0.717 0.0 0.538 -0.443 -0.695 -0.0 -0.719 0.011 -0.996 -0.0 0.036 0.081 0.713 0.0 -0.7 0.033 1.0 0.0 0.012 -0.0 
0.999 -0.007 0.006 0.032 -0.767 -0.0 -0.641 -0.035 -0.976 -0.0 -0.074 -0.205 0.687 0.0 -0.726 0.019 0.717 0.0 0.538 -0.444 -0.695 -0.0 -0.719 0.011 -0.996 -0.0 0.037 0.081 0.713 0.0 -0.701 0.033 1.0 0.0 0.018 0.013 
0.999 -0.007 0.006 0.032 -0.767 -0.0 -0.641 -0.035 -0.976 0.0 -0.074 -0.206 0.688 -0.0 -0.726 0.019 0.717 -0.0 0.536 -0.445 -0.695 -0.0 -0.719 0.011 -0.996 -0.0 0.036 0.08 0.713 0.0 -0.7 0.033 1.0 0.0 0.013 0.0 
0.999 -0.008 0.006 0.032 -0.767 -0.0 -0.641 -0.035 -0.976 -0.0 -0.074 -0.206 0.688 0.0 -0.726 0.019 0.718 0.0 0.535 -0.446 -0.695 -0.0 -0.719 0.012 -0.996 0.0 0.037 0.08 0.713 0.0 -0.7 0.033 1.0 0.0 0.017 0.014 
0.999 -0.008 0.006 0.033 -0.767 -0.0 -0.64 -0.035 -0.976 -0.0 -0.074 -0.206 0.688 0.0 -0.726 0.019 0.718 0.0 0.534 -0.446 -0.695 -0.0 -0.719 0.013 -0.996 -0.0 0.037 0.08 0.713 -0.0 -0.7 0.033 1.0 0.0 0.013 0.0 
0.999 -0.008 0.006 0.033 -0.767 -0.0 -0.641 -0.035 -0.976 -0.0 -0.073 -0.206 0.688 0.0 -0.726 0.018 0.718 0.0 0.533 -0.447 -0.695 -0.0 -0.719 0.012 -0.996 -0.0 0.037 0.08 0.713 0.0 -0.7 0.033 1.0 0.0 0.018 0.013 
0.999 -0.007 0.006 0.033 -0.767 -0.0 -0.641 -0.036 -0.976 -0.0 -0.073 -0.206 0.688 0.0 -0.726 0.018 0.718 0.0 0.532 -0.449 -0.695 -0.0 -0.719 0.013 -0.996 0.0 0.037 0.08 0.713 0.0 -0.7 0.033 1.0 0.0 0.013 0.0 
0.999 -0.007 0.006 0.034 -0.767 -0.0 -0.64 -0.036 -0.976 0.0 -0.073 -0.206 0.687 0.0 -0.726 0.018 0.718 0.0 0.531 -0.45 -0.695 -0.0 -0.719 0.013 -0.996 -0.0 0.037 0.08 0.713 -0.0 -0.7 0.033 1.0 0.0 0.017 0.013 
0.999 -0.007 0.006 0.034 -0.767 -0.0 -0.64 -0.036 -0.976 -0.0 -0.074 -0.206 0.688 -0.0 -0.726 0.018 0.718 0.0 0.53 -0.451 -0.695 -0.0 -0.719 0.013 -0.996 -0.0 0.037 0.08 0.713 0.0 -0.7 0.033 1.0 0.0 0.012 0.0 
0.999 -0.007 0.007 0.034 -0.768 -0.0 -0.639 -0.036 -0.975 -0.0 -0.074 -0.207 0.687 0.0 -0.726 0.018 0.718 0.0 0.529 -0.452 -0.695 -0.0 -0.719 0.013 -0.996 -0.0 0.037 0.079 0.713 0.0 -0.7 0.033 1.0 0.0 0.017 0.013 
0.999 -0.007 0.007 0.034 -0.768 -0.0 -0.64 -0.037 -0.976 0.0 -0.073 -0.207 0.687 0.0 -0.726 0.018 0.718 0.0 0.528 -0.454 -0.695 -0.0 -0.719 0.013 -0.996 -0.0 0.037 0.08 0.713 -0.0 -0.7 0.033 1.0 0.0 0.013 0.0 
0.999 -0.007 0.007 0.034 -0.768 0.0 -0.64 -0.037 -0.976 -0.0 -0.073 -0.207 0.687 0.0 -0.726 0.018 0.718 0.0 0.527 -0.455 -0.695 -0.0 -0.719 0.013 -0.996 -0.0 0.036 0.08 0.713 0.0 -0.7 0.033 1.0 0.0 0.017 0.013 
0.999 -0.007 0.007 0.035 -0.768 -0.0 -0.64 -0.038 -0.975 -0.0 -0.073 -0.208 0.688 0.0 -0.726 0.018 0.718 0.0 0.525 -0.457 -0.695 -0.0 -0.719 0.013 -0.996 -0.0 0.037 0.079 0.713 0.0 -0.7 0.033 1.0 0.0 0.013 0.0 
0.999 -0.007 0.007 0.035 -0.768 -0.0 -0.639 -0.038 -0.975 -0.0 -0.073 -0.208 0.687 -0.0 -0.726 0.018 0.718 0.0 0.524 -0.459 -0.695 -0.0 -0.719 0.013 -0.996 -0.0 0.037 0.08 0.713 -0.0 -0.7 0.032 1.0 0.0 0.017 0.013 
0.999 -0.007 0.007 0.035 -0.768 -0.0 -0.639 -0.038 -0.975 -0.0 -0.073 -0.209 0.688 0.0 -0.726 0.017 0.718 0.0 0.522 -0.461 -0.695 -0.0 -0.719 0.013 -0.996 0.0 0.037 0.079 0.713 0.0 -0.7 0.032 1.0 -0.0 0.013 0.0 
0.999 -0.007 0.007 0.035 -0.768 -0.0 -0.639 -0.038 -0.975 -0.0 -0.073 -0.209 0.688 0.0 -0.725 0.017 0.718 0.0 0.519 -0.464 -0.695 0.0 -0.719 0.014 -0.996 -0.0 0.037 0.079 0.713 0.0 -0.7 0.033 1.0 -0.0 0.017 0.013 
0.999 -0.007 0.007 0.035 -0.768 0.0 -0.639 -0.038 -0.975 -0.0 -0.073 -0.209 0.688 0.0 -0.725 0.017 0.718 0.0 0.517 -0.467 -0.695 -0.0 -0.719 0.014 -0.996 0.0 0.036 0.08 0.713 0.0 -0.7 0.033 1.0 0.0 0.013 0.001 
0.999 -0.007 0.006 0.035 -0.768 0.0 -0.639 -0.038 -0.975 0.0 -0.073 -0.21 0.689 0.0 -0.725 0.017 0.718 0.0 0.515 -0.469 -0.695 -0.0 -0.719 0.014 -0.996 -0.0 0.037 0.079 0.713 0.0 -0.7 0.033 1.0 -0.0 0.017 0.014 
0.999 -0.007 0.007 0.035 -0.768 -0.0 -0.639 -0.039 -0.975 -0.0 -0.073 -0.21 0.689 -0.0 -0.725 0.016 0.718 0.0 0.512 -0.472 -0.695 -0.0 -0.719 0.014 -0.996 -0.0 0.037 0.079 0.713 0.0 -0.7 0.033 1.0 0.0 0.012 0.0 
0.999 -0.007 0.006 0.035 -0.768 -0.0 -0.639 -0.039 -0.975 0.0 -0.073 -0.21 0.689 0.0 -0.724 0.016 0.718 0.0 0.509 -0.474 -0.695 -0.0 -0.719 0.014 -0.996 -0.0 0.037 0.079 0.713 0.0 -0.7 0.033 1.0 0.0 0.018 0.013 
0.999 -0.007 0.006 0.035 -0.768 -0.0 -0.639 -0.039 -0.975 -0.0 -0.074 -0.21 0.69 0.0 -0.724 0.015 0.718 0.0 0.507 -0.477 -0.695 -0.0 -0.719 0.014 -0.996 -0.0 0.037 0.079 0.713 0.0 -0.7 0.033 1.0 -0.0 0.013 0.001 
0.999 -0.007 0.006 0.035 -0.768 -0.0 -0.639 -0.039 -0.975 -0.0 -0.073 -0.211 0.69 0.0 -0.724 0.014 0.718 -0.0 0.503 -0.481 -0.695 -0.0 -0.719 0.014 -0.996 -0.0 0.037 0.079 0.713 0.0 -0.7 0.033 1.0 -0.0 0.017 0.014 
0.999 -0.007 0.007 0.035 -0.768 -0.0 -0.639 -0.039 -0.975 -0.0 -0.073 -0.211 0.69 0.0 -0.723 0.014 0.717 0.0 0.5 -0.486 -0.695 -0.0 -0.719 0.014 -0.996 -0.0 0.036 0.079 0.713 0.0 -0.7 0.033 1.0 -0.0 0.013 0.0 
0.999 -0.007 0.006 0.035 -0.768 -0.0 -0.639 -0.039 -0.975 0.0 -0.073 -0.211 0.691 0.0 -0.723 0.015 0.717 0.0 0.493 -0.493 -0.695 -0.0 -0.719 0.014 -0.996 -0.0 0.037 0.079 0.713 -0.0 -0.7 0.032 1.0 -0.0 0.017 0.014 
0.999 -0.008 0.007 0.036 -0.768 -0.0 -0.639 -0.039 -0.975 -0.0 -0.073 -0.21 0.691 0.0 -0.722 0.014 0.717 0.0 0.486 -0.499 -0.695 0.0 -0.719 0.014 -0.996 0.0 0.036 0.079 0.713 0.0 -0.7 0.033 1.0 0.0 0.013 0.0 
0.999 -0.008 0.006 0.036 -0.768 -0.0 -0.639 -0.039 -0.975 0.0 -0.073 -0.211 0.692 0.0 -0.721 0.014 0.718 0.0 0.479 -0.505 -0.695 0.0 -0.719 0.014 -0.996 -0.0 0.036 0.079 0.713 0.0 -0.7 0.033 1.0 0.0 0.018 0.013 
0.999 -0.008 0.006 0.036 -0.768 0.0 -0.639 -0.039 -0.975 -0.0 -0.073 -0.21 0.693 0.0 -0.721 0.014 0.718 0.0 0.47 -0.513 -0.695 0.0 -0.719 0.015 -0.996 -0.0 0.037 0.079 0.713 -0.0 -0.7 0.033 1.0 0.0 0.013 0.001 
0.999 -0.008 0.006 0.036 -0.768 -0.0 -0.639 -0.039 -0.975 0.0 -0.073 -0.21 0.694 0.0 -0.72 0.013 0.718 0.0 0.462 -0.52 -0.695 -0.0 -0.719 0.015 -0.996 -0.0 0.037 0.079 0.713 0.0 -0.7 0.033 1.0 0.0 0.017 0.014 
0.999 -0.008 0.006 0.035 -0.768 -0.0 -0.639 -0.039 -0.975 -0.0 -0.073 -0.21 0.694 0.0 -0.719 0.013 0.719 0.0 0.455 -0.526 -0.695 -0.0 -0.719 0.014 -0.996 0.0 0.037 0.079 0.713 0.0 -0.7 0.033 1.0 0.0 0.013 0.001 
0.999 -0.008 0.006 0.035 -0.768 -0.0 -0.639 -0.039 -0.975 -0.0 -0.073 -0.21 0.695 0.0 -0.719 0.012 0.718 -0.0 0.449 -0.532 -0.695 -0.0 -0.719 0.015 -0.996 -0.0 0.037 0.079 0.714 -0.0 -0.7 0.033 1.0 0.0 0.017 0.014 
0.999 -0.008 0.006 0.036 -0.768 -0.0 -0.639 -0.039 -0.975 0.0 -0.073 -0.209 0.695 -0.0 -0.719 0.011 0.719 0.0 0.441 -0.538 -0.695 -0.0 -0.719 0.015 -0.996 -0.0 0.037 0.079 0.713 0.0 -0.7 0.033 1.0 0.0 0.012 0.001 
0.999 -0.007 0.006 0.035 -0.768 -0.0 -0.639 -0.039 -0.975 -0.0 -0.073 -0.209 0.696 0.0 -0.718 0.01 0.719 0.0 0.434 -0.543 -0.695 0.0 -0.719 0.015 -0.996 -0.0 0.037 0.079 0.714 0.0 -0.7 0.033 1.0 0.0 0.017 0.013 
0.999 -0.007 0.006 0.035 -0.768 -0.0 -0.639 -0.039 -0.975 -0.0 -0.073 -0.209 0.696 -0.0 -0.718 0.01 0.719 0.0 0.427 -0.549 -0.695 -0.0 -0.719 0.015 -0.996 -0.0 0.036 0.079 0.713 0.0 -0.7 0.033 1.0 0.0 0.013 0.001 
0.999 -0.007 0.006 0.036 -0.768 0.0 -0.639 -0.038 -0.975 -0.0 -0.073 -0.209 0.697 0.0 -0.717 0.009 0.719 -0.0 0.418 -0.555 -0.695 -0.0 -0.719 0.015 -0.996 -0.0 0.036 0.079 0.713 0.0 -0.7 0.033 1.0 -0.0 0.017 0.014 
0.999 -0.007 0.006 0.036 -0.768 -0.0 -0.64 -0.038 -0.975 -0.0 -0.073 -0.208 0.697 0.0 -0.717 0.009 0.719 0.0 0.414 -0.558 -0.695 -0.0 -0.719 0.015 -0.996 -0.0 0.037 0.079 0.713 0.0 -0.7 0.032 1.0 0.0 0.013 0.001 
0.999 -0.007 0.006 0.036 -0.768 -0.0 -0.64 -0.038 -0.975 -0.0 -0.074 -0.209 0.698 0.0 -0.717 0.008 0.72 -0.0 0.405 -0.564 -0.695 0.0 -0.719 0.015 -0.996 -0.0 0.037 0.079 0.713 0.0 -0.7 0.033 1.0 0.0 0.017 0.014 
0.999 -0.007 0.006 0.035 -0.767 0.0 -0.64 -0.038 -0.975 -0.0 -0.073 -0.208 0.698 0.0 -0.716 0.006 0.72 0.0 0.396 -0.569 -0.695 -0.0 -0.719 0.015 -0.996 -0.0 0.037 0.079 0.713 0.0 -0.7 0.033 1.0 0.0 0.013 0.001 
0.999 -0.007 0.007 0.035 -0.767 -0.0 -0.64 -0.038 -0.975 -0.0 -0.073 -0.208 0.698 0.0 -0.716 0.005 0.721 0.0 0.387 -0.575 -0.695 0.0 -0.719 0.015 -0.996 0.0 0.037 0.079 0.713 -0.0 -0.7 0.033 1.0 -0.0 0.017 0.015 
0.999 -0.007 0.006 0.035 -0.767 -0.0 -0.64 -0.038 -0.976 0.0 -0.073 -0.207 0.699 -0.0 -0.715 0.004 0.722 0.0 0.377 -0.58 -0.695 -0.0 -0.719 0.015 -0.996 -0.0 0.037 0.079 0.713 -0.0 -0.7 0.033 1.0 0.0 0.013 0.001 
0.999 -0.007 0.006 0.035 -0.767 -0.0 -0.64 -0.038 -0.976 -0.0 -0.073 -0.207 0.699 0.0 -0.715 0.003 0.723 -0.0 0.367 -0.585 -0.695 -0.0 -0.719 0.014 -0.996 -0.0 0.038 0.078 0.713 0.0 -0.7 0.033 1.0 -0.0 0.017 0.015 
0.999 -0.007 0.006 0.035 -0.767 -0.0 -0.641 -0.037 -0.976 -0.0 -0.074 -0.207 0.7 0.0 -0.714 0.002 0.724 -0.0 0.357 -0.59 -0.695 -0.0 -0.719 0.015 -0.996 -0.0 0.037 0.079 0.713 0.0 -0.7 0.033 1.0 0.0 0.012 0.001 
0.999 -0.007 0.006 0.035 -0.767 -0.0 -0.641 -0.037 -0.976 -0.0 -0.073 -0.207 0.7 0.0 -0.714 0.0 0.726 0.0 0.346 -0.595 -0.695 -0.0 -0.719 0.015 -0.996 -0.0 0.037 0.079 0.713 0.0 -0.7 0.033 1.0 -0.0 0.017 0.014 
0.999 -0.007 0.006 0.035 -0.767 -0.0 -0.641 -0.037 -0.976 -0.0 -0.074 -0.207 0.701 0.0 -0.713 -0.001 0.727 0.0 0.334 -0.6 -0.695 -0.0 -0.719 0.014 -0.996 0.0 0.036 0.079 0.713 0.0 -0.7 0.033 1.0 -0.0 0.013 0.001 
0.999 -0.007 0.006 0.035 -0.766 -0.0 -0.642 -0.036 -0.976 -0.0 -0.073 -0.207 0.702 0.0 -0.712 -0.002 0.728 0.0 0.321 -0.605 -0.695 -0.0 -0.719 0.014 -0.996 -0.0 0.037 0.079 0.713 -0.0 -0.7 0.033 1.0 0.0 0.018 0.013 
0.999 -0.007 0.006 0.035 -0.766 -0.0 -0.641 -0.036 -0.976 0.0 -0.074 -0.207 0.702 -0.0 -0.712 -0.003 0.729 0.0 0.31 -0.61 -0.695 -0.0 -0.719 0.014 -0.996 -0.0 0.037 0.079 0.713 0.0 -0.7 0.033 1.0 0.0 0.013 0.0 
0.999 -0.007 0.006 0.035 -0.766 -0.0 -0.642 -0.036 -0.976 0.0 -0.074 -0.207 0.703 0.0 -0.711 -0.004 0.73 0.0 0.299 -0.615 -0.695 -0.0 -0.719 0.014 -0.996 -0.0 0.037 0.079 0.713 0.0 -0.7 0.033 1.0 0.0 0.017 0.015 
0.999 -0.007 0.006 0.035 -0.766 0.0 -0.642 -0.035 -0.976 0.0 -0.074 -0.207 0.703 0.0 -0.711 -0.006 0.731 0.0 0.287 -0.619 -0.695 -0.0 -0.719 0.014 -0.996 0.0 0.037 0.079 0.713 0.0 -0.7 0.033 1.0 0.0 0.013 0.0 
0.999 -0.007 0.006 0.035 -0.766 -0.0 -0.642 -0.035 -0.976 -0.0 -0.074 -0.206 0.704 -0.0 -0.711 -0.007 0.731 0.0 0.276 -0.623 -0.695 -0.0 -0.719 0.014 -0.996 -0.0 0.037 0.079 0.713 -0.0 -0.7 0.032 1.0 0.0 0.017 0.015 
0.999 -0.007 0.006 0.035 -0.765 0.0 -0.642 -0.036 -0.976 -0.0 -0.074 -0.205 0.704 0.0 -0.71 -0.009 0.732 -0.0 0.266 -0.627 -0.695 -0.0 -0.719 0.014 -0.996 0.0 0.036 0.079 0.713 0.0 -0.7 0.032 1.0 0.0 0.013 0.001 
0.999 -0.007 0.007 0.035 -0.765 -0.0 -0.643 -0.035 -0.976 0.0 -0.074 -0.205 0.704 0.0 -0.71 -0.01 0.733 0.0 0.255 -0.631 -0.695 -0.0 -0.719 0.014 -0.996 -0.0 0.036 0.079 0.713 0.0 -0.7 0.032 1.0 -0.0 0.017 0.014 
0.999 -0.007 0.006 0.035 -0.765 -0.0 -0.643 -0.035 -0.976 -0.0 -0.074 -0.205 0.704 0.0 -0.71 -0.012 0.733 0.0 0.244 -0.635 -0.695 -0.0 -0.719 0.014 -0.996 -0.0 0.037 0.079 0.713 0.0 -0.7 0.032 1.0 0.0 0.012 0.001 
0.999 -0.007 0.006 0.034 -0.765 -0.0 -0.643 -0.035 -0.976 0.0 -0.074 -0.205 0.704 0.0 -0.71 -0.013 0.734 0.0 0.231 -0.638 -0.695 0.0 -0.719 0.014 -0.996 -0.0 0.037 0.079 0.713 0.0 -0.7 0.032 1.0 0.0 0.017 0.014 
0.999 -0.006 0.007 0.035 -0.765 0.0 -0.643 -0.035 -0.976 -0.0 -0.074 -0.205 0.704 0.0 -0.71 -0.015 0.735 -0.0 0.22 -0.642 -0.695 -0.0 -0.719 0.013 -0.996 -0.0 0.037 0.079 0.713 0.0 -0.7 0.032 1.0 -0.0 0.012 0.001 
0.999 -0.006 0.007 0.035 -0.764 -0.0 -0.644 -0.036 -0.976 -0.0 -0.073 -0.205 0.705 0.0 -0.709 -0.015 0.736 0.0 0.206 -0.645 -0.695 -0.0 -0.719 0.013 -0.996 -0.0 0.037 0.079 0.713 0.0 -0.7 0.032 1.0 -0.0 0.017 0.014 
0.999 -0.006 0.007 0.035 -0.764 -0.0 -0.644 -0.035 -0.976 0.0 -0.073 -0.205 0.705 0.0 -0.709 -0.017 0.737 0.0 0.193 -0.648 -0.695 -0.0 -0.719 0.013 -0.996 -0.0 0.037 0.079 0.713 0.0 -0.7 0.032 1.0 0.0 0.013 0.0 
0.999 -0.006 0.006 0.035 -0.764 -0.0 -0.644 -0.035 -0.976 -0.0 -0.073 -0.205 0.705 0.0 -0.709 -0.019 0.738 0.0 0.179 -0.651 -0.695 -0.0 -0.719 0.013 -0.996 -0.0 0.037 0.079 0.713 0.0 -0.7 0.031 1.0 -0.0 0.017 0.013 
0.999 -0.006 0.007 0.035 -0.764 -0.0 -0.645 -0.035 -0.976 -0.0 -0.073 -0.205 0.705 0.0 -0.708 -0.021 0.739 0.0 0.165 -0.653 -0.695 -0.0 -0.719 0.013 -0.996 -0.0 0.037 0.079 0.713 0.0 -0.7 0.031 1.0 -0.0 0.013 0.0 
0.999 -0.006 0.007 0.035 -0.763 -0.0 -0.645 -0.035 -0.976 0.0 -0.072 -0.205 0.706 0.0 -0.708 -0.022 0.74 0.0 0.151 -0.655 -0.695 -0.0 -0.719 0.013 -0.996 -0.0 0.037 0.079 0.713 0.0 -0.7 0.031 1.0 0.0 0.017 0.014 
0.999 -0.006 0.007 0.035 -0.763 -0.0 -0.645 -0.035 -0.976 -0.0 -0.072 -0.205 0.706 0.0 -0.708 -0.024 0.742 0.0 0.137 -0.657 -0.695 -0.0 -0.719 0.013 -0.996 -0.0 0.037 0.078 0.713 -0.0 -0.7 0.031 1.0 0.0 0.012 0.0 
0.999 -0.006 0.007 0.035 -0.763 0.0 -0.645 -0.035 -0.976 -0.0 -0.072 -0.206 0.706 0.0 -0.707 -0.026 0.742 0.0 0.123 -0.659 -0.695 -0.0 -0.719 0.013 -0.996 -0.0 0.036 0.079 0.713 0.0 -0.7 0.031 1.0 0.0 0.016 0.015 
0.999 -0.006 0.007 0.035 -0.763 -0.0 -0.646 -0.035 -0.976 -0.0 -0.071 -0.205 0.707 0.0 -0.707 -0.028 0.743 0.0 0.11 -0.66 -0.695 -0.0 -0.719 0.013 -0.996 -0.0 0.037 0.079 0.713 0.0 -0.7 0.031 1.0 0.0 0.012 0.0 
0.999 -0.006 0.007 0.035 -0.763 0.0 -0.646 -0.035 -0.976 -0.0 -0.071 -0.205 0.707 0.0 -0.707 -0.029 0.744 0.0 0.098 -0.661 -0.695 -0.0 -0.719 0.013 -0.996 -0.0 0.036 0.079 0.713 0.0 -0.7 0.031 1.0 0.0 0.017 0.013 
0.999 -0.006 0.007 0.035 -0.762 -0.0 -0.646 -0.035 -0.976 -0.0 -0.071 -0.206 0.707 0.0 -0.707 -0.031 0.744 0.0 0.088 -0.662 -0.695 -0.0 -0.719 0.013 -0.996 -0.0 0.037 0.078 0.713 0.0 -0.7 0.031 1.0 0.0 0.012 0.0 
0.999 -0.006 0.007 0.035 -0.762 0.0 -0.646 -0.035 -0.976 -0.0 -0.071 -0.206 0.706 0.0 -0.707 -0.033 0.745 0.0 0.076 -0.663 -0.695 -0.0 -0.719 0.013 -0.996 -0.0 0.036 0.079 0.713 0.0 -0.7 0.031 1.0 -0.0 0.017 0.014 
0.999 -0.005 0.007 0.035 -0.762 -0.0 -0.647 -0.035 -0.976 -0.0 -0.071 -0.207 0.708 0.0 -0.706 -0.035 0.745 -0.0 0.06 -0.664 -0.695 -0.0 -0.719 0.012 -0.996 0.0 0.037 0.079 0.713 0.0 -0.701 0.031 1.0 0.0 0.012 0.0 
0.999 -0.005 0.007 0.035 -0.762 -0.0 -0.647 -0.035 -0.976 -0.0 -0.07 -0.207 0.708 0.0 -0.706 -0.037 0.746 0.0 0.047 -0.664 -0.695 0.0 -0.718 0.012 -0.996 -0.0 0.036 0.079 0.713 0.0 -0.7 0.03 1.0 0.0 0.017 0.013 
0.999 -0.005 0.007 0.035 -0.762 -0.0 -0.647 -0.035 -0.976 -0.0 -0.07 -0.207 0.708 0.0 -0.705 -0.038 0.747 0.0 0.035 -0.664 -0.695 -0.0 -0.718 0.012 -0.996 -0.0 0.036 0.079 0.713 -0.0 -0.7 0.03 1.0 -0.0 0.012 0.0 
0.999 -0.005 0.007 0.035 -0.762 0.0 -0.647 -0.035 -0.976 -0.0 -0.07 -0.208 0.708 0.0 -0.705 -0.041 0.748 0.0 0.026 -0.664 -0.695 -0.0 -0.718 0.012 -0.996 -0.0 0.036 0.079 0.713 0.0 -0.701 0.03 1.0 0.0 0.016 0.015 
0.999 -0.005 0.007 0.035 -0.761 -0.0 -0.648 -0.035 -0.976 -0.0 -0.069 -0.207 0.709 0.0 -0.704 -0.043 0.749 0.0 0.012 -0.663 -0.695 -0.0 -0.718 0.012 -0.996 -0.0 0.036 0.079 0.713 -0.0 -0.701 0.03 1.0 0.0 0.012 0.0 
0.999 -0.005 0.007 0.035 -0.761 0.0 -0.648 -0.035 -0.976 0.0 -0.069 -0.208 0.709 0.0 -0.704 -0.045 0.749 0.0 0.0 -0.663 -0.696 -0.0 -0.718 0.012 -0.996 -0.0 0.036 0.079 0.713 0.0 -0.701 0.03 1.0 0.0 0.017 0.015 
0.999 -0.005 0.006 0.035 -0.76 0.0 -0.649 -0.035 -0.976 -0.0 -0.068 -0.209 0.709 0.0 -0.703 -0.047 0.75 -0.0 -0.011 -0.662 -0.695 -0.0 -0.719 0.011 -0.996 -0.0 0.036 0.079 0.713 0.0 -0.701 0.03 1.0 0.0 0.013 0.0 
0.999 -0.005 0.007 0.034 -0.761 -0.0 -0.648 -0.035 -0.976 -0.0 -0.068 -0.209 0.709 0.0 -0.703 -0.049 0.752 0.0 -0.024 -0.659 -0.696 -0.0 -0.718 0.011 -0.996 -0.0 0.036 0.079 0.712 0.0 -0.701 0.03 1.0 0.0 0.017 0.015 
0.999 -0.005 0.007 0.034 -0.76 0.0 -0.648 -0.035 -0.976 -0.0 -0.069 -0.209 0.71 -0.0 -0.703 -0.051 0.753 0.0 -0.035 -0.657 -0.696 0.0 -0.718 0.011 -0.996 -0.0 0.037 0.079 0.712 0.0 -0.701 0.03 1.0 0.0 0.012 0.0 
0.999 -0.005 0.007 0.034 -0.76 0.0 -0.649 -0.035 -0.976 -0.0 -0.068 -0.208 0.71 0.0 -0.702 -0.053 0.753 0.0 -0.047 -0.656 -0.696 -0.0 -0.718 0.011 -0.996 0.0 0.036 0.079 0.712 0.0 -0.701 0.03 1.0 0.0 0.017 0.015 
0.999 -0.005 0.007 0.034 -0.76 -0.0 -0.649 -0.035 -0.976 -0.0 -0.069 -0.209 0.71 0.0 -0.702 -0.056 0.754 -0.0 -0.058 -0.654 -0.696 -0.0 -0.718 0.01 -0.996 -0.0 0.036 0.079 0.712 0.0 -0.701 0.029 1.0 0.0 0.013 0.001 
0.999 -0.004 0.007 0.033 -0.76 -0.0 -0.649 -0.035 -0.976 -0.0 -0.069 -0.209 0.71 0.0 -0.702 -0.057 0.755 0.0 -0.069 -0.653 -0.696 -0.0 -0.718 0.009 -0.996 -0.0 0.036 0.08 0.712 0.0 -0.701 0.029 1.0 -0.0 0.017 0.014 
0.999 -0.004 0.007 0.033 -0.76 0.0 -0.649 -0.035 -0.976 -0.0 -0.068 -0.208 0.711 0.0 -0.701 -0.06 0.755 0.0 -0.079 -0.651 -0.696 0.0 -0.718 0.009 -0.996 -0.0 0.036 0.08 0.712 0.0 -0.701 0.029 1.0 0.0 0.012 0.002 
0.999 -0.004 0.007 0.033 -0.76 0.0 -0.649 -0.035 -0.976 -0.0 -0.068 -0.208 0.711 0.0 -0.701 -0.062 0.755 0.0 -0.09 -0.649 -0.696 -0.0 -0.718 0.009 -0.996 -0.0 0.036 0.08 0.712 -0.0 -0.701 0.029 1.0 -0.0 0.016 0.015 
0.999 -0.004 0.007 0.033 -0.76 -0.0 -0.649 -0.035 -0.976 0.0 -0.068 -0.208 0.711 0.0 -0.7 -0.063 0.755 -0.0 -0.101 -0.647 -0.696 -0.0 -0.718 0.009 -0.996 -0.0 0.037 0.08 0.712 0.0 -0.701 0.029 1.0 0.0 0.013 0.001 
0.999 -0.004 0.007 0.032 -0.76 -0.0 -0.649 -0.035 -0.976 0.0 -0.068 -0.209 0.712 0.0 -0.699 -0.065 0.756 0.0 -0.111 -0.646 -0.696 -0.0 -0.718 0.009 -0.996 -0.0 0.037 0.08 0.712 0.0 -0.701 0.029 1.0 0.0 0.017 0.015 
0.999 -0.004 0.007 0.032 -0.759 -0.0 -0.65 -0.035 -0.976 -0.0 -0.067 -0.209 0.712 0.0 -0.699 -0.067 0.756 0.0 -0.121 -0.643 -0.696 0.0 -0.718 0.008 -0.996 -0.0 0.037 0.08 0.712 0.0 -0.701 0.029 1.0 0.0 0.012 0.001 
0.999 -0.004 0.007 0.032 -0.759 -0.0 -0.65 -0.035 -0.976 -0.0 -0.067 -0.209 0.712 0.0 -0.698 -0.069 0.756 -0.0 -0.131 -0.641 -0.696 -0.0 -0.718 0.008 -0.996 -0.0 0.036 0.08 0.712 -0.0 -0.701 0.029 1.0 0.0 0.017 0.014 
0.999 -0.004 0.007 0.032 -0.759 -0.0 -0.65 -0.035 -0.976 -0.0 -0.067 -0.209 0.713 0.0 -0.698 -0.071 0.756 0.0 -0.141 -0.639 -0.696 0.0 -0.718 0.008 -0.996 -0.0 0.036 0.08 0.712 0.0 -0.701 0.029 1.0 -0.0 0.012 0.001 
0.999 -0.004 0.007 0.031 -0.759 -0.0 -0.65 -0.035 -0.976 -0.0 -0.067 -0.209 0.713 0.0 -0.697 -0.073 0.757 -0.0 -0.15 -0.636 -0.696 -0.0 -0.718 0.008 -0.996 -0.0 0.037 0.08 0.712 -0.0 -0.701 0.029 1.0 0.0 0.017 0.014 
0.999 -0.004 0.007 0.031 -0.759 -0.0 -0.65 -0.034 -0.976 0.0 -0.066 -0.209 0.714 0.0 -0.696 -0.075 0.758 -0.0 -0.16 -0.633 -0.696 0.0 -0.718 0.007 -0.996 -0.0 0.036 0.08 0.712 0.0 -0.701 0.029 1.0 0.0 0.012 0.002 
1.0 -0.004 0.007 0.031 -0.759 -0.0 -0.65 -0.034 -0.976 -0.0 -0.066 -0.209 0.715 0.0 -0.695 -0.077 0.758 0.0 -0.169 -0.63 -0.696 -0.0 -0.718 0.007 -0.996 -0.0 0.037 0.08 0.712 0.0 -0.701 0.029 1.0 0.0 0.016 0.016 
1.0 -0.003 0.007 0.031 -0.759 -0.0 -0.651 -0.034 -0.976 0.0 -0.066 -0.21 0.715 0.0 -0.695 -0.079 0.758 0.0 -0.179 -0.627 -0.696 -0.0 -0.718 0.007 -0.996 -0.0 0.037 0.08 0.712 0.0 -0.702 0.029 1.0 0.0 0.012 0.001 
1.0 -0.003 0.007 0.03 -0.758 -0.0 -0.651 -0.033 -0.976 -0.0 -0.065 -0.21 0.716 0.0 -0.694 -0.081 0.759 0.0 -0.187 -0.624 -0.696 -0.0 -0.718 0.007 -0.996 0.0 0.036 0.08 0.712 0.0 -0.702 0.029 1.0 0.0 0.016 0.015 
1.0 -0.003 0.007 0.03 -0.758 -0.0 -0.651 -0.033 -0.976 -0.0 -0.066 -0.209 0.716 0.0 -0.693 -0.083 0.76 0.0 -0.197 -0.62 -0.696 -0.0 -0.718 0.006 -0.996 -0.0 0.036 0.08 0.712 -0.0 -0.702 0.029 1.0 0.0 0.012 0.001 
1.0 -0.003 0.007 0.029 -0.758 -0.0 -0.651 -0.033 -0.976 -0.0 -0.066 -0.21 0.717 0.0 -0.692 -0.085 0.76 0.0 -0.207 -0.616 -0.696 -0.0 -0.718 0.006 -0.996 -0.0 0.037 0.08 0.712 0.0 -0.702 0.029 1.0 0.0 0.017 0.014 
1.0 -0.003 0.007 0.029 -0.758 -0.0 -0.651 -0.033 -0.976 0.0 -0.066 -0.209 0.718 -0.0 -0.691 -0.086 0.76 -0.0 -0.216 -0.613 -0.697 -0.0 -0.718 0.006 -0.996 -0.0 0.037 0.08 0.712 0.0 -0.702 0.029 1.0 0.0 0.012 0.001 
1.0 -0.003 0.007 0.029 -0.758 -0.0 -0.651 -0.033 -0.976 -0.0 -0.065 -0.209 0.719 0.0 -0.69 -0.088 0.76 -0.0 -0.224 -0.61 -0.697 -0.0 -0.717 0.005 -0.996 -0.0 0.036 0.081 0.712 0.0 -0.702 0.029 1.0 -0.0 0.016 0.015 
1.0 -0.003 0.007 0.028 -0.758 -0.0 -0.651 -0.033 -0.976 -0.0 -0.065 -0.209 0.719 -0.0 -0.689 -0.09 0.76 0.0 -0.233 -0.606 -0.697 0.0 -0.717 0.005 -0.996 -0.0 0.037 0.08 0.712 0.0 -0.702 0.029 1.0 0.0 0.012 0.001 
1.0 -0.003 0.007 0.028 -0.758 -0.0 -0.651 -0.032 -0.976 -0.0 -0.065 -0.209 0.719 0.0 -0.688 -0.092 0.761 -0.0 -0.24 -0.603 -0.697 -0.0 -0.717 0.005 -0.996 -0.0 0.036 0.081 0.712 -0.0 -0.702 0.029 1.0 0.0 0.016 0.014 
1.0 -0.003 0.007 0.028 -0.758 0.0 -0.651 -0.032 -0.976 0.0 -0.065 -0.209 0.722 -0.0 -0.686 -0.094 0.761 0.0 -0.251 -0.599 -0.697 -0.0 -0.717 0.005 -0.996 -0.0 0.036 0.081 0.712 0.0 -0.702 0.029 1.0 0.0 0.012 0.001 
1.0 -0.003 0.007 0.027 -0.758 -0.0 -0.651 -0.032 -0.976 -0.0 -0.065 -0.208 0.722 0.0 -0.686 -0.095 0.761 0.0 -0.257 -0.596 -0.697 0.0 -0.717 0.005 -0.996 -0.0 0.036 0.081 0.712 0.0 -0.702 0.029 1.0 -0.0 0.016 0.014 
1.0 -0.002 0.007 0.027 -0.758 -0.0 -0.651 -0.032 -0.976 -0.0 -0.065 -0.208 0.722 0.0 -0.685 -0.097 0.761 0.0 -0.267 -0.591 -0.697 -0.0 -0.717 0.004 -0.996 0.0 0.036 0.081 0.712 -0.0 -0.702 0.029 1.0 0.0 0.013 0.001 
1.0 -0.002 0.007 0.027 -0.758 0.0 -0.652 -0.031 -0.976 -0.0 -0.065 -0.208 0.723 -0.0 -0.684 -0.098 0.761 0.0 -0.276 -0.587 -0.697 -0.0 -0.717 0.004 -0.996 -0.0 0.036 0.081 0.712 0.0 -0.702 0.029 1.0 -0.0 0.017 0.014 
1.0 -0.002 0.007 0.027 -0.758 0.0 -0.652 -0.031 -0.976 -0.0 -0.064 -0.208 0.723 0.0 -0.683 -0.1 0.761 0.0 -0.284 -0.583 -0.697 -0.0 -0.717 0.004 -0.996 -0.0 0.036 0.081 0.712 0.0 -0.702 0.029 1.0 0.0 0.012 0.0 
1.0 -0.002 0.007 0.026 -0.758 -0.0 -0.652 -0.031 -0.976 -0.0 -0.064 -0.208 0.724 0.0 -0.683 -0.101 0.762 -0.0 -0.292 -0.578 -0.697 -0.0 -0.717 0.004 -0.996 -0.0 0.037 0.081 0.712 0.0 -0.702 0.029 1.0 -0.0 0.016 0.015 
1.0 -0.002 0.007 0.026 -0.758 -0.0 -0.651 -0.03 -0.976 -0.0 -0.064 -0.208 0.724 0.0 -0.682 -0.103 0.762 0.0 -0.3 -0.574 -0.697 -0.0 -0.717 0.003 -0.996 -0.0 0.036 0.081 0.712 0.0 -0.702 0.029 1.0 0.0 0.012 0.001 
1.0 -0.002 0.007 0.026 -0.758 -0.0 -0.652 -0.03 -0.976 -0.0 -0.064 -0.208 0.725 0.0 -0.681 -0.105 0.762 -0.0 -0.308 -0.57 -0.697 0.0 -0.717 0.003 -0.996 -0.0 0.037 0.081 0.712 -0.0 -0.702 0.029 1.0 0.0 0.016 0.014 
1.0 -0.002 0.007 0.026 -0.758 -0.0 -0.651 -0.03 -0.976 -0.0 -0.064 -0.208 0.725 0.0 -0.68 -0.106 0.762 0.0 -0.316 -0.565 -0.697 -0.0 -0.717 0.003 -0.996 -0.0 0.036 0.081 0.712 0.0 -0.702 0.029 1.0 -0.0 0.012 0.0 
1.0 -0.002 0.007 0.025 -0.758 -0.0 -0.652 -0.029 -0.976 -0.0 -0.064 -0.208 0.726 -0.0 -0.679 -0.108 0.762 0.0 -0.324 -0.56 -0.697 0.0 -0.717 0.003 -0.996 -0.0 0.036 0.081 0.712 0.0 -0.702 0.029 1.0 0.0 0.016 0.014 
1.0 -0.001 0.007 0.025 -0.758 -0.0 -0.651 -0.029 -0.976 0.0 -0.064 -0.208 0.726 0.0 -0.679 -0.109 0.763 0.0 -0.332 -0.555 -0.697 -0.0 -0.717 0.002 -0.996 -0.0 0.036 0.081 0.712 0.0 -0.702 0.028 1.0 0.0 0.012 0.0 
1.0 -0.001 0.007 0.025 -0.758 0.0 -0.651 -0.029 -0.976 -0.0 -0.064 -0.207 0.727 0.0 -0.678 -0.111 0.763 0.0 -0.34 -0.55 -0.697 0.0 -0.717 0.002 -0.996 -0.0 0.036 0.081 0.711 0.0 -0.702 0.028 1.0 0.0 0.016 0.015 
1.0 -0.001 0.007 0.025 -0.758 -0.0 -0.651 -0.029 -0.976 0.0 -0.064 -0.207 0.727 0.0 -0.677 -0.113 0.763 0.0 -0.348 -0.545 -0.697 -0.0 -0.717 0.002 -0.996 0.0 0.036 0.081 0.712 0.0 -0.702 0.028 1.0 -0.0 0.012 0.001 
1.0 -0.001 0.007 0.025 -0.758 -0.0 -0.651 -0.028 -0.976 0.0 -0.064 -0.207 0.728 0.0 -0.676 -0.115 0.763 0.0 -0.359 -0.538 -0.697 0.0 -0.717 0.002 -0.996 -0.0 0.037 0.081 0.711 0.0 -0.702 0.028 1.0 0.0 0.017 0.013 
1.0 -0.001 0.007 0.025 -0.758 -0.0 -0.651 -0.028 -0.976 -0.0 -0.064 -0.206 0.728 -0.0 -0.676 -0.117 0.764 0.0 -0.363 -0.534 -0.697 -0.0 -0.717 0.002 -0.996 0.0 0.037 0.081 0.711 0.0 -0.702 0.028 1.0 0.0 0.012 0.001 
1.0 -0.001 0.007 0.025 -0.758 -0.0 -0.651 -0.028 -0.976 -0.0 -0.063 -0.206 0.728 0.0 -0.675 -0.119 0.764 0.0 -0.371 -0.528 -0.697 -0.0 -0.717 0.002 -0.996 -0.0 0.037 0.08 0.711 0.0 -0.702 0.028 1.0 0.0 0.017 0.013 
1.0 -0.001 0.007 0.025 -0.758 -0.0 -0.651 -0.028 -0.977 -0.0 -0.064 -0.206 0.729 0.0 -0.674 -0.121 0.764 0.0 -0.378 -0.523 -0.697 -0.0 -0.717 0.002 -0.996 -0.0 0.037 0.08 0.712 0.0 -0.702 0.028 1.0 -0.0 0.012 0.0 
1.0 -0.001 0.007 0.025 -0.758 -0.0 -0.651 -0.027 -0.977 0.0 -0.063 -0.206 0.729 0.0 -0.673 -0.123 0.764 0.0 -0.385 -0.517 -0.697 -0.0 -0.717 0.002 -0.996 -0.0 0.037 0.08 0.711 0.0 -0.702 0.028 1.0 0.0 0.017 0.013 
1.0 -0.001 0.007 0.025 -0.759 -0.0 -0.65 -0.028 -0.977 -0.0 -0.064 -0.205 0.729 0.0 -0.673 -0.125 0.765 0.0 -0.392 -0.511 -0.697 -0.0 -0.717 0.002 -0.996 -0.0 0.037 0.08 0.711 0.0 -0.702 0.028 1.0 -0.0 0.012 0.0 
1.0 -0.001 0.007 0.026 -0.759 -0.0 -0.651 -0.027 -0.977 -0.0 -0.063 -0.205 0.73 -0.0 -0.672 -0.127 0.765 0.0 -0.399 -0.506 -0.697 -0.0 -0.717 0.002 -0.996 -0.0 0.037 0.08 0.711 -0.0 -0.702 0.028 1.0 0.0 0.017 0.014 
1.0 -0.001 0.007 0.026 -0.759 -0.0 -0.65 -0.028 -0.977 -0.0 -0.063 -0.204 0.73 0.0 -0.671 -0.129 0.765 0.0 -0.405 -0.5 -0.697 -0.0 -0.717 0.002 -0.996 -0.0 0.037 0.08 0.711 0.0 -0.702 0.028 1.0 0.0 0.012 -0.003 
1.0 -0.0 0.007 0.026 -0.759 -0.0 -0.651 -0.027 -0.977 -0.0 -0.063 -0.205 0.73 0.0 -0.67 -0.132 0.765 0.0 -0.412 -0.494 -0.697 -0.0 -0.717 0.002 -0.996 -0.0 0.036 0.08 0.711 0.0 -0.702 0.028 1.0 0.0 0.017 0.013 
1.0 -0.0 0.007 0.026 -0.759 -0.0 -0.651 -0.027 -0.977 -0.0 -0.062 -0.204 0.73 0.0 -0.67 -0.134 0.766 0.0 -0.417 -0.489 -0.697 -0.0 -0.717 0.002 -0.996 -0.0 0.037 0.08 0.711 0.0 -0.702 0.027 1.0 0.0 0.012 0.0 
1.0 -0.0 0.006 0.026 -0.759 -0.0 -0.651 -0.027 -0.977 -0.0 -0.062 -0.204 0.73 0.0 -0.669 -0.136 0.766 0.0 -0.424 -0.483 -0.697 -0.0 -0.717 0.002 -0.996 -0.0 0.036 0.08 0.711 0.0 -0.702 0.027 1.0 0.0 0.016 0.015 
1.0 -0.001 0.006 0.026 -0.759 -0.0 -0.65 -0.028 -0.977 -0.0 -0.063 -0.203 0.731 0.0 -0.669 -0.138 0.767 0.0 -0.43 -0.477 -0.697 0.0 -0.717 0.002 -0.996 -0.0 0.036 0.08 0.712 0.0 -0.702 0.028 1.0 0.0 0.012 -0.0 
1.0 -0.0 0.006 0.026 -0.759 -0.0 -0.65 -0.028 -0.977 -0.0 -0.062 -0.203 0.731 -0.0 -0.668 -0.14 0.767 0.0 -0.435 -0.472 -0.697 -0.0 -0.717 0.002 -0.996 -0.0 0.036 0.08 0.712 0.0 -0.702 0.027 1.0 0.0 0.017 0.013 
1.0 -0.0 0.006 0.026 -0.759 -0.0 -0.65 -0.029 -0.977 -0.0 -0.063 -0.202 0.731 0.0 -0.668 -0.142 0.768 -0.0 -0.44 -0.467 -0.697 -0.0 -0.717 0.002 -0.996 -0.0 0.037 0.08 0.712 -0.0 -0.702 0.027 1.0 0.0 0.012 0.0 
1.0 0.0 0.006 0.027 -0.759 0.0 -0.651 -0.028 -0.977 -0.0 -0.061 -0.204 0.731 0.0 -0.667 -0.144 0.768 0.0 -0.444 -0.462 -0.697 -0.0 -0.717 0.001 -0.996 -0.0 0.037 0.08 0.711 0.0 -0.702 0.026 1.0 -0.0 0.016 0.014 
1.0 0.0 0.006 0.027 -0.759 0.0 -0.651 -0.028 -0.977 -0.0 -0.061 -0.203 0.731 0.0 -0.667 -0.146 0.768 0.0 -0.448 -0.458 -0.697 -0.0 -0.717 0.001 -0.996 -0.0 0.036 0.08 0.711 0.0 -0.702 0.026 1.0 -0.0 0.012 0.0 
1.0 0.001 0.006 0.027 -0.759 -0.0 -0.651 -0.029 -0.977 -0.0 -0.061 -0.202 0.731 0.0 -0.667 -0.147 0.768 0.0 -0.45 -0.456 -0.697 -0.0 -0.717 0.001 -0.996 0.0 0.036 0.081 0.711 0.0 -0.702 0.026 1.0 0.0 0.016 0.014 
1.0 0.001 0.006 0.027 -0.759 -0.0 -0.65 -0.029 -0.977 -0.0 -0.061 -0.203 0.73 0.0 -0.667 -0.148 0.769 -0.0 -0.452 -0.453 -0.697 0.0 -0.717 0.0 -0.996 -0.0 0.037 0.08 0.712 0.0 -0.702 0.026 1.0 0.0 0.012 0.0 
