# T   LUA LFA RUA RFA LT  LS  RT  RS  
0.997 -0.06 -0.038 0.011 -0.958 0.0 0.149 -0.243 -0.786 -0.0 0.581 -0.211 0.911 0.0 0.239 -0.336 0.818 0.0 0.548 -0.176 -0.66 -0.0 -0.74 0.133 -0.998 -0.0 0.029 0.05 0.723 -0.0 -0.684 0.095 0.997 0.0 0.044 0.065 
0.997 -0.06 -0.038 0.011 -0.955 -0.0 0.152 -0.254 -0.788 -0.0 0.577 -0.217 0.908 0.0 0.24 -0.345 0.818 0.0 0.545 -0.181 -0.66 -0.0 -0.74 0.132 -0.998 -0.0 0.028 0.051 0.723 0.0 -0.684 0.094 0.997 0.0 0.043 0.065 
0.997 -0.06 -0.039 0.011 -0.952 0.0 0.154 -0.264 -0.788 -0.0 0.574 -0.221 0.904 0.0 0.241 -0.354 0.82 0.0 0.542 -0.187 -0.659 -0.0 -0.74 0.13 -0.998 0.0 0.027 0.051 0.723 0.0 -0.684 0.091 0.997 0.0 0.043 0.066 
0.997 -0.061 -0.038 0.01 -0.947 0.0 0.155 -0.282 -0.791 0.0 0.569 -0.226 0.9 -0.0 0.24 -0.363 0.821 0.0 0.538 -0.189 -0.66 -0.0 -0.74 0.13 -0.998 -0.0 0.028 0.051 0.723 -0.0 -0.685 0.092 0.997 0.0 0.043 0.066 
0.997 -0.06 -0.038 0.01 -0.943 0.0 0.157 -0.293 -0.792 -0.0 0.566 -0.229 0.897 0.0 0.239 -0.371 0.819 0.0 0.539 -0.196 -0.66 -0.0 -0.74 0.128 -0.998 -0.0 0.027 0.051 0.723 0.0 -0.685 0.09 0.997 0.0 0.043 0.067 
0.998 -0.058 -0.039 0.009 -0.94 -0.0 0.161 -0.299 -0.794 -0.0 0.562 -0.231 0.894 0.0 0.241 -0.379 0.822 0.0 0.535 -0.198 -0.66 -0.0 -0.741 0.125 -0.998 0.0 0.027 0.052 0.723 0.0 -0.685 0.087 0.997 -0.0 0.043 0.068 
0.997 -0.058 -0.039 0.009 -0.936 -0.0 0.16 -0.314 -0.797 -0.0 0.557 -0.235 0.889 -0.0 0.24 -0.389 0.823 0.0 0.531 -0.201 -0.66 0.0 -0.741 0.123 -0.998 -0.0 0.027 0.053 0.724 0.0 -0.685 0.085 0.997 0.0 0.043 0.069 
0.998 -0.058 -0.039 0.008 -0.931 -0.0 0.161 -0.327 -0.799 -0.0 0.552 -0.237 0.886 0.0 0.239 -0.398 0.826 0.0 0.526 -0.203 -0.66 -0.0 -0.741 0.122 -0.998 -0.0 0.026 0.053 0.724 0.0 -0.685 0.084 0.997 0.0 0.042 0.069 
0.998 -0.057 -0.039 0.008 -0.929 0.0 0.165 -0.332 -0.801 -0.0 0.548 -0.239 0.882 0.0 0.238 -0.407 0.828 0.0 0.523 -0.205 -0.66 -0.0 -0.742 0.118 -0.998 -0.0 0.026 0.054 0.724 0.0 -0.685 0.081 0.997 0.0 0.042 0.07 
0.998 -0.057 -0.039 0.008 -0.923 -0.0 0.162 -0.349 -0.805 0.0 0.542 -0.242 0.877 -0.0 0.235 -0.419 0.831 0.0 0.517 -0.207 -0.66 -0.0 -0.742 0.117 -0.998 0.0 0.026 0.054 0.724 0.0 -0.685 0.08 0.997 -0.0 0.042 0.071 
0.998 -0.056 -0.039 0.008 -0.919 -0.0 0.163 -0.358 -0.807 0.0 0.538 -0.244 0.873 0.0 0.234 -0.427 0.832 0.0 0.514 -0.21 -0.66 0.0 -0.742 0.115 -0.998 -0.0 0.025 0.054 0.724 0.0 -0.686 0.078 0.997 0.0 0.042 0.071 
0.998 -0.055 -0.039 0.007 -0.916 -0.0 0.163 -0.368 -0.81 -0.0 0.532 -0.247 0.87 0.0 0.232 -0.436 0.834 0.0 0.51 -0.212 -0.66 -0.0 -0.742 0.113 -0.998 0.0 0.025 0.054 0.724 0.0 -0.686 0.076 0.997 0.0 0.041 0.072 
0.998 -0.055 -0.04 0.007 -0.912 0.0 0.161 -0.378 -0.811 -0.0 0.528 -0.25 0.866 0.0 0.229 -0.445 0.836 0.0 0.506 -0.214 -0.66 -0.0 -0.743 0.111 -0.998 -0.0 0.025 0.054 0.724 0.0 -0.686 0.074 0.997 0.0 0.041 0.072 
0.998 -0.054 -0.04 0.007 -0.908 -0.0 0.161 -0.388 -0.814 -0.0 0.523 -0.251 0.861 0.0 0.226 -0.455 0.839 0.0 0.501 -0.212 -0.66 -0.0 -0.743 0.109 -0.998 -0.0 0.024 0.055 0.724 0.0 -0.686 0.071 0.996 0.0 0.041 0.073 
0.998 -0.053 -0.04 0.007 -0.903 -0.0 0.16 -0.398 -0.818 -0.0 0.517 -0.251 0.858 0.0 0.224 -0.463 0.84 0.0 0.497 -0.216 -0.66 -0.0 -0.743 0.106 -0.998 -0.0 0.024 0.055 0.724 -0.0 -0.686 0.069 0.996 0.0 0.041 0.073 
0.998 -0.052 -0.041 0.007 -0.899 -0.0 0.158 -0.408 -0.822 0.0 0.511 -0.252 0.853 -0.0 0.22 -0.473 0.843 -0.0 0.492 -0.216 -0.66 -0.0 -0.744 0.104 -0.998 -0.0 0.024 0.055 0.725 -0.0 -0.686 0.066 0.996 0.0 0.041 0.074 
0.998 -0.052 -0.041 0.007 -0.895 -0.0 0.154 -0.42 -0.825 -0.0 0.505 -0.254 0.85 0.0 0.216 -0.481 0.844 -0.0 0.488 -0.221 -0.66 0.0 -0.744 0.103 -0.998 0.0 0.023 0.055 0.725 -0.0 -0.686 0.064 0.996 0.0 0.041 0.075 
0.998 -0.051 -0.041 0.007 -0.891 0.0 0.152 -0.429 -0.828 -0.0 0.499 -0.255 0.846 0.0 0.213 -0.489 0.846 0.0 0.484 -0.222 -0.66 0.0 -0.745 0.1 -0.998 -0.0 0.023 0.055 0.725 0.0 -0.686 0.062 0.996 0.0 0.04 0.075 
0.998 -0.05 -0.041 0.007 -0.887 -0.0 0.15 -0.437 -0.831 -0.0 0.493 -0.255 0.842 0.0 0.208 -0.497 0.849 0.0 0.479 -0.222 -0.66 -0.0 -0.745 0.098 -0.998 -0.0 0.022 0.056 0.725 0.0 -0.686 0.059 0.996 -0.0 0.04 0.076 
0.998 -0.049 -0.041 0.007 -0.883 -0.0 0.148 -0.445 -0.834 0.0 0.488 -0.257 0.839 -0.0 0.205 -0.503 0.851 0.0 0.475 -0.225 -0.66 -0.0 -0.745 0.095 -0.998 -0.0 0.022 0.056 0.725 0.0 -0.686 0.056 0.996 0.0 0.04 0.076 
0.998 -0.046 -0.041 0.006 -0.882 -0.0 0.149 -0.447 -0.836 -0.0 0.484 -0.259 0.836 0.0 0.202 -0.51 0.853 0.0 0.471 -0.224 -0.66 0.0 -0.745 0.09 -0.998 -0.0 0.022 0.056 0.725 0.0 -0.687 0.053 0.996 0.0 0.039 0.076 
0.998 -0.045 -0.041 0.007 -0.88 -0.0 0.145 -0.452 -0.838 -0.0 0.48 -0.261 0.833 0.0 0.199 -0.516 0.855 0.0 0.465 -0.228 -0.66 0.0 -0.746 0.086 -0.998 -0.0 0.021 0.057 0.725 0.0 -0.687 0.049 0.996 -0.0 0.039 0.076 
0.998 -0.048 -0.042 0.007 -0.87 -0.0 0.129 -0.476 -0.842 -0.0 0.471 -0.263 0.829 0.0 0.191 -0.525 0.858 0.0 0.458 -0.231 -0.66 0.0 -0.746 0.09 -0.998 -0.0 0.021 0.056 0.726 0.0 -0.686 0.052 0.996 0.0 0.039 0.076 
0.998 -0.046 -0.042 0.007 -0.866 -0.0 0.126 -0.483 -0.845 -0.0 0.465 -0.263 0.827 0.0 0.187 -0.531 0.861 0.0 0.453 -0.233 -0.66 -0.0 -0.746 0.088 -0.998 -0.0 0.021 0.056 0.726 0.0 -0.686 0.049 0.996 0.0 0.039 0.076 
0.998 -0.045 -0.042 0.007 -0.863 -0.0 0.123 -0.489 -0.848 -0.0 0.46 -0.264 0.825 0.0 0.183 -0.534 0.862 0.0 0.448 -0.237 -0.66 -0.0 -0.746 0.085 -0.998 -0.0 0.02 0.056 0.726 0.0 -0.686 0.046 0.996 0.0 0.038 0.076 
0.998 -0.044 -0.041 0.006 -0.86 -0.0 0.12 -0.495 -0.851 -0.0 0.454 -0.265 0.824 0.0 0.178 -0.538 0.864 0.0 0.443 -0.24 -0.661 -0.0 -0.746 0.081 -0.998 -0.0 0.02 0.057 0.726 -0.0 -0.687 0.045 0.996 0.0 0.037 0.076 
0.998 -0.044 -0.042 0.007 -0.858 -0.0 0.113 -0.501 -0.853 -0.0 0.448 -0.268 0.819 0.0 0.168 -0.549 0.866 0.0 0.438 -0.243 -0.66 -0.0 -0.747 0.081 -0.998 0.0 0.019 0.057 0.726 0.0 -0.686 0.043 0.996 0.0 0.037 0.076 
0.998 -0.043 -0.041 0.007 -0.855 0.0 0.111 -0.506 -0.855 -0.0 0.443 -0.269 0.818 0.0 0.164 -0.552 0.869 0.0 0.433 -0.241 -0.661 -0.0 -0.746 0.078 -0.998 0.0 0.018 0.056 0.726 0.0 -0.687 0.041 0.996 0.0 0.037 0.076 
0.998 -0.041 -0.042 0.007 -0.853 -0.0 0.105 -0.511 -0.857 -0.0 0.438 -0.271 0.816 0.0 0.16 -0.556 0.871 0.0 0.427 -0.244 -0.661 -0.0 -0.747 0.076 -0.998 -0.0 0.018 0.056 0.726 0.0 -0.686 0.039 0.996 0.0 0.037 0.076 
0.998 -0.04 -0.042 0.007 -0.852 -0.0 0.103 -0.514 -0.859 -0.0 0.434 -0.273 0.814 0.0 0.156 -0.559 0.873 0.0 0.423 -0.245 -0.661 -0.0 -0.747 0.073 -0.998 -0.0 0.017 0.056 0.727 0.0 -0.686 0.036 0.996 0.0 0.036 0.076 
0.998 -0.038 -0.042 0.007 -0.85 -0.0 0.099 -0.518 -0.861 -0.0 0.428 -0.273 0.813 0.0 0.152 -0.562 0.875 0.0 0.418 -0.246 -0.661 0.0 -0.747 0.069 -0.998 -0.0 0.017 0.057 0.727 0.0 -0.686 0.033 0.997 0.0 0.036 0.075 
0.998 -0.037 -0.043 0.007 -0.848 -0.0 0.095 -0.521 -0.863 -0.0 0.423 -0.275 0.813 -0.0 0.148 -0.564 0.877 -0.0 0.412 -0.248 -0.661 -0.0 -0.748 0.067 -0.998 -0.0 0.017 0.056 0.727 -0.0 -0.686 0.031 0.997 -0.0 0.036 0.074 
0.998 -0.036 -0.043 0.007 -0.847 -0.0 0.092 -0.524 -0.865 -0.0 0.419 -0.275 0.812 0.0 0.144 -0.566 0.879 0.0 0.407 -0.249 -0.661 -0.0 -0.748 0.064 -0.998 -0.0 0.016 0.055 0.727 0.0 -0.686 0.028 0.997 0.0 0.036 0.075 
0.998 -0.035 -0.043 0.006 -0.845 -0.0 0.088 -0.527 -0.868 -0.0 0.413 -0.276 0.811 0.0 0.141 -0.567 0.881 0.0 0.402 -0.25 -0.661 -0.0 -0.748 0.061 -0.998 0.0 0.015 0.055 0.727 0.0 -0.686 0.027 0.997 0.0 0.035 0.073 
0.999 -0.033 -0.042 0.005 -0.844 -0.0 0.086 -0.53 -0.87 -0.0 0.408 -0.276 0.812 0.0 0.137 -0.568 0.883 0.0 0.397 -0.251 -0.662 -0.0 -0.747 0.058 -0.998 -0.0 0.015 0.055 0.727 0.0 -0.686 0.026 0.997 0.0 0.035 0.071 
0.999 -0.033 -0.043 0.006 -0.844 -0.0 0.07 -0.532 -0.869 -0.0 0.406 -0.282 0.812 0.0 0.13 -0.569 0.884 0.0 0.392 -0.254 -0.661 -0.0 -0.748 0.057 -0.998 -0.0 0.014 0.054 0.727 0.0 -0.686 0.025 0.997 -0.0 0.036 0.07 
0.999 -0.031 -0.043 0.005 -0.842 -0.0 0.079 -0.533 -0.875 0.0 0.398 -0.275 0.812 0.0 0.128 -0.569 0.886 0.0 0.389 -0.254 -0.661 0.0 -0.748 0.053 -0.998 -0.0 0.014 0.054 0.727 0.0 -0.686 0.022 0.997 -0.0 0.036 0.07 
0.999 -0.029 -0.043 0.005 -0.842 -0.0 0.076 -0.534 -0.877 -0.0 0.393 -0.275 0.813 0.0 0.124 -0.569 0.888 0.0 0.384 -0.254 -0.662 0.0 -0.748 0.051 -0.998 -0.0 0.013 0.053 0.727 0.0 -0.686 0.02 0.997 0.0 0.035 0.069 
0.999 -0.027 -0.044 0.005 -0.842 -0.0 0.074 -0.535 -0.879 -0.0 0.389 -0.274 0.814 0.0 0.122 -0.568 0.89 0.0 0.38 -0.254 -0.661 0.0 -0.749 0.047 -0.999 -0.0 0.013 0.053 0.727 0.0 -0.686 0.017 0.997 0.0 0.034 0.069 
0.999 -0.027 -0.044 0.004 -0.842 -0.0 0.06 -0.536 -0.878 -0.0 0.388 -0.28 0.815 0.0 0.118 -0.567 0.892 -0.0 0.375 -0.254 -0.661 -0.0 -0.749 0.046 -0.999 0.0 0.013 0.052 0.727 -0.0 -0.686 0.016 0.997 0.0 0.034 0.068 
0.999 -0.026 -0.044 0.004 -0.842 -0.0 0.058 -0.536 -0.88 0.0 0.384 -0.279 0.816 0.0 0.114 -0.567 0.893 0.0 0.371 -0.253 -0.662 -0.0 -0.749 0.044 -0.999 -0.0 0.012 0.051 0.727 0.0 -0.686 0.015 0.997 0.0 0.035 0.066 
0.999 -0.024 -0.043 0.003 -0.842 -0.0 0.056 -0.536 -0.882 -0.0 0.38 -0.278 0.818 0.0 0.111 -0.565 0.895 0.0 0.368 -0.254 -0.662 -0.0 -0.748 0.041 -0.999 -0.0 0.012 0.05 0.727 0.0 -0.687 0.014 0.997 0.0 0.035 0.065 
0.999 -0.022 -0.043 0.002 -0.843 -0.0 0.054 -0.536 -0.885 0.0 0.375 -0.276 0.819 0.0 0.109 -0.563 0.897 -0.0 0.364 -0.251 -0.662 0.0 -0.748 0.038 -0.999 -0.0 0.012 0.05 0.727 -0.0 -0.687 0.012 0.997 0.0 0.035 0.064 
0.999 -0.023 -0.044 0.002 -0.841 -0.0 0.042 -0.54 -0.886 -0.0 0.373 -0.275 0.82 0.0 0.104 -0.562 0.899 0.0 0.36 -0.25 -0.662 -0.0 -0.749 0.039 -0.999 -0.0 0.012 0.049 0.727 0.0 -0.686 0.011 0.997 0.0 0.035 0.064 
0.999 -0.022 -0.044 0.002 -0.841 -0.0 0.039 -0.539 -0.889 -0.0 0.369 -0.271 0.822 0.0 0.1 -0.561 0.9 0.0 0.357 -0.248 -0.661 -0.0 -0.749 0.037 -0.999 -0.0 0.012 0.048 0.727 0.0 -0.687 0.01 0.997 0.0 0.035 0.062 
0.999 -0.02 -0.044 0.002 -0.842 0.0 0.037 -0.538 -0.891 -0.0 0.365 -0.269 0.824 0.0 0.097 -0.559 0.903 0.0 0.354 -0.244 -0.661 0.0 -0.749 0.035 -0.999 -0.0 0.012 0.047 0.727 0.0 -0.687 0.008 0.997 -0.0 0.035 0.061 
0.999 -0.019 -0.044 0.002 -0.843 0.0 0.035 -0.536 -0.893 -0.0 0.362 -0.267 0.826 0.0 0.095 -0.556 0.905 0.0 0.352 -0.241 -0.661 -0.0 -0.749 0.033 -0.999 -0.0 0.012 0.045 0.727 0.0 -0.687 0.007 0.998 0.0 0.035 0.06 
0.999 -0.018 -0.044 0.001 -0.845 -0.0 0.033 -0.534 -0.895 -0.0 0.359 -0.266 0.828 0.0 0.092 -0.553 0.906 0.0 0.35 -0.239 -0.661 -0.0 -0.75 0.031 -0.999 -0.0 0.012 0.044 0.727 0.0 -0.687 0.005 0.998 0.0 0.035 0.059 
0.999 -0.016 -0.044 0.001 -0.846 -0.0 0.031 -0.532 -0.897 -0.0 0.356 -0.263 0.83 0.0 0.089 -0.55 0.908 0.0 0.348 -0.236 -0.661 -0.0 -0.75 0.03 -0.999 -0.0 0.012 0.043 0.727 -0.0 -0.686 0.003 0.998 0.0 0.034 0.059 
0.999 -0.011 -0.044 0.001 -0.853 -0.0 0.046 -0.519 -0.899 -0.0 0.352 -0.26 0.832 0.0 0.091 -0.547 0.909 0.0 0.347 -0.229 -0.66 -0.0 -0.751 0.023 -0.999 -0.0 0.015 0.042 0.727 0.0 -0.686 -0.004 0.998 0.0 0.033 0.058 
0.999 -0.006 -0.044 0.001 -0.859 -0.0 0.06 -0.508 -0.902 -0.0 0.347 -0.256 0.836 0.0 0.094 -0.54 0.911 0.0 0.346 -0.224 -0.66 -0.0 -0.751 0.016 -0.999 -0.0 0.015 0.041 0.727 -0.0 -0.687 -0.01 0.998 0.0 0.033 0.056 
0.999 -0.009 -0.044 0.0 -0.856 -0.0 0.047 -0.516 -0.904 -0.0 0.344 -0.256 0.839 -0.0 0.087 -0.537 0.913 0.0 0.341 -0.223 -0.66 -0.0 -0.751 0.02 -0.999 -0.0 0.015 0.04 0.727 0.0 -0.687 -0.004 0.998 -0.0 0.034 0.054 
0.999 -0.003 -0.044 -0.0 -0.864 0.0 0.057 -0.501 -0.905 -0.0 0.342 -0.255 0.842 0.0 0.089 -0.532 0.915 0.0 0.342 -0.215 -0.66 -0.0 -0.751 0.012 -0.999 -0.0 0.015 0.039 0.727 -0.0 -0.687 -0.012 0.998 0.0 0.032 0.054 
0.999 -0.002 -0.044 -0.0 -0.869 0.0 0.051 -0.492 -0.904 -0.0 0.343 -0.257 0.843 -0.0 0.087 -0.53 0.917 0.0 0.34 -0.209 -0.66 0.0 -0.751 0.011 -0.999 -0.0 0.016 0.038 0.727 0.0 -0.687 -0.014 0.998 0.0 0.032 0.053 
0.999 -0.001 -0.044 0.0 -0.872 -0.0 0.048 -0.488 -0.905 -0.0 0.34 -0.256 0.846 0.0 0.084 -0.527 0.918 -0.0 0.338 -0.205 -0.66 -0.0 -0.751 0.01 -0.999 -0.0 0.016 0.037 0.727 0.0 -0.687 -0.014 0.998 0.0 0.032 0.052 
0.999 -0.001 -0.043 0.0 -0.871 -0.0 0.05 -0.489 -0.909 -0.0 0.335 -0.247 0.849 0.0 0.082 -0.523 0.92 0.0 0.336 -0.201 -0.66 -0.0 -0.751 0.01 -0.999 -0.0 0.017 0.036 0.726 0.0 -0.687 -0.014 0.998 0.0 0.033 0.05 
0.999 0.0 -0.043 0.0 -0.875 0.0 0.048 -0.481 -0.909 -0.0 0.333 -0.251 0.852 0.0 0.08 -0.518 0.922 0.0 0.333 -0.199 -0.66 0.0 -0.751 0.009 -0.999 0.0 0.017 0.035 0.727 0.0 -0.687 -0.014 0.998 0.0 0.032 0.049 
0.999 0.001 -0.043 0.0 -0.877 -0.0 0.046 -0.479 -0.912 -0.0 0.33 -0.243 0.855 -0.0 0.078 -0.513 0.923 -0.0 0.332 -0.195 -0.66 0.0 -0.752 0.009 -0.999 -0.0 0.018 0.033 0.727 0.0 -0.687 -0.015 0.998 0.0 0.032 0.048 
0.999 0.003 -0.044 0.001 -0.881 -0.0 0.041 -0.472 -0.913 -0.0 0.33 -0.241 0.858 0.0 0.077 -0.508 0.924 0.0 0.33 -0.191 -0.659 -0.0 -0.752 0.008 -0.999 -0.0 0.018 0.032 0.727 0.0 -0.686 -0.017 0.998 0.0 0.032 0.048 
0.999 0.003 -0.043 0.0 -0.883 -0.0 0.04 -0.467 -0.914 -0.0 0.328 -0.239 0.862 -0.0 0.075 -0.502 0.926 0.0 0.328 -0.189 -0.659 -0.0 -0.752 0.007 -0.999 -0.0 0.018 0.031 0.727 -0.0 -0.687 -0.017 0.998 0.0 0.032 0.047 
0.999 0.003 -0.044 0.001 -0.886 0.0 0.04 -0.461 -0.916 -0.0 0.324 -0.235 0.864 0.0 0.074 -0.497 0.927 -0.0 0.325 -0.185 -0.659 0.0 -0.752 0.008 -0.999 0.0 0.019 0.03 0.727 0.0 -0.686 -0.017 0.998 0.0 0.032 0.046 
0.999 0.004 -0.044 0.001 -0.89 0.0 0.038 -0.455 -0.917 -0.0 0.322 -0.234 0.868 0.0 0.072 -0.492 0.929 0.0 0.324 -0.182 -0.659 -0.0 -0.753 0.007 -0.999 -0.0 0.019 0.03 0.727 0.0 -0.686 -0.018 0.998 0.0 0.032 0.046 
0.999 0.005 -0.043 0.001 -0.895 -0.0 0.033 -0.445 -0.916 -0.0 0.323 -0.237 0.872 0.0 0.071 -0.485 0.93 0.0 0.323 -0.179 -0.659 -0.0 -0.752 0.006 -0.999 -0.0 0.02 0.029 0.727 -0.0 -0.686 -0.019 0.998 0.0 0.031 0.045 
0.999 0.005 -0.044 0.001 -0.897 0.0 0.032 -0.441 -0.919 -0.0 0.32 -0.232 0.875 -0.0 0.07 -0.479 0.93 0.0 0.322 -0.177 -0.658 -0.0 -0.753 0.006 -0.999 0.0 0.02 0.029 0.727 0.0 -0.686 -0.019 0.998 0.0 0.031 0.045 
0.999 0.006 -0.043 0.001 -0.9 -0.0 0.03 -0.435 -0.919 -0.0 0.319 -0.23 0.879 0.0 0.068 -0.472 0.931 0.0 0.321 -0.174 -0.659 -0.0 -0.752 0.006 -0.999 -0.0 0.02 0.028 0.727 -0.0 -0.687 -0.019 0.999 0.0 0.031 0.044 
0.999 0.006 -0.043 0.001 -0.904 -0.0 0.028 -0.427 -0.92 -0.0 0.317 -0.229 0.883 -0.0 0.066 -0.465 0.931 -0.0 0.321 -0.173 -0.659 -0.0 -0.752 0.006 -0.999 -0.0 0.02 0.028 0.727 0.0 -0.687 -0.019 0.999 0.0 0.031 0.045 
0.999 0.007 -0.044 0.001 -0.908 -0.0 0.025 -0.419 -0.921 -0.0 0.316 -0.227 0.886 0.0 0.065 -0.459 0.932 0.0 0.321 -0.17 -0.658 -0.0 -0.753 0.005 -0.999 -0.0 0.02 0.028 0.727 0.0 -0.686 -0.021 0.998 0.0 0.031 0.045 
0.999 0.007 -0.043 0.001 -0.911 -0.0 0.024 -0.412 -0.922 0.0 0.315 -0.226 0.891 0.0 0.064 -0.45 0.932 0.0 0.32 -0.171 -0.659 0.0 -0.752 0.005 -0.999 -0.0 0.02 0.028 0.727 -0.0 -0.686 -0.02 0.999 -0.0 0.031 0.045 
0.999 0.007 -0.044 0.001 -0.915 -0.0 0.021 -0.404 -0.923 -0.0 0.314 -0.224 0.894 -0.0 0.063 -0.443 0.932 0.0 0.32 -0.169 -0.658 0.0 -0.753 0.005 -0.999 -0.0 0.02 0.028 0.727 0.0 -0.686 -0.021 0.998 0.0 0.031 0.046 
0.999 0.007 -0.044 0.001 -0.918 0.0 0.02 -0.396 -0.924 -0.0 0.312 -0.223 0.898 -0.0 0.062 -0.435 0.932 0.0 0.32 -0.167 -0.658 -0.0 -0.753 0.004 -0.999 0.0 0.02 0.028 0.727 0.0 -0.686 -0.022 0.998 0.0 0.031 0.046 
0.999 0.007 -0.044 0.001 -0.922 -0.0 0.018 -0.388 -0.925 -0.0 0.31 -0.221 0.902 0.0 0.061 -0.427 0.932 -0.0 0.322 -0.166 -0.658 0.0 -0.753 0.004 -0.999 -0.0 0.02 0.028 0.727 -0.0 -0.686 -0.022 0.998 -0.0 0.031 0.046 
0.999 0.008 -0.044 0.001 -0.925 -0.0 0.016 -0.379 -0.925 -0.0 0.31 -0.22 0.906 0.0 0.06 -0.42 0.932 0.0 0.322 -0.164 -0.658 0.0 -0.753 0.004 -0.999 -0.0 0.02 0.028 0.727 0.0 -0.686 -0.022 0.998 0.0 0.031 0.046 
0.999 0.008 -0.043 0.001 -0.928 -0.0 0.014 -0.372 -0.925 -0.0 0.311 -0.217 0.91 0.0 0.058 -0.411 0.932 0.0 0.324 -0.162 -0.659 -0.0 -0.752 0.004 -0.999 -0.0 0.02 0.029 0.727 0.0 -0.687 -0.022 0.998 0.0 0.031 0.047 
0.999 0.008 -0.043 0.001 -0.932 -0.0 0.012 -0.363 -0.926 -0.0 0.31 -0.215 0.913 0.0 0.056 -0.405 0.933 0.0 0.325 -0.156 -0.659 -0.0 -0.752 0.004 -0.999 -0.0 0.02 0.029 0.727 -0.0 -0.687 -0.022 0.998 0.0 0.031 0.047 
0.999 0.008 -0.044 0.001 -0.935 -0.0 0.01 -0.354 -0.926 -0.0 0.31 -0.216 0.916 -0.0 0.055 -0.397 0.932 0.0 0.327 -0.155 -0.659 -0.0 -0.752 0.005 -0.999 -0.0 0.02 0.029 0.727 0.0 -0.687 -0.022 0.998 0.0 0.031 0.048 
0.999 0.007 -0.044 0.001 -0.939 -0.0 0.009 -0.344 -0.927 0.0 0.309 -0.214 0.92 -0.0 0.054 -0.389 0.932 0.0 0.328 -0.153 -0.659 -0.0 -0.752 0.006 -0.999 0.0 0.02 0.029 0.727 0.0 -0.687 -0.021 0.998 0.0 0.031 0.048 
0.999 0.007 -0.044 0.001 -0.942 -0.0 0.009 -0.335 -0.927 -0.0 0.308 -0.213 0.923 0.0 0.054 -0.38 0.932 0.0 0.33 -0.152 -0.659 -0.0 -0.752 0.006 -0.999 -0.0 0.02 0.03 0.727 0.0 -0.687 -0.021 0.998 -0.0 0.031 0.048 
0.999 0.007 -0.044 0.001 -0.945 -0.0 0.006 -0.326 -0.927 -0.0 0.308 -0.212 0.928 0.0 0.054 -0.37 0.931 0.0 0.332 -0.154 -0.659 -0.0 -0.752 0.007 -0.999 -0.0 0.02 0.03 0.727 0.0 -0.687 -0.02 0.998 -0.0 0.031 0.048 
0.999 0.007 -0.044 0.001 -0.949 0.0 0.005 -0.316 -0.928 -0.0 0.308 -0.21 0.931 0.0 0.053 -0.362 0.931 0.0 0.334 -0.15 -0.659 -0.0 -0.752 0.007 -0.999 0.0 0.019 0.03 0.727 0.0 -0.687 -0.019 0.998 0.0 0.031 0.048 
0.999 0.007 -0.044 0.001 -0.952 -0.0 0.005 -0.306 -0.928 -0.0 0.308 -0.209 0.934 0.0 0.053 -0.353 0.93 -0.0 0.335 -0.149 -0.659 -0.0 -0.752 0.008 -0.999 -0.0 0.019 0.03 0.727 0.0 -0.687 -0.019 0.998 0.0 0.032 0.048 
0.999 0.007 -0.044 0.002 -0.955 -0.0 0.004 -0.296 -0.929 -0.0 0.308 -0.208 0.937 0.0 0.053 -0.345 0.93 -0.0 0.338 -0.147 -0.659 -0.0 -0.752 0.009 -0.999 -0.0 0.019 0.029 0.726 0.0 -0.687 -0.018 0.998 0.0 0.033 0.047 
0.999 0.007 -0.044 0.002 -0.959 -0.0 0.003 -0.285 -0.928 0.0 0.308 -0.208 0.941 0.0 0.054 -0.335 0.929 0.0 0.34 -0.146 -0.659 0.0 -0.752 0.01 -0.999 -0.0 0.019 0.03 0.727 0.0 -0.687 -0.018 0.998 0.0 0.033 0.047 
0.999 0.007 -0.044 0.002 -0.961 -0.0 0.002 -0.276 -0.929 -0.0 0.309 -0.205 0.944 0.0 0.053 -0.326 0.928 0.0 0.343 -0.143 -0.66 0.0 -0.752 0.01 -0.999 -0.0 0.018 0.03 0.726 0.0 -0.687 -0.016 0.998 0.0 0.033 0.047 
0.999 0.006 -0.044 0.002 -0.964 -0.0 0.002 -0.265 -0.929 -0.0 0.31 -0.204 0.947 0.0 0.054 -0.317 0.928 -0.0 0.346 -0.14 -0.659 0.0 -0.752 0.011 -0.999 -0.0 0.018 0.03 0.726 0.0 -0.687 -0.016 0.998 0.0 0.033 0.047 
0.999 0.006 -0.044 0.002 -0.967 0.0 0.002 -0.255 -0.929 -0.0 0.31 -0.203 0.949 -0.0 0.053 -0.309 0.927 0.0 0.348 -0.137 -0.66 -0.0 -0.752 0.012 -0.999 0.0 0.018 0.03 0.726 0.0 -0.687 -0.014 0.998 0.0 0.033 0.047 
0.999 0.006 -0.044 0.003 -0.97 -0.0 0.002 -0.243 -0.929 0.0 0.311 -0.202 0.952 -0.0 0.054 -0.301 0.926 0.0 0.352 -0.137 -0.659 -0.0 -0.752 0.013 -0.999 -0.0 0.018 0.03 0.727 0.0 -0.687 -0.015 0.998 0.0 0.033 0.047 
0.999 0.006 -0.044 0.003 -0.973 -0.0 0.002 -0.233 -0.929 -0.0 0.311 -0.2 0.955 0.0 0.054 -0.292 0.925 -0.0 0.354 -0.134 -0.66 -0.0 -0.751 0.014 -0.999 -0.0 0.017 0.03 0.726 0.0 -0.687 -0.014 0.998 0.0 0.032 0.048 
0.999 0.006 -0.044 0.004 -0.975 -0.0 0.0 -0.223 -0.929 -0.0 0.314 -0.198 0.958 0.0 0.055 -0.282 0.924 0.0 0.357 -0.136 -0.66 -0.0 -0.751 0.015 -0.999 -0.0 0.017 0.03 0.727 0.0 -0.687 -0.014 0.998 -0.0 0.033 0.048 
0.999 0.005 -0.044 0.004 -0.978 -0.0 0.002 -0.211 -0.928 0.0 0.315 -0.198 0.96 0.0 0.056 -0.273 0.923 0.0 0.36 -0.135 -0.66 -0.0 -0.751 0.017 -0.999 -0.0 0.017 0.03 0.726 0.0 -0.687 -0.012 0.998 0.0 0.033 0.048 
0.999 0.005 -0.044 0.005 -0.98 -0.0 0.001 -0.2 -0.928 0.0 0.319 -0.193 0.963 0.0 0.056 -0.265 0.922 0.0 0.363 -0.134 -0.66 -0.0 -0.751 0.018 -0.999 -0.0 0.017 0.03 0.726 0.0 -0.687 -0.012 0.998 -0.0 0.033 0.048 
0.999 0.004 -0.043 0.005 -0.982 -0.0 0.0 -0.19 -0.927 -0.0 0.322 -0.193 0.965 0.0 0.057 -0.255 0.921 0.0 0.365 -0.133 -0.661 -0.0 -0.75 0.019 -0.999 -0.0 0.017 0.03 0.726 0.0 -0.688 -0.01 0.998 -0.0 0.033 0.047 
0.999 0.004 -0.044 0.006 -0.984 -0.0 -0.002 -0.179 -0.927 -0.0 0.326 -0.188 0.967 0.0 0.058 -0.247 0.92 -0.0 0.369 -0.133 -0.66 0.0 -0.751 0.02 -0.999 0.0 0.017 0.03 0.726 -0.0 -0.687 -0.01 0.998 0.0 0.033 0.047 
0.999 0.004 -0.044 0.007 -0.986 -0.0 -0.002 -0.167 -0.926 -0.0 0.329 -0.188 0.969 0.0 0.058 -0.24 0.919 0.0 0.371 -0.13 -0.661 0.0 -0.75 0.022 -0.999 0.0 0.014 0.029 0.726 -0.0 -0.688 -0.009 0.998 0.0 0.034 0.047 
0.999 0.003 -0.044 0.008 -0.988 -0.0 -0.002 -0.156 -0.924 -0.0 0.333 -0.19 0.971 0.0 0.06 -0.232 0.918 0.0 0.375 -0.128 -0.661 -0.0 -0.75 0.024 -0.999 -0.0 0.015 0.029 0.726 0.0 -0.688 -0.007 0.998 -0.0 0.034 0.047 
0.999 0.003 -0.044 0.009 -0.989 -0.0 -0.003 -0.145 -0.922 0.0 0.336 -0.189 0.973 -0.0 0.061 -0.224 0.917 0.0 0.377 -0.129 -0.661 -0.0 -0.75 0.026 -0.999 -0.0 0.014 0.029 0.726 0.0 -0.688 -0.006 0.998 0.0 0.034 0.046 
0.999 0.002 -0.044 0.009 -0.991 -0.0 -0.004 -0.135 -0.921 0.0 0.341 -0.188 0.974 0.0 0.061 -0.216 0.916 0.0 0.381 -0.126 -0.661 -0.0 -0.75 0.028 -0.999 -0.0 0.014 0.028 0.726 0.0 -0.688 -0.006 0.998 0.0 0.034 0.047 
0.999 0.002 -0.043 0.01 -0.992 -0.0 -0.005 -0.125 -0.919 -0.0 0.346 -0.188 0.976 0.0 0.061 -0.21 0.915 0.0 0.384 -0.122 -0.661 -0.0 -0.749 0.029 -0.999 -0.0 0.015 0.029 0.726 -0.0 -0.688 -0.004 0.998 0.0 0.034 0.046 
0.999 0.001 -0.043 0.01 -0.993 0.0 -0.005 -0.116 -0.918 0.0 0.351 -0.186 0.978 0.0 0.062 -0.201 0.914 0.0 0.386 -0.123 -0.662 -0.0 -0.749 0.031 -0.999 -0.0 0.015 0.029 0.725 0.0 -0.688 -0.002 0.998 -0.0 0.034 0.045 
0.999 0.001 -0.043 0.011 -0.994 -0.0 -0.007 -0.106 -0.916 -0.0 0.356 -0.184 0.979 0.0 0.063 -0.195 0.913 -0.0 0.391 -0.12 -0.661 0.0 -0.749 0.033 -0.999 -0.0 0.016 0.029 0.726 -0.0 -0.688 -0.001 0.998 0.0 0.034 0.046 
0.999 -0.0 -0.043 0.012 -0.995 -0.0 -0.008 -0.098 -0.915 -0.0 0.361 -0.181 0.98 -0.0 0.064 -0.19 0.912 0.0 0.393 -0.117 -0.661 0.0 -0.749 0.035 -0.999 -0.0 0.016 0.028 0.726 0.0 -0.688 -0.0 0.998 0.0 0.033 0.047 
0.999 -0.001 -0.043 0.013 -0.996 -0.0 -0.009 -0.089 -0.913 -0.0 0.367 -0.178 0.981 0.0 0.065 -0.183 0.911 0.0 0.396 -0.117 -0.661 -0.0 -0.749 0.037 -0.999 -0.0 0.016 0.028 0.726 0.0 -0.688 0.0 0.998 0.0 0.033 0.047 
0.999 -0.001 -0.043 0.014 -0.997 -0.0 -0.01 -0.081 -0.911 0.0 0.373 -0.174 0.982 0.0 0.065 -0.178 0.91 -0.0 0.4 -0.112 -0.661 -0.0 -0.749 0.039 -0.999 -0.0 0.017 0.028 0.726 -0.0 -0.688 0.001 0.998 -0.0 0.033 0.047 
0.999 -0.002 -0.043 0.015 -0.997 -0.0 -0.011 -0.073 -0.909 -0.0 0.379 -0.171 0.983 0.0 0.065 -0.174 0.908 0.0 0.404 -0.106 -0.661 -0.0 -0.75 0.04 -0.999 -0.0 0.017 0.028 0.726 0.0 -0.688 0.003 0.998 0.0 0.033 0.047 
0.999 -0.003 -0.043 0.015 -0.998 -0.0 -0.012 -0.068 -0.909 -0.0 0.384 -0.164 0.984 -0.0 0.066 -0.168 0.907 0.0 0.407 -0.104 -0.661 0.0 -0.749 0.042 -0.999 -0.0 0.018 0.029 0.725 -0.0 -0.688 0.005 0.998 0.0 0.034 0.046 
0.999 -0.004 -0.042 0.016 -0.998 0.0 -0.013 -0.062 -0.907 -0.0 0.39 -0.159 0.984 -0.0 0.067 -0.163 0.906 -0.0 0.411 -0.101 -0.661 -0.0 -0.749 0.044 -0.999 -0.0 0.019 0.029 0.725 0.0 -0.688 0.007 0.998 0.0 0.034 0.046 
0.999 -0.005 -0.042 0.016 -0.998 -0.0 -0.014 -0.057 -0.905 -0.0 0.397 -0.153 0.985 0.0 0.068 -0.158 0.905 0.0 0.414 -0.099 -0.661 -0.0 -0.749 0.046 -0.999 -0.0 0.019 0.028 0.725 0.0 -0.688 0.009 0.998 -0.0 0.034 0.046 
0.999 -0.005 -0.042 0.017 -0.999 -0.0 -0.015 -0.052 -0.903 -0.0 0.403 -0.148 0.986 0.0 0.07 -0.153 0.904 0.0 0.417 -0.097 -0.661 -0.0 -0.749 0.048 -0.999 -0.0 0.019 0.028 0.725 0.0 -0.688 0.01 0.998 0.0 0.034 0.046 
0.999 -0.006 -0.042 0.017 -0.999 -0.0 -0.015 -0.047 -0.901 -0.0 0.409 -0.141 0.986 0.0 0.071 -0.149 0.903 0.0 0.42 -0.094 -0.661 -0.0 -0.749 0.05 -0.999 -0.0 0.019 0.028 0.725 0.0 -0.689 0.012 0.998 0.0 0.034 0.046 
0.999 -0.007 -0.042 0.018 -0.999 -0.0 -0.016 -0.043 -0.899 -0.0 0.416 -0.134 0.987 -0.0 0.073 -0.146 0.902 0.0 0.423 -0.09 -0.661 -0.0 -0.749 0.052 -0.999 0.0 0.02 0.029 0.725 0.0 -0.688 0.013 0.998 0.0 0.033 0.047 
0.999 -0.008 -0.042 0.018 -0.999 -0.0 -0.017 -0.04 -0.897 -0.0 0.424 -0.128 0.987 0.0 0.075 -0.142 0.901 0.0 0.426 -0.087 -0.661 -0.0 -0.749 0.054 -0.999 -0.0 0.02 0.029 0.725 0.0 -0.688 0.015 0.998 0.0 0.033 0.047 
0.999 -0.009 -0.042 0.018 -0.999 -0.0 -0.017 -0.037 -0.895 0.0 0.429 -0.119 0.987 0.0 0.077 -0.139 0.899 0.0 0.429 -0.083 -0.661 -0.0 -0.749 0.056 -0.999 -0.0 0.02 0.029 0.725 -0.0 -0.688 0.016 0.998 0.0 0.034 0.046 
0.999 -0.01 -0.042 0.019 -0.999 -0.0 -0.018 -0.035 -0.893 -0.0 0.436 -0.111 0.987 0.0 0.079 -0.137 0.898 -0.0 0.432 -0.079 -0.661 -0.0 -0.748 0.058 -0.999 -0.0 0.02 0.029 0.725 0.0 -0.688 0.018 0.998 0.0 0.033 0.047 
0.999 -0.011 -0.042 0.019 -0.999 0.0 -0.019 -0.034 -0.89 -0.0 0.444 -0.102 0.988 -0.0 0.081 -0.134 0.897 0.0 0.435 -0.077 -0.661 0.0 -0.748 0.061 -0.999 -0.0 0.02 0.029 0.725 -0.0 -0.688 0.021 0.998 -0.0 0.034 0.046 
0.999 -0.012 -0.042 0.019 -0.999 -0.0 -0.019 -0.031 -0.887 -0.0 0.451 -0.094 0.988 0.0 0.084 -0.132 0.896 0.0 0.438 -0.072 -0.661 -0.0 -0.748 0.062 -0.999 -0.0 0.02 0.029 0.725 0.0 -0.688 0.022 0.998 0.0 0.034 0.046 
0.999 -0.013 -0.041 0.019 -0.999 0.0 -0.018 -0.03 -0.885 0.0 0.458 -0.085 0.988 0.0 0.086 -0.13 0.895 0.0 0.441 -0.07 -0.661 0.0 -0.748 0.064 -0.999 -0.0 0.021 0.029 0.725 0.0 -0.689 0.024 0.998 0.0 0.034 0.045 
0.999 -0.014 -0.041 0.019 -0.999 0.0 -0.017 -0.03 -0.882 -0.0 0.466 -0.074 0.988 0.0 0.089 -0.129 0.894 0.0 0.444 -0.067 -0.661 -0.0 -0.747 0.066 -0.999 -0.0 0.021 0.029 0.725 0.0 -0.689 0.027 0.998 -0.0 0.034 0.044 
0.999 -0.015 -0.041 0.019 -0.999 0.0 -0.016 -0.031 -0.879 -0.0 0.471 -0.067 0.988 0.0 0.092 -0.128 0.892 0.0 0.447 -0.064 -0.661 -0.0 -0.747 0.069 -0.999 -0.0 0.021 0.029 0.725 0.0 -0.689 0.029 0.998 0.0 0.034 0.044 
0.999 -0.017 -0.041 0.019 -0.999 0.0 -0.016 -0.035 -0.876 -0.0 0.478 -0.057 0.987 0.0 0.094 -0.128 0.891 0.0 0.451 -0.061 -0.661 -0.0 -0.747 0.072 -0.999 0.0 0.022 0.029 0.725 0.0 -0.688 0.032 0.998 0.0 0.034 0.044 
0.999 -0.018 -0.041 0.02 -0.999 -0.0 -0.014 -0.034 -0.874 -0.0 0.484 -0.049 0.987 0.0 0.097 -0.129 0.888 0.0 0.455 -0.057 -0.661 -0.0 -0.747 0.074 -0.999 -0.0 0.022 0.029 0.725 0.0 -0.688 0.034 0.998 -0.0 0.034 0.044 
0.999 -0.019 -0.041 0.02 -0.999 0.0 -0.011 -0.037 -0.871 -0.0 0.489 -0.038 0.986 0.0 0.1 -0.13 0.887 0.0 0.458 -0.055 -0.661 -0.0 -0.746 0.077 -0.999 -0.0 0.022 0.029 0.725 0.0 -0.688 0.036 0.998 0.0 0.033 0.045 
0.999 -0.019 -0.041 0.019 -0.999 -0.0 -0.009 -0.039 -0.869 -0.0 0.495 -0.029 0.986 -0.0 0.105 -0.126 0.886 0.0 0.461 -0.054 -0.661 -0.0 -0.746 0.078 -0.999 -0.0 0.022 0.029 0.725 0.0 -0.688 0.037 0.998 0.0 0.034 0.045 
0.999 -0.02 -0.041 0.019 -0.999 -0.0 -0.006 -0.041 -0.866 -0.0 0.5 -0.019 0.986 0.0 0.109 -0.125 0.884 0.0 0.464 -0.052 -0.661 -0.0 -0.746 0.08 -0.999 -0.0 0.022 0.029 0.725 0.0 -0.688 0.038 0.998 0.0 0.034 0.046 
0.999 -0.021 -0.041 0.019 -0.999 -0.0 -0.003 -0.045 -0.861 -0.0 0.508 -0.01 0.986 0.0 0.113 -0.125 0.882 0.0 0.467 -0.052 -0.661 -0.0 -0.746 0.082 -0.999 -0.0 0.022 0.029 0.724 -0.0 -0.688 0.042 0.998 0.0 0.035 0.045 
0.999 -0.023 -0.041 0.019 -0.999 -0.0 0.001 -0.051 -0.859 0.0 0.512 -0.0 0.985 0.0 0.117 -0.125 0.88 0.0 0.472 -0.051 -0.661 0.0 -0.745 0.085 -0.999 -0.0 0.022 0.029 0.724 0.0 -0.688 0.044 0.998 0.0 0.035 0.045 
0.999 -0.024 -0.04 0.019 -0.999 -0.0 0.004 -0.054 -0.856 -0.0 0.517 0.008 0.985 0.0 0.12 -0.126 0.878 0.0 0.476 -0.05 -0.661 -0.0 -0.745 0.086 -0.999 -0.0 0.023 0.029 0.724 0.0 -0.688 0.046 0.998 0.0 0.035 0.045 
0.999 -0.025 -0.04 0.018 -0.998 -0.0 0.008 -0.057 -0.854 -0.0 0.521 0.016 0.984 -0.0 0.125 -0.125 0.876 0.0 0.479 -0.049 -0.661 -0.0 -0.745 0.088 -0.999 -0.0 0.023 0.029 0.724 0.0 -0.688 0.048 0.998 0.0 0.035 0.044 
0.999 -0.025 -0.04 0.018 -0.998 -0.0 0.012 -0.06 -0.851 -0.0 0.525 0.022 0.984 0.0 0.129 -0.126 0.874 0.0 0.484 -0.049 -0.661 -0.0 -0.745 0.09 -0.999 -0.0 0.023 0.029 0.724 0.0 -0.688 0.049 0.998 0.0 0.035 0.045 
0.999 -0.026 -0.04 0.018 -0.998 -0.0 0.016 -0.062 -0.848 -0.0 0.528 0.028 0.983 -0.0 0.133 -0.127 0.872 0.0 0.488 -0.049 -0.661 -0.0 -0.745 0.091 -0.999 -0.0 0.023 0.029 0.724 0.0 -0.688 0.05 0.998 0.0 0.035 0.045 
0.999 -0.027 -0.04 0.018 -0.998 -0.0 0.021 -0.066 -0.846 -0.0 0.532 0.033 0.982 0.0 0.137 -0.128 0.869 0.0 0.492 -0.048 -0.661 -0.0 -0.744 0.092 -0.999 -0.0 0.023 0.029 0.724 0.0 -0.688 0.051 0.998 0.0 0.035 0.046 
0.999 -0.027 -0.04 0.017 -0.997 -0.0 0.026 -0.068 -0.844 -0.0 0.536 0.037 0.981 0.0 0.141 -0.13 0.866 0.0 0.497 -0.048 -0.661 -0.0 -0.744 0.093 -0.999 -0.0 0.023 0.03 0.724 0.0 -0.688 0.053 0.998 0.0 0.035 0.046 
0.999 -0.029 -0.04 0.017 -0.996 -0.0 0.032 -0.078 -0.843 -0.0 0.537 0.042 0.981 0.0 0.145 -0.131 0.864 0.0 0.502 -0.05 -0.661 0.0 -0.744 0.096 -0.999 -0.0 0.024 0.03 0.724 0.0 -0.688 0.057 0.998 0.0 0.035 0.045 
0.999 -0.03 -0.04 0.017 -0.996 -0.0 0.037 -0.081 -0.839 -0.0 0.542 0.043 0.98 0.0 0.149 -0.134 0.861 0.0 0.506 -0.05 -0.662 -0.0 -0.744 0.098 -0.999 -0.0 0.024 0.03 0.724 0.0 -0.688 0.058 0.998 0.0 0.036 0.045 
0.999 -0.03 -0.04 0.016 -0.996 -0.0 0.042 -0.083 -0.837 -0.0 0.545 0.044 0.979 -0.0 0.154 -0.136 0.858 0.0 0.51 -0.051 -0.661 -0.0 -0.744 0.098 -0.999 -0.0 0.024 0.03 0.724 0.0 -0.688 0.059 0.998 0.0 0.036 0.046 
0.999 -0.032 -0.04 0.016 -0.995 0.0 0.048 -0.088 -0.835 -0.0 0.549 0.045 0.977 -0.0 0.156 -0.142 0.855 -0.0 0.516 -0.052 -0.661 -0.0 -0.743 0.101 -0.999 -0.0 0.024 0.031 0.724 -0.0 -0.687 0.062 0.998 0.0 0.036 0.045 
0.999 -0.033 -0.04 0.016 -0.994 -0.0 0.053 -0.094 -0.835 -0.0 0.548 0.047 0.976 0.0 0.16 -0.145 0.852 -0.0 0.521 -0.053 -0.661 -0.0 -0.743 0.103 -0.999 -0.0 0.025 0.031 0.724 0.0 -0.687 0.062 0.998 0.0 0.035 0.048 
0.999 -0.034 -0.04 0.015 -0.994 -0.0 0.058 -0.096 -0.831 -0.0 0.555 0.045 0.975 0.0 0.164 -0.148 0.849 0.0 0.526 -0.055 -0.661 -0.0 -0.743 0.104 -0.999 -0.0 0.025 0.031 0.724 0.0 -0.687 0.063 0.998 0.0 0.036 0.048 
0.998 -0.034 -0.04 0.015 -0.993 0.0 0.064 -0.101 -0.832 -0.0 0.553 0.047 0.974 0.0 0.168 -0.151 0.846 -0.0 0.531 -0.056 -0.661 -0.0 -0.743 0.105 -0.999 -0.0 0.025 0.031 0.724 0.0 -0.687 0.064 0.998 0.0 0.036 0.048 
0.998 -0.035 -0.04 0.015 -0.992 -0.0 0.07 -0.107 -0.83 -0.0 0.556 0.046 0.973 -0.0 0.173 -0.154 0.844 -0.0 0.534 -0.058 -0.662 -0.0 -0.742 0.106 -0.999 -0.0 0.025 0.032 0.723 -0.0 -0.687 0.066 0.998 0.0 0.036 0.048 
0.998 -0.036 -0.04 0.015 -0.991 -0.0 0.077 -0.113 -0.829 -0.0 0.558 0.044 0.972 0.0 0.177 -0.157 0.841 0.0 0.538 -0.061 -0.662 -0.0 -0.742 0.107 -0.999 0.0 0.025 0.032 0.724 0.0 -0.687 0.068 0.998 0.0 0.036 0.047 
0.998 -0.036 -0.04 0.014 -0.99 -0.0 0.085 -0.116 -0.827 -0.0 0.561 0.041 0.97 -0.0 0.182 -0.159 0.837 0.0 0.543 -0.064 -0.662 -0.0 -0.742 0.108 -0.999 -0.0 0.025 0.032 0.723 0.0 -0.687 0.069 0.998 0.0 0.036 0.047 
0.998 -0.037 -0.04 0.014 -0.989 -0.0 0.091 -0.12 -0.825 -0.0 0.563 0.037 0.969 0.0 0.186 -0.165 0.835 0.0 0.546 -0.065 -0.662 -0.0 -0.742 0.109 -0.999 -0.0 0.026 0.032 0.724 0.0 -0.687 0.07 0.998 0.0 0.038 0.048 
0.998 -0.037 -0.04 0.014 -0.987 -0.0 0.097 -0.125 -0.823 -0.0 0.567 0.032 0.967 0.0 0.19 -0.17 0.833 -0.0 0.55 -0.068 -0.661 0.0 -0.742 0.11 -0.999 -0.0 0.026 0.032 0.723 0.0 -0.687 0.072 0.998 0.0 0.039 0.047 
0.998 -0.038 -0.04 0.014 -0.986 -0.0 0.103 -0.131 -0.823 -0.0 0.568 0.027 0.965 -0.0 0.194 -0.175 0.83 0.0 0.553 -0.071 -0.661 0.0 -0.742 0.111 -0.999 0.0 0.027 0.032 0.723 0.0 -0.687 0.073 0.998 0.0 0.037 0.047 
0.998 -0.039 -0.04 0.014 -0.985 -0.0 0.109 -0.136 -0.82 0.0 0.571 0.021 0.963 0.0 0.198 -0.181 0.827 0.0 0.557 -0.075 -0.661 0.0 -0.742 0.113 -0.999 0.0 0.027 0.033 0.723 0.0 -0.687 0.074 0.998 0.0 0.036 0.048 
0.998 -0.04 -0.04 0.014 -0.983 -0.0 0.115 -0.142 -0.82 -0.0 0.573 0.013 0.962 0.0 0.201 -0.187 0.824 -0.0 0.56 -0.079 -0.661 -0.0 -0.741 0.114 -0.999 -0.0 0.028 0.033 0.723 0.0 -0.686 0.075 0.998 0.0 0.036 0.048 
0.998 -0.04 -0.04 0.014 -0.981 -0.0 0.121 -0.148 -0.819 0.0 0.574 0.006 0.96 0.0 0.206 -0.192 0.822 0.0 0.563 -0.083 -0.661 -0.0 -0.741 0.115 -0.999 -0.0 0.028 0.033 0.724 0.0 -0.686 0.075 0.998 0.0 0.034 0.05 
0.998 -0.041 -0.04 0.014 -0.98 -0.0 0.127 -0.154 -0.817 -0.0 0.576 -0.002 0.957 0.0 0.212 -0.197 0.821 0.0 0.565 -0.088 -0.661 -0.0 -0.741 0.116 -0.999 -0.0 0.028 0.033 0.724 0.0 -0.686 0.076 0.998 0.0 0.034 0.05 
0.998 -0.042 -0.04 0.013 -0.978 -0.0 0.132 -0.16 -0.815 0.0 0.58 -0.014 0.955 0.0 0.216 -0.204 0.823 0.0 0.561 -0.09 -0.661 -0.0 -0.741 0.117 -0.999 0.0 0.029 0.033 0.724 0.0 -0.685 0.077 0.998 0.0 0.034 0.05 
0.998 -0.043 -0.04 0.013 -0.976 -0.0 0.137 -0.168 -0.815 -0.0 0.579 -0.022 0.953 0.0 0.22 -0.21 0.821 0.0 0.563 -0.097 -0.661 -0.0 -0.741 0.119 -0.999 -0.0 0.029 0.033 0.724 0.0 -0.685 0.08 0.998 0.0 0.034 0.05 
0.998 -0.044 -0.04 0.013 -0.974 -0.0 0.142 -0.175 -0.813 -0.0 0.582 -0.029 0.95 0.0 0.224 -0.216 0.818 0.0 0.565 -0.105 -0.661 -0.0 -0.741 0.121 -0.999 -0.0 0.029 0.033 0.724 0.0 -0.685 0.081 0.998 0.0 0.035 0.05 
0.998 -0.045 -0.04 0.013 -0.973 0.0 0.147 -0.18 -0.812 0.0 0.582 -0.04 0.948 0.0 0.228 -0.223 0.818 0.0 0.565 -0.109 -0.661 -0.0 -0.74 0.122 -0.999 -0.0 0.029 0.033 0.724 -0.0 -0.685 0.082 0.998 -0.0 0.035 0.05 
0.998 -0.046 -0.04 0.013 -0.97 -0.0 0.152 -0.19 -0.812 -0.0 0.582 -0.052 0.945 -0.0 0.232 -0.232 0.818 0.0 0.563 -0.116 -0.661 -0.0 -0.74 0.124 -0.999 -0.0 0.03 0.033 0.724 0.0 -0.685 0.084 0.998 0.0 0.035 0.05 
0.998 -0.046 -0.04 0.013 -0.968 -0.0 0.157 -0.195 -0.812 0.0 0.58 -0.064 0.942 0.0 0.236 -0.238 0.817 -0.0 0.564 -0.124 -0.661 -0.0 -0.74 0.125 -0.999 -0.0 0.03 0.033 0.724 0.0 -0.685 0.085 0.998 0.0 0.035 0.05 
0.998 -0.048 -0.04 0.013 -0.965 -0.0 0.163 -0.206 -0.814 -0.0 0.576 -0.078 0.939 0.0 0.239 -0.247 0.818 -0.0 0.56 -0.128 -0.661 -0.0 -0.739 0.128 -0.999 -0.0 0.03 0.033 0.724 0.0 -0.685 0.087 0.998 0.0 0.035 0.05 
0.998 -0.048 -0.04 0.013 -0.963 -0.0 0.166 -0.212 -0.813 -0.0 0.576 -0.09 0.936 0.0 0.242 -0.255 0.818 0.0 0.559 -0.135 -0.661 0.0 -0.739 0.129 -0.999 -0.0 0.03 0.033 0.723 0.0 -0.685 0.088 0.998 0.0 0.036 0.05 
0.998 -0.05 -0.04 0.013 -0.959 -0.0 0.17 -0.227 -0.814 -0.0 0.572 -0.103 0.933 0.0 0.244 -0.263 0.819 0.0 0.556 -0.143 -0.661 -0.0 -0.739 0.132 -0.999 -0.0 0.03 0.033 0.723 0.0 -0.684 0.091 0.998 0.0 0.036 0.05 
0.998 -0.051 -0.04 0.013 -0.956 -0.0 0.174 -0.236 -0.814 -0.0 0.57 -0.113 0.93 0.0 0.247 -0.271 0.818 0.0 0.555 -0.15 -0.661 -0.0 -0.738 0.133 -0.999 -0.0 0.03 0.033 0.723 0.0 -0.684 0.092 0.998 0.0 0.036 0.05 
0.998 -0.052 -0.04 0.012 -0.953 0.0 0.177 -0.246 -0.814 0.0 0.567 -0.124 0.927 -0.0 0.249 -0.279 0.819 -0.0 0.552 -0.155 -0.661 -0.0 -0.738 0.134 -0.999 -0.0 0.031 0.033 0.723 0.0 -0.684 0.094 0.998 0.0 0.036 0.05 
0.998 -0.052 -0.04 0.012 -0.95 -0.0 0.181 -0.254 -0.815 -0.0 0.564 -0.134 0.924 0.0 0.251 -0.288 0.82 0.0 0.549 -0.162 -0.661 -0.0 -0.738 0.135 -0.999 0.0 0.031 0.033 0.723 0.0 -0.684 0.095 0.998 0.0 0.036 0.05 
0.998 -0.052 -0.04 0.012 -0.948 -0.0 0.186 -0.26 -0.816 0.0 0.56 -0.142 0.921 0.0 0.254 -0.296 0.821 0.0 0.546 -0.166 -0.661 -0.0 -0.738 0.135 -0.999 -0.0 0.031 0.033 0.723 0.0 -0.684 0.095 0.998 0.0 0.036 0.05 
0.998 -0.054 -0.04 0.012 -0.943 -0.0 0.186 -0.275 -0.817 -0.0 0.556 -0.152 0.918 0.0 0.254 -0.306 0.822 0.0 0.543 -0.173 -0.661 0.0 -0.738 0.137 -0.999 -0.0 0.032 0.033 0.723 0.0 -0.684 0.097 0.998 0.0 0.036 0.05 
0.998 -0.054 -0.04 0.011 -0.94 -0.0 0.188 -0.285 -0.818 0.0 0.553 -0.159 0.914 0.0 0.255 -0.315 0.823 0.0 0.539 -0.178 -0.661 0.0 -0.738 0.138 -0.999 0.0 0.032 0.033 0.723 0.0 -0.683 0.098 0.998 -0.0 0.036 0.05 
0.998 -0.055 -0.04 0.011 -0.936 0.0 0.189 -0.296 -0.819 -0.0 0.548 -0.167 0.911 -0.0 0.256 -0.324 0.824 0.0 0.536 -0.183 -0.661 -0.0 -0.738 0.139 -0.999 0.0 0.032 0.033 0.723 0.0 -0.683 0.099 0.998 0.0 0.036 0.05 
0.998 -0.055 -0.04 0.011 -0.933 -0.0 0.19 -0.307 -0.821 -0.0 0.545 -0.172 0.907 0.0 0.256 -0.334 0.825 0.0 0.532 -0.188 -0.661 -0.0 -0.737 0.14 -0.999 -0.0 0.032 0.034 0.723 0.0 -0.683 0.1 0.998 -0.0 0.036 0.05 
0.998 -0.056 -0.04 0.011 -0.929 0.0 0.191 -0.318 -0.823 -0.0 0.539 -0.177 0.903 0.0 0.255 -0.345 0.826 -0.0 0.529 -0.192 -0.661 -0.0 -0.737 0.14 -0.999 -0.0 0.032 0.034 0.723 0.0 -0.683 0.1 0.998 -0.0 0.036 0.051 
0.998 -0.056 -0.04 0.011 -0.925 -0.0 0.19 -0.329 -0.825 -0.0 0.536 -0.181 0.899 -0.0 0.255 -0.355 0.828 0.0 0.525 -0.198 -0.661 -0.0 -0.737 0.141 -0.999 0.0 0.033 0.034 0.723 0.0 -0.683 0.101 0.998 0.0 0.036 0.051 
0.998 -0.057 -0.04 0.011 -0.921 0.0 0.19 -0.34 -0.827 -0.0 0.531 -0.185 0.896 0.0 0.253 -0.366 0.829 -0.0 0.522 -0.2 -0.661 -0.0 -0.737 0.141 -0.999 -0.0 0.033 0.034 0.723 0.0 -0.683 0.101 0.998 0.0 0.037 0.052 
0.998 -0.057 -0.04 0.011 -0.917 -0.0 0.19 -0.351 -0.829 -0.0 0.526 -0.189 0.892 0.0 0.252 -0.377 0.83 0.0 0.518 -0.206 -0.66 -0.0 -0.737 0.142 -0.999 -0.0 0.033 0.034 0.723 0.0 -0.683 0.101 0.998 0.0 0.037 0.052 
0.997 -0.057 -0.04 0.011 -0.913 -0.0 0.189 -0.362 -0.833 0.0 0.519 -0.192 0.888 0.0 0.249 -0.386 0.83 -0.0 0.517 -0.209 -0.66 0.0 -0.737 0.142 -0.999 -0.0 0.033 0.035 0.723 0.0 -0.683 0.101 0.998 0.0 0.037 0.052 
0.997 -0.058 -0.04 0.012 -0.908 -0.0 0.186 -0.375 -0.834 -0.0 0.515 -0.196 0.884 0.0 0.248 -0.396 0.832 -0.0 0.513 -0.212 -0.66 -0.0 -0.738 0.143 -0.999 -0.0 0.033 0.035 0.723 0.0 -0.683 0.101 0.998 0.0 0.037 0.052 
0.997 -0.058 -0.04 0.012 -0.905 0.0 0.184 -0.385 -0.836 0.0 0.511 -0.201 0.88 0.0 0.245 -0.407 0.834 0.0 0.509 -0.214 -0.66 -0.0 -0.738 0.143 -0.999 0.0 0.033 0.035 0.723 -0.0 -0.683 0.101 0.998 0.0 0.037 0.053 
0.997 -0.058 -0.04 0.012 -0.9 0.0 0.181 -0.396 -0.837 -0.0 0.508 -0.204 0.876 -0.0 0.242 -0.418 0.835 0.0 0.506 -0.216 -0.66 0.0 -0.738 0.143 -0.999 -0.0 0.034 0.035 0.723 0.0 -0.683 0.101 0.998 0.0 0.037 0.053 
0.997 -0.058 -0.04 0.013 -0.896 -0.0 0.179 -0.406 -0.839 -0.0 0.503 -0.207 0.871 0.0 0.238 -0.429 0.837 0.0 0.502 -0.217 -0.66 -0.0 -0.738 0.143 -0.999 -0.0 0.034 0.035 0.723 0.0 -0.683 0.101 0.998 0.0 0.037 0.053 
0.997 -0.058 -0.04 0.013 -0.892 0.0 0.175 -0.416 -0.841 -0.0 0.499 -0.209 0.866 0.0 0.233 -0.442 0.84 0.0 0.498 -0.215 -0.659 -0.0 -0.738 0.144 -0.999 -0.0 0.033 0.035 0.724 -0.0 -0.683 0.101 0.998 0.0 0.037 0.054 
0.997 -0.058 -0.04 0.014 -0.888 -0.0 0.172 -0.426 -0.843 -0.0 0.494 -0.212 0.862 0.0 0.229 -0.453 0.841 0.0 0.496 -0.216 -0.659 -0.0 -0.738 0.144 -0.999 -0.0 0.034 0.035 0.724 0.0 -0.683 0.1 0.998 0.0 0.037 0.054 
0.997 -0.058 -0.04 0.014 -0.885 -0.0 0.168 -0.435 -0.845 -0.0 0.49 -0.214 0.858 0.0 0.224 -0.462 0.842 0.0 0.493 -0.219 -0.659 0.0 -0.738 0.144 -0.999 -0.0 0.035 0.036 0.724 0.0 -0.683 0.1 0.998 -0.0 0.037 0.054 
0.997 -0.058 -0.04 0.015 -0.881 -0.0 0.165 -0.443 -0.847 -0.0 0.485 -0.215 0.853 0.0 0.22 -0.473 0.844 -0.0 0.489 -0.219 -0.659 -0.0 -0.738 0.143 -0.999 0.0 0.035 0.036 0.724 0.0 -0.683 0.099 0.998 -0.0 0.037 0.055 
0.997 -0.057 -0.04 0.015 -0.88 -0.0 0.165 -0.445 -0.849 -0.0 0.481 -0.218 0.85 0.0 0.217 -0.481 0.845 0.0 0.486 -0.222 -0.659 -0.0 -0.739 0.141 -0.999 0.0 0.035 0.036 0.724 0.0 -0.683 0.096 0.998 -0.0 0.037 0.055 
0.997 -0.06 -0.04 0.016 -0.871 -0.0 0.15 -0.468 -0.851 -0.0 0.476 -0.221 0.845 0.0 0.209 -0.492 0.848 0.0 0.48 -0.225 -0.658 0.0 -0.738 0.145 -0.999 -0.0 0.035 0.036 0.724 0.0 -0.683 0.1 0.998 -0.0 0.038 0.055 
0.997 -0.06 -0.04 0.017 -0.867 -0.0 0.144 -0.476 -0.853 -0.0 0.471 -0.223 0.841 -0.0 0.205 -0.501 0.85 0.0 0.476 -0.227 -0.658 -0.0 -0.739 0.145 -0.999 -0.0 0.035 0.036 0.724 0.0 -0.682 0.1 0.998 0.0 0.038 0.055 
0.997 -0.06 -0.04 0.018 -0.864 0.0 0.14 -0.485 -0.855 0.0 0.466 -0.225 0.838 0.0 0.2 -0.508 0.851 0.0 0.472 -0.231 -0.658 -0.0 -0.739 0.145 -0.999 -0.0 0.035 0.037 0.724 0.0 -0.683 0.099 0.998 0.0 0.038 0.056 
0.997 -0.059 -0.04 0.018 -0.86 -0.0 0.135 -0.491 -0.857 -0.0 0.462 -0.227 0.834 0.0 0.195 -0.516 0.853 0.0 0.468 -0.233 -0.658 -0.0 -0.739 0.144 -0.999 -0.0 0.035 0.037 0.724 0.0 -0.683 0.098 0.998 0.0 0.038 0.056 
0.997 -0.059 -0.04 0.019 -0.858 0.0 0.129 -0.498 -0.859 0.0 0.459 -0.229 0.83 0.0 0.19 -0.525 0.855 0.0 0.463 -0.233 -0.658 -0.0 -0.739 0.143 -0.999 -0.0 0.035 0.037 0.724 0.0 -0.683 0.097 0.998 0.0 0.038 0.056 
0.997 -0.059 -0.04 0.019 -0.855 0.0 0.124 -0.504 -0.86 -0.0 0.455 -0.23 0.827 0.0 0.185 -0.531 0.857 0.0 0.459 -0.236 -0.658 -0.0 -0.74 0.142 -0.999 -0.0 0.035 0.038 0.724 0.0 -0.683 0.096 0.998 -0.0 0.038 0.056 
0.997 -0.058 -0.04 0.02 -0.852 -0.0 0.118 -0.51 -0.862 -0.0 0.451 -0.232 0.823 0.0 0.179 -0.538 0.859 0.0 0.455 -0.235 -0.658 -0.0 -0.74 0.141 -0.999 -0.0 0.036 0.038 0.724 0.0 -0.683 0.095 0.998 0.0 0.038 0.056 
0.997 -0.058 -0.04 0.02 -0.849 0.0 0.113 -0.515 -0.863 -0.0 0.447 -0.234 0.821 0.0 0.174 -0.543 0.86 0.0 0.449 -0.241 -0.657 -0.0 -0.74 0.14 -0.999 0.0 0.035 0.038 0.724 0.0 -0.683 0.094 0.998 0.0 0.038 0.056 
0.997 -0.056 -0.04 0.02 -0.85 0.0 0.111 -0.514 -0.864 -0.0 0.443 -0.237 0.819 0.0 0.171 -0.548 0.863 0.0 0.445 -0.241 -0.657 -0.0 -0.741 0.137 -0.999 -0.0 0.035 0.038 0.725 0.0 -0.683 0.091 0.998 0.0 0.038 0.056 
0.997 -0.057 -0.04 0.02 -0.844 0.0 0.103 -0.526 -0.868 -0.0 0.437 -0.237 0.817 -0.0 0.164 -0.554 0.865 0.0 0.44 -0.241 -0.657 -0.0 -0.741 0.139 -0.999 -0.0 0.035 0.038 0.725 0.0 -0.683 0.093 0.998 0.0 0.038 0.056 
0.997 -0.057 -0.04 0.02 -0.843 0.0 0.098 -0.53 -0.869 -0.0 0.432 -0.241 0.815 0.0 0.159 -0.557 0.867 0.0 0.435 -0.243 -0.657 -0.0 -0.741 0.138 -0.999 0.0 0.036 0.039 0.725 0.0 -0.683 0.092 0.998 0.0 0.038 0.056 
0.997 -0.056 -0.041 0.02 -0.841 0.0 0.094 -0.533 -0.871 -0.0 0.427 -0.244 0.813 -0.0 0.154 -0.561 0.87 0.0 0.429 -0.242 -0.657 -0.0 -0.741 0.137 -0.999 -0.0 0.035 0.039 0.725 0.0 -0.683 0.091 0.998 -0.0 0.038 0.056 
0.997 -0.057 -0.04 0.021 -0.839 -0.0 0.09 -0.536 -0.873 -0.0 0.421 -0.245 0.809 0.0 0.145 -0.569 0.872 0.0 0.423 -0.244 -0.657 -0.0 -0.741 0.137 -0.999 -0.0 0.035 0.039 0.725 -0.0 -0.683 0.091 0.998 -0.0 0.038 0.057 
0.997 -0.057 -0.041 0.021 -0.838 -0.0 0.085 -0.539 -0.876 -0.0 0.415 -0.245 0.808 0.0 0.137 -0.573 0.874 0.0 0.419 -0.245 -0.657 0.0 -0.741 0.137 -0.999 -0.0 0.035 0.039 0.725 -0.0 -0.683 0.09 0.998 0.0 0.038 0.057 
0.997 -0.056 -0.041 0.021 -0.837 -0.0 0.082 -0.541 -0.879 -0.0 0.409 -0.245 0.807 0.0 0.133 -0.575 0.877 0.0 0.414 -0.244 -0.657 -0.0 -0.742 0.135 -0.999 -0.0 0.035 0.039 0.725 0.0 -0.683 0.089 0.998 -0.0 0.038 0.057 
0.997 -0.055 -0.041 0.021 -0.836 -0.0 0.079 -0.543 -0.882 -0.0 0.403 -0.246 0.806 0.0 0.129 -0.577 0.879 0.0 0.409 -0.244 -0.657 -0.0 -0.742 0.134 -0.999 -0.0 0.035 0.04 0.725 0.0 -0.683 0.088 0.998 0.0 0.038 0.057 
0.997 -0.055 -0.041 0.021 -0.836 -0.0 0.075 -0.544 -0.884 0.0 0.397 -0.247 0.806 0.0 0.125 -0.579 0.883 0.0 0.403 -0.243 -0.657 -0.0 -0.742 0.133 -0.999 -0.0 0.035 0.04 0.725 0.0 -0.683 0.087 0.998 0.0 0.038 0.057 
0.997 -0.055 -0.041 0.021 -0.835 -0.0 0.071 -0.546 -0.886 -0.0 0.391 -0.248 0.805 -0.0 0.12 -0.581 0.885 -0.0 0.397 -0.243 -0.657 -0.0 -0.742 0.132 -0.999 0.0 0.035 0.04 0.725 0.0 -0.684 0.086 0.998 0.0 0.038 0.057 
0.997 -0.054 -0.041 0.021 -0.835 -0.0 0.067 -0.546 -0.889 -0.0 0.386 -0.249 0.805 0.0 0.117 -0.582 0.888 0.0 0.392 -0.241 -0.657 -0.0 -0.742 0.131 -0.999 -0.0 0.034 0.04 0.725 -0.0 -0.684 0.085 0.998 -0.0 0.038 0.057 
0.997 -0.054 -0.041 0.02 -0.834 0.0 0.063 -0.548 -0.89 0.0 0.38 -0.25 0.806 -0.0 0.113 -0.582 0.89 0.0 0.386 -0.24 -0.657 -0.0 -0.743 0.129 -0.999 0.0 0.034 0.041 0.725 0.0 -0.684 0.084 0.998 0.0 0.038 0.058 
0.998 -0.053 -0.041 0.02 -0.835 -0.0 0.059 -0.547 -0.893 -0.0 0.375 -0.248 0.806 0.0 0.109 -0.582 0.893 0.0 0.382 -0.239 -0.657 0.0 -0.743 0.127 -0.999 -0.0 0.034 0.041 0.725 0.0 -0.684 0.082 0.998 -0.0 0.038 0.058 
0.998 -0.053 -0.041 0.02 -0.835 0.0 0.055 -0.547 -0.895 -0.0 0.37 -0.249 0.806 0.0 0.105 -0.583 0.895 0.0 0.377 -0.237 -0.657 -0.0 -0.743 0.126 -0.999 -0.0 0.034 0.041 0.725 0.0 -0.684 0.081 0.998 0.0 0.038 0.058 
0.998 -0.052 -0.041 0.02 -0.836 0.0 0.051 -0.546 -0.897 -0.0 0.366 -0.249 0.807 0.0 0.101 -0.582 0.898 0.0 0.372 -0.235 -0.657 -0.0 -0.744 0.124 -0.999 -0.0 0.034 0.042 0.725 0.0 -0.684 0.079 0.998 -0.0 0.038 0.059 
0.998 -0.051 -0.041 0.02 -0.838 -0.0 0.05 -0.544 -0.899 -0.0 0.361 -0.248 0.808 -0.0 0.099 -0.58 0.9 0.0 0.368 -0.233 -0.657 -0.0 -0.744 0.122 -0.999 -0.0 0.034 0.042 0.725 -0.0 -0.685 0.077 0.998 0.0 0.038 0.059 
0.998 -0.047 -0.041 0.02 -0.844 -0.0 0.052 -0.533 -0.898 0.0 0.359 -0.253 0.81 0.0 0.098 -0.579 0.903 0.0 0.365 -0.229 -0.657 -0.0 -0.745 0.116 -0.999 -0.0 0.034 0.042 0.725 0.0 -0.685 0.072 0.998 0.0 0.038 0.059 
0.998 -0.046 -0.042 0.019 -0.846 -0.0 0.048 -0.532 -0.901 -0.0 0.354 -0.252 0.812 0.0 0.097 -0.576 0.905 0.0 0.359 -0.227 -0.657 -0.0 -0.745 0.114 -0.999 0.0 0.034 0.043 0.724 0.0 -0.686 0.07 0.997 0.0 0.038 0.06 
0.998 -0.046 -0.042 0.019 -0.846 -0.0 0.045 -0.532 -0.903 -0.0 0.35 -0.25 0.814 0.0 0.095 -0.573 0.907 0.0 0.355 -0.227 -0.657 -0.0 -0.745 0.113 -0.999 0.0 0.034 0.043 0.724 0.0 -0.686 0.069 0.998 0.0 0.038 0.06 
0.998 -0.048 -0.041 0.019 -0.843 -0.0 0.038 -0.537 -0.907 -0.0 0.345 -0.243 0.816 0.0 0.088 -0.572 0.909 0.0 0.35 -0.225 -0.657 -0.0 -0.745 0.115 -0.999 -0.0 0.034 0.042 0.724 0.0 -0.686 0.071 0.998 0.0 0.038 0.06 
0.998 -0.047 -0.041 0.019 -0.845 0.0 0.036 -0.533 -0.908 -0.0 0.342 -0.243 0.817 0.0 0.085 -0.57 0.911 0.0 0.346 -0.223 -0.657 0.0 -0.745 0.114 -0.999 -0.0 0.034 0.042 0.724 0.0 -0.686 0.069 0.997 0.0 0.038 0.06 
0.998 -0.046 -0.042 0.019 -0.848 -0.0 0.033 -0.53 -0.91 0.0 0.338 -0.241 0.819 0.0 0.082 -0.567 0.913 0.0 0.343 -0.223 -0.657 -0.0 -0.745 0.113 -0.999 -0.0 0.034 0.042 0.724 0.0 -0.686 0.068 0.997 0.0 0.038 0.06 
0.998 -0.041 -0.042 0.019 -0.857 -0.0 0.042 -0.514 -0.91 -0.0 0.336 -0.245 0.822 0.0 0.084 -0.564 0.914 0.0 0.342 -0.218 -0.657 -0.0 -0.746 0.105 -0.999 -0.0 0.033 0.042 0.724 0.0 -0.687 0.061 0.997 -0.0 0.037 0.06 
0.998 -0.042 -0.041 0.019 -0.857 -0.0 0.038 -0.514 -0.912 0.0 0.332 -0.24 0.825 0.0 0.08 -0.56 0.916 0.0 0.338 -0.217 -0.657 0.0 -0.746 0.105 -0.999 -0.0 0.034 0.042 0.724 0.0 -0.687 0.062 0.998 0.0 0.037 0.059 
0.998 -0.041 -0.042 0.018 -0.86 -0.0 0.036 -0.51 -0.913 -0.0 0.33 -0.239 0.828 0.0 0.078 -0.556 0.918 0.0 0.335 -0.215 -0.657 -0.0 -0.746 0.104 -0.999 -0.0 0.034 0.042 0.724 0.0 -0.687 0.061 0.998 0.0 0.037 0.059 
0.998 -0.04 -0.041 0.018 -0.863 -0.0 0.035 -0.504 -0.913 -0.0 0.329 -0.24 0.831 -0.0 0.076 -0.551 0.919 0.0 0.332 -0.213 -0.657 -0.0 -0.747 0.102 -0.999 -0.0 0.034 0.042 0.724 0.0 -0.687 0.059 0.998 0.0 0.037 0.059 
0.998 -0.038 -0.041 0.018 -0.867 -0.0 0.033 -0.497 -0.914 -0.0 0.327 -0.241 0.831 0.0 0.073 -0.551 0.923 -0.0 0.329 -0.201 -0.657 -0.0 -0.747 0.1 -0.999 -0.0 0.034 0.041 0.724 0.0 -0.688 0.057 0.998 0.0 0.037 0.059 
0.998 -0.038 -0.041 0.019 -0.869 0.0 0.032 -0.493 -0.916 -0.0 0.325 -0.237 0.834 0.0 0.07 -0.547 0.923 0.0 0.328 -0.202 -0.657 -0.0 -0.747 0.1 -0.999 -0.0 0.034 0.041 0.724 0.0 -0.688 0.056 0.998 0.0 0.037 0.059 
0.998 -0.037 -0.041 0.018 -0.873 -0.0 0.031 -0.487 -0.917 -0.0 0.322 -0.235 0.837 0.0 0.068 -0.542 0.924 0.0 0.326 -0.199 -0.657 -0.0 -0.747 0.099 -0.999 -0.0 0.034 0.04 0.724 -0.0 -0.688 0.055 0.997 0.0 0.04 0.059 
0.998 -0.037 -0.041 0.018 -0.876 0.0 0.029 -0.482 -0.918 0.0 0.321 -0.232 0.841 0.0 0.066 -0.537 0.925 0.0 0.325 -0.196 -0.657 -0.0 -0.747 0.098 -0.999 -0.0 0.033 0.04 0.724 0.0 -0.688 0.054 0.998 0.0 0.037 0.058 
0.998 -0.036 -0.041 0.018 -0.879 -0.0 0.025 -0.476 -0.919 -0.0 0.322 -0.229 0.844 0.0 0.065 -0.532 0.927 0.0 0.323 -0.19 -0.658 -0.0 -0.747 0.096 -0.999 -0.0 0.033 0.039 0.724 0.0 -0.688 0.053 0.998 0.0 0.036 0.058 
0.998 -0.035 -0.041 0.018 -0.882 -0.0 0.025 -0.471 -0.92 -0.0 0.319 -0.226 0.848 0.0 0.063 -0.527 0.928 -0.0 0.321 -0.19 -0.658 -0.0 -0.747 0.096 -0.999 -0.0 0.033 0.039 0.724 -0.0 -0.688 0.053 0.998 -0.0 0.036 0.057 
0.998 -0.035 -0.041 0.018 -0.885 -0.0 0.024 -0.464 -0.921 -0.0 0.318 -0.224 0.851 0.0 0.061 -0.522 0.929 0.0 0.32 -0.188 -0.658 -0.0 -0.747 0.095 -0.999 -0.0 0.033 0.039 0.724 0.0 -0.688 0.052 0.998 0.0 0.036 0.057 
0.998 -0.034 -0.041 0.017 -0.889 -0.0 0.022 -0.457 -0.922 -0.0 0.317 -0.222 0.855 -0.0 0.06 -0.515 0.929 0.0 0.319 -0.187 -0.657 -0.0 -0.748 0.094 -0.999 -0.0 0.033 0.039 0.724 0.0 -0.688 0.052 0.998 0.0 0.036 0.056 
0.998 -0.033 -0.041 0.017 -0.895 -0.0 0.02 -0.445 -0.921 -0.0 0.318 -0.224 0.859 0.0 0.06 -0.508 0.93 -0.0 0.316 -0.186 -0.658 -0.0 -0.748 0.091 -0.999 0.0 0.033 0.039 0.724 0.0 -0.688 0.05 0.998 0.0 0.036 0.056 
0.998 -0.033 -0.041 0.017 -0.897 -0.0 0.021 -0.441 -0.923 -0.0 0.316 -0.219 0.862 0.0 0.057 -0.503 0.931 0.0 0.316 -0.181 -0.658 -0.0 -0.748 0.091 -0.999 -0.0 0.033 0.039 0.724 0.0 -0.689 0.049 0.998 0.0 0.036 0.057 
0.998 -0.032 -0.042 0.017 -0.901 -0.0 0.021 -0.434 -0.924 0.0 0.315 -0.216 0.866 -0.0 0.056 -0.497 0.932 -0.0 0.315 -0.18 -0.658 -0.0 -0.748 0.09 -0.999 -0.0 0.033 0.039 0.724 0.0 -0.689 0.049 0.998 0.0 0.036 0.056 
0.998 -0.032 -0.042 0.017 -0.905 -0.0 0.02 -0.426 -0.925 -0.0 0.314 -0.214 0.87 0.0 0.055 -0.49 0.933 0.0 0.314 -0.178 -0.658 -0.0 -0.748 0.089 -0.999 -0.0 0.033 0.039 0.724 0.0 -0.688 0.047 0.998 0.0 0.039 0.057 
0.999 -0.031 -0.042 0.017 -0.909 0.0 0.02 -0.417 -0.926 -0.0 0.313 -0.213 0.874 -0.0 0.055 -0.483 0.933 0.0 0.314 -0.175 -0.658 -0.0 -0.748 0.088 -0.999 -0.0 0.032 0.039 0.724 -0.0 -0.689 0.047 0.998 0.0 0.036 0.056 
0.999 -0.031 -0.042 0.016 -0.912 -0.0 0.02 -0.409 -0.926 -0.0 0.313 -0.211 0.879 0.0 0.055 -0.474 0.933 -0.0 0.313 -0.177 -0.658 -0.0 -0.748 0.086 -0.999 -0.0 0.032 0.039 0.724 -0.0 -0.689 0.045 0.998 0.0 0.036 0.057 
0.999 -0.03 -0.042 0.016 -0.916 -0.0 0.021 -0.4 -0.927 -0.0 0.312 -0.209 0.882 0.0 0.055 -0.467 0.934 0.0 0.312 -0.174 -0.658 -0.0 -0.748 0.085 -0.999 -0.0 0.032 0.039 0.724 0.0 -0.689 0.045 0.998 0.0 0.036 0.057 
0.999 -0.03 -0.042 0.016 -0.92 -0.0 0.022 -0.391 -0.928 -0.0 0.311 -0.206 0.886 0.0 0.054 -0.46 0.934 0.0 0.312 -0.172 -0.658 -0.0 -0.748 0.085 -0.999 0.0 0.032 0.04 0.724 0.0 -0.689 0.044 0.998 0.0 0.036 0.057 
0.999 -0.029 -0.042 0.016 -0.924 -0.0 0.022 -0.382 -0.928 -0.0 0.311 -0.205 0.89 0.0 0.054 -0.452 0.935 -0.0 0.312 -0.17 -0.658 -0.0 -0.748 0.084 -0.999 -0.0 0.032 0.04 0.724 0.0 -0.689 0.043 0.998 0.0 0.036 0.057 
0.999 -0.029 -0.042 0.015 -0.928 -0.0 0.022 -0.373 -0.929 0.0 0.31 -0.203 0.894 0.0 0.054 -0.444 0.935 0.0 0.312 -0.168 -0.658 -0.0 -0.748 0.083 -0.999 -0.0 0.031 0.04 0.724 -0.0 -0.689 0.043 0.998 0.0 0.036 0.057 
0.999 -0.029 -0.042 0.015 -0.931 -0.0 0.022 -0.364 -0.929 -0.0 0.311 -0.2 0.898 0.0 0.054 -0.436 0.936 0.0 0.311 -0.166 -0.658 0.0 -0.748 0.082 -0.999 0.0 0.031 0.04 0.724 0.0 -0.689 0.042 0.998 0.0 0.036 0.057 
0.999 -0.028 -0.042 0.015 -0.935 -0.0 0.021 -0.355 -0.93 -0.0 0.312 -0.197 0.902 -0.0 0.055 -0.429 0.936 0.0 0.311 -0.164 -0.658 0.0 -0.748 0.081 -0.999 -0.0 0.031 0.04 0.724 -0.0 -0.689 0.041 0.998 -0.0 0.036 0.057 
0.999 -0.028 -0.042 0.015 -0.939 -0.0 0.021 -0.345 -0.93 -0.0 0.312 -0.196 0.905 0.0 0.054 -0.423 0.937 0.0 0.312 -0.157 -0.658 -0.0 -0.748 0.08 -0.999 -0.0 0.03 0.04 0.724 0.0 -0.689 0.041 0.998 0.0 0.036 0.057 
0.999 -0.028 -0.042 0.015 -0.942 -0.0 0.022 -0.335 -0.93 -0.0 0.313 -0.193 0.909 0.0 0.055 -0.413 0.937 0.0 0.312 -0.158 -0.658 -0.0 -0.748 0.08 -0.999 0.0 0.03 0.04 0.724 0.0 -0.689 0.04 0.998 0.0 0.036 0.057 
0.999 -0.027 -0.042 0.015 -0.946 -0.0 0.022 -0.324 -0.93 -0.0 0.313 -0.193 0.912 -0.0 0.054 -0.407 0.937 -0.0 0.313 -0.152 -0.658 -0.0 -0.749 0.079 -0.999 -0.0 0.03 0.04 0.724 0.0 -0.689 0.04 0.998 0.0 0.036 0.057 
0.999 -0.027 -0.042 0.014 -0.949 -0.0 0.022 -0.315 -0.93 -0.0 0.314 -0.19 0.915 0.0 0.054 -0.399 0.937 -0.0 0.314 -0.151 -0.659 -0.0 -0.748 0.078 -0.999 -0.0 0.03 0.04 0.724 -0.0 -0.689 0.039 0.998 0.0 0.035 0.057 
0.999 -0.027 -0.042 0.014 -0.952 -0.0 0.022 -0.305 -0.93 -0.0 0.315 -0.188 0.919 0.0 0.055 -0.391 0.937 0.0 0.315 -0.149 -0.659 -0.0 -0.749 0.077 -0.999 0.0 0.03 0.04 0.724 0.0 -0.689 0.039 0.998 0.0 0.035 0.057 
0.999 -0.026 -0.042 0.014 -0.955 -0.0 0.023 -0.295 -0.93 -0.0 0.316 -0.186 0.922 0.0 0.055 -0.383 0.938 0.0 0.315 -0.146 -0.659 -0.0 -0.749 0.077 -0.999 0.0 0.029 0.04 0.724 0.0 -0.689 0.039 0.998 0.0 0.035 0.057 
0.999 -0.026 -0.042 0.014 -0.959 0.0 0.023 -0.284 -0.93 0.0 0.317 -0.185 0.926 0.0 0.055 -0.375 0.937 0.0 0.317 -0.145 -0.659 -0.0 -0.749 0.076 -0.999 -0.0 0.029 0.041 0.724 0.0 -0.689 0.038 0.998 0.0 0.035 0.057 
0.999 -0.026 -0.043 0.013 -0.961 -0.0 0.023 -0.274 -0.93 -0.0 0.319 -0.183 0.929 0.0 0.056 -0.366 0.937 0.0 0.318 -0.143 -0.659 -0.0 -0.749 0.076 -0.999 -0.0 0.029 0.041 0.724 0.0 -0.689 0.038 0.998 0.0 0.035 0.057 
0.999 -0.025 -0.043 0.013 -0.964 -0.0 0.023 -0.264 -0.93 -0.0 0.32 -0.181 0.932 0.0 0.056 -0.358 0.937 -0.0 0.32 -0.14 -0.659 -0.0 -0.749 0.075 -0.999 -0.0 0.029 0.041 0.724 -0.0 -0.689 0.037 0.998 -0.0 0.035 0.057 
0.999 -0.025 -0.043 0.013 -0.967 0.0 0.022 -0.254 -0.93 -0.0 0.321 -0.18 0.935 0.0 0.056 -0.35 0.937 0.0 0.321 -0.138 -0.659 0.0 -0.749 0.074 -0.999 0.0 0.029 0.041 0.724 0.0 -0.689 0.037 0.998 0.0 0.035 0.057 
0.999 -0.025 -0.043 0.012 -0.97 -0.0 0.022 -0.243 -0.929 -0.0 0.323 -0.178 0.938 0.0 0.057 -0.342 0.937 0.0 0.322 -0.136 -0.659 -0.0 -0.749 0.073 -0.999 -0.0 0.029 0.041 0.724 0.0 -0.689 0.037 0.998 0.0 0.035 0.057 
0.999 -0.024 -0.043 0.012 -0.972 -0.0 0.022 -0.232 -0.929 -0.0 0.324 -0.178 0.941 0.0 0.057 -0.334 0.937 0.0 0.324 -0.133 -0.659 -0.0 -0.749 0.073 -0.999 -0.0 0.029 0.041 0.724 0.0 -0.689 0.036 0.998 0.0 0.035 0.057 
0.999 -0.024 -0.043 0.012 -0.975 0.0 0.022 -0.222 -0.929 -0.0 0.326 -0.177 0.944 0.0 0.058 -0.326 0.936 0.0 0.326 -0.131 -0.659 0.0 -0.749 0.072 -0.999 0.0 0.028 0.041 0.724 0.0 -0.689 0.036 0.998 -0.0 0.035 0.056 
0.999 -0.024 -0.043 0.012 -0.977 -0.0 0.022 -0.212 -0.928 -0.0 0.328 -0.175 0.947 0.0 0.059 -0.316 0.936 0.0 0.327 -0.132 -0.659 -0.0 -0.749 0.071 -0.999 -0.0 0.028 0.041 0.723 0.0 -0.689 0.037 0.998 0.0 0.036 0.055 
0.999 -0.023 -0.043 0.011 -0.979 -0.0 0.022 -0.201 -0.928 -0.0 0.33 -0.174 0.949 0.0 0.06 -0.309 0.936 -0.0 0.329 -0.129 -0.659 -0.0 -0.749 0.071 -0.999 -0.0 0.028 0.041 0.724 0.0 -0.689 0.037 0.998 -0.0 0.036 0.055 
0.999 -0.023 -0.043 0.011 -0.981 -0.0 0.021 -0.191 -0.927 0.0 0.332 -0.172 0.952 0.0 0.061 -0.301 0.935 0.0 0.331 -0.125 -0.659 -0.0 -0.749 0.07 -0.999 -0.0 0.028 0.041 0.724 0.0 -0.689 0.036 0.998 -0.0 0.036 0.054 
0.999 -0.023 -0.043 0.011 -0.983 -0.0 0.02 -0.181 -0.927 -0.0 0.334 -0.171 0.954 0.0 0.062 -0.292 0.935 0.0 0.332 -0.125 -0.659 -0.0 -0.749 0.069 -0.999 -0.0 0.027 0.041 0.724 -0.0 -0.689 0.036 0.998 0.0 0.036 0.054 
0.999 -0.022 -0.043 0.01 -0.985 -0.0 0.02 -0.172 -0.927 -0.0 0.336 -0.169 0.957 0.0 0.063 -0.284 0.934 0.0 0.334 -0.125 -0.659 -0.0 -0.749 0.069 -0.999 -0.0 0.027 0.041 0.724 -0.0 -0.689 0.036 0.998 0.0 0.036 0.054 
0.999 -0.022 -0.043 0.01 -0.987 -0.0 0.019 -0.162 -0.926 -0.0 0.338 -0.168 0.959 0.0 0.064 -0.275 0.934 0.0 0.335 -0.126 -0.659 0.0 -0.749 0.069 -0.999 -0.0 0.027 0.041 0.724 0.0 -0.689 0.036 0.998 0.0 0.036 0.054 
0.999 -0.022 -0.043 0.01 -0.988 0.0 0.019 -0.153 -0.926 -0.0 0.339 -0.167 0.961 0.0 0.065 -0.267 0.933 0.0 0.337 -0.123 -0.66 -0.0 -0.748 0.068 -0.999 -0.0 0.027 0.041 0.724 0.0 -0.689 0.036 0.998 -0.0 0.036 0.053 
0.999 -0.022 -0.043 0.01 -0.99 -0.0 0.018 -0.143 -0.925 -0.0 0.342 -0.165 0.963 0.0 0.065 -0.261 0.934 0.0 0.338 -0.118 -0.66 0.0 -0.748 0.068 -0.999 -0.0 0.027 0.04 0.724 0.0 -0.689 0.036 0.998 0.0 0.036 0.053 
0.999 -0.021 -0.043 0.01 -0.991 -0.0 0.018 -0.135 -0.925 -0.0 0.343 -0.163 0.965 -0.0 0.067 -0.252 0.933 0.0 0.34 -0.119 -0.66 -0.0 -0.748 0.068 -0.999 0.0 0.026 0.04 0.724 0.0 -0.689 0.036 0.998 -0.0 0.036 0.053 
0.999 -0.021 -0.043 0.01 -0.992 -0.0 0.016 -0.126 -0.924 -0.0 0.346 -0.162 0.967 0.0 0.067 -0.247 0.933 0.0 0.342 -0.114 -0.66 0.0 -0.748 0.068 -0.999 0.0 0.026 0.04 0.724 -0.0 -0.689 0.036 0.998 0.0 0.035 0.052 
0.999 -0.021 -0.043 0.009 -0.993 0.0 0.016 -0.117 -0.924 -0.0 0.347 -0.16 0.969 0.0 0.069 -0.238 0.933 -0.0 0.343 -0.113 -0.66 -0.0 -0.748 0.067 -0.999 -0.0 0.025 0.04 0.724 0.0 -0.689 0.036 0.998 0.0 0.035 0.052 
0.999 -0.021 -0.043 0.009 -0.994 -0.0 0.015 -0.109 -0.923 -0.0 0.35 -0.158 0.97 0.0 0.07 -0.232 0.932 0.0 0.345 -0.112 -0.66 -0.0 -0.748 0.068 -0.999 -0.0 0.025 0.039 0.724 0.0 -0.689 0.036 0.998 -0.0 0.035 0.051 
0.999 -0.021 -0.043 0.009 -0.995 -0.0 0.015 -0.102 -0.923 -0.0 0.351 -0.155 0.972 0.0 0.07 -0.225 0.931 0.0 0.348 -0.109 -0.66 -0.0 -0.748 0.068 -0.999 -0.0 0.025 0.038 0.724 0.0 -0.689 0.036 0.998 0.0 0.035 0.051 
0.999 -0.021 -0.043 0.009 -0.995 -0.0 0.014 -0.095 -0.924 0.0 0.352 -0.151 0.973 0.0 0.071 -0.219 0.931 0.0 0.35 -0.107 -0.66 -0.0 -0.748 0.068 -0.999 -0.0 0.024 0.038 0.724 0.0 -0.689 0.036 0.998 0.0 0.035 0.051 
0.999 -0.02 -0.042 0.008 -0.996 -0.0 0.013 -0.087 -0.922 -0.0 0.356 -0.15 0.974 0.0 0.071 -0.213 0.93 0.0 0.352 -0.102 -0.661 -0.0 -0.747 0.068 -0.999 -0.0 0.024 0.038 0.723 0.0 -0.69 0.038 0.998 -0.0 0.036 0.049 
0.999 -0.02 -0.043 0.008 -0.997 0.0 0.012 -0.079 -0.922 0.0 0.358 -0.147 0.976 -0.0 0.073 -0.207 0.93 0.0 0.355 -0.099 -0.661 -0.0 -0.748 0.067 -0.999 -0.0 0.024 0.038 0.724 -0.0 -0.689 0.036 0.998 0.0 0.035 0.05 
0.999 -0.02 -0.043 0.008 -0.997 -0.0 0.012 -0.074 -0.922 -0.0 0.36 -0.142 0.977 0.0 0.074 -0.201 0.929 0.0 0.358 -0.099 -0.661 0.0 -0.748 0.067 -0.999 0.0 0.023 0.038 0.724 0.0 -0.689 0.036 0.998 -0.0 0.035 0.05 
0.999 -0.02 -0.043 0.008 -0.998 -0.0 0.011 -0.069 -0.921 -0.0 0.364 -0.14 0.978 0.0 0.075 -0.195 0.928 0.0 0.359 -0.097 -0.661 0.0 -0.748 0.067 -0.999 -0.0 0.023 0.038 0.724 0.0 -0.689 0.037 0.998 0.0 0.036 0.048 
0.999 -0.02 -0.043 0.008 -0.998 -0.0 0.011 -0.063 -0.921 -0.0 0.366 -0.135 0.979 -0.0 0.076 -0.191 0.927 -0.0 0.362 -0.093 -0.661 -0.0 -0.748 0.067 -0.999 -0.0 0.023 0.037 0.724 0.0 -0.689 0.038 0.998 0.0 0.035 0.048 
0.999 -0.021 -0.043 0.007 -0.998 -0.0 0.01 -0.059 -0.92 -0.0 0.369 -0.131 0.98 0.0 0.078 -0.185 0.927 0.0 0.365 -0.092 -0.661 -0.0 -0.747 0.068 -0.999 -0.0 0.023 0.037 0.724 -0.0 -0.688 0.038 0.998 0.0 0.035 0.049 
0.999 -0.021 -0.043 0.007 -0.998 0.0 0.009 -0.055 -0.919 -0.0 0.373 -0.126 0.98 0.0 0.079 -0.181 0.926 -0.0 0.368 -0.09 -0.661 -0.0 -0.747 0.069 -0.999 -0.0 0.022 0.037 0.724 0.0 -0.688 0.039 0.998 -0.0 0.036 0.048 
0.999 -0.021 -0.043 0.007 -0.999 -0.0 0.008 -0.052 -0.917 0.0 0.38 -0.123 0.981 0.0 0.08 -0.178 0.925 0.0 0.37 -0.086 -0.661 -0.0 -0.747 0.069 -0.999 -0.0 0.022 0.036 0.724 0.0 -0.688 0.04 0.998 0.0 0.036 0.047 
0.999 -0.022 -0.042 0.007 -0.999 -0.0 0.008 -0.05 -0.915 -0.0 0.385 -0.118 0.982 -0.0 0.081 -0.172 0.924 0.0 0.373 -0.086 -0.662 -0.0 -0.746 0.07 -0.999 -0.0 0.022 0.036 0.724 -0.0 -0.689 0.042 0.998 -0.0 0.036 0.047 
0.999 -0.022 -0.042 0.006 -0.999 -0.0 0.008 -0.047 -0.916 -0.0 0.386 -0.11 0.982 0.0 0.082 -0.17 0.923 0.0 0.376 -0.081 -0.662 -0.0 -0.746 0.071 -0.999 -0.0 0.021 0.036 0.724 0.0 -0.688 0.041 0.998 0.0 0.035 0.047 
0.999 -0.023 -0.042 0.006 -0.999 0.0 0.009 -0.045 -0.916 -0.0 0.389 -0.103 0.983 -0.0 0.084 -0.165 0.922 0.0 0.377 -0.083 -0.662 0.0 -0.746 0.072 -0.999 -0.0 0.021 0.036 0.724 0.0 -0.689 0.043 0.998 0.0 0.036 0.046 
0.999 -0.023 -0.042 0.006 -0.999 -0.0 0.009 -0.043 -0.915 -0.0 0.392 -0.096 0.983 0.0 0.086 -0.162 0.921 0.0 0.38 -0.08 -0.662 -0.0 -0.746 0.072 -0.999 -0.0 0.021 0.035 0.724 -0.0 -0.689 0.042 0.998 0.0 0.035 0.047 
0.999 -0.023 -0.042 0.006 -0.999 -0.0 0.01 -0.042 -0.915 -0.0 0.394 -0.089 0.983 0.0 0.088 -0.158 0.921 -0.0 0.382 -0.08 -0.662 -0.0 -0.746 0.072 -0.999 -0.0 0.02 0.035 0.724 -0.0 -0.689 0.044 0.998 0.0 0.036 0.046 
0.999 -0.023 -0.042 0.006 -0.999 -0.0 0.012 -0.042 -0.914 -0.0 0.398 -0.082 0.984 0.0 0.091 -0.155 0.919 0.0 0.385 -0.079 -0.663 -0.0 -0.745 0.073 -0.999 -0.0 0.02 0.035 0.724 0.0 -0.689 0.044 0.998 -0.0 0.036 0.046 
0.999 -0.024 -0.043 0.006 -0.999 -0.0 0.011 -0.041 -0.912 0.0 0.403 -0.074 0.984 0.0 0.094 -0.152 0.918 0.0 0.388 -0.08 -0.662 -0.0 -0.746 0.073 -0.999 -0.0 0.02 0.035 0.724 0.0 -0.689 0.044 0.998 0.0 0.036 0.046 
0.999 -0.023 -0.042 0.006 -0.999 -0.0 0.013 -0.038 -0.912 -0.0 0.405 -0.067 0.984 -0.0 0.097 -0.148 0.917 0.0 0.39 -0.079 -0.663 0.0 -0.745 0.073 -0.999 -0.0 0.02 0.035 0.724 0.0 -0.689 0.044 0.998 0.0 0.036 0.046 
0.999 -0.023 -0.042 0.005 -0.999 -0.0 0.015 -0.039 -0.91 -0.0 0.41 -0.06 0.984 0.0 0.1 -0.146 0.916 0.0 0.393 -0.079 -0.663 -0.0 -0.745 0.073 -0.999 -0.0 0.02 0.034 0.724 0.0 -0.689 0.045 0.998 0.0 0.036 0.046 
0.999 -0.024 -0.042 0.005 -0.999 -0.0 0.017 -0.04 -0.909 -0.0 0.413 -0.051 0.984 0.0 0.103 -0.144 0.915 0.0 0.396 -0.078 -0.663 -0.0 -0.745 0.074 -0.999 -0.0 0.019 0.034 0.724 -0.0 -0.689 0.045 0.998 -0.0 0.036 0.046 
0.999 -0.024 -0.043 0.006 -0.999 -0.0 0.019 -0.041 -0.91 -0.0 0.414 -0.042 0.984 0.0 0.107 -0.143 0.913 0.0 0.399 -0.078 -0.662 -0.0 -0.745 0.074 -0.999 0.0 0.019 0.034 0.724 -0.0 -0.688 0.045 0.998 0.0 0.036 0.046 
0.999 -0.024 -0.043 0.005 -0.999 -0.0 0.021 -0.042 -0.906 -0.0 0.422 -0.036 0.984 0.0 0.11 -0.141 0.912 0.0 0.403 -0.078 -0.663 0.0 -0.745 0.074 -0.999 0.0 0.019 0.034 0.724 0.0 -0.688 0.046 0.998 0.0 0.035 0.046 
0.999 -0.024 -0.043 0.005 -0.999 0.0 0.023 -0.044 -0.905 -0.0 0.425 -0.028 0.984 0.0 0.114 -0.14 0.91 0.0 0.408 -0.076 -0.663 -0.0 -0.745 0.075 -0.999 0.0 0.019 0.034 0.724 0.0 -0.688 0.046 0.998 0.0 0.035 0.046 
0.999 -0.025 -0.043 0.005 -0.999 -0.0 0.026 -0.046 -0.903 -0.0 0.428 -0.019 0.983 0.0 0.117 -0.14 0.908 0.0 0.411 -0.075 -0.663 -0.0 -0.745 0.076 -0.999 -0.0 0.019 0.034 0.724 0.0 -0.688 0.047 0.998 0.0 0.035 0.045 
0.999 -0.025 -0.042 0.004 -0.998 -0.0 0.03 -0.049 -0.902 0.0 0.432 -0.011 0.983 0.0 0.12 -0.139 0.907 0.0 0.415 -0.074 -0.663 -0.0 -0.745 0.076 -0.999 -0.0 0.019 0.033 0.724 0.0 -0.688 0.048 0.998 0.0 0.034 0.046 
0.999 -0.025 -0.043 0.004 -0.998 -0.0 0.032 -0.051 -0.9 -0.0 0.436 -0.003 0.982 0.0 0.125 -0.139 0.905 0.0 0.419 -0.074 -0.663 -0.0 -0.745 0.077 -0.999 -0.0 0.019 0.033 0.724 -0.0 -0.688 0.048 0.998 -0.0 0.035 0.045 
0.999 -0.026 -0.042 0.003 -0.998 -0.0 0.036 -0.055 -0.898 0.0 0.44 0.005 0.982 0.0 0.128 -0.14 0.903 0.0 0.423 -0.071 -0.663 -0.0 -0.744 0.078 -0.999 -0.0 0.019 0.033 0.724 0.0 -0.688 0.05 0.998 0.0 0.035 0.044 
0.999 -0.026 -0.042 0.003 -0.998 -0.0 0.039 -0.058 -0.896 -0.0 0.444 0.012 0.981 0.0 0.132 -0.14 0.902 0.0 0.427 -0.07 -0.663 0.0 -0.744 0.078 -0.999 -0.0 0.019 0.033 0.724 0.0 -0.688 0.051 0.998 0.0 0.035 0.044 
0.999 -0.026 -0.042 0.003 -0.997 -0.0 0.043 -0.06 -0.894 -0.0 0.447 0.018 0.98 0.0 0.136 -0.142 0.899 -0.0 0.432 -0.068 -0.663 -0.0 -0.744 0.079 -0.999 -0.0 0.019 0.033 0.724 0.0 -0.688 0.052 0.998 0.0 0.035 0.044 
0.999 -0.026 -0.042 0.003 -0.997 0.0 0.047 -0.063 -0.892 -0.0 0.451 0.024 0.98 0.0 0.141 -0.143 0.898 0.0 0.436 -0.067 -0.663 0.0 -0.744 0.079 -0.999 -0.0 0.019 0.033 0.724 0.0 -0.688 0.052 0.998 0.0 0.035 0.044 
0.999 -0.027 -0.042 0.002 -0.997 -0.0 0.051 -0.066 -0.89 -0.0 0.455 0.029 0.979 0.0 0.145 -0.144 0.895 -0.0 0.441 -0.067 -0.663 -0.0 -0.744 0.08 -0.999 -0.0 0.019 0.033 0.724 0.0 -0.688 0.052 0.998 0.0 0.035 0.045 
0.999 -0.027 -0.042 0.002 -0.996 -0.0 0.056 -0.069 -0.889 -0.0 0.456 0.034 0.978 -0.0 0.148 -0.147 0.893 0.0 0.445 -0.065 -0.663 -0.0 -0.744 0.081 -0.999 -0.0 0.018 0.033 0.724 -0.0 -0.688 0.053 0.998 0.0 0.035 0.045 
0.999 -0.028 -0.042 0.003 -0.996 -0.0 0.06 -0.072 -0.887 -0.0 0.459 0.038 0.977 0.0 0.153 -0.15 0.891 0.0 0.45 -0.064 -0.663 -0.0 -0.744 0.081 -0.999 -0.0 0.019 0.034 0.724 0.0 -0.688 0.053 0.998 -0.0 0.035 0.046 
0.999 -0.028 -0.042 0.003 -0.995 -0.0 0.065 -0.076 -0.884 -0.0 0.465 0.042 0.976 0.0 0.157 -0.152 0.888 0.0 0.455 -0.065 -0.663 0.0 -0.744 0.082 -0.999 -0.0 0.018 0.034 0.724 0.0 -0.688 0.054 0.998 0.0 0.035 0.046 
0.999 -0.029 -0.042 0.003 -0.994 -0.0 0.07 -0.078 -0.882 -0.0 0.469 0.043 0.975 0.0 0.161 -0.155 0.886 0.0 0.459 -0.064 -0.663 -0.0 -0.744 0.083 -0.999 -0.0 0.019 0.034 0.724 0.0 -0.688 0.054 0.998 0.0 0.035 0.046 
0.999 -0.029 -0.042 0.003 -0.994 -0.0 0.075 -0.081 -0.88 -0.0 0.474 0.045 0.974 0.0 0.166 -0.157 0.883 0.0 0.464 -0.064 -0.663 -0.0 -0.744 0.083 -0.999 0.0 0.018 0.035 0.724 0.0 -0.688 0.054 0.998 -0.0 0.035 0.046 
0.999 -0.031 -0.042 0.003 -0.993 -0.0 0.08 -0.092 -0.877 -0.0 0.478 0.049 0.972 0.0 0.17 -0.161 0.881 -0.0 0.468 -0.066 -0.663 -0.0 -0.743 0.086 -0.999 -0.0 0.019 0.035 0.724 0.0 -0.687 0.057 0.998 0.0 0.035 0.047 
0.999 -0.032 -0.042 0.004 -0.992 -0.0 0.084 -0.093 -0.874 -0.0 0.484 0.048 0.971 -0.0 0.174 -0.164 0.878 0.0 0.474 -0.067 -0.663 -0.0 -0.743 0.087 -0.999 0.0 0.019 0.035 0.724 -0.0 -0.687 0.058 0.998 0.0 0.035 0.047 
0.999 -0.032 -0.042 0.004 -0.991 -0.0 0.089 -0.097 -0.871 -0.0 0.489 0.048 0.97 0.0 0.178 -0.168 0.876 0.0 0.478 -0.067 -0.664 0.0 -0.743 0.088 -0.999 -0.0 0.019 0.035 0.724 0.0 -0.687 0.059 0.998 0.0 0.036 0.046 
0.999 -0.033 -0.042 0.005 -0.991 0.0 0.094 -0.099 -0.867 0.0 0.496 0.046 0.968 0.0 0.182 -0.171 0.873 0.0 0.484 -0.069 -0.663 0.0 -0.743 0.089 -0.999 -0.0 0.019 0.035 0.724 0.0 -0.687 0.059 0.998 0.0 0.036 0.046 
0.999 -0.033 -0.042 0.005 -0.99 -0.0 0.099 -0.103 -0.865 0.0 0.5 0.044 0.967 0.0 0.186 -0.176 0.87 0.0 0.488 -0.069 -0.664 -0.0 -0.743 0.09 -0.999 -0.0 0.019 0.035 0.724 0.0 -0.687 0.06 0.998 0.0 0.036 0.046 
0.999 -0.034 -0.042 0.006 -0.988 -0.0 0.107 -0.11 -0.864 -0.0 0.501 0.045 0.965 0.0 0.19 -0.179 0.868 0.0 0.492 -0.073 -0.664 -0.0 -0.743 0.091 -0.999 -0.0 0.019 0.035 0.724 0.0 -0.687 0.062 0.998 0.0 0.036 0.046 
0.998 -0.035 -0.042 0.006 -0.988 0.0 0.111 -0.112 -0.861 -0.0 0.507 0.04 0.964 -0.0 0.194 -0.184 0.865 0.0 0.497 -0.073 -0.664 -0.0 -0.742 0.092 -0.999 -0.0 0.018 0.036 0.724 0.0 -0.687 0.062 0.998 0.0 0.036 0.046 
0.998 -0.035 -0.042 0.007 -0.987 -0.0 0.116 -0.115 -0.857 -0.0 0.514 0.036 0.962 0.0 0.198 -0.189 0.862 -0.0 0.501 -0.075 -0.664 -0.0 -0.742 0.093 -0.999 -0.0 0.019 0.036 0.724 0.0 -0.687 0.063 0.998 0.0 0.036 0.046 
0.998 -0.036 -0.042 0.007 -0.986 -0.0 0.121 -0.118 -0.852 0.0 0.523 0.029 0.96 0.0 0.202 -0.192 0.858 0.0 0.508 -0.08 -0.664 0.0 -0.742 0.094 -0.999 -0.0 0.019 0.036 0.724 0.0 -0.687 0.064 0.998 0.0 0.036 0.047 
0.998 -0.036 -0.042 0.008 -0.985 -0.0 0.127 -0.12 -0.849 -0.0 0.527 0.024 0.958 0.0 0.207 -0.196 0.856 0.0 0.511 -0.082 -0.664 -0.0 -0.742 0.095 -0.999 0.0 0.019 0.037 0.724 0.0 -0.687 0.064 0.998 0.0 0.036 0.047 
0.998 -0.037 -0.042 0.008 -0.983 -0.0 0.131 -0.126 -0.846 0.0 0.533 0.018 0.957 0.0 0.211 -0.2 0.852 0.0 0.517 -0.087 -0.664 -0.0 -0.742 0.097 -0.999 -0.0 0.02 0.036 0.724 0.0 -0.687 0.066 0.998 0.0 0.036 0.046 
0.998 -0.038 -0.042 0.009 -0.982 -0.0 0.137 -0.132 -0.842 -0.0 0.539 0.01 0.955 0.0 0.215 -0.206 0.849 0.0 0.521 -0.091 -0.663 -0.0 -0.742 0.098 -0.999 -0.0 0.02 0.037 0.724 0.0 -0.687 0.067 0.998 0.0 0.036 0.047 
0.998 -0.039 -0.042 0.009 -0.981 0.0 0.14 -0.133 -0.836 -0.0 0.549 -0.001 0.953 0.0 0.219 -0.21 0.845 -0.0 0.525 -0.096 -0.663 -0.0 -0.742 0.099 -0.999 -0.0 0.02 0.037 0.724 0.0 -0.687 0.068 0.998 0.0 0.036 0.046 
0.998 -0.039 -0.042 0.01 -0.98 -0.0 0.146 -0.138 -0.834 -0.0 0.551 -0.004 0.951 0.0 0.222 -0.216 0.844 0.0 0.527 -0.098 -0.663 -0.0 -0.742 0.1 -0.999 -0.0 0.021 0.037 0.724 0.0 -0.687 0.068 0.998 0.0 0.036 0.047 
0.998 -0.04 -0.042 0.01 -0.978 0.0 0.15 -0.142 -0.828 -0.0 0.56 -0.016 0.949 0.0 0.226 -0.221 0.84 0.0 0.532 -0.105 -0.663 -0.0 -0.742 0.102 -0.999 -0.0 0.021 0.037 0.724 0.0 -0.686 0.07 0.998 0.0 0.036 0.046 
0.998 -0.041 -0.042 0.01 -0.976 -0.0 0.156 -0.149 -0.828 -0.0 0.56 -0.025 0.947 0.0 0.229 -0.226 0.839 0.0 0.533 -0.109 -0.663 -0.0 -0.742 0.103 -0.999 -0.0 0.021 0.037 0.723 -0.0 -0.687 0.072 0.998 0.0 0.037 0.045 
0.998 -0.042 -0.042 0.01 -0.975 -0.0 0.16 -0.155 -0.822 0.0 0.569 -0.042 0.944 0.0 0.233 -0.232 0.839 0.0 0.532 -0.112 -0.663 -0.0 -0.741 0.106 -0.999 -0.0 0.022 0.037 0.723 -0.0 -0.686 0.074 0.998 0.0 0.037 0.045 
0.998 -0.043 -0.042 0.011 -0.973 -0.0 0.166 -0.16 -0.819 0.0 0.571 -0.054 0.942 0.0 0.236 -0.238 0.837 0.0 0.534 -0.119 -0.663 -0.0 -0.741 0.107 -0.999 -0.0 0.022 0.037 0.723 0.0 -0.686 0.076 0.998 0.0 0.037 0.045 
0.998 -0.044 -0.041 0.011 -0.971 -0.0 0.171 -0.165 -0.817 -0.0 0.573 -0.067 0.94 0.0 0.239 -0.243 0.835 -0.0 0.536 -0.125 -0.663 -0.0 -0.74 0.108 -0.999 -0.0 0.022 0.037 0.723 0.0 -0.687 0.078 0.998 0.0 0.037 0.045 
0.998 -0.045 -0.041 0.011 -0.97 -0.0 0.176 -0.17 -0.816 0.0 0.573 -0.077 0.937 -0.0 0.242 -0.251 0.835 -0.0 0.535 -0.13 -0.663 -0.0 -0.741 0.11 -0.999 -0.0 0.022 0.038 0.723 0.0 -0.686 0.078 0.998 0.0 0.037 0.045 
0.998 -0.046 -0.041 0.011 -0.967 -0.0 0.181 -0.178 -0.815 -0.0 0.573 -0.089 0.935 0.0 0.245 -0.257 0.833 0.0 0.537 -0.136 -0.663 -0.0 -0.741 0.111 -0.999 -0.0 0.023 0.037 0.723 0.0 -0.686 0.08 0.998 0.0 0.037 0.045 
0.998 -0.047 -0.041 0.011 -0.965 -0.0 0.187 -0.187 -0.815 -0.0 0.571 -0.101 0.933 0.0 0.248 -0.262 0.831 -0.0 0.537 -0.147 -0.663 -0.0 -0.74 0.113 -0.999 -0.0 0.023 0.038 0.723 0.0 -0.686 0.082 0.998 -0.0 0.038 0.045 
0.998 -0.048 -0.041 0.011 -0.963 -0.0 0.19 -0.193 -0.814 -0.0 0.57 -0.116 0.93 0.0 0.251 -0.269 0.83 -0.0 0.537 -0.153 -0.663 -0.0 -0.74 0.114 -0.999 -0.0 0.023 0.038 0.723 0.0 -0.686 0.082 0.998 0.0 0.037 0.046 
0.998 -0.048 -0.041 0.011 -0.96 -0.0 0.194 -0.2 -0.813 -0.0 0.569 -0.126 0.927 0.0 0.253 -0.276 0.83 0.0 0.536 -0.158 -0.663 -0.0 -0.74 0.115 -0.999 0.0 0.023 0.038 0.723 0.0 -0.685 0.083 0.998 0.0 0.037 0.046 
0.998 -0.05 -0.041 0.01 -0.957 -0.0 0.199 -0.212 -0.813 -0.0 0.566 -0.136 0.925 0.0 0.255 -0.282 0.828 -0.0 0.536 -0.166 -0.663 -0.0 -0.74 0.117 -0.999 -0.0 0.024 0.038 0.723 0.0 -0.685 0.086 0.998 0.0 0.037 0.046 
0.998 -0.051 -0.041 0.01 -0.953 -0.0 0.201 -0.225 -0.813 -0.0 0.563 -0.147 0.922 0.0 0.256 -0.291 0.829 0.0 0.533 -0.171 -0.663 -0.0 -0.739 0.12 -0.999 -0.0 0.024 0.038 0.723 0.0 -0.685 0.089 0.998 -0.0 0.037 0.046 
0.998 -0.052 -0.041 0.01 -0.95 0.0 0.205 -0.234 -0.814 -0.0 0.56 -0.156 0.919 0.0 0.258 -0.297 0.827 0.0 0.533 -0.177 -0.663 -0.0 -0.739 0.122 -0.999 -0.0 0.024 0.038 0.723 -0.0 -0.685 0.089 0.998 0.0 0.037 0.047 
0.998 -0.052 -0.041 0.01 -0.948 -0.0 0.209 -0.239 -0.813 -0.0 0.558 -0.166 0.916 0.0 0.259 -0.305 0.827 0.0 0.532 -0.182 -0.663 -0.0 -0.739 0.122 -0.999 -0.0 0.024 0.038 0.723 -0.0 -0.685 0.089 0.998 0.0 0.037 0.047 
0.998 -0.054 -0.041 0.01 -0.944 0.0 0.209 -0.255 -0.814 0.0 0.554 -0.174 0.914 0.0 0.259 -0.313 0.827 0.0 0.529 -0.188 -0.663 -0.0 -0.739 0.124 -0.999 0.0 0.025 0.039 0.723 0.0 -0.685 0.092 0.998 0.0 0.038 0.047 
0.998 -0.054 -0.041 0.01 -0.941 -0.0 0.211 -0.264 -0.815 0.0 0.55 -0.182 0.91 0.0 0.259 -0.322 0.828 -0.0 0.527 -0.192 -0.662 -0.0 -0.739 0.125 -0.999 -0.0 0.025 0.039 0.723 0.0 -0.685 0.093 0.998 0.0 0.038 0.047 
0.998 -0.055 -0.041 0.009 -0.938 -0.0 0.212 -0.275 -0.816 -0.0 0.546 -0.188 0.907 0.0 0.259 -0.331 0.828 0.0 0.525 -0.196 -0.662 -0.0 -0.739 0.126 -0.999 0.0 0.026 0.039 0.723 0.0 -0.685 0.095 0.998 0.0 0.039 0.047 
0.998 -0.056 -0.041 0.009 -0.934 -0.0 0.213 -0.286 -0.817 -0.0 0.543 -0.194 0.904 0.0 0.259 -0.339 0.828 0.0 0.523 -0.2 -0.662 -0.0 -0.738 0.127 -0.999 -0.0 0.026 0.04 0.723 0.0 -0.685 0.096 0.998 0.0 0.039 0.047 
0.998 -0.056 -0.041 0.009 -0.931 -0.0 0.213 -0.297 -0.818 -0.0 0.54 -0.198 0.901 0.0 0.258 -0.348 0.829 0.0 0.522 -0.203 -0.662 -0.0 -0.738 0.127 -0.999 -0.0 0.026 0.04 0.723 0.0 -0.684 0.095 0.998 -0.0 0.038 0.049 
0.998 -0.056 -0.041 0.009 -0.927 -0.0 0.212 -0.308 -0.82 -0.0 0.535 -0.202 0.899 0.0 0.258 -0.355 0.829 0.0 0.52 -0.208 -0.662 -0.0 -0.739 0.127 -0.999 -0.0 0.027 0.041 0.723 -0.0 -0.685 0.096 0.998 -0.0 0.039 0.049 
0.997 -0.057 -0.041 0.01 -0.924 -0.0 0.211 -0.319 -0.821 -0.0 0.532 -0.206 0.895 0.0 0.256 -0.365 0.829 0.0 0.517 -0.211 -0.662 -0.0 -0.739 0.128 -0.999 -0.0 0.027 0.041 0.723 0.0 -0.684 0.096 0.998 0.0 0.042 0.05 
0.997 -0.057 -0.041 0.01 -0.92 -0.0 0.209 -0.331 -0.823 0.0 0.528 -0.209 0.893 -0.0 0.253 -0.373 0.827 0.0 0.518 -0.216 -0.662 -0.0 -0.739 0.129 -0.999 0.0 0.027 0.041 0.723 -0.0 -0.684 0.096 0.998 0.0 0.039 0.051 
0.997 -0.058 -0.041 0.01 -0.917 -0.0 0.206 -0.342 -0.825 -0.0 0.524 -0.213 0.889 -0.0 0.251 -0.384 0.83 0.0 0.514 -0.216 -0.661 -0.0 -0.739 0.13 -0.999 -0.0 0.028 0.042 0.724 0.0 -0.684 0.096 0.998 0.0 0.037 0.052 
0.997 -0.058 -0.041 0.011 -0.913 -0.0 0.204 -0.353 -0.826 -0.0 0.521 -0.215 0.885 0.0 0.248 -0.394 0.832 -0.0 0.512 -0.216 -0.661 -0.0 -0.739 0.13 -0.999 -0.0 0.028 0.043 0.723 0.0 -0.684 0.096 0.998 -0.0 0.04 0.052 
0.997 -0.057 -0.041 0.011 -0.911 -0.0 0.204 -0.358 -0.83 -0.0 0.514 -0.217 0.881 0.0 0.246 -0.404 0.833 -0.0 0.509 -0.216 -0.661 -0.0 -0.739 0.129 -0.999 0.0 0.028 0.043 0.723 0.0 -0.684 0.095 0.998 0.0 0.039 0.053 
0.997 -0.058 -0.041 0.012 -0.907 -0.0 0.198 -0.372 -0.831 -0.0 0.51 -0.222 0.877 -0.0 0.242 -0.415 0.836 0.0 0.506 -0.214 -0.661 -0.0 -0.739 0.13 -0.999 -0.0 0.029 0.044 0.724 0.0 -0.684 0.095 0.998 0.0 0.038 0.055 
0.997 -0.059 -0.041 0.013 -0.903 0.0 0.194 -0.383 -0.833 0.0 0.506 -0.222 0.874 0.0 0.239 -0.424 0.836 0.0 0.504 -0.219 -0.66 -0.0 -0.739 0.13 -0.999 -0.0 0.029 0.044 0.724 -0.0 -0.684 0.094 0.998 0.0 0.038 0.055 
0.997 -0.059 -0.041 0.014 -0.9 -0.0 0.188 -0.393 -0.833 -0.0 0.504 -0.227 0.87 0.0 0.235 -0.434 0.837 -0.0 0.501 -0.221 -0.66 0.0 -0.739 0.132 -0.999 -0.0 0.03 0.045 0.724 0.0 -0.683 0.095 0.998 0.0 0.039 0.056 
0.997 -0.06 -0.041 0.015 -0.897 -0.0 0.184 -0.402 -0.835 -0.0 0.5 -0.229 0.865 0.0 0.231 -0.444 0.84 0.0 0.497 -0.218 -0.66 -0.0 -0.74 0.132 -0.999 -0.0 0.03 0.045 0.724 0.0 -0.683 0.094 0.998 0.0 0.039 0.056 
0.997 -0.06 -0.041 0.015 -0.894 0.0 0.18 -0.411 -0.837 -0.0 0.497 -0.23 0.862 0.0 0.228 -0.452 0.84 0.0 0.495 -0.22 -0.66 0.0 -0.74 0.132 -0.999 -0.0 0.029 0.045 0.724 0.0 -0.683 0.094 0.998 -0.0 0.039 0.057 
0.997 -0.06 -0.041 0.016 -0.891 -0.0 0.176 -0.419 -0.839 -0.0 0.493 -0.232 0.858 0.0 0.224 -0.462 0.843 0.0 0.491 -0.22 -0.66 0.0 -0.74 0.131 -0.998 -0.0 0.03 0.046 0.724 0.0 -0.683 0.093 0.998 0.0 0.039 0.057 
0.997 -0.059 -0.041 0.017 -0.888 -0.0 0.173 -0.426 -0.841 -0.0 0.489 -0.233 0.855 0.0 0.22 -0.47 0.844 0.0 0.488 -0.221 -0.66 -0.0 -0.74 0.131 -0.998 -0.0 0.03 0.047 0.724 0.0 -0.683 0.092 0.998 -0.0 0.039 0.057 
0.997 -0.059 -0.041 0.018 -0.885 -0.0 0.17 -0.433 -0.843 -0.0 0.484 -0.234 0.852 0.0 0.217 -0.477 0.845 0.0 0.485 -0.225 -0.659 -0.0 -0.741 0.13 -0.998 -0.0 0.03 0.047 0.724 0.0 -0.683 0.092 0.998 0.0 0.039 0.057 
0.997 -0.058 -0.041 0.018 -0.885 -0.0 0.169 -0.435 -0.845 -0.0 0.48 -0.236 0.848 0.0 0.214 -0.484 0.847 0.0 0.482 -0.226 -0.659 -0.0 -0.741 0.128 -0.998 -0.0 0.031 0.048 0.724 0.0 -0.684 0.09 0.998 0.0 0.039 0.058 
0.997 -0.057 -0.041 0.019 -0.883 0.0 0.166 -0.439 -0.846 -0.0 0.477 -0.238 0.845 0.0 0.211 -0.491 0.849 0.0 0.478 -0.225 -0.659 -0.0 -0.741 0.127 -0.998 -0.0 0.03 0.048 0.724 -0.0 -0.684 0.089 0.998 0.0 0.039 0.058 
0.997 -0.061 -0.041 0.02 -0.875 -0.0 0.149 -0.46 -0.848 -0.0 0.471 -0.241 0.843 0.0 0.205 -0.498 0.85 0.0 0.472 -0.234 -0.659 -0.0 -0.741 0.132 -0.998 -0.0 0.031 0.048 0.725 0.0 -0.683 0.093 0.998 0.0 0.039 0.058 
0.997 -0.06 -0.041 0.021 -0.873 -0.0 0.146 -0.465 -0.85 -0.0 0.467 -0.243 0.839 0.0 0.201 -0.505 0.853 0.0 0.467 -0.234 -0.659 -0.0 -0.741 0.131 -0.998 -0.0 0.031 0.049 0.724 0.0 -0.683 0.092 0.998 0.0 0.039 0.058 
0.997 -0.06 -0.041 0.022 -0.871 -0.0 0.143 -0.469 -0.852 0.0 0.462 -0.245 0.837 0.0 0.198 -0.51 0.854 0.0 0.463 -0.237 -0.659 0.0 -0.741 0.131 -0.998 0.0 0.031 0.049 0.724 0.0 -0.683 0.091 0.998 0.0 0.04 0.058 
0.997 -0.06 -0.041 0.023 -0.87 0.0 0.14 -0.473 -0.854 -0.0 0.457 -0.247 0.835 -0.0 0.196 -0.515 0.856 0.0 0.458 -0.239 -0.658 -0.0 -0.741 0.13 -0.998 -0.0 0.031 0.049 0.724 0.0 -0.684 0.09 0.998 0.0 0.04 0.058 
0.997 -0.059 -0.041 0.024 -0.868 0.0 0.137 -0.478 -0.856 -0.0 0.452 -0.249 0.832 0.0 0.193 -0.52 0.858 0.0 0.453 -0.241 -0.658 -0.0 -0.742 0.13 -0.998 -0.0 0.031 0.049 0.724 0.0 -0.684 0.089 0.998 0.0 0.04 0.058 
0.997 -0.059 -0.041 0.024 -0.866 -0.0 0.133 -0.481 -0.858 -0.0 0.446 -0.253 0.83 0.0 0.189 -0.524 0.86 0.0 0.449 -0.244 -0.658 -0.0 -0.742 0.129 -0.998 -0.0 0.031 0.049 0.724 0.0 -0.684 0.088 0.997 0.0 0.04 0.058 
0.997 -0.059 -0.041 0.025 -0.865 -0.0 0.131 -0.485 -0.86 0.0 0.441 -0.256 0.828 0.0 0.185 -0.53 0.862 0.0 0.443 -0.244 -0.658 -0.0 -0.742 0.128 -0.998 -0.0 0.031 0.05 0.724 0.0 -0.684 0.088 0.997 -0.0 0.04 0.058 
0.997 -0.058 -0.041 0.025 -0.864 -0.0 0.128 -0.487 -0.862 -0.0 0.435 -0.26 0.827 0.0 0.182 -0.532 0.864 -0.0 0.438 -0.249 -0.658 -0.0 -0.742 0.128 -0.998 -0.0 0.031 0.049 0.724 0.0 -0.684 0.087 0.997 0.0 0.04 0.058 
0.997 -0.058 -0.041 0.026 -0.863 0.0 0.126 -0.49 -0.863 -0.0 0.43 -0.264 0.825 0.0 0.179 -0.536 0.866 0.0 0.433 -0.25 -0.658 -0.0 -0.742 0.127 -0.998 -0.0 0.031 0.05 0.724 -0.0 -0.684 0.085 0.997 0.0 0.04 0.059 
0.997 -0.057 -0.041 0.026 -0.862 -0.0 0.124 -0.491 -0.865 -0.0 0.425 -0.267 0.824 0.0 0.176 -0.538 0.867 0.0 0.428 -0.256 -0.658 -0.0 -0.743 0.125 -0.998 -0.0 0.031 0.05 0.724 -0.0 -0.684 0.083 0.997 0.0 0.04 0.059 
0.997 -0.056 -0.041 0.027 -0.862 -0.0 0.122 -0.492 -0.866 0.0 0.419 -0.272 0.823 0.0 0.173 -0.541 0.869 -0.0 0.423 -0.259 -0.658 -0.0 -0.743 0.124 -0.998 -0.0 0.031 0.05 0.725 0.0 -0.684 0.082 0.997 0.0 0.039 0.06 
0.997 -0.056 -0.041 0.027 -0.861 0.0 0.12 -0.494 -0.868 -0.0 0.414 -0.275 0.823 -0.0 0.17 -0.543 0.87 0.0 0.417 -0.262 -0.658 0.0 -0.743 0.123 -0.998 -0.0 0.031 0.05 0.725 -0.0 -0.684 0.081 0.997 0.0 0.039 0.06 
0.997 -0.055 -0.041 0.027 -0.86 -0.0 0.118 -0.496 -0.87 -0.0 0.408 -0.278 0.822 0.0 0.167 -0.544 0.872 0.0 0.412 -0.265 -0.658 -0.0 -0.744 0.122 -0.998 0.0 0.031 0.05 0.725 -0.0 -0.684 0.08 0.997 0.0 0.039 0.06 
0.997 -0.056 -0.041 0.027 -0.859 -0.0 0.115 -0.499 -0.871 -0.0 0.402 -0.282 0.822 0.0 0.163 -0.546 0.874 -0.0 0.406 -0.268 -0.658 -0.0 -0.743 0.122 -0.998 -0.0 0.031 0.05 0.725 0.0 -0.684 0.08 0.997 0.0 0.039 0.06 
0.997 -0.055 -0.041 0.027 -0.859 -0.0 0.114 -0.5 -0.873 -0.0 0.397 -0.285 0.821 0.0 0.16 -0.548 0.875 0.0 0.402 -0.27 -0.657 -0.0 -0.744 0.121 -0.998 -0.0 0.031 0.05 0.725 0.0 -0.684 0.079 0.997 0.0 0.039 0.06 
0.997 -0.054 -0.041 0.027 -0.858 -0.0 0.112 -0.501 -0.875 -0.0 0.391 -0.286 0.821 0.0 0.157 -0.549 0.877 0.0 0.397 -0.272 -0.657 -0.0 -0.744 0.12 -0.998 -0.0 0.031 0.05 0.725 0.0 -0.684 0.078 0.997 0.0 0.039 0.06 
0.997 -0.054 -0.041 0.027 -0.858 0.0 0.112 -0.502 -0.877 -0.0 0.385 -0.287 0.821 0.0 0.154 -0.549 0.879 0.0 0.392 -0.271 -0.657 -0.0 -0.744 0.119 -0.998 -0.0 0.031 0.05 0.725 0.0 -0.685 0.077 0.997 0.0 0.039 0.06 
0.997 -0.053 -0.041 0.027 -0.857 -0.0 0.11 -0.503 -0.879 0.0 0.379 -0.288 0.821 0.0 0.151 -0.55 0.881 -0.0 0.388 -0.273 -0.657 -0.0 -0.744 0.118 -0.998 -0.0 0.03 0.05 0.725 0.0 -0.685 0.076 0.997 0.0 0.039 0.06 
0.997 -0.052 -0.041 0.027 -0.857 -0.0 0.109 -0.504 -0.881 -0.0 0.374 -0.288 0.822 0.0 0.148 -0.551 0.883 0.0 0.382 -0.273 -0.657 -0.0 -0.744 0.117 -0.998 0.0 0.031 0.049 0.725 0.0 -0.685 0.074 0.997 0.0 0.039 0.06 
0.997 -0.052 -0.042 0.027 -0.857 -0.0 0.108 -0.504 -0.884 -0.0 0.369 -0.289 0.822 0.0 0.145 -0.551 0.885 -0.0 0.377 -0.273 -0.657 -0.0 -0.745 0.116 -0.998 -0.0 0.03 0.049 0.725 -0.0 -0.685 0.073 0.997 0.0 0.039 0.06 
0.997 -0.051 -0.042 0.026 -0.857 -0.0 0.106 -0.505 -0.886 -0.0 0.364 -0.289 0.822 0.0 0.143 -0.551 0.887 0.0 0.372 -0.273 -0.657 -0.0 -0.745 0.114 -0.998 -0.0 0.03 0.049 0.725 0.0 -0.685 0.071 0.997 0.0 0.038 0.06 
0.998 -0.05 -0.042 0.026 -0.857 0.0 0.106 -0.504 -0.888 -0.0 0.359 -0.288 0.823 0.0 0.141 -0.551 0.889 0.0 0.367 -0.272 -0.657 -0.0 -0.745 0.112 -0.998 -0.0 0.03 0.049 0.725 -0.0 -0.685 0.069 0.997 0.0 0.038 0.06 
0.998 -0.049 -0.042 0.025 -0.857 -0.0 0.104 -0.505 -0.89 -0.0 0.354 -0.286 0.824 0.0 0.138 -0.55 0.891 0.0 0.363 -0.271 -0.657 -0.0 -0.745 0.11 -0.998 -0.0 0.03 0.049 0.725 0.0 -0.685 0.068 0.997 0.0 0.038 0.06 
0.998 -0.048 -0.042 0.025 -0.857 0.0 0.102 -0.505 -0.893 -0.0 0.35 -0.284 0.825 0.0 0.137 -0.549 0.894 0.0 0.359 -0.269 -0.657 -0.0 -0.746 0.109 -0.998 -0.0 0.03 0.049 0.724 -0.0 -0.686 0.067 0.997 0.0 0.04 0.06 
0.998 -0.047 -0.042 0.025 -0.857 -0.0 0.1 -0.506 -0.895 -0.0 0.346 -0.282 0.826 0.0 0.135 -0.548 0.896 0.0 0.355 -0.267 -0.657 -0.0 -0.746 0.107 -0.998 0.0 0.03 0.049 0.724 0.0 -0.686 0.066 0.997 0.0 0.04 0.06 
0.998 -0.047 -0.042 0.024 -0.857 -0.0 0.097 -0.506 -0.898 -0.0 0.341 -0.279 0.827 -0.0 0.13 -0.548 0.898 0.0 0.351 -0.265 -0.658 -0.0 -0.746 0.106 -0.998 -0.0 0.029 0.049 0.724 0.0 -0.686 0.065 0.997 0.0 0.04 0.06 
0.998 -0.046 -0.042 0.024 -0.857 -0.0 0.094 -0.506 -0.9 -0.0 0.337 -0.277 0.827 0.0 0.126 -0.548 0.9 0.0 0.347 -0.262 -0.658 -0.0 -0.746 0.105 -0.998 -0.0 0.029 0.05 0.725 -0.0 -0.686 0.065 0.997 0.0 0.04 0.06 
0.998 -0.046 -0.042 0.023 -0.858 -0.0 0.092 -0.506 -0.902 -0.0 0.334 -0.273 0.828 0.0 0.123 -0.547 0.903 0.0 0.344 -0.258 -0.658 -0.0 -0.746 0.103 -0.998 -0.0 0.029 0.05 0.724 0.0 -0.686 0.063 0.997 0.0 0.04 0.06 
0.998 -0.045 -0.042 0.022 -0.858 -0.0 0.09 -0.506 -0.905 -0.0 0.33 -0.269 0.83 0.0 0.121 -0.545 0.905 0.0 0.34 -0.255 -0.658 -0.0 -0.746 0.102 -0.998 -0.0 0.029 0.05 0.724 0.0 -0.687 0.062 0.997 0.0 0.039 0.06 
0.998 -0.044 -0.042 0.022 -0.859 -0.0 0.088 -0.505 -0.907 -0.0 0.327 -0.266 0.831 0.0 0.119 -0.543 0.907 0.0 0.336 -0.253 -0.658 -0.0 -0.746 0.101 -0.998 -0.0 0.029 0.05 0.725 0.0 -0.686 0.061 0.997 0.0 0.038 0.061 
0.998 -0.044 -0.042 0.021 -0.86 0.0 0.087 -0.503 -0.91 -0.0 0.323 -0.261 0.833 0.0 0.117 -0.541 0.91 0.0 0.333 -0.249 -0.658 -0.0 -0.747 0.099 -0.998 -0.0 0.029 0.049 0.724 0.0 -0.687 0.06 0.997 0.0 0.039 0.06 
0.998 -0.043 -0.042 0.021 -0.861 -0.0 0.085 -0.502 -0.912 -0.0 0.319 -0.257 0.835 -0.0 0.115 -0.538 0.911 0.0 0.33 -0.245 -0.658 -0.0 -0.747 0.097 -0.998 -0.0 0.029 0.049 0.725 0.0 -0.686 0.058 0.997 0.0 0.038 0.061 
0.998 -0.042 -0.042 0.02 -0.862 -0.0 0.083 -0.5 -0.913 -0.0 0.318 -0.255 0.837 0.0 0.113 -0.535 0.914 0.0 0.328 -0.241 -0.658 0.0 -0.747 0.096 -0.998 -0.0 0.028 0.049 0.725 0.0 -0.686 0.057 0.997 0.0 0.038 0.06 
0.998 -0.041 -0.043 0.019 -0.863 0.0 0.081 -0.499 -0.915 0.0 0.315 -0.251 0.84 0.0 0.11 -0.531 0.915 0.0 0.325 -0.238 -0.658 -0.0 -0.747 0.095 -0.998 -0.0 0.028 0.049 0.725 0.0 -0.686 0.057 0.997 0.0 0.038 0.06 
0.998 -0.041 -0.042 0.018 -0.865 -0.0 0.079 -0.496 -0.917 -0.0 0.312 -0.248 0.841 -0.0 0.107 -0.53 0.919 0.0 0.322 -0.227 -0.658 -0.0 -0.747 0.093 -0.998 -0.0 0.028 0.049 0.725 0.0 -0.687 0.057 0.998 0.0 0.037 0.059 
0.998 -0.04 -0.042 0.018 -0.866 -0.0 0.078 -0.493 -0.919 -0.0 0.31 -0.244 0.843 0.0 0.105 -0.527 0.921 0.0 0.32 -0.222 -0.658 -0.0 -0.747 0.092 -0.998 -0.0 0.028 0.049 0.725 0.0 -0.687 0.055 0.998 -0.0 0.037 0.06 
0.998 -0.039 -0.043 0.017 -0.868 -0.0 0.077 -0.49 -0.921 -0.0 0.307 -0.24 0.846 -0.0 0.103 -0.523 0.924 0.0 0.318 -0.214 -0.658 -0.0 -0.747 0.09 -0.998 -0.0 0.027 0.049 0.725 0.0 -0.687 0.055 0.998 -0.0 0.037 0.059 
0.998 -0.038 -0.043 0.015 -0.87 -0.0 0.076 -0.487 -0.922 0.0 0.306 -0.237 0.849 0.0 0.101 -0.518 0.923 0.0 0.318 -0.215 -0.659 -0.0 -0.747 0.089 -0.998 0.0 0.027 0.048 0.725 0.0 -0.687 0.054 0.998 -0.0 0.037 0.058 
0.998 -0.038 -0.043 0.015 -0.871 -0.0 0.074 -0.485 -0.925 -0.0 0.304 -0.23 0.852 0.0 0.095 -0.515 0.924 -0.0 0.319 -0.211 -0.659 -0.0 -0.747 0.088 -0.998 -0.0 0.026 0.048 0.725 -0.0 -0.687 0.054 0.998 0.0 0.037 0.058 
0.998 -0.037 -0.043 0.014 -0.874 -0.0 0.073 -0.48 -0.926 -0.0 0.301 -0.229 0.855 0.0 0.093 -0.511 0.926 0.0 0.318 -0.205 -0.659 -0.0 -0.747 0.087 -0.999 -0.0 0.026 0.047 0.725 0.0 -0.687 0.053 0.998 0.0 0.037 0.058 
0.998 -0.036 -0.043 0.013 -0.876 0.0 0.071 -0.476 -0.928 -0.0 0.3 -0.223 0.858 0.0 0.091 -0.506 0.927 0.0 0.317 -0.201 -0.659 -0.0 -0.747 0.086 -0.999 -0.0 0.026 0.047 0.725 0.0 -0.687 0.053 0.998 0.0 0.037 0.057 
0.998 -0.033 -0.043 0.013 -0.883 -0.0 0.077 -0.463 -0.928 -0.0 0.298 -0.225 0.861 0.0 0.091 -0.5 0.928 -0.0 0.317 -0.195 -0.659 -0.0 -0.748 0.081 -0.999 -0.0 0.025 0.047 0.725 0.0 -0.687 0.048 0.998 0.0 0.036 0.057 
0.999 -0.03 -0.043 0.012 -0.889 -0.0 0.083 -0.45 -0.928 -0.0 0.296 -0.225 0.864 0.0 0.092 -0.494 0.93 0.0 0.317 -0.189 -0.659 0.0 -0.748 0.077 -0.999 -0.0 0.025 0.046 0.725 0.0 -0.688 0.044 0.998 0.0 0.036 0.058 
0.999 -0.029 -0.043 0.011 -0.891 -0.0 0.082 -0.446 -0.93 -0.0 0.294 -0.221 0.868 0.0 0.09 -0.488 0.931 0.0 0.316 -0.185 -0.659 -0.0 -0.748 0.076 -0.999 -0.0 0.025 0.046 0.725 0.0 -0.688 0.044 0.998 -0.0 0.036 0.057 
0.999 -0.029 -0.043 0.011 -0.894 -0.0 0.081 -0.441 -0.931 -0.0 0.292 -0.218 0.871 0.0 0.088 -0.483 0.932 0.0 0.315 -0.182 -0.659 -0.0 -0.748 0.075 -0.999 -0.0 0.024 0.046 0.725 0.0 -0.688 0.043 0.998 0.0 0.036 0.057 
0.999 -0.028 -0.043 0.01 -0.897 -0.0 0.079 -0.435 -0.932 -0.0 0.291 -0.215 0.875 0.0 0.086 -0.476 0.933 0.0 0.314 -0.178 -0.659 -0.0 -0.748 0.075 -0.999 0.0 0.024 0.045 0.725 0.0 -0.688 0.043 0.998 0.0 0.036 0.057 
0.999 -0.028 -0.043 0.009 -0.9 -0.0 0.077 -0.429 -0.933 -0.0 0.291 -0.213 0.879 0.0 0.084 -0.47 0.933 0.0 0.313 -0.176 -0.659 -0.0 -0.748 0.074 -0.999 -0.0 0.024 0.045 0.725 0.0 -0.688 0.042 0.998 -0.0 0.036 0.057 
0.999 -0.027 -0.043 0.009 -0.903 -0.0 0.075 -0.423 -0.934 -0.0 0.29 -0.211 0.882 -0.0 0.082 -0.463 0.934 0.0 0.313 -0.173 -0.659 0.0 -0.748 0.074 -0.999 -0.0 0.024 0.044 0.725 -0.0 -0.688 0.042 0.998 0.0 0.035 0.057 
0.999 -0.026 -0.043 0.008 -0.907 0.0 0.074 -0.415 -0.934 0.0 0.289 -0.209 0.886 0.0 0.081 -0.456 0.934 0.0 0.312 -0.17 -0.659 -0.0 -0.748 0.072 -0.999 -0.0 0.024 0.044 0.725 0.0 -0.688 0.041 0.998 -0.0 0.035 0.057 
0.999 -0.026 -0.043 0.008 -0.91 -0.0 0.073 -0.408 -0.935 -0.0 0.288 -0.207 0.89 0.0 0.079 -0.45 0.935 -0.0 0.312 -0.167 -0.659 -0.0 -0.749 0.072 -0.999 0.0 0.024 0.044 0.725 0.0 -0.688 0.04 0.998 0.0 0.035 0.056 
0.999 -0.025 -0.043 0.008 -0.913 -0.0 0.071 -0.401 -0.936 -0.0 0.287 -0.204 0.893 0.0 0.077 -0.443 0.936 0.0 0.312 -0.165 -0.659 -0.0 -0.749 0.071 -0.999 0.0 0.024 0.044 0.724 0.0 -0.688 0.04 0.998 -0.0 0.037 0.056 
0.999 -0.025 -0.043 0.007 -0.917 0.0 0.069 -0.394 -0.936 -0.0 0.287 -0.203 0.897 -0.0 0.074 -0.437 0.937 0.0 0.312 -0.16 -0.659 -0.0 -0.749 0.071 -0.999 -0.0 0.024 0.044 0.724 0.0 -0.688 0.041 0.998 0.0 0.037 0.055 
0.999 -0.024 -0.043 0.007 -0.92 -0.0 0.067 -0.386 -0.937 -0.0 0.286 -0.201 0.901 0.0 0.073 -0.428 0.936 0.0 0.312 -0.161 -0.659 -0.0 -0.749 0.07 -0.999 -0.0 0.024 0.043 0.724 0.0 -0.688 0.04 0.998 -0.0 0.037 0.055 
0.999 -0.023 -0.043 0.007 -0.924 -0.0 0.066 -0.378 -0.937 -0.0 0.286 -0.2 0.905 0.0 0.072 -0.419 0.937 0.0 0.312 -0.16 -0.659 -0.0 -0.749 0.069 -0.999 0.0 0.024 0.044 0.724 -0.0 -0.688 0.039 0.998 0.0 0.037 0.055 
0.999 -0.023 -0.043 0.007 -0.927 0.0 0.063 -0.369 -0.937 -0.0 0.287 -0.198 0.909 0.0 0.07 -0.412 0.936 -0.0 0.313 -0.158 -0.659 -0.0 -0.749 0.068 -0.999 -0.0 0.024 0.043 0.724 0.0 -0.688 0.038 0.998 0.0 0.037 0.056 
0.999 -0.022 -0.044 0.006 -0.931 0.0 0.061 -0.361 -0.938 0.0 0.286 -0.196 0.912 0.0 0.067 -0.404 0.936 0.0 0.314 -0.157 -0.659 0.0 -0.749 0.068 -0.999 -0.0 0.024 0.043 0.724 0.0 -0.688 0.038 0.998 0.0 0.037 0.056 
0.999 -0.022 -0.044 0.006 -0.934 -0.0 0.059 -0.352 -0.938 -0.0 0.287 -0.196 0.915 -0.0 0.064 -0.398 0.937 0.0 0.315 -0.151 -0.659 -0.0 -0.749 0.067 -0.999 -0.0 0.024 0.043 0.724 0.0 -0.688 0.037 0.998 -0.0 0.04 0.057 
0.999 -0.022 -0.043 0.005 -0.938 -0.0 0.057 -0.343 -0.937 -0.0 0.288 -0.196 0.919 0.0 0.061 -0.39 0.936 0.0 0.317 -0.149 -0.659 -0.0 -0.749 0.067 -0.999 -0.0 0.024 0.043 0.725 0.0 -0.688 0.036 0.998 0.0 0.035 0.057 
0.999 -0.021 -0.043 0.005 -0.941 -0.0 0.055 -0.334 -0.937 -0.0 0.288 -0.196 0.923 0.0 0.059 -0.381 0.936 -0.0 0.319 -0.148 -0.659 -0.0 -0.749 0.066 -0.999 0.0 0.024 0.044 0.724 0.0 -0.689 0.037 0.998 0.0 0.037 0.056 
0.999 -0.021 -0.043 0.005 -0.944 -0.0 0.053 -0.324 -0.937 -0.0 0.289 -0.196 0.926 0.0 0.057 -0.373 0.936 0.0 0.321 -0.147 -0.659 -0.0 -0.749 0.065 -0.999 -0.0 0.024 0.044 0.725 0.0 -0.688 0.035 0.998 0.0 0.035 0.057 
0.999 -0.02 -0.043 0.005 -0.948 0.0 0.051 -0.315 -0.937 -0.0 0.289 -0.195 0.93 0.0 0.055 -0.364 0.935 -0.0 0.324 -0.145 -0.659 -0.0 -0.749 0.064 -0.999 -0.0 0.023 0.044 0.725 0.0 -0.688 0.035 0.998 0.0 0.035 0.058 
0.999 -0.019 -0.043 0.005 -0.951 0.0 0.049 -0.305 -0.937 -0.0 0.29 -0.196 0.933 0.0 0.053 -0.356 0.935 0.0 0.325 -0.145 -0.659 -0.0 -0.749 0.063 -0.999 -0.0 0.023 0.044 0.724 0.0 -0.689 0.035 0.998 -0.0 0.038 0.055 
0.999 -0.019 -0.043 0.004 -0.954 -0.0 0.048 -0.295 -0.937 -0.0 0.29 -0.197 0.936 0.0 0.051 -0.348 0.934 0.0 0.328 -0.143 -0.659 -0.0 -0.749 0.062 -0.999 -0.0 0.023 0.045 0.725 0.0 -0.688 0.033 0.998 -0.0 0.035 0.058 
0.999 -0.019 -0.043 0.004 -0.958 -0.0 0.046 -0.284 -0.936 -0.0 0.29 -0.199 0.939 0.0 0.049 -0.339 0.933 0.0 0.33 -0.142 -0.66 -0.0 -0.749 0.062 -0.999 -0.0 0.023 0.045 0.725 0.0 -0.688 0.033 0.998 0.0 0.035 0.058 
0.999 -0.018 -0.043 0.004 -0.961 -0.0 0.045 -0.274 -0.936 -0.0 0.29 -0.199 0.943 0.0 0.048 -0.329 0.932 0.0 0.331 -0.144 -0.66 -0.0 -0.749 0.061 -0.999 -0.0 0.023 0.045 0.725 0.0 -0.688 0.032 0.998 0.0 0.035 0.058 
0.999 -0.018 -0.043 0.004 -0.964 -0.0 0.042 -0.264 -0.935 0.0 0.291 -0.201 0.945 0.0 0.044 -0.323 0.932 0.0 0.335 -0.14 -0.66 -0.0 -0.749 0.061 -0.999 -0.0 0.023 0.045 0.725 0.0 -0.688 0.032 0.998 -0.0 0.035 0.058 
0.999 -0.017 -0.044 0.004 -0.966 -0.0 0.041 -0.254 -0.935 -0.0 0.291 -0.201 0.948 0.0 0.043 -0.314 0.931 0.0 0.337 -0.139 -0.66 -0.0 -0.749 0.06 -0.999 -0.0 0.022 0.045 0.725 0.0 -0.688 0.031 0.998 0.0 0.035 0.058 
0.999 -0.017 -0.043 0.005 -0.969 -0.0 0.038 -0.243 -0.934 0.0 0.293 -0.202 0.951 0.0 0.041 -0.306 0.931 -0.0 0.34 -0.136 -0.66 -0.0 -0.749 0.06 -0.999 -0.0 0.022 0.045 0.725 0.0 -0.688 0.031 0.998 0.0 0.035 0.058 
0.999 -0.017 -0.043 0.005 -0.972 -0.0 0.037 -0.231 -0.934 -0.0 0.294 -0.204 0.954 -0.0 0.04 -0.298 0.929 0.0 0.343 -0.136 -0.66 0.0 -0.749 0.06 -0.999 -0.0 0.022 0.045 0.725 0.0 -0.688 0.03 0.998 0.0 0.035 0.058 
0.999 -0.016 -0.043 0.005 -0.975 -0.0 0.033 -0.222 -0.933 -0.0 0.296 -0.205 0.956 0.0 0.038 -0.29 0.929 0.0 0.346 -0.133 -0.66 0.0 -0.749 0.06 -0.999 -0.0 0.022 0.045 0.725 0.0 -0.688 0.03 0.998 0.0 0.035 0.058 
0.999 -0.016 -0.043 0.005 -0.977 0.0 0.032 -0.211 -0.932 -0.0 0.298 -0.208 0.959 0.0 0.037 -0.28 0.928 0.0 0.348 -0.135 -0.659 -0.0 -0.749 0.059 -0.999 -0.0 0.022 0.045 0.725 0.0 -0.688 0.03 0.998 0.0 0.035 0.058 
0.999 -0.015 -0.044 0.006 -0.98 -0.0 0.028 -0.199 -0.931 -0.0 0.301 -0.206 0.962 0.0 0.037 -0.272 0.927 0.0 0.35 -0.136 -0.659 -0.0 -0.75 0.058 -0.999 0.0 0.022 0.045 0.726 0.0 -0.687 0.028 0.998 -0.0 0.035 0.059 
0.999 -0.015 -0.044 0.006 -0.982 -0.0 0.027 -0.189 -0.93 0.0 0.305 -0.205 0.964 0.0 0.036 -0.263 0.926 0.0 0.353 -0.136 -0.659 -0.0 -0.75 0.058 -0.999 -0.0 0.022 0.045 0.726 0.0 -0.687 0.027 0.998 -0.0 0.034 0.059 
0.999 -0.014 -0.044 0.006 -0.984 -0.0 0.023 -0.178 -0.929 -0.0 0.308 -0.207 0.966 0.0 0.034 -0.254 0.925 0.0 0.357 -0.132 -0.659 0.0 -0.75 0.057 -0.999 -0.0 0.022 0.045 0.725 0.0 -0.688 0.028 0.998 0.0 0.035 0.058 
0.999 -0.014 -0.043 0.006 -0.985 -0.0 0.022 -0.169 -0.928 -0.0 0.308 -0.207 0.969 0.0 0.033 -0.245 0.924 0.0 0.359 -0.134 -0.659 -0.0 -0.75 0.057 -0.999 -0.0 0.022 0.045 0.725 0.0 -0.688 0.027 0.998 0.0 0.034 0.058 
0.999 -0.014 -0.043 0.006 -0.987 -0.0 0.02 -0.159 -0.928 -0.0 0.308 -0.208 0.971 0.0 0.032 -0.237 0.922 0.0 0.362 -0.133 -0.659 -0.0 -0.75 0.057 -0.999 -0.0 0.022 0.044 0.725 0.0 -0.688 0.027 0.998 0.0 0.035 0.058 
0.999 -0.013 -0.043 0.006 -0.989 -0.0 0.018 -0.15 -0.927 -0.0 0.311 -0.207 0.973 0.0 0.032 -0.229 0.922 0.0 0.364 -0.133 -0.659 -0.0 -0.75 0.057 -0.999 -0.0 0.022 0.044 0.725 0.0 -0.688 0.027 0.998 -0.0 0.034 0.058 
0.999 -0.013 -0.043 0.006 -0.99 -0.0 0.016 -0.14 -0.926 -0.0 0.314 -0.208 0.975 0.0 0.031 -0.221 0.921 0.0 0.368 -0.131 -0.659 -0.0 -0.75 0.056 -0.999 -0.0 0.022 0.044 0.726 -0.0 -0.688 0.026 0.998 0.0 0.034 0.058 
0.999 -0.012 -0.043 0.006 -0.991 -0.0 0.012 -0.131 -0.926 -0.0 0.316 -0.207 0.976 0.0 0.031 -0.214 0.92 -0.0 0.371 -0.13 -0.659 -0.0 -0.75 0.056 -0.999 -0.0 0.022 0.044 0.726 0.0 -0.688 0.026 0.998 0.0 0.034 0.058 
0.999 -0.012 -0.044 0.007 -0.992 -0.0 0.009 -0.122 -0.925 0.0 0.32 -0.205 0.978 -0.0 0.031 -0.207 0.918 0.0 0.374 -0.129 -0.659 -0.0 -0.75 0.056 -0.999 0.0 0.022 0.044 0.726 0.0 -0.687 0.025 0.998 0.0 0.034 0.058 
0.999 -0.012 -0.044 0.007 -0.993 -0.0 0.007 -0.114 -0.925 0.0 0.321 -0.205 0.979 0.0 0.031 -0.2 0.918 0.0 0.377 -0.127 -0.659 -0.0 -0.75 0.056 -0.999 0.0 0.022 0.043 0.726 0.0 -0.687 0.025 0.998 0.0 0.034 0.058 
0.999 -0.012 -0.043 0.007 -0.994 -0.0 0.006 -0.108 -0.923 -0.0 0.327 -0.201 0.981 0.0 0.029 -0.194 0.916 -0.0 0.381 -0.124 -0.659 -0.0 -0.75 0.057 -0.999 -0.0 0.022 0.043 0.726 0.0 -0.687 0.026 0.998 0.0 0.034 0.057 
0.999 -0.012 -0.044 0.008 -0.995 -0.0 0.003 -0.1 -0.924 -0.0 0.327 -0.199 0.982 0.0 0.031 -0.187 0.915 0.0 0.383 -0.125 -0.659 -0.0 -0.75 0.057 -0.999 0.0 0.022 0.042 0.725 0.0 -0.688 0.027 0.998 0.0 0.037 0.055 
0.999 -0.012 -0.043 0.007 -0.996 -0.0 0.003 -0.093 -0.923 0.0 0.331 -0.197 0.983 0.0 0.03 -0.18 0.914 0.0 0.386 -0.123 -0.659 -0.0 -0.75 0.057 -0.999 -0.0 0.022 0.042 0.725 -0.0 -0.688 0.028 0.998 0.0 0.037 0.054 
0.999 -0.011 -0.043 0.007 -0.996 0.0 0.001 -0.087 -0.924 -0.0 0.331 -0.194 0.984 -0.0 0.03 -0.175 0.913 0.0 0.389 -0.119 -0.659 -0.0 -0.75 0.058 -0.999 -0.0 0.021 0.041 0.725 -0.0 -0.688 0.028 0.998 0.0 0.037 0.054 
0.999 -0.011 -0.043 0.008 -0.997 -0.0 -0.0 -0.08 -0.923 -0.0 0.333 -0.191 0.985 0.0 0.031 -0.169 0.912 0.0 0.392 -0.118 -0.659 -0.0 -0.75 0.058 -0.999 -0.0 0.021 0.041 0.725 0.0 -0.688 0.027 0.998 -0.0 0.037 0.054 
0.999 -0.011 -0.043 0.008 -0.997 -0.0 -0.002 -0.074 -0.923 -0.0 0.337 -0.188 0.986 0.0 0.031 -0.164 0.912 0.0 0.395 -0.115 -0.66 -0.0 -0.749 0.058 -0.999 -0.0 0.021 0.04 0.725 0.0 -0.688 0.027 0.998 0.0 0.037 0.054 
0.999 -0.011 -0.044 0.008 -0.998 -0.0 -0.004 -0.069 -0.922 0.0 0.34 -0.184 0.987 0.0 0.032 -0.159 0.91 0.0 0.398 -0.113 -0.659 -0.0 -0.75 0.059 -0.999 -0.0 0.021 0.039 0.725 -0.0 -0.688 0.027 0.998 0.0 0.037 0.054 
0.999 -0.011 -0.043 0.008 -0.998 -0.0 -0.005 -0.065 -0.921 0.0 0.344 -0.181 0.988 0.0 0.033 -0.154 0.909 0.0 0.401 -0.112 -0.66 -0.0 -0.749 0.06 -0.999 0.0 0.02 0.039 0.725 0.0 -0.689 0.028 0.998 0.0 0.037 0.053 
0.999 -0.011 -0.043 0.008 -0.998 -0.0 -0.007 -0.06 -0.92 -0.0 0.349 -0.176 0.988 0.0 0.034 -0.149 0.908 0.0 0.404 -0.11 -0.66 -0.0 -0.749 0.06 -0.999 0.0 0.021 0.039 0.725 0.0 -0.688 0.028 0.998 -0.0 0.037 0.053 
0.999 -0.011 -0.043 0.008 -0.998 -0.0 -0.008 -0.056 -0.919 -0.0 0.353 -0.175 0.989 0.0 0.035 -0.145 0.906 0.0 0.409 -0.108 -0.66 -0.0 -0.749 0.061 -0.999 -0.0 0.02 0.038 0.725 0.0 -0.688 0.028 0.998 -0.0 0.037 0.053 
0.999 -0.012 -0.043 0.009 -0.999 -0.0 -0.009 -0.052 -0.918 -0.0 0.358 -0.17 0.989 0.0 0.036 -0.142 0.905 0.0 0.412 -0.106 -0.66 -0.0 -0.749 0.061 -0.999 -0.0 0.02 0.038 0.725 -0.0 -0.689 0.029 0.998 0.0 0.037 0.053 
0.999 -0.012 -0.043 0.009 -0.999 -0.0 -0.01 -0.049 -0.917 -0.0 0.364 -0.165 0.99 0.0 0.037 -0.139 0.903 0.0 0.416 -0.104 -0.66 -0.0 -0.749 0.062 -0.999 -0.0 0.021 0.037 0.725 -0.0 -0.689 0.029 0.998 -0.0 0.04 0.053 
0.999 -0.012 -0.043 0.009 -0.999 -0.0 -0.012 -0.046 -0.915 -0.0 0.37 -0.16 0.99 0.0 0.038 -0.135 0.901 0.0 0.421 -0.103 -0.66 -0.0 -0.749 0.063 -0.999 -0.0 0.02 0.037 0.725 -0.0 -0.689 0.029 0.998 0.0 0.037 0.053 
0.999 -0.012 -0.043 0.009 -0.999 -0.0 -0.013 -0.043 -0.913 -0.0 0.377 -0.155 0.99 0.0 0.039 -0.133 0.899 0.0 0.426 -0.099 -0.66 0.0 -0.749 0.063 -0.999 -0.0 0.02 0.037 0.725 0.0 -0.688 0.029 0.998 0.0 0.036 0.053 
0.999 -0.012 -0.042 0.009 -0.999 -0.0 -0.015 -0.041 -0.911 -0.0 0.384 -0.15 0.991 -0.0 0.041 -0.131 0.898 0.0 0.43 -0.097 -0.66 0.0 -0.749 0.064 -0.999 0.0 0.02 0.037 0.725 0.0 -0.688 0.03 0.998 0.0 0.037 0.053 
0.999 -0.012 -0.043 0.01 -0.999 0.0 -0.018 -0.038 -0.909 0.0 0.392 -0.145 0.991 0.0 0.043 -0.13 0.895 0.0 0.435 -0.094 -0.66 0.0 -0.749 0.065 -0.999 -0.0 0.021 0.036 0.725 -0.0 -0.688 0.03 0.998 0.0 0.037 0.053 
0.999 -0.013 -0.043 0.011 -0.999 -0.0 -0.019 -0.036 -0.906 0.0 0.401 -0.139 0.991 0.0 0.044 -0.129 0.893 -0.0 0.44 -0.092 -0.66 -0.0 -0.749 0.066 -0.999 -0.0 0.021 0.036 0.725 -0.0 -0.688 0.03 0.998 0.0 0.037 0.053 
0.999 -0.013 -0.043 0.011 -0.999 -0.0 -0.021 -0.035 -0.903 -0.0 0.409 -0.133 0.991 0.0 0.046 -0.128 0.891 0.0 0.445 -0.09 -0.66 -0.0 -0.749 0.067 -0.999 -0.0 0.021 0.036 0.725 0.0 -0.688 0.031 0.998 0.0 0.039 0.053 
0.999 -0.013 -0.043 0.011 -0.999 -0.0 -0.023 -0.033 -0.899 -0.0 0.419 -0.128 0.991 -0.0 0.047 -0.127 0.889 0.0 0.45 -0.087 -0.66 0.0 -0.749 0.068 -0.999 -0.0 0.021 0.035 0.725 0.0 -0.688 0.032 0.998 0.0 0.037 0.052 
0.999 -0.014 -0.042 0.011 -0.999 -0.0 -0.024 -0.033 -0.896 -0.0 0.427 -0.122 0.991 -0.0 0.048 -0.126 0.886 0.0 0.456 -0.086 -0.66 -0.0 -0.748 0.07 -0.999 -0.0 0.021 0.035 0.724 -0.0 -0.689 0.033 0.998 0.0 0.037 0.052 
0.999 -0.014 -0.042 0.012 -0.999 -0.0 -0.025 -0.03 -0.891 0.0 0.438 -0.12 0.991 0.0 0.051 -0.126 0.884 0.0 0.461 -0.084 -0.66 -0.0 -0.748 0.07 -0.999 -0.0 0.021 0.034 0.725 0.0 -0.688 0.031 0.998 0.0 0.036 0.054 
0.999 -0.014 -0.042 0.012 -0.999 -0.0 -0.025 -0.029 -0.888 -0.0 0.446 -0.113 0.991 0.0 0.052 -0.125 0.881 0.0 0.466 -0.083 -0.66 -0.0 -0.748 0.071 -0.999 -0.0 0.021 0.034 0.725 0.0 -0.688 0.033 0.998 0.0 0.036 0.053 
0.999 -0.015 -0.042 0.012 -0.999 0.0 -0.026 -0.029 -0.886 -0.0 0.451 -0.106 0.991 0.0 0.054 -0.124 0.878 0.0 0.471 -0.082 -0.66 -0.0 -0.748 0.072 -0.999 -0.0 0.022 0.034 0.725 0.0 -0.688 0.033 0.998 -0.0 0.036 0.053 
0.999 -0.015 -0.042 0.013 -0.999 -0.0 -0.026 -0.03 -0.882 -0.0 0.46 -0.099 0.99 0.0 0.057 -0.125 0.875 0.0 0.477 -0.08 -0.66 0.0 -0.748 0.073 -0.999 0.0 0.022 0.034 0.725 0.0 -0.688 0.034 0.998 0.0 0.036 0.054 
0.999 -0.016 -0.042 0.013 -0.999 -0.0 -0.027 -0.03 -0.879 -0.0 0.468 -0.093 0.99 0.0 0.06 -0.126 0.872 0.0 0.482 -0.079 -0.66 -0.0 -0.748 0.074 -0.999 -0.0 0.022 0.034 0.725 0.0 -0.688 0.034 0.998 0.0 0.036 0.054 
0.999 -0.016 -0.042 0.013 -0.999 -0.0 -0.026 -0.029 -0.875 -0.0 0.477 -0.088 0.99 -0.0 0.062 -0.126 0.87 0.0 0.487 -0.077 -0.66 -0.0 -0.748 0.074 -0.999 -0.0 0.022 0.034 0.725 0.0 -0.688 0.034 0.998 0.0 0.036 0.054 
0.999 -0.016 -0.042 0.014 -0.999 -0.0 -0.026 -0.03 -0.871 0.0 0.485 -0.082 0.99 0.0 0.065 -0.127 0.867 0.0 0.493 -0.076 -0.66 -0.0 -0.748 0.075 -0.999 -0.0 0.022 0.034 0.725 0.0 -0.688 0.035 0.998 0.0 0.036 0.054 
0.999 -0.017 -0.042 0.014 -0.999 -0.0 -0.025 -0.031 -0.866 -0.0 0.494 -0.076 0.989 0.0 0.068 -0.129 0.864 0.0 0.499 -0.075 -0.66 0.0 -0.748 0.076 -0.999 0.0 0.022 0.035 0.725 -0.0 -0.688 0.036 0.998 0.0 0.036 0.054 
0.999 -0.017 -0.042 0.015 -0.999 -0.0 -0.024 -0.032 -0.862 0.0 0.502 -0.07 0.989 -0.0 0.07 -0.13 0.86 0.0 0.504 -0.073 -0.66 -0.0 -0.748 0.077 -0.999 -0.0 0.022 0.035 0.725 0.0 -0.688 0.037 0.998 0.0 0.036 0.054 
0.999 -0.018 -0.042 0.015 -0.999 -0.0 -0.022 -0.034 -0.858 -0.0 0.509 -0.064 0.989 0.0 0.073 -0.132 0.857 -0.0 0.509 -0.073 -0.66 -0.0 -0.747 0.079 -0.999 -0.0 0.022 0.035 0.725 0.0 -0.688 0.038 0.998 0.0 0.039 0.054 
0.999 -0.019 -0.042 0.015 -0.999 -0.0 -0.021 -0.036 -0.852 -0.0 0.52 -0.059 0.988 -0.0 0.076 -0.134 0.855 0.0 0.514 -0.071 -0.66 -0.0 -0.747 0.079 -0.999 0.0 0.022 0.035 0.725 0.0 -0.688 0.039 0.998 0.0 0.036 0.054 
0.999 -0.019 -0.041 0.016 -0.999 -0.0 -0.019 -0.038 -0.849 -0.0 0.526 -0.052 0.988 0.0 0.08 -0.135 0.852 0.0 0.519 -0.071 -0.66 -0.0 -0.747 0.08 -0.999 -0.0 0.022 0.035 0.725 0.0 -0.688 0.039 0.998 0.0 0.036 0.054 
0.999 -0.019 -0.041 0.016 -0.999 -0.0 -0.017 -0.039 -0.844 -0.0 0.534 -0.048 0.987 0.0 0.083 -0.138 0.849 0.0 0.524 -0.07 -0.66 -0.0 -0.747 0.081 -0.999 -0.0 0.023 0.035 0.725 0.0 -0.688 0.04 0.998 -0.0 0.036 0.054 
