# T   LUA LFA RUA RFA LT  LS  RT  RS  
-0.694 0.001 -0.074 -0.716 -0.797 0.0 -0.595 0.101 -0.97 -0.0 -0.099 -0.22 0.976 -0.0 -0.174 -0.128 0.669 0.0 0.711 -0.214 -0.689 -0.0 -0.718 0.102 -0.992 -0.0 0.128 -0.007 0.645 -0.0 -0.744 0.175 0.994 0.0 0.089 -0.061 
-0.694 0.001 -0.074 -0.716 -0.797 -0.0 -0.595 0.101 -0.97 -0.0 -0.099 -0.22 0.976 0.0 -0.175 -0.128 0.669 0.0 0.713 -0.211 -0.689 0.0 -0.718 0.102 -0.992 -0.0 0.128 -0.007 0.645 0.0 -0.744 0.175 0.994 0.0 0.089 -0.061 
-0.694 0.001 -0.074 -0.716 -0.797 -0.0 -0.595 0.101 -0.97 -0.0 -0.099 -0.22 0.976 0.0 -0.176 -0.128 0.669 0.0 0.713 -0.21 -0.689 -0.0 -0.718 0.102 -0.992 -0.0 0.128 -0.007 0.645 0.0 -0.744 0.175 0.994 0.0 0.089 -0.061 
-0.694 0.001 -0.074 -0.716 -0.797 -0.0 -0.595 0.101 -0.97 -0.0 -0.099 -0.22 0.976 0.0 -0.177 -0.127 0.669 0.0 0.713 -0.208 -0.689 -0.0 -0.718 0.102 -0.992 -0.0 0.128 -0.007 0.645 0.0 -0.744 0.175 0.994 0.0 0.089 -0.061 
-0.694 0.001 -0.074 -0.716 -0.797 0.0 -0.596 0.101 -0.97 -0.0 -0.099 -0.22 0.976 0.0 -0.178 -0.128 0.669 0.0 0.714 -0.207 -0.689 -0.0 -0.718 0.102 -0.992 -0.0 0.128 -0.007 0.646 0.0 -0.744 0.174 0.994 0.0 0.089 -0.061 
-0.694 0.001 -0.074 -0.716 -0.797 0.0 -0.596 0.102 -0.97 -0.0 -0.1 -0.22 0.976 0.0 -0.178 -0.127 0.67 0.0 0.713 -0.208 -0.689 -0.0 -0.718 0.102 -0.992 -0.0 0.128 -0.007 0.646 0.0 -0.743 0.175 0.994 0.0 0.089 -0.061 
-0.694 0.001 -0.074 -0.716 -0.796 -0.0 -0.596 0.103 -0.97 -0.0 -0.1 -0.221 0.976 0.0 -0.179 -0.127 0.67 0.0 0.713 -0.208 -0.689 -0.0 -0.718 0.102 -0.992 -0.0 0.128 -0.007 0.645 0.0 -0.744 0.174 0.994 0.0 0.089 -0.06 
-0.694 0.001 -0.074 -0.716 -0.796 -0.0 -0.596 0.103 -0.97 -0.0 -0.1 -0.221 0.976 0.0 -0.179 -0.126 0.671 0.0 0.711 -0.211 -0.689 -0.0 -0.718 0.101 -0.992 -0.0 0.128 -0.006 0.646 0.0 -0.744 0.174 0.994 0.0 0.089 -0.06 
-0.694 0.001 -0.074 -0.716 -0.797 -0.0 -0.596 0.102 -0.97 -0.0 -0.1 -0.22 0.976 0.0 -0.18 -0.125 0.671 0.0 0.71 -0.214 -0.689 -0.0 -0.718 0.102 -0.992 -0.0 0.128 -0.006 0.646 0.0 -0.744 0.175 0.994 0.0 0.089 -0.061 
-0.694 0.001 -0.074 -0.717 -0.797 -0.0 -0.596 0.103 -0.97 -0.0 -0.101 -0.22 0.976 0.0 -0.18 -0.124 0.672 0.0 0.708 -0.217 -0.689 0.0 -0.718 0.102 -0.992 -0.0 0.128 -0.006 0.645 0.0 -0.744 0.174 0.994 0.0 0.089 -0.061 
-0.694 0.001 -0.074 -0.717 -0.796 -0.0 -0.596 0.103 -0.97 -0.0 -0.101 -0.22 0.976 0.0 -0.181 -0.123 0.672 0.0 0.707 -0.221 -0.689 -0.0 -0.718 0.102 -0.992 -0.0 0.128 -0.007 0.646 0.0 -0.744 0.174 0.994 0.0 0.089 -0.061 
-0.693 0.001 -0.074 -0.717 -0.797 -0.0 -0.596 0.103 -0.97 -0.0 -0.102 -0.22 0.976 0.0 -0.181 -0.122 0.672 -0.0 0.705 -0.226 -0.689 -0.0 -0.718 0.102 -0.992 0.0 0.128 -0.006 0.645 0.0 -0.744 0.174 0.994 0.0 0.089 -0.061 
-0.693 0.001 -0.074 -0.717 -0.796 -0.0 -0.596 0.104 -0.97 -0.0 -0.102 -0.22 0.976 0.0 -0.181 -0.121 0.673 0.0 0.702 -0.231 -0.689 -0.0 -0.718 0.103 -0.992 -0.0 0.128 -0.007 0.646 0.0 -0.743 0.175 0.994 0.0 0.089 -0.061 
-0.693 0.001 -0.074 -0.717 -0.796 -0.0 -0.596 0.104 -0.97 -0.0 -0.102 -0.22 0.976 0.0 -0.182 -0.12 0.674 0.0 0.7 -0.236 -0.689 -0.0 -0.718 0.103 -0.992 -0.0 0.128 -0.007 0.646 0.0 -0.744 0.175 0.994 0.0 0.089 -0.061 
-0.693 0.001 -0.074 -0.717 -0.796 -0.0 -0.596 0.104 -0.97 -0.0 -0.103 -0.22 0.976 0.0 -0.182 -0.118 0.674 -0.0 0.698 -0.242 -0.689 -0.0 -0.717 0.103 -0.992 -0.0 0.128 -0.007 0.646 0.0 -0.744 0.174 0.994 0.0 0.089 -0.061 
-0.693 0.001 -0.074 -0.717 -0.796 -0.0 -0.596 0.104 -0.97 -0.0 -0.103 -0.22 0.976 -0.0 -0.183 -0.117 0.676 -0.0 0.694 -0.249 -0.689 0.0 -0.717 0.103 -0.992 -0.0 0.128 -0.007 0.646 -0.0 -0.744 0.174 0.994 0.0 0.089 -0.06 
-0.693 0.001 -0.074 -0.717 -0.796 -0.0 -0.596 0.104 -0.97 -0.0 -0.103 -0.22 0.976 0.0 -0.183 -0.115 0.676 -0.0 0.691 -0.256 -0.689 -0.0 -0.717 0.103 -0.992 0.0 0.128 -0.007 0.646 0.0 -0.744 0.175 0.994 0.0 0.089 -0.06 
-0.693 0.001 -0.074 -0.717 -0.796 -0.0 -0.596 0.104 -0.97 -0.0 -0.104 -0.22 0.976 0.0 -0.183 -0.114 0.678 0.0 0.686 -0.263 -0.689 -0.0 -0.717 0.103 -0.992 -0.0 0.128 -0.007 0.646 0.0 -0.743 0.175 0.994 0.0 0.089 -0.06 
-0.693 0.001 -0.074 -0.717 -0.797 -0.0 -0.596 0.104 -0.97 0.0 -0.104 -0.219 0.977 -0.0 -0.183 -0.113 0.679 0.0 0.682 -0.271 -0.689 0.0 -0.717 0.103 -0.992 -0.0 0.128 -0.007 0.646 0.0 -0.743 0.175 0.994 -0.0 0.089 -0.06 
-0.693 0.001 -0.074 -0.717 -0.797 0.0 -0.596 0.104 -0.97 -0.0 -0.104 -0.219 0.977 0.0 -0.183 -0.112 0.681 0.0 0.677 -0.279 -0.689 -0.0 -0.717 0.104 -0.992 -0.0 0.128 -0.007 0.646 0.0 -0.743 0.175 0.994 0.0 0.089 -0.061 
-0.693 0.001 -0.074 -0.717 -0.796 -0.0 -0.596 0.104 -0.97 -0.0 -0.104 -0.219 0.977 0.0 -0.182 -0.11 0.683 0.0 0.672 -0.288 -0.689 -0.0 -0.717 0.104 -0.992 0.0 0.128 -0.007 0.646 0.0 -0.743 0.175 0.994 -0.0 0.089 -0.06 
-0.692 0.001 -0.074 -0.718 -0.796 -0.0 -0.596 0.104 -0.97 -0.0 -0.104 -0.218 0.977 0.0 -0.182 -0.109 0.683 0.0 0.667 -0.296 -0.689 -0.0 -0.717 0.104 -0.992 -0.0 0.128 -0.007 0.646 0.0 -0.743 0.175 0.994 -0.0 0.089 -0.06 
-0.692 0.002 -0.074 -0.718 -0.797 -0.0 -0.595 0.105 -0.97 -0.0 -0.104 -0.218 0.977 0.0 -0.181 -0.109 0.685 -0.0 0.662 -0.303 -0.689 -0.0 -0.717 0.104 -0.992 -0.0 0.128 -0.007 0.646 0.0 -0.743 0.175 0.994 0.0 0.089 -0.06 
-0.692 0.002 -0.074 -0.718 -0.797 -0.0 -0.595 0.105 -0.97 -0.0 -0.104 -0.218 0.978 0.0 -0.18 -0.108 0.687 -0.0 0.657 -0.312 -0.689 -0.0 -0.717 0.105 -0.992 -0.0 0.128 -0.007 0.646 0.0 -0.743 0.175 0.994 0.0 0.089 -0.06 
-0.692 0.002 -0.075 -0.718 -0.797 -0.0 -0.595 0.105 -0.97 -0.0 -0.105 -0.217 0.978 0.0 -0.18 -0.107 0.689 0.0 0.649 -0.321 -0.689 -0.0 -0.717 0.105 -0.992 0.0 0.128 -0.007 0.646 0.0 -0.743 0.175 0.994 0.0 0.089 -0.06 
-0.692 0.002 -0.075 -0.718 -0.797 -0.0 -0.595 0.105 -0.97 -0.0 -0.105 -0.217 0.978 0.0 -0.179 -0.106 0.691 -0.0 0.643 -0.329 -0.689 0.0 -0.717 0.105 -0.992 -0.0 0.128 -0.007 0.646 0.0 -0.743 0.175 0.994 0.0 0.089 -0.06 
-0.692 0.002 -0.075 -0.718 -0.797 -0.0 -0.595 0.104 -0.971 -0.0 -0.104 -0.217 0.978 0.0 -0.178 -0.106 0.693 0.0 0.638 -0.337 -0.689 -0.0 -0.717 0.106 -0.992 -0.0 0.128 -0.007 0.646 0.0 -0.743 0.175 0.994 0.0 0.089 -0.06 
-0.692 0.002 -0.075 -0.718 -0.797 -0.0 -0.595 0.105 -0.971 -0.0 -0.104 -0.217 0.979 0.0 -0.177 -0.106 0.695 0.0 0.631 -0.345 -0.689 0.0 -0.717 0.106 -0.992 -0.0 0.128 -0.007 0.646 -0.0 -0.743 0.176 0.994 0.0 0.089 -0.06 
-0.692 0.002 -0.075 -0.718 -0.797 0.0 -0.595 0.105 -0.971 -0.0 -0.104 -0.217 0.979 0.0 -0.176 -0.105 0.697 0.0 0.624 -0.353 -0.689 -0.0 -0.717 0.106 -0.992 -0.0 0.128 -0.007 0.646 0.0 -0.743 0.176 0.994 0.0 0.089 -0.06 
-0.692 0.002 -0.075 -0.718 -0.797 -0.0 -0.595 0.105 -0.971 -0.0 -0.104 -0.216 0.979 0.0 -0.176 -0.105 0.699 0.0 0.618 -0.361 -0.688 -0.0 -0.717 0.107 -0.992 -0.0 0.128 -0.007 0.646 0.0 -0.743 0.176 0.994 0.0 0.089 -0.06 
-0.691 0.002 -0.075 -0.719 -0.797 0.0 -0.595 0.105 -0.971 -0.0 -0.104 -0.216 0.979 0.0 -0.175 -0.105 0.7 0.0 0.613 -0.366 -0.688 -0.0 -0.717 0.107 -0.992 -0.0 0.128 -0.007 0.646 -0.0 -0.743 0.176 0.994 0.0 0.089 -0.06 
-0.691 0.002 -0.075 -0.719 -0.797 -0.0 -0.595 0.105 -0.971 -0.0 -0.104 -0.216 0.979 0.0 -0.174 -0.106 0.702 -0.0 0.607 -0.372 -0.688 0.0 -0.717 0.107 -0.992 0.0 0.128 -0.007 0.646 0.0 -0.743 0.176 0.994 0.0 0.089 -0.06 
-0.691 0.002 -0.075 -0.719 -0.797 -0.0 -0.595 0.105 -0.971 -0.0 -0.104 -0.216 0.979 0.0 -0.174 -0.107 0.703 0.0 0.603 -0.378 -0.688 0.0 -0.717 0.108 -0.992 -0.0 0.128 -0.008 0.646 0.0 -0.743 0.176 0.994 0.0 0.09 -0.059 
-0.691 0.003 -0.075 -0.719 -0.797 -0.0 -0.595 0.104 -0.971 -0.0 -0.103 -0.216 0.979 -0.0 -0.174 -0.107 0.703 0.0 0.598 -0.385 -0.688 -0.0 -0.718 0.108 -0.992 -0.0 0.128 -0.007 0.646 0.0 -0.743 0.176 0.994 0.0 0.09 -0.06 
-0.691 0.003 -0.075 -0.719 -0.797 -0.0 -0.595 0.104 -0.971 -0.0 -0.103 -0.216 0.979 0.0 -0.174 -0.108 0.705 0.0 0.592 -0.391 -0.688 -0.0 -0.717 0.108 -0.992 -0.0 0.128 -0.008 0.646 0.0 -0.743 0.176 0.994 -0.0 0.09 -0.059 
-0.69 0.002 -0.075 -0.719 -0.797 -0.0 -0.595 0.104 -0.971 -0.0 -0.103 -0.216 0.979 0.0 -0.174 -0.108 0.706 -0.0 0.586 -0.398 -0.688 -0.0 -0.717 0.108 -0.992 -0.0 0.128 -0.008 0.646 0.0 -0.743 0.176 0.994 0.0 0.089 -0.06 
-0.69 0.002 -0.075 -0.72 -0.797 -0.0 -0.595 0.104 -0.971 -0.0 -0.102 -0.216 0.979 -0.0 -0.175 -0.108 0.706 0.0 0.581 -0.404 -0.688 -0.0 -0.718 0.108 -0.992 -0.0 0.128 -0.008 0.646 -0.0 -0.743 0.176 0.994 0.0 0.089 -0.06 
-0.69 0.002 -0.075 -0.72 -0.797 -0.0 -0.595 0.104 -0.971 -0.0 -0.102 -0.216 0.979 0.0 -0.175 -0.109 0.707 0.0 0.575 -0.411 -0.688 0.0 -0.718 0.108 -0.992 -0.0 0.128 -0.008 0.646 0.0 -0.743 0.175 0.994 0.0 0.089 -0.06 
-0.69 0.002 -0.075 -0.72 -0.797 -0.0 -0.595 0.104 -0.971 0.0 -0.102 -0.216 0.978 0.0 -0.175 -0.11 0.709 0.0 0.568 -0.418 -0.688 -0.0 -0.718 0.108 -0.992 -0.0 0.128 -0.007 0.646 0.0 -0.743 0.175 0.994 0.0 0.089 -0.06 
-0.69 0.002 -0.075 -0.72 -0.797 0.0 -0.595 0.104 -0.971 -0.0 -0.102 -0.216 0.978 0.0 -0.176 -0.11 0.71 0.0 0.562 -0.425 -0.688 -0.0 -0.718 0.108 -0.992 -0.0 0.128 -0.007 0.646 -0.0 -0.743 0.175 0.994 0.0 0.089 -0.06 
-0.69 0.002 -0.075 -0.72 -0.797 -0.0 -0.595 0.103 -0.971 -0.0 -0.101 -0.216 0.978 0.0 -0.176 -0.111 0.711 0.0 0.554 -0.433 -0.688 -0.0 -0.718 0.109 -0.992 -0.0 0.128 -0.008 0.646 0.0 -0.743 0.175 0.994 0.0 0.089 -0.06 
-0.689 0.002 -0.075 -0.721 -0.797 0.0 -0.595 0.103 -0.971 -0.0 -0.101 -0.216 0.978 0.0 -0.177 -0.112 0.712 0.0 0.547 -0.44 -0.688 0.0 -0.718 0.109 -0.992 -0.0 0.128 -0.007 0.646 -0.0 -0.743 0.175 0.994 0.0 0.09 -0.059 
-0.689 0.002 -0.075 -0.721 -0.797 0.0 -0.595 0.103 -0.971 -0.0 -0.101 -0.216 0.978 0.0 -0.177 -0.112 0.714 0.0 0.538 -0.448 -0.688 -0.0 -0.718 0.108 -0.992 -0.0 0.128 -0.007 0.646 -0.0 -0.743 0.175 0.994 0.0 0.09 -0.059 
-0.689 0.002 -0.075 -0.721 -0.797 -0.0 -0.595 0.102 -0.971 -0.0 -0.1 -0.216 0.978 -0.0 -0.177 -0.112 0.716 -0.0 0.53 -0.454 -0.688 -0.0 -0.718 0.109 -0.992 -0.0 0.128 -0.007 0.646 -0.0 -0.743 0.175 0.994 0.0 0.089 -0.059 
-0.689 0.002 -0.075 -0.721 -0.797 -0.0 -0.595 0.102 -0.971 0.0 -0.1 -0.216 0.978 0.0 -0.176 -0.113 0.717 0.0 0.522 -0.462 -0.688 0.0 -0.718 0.108 -0.992 -0.0 0.128 -0.007 0.646 -0.0 -0.743 0.174 0.994 0.0 0.09 -0.059 
-0.689 0.002 -0.075 -0.721 -0.797 0.0 -0.595 0.102 -0.971 0.0 -0.1 -0.216 0.978 0.0 -0.176 -0.113 0.719 0.0 0.513 -0.47 -0.688 -0.0 -0.718 0.108 -0.992 -0.0 0.128 -0.007 0.646 -0.0 -0.743 0.174 0.994 0.0 0.089 -0.059 
-0.689 0.002 -0.075 -0.721 -0.797 -0.0 -0.595 0.101 -0.971 -0.0 -0.1 -0.216 0.978 0.0 -0.176 -0.114 0.72 0.0 0.504 -0.478 -0.688 -0.0 -0.718 0.108 -0.992 -0.0 0.128 -0.007 0.647 -0.0 -0.743 0.174 0.994 0.0 0.089 -0.06 
-0.688 0.002 -0.075 -0.721 -0.797 0.0 -0.595 0.101 -0.971 -0.0 -0.099 -0.216 0.978 0.0 -0.175 -0.114 0.722 0.0 0.493 -0.486 -0.688 -0.0 -0.718 0.108 -0.992 -0.0 0.128 -0.007 0.646 0.0 -0.743 0.174 0.994 0.0 0.089 -0.06 
-0.688 0.002 -0.075 -0.722 -0.797 -0.0 -0.595 0.101 -0.971 -0.0 -0.099 -0.216 0.978 0.0 -0.175 -0.115 0.724 0.0 0.483 -0.493 -0.688 -0.0 -0.718 0.108 -0.992 -0.0 0.128 -0.007 0.646 0.0 -0.743 0.174 0.994 0.0 0.089 -0.059 
-0.688 0.002 -0.075 -0.722 -0.797 -0.0 -0.595 0.1 -0.971 0.0 -0.099 -0.216 0.978 0.0 -0.174 -0.115 0.725 -0.0 0.474 -0.5 -0.688 -0.0 -0.718 0.108 -0.992 0.0 0.128 -0.007 0.647 0.0 -0.743 0.174 0.994 0.0 0.089 -0.06 
-0.688 0.002 -0.075 -0.722 -0.797 -0.0 -0.595 0.1 -0.971 -0.0 -0.099 -0.216 0.978 0.0 -0.174 -0.117 0.726 0.0 0.464 -0.508 -0.688 -0.0 -0.718 0.108 -0.992 -0.0 0.128 -0.007 0.647 0.0 -0.743 0.173 0.994 0.0 0.089 -0.06 
-0.688 0.002 -0.075 -0.722 -0.797 -0.0 -0.595 0.1 -0.971 0.0 -0.099 -0.216 0.978 0.0 -0.173 -0.118 0.728 0.0 0.453 -0.515 -0.688 -0.0 -0.718 0.109 -0.992 -0.0 0.128 -0.007 0.647 0.0 -0.743 0.173 0.994 0.0 0.09 -0.059 
-0.688 0.002 -0.075 -0.722 -0.797 -0.0 -0.595 0.099 -0.971 -0.0 -0.098 -0.216 0.978 -0.0 -0.172 -0.119 0.73 0.0 0.442 -0.521 -0.688 -0.0 -0.718 0.109 -0.992 -0.0 0.128 -0.007 0.646 0.0 -0.743 0.173 0.994 0.0 0.09 -0.059 
-0.688 0.002 -0.075 -0.722 -0.797 -0.0 -0.595 0.099 -0.971 -0.0 -0.098 -0.216 0.978 -0.0 -0.172 -0.119 0.731 0.0 0.431 -0.529 -0.688 -0.0 -0.718 0.109 -0.992 -0.0 0.128 -0.008 0.647 0.0 -0.743 0.173 0.994 -0.0 0.089 -0.06 
-0.687 0.002 -0.075 -0.722 -0.797 -0.0 -0.595 0.098 -0.971 -0.0 -0.098 -0.216 0.978 0.0 -0.171 -0.12 0.733 0.0 0.419 -0.536 -0.688 -0.0 -0.718 0.109 -0.992 -0.0 0.128 -0.008 0.647 0.0 -0.743 0.173 0.994 0.0 0.089 -0.059 
-0.687 0.002 -0.075 -0.722 -0.797 -0.0 -0.595 0.098 -0.971 -0.0 -0.098 -0.216 0.978 0.0 -0.169 -0.12 0.734 0.0 0.406 -0.544 -0.688 0.0 -0.718 0.108 -0.992 -0.0 0.128 -0.007 0.647 0.0 -0.743 0.173 0.994 0.0 0.089 -0.06 
-0.687 0.001 -0.075 -0.723 -0.798 -0.0 -0.595 0.097 -0.971 -0.0 -0.097 -0.216 0.978 0.0 -0.168 -0.12 0.737 0.0 0.392 -0.551 -0.688 -0.0 -0.718 0.109 -0.992 0.0 0.128 -0.008 0.647 0.0 -0.743 0.172 0.994 0.0 0.089 -0.06 
-0.687 0.001 -0.075 -0.723 -0.798 -0.0 -0.595 0.097 -0.971 -0.0 -0.097 -0.216 0.979 0.0 -0.166 -0.12 0.738 0.0 0.377 -0.559 -0.688 -0.0 -0.718 0.108 -0.992 -0.0 0.128 -0.008 0.647 -0.0 -0.743 0.172 0.994 -0.0 0.089 -0.059 
-0.687 0.001 -0.075 -0.723 -0.798 -0.0 -0.595 0.097 -0.971 -0.0 -0.097 -0.217 0.979 0.0 -0.164 -0.12 0.74 0.0 0.362 -0.567 -0.688 -0.0 -0.718 0.108 -0.992 0.0 0.128 -0.008 0.647 0.0 -0.743 0.171 0.994 -0.0 0.09 -0.059 
-0.687 0.001 -0.075 -0.723 -0.798 -0.0 -0.596 0.096 -0.971 -0.0 -0.097 -0.217 0.98 0.0 -0.161 -0.12 0.743 0.0 0.345 -0.573 -0.688 -0.0 -0.718 0.108 -0.992 0.0 0.128 -0.008 0.646 0.0 -0.744 0.171 0.994 -0.0 0.09 -0.059 
-0.687 0.001 -0.075 -0.723 -0.798 -0.0 -0.595 0.096 -0.971 -0.0 -0.097 -0.217 0.98 0.0 -0.158 -0.119 0.746 0.0 0.326 -0.581 -0.688 -0.0 -0.718 0.108 -0.992 -0.0 0.128 -0.008 0.646 0.0 -0.744 0.17 0.994 0.0 0.09 -0.059 
-0.687 0.001 -0.074 -0.723 -0.798 -0.0 -0.596 0.095 -0.971 -0.0 -0.097 -0.218 0.981 0.0 -0.155 -0.12 0.749 0.0 0.307 -0.587 -0.688 -0.0 -0.718 0.107 -0.992 0.0 0.128 -0.008 0.647 0.0 -0.744 0.17 0.994 0.0 0.09 -0.059 
-0.687 0.0 -0.074 -0.723 -0.798 -0.0 -0.595 0.094 -0.971 0.0 -0.097 -0.218 0.981 0.0 -0.151 -0.119 0.752 0.0 0.287 -0.593 -0.688 -0.0 -0.718 0.107 -0.992 -0.0 0.128 -0.008 0.646 0.0 -0.744 0.169 0.994 -0.0 0.089 -0.059 
-0.687 0.0 -0.074 -0.723 -0.798 0.0 -0.596 0.094 -0.971 -0.0 -0.097 -0.218 0.982 0.0 -0.147 -0.119 0.755 0.0 0.266 -0.599 -0.688 -0.0 -0.718 0.107 -0.992 0.0 0.128 -0.008 0.647 -0.0 -0.744 0.169 0.994 0.0 0.089 -0.059 
-0.687 0.0 -0.074 -0.723 -0.798 -0.0 -0.596 0.094 -0.971 0.0 -0.096 -0.218 0.982 0.0 -0.142 -0.121 0.759 0.0 0.245 -0.604 -0.688 -0.0 -0.718 0.106 -0.992 0.0 0.128 -0.008 0.646 0.0 -0.744 0.169 0.994 0.0 0.089 -0.059 
-0.687 0.0 -0.074 -0.723 -0.798 0.0 -0.596 0.093 -0.971 0.0 -0.097 -0.219 0.983 0.0 -0.137 -0.121 0.762 -0.0 0.223 -0.608 -0.688 -0.0 -0.718 0.106 -0.992 -0.0 0.128 -0.008 0.647 0.0 -0.744 0.168 0.994 0.0 0.09 -0.058 
-0.687 -0.0 -0.074 -0.723 -0.798 -0.0 -0.595 0.093 -0.971 -0.0 -0.097 -0.219 0.984 -0.0 -0.133 -0.122 0.765 -0.0 0.202 -0.611 -0.688 -0.0 -0.718 0.106 -0.992 -0.0 0.128 -0.008 0.647 0.0 -0.744 0.168 0.994 0.0 0.089 -0.059 
-0.687 -0.0 -0.074 -0.723 -0.798 0.0 -0.595 0.092 -0.971 -0.0 -0.097 -0.219 0.984 0.0 -0.128 -0.124 0.768 0.0 0.183 -0.613 -0.688 -0.0 -0.718 0.105 -0.992 -0.0 0.128 -0.008 0.647 0.0 -0.744 0.168 0.994 0.0 0.09 -0.058 
-0.687 -0.0 -0.074 -0.723 -0.798 -0.0 -0.595 0.092 -0.971 -0.0 -0.097 -0.22 0.984 -0.0 -0.123 -0.125 0.773 -0.0 0.164 -0.613 -0.688 -0.0 -0.718 0.105 -0.992 -0.0 0.128 -0.008 0.647 0.0 -0.744 0.168 0.994 0.0 0.09 -0.058 
-0.687 -0.0 -0.074 -0.723 -0.798 -0.0 -0.595 0.092 -0.971 -0.0 -0.097 -0.22 0.985 0.0 -0.119 -0.126 0.775 0.0 0.144 -0.616 -0.688 -0.0 -0.718 0.105 -0.992 -0.0 0.127 -0.008 0.646 0.0 -0.744 0.168 0.994 0.0 0.09 -0.058 
-0.687 -0.0 -0.073 -0.723 -0.798 0.0 -0.595 0.092 -0.971 -0.0 -0.098 -0.22 0.985 0.0 -0.114 -0.128 0.776 0.0 0.124 -0.618 -0.688 -0.0 -0.718 0.105 -0.992 -0.0 0.128 -0.008 0.647 0.0 -0.744 0.167 0.994 0.0 0.09 -0.058 
-0.687 -0.0 -0.073 -0.723 -0.798 -0.0 -0.595 0.091 -0.971 -0.0 -0.098 -0.22 0.986 -0.0 -0.11 -0.129 0.778 0.0 0.103 -0.619 -0.688 -0.0 -0.718 0.104 -0.992 0.0 0.128 -0.008 0.647 0.0 -0.744 0.167 0.994 0.0 0.09 -0.058 
-0.687 -0.001 -0.073 -0.723 -0.799 -0.0 -0.595 0.091 -0.97 -0.0 -0.098 -0.221 0.986 0.0 -0.106 -0.131 0.781 0.0 0.083 -0.619 -0.688 0.0 -0.718 0.104 -0.992 -0.0 0.128 -0.007 0.646 0.0 -0.744 0.167 0.994 0.0 0.09 -0.058 
-0.687 -0.001 -0.073 -0.722 -0.799 -0.0 -0.595 0.091 -0.97 0.0 -0.099 -0.221 0.986 -0.0 -0.102 -0.133 0.783 0.0 0.065 -0.619 -0.688 -0.0 -0.718 0.104 -0.992 -0.0 0.128 -0.007 0.646 0.0 -0.744 0.167 0.994 0.0 0.089 -0.058 
-0.688 -0.001 -0.073 -0.722 -0.799 0.0 -0.595 0.091 -0.97 -0.0 -0.099 -0.221 0.986 0.0 -0.098 -0.135 0.785 -0.0 0.047 -0.617 -0.688 -0.0 -0.718 0.103 -0.992 -0.0 0.128 -0.007 0.647 0.0 -0.744 0.167 0.994 0.0 0.09 -0.058 
-0.688 -0.001 -0.073 -0.722 -0.799 0.0 -0.595 0.091 -0.97 -0.0 -0.099 -0.221 0.986 0.0 -0.095 -0.138 0.788 0.0 0.031 -0.615 -0.688 -0.0 -0.718 0.103 -0.992 -0.0 0.128 -0.007 0.646 0.0 -0.745 0.167 0.994 0.0 0.089 -0.058 
-0.688 -0.001 -0.073 -0.722 -0.799 -0.0 -0.595 0.092 -0.97 -0.0 -0.099 -0.222 0.986 0.0 -0.093 -0.14 0.79 0.0 0.017 -0.613 -0.688 0.0 -0.718 0.102 -0.992 -0.0 0.128 -0.007 0.646 0.0 -0.745 0.166 0.994 0.0 0.09 -0.058 
-0.688 -0.001 -0.073 -0.722 -0.799 -0.0 -0.595 0.092 -0.97 -0.0 -0.099 -0.222 0.986 0.0 -0.091 -0.143 0.792 0.0 0.003 -0.611 -0.688 -0.0 -0.718 0.102 -0.992 -0.0 0.128 -0.007 0.646 0.0 -0.745 0.166 0.994 0.0 0.089 -0.058 
-0.688 -0.001 -0.073 -0.722 -0.799 -0.0 -0.595 0.092 -0.97 -0.0 -0.099 -0.222 0.985 0.0 -0.09 -0.145 0.794 0.0 -0.009 -0.608 -0.688 -0.0 -0.719 0.101 -0.992 -0.0 0.128 -0.006 0.646 0.0 -0.745 0.166 0.994 -0.0 0.089 -0.058 
-0.688 -0.001 -0.072 -0.722 -0.799 0.0 -0.595 0.091 -0.97 -0.0 -0.1 -0.222 0.985 0.0 -0.089 -0.148 0.795 0.0 -0.021 -0.606 -0.688 -0.0 -0.719 0.101 -0.992 0.0 0.128 -0.006 0.646 0.0 -0.745 0.166 0.994 -0.0 0.09 -0.058 
-0.689 -0.001 -0.072 -0.722 -0.799 -0.0 -0.594 0.092 -0.97 0.0 -0.1 -0.222 0.985 0.0 -0.088 -0.149 0.796 0.0 -0.032 -0.604 -0.688 -0.0 -0.719 0.101 -0.992 -0.0 0.128 -0.006 0.646 0.0 -0.745 0.166 0.994 0.0 0.089 -0.058 
-0.689 -0.002 -0.072 -0.722 -0.799 -0.0 -0.594 0.092 -0.97 -0.0 -0.1 -0.222 0.985 -0.0 -0.088 -0.151 0.797 0.0 -0.042 -0.602 -0.688 -0.0 -0.719 0.1 -0.992 -0.0 0.128 -0.006 0.646 0.0 -0.745 0.165 0.994 0.0 0.09 -0.058 
-0.689 -0.002 -0.072 -0.721 -0.799 -0.0 -0.594 0.092 -0.97 -0.0 -0.1 -0.222 0.984 0.0 -0.088 -0.152 0.798 0.0 -0.052 -0.6 -0.688 -0.0 -0.719 0.099 -0.992 -0.0 0.128 -0.006 0.646 -0.0 -0.745 0.165 0.994 0.0 0.09 -0.058 
-0.689 -0.002 -0.072 -0.721 -0.799 -0.0 -0.594 0.092 -0.97 -0.0 -0.1 -0.221 0.984 -0.0 -0.087 -0.154 0.799 0.0 -0.061 -0.598 -0.688 -0.0 -0.719 0.099 -0.992 -0.0 0.128 -0.006 0.646 0.0 -0.745 0.165 0.994 0.0 0.09 -0.058 
-0.689 -0.002 -0.072 -0.721 -0.799 -0.0 -0.594 0.091 -0.97 0.0 -0.1 -0.22 0.984 0.0 -0.088 -0.156 0.8 0.0 -0.07 -0.596 -0.688 -0.0 -0.719 0.099 -0.992 -0.0 0.128 -0.006 0.646 0.0 -0.745 0.164 0.994 0.0 0.09 -0.057 
-0.689 -0.002 -0.072 -0.721 -0.799 0.0 -0.595 0.091 -0.97 -0.0 -0.1 -0.22 0.984 0.0 -0.088 -0.158 0.801 0.0 -0.077 -0.594 -0.688 -0.0 -0.719 0.099 -0.992 -0.0 0.128 -0.005 0.646 0.0 -0.745 0.164 0.994 0.0 0.09 -0.057 
-0.689 -0.002 -0.072 -0.721 -0.799 -0.0 -0.595 0.091 -0.97 -0.0 -0.1 -0.22 0.983 0.0 -0.089 -0.159 0.802 0.0 -0.084 -0.591 -0.688 -0.0 -0.719 0.098 -0.992 -0.0 0.128 -0.005 0.646 0.0 -0.746 0.164 0.994 0.0 0.09 -0.058 
-0.689 -0.002 -0.071 -0.721 -0.799 -0.0 -0.595 0.091 -0.971 -0.0 -0.099 -0.219 0.983 0.0 -0.09 -0.161 0.803 -0.0 -0.09 -0.589 -0.688 -0.0 -0.719 0.098 -0.992 -0.0 0.129 -0.005 0.646 0.0 -0.746 0.164 0.994 0.0 0.09 -0.058 
-0.689 -0.002 -0.071 -0.722 -0.798 -0.0 -0.595 0.091 -0.971 -0.0 -0.098 -0.219 0.983 0.0 -0.09 -0.163 0.804 0.0 -0.096 -0.587 -0.688 -0.0 -0.719 0.098 -0.992 -0.0 0.128 -0.005 0.646 0.0 -0.746 0.163 0.994 0.0 0.09 -0.057 
-0.689 -0.003 -0.071 -0.722 -0.798 -0.0 -0.596 0.091 -0.971 -0.0 -0.098 -0.218 0.982 0.0 -0.091 -0.165 0.805 0.0 -0.101 -0.585 -0.688 0.0 -0.719 0.098 -0.992 -0.0 0.128 -0.005 0.646 0.0 -0.746 0.163 0.994 -0.0 0.09 -0.058 
-0.688 -0.003 -0.071 -0.722 -0.798 -0.0 -0.596 0.091 -0.971 -0.0 -0.097 -0.217 0.982 0.0 -0.092 -0.166 0.805 0.0 -0.106 -0.583 -0.688 -0.0 -0.719 0.098 -0.992 -0.0 0.129 -0.005 0.646 0.0 -0.746 0.163 0.994 0.0 0.09 -0.057 
-0.688 -0.003 -0.071 -0.722 -0.798 -0.0 -0.596 0.091 -0.972 -0.0 -0.096 -0.216 0.981 0.0 -0.093 -0.169 0.807 0.0 -0.109 -0.581 -0.688 -0.0 -0.719 0.098 -0.992 -0.0 0.129 -0.005 0.646 0.0 -0.746 0.163 0.994 0.0 0.089 -0.058 
-0.688 -0.003 -0.071 -0.722 -0.797 0.0 -0.597 0.091 -0.972 -0.0 -0.096 -0.215 0.981 0.0 -0.095 -0.17 0.807 0.0 -0.113 -0.58 -0.688 -0.0 -0.719 0.098 -0.992 0.0 0.129 -0.005 0.646 0.0 -0.746 0.163 0.994 0.0 0.09 -0.058 
-0.688 -0.003 -0.071 -0.722 -0.797 -0.0 -0.597 0.091 -0.972 -0.0 -0.095 -0.215 0.98 0.0 -0.096 -0.172 0.808 -0.0 -0.116 -0.578 -0.688 -0.0 -0.719 0.098 -0.992 -0.0 0.129 -0.005 0.646 0.0 -0.746 0.163 0.994 0.0 0.09 -0.058 
-0.688 -0.003 -0.071 -0.723 -0.797 -0.0 -0.597 0.091 -0.972 -0.0 -0.095 -0.214 0.98 0.0 -0.097 -0.174 0.809 0.0 -0.119 -0.576 -0.689 -0.0 -0.719 0.098 -0.992 0.0 0.129 -0.005 0.646 0.0 -0.746 0.163 0.994 0.0 0.09 -0.057 
-0.687 -0.003 -0.072 -0.723 -0.797 -0.0 -0.597 0.091 -0.972 -0.0 -0.094 -0.213 0.979 0.0 -0.099 -0.177 0.81 0.0 -0.12 -0.574 -0.689 -0.0 -0.718 0.098 -0.992 -0.0 0.129 -0.005 0.646 -0.0 -0.746 0.163 0.994 0.0 0.09 -0.058 
-0.687 -0.003 -0.072 -0.723 -0.797 0.0 -0.598 0.091 -0.973 0.0 -0.094 -0.213 0.979 0.0 -0.1 -0.178 0.811 0.0 -0.122 -0.573 -0.689 -0.0 -0.718 0.099 -0.992 -0.0 0.129 -0.005 0.646 0.0 -0.746 0.163 0.994 -0.0 0.09 -0.058 
-0.687 -0.003 -0.072 -0.723 -0.796 -0.0 -0.598 0.091 -0.973 -0.0 -0.094 -0.213 0.979 0.0 -0.101 -0.18 0.811 0.0 -0.124 -0.572 -0.689 -0.0 -0.718 0.099 -0.992 -0.0 0.129 -0.005 0.645 -0.0 -0.746 0.162 0.994 0.0 0.09 -0.058 
-0.687 -0.003 -0.072 -0.723 -0.796 0.0 -0.598 0.092 -0.973 -0.0 -0.093 -0.212 0.978 0.0 -0.101 -0.181 0.811 0.0 -0.126 -0.571 -0.689 -0.0 -0.718 0.099 -0.992 -0.0 0.129 -0.005 0.645 0.0 -0.746 0.162 0.994 0.0 0.09 -0.058 
-0.686 -0.003 -0.072 -0.724 -0.796 0.0 -0.598 0.092 -0.973 -0.0 -0.093 -0.212 0.978 0.0 -0.102 -0.182 0.811 -0.0 -0.128 -0.571 -0.689 -0.0 -0.718 0.099 -0.992 -0.0 0.129 -0.005 0.645 0.0 -0.746 0.162 0.994 0.0 0.09 -0.058 
-0.686 -0.003 -0.072 -0.724 -0.796 -0.0 -0.598 0.092 -0.973 -0.0 -0.093 -0.212 0.978 0.0 -0.103 -0.184 0.812 -0.0 -0.129 -0.57 -0.689 -0.0 -0.718 0.099 -0.992 -0.0 0.129 -0.006 0.645 0.0 -0.746 0.162 0.994 -0.0 0.09 -0.058 
-0.686 -0.003 -0.072 -0.724 -0.796 -0.0 -0.598 0.092 -0.973 -0.0 -0.093 -0.212 0.977 0.0 -0.103 -0.185 0.812 -0.0 -0.13 -0.57 -0.689 -0.0 -0.718 0.099 -0.992 -0.0 0.129 -0.005 0.645 -0.0 -0.746 0.162 0.994 0.0 0.089 -0.058 
-0.686 -0.003 -0.072 -0.725 -0.796 -0.0 -0.598 0.093 -0.973 -0.0 -0.094 -0.212 0.977 0.0 -0.104 -0.186 0.811 0.0 -0.131 -0.57 -0.689 0.0 -0.718 0.099 -0.992 -0.0 0.129 -0.006 0.645 0.0 -0.747 0.162 0.994 -0.0 0.089 -0.058 
-0.685 -0.003 -0.072 -0.725 -0.796 -0.0 -0.598 0.093 -0.973 -0.0 -0.094 -0.212 0.977 0.0 -0.104 -0.187 0.811 0.0 -0.132 -0.57 -0.689 -0.0 -0.718 0.099 -0.992 0.0 0.129 -0.006 0.645 0.0 -0.747 0.161 0.994 0.0 0.09 -0.058 
-0.685 -0.003 -0.072 -0.725 -0.796 -0.0 -0.598 0.093 -0.973 -0.0 -0.094 -0.212 0.977 0.0 -0.105 -0.188 0.811 0.0 -0.133 -0.57 -0.689 -0.0 -0.718 0.099 -0.992 -0.0 0.129 -0.006 0.645 0.0 -0.747 0.161 0.994 0.0 0.09 -0.057 
-0.685 -0.003 -0.072 -0.725 -0.796 -0.0 -0.598 0.093 -0.973 0.0 -0.095 -0.212 0.976 0.0 -0.105 -0.188 0.811 0.0 -0.134 -0.57 -0.689 0.0 -0.718 0.099 -0.992 -0.0 0.129 -0.006 0.645 0.0 -0.747 0.161 0.994 0.0 0.09 -0.057 
-0.684 -0.004 -0.072 -0.726 -0.796 -0.0 -0.598 0.094 -0.972 -0.0 -0.095 -0.213 0.976 -0.0 -0.106 -0.189 0.81 0.0 -0.134 -0.57 -0.689 0.0 -0.718 0.099 -0.992 -0.0 0.129 -0.006 0.645 -0.0 -0.747 0.16 0.994 0.0 0.09 -0.057 
-0.684 -0.004 -0.072 -0.726 -0.796 -0.0 -0.598 0.094 -0.972 -0.0 -0.096 -0.213 0.976 0.0 -0.106 -0.189 0.81 0.0 -0.134 -0.571 -0.689 -0.0 -0.718 0.099 -0.992 -0.0 0.128 -0.006 0.645 0.0 -0.747 0.16 0.994 0.0 0.089 -0.058 
-0.684 -0.004 -0.071 -0.726 -0.796 -0.0 -0.598 0.094 -0.972 -0.0 -0.096 -0.213 0.976 -0.0 -0.106 -0.189 0.809 -0.0 -0.134 -0.572 -0.689 0.0 -0.718 0.099 -0.992 -0.0 0.128 -0.006 0.646 0.0 -0.747 0.16 0.994 0.0 0.089 -0.057 
-0.684 -0.004 -0.071 -0.726 -0.796 -0.0 -0.598 0.094 -0.972 -0.0 -0.096 -0.214 0.976 0.0 -0.106 -0.189 0.809 -0.0 -0.134 -0.573 -0.689 -0.0 -0.718 0.099 -0.992 -0.0 0.128 -0.006 0.645 0.0 -0.747 0.159 0.994 0.0 0.09 -0.057 
-0.684 -0.004 -0.071 -0.726 -0.796 -0.0 -0.598 0.094 -0.972 -0.0 -0.097 -0.214 0.976 0.0 -0.106 -0.189 0.808 0.0 -0.133 -0.574 -0.689 -0.0 -0.718 0.099 -0.992 -0.0 0.128 -0.006 0.646 0.0 -0.747 0.159 0.994 0.0 0.09 -0.057 
-0.683 -0.004 -0.071 -0.727 -0.796 0.0 -0.598 0.094 -0.972 -0.0 -0.098 -0.215 0.976 0.0 -0.107 -0.189 0.807 0.0 -0.132 -0.575 -0.689 -0.0 -0.718 0.099 -0.992 0.0 0.128 -0.006 0.646 -0.0 -0.747 0.159 0.994 0.0 0.089 -0.057 
-0.683 -0.004 -0.071 -0.727 -0.796 -0.0 -0.598 0.095 -0.972 -0.0 -0.098 -0.215 0.976 0.0 -0.107 -0.189 0.807 0.0 -0.13 -0.576 -0.689 -0.0 -0.718 0.099 -0.992 -0.0 0.128 -0.006 0.646 -0.0 -0.747 0.158 0.994 0.0 0.09 -0.057 
-0.683 -0.004 -0.071 -0.727 -0.796 -0.0 -0.598 0.095 -0.972 -0.0 -0.099 -0.216 0.976 0.0 -0.107 -0.189 0.806 0.0 -0.128 -0.578 -0.689 -0.0 -0.718 0.099 -0.992 0.0 0.128 -0.006 0.646 -0.0 -0.747 0.159 0.994 0.0 0.09 -0.057 
-0.683 -0.004 -0.071 -0.727 -0.796 -0.0 -0.597 0.095 -0.971 -0.0 -0.099 -0.216 0.976 0.0 -0.107 -0.188 0.806 0.0 -0.125 -0.579 -0.689 -0.0 -0.718 0.099 -0.992 -0.0 0.128 -0.006 0.646 0.0 -0.747 0.159 0.994 0.0 0.09 -0.057 
-0.683 -0.004 -0.071 -0.727 -0.796 -0.0 -0.598 0.095 -0.971 -0.0 -0.099 -0.217 0.976 0.0 -0.107 -0.188 0.805 0.0 -0.121 -0.581 -0.689 -0.0 -0.718 0.099 -0.992 -0.0 0.128 -0.005 0.646 0.0 -0.747 0.158 0.994 0.0 0.09 -0.057 
-0.683 -0.004 -0.071 -0.727 -0.796 0.0 -0.598 0.096 -0.971 -0.0 -0.1 -0.217 0.976 0.0 -0.107 -0.187 0.804 0.0 -0.117 -0.583 -0.689 -0.0 -0.718 0.099 -0.992 0.0 0.128 -0.005 0.646 0.0 -0.747 0.159 0.994 -0.0 0.09 -0.057 
-0.683 -0.004 -0.071 -0.726 -0.796 0.0 -0.598 0.096 -0.971 -0.0 -0.1 -0.218 0.977 -0.0 -0.108 -0.186 0.803 0.0 -0.112 -0.585 -0.689 0.0 -0.718 0.099 -0.992 -0.0 0.128 -0.005 0.646 0.0 -0.747 0.159 0.994 0.0 0.089 -0.058 
-0.684 -0.004 -0.071 -0.726 -0.796 -0.0 -0.597 0.096 -0.971 -0.0 -0.1 -0.218 0.977 0.0 -0.108 -0.185 0.802 0.0 -0.106 -0.587 -0.689 -0.0 -0.718 0.099 -0.992 -0.0 0.128 -0.005 0.646 -0.0 -0.747 0.159 0.994 0.0 0.089 -0.058 
-0.684 -0.004 -0.071 -0.726 -0.796 -0.0 -0.598 0.096 -0.971 -0.0 -0.1 -0.218 0.977 -0.0 -0.109 -0.184 0.801 0.0 -0.1 -0.59 -0.689 -0.0 -0.718 0.099 -0.992 -0.0 0.128 -0.005 0.646 0.0 -0.747 0.159 0.994 0.0 0.089 -0.058 
-0.684 -0.004 -0.071 -0.726 -0.796 -0.0 -0.597 0.095 -0.971 -0.0 -0.101 -0.218 0.977 -0.0 -0.11 -0.183 0.8 0.0 -0.093 -0.593 -0.689 -0.0 -0.718 0.099 -0.992 -0.0 0.128 -0.005 0.646 0.0 -0.747 0.159 0.994 0.0 0.09 -0.057 
-0.684 -0.004 -0.071 -0.726 -0.796 0.0 -0.597 0.096 -0.971 -0.0 -0.101 -0.218 0.977 0.0 -0.11 -0.181 0.798 0.0 -0.085 -0.596 -0.689 -0.0 -0.718 0.099 -0.992 0.0 0.128 -0.006 0.646 0.0 -0.747 0.16 0.994 0.0 0.09 -0.058 
-0.684 -0.003 -0.071 -0.726 -0.796 -0.0 -0.597 0.096 -0.971 -0.0 -0.101 -0.218 0.977 0.0 -0.111 -0.18 0.797 0.0 -0.076 -0.599 -0.689 0.0 -0.718 0.099 -0.992 -0.0 0.128 -0.005 0.646 0.0 -0.746 0.16 0.994 0.0 0.09 -0.058 
-0.684 -0.003 -0.071 -0.726 -0.796 -0.0 -0.597 0.096 -0.971 -0.0 -0.101 -0.218 0.978 0.0 -0.112 -0.178 0.796 -0.0 -0.067 -0.602 -0.689 -0.0 -0.718 0.099 -0.992 0.0 0.128 -0.005 0.646 0.0 -0.747 0.16 0.994 0.0 0.09 -0.058 
-0.684 -0.003 -0.071 -0.726 -0.796 -0.0 -0.597 0.096 -0.971 -0.0 -0.101 -0.219 0.978 0.0 -0.114 -0.176 0.794 0.0 -0.056 -0.605 -0.689 -0.0 -0.718 0.099 -0.992 -0.0 0.128 -0.005 0.646 -0.0 -0.747 0.16 0.994 -0.0 0.089 -0.058 
-0.685 -0.003 -0.071 -0.725 -0.796 0.0 -0.597 0.096 -0.971 -0.0 -0.101 -0.219 0.978 0.0 -0.115 -0.175 0.792 0.0 -0.045 -0.609 -0.689 -0.0 -0.718 0.099 -0.992 -0.0 0.128 -0.005 0.646 0.0 -0.746 0.161 0.994 0.0 0.089 -0.058 
-0.685 -0.003 -0.071 -0.725 -0.796 -0.0 -0.597 0.096 -0.971 0.0 -0.101 -0.218 0.978 -0.0 -0.116 -0.173 0.791 0.0 -0.033 -0.611 -0.689 -0.0 -0.718 0.099 -0.992 -0.0 0.128 -0.006 0.646 0.0 -0.746 0.161 0.994 0.0 0.089 -0.058 
-0.685 -0.003 -0.071 -0.725 -0.797 -0.0 -0.597 0.096 -0.971 -0.0 -0.101 -0.218 0.978 0.0 -0.118 -0.171 0.788 0.0 -0.02 -0.615 -0.689 -0.0 -0.718 0.099 -0.992 -0.0 0.128 -0.006 0.646 0.0 -0.746 0.161 0.994 0.0 0.09 -0.058 
-0.685 -0.003 -0.072 -0.725 -0.797 -0.0 -0.597 0.097 -0.971 0.0 -0.1 -0.218 0.978 0.0 -0.12 -0.17 0.787 0.0 -0.007 -0.618 -0.689 -0.0 -0.718 0.1 -0.992 -0.0 0.128 -0.006 0.646 0.0 -0.746 0.162 0.994 0.0 0.09 -0.058 
-0.686 -0.003 -0.072 -0.725 -0.797 -0.0 -0.597 0.097 -0.971 0.0 -0.1 -0.218 0.978 0.0 -0.121 -0.169 0.785 0.0 0.007 -0.62 -0.689 0.0 -0.718 0.1 -0.992 -0.0 0.128 -0.006 0.646 0.0 -0.746 0.162 0.994 0.0 0.089 -0.059 
-0.686 -0.003 -0.072 -0.724 -0.797 -0.0 -0.597 0.097 -0.971 -0.0 -0.1 -0.217 0.978 0.0 -0.123 -0.167 0.782 0.0 0.021 -0.623 -0.689 -0.0 -0.718 0.1 -0.992 -0.0 0.128 -0.006 0.646 0.0 -0.746 0.163 0.994 0.0 0.09 -0.058 
-0.686 -0.003 -0.072 -0.724 -0.797 -0.0 -0.597 0.097 -0.971 0.0 -0.1 -0.217 0.978 -0.0 -0.125 -0.165 0.779 0.0 0.037 -0.626 -0.689 -0.0 -0.718 0.1 -0.992 -0.0 0.128 -0.006 0.646 0.0 -0.746 0.163 0.994 0.0 0.089 -0.059 
-0.686 -0.003 -0.072 -0.724 -0.797 -0.0 -0.597 0.096 -0.971 -0.0 -0.099 -0.216 0.978 0.0 -0.127 -0.163 0.777 0.0 0.053 -0.628 -0.689 -0.0 -0.718 0.1 -0.992 -0.0 0.128 -0.006 0.645 0.0 -0.746 0.163 0.994 0.0 0.089 -0.059 
-0.686 -0.002 -0.072 -0.724 -0.797 -0.0 -0.597 0.096 -0.972 -0.0 -0.099 -0.215 0.978 0.0 -0.129 -0.162 0.774 -0.0 0.069 -0.629 -0.689 -0.0 -0.718 0.1 -0.992 -0.0 0.128 -0.006 0.645 0.0 -0.746 0.164 0.994 0.0 0.09 -0.058 
-0.686 -0.002 -0.072 -0.724 -0.797 0.0 -0.597 0.096 -0.972 -0.0 -0.099 -0.215 0.978 -0.0 -0.131 -0.16 0.771 0.0 0.085 -0.631 -0.689 -0.0 -0.718 0.101 -0.992 -0.0 0.128 -0.006 0.645 0.0 -0.746 0.164 0.994 0.0 0.089 -0.059 
-0.686 -0.002 -0.072 -0.724 -0.797 -0.0 -0.597 0.096 -0.972 -0.0 -0.098 -0.214 0.978 0.0 -0.134 -0.159 0.768 0.0 0.102 -0.633 -0.689 -0.0 -0.718 0.101 -0.992 -0.0 0.128 -0.006 0.645 0.0 -0.746 0.164 0.994 0.0 0.089 -0.059 
-0.686 -0.002 -0.072 -0.724 -0.797 0.0 -0.597 0.096 -0.972 -0.0 -0.098 -0.214 0.978 0.0 -0.136 -0.157 0.765 -0.0 0.118 -0.633 -0.689 -0.0 -0.718 0.101 -0.992 0.0 0.128 -0.006 0.645 0.0 -0.746 0.164 0.994 0.0 0.089 -0.059 
-0.686 -0.002 -0.072 -0.724 -0.797 -0.0 -0.597 0.095 -0.972 -0.0 -0.098 -0.213 0.978 -0.0 -0.138 -0.156 0.761 0.0 0.135 -0.634 -0.689 -0.0 -0.718 0.101 -0.992 -0.0 0.128 -0.006 0.645 0.0 -0.746 0.165 0.994 0.0 0.089 -0.059 
-0.687 -0.002 -0.072 -0.723 -0.797 -0.0 -0.597 0.095 -0.972 -0.0 -0.098 -0.213 0.978 -0.0 -0.14 -0.154 0.759 0.0 0.151 -0.633 -0.689 -0.0 -0.718 0.101 -0.992 -0.0 0.128 -0.006 0.645 0.0 -0.746 0.165 0.994 0.0 0.09 -0.059 
-0.687 -0.002 -0.073 -0.723 -0.797 0.0 -0.597 0.095 -0.972 -0.0 -0.098 -0.213 0.978 -0.0 -0.142 -0.153 0.756 0.0 0.168 -0.633 -0.689 -0.0 -0.718 0.101 -0.992 -0.0 0.128 -0.006 0.645 0.0 -0.746 0.165 0.994 0.0 0.089 -0.059 
-0.687 -0.002 -0.073 -0.723 -0.797 0.0 -0.597 0.095 -0.972 -0.0 -0.098 -0.213 0.978 0.0 -0.144 -0.152 0.753 0.0 0.185 -0.632 -0.689 -0.0 -0.717 0.102 -0.992 -0.0 0.128 -0.007 0.645 -0.0 -0.746 0.165 0.994 0.0 0.09 -0.059 
-0.687 -0.002 -0.073 -0.723 -0.797 0.0 -0.597 0.095 -0.972 0.0 -0.098 -0.212 0.978 0.0 -0.146 -0.15 0.75 0.0 0.201 -0.63 -0.689 -0.0 -0.717 0.102 -0.992 -0.0 0.128 -0.007 0.645 0.0 -0.746 0.166 0.994 0.0 0.09 -0.059 
-0.687 -0.002 -0.073 -0.723 -0.797 -0.0 -0.597 0.094 -0.972 -0.0 -0.097 -0.212 0.978 0.0 -0.148 -0.149 0.748 0.0 0.218 -0.627 -0.689 -0.0 -0.717 0.102 -0.992 -0.0 0.128 -0.006 0.645 0.0 -0.746 0.166 0.994 -0.0 0.09 -0.059 
-0.687 -0.002 -0.073 -0.723 -0.797 -0.0 -0.596 0.094 -0.972 -0.0 -0.097 -0.212 0.978 -0.0 -0.15 -0.148 0.743 0.0 0.232 -0.628 -0.689 -0.0 -0.717 0.103 -0.992 -0.0 0.128 -0.007 0.645 0.0 -0.746 0.167 0.994 -0.0 0.089 -0.059 
-0.687 -0.001 -0.073 -0.723 -0.797 -0.0 -0.596 0.094 -0.972 -0.0 -0.097 -0.213 0.978 0.0 -0.151 -0.146 0.74 0.0 0.248 -0.625 -0.689 -0.0 -0.717 0.103 -0.992 -0.0 0.128 -0.007 0.645 0.0 -0.746 0.167 0.994 0.0 0.089 -0.059 
-0.687 -0.001 -0.073 -0.723 -0.797 -0.0 -0.596 0.093 -0.972 -0.0 -0.097 -0.213 0.978 0.0 -0.153 -0.145 0.737 0.0 0.264 -0.622 -0.689 -0.0 -0.717 0.103 -0.992 -0.0 0.128 -0.007 0.645 0.0 -0.745 0.167 0.994 -0.0 0.09 -0.059 
-0.687 -0.001 -0.073 -0.723 -0.797 -0.0 -0.596 0.093 -0.972 -0.0 -0.097 -0.213 0.978 0.0 -0.154 -0.144 0.734 -0.0 0.279 -0.619 -0.689 -0.0 -0.717 0.104 -0.992 -0.0 0.128 -0.007 0.645 0.0 -0.745 0.168 0.994 0.0 0.09 -0.059 
-0.687 -0.001 -0.074 -0.723 -0.797 -0.0 -0.596 0.093 -0.972 -0.0 -0.097 -0.213 0.978 0.0 -0.156 -0.142 0.731 0.0 0.295 -0.615 -0.689 -0.0 -0.717 0.104 -0.992 -0.0 0.128 -0.007 0.645 0.0 -0.745 0.168 0.994 0.0 0.09 -0.059 
-0.688 -0.001 -0.074 -0.722 -0.798 -0.0 -0.596 0.093 -0.972 -0.0 -0.097 -0.214 0.978 0.0 -0.157 -0.141 0.727 0.0 0.311 -0.612 -0.689 -0.0 -0.717 0.104 -0.992 0.0 0.128 -0.007 0.645 0.0 -0.745 0.169 0.994 0.0 0.09 -0.059 
-0.688 -0.001 -0.074 -0.722 -0.798 -0.0 -0.596 0.093 -0.972 -0.0 -0.097 -0.214 0.977 0.0 -0.158 -0.14 0.725 0.0 0.327 -0.606 -0.689 -0.0 -0.717 0.104 -0.992 -0.0 0.128 -0.007 0.645 0.0 -0.745 0.169 0.994 0.0 0.09 -0.059 
-0.688 -0.0 -0.074 -0.722 -0.798 -0.0 -0.596 0.093 -0.972 -0.0 -0.098 -0.215 0.977 0.0 -0.16 -0.139 0.721 0.0 0.343 -0.602 -0.689 -0.0 -0.717 0.105 -0.992 -0.0 0.128 -0.007 0.645 0.0 -0.745 0.17 0.994 -0.0 0.089 -0.06 
-0.688 -0.0 -0.074 -0.722 -0.798 -0.0 -0.596 0.093 -0.972 -0.0 -0.098 -0.215 0.977 0.0 -0.161 -0.137 0.718 0.0 0.359 -0.597 -0.689 -0.0 -0.717 0.105 -0.992 0.0 0.128 -0.007 0.645 0.0 -0.745 0.17 0.994 0.0 0.089 -0.059 
-0.688 -0.0 -0.074 -0.721 -0.798 -0.0 -0.596 0.093 -0.971 -0.0 -0.098 -0.216 0.977 0.0 -0.162 -0.136 0.714 0.0 0.375 -0.592 -0.689 -0.0 -0.717 0.105 -0.992 -0.0 0.128 -0.007 0.645 0.0 -0.745 0.171 0.994 0.0 0.089 -0.06 
-0.689 0.0 -0.074 -0.721 -0.798 -0.0 -0.596 0.093 -0.971 -0.0 -0.098 -0.217 0.977 0.0 -0.163 -0.134 0.71 0.0 0.391 -0.586 -0.689 0.0 -0.717 0.105 -0.992 -0.0 0.128 -0.007 0.645 0.0 -0.744 0.172 0.994 0.0 0.089 -0.06 
-0.689 0.0 -0.074 -0.721 -0.798 -0.0 -0.595 0.093 -0.971 -0.0 -0.098 -0.217 0.977 0.0 -0.164 -0.133 0.707 0.0 0.405 -0.58 -0.689 -0.0 -0.717 0.105 -0.992 -0.0 0.128 -0.008 0.645 0.0 -0.744 0.172 0.994 0.0 0.089 -0.06 
-0.689 0.0 -0.075 -0.721 -0.798 0.0 -0.595 0.093 -0.971 0.0 -0.098 -0.218 0.977 0.0 -0.166 -0.132 0.702 0.0 0.422 -0.573 -0.689 0.0 -0.717 0.106 -0.992 0.0 0.128 -0.007 0.645 0.0 -0.744 0.172 0.994 0.0 0.089 -0.06 
-0.689 0.001 -0.075 -0.72 -0.798 -0.0 -0.595 0.093 -0.971 -0.0 -0.098 -0.219 0.977 0.0 -0.167 -0.131 0.699 0.0 0.437 -0.566 -0.689 -0.0 -0.717 0.106 -0.992 0.0 0.128 -0.008 0.645 0.0 -0.744 0.173 0.994 0.0 0.089 -0.06 
-0.69 0.001 -0.075 -0.72 -0.798 0.0 -0.595 0.093 -0.971 -0.0 -0.098 -0.219 0.977 0.0 -0.168 -0.129 0.695 0.0 0.453 -0.559 -0.689 -0.0 -0.717 0.106 -0.992 -0.0 0.128 -0.008 0.645 0.0 -0.744 0.173 0.994 0.0 0.089 -0.06 
-0.69 0.001 -0.075 -0.72 -0.798 -0.0 -0.595 0.093 -0.971 -0.0 -0.098 -0.22 0.977 0.0 -0.169 -0.129 0.691 0.0 0.47 -0.55 -0.689 -0.0 -0.717 0.106 -0.992 0.0 0.128 -0.008 0.645 -0.0 -0.744 0.174 0.994 -0.0 0.089 -0.06 
-0.69 0.001 -0.075 -0.72 -0.798 -0.0 -0.595 0.093 -0.971 0.0 -0.098 -0.22 0.977 0.0 -0.171 -0.128 0.686 0.0 0.486 -0.541 -0.689 -0.0 -0.717 0.106 -0.992 0.0 0.128 -0.008 0.645 -0.0 -0.744 0.174 0.994 0.0 0.089 -0.06 
-0.691 0.001 -0.075 -0.719 -0.798 -0.0 -0.595 0.093 -0.971 -0.0 -0.097 -0.22 0.977 -0.0 -0.172 -0.128 0.683 0.0 0.5 -0.533 -0.689 -0.0 -0.717 0.106 -0.992 -0.0 0.128 -0.008 0.645 0.0 -0.744 0.174 0.994 0.0 0.089 -0.06 
-0.691 0.001 -0.075 -0.719 -0.798 -0.0 -0.595 0.093 -0.97 -0.0 -0.098 -0.221 0.977 0.0 -0.173 -0.128 0.679 0.0 0.516 -0.522 -0.689 -0.0 -0.717 0.106 -0.992 -0.0 0.128 -0.008 0.645 0.0 -0.744 0.175 0.994 0.0 0.089 -0.06 
-0.691 0.001 -0.075 -0.719 -0.798 0.0 -0.595 0.094 -0.97 0.0 -0.097 -0.221 0.977 0.0 -0.174 -0.127 0.674 0.0 0.533 -0.511 -0.689 -0.0 -0.717 0.106 -0.992 -0.0 0.128 -0.008 0.645 0.0 -0.744 0.175 0.994 0.0 0.089 -0.06 
-0.691 0.001 -0.075 -0.719 -0.798 -0.0 -0.595 0.094 -0.97 -0.0 -0.098 -0.221 0.976 0.0 -0.175 -0.127 0.67 0.0 0.548 -0.501 -0.689 -0.0 -0.717 0.106 -0.992 0.0 0.129 -0.008 0.645 0.0 -0.744 0.175 0.994 0.0 0.089 -0.06 
-0.692 0.001 -0.075 -0.718 -0.798 -0.0 -0.595 0.094 -0.97 -0.0 -0.097 -0.221 0.976 0.0 -0.176 -0.127 0.665 0.0 0.564 -0.49 -0.689 0.0 -0.717 0.106 -0.992 0.0 0.128 -0.008 0.645 -0.0 -0.744 0.176 0.994 0.0 0.089 -0.06 
-0.692 0.001 -0.075 -0.718 -0.798 -0.0 -0.595 0.094 -0.97 -0.0 -0.098 -0.221 0.976 0.0 -0.177 -0.127 0.661 0.0 0.579 -0.477 -0.689 -0.0 -0.717 0.106 -0.992 -0.0 0.128 -0.008 0.645 0.0 -0.744 0.176 0.994 0.0 0.089 -0.06 
-0.692 0.001 -0.075 -0.718 -0.798 -0.0 -0.595 0.094 -0.97 -0.0 -0.098 -0.221 0.976 -0.0 -0.179 -0.128 0.656 0.0 0.594 -0.466 -0.689 -0.0 -0.717 0.106 -0.992 -0.0 0.128 -0.009 0.645 -0.0 -0.743 0.176 0.994 0.0 0.089 -0.061 
-0.693 0.001 -0.075 -0.717 -0.798 -0.0 -0.595 0.094 -0.97 -0.0 -0.098 -0.221 0.975 -0.0 -0.18 -0.128 0.652 0.0 0.608 -0.452 -0.689 -0.0 -0.717 0.106 -0.992 0.0 0.129 -0.008 0.645 0.0 -0.743 0.176 0.994 0.0 0.089 -0.06 
-0.693 0.001 -0.075 -0.717 -0.798 -0.0 -0.595 0.094 -0.97 -0.0 -0.098 -0.221 0.975 0.0 -0.181 -0.13 0.647 0.0 0.624 -0.438 -0.689 -0.0 -0.717 0.106 -0.992 -0.0 0.128 -0.008 0.645 0.0 -0.743 0.177 0.994 -0.0 0.089 -0.061 
-0.693 0.001 -0.075 -0.717 -0.798 -0.0 -0.595 0.095 -0.97 -0.0 -0.098 -0.221 0.974 0.0 -0.183 -0.13 0.643 0.0 0.637 -0.425 -0.689 0.0 -0.717 0.106 -0.992 0.0 0.128 -0.009 0.645 0.0 -0.743 0.177 0.994 0.0 0.089 -0.061 
-0.693 0.001 -0.075 -0.717 -0.798 -0.0 -0.595 0.095 -0.97 -0.0 -0.098 -0.221 0.974 0.0 -0.184 -0.132 0.638 0.0 0.65 -0.411 -0.689 -0.0 -0.717 0.106 -0.992 -0.0 0.128 -0.009 0.645 0.0 -0.743 0.177 0.994 0.0 0.089 -0.061 
-0.694 0.001 -0.075 -0.717 -0.798 -0.0 -0.595 0.095 -0.97 -0.0 -0.098 -0.221 0.974 0.0 -0.185 -0.133 0.634 0.0 0.664 -0.398 -0.689 -0.0 -0.717 0.106 -0.992 0.0 0.128 -0.009 0.645 0.0 -0.743 0.177 0.994 0.0 0.089 -0.061 
-0.694 0.002 -0.075 -0.716 -0.798 0.0 -0.595 0.095 -0.97 -0.0 -0.099 -0.22 0.973 0.0 -0.186 -0.134 0.631 0.0 0.675 -0.383 -0.688 -0.0 -0.718 0.106 -0.992 -0.0 0.128 -0.009 0.645 0.0 -0.743 0.177 0.994 0.0 0.089 -0.061 
-0.694 0.001 -0.074 -0.716 -0.798 -0.0 -0.595 0.095 -0.97 -0.0 -0.099 -0.22 0.973 -0.0 -0.187 -0.134 0.626 0.0 0.687 -0.37 -0.688 -0.0 -0.718 0.105 -0.992 0.0 0.128 -0.009 0.646 0.0 -0.743 0.177 0.994 0.0 0.089 -0.061 
-0.694 0.001 -0.074 -0.716 -0.798 -0.0 -0.595 0.096 -0.97 -0.0 -0.099 -0.22 0.973 0.0 -0.187 -0.135 0.622 -0.0 0.698 -0.356 -0.688 -0.0 -0.718 0.105 -0.992 -0.0 0.128 -0.009 0.646 -0.0 -0.743 0.177 0.994 0.0 0.089 -0.061 
-0.694 0.001 -0.074 -0.716 -0.798 0.0 -0.595 0.096 -0.97 -0.0 -0.1 -0.22 0.973 0.0 -0.188 -0.136 0.618 0.0 0.708 -0.342 -0.688 -0.0 -0.718 0.105 -0.992 -0.0 0.128 -0.009 0.646 -0.0 -0.743 0.177 0.994 0.0 0.089 -0.061 
-0.695 0.001 -0.074 -0.715 -0.798 0.0 -0.595 0.096 -0.97 -0.0 -0.1 -0.22 0.973 0.0 -0.189 -0.136 0.615 0.0 0.716 -0.329 -0.688 -0.0 -0.718 0.104 -0.992 -0.0 0.128 -0.009 0.646 0.0 -0.743 0.177 0.994 0.0 0.089 -0.061 
-0.695 0.001 -0.074 -0.715 -0.798 -0.0 -0.595 0.096 -0.97 0.0 -0.1 -0.22 0.972 0.0 -0.19 -0.137 0.611 0.0 0.725 -0.317 -0.688 -0.0 -0.718 0.104 -0.992 -0.0 0.128 -0.009 0.646 0.0 -0.743 0.177 0.994 0.0 0.089 -0.062 
-0.695 0.001 -0.074 -0.715 -0.798 -0.0 -0.595 0.097 -0.97 0.0 -0.1 -0.22 0.972 -0.0 -0.191 -0.137 0.607 0.0 0.734 -0.303 -0.688 -0.0 -0.718 0.104 -0.992 -0.0 0.128 -0.009 0.646 0.0 -0.743 0.177 0.994 0.0 0.089 -0.061 
-0.695 0.001 -0.074 -0.715 -0.798 -0.0 -0.595 0.097 -0.97 -0.0 -0.1 -0.219 0.972 0.0 -0.191 -0.138 0.605 0.0 0.74 -0.293 -0.688 -0.0 -0.718 0.104 -0.992 -0.0 0.128 -0.009 0.646 0.0 -0.743 0.177 0.994 0.0 0.089 -0.061 
-0.695 0.001 -0.074 -0.715 -0.798 -0.0 -0.595 0.097 -0.97 -0.0 -0.101 -0.219 0.971 0.0 -0.192 -0.139 0.601 -0.0 0.747 -0.283 -0.688 -0.0 -0.718 0.104 -0.992 -0.0 0.128 -0.009 0.646 0.0 -0.743 0.177 0.994 0.0 0.089 -0.061 
-0.696 0.001 -0.074 -0.715 -0.798 -0.0 -0.595 0.097 -0.97 0.0 -0.101 -0.219 0.971 -0.0 -0.193 -0.14 0.599 -0.0 0.753 -0.272 -0.688 -0.0 -0.718 0.104 -0.992 -0.0 0.128 -0.009 0.646 0.0 -0.743 0.177 0.994 0.0 0.089 -0.061 
-0.696 0.001 -0.074 -0.714 -0.798 -0.0 -0.595 0.098 -0.97 -0.0 -0.101 -0.219 0.971 -0.0 -0.194 -0.14 0.595 -0.0 0.759 -0.263 -0.688 0.0 -0.718 0.104 -0.992 -0.0 0.128 -0.009 0.646 0.0 -0.743 0.177 0.994 0.0 0.089 -0.061 
-0.696 0.001 -0.073 -0.714 -0.798 -0.0 -0.595 0.098 -0.97 -0.0 -0.102 -0.219 0.971 0.0 -0.194 -0.14 0.593 0.0 0.764 -0.254 -0.688 -0.0 -0.718 0.104 -0.992 0.0 0.128 -0.01 0.646 0.0 -0.743 0.177 0.994 0.0 0.089 -0.061 
-0.697 0.001 -0.073 -0.714 -0.798 -0.0 -0.595 0.099 -0.97 0.0 -0.102 -0.219 0.971 0.0 -0.195 -0.14 0.591 0.0 0.767 -0.248 -0.688 -0.0 -0.718 0.104 -0.992 0.0 0.128 -0.01 0.646 -0.0 -0.742 0.177 0.994 0.0 0.088 -0.061 
-0.697 0.001 -0.073 -0.714 -0.798 -0.0 -0.595 0.099 -0.97 -0.0 -0.102 -0.219 0.971 0.0 -0.195 -0.14 0.589 0.0 0.771 -0.241 -0.688 -0.0 -0.718 0.104 -0.992 0.0 0.128 -0.01 0.646 0.0 -0.742 0.177 0.994 0.0 0.088 -0.061 
-0.697 0.001 -0.073 -0.713 -0.798 -0.0 -0.595 0.099 -0.97 -0.0 -0.103 -0.218 0.971 0.0 -0.196 -0.14 0.588 0.0 0.774 -0.234 -0.688 -0.0 -0.718 0.103 -0.992 -0.0 0.128 -0.01 0.646 0.0 -0.743 0.177 0.994 0.0 0.089 -0.061 
-0.697 0.001 -0.073 -0.713 -0.798 -0.0 -0.595 0.1 -0.971 0.0 -0.103 -0.218 0.971 0.0 -0.196 -0.14 0.587 0.0 0.777 -0.23 -0.688 -0.0 -0.718 0.103 -0.992 -0.0 0.128 -0.01 0.646 0.0 -0.743 0.177 0.994 0.0 0.089 -0.061 
-0.697 0.001 -0.073 -0.713 -0.798 -0.0 -0.595 0.1 -0.971 -0.0 -0.103 -0.218 0.97 0.0 -0.196 -0.14 0.585 0.0 0.779 -0.225 -0.688 -0.0 -0.718 0.103 -0.992 0.0 0.128 -0.01 0.646 -0.0 -0.742 0.177 0.994 0.0 0.089 -0.061 
-0.697 0.001 -0.073 -0.713 -0.798 -0.0 -0.595 0.1 -0.971 0.0 -0.103 -0.218 0.97 -0.0 -0.197 -0.14 0.583 -0.0 0.782 -0.22 -0.688 -0.0 -0.718 0.103 -0.992 -0.0 0.128 -0.01 0.646 0.0 -0.742 0.177 0.994 0.0 0.089 -0.061 
-0.698 0.001 -0.073 -0.713 -0.797 -0.0 -0.595 0.1 -0.971 0.0 -0.103 -0.217 0.97 0.0 -0.197 -0.14 0.583 0.0 0.783 -0.218 -0.688 -0.0 -0.719 0.103 -0.992 -0.0 0.128 -0.01 0.646 0.0 -0.742 0.177 0.994 0.0 0.089 -0.061 
-0.698 0.001 -0.073 -0.713 -0.798 -0.0 -0.595 0.1 -0.971 -0.0 -0.104 -0.217 0.97 -0.0 -0.197 -0.14 0.581 0.0 0.785 -0.215 -0.688 -0.0 -0.719 0.102 -0.992 0.0 0.128 -0.01 0.646 0.0 -0.742 0.177 0.994 -0.0 0.089 -0.061 
-0.698 0.001 -0.073 -0.713 -0.797 -0.0 -0.595 0.101 -0.971 -0.0 -0.104 -0.217 0.97 0.0 -0.198 -0.139 0.581 0.0 0.785 -0.215 -0.688 -0.0 -0.719 0.102 -0.992 -0.0 0.128 -0.01 0.646 0.0 -0.742 0.177 0.994 -0.0 0.09 -0.061 
-0.698 0.001 -0.073 -0.712 -0.797 -0.0 -0.595 0.101 -0.971 -0.0 -0.104 -0.217 0.97 -0.0 -0.198 -0.138 0.581 0.0 0.785 -0.215 -0.688 0.0 -0.719 0.102 -0.992 0.0 0.128 -0.01 0.646 0.0 -0.742 0.177 0.994 0.0 0.089 -0.061 
-0.698 0.001 -0.072 -0.712 -0.797 0.0 -0.595 0.101 -0.971 -0.0 -0.104 -0.217 0.97 0.0 -0.198 -0.138 0.58 -0.0 0.786 -0.216 -0.688 -0.0 -0.719 0.102 -0.992 -0.0 0.128 -0.009 0.646 0.0 -0.742 0.177 0.994 0.0 0.09 -0.061 
-0.698 0.001 -0.072 -0.712 -0.797 0.0 -0.595 0.101 -0.971 -0.0 -0.104 -0.216 0.97 0.0 -0.199 -0.137 0.58 0.0 0.785 -0.218 -0.688 -0.0 -0.719 0.102 -0.992 -0.0 0.128 -0.01 0.646 0.0 -0.742 0.177 0.994 0.0 0.089 -0.061 
-0.699 0.001 -0.072 -0.712 -0.797 -0.0 -0.595 0.101 -0.971 -0.0 -0.104 -0.216 0.97 -0.0 -0.199 -0.137 0.58 0.0 0.785 -0.219 -0.687 -0.0 -0.719 0.102 -0.992 -0.0 0.128 -0.009 0.646 0.0 -0.742 0.177 0.994 0.0 0.09 -0.061 
-0.699 0.001 -0.072 -0.712 -0.797 0.0 -0.595 0.102 -0.971 -0.0 -0.105 -0.215 0.971 0.0 -0.199 -0.136 0.581 0.0 0.783 -0.223 -0.687 0.0 -0.719 0.102 -0.992 -0.0 0.128 -0.01 0.646 0.0 -0.742 0.177 0.994 0.0 0.089 -0.061 
-0.699 0.001 -0.072 -0.712 -0.798 0.0 -0.595 0.102 -0.971 -0.0 -0.105 -0.215 0.971 0.0 -0.2 -0.135 0.581 0.0 0.782 -0.227 -0.687 0.0 -0.719 0.102 -0.992 -0.0 0.128 -0.01 0.646 0.0 -0.742 0.177 0.994 0.0 0.09 -0.061 
