# T   LUA LFA RUA RFA LT  LS  RT  RS  
-0.498 -0.018 0.026 -0.867 -0.771 -0.0 -0.634 -0.057 -0.98 -0.0 -0.022 -0.195 0.756 0.0 -0.65 0.079 0.967 0.0 -0.011 -0.255 -0.651 -0.0 -0.759 0.002 -0.997 -0.0 0.024 0.072 0.689 0.0 -0.65 -0.32 0.997 0.0 -0.023 0.077 
-0.498 -0.017 0.027 -0.866 -0.771 -0.0 -0.634 -0.057 -0.98 -0.0 -0.024 -0.198 0.756 0.0 -0.65 0.08 0.968 0.0 -0.011 -0.253 -0.65 -0.0 -0.76 0.006 -0.997 -0.0 0.024 0.073 0.69 -0.0 -0.65 -0.318 0.998 0.0 -0.016 0.059 
-0.498 -0.017 0.029 -0.866 -0.767 -0.0 -0.638 -0.073 -0.984 -0.0 -0.008 -0.18 0.755 0.0 -0.65 0.082 0.968 0.0 -0.011 -0.251 -0.65 0.0 -0.76 0.008 -0.997 -0.0 0.024 0.075 0.69 -0.0 -0.651 -0.316 0.999 0.0 -0.009 0.042 
-0.498 -0.017 0.03 -0.866 -0.767 -0.0 -0.638 -0.074 -0.983 0.0 -0.008 -0.182 0.755 -0.0 -0.651 0.083 0.968 0.0 -0.01 -0.251 -0.649 -0.0 -0.76 0.011 -0.997 -0.0 0.025 0.077 0.691 0.0 -0.651 -0.315 1.0 -0.0 -0.004 0.028 
-0.499 -0.016 0.03 -0.866 -0.766 -0.0 -0.638 -0.076 -0.984 -0.0 -0.007 -0.181 0.755 0.0 -0.651 0.084 0.968 -0.0 -0.01 -0.249 -0.649 0.0 -0.761 0.014 -0.996 -0.0 0.026 0.08 0.692 0.0 -0.651 -0.313 1.0 0.0 -0.0 0.016 
-0.498 -0.016 0.031 -0.866 -0.771 -0.0 -0.633 -0.064 -0.98 -0.0 -0.022 -0.198 0.754 0.0 -0.651 0.085 0.969 0.0 -0.01 -0.248 -0.649 -0.0 -0.761 0.017 -0.995 -0.0 0.03 0.093 0.691 0.0 -0.652 -0.313 1.0 0.0 0.003 0.007 
-0.499 -0.016 0.031 -0.866 -0.772 -0.0 -0.633 -0.065 -0.98 0.0 -0.023 -0.199 0.753 0.0 -0.652 0.087 0.969 0.0 -0.008 -0.247 -0.648 -0.0 -0.762 0.019 -0.995 -0.0 0.032 0.097 0.683 0.0 -0.663 -0.306 1.0 0.0 0.031 -0.004 
-0.502 -0.016 0.031 -0.864 -0.767 -0.0 -0.637 -0.076 -0.983 -0.0 -0.01 -0.183 0.752 0.0 -0.653 0.09 0.969 0.0 -0.005 -0.247 -0.647 -0.0 -0.762 0.022 -0.994 -0.0 0.035 0.101 0.683 0.0 -0.664 -0.303 0.999 -0.0 0.033 -0.009 
-0.503 -0.015 0.032 -0.864 -0.772 -0.0 -0.633 -0.066 -0.98 -0.0 -0.024 -0.198 0.751 0.0 -0.653 0.092 0.969 0.0 -0.006 -0.247 -0.646 -0.0 -0.763 0.024 -0.994 0.0 0.038 0.106 0.682 0.0 -0.665 -0.303 0.999 0.0 0.035 -0.009 
-0.504 -0.015 0.033 -0.863 -0.769 -0.0 -0.635 -0.075 -0.983 -0.0 -0.014 -0.185 0.751 -0.0 -0.654 0.093 0.969 0.0 -0.003 -0.246 -0.646 0.0 -0.763 0.025 -0.993 -0.0 0.038 0.11 0.683 -0.0 -0.664 -0.305 0.999 0.0 0.033 -0.007 
-0.505 -0.015 0.033 -0.862 -0.774 -0.0 -0.63 -0.061 -0.979 0.0 -0.03 -0.204 0.75 0.0 -0.655 0.094 0.969 0.0 -0.002 -0.246 -0.645 -0.0 -0.764 0.026 -0.992 -0.0 0.041 0.116 0.683 0.0 -0.664 -0.305 1.0 0.0 0.031 -0.003 
-0.506 -0.015 0.034 -0.862 -0.774 0.0 -0.63 -0.063 -0.979 -0.0 -0.031 -0.2 0.748 0.0 -0.657 0.096 0.97 0.0 -0.0 -0.245 -0.645 -0.0 -0.764 0.027 -0.992 -0.0 0.041 0.12 0.681 0.0 -0.665 -0.305 1.0 0.0 0.03 0.003 
-0.507 -0.016 0.034 -0.861 -0.775 -0.0 -0.629 -0.063 -0.979 -0.0 -0.031 -0.199 0.746 0.0 -0.658 0.097 0.97 0.0 0.001 -0.244 -0.645 -0.0 -0.764 0.027 -0.991 -0.0 0.044 0.126 0.681 0.0 -0.665 -0.307 1.0 -0.0 0.025 0.009 
-0.509 -0.015 0.034 -0.86 -0.774 -0.0 -0.629 -0.064 -0.98 -0.0 -0.03 -0.196 0.745 0.0 -0.659 0.099 0.97 -0.0 0.004 -0.244 -0.644 -0.0 -0.764 0.029 -0.99 -0.0 0.046 0.131 0.68 0.0 -0.667 -0.305 1.0 0.0 0.027 0.015 
-0.51 -0.015 0.034 -0.859 -0.772 -0.0 -0.632 -0.068 -0.982 -0.0 -0.021 -0.188 0.744 -0.0 -0.661 0.101 0.97 0.0 0.007 -0.245 -0.644 -0.0 -0.765 0.03 -0.99 -0.0 0.048 0.135 0.679 0.0 -0.669 -0.303 0.999 0.0 0.026 0.018 
-0.512 -0.015 0.033 -0.858 -0.776 -0.0 -0.628 -0.062 -0.98 0.0 -0.034 -0.194 0.742 -0.0 -0.662 0.104 0.97 0.0 0.008 -0.243 -0.643 -0.0 -0.765 0.031 -0.989 -0.0 0.052 0.141 0.686 0.0 -0.66 -0.305 1.0 0.0 0.001 0.021 
-0.513 -0.015 0.033 -0.857 -0.777 -0.0 -0.626 -0.06 -0.98 -0.0 -0.036 -0.194 0.74 0.0 -0.664 0.106 0.97 0.0 0.01 -0.244 -0.644 -0.0 -0.764 0.034 -0.988 -0.0 0.053 0.145 0.685 0.0 -0.664 -0.3 1.0 0.0 0.003 0.02 
-0.515 -0.016 0.033 -0.856 -0.778 -0.0 -0.625 -0.059 -0.981 -0.0 -0.037 -0.193 0.738 0.0 -0.667 0.108 0.97 0.0 0.013 -0.244 -0.644 -0.0 -0.764 0.035 -0.987 -0.0 0.055 0.152 0.684 -0.0 -0.668 -0.295 1.0 0.0 0.004 0.019 
-0.517 -0.016 0.032 -0.855 -0.78 -0.0 -0.623 -0.056 -0.98 -0.0 -0.041 -0.193 0.735 0.0 -0.669 0.109 0.97 0.0 0.015 -0.243 -0.645 -0.0 -0.764 0.035 -0.986 -0.0 0.058 0.159 0.682 0.0 -0.672 -0.289 1.0 0.0 0.007 0.018 
-0.518 -0.017 0.032 -0.854 -0.781 -0.0 -0.622 -0.054 -0.98 -0.0 -0.043 -0.192 0.733 0.0 -0.671 0.111 0.97 0.0 0.02 -0.243 -0.645 -0.0 -0.763 0.034 -0.984 -0.0 0.06 0.167 0.682 -0.0 -0.673 -0.286 1.0 0.0 0.004 0.018 
-0.519 -0.018 0.031 -0.854 -0.782 -0.0 -0.62 -0.053 -0.981 -0.0 -0.043 -0.189 0.73 0.0 -0.674 0.113 0.97 0.0 0.02 -0.244 -0.646 -0.0 -0.762 0.033 -0.983 -0.0 0.061 0.174 0.681 0.0 -0.676 -0.282 1.0 0.0 0.004 0.02 
-0.52 -0.019 0.031 -0.853 -0.783 -0.0 -0.619 -0.052 -0.981 0.0 -0.044 -0.187 0.728 -0.0 -0.676 0.115 0.97 0.0 0.022 -0.244 -0.647 -0.0 -0.762 0.031 -0.981 -0.0 0.062 0.185 0.68 -0.0 -0.678 -0.278 1.0 0.0 0.002 0.021 
-0.521 -0.019 0.03 -0.853 -0.783 -0.0 -0.62 -0.051 -0.982 -0.0 -0.042 -0.185 0.725 0.0 -0.678 0.117 0.97 0.0 0.024 -0.244 -0.648 -0.0 -0.761 0.026 -0.978 -0.0 0.062 0.197 0.678 -0.0 -0.682 -0.273 1.0 -0.0 0.005 0.023 
-0.52 -0.021 0.03 -0.853 -0.784 -0.0 -0.618 -0.049 -0.982 -0.0 -0.042 -0.184 0.722 0.0 -0.681 0.119 0.969 0.0 0.026 -0.244 -0.649 0.0 -0.76 0.02 -0.976 -0.0 0.061 0.211 0.677 0.0 -0.684 -0.27 1.0 0.0 0.003 0.025 
-0.52 -0.022 0.03 -0.853 -0.782 -0.0 -0.621 -0.052 -0.984 -0.0 -0.032 -0.176 0.72 0.0 -0.683 0.119 0.97 0.0 0.027 -0.242 -0.651 -0.0 -0.759 0.017 -0.974 -0.0 0.058 0.22 0.677 0.0 -0.687 -0.265 1.0 -0.0 0.002 0.025 
-0.519 -0.023 0.03 -0.854 -0.783 -0.0 -0.62 -0.05 -0.984 0.0 -0.032 -0.174 0.718 -0.0 -0.685 0.12 0.97 0.0 0.028 -0.242 -0.652 -0.0 -0.758 0.004 -0.969 -0.0 0.053 0.243 0.678 0.0 -0.687 -0.262 1.0 -0.0 -0.004 0.026 
-0.518 -0.024 0.031 -0.855 -0.785 -0.0 -0.618 -0.047 -0.984 -0.0 -0.034 -0.174 0.716 0.0 -0.687 0.121 0.969 0.0 0.027 -0.244 -0.655 0.0 -0.756 -0.007 -0.966 0.0 0.043 0.254 0.671 0.0 -0.696 -0.256 1.0 -0.0 0.011 0.024 
-0.516 -0.025 0.031 -0.856 -0.786 0.0 -0.617 -0.045 -0.984 -0.0 -0.033 -0.172 0.714 0.0 -0.689 0.121 0.97 0.0 0.028 -0.243 -0.656 -0.0 -0.755 -0.02 -0.961 -0.0 0.036 0.275 0.668 0.0 -0.701 -0.249 1.0 0.0 0.018 0.022 
-0.515 -0.025 0.031 -0.857 -0.786 -0.0 -0.617 -0.045 -0.985 0.0 -0.032 -0.17 0.713 0.0 -0.69 0.122 0.97 0.0 0.027 -0.242 -0.657 -0.0 -0.753 -0.033 -0.955 -0.0 0.025 0.296 0.67 0.0 -0.7 -0.245 1.0 -0.0 0.01 0.022 
-0.513 -0.025 0.032 -0.858 -0.786 -0.0 -0.617 -0.042 -0.985 -0.0 -0.033 -0.168 0.713 0.0 -0.691 0.122 0.97 0.0 0.026 -0.242 -0.659 -0.0 -0.751 -0.047 -0.949 0.0 0.012 0.316 0.675 0.0 -0.696 -0.244 1.0 0.0 -0.007 0.024 
-0.511 -0.025 0.033 -0.859 -0.786 -0.0 -0.617 -0.041 -0.985 -0.0 -0.033 -0.167 0.712 -0.0 -0.691 0.123 0.97 0.0 0.024 -0.242 -0.661 -0.0 -0.748 -0.062 -0.942 -0.0 -0.001 0.336 0.674 0.0 -0.7 -0.237 1.0 -0.0 -0.003 0.022 
-0.508 -0.024 0.034 -0.86 -0.787 -0.0 -0.616 -0.038 -0.985 -0.0 -0.034 -0.167 0.713 0.0 -0.691 0.122 0.97 0.0 0.023 -0.242 -0.662 -0.0 -0.745 -0.076 -0.935 -0.0 -0.016 0.355 0.675 0.0 -0.7 -0.233 1.0 0.0 -0.006 0.023 
-0.507 -0.023 0.035 -0.861 -0.787 -0.0 -0.616 -0.037 -0.985 -0.0 -0.035 -0.167 0.713 0.0 -0.69 0.123 0.97 0.0 0.02 -0.243 -0.663 -0.0 -0.743 -0.091 -0.927 -0.0 -0.031 0.375 0.674 0.0 -0.703 -0.228 1.0 0.0 -0.005 0.022 
-0.505 -0.024 0.034 -0.862 -0.788 -0.0 -0.615 -0.035 -0.985 -0.0 -0.038 -0.167 0.713 0.0 -0.691 0.123 0.97 0.0 0.018 -0.244 -0.666 -0.0 -0.738 -0.106 -0.918 0.0 -0.046 0.394 0.673 0.0 -0.705 -0.224 1.0 0.0 -0.008 0.022 
-0.504 -0.024 0.034 -0.863 -0.789 -0.0 -0.614 -0.034 -0.985 -0.0 -0.039 -0.167 0.712 0.0 -0.691 0.122 0.97 -0.0 0.016 -0.243 -0.668 -0.0 -0.734 -0.124 -0.907 -0.0 -0.063 0.416 0.672 0.0 -0.707 -0.218 1.0 0.0 -0.008 0.022 
-0.502 -0.025 0.033 -0.864 -0.79 -0.0 -0.612 -0.033 -0.985 -0.0 -0.04 -0.167 0.712 -0.0 -0.692 0.123 0.97 0.0 0.014 -0.245 -0.671 0.0 -0.728 -0.138 -0.897 -0.0 -0.079 0.434 0.671 0.0 -0.71 -0.214 1.0 0.0 -0.008 0.024 
-0.502 -0.026 0.032 -0.864 -0.791 -0.0 -0.61 -0.032 -0.985 -0.0 -0.04 -0.167 0.71 -0.0 -0.693 0.124 0.969 0.0 0.012 -0.246 -0.674 0.0 -0.723 -0.154 -0.886 -0.0 -0.093 0.453 0.669 0.0 -0.714 -0.208 1.0 0.0 -0.009 0.024 
-0.502 -0.028 0.031 -0.864 -0.797 0.0 -0.603 -0.026 -0.983 -0.0 -0.053 -0.175 0.709 0.0 -0.694 0.122 0.969 0.0 0.01 -0.246 -0.678 -0.0 -0.715 -0.171 -0.875 -0.0 -0.113 0.471 0.666 0.0 -0.717 -0.204 1.0 -0.0 -0.009 0.025 
-0.501 -0.03 0.029 -0.864 -0.795 -0.0 -0.606 -0.033 -0.985 0.0 -0.041 -0.167 0.708 0.0 -0.696 0.122 0.969 0.0 0.008 -0.246 -0.682 0.0 -0.707 -0.186 -0.864 -0.0 -0.13 0.486 0.664 0.0 -0.721 -0.198 1.0 0.0 -0.009 0.026 
-0.501 -0.031 0.027 -0.865 -0.797 -0.0 -0.604 -0.033 -0.985 -0.0 -0.04 -0.166 0.707 0.0 -0.697 0.121 0.97 0.0 0.006 -0.245 -0.686 -0.0 -0.7 -0.2 -0.854 -0.0 -0.146 0.499 0.661 0.0 -0.725 -0.192 1.0 0.0 -0.009 0.026 
-0.5 -0.033 0.025 -0.865 -0.802 0.0 -0.597 -0.027 -0.983 -0.0 -0.052 -0.174 0.705 -0.0 -0.698 0.121 0.969 0.0 0.006 -0.246 -0.689 -0.0 -0.693 -0.213 -0.845 0.0 -0.161 0.51 0.658 0.0 -0.73 -0.185 1.0 0.0 -0.008 0.026 
-0.499 -0.035 0.023 -0.865 -0.8 -0.0 -0.599 -0.032 -0.985 0.0 -0.039 -0.167 0.704 0.0 -0.7 0.12 0.97 0.0 0.003 -0.244 -0.692 -0.0 -0.686 -0.226 -0.835 -0.0 -0.176 0.521 0.656 -0.0 -0.734 -0.178 1.0 0.0 -0.008 0.026 
-0.498 -0.034 0.022 -0.866 -0.799 -0.0 -0.6 -0.032 -0.985 -0.0 -0.036 -0.166 0.705 0.0 -0.699 0.119 0.97 0.0 0.001 -0.245 -0.694 -0.0 -0.68 -0.237 -0.828 -0.0 -0.192 0.527 0.654 0.0 -0.737 -0.17 1.0 0.0 -0.007 0.027 
-0.497 -0.036 0.02 -0.867 -0.802 0.0 -0.597 -0.028 -0.985 -0.0 -0.036 -0.17 0.704 0.0 -0.7 0.116 0.97 0.0 0.0 -0.244 -0.697 0.0 -0.672 -0.251 -0.817 -0.0 -0.209 0.538 0.652 0.0 -0.741 -0.164 1.0 0.0 -0.006 0.027 
-0.496 -0.037 0.018 -0.867 -0.802 0.0 -0.596 -0.027 -0.985 -0.0 -0.035 -0.172 0.703 0.0 -0.701 0.116 0.97 0.0 -0.0 -0.245 -0.699 -0.0 -0.665 -0.264 -0.81 -0.0 -0.223 0.543 0.649 0.0 -0.744 -0.156 1.0 0.0 -0.006 0.028 
-0.495 -0.036 0.016 -0.868 -0.803 -0.0 -0.596 -0.025 -0.984 -0.0 -0.035 -0.173 0.704 0.0 -0.701 0.114 0.97 0.0 -0.001 -0.244 -0.7 -0.0 -0.659 -0.277 -0.804 -0.0 -0.235 0.546 0.648 0.0 -0.747 -0.148 1.0 0.0 -0.004 0.028 
-0.495 -0.036 0.015 -0.868 -0.805 0.0 -0.593 -0.021 -0.983 -0.0 -0.041 -0.177 0.704 0.0 -0.701 0.112 0.97 -0.0 -0.001 -0.244 -0.701 -0.0 -0.652 -0.289 -0.8 -0.0 -0.246 0.546 0.646 -0.0 -0.75 -0.14 1.0 -0.0 -0.004 0.028 
-0.494 -0.035 0.014 -0.869 -0.802 -0.0 -0.596 -0.022 -0.984 -0.0 -0.033 -0.174 0.705 0.0 -0.7 0.11 0.97 -0.0 -0.002 -0.244 -0.7 0.0 -0.647 -0.302 -0.797 -0.0 -0.256 0.547 0.646 0.0 -0.752 -0.132 1.0 0.0 -0.003 0.029 
-0.493 -0.035 0.013 -0.869 -0.802 -0.0 -0.597 -0.02 -0.984 -0.0 -0.033 -0.176 0.707 -0.0 -0.699 0.108 0.969 0.0 -0.003 -0.246 -0.699 -0.0 -0.643 -0.315 -0.795 -0.0 -0.264 0.547 0.644 0.0 -0.755 -0.124 1.0 0.0 0.0 0.027 
-0.492 -0.033 0.013 -0.87 -0.801 -0.0 -0.598 -0.021 -0.984 0.0 -0.032 -0.175 0.708 0.0 -0.698 0.107 0.969 0.0 -0.003 -0.247 -0.698 -0.0 -0.638 -0.325 -0.794 0.0 -0.271 0.544 0.645 -0.0 -0.755 -0.117 1.0 0.0 -0.0 0.03 
-0.49 -0.033 0.013 -0.871 -0.801 0.0 -0.598 -0.018 -0.984 -0.0 -0.031 -0.177 0.709 0.0 -0.697 0.103 0.969 0.0 -0.005 -0.248 -0.697 -0.0 -0.633 -0.337 -0.795 -0.0 -0.277 0.539 0.644 0.0 -0.757 -0.112 1.0 0.0 0.0 0.031 
-0.488 -0.031 0.012 -0.872 -0.8 -0.0 -0.6 -0.019 -0.984 -0.0 -0.029 -0.175 0.711 0.0 -0.696 0.102 0.968 0.0 -0.006 -0.25 -0.695 -0.0 -0.63 -0.346 -0.797 -0.0 -0.281 0.535 0.644 0.0 -0.758 -0.105 0.999 0.0 0.001 0.032 
-0.485 -0.03 0.013 -0.874 -0.799 -0.0 -0.601 -0.019 -0.984 -0.0 -0.028 -0.176 0.714 0.0 -0.694 0.098 0.968 0.0 -0.008 -0.251 -0.697 -0.0 -0.63 -0.343 -0.805 -0.0 -0.278 0.524 0.644 -0.0 -0.758 -0.103 0.999 0.0 0.001 0.036 
-0.485 -0.027 0.011 -0.874 -0.798 -0.0 -0.603 -0.018 -0.984 -0.0 -0.027 -0.175 0.716 0.0 -0.691 0.096 0.968 0.0 -0.01 -0.252 -0.69 -0.0 -0.624 -0.366 -0.802 -0.0 -0.286 0.524 0.644 0.0 -0.759 -0.091 0.999 0.0 0.004 0.033 
-0.484 -0.025 0.011 -0.874 -0.797 -0.0 -0.604 -0.017 -0.984 -0.0 -0.028 -0.177 0.718 0.0 -0.689 0.094 0.967 0.0 -0.012 -0.254 -0.689 -0.0 -0.623 -0.372 -0.809 -0.0 -0.283 0.516 0.645 0.0 -0.76 -0.084 0.999 0.0 0.004 0.035 
-0.482 -0.024 0.01 -0.876 -0.796 -0.0 -0.605 -0.016 -0.984 -0.0 -0.028 -0.177 0.721 -0.0 -0.687 0.091 0.967 0.0 -0.014 -0.255 -0.686 0.0 -0.621 -0.379 -0.813 -0.0 -0.282 0.509 0.645 0.0 -0.76 -0.078 0.999 0.0 0.005 0.038 
-0.48 -0.022 0.01 -0.877 -0.795 -0.0 -0.607 -0.014 -0.984 -0.0 -0.027 -0.178 0.723 0.0 -0.685 0.089 0.966 -0.0 -0.016 -0.257 -0.685 0.0 -0.619 -0.385 -0.82 0.0 -0.279 0.5 0.645 0.0 -0.76 -0.073 0.999 0.0 0.005 0.041 
-0.478 -0.02 0.01 -0.878 -0.794 -0.0 -0.608 -0.013 -0.984 -0.0 -0.026 -0.178 0.725 0.0 -0.683 0.086 0.966 0.0 -0.018 -0.26 -0.683 -0.0 -0.617 -0.391 -0.827 0.0 -0.276 0.49 0.645 0.0 -0.761 -0.069 0.999 0.0 0.007 0.045 
-0.477 -0.016 0.01 -0.879 -0.792 -0.0 -0.611 -0.012 -0.984 -0.0 -0.026 -0.178 0.729 0.0 -0.68 0.083 0.965 0.0 -0.02 -0.26 -0.679 -0.0 -0.619 -0.395 -0.835 -0.0 -0.269 0.48 0.647 0.0 -0.76 -0.062 0.999 0.0 0.008 0.049 
-0.475 -0.014 0.01 -0.88 -0.79 0.0 -0.613 -0.011 -0.984 -0.0 -0.025 -0.179 0.731 -0.0 -0.677 0.079 0.965 0.0 -0.021 -0.261 -0.677 -0.0 -0.618 -0.4 -0.842 -0.0 -0.265 0.47 0.648 0.0 -0.76 -0.057 0.999 -0.0 0.01 0.052 
-0.472 -0.013 0.009 -0.881 -0.789 -0.0 -0.614 -0.01 -0.984 0.0 -0.024 -0.179 0.734 -0.0 -0.675 0.077 0.964 0.0 -0.023 -0.263 -0.676 -0.0 -0.618 -0.402 -0.852 -0.0 -0.258 0.457 0.648 0.0 -0.76 -0.052 0.998 0.0 0.011 0.055 
-0.469 -0.011 0.009 -0.883 -0.789 -0.0 -0.615 -0.009 -0.984 -0.0 -0.022 -0.179 0.736 0.0 -0.674 0.073 0.964 0.0 -0.025 -0.264 -0.675 0.0 -0.616 -0.406 -0.859 -0.0 -0.252 0.445 0.648 0.0 -0.76 -0.048 0.998 0.0 0.012 0.059 
-0.466 -0.01 0.009 -0.884 -0.788 -0.0 -0.616 -0.007 -0.984 -0.0 -0.021 -0.179 0.737 0.0 -0.672 0.07 0.963 0.0 -0.026 -0.267 -0.674 -0.0 -0.616 -0.408 -0.868 -0.0 -0.245 0.432 0.648 0.0 -0.76 -0.043 0.998 0.0 0.013 0.061 
-0.465 -0.009 0.008 -0.885 -0.787 -0.0 -0.617 -0.007 -0.984 -0.0 -0.02 -0.179 0.739 0.0 -0.671 0.067 0.963 0.0 -0.028 -0.268 -0.672 -0.0 -0.616 -0.41 -0.877 -0.0 -0.236 0.418 0.648 0.0 -0.76 -0.037 0.998 0.0 0.015 0.063 
-0.464 -0.008 0.008 -0.886 -0.786 -0.0 -0.618 -0.006 -0.984 0.0 -0.018 -0.179 0.74 0.0 -0.669 0.063 0.963 -0.0 -0.028 -0.269 -0.672 -0.0 -0.616 -0.411 -0.886 -0.0 -0.227 0.403 0.649 0.0 -0.76 -0.032 0.998 0.0 0.015 0.065 
-0.461 -0.008 0.008 -0.887 -0.786 -0.0 -0.618 -0.005 -0.984 -0.0 -0.017 -0.179 0.741 0.0 -0.668 0.059 0.962 0.0 -0.029 -0.272 -0.672 -0.0 -0.615 -0.413 -0.895 -0.0 -0.219 0.388 0.648 0.0 -0.761 -0.028 0.998 0.0 0.016 0.067 
-0.459 -0.008 0.007 -0.888 -0.785 -0.0 -0.619 -0.004 -0.984 -0.0 -0.015 -0.179 0.742 0.0 -0.668 0.057 0.961 0.0 -0.031 -0.274 -0.673 -0.0 -0.614 -0.412 -0.905 -0.0 -0.21 0.371 0.648 0.0 -0.761 -0.023 0.998 0.0 0.017 0.068 
-0.458 -0.008 0.007 -0.889 -0.785 -0.0 -0.619 -0.004 -0.984 -0.0 -0.014 -0.179 0.743 0.0 -0.667 0.054 0.96 0.0 -0.031 -0.277 -0.673 -0.0 -0.614 -0.413 -0.913 -0.0 -0.202 0.356 0.648 0.0 -0.762 -0.018 0.997 0.0 0.018 0.069 
-0.457 -0.008 0.007 -0.889 -0.785 0.0 -0.62 -0.002 -0.984 -0.0 -0.014 -0.18 0.744 -0.0 -0.666 0.051 0.96 -0.0 -0.031 -0.279 -0.673 -0.0 -0.614 -0.413 -0.921 -0.0 -0.193 0.338 0.648 0.0 -0.762 -0.013 0.997 0.0 0.018 0.07 
-0.455 -0.009 0.007 -0.891 -0.784 -0.0 -0.621 -0.004 -0.984 -0.0 -0.011 -0.178 0.745 0.0 -0.666 0.048 0.959 0.0 -0.034 -0.281 -0.674 -0.0 -0.613 -0.412 -0.929 -0.0 -0.184 0.321 0.647 0.0 -0.762 -0.009 0.997 0.0 0.019 0.072 
-0.454 -0.009 0.006 -0.891 -0.784 -0.0 -0.621 -0.003 -0.984 -0.0 -0.01 -0.177 0.745 0.0 -0.665 0.046 0.959 0.0 -0.034 -0.283 -0.674 -0.0 -0.614 -0.411 -0.936 -0.0 -0.176 0.304 0.647 -0.0 -0.763 -0.002 0.997 0.0 0.02 0.07 
-0.455 -0.009 0.006 -0.89 -0.783 -0.0 -0.622 -0.003 -0.984 0.0 -0.01 -0.177 0.746 -0.0 -0.665 0.043 0.958 0.0 -0.034 -0.284 -0.674 -0.0 -0.615 -0.409 -0.944 -0.0 -0.165 0.285 0.646 0.0 -0.763 0.004 0.997 0.0 0.02 0.07 
-0.455 -0.01 0.006 -0.891 -0.783 -0.0 -0.622 -0.003 -0.984 -0.0 -0.01 -0.176 0.747 0.0 -0.664 0.04 0.958 0.0 -0.034 -0.285 -0.676 -0.0 -0.616 -0.406 -0.952 -0.0 -0.156 0.264 0.645 0.0 -0.764 0.009 0.997 0.0 0.021 0.071 
-0.454 -0.011 0.006 -0.891 -0.783 -0.0 -0.622 -0.004 -0.984 0.0 -0.009 -0.175 0.747 0.0 -0.664 0.037 0.957 0.0 -0.034 -0.288 -0.677 -0.0 -0.615 -0.404 -0.958 0.0 -0.148 0.246 0.644 0.0 -0.765 0.013 0.997 0.0 0.021 0.072 
-0.455 -0.012 0.005 -0.891 -0.783 -0.0 -0.622 -0.004 -0.985 -0.0 -0.009 -0.174 0.746 -0.0 -0.665 0.035 0.957 0.0 -0.032 -0.289 -0.677 -0.0 -0.618 -0.4 -0.964 0.0 -0.137 0.227 0.644 0.0 -0.765 0.017 0.997 0.0 0.022 0.073 
-0.455 -0.013 0.005 -0.89 -0.782 -0.0 -0.623 -0.004 -0.985 -0.0 -0.008 -0.173 0.747 0.0 -0.664 0.033 0.956 0.0 -0.033 -0.291 -0.677 -0.0 -0.62 -0.396 -0.971 -0.0 -0.125 0.206 0.643 0.0 -0.766 0.021 0.997 -0.0 0.022 0.074 
-0.455 -0.014 0.005 -0.891 -0.782 -0.0 -0.623 -0.004 -0.985 -0.0 -0.007 -0.173 0.747 -0.0 -0.664 0.03 0.956 -0.0 -0.033 -0.292 -0.678 -0.0 -0.623 -0.391 -0.976 -0.0 -0.113 0.188 0.642 0.0 -0.767 0.026 0.997 0.0 0.022 0.075 
-0.455 -0.015 0.005 -0.891 -0.783 -0.0 -0.623 -0.004 -0.985 0.0 -0.008 -0.173 0.747 0.0 -0.665 0.027 0.956 0.0 -0.032 -0.292 -0.678 -0.0 -0.625 -0.387 -0.98 -0.0 -0.102 0.17 0.64 0.0 -0.768 0.03 0.997 0.0 0.022 0.076 
-0.455 -0.017 0.004 -0.89 -0.782 -0.0 -0.623 -0.004 -0.985 -0.0 -0.008 -0.172 0.746 0.0 -0.665 0.027 0.955 0.0 -0.032 -0.295 -0.678 -0.0 -0.628 -0.382 -0.984 -0.0 -0.091 0.153 0.639 -0.0 -0.768 0.036 0.997 0.0 0.023 0.076 
-0.455 -0.018 0.004 -0.891 -0.782 -0.0 -0.623 -0.004 -0.985 -0.0 -0.008 -0.172 0.746 0.0 -0.665 0.024 0.955 0.0 -0.033 -0.295 -0.678 0.0 -0.631 -0.378 -0.987 0.0 -0.08 0.137 0.638 0.0 -0.769 0.041 0.997 0.0 0.024 0.076 
-0.454 -0.02 0.004 -0.891 -0.783 0.0 -0.622 -0.004 -0.985 -0.0 -0.007 -0.171 0.746 0.0 -0.666 0.021 0.955 0.0 -0.032 -0.295 -0.678 -0.0 -0.633 -0.374 -0.99 -0.0 -0.07 0.122 0.637 0.0 -0.77 0.044 0.997 0.0 0.024 0.078 
-0.453 -0.022 0.003 -0.891 -0.783 -0.0 -0.622 -0.003 -0.985 -0.0 -0.007 -0.171 0.745 0.0 -0.667 0.021 0.954 0.0 -0.033 -0.297 -0.678 -0.0 -0.635 -0.369 -0.992 -0.0 -0.06 0.109 0.635 -0.0 -0.771 0.049 0.997 0.0 0.024 0.079 
-0.452 -0.023 0.003 -0.892 -0.783 -0.0 -0.622 -0.002 -0.985 -0.0 -0.007 -0.172 0.745 0.0 -0.667 0.019 0.954 0.0 -0.033 -0.297 -0.678 -0.0 -0.638 -0.365 -0.994 -0.0 -0.051 0.098 0.634 0.0 -0.772 0.054 0.997 0.0 0.025 0.08 
-0.451 -0.025 0.003 -0.892 -0.783 -0.0 -0.622 -0.002 -0.985 -0.0 -0.007 -0.171 0.745 0.0 -0.667 0.017 0.954 0.0 -0.033 -0.297 -0.678 -0.0 -0.64 -0.361 -0.995 -0.0 -0.044 0.088 0.633 0.0 -0.772 0.059 0.996 0.0 0.026 0.08 
-0.45 -0.026 0.002 -0.892 -0.783 -0.0 -0.622 -0.002 -0.985 -0.0 -0.006 -0.17 0.744 -0.0 -0.668 0.016 0.954 0.0 -0.033 -0.298 -0.678 -0.0 -0.642 -0.358 -0.996 -0.0 -0.038 0.08 0.631 0.0 -0.773 0.064 0.996 0.0 0.027 0.081 
-0.449 -0.027 0.002 -0.893 -0.783 -0.0 -0.622 -0.002 -0.985 -0.0 -0.006 -0.17 0.744 0.0 -0.668 0.016 0.954 0.0 -0.033 -0.299 -0.678 -0.0 -0.644 -0.355 -0.997 -0.0 -0.033 0.074 0.63 -0.0 -0.774 0.067 0.996 0.0 0.028 0.083 
-0.448 -0.028 0.002 -0.894 -0.782 -0.0 -0.623 -0.001 -0.985 -0.0 -0.006 -0.17 0.744 -0.0 -0.668 0.014 0.954 0.0 -0.034 -0.299 -0.678 -0.0 -0.646 -0.352 -0.997 -0.0 -0.029 0.071 0.629 0.0 -0.774 0.072 0.996 0.0 0.029 0.084 
-0.447 -0.029 0.003 -0.894 -0.782 -0.0 -0.624 -0.0 -0.986 0.0 -0.005 -0.168 0.744 0.0 -0.668 0.014 0.954 0.0 -0.034 -0.299 -0.677 -0.0 -0.647 -0.35 -0.997 -0.0 -0.027 0.07 0.629 -0.0 -0.774 0.077 0.996 0.0 0.03 0.085 
-0.446 -0.03 0.003 -0.895 -0.781 -0.0 -0.625 0.0 -0.986 -0.0 -0.005 -0.168 0.744 0.0 -0.668 0.013 0.953 0.0 -0.035 -0.3 -0.677 -0.0 -0.648 -0.349 -0.997 -0.0 -0.027 0.071 0.628 0.0 -0.774 0.08 0.996 0.0 0.031 0.087 
-0.444 -0.03 0.004 -0.895 -0.78 -0.0 -0.625 0.001 -0.986 -0.0 -0.005 -0.168 0.745 0.0 -0.668 0.012 0.953 -0.0 -0.036 -0.299 -0.676 -0.0 -0.649 -0.349 -0.997 -0.0 -0.027 0.075 0.628 0.0 -0.774 0.083 0.996 0.0 0.033 0.088 
-0.443 -0.031 0.005 -0.896 -0.779 -0.0 -0.627 0.0 -0.986 -0.0 -0.004 -0.167 0.745 0.0 -0.667 0.012 0.954 0.0 -0.036 -0.299 -0.676 -0.0 -0.649 -0.349 -0.996 -0.0 -0.03 0.08 0.628 0.0 -0.773 0.086 0.995 0.0 0.033 0.089 
-0.441 -0.031 0.006 -0.897 -0.778 0.0 -0.628 0.001 -0.986 -0.0 -0.004 -0.167 0.745 0.0 -0.667 0.012 0.953 0.0 -0.037 -0.299 -0.676 0.0 -0.649 -0.348 -0.996 -0.0 -0.03 0.084 0.628 0.0 -0.773 0.09 0.995 0.0 0.035 0.09 
-0.44 -0.031 0.006 -0.898 -0.777 -0.0 -0.629 0.001 -0.986 -0.0 -0.003 -0.168 0.746 0.0 -0.666 0.012 0.954 0.0 -0.039 -0.298 -0.673 -0.0 -0.658 -0.338 -0.997 0.0 -0.018 0.079 0.629 0.0 -0.772 0.094 0.995 0.0 0.036 0.092 
-0.438 -0.03 0.007 -0.898 -0.775 -0.0 -0.632 0.002 -0.986 0.0 -0.002 -0.166 0.747 0.0 -0.665 0.013 0.954 0.0 -0.04 -0.298 -0.67 0.0 -0.666 -0.328 -0.997 0.0 -0.007 0.073 0.629 0.0 -0.771 0.098 0.995 0.0 0.037 0.094 
-0.436 -0.03 0.008 -0.899 -0.774 0.0 -0.633 0.002 -0.986 -0.0 -0.001 -0.165 0.748 0.0 -0.664 0.014 0.954 0.0 -0.042 -0.297 -0.669 -0.0 -0.666 -0.33 -0.997 0.0 -0.01 0.08 0.63 0.0 -0.77 0.102 0.995 0.0 0.039 0.095 
-0.434 -0.03 0.009 -0.901 -0.772 -0.0 -0.635 0.003 -0.986 -0.0 0.0 -0.165 0.749 0.0 -0.663 0.016 0.954 0.0 -0.044 -0.297 -0.668 -0.0 -0.667 -0.328 -0.997 -0.0 -0.01 0.081 0.631 0.0 -0.769 0.104 0.994 0.0 0.04 0.098 
-0.431 -0.029 0.01 -0.902 -0.771 -0.0 -0.637 0.005 -0.986 -0.0 0.001 -0.165 0.75 0.0 -0.661 0.016 0.954 0.0 -0.046 -0.295 -0.668 0.0 -0.67 -0.322 -0.997 -0.0 -0.009 0.078 0.631 -0.0 -0.768 0.107 0.994 -0.0 0.043 0.101 
-0.43 -0.03 0.011 -0.902 -0.77 -0.0 -0.638 0.005 -0.986 -0.0 0.002 -0.165 0.75 0.0 -0.661 0.017 0.955 -0.0 -0.048 -0.294 -0.668 -0.0 -0.673 -0.318 -0.997 -0.0 -0.007 0.076 0.631 0.0 -0.768 0.108 0.993 -0.0 0.044 0.105 
-0.428 -0.029 0.012 -0.903 -0.767 -0.0 -0.641 0.007 -0.986 0.0 0.003 -0.165 0.751 -0.0 -0.66 0.019 0.955 0.0 -0.049 -0.292 -0.668 0.0 -0.676 -0.309 -0.998 -0.0 -0.007 0.069 0.632 -0.0 -0.767 0.11 0.993 -0.0 0.047 0.108 
-0.425 -0.028 0.013 -0.905 -0.765 0.0 -0.644 0.008 -0.987 -0.0 0.004 -0.164 0.753 0.0 -0.658 0.021 0.956 0.0 -0.052 -0.29 -0.666 0.0 -0.684 -0.299 -0.998 -0.0 0.004 0.064 0.633 0.0 -0.766 0.11 0.992 0.0 0.049 0.114 
-0.424 -0.026 0.015 -0.905 -0.763 -0.0 -0.646 0.01 -0.986 0.0 0.005 -0.164 0.754 0.0 -0.656 0.021 0.956 0.0 -0.053 -0.287 -0.661 -0.0 -0.692 -0.291 -0.998 -0.0 0.014 0.061 0.635 0.0 -0.765 0.109 0.991 0.0 0.051 0.121 
-0.423 -0.025 0.016 -0.906 -0.76 0.0 -0.65 0.011 -0.986 -0.0 0.006 -0.164 0.756 0.0 -0.654 0.024 0.957 -0.0 -0.055 -0.285 -0.66 -0.0 -0.695 -0.286 -0.998 -0.0 0.015 0.06 0.636 0.0 -0.764 0.108 0.99 -0.0 0.053 0.128 
-0.422 -0.023 0.018 -0.906 -0.758 -0.0 -0.653 0.011 -0.987 -0.0 0.008 -0.163 0.757 0.0 -0.652 0.026 0.958 0.0 -0.055 -0.283 -0.666 0.0 -0.689 -0.287 -0.998 0.0 -0.007 0.062 0.637 0.0 -0.764 0.103 0.989 0.0 0.054 0.139 
-0.423 -0.021 0.02 -0.906 -0.755 -0.0 -0.656 0.012 -0.987 0.0 0.008 -0.163 0.76 0.0 -0.65 0.028 0.958 0.0 -0.055 -0.281 -0.663 -0.0 -0.692 -0.285 -0.998 -0.0 -0.007 0.066 0.639 0.0 -0.763 0.099 0.987 0.0 0.055 0.148 
-0.423 -0.02 0.022 -0.906 -0.752 -0.0 -0.659 0.011 -0.987 -0.0 0.009 -0.162 0.761 0.0 -0.648 0.031 0.959 0.0 -0.056 -0.279 -0.661 -0.0 -0.695 -0.284 -0.998 -0.0 -0.006 0.069 0.641 -0.0 -0.762 0.092 0.986 0.0 0.055 0.16 
-0.424 -0.019 0.024 -0.905 -0.75 -0.0 -0.662 0.011 -0.987 -0.0 0.01 -0.161 0.762 0.0 -0.646 0.034 0.959 -0.0 -0.056 -0.277 -0.66 0.0 -0.697 -0.279 -0.998 0.0 -0.007 0.069 0.642 0.0 -0.762 0.086 0.983 0.0 0.054 0.173 
-0.425 -0.018 0.026 -0.905 -0.748 -0.0 -0.664 0.012 -0.987 -0.0 0.01 -0.161 0.764 0.0 -0.644 0.037 0.96 0.0 -0.056 -0.275 -0.658 -0.0 -0.7 -0.276 -0.998 -0.0 -0.006 0.07 0.643 0.0 -0.762 0.078 0.981 0.0 0.052 0.187 
-0.426 -0.017 0.027 -0.904 -0.746 -0.0 -0.666 0.012 -0.987 -0.0 0.01 -0.16 0.765 -0.0 -0.643 0.037 0.961 -0.0 -0.057 -0.27 -0.656 -0.0 -0.704 -0.271 -0.997 0.0 -0.004 0.071 0.645 -0.0 -0.761 0.069 0.978 0.0 0.05 0.204 
-0.428 -0.016 0.028 -0.903 -0.744 -0.0 -0.668 0.012 -0.987 -0.0 0.01 -0.159 0.766 0.0 -0.641 0.039 0.962 0.0 -0.058 -0.266 -0.655 0.0 -0.708 -0.264 -0.998 -0.0 -0.004 0.068 0.646 -0.0 -0.761 0.058 0.974 0.0 0.045 0.221 
-0.428 -0.017 0.029 -0.903 -0.744 0.0 -0.669 0.011 -0.987 -0.0 0.01 -0.159 0.766 0.0 -0.641 0.044 0.962 0.0 -0.059 -0.265 -0.653 -0.0 -0.711 -0.26 -0.998 -0.0 0.001 0.069 0.647 0.0 -0.761 0.046 0.97 0.0 0.039 0.24 
-0.43 -0.017 0.029 -0.902 -0.743 -0.0 -0.669 0.01 -0.987 -0.0 0.01 -0.158 0.767 -0.0 -0.64 0.046 0.963 0.0 -0.06 -0.262 -0.652 -0.0 -0.714 -0.255 -0.998 0.0 0.002 0.07 0.649 0.0 -0.76 0.034 0.965 0.0 0.03 0.259 
-0.431 -0.017 0.03 -0.901 -0.742 -0.0 -0.67 0.01 -0.988 -0.0 0.011 -0.157 0.767 0.0 -0.639 0.048 0.964 0.0 -0.061 -0.26 -0.652 -0.0 -0.716 -0.247 -0.998 0.0 0.003 0.067 0.651 0.0 -0.759 0.021 0.96 0.0 0.02 0.278 
-0.432 -0.018 0.03 -0.901 -0.742 -0.0 -0.67 0.009 -0.988 -0.0 0.01 -0.157 0.768 -0.0 -0.639 0.049 0.964 0.0 -0.063 -0.257 -0.652 -0.0 -0.718 -0.243 -0.998 -0.0 0.004 0.068 0.653 0.0 -0.757 0.006 0.954 0.0 0.007 0.299 
-0.432 -0.019 0.031 -0.901 -0.743 0.0 -0.67 0.009 -0.988 -0.0 0.011 -0.157 0.768 0.0 -0.638 0.051 0.965 0.0 -0.065 -0.256 -0.653 -0.0 -0.72 -0.237 -0.998 0.0 0.004 0.067 0.656 -0.0 -0.755 -0.009 0.947 -0.0 -0.005 0.321 
-0.433 -0.019 0.031 -0.901 -0.742 -0.0 -0.67 0.009 -0.988 -0.0 0.011 -0.157 0.769 0.0 -0.637 0.052 0.965 0.0 -0.068 -0.254 -0.652 0.0 -0.722 -0.231 -0.998 -0.0 0.004 0.065 0.659 -0.0 -0.752 -0.024 0.94 0.0 -0.02 0.341 
-0.433 -0.019 0.032 -0.901 -0.742 -0.0 -0.67 0.008 -0.988 -0.0 0.011 -0.157 0.77 0.0 -0.636 0.052 0.965 0.0 -0.07 -0.252 -0.652 -0.0 -0.724 -0.226 -0.998 -0.0 0.004 0.066 0.662 -0.0 -0.749 -0.04 0.931 0.0 -0.036 0.363 
-0.434 -0.018 0.032 -0.9 -0.742 -0.0 -0.67 0.008 -0.987 -0.0 0.01 -0.158 0.771 0.0 -0.634 0.054 0.965 -0.0 -0.072 -0.252 -0.653 -0.0 -0.726 -0.216 -0.998 -0.0 0.0 0.06 0.665 0.0 -0.745 -0.054 0.923 0.0 -0.051 0.381 
-0.434 -0.018 0.032 -0.9 -0.742 0.0 -0.671 0.007 -0.988 0.0 0.011 -0.157 0.772 0.0 -0.633 0.054 0.965 0.0 -0.074 -0.251 -0.65 -0.0 -0.729 -0.213 -0.998 -0.0 0.005 0.064 0.668 0.0 -0.741 -0.07 0.913 -0.0 -0.068 0.401 
-0.433 -0.017 0.032 -0.901 -0.741 -0.0 -0.671 0.007 -0.987 -0.0 0.01 -0.159 0.774 0.0 -0.631 0.057 0.964 0.0 -0.077 -0.255 -0.649 -0.0 -0.732 -0.207 -0.998 -0.0 0.005 0.065 0.671 0.0 -0.736 -0.087 0.904 0.0 -0.086 0.419 
-0.434 -0.016 0.033 -0.9 -0.741 0.0 -0.672 0.005 -0.987 -0.0 0.011 -0.158 0.775 0.0 -0.629 0.058 0.964 0.0 -0.078 -0.255 -0.648 -0.0 -0.734 -0.202 -0.998 -0.0 0.006 0.065 0.674 0.0 -0.731 -0.101 0.895 0.0 -0.102 0.434 
-0.434 -0.015 0.033 -0.9 -0.74 -0.0 -0.672 0.004 -0.988 -0.0 0.011 -0.157 0.776 0.0 -0.628 0.06 0.964 0.0 -0.078 -0.255 -0.647 -0.0 -0.737 -0.194 -0.998 -0.0 0.007 0.063 0.678 0.0 -0.726 -0.116 0.887 0.0 -0.119 0.447 
-0.433 -0.015 0.034 -0.901 -0.74 0.0 -0.672 0.003 -0.987 -0.0 0.011 -0.158 0.777 0.0 -0.627 0.059 0.964 0.0 -0.078 -0.255 -0.646 0.0 -0.74 -0.188 -0.998 0.0 0.008 0.062 0.68 0.0 -0.721 -0.132 0.878 -0.0 -0.136 0.459 
-0.433 -0.014 0.033 -0.9 -0.74 -0.0 -0.672 0.002 -0.987 0.0 0.011 -0.159 0.777 0.0 -0.627 0.058 0.964 0.0 -0.076 -0.253 -0.645 -0.0 -0.742 -0.182 -0.998 -0.0 0.009 0.063 0.683 0.0 -0.716 -0.146 0.87 0.0 -0.152 0.469 
-0.433 -0.014 0.033 -0.901 -0.74 0.0 -0.672 -0.001 -0.987 -0.0 0.012 -0.157 0.777 -0.0 -0.626 0.06 0.964 0.0 -0.076 -0.254 -0.645 -0.0 -0.744 -0.175 -0.998 -0.0 0.009 0.06 0.685 0.0 -0.71 -0.162 0.862 -0.0 -0.169 0.478 
-0.434 -0.014 0.033 -0.9 -0.741 -0.0 -0.671 -0.002 -0.987 -0.0 0.011 -0.158 0.778 0.0 -0.626 0.058 0.965 0.0 -0.073 -0.253 -0.644 -0.0 -0.746 -0.169 -0.998 -0.0 0.011 0.061 0.687 -0.0 -0.705 -0.176 0.856 0.0 -0.185 0.483 
-0.435 -0.014 0.032 -0.9 -0.742 -0.0 -0.671 -0.004 -0.987 0.0 0.011 -0.158 0.777 0.0 -0.627 0.06 0.965 0.0 -0.071 -0.253 -0.644 -0.0 -0.748 -0.161 -0.998 -0.0 0.012 0.06 0.689 0.0 -0.7 -0.188 0.851 0.0 -0.197 0.487 
-0.435 -0.014 0.032 -0.9 -0.743 -0.0 -0.67 -0.006 -0.987 -0.0 0.012 -0.158 0.776 -0.0 -0.627 0.06 0.965 0.0 -0.068 -0.254 -0.644 -0.0 -0.749 -0.154 -0.998 -0.0 0.013 0.059 0.689 0.0 -0.695 -0.203 0.846 0.0 -0.21 0.49 
-0.436 -0.015 0.031 -0.899 -0.744 -0.0 -0.669 -0.007 -0.987 -0.0 0.011 -0.159 0.776 0.0 -0.628 0.061 0.965 0.0 -0.065 -0.256 -0.644 0.0 -0.75 -0.149 -0.998 -0.0 0.013 0.06 0.69 0.0 -0.691 -0.218 0.842 0.0 -0.222 0.491 
-0.436 -0.016 0.03 -0.899 -0.745 -0.0 -0.667 -0.008 -0.987 -0.0 0.011 -0.16 0.774 0.0 -0.63 0.062 0.965 0.0 -0.062 -0.256 -0.645 -0.0 -0.751 -0.144 -0.998 -0.0 0.015 0.061 0.69 0.0 -0.686 -0.232 0.84 -0.0 -0.232 0.491 
-0.438 -0.017 0.029 -0.898 -0.746 0.0 -0.666 -0.009 -0.987 -0.0 0.011 -0.162 0.773 0.0 -0.631 0.062 0.965 0.0 -0.058 -0.255 -0.645 -0.0 -0.752 -0.135 -0.998 -0.0 0.016 0.059 0.69 0.0 -0.682 -0.243 0.839 0.0 -0.24 0.488 
-0.44 -0.018 0.028 -0.897 -0.747 -0.0 -0.665 -0.012 -0.987 -0.0 0.011 -0.162 0.772 0.0 -0.633 0.063 0.965 0.0 -0.055 -0.256 -0.645 0.0 -0.753 -0.131 -0.998 -0.0 0.016 0.061 0.689 0.0 -0.678 -0.255 0.839 0.0 -0.247 0.485 
-0.441 -0.02 0.028 -0.897 -0.749 -0.0 -0.663 -0.014 -0.987 -0.0 0.01 -0.163 0.77 -0.0 -0.634 0.065 0.965 0.0 -0.053 -0.258 -0.646 -0.0 -0.753 -0.126 -0.998 -0.0 0.018 0.062 0.689 0.0 -0.674 -0.266 0.84 -0.0 -0.252 0.48 
-0.443 -0.02 0.027 -0.896 -0.75 -0.0 -0.662 -0.014 -0.986 -0.0 0.009 -0.165 0.769 0.0 -0.636 0.064 0.965 -0.0 -0.049 -0.256 -0.646 -0.0 -0.754 -0.12 -0.998 -0.0 0.019 0.063 0.689 -0.0 -0.671 -0.276 0.842 0.0 -0.255 0.474 
-0.444 -0.022 0.025 -0.895 -0.751 -0.0 -0.66 -0.017 -0.986 -0.0 0.008 -0.165 0.768 0.0 -0.637 0.065 0.965 0.0 -0.047 -0.257 -0.647 -0.0 -0.754 -0.114 -0.998 -0.0 0.02 0.063 0.687 0.0 -0.668 -0.286 0.846 0.0 -0.256 0.468 
-0.447 -0.023 0.024 -0.894 -0.753 -0.0 -0.658 -0.017 -0.986 -0.0 0.007 -0.167 0.767 0.0 -0.639 0.066 0.965 0.0 -0.044 -0.258 -0.648 -0.0 -0.754 -0.106 -0.998 0.0 0.021 0.063 0.687 0.0 -0.665 -0.294 0.85 0.0 -0.255 0.46 
-0.449 -0.024 0.024 -0.893 -0.754 -0.0 -0.657 -0.02 -0.986 -0.0 0.005 -0.168 0.765 0.0 -0.64 0.067 0.965 0.0 -0.041 -0.26 -0.648 -0.0 -0.755 -0.102 -0.998 -0.0 0.022 0.065 0.686 0.0 -0.662 -0.303 0.856 0.0 -0.254 0.451 
-0.452 -0.025 0.023 -0.891 -0.755 -0.0 -0.655 -0.022 -0.985 -0.0 0.003 -0.17 0.764 0.0 -0.641 0.068 0.965 0.0 -0.038 -0.261 -0.648 -0.0 -0.755 -0.097 -0.998 -0.0 0.023 0.066 0.685 0.0 -0.659 -0.309 0.861 0.0 -0.251 0.442 
-0.456 -0.025 0.022 -0.889 -0.756 -0.0 -0.654 -0.025 -0.985 -0.0 0.002 -0.171 0.763 0.0 -0.642 0.069 0.965 0.0 -0.035 -0.261 -0.649 -0.0 -0.756 -0.092 -0.997 -0.0 0.024 0.068 0.685 0.0 -0.657 -0.316 0.867 0.0 -0.247 0.432 
-0.458 -0.027 0.022 -0.888 -0.758 0.0 -0.652 -0.028 -0.985 -0.0 -0.0 -0.172 0.762 0.0 -0.644 0.069 0.964 0.0 -0.033 -0.263 -0.649 -0.0 -0.755 -0.089 -0.997 -0.0 0.025 0.07 0.684 -0.0 -0.654 -0.324 0.873 0.0 -0.244 0.421 
-0.461 -0.028 0.021 -0.887 -0.759 0.0 -0.651 -0.031 -0.985 -0.0 -0.001 -0.173 0.761 0.0 -0.645 0.07 0.964 0.0 -0.031 -0.263 -0.65 -0.0 -0.755 -0.083 -0.997 -0.0 0.026 0.069 0.682 0.0 -0.652 -0.33 0.881 0.0 -0.237 0.41 
-0.465 -0.028 0.02 -0.885 -0.76 -0.0 -0.649 -0.033 -0.985 -0.0 -0.004 -0.175 0.759 -0.0 -0.647 0.071 0.964 0.0 -0.027 -0.264 -0.65 -0.0 -0.756 -0.079 -0.997 -0.0 0.027 0.072 0.682 0.0 -0.65 -0.334 0.888 -0.0 -0.23 0.398 
-0.467 -0.029 0.02 -0.883 -0.761 -0.0 -0.648 -0.036 -0.984 -0.0 -0.005 -0.176 0.759 -0.0 -0.648 0.071 0.964 0.0 -0.026 -0.265 -0.651 -0.0 -0.756 -0.074 -0.997 0.0 0.028 0.073 0.681 0.0 -0.649 -0.339 0.896 0.0 -0.221 0.386 
-0.473 -0.027 0.022 -0.881 -0.76 -0.0 -0.649 -0.041 -0.984 -0.0 -0.007 -0.177 0.759 0.0 -0.647 0.072 0.964 0.0 -0.022 -0.267 -0.65 0.0 -0.757 -0.07 -0.997 0.0 0.025 0.07 0.684 0.0 -0.644 -0.343 0.903 0.0 -0.214 0.372 
-0.474 -0.029 0.021 -0.88 -0.761 0.0 -0.647 -0.044 -0.984 0.0 -0.008 -0.178 0.758 0.0 -0.649 0.072 0.963 0.0 -0.021 -0.267 -0.651 -0.0 -0.756 -0.066 -0.997 0.0 0.026 0.073 0.682 0.0 -0.644 -0.346 0.911 0.0 -0.203 0.359 
-0.477 -0.029 0.02 -0.878 -0.762 -0.0 -0.646 -0.047 -0.984 0.0 -0.009 -0.179 0.756 0.0 -0.65 0.073 0.964 0.0 -0.019 -0.267 -0.652 -0.0 -0.756 -0.061 -0.997 -0.0 0.027 0.074 0.681 0.0 -0.644 -0.348 0.919 0.0 -0.192 0.345 
-0.48 -0.029 0.02 -0.877 -0.762 -0.0 -0.645 -0.051 -0.984 -0.0 -0.01 -0.179 0.755 -0.0 -0.651 0.074 0.963 0.0 -0.016 -0.268 -0.652 -0.0 -0.756 -0.058 -0.997 -0.0 0.028 0.076 0.681 -0.0 -0.643 -0.35 0.927 0.0 -0.181 0.329 
-0.483 -0.03 0.02 -0.875 -0.763 -0.0 -0.644 -0.053 -0.983 -0.0 -0.012 -0.181 0.754 -0.0 -0.652 0.075 0.963 -0.0 -0.014 -0.269 -0.653 -0.0 -0.756 -0.055 -0.997 -0.0 0.029 0.078 0.68 0.0 -0.643 -0.352 0.934 -0.0 -0.169 0.314 
-0.485 -0.03 0.019 -0.874 -0.763 -0.0 -0.644 -0.056 -0.983 -0.0 -0.012 -0.182 0.753 -0.0 -0.653 0.075 0.963 0.0 -0.012 -0.268 -0.653 -0.0 -0.756 -0.05 -0.997 -0.0 0.029 0.078 0.68 0.0 -0.643 -0.352 0.942 -0.0 -0.155 0.297 
-0.489 -0.029 0.021 -0.872 -0.763 -0.0 -0.644 -0.06 -0.983 -0.0 -0.013 -0.183 0.753 0.0 -0.654 0.076 0.963 0.0 -0.008 -0.269 -0.652 -0.0 -0.757 -0.048 -0.996 -0.0 0.03 0.081 0.681 0.0 -0.642 -0.352 0.95 0.0 -0.142 0.279 
-0.49 -0.03 0.02 -0.871 -0.763 -0.0 -0.643 -0.063 -0.983 -0.0 -0.013 -0.184 0.752 -0.0 -0.655 0.075 0.964 0.0 -0.007 -0.267 -0.653 -0.0 -0.757 -0.043 -0.996 -0.0 0.031 0.081 0.68 -0.0 -0.643 -0.351 0.957 -0.0 -0.128 0.262 
-0.492 -0.03 0.02 -0.87 -0.763 -0.0 -0.643 -0.065 -0.983 -0.0 -0.014 -0.184 0.752 -0.0 -0.655 0.076 0.964 -0.0 -0.006 -0.267 -0.652 -0.0 -0.757 -0.037 -0.996 -0.0 0.034 0.08 0.68 0.0 -0.644 -0.35 0.963 0.0 -0.114 0.244 
-0.493 -0.029 0.021 -0.869 -0.763 -0.0 -0.642 -0.068 -0.983 0.0 -0.014 -0.186 0.751 0.0 -0.656 0.077 0.963 0.0 -0.005 -0.268 -0.652 -0.0 -0.758 -0.033 -0.996 0.0 0.034 0.08 0.679 0.0 -0.645 -0.35 0.969 0.0 -0.1 0.226 
-0.493 -0.029 0.021 -0.869 -0.763 0.0 -0.642 -0.07 -0.982 -0.0 -0.013 -0.186 0.751 0.0 -0.656 0.076 0.964 0.0 -0.004 -0.267 -0.652 -0.0 -0.758 -0.027 -0.996 -0.0 0.035 0.08 0.679 -0.0 -0.646 -0.348 0.975 0.0 -0.087 0.206 
-0.495 -0.028 0.022 -0.868 -0.763 0.0 -0.642 -0.073 -0.982 -0.0 -0.013 -0.189 0.75 -0.0 -0.656 0.077 0.964 0.0 -0.003 -0.266 -0.651 -0.0 -0.759 -0.022 -0.996 -0.0 0.036 0.079 0.68 0.0 -0.647 -0.345 0.98 0.0 -0.073 0.186 
-0.495 -0.027 0.023 -0.868 -0.763 -0.0 -0.643 -0.074 -0.982 -0.0 -0.014 -0.19 0.751 0.0 -0.656 0.076 0.964 0.0 -0.002 -0.266 -0.65 0.0 -0.76 -0.017 -0.996 -0.0 0.036 0.079 0.68 0.0 -0.648 -0.342 0.984 0.0 -0.061 0.165 
-0.496 -0.027 0.024 -0.868 -0.762 -0.0 -0.642 -0.077 -0.982 -0.0 -0.013 -0.19 0.75 -0.0 -0.657 0.076 0.964 0.0 -0.001 -0.265 -0.651 -0.0 -0.759 -0.013 -0.996 -0.0 0.035 0.08 0.681 0.0 -0.649 -0.339 0.988 0.0 -0.051 0.143 
-0.496 -0.026 0.025 -0.868 -0.762 -0.0 -0.643 -0.079 -0.982 -0.0 -0.013 -0.19 0.75 0.0 -0.657 0.076 0.964 0.0 -0.001 -0.264 -0.65 -0.0 -0.76 -0.008 -0.996 -0.0 0.035 0.079 0.682 0.0 -0.65 -0.336 0.992 0.0 -0.041 0.122 
-0.496 -0.025 0.026 -0.867 -0.762 -0.0 -0.643 -0.08 -0.981 -0.0 -0.013 -0.192 0.75 0.0 -0.657 0.076 0.964 0.0 -0.001 -0.264 -0.649 0.0 -0.761 -0.003 -0.996 0.0 0.036 0.079 0.683 -0.0 -0.651 -0.332 0.994 0.0 -0.032 0.1 
-0.497 -0.024 0.027 -0.867 -0.761 -0.0 -0.643 -0.081 -0.981 -0.0 -0.014 -0.193 0.75 -0.0 -0.657 0.076 0.965 0.0 0.001 -0.264 -0.648 -0.0 -0.762 0.002 -0.996 -0.0 0.036 0.079 0.684 -0.0 -0.653 -0.327 0.997 0.0 -0.024 0.079 
-0.498 -0.022 0.029 -0.867 -0.76 -0.0 -0.645 -0.083 -0.981 -0.0 -0.014 -0.192 0.751 0.0 -0.656 0.076 0.965 0.0 0.0 -0.262 -0.646 0.0 -0.764 0.005 -0.996 -0.0 0.037 0.082 0.684 0.0 -0.654 -0.323 0.998 0.0 -0.014 0.059 
-0.498 -0.021 0.03 -0.866 -0.759 0.0 -0.645 -0.084 -0.981 -0.0 -0.014 -0.193 0.75 0.0 -0.657 0.076 0.965 0.0 0.002 -0.263 -0.645 -0.0 -0.764 0.008 -0.996 -0.0 0.038 0.085 0.684 0.0 -0.655 -0.319 0.999 0.0 -0.006 0.043 
-0.498 -0.021 0.031 -0.866 -0.76 -0.0 -0.644 -0.085 -0.981 -0.0 -0.012 -0.193 0.749 0.0 -0.658 0.076 0.965 0.0 0.003 -0.261 -0.645 -0.0 -0.764 0.01 -0.995 -0.0 0.038 0.087 0.684 0.0 -0.657 -0.317 1.0 0.0 -0.0 0.027 
-0.499 -0.02 0.032 -0.866 -0.76 0.0 -0.644 -0.086 -0.981 -0.0 -0.013 -0.193 0.749 0.0 -0.658 0.076 0.965 0.0 0.002 -0.261 -0.644 -0.0 -0.765 0.013 -0.995 -0.0 0.039 0.09 0.684 0.0 -0.659 -0.313 1.0 0.0 0.006 0.014 
-0.501 -0.019 0.033 -0.865 -0.759 0.0 -0.645 -0.086 -0.981 0.0 -0.015 -0.193 0.749 0.0 -0.658 0.076 0.966 0.0 0.003 -0.26 -0.643 -0.0 -0.766 0.014 -0.995 -0.0 0.04 0.096 0.684 0.0 -0.66 -0.31 1.0 0.0 0.011 0.005 
-0.502 -0.018 0.034 -0.864 -0.759 -0.0 -0.645 -0.087 -0.981 -0.0 -0.014 -0.193 0.748 0.0 -0.659 0.078 0.965 0.0 0.004 -0.261 -0.642 -0.0 -0.767 0.016 -0.994 -0.0 0.041 0.1 0.684 0.0 -0.661 -0.308 1.0 0.0 0.014 -0.002 
-0.503 -0.017 0.035 -0.863 -0.759 0.0 -0.645 -0.087 -0.981 0.0 -0.016 -0.192 0.747 0.0 -0.66 0.079 0.965 0.0 0.005 -0.261 -0.641 -0.0 -0.768 0.017 -0.994 -0.0 0.043 0.105 0.684 0.0 -0.662 -0.307 1.0 0.0 0.016 -0.005 
-0.504 -0.017 0.036 -0.863 -0.759 -0.0 -0.645 -0.087 -0.981 -0.0 -0.017 -0.192 0.747 0.0 -0.66 0.08 0.965 -0.0 0.005 -0.261 -0.64 -0.0 -0.768 0.018 -0.993 0.0 0.044 0.11 0.683 0.0 -0.663 -0.306 1.0 0.0 0.015 -0.004 
-0.505 -0.016 0.037 -0.862 -0.76 0.0 -0.645 -0.087 -0.981 -0.0 -0.016 -0.192 0.746 0.0 -0.661 0.082 0.965 0.0 0.006 -0.261 -0.639 -0.0 -0.769 0.02 -0.992 -0.0 0.045 0.116 0.683 -0.0 -0.663 -0.306 1.0 -0.0 0.013 -0.0 
-0.506 -0.016 0.038 -0.861 -0.76 -0.0 -0.644 -0.085 -0.981 -0.0 -0.018 -0.193 0.745 -0.0 -0.662 0.083 0.965 0.0 0.007 -0.261 -0.638 -0.0 -0.769 0.021 -0.992 -0.0 0.046 0.122 0.682 -0.0 -0.664 -0.306 1.0 -0.0 0.011 0.005 
-0.508 -0.015 0.038 -0.861 -0.761 -0.0 -0.643 -0.084 -0.981 -0.0 -0.019 -0.191 0.744 -0.0 -0.663 0.084 0.965 0.0 0.008 -0.261 -0.638 -0.0 -0.77 0.024 -0.991 -0.0 0.048 0.127 0.682 0.0 -0.666 -0.304 1.0 0.0 0.01 0.01 
-0.509 -0.015 0.038 -0.86 -0.762 -0.0 -0.643 -0.082 -0.981 0.0 -0.02 -0.191 0.742 0.0 -0.665 0.086 0.965 0.0 0.008 -0.261 -0.638 -0.0 -0.77 0.025 -0.99 -0.0 0.049 0.134 0.681 0.0 -0.667 -0.302 1.0 0.0 0.009 0.014 
-0.51 -0.015 0.038 -0.859 -0.763 -0.0 -0.642 -0.08 -0.981 -0.0 -0.022 -0.191 0.741 0.0 -0.666 0.088 0.965 0.0 0.01 -0.261 -0.638 -0.0 -0.77 0.026 -0.989 -0.0 0.051 0.14 0.68 0.0 -0.669 -0.3 1.0 0.0 0.009 0.016 
-0.512 -0.015 0.038 -0.858 -0.764 -0.0 -0.641 -0.079 -0.982 -0.0 -0.023 -0.19 0.739 0.0 -0.668 0.089 0.965 0.0 0.011 -0.261 -0.638 -0.0 -0.77 0.028 -0.988 -0.0 0.053 0.147 0.679 -0.0 -0.672 -0.295 1.0 0.0 0.01 0.015 
-0.514 -0.015 0.037 -0.857 -0.765 0.0 -0.64 -0.076 -0.982 -0.0 -0.024 -0.189 0.737 0.0 -0.67 0.092 0.965 -0.0 0.012 -0.262 -0.638 0.0 -0.769 0.029 -0.986 0.0 0.054 0.155 0.679 -0.0 -0.675 -0.289 1.0 -0.0 0.011 0.013 
-0.515 -0.015 0.037 -0.856 -0.766 0.0 -0.639 -0.074 -0.982 -0.0 -0.026 -0.188 0.735 0.0 -0.671 0.094 0.965 0.0 0.014 -0.261 -0.638 -0.0 -0.769 0.03 -0.985 -0.0 0.056 0.162 0.679 0.0 -0.678 -0.282 1.0 -0.0 0.012 0.01 
-0.517 -0.015 0.036 -0.855 -0.767 -0.0 -0.638 -0.071 -0.982 -0.0 -0.028 -0.187 0.733 0.0 -0.673 0.096 0.965 0.0 0.015 -0.261 -0.639 -0.0 -0.769 0.03 -0.984 -0.0 0.057 0.171 0.679 0.0 -0.68 -0.277 1.0 0.0 0.011 0.01 
-0.518 -0.015 0.036 -0.854 -0.768 0.0 -0.636 -0.068 -0.982 -0.0 -0.029 -0.186 0.731 0.0 -0.675 0.097 0.965 0.0 0.017 -0.261 -0.639 -0.0 -0.768 0.029 -0.982 -0.0 0.058 0.18 0.678 0.0 -0.682 -0.274 1.0 -0.0 0.01 0.013 
-0.519 -0.015 0.036 -0.854 -0.77 -0.0 -0.635 -0.066 -0.983 0.0 -0.03 -0.184 0.729 0.0 -0.678 0.099 0.965 0.0 0.019 -0.26 -0.64 -0.0 -0.768 0.027 -0.98 0.0 0.058 0.19 0.678 -0.0 -0.683 -0.271 1.0 0.0 0.007 0.016 
-0.52 -0.015 0.035 -0.853 -0.771 -0.0 -0.634 -0.065 -0.983 -0.0 -0.03 -0.18 0.727 0.0 -0.68 0.102 0.965 0.0 0.019 -0.26 -0.641 -0.0 -0.767 0.024 -0.978 -0.0 0.059 0.202 0.679 0.0 -0.685 -0.266 1.0 0.0 0.005 0.018 
-0.521 -0.016 0.035 -0.853 -0.772 -0.0 -0.632 -0.062 -0.983 -0.0 -0.032 -0.178 0.724 0.0 -0.682 0.103 0.966 0.0 0.021 -0.259 -0.642 -0.0 -0.767 0.019 -0.975 -0.0 0.057 0.215 0.678 0.0 -0.687 -0.262 1.0 0.0 0.004 0.021 
-0.52 -0.017 0.034 -0.853 -0.774 -0.0 -0.631 -0.059 -0.984 -0.0 -0.031 -0.175 0.722 0.0 -0.684 0.105 0.966 0.0 0.023 -0.259 -0.643 -0.0 -0.766 0.012 -0.972 -0.0 0.054 0.23 0.678 0.0 -0.688 -0.258 1.0 0.0 0.0 0.023 
-0.52 -0.017 0.034 -0.854 -0.775 -0.0 -0.629 -0.056 -0.984 -0.0 -0.031 -0.173 0.72 0.0 -0.686 0.106 0.966 0.0 0.023 -0.257 -0.645 -0.0 -0.764 0.002 -0.967 -0.0 0.046 0.249 0.677 -0.0 -0.69 -0.255 1.0 0.0 -0.001 0.026 
-0.518 -0.018 0.034 -0.854 -0.776 -0.0 -0.628 -0.053 -0.985 -0.0 -0.031 -0.171 0.718 0.0 -0.688 0.106 0.966 0.0 0.024 -0.257 -0.647 0.0 -0.763 -0.008 -0.963 -0.0 0.039 0.266 0.676 0.0 -0.692 -0.253 1.0 0.0 -0.004 0.03 
-0.517 -0.019 0.034 -0.855 -0.777 0.0 -0.627 -0.05 -0.985 -0.0 -0.031 -0.168 0.716 0.0 -0.69 0.106 0.967 0.0 0.024 -0.254 -0.649 0.0 -0.761 -0.02 -0.958 -0.0 0.03 0.286 0.676 0.0 -0.694 -0.249 1.0 0.0 -0.006 0.031 
-0.514 -0.02 0.033 -0.857 -0.779 -0.0 -0.625 -0.045 -0.985 -0.0 -0.031 -0.167 0.714 0.0 -0.691 0.108 0.967 -0.0 0.023 -0.254 -0.652 -0.0 -0.758 -0.031 -0.952 -0.0 0.019 0.304 0.674 0.0 -0.697 -0.245 0.999 0.0 -0.007 0.033 
-0.512 -0.02 0.033 -0.858 -0.78 -0.0 -0.624 -0.042 -0.986 0.0 -0.031 -0.165 0.714 0.0 -0.692 0.108 0.967 0.0 0.022 -0.253 -0.654 -0.0 -0.755 -0.044 -0.946 -0.0 0.007 0.324 0.673 0.0 -0.7 -0.24 0.999 0.0 -0.007 0.034 
-0.51 -0.02 0.033 -0.859 -0.781 -0.0 -0.623 -0.039 -0.986 -0.0 -0.031 -0.163 0.713 0.0 -0.693 0.107 0.967 0.0 0.022 -0.252 -0.657 -0.0 -0.752 -0.057 -0.939 0.0 -0.006 0.344 0.672 0.0 -0.703 -0.235 0.999 -0.0 -0.006 0.035 
-0.508 -0.02 0.033 -0.86 -0.782 -0.0 -0.623 -0.036 -0.986 -0.0 -0.032 -0.161 0.713 0.0 -0.693 0.107 0.967 0.0 0.021 -0.253 -0.659 -0.0 -0.749 -0.071 -0.932 -0.0 -0.02 0.362 0.671 0.0 -0.705 -0.23 0.999 -0.0 -0.007 0.036 
-0.506 -0.02 0.033 -0.862 -0.782 -0.0 -0.622 -0.033 -0.987 0.0 -0.032 -0.159 0.713 -0.0 -0.693 0.108 0.968 0.0 0.018 -0.252 -0.661 -0.0 -0.745 -0.084 -0.924 0.0 -0.034 0.38 0.67 0.0 -0.708 -0.225 0.999 0.0 -0.007 0.037 
-0.503 -0.02 0.032 -0.864 -0.784 -0.0 -0.62 -0.029 -0.987 -0.0 -0.033 -0.158 0.712 0.0 -0.694 0.108 0.967 0.0 0.016 -0.253 -0.665 -0.0 -0.741 -0.097 -0.916 0.0 -0.05 0.399 0.668 0.0 -0.711 -0.22 0.999 -0.0 -0.008 0.039 
-0.501 -0.021 0.032 -0.864 -0.785 0.0 -0.619 -0.027 -0.987 -0.0 -0.032 -0.156 0.712 0.0 -0.694 0.109 0.967 -0.0 0.014 -0.254 -0.667 0.0 -0.737 -0.11 -0.907 -0.0 -0.063 0.417 0.667 0.0 -0.713 -0.215 0.999 0.0 -0.009 0.04 
-0.5 -0.021 0.031 -0.865 -0.786 -0.0 -0.617 -0.025 -0.987 0.0 -0.033 -0.155 0.711 0.0 -0.695 0.109 0.967 0.0 0.013 -0.254 -0.67 0.0 -0.732 -0.125 -0.896 -0.0 -0.077 0.436 0.665 0.0 -0.716 -0.21 0.999 0.0 -0.009 0.042 
-0.499 -0.024 0.028 -0.866 -0.79 -0.0 -0.613 -0.022 -0.987 -0.0 -0.034 -0.155 0.708 0.0 -0.697 0.11 0.967 0.0 0.011 -0.254 -0.677 -0.0 -0.723 -0.138 -0.886 -0.0 -0.093 0.454 0.662 0.0 -0.722 -0.204 0.999 -0.0 -0.01 0.043 
-0.498 -0.026 0.027 -0.866 -0.792 -0.0 -0.611 -0.022 -0.987 -0.0 -0.034 -0.155 0.707 0.0 -0.699 0.11 0.967 0.0 0.009 -0.254 -0.681 0.0 -0.716 -0.155 -0.875 0.0 -0.109 0.472 0.66 0.0 -0.725 -0.199 0.999 0.0 -0.011 0.044 
-0.498 -0.028 0.025 -0.866 -0.793 -0.0 -0.608 -0.021 -0.988 -0.0 -0.034 -0.154 0.705 0.0 -0.7 0.11 0.967 -0.0 0.007 -0.255 -0.685 -0.0 -0.709 -0.171 -0.864 -0.0 -0.125 0.488 0.657 0.0 -0.729 -0.193 0.999 0.0 -0.01 0.045 
-0.499 -0.027 0.024 -0.866 -0.793 -0.0 -0.608 -0.022 -0.988 0.0 -0.033 -0.153 0.706 0.0 -0.7 0.11 0.967 0.0 0.008 -0.255 -0.684 -0.0 -0.705 -0.188 -0.853 0.0 -0.139 0.503 0.656 0.0 -0.731 -0.185 0.999 0.0 -0.01 0.045 
-0.498 -0.029 0.022 -0.866 -0.795 -0.0 -0.606 -0.022 -0.988 -0.0 -0.032 -0.152 0.704 0.0 -0.702 0.11 0.967 0.0 0.007 -0.255 -0.687 -0.0 -0.698 -0.202 -0.843 -0.0 -0.154 0.515 0.654 0.0 -0.736 -0.178 0.999 0.0 -0.009 0.045 
-0.497 -0.03 0.02 -0.867 -0.797 -0.0 -0.604 -0.022 -0.988 -0.0 -0.03 -0.151 0.703 0.0 -0.703 0.11 0.967 0.0 0.005 -0.255 -0.69 0.0 -0.691 -0.217 -0.833 0.0 -0.169 0.527 0.651 0.0 -0.74 -0.171 0.999 0.0 -0.008 0.045 
-0.497 -0.031 0.017 -0.867 -0.798 0.0 -0.602 -0.021 -0.988 -0.0 -0.03 -0.152 0.702 0.0 -0.704 0.11 0.967 0.0 0.004 -0.254 -0.692 -0.0 -0.684 -0.231 -0.825 -0.0 -0.184 0.535 0.648 0.0 -0.744 -0.163 0.999 0.0 -0.007 0.046 
-0.496 -0.032 0.015 -0.868 -0.799 -0.0 -0.602 -0.021 -0.988 0.0 -0.027 -0.151 0.701 0.0 -0.704 0.109 0.967 -0.0 0.004 -0.254 -0.694 -0.0 -0.678 -0.244 -0.817 -0.0 -0.198 0.542 0.646 0.0 -0.747 -0.153 0.999 0.0 -0.006 0.045 
-0.495 -0.032 0.014 -0.868 -0.799 -0.0 -0.601 -0.02 -0.988 -0.0 -0.025 -0.152 0.701 0.0 -0.705 0.109 0.967 0.0 0.003 -0.254 -0.695 -0.0 -0.671 -0.257 -0.81 -0.0 -0.211 0.547 0.645 0.0 -0.751 -0.144 0.999 0.0 -0.005 0.044 
-0.494 -0.031 0.013 -0.869 -0.799 -0.0 -0.601 -0.019 -0.988 0.0 -0.023 -0.152 0.702 0.0 -0.704 0.108 0.967 0.0 0.003 -0.254 -0.695 -0.0 -0.666 -0.27 -0.806 -0.0 -0.222 0.549 0.644 0.0 -0.753 -0.136 0.999 0.0 -0.005 0.045 
-0.492 -0.03 0.011 -0.87 -0.798 -0.0 -0.602 -0.017 -0.988 -0.0 -0.022 -0.153 0.703 0.0 -0.703 0.108 0.967 0.0 0.001 -0.253 -0.695 -0.0 -0.662 -0.282 -0.802 -0.0 -0.232 0.55 0.643 0.0 -0.755 -0.128 0.999 -0.0 -0.003 0.046 
-0.491 -0.028 0.011 -0.871 -0.798 -0.0 -0.603 -0.016 -0.988 -0.0 -0.021 -0.154 0.703 0.0 -0.703 0.107 0.967 0.0 0.001 -0.254 -0.695 0.0 -0.657 -0.293 -0.8 -0.0 -0.242 0.549 0.643 0.0 -0.756 -0.119 0.999 -0.0 -0.002 0.046 
-0.489 -0.027 0.01 -0.872 -0.797 -0.0 -0.604 -0.015 -0.988 -0.0 -0.02 -0.155 0.705 0.0 -0.701 0.106 0.967 0.0 -0.001 -0.254 -0.694 -0.0 -0.653 -0.304 -0.799 0.0 -0.25 0.547 0.643 0.0 -0.758 -0.111 0.999 0.0 -0.0 0.046 
-0.486 -0.025 0.01 -0.873 -0.796 -0.0 -0.605 -0.014 -0.988 -0.0 -0.018 -0.156 0.707 0.0 -0.699 0.104 0.967 0.0 -0.003 -0.254 -0.693 0.0 -0.649 -0.315 -0.8 -0.0 -0.257 0.543 0.644 0.0 -0.758 -0.104 0.999 -0.0 0.001 0.047 
-0.485 -0.023 0.01 -0.874 -0.795 -0.0 -0.607 -0.013 -0.987 -0.0 -0.017 -0.157 0.709 0.0 -0.698 0.103 0.967 0.0 -0.004 -0.254 -0.691 -0.0 -0.646 -0.325 -0.801 -0.0 -0.262 0.539 0.644 0.0 -0.759 -0.095 0.999 0.0 0.003 0.046 
-0.482 -0.021 0.009 -0.876 -0.794 0.0 -0.608 -0.012 -0.987 -0.0 -0.015 -0.158 0.711 0.0 -0.696 0.102 0.967 0.0 -0.006 -0.255 -0.69 -0.0 -0.642 -0.333 -0.804 0.0 -0.266 0.532 0.644 0.0 -0.76 -0.086 0.999 0.0 0.005 0.046 
-0.48 -0.019 0.009 -0.877 -0.793 -0.0 -0.609 -0.011 -0.987 -0.0 -0.015 -0.159 0.713 0.0 -0.694 0.099 0.967 -0.0 -0.009 -0.255 -0.689 -0.0 -0.639 -0.342 -0.808 -0.0 -0.269 0.524 0.644 0.0 -0.761 -0.078 0.999 0.0 0.006 0.046 
-0.477 -0.018 0.009 -0.878 -0.792 -0.0 -0.61 -0.011 -0.987 -0.0 -0.013 -0.16 0.715 -0.0 -0.693 0.098 0.967 0.0 -0.01 -0.256 -0.688 0.0 -0.636 -0.35 -0.812 -0.0 -0.269 0.518 0.644 -0.0 -0.762 -0.07 0.999 0.0 0.006 0.046 
-0.475 -0.016 0.008 -0.88 -0.792 -0.0 -0.611 -0.009 -0.987 -0.0 -0.013 -0.162 0.717 -0.0 -0.691 0.096 0.967 -0.0 -0.013 -0.256 -0.686 -0.0 -0.634 -0.357 -0.818 -0.0 -0.268 0.509 0.645 0.0 -0.762 -0.06 0.999 -0.0 0.008 0.044 
-0.472 -0.014 0.009 -0.882 -0.79 -0.0 -0.613 -0.009 -0.987 -0.0 -0.012 -0.163 0.719 0.0 -0.688 0.094 0.966 0.0 -0.015 -0.256 -0.684 -0.0 -0.632 -0.364 -0.823 -0.0 -0.27 0.5 0.645 0.0 -0.762 -0.053 0.999 0.0 0.01 0.044 
-0.469 -0.012 0.008 -0.883 -0.789 -0.0 -0.614 -0.008 -0.986 -0.0 -0.011 -0.164 0.721 0.0 -0.687 0.09 0.967 -0.0 -0.018 -0.256 -0.683 0.0 -0.63 -0.369 -0.83 -0.0 -0.267 0.489 0.646 0.0 -0.762 -0.044 0.999 -0.0 0.011 0.043 
-0.466 -0.011 0.008 -0.884 -0.789 -0.0 -0.614 -0.008 -0.986 -0.0 -0.01 -0.165 0.723 0.0 -0.685 0.089 0.966 0.0 -0.02 -0.257 -0.682 -0.0 -0.628 -0.374 -0.837 -0.0 -0.264 0.479 0.646 0.0 -0.762 -0.036 0.999 0.0 0.012 0.042 
-0.464 -0.01 0.007 -0.886 -0.788 -0.0 -0.615 -0.007 -0.986 -0.0 -0.009 -0.166 0.725 0.0 -0.683 0.086 0.966 0.0 -0.023 -0.258 -0.681 -0.0 -0.627 -0.378 -0.845 -0.0 -0.259 0.467 0.647 0.0 -0.762 -0.027 0.999 0.0 0.012 0.04 
-0.461 -0.009 0.007 -0.887 -0.788 -0.0 -0.616 -0.006 -0.986 0.0 -0.009 -0.167 0.727 -0.0 -0.682 0.084 0.966 0.0 -0.024 -0.259 -0.681 -0.0 -0.625 -0.382 -0.853 -0.0 -0.255 0.455 0.647 0.0 -0.762 -0.018 0.999 0.0 0.013 0.038 
-0.459 -0.007 0.006 -0.888 -0.787 -0.0 -0.617 -0.006 -0.986 -0.0 -0.007 -0.168 0.728 0.0 -0.681 0.082 0.966 0.0 -0.025 -0.259 -0.68 -0.0 -0.624 -0.385 -0.862 -0.0 -0.248 0.442 0.647 0.0 -0.762 -0.008 0.999 0.0 0.014 0.037 
-0.458 -0.006 0.005 -0.889 -0.787 -0.0 -0.617 -0.005 -0.986 0.0 -0.006 -0.168 0.729 -0.0 -0.68 0.08 0.965 0.0 -0.026 -0.26 -0.679 -0.0 -0.623 -0.387 -0.871 -0.0 -0.243 0.428 0.648 0.0 -0.762 0.001 0.999 0.0 0.014 0.035 
-0.454 -0.006 0.005 -0.891 -0.786 0.0 -0.618 -0.005 -0.986 -0.0 -0.004 -0.168 0.73 0.0 -0.679 0.077 0.965 0.0 -0.027 -0.261 -0.679 -0.0 -0.622 -0.39 -0.879 -0.0 -0.237 0.414 0.648 0.0 -0.762 0.008 0.999 0.0 0.015 0.034 
-0.452 -0.006 0.004 -0.892 -0.786 -0.0 -0.619 -0.005 -0.986 -0.0 -0.002 -0.167 0.731 -0.0 -0.678 0.074 0.965 0.0 -0.028 -0.262 -0.68 -0.0 -0.621 -0.391 -0.888 -0.0 -0.23 0.398 0.648 0.0 -0.762 0.016 0.999 0.0 0.015 0.032 
-0.449 -0.006 0.004 -0.894 -0.786 -0.0 -0.618 -0.004 -0.986 -0.0 -0.001 -0.168 0.732 0.0 -0.678 0.071 0.964 0.0 -0.029 -0.263 -0.681 -0.0 -0.619 -0.392 -0.897 -0.0 -0.223 0.383 0.647 -0.0 -0.762 0.021 0.999 0.0 0.015 0.032 
-0.448 -0.005 0.004 -0.894 -0.786 0.0 -0.619 -0.004 -0.986 -0.0 0.0 -0.168 0.733 0.0 -0.677 0.068 0.964 0.0 -0.03 -0.263 -0.678 -0.0 -0.621 -0.393 -0.905 -0.0 -0.209 0.37 0.648 0.0 -0.761 0.029 0.999 0.0 0.015 0.032 
-0.445 -0.006 0.004 -0.896 -0.786 -0.0 -0.619 -0.005 -0.986 -0.0 0.003 -0.168 0.733 -0.0 -0.677 0.065 0.964 0.0 -0.029 -0.264 -0.678 -0.0 -0.62 -0.394 -0.914 -0.0 -0.199 0.352 0.647 0.0 -0.761 0.034 0.999 0.0 0.015 0.031 
-0.443 -0.007 0.003 -0.897 -0.785 -0.0 -0.619 -0.005 -0.986 -0.0 0.005 -0.167 0.734 0.0 -0.677 0.062 0.964 0.0 -0.03 -0.264 -0.679 -0.0 -0.62 -0.394 -0.923 0.0 -0.189 0.335 0.647 0.0 -0.761 0.039 0.999 -0.0 0.015 0.032 
-0.441 -0.007 0.003 -0.897 -0.785 0.0 -0.62 -0.006 -0.986 -0.0 0.006 -0.167 0.734 0.0 -0.676 0.059 0.964 0.0 -0.029 -0.265 -0.678 0.0 -0.621 -0.394 -0.931 -0.0 -0.177 0.318 0.647 0.0 -0.761 0.045 0.999 0.0 0.015 0.031 
-0.439 -0.008 0.003 -0.898 -0.785 -0.0 -0.619 -0.006 -0.986 -0.0 0.008 -0.167 0.734 0.0 -0.676 0.056 0.963 0.0 -0.03 -0.266 -0.679 -0.0 -0.62 -0.394 -0.939 -0.0 -0.167 0.301 0.646 0.0 -0.762 0.048 0.999 0.0 0.015 0.032 
-0.439 -0.009 0.003 -0.899 -0.785 -0.0 -0.62 -0.007 -0.986 -0.0 0.009 -0.167 0.735 0.0 -0.676 0.053 0.964 0.0 -0.029 -0.266 -0.678 -0.0 -0.621 -0.394 -0.946 -0.0 -0.155 0.284 0.646 0.0 -0.762 0.053 0.999 0.0 0.016 0.033 
-0.439 -0.009 0.003 -0.898 -0.784 -0.0 -0.621 -0.006 -0.986 0.0 0.01 -0.168 0.735 0.0 -0.676 0.051 0.963 0.0 -0.028 -0.267 -0.676 -0.0 -0.623 -0.393 -0.953 -0.0 -0.142 0.268 0.646 0.0 -0.761 0.06 0.999 -0.0 0.016 0.033 
-0.438 -0.01 0.004 -0.899 -0.784 -0.0 -0.621 -0.006 -0.986 -0.0 0.011 -0.169 0.736 0.0 -0.676 0.048 0.963 0.0 -0.028 -0.267 -0.676 -0.0 -0.624 -0.392 -0.959 0.0 -0.129 0.25 0.645 -0.0 -0.762 0.063 0.999 0.0 0.016 0.034 
-0.437 -0.012 0.004 -0.899 -0.784 -0.0 -0.621 -0.007 -0.986 -0.0 0.013 -0.169 0.736 0.0 -0.676 0.046 0.963 0.0 -0.027 -0.268 -0.676 -0.0 -0.625 -0.39 -0.966 -0.0 -0.117 0.232 0.644 0.0 -0.762 0.067 0.999 -0.0 0.016 0.036 
-0.437 -0.013 0.004 -0.899 -0.783 -0.0 -0.621 -0.007 -0.986 -0.0 0.014 -0.169 0.736 -0.0 -0.676 0.043 0.963 0.0 -0.026 -0.269 -0.675 0.0 -0.627 -0.388 -0.971 0.0 -0.105 0.214 0.643 0.0 -0.762 0.072 0.999 -0.0 0.016 0.036 
-0.436 -0.014 0.004 -0.9 -0.783 0.0 -0.622 -0.007 -0.985 -0.0 0.016 -0.17 0.736 0.0 -0.676 0.041 0.963 0.0 -0.026 -0.268 -0.676 0.0 -0.628 -0.385 -0.976 -0.0 -0.093 0.196 0.642 0.0 -0.763 0.075 0.999 0.0 0.016 0.037 
-0.436 -0.016 0.004 -0.9 -0.783 -0.0 -0.622 -0.008 -0.985 0.0 0.019 -0.169 0.735 -0.0 -0.677 0.038 0.963 0.0 -0.026 -0.269 -0.676 0.0 -0.63 -0.383 -0.981 -0.0 -0.08 0.178 0.641 -0.0 -0.764 0.078 0.999 0.0 0.017 0.039 
-0.435 -0.018 0.004 -0.9 -0.783 -0.0 -0.622 -0.007 -0.985 -0.0 0.021 -0.17 0.736 0.0 -0.676 0.036 0.963 0.0 -0.026 -0.269 -0.676 0.0 -0.632 -0.379 -0.985 0.0 -0.067 0.16 0.639 0.0 -0.765 0.082 0.999 0.0 0.018 0.04 
-0.435 -0.02 0.004 -0.9 -0.782 -0.0 -0.623 -0.007 -0.985 -0.0 0.024 -0.17 0.735 -0.0 -0.677 0.034 0.963 0.0 -0.025 -0.269 -0.676 -0.0 -0.634 -0.375 -0.988 -0.0 -0.056 0.143 0.638 0.0 -0.765 0.087 0.999 0.0 0.018 0.041 
-0.434 -0.022 0.004 -0.901 -0.782 -0.0 -0.623 -0.007 -0.985 0.0 0.027 -0.171 0.735 -0.0 -0.677 0.033 0.963 0.0 -0.026 -0.27 -0.676 -0.0 -0.636 -0.372 -0.991 -0.0 -0.044 0.127 0.636 0.0 -0.766 0.091 0.999 -0.0 0.019 0.042 
-0.432 -0.024 0.004 -0.901 -0.782 -0.0 -0.623 -0.006 -0.985 -0.0 0.03 -0.171 0.735 -0.0 -0.678 0.03 0.963 -0.0 -0.026 -0.269 -0.678 -0.0 -0.637 -0.367 -0.993 -0.0 -0.036 0.109 0.635 0.0 -0.767 0.093 0.999 0.0 0.019 0.044 
-0.431 -0.026 0.004 -0.902 -0.782 -0.0 -0.623 -0.006 -0.985 -0.0 0.033 -0.171 0.735 0.0 -0.678 0.028 0.963 0.0 -0.027 -0.269 -0.678 0.0 -0.639 -0.362 -0.995 -0.0 -0.026 0.095 0.633 0.0 -0.768 0.097 0.999 0.0 0.02 0.046 
-0.429 -0.028 0.004 -0.903 -0.782 -0.0 -0.623 -0.005 -0.985 -0.0 0.036 -0.171 0.734 0.0 -0.678 0.027 0.963 0.0 -0.028 -0.269 -0.679 -0.0 -0.64 -0.358 -0.996 -0.0 -0.018 0.083 0.631 0.0 -0.769 0.099 0.999 0.0 0.022 0.049 
-0.427 -0.031 0.003 -0.904 -0.782 -0.0 -0.623 -0.004 -0.985 -0.0 0.039 -0.171 0.733 0.0 -0.679 0.026 0.963 0.0 -0.029 -0.268 -0.681 -0.0 -0.641 -0.354 -0.997 -0.0 -0.012 0.073 0.629 0.0 -0.77 0.102 0.998 0.0 0.023 0.053 
-0.424 -0.032 0.003 -0.905 -0.782 0.0 -0.623 -0.004 -0.985 0.0 0.042 -0.169 0.734 0.0 -0.679 0.024 0.963 -0.0 -0.03 -0.269 -0.682 0.0 -0.642 -0.351 -0.998 -0.0 -0.006 0.066 0.628 0.0 -0.771 0.103 0.998 0.0 0.024 0.057 
-0.423 -0.034 0.003 -0.906 -0.782 0.0 -0.624 -0.003 -0.985 -0.0 0.045 -0.169 0.734 0.0 -0.678 0.023 0.963 0.0 -0.032 -0.267 -0.683 -0.0 -0.642 -0.349 -0.998 -0.0 -0.003 0.062 0.627 0.0 -0.772 0.106 0.998 0.0 0.025 0.061 
-0.42 -0.035 0.004 -0.907 -0.781 -0.0 -0.624 -0.003 -0.985 -0.0 0.047 -0.169 0.734 0.0 -0.679 0.022 0.963 0.0 -0.032 -0.269 -0.684 -0.0 -0.642 -0.348 -0.998 -0.0 -0.003 0.061 0.626 0.0 -0.772 0.107 0.998 0.0 0.027 0.064 
-0.419 -0.036 0.004 -0.907 -0.781 -0.0 -0.625 -0.001 -0.984 -0.0 0.048 -0.169 0.735 0.0 -0.678 0.022 0.963 0.0 -0.033 -0.269 -0.684 -0.0 -0.641 -0.347 -0.998 -0.0 -0.004 0.063 0.626 0.0 -0.772 0.11 0.997 -0.0 0.028 0.069 
-0.416 -0.037 0.004 -0.908 -0.78 -0.0 -0.626 0.0 -0.984 0.0 0.051 -0.168 0.735 0.0 -0.678 0.02 0.963 0.0 -0.034 -0.267 -0.685 -0.0 -0.64 -0.347 -0.998 0.0 -0.007 0.069 0.625 0.0 -0.773 0.112 0.997 0.0 0.03 0.073 
-0.414 -0.038 0.005 -0.909 -0.78 0.0 -0.626 0.001 -0.984 -0.0 0.052 -0.168 0.736 0.0 -0.677 0.02 0.963 -0.0 -0.036 -0.268 -0.686 -0.0 -0.639 -0.347 -0.997 -0.0 -0.01 0.074 0.625 0.0 -0.773 0.112 0.996 -0.0 0.031 0.078 
-0.412 -0.039 0.006 -0.91 -0.779 -0.0 -0.627 0.003 -0.984 -0.0 0.054 -0.168 0.737 0.0 -0.676 0.02 0.963 0.0 -0.037 -0.267 -0.686 0.0 -0.64 -0.347 -0.997 -0.0 -0.012 0.079 0.625 0.0 -0.773 0.114 0.996 0.0 0.033 0.082 
-0.41 -0.039 0.006 -0.911 -0.778 -0.0 -0.629 0.005 -0.984 -0.0 0.055 -0.169 0.738 0.0 -0.675 0.021 0.963 0.0 -0.038 -0.267 -0.686 -0.0 -0.641 -0.344 -0.996 -0.0 -0.013 0.083 0.624 0.0 -0.772 0.115 0.996 0.0 0.035 0.086 
-0.408 -0.039 0.007 -0.912 -0.777 -0.0 -0.63 0.007 -0.984 -0.0 0.055 -0.169 0.739 0.0 -0.673 0.022 0.963 0.0 -0.04 -0.268 -0.685 0.0 -0.644 -0.34 -0.996 -0.0 -0.012 0.083 0.625 0.0 -0.772 0.118 0.995 0.0 0.037 0.091 
-0.406 -0.039 0.007 -0.913 -0.775 -0.0 -0.632 0.009 -0.984 -0.0 0.057 -0.168 0.741 0.0 -0.671 0.022 0.963 0.0 -0.042 -0.266 -0.685 -0.0 -0.648 -0.334 -0.997 0.0 -0.01 0.08 0.626 0.0 -0.771 0.12 0.995 0.0 0.039 0.096 
-0.403 -0.038 0.008 -0.914 -0.774 -0.0 -0.633 0.013 -0.984 -0.0 0.057 -0.169 0.742 0.0 -0.669 0.024 0.963 0.0 -0.044 -0.265 -0.684 -0.0 -0.652 -0.326 -0.997 -0.0 -0.006 0.076 0.626 -0.0 -0.77 0.121 0.994 -0.0 0.042 0.102 
-0.401 -0.037 0.009 -0.915 -0.772 -0.0 -0.636 0.015 -0.984 -0.0 0.058 -0.168 0.744 0.0 -0.667 0.026 0.963 0.0 -0.045 -0.266 -0.683 -0.0 -0.657 -0.318 -0.997 -0.0 -0.002 0.071 0.627 0.0 -0.769 0.123 0.993 0.0 0.044 0.107 
-0.399 -0.036 0.01 -0.916 -0.77 -0.0 -0.638 0.018 -0.984 -0.0 0.059 -0.169 0.747 0.0 -0.665 0.027 0.964 -0.0 -0.048 -0.263 -0.684 0.0 -0.661 -0.309 -0.998 -0.0 -0.002 0.066 0.628 0.0 -0.768 0.123 0.992 0.0 0.048 0.115 
-0.397 -0.034 0.01 -0.917 -0.768 -0.0 -0.64 0.021 -0.984 -0.0 0.059 -0.169 0.748 0.0 -0.663 0.03 0.963 0.0 -0.049 -0.264 -0.683 -0.0 -0.664 -0.304 -0.998 -0.0 -0.002 0.066 0.63 0.0 -0.767 0.122 0.991 0.0 0.05 0.123 
-0.395 -0.032 0.011 -0.918 -0.765 0.0 -0.643 0.024 -0.984 -0.0 0.06 -0.168 0.75 0.0 -0.66 0.032 0.964 0.0 -0.051 -0.262 -0.682 -0.0 -0.667 -0.3 -0.998 0.0 -0.003 0.069 0.631 0.0 -0.766 0.12 0.99 -0.0 0.053 0.133 
-0.395 -0.03 0.013 -0.918 -0.763 -0.0 -0.646 0.025 -0.984 -0.0 0.06 -0.167 0.753 -0.0 -0.657 0.034 0.964 0.0 -0.052 -0.261 -0.681 -0.0 -0.67 -0.295 -0.998 -0.0 -0.005 0.069 0.632 0.0 -0.766 0.117 0.988 0.0 0.055 0.144 
-0.395 -0.028 0.014 -0.918 -0.76 -0.0 -0.649 0.027 -0.984 -0.0 0.061 -0.167 0.756 -0.0 -0.654 0.036 0.965 -0.0 -0.052 -0.259 -0.679 -0.0 -0.674 -0.29 -0.998 -0.0 -0.005 0.07 0.634 0.0 -0.765 0.112 0.986 -0.0 0.056 0.156 
-0.396 -0.026 0.015 -0.918 -0.757 0.0 -0.653 0.028 -0.984 -0.0 0.06 -0.166 0.759 0.0 -0.65 0.037 0.965 0.0 -0.052 -0.257 -0.677 -0.0 -0.678 -0.286 -0.998 0.0 -0.006 0.07 0.636 0.0 -0.764 0.105 0.984 -0.0 0.057 0.171 
-0.399 -0.023 0.017 -0.917 -0.754 -0.0 -0.656 0.029 -0.984 -0.0 0.059 -0.166 0.761 -0.0 -0.647 0.039 0.966 0.0 -0.052 -0.255 -0.674 -0.0 -0.682 -0.283 -0.997 -0.0 -0.006 0.072 0.639 -0.0 -0.763 0.097 0.981 0.0 0.056 0.187 
-0.401 -0.02 0.019 -0.916 -0.752 -0.0 -0.659 0.029 -0.985 -0.0 0.059 -0.163 0.764 -0.0 -0.644 0.042 0.966 0.0 -0.051 -0.253 -0.67 -0.0 -0.687 -0.279 -0.997 -0.0 -0.005 0.074 0.641 0.0 -0.763 0.088 0.977 0.0 0.053 0.205 
-0.403 -0.018 0.02 -0.915 -0.749 -0.0 -0.661 0.028 -0.985 0.0 0.057 -0.162 0.766 -0.0 -0.642 0.045 0.966 0.0 -0.052 -0.252 -0.668 -0.0 -0.691 -0.277 -0.997 -0.0 -0.005 0.077 0.643 0.0 -0.762 0.075 0.973 0.0 0.048 0.226 
-0.406 -0.016 0.022 -0.913 -0.747 -0.0 -0.664 0.027 -0.986 -0.0 0.057 -0.159 0.768 0.0 -0.639 0.048 0.967 0.0 -0.053 -0.25 -0.664 0.0 -0.696 -0.274 -0.997 -0.0 -0.004 0.081 0.647 0.0 -0.76 0.062 0.968 0.0 0.041 0.247 
-0.409 -0.015 0.023 -0.912 -0.746 -0.0 -0.666 0.025 -0.986 -0.0 0.056 -0.156 0.769 0.0 -0.637 0.051 0.967 0.0 -0.054 -0.248 -0.662 0.0 -0.699 -0.27 -0.997 0.0 -0.003 0.081 0.65 0.0 -0.759 0.047 0.962 0.0 0.032 0.269 
-0.411 -0.014 0.024 -0.911 -0.744 -0.0 -0.667 0.022 -0.987 -0.0 0.056 -0.153 0.771 0.0 -0.635 0.054 0.968 -0.0 -0.056 -0.246 -0.66 0.0 -0.704 -0.264 -0.997 -0.0 -0.003 0.08 0.652 -0.0 -0.757 0.032 0.956 -0.0 0.022 0.292 
-0.413 -0.013 0.024 -0.91 -0.745 0.0 -0.667 0.019 -0.987 -0.0 0.053 -0.15 0.772 0.0 -0.633 0.057 0.968 0.0 -0.059 -0.245 -0.659 -0.0 -0.707 -0.256 -0.997 -0.0 -0.002 0.077 0.655 0.0 -0.756 0.016 0.949 0.0 0.01 0.317 
-0.414 -0.013 0.025 -0.91 -0.745 -0.0 -0.667 0.016 -0.988 -0.0 0.054 -0.148 0.773 0.0 -0.631 0.059 0.968 0.0 -0.062 -0.243 -0.658 -0.0 -0.71 -0.249 -0.997 -0.0 -0.003 0.074 0.658 -0.0 -0.753 -0.001 0.94 0.0 -0.003 0.341 
-0.415 -0.012 0.026 -0.91 -0.744 -0.0 -0.668 0.014 -0.988 -0.0 0.054 -0.146 0.775 0.0 -0.629 0.061 0.968 0.0 -0.065 -0.241 -0.657 -0.0 -0.714 -0.243 -0.997 -0.0 -0.002 0.074 0.661 0.0 -0.75 -0.02 0.931 -0.0 -0.017 0.366 
-0.416 -0.011 0.026 -0.909 -0.744 -0.0 -0.668 0.012 -0.988 -0.0 0.053 -0.146 0.777 -0.0 -0.627 0.063 0.968 0.0 -0.069 -0.24 -0.655 -0.0 -0.717 -0.238 -0.997 -0.0 -0.002 0.074 0.665 0.0 -0.746 -0.036 0.921 0.0 -0.033 0.389 
-0.417 -0.011 0.027 -0.909 -0.744 -0.0 -0.668 0.01 -0.988 0.0 0.051 -0.146 0.778 0.0 -0.626 0.064 0.968 0.0 -0.072 -0.24 -0.654 -0.0 -0.72 -0.234 -0.997 -0.0 -0.001 0.076 0.667 0.0 -0.743 -0.055 0.91 0.0 -0.048 0.412 
-0.417 -0.011 0.027 -0.908 -0.744 0.0 -0.668 0.008 -0.988 0.0 0.05 -0.147 0.778 0.0 -0.625 0.065 0.968 0.0 -0.075 -0.239 -0.653 -0.0 -0.722 -0.229 -0.997 -0.0 -0.001 0.076 0.668 0.0 -0.74 -0.074 0.899 -0.0 -0.065 0.433 
-0.418 -0.01 0.027 -0.908 -0.744 -0.0 -0.668 0.007 -0.988 -0.0 0.051 -0.147 0.779 0.0 -0.623 0.065 0.968 -0.0 -0.077 -0.238 -0.651 -0.0 -0.725 -0.223 -0.997 -0.0 -0.0 0.077 0.671 -0.0 -0.736 -0.091 0.888 0.0 -0.082 0.452 
-0.418 -0.009 0.027 -0.908 -0.743 -0.0 -0.669 0.005 -0.988 -0.0 0.051 -0.147 0.78 0.0 -0.622 0.065 0.968 0.0 -0.079 -0.237 -0.65 -0.0 -0.728 -0.217 -0.997 0.0 0.0 0.077 0.674 0.0 -0.731 -0.108 0.878 0.0 -0.099 0.468 
-0.419 -0.008 0.028 -0.907 -0.743 -0.0 -0.669 0.003 -0.988 -0.0 0.05 -0.148 0.781 0.0 -0.621 0.064 0.969 0.0 -0.079 -0.236 -0.648 0.0 -0.732 -0.211 -0.997 0.0 0.002 0.077 0.676 -0.0 -0.726 -0.126 0.869 0.0 -0.118 0.481 
-0.42 -0.008 0.028 -0.907 -0.743 -0.0 -0.669 0.001 -0.987 -0.0 0.049 -0.15 0.781 0.0 -0.621 0.064 0.969 0.0 -0.078 -0.235 -0.646 -0.0 -0.735 -0.206 -0.997 -0.0 0.002 0.077 0.679 0.0 -0.721 -0.143 0.859 0.0 -0.135 0.493 
-0.421 -0.007 0.027 -0.907 -0.744 -0.0 -0.668 -0.001 -0.987 -0.0 0.049 -0.15 0.78 0.0 -0.622 0.063 0.969 0.0 -0.077 -0.235 -0.646 0.0 -0.737 -0.199 -0.997 -0.0 0.003 0.078 0.68 0.0 -0.716 -0.159 0.851 0.0 -0.152 0.503 
-0.421 -0.007 0.026 -0.906 -0.745 0.0 -0.667 -0.003 -0.987 -0.0 0.049 -0.151 0.78 0.0 -0.623 0.063 0.969 0.0 -0.076 -0.234 -0.645 -0.0 -0.739 -0.193 -0.997 0.0 0.004 0.079 0.681 0.0 -0.711 -0.174 0.844 0.0 -0.167 0.51 
-0.424 -0.007 0.025 -0.905 -0.745 -0.0 -0.667 -0.004 -0.987 -0.0 0.048 -0.154 0.779 0.0 -0.624 0.063 0.97 0.0 -0.072 -0.233 -0.644 -0.0 -0.742 -0.187 -0.997 -0.0 0.006 0.081 0.683 0.0 -0.706 -0.187 0.838 0.0 -0.181 0.515 
-0.425 -0.007 0.025 -0.905 -0.745 -0.0 -0.667 -0.005 -0.987 -0.0 0.05 -0.156 0.778 0.0 -0.625 0.064 0.97 0.0 -0.069 -0.234 -0.643 -0.0 -0.744 -0.18 -0.997 -0.0 0.007 0.082 0.684 0.0 -0.702 -0.201 0.833 0.0 -0.193 0.519 
-0.427 -0.007 0.023 -0.904 -0.746 -0.0 -0.666 -0.006 -0.986 -0.0 0.05 -0.157 0.777 0.0 -0.627 0.064 0.97 -0.0 -0.066 -0.234 -0.643 -0.0 -0.746 -0.172 -0.997 -0.0 0.007 0.083 0.684 0.0 -0.697 -0.214 0.829 0.0 -0.203 0.522 
-0.429 -0.007 0.022 -0.903 -0.746 -0.0 -0.665 -0.007 -0.986 -0.0 0.049 -0.16 0.775 -0.0 -0.628 0.064 0.97 0.0 -0.062 -0.235 -0.643 -0.0 -0.748 -0.165 -0.996 0.0 0.009 0.084 0.684 0.0 -0.693 -0.227 0.826 0.0 -0.212 0.522 
-0.431 -0.007 0.022 -0.902 -0.747 -0.0 -0.665 -0.008 -0.985 -0.0 0.049 -0.163 0.774 0.0 -0.63 0.064 0.97 0.0 -0.058 -0.235 -0.643 -0.0 -0.75 -0.159 -0.996 -0.0 0.009 0.084 0.685 0.0 -0.688 -0.24 0.825 0.0 -0.22 0.521 
-0.434 -0.006 0.022 -0.901 -0.747 -0.0 -0.665 -0.011 -0.985 -0.0 0.048 -0.165 0.773 0.0 -0.631 0.064 0.97 0.0 -0.053 -0.237 -0.641 -0.0 -0.752 -0.155 -0.996 -0.0 0.009 0.086 0.686 0.0 -0.683 -0.252 0.824 -0.0 -0.227 0.519 
-0.436 -0.006 0.021 -0.899 -0.748 -0.0 -0.664 -0.011 -0.985 -0.0 0.046 -0.168 0.771 0.0 -0.633 0.065 0.97 -0.0 -0.049 -0.238 -0.64 0.0 -0.754 -0.148 -0.996 -0.0 0.011 0.087 0.686 0.0 -0.678 -0.262 0.825 0.0 -0.231 0.515 
-0.439 -0.006 0.02 -0.898 -0.748 0.0 -0.663 -0.012 -0.985 -0.0 0.045 -0.169 0.77 0.0 -0.635 0.064 0.97 0.0 -0.045 -0.238 -0.64 0.0 -0.755 -0.141 -0.996 -0.0 0.012 0.088 0.686 -0.0 -0.674 -0.273 0.827 0.0 -0.234 0.511 
-0.441 -0.006 0.019 -0.897 -0.749 -0.0 -0.662 -0.014 -0.984 0.0 0.044 -0.171 0.768 0.0 -0.637 0.065 0.97 0.0 -0.041 -0.241 -0.64 0.0 -0.757 -0.135 -0.996 -0.0 0.013 0.089 0.686 0.0 -0.671 -0.282 0.83 0.0 -0.235 0.505 
-0.443 -0.007 0.018 -0.896 -0.75 -0.0 -0.661 -0.016 -0.984 0.0 0.044 -0.171 0.767 0.0 -0.639 0.064 0.97 -0.0 -0.038 -0.241 -0.639 -0.0 -0.758 -0.128 -0.996 -0.0 0.015 0.09 0.685 0.0 -0.668 -0.291 0.834 0.0 -0.234 0.499 
-0.446 -0.007 0.017 -0.895 -0.751 -0.0 -0.66 -0.018 -0.984 -0.0 0.042 -0.172 0.765 0.0 -0.641 0.064 0.969 -0.0 -0.035 -0.243 -0.639 -0.0 -0.759 -0.121 -0.996 -0.0 0.016 0.09 0.685 0.0 -0.665 -0.298 0.84 0.0 -0.232 0.491 
-0.449 -0.008 0.015 -0.893 -0.753 -0.0 -0.657 -0.02 -0.984 -0.0 0.04 -0.173 0.763 0.0 -0.643 0.064 0.969 0.0 -0.033 -0.243 -0.64 0.0 -0.76 -0.114 -0.996 -0.0 0.019 0.092 0.684 0.0 -0.663 -0.304 0.846 0.0 -0.228 0.482 
-0.452 -0.009 0.013 -0.892 -0.755 0.0 -0.655 -0.02 -0.984 -0.0 0.038 -0.172 0.761 0.0 -0.646 0.065 0.969 0.0 -0.031 -0.246 -0.641 -0.0 -0.76 -0.105 -0.996 -0.0 0.02 0.092 0.682 0.0 -0.662 -0.309 0.852 0.0 -0.224 0.473 
-0.455 -0.01 0.012 -0.891 -0.757 0.0 -0.653 -0.023 -0.984 0.0 0.036 -0.174 0.759 0.0 -0.648 0.064 0.969 0.0 -0.03 -0.247 -0.642 -0.0 -0.761 -0.099 -0.995 -0.0 0.021 0.093 0.681 -0.0 -0.66 -0.316 0.859 0.0 -0.219 0.462 
-0.458 -0.011 0.011 -0.889 -0.758 0.0 -0.652 -0.026 -0.985 0.0 0.035 -0.172 0.757 0.0 -0.65 0.065 0.968 0.0 -0.028 -0.249 -0.641 -0.0 -0.762 -0.094 -0.995 -0.0 0.024 0.095 0.681 0.0 -0.658 -0.321 0.867 0.0 -0.214 0.45 
-0.461 -0.012 0.01 -0.887 -0.76 -0.0 -0.65 -0.029 -0.985 -0.0 0.033 -0.172 0.755 -0.0 -0.652 0.064 0.968 0.0 -0.026 -0.25 -0.642 -0.0 -0.762 -0.088 -0.995 -0.0 0.025 0.096 0.68 0.0 -0.657 -0.326 0.875 0.0 -0.207 0.438 
-0.465 -0.011 0.01 -0.885 -0.759 0.0 -0.65 -0.033 -0.985 -0.0 0.032 -0.171 0.756 0.0 -0.652 0.063 0.967 0.0 -0.025 -0.252 -0.639 -0.0 -0.765 -0.085 -0.995 -0.0 0.028 0.099 0.682 -0.0 -0.654 -0.329 0.883 -0.0 -0.2 0.424 
-0.468 -0.011 0.01 -0.884 -0.76 -0.0 -0.649 -0.036 -0.985 -0.0 0.031 -0.17 0.755 0.0 -0.653 0.062 0.967 -0.0 -0.023 -0.253 -0.639 0.0 -0.765 -0.079 -0.995 -0.0 0.03 0.099 0.681 0.0 -0.652 -0.332 0.892 0.0 -0.191 0.411 
-0.471 -0.011 0.009 -0.882 -0.761 -0.0 -0.648 -0.039 -0.985 -0.0 0.03 -0.17 0.754 0.0 -0.654 0.061 0.967 0.0 -0.022 -0.254 -0.639 -0.0 -0.766 -0.074 -0.994 -0.0 0.031 0.101 0.681 -0.0 -0.651 -0.334 0.9 0.0 -0.182 0.396 
-0.473 -0.011 0.009 -0.881 -0.762 -0.0 -0.647 -0.041 -0.985 -0.0 0.03 -0.171 0.752 0.0 -0.656 0.061 0.967 0.0 -0.021 -0.255 -0.639 -0.0 -0.766 -0.069 -0.994 0.0 0.031 0.101 0.681 -0.0 -0.651 -0.337 0.909 0.0 -0.172 0.381 
-0.476 -0.012 0.009 -0.879 -0.763 -0.0 -0.645 -0.044 -0.985 -0.0 0.029 -0.171 0.751 0.0 -0.657 0.06 0.966 0.0 -0.019 -0.256 -0.639 -0.0 -0.767 -0.064 -0.994 0.0 0.033 0.103 0.681 -0.0 -0.65 -0.338 0.917 0.0 -0.162 0.364 
-0.478 -0.012 0.008 -0.878 -0.763 0.0 -0.644 -0.047 -0.985 -0.0 0.028 -0.171 0.75 0.0 -0.659 0.059 0.966 0.0 -0.018 -0.257 -0.64 0.0 -0.766 -0.06 -0.994 -0.0 0.034 0.104 0.68 -0.0 -0.65 -0.339 0.926 0.0 -0.151 0.347 
-0.48 -0.013 0.009 -0.877 -0.764 -0.0 -0.643 -0.049 -0.985 -0.0 0.027 -0.172 0.749 0.0 -0.66 0.059 0.966 -0.0 -0.017 -0.258 -0.64 -0.0 -0.767 -0.056 -0.994 -0.0 0.035 0.106 0.68 0.0 -0.649 -0.34 0.934 0.0 -0.14 0.328 
-0.483 -0.013 0.009 -0.876 -0.764 0.0 -0.643 -0.052 -0.985 0.0 0.027 -0.172 0.748 0.0 -0.661 0.058 0.966 0.0 -0.014 -0.258 -0.64 -0.0 -0.767 -0.053 -0.994 -0.0 0.036 0.108 0.681 0.0 -0.649 -0.34 0.942 0.0 -0.129 0.309 
-0.484 -0.013 0.01 -0.875 -0.765 -0.0 -0.642 -0.054 -0.985 -0.0 0.026 -0.173 0.747 -0.0 -0.662 0.057 0.966 0.0 -0.013 -0.258 -0.641 0.0 -0.766 -0.048 -0.994 -0.0 0.033 0.107 0.681 0.0 -0.649 -0.34 0.95 0.0 -0.119 0.29 
-0.486 -0.013 0.011 -0.874 -0.765 -0.0 -0.641 -0.054 -0.984 -0.0 0.025 -0.178 0.746 0.0 -0.663 0.056 0.966 0.0 -0.012 -0.259 -0.641 -0.0 -0.766 -0.046 -0.993 -0.0 0.034 0.109 0.681 0.0 -0.648 -0.34 0.957 0.0 -0.108 0.27 
-0.487 -0.013 0.012 -0.873 -0.765 -0.0 -0.641 -0.057 -0.984 -0.0 0.025 -0.179 0.746 0.0 -0.664 0.054 0.966 0.0 -0.01 -0.259 -0.641 -0.0 -0.766 -0.043 -0.993 -0.0 0.034 0.11 0.682 -0.0 -0.648 -0.34 0.964 0.0 -0.097 0.249 
-0.488 -0.013 0.013 -0.872 -0.766 -0.0 -0.641 -0.06 -0.983 -0.0 0.024 -0.18 0.745 0.0 -0.665 0.054 0.966 0.0 -0.008 -0.259 -0.641 -0.0 -0.766 -0.04 -0.993 -0.0 0.035 0.112 0.682 -0.0 -0.648 -0.339 0.97 0.0 -0.086 0.228 
-0.489 -0.013 0.015 -0.872 -0.765 -0.0 -0.641 -0.062 -0.983 0.0 0.024 -0.18 0.745 0.0 -0.665 0.052 0.966 0.0 -0.007 -0.259 -0.641 0.0 -0.767 -0.037 -0.993 -0.0 0.035 0.113 0.682 -0.0 -0.649 -0.337 0.976 0.0 -0.075 0.206 
-0.49 -0.013 0.016 -0.871 -0.766 -0.0 -0.64 -0.064 -0.983 -0.0 0.023 -0.181 0.744 0.0 -0.666 0.052 0.966 0.0 -0.006 -0.259 -0.64 0.0 -0.768 -0.035 -0.993 -0.0 0.036 0.115 0.683 -0.0 -0.649 -0.335 0.981 0.0 -0.065 0.184 
-0.492 -0.012 0.018 -0.87 -0.765 -0.0 -0.64 -0.067 -0.983 -0.0 0.024 -0.181 0.744 0.0 -0.666 0.051 0.966 0.0 -0.004 -0.259 -0.639 0.0 -0.769 -0.034 -0.992 -0.0 0.037 0.118 0.684 0.0 -0.649 -0.333 0.985 0.0 -0.056 0.163 
-0.491 -0.012 0.019 -0.871 -0.766 -0.0 -0.64 -0.067 -0.983 0.0 0.023 -0.182 0.744 0.0 -0.667 0.05 0.966 0.0 -0.004 -0.259 -0.638 -0.0 -0.77 -0.029 -0.992 0.0 0.038 0.119 0.684 0.0 -0.65 -0.33 0.989 -0.0 -0.047 0.141 
-0.491 -0.011 0.02 -0.871 -0.765 -0.0 -0.64 -0.069 -0.983 -0.0 0.024 -0.181 0.743 0.0 -0.667 0.05 0.966 -0.0 -0.003 -0.259 -0.637 -0.0 -0.77 -0.026 -0.992 -0.0 0.038 0.12 0.685 -0.0 -0.651 -0.327 0.992 0.0 -0.039 0.119 
-0.492 -0.011 0.022 -0.87 -0.765 -0.0 -0.64 -0.07 -0.983 -0.0 0.023 -0.182 0.743 0.0 -0.667 0.049 0.966 0.0 -0.001 -0.259 -0.636 -0.0 -0.771 -0.025 -0.992 -0.0 0.04 0.123 0.686 0.0 -0.651 -0.324 0.995 0.0 -0.032 0.098 
-0.493 -0.01 0.024 -0.87 -0.765 -0.0 -0.64 -0.073 -0.983 -0.0 0.023 -0.182 0.743 0.0 -0.667 0.049 0.966 0.0 -0.002 -0.259 -0.635 -0.0 -0.772 -0.025 -0.991 -0.0 0.04 0.126 0.687 0.0 -0.651 -0.322 0.997 0.0 -0.025 0.078 
-0.493 -0.01 0.025 -0.869 -0.765 0.0 -0.64 -0.074 -0.983 -0.0 0.022 -0.182 0.743 0.0 -0.668 0.049 0.966 0.0 -0.001 -0.26 -0.634 -0.0 -0.773 -0.022 -0.991 -0.0 0.041 0.129 0.688 0.0 -0.653 -0.319 0.998 0.0 -0.017 0.059 
-0.493 -0.01 0.027 -0.87 -0.765 0.0 -0.639 -0.075 -0.983 -0.0 0.023 -0.181 0.743 0.0 -0.668 0.048 0.966 0.0 -0.001 -0.259 -0.633 -0.0 -0.774 -0.02 -0.991 -0.0 0.041 0.131 0.687 0.0 -0.654 -0.317 0.999 0.0 -0.009 0.043 
-0.493 -0.01 0.028 -0.87 -0.766 0.0 -0.639 -0.076 -0.983 -0.0 0.022 -0.182 0.742 -0.0 -0.669 0.049 0.966 -0.0 0.0 -0.259 -0.632 -0.0 -0.775 -0.018 -0.99 -0.0 0.042 0.134 0.686 0.0 -0.656 -0.314 1.0 0.0 -0.001 0.028 
-0.494 -0.009 0.029 -0.869 -0.766 -0.0 -0.639 -0.077 -0.983 -0.0 0.022 -0.18 0.742 0.0 -0.669 0.051 0.966 -0.0 -0.0 -0.259 -0.632 -0.0 -0.775 -0.013 -0.99 -0.0 0.044 0.137 0.686 0.0 -0.658 -0.31 1.0 0.0 0.006 0.014 
-0.495 -0.009 0.03 -0.869 -0.766 -0.0 -0.638 -0.077 -0.983 0.0 0.021 -0.18 0.741 0.0 -0.67 0.051 0.966 -0.0 -0.0 -0.259 -0.631 -0.0 -0.776 -0.011 -0.989 -0.0 0.045 0.14 0.686 0.0 -0.659 -0.307 1.0 0.0 0.011 0.004 
-0.495 -0.009 0.031 -0.868 -0.766 -0.0 -0.638 -0.075 -0.983 -0.0 0.02 -0.181 0.74 0.0 -0.67 0.052 0.966 0.0 0.001 -0.259 -0.63 -0.0 -0.776 -0.008 -0.989 -0.0 0.046 0.143 0.686 0.0 -0.66 -0.307 1.0 0.0 0.014 -0.003 
-0.496 -0.009 0.031 -0.868 -0.767 -0.0 -0.637 -0.076 -0.984 0.0 0.019 -0.18 0.739 0.0 -0.671 0.054 0.966 0.0 0.002 -0.258 -0.63 -0.0 -0.777 -0.005 -0.988 -0.0 0.048 0.147 0.685 0.0 -0.662 -0.305 1.0 0.0 0.016 -0.006 
-0.497 -0.009 0.032 -0.867 -0.768 -0.0 -0.636 -0.076 -0.984 -0.0 0.018 -0.179 0.738 0.0 -0.673 0.056 0.966 -0.0 0.002 -0.259 -0.629 -0.0 -0.777 -0.003 -0.987 -0.0 0.05 0.151 0.684 0.0 -0.663 -0.304 1.0 0.0 0.016 -0.008 
-0.497 -0.01 0.032 -0.867 -0.768 -0.0 -0.636 -0.075 -0.984 -0.0 0.017 -0.179 0.737 0.0 -0.673 0.057 0.966 0.0 0.002 -0.258 -0.629 0.0 -0.777 -0.001 -0.987 -0.0 0.051 0.155 0.684 0.0 -0.664 -0.304 1.0 0.0 0.015 -0.006 
-0.498 -0.01 0.033 -0.866 -0.77 -0.0 -0.634 -0.073 -0.984 -0.0 0.015 -0.18 0.736 0.0 -0.675 0.058 0.966 0.0 0.003 -0.258 -0.629 0.0 -0.777 0.001 -0.986 -0.0 0.053 0.16 0.683 0.0 -0.664 -0.304 1.0 0.0 0.013 -0.002 
-0.5 -0.011 0.033 -0.866 -0.771 -0.0 -0.633 -0.072 -0.984 0.0 0.014 -0.179 0.734 0.0 -0.676 0.06 0.966 0.0 0.005 -0.258 -0.629 0.0 -0.778 0.003 -0.985 0.0 0.055 0.165 0.682 0.0 -0.665 -0.303 1.0 0.0 0.012 0.001 
-0.501 -0.011 0.033 -0.865 -0.772 -0.0 -0.632 -0.071 -0.984 -0.0 0.013 -0.179 0.732 0.0 -0.678 0.062 0.966 -0.0 0.007 -0.258 -0.629 -0.0 -0.777 0.005 -0.984 -0.0 0.056 0.17 0.681 0.0 -0.666 -0.302 1.0 0.0 0.01 0.005 
-0.502 -0.012 0.034 -0.864 -0.773 -0.0 -0.631 -0.069 -0.984 -0.0 0.011 -0.179 0.73 -0.0 -0.68 0.063 0.966 0.0 0.009 -0.258 -0.629 -0.0 -0.777 0.007 -0.983 -0.0 0.058 0.175 0.681 0.0 -0.668 -0.301 1.0 0.0 0.009 0.007 
-0.504 -0.013 0.034 -0.863 -0.774 -0.0 -0.629 -0.066 -0.984 -0.0 0.008 -0.179 0.729 0.0 -0.681 0.065 0.966 -0.0 0.009 -0.258 -0.63 -0.0 -0.777 0.008 -0.982 -0.0 0.06 0.181 0.68 0.0 -0.67 -0.298 1.0 -0.0 0.009 0.007 
-0.505 -0.014 0.033 -0.862 -0.776 -0.0 -0.628 -0.064 -0.984 -0.0 0.006 -0.178 0.726 0.0 -0.684 0.067 0.966 0.0 0.011 -0.258 -0.63 -0.0 -0.776 0.01 -0.98 -0.0 0.062 0.187 0.678 -0.0 -0.673 -0.294 1.0 0.0 0.009 0.007 
-0.507 -0.016 0.033 -0.861 -0.777 -0.0 -0.626 -0.063 -0.984 -0.0 0.005 -0.177 0.725 0.0 -0.686 0.07 0.966 0.0 0.013 -0.258 -0.631 -0.0 -0.775 0.008 -0.979 -0.0 0.063 0.195 0.678 0.0 -0.675 -0.291 1.0 0.0 0.008 0.008 
-0.508 -0.017 0.033 -0.861 -0.779 -0.0 -0.624 -0.06 -0.984 -0.0 0.004 -0.176 0.722 -0.0 -0.688 0.072 0.966 0.0 0.013 -0.258 -0.632 -0.0 -0.775 0.007 -0.977 0.0 0.064 0.203 0.676 0.0 -0.678 -0.29 1.0 -0.0 0.008 0.01 
-0.508 -0.019 0.033 -0.86 -0.78 -0.0 -0.623 -0.059 -0.985 -0.0 0.002 -0.175 0.72 0.0 -0.69 0.073 0.967 -0.0 0.016 -0.256 -0.634 0.0 -0.773 0.009 -0.976 -0.0 0.063 0.208 0.675 0.0 -0.679 -0.289 1.0 0.0 0.005 0.013 
-0.509 -0.02 0.033 -0.86 -0.782 -0.0 -0.621 -0.056 -0.985 -0.0 0.0 -0.173 0.718 0.0 -0.692 0.076 0.966 0.0 0.016 -0.256 -0.634 0.0 -0.773 0.003 -0.973 -0.0 0.064 0.221 0.674 0.0 -0.681 -0.287 1.0 0.0 0.004 0.016 
-0.509 -0.022 0.033 -0.86 -0.783 -0.0 -0.62 -0.054 -0.985 -0.0 -0.001 -0.171 0.716 0.0 -0.694 0.076 0.967 0.0 0.017 -0.254 -0.636 0.0 -0.772 0.002 -0.972 -0.0 0.063 0.228 0.673 -0.0 -0.682 -0.285 1.0 0.0 0.001 0.019 
-0.508 -0.023 0.033 -0.86 -0.785 -0.0 -0.618 -0.052 -0.986 -0.0 -0.003 -0.169 0.713 0.0 -0.696 0.077 0.967 -0.0 0.019 -0.253 -0.637 -0.0 -0.771 -0.003 -0.969 -0.0 0.061 0.24 0.672 0.0 -0.684 -0.283 1.0 0.0 -0.0 0.023 
-0.508 -0.024 0.033 -0.86 -0.786 -0.0 -0.617 -0.05 -0.986 -0.0 -0.005 -0.166 0.712 0.0 -0.698 0.079 0.968 0.0 0.02 -0.252 -0.637 0.0 -0.771 -0.011 -0.965 -0.0 0.06 0.256 0.672 -0.0 -0.686 -0.281 1.0 0.0 -0.003 0.026 
-0.507 -0.025 0.033 -0.861 -0.787 -0.0 -0.615 -0.048 -0.987 -0.0 -0.006 -0.163 0.71 0.0 -0.699 0.08 0.968 0.0 0.019 -0.25 -0.638 0.0 -0.77 -0.016 -0.962 0.0 0.055 0.269 0.671 0.0 -0.687 -0.279 1.0 -0.0 -0.006 0.029 
-0.505 -0.026 0.034 -0.862 -0.788 0.0 -0.615 -0.045 -0.987 -0.0 -0.007 -0.16 0.709 0.0 -0.701 0.081 0.968 -0.0 0.02 -0.249 -0.639 -0.0 -0.768 -0.025 -0.957 0.0 0.048 0.285 0.67 -0.0 -0.689 -0.277 0.999 0.0 -0.008 0.033 
-0.503 -0.027 0.034 -0.863 -0.788 -0.0 -0.614 -0.043 -0.987 -0.0 -0.008 -0.158 0.708 0.0 -0.702 0.081 0.969 0.0 0.02 -0.248 -0.64 0.0 -0.767 -0.036 -0.952 -0.0 0.04 0.303 0.67 0.0 -0.691 -0.274 0.999 -0.0 -0.01 0.035 
-0.502 -0.027 0.034 -0.864 -0.789 -0.0 -0.614 -0.04 -0.988 0.0 -0.01 -0.155 0.708 0.0 -0.702 0.081 0.969 0.0 0.018 -0.245 -0.642 -0.0 -0.765 -0.047 -0.947 -0.0 0.029 0.32 0.669 0.0 -0.693 -0.269 0.999 0.0 -0.01 0.036 
-0.499 -0.027 0.034 -0.865 -0.789 -0.0 -0.614 -0.036 -0.988 -0.0 -0.012 -0.154 0.707 0.0 -0.702 0.082 0.97 0.0 0.018 -0.244 -0.644 -0.0 -0.763 -0.059 -0.941 -0.0 0.016 0.339 0.668 0.0 -0.695 -0.265 0.999 0.0 -0.011 0.038 
-0.497 -0.027 0.035 -0.867 -0.788 -0.0 -0.614 -0.032 -0.988 -0.0 -0.013 -0.153 0.708 -0.0 -0.702 0.082 0.97 0.0 0.016 -0.243 -0.646 -0.0 -0.76 -0.072 -0.934 0.0 0.001 0.357 0.667 -0.0 -0.698 -0.261 0.999 0.0 -0.012 0.039 
-0.496 -0.027 0.034 -0.867 -0.788 -0.0 -0.614 -0.029 -0.988 -0.0 -0.014 -0.152 0.708 0.0 -0.702 0.083 0.97 -0.0 0.014 -0.242 -0.647 -0.0 -0.757 -0.084 -0.926 -0.0 -0.011 0.376 0.667 0.0 -0.701 -0.253 0.999 -0.0 -0.013 0.039 
-0.494 -0.026 0.034 -0.868 -0.789 -0.0 -0.614 -0.025 -0.988 -0.0 -0.016 -0.152 0.708 0.0 -0.701 0.084 0.97 0.0 0.013 -0.242 -0.649 -0.0 -0.755 -0.098 -0.918 -0.0 -0.025 0.395 0.667 0.0 -0.703 -0.248 0.999 0.0 -0.014 0.04 
-0.492 -0.027 0.034 -0.87 -0.789 -0.0 -0.615 -0.021 -0.988 -0.0 -0.017 -0.151 0.708 0.0 -0.701 0.084 0.97 0.0 0.01 -0.242 -0.651 -0.0 -0.751 -0.111 -0.91 -0.0 -0.041 0.414 0.665 0.0 -0.706 -0.242 0.999 0.0 -0.015 0.041 
-0.49 -0.027 0.033 -0.871 -0.789 -0.0 -0.614 -0.018 -0.988 -0.0 -0.018 -0.151 0.709 0.0 -0.701 0.085 0.97 0.0 0.008 -0.242 -0.654 -0.0 -0.746 -0.126 -0.9 -0.0 -0.057 0.432 0.664 0.0 -0.709 -0.238 0.999 0.0 -0.016 0.044 
-0.489 -0.028 0.032 -0.871 -0.79 -0.0 -0.613 -0.015 -0.988 -0.0 -0.02 -0.151 0.708 -0.0 -0.701 0.086 0.97 0.0 0.006 -0.242 -0.658 -0.0 -0.74 -0.141 -0.889 -0.0 -0.073 0.451 0.662 0.0 -0.712 -0.233 0.999 0.0 -0.016 0.046 
-0.488 -0.031 0.03 -0.872 -0.791 -0.0 -0.611 -0.013 -0.988 -0.0 -0.022 -0.151 0.707 0.0 -0.702 0.086 0.97 0.0 0.004 -0.242 -0.663 -0.0 -0.732 -0.157 -0.878 -0.0 -0.091 0.47 0.659 0.0 -0.717 -0.229 0.999 0.0 -0.015 0.048 
-0.489 -0.032 0.029 -0.871 -0.792 -0.0 -0.61 -0.012 -0.988 -0.0 -0.023 -0.151 0.706 0.0 -0.702 0.088 0.97 -0.0 0.002 -0.243 -0.667 -0.0 -0.725 -0.173 -0.866 -0.0 -0.108 0.487 0.656 0.0 -0.721 -0.223 0.999 0.0 -0.015 0.049 
-0.489 -0.034 0.027 -0.871 -0.794 -0.0 -0.608 -0.01 -0.988 -0.0 -0.024 -0.151 0.705 -0.0 -0.703 0.089 0.97 0.0 0.001 -0.244 -0.671 -0.0 -0.717 -0.189 -0.855 -0.0 -0.126 0.502 0.654 0.0 -0.725 -0.217 0.999 0.0 -0.016 0.05 
-0.488 -0.036 0.025 -0.872 -0.794 -0.0 -0.607 -0.009 -0.988 -0.0 -0.025 -0.151 0.705 0.0 -0.704 0.089 0.97 0.0 -0.001 -0.244 -0.674 -0.0 -0.709 -0.205 -0.844 -0.0 -0.143 0.516 0.652 0.0 -0.729 -0.21 0.999 0.0 -0.017 0.05 
-0.488 -0.036 0.024 -0.872 -0.795 -0.0 -0.607 -0.008 -0.988 -0.0 -0.025 -0.151 0.705 0.0 -0.704 0.09 0.97 0.0 -0.001 -0.244 -0.676 -0.0 -0.703 -0.222 -0.834 0.0 -0.159 0.528 0.65 0.0 -0.733 -0.203 0.999 0.0 -0.015 0.05 
-0.487 -0.037 0.022 -0.872 -0.795 -0.0 -0.606 -0.007 -0.988 -0.0 -0.025 -0.151 0.704 0.0 -0.704 0.091 0.97 0.0 -0.002 -0.244 -0.678 -0.0 -0.696 -0.237 -0.824 -0.0 -0.177 0.538 0.647 -0.0 -0.737 -0.196 0.999 0.0 -0.015 0.051 
-0.485 -0.038 0.021 -0.873 -0.795 -0.0 -0.607 -0.006 -0.988 -0.0 -0.024 -0.151 0.705 0.0 -0.704 0.09 0.97 0.0 -0.003 -0.243 -0.68 -0.0 -0.688 -0.253 -0.815 0.0 -0.197 0.545 0.644 -0.0 -0.741 -0.19 0.999 0.0 -0.013 0.052 
-0.484 -0.038 0.019 -0.874 -0.795 0.0 -0.607 -0.006 -0.988 -0.0 -0.023 -0.151 0.704 0.0 -0.704 0.09 0.97 -0.0 -0.003 -0.243 -0.683 -0.0 -0.679 -0.269 -0.807 -0.0 -0.214 0.551 0.643 0.0 -0.744 -0.183 0.999 0.0 -0.012 0.052 
-0.483 -0.038 0.018 -0.875 -0.794 -0.0 -0.608 -0.004 -0.988 -0.0 -0.022 -0.151 0.705 0.0 -0.703 0.088 0.97 -0.0 -0.004 -0.242 -0.684 -0.0 -0.672 -0.285 -0.799 0.0 -0.231 0.555 0.641 0.0 -0.747 -0.177 0.999 0.0 -0.011 0.054 
-0.482 -0.038 0.017 -0.875 -0.793 -0.0 -0.609 -0.003 -0.988 -0.0 -0.02 -0.152 0.706 0.0 -0.702 0.088 0.97 -0.0 -0.004 -0.241 -0.684 -0.0 -0.665 -0.299 -0.794 -0.0 -0.244 0.556 0.64 0.0 -0.75 -0.168 0.999 0.0 -0.01 0.053 
-0.48 -0.037 0.016 -0.876 -0.793 -0.0 -0.61 -0.001 -0.988 -0.0 -0.019 -0.152 0.708 0.0 -0.701 0.087 0.971 0.0 -0.005 -0.241 -0.685 -0.0 -0.658 -0.312 -0.79 -0.0 -0.257 0.556 0.639 0.0 -0.753 -0.159 0.999 0.0 -0.009 0.053 
-0.479 -0.036 0.015 -0.877 -0.791 -0.0 -0.612 -0.0 -0.988 -0.0 -0.017 -0.152 0.709 0.0 -0.7 0.086 0.971 0.0 -0.004 -0.24 -0.685 -0.0 -0.652 -0.325 -0.788 -0.0 -0.268 0.555 0.639 0.0 -0.755 -0.15 0.999 0.0 -0.007 0.053 
-0.477 -0.034 0.015 -0.878 -0.79 0.0 -0.614 0.001 -0.988 -0.0 -0.017 -0.152 0.711 -0.0 -0.698 0.085 0.971 0.0 -0.005 -0.24 -0.685 -0.0 -0.646 -0.337 -0.786 -0.0 -0.277 0.552 0.638 -0.0 -0.757 -0.142 0.999 0.0 -0.005 0.053 
-0.475 -0.033 0.014 -0.879 -0.787 -0.0 -0.617 0.002 -0.988 -0.0 -0.014 -0.151 0.713 0.0 -0.696 0.084 0.971 -0.0 -0.006 -0.239 -0.684 -0.0 -0.641 -0.348 -0.787 -0.0 -0.285 0.547 0.638 0.0 -0.758 -0.132 0.999 -0.0 -0.004 0.052 
-0.473 -0.031 0.014 -0.88 -0.786 -0.0 -0.619 0.003 -0.988 -0.0 -0.013 -0.152 0.715 -0.0 -0.694 0.083 0.971 0.0 -0.008 -0.239 -0.684 0.0 -0.635 -0.359 -0.789 0.0 -0.292 0.541 0.639 -0.0 -0.759 -0.124 0.999 -0.0 -0.003 0.051 
-0.47 -0.029 0.014 -0.882 -0.784 0.0 -0.621 0.004 -0.988 -0.0 -0.011 -0.152 0.718 0.0 -0.691 0.083 0.971 0.0 -0.01 -0.24 -0.684 0.0 -0.631 -0.368 -0.792 -0.0 -0.296 0.534 0.639 0.0 -0.761 -0.114 0.999 -0.0 -0.001 0.05 
-0.468 -0.027 0.014 -0.883 -0.782 -0.0 -0.624 0.005 -0.988 -0.0 -0.009 -0.152 0.721 0.0 -0.688 0.083 0.97 0.0 -0.013 -0.241 -0.683 -0.0 -0.626 -0.376 -0.796 -0.0 -0.299 0.526 0.64 0.0 -0.761 -0.105 0.999 -0.0 -0.0 0.049 
-0.466 -0.025 0.013 -0.885 -0.78 -0.0 -0.626 0.006 -0.988 -0.0 -0.008 -0.152 0.723 -0.0 -0.686 0.081 0.97 0.0 -0.015 -0.241 -0.683 -0.0 -0.622 -0.384 -0.801 -0.0 -0.299 0.518 0.64 -0.0 -0.763 -0.096 0.999 0.0 0.002 0.049 
-0.463 -0.024 0.013 -0.886 -0.779 -0.0 -0.627 0.008 -0.988 0.0 -0.007 -0.153 0.726 0.0 -0.683 0.078 0.97 0.0 -0.017 -0.241 -0.682 -0.0 -0.618 -0.391 -0.808 0.0 -0.299 0.508 0.64 -0.0 -0.763 -0.087 0.999 0.0 0.003 0.049 
-0.46 -0.022 0.013 -0.888 -0.777 -0.0 -0.629 0.009 -0.988 0.0 -0.006 -0.154 0.729 0.0 -0.68 0.078 0.97 0.0 -0.022 -0.242 -0.681 -0.0 -0.615 -0.398 -0.815 -0.0 -0.297 0.498 0.64 0.0 -0.764 -0.08 0.999 0.0 0.005 0.048 
-0.457 -0.02 0.013 -0.889 -0.775 0.0 -0.631 0.01 -0.988 -0.0 -0.004 -0.155 0.732 0.0 -0.677 0.076 0.97 -0.0 -0.024 -0.243 -0.68 -0.0 -0.612 -0.403 -0.822 -0.0 -0.294 0.487 0.641 0.0 -0.764 -0.072 0.999 0.0 0.006 0.048 
-0.454 -0.018 0.012 -0.891 -0.774 -0.0 -0.633 0.011 -0.988 -0.0 -0.003 -0.155 0.735 0.0 -0.674 0.073 0.97 -0.0 -0.026 -0.242 -0.679 -0.0 -0.61 -0.408 -0.83 -0.0 -0.289 0.477 0.642 0.0 -0.764 -0.064 0.999 0.0 0.007 0.049 
-0.451 -0.017 0.012 -0.892 -0.772 -0.0 -0.635 0.012 -0.988 -0.0 -0.001 -0.156 0.738 0.0 -0.671 0.071 0.969 0.0 -0.03 -0.243 -0.678 -0.0 -0.608 -0.413 -0.839 0.0 -0.284 0.464 0.642 0.0 -0.764 -0.058 0.999 0.0 0.008 0.05 
-0.447 -0.015 0.012 -0.894 -0.771 -0.0 -0.637 0.013 -0.988 -0.0 0.0 -0.156 0.74 0.0 -0.669 0.067 0.97 0.0 -0.031 -0.242 -0.678 -0.0 -0.606 -0.416 -0.848 -0.0 -0.277 0.452 0.642 0.0 -0.765 -0.051 0.999 0.0 0.009 0.051 
-0.444 -0.014 0.011 -0.896 -0.77 -0.0 -0.638 0.015 -0.988 -0.0 0.001 -0.157 0.742 0.0 -0.667 0.065 0.969 0.0 -0.034 -0.243 -0.679 -0.0 -0.604 -0.418 -0.857 -0.0 -0.27 0.438 0.642 -0.0 -0.765 -0.044 0.999 0.0 0.011 0.052 
-0.441 -0.013 0.011 -0.898 -0.769 -0.0 -0.639 0.016 -0.988 0.0 0.003 -0.157 0.744 0.0 -0.665 0.063 0.969 0.0 -0.036 -0.245 -0.677 -0.0 -0.604 -0.421 -0.867 -0.0 -0.258 0.427 0.642 0.0 -0.766 -0.039 0.998 0.0 0.013 0.054 
-0.438 -0.012 0.011 -0.899 -0.768 -0.0 -0.641 0.017 -0.987 -0.0 0.004 -0.158 0.747 0.0 -0.662 0.061 0.969 0.0 -0.037 -0.246 -0.676 0.0 -0.604 -0.422 -0.877 -0.0 -0.248 0.412 0.643 0.0 -0.765 -0.033 0.998 0.0 0.014 0.056 
-0.436 -0.011 0.011 -0.9 -0.766 -0.0 -0.642 0.018 -0.987 0.0 0.005 -0.158 0.749 0.0 -0.661 0.058 0.968 0.0 -0.038 -0.246 -0.676 -0.0 -0.603 -0.423 -0.886 -0.0 -0.237 0.398 0.643 0.0 -0.765 -0.028 0.998 0.0 0.014 0.058 
-0.434 -0.011 0.011 -0.901 -0.766 -0.0 -0.643 0.019 -0.987 -0.0 0.007 -0.158 0.75 0.0 -0.659 0.055 0.968 0.0 -0.039 -0.248 -0.676 -0.0 -0.603 -0.424 -0.896 -0.0 -0.226 0.382 0.644 0.0 -0.765 -0.023 0.998 0.0 0.015 0.06 
-0.432 -0.01 0.01 -0.902 -0.765 -0.0 -0.644 0.02 -0.987 -0.0 0.008 -0.158 0.752 0.0 -0.657 0.053 0.968 0.0 -0.04 -0.249 -0.676 -0.0 -0.603 -0.424 -0.905 0.0 -0.214 0.366 0.644 0.0 -0.765 -0.017 0.998 0.0 0.016 0.062 
-0.43 -0.01 0.01 -0.903 -0.764 -0.0 -0.645 0.021 -0.987 -0.0 0.009 -0.158 0.753 0.0 -0.656 0.05 0.967 -0.0 -0.041 -0.25 -0.676 -0.0 -0.603 -0.423 -0.915 -0.0 -0.202 0.349 0.643 0.0 -0.765 -0.013 0.998 -0.0 0.017 0.064 
-0.428 -0.01 0.01 -0.903 -0.764 -0.0 -0.645 0.021 -0.987 -0.0 0.011 -0.157 0.754 0.0 -0.655 0.048 0.967 0.0 -0.041 -0.251 -0.677 0.0 -0.603 -0.422 -0.924 -0.0 -0.189 0.331 0.643 0.0 -0.766 -0.008 0.998 0.0 0.018 0.066 
-0.427 -0.011 0.01 -0.904 -0.764 -0.0 -0.645 0.022 -0.987 -0.0 0.011 -0.158 0.755 0.0 -0.654 0.045 0.967 0.0 -0.041 -0.252 -0.678 -0.0 -0.604 -0.42 -0.933 -0.0 -0.176 0.313 0.643 0.0 -0.766 -0.003 0.998 -0.0 0.019 0.067 
-0.427 -0.011 0.009 -0.904 -0.763 -0.0 -0.646 0.023 -0.987 -0.0 0.013 -0.158 0.756 0.0 -0.654 0.042 0.967 0.0 -0.04 -0.252 -0.678 -0.0 -0.605 -0.418 -0.942 -0.0 -0.162 0.295 0.642 0.0 -0.767 0.002 0.997 -0.0 0.02 0.069 
-0.427 -0.012 0.009 -0.904 -0.763 -0.0 -0.646 0.023 -0.987 -0.0 0.013 -0.157 0.756 0.0 -0.653 0.04 0.967 0.0 -0.04 -0.254 -0.678 -0.0 -0.607 -0.415 -0.95 -0.0 -0.147 0.276 0.641 0.0 -0.768 0.007 0.997 -0.0 0.021 0.07 
-0.427 -0.013 0.009 -0.904 -0.764 0.0 -0.645 0.025 -0.987 -0.0 0.012 -0.159 0.757 0.0 -0.653 0.037 0.966 0.0 -0.039 -0.254 -0.678 -0.0 -0.609 -0.412 -0.957 0.0 -0.133 0.257 0.64 0.0 -0.768 0.012 0.997 0.0 0.021 0.071 
-0.427 -0.014 0.009 -0.904 -0.764 -0.0 -0.645 0.025 -0.987 -0.0 0.012 -0.159 0.757 0.0 -0.653 0.035 0.966 0.0 -0.038 -0.255 -0.678 -0.0 -0.611 -0.408 -0.964 -0.0 -0.118 0.237 0.64 -0.0 -0.769 0.016 0.997 -0.0 0.021 0.072 
-0.428 -0.015 0.008 -0.904 -0.764 -0.0 -0.645 0.026 -0.987 -0.0 0.012 -0.159 0.757 0.0 -0.652 0.032 0.966 -0.0 -0.037 -0.255 -0.678 -0.0 -0.614 -0.404 -0.971 -0.0 -0.104 0.218 0.638 0.0 -0.77 0.021 0.997 -0.0 0.023 0.074 
-0.429 -0.016 0.008 -0.903 -0.764 -0.0 -0.645 0.026 -0.987 -0.0 0.013 -0.158 0.757 0.0 -0.652 0.03 0.966 0.0 -0.036 -0.257 -0.677 -0.0 -0.617 -0.401 -0.976 -0.0 -0.09 0.198 0.637 0.0 -0.77 0.025 0.997 0.0 0.023 0.075 
-0.429 -0.017 0.008 -0.903 -0.764 -0.0 -0.645 0.026 -0.988 -0.0 0.014 -0.157 0.758 0.0 -0.652 0.028 0.965 0.0 -0.035 -0.258 -0.677 -0.0 -0.62 -0.396 -0.981 -0.0 -0.077 0.179 0.636 0.0 -0.771 0.029 0.997 -0.0 0.024 0.077 
-0.43 -0.018 0.008 -0.903 -0.764 -0.0 -0.644 0.026 -0.988 -0.0 0.014 -0.157 0.758 0.0 -0.652 0.026 0.965 0.0 -0.034 -0.26 -0.677 -0.0 -0.623 -0.391 -0.985 -0.0 -0.065 0.159 0.636 0.0 -0.771 0.033 0.997 0.0 0.023 0.08 
-0.43 -0.02 0.008 -0.902 -0.764 0.0 -0.644 0.027 -0.988 -0.0 0.014 -0.156 0.758 0.0 -0.652 0.025 0.965 0.0 -0.034 -0.26 -0.678 -0.0 -0.627 -0.385 -0.989 -0.0 -0.053 0.14 0.634 0.0 -0.772 0.037 0.996 -0.0 0.025 0.082 
-0.431 -0.021 0.008 -0.902 -0.764 -0.0 -0.644 0.028 -0.988 -0.0 0.014 -0.156 0.758 0.0 -0.652 0.023 0.965 -0.0 -0.033 -0.261 -0.677 -0.0 -0.63 -0.38 -0.992 -0.0 -0.041 0.122 0.633 0.0 -0.773 0.041 0.996 0.0 0.027 0.085 
-0.431 -0.023 0.007 -0.902 -0.765 0.0 -0.643 0.028 -0.988 -0.0 0.015 -0.155 0.758 0.0 -0.652 0.021 0.965 0.0 -0.032 -0.261 -0.677 -0.0 -0.634 -0.374 -0.994 -0.0 -0.03 0.106 0.631 -0.0 -0.774 0.045 0.996 0.0 0.026 0.088 
-0.432 -0.024 0.007 -0.902 -0.765 -0.0 -0.643 0.028 -0.988 -0.0 0.015 -0.154 0.757 0.0 -0.653 0.02 0.965 0.0 -0.032 -0.262 -0.677 -0.0 -0.637 -0.37 -0.996 0.0 -0.02 0.092 0.63 0.0 -0.775 0.049 0.995 0.0 0.028 0.091 
-0.432 -0.025 0.006 -0.901 -0.766 -0.0 -0.643 0.029 -0.988 -0.0 0.016 -0.153 0.757 -0.0 -0.653 0.019 0.964 0.0 -0.032 -0.263 -0.676 -0.0 -0.64 -0.365 -0.997 -0.0 -0.012 0.08 0.628 0.0 -0.776 0.053 0.995 0.0 0.03 0.094 
-0.432 -0.027 0.006 -0.902 -0.766 0.0 -0.642 0.03 -0.988 -0.0 0.016 -0.153 0.757 0.0 -0.653 0.018 0.964 0.0 -0.032 -0.263 -0.677 -0.0 -0.642 -0.361 -0.997 -0.0 -0.006 0.071 0.626 0.0 -0.778 0.057 0.995 0.0 0.031 0.098 
-0.432 -0.029 0.005 -0.901 -0.766 -0.0 -0.642 0.03 -0.988 -0.0 0.017 -0.152 0.756 0.0 -0.654 0.018 0.964 0.0 -0.033 -0.263 -0.677 -0.0 -0.642 -0.358 -0.998 -0.0 -0.002 0.064 0.624 0.0 -0.779 0.061 0.994 0.0 0.033 0.101 
-0.432 -0.03 0.005 -0.901 -0.767 -0.0 -0.641 0.031 -0.988 -0.0 0.017 -0.152 0.756 0.0 -0.654 0.017 0.964 0.0 -0.031 -0.264 -0.677 0.0 -0.643 -0.358 -0.998 -0.0 0.001 0.061 0.623 0.0 -0.78 0.064 0.994 0.0 0.035 0.104 
-0.433 -0.031 0.005 -0.901 -0.766 -0.0 -0.642 0.031 -0.988 -0.0 0.018 -0.151 0.756 0.0 -0.655 0.017 0.964 -0.0 -0.031 -0.265 -0.676 -0.0 -0.643 -0.358 -0.998 -0.0 0.002 0.062 0.621 0.0 -0.781 0.068 0.993 -0.0 0.037 0.108 
-0.433 -0.032 0.005 -0.901 -0.766 -0.0 -0.642 0.031 -0.988 -0.0 0.018 -0.151 0.756 -0.0 -0.655 0.017 0.964 0.0 -0.03 -0.266 -0.676 -0.0 -0.643 -0.36 -0.998 -0.0 0.001 0.065 0.62 -0.0 -0.781 0.07 0.993 -0.0 0.038 0.112 
-0.434 -0.033 0.006 -0.9 -0.766 0.0 -0.642 0.031 -0.988 0.0 0.019 -0.151 0.756 0.0 -0.654 0.016 0.964 0.0 -0.03 -0.266 -0.676 -0.0 -0.642 -0.362 -0.998 -0.0 -0.002 0.07 0.619 0.0 -0.782 0.074 0.993 0.0 0.04 0.115 
-0.434 -0.033 0.006 -0.9 -0.765 -0.0 -0.643 0.031 -0.988 -0.0 0.019 -0.15 0.757 0.0 -0.654 0.016 0.964 -0.0 -0.03 -0.266 -0.675 0.0 -0.642 -0.364 -0.997 -0.0 -0.006 0.076 0.618 0.0 -0.782 0.077 0.992 0.0 0.042 0.118 
-0.434 -0.033 0.007 -0.9 -0.764 0.0 -0.645 0.032 -0.988 0.0 0.02 -0.15 0.757 0.0 -0.653 0.017 0.963 0.0 -0.03 -0.266 -0.675 -0.0 -0.641 -0.364 -0.996 -0.0 -0.01 0.083 0.618 0.0 -0.782 0.079 0.992 0.0 0.043 0.122 
-0.434 -0.033 0.007 -0.9 -0.763 -0.0 -0.645 0.032 -0.988 -0.0 0.021 -0.15 0.757 0.0 -0.654 0.017 0.964 -0.0 -0.029 -0.266 -0.674 -0.0 -0.642 -0.365 -0.996 -0.0 -0.012 0.089 0.618 0.0 -0.782 0.082 0.991 0.0 0.045 0.126 
-0.434 -0.033 0.009 -0.9 -0.762 -0.0 -0.647 0.032 -0.988 -0.0 0.022 -0.15 0.759 -0.0 -0.651 0.019 0.963 0.0 -0.031 -0.267 -0.672 -0.0 -0.645 -0.364 -0.996 -0.0 -0.013 0.094 0.618 0.0 -0.781 0.084 0.99 0.0 0.046 0.13 
-0.433 -0.033 0.009 -0.901 -0.76 -0.0 -0.649 0.033 -0.988 -0.0 0.023 -0.149 0.759 0.0 -0.651 0.02 0.963 0.0 -0.032 -0.267 -0.672 -0.0 -0.647 -0.361 -0.995 -0.0 -0.013 0.095 0.619 0.0 -0.781 0.087 0.99 0.0 0.047 0.134 
-0.431 -0.033 0.01 -0.901 -0.759 -0.0 -0.65 0.034 -0.988 -0.0 0.025 -0.15 0.759 0.0 -0.65 0.021 0.963 0.0 -0.033 -0.266 -0.672 0.0 -0.649 -0.357 -0.996 -0.0 -0.013 0.093 0.619 0.0 -0.781 0.088 0.989 0.0 0.049 0.14 
-0.43 -0.032 0.011 -0.902 -0.758 -0.0 -0.651 0.035 -0.988 -0.0 0.026 -0.15 0.759 -0.0 -0.65 0.022 0.964 0.0 -0.034 -0.265 -0.672 -0.0 -0.654 -0.349 -0.996 -0.0 -0.01 0.088 0.619 -0.0 -0.78 0.09 0.988 0.0 0.052 0.145 
-0.428 -0.033 0.011 -0.903 -0.757 -0.0 -0.653 0.036 -0.988 0.0 0.028 -0.15 0.76 0.0 -0.649 0.024 0.964 0.0 -0.037 -0.265 -0.673 0.0 -0.657 -0.339 -0.997 -0.0 -0.008 0.081 0.619 0.0 -0.78 0.092 0.987 0.0 0.053 0.151 
-0.427 -0.032 0.012 -0.904 -0.755 0.0 -0.655 0.038 -0.988 -0.0 0.028 -0.15 0.761 0.0 -0.649 0.025 0.964 0.0 -0.038 -0.263 -0.672 0.0 -0.662 -0.331 -0.997 -0.0 -0.003 0.075 0.62 0.0 -0.78 0.092 0.986 0.0 0.056 0.158 
-0.426 -0.03 0.013 -0.904 -0.752 0.0 -0.658 0.039 -0.988 0.0 0.03 -0.15 0.763 0.0 -0.646 0.027 0.964 0.0 -0.04 -0.263 -0.671 -0.0 -0.667 -0.325 -0.997 0.0 -0.002 0.072 0.621 0.0 -0.778 0.091 0.984 0.0 0.057 0.166 
-0.426 -0.029 0.014 -0.904 -0.75 -0.0 -0.66 0.04 -0.988 -0.0 0.03 -0.15 0.764 0.0 -0.645 0.028 0.965 0.0 -0.04 -0.261 -0.67 0.0 -0.67 -0.321 -0.997 -0.0 -0.003 0.072 0.623 0.0 -0.777 0.089 0.983 0.0 0.057 0.175 
-0.427 -0.027 0.017 -0.904 -0.747 -0.0 -0.663 0.04 -0.988 -0.0 0.031 -0.15 0.766 0.0 -0.642 0.03 0.965 -0.0 -0.043 -0.26 -0.667 -0.0 -0.673 -0.319 -0.997 -0.0 -0.003 0.074 0.625 0.0 -0.776 0.084 0.981 0.0 0.056 0.187 
-0.428 -0.025 0.018 -0.903 -0.745 0.0 -0.666 0.041 -0.988 -0.0 0.031 -0.15 0.767 -0.0 -0.641 0.031 0.965 0.0 -0.041 -0.258 -0.666 -0.0 -0.677 -0.315 -0.997 -0.0 -0.004 0.074 0.626 0.0 -0.776 0.078 0.978 0.0 0.057 0.2 
-0.43 -0.023 0.02 -0.902 -0.742 -0.0 -0.669 0.04 -0.988 -0.0 0.031 -0.15 0.769 0.0 -0.639 0.033 0.966 0.0 -0.042 -0.257 -0.664 -0.0 -0.68 -0.311 -0.997 -0.0 -0.004 0.075 0.627 0.0 -0.776 0.071 0.975 0.0 0.054 0.215 
-0.432 -0.021 0.023 -0.901 -0.74 0.0 -0.672 0.039 -0.988 -0.0 0.031 -0.149 0.771 0.0 -0.635 0.036 0.966 -0.0 -0.044 -0.255 -0.661 -0.0 -0.684 -0.308 -0.997 0.0 -0.005 0.076 0.629 0.0 -0.775 0.061 0.971 0.0 0.05 0.232 
-0.435 -0.019 0.025 -0.9 -0.737 0.0 -0.675 0.038 -0.988 -0.0 0.032 -0.148 0.773 0.0 -0.633 0.038 0.966 0.0 -0.045 -0.254 -0.659 -0.0 -0.687 -0.306 -0.997 -0.0 -0.007 0.077 0.632 -0.0 -0.773 0.049 0.967 0.0 0.043 0.251 
-0.439 -0.017 0.026 -0.898 -0.735 -0.0 -0.677 0.037 -0.989 -0.0 0.031 -0.148 0.775 0.0 -0.631 0.04 0.967 0.0 -0.046 -0.252 -0.657 -0.0 -0.69 -0.303 -0.997 -0.0 -0.008 0.079 0.634 0.0 -0.772 0.038 0.962 0.0 0.035 0.27 
-0.443 -0.015 0.028 -0.896 -0.733 -0.0 -0.68 0.036 -0.989 -0.0 0.03 -0.147 0.775 0.0 -0.63 0.041 0.967 -0.0 -0.044 -0.25 -0.654 0.0 -0.694 -0.299 -0.997 0.0 -0.01 0.08 0.638 0.0 -0.77 0.026 0.957 0.0 0.023 0.289 
-0.446 -0.012 0.03 -0.894 -0.731 -0.0 -0.682 0.034 -0.989 -0.0 0.03 -0.146 0.778 0.0 -0.627 0.044 0.967 0.0 -0.048 -0.25 -0.652 0.0 -0.699 -0.295 -0.997 -0.0 -0.01 0.08 0.642 0.0 -0.767 0.013 0.951 0.0 0.01 0.309 
-0.449 -0.01 0.031 -0.893 -0.729 -0.0 -0.684 0.033 -0.989 0.0 0.03 -0.145 0.779 0.0 -0.626 0.045 0.968 0.0 -0.047 -0.248 -0.65 -0.0 -0.704 -0.288 -0.997 -0.0 -0.011 0.079 0.646 0.0 -0.763 -0.001 0.944 0.0 -0.004 0.329 
-0.452 -0.009 0.033 -0.891 -0.727 -0.0 -0.686 0.03 -0.989 -0.0 0.029 -0.144 0.78 -0.0 -0.624 0.046 0.968 0.0 -0.049 -0.247 -0.647 -0.0 -0.707 -0.285 -0.997 -0.0 -0.011 0.078 0.65 -0.0 -0.759 -0.018 0.936 0.0 -0.022 0.35 
-0.453 -0.008 0.034 -0.891 -0.726 -0.0 -0.687 0.029 -0.989 -0.0 0.03 -0.143 0.781 -0.0 -0.623 0.047 0.968 -0.0 -0.052 -0.247 -0.646 0.0 -0.711 -0.277 -0.997 -0.0 -0.01 0.077 0.655 0.0 -0.755 -0.033 0.927 0.0 -0.037 0.372 
-0.454 -0.006 0.034 -0.89 -0.725 0.0 -0.688 0.027 -0.989 -0.0 0.03 -0.143 0.782 0.0 -0.621 0.048 0.968 0.0 -0.055 -0.246 -0.645 -0.0 -0.715 -0.269 -0.997 -0.0 -0.01 0.075 0.659 0.0 -0.751 -0.05 0.918 0.0 -0.054 0.394 
-0.455 -0.005 0.035 -0.89 -0.724 -0.0 -0.689 0.026 -0.989 -0.0 0.03 -0.143 0.784 0.0 -0.619 0.048 0.968 0.0 -0.058 -0.246 -0.643 -0.0 -0.719 -0.263 -0.997 0.0 -0.008 0.074 0.662 0.0 -0.746 -0.066 0.908 0.0 -0.072 0.414 
-0.455 -0.005 0.035 -0.89 -0.724 -0.0 -0.689 0.024 -0.989 -0.0 0.03 -0.143 0.784 0.0 -0.619 0.049 0.967 0.0 -0.059 -0.246 -0.642 -0.0 -0.723 -0.255 -0.997 -0.0 -0.006 0.073 0.666 0.0 -0.742 -0.083 0.897 -0.0 -0.089 0.433 
-0.455 -0.004 0.035 -0.89 -0.724 -0.0 -0.69 0.022 -0.989 -0.0 0.031 -0.143 0.785 0.0 -0.618 0.049 0.967 0.0 -0.062 -0.246 -0.641 -0.0 -0.726 -0.247 -0.998 -0.0 -0.005 0.07 0.669 0.0 -0.736 -0.1 0.886 0.0 -0.109 0.45 
-0.456 -0.004 0.036 -0.889 -0.724 -0.0 -0.69 0.02 -0.989 0.0 0.031 -0.143 0.785 0.0 -0.618 0.048 0.967 0.0 -0.062 -0.246 -0.641 -0.0 -0.729 -0.24 -0.998 -0.0 -0.005 0.069 0.672 0.0 -0.731 -0.118 0.876 0.0 -0.128 0.465 
-0.456 -0.004 0.036 -0.889 -0.724 -0.0 -0.69 0.017 -0.989 -0.0 0.032 -0.143 0.786 0.0 -0.616 0.048 0.967 -0.0 -0.064 -0.247 -0.641 -0.0 -0.731 -0.232 -0.998 -0.0 -0.005 0.066 0.674 0.0 -0.726 -0.136 0.866 0.0 -0.149 0.478 
-0.456 -0.003 0.036 -0.889 -0.724 -0.0 -0.69 0.015 -0.989 -0.0 0.032 -0.144 0.785 0.0 -0.618 0.046 0.967 0.0 -0.06 -0.247 -0.641 -0.0 -0.734 -0.225 -0.998 -0.0 -0.004 0.065 0.677 0.0 -0.72 -0.153 0.856 0.0 -0.168 0.489 
-0.457 -0.003 0.036 -0.889 -0.723 -0.0 -0.69 0.013 -0.989 -0.0 0.033 -0.144 0.785 -0.0 -0.618 0.045 0.967 0.0 -0.059 -0.247 -0.64 -0.0 -0.737 -0.217 -0.998 -0.0 -0.003 0.064 0.679 0.0 -0.714 -0.169 0.847 0.0 -0.187 0.498 
-0.458 -0.003 0.036 -0.888 -0.724 -0.0 -0.689 0.011 -0.989 0.0 0.032 -0.146 0.784 0.0 -0.619 0.044 0.967 0.0 -0.057 -0.248 -0.64 -0.0 -0.739 -0.211 -0.998 -0.0 -0.002 0.063 0.682 0.0 -0.708 -0.186 0.838 -0.0 -0.206 0.505 
-0.459 -0.003 0.035 -0.888 -0.725 -0.0 -0.689 0.009 -0.989 -0.0 0.032 -0.147 0.784 0.0 -0.619 0.044 0.967 0.0 -0.055 -0.249 -0.639 -0.0 -0.742 -0.204 -0.998 0.0 0.0 0.063 0.683 -0.0 -0.702 -0.201 0.831 0.0 -0.224 0.509 
-0.46 -0.003 0.034 -0.887 -0.725 -0.0 -0.688 0.006 -0.989 -0.0 0.032 -0.147 0.783 0.0 -0.621 0.043 0.967 0.0 -0.051 -0.25 -0.64 -0.0 -0.743 -0.196 -0.998 -0.0 0.001 0.062 0.685 0.0 -0.696 -0.216 0.825 0.0 -0.24 0.512 
-0.462 -0.004 0.033 -0.886 -0.726 0.0 -0.687 0.004 -0.988 -0.0 0.032 -0.149 0.781 0.0 -0.622 0.044 0.967 0.0 -0.049 -0.251 -0.639 -0.0 -0.745 -0.19 -0.998 0.0 0.003 0.063 0.687 0.0 -0.69 -0.229 0.82 -0.0 -0.255 0.512 
-0.463 -0.005 0.032 -0.886 -0.728 -0.0 -0.686 0.003 -0.988 -0.0 0.032 -0.151 0.78 0.0 -0.625 0.043 0.967 -0.0 -0.045 -0.251 -0.64 -0.0 -0.746 -0.182 -0.998 -0.0 0.003 0.063 0.687 -0.0 -0.685 -0.243 0.816 0.0 -0.267 0.512 
-0.465 -0.006 0.031 -0.885 -0.729 -0.0 -0.684 0.001 -0.988 -0.0 0.031 -0.152 0.778 0.0 -0.626 0.044 0.967 0.0 -0.042 -0.252 -0.64 -0.0 -0.748 -0.176 -0.998 -0.0 0.005 0.065 0.687 -0.0 -0.68 -0.256 0.814 0.0 -0.277 0.51 
-0.467 -0.007 0.03 -0.884 -0.731 -0.0 -0.683 -0.0 -0.988 -0.0 0.029 -0.155 0.777 0.0 -0.628 0.043 0.967 0.0 -0.039 -0.254 -0.641 0.0 -0.749 -0.171 -0.998 -0.0 0.007 0.066 0.688 -0.0 -0.674 -0.268 0.813 0.0 -0.287 0.507 
-0.469 -0.008 0.029 -0.882 -0.732 -0.0 -0.681 -0.002 -0.987 0.0 0.028 -0.157 0.776 -0.0 -0.63 0.043 0.967 0.0 -0.035 -0.254 -0.64 -0.0 -0.75 -0.166 -0.998 0.0 0.008 0.068 0.689 0.0 -0.669 -0.279 0.813 -0.0 -0.294 0.502 
-0.472 -0.009 0.028 -0.881 -0.734 -0.0 -0.679 -0.004 -0.987 -0.0 0.026 -0.158 0.774 0.0 -0.632 0.043 0.966 -0.0 -0.031 -0.256 -0.641 -0.0 -0.751 -0.161 -0.997 -0.0 0.009 0.071 0.69 -0.0 -0.664 -0.29 0.815 -0.0 -0.3 0.496 
-0.474 -0.01 0.027 -0.88 -0.735 -0.0 -0.678 -0.006 -0.987 0.0 0.025 -0.159 0.772 0.0 -0.634 0.043 0.966 0.0 -0.028 -0.257 -0.641 0.0 -0.751 -0.156 -0.997 -0.0 0.01 0.073 0.689 0.0 -0.66 -0.3 0.817 0.0 -0.302 0.491 
