# T   LUA LFA RUA RFA LT  LS  RT  RS  
-0.633 0.013 -0.036 -0.773 -0.724 -0.0 -0.689 0.033 -0.98 -0.0 -0.066 -0.189 0.86 0.0 -0.342 -0.38 0.434 0.0 0.422 -0.796 -0.64 -0.0 -0.763 0.096 -0.994 -0.0 0.102 0.037 0.635 -0.0 -0.77 0.062 0.991 0.0 0.115 0.068 
-0.633 0.013 -0.036 -0.773 -0.725 -0.0 -0.688 0.033 -0.98 -0.0 -0.066 -0.188 0.859 0.0 -0.341 -0.382 0.434 0.0 0.418 -0.798 -0.64 -0.0 -0.763 0.095 -0.994 0.0 0.102 0.038 0.635 0.0 -0.77 0.062 0.991 0.0 0.115 0.068 
-0.632 0.013 -0.036 -0.774 -0.725 -0.0 -0.688 0.032 -0.98 -0.0 -0.066 -0.188 0.858 0.0 -0.341 -0.384 0.434 0.0 0.412 -0.801 -0.64 -0.0 -0.763 0.095 -0.994 -0.0 0.102 0.038 0.635 0.0 -0.77 0.062 0.991 0.0 0.115 0.068 
-0.632 0.013 -0.036 -0.774 -0.725 -0.0 -0.688 0.032 -0.98 0.0 -0.066 -0.187 0.858 0.0 -0.339 -0.386 0.433 0.0 0.408 -0.804 -0.64 -0.0 -0.763 0.095 -0.994 -0.0 0.102 0.038 0.635 0.0 -0.77 0.062 0.991 0.0 0.115 0.068 
-0.631 0.013 -0.037 -0.774 -0.725 0.0 -0.688 0.032 -0.98 0.0 -0.066 -0.187 0.857 0.0 -0.339 -0.388 0.433 -0.0 0.403 -0.806 -0.64 -0.0 -0.763 0.095 -0.994 0.0 0.101 0.038 0.635 0.0 -0.77 0.061 0.991 0.0 0.115 0.068 
-0.631 0.013 -0.037 -0.775 -0.725 -0.0 -0.688 0.031 -0.98 -0.0 -0.066 -0.186 0.857 0.0 -0.339 -0.389 0.433 0.0 0.398 -0.809 -0.64 0.0 -0.763 0.096 -0.994 -0.0 0.101 0.038 0.635 0.0 -0.77 0.062 0.991 0.0 0.115 0.068 
-0.631 0.013 -0.037 -0.775 -0.726 -0.0 -0.688 0.031 -0.98 -0.0 -0.066 -0.186 0.856 0.0 -0.339 -0.391 0.433 0.0 0.394 -0.811 -0.64 -0.0 -0.762 0.095 -0.994 -0.0 0.101 0.038 0.635 0.0 -0.77 0.061 0.991 0.0 0.115 0.068 
-0.631 0.013 -0.037 -0.775 -0.726 -0.0 -0.687 0.031 -0.98 -0.0 -0.066 -0.186 0.855 -0.0 -0.339 -0.392 0.432 0.0 0.39 -0.813 -0.64 -0.0 -0.762 0.096 -0.994 0.0 0.101 0.038 0.635 0.0 -0.77 0.061 0.991 0.0 0.115 0.067 
-0.63 0.013 -0.037 -0.775 -0.726 -0.0 -0.687 0.03 -0.981 0.0 -0.065 -0.185 0.856 0.0 -0.337 -0.393 0.432 0.0 0.387 -0.815 -0.64 -0.0 -0.763 0.096 -0.994 -0.0 0.101 0.038 0.635 -0.0 -0.77 0.061 0.991 0.0 0.115 0.068 
-0.63 0.013 -0.037 -0.776 -0.726 -0.0 -0.687 0.03 -0.981 -0.0 -0.065 -0.185 0.855 -0.0 -0.337 -0.394 0.432 0.0 0.384 -0.816 -0.64 -0.0 -0.762 0.096 -0.994 -0.0 0.101 0.038 0.635 0.0 -0.77 0.061 0.991 0.0 0.115 0.068 
-0.63 0.013 -0.037 -0.776 -0.726 -0.0 -0.687 0.029 -0.981 -0.0 -0.065 -0.185 0.855 0.0 -0.338 -0.395 0.431 0.0 0.382 -0.818 -0.64 -0.0 -0.762 0.096 -0.994 -0.0 0.101 0.038 0.635 0.0 -0.77 0.061 0.991 0.0 0.115 0.068 
-0.63 0.013 -0.037 -0.776 -0.726 0.0 -0.687 0.029 -0.981 -0.0 -0.065 -0.185 0.854 0.0 -0.338 -0.395 0.431 0.0 0.38 -0.819 -0.64 -0.0 -0.762 0.095 -0.994 -0.0 0.101 0.039 0.635 -0.0 -0.77 0.061 0.991 0.0 0.115 0.068 
-0.629 0.012 -0.037 -0.776 -0.726 -0.0 -0.687 0.029 -0.981 -0.0 -0.065 -0.185 0.854 0.0 -0.339 -0.396 0.43 0.0 0.379 -0.82 -0.64 -0.0 -0.762 0.096 -0.994 -0.0 0.101 0.038 0.635 0.0 -0.771 0.061 0.991 -0.0 0.116 0.068 
-0.629 0.012 -0.037 -0.777 -0.726 -0.0 -0.687 0.029 -0.981 -0.0 -0.065 -0.184 0.853 0.0 -0.34 -0.396 0.429 -0.0 0.377 -0.821 -0.641 -0.0 -0.761 0.097 -0.994 -0.0 0.1 0.038 0.634 -0.0 -0.771 0.062 0.991 0.0 0.115 0.068 
-0.629 0.012 -0.037 -0.776 -0.726 -0.0 -0.687 0.028 -0.981 0.0 -0.065 -0.184 0.853 0.0 -0.341 -0.395 0.43 0.0 0.377 -0.82 -0.64 -0.0 -0.762 0.096 -0.994 -0.0 0.101 0.038 0.634 0.0 -0.771 0.061 0.991 0.0 0.116 0.067 
-0.629 0.012 -0.037 -0.776 -0.726 -0.0 -0.687 0.027 -0.981 -0.0 -0.065 -0.184 0.853 0.0 -0.342 -0.395 0.429 0.0 0.377 -0.821 -0.64 -0.0 -0.762 0.096 -0.994 -0.0 0.101 0.038 0.635 -0.0 -0.77 0.061 0.991 0.0 0.115 0.068 
-0.629 0.012 -0.037 -0.776 -0.726 -0.0 -0.687 0.027 -0.981 -0.0 -0.065 -0.184 0.853 -0.0 -0.344 -0.393 0.429 0.0 0.377 -0.821 -0.64 -0.0 -0.762 0.096 -0.994 -0.0 0.101 0.038 0.635 0.0 -0.77 0.061 0.991 0.0 0.115 0.067 
-0.63 0.012 -0.037 -0.776 -0.726 -0.0 -0.687 0.026 -0.981 -0.0 -0.065 -0.184 0.853 0.0 -0.344 -0.392 0.428 -0.0 0.378 -0.821 -0.64 -0.0 -0.762 0.096 -0.994 0.0 0.101 0.038 0.635 0.0 -0.77 0.061 0.991 0.0 0.115 0.068 
-0.63 0.012 -0.037 -0.776 -0.726 -0.0 -0.688 0.026 -0.981 -0.0 -0.065 -0.184 0.853 0.0 -0.345 -0.391 0.427 0.0 0.379 -0.821 -0.64 -0.0 -0.762 0.096 -0.994 -0.0 0.101 0.038 0.635 0.0 -0.77 0.061 0.991 -0.0 0.115 0.067 
-0.63 0.013 -0.037 -0.776 -0.726 0.0 -0.688 0.025 -0.981 -0.0 -0.065 -0.185 0.853 -0.0 -0.346 -0.39 0.427 0.0 0.381 -0.82 -0.64 -0.0 -0.762 0.096 -0.994 0.0 0.101 0.038 0.635 0.0 -0.77 0.061 0.991 -0.0 0.116 0.068 
-0.63 0.013 -0.037 -0.776 -0.726 -0.0 -0.688 0.025 -0.981 -0.0 -0.066 -0.185 0.854 0.0 -0.346 -0.389 0.426 -0.0 0.383 -0.82 -0.64 -0.0 -0.762 0.096 -0.994 -0.0 0.101 0.038 0.635 0.0 -0.77 0.061 0.991 0.0 0.115 0.068 
-0.63 0.013 -0.037 -0.776 -0.725 -0.0 -0.688 0.025 -0.981 -0.0 -0.066 -0.185 0.853 0.0 -0.349 -0.387 0.426 0.0 0.386 -0.818 -0.64 -0.0 -0.762 0.096 -0.994 0.0 0.101 0.038 0.635 0.0 -0.77 0.061 0.991 0.0 0.115 0.068 
-0.63 0.013 -0.037 -0.775 -0.725 0.0 -0.688 0.024 -0.98 -0.0 -0.066 -0.185 0.853 0.0 -0.351 -0.386 0.425 0.0 0.389 -0.817 -0.64 -0.0 -0.763 0.096 -0.994 -0.0 0.101 0.038 0.635 0.0 -0.77 0.061 0.991 0.0 0.115 0.068 
-0.631 0.013 -0.037 -0.775 -0.725 -0.0 -0.688 0.024 -0.98 -0.0 -0.066 -0.186 0.854 0.0 -0.352 -0.384 0.425 0.0 0.392 -0.816 -0.64 -0.0 -0.762 0.096 -0.994 -0.0 0.101 0.038 0.635 0.0 -0.77 0.061 0.991 -0.0 0.115 0.068 
-0.631 0.013 -0.037 -0.775 -0.725 0.0 -0.688 0.024 -0.98 -0.0 -0.067 -0.186 0.854 0.0 -0.352 -0.382 0.425 0.0 0.395 -0.814 -0.64 -0.0 -0.762 0.096 -0.994 0.0 0.101 0.038 0.635 0.0 -0.77 0.061 0.991 0.0 0.115 0.068 
-0.631 0.013 -0.037 -0.775 -0.725 -0.0 -0.688 0.024 -0.98 0.0 -0.067 -0.186 0.855 0.0 -0.354 -0.379 0.425 0.0 0.399 -0.813 -0.64 -0.0 -0.762 0.096 -0.994 -0.0 0.101 0.038 0.635 0.0 -0.77 0.061 0.991 0.0 0.115 0.069 
-0.631 0.013 -0.037 -0.774 -0.725 -0.0 -0.688 0.024 -0.98 -0.0 -0.067 -0.187 0.855 0.0 -0.355 -0.378 0.426 -0.0 0.403 -0.81 -0.64 -0.0 -0.762 0.096 -0.994 -0.0 0.101 0.038 0.635 0.0 -0.77 0.062 0.991 -0.0 0.115 0.068 
-0.632 0.013 -0.037 -0.774 -0.725 -0.0 -0.689 0.023 -0.98 0.0 -0.067 -0.187 0.856 0.0 -0.355 -0.376 0.425 0.0 0.407 -0.808 -0.64 -0.0 -0.762 0.096 -0.994 -0.0 0.101 0.038 0.635 0.0 -0.77 0.062 0.991 0.0 0.115 0.069 
-0.632 0.013 -0.037 -0.774 -0.725 -0.0 -0.689 0.023 -0.98 -0.0 -0.067 -0.187 0.857 0.0 -0.356 -0.374 0.425 0.0 0.412 -0.806 -0.64 -0.0 -0.762 0.096 -0.994 -0.0 0.101 0.038 0.635 0.0 -0.77 0.062 0.991 0.0 0.115 0.068 
-0.632 0.013 -0.037 -0.774 -0.725 -0.0 -0.689 0.024 -0.98 -0.0 -0.068 -0.188 0.857 0.0 -0.357 -0.372 0.425 0.0 0.417 -0.804 -0.64 -0.0 -0.762 0.096 -0.994 0.0 0.101 0.038 0.635 0.0 -0.77 0.062 0.991 -0.0 0.115 0.069 
-0.633 0.013 -0.037 -0.773 -0.724 -0.0 -0.689 0.024 -0.98 0.0 -0.068 -0.188 0.858 0.0 -0.357 -0.37 0.424 0.0 0.421 -0.802 -0.64 -0.0 -0.763 0.096 -0.994 -0.0 0.101 0.038 0.635 0.0 -0.77 0.062 0.991 0.0 0.115 0.069 
-0.633 0.013 -0.037 -0.773 -0.724 -0.0 -0.689 0.024 -0.98 -0.0 -0.068 -0.188 0.858 0.0 -0.357 -0.368 0.424 0.0 0.426 -0.799 -0.64 -0.0 -0.762 0.096 -0.994 -0.0 0.101 0.038 0.635 0.0 -0.77 0.063 0.991 0.0 0.115 0.068 
-0.633 0.013 -0.037 -0.773 -0.724 0.0 -0.689 0.024 -0.98 0.0 -0.068 -0.189 0.859 0.0 -0.359 -0.365 0.426 0.0 0.431 -0.796 -0.64 -0.0 -0.763 0.096 -0.994 -0.0 0.101 0.038 0.635 0.0 -0.77 0.063 0.991 0.0 0.115 0.068 
-0.634 0.013 -0.037 -0.773 -0.724 -0.0 -0.689 0.025 -0.98 -0.0 -0.068 -0.189 0.86 0.0 -0.359 -0.363 0.425 0.0 0.435 -0.794 -0.64 -0.0 -0.763 0.096 -0.994 -0.0 0.101 0.038 0.635 0.0 -0.77 0.063 0.991 0.0 0.115 0.068 
-0.634 0.014 -0.037 -0.772 -0.724 0.0 -0.69 0.025 -0.98 -0.0 -0.069 -0.189 0.86 0.0 -0.36 -0.361 0.425 0.0 0.44 -0.791 -0.64 0.0 -0.763 0.096 -0.994 -0.0 0.101 0.038 0.635 -0.0 -0.77 0.063 0.991 0.0 0.115 0.068 
-0.634 0.014 -0.037 -0.772 -0.724 -0.0 -0.69 0.025 -0.979 -0.0 -0.069 -0.19 0.861 0.0 -0.36 -0.361 0.425 0.0 0.445 -0.788 -0.64 -0.0 -0.763 0.096 -0.994 -0.0 0.101 0.038 0.635 0.0 -0.77 0.063 0.991 0.0 0.115 0.068 
-0.634 0.014 -0.037 -0.772 -0.724 -0.0 -0.69 0.026 -0.979 -0.0 -0.069 -0.19 0.861 0.0 -0.36 -0.359 0.426 0.0 0.451 -0.784 -0.64 0.0 -0.763 0.096 -0.994 -0.0 0.102 0.038 0.636 -0.0 -0.769 0.064 0.991 0.0 0.114 0.068 
-0.635 0.014 -0.037 -0.772 -0.724 -0.0 -0.69 0.026 -0.979 -0.0 -0.069 -0.19 0.861 0.0 -0.36 -0.358 0.427 0.0 0.455 -0.782 -0.639 -0.0 -0.763 0.096 -0.994 -0.0 0.102 0.038 0.636 0.0 -0.769 0.064 0.991 0.0 0.114 0.068 
-0.635 0.014 -0.037 -0.772 -0.724 -0.0 -0.69 0.027 -0.979 0.0 -0.069 -0.19 0.862 0.0 -0.361 -0.357 0.426 0.0 0.458 -0.78 -0.64 -0.0 -0.763 0.096 -0.994 -0.0 0.102 0.038 0.636 0.0 -0.769 0.064 0.991 0.0 0.115 0.068 
-0.635 0.014 -0.037 -0.772 -0.724 -0.0 -0.69 0.027 -0.979 -0.0 -0.069 -0.19 0.862 0.0 -0.362 -0.356 0.428 0.0 0.462 -0.776 -0.639 -0.0 -0.763 0.096 -0.994 -0.0 0.102 0.038 0.636 0.0 -0.769 0.064 0.991 -0.0 0.115 0.068 
-0.635 0.014 -0.037 -0.771 -0.724 -0.0 -0.69 0.028 -0.979 -0.0 -0.068 -0.19 0.862 0.0 -0.362 -0.355 0.428 0.0 0.465 -0.775 -0.639 -0.0 -0.763 0.097 -0.994 -0.0 0.102 0.037 0.636 0.0 -0.769 0.065 0.991 0.0 0.114 0.068 
-0.635 0.014 -0.037 -0.771 -0.724 -0.0 -0.69 0.028 -0.979 -0.0 -0.068 -0.19 0.862 0.0 -0.363 -0.354 0.429 -0.0 0.468 -0.773 -0.639 -0.0 -0.763 0.097 -0.994 0.0 0.102 0.037 0.636 0.0 -0.769 0.065 0.991 0.0 0.115 0.067 
-0.635 0.014 -0.037 -0.772 -0.724 0.0 -0.69 0.029 -0.979 -0.0 -0.068 -0.19 0.862 0.0 -0.364 -0.354 0.429 0.0 0.47 -0.771 -0.639 -0.0 -0.763 0.097 -0.994 0.0 0.102 0.037 0.636 0.0 -0.769 0.065 0.991 -0.0 0.115 0.068 
-0.635 0.014 -0.037 -0.772 -0.724 -0.0 -0.69 0.029 -0.979 -0.0 -0.067 -0.19 0.862 0.0 -0.364 -0.354 0.428 0.0 0.473 -0.77 -0.639 -0.0 -0.763 0.097 -0.994 0.0 0.102 0.038 0.636 -0.0 -0.769 0.065 0.991 0.0 0.115 0.068 
-0.635 0.014 -0.038 -0.772 -0.724 0.0 -0.689 0.03 -0.979 -0.0 -0.067 -0.19 0.861 0.0 -0.364 -0.355 0.429 -0.0 0.475 -0.768 -0.639 -0.0 -0.763 0.097 -0.994 -0.0 0.102 0.037 0.636 0.0 -0.769 0.065 0.991 0.0 0.115 0.067 
-0.635 0.014 -0.038 -0.772 -0.724 -0.0 -0.689 0.03 -0.98 0.0 -0.067 -0.19 0.861 0.0 -0.364 -0.355 0.431 0.0 0.476 -0.767 -0.639 -0.0 -0.763 0.098 -0.994 -0.0 0.102 0.037 0.636 0.0 -0.769 0.065 0.991 0.0 0.115 0.068 
-0.634 0.014 -0.038 -0.772 -0.724 -0.0 -0.689 0.031 -0.98 -0.0 -0.066 -0.19 0.861 0.0 -0.364 -0.356 0.431 0.0 0.476 -0.766 -0.639 -0.0 -0.763 0.098 -0.994 -0.0 0.102 0.037 0.636 0.0 -0.769 0.065 0.991 0.0 0.115 0.068 
-0.634 0.014 -0.038 -0.772 -0.724 -0.0 -0.689 0.032 -0.98 -0.0 -0.066 -0.19 0.86 0.0 -0.364 -0.357 0.431 0.0 0.475 -0.767 -0.639 0.0 -0.763 0.098 -0.994 0.0 0.102 0.037 0.636 -0.0 -0.769 0.065 0.991 0.0 0.115 0.068 
-0.634 0.014 -0.038 -0.772 -0.724 -0.0 -0.689 0.033 -0.98 -0.0 -0.066 -0.19 0.86 0.0 -0.364 -0.359 0.432 0.0 0.473 -0.768 -0.639 -0.0 -0.763 0.099 -0.994 -0.0 0.102 0.037 0.636 0.0 -0.769 0.065 0.991 0.0 0.115 0.068 
-0.633 0.014 -0.038 -0.773 -0.724 -0.0 -0.689 0.033 -0.98 -0.0 -0.065 -0.189 0.859 0.0 -0.363 -0.36 0.433 0.0 0.472 -0.768 -0.639 -0.0 -0.763 0.099 -0.994 -0.0 0.102 0.037 0.636 0.0 -0.769 0.066 0.991 0.0 0.115 0.067 
-0.633 0.014 -0.038 -0.773 -0.724 -0.0 -0.689 0.034 -0.98 -0.0 -0.065 -0.189 0.859 0.0 -0.363 -0.362 0.433 0.0 0.469 -0.769 -0.639 -0.0 -0.763 0.099 -0.994 -0.0 0.102 0.037 0.636 0.0 -0.769 0.065 0.991 0.0 0.116 0.067 
-0.632 0.014 -0.039 -0.774 -0.725 -0.0 -0.688 0.035 -0.98 -0.0 -0.064 -0.189 0.858 0.0 -0.362 -0.364 0.434 0.0 0.465 -0.771 -0.64 -0.0 -0.762 0.1 -0.994 0.0 0.1 0.037 0.635 0.0 -0.769 0.066 0.991 0.0 0.116 0.067 
-0.632 0.014 -0.038 -0.774 -0.725 0.0 -0.688 0.034 -0.98 -0.0 -0.064 -0.189 0.858 0.0 -0.361 -0.366 0.434 0.0 0.461 -0.774 -0.639 -0.0 -0.763 0.099 -0.994 -0.0 0.102 0.038 0.636 -0.0 -0.769 0.065 0.991 0.0 0.116 0.068 
-0.632 0.014 -0.038 -0.774 -0.725 -0.0 -0.688 0.035 -0.98 0.0 -0.064 -0.189 0.857 0.0 -0.36 -0.368 0.435 0.0 0.457 -0.776 -0.639 -0.0 -0.763 0.099 -0.994 -0.0 0.102 0.038 0.636 -0.0 -0.769 0.065 0.991 0.0 0.115 0.068 
-0.631 0.014 -0.038 -0.774 -0.725 -0.0 -0.688 0.035 -0.98 0.0 -0.064 -0.189 0.856 0.0 -0.36 -0.37 0.436 0.0 0.451 -0.779 -0.639 -0.0 -0.763 0.099 -0.994 0.0 0.102 0.038 0.636 0.0 -0.769 0.065 0.991 -0.0 0.116 0.068 
-0.631 0.014 -0.038 -0.775 -0.725 -0.0 -0.688 0.036 -0.98 0.0 -0.064 -0.189 0.856 0.0 -0.359 -0.373 0.436 0.0 0.447 -0.781 -0.639 -0.0 -0.763 0.1 -0.994 -0.0 0.102 0.038 0.635 -0.0 -0.769 0.065 0.991 -0.0 0.116 0.068 
-0.63 0.014 -0.039 -0.775 -0.725 0.0 -0.687 0.036 -0.98 -0.0 -0.064 -0.188 0.855 -0.0 -0.358 -0.375 0.435 0.0 0.441 -0.785 -0.639 -0.0 -0.763 0.1 -0.994 0.0 0.102 0.038 0.635 0.0 -0.769 0.065 0.991 -0.0 0.116 0.068 
-0.63 0.014 -0.039 -0.776 -0.726 0.0 -0.687 0.036 -0.98 0.0 -0.064 -0.188 0.854 0.0 -0.358 -0.377 0.437 0.0 0.435 -0.788 -0.639 -0.0 -0.763 0.1 -0.994 -0.0 0.102 0.038 0.635 0.0 -0.77 0.064 0.991 -0.0 0.116 0.068 
-0.629 0.014 -0.039 -0.776 -0.726 -0.0 -0.687 0.036 -0.98 -0.0 -0.063 -0.188 0.854 0.0 -0.357 -0.379 0.436 0.0 0.429 -0.791 -0.639 -0.0 -0.763 0.1 -0.994 -0.0 0.102 0.038 0.635 0.0 -0.77 0.064 0.991 0.0 0.116 0.068 
-0.629 0.014 -0.039 -0.776 -0.726 -0.0 -0.687 0.036 -0.98 -0.0 -0.063 -0.188 0.853 0.0 -0.356 -0.382 0.436 -0.0 0.424 -0.794 -0.639 -0.0 -0.763 0.1 -0.994 0.0 0.102 0.038 0.635 0.0 -0.77 0.064 0.991 -0.0 0.116 0.068 
-0.628 0.014 -0.039 -0.777 -0.726 -0.0 -0.687 0.036 -0.98 -0.0 -0.063 -0.187 0.852 0.0 -0.355 -0.385 0.436 0.0 0.418 -0.797 -0.639 -0.0 -0.763 0.101 -0.994 0.0 0.102 0.038 0.635 0.0 -0.77 0.064 0.991 0.0 0.116 0.069 
-0.628 0.014 -0.039 -0.777 -0.726 0.0 -0.686 0.035 -0.98 -0.0 -0.063 -0.187 0.851 0.0 -0.355 -0.387 0.436 0.0 0.41 -0.801 -0.639 -0.0 -0.763 0.101 -0.994 -0.0 0.102 0.038 0.635 -0.0 -0.77 0.063 0.991 0.0 0.117 0.069 
-0.628 0.013 -0.039 -0.777 -0.727 0.0 -0.686 0.035 -0.981 -0.0 -0.063 -0.186 0.85 0.0 -0.355 -0.389 0.436 0.0 0.403 -0.805 -0.639 -0.0 -0.763 0.1 -0.994 -0.0 0.102 0.038 0.635 -0.0 -0.77 0.063 0.991 0.0 0.117 0.069 
-0.627 0.014 -0.039 -0.778 -0.727 -0.0 -0.686 0.035 -0.981 -0.0 -0.063 -0.186 0.849 0.0 -0.355 -0.391 0.436 0.0 0.395 -0.808 -0.639 0.0 -0.763 0.1 -0.994 -0.0 0.102 0.038 0.635 0.0 -0.77 0.063 0.991 0.0 0.117 0.069 
-0.627 0.013 -0.039 -0.778 -0.727 -0.0 -0.686 0.034 -0.981 0.0 -0.063 -0.186 0.849 0.0 -0.353 -0.394 0.438 0.0 0.387 -0.812 -0.639 0.0 -0.763 0.101 -0.994 -0.0 0.102 0.038 0.635 -0.0 -0.77 0.063 0.991 0.0 0.116 0.069 
-0.626 0.013 -0.039 -0.778 -0.727 -0.0 -0.686 0.034 -0.981 -0.0 -0.063 -0.186 0.848 0.0 -0.354 -0.396 0.439 0.0 0.379 -0.815 -0.639 -0.0 -0.763 0.1 -0.994 -0.0 0.102 0.038 0.635 0.0 -0.77 0.062 0.991 0.0 0.117 0.069 
-0.626 0.013 -0.039 -0.779 -0.727 -0.0 -0.685 0.034 -0.981 -0.0 -0.063 -0.185 0.847 -0.0 -0.354 -0.398 0.438 -0.0 0.371 -0.819 -0.639 0.0 -0.763 0.101 -0.994 0.0 0.102 0.038 0.635 0.0 -0.77 0.062 0.991 0.0 0.117 0.069 
-0.625 0.013 -0.039 -0.779 -0.728 -0.0 -0.685 0.034 -0.981 -0.0 -0.063 -0.186 0.846 0.0 -0.355 -0.399 0.439 0.0 0.363 -0.822 -0.639 -0.0 -0.763 0.101 -0.994 -0.0 0.102 0.038 0.635 0.0 -0.77 0.062 0.991 -0.0 0.117 0.07 
-0.625 0.013 -0.039 -0.78 -0.728 -0.0 -0.685 0.034 -0.981 -0.0 -0.063 -0.186 0.844 0.0 -0.356 -0.401 0.439 0.0 0.357 -0.824 -0.639 -0.0 -0.763 0.101 -0.994 -0.0 0.102 0.038 0.635 0.0 -0.77 0.062 0.991 -0.0 0.117 0.07 
-0.625 0.013 -0.039 -0.78 -0.728 -0.0 -0.685 0.034 -0.981 -0.0 -0.063 -0.186 0.843 0.0 -0.357 -0.402 0.439 0.0 0.352 -0.827 -0.639 -0.0 -0.763 0.101 -0.994 -0.0 0.101 0.038 0.635 0.0 -0.77 0.062 0.991 0.0 0.117 0.069 
-0.624 0.013 -0.039 -0.78 -0.728 -0.0 -0.685 0.034 -0.981 -0.0 -0.063 -0.186 0.842 0.0 -0.358 -0.403 0.44 0.0 0.347 -0.828 -0.639 -0.0 -0.762 0.101 -0.994 -0.0 0.101 0.038 0.634 0.0 -0.771 0.061 0.991 0.0 0.117 0.069 
-0.624 0.013 -0.039 -0.78 -0.728 -0.0 -0.685 0.033 -0.981 -0.0 -0.063 -0.185 0.841 0.0 -0.36 -0.404 0.439 0.0 0.344 -0.83 -0.639 -0.0 -0.763 0.101 -0.994 -0.0 0.101 0.038 0.634 0.0 -0.771 0.061 0.991 -0.0 0.117 0.069 
-0.624 0.013 -0.039 -0.781 -0.728 -0.0 -0.685 0.032 -0.981 -0.0 -0.063 -0.185 0.84 0.0 -0.361 -0.405 0.439 0.0 0.341 -0.831 -0.639 -0.0 -0.763 0.101 -0.994 -0.0 0.101 0.038 0.634 0.0 -0.771 0.06 0.991 0.0 0.118 0.07 
-0.624 0.013 -0.039 -0.781 -0.728 -0.0 -0.685 0.032 -0.981 -0.0 -0.063 -0.185 0.839 0.0 -0.362 -0.406 0.438 0.0 0.339 -0.833 -0.639 -0.0 -0.763 0.101 -0.994 -0.0 0.101 0.038 0.634 0.0 -0.771 0.06 0.991 0.0 0.118 0.07 
-0.623 0.013 -0.039 -0.781 -0.728 -0.0 -0.685 0.031 -0.981 0.0 -0.063 -0.185 0.838 0.0 -0.364 -0.406 0.438 0.0 0.339 -0.833 -0.639 -0.0 -0.762 0.101 -0.994 0.0 0.101 0.038 0.634 0.0 -0.771 0.06 0.991 -0.0 0.118 0.07 
-0.623 0.013 -0.039 -0.781 -0.728 0.0 -0.685 0.03 -0.981 -0.0 -0.063 -0.185 0.838 0.0 -0.365 -0.406 0.436 -0.0 0.338 -0.834 -0.639 0.0 -0.763 0.101 -0.994 -0.0 0.101 0.038 0.634 0.0 -0.771 0.06 0.991 -0.0 0.117 0.071 
-0.623 0.012 -0.039 -0.781 -0.728 -0.0 -0.685 0.03 -0.981 -0.0 -0.063 -0.185 0.837 0.0 -0.367 -0.406 0.436 0.0 0.339 -0.834 -0.639 -0.0 -0.762 0.101 -0.994 -0.0 0.101 0.038 0.634 0.0 -0.771 0.06 0.991 0.0 0.118 0.071 
-0.623 0.012 -0.039 -0.781 -0.728 -0.0 -0.685 0.029 -0.981 -0.0 -0.063 -0.185 0.837 0.0 -0.368 -0.406 0.435 0.0 0.34 -0.834 -0.639 -0.0 -0.762 0.101 -0.994 -0.0 0.101 0.038 0.634 -0.0 -0.771 0.06 0.991 0.0 0.118 0.071 
-0.623 0.012 -0.039 -0.781 -0.727 -0.0 -0.686 0.028 -0.981 -0.0 -0.063 -0.185 0.836 0.0 -0.37 -0.404 0.435 0.0 0.34 -0.834 -0.639 0.0 -0.762 0.101 -0.994 -0.0 0.101 0.038 0.634 0.0 -0.771 0.059 0.991 -0.0 0.117 0.071 
-0.623 0.012 -0.039 -0.781 -0.727 -0.0 -0.686 0.027 -0.981 -0.0 -0.063 -0.185 0.836 0.0 -0.372 -0.404 0.434 0.0 0.343 -0.833 -0.639 -0.0 -0.762 0.101 -0.994 -0.0 0.101 0.038 0.634 0.0 -0.771 0.059 0.991 -0.0 0.117 0.071 
-0.624 0.012 -0.039 -0.781 -0.727 -0.0 -0.686 0.026 -0.981 -0.0 -0.063 -0.185 0.836 -0.0 -0.373 -0.402 0.434 0.0 0.346 -0.832 -0.639 -0.0 -0.762 0.101 -0.994 -0.0 0.101 0.038 0.634 0.0 -0.771 0.06 0.991 0.0 0.117 0.071 
-0.624 0.012 -0.039 -0.781 -0.727 0.0 -0.686 0.026 -0.981 -0.0 -0.063 -0.185 0.836 0.0 -0.375 -0.401 0.434 0.0 0.349 -0.831 -0.639 -0.0 -0.762 0.1 -0.994 -0.0 0.101 0.038 0.634 0.0 -0.771 0.059 0.991 0.0 0.118 0.071 
-0.624 0.012 -0.039 -0.78 -0.727 -0.0 -0.686 0.025 -0.981 0.0 -0.064 -0.185 0.836 0.0 -0.377 -0.399 0.434 0.0 0.353 -0.829 -0.639 0.0 -0.762 0.1 -0.994 -0.0 0.101 0.038 0.634 0.0 -0.771 0.06 0.991 0.0 0.118 0.071 
-0.625 0.012 -0.039 -0.78 -0.727 -0.0 -0.686 0.025 -0.981 0.0 -0.064 -0.185 0.836 -0.0 -0.378 -0.397 0.433 0.0 0.357 -0.828 -0.639 -0.0 -0.762 0.1 -0.994 0.0 0.101 0.038 0.634 0.0 -0.771 0.06 0.991 0.0 0.118 0.07 
-0.625 0.012 -0.039 -0.78 -0.727 -0.0 -0.686 0.024 -0.981 -0.0 -0.065 -0.185 0.836 0.0 -0.379 -0.396 0.433 0.0 0.362 -0.826 -0.639 -0.0 -0.762 0.1 -0.994 -0.0 0.101 0.038 0.634 -0.0 -0.771 0.06 0.991 0.0 0.117 0.071 
-0.625 0.012 -0.039 -0.779 -0.727 -0.0 -0.686 0.024 -0.98 -0.0 -0.065 -0.186 0.837 0.0 -0.38 -0.394 0.432 0.0 0.367 -0.824 -0.639 -0.0 -0.762 0.1 -0.994 -0.0 0.101 0.038 0.634 0.0 -0.771 0.06 0.991 0.0 0.118 0.071 
-0.626 0.012 -0.038 -0.779 -0.727 -0.0 -0.687 0.023 -0.98 -0.0 -0.065 -0.186 0.838 0.0 -0.381 -0.392 0.432 0.0 0.374 -0.821 -0.639 0.0 -0.763 0.099 -0.994 -0.0 0.101 0.038 0.634 0.0 -0.771 0.06 0.991 0.0 0.117 0.071 
-0.626 0.012 -0.038 -0.778 -0.726 -0.0 -0.687 0.023 -0.98 -0.0 -0.066 -0.186 0.838 0.0 -0.382 -0.39 0.432 0.0 0.379 -0.818 -0.639 -0.0 -0.763 0.099 -0.994 -0.0 0.101 0.038 0.634 -0.0 -0.771 0.06 0.991 0.0 0.117 0.071 
-0.627 0.012 -0.038 -0.778 -0.726 -0.0 -0.687 0.023 -0.98 0.0 -0.066 -0.187 0.839 0.0 -0.383 -0.387 0.431 0.0 0.385 -0.816 -0.639 0.0 -0.763 0.099 -0.994 -0.0 0.101 0.038 0.634 0.0 -0.771 0.06 0.991 -0.0 0.117 0.071 
-0.627 0.013 -0.038 -0.778 -0.726 0.0 -0.687 0.024 -0.98 -0.0 -0.066 -0.187 0.838 0.0 -0.387 -0.384 0.431 0.0 0.392 -0.813 -0.639 -0.0 -0.763 0.099 -0.994 -0.0 0.101 0.038 0.634 0.0 -0.771 0.06 0.991 0.0 0.117 0.07 
-0.627 0.013 -0.038 -0.778 -0.726 -0.0 -0.687 0.024 -0.98 -0.0 -0.067 -0.188 0.839 0.0 -0.387 -0.383 0.431 0.0 0.399 -0.809 -0.639 -0.0 -0.762 0.099 -0.994 -0.0 0.101 0.038 0.634 0.0 -0.771 0.06 0.991 0.0 0.117 0.07 
-0.628 0.013 -0.038 -0.777 -0.726 -0.0 -0.687 0.024 -0.98 -0.0 -0.067 -0.188 0.839 0.0 -0.389 -0.381 0.432 -0.0 0.405 -0.806 -0.639 0.0 -0.763 0.099 -0.994 -0.0 0.101 0.038 0.634 0.0 -0.771 0.06 0.991 -0.0 0.117 0.071 
-0.628 0.013 -0.038 -0.777 -0.726 -0.0 -0.687 0.024 -0.98 -0.0 -0.068 -0.189 0.84 0.0 -0.389 -0.378 0.432 0.0 0.411 -0.803 -0.639 -0.0 -0.763 0.098 -0.994 -0.0 0.101 0.038 0.634 0.0 -0.771 0.06 0.991 0.0 0.117 0.07 
-0.629 0.013 -0.038 -0.776 -0.726 0.0 -0.687 0.025 -0.98 -0.0 -0.068 -0.189 0.841 0.0 -0.39 -0.376 0.431 0.0 0.418 -0.8 -0.639 -0.0 -0.763 0.098 -0.994 0.0 0.101 0.038 0.634 0.0 -0.771 0.06 0.991 0.0 0.117 0.07 
-0.629 0.013 -0.038 -0.776 -0.726 -0.0 -0.688 0.025 -0.979 -0.0 -0.069 -0.19 0.841 0.0 -0.39 -0.374 0.431 0.0 0.425 -0.796 -0.639 0.0 -0.763 0.098 -0.994 -0.0 0.101 0.038 0.635 0.0 -0.771 0.06 0.991 0.0 0.117 0.07 
-0.63 0.013 -0.038 -0.776 -0.726 0.0 -0.688 0.026 -0.979 -0.0 -0.069 -0.19 0.842 -0.0 -0.39 -0.373 0.431 0.0 0.431 -0.793 -0.639 -0.0 -0.763 0.097 -0.994 0.0 0.101 0.038 0.635 0.0 -0.771 0.06 0.991 0.0 0.117 0.07 
-0.63 0.013 -0.038 -0.775 -0.726 -0.0 -0.688 0.026 -0.979 -0.0 -0.07 -0.191 0.842 0.0 -0.391 -0.371 0.431 0.0 0.437 -0.789 -0.639 -0.0 -0.763 0.097 -0.994 -0.0 0.101 0.038 0.635 0.0 -0.77 0.06 0.991 0.0 0.117 0.071 
-0.631 0.013 -0.037 -0.775 -0.725 0.0 -0.688 0.026 -0.979 -0.0 -0.07 -0.191 0.843 -0.0 -0.391 -0.37 0.431 0.0 0.444 -0.785 -0.639 -0.0 -0.763 0.097 -0.994 -0.0 0.101 0.038 0.635 0.0 -0.77 0.06 0.991 0.0 0.117 0.07 
-0.631 0.013 -0.037 -0.775 -0.725 -0.0 -0.688 0.027 -0.979 -0.0 -0.07 -0.191 0.843 0.0 -0.391 -0.369 0.431 0.0 0.449 -0.783 -0.639 -0.0 -0.763 0.097 -0.994 -0.0 0.101 0.038 0.635 0.0 -0.77 0.06 0.991 0.0 0.117 0.07 
-0.631 0.013 -0.037 -0.775 -0.725 -0.0 -0.688 0.027 -0.979 -0.0 -0.071 -0.191 0.844 0.0 -0.391 -0.368 0.432 -0.0 0.455 -0.779 -0.639 0.0 -0.763 0.097 -0.994 -0.0 0.101 0.038 0.635 0.0 -0.77 0.06 0.991 -0.0 0.117 0.07 
-0.631 0.013 -0.037 -0.775 -0.725 0.0 -0.688 0.028 -0.979 -0.0 -0.071 -0.191 0.844 0.0 -0.391 -0.367 0.432 0.0 0.459 -0.776 -0.639 -0.0 -0.763 0.097 -0.994 -0.0 0.101 0.038 0.635 -0.0 -0.77 0.061 0.991 0.0 0.117 0.07 
-0.631 0.013 -0.037 -0.774 -0.726 -0.0 -0.688 0.028 -0.979 0.0 -0.071 -0.191 0.844 0.0 -0.391 -0.367 0.433 0.0 0.463 -0.773 -0.639 -0.0 -0.763 0.096 -0.994 -0.0 0.101 0.038 0.635 0.0 -0.77 0.06 0.991 0.0 0.117 0.07 
-0.632 0.013 -0.037 -0.774 -0.726 0.0 -0.688 0.029 -0.979 -0.0 -0.071 -0.19 0.844 0.0 -0.391 -0.366 0.433 0.0 0.468 -0.77 -0.639 0.0 -0.763 0.096 -0.994 0.0 0.101 0.038 0.635 -0.0 -0.77 0.06 0.991 -0.0 0.117 0.07 
-0.632 0.013 -0.037 -0.774 -0.726 -0.0 -0.687 0.029 -0.979 -0.0 -0.071 -0.19 0.845 0.0 -0.39 -0.367 0.432 0.0 0.472 -0.769 -0.639 -0.0 -0.763 0.096 -0.994 -0.0 0.101 0.038 0.635 0.0 -0.77 0.06 0.991 0.0 0.117 0.07 
-0.632 0.013 -0.037 -0.774 -0.726 -0.0 -0.687 0.03 -0.979 0.0 -0.07 -0.19 0.845 -0.0 -0.39 -0.367 0.432 -0.0 0.475 -0.767 -0.639 -0.0 -0.763 0.096 -0.994 -0.0 0.101 0.038 0.635 0.0 -0.77 0.06 0.991 -0.0 0.117 0.069 
-0.631 0.013 -0.037 -0.774 -0.726 0.0 -0.687 0.03 -0.979 -0.0 -0.07 -0.19 0.845 0.0 -0.388 -0.369 0.431 -0.0 0.478 -0.765 -0.639 -0.0 -0.763 0.096 -0.994 0.0 0.101 0.038 0.635 0.0 -0.77 0.06 0.991 0.0 0.117 0.069 
-0.631 0.013 -0.037 -0.774 -0.726 -0.0 -0.687 0.031 -0.979 -0.0 -0.07 -0.189 0.845 0.0 -0.387 -0.369 0.432 -0.0 0.479 -0.764 -0.639 -0.0 -0.763 0.096 -0.994 -0.0 0.101 0.038 0.635 0.0 -0.77 0.06 0.991 0.0 0.117 0.069 
-0.631 0.013 -0.037 -0.775 -0.726 -0.0 -0.687 0.032 -0.98 -0.0 -0.069 -0.189 0.845 0.0 -0.387 -0.37 0.432 0.0 0.479 -0.764 -0.639 -0.0 -0.763 0.096 -0.994 -0.0 0.101 0.038 0.635 0.0 -0.77 0.06 0.991 0.0 0.117 0.07 
-0.631 0.013 -0.037 -0.775 -0.726 -0.0 -0.687 0.032 -0.98 0.0 -0.068 -0.189 0.844 -0.0 -0.386 -0.371 0.432 0.0 0.479 -0.764 -0.639 -0.0 -0.763 0.096 -0.994 -0.0 0.101 0.038 0.635 0.0 -0.77 0.06 0.991 -0.0 0.117 0.069 
-0.631 0.012 -0.037 -0.775 -0.726 0.0 -0.687 0.033 -0.98 -0.0 -0.068 -0.188 0.844 0.0 -0.385 -0.373 0.432 0.0 0.477 -0.765 -0.639 -0.0 -0.763 0.096 -0.994 -0.0 0.101 0.038 0.635 0.0 -0.77 0.06 0.991 0.0 0.117 0.069 
-0.63 0.012 -0.037 -0.775 -0.726 -0.0 -0.687 0.033 -0.98 -0.0 -0.067 -0.188 0.844 0.0 -0.384 -0.374 0.432 0.0 0.476 -0.766 -0.639 -0.0 -0.763 0.095 -0.994 -0.0 0.101 0.038 0.635 0.0 -0.77 0.059 0.991 0.0 0.117 0.069 
-0.63 0.012 -0.037 -0.776 -0.726 -0.0 -0.687 0.034 -0.98 -0.0 -0.067 -0.188 0.844 0.0 -0.383 -0.375 0.433 0.0 0.473 -0.768 -0.639 -0.0 -0.763 0.095 -0.994 -0.0 0.101 0.038 0.635 0.0 -0.771 0.059 0.991 0.0 0.117 0.069 
-0.63 0.012 -0.036 -0.776 -0.726 -0.0 -0.687 0.034 -0.98 -0.0 -0.066 -0.188 0.844 -0.0 -0.382 -0.377 0.433 0.0 0.469 -0.77 -0.639 0.0 -0.763 0.095 -0.994 -0.0 0.101 0.038 0.635 0.0 -0.771 0.059 0.991 0.0 0.117 0.069 
-0.629 0.012 -0.037 -0.776 -0.726 -0.0 -0.687 0.034 -0.98 -0.0 -0.066 -0.187 0.843 0.0 -0.381 -0.379 0.433 -0.0 0.465 -0.772 -0.639 0.0 -0.763 0.095 -0.994 -0.0 0.101 0.038 0.635 0.0 -0.771 0.059 0.991 0.0 0.117 0.069 
-0.629 0.012 -0.037 -0.777 -0.726 -0.0 -0.687 0.034 -0.98 -0.0 -0.065 -0.187 0.843 0.0 -0.38 -0.381 0.433 0.0 0.461 -0.774 -0.639 -0.0 -0.763 0.096 -0.994 -0.0 0.101 0.038 0.634 0.0 -0.771 0.059 0.991 0.0 0.117 0.07 
-0.628 0.012 -0.037 -0.777 -0.726 -0.0 -0.687 0.034 -0.98 0.0 -0.065 -0.186 0.843 0.0 -0.379 -0.383 0.433 0.0 0.457 -0.777 -0.639 0.0 -0.763 0.096 -0.994 0.0 0.101 0.038 0.634 -0.0 -0.771 0.059 0.991 0.0 0.117 0.069 
-0.628 0.012 -0.037 -0.777 -0.726 -0.0 -0.687 0.034 -0.98 -0.0 -0.064 -0.186 0.842 0.0 -0.378 -0.385 0.433 0.0 0.453 -0.779 -0.639 -0.0 -0.763 0.096 -0.994 0.0 0.101 0.038 0.634 -0.0 -0.771 0.059 0.991 0.0 0.117 0.07 
-0.627 0.012 -0.037 -0.778 -0.726 -0.0 -0.687 0.034 -0.981 -0.0 -0.064 -0.185 0.842 0.0 -0.377 -0.386 0.433 0.0 0.448 -0.782 -0.639 -0.0 -0.763 0.096 -0.994 -0.0 0.101 0.038 0.634 0.0 -0.771 0.058 0.991 -0.0 0.117 0.07 
-0.627 0.012 -0.037 -0.778 -0.726 -0.0 -0.686 0.034 -0.981 -0.0 -0.064 -0.185 0.841 -0.0 -0.376 -0.388 0.433 0.0 0.444 -0.784 -0.639 -0.0 -0.763 0.096 -0.994 -0.0 0.101 0.038 0.634 0.0 -0.771 0.058 0.991 -0.0 0.117 0.07 
-0.627 0.012 -0.037 -0.778 -0.726 -0.0 -0.686 0.034 -0.981 -0.0 -0.064 -0.185 0.841 0.0 -0.374 -0.39 0.433 0.0 0.44 -0.787 -0.639 0.0 -0.763 0.096 -0.994 0.0 0.101 0.038 0.634 0.0 -0.771 0.058 0.991 0.0 0.117 0.07 
-0.626 0.012 -0.037 -0.779 -0.727 -0.0 -0.686 0.034 -0.981 -0.0 -0.064 -0.184 0.841 -0.0 -0.374 -0.392 0.434 0.0 0.434 -0.79 -0.639 -0.0 -0.763 0.097 -0.994 0.0 0.101 0.038 0.634 0.0 -0.771 0.058 0.991 -0.0 0.117 0.07 
-0.626 0.012 -0.037 -0.779 -0.727 -0.0 -0.686 0.034 -0.981 -0.0 -0.064 -0.184 0.84 0.0 -0.371 -0.395 0.433 0.0 0.431 -0.792 -0.639 -0.0 -0.763 0.097 -0.994 -0.0 0.101 0.038 0.634 0.0 -0.771 0.057 0.991 -0.0 0.117 0.07 
-0.625 0.012 -0.037 -0.779 -0.727 -0.0 -0.686 0.033 -0.981 0.0 -0.064 -0.184 0.84 0.0 -0.371 -0.397 0.433 0.0 0.425 -0.795 -0.639 -0.0 -0.763 0.096 -0.994 0.0 0.101 0.038 0.634 0.0 -0.771 0.057 0.991 -0.0 0.117 0.07 
-0.625 0.012 -0.037 -0.779 -0.727 -0.0 -0.686 0.033 -0.981 -0.0 -0.064 -0.184 0.839 0.0 -0.369 -0.4 0.434 0.0 0.423 -0.796 -0.639 -0.0 -0.763 0.096 -0.994 -0.0 0.101 0.038 0.634 0.0 -0.771 0.057 0.991 0.0 0.117 0.071 
-0.625 0.012 -0.037 -0.78 -0.727 -0.0 -0.686 0.033 -0.981 -0.0 -0.064 -0.184 0.84 -0.0 -0.365 -0.402 0.434 0.0 0.416 -0.799 -0.639 -0.0 -0.763 0.096 -0.994 -0.0 0.101 0.038 0.634 0.0 -0.771 0.057 0.991 0.0 0.117 0.071 
-0.625 0.012 -0.037 -0.78 -0.727 0.0 -0.686 0.033 -0.981 -0.0 -0.064 -0.183 0.839 0.0 -0.364 -0.404 0.435 0.0 0.411 -0.802 -0.639 -0.0 -0.763 0.097 -0.994 -0.0 0.101 0.038 0.634 0.0 -0.771 0.057 0.991 0.0 0.117 0.07 
-0.624 0.011 -0.037 -0.78 -0.727 -0.0 -0.686 0.033 -0.981 -0.0 -0.064 -0.184 0.839 0.0 -0.363 -0.405 0.435 0.0 0.405 -0.804 -0.639 -0.0 -0.763 0.097 -0.994 0.0 0.101 0.038 0.634 -0.0 -0.771 0.057 0.991 0.0 0.117 0.07 
-0.624 0.011 -0.037 -0.781 -0.727 -0.0 -0.686 0.033 -0.981 -0.0 -0.064 -0.184 0.839 0.0 -0.362 -0.407 0.435 0.0 0.4 -0.807 -0.639 -0.0 -0.763 0.098 -0.994 -0.0 0.101 0.038 0.634 0.0 -0.771 0.057 0.991 0.0 0.117 0.07 
-0.624 0.011 -0.037 -0.781 -0.727 -0.0 -0.686 0.033 -0.981 -0.0 -0.064 -0.184 0.838 0.0 -0.362 -0.408 0.436 0.0 0.395 -0.809 -0.639 0.0 -0.763 0.098 -0.994 -0.0 0.101 0.038 0.634 0.0 -0.771 0.057 0.991 0.0 0.117 0.07 
-0.623 0.011 -0.037 -0.781 -0.727 -0.0 -0.685 0.033 -0.981 0.0 -0.064 -0.184 0.838 0.0 -0.361 -0.41 0.436 0.0 0.39 -0.811 -0.64 -0.0 -0.762 0.098 -0.994 -0.0 0.101 0.038 0.634 0.0 -0.771 0.057 0.991 -0.0 0.117 0.07 
-0.623 0.011 -0.038 -0.781 -0.727 -0.0 -0.685 0.032 -0.981 -0.0 -0.064 -0.184 0.838 0.0 -0.36 -0.411 0.436 0.0 0.387 -0.813 -0.64 -0.0 -0.762 0.098 -0.994 -0.0 0.101 0.038 0.634 0.0 -0.771 0.057 0.991 0.0 0.117 0.07 
-0.623 0.011 -0.038 -0.781 -0.727 0.0 -0.685 0.032 -0.981 -0.0 -0.065 -0.185 0.837 0.0 -0.362 -0.41 0.437 -0.0 0.381 -0.815 -0.64 -0.0 -0.762 0.098 -0.994 -0.0 0.101 0.038 0.634 0.0 -0.771 0.057 0.991 0.0 0.117 0.071 
-0.623 0.011 -0.038 -0.781 -0.727 -0.0 -0.685 0.032 -0.981 -0.0 -0.065 -0.185 0.837 0.0 -0.36 -0.411 0.436 0.0 0.379 -0.816 -0.64 -0.0 -0.762 0.098 -0.994 -0.0 0.101 0.038 0.634 0.0 -0.771 0.057 0.991 0.0 0.117 0.07 
-0.623 0.011 -0.038 -0.781 -0.727 -0.0 -0.685 0.032 -0.981 0.0 -0.066 -0.185 0.837 0.0 -0.358 -0.413 0.436 0.0 0.377 -0.817 -0.64 -0.0 -0.762 0.098 -0.994 0.0 0.101 0.038 0.634 0.0 -0.771 0.057 0.991 0.0 0.117 0.07 
-0.623 0.011 -0.038 -0.781 -0.727 -0.0 -0.685 0.031 -0.981 -0.0 -0.066 -0.185 0.837 0.0 -0.357 -0.414 0.436 0.0 0.374 -0.818 -0.64 -0.0 -0.762 0.099 -0.994 -0.0 0.101 0.037 0.634 0.0 -0.771 0.057 0.991 0.0 0.117 0.07 
-0.623 0.011 -0.038 -0.781 -0.727 0.0 -0.686 0.031 -0.981 -0.0 -0.066 -0.184 0.837 0.0 -0.357 -0.414 0.436 0.0 0.371 -0.82 -0.64 -0.0 -0.762 0.099 -0.994 -0.0 0.101 0.037 0.634 0.0 -0.771 0.057 0.991 -0.0 0.117 0.07 
-0.623 0.011 -0.038 -0.781 -0.727 -0.0 -0.685 0.03 -0.981 -0.0 -0.066 -0.184 0.838 0.0 -0.356 -0.414 0.436 0.0 0.368 -0.821 -0.64 0.0 -0.762 0.099 -0.994 -0.0 0.101 0.037 0.634 0.0 -0.771 0.058 0.991 0.0 0.117 0.07 
-0.623 0.011 -0.038 -0.781 -0.727 -0.0 -0.686 0.029 -0.981 -0.0 -0.067 -0.184 0.838 -0.0 -0.357 -0.413 0.437 0.0 0.364 -0.823 -0.64 -0.0 -0.762 0.099 -0.994 -0.0 0.101 0.037 0.634 0.0 -0.771 0.058 0.991 -0.0 0.117 0.07 
-0.623 0.011 -0.038 -0.781 -0.727 0.0 -0.686 0.029 -0.981 0.0 -0.067 -0.184 0.839 0.0 -0.356 -0.413 0.437 0.0 0.361 -0.824 -0.64 -0.0 -0.762 0.099 -0.994 0.0 0.101 0.037 0.634 0.0 -0.771 0.058 0.991 0.0 0.117 0.07 
-0.623 0.011 -0.038 -0.781 -0.727 0.0 -0.686 0.028 -0.981 0.0 -0.067 -0.185 0.839 0.0 -0.355 -0.413 0.437 0.0 0.358 -0.825 -0.64 -0.0 -0.762 0.099 -0.994 -0.0 0.101 0.037 0.634 0.0 -0.771 0.058 0.991 -0.0 0.117 0.07 
-0.623 0.012 -0.038 -0.781 -0.727 -0.0 -0.686 0.028 -0.981 -0.0 -0.067 -0.184 0.84 0.0 -0.353 -0.413 0.438 0.0 0.355 -0.826 -0.64 0.0 -0.762 0.099 -0.994 -0.0 0.101 0.037 0.634 -0.0 -0.771 0.058 0.991 0.0 0.117 0.07 
-0.624 0.012 -0.038 -0.781 -0.727 -0.0 -0.686 0.028 -0.981 0.0 -0.067 -0.184 0.84 0.0 -0.352 -0.412 0.438 0.0 0.353 -0.827 -0.64 0.0 -0.762 0.1 -0.994 0.0 0.101 0.037 0.634 0.0 -0.771 0.059 0.991 0.0 0.117 0.07 
-0.624 0.012 -0.038 -0.781 -0.727 -0.0 -0.686 0.027 -0.981 -0.0 -0.068 -0.184 0.841 0.0 -0.351 -0.412 0.438 -0.0 0.351 -0.828 -0.64 -0.0 -0.762 0.1 -0.994 0.0 0.101 0.037 0.634 -0.0 -0.771 0.059 0.991 0.0 0.117 0.07 
-0.624 0.012 -0.038 -0.78 -0.727 0.0 -0.686 0.026 -0.981 0.0 -0.068 -0.184 0.842 0.0 -0.349 -0.411 0.438 0.0 0.35 -0.828 -0.64 -0.0 -0.762 0.1 -0.994 0.0 0.101 0.037 0.634 0.0 -0.771 0.059 0.991 -0.0 0.117 0.07 
-0.624 0.012 -0.038 -0.78 -0.727 -0.0 -0.686 0.026 -0.981 -0.0 -0.068 -0.184 0.843 0.0 -0.348 -0.41 0.438 0.0 0.349 -0.829 -0.64 -0.0 -0.762 0.1 -0.994 -0.0 0.101 0.037 0.634 0.0 -0.771 0.06 0.991 0.0 0.117 0.07 
-0.624 0.012 -0.038 -0.78 -0.727 -0.0 -0.686 0.026 -0.981 -0.0 -0.068 -0.184 0.844 -0.0 -0.347 -0.409 0.438 0.0 0.349 -0.829 -0.64 -0.0 -0.762 0.1 -0.994 -0.0 0.101 0.037 0.634 0.0 -0.771 0.06 0.991 0.0 0.117 0.069 
-0.625 0.012 -0.038 -0.78 -0.727 -0.0 -0.686 0.025 -0.981 -0.0 -0.068 -0.184 0.845 0.0 -0.346 -0.407 0.438 0.0 0.349 -0.829 -0.64 -0.0 -0.762 0.1 -0.994 -0.0 0.101 0.037 0.634 0.0 -0.771 0.06 0.991 -0.0 0.117 0.069 
-0.625 0.012 -0.038 -0.78 -0.727 -0.0 -0.687 0.025 -0.981 -0.0 -0.068 -0.184 0.846 0.0 -0.343 -0.408 0.437 0.0 0.352 -0.828 -0.64 -0.0 -0.762 0.1 -0.994 -0.0 0.101 0.037 0.634 0.0 -0.771 0.06 0.991 -0.0 0.117 0.069 
-0.625 0.012 -0.038 -0.779 -0.727 -0.0 -0.687 0.024 -0.981 -0.0 -0.068 -0.184 0.847 0.0 -0.342 -0.407 0.437 0.0 0.353 -0.827 -0.64 -0.0 -0.762 0.1 -0.994 0.0 0.101 0.037 0.634 0.0 -0.771 0.061 0.991 0.0 0.117 0.07 
-0.626 0.013 -0.038 -0.779 -0.726 -0.0 -0.687 0.024 -0.981 -0.0 -0.067 -0.184 0.848 0.0 -0.341 -0.405 0.437 0.0 0.354 -0.827 -0.64 -0.0 -0.762 0.101 -0.994 -0.0 0.101 0.037 0.634 -0.0 -0.771 0.061 0.991 -0.0 0.117 0.07 
-0.626 0.013 -0.038 -0.779 -0.726 -0.0 -0.687 0.024 -0.981 -0.0 -0.067 -0.184 0.85 0.0 -0.34 -0.403 0.437 0.0 0.357 -0.826 -0.64 -0.0 -0.762 0.1 -0.994 -0.0 0.101 0.038 0.634 0.0 -0.771 0.061 0.991 0.0 0.117 0.07 
-0.626 0.013 -0.038 -0.779 -0.726 -0.0 -0.687 0.023 -0.98 -0.0 -0.067 -0.185 0.851 0.0 -0.339 -0.401 0.436 0.0 0.36 -0.825 -0.639 -0.0 -0.762 0.101 -0.994 0.0 0.101 0.038 0.634 0.0 -0.771 0.062 0.991 -0.0 0.117 0.069 
-0.626 0.013 -0.038 -0.778 -0.726 -0.0 -0.688 0.023 -0.98 -0.0 -0.067 -0.185 0.852 -0.0 -0.338 -0.399 0.436 0.0 0.363 -0.823 -0.639 -0.0 -0.762 0.101 -0.994 -0.0 0.101 0.038 0.634 -0.0 -0.771 0.062 0.991 0.0 0.118 0.069 
-0.627 0.013 -0.038 -0.778 -0.725 -0.0 -0.688 0.023 -0.98 -0.0 -0.067 -0.185 0.853 0.0 -0.338 -0.397 0.436 0.0 0.367 -0.822 -0.639 -0.0 -0.762 0.101 -0.994 -0.0 0.101 0.038 0.634 0.0 -0.771 0.062 0.991 0.0 0.117 0.07 
-0.627 0.014 -0.038 -0.778 -0.725 -0.0 -0.688 0.023 -0.98 -0.0 -0.067 -0.186 0.855 -0.0 -0.338 -0.394 0.436 0.0 0.371 -0.82 -0.639 -0.0 -0.763 0.101 -0.994 0.0 0.102 0.038 0.634 -0.0 -0.77 0.063 0.991 0.0 0.117 0.07 
-0.628 0.014 -0.038 -0.777 -0.725 -0.0 -0.688 0.023 -0.98 -0.0 -0.067 -0.186 0.856 0.0 -0.338 -0.391 0.435 0.0 0.375 -0.818 -0.639 -0.0 -0.763 0.101 -0.994 -0.0 0.101 0.038 0.635 -0.0 -0.77 0.063 0.991 -0.0 0.117 0.069 
-0.628 0.014 -0.038 -0.777 -0.725 -0.0 -0.689 0.022 -0.98 -0.0 -0.067 -0.186 0.856 0.0 -0.342 -0.387 0.435 0.0 0.379 -0.817 -0.639 0.0 -0.763 0.101 -0.994 0.0 0.102 0.038 0.635 0.0 -0.77 0.064 0.991 0.0 0.117 0.069 
-0.628 0.014 -0.039 -0.777 -0.725 -0.0 -0.689 0.022 -0.98 -0.0 -0.067 -0.186 0.857 0.0 -0.342 -0.385 0.435 0.0 0.384 -0.814 -0.639 0.0 -0.763 0.102 -0.994 -0.0 0.102 0.037 0.635 0.0 -0.77 0.065 0.991 0.0 0.117 0.069 
-0.629 0.015 -0.039 -0.777 -0.724 -0.0 -0.689 0.023 -0.98 0.0 -0.067 -0.186 0.858 0.0 -0.342 -0.382 0.435 0.0 0.39 -0.811 -0.639 -0.0 -0.762 0.102 -0.994 0.0 0.102 0.037 0.635 -0.0 -0.77 0.065 0.991 -0.0 0.117 0.069 
-0.629 0.015 -0.039 -0.776 -0.724 0.0 -0.689 0.023 -0.98 0.0 -0.067 -0.187 0.859 0.0 -0.342 -0.38 0.435 0.0 0.397 -0.808 -0.639 -0.0 -0.762 0.102 -0.994 -0.0 0.102 0.037 0.635 0.0 -0.77 0.065 0.991 0.0 0.117 0.069 
-0.63 0.015 -0.039 -0.776 -0.724 -0.0 -0.69 0.023 -0.98 -0.0 -0.068 -0.187 0.86 0.0 -0.343 -0.377 0.434 0.0 0.402 -0.806 -0.639 -0.0 -0.762 0.103 -0.994 -0.0 0.102 0.037 0.635 0.0 -0.77 0.067 0.991 0.0 0.117 0.068 
-0.63 0.015 -0.039 -0.776 -0.724 -0.0 -0.69 0.023 -0.98 -0.0 -0.068 -0.187 0.861 0.0 -0.345 -0.374 0.435 0.0 0.409 -0.802 -0.639 -0.0 -0.762 0.103 -0.994 -0.0 0.102 0.037 0.635 0.0 -0.77 0.067 0.991 0.0 0.117 0.068 
-0.63 0.015 -0.039 -0.775 -0.723 -0.0 -0.69 0.023 -0.98 -0.0 -0.068 -0.187 0.862 -0.0 -0.344 -0.373 0.434 0.0 0.416 -0.799 -0.639 -0.0 -0.762 0.103 -0.994 -0.0 0.102 0.037 0.635 0.0 -0.77 0.068 0.991 -0.0 0.117 0.068 
-0.631 0.016 -0.039 -0.775 -0.723 -0.0 -0.69 0.023 -0.98 -0.0 -0.068 -0.187 0.862 0.0 -0.345 -0.37 0.434 0.0 0.422 -0.796 -0.639 -0.0 -0.762 0.104 -0.994 -0.0 0.102 0.037 0.635 0.0 -0.769 0.068 0.991 -0.0 0.117 0.068 
-0.631 0.016 -0.039 -0.775 -0.723 0.0 -0.69 0.024 -0.98 -0.0 -0.068 -0.188 0.863 0.0 -0.346 -0.368 0.434 0.0 0.429 -0.792 -0.639 0.0 -0.762 0.104 -0.994 -0.0 0.102 0.037 0.635 0.0 -0.769 0.069 0.991 0.0 0.117 0.068 
-0.631 0.016 -0.039 -0.774 -0.723 -0.0 -0.691 0.024 -0.98 -0.0 -0.067 -0.188 0.863 0.0 -0.347 -0.366 0.434 0.0 0.435 -0.789 -0.639 -0.0 -0.762 0.104 -0.994 -0.0 0.102 0.037 0.635 -0.0 -0.769 0.069 0.991 0.0 0.117 0.067 
-0.631 0.016 -0.04 -0.774 -0.723 -0.0 -0.691 0.024 -0.98 -0.0 -0.067 -0.188 0.864 0.0 -0.348 -0.365 0.433 0.0 0.442 -0.785 -0.639 -0.0 -0.762 0.104 -0.994 -0.0 0.102 0.037 0.635 0.0 -0.769 0.07 0.991 0.0 0.117 0.067 
-0.632 0.016 -0.04 -0.774 -0.723 -0.0 -0.691 0.024 -0.98 -0.0 -0.067 -0.188 0.864 -0.0 -0.348 -0.363 0.433 0.0 0.448 -0.782 -0.639 -0.0 -0.762 0.105 -0.994 -0.0 0.102 0.037 0.635 0.0 -0.769 0.07 0.991 0.0 0.117 0.067 
-0.632 0.016 -0.04 -0.774 -0.722 0.0 -0.691 0.024 -0.98 -0.0 -0.067 -0.188 0.865 0.0 -0.349 -0.361 0.433 0.0 0.453 -0.779 -0.639 -0.0 -0.762 0.105 -0.994 -0.0 0.102 0.037 0.635 0.0 -0.769 0.071 0.991 0.0 0.116 0.067 
-0.632 0.016 -0.04 -0.774 -0.722 -0.0 -0.691 0.025 -0.98 0.0 -0.067 -0.188 0.865 0.0 -0.35 -0.36 0.432 -0.0 0.459 -0.776 -0.639 -0.0 -0.762 0.105 -0.994 -0.0 0.102 0.037 0.635 0.0 -0.769 0.071 0.991 0.0 0.117 0.067 
-0.632 0.016 -0.04 -0.773 -0.722 -0.0 -0.691 0.025 -0.98 -0.0 -0.067 -0.188 0.865 0.0 -0.35 -0.359 0.432 0.0 0.464 -0.773 -0.639 -0.0 -0.762 0.105 -0.994 -0.0 0.102 0.037 0.635 0.0 -0.769 0.071 0.991 0.0 0.116 0.067 
-0.633 0.016 -0.04 -0.773 -0.722 -0.0 -0.691 0.025 -0.98 -0.0 -0.066 -0.188 0.865 0.0 -0.352 -0.357 0.431 0.0 0.467 -0.772 -0.639 -0.0 -0.762 0.105 -0.994 -0.0 0.102 0.037 0.635 -0.0 -0.769 0.071 0.991 0.0 0.117 0.066 
-0.633 0.016 -0.04 -0.773 -0.722 -0.0 -0.691 0.025 -0.98 -0.0 -0.066 -0.187 0.866 0.0 -0.353 -0.355 0.431 -0.0 0.47 -0.77 -0.639 -0.0 -0.762 0.105 -0.994 -0.0 0.102 0.037 0.635 -0.0 -0.769 0.072 0.991 0.0 0.117 0.066 
-0.633 0.016 -0.04 -0.773 -0.722 -0.0 -0.691 0.026 -0.98 -0.0 -0.066 -0.187 0.866 0.0 -0.353 -0.355 0.431 -0.0 0.474 -0.768 -0.639 -0.0 -0.762 0.105 -0.994 -0.0 0.102 0.037 0.635 0.0 -0.769 0.072 0.991 -0.0 0.116 0.067 
-0.633 0.016 -0.04 -0.773 -0.722 -0.0 -0.691 0.026 -0.98 -0.0 -0.066 -0.188 0.865 -0.0 -0.354 -0.355 0.43 0.0 0.476 -0.767 -0.64 -0.0 -0.762 0.105 -0.994 0.0 0.102 0.037 0.635 0.0 -0.769 0.072 0.991 -0.0 0.116 0.066 
-0.633 0.016 -0.04 -0.773 -0.722 -0.0 -0.691 0.027 -0.98 -0.0 -0.065 -0.188 0.865 0.0 -0.353 -0.356 0.43 0.0 0.48 -0.765 -0.639 -0.0 -0.762 0.105 -0.994 -0.0 0.102 0.037 0.635 0.0 -0.769 0.071 0.991 0.0 0.116 0.067 
-0.633 0.016 -0.04 -0.773 -0.722 -0.0 -0.691 0.028 -0.98 -0.0 -0.065 -0.188 0.865 0.0 -0.354 -0.355 0.43 0.0 0.48 -0.765 -0.639 -0.0 -0.762 0.105 -0.994 -0.0 0.102 0.037 0.635 -0.0 -0.769 0.071 0.991 0.0 0.116 0.067 
-0.633 0.016 -0.04 -0.773 -0.722 -0.0 -0.691 0.029 -0.98 0.0 -0.065 -0.188 0.865 0.0 -0.354 -0.356 0.429 0.0 0.481 -0.764 -0.64 0.0 -0.761 0.105 -0.994 -0.0 0.102 0.037 0.635 0.0 -0.769 0.071 0.991 0.0 0.116 0.067 
-0.633 0.016 -0.04 -0.773 -0.723 -0.0 -0.691 0.029 -0.98 -0.0 -0.065 -0.188 0.865 0.0 -0.354 -0.356 0.429 0.0 0.481 -0.764 -0.64 -0.0 -0.762 0.105 -0.994 -0.0 0.102 0.037 0.635 0.0 -0.769 0.071 0.991 0.0 0.116 0.067 
-0.633 0.016 -0.04 -0.773 -0.723 -0.0 -0.69 0.03 -0.98 0.0 -0.065 -0.189 0.864 0.0 -0.352 -0.359 0.428 0.0 0.482 -0.764 -0.64 -0.0 -0.762 0.105 -0.994 -0.0 0.102 0.037 0.635 -0.0 -0.769 0.071 0.991 -0.0 0.116 0.067 
-0.633 0.016 -0.04 -0.773 -0.723 0.0 -0.69 0.031 -0.98 -0.0 -0.065 -0.189 0.864 0.0 -0.352 -0.36 0.429 -0.0 0.481 -0.765 -0.64 -0.0 -0.762 0.104 -0.994 -0.0 0.102 0.037 0.635 -0.0 -0.769 0.071 0.991 0.0 0.116 0.067 
-0.633 0.016 -0.04 -0.773 -0.723 -0.0 -0.69 0.032 -0.98 0.0 -0.065 -0.189 0.863 0.0 -0.352 -0.362 0.429 0.0 0.478 -0.766 -0.64 -0.0 -0.762 0.104 -0.994 -0.0 0.102 0.037 0.635 -0.0 -0.769 0.07 0.991 0.0 0.117 0.067 
-0.632 0.016 -0.04 -0.774 -0.723 -0.0 -0.69 0.032 -0.98 -0.0 -0.065 -0.189 0.863 0.0 -0.351 -0.363 0.429 -0.0 0.474 -0.769 -0.64 -0.0 -0.761 0.104 -0.994 -0.0 0.102 0.037 0.635 -0.0 -0.77 0.069 0.991 0.0 0.116 0.068 
-0.632 0.016 -0.039 -0.774 -0.723 -0.0 -0.69 0.033 -0.98 -0.0 -0.065 -0.188 0.863 0.0 -0.35 -0.365 0.43 0.0 0.471 -0.771 -0.64 -0.0 -0.762 0.104 -0.994 -0.0 0.102 0.037 0.635 0.0 -0.77 0.069 0.991 0.0 0.117 0.068 
-0.632 0.016 -0.039 -0.774 -0.724 -0.0 -0.689 0.033 -0.98 0.0 -0.065 -0.188 0.862 0.0 -0.348 -0.367 0.43 0.0 0.465 -0.774 -0.64 -0.0 -0.762 0.103 -0.994 -0.0 0.102 0.037 0.635 0.0 -0.77 0.068 0.991 0.0 0.117 0.068 
-0.632 0.016 -0.039 -0.774 -0.724 0.0 -0.689 0.033 -0.98 -0.0 -0.065 -0.188 0.862 -0.0 -0.348 -0.368 0.431 0.0 0.459 -0.777 -0.64 -0.0 -0.762 0.103 -0.994 -0.0 0.102 0.037 0.634 -0.0 -0.77 0.067 0.991 0.0 0.116 0.069 
-0.631 0.015 -0.039 -0.774 -0.724 -0.0 -0.689 0.033 -0.98 -0.0 -0.065 -0.187 0.862 0.0 -0.345 -0.372 0.43 0.0 0.455 -0.78 -0.64 0.0 -0.762 0.103 -0.994 -0.0 0.102 0.037 0.634 -0.0 -0.77 0.067 0.991 -0.0 0.117 0.07 
-0.631 0.015 -0.039 -0.775 -0.725 -0.0 -0.688 0.033 -0.98 -0.0 -0.064 -0.186 0.861 0.0 -0.344 -0.374 0.43 0.0 0.449 -0.783 -0.64 -0.0 -0.762 0.103 -0.994 0.0 0.102 0.038 0.634 0.0 -0.77 0.066 0.991 -0.0 0.117 0.07 
-0.631 0.015 -0.039 -0.775 -0.725 -0.0 -0.688 0.033 -0.981 -0.0 -0.064 -0.186 0.861 -0.0 -0.342 -0.377 0.43 -0.0 0.444 -0.786 -0.64 -0.0 -0.762 0.102 -0.994 -0.0 0.102 0.038 0.634 0.0 -0.771 0.065 0.991 -0.0 0.117 0.071 
-0.63 0.015 -0.039 -0.775 -0.725 -0.0 -0.688 0.033 -0.981 -0.0 -0.064 -0.185 0.86 0.0 -0.341 -0.379 0.431 0.0 0.437 -0.79 -0.64 -0.0 -0.762 0.102 -0.994 -0.0 0.102 0.038 0.634 -0.0 -0.771 0.065 0.991 0.0 0.117 0.071 
-0.63 0.015 -0.039 -0.776 -0.725 -0.0 -0.688 0.033 -0.981 -0.0 -0.064 -0.184 0.86 0.0 -0.338 -0.383 0.431 0.0 0.432 -0.792 -0.64 0.0 -0.762 0.101 -0.994 -0.0 0.102 0.038 0.634 0.0 -0.771 0.064 0.991 0.0 0.117 0.071 
-0.629 0.014 -0.039 -0.776 -0.726 -0.0 -0.687 0.032 -0.981 -0.0 -0.064 -0.184 0.859 -0.0 -0.336 -0.385 0.43 -0.0 0.425 -0.796 -0.64 -0.0 -0.762 0.101 -0.994 0.0 0.102 0.038 0.634 0.0 -0.771 0.063 0.991 -0.0 0.117 0.072 
-0.629 0.014 -0.039 -0.776 -0.726 -0.0 -0.687 0.032 -0.981 -0.0 -0.064 -0.183 0.859 0.0 -0.334 -0.389 0.43 -0.0 0.419 -0.799 -0.64 -0.0 -0.762 0.101 -0.994 0.0 0.102 0.038 0.634 0.0 -0.771 0.062 0.99 -0.0 0.118 0.072 
-0.629 0.014 -0.038 -0.777 -0.726 0.0 -0.687 0.032 -0.981 -0.0 -0.064 -0.183 0.858 -0.0 -0.332 -0.391 0.43 0.0 0.412 -0.803 -0.64 -0.0 -0.762 0.1 -0.994 0.0 0.102 0.038 0.634 -0.0 -0.771 0.061 0.99 0.0 0.117 0.072 
-0.628 0.014 -0.038 -0.777 -0.726 -0.0 -0.687 0.032 -0.981 -0.0 -0.063 -0.183 0.858 0.0 -0.331 -0.394 0.431 0.0 0.406 -0.806 -0.64 -0.0 -0.762 0.1 -0.994 -0.0 0.102 0.039 0.634 0.0 -0.771 0.061 0.99 0.0 0.117 0.072 
-0.628 0.014 -0.038 -0.777 -0.727 -0.0 -0.686 0.032 -0.981 -0.0 -0.063 -0.183 0.857 0.0 -0.328 -0.398 0.431 0.0 0.401 -0.808 -0.64 -0.0 -0.762 0.099 -0.994 -0.0 0.102 0.039 0.633 0.0 -0.771 0.06 0.99 -0.0 0.117 0.073 
-0.627 0.013 -0.038 -0.778 -0.727 0.0 -0.686 0.032 -0.981 -0.0 -0.063 -0.183 0.857 -0.0 -0.325 -0.4 0.431 0.0 0.394 -0.812 -0.64 -0.0 -0.762 0.099 -0.994 -0.0 0.102 0.039 0.633 0.0 -0.772 0.06 0.99 -0.0 0.117 0.073 
-0.627 0.013 -0.038 -0.778 -0.727 -0.0 -0.686 0.031 -0.981 -0.0 -0.063 -0.183 0.856 0.0 -0.323 -0.402 0.431 0.0 0.39 -0.814 -0.64 -0.0 -0.762 0.099 -0.994 -0.0 0.102 0.039 0.633 0.0 -0.772 0.059 0.99 -0.0 0.117 0.073 
-0.626 0.013 -0.038 -0.779 -0.727 -0.0 -0.686 0.031 -0.981 0.0 -0.063 -0.183 0.856 0.0 -0.321 -0.406 0.431 0.0 0.386 -0.815 -0.64 -0.0 -0.762 0.098 -0.994 -0.0 0.102 0.039 0.633 0.0 -0.772 0.058 0.99 -0.0 0.118 0.073 
-0.626 0.013 -0.038 -0.779 -0.728 -0.0 -0.685 0.031 -0.981 -0.0 -0.063 -0.183 0.855 0.0 -0.319 -0.408 0.431 0.0 0.383 -0.817 -0.64 -0.0 -0.762 0.098 -0.994 -0.0 0.102 0.039 0.633 0.0 -0.772 0.058 0.99 0.0 0.118 0.073 
-0.626 0.013 -0.037 -0.779 -0.728 -0.0 -0.685 0.03 -0.981 -0.0 -0.062 -0.183 0.855 0.0 -0.319 -0.41 0.431 0.0 0.379 -0.819 -0.64 -0.0 -0.762 0.097 -0.994 -0.0 0.102 0.039 0.633 0.0 -0.772 0.057 0.99 0.0 0.117 0.073 
-0.625 0.012 -0.037 -0.779 -0.728 -0.0 -0.685 0.03 -0.981 -0.0 -0.063 -0.183 0.854 0.0 -0.318 -0.411 0.431 0.0 0.376 -0.82 -0.64 -0.0 -0.762 0.097 -0.994 -0.0 0.102 0.039 0.633 -0.0 -0.772 0.057 0.99 0.0 0.118 0.073 
-0.625 0.012 -0.037 -0.78 -0.728 -0.0 -0.685 0.029 -0.981 -0.0 -0.062 -0.183 0.854 0.0 -0.318 -0.412 0.431 0.0 0.373 -0.822 -0.64 -0.0 -0.762 0.097 -0.994 -0.0 0.102 0.039 0.633 0.0 -0.772 0.056 0.99 0.0 0.117 0.073 
-0.625 0.012 -0.037 -0.78 -0.728 -0.0 -0.685 0.028 -0.981 -0.0 -0.062 -0.183 0.853 -0.0 -0.318 -0.414 0.43 0.0 0.372 -0.823 -0.64 -0.0 -0.762 0.097 -0.994 -0.0 0.102 0.039 0.633 0.0 -0.772 0.056 0.99 -0.0 0.117 0.073 
-0.625 0.012 -0.037 -0.78 -0.728 -0.0 -0.685 0.028 -0.981 -0.0 -0.062 -0.183 0.853 0.0 -0.318 -0.414 0.43 0.0 0.371 -0.823 -0.64 -0.0 -0.762 0.097 -0.994 -0.0 0.102 0.039 0.633 0.0 -0.772 0.056 0.99 0.0 0.117 0.073 
-0.625 0.012 -0.037 -0.78 -0.729 0.0 -0.684 0.027 -0.981 -0.0 -0.062 -0.183 0.852 0.0 -0.319 -0.415 0.43 0.0 0.37 -0.824 -0.64 -0.0 -0.762 0.097 -0.994 0.0 0.102 0.039 0.633 0.0 -0.772 0.056 0.99 0.0 0.117 0.072 
-0.625 0.012 -0.037 -0.78 -0.729 -0.0 -0.684 0.027 -0.981 -0.0 -0.062 -0.183 0.852 0.0 -0.32 -0.415 0.429 0.0 0.371 -0.824 -0.64 -0.0 -0.762 0.096 -0.994 -0.0 0.102 0.039 0.633 -0.0 -0.772 0.056 0.99 0.0 0.117 0.072 
-0.625 0.012 -0.037 -0.78 -0.729 -0.0 -0.684 0.026 -0.981 -0.0 -0.063 -0.184 0.852 0.0 -0.322 -0.412 0.429 0.0 0.37 -0.824 -0.64 -0.0 -0.762 0.096 -0.994 -0.0 0.102 0.039 0.633 0.0 -0.772 0.056 0.991 0.0 0.117 0.072 
-0.625 0.012 -0.037 -0.78 -0.729 -0.0 -0.684 0.026 -0.981 -0.0 -0.063 -0.184 0.852 0.0 -0.321 -0.414 0.429 0.0 0.374 -0.822 -0.64 -0.0 -0.762 0.096 -0.994 -0.0 0.102 0.038 0.633 0.0 -0.772 0.056 0.991 0.0 0.117 0.072 
-0.625 0.012 -0.037 -0.78 -0.729 -0.0 -0.685 0.025 -0.981 0.0 -0.062 -0.184 0.851 0.0 -0.323 -0.414 0.428 0.0 0.376 -0.822 -0.64 -0.0 -0.762 0.096 -0.994 -0.0 0.102 0.038 0.633 0.0 -0.772 0.055 0.991 -0.0 0.117 0.072 
-0.625 0.012 -0.037 -0.78 -0.729 -0.0 -0.684 0.025 -0.981 0.0 -0.063 -0.185 0.851 0.0 -0.324 -0.412 0.428 0.0 0.379 -0.821 -0.64 -0.0 -0.762 0.096 -0.994 -0.0 0.101 0.038 0.633 0.0 -0.772 0.055 0.991 0.0 0.117 0.072 
-0.625 0.012 -0.037 -0.779 -0.728 0.0 -0.685 0.024 -0.981 -0.0 -0.063 -0.185 0.852 0.0 -0.325 -0.411 0.427 0.0 0.382 -0.819 -0.64 -0.0 -0.762 0.096 -0.994 -0.0 0.102 0.038 0.633 -0.0 -0.772 0.055 0.991 0.0 0.116 0.072 
-0.626 0.012 -0.037 -0.779 -0.728 -0.0 -0.685 0.024 -0.981 -0.0 -0.063 -0.185 0.852 0.0 -0.327 -0.41 0.427 0.0 0.386 -0.818 -0.641 -0.0 -0.762 0.095 -0.994 -0.0 0.101 0.038 0.633 0.0 -0.772 0.056 0.991 0.0 0.117 0.071 
-0.626 0.012 -0.036 -0.779 -0.728 -0.0 -0.685 0.023 -0.981 -0.0 -0.063 -0.185 0.852 -0.0 -0.328 -0.408 0.426 0.0 0.39 -0.816 -0.641 -0.0 -0.762 0.095 -0.994 -0.0 0.101 0.038 0.633 0.0 -0.772 0.056 0.991 0.0 0.116 0.071 
-0.626 0.012 -0.036 -0.779 -0.728 -0.0 -0.685 0.023 -0.981 -0.0 -0.063 -0.186 0.852 0.0 -0.33 -0.406 0.426 0.0 0.394 -0.814 -0.641 -0.0 -0.762 0.095 -0.994 -0.0 0.101 0.038 0.633 0.0 -0.772 0.056 0.991 0.0 0.117 0.071 
-0.627 0.012 -0.036 -0.778 -0.728 -0.0 -0.685 0.023 -0.981 -0.0 -0.062 -0.186 0.852 0.0 -0.332 -0.404 0.425 0.0 0.399 -0.812 -0.641 -0.0 -0.762 0.095 -0.994 -0.0 0.101 0.038 0.633 0.0 -0.772 0.056 0.991 -0.0 0.116 0.071 
-0.627 0.012 -0.036 -0.778 -0.728 -0.0 -0.685 0.022 -0.981 -0.0 -0.063 -0.186 0.852 0.0 -0.339 -0.399 0.425 0.0 0.403 -0.81 -0.641 0.0 -0.762 0.094 -0.994 -0.0 0.101 0.038 0.633 0.0 -0.772 0.056 0.991 0.0 0.116 0.071 
-0.628 0.012 -0.036 -0.777 -0.728 -0.0 -0.686 0.022 -0.981 -0.0 -0.063 -0.186 0.853 0.0 -0.341 -0.396 0.425 0.0 0.407 -0.808 -0.641 -0.0 -0.762 0.094 -0.994 0.0 0.101 0.038 0.633 0.0 -0.772 0.056 0.991 0.0 0.116 0.071 
-0.629 0.012 -0.036 -0.777 -0.727 0.0 -0.686 0.022 -0.981 -0.0 -0.062 -0.186 0.853 0.0 -0.342 -0.393 0.424 0.0 0.412 -0.807 -0.641 -0.0 -0.762 0.093 -0.994 -0.0 0.102 0.039 0.633 0.0 -0.772 0.056 0.991 -0.0 0.116 0.071 
-0.629 0.012 -0.036 -0.776 -0.727 -0.0 -0.686 0.022 -0.98 -0.0 -0.062 -0.186 0.854 0.0 -0.344 -0.39 0.424 0.0 0.417 -0.804 -0.64 -0.0 -0.762 0.093 -0.994 -0.0 0.102 0.038 0.633 0.0 -0.772 0.056 0.991 0.0 0.116 0.071 
-0.63 0.012 -0.036 -0.776 -0.727 -0.0 -0.687 0.022 -0.98 -0.0 -0.062 -0.187 0.855 0.0 -0.346 -0.387 0.424 0.0 0.421 -0.802 -0.641 -0.0 -0.762 0.093 -0.994 0.0 0.102 0.038 0.633 -0.0 -0.772 0.056 0.991 0.0 0.116 0.071 
-0.63 0.012 -0.036 -0.775 -0.726 -0.0 -0.687 0.022 -0.98 0.0 -0.062 -0.187 0.855 -0.0 -0.348 -0.384 0.424 0.0 0.425 -0.8 -0.641 -0.0 -0.762 0.092 -0.994 0.0 0.102 0.038 0.634 0.0 -0.772 0.056 0.991 0.0 0.115 0.071 
-0.631 0.012 -0.036 -0.775 -0.726 -0.0 -0.687 0.021 -0.98 -0.0 -0.062 -0.187 0.856 0.0 -0.349 -0.382 0.423 0.0 0.43 -0.798 -0.641 -0.0 -0.762 0.092 -0.994 -0.0 0.101 0.038 0.634 0.0 -0.772 0.056 0.991 0.0 0.115 0.071 
-0.632 0.012 -0.035 -0.774 -0.726 0.0 -0.687 0.021 -0.98 0.0 -0.063 -0.187 0.857 0.0 -0.351 -0.379 0.423 0.0 0.434 -0.795 -0.641 -0.0 -0.762 0.092 -0.994 0.0 0.101 0.038 0.634 0.0 -0.772 0.056 0.991 0.0 0.115 0.071 
-0.632 0.012 -0.035 -0.774 -0.726 -0.0 -0.688 0.021 -0.98 -0.0 -0.063 -0.187 0.857 0.0 -0.352 -0.376 0.423 0.0 0.437 -0.794 -0.641 -0.0 -0.762 0.092 -0.994 0.0 0.101 0.038 0.634 0.0 -0.771 0.056 0.991 -0.0 0.115 0.071 
-0.633 0.012 -0.035 -0.773 -0.725 0.0 -0.688 0.021 -0.98 -0.0 -0.063 -0.187 0.858 0.0 -0.354 -0.372 0.422 0.0 0.441 -0.792 -0.641 -0.0 -0.762 0.091 -0.994 -0.0 0.101 0.038 0.634 0.0 -0.771 0.056 0.991 0.0 0.115 0.071 
-0.634 0.012 -0.035 -0.773 -0.725 0.0 -0.688 0.021 -0.98 -0.0 -0.064 -0.186 0.859 0.0 -0.355 -0.369 0.423 0.0 0.444 -0.79 -0.641 -0.0 -0.762 0.091 -0.994 -0.0 0.101 0.039 0.634 -0.0 -0.771 0.057 0.991 0.0 0.115 0.071 
-0.634 0.012 -0.035 -0.772 -0.725 0.0 -0.689 0.022 -0.98 -0.0 -0.064 -0.187 0.86 0.0 -0.356 -0.367 0.424 0.0 0.449 -0.787 -0.641 -0.0 -0.762 0.091 -0.994 -0.0 0.102 0.038 0.634 0.0 -0.771 0.057 0.991 -0.0 0.115 0.07 
-0.635 0.012 -0.035 -0.772 -0.725 -0.0 -0.689 0.022 -0.98 -0.0 -0.064 -0.187 0.86 0.0 -0.357 -0.364 0.424 0.0 0.451 -0.785 -0.641 -0.0 -0.762 0.091 -0.994 -0.0 0.101 0.039 0.634 0.0 -0.771 0.057 0.991 0.0 0.115 0.071 
-0.635 0.012 -0.035 -0.772 -0.724 -0.0 -0.689 0.022 -0.98 -0.0 -0.064 -0.187 0.861 0.0 -0.357 -0.362 0.424 0.0 0.455 -0.783 -0.641 -0.0 -0.763 0.091 -0.994 -0.0 0.101 0.038 0.634 0.0 -0.771 0.057 0.991 0.0 0.115 0.071 
-0.635 0.013 -0.035 -0.771 -0.724 -0.0 -0.689 0.023 -0.98 0.0 -0.065 -0.188 0.862 -0.0 -0.357 -0.361 0.424 0.0 0.455 -0.783 -0.641 -0.0 -0.762 0.091 -0.994 -0.0 0.101 0.038 0.634 0.0 -0.771 0.058 0.991 0.0 0.115 0.071 
-0.636 0.013 -0.035 -0.771 -0.724 -0.0 -0.69 0.024 -0.98 -0.0 -0.065 -0.188 0.862 0.0 -0.358 -0.359 0.424 0.0 0.458 -0.781 -0.64 -0.0 -0.763 0.091 -0.994 -0.0 0.102 0.038 0.634 0.0 -0.771 0.058 0.991 -0.0 0.115 0.071 
-0.636 0.013 -0.035 -0.771 -0.723 -0.0 -0.69 0.025 -0.98 -0.0 -0.065 -0.188 0.863 -0.0 -0.359 -0.356 0.425 0.0 0.459 -0.78 -0.64 -0.0 -0.763 0.091 -0.994 -0.0 0.102 0.038 0.635 0.0 -0.771 0.058 0.991 0.0 0.115 0.07 
-0.636 0.013 -0.035 -0.77 -0.723 -0.0 -0.69 0.026 -0.98 0.0 -0.065 -0.189 0.863 0.0 -0.359 -0.354 0.426 0.0 0.458 -0.78 -0.64 -0.0 -0.763 0.091 -0.994 -0.0 0.102 0.038 0.635 0.0 -0.771 0.058 0.991 0.0 0.115 0.07 
-0.637 0.013 -0.035 -0.77 -0.723 0.0 -0.691 0.026 -0.98 0.0 -0.065 -0.188 0.864 0.0 -0.359 -0.353 0.426 0.0 0.459 -0.78 -0.64 -0.0 -0.763 0.091 -0.994 -0.0 0.102 0.038 0.635 0.0 -0.77 0.058 0.991 0.0 0.114 0.07 
-0.637 0.013 -0.035 -0.77 -0.723 -0.0 -0.691 0.026 -0.98 0.0 -0.064 -0.188 0.864 0.0 -0.359 -0.352 0.426 0.0 0.458 -0.78 -0.64 0.0 -0.763 0.091 -0.994 -0.0 0.102 0.038 0.635 0.0 -0.77 0.058 0.991 0.0 0.114 0.071 
-0.637 0.013 -0.035 -0.77 -0.723 -0.0 -0.691 0.027 -0.98 -0.0 -0.064 -0.189 0.865 -0.0 -0.358 -0.352 0.427 0.0 0.457 -0.78 -0.64 0.0 -0.763 0.091 -0.994 -0.0 0.102 0.038 0.635 0.0 -0.77 0.059 0.991 -0.0 0.114 0.07 
-0.637 0.013 -0.035 -0.77 -0.723 -0.0 -0.691 0.028 -0.98 -0.0 -0.064 -0.189 0.865 0.0 -0.358 -0.351 0.428 0.0 0.455 -0.781 -0.64 -0.0 -0.763 0.091 -0.994 -0.0 0.102 0.038 0.635 0.0 -0.77 0.059 0.991 0.0 0.115 0.07 
-0.637 0.013 -0.035 -0.77 -0.723 -0.0 -0.69 0.028 -0.98 -0.0 -0.064 -0.189 0.866 0.0 -0.357 -0.351 0.428 0.0 0.451 -0.783 -0.64 -0.0 -0.763 0.091 -0.994 -0.0 0.102 0.038 0.635 0.0 -0.77 0.059 0.991 0.0 0.115 0.07 
-0.637 0.013 -0.035 -0.77 -0.723 -0.0 -0.69 0.029 -0.98 -0.0 -0.063 -0.189 0.866 0.0 -0.356 -0.351 0.429 0.0 0.447 -0.785 -0.64 -0.0 -0.763 0.091 -0.994 -0.0 0.102 0.038 0.635 -0.0 -0.77 0.059 0.991 0.0 0.115 0.07 
-0.637 0.013 -0.035 -0.77 -0.723 -0.0 -0.69 0.03 -0.98 -0.0 -0.063 -0.189 0.866 0.0 -0.356 -0.35 0.43 -0.0 0.443 -0.787 -0.64 -0.0 -0.763 0.091 -0.994 -0.0 0.102 0.038 0.635 0.0 -0.77 0.059 0.991 0.0 0.115 0.07 
-0.636 0.014 -0.035 -0.77 -0.723 0.0 -0.69 0.031 -0.98 -0.0 -0.063 -0.189 0.866 -0.0 -0.355 -0.351 0.431 0.0 0.439 -0.788 -0.64 -0.0 -0.763 0.092 -0.994 -0.0 0.102 0.038 0.635 0.0 -0.77 0.059 0.991 0.0 0.115 0.07 
-0.636 0.014 -0.035 -0.77 -0.724 -0.0 -0.69 0.03 -0.98 -0.0 -0.063 -0.189 0.867 -0.0 -0.354 -0.352 0.432 -0.0 0.434 -0.791 -0.64 -0.0 -0.763 0.092 -0.994 -0.0 0.102 0.038 0.635 0.0 -0.77 0.06 0.991 -0.0 0.114 0.07 
-0.636 0.014 -0.035 -0.771 -0.724 0.0 -0.689 0.031 -0.98 -0.0 -0.063 -0.189 0.867 0.0 -0.352 -0.353 0.432 0.0 0.43 -0.793 -0.64 -0.0 -0.763 0.092 -0.994 0.0 0.102 0.038 0.635 0.0 -0.77 0.059 0.991 0.0 0.114 0.07 
-0.636 0.014 -0.035 -0.771 -0.724 -0.0 -0.69 0.033 -0.98 -0.0 -0.062 -0.19 0.867 0.0 -0.351 -0.354 0.433 -0.0 0.425 -0.795 -0.639 0.0 -0.763 0.092 -0.994 -0.0 0.102 0.039 0.635 0.0 -0.77 0.059 0.991 0.0 0.115 0.07 
-0.636 0.014 -0.035 -0.771 -0.724 -0.0 -0.689 0.033 -0.98 -0.0 -0.062 -0.19 0.867 0.0 -0.348 -0.357 0.433 0.0 0.421 -0.797 -0.639 -0.0 -0.763 0.092 -0.994 -0.0 0.102 0.039 0.635 0.0 -0.77 0.059 0.991 0.0 0.115 0.07 
-0.635 0.014 -0.036 -0.771 -0.724 -0.0 -0.689 0.034 -0.98 -0.0 -0.062 -0.19 0.867 0.0 -0.346 -0.359 0.433 -0.0 0.416 -0.8 -0.639 -0.0 -0.763 0.092 -0.994 0.0 0.102 0.039 0.635 0.0 -0.77 0.059 0.991 0.0 0.115 0.07 
-0.635 0.014 -0.036 -0.772 -0.724 -0.0 -0.689 0.034 -0.98 -0.0 -0.062 -0.19 0.867 0.0 -0.344 -0.361 0.434 0.0 0.411 -0.802 -0.639 -0.0 -0.764 0.092 -0.994 -0.0 0.103 0.039 0.635 0.0 -0.77 0.059 0.991 0.0 0.115 0.07 
-0.635 0.014 -0.036 -0.772 -0.724 -0.0 -0.689 0.035 -0.98 -0.0 -0.062 -0.19 0.866 0.0 -0.343 -0.363 0.435 0.0 0.406 -0.804 -0.639 0.0 -0.764 0.092 -0.994 -0.0 0.103 0.039 0.635 0.0 -0.77 0.059 0.991 0.0 0.115 0.07 
-0.634 0.014 -0.036 -0.772 -0.725 -0.0 -0.688 0.035 -0.98 -0.0 -0.062 -0.189 0.866 0.0 -0.342 -0.365 0.435 0.0 0.4 -0.807 -0.639 -0.0 -0.764 0.092 -0.994 0.0 0.103 0.039 0.635 0.0 -0.771 0.059 0.991 0.0 0.115 0.07 
-0.634 0.013 -0.036 -0.773 -0.725 -0.0 -0.688 0.035 -0.98 -0.0 -0.062 -0.189 0.865 0.0 -0.341 -0.367 0.436 0.0 0.395 -0.809 -0.639 -0.0 -0.764 0.092 -0.994 -0.0 0.103 0.039 0.635 0.0 -0.771 0.059 0.991 -0.0 0.115 0.07 
-0.633 0.013 -0.036 -0.773 -0.725 -0.0 -0.688 0.035 -0.98 0.0 -0.062 -0.188 0.865 0.0 -0.339 -0.37 0.435 0.0 0.389 -0.812 -0.639 -0.0 -0.764 0.092 -0.994 -0.0 0.103 0.039 0.634 0.0 -0.771 0.059 0.991 -0.0 0.116 0.07 
-0.633 0.013 -0.036 -0.773 -0.725 -0.0 -0.687 0.036 -0.98 -0.0 -0.062 -0.188 0.865 0.0 -0.336 -0.373 0.437 0.0 0.385 -0.813 -0.639 -0.0 -0.764 0.092 -0.994 -0.0 0.103 0.04 0.634 0.0 -0.771 0.058 0.991 -0.0 0.115 0.07 
-0.632 0.013 -0.036 -0.774 -0.726 -0.0 -0.687 0.036 -0.98 -0.0 -0.061 -0.188 0.864 0.0 -0.335 -0.376 0.436 0.0 0.38 -0.816 -0.639 0.0 -0.764 0.092 -0.994 -0.0 0.103 0.04 0.634 0.0 -0.771 0.058 0.991 0.0 0.115 0.071 
-0.632 0.013 -0.036 -0.774 -0.726 -0.0 -0.686 0.035 -0.98 -0.0 -0.062 -0.187 0.863 0.0 -0.333 -0.379 0.436 0.0 0.375 -0.818 -0.639 -0.0 -0.764 0.092 -0.994 -0.0 0.103 0.04 0.634 0.0 -0.771 0.058 0.991 0.0 0.115 0.07 
-0.631 0.013 -0.036 -0.775 -0.727 -0.0 -0.686 0.035 -0.981 -0.0 -0.062 -0.186 0.863 0.0 -0.332 -0.381 0.436 0.0 0.37 -0.82 -0.639 -0.0 -0.764 0.092 -0.994 0.0 0.103 0.04 0.634 -0.0 -0.771 0.057 0.991 0.0 0.116 0.07 
-0.63 0.012 -0.037 -0.775 -0.727 0.0 -0.685 0.035 -0.981 -0.0 -0.061 -0.186 0.862 0.0 -0.331 -0.385 0.436 0.0 0.365 -0.822 -0.64 -0.0 -0.763 0.093 -0.994 -0.0 0.102 0.039 0.633 0.0 -0.772 0.058 0.991 -0.0 0.116 0.07 
-0.63 0.012 -0.037 -0.776 -0.728 -0.0 -0.685 0.035 -0.981 0.0 -0.061 -0.185 0.862 0.0 -0.327 -0.388 0.437 0.0 0.36 -0.824 -0.64 0.0 -0.763 0.093 -0.994 -0.0 0.102 0.039 0.633 0.0 -0.772 0.057 0.991 0.0 0.116 0.07 
-0.629 0.012 -0.037 -0.776 -0.728 -0.0 -0.685 0.035 -0.981 -0.0 -0.061 -0.185 0.861 -0.0 -0.325 -0.391 0.437 0.0 0.356 -0.826 -0.64 -0.0 -0.763 0.093 -0.994 -0.0 0.102 0.039 0.633 0.0 -0.772 0.057 0.991 0.0 0.116 0.071 
-0.629 0.012 -0.037 -0.776 -0.728 0.0 -0.685 0.035 -0.981 -0.0 -0.061 -0.184 0.86 0.0 -0.324 -0.394 0.437 0.0 0.353 -0.827 -0.64 -0.0 -0.763 0.094 -0.994 -0.0 0.102 0.039 0.633 0.0 -0.772 0.058 0.991 0.0 0.116 0.07 
-0.628 0.012 -0.037 -0.777 -0.728 -0.0 -0.684 0.035 -0.981 -0.0 -0.062 -0.184 0.859 0.0 -0.322 -0.397 0.438 0.0 0.349 -0.828 -0.64 -0.0 -0.763 0.094 -0.994 -0.0 0.102 0.04 0.633 0.0 -0.772 0.058 0.991 -0.0 0.116 0.07 
-0.628 0.012 -0.037 -0.777 -0.728 0.0 -0.684 0.035 -0.981 -0.0 -0.062 -0.183 0.859 0.0 -0.321 -0.4 0.438 0.0 0.346 -0.829 -0.64 -0.0 -0.763 0.094 -0.994 -0.0 0.102 0.04 0.633 0.0 -0.772 0.058 0.991 0.0 0.116 0.07 
-0.628 0.012 -0.037 -0.778 -0.729 -0.0 -0.684 0.034 -0.981 -0.0 -0.062 -0.183 0.858 0.0 -0.32 -0.403 0.438 0.0 0.344 -0.831 -0.64 -0.0 -0.763 0.094 -0.994 -0.0 0.102 0.04 0.633 0.0 -0.772 0.058 0.991 0.0 0.116 0.069 
-0.627 0.012 -0.038 -0.778 -0.729 -0.0 -0.684 0.034 -0.981 0.0 -0.061 -0.183 0.857 -0.0 -0.319 -0.405 0.438 0.0 0.341 -0.832 -0.64 -0.0 -0.762 0.095 -0.994 -0.0 0.102 0.039 0.633 -0.0 -0.772 0.058 0.991 0.0 0.116 0.07 
-0.627 0.012 -0.038 -0.778 -0.729 0.0 -0.684 0.034 -0.981 -0.0 -0.061 -0.183 0.856 0.0 -0.318 -0.408 0.438 0.0 0.339 -0.833 -0.64 -0.0 -0.762 0.095 -0.994 -0.0 0.102 0.039 0.633 0.0 -0.772 0.058 0.991 0.0 0.117 0.069 
-0.626 0.012 -0.038 -0.779 -0.729 0.0 -0.684 0.034 -0.981 -0.0 -0.061 -0.183 0.855 0.0 -0.317 -0.41 0.439 0.0 0.337 -0.833 -0.64 -0.0 -0.762 0.095 -0.994 -0.0 0.102 0.039 0.633 0.0 -0.772 0.058 0.991 -0.0 0.116 0.07 
-0.626 0.012 -0.038 -0.779 -0.729 -0.0 -0.684 0.034 -0.981 -0.0 -0.061 -0.183 0.854 0.0 -0.317 -0.412 0.438 0.0 0.335 -0.834 -0.641 -0.0 -0.762 0.095 -0.994 -0.0 0.102 0.039 0.633 0.0 -0.772 0.057 0.991 0.0 0.116 0.07 
-0.626 0.012 -0.037 -0.779 -0.728 -0.0 -0.684 0.033 -0.981 -0.0 -0.062 -0.183 0.854 0.0 -0.316 -0.413 0.438 0.0 0.333 -0.835 -0.639 -0.0 -0.763 0.094 -0.994 -0.0 0.103 0.04 0.633 0.0 -0.772 0.057 0.991 0.0 0.116 0.07 
-0.626 0.013 -0.037 -0.779 -0.728 -0.0 -0.684 0.033 -0.981 -0.0 -0.062 -0.183 0.854 0.0 -0.315 -0.415 0.438 0.0 0.333 -0.835 -0.639 0.0 -0.763 0.094 -0.994 -0.0 0.103 0.04 0.633 0.0 -0.772 0.056 0.991 -0.0 0.116 0.07 
-0.626 0.013 -0.037 -0.779 -0.728 -0.0 -0.684 0.032 -0.981 -0.0 -0.062 -0.183 0.853 0.0 -0.314 -0.416 0.437 0.0 0.333 -0.835 -0.639 -0.0 -0.763 0.094 -0.994 -0.0 0.103 0.04 0.634 0.0 -0.772 0.056 0.991 -0.0 0.116 0.07 
-0.626 0.012 -0.037 -0.779 -0.728 -0.0 -0.684 0.032 -0.981 -0.0 -0.062 -0.184 0.853 0.0 -0.314 -0.417 0.436 0.0 0.334 -0.835 -0.639 -0.0 -0.763 0.094 -0.994 0.0 0.103 0.04 0.634 0.0 -0.772 0.056 0.991 0.0 0.116 0.07 
-0.626 0.013 -0.037 -0.779 -0.728 -0.0 -0.685 0.031 -0.981 -0.0 -0.062 -0.184 0.852 0.0 -0.314 -0.418 0.436 -0.0 0.335 -0.836 -0.639 -0.0 -0.763 0.094 -0.994 -0.0 0.102 0.04 0.634 0.0 -0.772 0.056 0.991 0.0 0.116 0.07 
-0.626 0.013 -0.037 -0.779 -0.728 -0.0 -0.685 0.031 -0.981 -0.0 -0.063 -0.184 0.852 0.0 -0.314 -0.418 0.434 0.0 0.336 -0.836 -0.639 -0.0 -0.763 0.094 -0.994 0.0 0.102 0.04 0.634 0.0 -0.772 0.057 0.991 -0.0 0.116 0.07 
-0.626 0.013 -0.037 -0.779 -0.728 -0.0 -0.685 0.03 -0.981 -0.0 -0.063 -0.184 0.852 0.0 -0.315 -0.418 0.434 0.0 0.337 -0.836 -0.64 -0.0 -0.763 0.094 -0.994 -0.0 0.102 0.04 0.634 0.0 -0.772 0.056 0.991 0.0 0.116 0.07 
-0.626 0.013 -0.037 -0.779 -0.728 0.0 -0.685 0.03 -0.981 -0.0 -0.063 -0.184 0.852 -0.0 -0.315 -0.418 0.433 -0.0 0.34 -0.835 -0.64 -0.0 -0.763 0.094 -0.994 0.0 0.102 0.04 0.634 0.0 -0.771 0.057 0.991 -0.0 0.117 0.07 
