# T   LUA LFA RUA RFA LT  LS  RT  RS  
-0.682 0.116 -0.161 -0.704 -0.853 -0.0 -0.34 -0.396 -0.84 -0.0 0.083 -0.537 0.82 0.0 -0.429 -0.378 0.89 0.0 0.059 -0.453 -0.672 -0.0 -0.353 -0.651 -0.68 -0.0 -0.606 0.413 0.649 0.0 -0.386 -0.656 0.696 0.0 -0.583 0.419 
-0.681 0.116 -0.161 -0.705 -0.853 -0.0 -0.338 -0.397 -0.84 -0.0 0.086 -0.536 0.82 0.0 -0.432 -0.376 0.89 0.0 0.056 -0.452 -0.672 -0.0 -0.353 -0.651 -0.68 -0.0 -0.606 0.413 0.649 0.0 -0.386 -0.656 0.696 0.0 -0.583 0.42 
-0.681 0.116 -0.161 -0.704 -0.854 -0.0 -0.337 -0.398 -0.839 -0.0 0.089 -0.536 0.819 0.0 -0.434 -0.374 0.891 0.0 0.054 -0.451 -0.672 -0.0 -0.353 -0.651 -0.68 0.0 -0.606 0.413 0.648 0.0 -0.386 -0.656 0.695 0.0 -0.583 0.42 
-0.681 0.116 -0.161 -0.704 -0.854 -0.0 -0.335 -0.398 -0.839 -0.0 0.091 -0.537 0.819 0.0 -0.436 -0.373 0.891 0.0 0.051 -0.451 -0.672 -0.0 -0.353 -0.651 -0.68 -0.0 -0.606 0.412 0.649 0.0 -0.386 -0.656 0.695 0.0 -0.583 0.42 
-0.681 0.116 -0.161 -0.705 -0.854 0.0 -0.333 -0.399 -0.839 -0.0 0.094 -0.537 0.819 0.0 -0.439 -0.371 0.892 0.0 0.049 -0.45 -0.672 -0.0 -0.353 -0.651 -0.68 -0.0 -0.606 0.412 0.648 0.0 -0.386 -0.656 0.695 0.0 -0.583 0.42 
-0.682 0.116 -0.162 -0.703 -0.854 -0.0 -0.333 -0.4 -0.838 -0.0 0.094 -0.537 0.818 0.0 -0.441 -0.368 0.892 0.0 0.047 -0.449 -0.671 -0.0 -0.354 -0.651 -0.68 -0.0 -0.605 0.414 0.649 0.0 -0.387 -0.655 0.695 0.0 -0.583 0.419 
-0.682 0.116 -0.162 -0.704 -0.854 -0.0 -0.332 -0.4 -0.838 -0.0 0.096 -0.538 0.818 0.0 -0.443 -0.368 0.893 0.0 0.045 -0.448 -0.672 -0.0 -0.354 -0.651 -0.68 0.0 -0.605 0.414 0.649 0.0 -0.386 -0.656 0.695 0.0 -0.584 0.42 
-0.682 0.116 -0.162 -0.704 -0.854 -0.0 -0.331 -0.4 -0.837 -0.0 0.097 -0.538 0.817 0.0 -0.444 -0.367 0.893 0.0 0.043 -0.447 -0.672 -0.0 -0.354 -0.651 -0.68 -0.0 -0.605 0.414 0.649 0.0 -0.387 -0.655 0.695 0.0 -0.583 0.42 
-0.682 0.116 -0.162 -0.704 -0.855 0.0 -0.331 -0.4 -0.837 -0.0 0.099 -0.539 0.817 0.0 -0.446 -0.366 0.894 0.0 0.041 -0.447 -0.672 -0.0 -0.354 -0.651 -0.68 -0.0 -0.605 0.413 0.649 0.0 -0.387 -0.655 0.695 0.0 -0.583 0.421 
-0.682 0.116 -0.162 -0.703 -0.855 0.0 -0.331 -0.4 -0.836 -0.0 0.1 -0.539 0.817 0.0 -0.447 -0.365 0.894 0.0 0.039 -0.445 -0.672 -0.0 -0.354 -0.651 -0.68 -0.0 -0.605 0.414 0.649 0.0 -0.387 -0.655 0.695 0.0 -0.583 0.421 
-0.682 0.116 -0.162 -0.703 -0.855 -0.0 -0.331 -0.4 -0.836 -0.0 0.102 -0.539 0.817 0.0 -0.448 -0.364 0.895 0.0 0.037 -0.445 -0.672 -0.0 -0.354 -0.651 -0.68 -0.0 -0.605 0.414 0.649 0.0 -0.387 -0.655 0.695 0.0 -0.583 0.421 
-0.682 0.116 -0.162 -0.703 -0.855 -0.0 -0.332 -0.399 -0.835 -0.0 0.102 -0.54 0.817 0.0 -0.448 -0.364 0.895 0.0 0.036 -0.444 -0.672 -0.0 -0.354 -0.651 -0.68 -0.0 -0.605 0.414 0.649 0.0 -0.387 -0.655 0.695 0.0 -0.583 0.421 
-0.682 0.116 -0.162 -0.703 -0.855 -0.0 -0.333 -0.399 -0.835 -0.0 0.103 -0.541 0.816 0.0 -0.449 -0.364 0.896 0.0 0.035 -0.443 -0.672 -0.0 -0.354 -0.651 -0.68 -0.0 -0.605 0.414 0.649 0.0 -0.387 -0.655 0.695 0.0 -0.583 0.421 
-0.682 0.116 -0.162 -0.703 -0.855 -0.0 -0.333 -0.398 -0.835 -0.0 0.103 -0.541 0.816 0.0 -0.449 -0.364 0.896 0.0 0.034 -0.443 -0.672 -0.0 -0.354 -0.651 -0.68 -0.0 -0.605 0.414 0.649 0.0 -0.387 -0.655 0.695 0.0 -0.583 0.421 
-0.682 0.116 -0.162 -0.703 -0.855 0.0 -0.334 -0.397 -0.834 -0.0 0.102 -0.542 0.816 0.0 -0.449 -0.364 0.896 0.0 0.033 -0.442 -0.672 -0.0 -0.354 -0.65 -0.68 -0.0 -0.605 0.413 0.649 0.0 -0.387 -0.655 0.695 -0.0 -0.583 0.421 
-0.682 0.116 -0.162 -0.703 -0.855 -0.0 -0.336 -0.396 -0.834 0.0 0.102 -0.542 0.816 0.0 -0.448 -0.364 0.897 0.0 0.032 -0.442 -0.672 -0.0 -0.354 -0.65 -0.68 -0.0 -0.605 0.414 0.649 0.0 -0.388 -0.655 0.695 0.0 -0.582 0.421 
-0.683 0.116 -0.162 -0.703 -0.855 -0.0 -0.337 -0.395 -0.834 -0.0 0.101 -0.542 0.816 0.0 -0.448 -0.365 0.897 0.0 0.032 -0.442 -0.672 -0.0 -0.354 -0.65 -0.68 -0.0 -0.605 0.414 0.649 0.0 -0.388 -0.655 0.695 0.0 -0.582 0.422 
-0.683 0.116 -0.162 -0.703 -0.854 -0.0 -0.338 -0.394 -0.834 -0.0 0.099 -0.543 0.817 0.0 -0.447 -0.365 0.897 0.0 0.032 -0.441 -0.672 -0.0 -0.354 -0.65 -0.68 0.0 -0.605 0.414 0.649 -0.0 -0.388 -0.655 0.695 -0.0 -0.582 0.421 
-0.683 0.116 -0.162 -0.703 -0.854 -0.0 -0.34 -0.393 -0.834 -0.0 0.098 -0.542 0.817 0.0 -0.446 -0.366 0.897 -0.0 0.033 -0.441 -0.672 -0.0 -0.354 -0.65 -0.68 -0.0 -0.605 0.413 0.649 0.0 -0.388 -0.655 0.695 0.0 -0.582 0.422 
-0.683 0.116 -0.162 -0.703 -0.854 -0.0 -0.341 -0.392 -0.835 0.0 0.096 -0.542 0.817 0.0 -0.445 -0.367 0.897 -0.0 0.033 -0.441 -0.672 -0.0 -0.354 -0.65 -0.68 -0.0 -0.605 0.413 0.649 0.0 -0.388 -0.655 0.695 0.0 -0.582 0.422 
-0.683 0.116 -0.162 -0.703 -0.854 0.0 -0.343 -0.391 -0.835 -0.0 0.094 -0.542 0.817 0.0 -0.444 -0.368 0.897 -0.0 0.034 -0.441 -0.672 -0.0 -0.354 -0.65 -0.68 0.0 -0.605 0.413 0.649 0.0 -0.388 -0.655 0.695 0.0 -0.582 0.422 
-0.683 0.116 -0.162 -0.703 -0.854 -0.0 -0.345 -0.389 -0.836 -0.0 0.091 -0.542 0.817 0.0 -0.443 -0.368 0.897 0.0 0.034 -0.442 -0.672 -0.0 -0.354 -0.65 -0.68 -0.0 -0.605 0.413 0.649 0.0 -0.388 -0.655 0.695 0.0 -0.582 0.422 
-0.683 0.116 -0.162 -0.703 -0.854 0.0 -0.347 -0.388 -0.836 -0.0 0.089 -0.541 0.818 0.0 -0.441 -0.37 0.896 -0.0 0.035 -0.442 -0.672 -0.0 -0.354 -0.65 -0.68 -0.0 -0.605 0.413 0.649 0.0 -0.388 -0.655 0.695 0.0 -0.582 0.422 
-0.683 0.116 -0.162 -0.703 -0.853 -0.0 -0.35 -0.387 -0.837 -0.0 0.086 -0.541 0.818 0.0 -0.44 -0.371 0.896 -0.0 0.036 -0.442 -0.672 -0.0 -0.354 -0.65 -0.68 -0.0 -0.605 0.413 0.649 0.0 -0.388 -0.655 0.695 0.0 -0.582 0.422 
-0.683 0.116 -0.162 -0.703 -0.853 -0.0 -0.352 -0.385 -0.837 -0.0 0.082 -0.541 0.819 0.0 -0.438 -0.372 0.896 -0.0 0.038 -0.443 -0.672 -0.0 -0.354 -0.65 -0.68 -0.0 -0.605 0.413 0.649 0.0 -0.388 -0.655 0.695 0.0 -0.582 0.422 
-0.683 0.116 -0.162 -0.703 -0.853 -0.0 -0.355 -0.384 -0.838 -0.0 0.079 -0.54 0.819 0.0 -0.436 -0.373 0.896 0.0 0.039 -0.443 -0.672 -0.0 -0.354 -0.65 -0.681 -0.0 -0.605 0.413 0.649 0.0 -0.388 -0.655 0.695 0.0 -0.582 0.422 
-0.683 0.116 -0.162 -0.703 -0.852 -0.0 -0.357 -0.382 -0.839 0.0 0.075 -0.539 0.819 0.0 -0.434 -0.374 0.895 0.0 0.04 -0.444 -0.672 -0.0 -0.354 -0.65 -0.681 -0.0 -0.605 0.413 0.649 0.0 -0.388 -0.655 0.695 0.0 -0.582 0.422 
-0.683 0.116 -0.162 -0.703 -0.852 -0.0 -0.36 -0.381 -0.839 0.0 0.072 -0.539 0.82 0.0 -0.432 -0.376 0.895 0.0 0.042 -0.445 -0.672 -0.0 -0.354 -0.65 -0.68 -0.0 -0.605 0.413 0.649 0.0 -0.388 -0.655 0.695 0.0 -0.582 0.422 
-0.683 0.116 -0.162 -0.703 -0.851 0.0 -0.363 -0.379 -0.84 -0.0 0.069 -0.538 0.82 0.0 -0.43 -0.377 0.894 0.0 0.044 -0.446 -0.672 -0.0 -0.354 -0.65 -0.681 -0.0 -0.605 0.413 0.649 0.0 -0.388 -0.655 0.695 0.0 -0.582 0.422 
-0.683 0.116 -0.162 -0.703 -0.851 -0.0 -0.366 -0.377 -0.841 -0.0 0.065 -0.537 0.821 0.0 -0.427 -0.379 0.894 0.0 0.045 -0.446 -0.672 -0.0 -0.354 -0.65 -0.681 -0.0 -0.605 0.413 0.649 0.0 -0.388 -0.655 0.695 0.0 -0.582 0.422 
-0.683 0.116 -0.162 -0.703 -0.85 0.0 -0.369 -0.375 -0.842 0.0 0.062 -0.537 0.822 0.0 -0.425 -0.38 0.893 0.0 0.047 -0.447 -0.672 -0.0 -0.354 -0.65 -0.681 -0.0 -0.605 0.413 0.649 0.0 -0.387 -0.655 0.695 0.0 -0.582 0.422 
-0.683 0.116 -0.162 -0.703 -0.85 -0.0 -0.372 -0.373 -0.842 -0.0 0.059 -0.536 0.822 0.0 -0.422 -0.382 0.893 0.0 0.049 -0.448 -0.672 -0.0 -0.353 -0.65 -0.681 -0.0 -0.606 0.412 0.649 0.0 -0.387 -0.655 0.695 0.0 -0.583 0.421 
-0.683 0.116 -0.162 -0.703 -0.849 -0.0 -0.376 -0.371 -0.843 -0.0 0.056 -0.535 0.823 0.0 -0.42 -0.383 0.892 0.0 0.053 -0.449 -0.672 -0.0 -0.354 -0.65 -0.681 -0.0 -0.605 0.413 0.649 0.0 -0.387 -0.655 0.695 0.0 -0.583 0.421 
-0.683 0.116 -0.162 -0.703 -0.849 -0.0 -0.379 -0.369 -0.843 -0.0 0.053 -0.535 0.823 -0.0 -0.417 -0.385 0.892 0.0 0.054 -0.45 -0.672 -0.0 -0.353 -0.651 -0.681 -0.0 -0.605 0.412 0.649 0.0 -0.387 -0.655 0.695 0.0 -0.583 0.421 
-0.683 0.116 -0.162 -0.703 -0.848 -0.0 -0.383 -0.366 -0.844 -0.0 0.05 -0.534 0.824 0.0 -0.414 -0.387 0.891 0.0 0.056 -0.451 -0.672 -0.0 -0.353 -0.651 -0.681 -0.0 -0.606 0.412 0.648 0.0 -0.387 -0.656 0.695 0.0 -0.583 0.421 
-0.683 0.116 -0.162 -0.703 -0.847 -0.0 -0.387 -0.364 -0.844 -0.0 0.048 -0.534 0.825 0.0 -0.411 -0.388 0.89 0.0 0.058 -0.452 -0.672 -0.0 -0.353 -0.651 -0.681 -0.0 -0.606 0.412 0.649 0.0 -0.386 -0.656 0.695 0.0 -0.583 0.421 
-0.683 0.116 -0.162 -0.703 -0.847 -0.0 -0.39 -0.362 -0.845 -0.0 0.045 -0.533 0.826 0.0 -0.408 -0.39 0.89 0.0 0.059 -0.453 -0.672 -0.0 -0.353 -0.651 -0.681 -0.0 -0.606 0.412 0.649 0.0 -0.387 -0.656 0.695 0.0 -0.583 0.421 
-0.683 0.116 -0.161 -0.703 -0.846 -0.0 -0.394 -0.36 -0.845 -0.0 0.042 -0.533 0.826 0.0 -0.405 -0.392 0.889 0.0 0.061 -0.453 -0.672 -0.0 -0.353 -0.651 -0.681 -0.0 -0.606 0.412 0.648 0.0 -0.386 -0.656 0.695 0.0 -0.583 0.421 
-0.683 0.116 -0.161 -0.703 -0.845 -0.0 -0.397 -0.358 -0.845 -0.0 0.039 -0.533 0.827 0.0 -0.403 -0.393 0.889 0.0 0.064 -0.454 -0.672 -0.0 -0.353 -0.651 -0.681 0.0 -0.606 0.412 0.649 0.0 -0.386 -0.656 0.695 0.0 -0.583 0.42 
-0.683 0.116 -0.161 -0.703 -0.844 -0.0 -0.401 -0.356 -0.846 0.0 0.037 -0.532 0.827 0.0 -0.4 -0.394 0.888 0.0 0.065 -0.455 -0.672 -0.0 -0.353 -0.651 -0.68 -0.0 -0.606 0.412 0.649 0.0 -0.386 -0.656 0.695 0.0 -0.583 0.42 
-0.682 0.116 -0.161 -0.703 -0.843 -0.0 -0.405 -0.354 -0.846 -0.0 0.034 -0.531 0.828 0.0 -0.397 -0.396 0.887 0.0 0.067 -0.456 -0.672 -0.0 -0.353 -0.651 -0.681 -0.0 -0.606 0.412 0.649 0.0 -0.386 -0.656 0.695 0.0 -0.583 0.42 
-0.682 0.115 -0.161 -0.704 -0.843 -0.0 -0.408 -0.351 -0.847 -0.0 0.031 -0.531 0.828 0.0 -0.395 -0.397 0.887 0.0 0.069 -0.457 -0.672 -0.0 -0.352 -0.651 -0.681 -0.0 -0.606 0.412 0.649 0.0 -0.386 -0.656 0.695 0.0 -0.584 0.42 
-0.682 0.116 -0.161 -0.704 -0.842 -0.0 -0.412 -0.35 -0.847 -0.0 0.029 -0.53 0.829 0.0 -0.393 -0.399 0.886 0.0 0.071 -0.458 -0.672 -0.0 -0.353 -0.651 -0.681 -0.0 -0.606 0.412 0.649 0.0 -0.386 -0.656 0.695 0.0 -0.583 0.42 
-0.682 0.115 -0.161 -0.704 -0.841 -0.0 -0.415 -0.348 -0.848 -0.0 0.026 -0.53 0.829 0.0 -0.39 -0.4 0.886 0.0 0.073 -0.458 -0.672 -0.0 -0.352 -0.651 -0.68 -0.0 -0.606 0.412 0.649 0.0 -0.386 -0.656 0.695 0.0 -0.584 0.42 
-0.682 0.115 -0.161 -0.704 -0.84 -0.0 -0.418 -0.346 -0.848 -0.0 0.024 -0.529 0.83 -0.0 -0.387 -0.401 0.885 0.0 0.075 -0.459 -0.672 -0.0 -0.352 -0.651 -0.68 -0.0 -0.606 0.412 0.649 0.0 -0.386 -0.656 0.695 0.0 -0.584 0.42 
-0.682 0.115 -0.161 -0.704 -0.839 -0.0 -0.421 -0.344 -0.849 -0.0 0.021 -0.528 0.83 0.0 -0.385 -0.403 0.885 -0.0 0.077 -0.46 -0.672 -0.0 -0.352 -0.651 -0.68 -0.0 -0.606 0.412 0.649 0.0 -0.386 -0.656 0.695 0.0 -0.584 0.419 
-0.682 0.115 -0.161 -0.704 -0.838 -0.0 -0.424 -0.342 -0.849 -0.0 0.02 -0.528 0.831 0.0 -0.383 -0.404 0.884 0.0 0.079 -0.46 -0.672 -0.0 -0.352 -0.651 -0.68 -0.0 -0.606 0.412 0.649 0.0 -0.386 -0.656 0.695 0.0 -0.584 0.419 
-0.682 0.115 -0.161 -0.704 -0.838 -0.0 -0.426 -0.341 -0.85 0.0 0.017 -0.527 0.831 0.0 -0.381 -0.406 0.884 0.0 0.081 -0.46 -0.672 -0.0 -0.352 -0.651 -0.68 -0.0 -0.606 0.412 0.649 0.0 -0.385 -0.656 0.695 0.0 -0.584 0.419 
-0.682 0.115 -0.161 -0.704 -0.837 -0.0 -0.429 -0.339 -0.85 -0.0 0.015 -0.526 0.831 0.0 -0.379 -0.407 0.883 0.0 0.083 -0.461 -0.672 -0.0 -0.352 -0.652 -0.68 -0.0 -0.606 0.412 0.649 -0.0 -0.385 -0.656 0.695 0.0 -0.584 0.418 
-0.682 0.115 -0.161 -0.704 -0.837 -0.0 -0.431 -0.338 -0.851 -0.0 0.012 -0.525 0.832 0.0 -0.377 -0.408 0.883 0.0 0.084 -0.462 -0.672 -0.0 -0.352 -0.652 -0.68 -0.0 -0.606 0.412 0.649 -0.0 -0.385 -0.656 0.695 0.0 -0.584 0.418 
-0.682 0.115 -0.161 -0.704 -0.836 -0.0 -0.432 -0.337 -0.851 -0.0 0.01 -0.525 0.832 0.0 -0.375 -0.409 0.883 0.0 0.086 -0.462 -0.672 -0.0 -0.352 -0.652 -0.68 0.0 -0.606 0.412 0.649 0.0 -0.385 -0.656 0.696 0.0 -0.584 0.418 
-0.682 0.115 -0.161 -0.704 -0.836 0.0 -0.434 -0.336 -0.852 0.0 0.008 -0.524 0.832 0.0 -0.374 -0.41 0.882 0.0 0.088 -0.462 -0.672 -0.0 -0.352 -0.652 -0.68 -0.0 -0.606 0.412 0.649 0.0 -0.385 -0.656 0.696 0.0 -0.584 0.418 
-0.682 0.115 -0.161 -0.704 -0.836 -0.0 -0.435 -0.335 -0.852 -0.0 0.006 -0.523 0.832 0.0 -0.373 -0.41 0.882 0.0 0.09 -0.463 -0.672 -0.0 -0.353 -0.651 -0.68 -0.0 -0.606 0.413 0.649 0.0 -0.386 -0.656 0.696 0.0 -0.584 0.418 
-0.682 0.115 -0.161 -0.704 -0.835 -0.0 -0.436 -0.334 -0.853 -0.0 0.005 -0.523 0.832 -0.0 -0.372 -0.411 0.881 0.0 0.092 -0.463 -0.672 -0.0 -0.352 -0.652 -0.68 -0.0 -0.606 0.412 0.649 0.0 -0.386 -0.656 0.696 0.0 -0.584 0.418 
-0.682 0.115 -0.161 -0.704 -0.835 -0.0 -0.437 -0.334 -0.853 -0.0 0.004 -0.522 0.832 0.0 -0.372 -0.411 0.881 0.0 0.094 -0.464 -0.672 -0.0 -0.352 -0.652 -0.68 -0.0 -0.606 0.412 0.649 -0.0 -0.385 -0.656 0.696 0.0 -0.585 0.418 
-0.682 0.115 -0.161 -0.704 -0.835 -0.0 -0.438 -0.334 -0.853 -0.0 0.004 -0.521 0.833 -0.0 -0.371 -0.411 0.88 0.0 0.096 -0.464 -0.672 -0.0 -0.352 -0.652 -0.68 -0.0 -0.606 0.412 0.649 0.0 -0.386 -0.656 0.696 0.0 -0.584 0.418 
-0.682 0.115 -0.161 -0.704 -0.835 0.0 -0.438 -0.334 -0.853 -0.0 0.003 -0.521 0.832 0.0 -0.371 -0.411 0.88 0.0 0.097 -0.465 -0.672 -0.0 -0.352 -0.652 -0.68 -0.0 -0.606 0.412 0.649 0.0 -0.385 -0.656 0.696 0.0 -0.585 0.417 
-0.682 0.115 -0.161 -0.704 -0.835 -0.0 -0.438 -0.334 -0.854 -0.0 0.003 -0.521 0.833 0.0 -0.371 -0.411 0.879 0.0 0.099 -0.466 -0.672 -0.0 -0.352 -0.652 -0.68 -0.0 -0.606 0.413 0.649 0.0 -0.386 -0.656 0.696 0.0 -0.584 0.418 
-0.682 0.115 -0.161 -0.704 -0.835 -0.0 -0.438 -0.334 -0.854 -0.0 0.003 -0.52 0.833 0.0 -0.371 -0.411 0.879 0.0 0.1 -0.467 -0.672 -0.0 -0.352 -0.652 -0.68 -0.0 -0.606 0.413 0.649 0.0 -0.386 -0.656 0.696 -0.0 -0.584 0.417 
-0.682 0.115 -0.161 -0.704 -0.834 -0.0 -0.438 -0.335 -0.854 0.0 0.004 -0.52 0.833 0.0 -0.372 -0.41 0.878 0.0 0.101 -0.468 -0.672 -0.0 -0.353 -0.651 -0.68 -0.0 -0.606 0.413 0.649 0.0 -0.386 -0.656 0.696 0.0 -0.584 0.418 
-0.682 0.115 -0.161 -0.704 -0.835 -0.0 -0.437 -0.335 -0.854 0.0 0.004 -0.52 0.833 0.0 -0.373 -0.41 0.878 0.0 0.102 -0.468 -0.672 -0.0 -0.352 -0.651 -0.68 -0.0 -0.606 0.413 0.649 0.0 -0.386 -0.656 0.696 0.0 -0.585 0.417 
-0.682 0.115 -0.161 -0.704 -0.835 -0.0 -0.436 -0.336 -0.854 -0.0 0.005 -0.52 0.832 0.0 -0.374 -0.409 0.877 0.0 0.103 -0.469 -0.672 -0.0 -0.353 -0.651 -0.68 -0.0 -0.606 0.413 0.649 0.0 -0.386 -0.656 0.696 0.0 -0.584 0.417 
-0.682 0.115 -0.161 -0.704 -0.835 -0.0 -0.435 -0.337 -0.854 -0.0 0.006 -0.52 0.832 0.0 -0.375 -0.408 0.877 0.0 0.103 -0.47 -0.672 -0.0 -0.353 -0.651 -0.68 -0.0 -0.606 0.413 0.649 0.0 -0.386 -0.656 0.696 0.0 -0.585 0.418 
-0.682 0.115 -0.161 -0.704 -0.835 -0.0 -0.434 -0.338 -0.854 -0.0 0.008 -0.52 0.832 0.0 -0.376 -0.407 0.876 -0.0 0.103 -0.47 -0.672 -0.0 -0.353 -0.651 -0.68 -0.0 -0.606 0.413 0.649 -0.0 -0.386 -0.656 0.696 0.0 -0.584 0.418 
-0.682 0.115 -0.161 -0.704 -0.835 -0.0 -0.433 -0.339 -0.854 -0.0 0.01 -0.521 0.832 0.0 -0.378 -0.407 0.876 0.0 0.103 -0.471 -0.672 -0.0 -0.353 -0.651 -0.68 -0.0 -0.606 0.413 0.649 0.0 -0.386 -0.656 0.696 0.0 -0.584 0.418 
-0.682 0.115 -0.161 -0.704 -0.836 -0.0 -0.431 -0.34 -0.853 -0.0 0.011 -0.521 0.832 0.0 -0.379 -0.406 0.876 0.0 0.103 -0.471 -0.672 -0.0 -0.353 -0.651 -0.68 -0.0 -0.606 0.413 0.649 0.0 -0.386 -0.656 0.696 0.0 -0.584 0.418 
-0.682 0.115 -0.161 -0.704 -0.836 -0.0 -0.429 -0.342 -0.853 -0.0 0.013 -0.522 0.831 -0.0 -0.381 -0.405 0.876 0.0 0.102 -0.471 -0.672 -0.0 -0.353 -0.651 -0.68 -0.0 -0.606 0.413 0.649 0.0 -0.386 -0.656 0.696 0.0 -0.584 0.418 
-0.682 0.115 -0.161 -0.704 -0.837 -0.0 -0.427 -0.343 -0.853 0.0 0.015 -0.522 0.831 0.0 -0.383 -0.403 0.876 0.0 0.101 -0.471 -0.672 -0.0 -0.353 -0.651 -0.68 -0.0 -0.606 0.413 0.649 0.0 -0.386 -0.656 0.695 0.0 -0.584 0.418 
-0.682 0.116 -0.161 -0.704 -0.837 0.0 -0.425 -0.345 -0.853 0.0 0.017 -0.522 0.831 0.0 -0.385 -0.402 0.877 0.0 0.099 -0.47 -0.672 -0.0 -0.353 -0.651 -0.68 -0.0 -0.606 0.413 0.649 0.0 -0.386 -0.656 0.696 0.0 -0.584 0.418 
-0.682 0.116 -0.162 -0.704 -0.838 -0.0 -0.422 -0.347 -0.852 0.0 0.019 -0.523 0.83 0.0 -0.387 -0.401 0.877 0.0 0.098 -0.47 -0.672 -0.0 -0.353 -0.651 -0.68 -0.0 -0.605 0.413 0.649 0.0 -0.386 -0.655 0.696 0.0 -0.584 0.419 
-0.682 0.116 -0.162 -0.704 -0.838 -0.0 -0.42 -0.349 -0.852 0.0 0.022 -0.523 0.83 0.0 -0.389 -0.4 0.878 0.0 0.096 -0.469 -0.672 -0.0 -0.353 -0.651 -0.68 -0.0 -0.605 0.414 0.649 0.0 -0.386 -0.655 0.696 -0.0 -0.584 0.419 
-0.682 0.116 -0.162 -0.704 -0.839 -0.0 -0.417 -0.351 -0.852 -0.0 0.024 -0.524 0.829 0.0 -0.391 -0.399 0.879 0.0 0.094 -0.468 -0.672 0.0 -0.354 -0.651 -0.68 -0.0 -0.605 0.414 0.649 0.0 -0.387 -0.655 0.696 0.0 -0.584 0.419 
-0.682 0.116 -0.162 -0.704 -0.839 -0.0 -0.414 -0.353 -0.851 0.0 0.027 -0.524 0.829 0.0 -0.394 -0.397 0.88 0.0 0.092 -0.467 -0.672 0.0 -0.354 -0.651 -0.68 -0.0 -0.605 0.414 0.649 0.0 -0.387 -0.655 0.696 0.0 -0.584 0.419 
-0.682 0.116 -0.162 -0.704 -0.84 -0.0 -0.412 -0.355 -0.851 -0.0 0.03 -0.524 0.828 -0.0 -0.396 -0.396 0.881 0.0 0.089 -0.466 -0.672 -0.0 -0.354 -0.65 -0.68 -0.0 -0.605 0.414 0.649 0.0 -0.387 -0.655 0.696 0.0 -0.583 0.419 
-0.682 0.116 -0.162 -0.704 -0.84 -0.0 -0.409 -0.357 -0.851 -0.0 0.033 -0.525 0.828 0.0 -0.398 -0.395 0.882 0.0 0.086 -0.464 -0.672 0.0 -0.354 -0.65 -0.68 -0.0 -0.605 0.415 0.649 0.0 -0.387 -0.655 0.696 0.0 -0.583 0.42 
-0.682 0.116 -0.162 -0.704 -0.841 -0.0 -0.406 -0.358 -0.85 -0.0 0.035 -0.526 0.827 -0.0 -0.401 -0.393 0.883 0.0 0.084 -0.463 -0.672 0.0 -0.355 -0.65 -0.68 -0.0 -0.605 0.415 0.649 0.0 -0.388 -0.655 0.696 0.0 -0.583 0.42 
-0.682 0.116 -0.162 -0.704 -0.841 -0.0 -0.403 -0.36 -0.85 0.0 0.038 -0.526 0.827 0.0 -0.404 -0.392 0.883 0.0 0.08 -0.462 -0.672 -0.0 -0.355 -0.65 -0.68 -0.0 -0.605 0.415 0.649 0.0 -0.387 -0.655 0.695 0.0 -0.583 0.42 
-0.682 0.116 -0.162 -0.704 -0.842 -0.0 -0.4 -0.362 -0.849 0.0 0.041 -0.527 0.826 0.0 -0.407 -0.39 0.884 0.0 0.077 -0.461 -0.672 -0.0 -0.355 -0.65 -0.68 0.0 -0.604 0.415 0.649 0.0 -0.388 -0.655 0.695 0.0 -0.583 0.42 
-0.682 0.116 -0.162 -0.704 -0.842 -0.0 -0.397 -0.364 -0.849 -0.0 0.045 -0.527 0.825 0.0 -0.41 -0.388 0.885 0.0 0.074 -0.46 -0.672 -0.0 -0.355 -0.65 -0.68 -0.0 -0.604 0.415 0.649 0.0 -0.388 -0.655 0.695 0.0 -0.583 0.42 
-0.682 0.117 -0.162 -0.704 -0.843 -0.0 -0.394 -0.366 -0.848 -0.0 0.047 -0.527 0.825 0.0 -0.413 -0.386 0.886 0.0 0.072 -0.459 -0.672 -0.0 -0.355 -0.65 -0.68 -0.0 -0.604 0.415 0.649 0.0 -0.388 -0.655 0.695 0.0 -0.583 0.42 
-0.682 0.116 -0.162 -0.704 -0.844 0.0 -0.391 -0.368 -0.848 -0.0 0.05 -0.528 0.824 0.0 -0.416 -0.384 0.886 -0.0 0.07 -0.458 -0.672 -0.0 -0.355 -0.65 -0.68 -0.0 -0.604 0.415 0.649 0.0 -0.388 -0.654 0.695 0.0 -0.583 0.42 
-0.682 0.117 -0.162 -0.704 -0.844 -0.0 -0.388 -0.37 -0.847 -0.0 0.053 -0.529 0.823 0.0 -0.419 -0.382 0.887 0.0 0.065 -0.458 -0.672 -0.0 -0.355 -0.65 -0.68 -0.0 -0.604 0.415 0.649 0.0 -0.388 -0.654 0.696 0.0 -0.583 0.421 
-0.682 0.117 -0.162 -0.704 -0.845 0.0 -0.385 -0.372 -0.847 -0.0 0.056 -0.529 0.823 0.0 -0.422 -0.381 0.887 0.0 0.063 -0.457 -0.672 -0.0 -0.355 -0.65 -0.68 -0.0 -0.604 0.415 0.649 0.0 -0.388 -0.654 0.695 0.0 -0.583 0.421 
-0.682 0.117 -0.162 -0.704 -0.845 -0.0 -0.382 -0.373 -0.846 0.0 0.058 -0.529 0.822 0.0 -0.426 -0.378 0.888 0.0 0.06 -0.456 -0.671 -0.0 -0.355 -0.65 -0.68 -0.0 -0.604 0.415 0.649 -0.0 -0.388 -0.654 0.695 0.0 -0.583 0.421 
-0.682 0.117 -0.162 -0.704 -0.846 -0.0 -0.38 -0.375 -0.846 -0.0 0.061 -0.53 0.821 0.0 -0.429 -0.376 0.888 0.0 0.058 -0.455 -0.672 0.0 -0.355 -0.65 -0.68 -0.0 -0.604 0.415 0.649 0.0 -0.388 -0.654 0.695 0.0 -0.582 0.421 
-0.682 0.117 -0.162 -0.704 -0.846 -0.0 -0.377 -0.376 -0.845 -0.0 0.064 -0.531 0.821 -0.0 -0.432 -0.374 0.889 0.0 0.055 -0.455 -0.672 -0.0 -0.355 -0.65 -0.68 -0.0 -0.605 0.415 0.649 0.0 -0.388 -0.655 0.695 0.0 -0.583 0.421 
-0.682 0.117 -0.162 -0.704 -0.847 0.0 -0.374 -0.378 -0.845 0.0 0.066 -0.531 0.82 0.0 -0.435 -0.372 0.889 0.0 0.052 -0.455 -0.672 0.0 -0.355 -0.65 -0.68 -0.0 -0.605 0.415 0.649 -0.0 -0.388 -0.655 0.695 0.0 -0.583 0.421 
-0.682 0.117 -0.162 -0.704 -0.847 -0.0 -0.372 -0.379 -0.844 -0.0 0.069 -0.532 0.819 0.0 -0.437 -0.371 0.89 0.0 0.05 -0.454 -0.672 -0.0 -0.355 -0.65 -0.68 -0.0 -0.604 0.415 0.649 0.0 -0.388 -0.655 0.695 0.0 -0.582 0.421 
-0.682 0.117 -0.162 -0.704 -0.848 -0.0 -0.37 -0.38 -0.844 0.0 0.07 -0.532 0.819 0.0 -0.44 -0.369 0.89 0.0 0.047 -0.453 -0.672 0.0 -0.355 -0.65 -0.68 -0.0 -0.604 0.415 0.649 0.0 -0.388 -0.655 0.695 0.0 -0.582 0.421 
-0.682 0.117 -0.162 -0.704 -0.848 -0.0 -0.368 -0.381 -0.843 -0.0 0.073 -0.533 0.818 0.0 -0.443 -0.367 0.891 -0.0 0.045 -0.452 -0.672 -0.0 -0.355 -0.65 -0.68 -0.0 -0.604 0.415 0.649 0.0 -0.388 -0.655 0.695 -0.0 -0.582 0.421 
-0.682 0.117 -0.162 -0.704 -0.848 -0.0 -0.366 -0.382 -0.842 -0.0 0.075 -0.533 0.818 0.0 -0.445 -0.365 0.891 0.0 0.042 -0.452 -0.672 -0.0 -0.355 -0.65 -0.68 -0.0 -0.604 0.414 0.649 0.0 -0.388 -0.655 0.695 0.0 -0.582 0.421 
-0.682 0.117 -0.162 -0.704 -0.849 0.0 -0.364 -0.383 -0.842 -0.0 0.077 -0.534 0.817 -0.0 -0.447 -0.364 0.891 0.0 0.041 -0.452 -0.672 -0.0 -0.355 -0.65 -0.68 -0.0 -0.605 0.414 0.649 0.0 -0.388 -0.655 0.695 0.0 -0.582 0.421 
-0.682 0.117 -0.162 -0.703 -0.849 -0.0 -0.363 -0.384 -0.842 -0.0 0.078 -0.534 0.817 -0.0 -0.449 -0.362 0.892 0.0 0.039 -0.451 -0.672 -0.0 -0.355 -0.65 -0.68 -0.0 -0.605 0.414 0.649 0.0 -0.388 -0.655 0.695 0.0 -0.582 0.421 
-0.682 0.117 -0.162 -0.703 -0.849 0.0 -0.362 -0.385 -0.841 -0.0 0.08 -0.535 0.816 0.0 -0.451 -0.361 0.892 0.0 0.037 -0.451 -0.672 -0.0 -0.355 -0.65 -0.68 -0.0 -0.605 0.414 0.649 0.0 -0.388 -0.655 0.695 0.0 -0.582 0.422 
-0.682 0.117 -0.162 -0.703 -0.85 -0.0 -0.36 -0.385 -0.841 -0.0 0.081 -0.536 0.816 0.0 -0.452 -0.36 0.892 0.0 0.035 -0.45 -0.672 -0.0 -0.355 -0.65 -0.68 -0.0 -0.605 0.414 0.649 0.0 -0.388 -0.655 0.695 -0.0 -0.582 0.422 
-0.682 0.117 -0.162 -0.703 -0.85 -0.0 -0.359 -0.386 -0.84 0.0 0.082 -0.536 0.815 0.0 -0.454 -0.359 0.893 0.0 0.034 -0.45 -0.672 -0.0 -0.355 -0.65 -0.681 0.0 -0.605 0.414 0.649 0.0 -0.388 -0.655 0.695 -0.0 -0.582 0.422 
-0.682 0.117 -0.162 -0.703 -0.85 -0.0 -0.358 -0.386 -0.84 -0.0 0.082 -0.537 0.815 0.0 -0.455 -0.358 0.893 0.0 0.032 -0.449 -0.672 0.0 -0.355 -0.65 -0.68 -0.0 -0.605 0.414 0.649 -0.0 -0.388 -0.655 0.695 0.0 -0.582 0.422 
-0.682 0.117 -0.162 -0.703 -0.85 -0.0 -0.358 -0.386 -0.839 -0.0 0.083 -0.537 0.815 0.0 -0.457 -0.358 0.893 0.0 0.032 -0.449 -0.672 -0.0 -0.355 -0.65 -0.681 -0.0 -0.605 0.413 0.649 0.0 -0.388 -0.655 0.695 0.0 -0.582 0.422 
-0.682 0.117 -0.162 -0.703 -0.85 -0.0 -0.357 -0.386 -0.839 -0.0 0.083 -0.538 0.814 0.0 -0.458 -0.357 0.893 0.0 0.031 -0.448 -0.672 -0.0 -0.355 -0.65 -0.681 -0.0 -0.605 0.414 0.649 0.0 -0.388 -0.655 0.695 0.0 -0.582 0.422 
-0.682 0.117 -0.162 -0.703 -0.85 -0.0 -0.357 -0.386 -0.839 -0.0 0.084 -0.538 0.814 0.0 -0.459 -0.357 0.893 0.0 0.031 -0.448 -0.672 -0.0 -0.355 -0.65 -0.681 -0.0 -0.605 0.413 0.649 0.0 -0.388 -0.655 0.695 0.0 -0.582 0.422 
-0.682 0.117 -0.162 -0.703 -0.851 -0.0 -0.357 -0.386 -0.838 -0.0 0.084 -0.539 0.814 0.0 -0.46 -0.356 0.893 0.0 0.032 -0.449 -0.672 -0.0 -0.355 -0.65 -0.681 -0.0 -0.605 0.413 0.649 0.0 -0.388 -0.655 0.695 0.0 -0.582 0.422 
-0.682 0.117 -0.162 -0.703 -0.851 -0.0 -0.357 -0.386 -0.838 -0.0 0.083 -0.539 0.813 0.0 -0.46 -0.355 0.893 0.0 0.032 -0.449 -0.672 0.0 -0.355 -0.65 -0.681 -0.0 -0.605 0.413 0.649 0.0 -0.388 -0.655 0.695 0.0 -0.582 0.422 
-0.682 0.117 -0.162 -0.703 -0.85 -0.0 -0.357 -0.386 -0.838 -0.0 0.083 -0.54 0.813 0.0 -0.461 -0.355 0.893 0.0 0.032 -0.45 -0.672 0.0 -0.355 -0.65 -0.681 -0.0 -0.605 0.413 0.649 0.0 -0.388 -0.655 0.695 -0.0 -0.582 0.422 
-0.682 0.117 -0.162 -0.703 -0.85 -0.0 -0.358 -0.385 -0.838 -0.0 0.082 -0.54 0.813 0.0 -0.462 -0.355 0.892 -0.0 0.033 -0.45 -0.672 -0.0 -0.355 -0.65 -0.681 -0.0 -0.605 0.413 0.649 0.0 -0.388 -0.655 0.695 0.0 -0.582 0.422 
-0.682 0.117 -0.162 -0.703 -0.85 -0.0 -0.359 -0.385 -0.838 -0.0 0.082 -0.54 0.813 0.0 -0.462 -0.355 0.892 0.0 0.034 -0.451 -0.672 -0.0 -0.355 -0.65 -0.681 -0.0 -0.605 0.413 0.649 0.0 -0.388 -0.655 0.695 0.0 -0.582 0.422 
-0.682 0.117 -0.162 -0.703 -0.85 -0.0 -0.36 -0.384 -0.838 -0.0 0.08 -0.54 0.813 0.0 -0.462 -0.355 0.892 0.0 0.036 -0.451 -0.672 -0.0 -0.355 -0.65 -0.681 -0.0 -0.605 0.413 0.649 0.0 -0.388 -0.655 0.695 -0.0 -0.582 0.422 
-0.682 0.117 -0.162 -0.703 -0.85 -0.0 -0.361 -0.383 -0.838 -0.0 0.079 -0.54 0.813 0.0 -0.462 -0.355 0.892 0.0 0.037 -0.451 -0.672 -0.0 -0.355 -0.65 -0.681 -0.0 -0.605 0.413 0.649 0.0 -0.388 -0.655 0.695 0.0 -0.582 0.422 
-0.682 0.117 -0.162 -0.703 -0.85 -0.0 -0.362 -0.382 -0.838 -0.0 0.077 -0.54 0.813 0.0 -0.462 -0.356 0.891 0.0 0.039 -0.451 -0.672 -0.0 -0.355 -0.65 -0.681 -0.0 -0.605 0.413 0.649 0.0 -0.388 -0.655 0.695 0.0 -0.582 0.422 
-0.682 0.117 -0.162 -0.703 -0.85 -0.0 -0.363 -0.381 -0.838 -0.0 0.076 -0.54 0.813 0.0 -0.461 -0.356 0.891 0.0 0.04 -0.452 -0.672 -0.0 -0.355 -0.65 -0.681 -0.0 -0.605 0.413 0.649 0.0 -0.388 -0.655 0.695 -0.0 -0.582 0.422 
-0.682 0.117 -0.162 -0.703 -0.85 -0.0 -0.365 -0.38 -0.838 -0.0 0.074 -0.54 0.813 0.0 -0.46 -0.357 0.891 0.0 0.041 -0.452 -0.672 -0.0 -0.355 -0.65 -0.681 0.0 -0.605 0.413 0.649 0.0 -0.388 -0.655 0.695 0.0 -0.582 0.422 
-0.682 0.117 -0.162 -0.703 -0.85 -0.0 -0.366 -0.38 -0.839 -0.0 0.072 -0.54 0.813 0.0 -0.459 -0.358 0.891 0.0 0.043 -0.452 -0.672 -0.0 -0.355 -0.65 -0.681 -0.0 -0.605 0.413 0.649 0.0 -0.388 -0.655 0.695 0.0 -0.582 0.422 
-0.682 0.117 -0.162 -0.703 -0.849 -0.0 -0.368 -0.378 -0.839 -0.0 0.07 -0.54 0.813 0.0 -0.457 -0.36 0.891 0.0 0.045 -0.452 -0.672 -0.0 -0.355 -0.65 -0.681 -0.0 -0.605 0.413 0.649 0.0 -0.388 -0.655 0.695 0.0 -0.582 0.422 
-0.682 0.117 -0.162 -0.703 -0.849 -0.0 -0.37 -0.377 -0.839 -0.0 0.067 -0.539 0.814 0.0 -0.455 -0.362 0.891 -0.0 0.047 -0.451 -0.672 -0.0 -0.355 -0.65 -0.681 0.0 -0.605 0.413 0.649 0.0 -0.388 -0.655 0.695 0.0 -0.582 0.422 
-0.682 0.117 -0.162 -0.703 -0.849 -0.0 -0.372 -0.376 -0.84 -0.0 0.064 -0.539 0.814 0.0 -0.453 -0.363 0.891 0.0 0.049 -0.451 -0.672 -0.0 -0.355 -0.65 -0.681 -0.0 -0.605 0.413 0.649 0.0 -0.388 -0.655 0.695 0.0 -0.582 0.422 
-0.682 0.117 -0.162 -0.703 -0.848 0.0 -0.374 -0.375 -0.84 -0.0 0.062 -0.538 0.814 0.0 -0.451 -0.366 0.891 0.0 0.051 -0.451 -0.672 0.0 -0.355 -0.65 -0.681 -0.0 -0.605 0.413 0.649 0.0 -0.388 -0.655 0.695 0.0 -0.582 0.422 
-0.682 0.117 -0.162 -0.703 -0.848 -0.0 -0.377 -0.373 -0.841 -0.0 0.06 -0.538 0.815 0.0 -0.448 -0.367 0.891 -0.0 0.054 -0.451 -0.672 -0.0 -0.355 -0.65 -0.681 -0.0 -0.605 0.413 0.649 0.0 -0.388 -0.655 0.695 0.0 -0.582 0.422 
-0.682 0.117 -0.162 -0.703 -0.847 -0.0 -0.379 -0.372 -0.841 0.0 0.058 -0.537 0.816 0.0 -0.446 -0.369 0.89 0.0 0.056 -0.452 -0.672 0.0 -0.354 -0.65 -0.681 -0.0 -0.605 0.413 0.649 0.0 -0.387 -0.655 0.695 -0.0 -0.583 0.421 
-0.682 0.116 -0.162 -0.703 -0.847 -0.0 -0.382 -0.371 -0.842 0.0 0.056 -0.537 0.816 0.0 -0.443 -0.371 0.89 0.0 0.059 -0.452 -0.672 -0.0 -0.354 -0.65 -0.681 -0.0 -0.605 0.413 0.649 0.0 -0.387 -0.655 0.695 0.0 -0.583 0.421 
-0.682 0.116 -0.162 -0.703 -0.846 -0.0 -0.384 -0.369 -0.842 0.0 0.054 -0.536 0.817 0.0 -0.44 -0.373 0.89 0.0 0.062 -0.453 -0.672 -0.0 -0.354 -0.65 -0.681 -0.0 -0.605 0.413 0.649 0.0 -0.387 -0.655 0.695 0.0 -0.583 0.421 
-0.682 0.116 -0.162 -0.703 -0.846 -0.0 -0.387 -0.367 -0.843 -0.0 0.051 -0.536 0.817 0.0 -0.437 -0.375 0.889 0.0 0.064 -0.453 -0.672 -0.0 -0.354 -0.65 -0.681 0.0 -0.605 0.413 0.649 -0.0 -0.387 -0.655 0.695 -0.0 -0.583 0.421 
-0.682 0.116 -0.162 -0.703 -0.845 -0.0 -0.39 -0.366 -0.843 -0.0 0.05 -0.535 0.818 0.0 -0.434 -0.377 0.889 -0.0 0.068 -0.453 -0.672 -0.0 -0.354 -0.65 -0.681 -0.0 -0.606 0.412 0.649 0.0 -0.387 -0.655 0.695 0.0 -0.583 0.421 
-0.682 0.116 -0.162 -0.703 -0.844 -0.0 -0.393 -0.364 -0.844 -0.0 0.047 -0.535 0.818 0.0 -0.431 -0.38 0.889 0.0 0.071 -0.453 -0.672 -0.0 -0.354 -0.65 -0.681 0.0 -0.605 0.413 0.649 0.0 -0.387 -0.655 0.695 0.0 -0.583 0.421 
-0.682 0.116 -0.162 -0.703 -0.844 -0.0 -0.396 -0.362 -0.844 -0.0 0.045 -0.534 0.819 0.0 -0.428 -0.383 0.888 0.0 0.074 -0.455 -0.672 -0.0 -0.354 -0.65 -0.681 0.0 -0.605 0.413 0.649 0.0 -0.387 -0.655 0.695 0.0 -0.583 0.42 
-0.682 0.116 -0.162 -0.704 -0.843 -0.0 -0.399 -0.361 -0.845 -0.0 0.043 -0.534 0.819 0.0 -0.425 -0.385 0.887 0.0 0.077 -0.455 -0.672 0.0 -0.354 -0.651 -0.68 -0.0 -0.606 0.412 0.649 0.0 -0.387 -0.655 0.695 0.0 -0.583 0.42 
-0.682 0.116 -0.162 -0.704 -0.842 -0.0 -0.402 -0.359 -0.845 -0.0 0.041 -0.533 0.82 0.0 -0.422 -0.387 0.886 0.0 0.082 -0.456 -0.672 -0.0 -0.354 -0.651 -0.681 -0.0 -0.605 0.413 0.649 0.0 -0.387 -0.655 0.695 -0.0 -0.583 0.42 
-0.682 0.116 -0.162 -0.704 -0.842 -0.0 -0.405 -0.357 -0.845 -0.0 0.039 -0.533 0.821 0.0 -0.418 -0.389 0.885 0.0 0.085 -0.457 -0.672 0.0 -0.353 -0.651 -0.68 -0.0 -0.606 0.412 0.649 0.0 -0.386 -0.656 0.695 0.0 -0.583 0.42 
-0.682 0.116 -0.162 -0.704 -0.841 -0.0 -0.408 -0.355 -0.846 0.0 0.037 -0.532 0.821 -0.0 -0.415 -0.392 0.885 -0.0 0.089 -0.457 -0.672 -0.0 -0.353 -0.651 -0.68 -0.0 -0.606 0.413 0.649 0.0 -0.386 -0.655 0.695 0.0 -0.584 0.42 
-0.682 0.116 -0.162 -0.704 -0.84 -0.0 -0.411 -0.353 -0.846 -0.0 0.034 -0.532 0.822 0.0 -0.412 -0.394 0.885 0.0 0.092 -0.457 -0.672 -0.0 -0.353 -0.651 -0.68 -0.0 -0.606 0.413 0.649 -0.0 -0.386 -0.656 0.695 0.0 -0.583 0.419 
-0.682 0.116 -0.162 -0.704 -0.84 -0.0 -0.414 -0.351 -0.846 -0.0 0.032 -0.532 0.822 0.0 -0.408 -0.397 0.884 -0.0 0.095 -0.458 -0.672 -0.0 -0.353 -0.651 -0.68 -0.0 -0.606 0.413 0.649 0.0 -0.386 -0.656 0.695 0.0 -0.584 0.419 
-0.682 0.116 -0.162 -0.704 -0.839 -0.0 -0.417 -0.35 -0.847 -0.0 0.03 -0.531 0.823 0.0 -0.405 -0.399 0.883 -0.0 0.098 -0.458 -0.672 -0.0 -0.353 -0.651 -0.68 -0.0 -0.606 0.413 0.649 0.0 -0.386 -0.655 0.696 0.0 -0.584 0.419 
-0.682 0.115 -0.162 -0.704 -0.838 -0.0 -0.42 -0.347 -0.847 -0.0 0.027 -0.531 0.823 0.0 -0.402 -0.401 0.883 0.0 0.102 -0.459 -0.672 0.0 -0.353 -0.651 -0.68 -0.0 -0.606 0.413 0.649 0.0 -0.386 -0.655 0.696 0.0 -0.584 0.419 
-0.682 0.115 -0.162 -0.704 -0.838 0.0 -0.423 -0.346 -0.847 0.0 0.025 -0.53 0.824 -0.0 -0.399 -0.404 0.882 0.0 0.105 -0.459 -0.672 -0.0 -0.353 -0.651 -0.68 -0.0 -0.605 0.413 0.649 0.0 -0.387 -0.655 0.696 0.0 -0.584 0.419 
-0.682 0.115 -0.162 -0.704 -0.837 -0.0 -0.426 -0.344 -0.848 -0.0 0.023 -0.53 0.824 0.0 -0.395 -0.406 0.881 -0.0 0.109 -0.46 -0.671 -0.0 -0.353 -0.651 -0.68 -0.0 -0.606 0.413 0.649 0.0 -0.386 -0.655 0.696 -0.0 -0.584 0.419 
-0.682 0.115 -0.162 -0.704 -0.836 -0.0 -0.428 -0.342 -0.848 0.0 0.02 -0.529 0.824 0.0 -0.393 -0.408 0.881 -0.0 0.112 -0.461 -0.671 -0.0 -0.353 -0.651 -0.68 -0.0 -0.605 0.414 0.649 0.0 -0.386 -0.655 0.696 0.0 -0.584 0.419 
-0.682 0.115 -0.162 -0.704 -0.836 0.0 -0.43 -0.34 -0.848 -0.0 0.017 -0.529 0.825 0.0 -0.39 -0.41 0.88 0.0 0.115 -0.461 -0.671 -0.0 -0.353 -0.651 -0.68 -0.0 -0.605 0.414 0.649 0.0 -0.386 -0.655 0.696 0.0 -0.584 0.419 
-0.682 0.115 -0.162 -0.704 -0.836 -0.0 -0.432 -0.339 -0.849 -0.0 0.015 -0.529 0.825 0.0 -0.387 -0.411 0.879 0.0 0.119 -0.462 -0.671 -0.0 -0.353 -0.652 -0.68 -0.0 -0.605 0.414 0.649 0.0 -0.386 -0.655 0.696 0.0 -0.584 0.418 
-0.682 0.115 -0.162 -0.704 -0.835 -0.0 -0.434 -0.338 -0.849 -0.0 0.012 -0.528 0.825 -0.0 -0.385 -0.413 0.878 0.0 0.123 -0.463 -0.671 -0.0 -0.353 -0.652 -0.68 0.0 -0.605 0.414 0.649 0.0 -0.386 -0.655 0.696 0.0 -0.584 0.418 
-0.682 0.115 -0.162 -0.704 -0.835 -0.0 -0.436 -0.336 -0.849 0.0 0.009 -0.528 0.826 0.0 -0.383 -0.414 0.877 0.0 0.126 -0.463 -0.671 -0.0 -0.353 -0.652 -0.68 -0.0 -0.605 0.414 0.649 0.0 -0.386 -0.655 0.696 0.0 -0.584 0.418 
-0.682 0.115 -0.162 -0.704 -0.835 -0.0 -0.437 -0.335 -0.85 -0.0 0.007 -0.527 0.826 0.0 -0.381 -0.416 0.876 0.0 0.129 -0.464 -0.671 0.0 -0.353 -0.652 -0.68 -0.0 -0.605 0.414 0.649 0.0 -0.386 -0.655 0.696 -0.0 -0.584 0.418 
-0.682 0.115 -0.162 -0.704 -0.834 -0.0 -0.439 -0.334 -0.85 -0.0 0.005 -0.527 0.826 0.0 -0.379 -0.417 0.875 0.0 0.132 -0.465 -0.671 -0.0 -0.353 -0.652 -0.68 -0.0 -0.605 0.414 0.649 0.0 -0.386 -0.655 0.696 0.0 -0.584 0.418 
-0.682 0.115 -0.162 -0.704 -0.834 -0.0 -0.44 -0.333 -0.85 -0.0 0.003 -0.526 0.826 -0.0 -0.377 -0.418 0.875 0.0 0.135 -0.466 -0.671 0.0 -0.353 -0.652 -0.68 -0.0 -0.605 0.415 0.649 0.0 -0.386 -0.655 0.696 0.0 -0.584 0.418 
-0.682 0.115 -0.162 -0.704 -0.834 -0.0 -0.441 -0.333 -0.851 0.0 0.001 -0.526 0.827 0.0 -0.376 -0.419 0.874 -0.0 0.138 -0.466 -0.671 -0.0 -0.354 -0.652 -0.68 -0.0 -0.605 0.415 0.649 0.0 -0.387 -0.655 0.696 0.0 -0.584 0.418 
-0.682 0.116 -0.162 -0.704 -0.833 0.0 -0.442 -0.332 -0.851 -0.0 -0.0 -0.525 0.827 0.0 -0.375 -0.42 0.873 0.0 0.141 -0.467 -0.671 -0.0 -0.354 -0.651 -0.68 -0.0 -0.605 0.415 0.649 0.0 -0.387 -0.655 0.696 0.0 -0.584 0.419 
-0.682 0.116 -0.162 -0.704 -0.833 -0.0 -0.443 -0.331 -0.851 -0.0 -0.001 -0.525 0.827 0.0 -0.374 -0.42 0.872 -0.0 0.144 -0.468 -0.671 -0.0 -0.354 -0.651 -0.68 0.0 -0.605 0.415 0.649 -0.0 -0.387 -0.655 0.696 0.0 -0.584 0.419 
-0.682 0.116 -0.162 -0.704 -0.833 -0.0 -0.443 -0.331 -0.851 -0.0 -0.002 -0.525 0.827 0.0 -0.373 -0.421 0.871 -0.0 0.146 -0.469 -0.671 -0.0 -0.354 -0.651 -0.68 -0.0 -0.605 0.415 0.649 0.0 -0.387 -0.655 0.696 0.0 -0.584 0.418 
-0.682 0.116 -0.162 -0.704 -0.833 -0.0 -0.444 -0.331 -0.851 0.0 -0.003 -0.524 0.827 0.0 -0.373 -0.421 0.87 0.0 0.149 -0.469 -0.671 0.0 -0.354 -0.651 -0.68 -0.0 -0.605 0.415 0.649 0.0 -0.387 -0.655 0.696 -0.0 -0.584 0.419 
-0.682 0.116 -0.162 -0.704 -0.833 -0.0 -0.444 -0.33 -0.851 -0.0 -0.003 -0.525 0.827 0.0 -0.373 -0.421 0.87 0.0 0.151 -0.47 -0.671 -0.0 -0.354 -0.651 -0.68 -0.0 -0.605 0.415 0.649 0.0 -0.387 -0.655 0.696 0.0 -0.584 0.419 
-0.682 0.116 -0.162 -0.704 -0.833 -0.0 -0.444 -0.33 -0.851 -0.0 -0.003 -0.525 0.827 0.0 -0.373 -0.421 0.869 0.0 0.152 -0.47 -0.671 -0.0 -0.354 -0.651 -0.68 -0.0 -0.605 0.415 0.649 0.0 -0.387 -0.655 0.696 0.0 -0.584 0.419 
-0.682 0.116 -0.162 -0.704 -0.833 -0.0 -0.444 -0.33 -0.851 -0.0 -0.003 -0.525 0.827 0.0 -0.373 -0.421 0.869 0.0 0.154 -0.471 -0.671 -0.0 -0.354 -0.651 -0.68 -0.0 -0.605 0.415 0.649 0.0 -0.387 -0.655 0.696 0.0 -0.584 0.419 
-0.682 0.116 -0.162 -0.704 -0.833 -0.0 -0.444 -0.331 -0.851 -0.0 -0.002 -0.525 0.827 0.0 -0.374 -0.42 0.868 -0.0 0.155 -0.472 -0.671 -0.0 -0.354 -0.651 -0.68 -0.0 -0.605 0.415 0.649 0.0 -0.387 -0.655 0.696 0.0 -0.584 0.419 
-0.682 0.116 -0.162 -0.704 -0.833 -0.0 -0.444 -0.332 -0.851 -0.0 -0.001 -0.525 0.827 0.0 -0.374 -0.42 0.868 0.0 0.155 -0.472 -0.671 -0.0 -0.354 -0.651 -0.68 -0.0 -0.605 0.415 0.649 0.0 -0.387 -0.655 0.696 0.0 -0.584 0.419 
-0.682 0.116 -0.162 -0.704 -0.833 -0.0 -0.443 -0.332 -0.851 0.0 -0.0 -0.525 0.827 -0.0 -0.375 -0.419 0.867 -0.0 0.155 -0.473 -0.671 -0.0 -0.354 -0.651 -0.68 -0.0 -0.605 0.415 0.649 0.0 -0.387 -0.655 0.696 0.0 -0.584 0.419 
-0.682 0.116 -0.162 -0.704 -0.833 -0.0 -0.442 -0.333 -0.851 -0.0 0.001 -0.525 0.827 0.0 -0.377 -0.418 0.867 -0.0 0.155 -0.474 -0.671 -0.0 -0.354 -0.651 -0.68 -0.0 -0.605 0.415 0.649 -0.0 -0.387 -0.655 0.696 0.0 -0.583 0.419 
-0.682 0.116 -0.163 -0.704 -0.833 -0.0 -0.441 -0.334 -0.851 -0.0 0.003 -0.525 0.827 0.0 -0.378 -0.417 0.867 0.0 0.155 -0.474 -0.671 0.0 -0.354 -0.651 -0.68 -0.0 -0.604 0.415 0.649 0.0 -0.388 -0.655 0.696 0.0 -0.583 0.419 
-0.682 0.116 -0.163 -0.704 -0.833 -0.0 -0.439 -0.336 -0.851 -0.0 0.004 -0.525 0.826 0.0 -0.38 -0.416 0.867 0.0 0.155 -0.474 -0.671 -0.0 -0.355 -0.651 -0.68 -0.0 -0.604 0.415 0.649 -0.0 -0.388 -0.655 0.696 0.0 -0.583 0.42 
-0.682 0.116 -0.163 -0.704 -0.833 -0.0 -0.438 -0.337 -0.851 -0.0 0.006 -0.526 0.826 0.0 -0.381 -0.415 0.867 0.0 0.153 -0.474 -0.671 0.0 -0.355 -0.651 -0.68 -0.0 -0.604 0.416 0.649 0.0 -0.388 -0.654 0.696 0.0 -0.583 0.42 
-0.682 0.116 -0.163 -0.704 -0.834 -0.0 -0.436 -0.339 -0.85 -0.0 0.009 -0.526 0.826 0.0 -0.383 -0.414 0.868 0.0 0.152 -0.473 -0.671 -0.0 -0.355 -0.651 -0.68 0.0 -0.604 0.416 0.649 0.0 -0.388 -0.654 0.696 0.0 -0.583 0.42 
-0.682 0.117 -0.163 -0.704 -0.834 -0.0 -0.434 -0.34 -0.85 -0.0 0.011 -0.526 0.826 0.0 -0.385 -0.412 0.868 0.0 0.15 -0.473 -0.671 -0.0 -0.355 -0.65 -0.68 -0.0 -0.604 0.416 0.649 0.0 -0.389 -0.654 0.696 0.0 -0.583 0.421 
-0.682 0.117 -0.163 -0.704 -0.834 -0.0 -0.433 -0.342 -0.85 0.0 0.014 -0.527 0.826 0.0 -0.386 -0.411 0.869 0.0 0.148 -0.472 -0.671 -0.0 -0.355 -0.65 -0.68 -0.0 -0.604 0.416 0.649 0.0 -0.389 -0.654 0.695 0.0 -0.582 0.421 
-0.682 0.117 -0.163 -0.704 -0.834 -0.0 -0.431 -0.344 -0.85 -0.0 0.017 -0.527 0.826 0.0 -0.388 -0.41 0.87 -0.0 0.145 -0.472 -0.672 -0.0 -0.356 -0.65 -0.68 -0.0 -0.604 0.416 0.649 -0.0 -0.389 -0.654 0.695 0.0 -0.582 0.421 
-0.682 0.117 -0.163 -0.704 -0.835 0.0 -0.429 -0.346 -0.849 -0.0 0.019 -0.527 0.825 0.0 -0.39 -0.409 0.871 -0.0 0.142 -0.47 -0.672 0.0 -0.356 -0.65 -0.68 -0.0 -0.604 0.417 0.649 0.0 -0.389 -0.654 0.695 0.0 -0.582 0.421 
-0.682 0.117 -0.163 -0.704 -0.835 -0.0 -0.426 -0.348 -0.849 -0.0 0.023 -0.528 0.825 0.0 -0.392 -0.407 0.872 0.0 0.139 -0.47 -0.671 -0.0 -0.356 -0.65 -0.68 0.0 -0.604 0.417 0.649 -0.0 -0.389 -0.654 0.695 0.0 -0.582 0.421 
-0.682 0.117 -0.164 -0.703 -0.835 -0.0 -0.424 -0.35 -0.848 -0.0 0.025 -0.529 0.825 0.0 -0.394 -0.406 0.873 0.0 0.136 -0.468 -0.671 -0.0 -0.356 -0.65 -0.68 0.0 -0.603 0.417 0.649 0.0 -0.39 -0.654 0.695 0.0 -0.582 0.422 
-0.682 0.117 -0.164 -0.703 -0.836 -0.0 -0.422 -0.352 -0.848 -0.0 0.028 -0.53 0.825 -0.0 -0.396 -0.404 0.874 0.0 0.132 -0.467 -0.671 -0.0 -0.357 -0.65 -0.68 -0.0 -0.603 0.417 0.649 0.0 -0.39 -0.654 0.695 0.0 -0.582 0.422 
-0.682 0.118 -0.164 -0.703 -0.836 -0.0 -0.419 -0.354 -0.847 -0.0 0.031 -0.53 0.824 0.0 -0.398 -0.403 0.876 0.0 0.129 -0.465 -0.671 -0.0 -0.357 -0.649 -0.68 0.0 -0.603 0.418 0.649 0.0 -0.39 -0.653 0.695 0.0 -0.582 0.422 
-0.682 0.118 -0.164 -0.703 -0.837 -0.0 -0.417 -0.356 -0.847 -0.0 0.035 -0.531 0.824 -0.0 -0.4 -0.402 0.877 0.0 0.125 -0.463 -0.671 -0.0 -0.357 -0.649 -0.68 0.0 -0.603 0.418 0.649 0.0 -0.39 -0.653 0.695 0.0 -0.581 0.423 
-0.682 0.118 -0.164 -0.703 -0.837 -0.0 -0.414 -0.358 -0.846 0.0 0.038 -0.531 0.824 0.0 -0.402 -0.4 0.879 0.0 0.121 -0.462 -0.671 -0.0 -0.357 -0.649 -0.68 -0.0 -0.603 0.418 0.649 0.0 -0.39 -0.653 0.695 0.0 -0.581 0.423 
-0.682 0.118 -0.164 -0.703 -0.837 -0.0 -0.411 -0.36 -0.846 -0.0 0.041 -0.532 0.823 0.0 -0.405 -0.398 0.88 0.0 0.116 -0.461 -0.671 0.0 -0.357 -0.649 -0.68 -0.0 -0.603 0.418 0.649 0.0 -0.391 -0.653 0.695 0.0 -0.581 0.423 
-0.682 0.118 -0.164 -0.703 -0.838 0.0 -0.409 -0.361 -0.845 0.0 0.044 -0.533 0.823 0.0 -0.407 -0.397 0.881 0.0 0.112 -0.459 -0.671 0.0 -0.358 -0.649 -0.68 0.0 -0.603 0.418 0.649 0.0 -0.391 -0.653 0.695 0.0 -0.581 0.423 
-0.682 0.118 -0.164 -0.703 -0.838 -0.0 -0.406 -0.363 -0.845 -0.0 0.047 -0.533 0.822 -0.0 -0.409 -0.395 0.883 0.0 0.109 -0.457 -0.671 -0.0 -0.358 -0.649 -0.68 -0.0 -0.603 0.418 0.649 0.0 -0.391 -0.653 0.695 0.0 -0.581 0.423 
-0.682 0.118 -0.164 -0.703 -0.839 -0.0 -0.404 -0.365 -0.844 -0.0 0.05 -0.534 0.822 0.0 -0.412 -0.393 0.884 0.0 0.105 -0.455 -0.671 -0.0 -0.358 -0.649 -0.68 -0.0 -0.603 0.418 0.649 0.0 -0.391 -0.653 0.695 0.0 -0.581 0.423 
-0.682 0.118 -0.164 -0.703 -0.839 -0.0 -0.401 -0.367 -0.844 -0.0 0.053 -0.534 0.821 0.0 -0.415 -0.392 0.885 0.0 0.099 -0.454 -0.671 -0.0 -0.358 -0.649 -0.68 -0.0 -0.603 0.418 0.649 0.0 -0.391 -0.653 0.695 0.0 -0.581 0.423 
-0.682 0.118 -0.164 -0.703 -0.84 -0.0 -0.399 -0.369 -0.843 0.0 0.056 -0.534 0.821 -0.0 -0.417 -0.39 0.887 -0.0 0.095 -0.453 -0.671 0.0 -0.358 -0.649 -0.68 0.0 -0.603 0.418 0.649 0.0 -0.391 -0.653 0.695 0.0 -0.581 0.423 
-0.682 0.118 -0.164 -0.703 -0.84 -0.0 -0.396 -0.371 -0.843 -0.0 0.059 -0.535 0.821 0.0 -0.419 -0.388 0.888 0.0 0.09 -0.452 -0.671 0.0 -0.358 -0.649 -0.68 -0.0 -0.603 0.418 0.649 0.0 -0.391 -0.653 0.695 0.0 -0.581 0.424 
-0.682 0.118 -0.164 -0.703 -0.84 0.0 -0.394 -0.373 -0.843 -0.0 0.061 -0.535 0.82 0.0 -0.422 -0.386 0.889 0.0 0.086 -0.45 -0.671 -0.0 -0.358 -0.649 -0.68 0.0 -0.602 0.418 0.649 0.0 -0.391 -0.653 0.695 0.0 -0.581 0.424 
-0.682 0.118 -0.164 -0.703 -0.841 -0.0 -0.391 -0.374 -0.842 -0.0 0.064 -0.535 0.82 0.0 -0.424 -0.384 0.89 0.0 0.083 -0.449 -0.671 -0.0 -0.358 -0.649 -0.68 -0.0 -0.603 0.418 0.649 0.0 -0.391 -0.653 0.695 -0.0 -0.581 0.424 
-0.682 0.118 -0.164 -0.703 -0.841 -0.0 -0.389 -0.376 -0.842 -0.0 0.067 -0.536 0.82 0.0 -0.426 -0.383 0.891 0.0 0.079 -0.447 -0.671 -0.0 -0.358 -0.649 -0.68 -0.0 -0.603 0.418 0.649 0.0 -0.391 -0.653 0.695 0.0 -0.581 0.424 
-0.682 0.118 -0.164 -0.703 -0.841 -0.0 -0.387 -0.377 -0.841 -0.0 0.069 -0.536 0.819 0.0 -0.429 -0.381 0.892 0.0 0.075 -0.446 -0.671 -0.0 -0.358 -0.649 -0.68 -0.0 -0.603 0.418 0.649 0.0 -0.391 -0.653 0.695 -0.0 -0.581 0.424 
-0.682 0.118 -0.164 -0.703 -0.842 -0.0 -0.385 -0.379 -0.841 -0.0 0.071 -0.536 0.819 0.0 -0.431 -0.379 0.893 0.0 0.072 -0.444 -0.671 0.0 -0.358 -0.649 -0.68 0.0 -0.603 0.418 0.648 0.0 -0.391 -0.653 0.695 0.0 -0.581 0.424 
-0.682 0.118 -0.164 -0.703 -0.842 -0.0 -0.383 -0.38 -0.84 -0.0 0.074 -0.537 0.818 0.0 -0.434 -0.378 0.894 -0.0 0.069 -0.443 -0.671 0.0 -0.358 -0.649 -0.68 -0.0 -0.603 0.418 0.648 0.0 -0.391 -0.653 0.695 0.0 -0.581 0.424 
-0.682 0.118 -0.164 -0.703 -0.842 -0.0 -0.381 -0.381 -0.84 -0.0 0.075 -0.537 0.818 0.0 -0.436 -0.376 0.895 0.0 0.066 -0.442 -0.671 -0.0 -0.358 -0.649 -0.68 -0.0 -0.603 0.417 0.648 0.0 -0.391 -0.653 0.695 0.0 -0.581 0.424 
-0.682 0.118 -0.164 -0.703 -0.843 -0.0 -0.379 -0.382 -0.84 -0.0 0.077 -0.538 0.817 0.0 -0.438 -0.375 0.896 0.0 0.062 -0.44 -0.672 -0.0 -0.357 -0.649 -0.68 -0.0 -0.603 0.417 0.648 0.0 -0.391 -0.654 0.695 0.0 -0.581 0.424 
-0.682 0.118 -0.164 -0.703 -0.843 0.0 -0.377 -0.384 -0.839 -0.0 0.079 -0.538 0.817 0.0 -0.44 -0.373 0.896 0.0 0.059 -0.44 -0.671 0.0 -0.357 -0.649 -0.68 -0.0 -0.603 0.417 0.648 0.0 -0.39 -0.654 0.695 0.0 -0.581 0.424 
-0.682 0.118 -0.164 -0.703 -0.843 -0.0 -0.375 -0.384 -0.839 -0.0 0.08 -0.539 0.816 0.0 -0.443 -0.372 0.897 0.0 0.057 -0.439 -0.672 -0.0 -0.357 -0.649 -0.68 -0.0 -0.603 0.417 0.648 0.0 -0.39 -0.654 0.695 -0.0 -0.581 0.424 
-0.682 0.118 -0.164 -0.703 -0.844 -0.0 -0.374 -0.385 -0.838 -0.0 0.082 -0.539 0.816 0.0 -0.444 -0.371 0.897 0.0 0.054 -0.438 -0.672 -0.0 -0.357 -0.649 -0.68 -0.0 -0.604 0.416 0.648 0.0 -0.39 -0.654 0.695 0.0 -0.581 0.423 
-0.681 0.118 -0.164 -0.703 -0.844 -0.0 -0.373 -0.386 -0.838 -0.0 0.083 -0.539 0.815 -0.0 -0.446 -0.371 0.899 0.0 0.051 -0.436 -0.672 -0.0 -0.357 -0.649 -0.68 -0.0 -0.603 0.417 0.648 0.0 -0.39 -0.654 0.695 -0.0 -0.581 0.424 
-0.681 0.118 -0.164 -0.703 -0.844 -0.0 -0.371 -0.387 -0.838 -0.0 0.084 -0.539 0.814 0.0 -0.448 -0.369 0.899 0.0 0.049 -0.435 -0.672 -0.0 -0.357 -0.649 -0.68 -0.0 -0.603 0.417 0.648 0.0 -0.39 -0.654 0.695 0.0 -0.581 0.424 
-0.681 0.118 -0.163 -0.704 -0.844 -0.0 -0.37 -0.388 -0.838 -0.0 0.085 -0.539 0.814 0.0 -0.449 -0.368 0.899 0.0 0.048 -0.435 -0.672 -0.0 -0.356 -0.649 -0.68 -0.0 -0.604 0.416 0.648 0.0 -0.389 -0.655 0.695 0.0 -0.582 0.423 
-0.681 0.118 -0.163 -0.704 -0.844 -0.0 -0.369 -0.388 -0.838 -0.0 0.086 -0.539 0.814 0.0 -0.451 -0.367 0.9 0.0 0.046 -0.434 -0.672 -0.0 -0.356 -0.65 -0.68 0.0 -0.604 0.415 0.648 0.0 -0.389 -0.655 0.695 0.0 -0.582 0.423 
-0.681 0.118 -0.163 -0.704 -0.844 -0.0 -0.369 -0.389 -0.838 -0.0 0.086 -0.539 0.813 0.0 -0.452 -0.367 0.9 0.0 0.045 -0.433 -0.672 -0.0 -0.356 -0.649 -0.68 -0.0 -0.604 0.416 0.648 0.0 -0.389 -0.655 0.695 0.0 -0.582 0.423 
-0.681 0.118 -0.163 -0.704 -0.844 0.0 -0.368 -0.389 -0.838 -0.0 0.087 -0.539 0.812 0.0 -0.453 -0.367 0.901 -0.0 0.044 -0.432 -0.672 -0.0 -0.356 -0.65 -0.68 -0.0 -0.604 0.416 0.648 -0.0 -0.389 -0.655 0.695 0.0 -0.582 0.423 
-0.681 0.118 -0.163 -0.704 -0.844 -0.0 -0.368 -0.389 -0.838 -0.0 0.087 -0.539 0.812 0.0 -0.454 -0.367 0.901 0.0 0.043 -0.431 -0.672 -0.0 -0.356 -0.65 -0.68 -0.0 -0.604 0.416 0.648 0.0 -0.389 -0.655 0.695 0.0 -0.582 0.423 
-0.681 0.118 -0.163 -0.704 -0.844 -0.0 -0.368 -0.39 -0.838 -0.0 0.087 -0.539 0.812 0.0 -0.454 -0.367 0.901 0.0 0.043 -0.431 -0.672 0.0 -0.356 -0.65 -0.68 -0.0 -0.604 0.416 0.648 0.0 -0.389 -0.655 0.695 0.0 -0.582 0.423 
-0.681 0.117 -0.163 -0.704 -0.844 -0.0 -0.368 -0.39 -0.838 -0.0 0.087 -0.539 0.812 0.0 -0.455 -0.367 0.901 0.0 0.043 -0.431 -0.672 -0.0 -0.355 -0.65 -0.68 -0.0 -0.604 0.415 0.648 0.0 -0.389 -0.655 0.695 0.0 -0.582 0.422 
-0.682 0.117 -0.163 -0.704 -0.844 -0.0 -0.368 -0.39 -0.838 -0.0 0.086 -0.539 0.811 0.0 -0.455 -0.367 0.902 0.0 0.043 -0.43 -0.672 -0.0 -0.355 -0.65 -0.68 0.0 -0.604 0.416 0.648 0.0 -0.389 -0.655 0.695 -0.0 -0.582 0.422 
-0.681 0.117 -0.163 -0.704 -0.844 -0.0 -0.368 -0.39 -0.838 -0.0 0.086 -0.538 0.811 0.0 -0.454 -0.368 0.902 0.0 0.044 -0.43 -0.672 -0.0 -0.356 -0.65 -0.68 -0.0 -0.604 0.416 0.648 0.0 -0.389 -0.655 0.695 0.0 -0.582 0.422 
-0.682 0.117 -0.163 -0.704 -0.844 -0.0 -0.369 -0.389 -0.839 -0.0 0.085 -0.538 0.811 0.0 -0.454 -0.369 0.902 0.0 0.045 -0.43 -0.672 -0.0 -0.356 -0.65 -0.68 -0.0 -0.604 0.416 0.648 0.0 -0.389 -0.655 0.695 0.0 -0.582 0.423 
-0.682 0.118 -0.163 -0.704 -0.844 -0.0 -0.37 -0.389 -0.839 0.0 0.083 -0.538 0.811 0.0 -0.453 -0.37 0.902 0.0 0.046 -0.43 -0.671 -0.0 -0.356 -0.65 -0.68 -0.0 -0.604 0.416 0.648 0.0 -0.389 -0.655 0.695 0.0 -0.582 0.423 
-0.682 0.118 -0.163 -0.704 -0.844 -0.0 -0.37 -0.389 -0.839 -0.0 0.081 -0.538 0.811 0.0 -0.453 -0.372 0.902 0.0 0.047 -0.43 -0.672 0.0 -0.356 -0.65 -0.68 -0.0 -0.604 0.416 0.648 0.0 -0.389 -0.654 0.695 0.0 -0.582 0.423 
-0.682 0.118 -0.163 -0.704 -0.843 -0.0 -0.371 -0.388 -0.84 -0.0 0.08 -0.537 0.81 0.0 -0.452 -0.373 0.902 0.0 0.049 -0.43 -0.671 0.0 -0.356 -0.65 -0.68 -0.0 -0.604 0.416 0.648 0.0 -0.389 -0.655 0.695 0.0 -0.582 0.423 
-0.682 0.117 -0.163 -0.704 -0.843 -0.0 -0.372 -0.388 -0.84 -0.0 0.078 -0.537 0.81 0.0 -0.451 -0.376 0.901 0.0 0.052 -0.43 -0.671 -0.0 -0.356 -0.65 -0.68 -0.0 -0.604 0.416 0.648 0.0 -0.389 -0.654 0.695 -0.0 -0.582 0.422 
-0.682 0.118 -0.163 -0.703 -0.843 -0.0 -0.374 -0.387 -0.841 -0.0 0.075 -0.536 0.81 0.0 -0.449 -0.377 0.901 0.0 0.054 -0.431 -0.671 -0.0 -0.356 -0.65 -0.68 -0.0 -0.604 0.416 0.648 0.0 -0.389 -0.654 0.695 0.0 -0.582 0.423 
-0.682 0.118 -0.163 -0.703 -0.843 -0.0 -0.375 -0.386 -0.841 -0.0 0.073 -0.535 0.81 0.0 -0.448 -0.379 0.9 0.0 0.056 -0.431 -0.671 -0.0 -0.356 -0.65 -0.68 -0.0 -0.604 0.416 0.648 0.0 -0.389 -0.654 0.695 0.0 -0.582 0.423 
-0.682 0.117 -0.164 -0.703 -0.843 -0.0 -0.376 -0.385 -0.842 -0.0 0.071 -0.535 0.81 0.0 -0.446 -0.382 0.9 0.0 0.059 -0.432 -0.671 -0.0 -0.356 -0.65 -0.68 0.0 -0.604 0.416 0.648 0.0 -0.389 -0.654 0.695 0.0 -0.582 0.423 
-0.682 0.118 -0.164 -0.703 -0.842 -0.0 -0.377 -0.385 -0.842 -0.0 0.068 -0.534 0.81 0.0 -0.444 -0.384 0.899 0.0 0.061 -0.433 -0.671 -0.0 -0.356 -0.65 -0.68 -0.0 -0.604 0.416 0.648 0.0 -0.389 -0.654 0.695 0.0 -0.582 0.423 
-0.682 0.118 -0.164 -0.703 -0.842 -0.0 -0.379 -0.384 -0.843 -0.0 0.066 -0.533 0.81 0.0 -0.442 -0.386 0.899 0.0 0.064 -0.434 -0.671 -0.0 -0.356 -0.65 -0.68 -0.0 -0.604 0.416 0.648 -0.0 -0.389 -0.654 0.695 -0.0 -0.582 0.423 
-0.682 0.118 -0.164 -0.703 -0.842 -0.0 -0.381 -0.383 -0.844 0.0 0.063 -0.533 0.81 0.0 -0.44 -0.388 0.898 -0.0 0.067 -0.435 -0.671 -0.0 -0.356 -0.65 -0.68 -0.0 -0.604 0.416 0.649 0.0 -0.389 -0.654 0.695 -0.0 -0.582 0.423 
-0.682 0.118 -0.164 -0.703 -0.842 -0.0 -0.382 -0.382 -0.845 -0.0 0.06 -0.532 0.81 0.0 -0.438 -0.391 0.897 -0.0 0.07 -0.436 -0.671 0.0 -0.356 -0.65 -0.68 -0.0 -0.604 0.416 0.649 0.0 -0.389 -0.654 0.695 0.0 -0.582 0.423 
-0.682 0.118 -0.164 -0.703 -0.841 -0.0 -0.384 -0.381 -0.846 -0.0 0.057 -0.53 0.81 -0.0 -0.436 -0.393 0.896 0.0 0.073 -0.437 -0.671 -0.0 -0.356 -0.65 -0.68 -0.0 -0.604 0.416 0.649 0.0 -0.39 -0.654 0.695 0.0 -0.582 0.423 
-0.682 0.118 -0.164 -0.703 -0.841 -0.0 -0.385 -0.38 -0.847 0.0 0.054 -0.529 0.81 0.0 -0.433 -0.395 0.896 0.0 0.076 -0.438 -0.671 -0.0 -0.356 -0.65 -0.68 -0.0 -0.604 0.416 0.649 0.0 -0.39 -0.654 0.695 0.0 -0.582 0.423 
-0.682 0.118 -0.164 -0.703 -0.841 -0.0 -0.387 -0.379 -0.848 0.0 0.051 -0.528 0.81 -0.0 -0.431 -0.398 0.895 0.0 0.08 -0.439 -0.671 -0.0 -0.356 -0.65 -0.68 -0.0 -0.604 0.416 0.649 0.0 -0.39 -0.654 0.695 0.0 -0.582 0.423 
-0.682 0.118 -0.164 -0.703 -0.841 -0.0 -0.388 -0.378 -0.849 -0.0 0.048 -0.527 0.81 0.0 -0.428 -0.4 0.894 0.0 0.083 -0.44 -0.672 -0.0 -0.357 -0.649 -0.68 -0.0 -0.604 0.416 0.649 0.0 -0.39 -0.654 0.695 -0.0 -0.581 0.423 
-0.682 0.118 -0.164 -0.703 -0.84 -0.0 -0.39 -0.377 -0.85 -0.0 0.044 -0.525 0.81 0.0 -0.426 -0.403 0.893 0.0 0.086 -0.441 -0.672 -0.0 -0.357 -0.649 -0.68 -0.0 -0.604 0.417 0.649 0.0 -0.391 -0.653 0.695 0.0 -0.581 0.424 
-0.682 0.118 -0.164 -0.703 -0.84 -0.0 -0.391 -0.376 -0.851 -0.0 0.041 -0.524 0.81 0.0 -0.423 -0.406 0.893 0.0 0.089 -0.442 -0.672 -0.0 -0.357 -0.649 -0.68 -0.0 -0.604 0.417 0.649 -0.0 -0.391 -0.653 0.695 -0.0 -0.581 0.424 
-0.682 0.118 -0.165 -0.703 -0.84 0.0 -0.393 -0.374 -0.851 -0.0 0.037 -0.523 0.81 0.0 -0.421 -0.408 0.892 0.0 0.092 -0.443 -0.672 -0.0 -0.358 -0.649 -0.68 0.0 -0.603 0.417 0.649 0.0 -0.391 -0.653 0.695 0.0 -0.581 0.424 
-0.682 0.118 -0.165 -0.703 -0.84 -0.0 -0.395 -0.373 -0.852 -0.0 0.034 -0.522 0.81 0.0 -0.418 -0.411 0.891 0.0 0.096 -0.444 -0.672 -0.0 -0.358 -0.649 -0.68 0.0 -0.603 0.418 0.649 0.0 -0.392 -0.653 0.695 0.0 -0.58 0.425 
-0.682 0.119 -0.165 -0.703 -0.839 -0.0 -0.396 -0.372 -0.853 -0.0 0.031 -0.521 0.81 0.0 -0.415 -0.413 0.89 0.0 0.099 -0.444 -0.672 -0.0 -0.358 -0.649 -0.68 -0.0 -0.603 0.418 0.648 -0.0 -0.392 -0.652 0.695 0.0 -0.58 0.425 
-0.681 0.119 -0.165 -0.703 -0.839 0.0 -0.398 -0.37 -0.853 -0.0 0.028 -0.521 0.81 0.0 -0.413 -0.416 0.89 0.0 0.103 -0.445 -0.672 -0.0 -0.359 -0.648 -0.68 0.0 -0.603 0.418 0.648 0.0 -0.393 -0.652 0.695 0.0 -0.58 0.426 
-0.681 0.119 -0.166 -0.703 -0.839 -0.0 -0.4 -0.369 -0.854 -0.0 0.025 -0.52 0.81 0.0 -0.411 -0.418 0.889 0.0 0.106 -0.446 -0.672 -0.0 -0.359 -0.648 -0.68 -0.0 -0.602 0.419 0.648 0.0 -0.393 -0.652 0.695 0.0 -0.579 0.426 
-0.681 0.119 -0.166 -0.703 -0.839 0.0 -0.402 -0.367 -0.854 0.0 0.022 -0.519 0.81 0.0 -0.408 -0.42 0.888 0.0 0.11 -0.447 -0.672 -0.0 -0.359 -0.648 -0.679 -0.0 -0.602 0.419 0.648 0.0 -0.393 -0.652 0.695 0.0 -0.579 0.426 
-0.681 0.119 -0.166 -0.703 -0.838 -0.0 -0.404 -0.366 -0.855 -0.0 0.02 -0.518 0.81 0.0 -0.406 -0.422 0.887 0.0 0.113 -0.447 -0.672 -0.0 -0.36 -0.648 -0.679 0.0 -0.602 0.42 0.648 0.0 -0.394 -0.652 0.695 0.0 -0.579 0.427 
-0.681 0.119 -0.166 -0.703 -0.838 -0.0 -0.406 -0.364 -0.855 -0.0 0.017 -0.518 0.81 0.0 -0.404 -0.425 0.886 0.0 0.116 -0.448 -0.672 -0.0 -0.36 -0.647 -0.679 -0.0 -0.602 0.42 0.648 0.0 -0.394 -0.652 0.695 0.0 -0.579 0.427 
-0.681 0.12 -0.166 -0.703 -0.838 -0.0 -0.408 -0.362 -0.855 -0.0 0.014 -0.518 0.81 0.0 -0.402 -0.426 0.886 -0.0 0.119 -0.449 -0.672 -0.0 -0.361 -0.647 -0.679 -0.0 -0.601 0.421 0.648 0.0 -0.395 -0.652 0.695 0.0 -0.578 0.427 
-0.681 0.12 -0.167 -0.703 -0.838 -0.0 -0.411 -0.36 -0.855 -0.0 0.012 -0.518 0.81 0.0 -0.4 -0.429 0.885 0.0 0.122 -0.449 -0.672 -0.0 -0.361 -0.647 -0.679 0.0 -0.601 0.421 0.648 0.0 -0.395 -0.652 0.695 0.0 -0.578 0.427 
-0.681 0.12 -0.167 -0.703 -0.837 -0.0 -0.413 -0.358 -0.855 0.0 0.01 -0.519 0.81 0.0 -0.398 -0.43 0.884 -0.0 0.125 -0.45 -0.672 -0.0 -0.361 -0.647 -0.679 0.0 -0.601 0.422 0.648 0.0 -0.395 -0.651 0.695 -0.0 -0.578 0.428 
-0.681 0.12 -0.167 -0.703 -0.837 -0.0 -0.415 -0.356 -0.855 0.0 0.007 -0.519 0.81 0.0 -0.396 -0.432 0.884 0.0 0.128 -0.45 -0.671 -0.0 -0.361 -0.647 -0.679 -0.0 -0.6 0.422 0.648 0.0 -0.395 -0.651 0.695 0.0 -0.578 0.428 
-0.681 0.12 -0.167 -0.703 -0.837 -0.0 -0.417 -0.354 -0.855 -0.0 0.005 -0.519 0.81 0.0 -0.394 -0.433 0.883 -0.0 0.13 -0.451 -0.671 -0.0 -0.362 -0.647 -0.679 -0.0 -0.6 0.422 0.648 0.0 -0.396 -0.651 0.695 -0.0 -0.578 0.428 
-0.681 0.12 -0.167 -0.703 -0.837 -0.0 -0.419 -0.352 -0.855 -0.0 0.003 -0.519 0.81 0.0 -0.393 -0.435 0.882 0.0 0.132 -0.451 -0.671 -0.0 -0.362 -0.647 -0.679 -0.0 -0.6 0.423 0.648 0.0 -0.396 -0.651 0.695 0.0 -0.577 0.429 
-0.681 0.121 -0.167 -0.703 -0.837 -0.0 -0.42 -0.351 -0.855 -0.0 0.001 -0.519 0.81 0.0 -0.392 -0.436 0.882 0.0 0.135 -0.452 -0.671 -0.0 -0.362 -0.647 -0.679 -0.0 -0.6 0.423 0.648 0.0 -0.396 -0.651 0.695 0.0 -0.577 0.429 
-0.681 0.121 -0.167 -0.702 -0.837 -0.0 -0.422 -0.35 -0.855 -0.0 -0.001 -0.518 0.811 0.0 -0.39 -0.437 0.881 -0.0 0.136 -0.452 -0.671 -0.0 -0.363 -0.646 -0.679 -0.0 -0.6 0.423 0.648 0.0 -0.396 -0.651 0.695 0.0 -0.577 0.43 
-0.681 0.121 -0.167 -0.702 -0.836 -0.0 -0.423 -0.349 -0.855 -0.0 -0.002 -0.518 0.811 0.0 -0.389 -0.437 0.881 -0.0 0.138 -0.453 -0.671 -0.0 -0.363 -0.646 -0.679 -0.0 -0.599 0.423 0.648 0.0 -0.397 -0.651 0.695 0.0 -0.577 0.43 
-0.681 0.121 -0.168 -0.702 -0.836 -0.0 -0.424 -0.348 -0.856 0.0 -0.004 -0.518 0.811 0.0 -0.389 -0.438 0.88 0.0 0.139 -0.453 -0.671 -0.0 -0.363 -0.646 -0.679 0.0 -0.599 0.424 0.648 0.0 -0.397 -0.65 0.695 0.0 -0.576 0.43 
-0.681 0.121 -0.168 -0.702 -0.836 0.0 -0.424 -0.347 -0.856 -0.0 -0.004 -0.517 0.811 0.0 -0.388 -0.438 0.88 -0.0 0.139 -0.454 -0.671 -0.0 -0.363 -0.646 -0.679 -0.0 -0.599 0.424 0.648 0.0 -0.397 -0.65 0.695 0.0 -0.576 0.43 
-0.681 0.121 -0.168 -0.702 -0.836 -0.0 -0.425 -0.347 -0.856 -0.0 -0.005 -0.517 0.811 0.0 -0.388 -0.438 0.88 0.0 0.141 -0.455 -0.671 -0.0 -0.364 -0.646 -0.679 -0.0 -0.599 0.424 0.648 0.0 -0.398 -0.65 0.695 0.0 -0.576 0.431 
-0.681 0.122 -0.168 -0.702 -0.836 -0.0 -0.425 -0.347 -0.856 -0.0 -0.005 -0.516 0.811 0.0 -0.388 -0.437 0.879 0.0 0.141 -0.455 -0.671 -0.0 -0.364 -0.646 -0.679 -0.0 -0.599 0.424 0.648 0.0 -0.398 -0.65 0.695 0.0 -0.576 0.431 
-0.681 0.122 -0.168 -0.702 -0.836 -0.0 -0.425 -0.347 -0.857 -0.0 -0.005 -0.516 0.812 0.0 -0.388 -0.437 0.879 -0.0 0.141 -0.455 -0.671 -0.0 -0.364 -0.645 -0.68 -0.0 -0.598 0.424 0.647 0.0 -0.398 -0.65 0.695 0.0 -0.576 0.431 
-0.681 0.122 -0.168 -0.702 -0.836 -0.0 -0.425 -0.348 -0.857 -0.0 -0.004 -0.515 0.812 0.0 -0.388 -0.436 0.879 0.0 0.141 -0.455 -0.671 -0.0 -0.364 -0.645 -0.679 0.0 -0.598 0.425 0.648 0.0 -0.398 -0.65 0.695 0.0 -0.576 0.431 
-0.681 0.122 -0.168 -0.702 -0.836 -0.0 -0.424 -0.349 -0.857 -0.0 -0.003 -0.515 0.812 0.0 -0.388 -0.436 0.879 0.0 0.141 -0.456 -0.671 -0.0 -0.365 -0.645 -0.68 -0.0 -0.598 0.425 0.647 0.0 -0.398 -0.65 0.695 0.0 -0.576 0.432 
-0.681 0.122 -0.168 -0.702 -0.836 0.0 -0.424 -0.35 -0.857 -0.0 -0.002 -0.515 0.812 0.0 -0.389 -0.435 0.879 -0.0 0.14 -0.455 -0.672 -0.0 -0.365 -0.645 -0.68 -0.0 -0.598 0.425 0.648 0.0 -0.398 -0.65 0.695 0.0 -0.576 0.431 
-0.681 0.122 -0.168 -0.702 -0.836 -0.0 -0.423 -0.351 -0.858 0.0 0.0 -0.514 0.812 0.0 -0.39 -0.434 0.879 -0.0 0.139 -0.456 -0.672 -0.0 -0.365 -0.645 -0.68 -0.0 -0.598 0.425 0.647 0.0 -0.399 -0.65 0.695 0.0 -0.576 0.431 
-0.681 0.122 -0.169 -0.702 -0.835 -0.0 -0.422 -0.352 -0.857 -0.0 0.001 -0.515 0.812 0.0 -0.391 -0.433 0.88 0.0 0.138 -0.455 -0.672 0.0 -0.365 -0.644 -0.68 0.0 -0.598 0.425 0.648 0.0 -0.399 -0.649 0.695 0.0 -0.575 0.432 
-0.681 0.123 -0.169 -0.702 -0.835 0.0 -0.421 -0.353 -0.858 -0.0 0.004 -0.514 0.812 0.0 -0.392 -0.431 0.88 0.0 0.136 -0.455 -0.672 -0.0 -0.365 -0.644 -0.68 -0.0 -0.598 0.425 0.648 0.0 -0.399 -0.649 0.695 0.0 -0.575 0.432 
-0.681 0.123 -0.169 -0.702 -0.835 -0.0 -0.42 -0.355 -0.857 -0.0 0.006 -0.515 0.813 0.0 -0.393 -0.43 0.88 0.0 0.135 -0.455 -0.672 -0.0 -0.366 -0.644 -0.68 -0.0 -0.598 0.425 0.648 0.0 -0.399 -0.649 0.694 -0.0 -0.575 0.432 
-0.681 0.123 -0.169 -0.702 -0.836 0.0 -0.419 -0.356 -0.857 0.0 0.008 -0.515 0.813 0.0 -0.395 -0.429 0.881 0.0 0.133 -0.453 -0.672 -0.0 -0.366 -0.644 -0.68 -0.0 -0.598 0.425 0.648 -0.0 -0.399 -0.649 0.695 0.0 -0.575 0.432 
-0.681 0.123 -0.169 -0.702 -0.836 -0.0 -0.418 -0.357 -0.857 -0.0 0.011 -0.515 0.813 0.0 -0.396 -0.427 0.882 0.0 0.131 -0.453 -0.672 0.0 -0.366 -0.644 -0.68 -0.0 -0.598 0.425 0.648 0.0 -0.4 -0.649 0.694 0.0 -0.575 0.432 
-0.681 0.123 -0.169 -0.702 -0.835 -0.0 -0.416 -0.359 -0.856 -0.0 0.014 -0.516 0.813 0.0 -0.398 -0.425 0.883 -0.0 0.129 -0.452 -0.672 -0.0 -0.366 -0.644 -0.68 -0.0 -0.598 0.425 0.648 0.0 -0.4 -0.648 0.695 0.0 -0.575 0.432 
-0.68 0.123 -0.169 -0.702 -0.836 -0.0 -0.415 -0.36 -0.856 -0.0 0.016 -0.517 0.813 0.0 -0.4 -0.424 0.884 -0.0 0.125 -0.45 -0.672 -0.0 -0.366 -0.643 -0.68 -0.0 -0.598 0.425 0.648 0.0 -0.4 -0.648 0.695 0.0 -0.575 0.433 
-0.68 0.123 -0.169 -0.702 -0.836 -0.0 -0.413 -0.362 -0.856 -0.0 0.02 -0.517 0.813 0.0 -0.402 -0.422 0.885 0.0 0.124 -0.449 -0.672 -0.0 -0.366 -0.643 -0.68 -0.0 -0.598 0.425 0.648 0.0 -0.4 -0.648 0.695 0.0 -0.575 0.433 
-0.68 0.124 -0.169 -0.702 -0.836 -0.0 -0.412 -0.363 -0.855 -0.0 0.023 -0.518 0.813 0.0 -0.404 -0.42 0.886 0.0 0.122 -0.447 -0.672 -0.0 -0.367 -0.643 -0.68 -0.0 -0.597 0.426 0.648 0.0 -0.401 -0.648 0.695 -0.0 -0.574 0.433 
-0.68 0.124 -0.17 -0.702 -0.836 -0.0 -0.41 -0.365 -0.855 -0.0 0.026 -0.518 0.813 0.0 -0.407 -0.417 0.887 0.0 0.119 -0.445 -0.672 -0.0 -0.367 -0.643 -0.68 0.0 -0.597 0.426 0.648 -0.0 -0.401 -0.647 0.695 0.0 -0.574 0.433 
-0.68 0.124 -0.17 -0.702 -0.836 -0.0 -0.409 -0.367 -0.854 0.0 0.029 -0.519 0.812 0.0 -0.409 -0.415 0.888 -0.0 0.115 -0.444 -0.672 -0.0 -0.367 -0.643 -0.68 -0.0 -0.597 0.426 0.648 0.0 -0.402 -0.647 0.695 0.0 -0.574 0.434 
-0.68 0.124 -0.17 -0.702 -0.836 -0.0 -0.407 -0.368 -0.854 -0.0 0.032 -0.52 0.813 0.0 -0.411 -0.413 0.89 0.0 0.112 -0.443 -0.672 -0.0 -0.368 -0.642 -0.68 -0.0 -0.597 0.427 0.648 0.0 -0.402 -0.647 0.695 0.0 -0.574 0.434 
-0.68 0.124 -0.17 -0.702 -0.836 -0.0 -0.405 -0.37 -0.853 -0.0 0.035 -0.52 0.813 0.0 -0.414 -0.41 0.891 0.0 0.109 -0.441 -0.672 -0.0 -0.368 -0.642 -0.68 -0.0 -0.596 0.427 0.648 0.0 -0.402 -0.647 0.695 0.0 -0.574 0.434 
-0.68 0.124 -0.17 -0.702 -0.836 -0.0 -0.403 -0.371 -0.853 0.0 0.037 -0.521 0.812 0.0 -0.417 -0.408 0.892 0.0 0.106 -0.44 -0.672 0.0 -0.369 -0.642 -0.68 -0.0 -0.596 0.428 0.648 0.0 -0.402 -0.647 0.695 0.0 -0.573 0.434 
-0.68 0.125 -0.171 -0.702 -0.836 -0.0 -0.402 -0.373 -0.852 -0.0 0.04 -0.521 0.812 0.0 -0.42 -0.405 0.893 0.0 0.1 -0.439 -0.672 -0.0 -0.369 -0.642 -0.68 -0.0 -0.596 0.428 0.648 0.0 -0.403 -0.646 0.695 0.0 -0.573 0.434 
-0.68 0.125 -0.171 -0.702 -0.836 -0.0 -0.4 -0.375 -0.852 -0.0 0.043 -0.522 0.812 0.0 -0.422 -0.403 0.894 0.0 0.097 -0.437 -0.672 -0.0 -0.369 -0.642 -0.68 -0.0 -0.595 0.428 0.648 0.0 -0.403 -0.646 0.695 0.0 -0.573 0.434 
-0.68 0.125 -0.171 -0.702 -0.837 0.0 -0.398 -0.376 -0.851 -0.0 0.046 -0.522 0.812 0.0 -0.425 -0.4 0.895 0.0 0.093 -0.436 -0.672 -0.0 -0.37 -0.642 -0.68 -0.0 -0.595 0.429 0.648 0.0 -0.403 -0.646 0.695 0.0 -0.573 0.435 
-0.68 0.125 -0.171 -0.702 -0.837 -0.0 -0.396 -0.378 -0.851 -0.0 0.049 -0.523 0.812 0.0 -0.428 -0.397 0.896 0.0 0.089 -0.435 -0.672 0.0 -0.37 -0.642 -0.679 -0.0 -0.595 0.429 0.648 0.0 -0.403 -0.646 0.695 0.0 -0.573 0.435 
-0.68 0.125 -0.171 -0.702 -0.837 0.0 -0.395 -0.379 -0.85 0.0 0.052 -0.524 0.812 0.0 -0.432 -0.394 0.897 -0.0 0.086 -0.434 -0.672 -0.0 -0.37 -0.641 -0.679 -0.0 -0.595 0.429 0.648 0.0 -0.404 -0.646 0.695 0.0 -0.572 0.435 
-0.68 0.125 -0.171 -0.702 -0.837 -0.0 -0.393 -0.381 -0.85 -0.0 0.055 -0.524 0.811 0.0 -0.435 -0.391 0.898 -0.0 0.082 -0.432 -0.672 -0.0 -0.37 -0.641 -0.679 -0.0 -0.595 0.43 0.648 0.0 -0.404 -0.645 0.695 0.0 -0.572 0.435 
-0.68 0.125 -0.171 -0.702 -0.837 0.0 -0.392 -0.382 -0.849 -0.0 0.057 -0.525 0.811 0.0 -0.438 -0.388 0.899 0.0 0.079 -0.431 -0.672 -0.0 -0.37 -0.642 -0.679 -0.0 -0.595 0.43 0.648 0.0 -0.404 -0.645 0.695 -0.0 -0.572 0.435 
-0.68 0.125 -0.171 -0.702 -0.837 -0.0 -0.39 -0.383 -0.848 -0.0 0.06 -0.526 0.811 0.0 -0.44 -0.385 0.9 0.0 0.075 -0.43 -0.672 -0.0 -0.371 -0.641 -0.679 -0.0 -0.595 0.43 0.648 0.0 -0.404 -0.645 0.695 0.0 -0.572 0.436 
-0.68 0.125 -0.171 -0.702 -0.837 -0.0 -0.389 -0.384 -0.848 -0.0 0.063 -0.527 0.811 0.0 -0.443 -0.383 0.901 0.0 0.071 -0.428 -0.672 0.0 -0.371 -0.641 -0.679 -0.0 -0.594 0.43 0.648 0.0 -0.404 -0.645 0.695 0.0 -0.572 0.436 
-0.68 0.125 -0.171 -0.702 -0.837 -0.0 -0.388 -0.385 -0.847 0.0 0.066 -0.528 0.811 0.0 -0.446 -0.38 0.902 -0.0 0.067 -0.427 -0.672 -0.0 -0.371 -0.642 -0.679 -0.0 -0.595 0.43 0.648 0.0 -0.404 -0.645 0.695 0.0 -0.572 0.436 
-0.68 0.125 -0.171 -0.702 -0.837 -0.0 -0.387 -0.386 -0.846 -0.0 0.068 -0.528 0.81 0.0 -0.449 -0.377 0.903 -0.0 0.063 -0.426 -0.672 -0.0 -0.371 -0.642 -0.679 -0.0 -0.595 0.43 0.648 0.0 -0.404 -0.645 0.695 0.0 -0.572 0.436 
-0.68 0.125 -0.171 -0.702 -0.837 -0.0 -0.386 -0.387 -0.846 -0.0 0.072 -0.529 0.81 0.0 -0.451 -0.374 0.904 0.0 0.059 -0.424 -0.672 -0.0 -0.371 -0.641 -0.679 -0.0 -0.595 0.43 0.648 0.0 -0.404 -0.645 0.695 0.0 -0.572 0.436 
-0.68 0.125 -0.171 -0.702 -0.837 -0.0 -0.385 -0.388 -0.845 -0.0 0.075 -0.53 0.81 0.0 -0.454 -0.371 0.904 0.0 0.055 -0.423 -0.672 -0.0 -0.371 -0.642 -0.679 -0.0 -0.595 0.43 0.648 0.0 -0.404 -0.645 0.695 0.0 -0.572 0.436 
-0.68 0.125 -0.171 -0.702 -0.837 -0.0 -0.384 -0.389 -0.844 -0.0 0.077 -0.53 0.81 0.0 -0.456 -0.369 0.906 0.0 0.051 -0.421 -0.671 -0.0 -0.371 -0.642 -0.679 0.0 -0.595 0.43 0.648 0.0 -0.404 -0.645 0.695 0.0 -0.572 0.436 
-0.68 0.125 -0.171 -0.702 -0.837 -0.0 -0.384 -0.389 -0.844 0.0 0.079 -0.531 0.81 -0.0 -0.458 -0.367 0.907 0.0 0.047 -0.419 -0.671 -0.0 -0.371 -0.642 -0.679 -0.0 -0.595 0.43 0.648 0.0 -0.404 -0.645 0.695 0.0 -0.572 0.436 
-0.68 0.125 -0.171 -0.702 -0.837 -0.0 -0.384 -0.39 -0.843 -0.0 0.081 -0.532 0.81 0.0 -0.46 -0.365 0.908 0.0 0.044 -0.417 -0.671 -0.0 -0.371 -0.642 -0.679 -0.0 -0.595 0.43 0.648 0.0 -0.404 -0.646 0.695 0.0 -0.573 0.436 
-0.68 0.125 -0.171 -0.702 -0.837 0.0 -0.383 -0.39 -0.842 -0.0 0.083 -0.532 0.81 0.0 -0.461 -0.363 0.909 -0.0 0.04 -0.415 -0.671 -0.0 -0.371 -0.642 -0.679 -0.0 -0.595 0.429 0.648 0.0 -0.404 -0.646 0.695 0.0 -0.573 0.436 
-0.68 0.125 -0.171 -0.702 -0.837 -0.0 -0.383 -0.39 -0.842 0.0 0.085 -0.533 0.809 0.0 -0.463 -0.361 0.91 -0.0 0.037 -0.413 -0.671 -0.0 -0.37 -0.642 -0.679 -0.0 -0.595 0.429 0.648 0.0 -0.404 -0.646 0.695 0.0 -0.572 0.436 
-0.68 0.125 -0.171 -0.702 -0.837 -0.0 -0.383 -0.391 -0.841 0.0 0.087 -0.534 0.809 0.0 -0.465 -0.36 0.911 0.0 0.034 -0.41 -0.671 -0.0 -0.37 -0.642 -0.679 -0.0 -0.595 0.429 0.648 0.0 -0.404 -0.646 0.695 0.0 -0.573 0.436 
-0.681 0.126 -0.171 -0.701 -0.837 0.0 -0.384 -0.39 -0.84 -0.0 0.088 -0.535 0.809 0.0 -0.466 -0.359 0.912 0.0 0.032 -0.408 -0.671 -0.0 -0.37 -0.642 -0.679 -0.0 -0.595 0.429 0.648 0.0 -0.404 -0.646 0.695 0.0 -0.573 0.435 
-0.681 0.126 -0.17 -0.702 -0.837 -0.0 -0.384 -0.39 -0.84 -0.0 0.089 -0.535 0.809 0.0 -0.467 -0.358 0.914 0.0 0.03 -0.405 -0.671 -0.0 -0.37 -0.642 -0.68 -0.0 -0.596 0.428 0.648 0.0 -0.403 -0.646 0.694 0.0 -0.573 0.435 
-0.681 0.125 -0.17 -0.702 -0.837 -0.0 -0.384 -0.39 -0.84 0.0 0.09 -0.536 0.808 0.0 -0.468 -0.357 0.914 -0.0 0.029 -0.404 -0.671 -0.0 -0.37 -0.642 -0.679 -0.0 -0.596 0.428 0.648 0.0 -0.403 -0.646 0.695 -0.0 -0.573 0.435 
-0.68 0.125 -0.17 -0.702 -0.837 -0.0 -0.384 -0.39 -0.839 0.0 0.09 -0.536 0.808 0.0 -0.469 -0.356 0.915 0.0 0.027 -0.402 -0.672 -0.0 -0.369 -0.642 -0.68 -0.0 -0.596 0.428 0.648 0.0 -0.403 -0.646 0.695 0.0 -0.573 0.435 
-0.68 0.125 -0.17 -0.702 -0.837 -0.0 -0.384 -0.39 -0.839 -0.0 0.089 -0.536 0.808 0.0 -0.47 -0.356 0.916 0.0 0.026 -0.401 -0.672 -0.0 -0.369 -0.642 -0.68 -0.0 -0.596 0.427 0.648 0.0 -0.403 -0.646 0.695 0.0 -0.574 0.434 
-0.68 0.125 -0.17 -0.702 -0.837 -0.0 -0.384 -0.389 -0.84 0.0 0.089 -0.536 0.808 0.0 -0.47 -0.355 0.916 -0.0 0.026 -0.4 -0.672 -0.0 -0.369 -0.643 -0.68 -0.0 -0.597 0.427 0.648 -0.0 -0.402 -0.647 0.695 -0.0 -0.574 0.434 
-0.68 0.125 -0.17 -0.702 -0.837 -0.0 -0.385 -0.389 -0.84 0.0 0.088 -0.536 0.807 0.0 -0.471 -0.356 0.917 -0.0 0.026 -0.398 -0.672 -0.0 -0.368 -0.643 -0.68 0.0 -0.597 0.426 0.648 0.0 -0.402 -0.647 0.695 0.0 -0.574 0.434 
-0.681 0.125 -0.17 -0.702 -0.837 -0.0 -0.385 -0.389 -0.84 -0.0 0.087 -0.535 0.807 -0.0 -0.471 -0.356 0.917 0.0 0.026 -0.397 -0.672 -0.0 -0.368 -0.643 -0.68 -0.0 -0.597 0.426 0.649 0.0 -0.402 -0.647 0.695 0.0 -0.574 0.433 
-0.681 0.124 -0.17 -0.702 -0.837 -0.0 -0.386 -0.388 -0.84 -0.0 0.086 -0.535 0.807 0.0 -0.47 -0.356 0.918 0.0 0.026 -0.397 -0.672 -0.0 -0.368 -0.643 -0.68 -0.0 -0.597 0.426 0.649 0.0 -0.401 -0.647 0.695 0.0 -0.574 0.433 
-0.681 0.125 -0.169 -0.702 -0.836 -0.0 -0.387 -0.388 -0.841 -0.0 0.084 -0.535 0.808 -0.0 -0.47 -0.356 0.918 0.0 0.027 -0.396 -0.671 -0.0 -0.368 -0.643 -0.68 -0.0 -0.597 0.426 0.649 0.0 -0.401 -0.647 0.695 0.0 -0.575 0.433 
-0.681 0.125 -0.169 -0.701 -0.836 -0.0 -0.388 -0.387 -0.841 0.0 0.082 -0.534 0.808 -0.0 -0.469 -0.357 0.918 0.0 0.028 -0.396 -0.671 0.0 -0.368 -0.643 -0.68 0.0 -0.597 0.425 0.649 -0.0 -0.401 -0.647 0.695 0.0 -0.575 0.433 
-0.681 0.125 -0.169 -0.702 -0.836 -0.0 -0.389 -0.386 -0.842 -0.0 0.08 -0.533 0.807 -0.0 -0.469 -0.358 0.918 0.0 0.029 -0.396 -0.671 -0.0 -0.368 -0.643 -0.68 -0.0 -0.598 0.425 0.649 0.0 -0.4 -0.647 0.695 0.0 -0.575 0.433 
-0.681 0.124 -0.169 -0.701 -0.836 -0.0 -0.39 -0.385 -0.843 -0.0 0.076 -0.533 0.808 0.0 -0.467 -0.36 0.918 0.0 0.031 -0.396 -0.671 -0.0 -0.368 -0.644 -0.68 -0.0 -0.598 0.425 0.649 0.0 -0.4 -0.647 0.695 0.0 -0.575 0.433 
-0.681 0.124 -0.169 -0.701 -0.836 0.0 -0.392 -0.384 -0.843 -0.0 0.073 -0.532 0.808 0.0 -0.466 -0.361 0.918 0.0 0.033 -0.396 -0.671 -0.0 -0.368 -0.644 -0.68 -0.0 -0.598 0.425 0.65 0.0 -0.4 -0.647 0.694 0.0 -0.575 0.432 
-0.681 0.124 -0.169 -0.701 -0.836 -0.0 -0.393 -0.383 -0.844 0.0 0.07 -0.532 0.808 -0.0 -0.465 -0.363 0.917 0.0 0.035 -0.397 -0.671 -0.0 -0.368 -0.644 -0.68 -0.0 -0.598 0.425 0.65 0.0 -0.4 -0.646 0.695 0.0 -0.575 0.432 
-0.682 0.124 -0.169 -0.701 -0.836 -0.0 -0.394 -0.382 -0.845 -0.0 0.067 -0.53 0.808 0.0 -0.463 -0.365 0.917 0.0 0.037 -0.398 -0.671 0.0 -0.368 -0.644 -0.68 -0.0 -0.598 0.425 0.65 0.0 -0.4 -0.646 0.695 0.0 -0.575 0.433 
-0.681 0.124 -0.169 -0.701 -0.836 -0.0 -0.395 -0.381 -0.846 -0.0 0.065 -0.529 0.807 0.0 -0.462 -0.367 0.916 -0.0 0.039 -0.398 -0.671 -0.0 -0.367 -0.644 -0.68 0.0 -0.598 0.424 0.649 0.0 -0.4 -0.647 0.694 0.0 -0.575 0.432 
-0.681 0.124 -0.169 -0.702 -0.836 -0.0 -0.396 -0.38 -0.847 -0.0 0.062 -0.528 0.807 0.0 -0.46 -0.369 0.916 0.0 0.042 -0.4 -0.672 -0.0 -0.367 -0.644 -0.68 -0.0 -0.598 0.425 0.649 0.0 -0.4 -0.647 0.695 0.0 -0.575 0.432 
-0.681 0.124 -0.169 -0.702 -0.836 -0.0 -0.398 -0.378 -0.848 0.0 0.059 -0.527 0.807 0.0 -0.458 -0.372 0.915 0.0 0.044 -0.401 -0.672 -0.0 -0.367 -0.644 -0.68 -0.0 -0.598 0.425 0.649 0.0 -0.4 -0.647 0.695 0.0 -0.575 0.432 
-0.681 0.124 -0.169 -0.702 -0.836 -0.0 -0.4 -0.377 -0.848 -0.0 0.056 -0.527 0.808 0.0 -0.456 -0.374 0.914 0.0 0.046 -0.403 -0.672 -0.0 -0.367 -0.644 -0.68 -0.0 -0.598 0.425 0.649 -0.0 -0.4 -0.647 0.695 0.0 -0.575 0.432 
-0.681 0.124 -0.169 -0.702 -0.835 -0.0 -0.401 -0.375 -0.849 -0.0 0.053 -0.525 0.808 0.0 -0.454 -0.377 0.913 0.0 0.049 -0.404 -0.672 -0.0 -0.367 -0.644 -0.68 -0.0 -0.598 0.425 0.649 0.0 -0.4 -0.647 0.695 0.0 -0.575 0.432 
-0.681 0.124 -0.169 -0.702 -0.835 -0.0 -0.403 -0.374 -0.85 -0.0 0.05 -0.524 0.808 0.0 -0.452 -0.379 0.913 0.0 0.052 -0.405 -0.672 -0.0 -0.367 -0.644 -0.68 0.0 -0.598 0.425 0.649 0.0 -0.4 -0.647 0.695 0.0 -0.575 0.432 
-0.681 0.123 -0.169 -0.702 -0.835 -0.0 -0.405 -0.373 -0.851 -0.0 0.048 -0.523 0.808 0.0 -0.449 -0.381 0.912 0.0 0.055 -0.407 -0.672 -0.0 -0.366 -0.644 -0.68 -0.0 -0.598 0.425 0.649 0.0 -0.4 -0.647 0.695 -0.0 -0.575 0.432 
-0.681 0.123 -0.169 -0.702 -0.834 -0.0 -0.407 -0.371 -0.852 -0.0 0.045 -0.522 0.808 -0.0 -0.447 -0.384 0.911 0.0 0.058 -0.409 -0.672 0.0 -0.367 -0.643 -0.68 -0.0 -0.598 0.425 0.649 0.0 -0.4 -0.647 0.695 0.0 -0.575 0.432 
-0.681 0.124 -0.169 -0.702 -0.834 0.0 -0.41 -0.37 -0.852 0.0 0.042 -0.521 0.808 0.0 -0.444 -0.386 0.91 0.0 0.061 -0.411 -0.672 -0.0 -0.367 -0.643 -0.68 -0.0 -0.598 0.425 0.649 0.0 -0.401 -0.647 0.695 0.0 -0.575 0.433 
-0.681 0.124 -0.169 -0.702 -0.833 -0.0 -0.412 -0.368 -0.853 -0.0 0.04 -0.521 0.808 0.0 -0.442 -0.389 0.909 0.0 0.064 -0.412 -0.672 0.0 -0.367 -0.643 -0.68 -0.0 -0.597 0.425 0.649 0.0 -0.401 -0.647 0.695 0.0 -0.574 0.433 
-0.681 0.124 -0.169 -0.702 -0.833 -0.0 -0.415 -0.366 -0.853 -0.0 0.037 -0.52 0.808 0.0 -0.439 -0.392 0.908 0.0 0.068 -0.413 -0.672 -0.0 -0.367 -0.643 -0.68 -0.0 -0.597 0.425 0.649 0.0 -0.401 -0.647 0.695 0.0 -0.574 0.433 
-0.681 0.124 -0.17 -0.702 -0.832 -0.0 -0.418 -0.365 -0.853 -0.0 0.035 -0.52 0.808 0.0 -0.437 -0.394 0.907 0.0 0.072 -0.414 -0.672 -0.0 -0.368 -0.643 -0.68 -0.0 -0.597 0.426 0.649 0.0 -0.401 -0.647 0.695 0.0 -0.574 0.434 
-0.681 0.124 -0.17 -0.702 -0.831 -0.0 -0.421 -0.363 -0.854 -0.0 0.033 -0.519 0.809 0.0 -0.434 -0.397 0.907 0.0 0.075 -0.415 -0.672 -0.0 -0.368 -0.643 -0.68 0.0 -0.597 0.426 0.649 0.0 -0.402 -0.647 0.695 0.0 -0.574 0.434 
-0.681 0.124 -0.17 -0.702 -0.83 -0.0 -0.425 -0.361 -0.854 0.0 0.031 -0.519 0.809 0.0 -0.432 -0.399 0.906 0.0 0.079 -0.417 -0.672 -0.0 -0.368 -0.642 -0.68 0.0 -0.597 0.426 0.648 0.0 -0.402 -0.647 0.694 -0.0 -0.573 0.435 
-0.681 0.124 -0.17 -0.701 -0.829 -0.0 -0.428 -0.359 -0.854 0.0 0.029 -0.519 0.809 0.0 -0.43 -0.402 0.905 0.0 0.083 -0.418 -0.672 -0.0 -0.369 -0.642 -0.68 -0.0 -0.596 0.426 0.648 0.0 -0.402 -0.646 0.694 0.0 -0.573 0.435 
-0.681 0.125 -0.17 -0.701 -0.828 -0.0 -0.431 -0.358 -0.855 -0.0 0.027 -0.518 0.809 0.0 -0.427 -0.404 0.904 0.0 0.086 -0.419 -0.672 -0.0 -0.369 -0.642 -0.68 -0.0 -0.596 0.426 0.648 0.0 -0.403 -0.646 0.694 0.0 -0.573 0.436 
-0.681 0.125 -0.17 -0.701 -0.827 0.0 -0.435 -0.356 -0.855 -0.0 0.026 -0.518 0.809 0.0 -0.426 -0.406 0.903 0.0 0.09 -0.42 -0.672 -0.0 -0.369 -0.642 -0.68 -0.0 -0.596 0.427 0.648 0.0 -0.403 -0.646 0.694 0.0 -0.572 0.436 
-0.681 0.125 -0.17 -0.701 -0.826 -0.0 -0.438 -0.354 -0.855 -0.0 0.024 -0.518 0.809 0.0 -0.424 -0.408 0.902 0.0 0.094 -0.422 -0.672 -0.0 -0.369 -0.641 -0.68 -0.0 -0.596 0.427 0.648 0.0 -0.403 -0.646 0.694 0.0 -0.572 0.436 
