# T   LUA LFA RUA RFA LT  LS  RT  RS  
0.976 -0.036 0.029 0.212 -0.756 -0.0 -0.645 0.109 -0.973 -0.0 -0.049 -0.227 0.751 -0.0 -0.652 0.103 0.972 0.0 -0.056 -0.227 -0.691 -0.0 -0.714 0.116 -1.0 -0.0 0.003 -0.011 0.646 0.0 -0.763 0.034 0.999 0.0 0.025 0.043 
0.976 -0.036 0.029 0.212 -0.757 0.0 -0.645 0.109 -0.973 -0.0 -0.049 -0.227 0.751 0.0 -0.653 0.103 0.972 0.0 -0.056 -0.227 -0.691 -0.0 -0.713 0.117 -1.0 -0.0 0.004 -0.012 0.646 0.0 -0.763 0.033 0.999 0.0 0.025 0.044 
0.976 -0.036 0.031 0.211 -0.758 -0.0 -0.644 0.109 -0.973 -0.0 -0.05 -0.226 0.749 0.0 -0.654 0.103 0.972 0.0 -0.055 -0.227 -0.692 -0.0 -0.712 0.119 -1.0 -0.0 0.003 -0.014 0.643 -0.0 -0.765 0.034 0.999 0.0 0.028 0.044 
0.976 -0.036 0.031 0.211 -0.757 -0.0 -0.644 0.107 -0.973 -0.0 -0.048 -0.224 0.749 0.0 -0.655 0.103 0.972 0.0 -0.055 -0.227 -0.693 -0.0 -0.711 0.119 -1.0 -0.0 0.002 -0.014 0.643 0.0 -0.765 0.033 0.999 0.0 0.027 0.046 
0.976 -0.035 0.031 0.211 -0.758 -0.0 -0.644 0.106 -0.974 -0.0 -0.047 -0.223 0.749 0.0 -0.655 0.102 0.972 0.0 -0.055 -0.227 -0.694 0.0 -0.71 0.12 -1.0 -0.0 0.001 -0.014 0.643 0.0 -0.765 0.031 0.999 0.0 0.026 0.048 
0.976 -0.035 0.031 0.212 -0.758 0.0 -0.643 0.106 -0.974 -0.0 -0.048 -0.223 0.749 -0.0 -0.655 0.102 0.972 0.0 -0.055 -0.227 -0.694 -0.0 -0.71 0.121 -1.0 0.0 0.001 -0.015 0.643 0.0 -0.765 0.029 0.998 0.0 0.025 0.05 
0.976 -0.035 0.031 0.212 -0.758 -0.0 -0.643 0.106 -0.974 -0.0 -0.048 -0.222 0.749 0.0 -0.655 0.101 0.972 -0.0 -0.054 -0.227 -0.694 -0.0 -0.709 0.122 -1.0 0.0 -0.0 -0.015 0.643 0.0 -0.765 0.027 0.998 0.0 0.024 0.052 
0.976 -0.035 0.031 0.212 -0.759 0.0 -0.643 0.105 -0.974 0.0 -0.048 -0.221 0.748 0.0 -0.656 0.101 0.972 -0.0 -0.053 -0.227 -0.695 -0.0 -0.709 0.122 -1.0 -0.0 -0.001 -0.016 0.643 0.0 -0.765 0.025 0.998 0.0 0.023 0.056 
0.976 -0.035 0.031 0.213 -0.759 -0.0 -0.642 0.105 -0.974 -0.0 -0.049 -0.22 0.749 0.0 -0.656 0.1 0.972 0.0 -0.053 -0.227 -0.695 -0.0 -0.708 0.123 -1.0 -0.0 -0.002 -0.016 0.643 0.0 -0.765 0.023 0.998 0.0 0.022 0.059 
0.976 -0.035 0.031 0.213 -0.759 -0.0 -0.643 0.104 -0.975 -0.0 -0.048 -0.219 0.749 0.0 -0.656 0.099 0.972 -0.0 -0.052 -0.227 -0.695 -0.0 -0.708 0.124 -1.0 -0.0 -0.003 -0.017 0.644 -0.0 -0.765 0.021 0.998 0.0 0.021 0.061 
0.976 -0.035 0.03 0.214 -0.758 -0.0 -0.643 0.105 -0.975 -0.0 -0.048 -0.218 0.749 0.0 -0.656 0.098 0.972 0.0 -0.051 -0.228 -0.695 -0.0 -0.708 0.125 -1.0 -0.0 -0.003 -0.018 0.644 0.0 -0.764 0.018 0.998 0.0 0.02 0.064 
0.976 -0.035 0.029 0.214 -0.758 0.0 -0.644 0.103 -0.975 -0.0 -0.047 -0.216 0.749 0.0 -0.656 0.098 0.972 0.0 -0.051 -0.229 -0.695 -0.0 -0.708 0.126 -1.0 0.0 -0.004 -0.018 0.645 0.0 -0.764 0.016 0.998 0.0 0.02 0.067 
0.976 -0.036 0.029 0.215 -0.758 -0.0 -0.644 0.103 -0.976 -0.0 -0.048 -0.215 0.749 0.0 -0.655 0.097 0.972 0.0 -0.051 -0.229 -0.695 -0.0 -0.708 0.127 -1.0 -0.0 -0.004 -0.019 0.646 0.0 -0.763 0.013 0.997 0.0 0.017 0.071 
0.975 -0.036 0.028 0.216 -0.758 -0.0 -0.644 0.104 -0.976 -0.0 -0.049 -0.214 0.751 0.0 -0.653 0.095 0.972 0.0 -0.051 -0.23 -0.695 -0.0 -0.708 0.128 -1.0 -0.0 -0.005 -0.019 0.647 0.0 -0.763 0.01 0.997 0.0 0.018 0.073 
0.975 -0.036 0.027 0.216 -0.757 -0.0 -0.645 0.103 -0.976 0.0 -0.048 -0.212 0.752 0.0 -0.652 0.095 0.971 0.0 -0.052 -0.232 -0.695 -0.0 -0.708 0.129 -1.0 -0.0 -0.006 -0.02 0.647 0.0 -0.762 0.008 0.997 0.0 0.017 0.076 
0.975 -0.036 0.026 0.217 -0.757 -0.0 -0.645 0.104 -0.976 0.0 -0.05 -0.21 0.752 0.0 -0.652 0.095 0.971 0.0 -0.05 -0.232 -0.694 0.0 -0.708 0.131 -1.0 -0.0 -0.006 -0.021 0.648 0.0 -0.761 0.007 0.997 0.0 0.015 0.077 
0.975 -0.036 0.024 0.218 -0.756 -0.0 -0.646 0.104 -0.977 -0.0 -0.049 -0.209 0.751 0.0 -0.654 0.095 0.971 0.0 -0.047 -0.235 -0.694 -0.0 -0.708 0.131 -1.0 -0.0 -0.007 -0.021 0.649 -0.0 -0.761 0.004 0.997 -0.0 0.014 0.079 
0.975 -0.036 0.023 0.218 -0.756 -0.0 -0.647 0.103 -0.977 -0.0 -0.049 -0.206 0.753 0.0 -0.652 0.094 0.971 0.0 -0.051 -0.233 -0.693 0.0 -0.709 0.133 -1.0 -0.0 -0.007 -0.022 0.65 0.0 -0.76 0.002 0.997 0.0 0.012 0.082 
0.975 -0.037 0.022 0.219 -0.755 0.0 -0.647 0.104 -0.977 -0.0 -0.05 -0.206 0.752 0.0 -0.652 0.095 0.971 0.0 -0.047 -0.236 -0.693 -0.0 -0.709 0.134 -1.0 -0.0 -0.008 -0.022 0.649 -0.0 -0.76 0.001 0.996 -0.0 0.013 0.083 
0.975 -0.037 0.021 0.219 -0.755 0.0 -0.647 0.104 -0.978 -0.0 -0.05 -0.204 0.752 0.0 -0.652 0.095 0.97 0.0 -0.048 -0.236 -0.692 -0.0 -0.709 0.135 -1.0 -0.0 -0.008 -0.023 0.651 0.0 -0.759 -0.0 0.996 0.0 0.01 0.085 
0.975 -0.037 0.02 0.22 -0.755 -0.0 -0.648 0.105 -0.978 -0.0 -0.051 -0.204 0.756 0.0 -0.648 0.093 0.971 0.0 -0.053 -0.235 -0.692 0.0 -0.709 0.136 -1.0 -0.0 -0.009 -0.023 0.651 0.0 -0.759 -0.001 0.996 0.0 0.009 0.086 
0.975 -0.037 0.019 0.22 -0.755 -0.0 -0.648 0.105 -0.978 -0.0 -0.051 -0.202 0.755 0.0 -0.649 0.094 0.971 0.0 -0.052 -0.235 -0.692 -0.0 -0.709 0.136 -1.0 -0.0 -0.009 -0.023 0.652 0.0 -0.758 -0.004 0.996 0.0 0.007 0.087 
0.974 -0.038 0.018 0.222 -0.754 -0.0 -0.649 0.105 -0.978 -0.0 -0.05 -0.2 0.757 0.0 -0.647 0.094 0.97 0.0 -0.054 -0.237 -0.691 -0.0 -0.709 0.138 -1.0 -0.0 -0.01 -0.023 0.653 0.0 -0.757 -0.004 0.996 0.0 0.008 0.087 
0.974 -0.038 0.017 0.223 -0.753 -0.0 -0.649 0.107 -0.978 -0.0 -0.05 -0.201 0.758 -0.0 -0.646 0.094 0.97 0.0 -0.057 -0.236 -0.691 -0.0 -0.709 0.138 -1.0 -0.0 -0.011 -0.022 0.653 0.0 -0.758 -0.006 0.996 -0.0 0.009 0.09 
0.974 -0.038 0.016 0.224 -0.753 -0.0 -0.65 0.106 -0.979 -0.0 -0.049 -0.198 0.756 0.0 -0.647 0.096 0.97 0.0 -0.055 -0.238 -0.691 0.0 -0.709 0.138 -1.0 -0.0 -0.012 -0.02 0.654 0.0 -0.757 -0.008 0.996 0.0 0.007 0.092 
0.973 -0.038 0.013 0.227 -0.751 0.0 -0.651 0.105 -0.979 -0.0 -0.047 -0.196 0.759 0.0 -0.644 0.095 0.969 0.0 -0.057 -0.239 -0.69 -0.0 -0.71 0.138 -1.0 -0.0 -0.013 -0.02 0.657 0.0 -0.754 -0.012 0.995 0.0 0.005 0.098 
0.973 -0.039 0.012 0.229 -0.751 -0.0 -0.652 0.106 -0.98 -0.0 -0.046 -0.196 0.76 0.0 -0.642 0.094 0.969 0.0 -0.059 -0.239 -0.69 -0.0 -0.71 0.139 -1.0 -0.0 -0.014 -0.018 0.659 0.0 -0.752 -0.015 0.995 0.0 0.003 0.103 
0.972 -0.039 0.011 0.232 -0.75 -0.0 -0.653 0.106 -0.98 -0.0 -0.044 -0.195 0.759 0.0 -0.644 0.096 0.969 0.0 -0.058 -0.24 -0.689 -0.0 -0.711 0.139 -1.0 -0.0 -0.015 -0.016 0.66 0.0 -0.751 -0.017 0.994 -0.0 0.003 0.106 
0.971 -0.04 0.01 0.234 -0.749 -0.0 -0.654 0.106 -0.98 -0.0 -0.042 -0.194 0.762 0.0 -0.64 0.096 0.969 0.0 -0.063 -0.239 -0.689 -0.0 -0.711 0.138 -1.0 -0.0 -0.016 -0.013 0.661 0.0 -0.75 -0.02 0.994 0.0 0.002 0.111 
0.971 -0.04 0.008 0.237 -0.748 -0.0 -0.655 0.106 -0.98 -0.0 -0.04 -0.194 0.761 0.0 -0.641 0.098 0.969 0.0 -0.063 -0.24 -0.689 -0.0 -0.711 0.139 -1.0 0.0 -0.016 -0.011 0.662 0.0 -0.749 -0.022 0.993 0.0 0.002 0.115 
0.972 -0.044 0.009 0.231 -0.749 -0.0 -0.654 0.107 -0.981 -0.0 -0.041 -0.191 0.763 0.0 -0.638 0.103 0.969 0.0 -0.065 -0.239 -0.69 -0.0 -0.71 0.142 -1.0 0.0 -0.018 -0.007 0.665 0.0 -0.747 -0.005 0.994 0.0 -0.001 0.108 
0.973 -0.047 0.01 0.225 -0.75 -0.0 -0.652 0.109 -0.981 -0.0 -0.044 -0.191 0.76 0.0 -0.64 0.111 0.968 -0.0 -0.064 -0.241 -0.692 -0.0 -0.707 0.145 -1.0 -0.0 -0.018 -0.002 0.668 0.0 -0.744 0.012 0.995 0.0 -0.002 0.098 
0.973 -0.048 0.009 0.227 -0.749 -0.0 -0.653 0.11 -0.981 -0.0 -0.041 -0.191 0.76 0.0 -0.639 0.113 0.969 0.0 -0.065 -0.24 -0.692 -0.0 -0.707 0.144 -1.0 -0.0 -0.018 0.004 0.669 0.0 -0.743 0.014 0.995 0.0 -0.003 0.099 
0.973 -0.05 0.007 0.224 -0.748 -0.0 -0.654 0.112 -0.981 -0.0 -0.042 -0.191 0.762 0.0 -0.637 0.117 0.969 0.0 -0.066 -0.239 -0.692 -0.0 -0.708 0.143 -1.0 -0.0 -0.019 0.011 0.674 0.0 -0.738 0.024 0.995 0.0 -0.007 0.095 
0.97 -0.047 0.011 0.238 -0.751 -0.0 -0.652 0.11 -0.981 -0.0 -0.035 -0.193 0.76 0.0 -0.64 0.112 0.969 -0.0 -0.072 -0.236 -0.695 -0.0 -0.706 0.135 -1.0 -0.0 -0.02 0.017 0.661 0.0 -0.75 0.003 0.994 -0.0 0.004 0.107 
0.97 -0.047 0.01 0.24 -0.75 -0.0 -0.652 0.111 -0.98 -0.0 -0.034 -0.195 0.759 0.0 -0.641 0.115 0.969 0.0 -0.072 -0.236 -0.696 0.0 -0.707 0.13 -0.999 -0.0 -0.023 0.025 0.661 0.0 -0.75 0.006 0.994 0.0 0.006 0.106 
0.969 -0.048 0.01 0.241 -0.75 -0.0 -0.652 0.111 -0.98 -0.0 -0.032 -0.196 0.759 0.0 -0.64 0.118 0.969 0.0 -0.074 -0.234 -0.697 -0.0 -0.706 0.125 -0.999 -0.0 -0.022 0.034 0.661 0.0 -0.75 0.01 0.995 0.0 0.007 0.104 
0.969 -0.049 0.013 0.241 -0.752 -0.0 -0.65 0.113 -0.98 -0.0 -0.033 -0.197 0.758 0.0 -0.641 0.121 0.97 0.0 -0.074 -0.233 -0.699 -0.0 -0.705 0.12 -0.999 0.0 -0.022 0.044 0.659 0.0 -0.752 0.019 0.995 0.0 0.008 0.1 
0.969 -0.05 0.013 0.243 -0.752 -0.0 -0.649 0.115 -0.979 -0.0 -0.033 -0.2 0.758 0.0 -0.641 0.123 0.97 0.0 -0.076 -0.231 -0.701 -0.0 -0.704 0.114 -0.998 -0.0 -0.024 0.056 0.658 0.0 -0.753 0.023 0.995 0.0 0.012 0.097 
0.968 -0.05 0.013 0.245 -0.752 -0.0 -0.648 0.116 -0.979 -0.0 -0.033 -0.202 0.758 -0.0 -0.64 0.126 0.97 -0.0 -0.078 -0.229 -0.701 0.0 -0.706 0.105 -0.997 -0.0 -0.023 0.069 0.656 0.0 -0.754 0.027 0.995 0.0 0.016 0.095 
0.967 -0.051 0.013 0.247 -0.752 -0.0 -0.649 0.118 -0.978 -0.0 -0.032 -0.205 0.757 0.0 -0.64 0.128 0.97 0.0 -0.078 -0.229 -0.7 -0.0 -0.708 0.094 -0.996 -0.0 -0.017 0.084 0.655 0.0 -0.755 0.029 0.995 -0.0 0.019 0.094 
0.967 -0.051 0.014 0.251 -0.753 -0.0 -0.647 0.122 -0.977 -0.0 -0.034 -0.21 0.758 -0.0 -0.639 0.13 0.971 0.0 -0.083 -0.226 -0.697 -0.0 -0.712 0.082 -0.995 0.0 -0.009 0.101 0.652 0.0 -0.757 0.033 0.996 0.0 0.024 0.092 
0.966 -0.051 0.014 0.254 -0.752 -0.0 -0.647 0.124 -0.976 -0.0 -0.035 -0.214 0.759 -0.0 -0.638 0.131 0.971 0.0 -0.085 -0.224 -0.693 -0.0 -0.718 0.068 -0.993 -0.0 0.001 0.119 0.65 -0.0 -0.759 0.035 0.996 0.0 0.028 0.09 
0.965 -0.052 0.013 0.257 -0.752 -0.0 -0.647 0.126 -0.976 -0.0 -0.035 -0.217 0.759 -0.0 -0.637 0.133 0.971 0.0 -0.086 -0.222 -0.688 -0.0 -0.724 0.054 -0.99 -0.0 0.011 0.138 0.649 0.0 -0.76 0.038 0.996 0.0 0.032 0.088 
0.964 -0.052 0.012 0.261 -0.752 -0.0 -0.646 0.128 -0.975 -0.0 -0.037 -0.22 0.759 0.0 -0.636 0.135 0.971 -0.0 -0.085 -0.221 -0.684 -0.0 -0.729 0.039 -0.987 -0.0 0.019 0.157 0.649 0.0 -0.76 0.041 0.996 0.0 0.035 0.086 
0.963 -0.053 0.012 0.265 -0.751 -0.0 -0.647 0.13 -0.974 -0.0 -0.037 -0.223 0.761 0.0 -0.635 0.136 0.972 0.0 -0.088 -0.218 -0.678 -0.0 -0.734 0.023 -0.984 -0.0 0.027 0.178 0.649 0.0 -0.76 0.044 0.996 -0.0 0.038 0.083 
0.962 -0.053 0.011 0.269 -0.751 -0.0 -0.647 0.132 -0.973 0.0 -0.038 -0.227 0.762 -0.0 -0.633 0.137 0.973 0.0 -0.09 -0.215 -0.675 -0.0 -0.738 0.004 -0.979 0.0 0.031 0.201 0.648 0.0 -0.76 0.048 0.996 0.0 0.04 0.079 
0.961 -0.053 0.01 0.273 -0.75 -0.0 -0.647 0.134 -0.972 0.0 -0.04 -0.231 0.763 0.0 -0.632 0.138 0.973 0.0 -0.091 -0.212 -0.672 0.0 -0.741 -0.015 -0.974 -0.0 0.029 0.225 0.648 0.0 -0.76 0.052 0.996 0.0 0.042 0.076 
0.959 -0.054 0.009 0.277 -0.749 0.0 -0.648 0.137 -0.971 -0.0 -0.041 -0.235 0.765 0.0 -0.629 0.139 0.974 0.0 -0.094 -0.207 -0.67 -0.0 -0.741 -0.035 -0.968 0.0 0.021 0.249 0.649 0.0 -0.758 0.057 0.997 0.0 0.042 0.071 
0.958 -0.055 0.008 0.281 -0.748 -0.0 -0.648 0.14 -0.97 0.0 -0.043 -0.238 0.765 0.0 -0.628 0.14 0.974 0.0 -0.093 -0.206 -0.67 0.0 -0.74 -0.056 -0.962 -0.0 0.007 0.272 0.65 -0.0 -0.757 0.061 0.997 0.0 0.044 0.066 
0.957 -0.056 0.006 0.286 -0.747 0.0 -0.649 0.143 -0.969 -0.0 -0.044 -0.242 0.768 0.0 -0.625 0.141 0.975 0.0 -0.095 -0.201 -0.672 0.0 -0.737 -0.076 -0.956 -0.0 -0.011 0.294 0.651 0.0 -0.756 0.067 0.997 0.0 0.044 0.062 
0.955 -0.057 0.004 0.29 -0.745 -0.0 -0.651 0.145 -0.969 -0.0 -0.043 -0.244 0.77 0.0 -0.622 0.142 0.975 0.0 -0.097 -0.198 -0.672 0.0 -0.734 -0.098 -0.948 -0.0 -0.03 0.316 0.654 0.0 -0.753 0.071 0.997 0.0 0.043 0.057 
0.954 -0.058 0.002 0.295 -0.742 -0.0 -0.654 0.147 -0.968 -0.0 -0.042 -0.248 0.772 0.0 -0.619 0.143 0.977 0.0 -0.097 -0.191 -0.674 -0.0 -0.729 -0.12 -0.939 -0.0 -0.057 0.339 0.656 0.0 -0.751 0.077 0.998 -0.0 0.042 0.054 
0.952 -0.06 -0.001 0.299 -0.74 0.0 -0.655 0.152 -0.967 -0.0 -0.045 -0.252 0.776 0.0 -0.614 0.142 0.977 0.0 -0.099 -0.187 -0.675 -0.0 -0.723 -0.143 -0.929 -0.0 -0.086 0.361 0.66 0.0 -0.747 0.081 0.998 0.0 0.041 0.049 
0.95 -0.062 -0.004 0.305 -0.737 -0.0 -0.658 0.156 -0.966 -0.0 -0.045 -0.255 0.78 0.0 -0.609 0.142 0.978 0.0 -0.101 -0.182 -0.676 -0.0 -0.718 -0.163 -0.918 -0.0 -0.114 0.38 0.664 0.0 -0.743 0.086 0.998 -0.0 0.038 0.047 
0.949 -0.064 -0.008 0.31 -0.733 0.0 -0.661 0.161 -0.965 -0.0 -0.046 -0.258 0.784 0.0 -0.604 0.141 0.978 -0.0 -0.105 -0.181 -0.677 -0.0 -0.713 -0.183 -0.907 -0.0 -0.144 0.396 0.668 0.0 -0.738 0.091 0.998 0.0 0.035 0.043 
0.946 -0.066 -0.011 0.316 -0.729 -0.0 -0.664 0.165 -0.965 0.0 -0.043 -0.26 0.786 -0.0 -0.601 0.143 0.978 0.0 -0.105 -0.179 -0.676 0.0 -0.71 -0.197 -0.897 -0.0 -0.171 0.407 0.673 0.0 -0.734 0.096 0.999 0.0 0.032 0.04 
0.945 -0.068 -0.015 0.321 -0.725 -0.0 -0.668 0.169 -0.964 -0.0 -0.043 -0.262 0.79 0.0 -0.596 0.143 0.979 0.0 -0.106 -0.176 -0.676 -0.0 -0.705 -0.214 -0.887 -0.0 -0.199 0.417 0.677 0.0 -0.729 0.1 0.999 0.0 0.029 0.037 
0.944 -0.07 -0.019 0.323 -0.721 -0.0 -0.671 0.173 -0.963 0.0 -0.045 -0.264 0.795 -0.0 -0.59 0.142 0.979 -0.0 -0.107 -0.171 -0.676 -0.0 -0.698 -0.237 -0.875 -0.0 -0.23 0.427 0.682 0.0 -0.724 0.103 0.999 0.0 0.025 0.035 
0.941 -0.073 -0.023 0.33 -0.717 -0.0 -0.674 0.178 -0.963 -0.0 -0.046 -0.266 0.797 0.0 -0.587 0.144 0.98 0.0 -0.106 -0.166 -0.673 -0.0 -0.695 -0.252 -0.864 -0.0 -0.256 0.433 0.688 -0.0 -0.718 0.108 0.999 0.0 0.023 0.032 
0.939 -0.075 -0.028 0.334 -0.713 -0.0 -0.678 0.181 -0.963 0.0 -0.046 -0.267 0.801 0.0 -0.581 0.144 0.98 0.0 -0.107 -0.167 -0.672 -0.0 -0.689 -0.273 -0.852 -0.0 -0.287 0.437 0.694 0.0 -0.712 0.11 0.999 0.0 0.019 0.03 
0.937 -0.077 -0.033 0.338 -0.708 -0.0 -0.681 0.186 -0.962 0.0 -0.046 -0.268 0.804 0.0 -0.577 0.144 0.98 0.0 -0.107 -0.167 -0.671 0.0 -0.681 -0.293 -0.84 -0.0 -0.319 0.439 0.698 0.0 -0.707 0.112 0.999 0.0 0.017 0.028 
0.936 -0.079 -0.038 0.341 -0.704 -0.0 -0.685 0.188 -0.962 -0.0 -0.046 -0.269 0.808 -0.0 -0.572 0.144 0.98 0.0 -0.107 -0.166 -0.671 -0.0 -0.671 -0.314 -0.827 0.0 -0.353 0.437 0.704 0.0 -0.702 0.113 1.0 0.0 0.014 0.028 
0.934 -0.081 -0.043 0.344 -0.699 -0.0 -0.689 0.191 -0.962 -0.0 -0.046 -0.27 0.812 0.0 -0.566 0.143 0.98 0.0 -0.109 -0.164 -0.671 -0.0 -0.662 -0.334 -0.815 -0.0 -0.385 0.433 0.709 0.0 -0.696 0.114 1.0 0.0 0.011 0.026 
0.933 -0.082 -0.047 0.347 -0.694 0.0 -0.693 0.194 -0.962 -0.0 -0.046 -0.27 0.817 0.0 -0.559 0.141 0.981 0.0 -0.11 -0.158 -0.672 0.0 -0.65 -0.356 -0.802 -0.0 -0.419 0.427 0.714 0.0 -0.691 0.115 1.0 0.0 0.01 0.024 
0.931 -0.084 -0.053 0.35 -0.69 -0.0 -0.697 0.197 -0.962 0.0 -0.048 -0.27 0.821 0.0 -0.553 0.14 0.98 0.0 -0.114 -0.16 -0.672 -0.0 -0.638 -0.377 -0.789 -0.0 -0.451 0.417 0.719 0.0 -0.685 0.116 1.0 0.0 0.007 0.024 
0.93 -0.085 -0.058 0.352 -0.685 -0.0 -0.7 0.199 -0.961 -0.0 -0.048 -0.271 0.823 0.0 -0.551 0.141 0.98 -0.0 -0.112 -0.162 -0.673 -0.0 -0.621 -0.401 -0.775 -0.0 -0.486 0.404 0.723 0.0 -0.681 0.115 1.0 -0.0 0.006 0.021 
0.929 -0.085 -0.062 0.355 -0.682 -0.0 -0.703 0.202 -0.961 -0.0 -0.05 -0.272 0.826 0.0 -0.546 0.141 0.979 0.0 -0.121 -0.167 -0.674 -0.0 -0.606 -0.422 -0.763 -0.0 -0.516 0.39 0.726 0.0 -0.678 0.115 1.0 0.0 0.006 0.02 
0.928 -0.086 -0.066 0.357 -0.678 -0.0 -0.707 0.203 -0.961 -0.0 -0.05 -0.271 0.83 0.0 -0.541 0.136 0.979 0.0 -0.126 -0.162 -0.674 0.0 -0.591 -0.442 -0.752 -0.0 -0.544 0.373 0.729 -0.0 -0.675 0.116 1.0 0.0 0.007 0.018 
0.927 -0.087 -0.07 0.359 -0.673 -0.0 -0.71 0.205 -0.961 -0.0 -0.049 -0.27 0.833 0.0 -0.536 0.138 0.978 0.0 -0.127 -0.167 -0.675 -0.0 -0.575 -0.462 -0.741 -0.0 -0.569 0.356 0.733 0.0 -0.671 0.115 1.0 0.0 0.006 0.017 
0.925 -0.087 -0.075 0.362 -0.67 -0.0 -0.713 0.207 -0.961 0.0 -0.05 -0.271 0.834 -0.0 -0.533 0.139 0.978 -0.0 -0.125 -0.169 -0.677 -0.0 -0.559 -0.479 -0.732 -0.0 -0.592 0.337 0.735 0.0 -0.668 0.113 1.0 0.0 0.008 0.016 
0.924 -0.088 -0.079 0.363 -0.666 -0.0 -0.716 0.209 -0.961 -0.0 -0.051 -0.271 0.838 0.0 -0.528 0.139 0.977 0.0 -0.129 -0.168 -0.677 -0.0 -0.543 -0.497 -0.724 -0.0 -0.613 0.317 0.738 0.0 -0.665 0.113 1.0 0.0 0.008 0.015 
0.923 -0.089 -0.083 0.365 -0.662 -0.0 -0.719 0.213 -0.961 0.0 -0.051 -0.271 0.84 0.0 -0.525 0.14 0.978 0.0 -0.118 -0.171 -0.678 -0.0 -0.528 -0.511 -0.719 -0.0 -0.628 0.298 0.74 0.0 -0.663 0.113 1.0 0.0 0.011 0.014 
0.922 -0.09 -0.087 0.367 -0.658 -0.0 -0.722 0.214 -0.961 -0.0 -0.051 -0.27 0.845 0.0 -0.518 0.136 0.979 0.0 -0.125 -0.16 -0.678 -0.0 -0.513 -0.526 -0.715 0.0 -0.641 0.279 0.742 0.0 -0.661 0.112 1.0 -0.0 0.015 0.012 
0.921 -0.09 -0.091 0.369 -0.655 -0.0 -0.724 0.215 -0.961 0.0 -0.052 -0.27 0.846 0.0 -0.516 0.137 0.978 0.0 -0.127 -0.166 -0.679 -0.0 -0.5 -0.538 -0.713 -0.0 -0.651 0.261 0.743 0.0 -0.66 0.11 1.0 -0.0 0.019 0.011 
0.92 -0.09 -0.095 0.369 -0.652 -0.0 -0.726 0.217 -0.961 -0.0 -0.053 -0.27 0.85 -0.0 -0.509 0.132 0.978 0.0 -0.134 -0.159 -0.68 0.0 -0.487 -0.548 -0.713 0.0 -0.658 0.244 0.744 0.0 -0.659 0.11 1.0 0.0 0.023 0.01 
0.919 -0.091 -0.097 0.371 -0.648 -0.0 -0.729 0.218 -0.962 -0.0 -0.051 -0.269 0.85 0.0 -0.508 0.137 0.977 -0.0 -0.129 -0.171 -0.681 -0.0 -0.476 -0.557 -0.713 -0.0 -0.663 0.229 0.744 0.0 -0.659 0.11 1.0 0.0 0.029 0.009 
0.918 -0.09 -0.101 0.373 -0.646 -0.0 -0.731 0.22 -0.961 -0.0 -0.052 -0.271 0.851 0.0 -0.507 0.138 0.976 -0.0 -0.13 -0.174 -0.683 -0.0 -0.463 -0.565 -0.715 -0.0 -0.666 0.212 0.744 0.0 -0.66 0.106 0.999 0.0 0.034 0.009 
0.917 -0.09 -0.103 0.374 -0.644 -0.0 -0.732 0.221 -0.961 -0.0 -0.053 -0.271 0.857 0.0 -0.499 0.13 0.977 0.0 -0.143 -0.161 -0.685 -0.0 -0.453 -0.571 -0.718 -0.0 -0.667 0.199 0.744 0.0 -0.66 0.105 0.999 -0.0 0.04 0.009 
0.916 -0.09 -0.105 0.376 -0.641 -0.0 -0.734 0.224 -0.961 -0.0 -0.052 -0.271 0.856 0.0 -0.499 0.134 0.975 0.0 -0.139 -0.172 -0.687 0.0 -0.443 -0.576 -0.722 -0.0 -0.666 0.186 0.743 0.0 -0.661 0.104 0.999 0.0 0.046 0.009 
0.915 -0.09 -0.107 0.378 -0.64 -0.0 -0.735 0.225 -0.961 -0.0 -0.052 -0.271 0.858 0.0 -0.496 0.133 0.975 0.0 -0.142 -0.172 -0.688 0.0 -0.436 -0.58 -0.728 -0.0 -0.663 0.176 0.743 0.0 -0.662 0.103 0.999 -0.0 0.051 0.008 
0.914 -0.09 -0.109 0.379 -0.637 -0.0 -0.736 0.227 -0.961 -0.0 -0.05 -0.271 0.859 0.0 -0.494 0.132 0.974 0.0 -0.143 -0.173 -0.69 -0.0 -0.428 -0.583 -0.733 0.0 -0.66 0.167 0.742 0.0 -0.663 0.101 0.998 0.0 0.056 0.009 
0.913 -0.089 -0.111 0.381 -0.636 -0.0 -0.737 0.229 -0.961 -0.0 -0.05 -0.272 0.86 0.0 -0.493 0.132 0.974 0.0 -0.146 -0.173 -0.691 -0.0 -0.423 -0.586 -0.739 -0.0 -0.654 0.16 0.741 0.0 -0.664 0.098 0.998 0.0 0.061 0.01 
0.913 -0.089 -0.112 0.382 -0.633 -0.0 -0.738 0.232 -0.961 -0.0 -0.05 -0.273 0.861 0.0 -0.491 0.131 0.974 0.0 -0.148 -0.174 -0.693 -0.0 -0.418 -0.588 -0.746 -0.0 -0.648 0.154 0.74 0.0 -0.665 0.099 0.998 0.0 0.067 0.008 
0.912 -0.089 -0.114 0.385 -0.631 -0.0 -0.74 0.233 -0.961 -0.0 -0.046 -0.272 0.864 -0.0 -0.487 0.127 0.973 0.0 -0.153 -0.17 -0.694 -0.0 -0.415 -0.588 -0.753 -0.0 -0.641 0.15 0.739 0.0 -0.667 0.097 0.997 0.0 0.073 0.01 
0.911 -0.089 -0.115 0.386 -0.629 -0.0 -0.741 0.236 -0.961 -0.0 -0.045 -0.272 0.865 0.0 -0.486 0.126 0.973 0.0 -0.155 -0.17 -0.695 0.0 -0.414 -0.589 -0.761 -0.0 -0.632 0.147 0.736 0.0 -0.669 0.102 0.997 0.0 0.083 0.002 
0.911 -0.088 -0.116 0.386 -0.627 -0.0 -0.742 0.237 -0.961 -0.0 -0.045 -0.272 0.864 -0.0 -0.487 0.127 0.973 0.0 -0.155 -0.171 -0.695 0.0 -0.412 -0.589 -0.769 -0.0 -0.623 0.145 0.735 0.0 -0.67 0.102 0.996 0.0 0.087 0.002 
0.91 -0.088 -0.116 0.387 -0.626 -0.0 -0.742 0.239 -0.962 -0.0 -0.044 -0.27 0.864 0.0 -0.487 0.126 0.973 0.0 -0.155 -0.171 -0.695 -0.0 -0.413 -0.588 -0.777 -0.0 -0.613 0.146 0.734 0.0 -0.671 0.103 0.996 0.0 0.09 0.0 
0.91 -0.087 -0.116 0.388 -0.625 -0.0 -0.742 0.243 -0.962 -0.0 -0.044 -0.271 0.865 0.0 -0.486 0.124 0.973 0.0 -0.158 -0.169 -0.695 -0.0 -0.414 -0.588 -0.785 0.0 -0.602 0.148 0.734 0.0 -0.671 0.105 0.996 0.0 0.092 -0.001 
0.91 -0.088 -0.115 0.388 -0.625 -0.0 -0.742 0.244 -0.962 0.0 -0.043 -0.268 0.866 0.0 -0.485 0.122 0.973 -0.0 -0.16 -0.168 -0.694 -0.0 -0.417 -0.586 -0.792 -0.0 -0.591 0.152 0.734 0.0 -0.671 0.107 0.996 -0.0 0.093 -0.002 
0.91 -0.087 -0.115 0.389 -0.624 0.0 -0.741 0.247 -0.963 0.0 -0.044 -0.267 0.866 0.0 -0.486 0.121 0.973 -0.0 -0.159 -0.168 -0.694 -0.0 -0.419 -0.586 -0.799 -0.0 -0.581 0.155 0.736 -0.0 -0.669 0.102 0.996 0.0 0.088 0.008 
0.91 -0.087 -0.114 0.388 -0.623 -0.0 -0.741 0.25 -0.963 -0.0 -0.043 -0.267 0.866 0.0 -0.486 0.12 0.973 0.0 -0.163 -0.165 -0.693 0.0 -0.422 -0.585 -0.806 -0.0 -0.57 0.159 0.735 -0.0 -0.669 0.108 0.996 -0.0 0.09 0.003 
0.91 -0.086 -0.113 0.389 -0.623 -0.0 -0.741 0.25 -0.964 -0.0 -0.042 -0.264 0.865 0.0 -0.487 0.12 0.973 0.0 -0.162 -0.166 -0.691 -0.0 -0.425 -0.584 -0.812 -0.0 -0.56 0.164 0.735 0.0 -0.669 0.109 0.996 0.0 0.09 0.004 
0.91 -0.086 -0.112 0.389 -0.624 0.0 -0.74 0.253 -0.964 -0.0 -0.043 -0.262 0.865 0.0 -0.488 0.119 0.972 0.0 -0.164 -0.166 -0.69 -0.0 -0.429 -0.583 -0.818 -0.0 -0.55 0.168 0.735 -0.0 -0.669 0.109 0.996 0.0 0.089 0.006 
0.911 -0.085 -0.111 0.389 -0.624 -0.0 -0.739 0.254 -0.965 -0.0 -0.043 -0.26 0.863 0.0 -0.491 0.121 0.972 0.0 -0.163 -0.167 -0.688 -0.0 -0.432 -0.583 -0.823 -0.0 -0.54 0.174 0.735 0.0 -0.669 0.109 0.996 0.0 0.087 0.008 
0.911 -0.084 -0.109 0.389 -0.624 -0.0 -0.738 0.255 -0.965 -0.0 -0.043 -0.258 0.862 0.0 -0.493 0.121 0.972 0.0 -0.162 -0.169 -0.687 -0.0 -0.434 -0.582 -0.828 -0.0 -0.532 0.178 0.735 0.0 -0.669 0.108 0.996 0.0 0.087 0.012 
0.911 -0.084 -0.108 0.39 -0.624 -0.0 -0.738 0.257 -0.966 0.0 -0.043 -0.256 0.862 0.0 -0.493 0.12 0.972 0.0 -0.164 -0.168 -0.686 -0.0 -0.439 -0.58 -0.832 -0.0 -0.523 0.184 0.735 0.0 -0.669 0.108 0.996 0.0 0.087 0.016 
0.911 -0.083 -0.107 0.39 -0.624 -0.0 -0.738 0.257 -0.967 -0.0 -0.041 -0.253 0.861 0.0 -0.494 0.121 0.972 0.0 -0.164 -0.169 -0.685 -0.0 -0.442 -0.579 -0.836 -0.0 -0.516 0.188 0.736 0.0 -0.669 0.107 0.996 0.0 0.085 0.02 
0.911 -0.083 -0.106 0.39 -0.625 -0.0 -0.736 0.261 -0.967 -0.0 -0.044 -0.251 0.862 0.0 -0.493 0.12 0.972 0.0 -0.166 -0.168 -0.684 -0.0 -0.447 -0.577 -0.838 -0.0 -0.509 0.194 0.735 0.0 -0.669 0.109 0.996 0.0 0.085 0.023 
0.911 -0.082 -0.104 0.39 -0.625 -0.0 -0.736 0.259 -0.968 -0.0 -0.042 -0.247 0.86 0.0 -0.495 0.122 0.971 0.0 -0.166 -0.171 -0.683 0.0 -0.45 -0.576 -0.841 -0.0 -0.503 0.199 0.735 0.0 -0.669 0.108 0.996 0.0 0.085 0.025 
0.911 -0.082 -0.103 0.39 -0.626 -0.0 -0.734 0.262 -0.969 0.0 -0.045 -0.244 0.861 0.0 -0.495 0.12 0.971 0.0 -0.17 -0.168 -0.681 -0.0 -0.454 -0.574 -0.843 -0.0 -0.498 0.205 0.735 0.0 -0.669 0.109 0.996 0.0 0.084 0.028 
0.911 -0.081 -0.102 0.391 -0.626 -0.0 -0.734 0.261 -0.97 -0.0 -0.044 -0.241 0.861 0.0 -0.494 0.12 0.971 0.0 -0.171 -0.169 -0.68 0.0 -0.457 -0.574 -0.843 -0.0 -0.495 0.209 0.735 0.0 -0.669 0.111 0.996 0.0 0.084 0.03 
0.911 -0.081 -0.1 0.391 -0.627 -0.0 -0.733 0.264 -0.97 -0.0 -0.045 -0.239 0.861 0.0 -0.495 0.119 0.971 0.0 -0.171 -0.168 -0.678 -0.0 -0.458 -0.574 -0.841 -0.0 -0.498 0.212 0.734 0.0 -0.669 0.113 0.996 0.0 0.085 0.03 
0.911 -0.08 -0.099 0.391 -0.627 -0.0 -0.734 0.26 -0.971 -0.0 -0.043 -0.234 0.859 -0.0 -0.498 0.122 0.97 0.0 -0.17 -0.172 -0.679 -0.0 -0.456 -0.576 -0.838 0.0 -0.504 0.211 0.734 0.0 -0.67 0.114 0.996 0.0 0.086 0.031 
0.911 -0.079 -0.099 0.392 -0.627 -0.0 -0.734 0.261 -0.972 -0.0 -0.043 -0.231 0.859 0.0 -0.498 0.122 0.971 0.0 -0.169 -0.171 -0.679 -0.0 -0.452 -0.578 -0.833 -0.0 -0.512 0.209 0.733 0.0 -0.67 0.114 0.996 0.0 0.087 0.032 
0.911 -0.08 -0.098 0.392 -0.627 -0.0 -0.733 0.264 -0.972 -0.0 -0.045 -0.229 0.861 0.0 -0.495 0.119 0.971 0.0 -0.172 -0.168 -0.68 -0.0 -0.451 -0.578 -0.831 -0.0 -0.516 0.209 0.733 -0.0 -0.67 0.12 0.995 0.0 0.091 0.029 
0.911 -0.08 -0.099 0.392 -0.626 0.0 -0.735 0.262 -0.974 -0.0 -0.042 -0.224 0.864 0.0 -0.491 0.112 0.971 0.0 -0.18 -0.155 -0.679 -0.0 -0.45 -0.58 -0.828 -0.0 -0.521 0.207 0.734 0.0 -0.669 0.12 0.995 0.0 0.09 0.031 
0.911 -0.079 -0.1 0.392 -0.625 -0.0 -0.735 0.263 -0.974 -0.0 -0.043 -0.222 0.86 0.0 -0.496 0.12 0.971 -0.0 -0.169 -0.171 -0.679 -0.0 -0.449 -0.581 -0.828 -0.0 -0.523 0.204 0.734 0.0 -0.668 0.12 0.995 0.0 0.091 0.031 
0.911 -0.079 -0.102 0.392 -0.623 -0.0 -0.737 0.264 -0.975 -0.0 -0.043 -0.22 0.864 0.0 -0.49 0.112 0.971 0.0 -0.178 -0.158 -0.678 -0.0 -0.451 -0.581 -0.827 -0.0 -0.524 0.204 0.736 0.0 -0.666 0.121 0.995 0.0 0.091 0.033 
0.911 -0.078 -0.103 0.392 -0.621 -0.0 -0.738 0.264 -0.975 -0.0 -0.042 -0.217 0.862 0.0 -0.493 0.118 0.971 0.0 -0.168 -0.17 -0.677 0.0 -0.452 -0.581 -0.826 -0.0 -0.525 0.203 0.738 -0.0 -0.664 0.119 0.995 0.0 0.089 0.037 
0.911 -0.079 -0.103 0.392 -0.62 -0.0 -0.739 0.265 -0.976 0.0 -0.04 -0.214 0.868 0.0 -0.486 0.107 0.972 0.0 -0.179 -0.153 -0.676 -0.0 -0.455 -0.579 -0.826 0.0 -0.525 0.204 0.738 0.0 -0.664 0.122 0.995 0.0 0.091 0.036 
0.911 -0.076 -0.104 0.392 -0.619 -0.0 -0.74 0.263 -0.976 -0.0 -0.038 -0.213 0.866 -0.0 -0.488 0.109 0.972 0.0 -0.176 -0.156 -0.675 -0.0 -0.454 -0.581 -0.826 -0.0 -0.526 0.204 0.738 0.0 -0.664 0.121 0.995 -0.0 0.093 0.036 
0.911 -0.076 -0.103 0.393 -0.618 -0.0 -0.742 0.261 -0.977 -0.0 -0.034 -0.21 0.866 0.0 -0.488 0.108 0.972 -0.0 -0.175 -0.155 -0.675 0.0 -0.456 -0.58 -0.827 -0.0 -0.524 0.204 0.738 -0.0 -0.664 0.123 0.995 0.0 0.094 0.034 
0.91 -0.074 -0.103 0.394 -0.617 -0.0 -0.743 0.26 -0.978 -0.0 -0.031 -0.207 0.866 0.0 -0.488 0.107 0.973 -0.0 -0.173 -0.154 -0.675 0.0 -0.457 -0.58 -0.826 -0.0 -0.525 0.205 0.738 -0.0 -0.664 0.123 0.995 0.0 0.094 0.033 
0.91 -0.072 -0.103 0.395 -0.617 -0.0 -0.743 0.259 -0.978 -0.0 -0.03 -0.206 0.866 -0.0 -0.488 0.105 0.973 0.0 -0.172 -0.153 -0.674 -0.0 -0.459 -0.579 -0.826 -0.0 -0.524 0.206 0.737 0.0 -0.664 0.124 0.995 0.0 0.096 0.031 
0.91 -0.071 -0.102 0.396 -0.615 -0.0 -0.745 0.258 -0.978 -0.0 -0.026 -0.205 0.866 0.0 -0.489 0.104 0.973 0.0 -0.172 -0.152 -0.673 -0.0 -0.46 -0.579 -0.826 -0.0 -0.525 0.207 0.737 0.0 -0.664 0.125 0.995 0.0 0.095 0.03 
0.906 -0.069 -0.105 0.404 -0.611 0.0 -0.75 0.253 -0.979 -0.0 -0.02 -0.204 0.869 0.0 -0.486 0.096 0.974 -0.0 -0.172 -0.148 -0.677 -0.0 -0.459 -0.576 -0.826 -0.0 -0.527 0.2 0.738 0.0 -0.665 0.111 0.994 0.0 0.1 0.038 
0.906 -0.067 -0.105 0.405 -0.61 -0.0 -0.751 0.252 -0.979 -0.0 -0.017 -0.203 0.869 -0.0 -0.487 0.094 0.974 0.0 -0.171 -0.147 -0.676 0.0 -0.462 -0.574 -0.826 -0.0 -0.526 0.2 0.738 0.0 -0.665 0.112 0.994 0.0 0.099 0.036 
0.906 -0.066 -0.105 0.405 -0.61 -0.0 -0.752 0.25 -0.979 -0.0 -0.015 -0.201 0.867 0.0 -0.488 0.096 0.975 0.0 -0.165 -0.152 -0.675 -0.0 -0.466 -0.572 -0.828 -0.0 -0.524 0.202 0.739 0.0 -0.664 0.113 0.995 0.0 0.097 0.036 
0.905 -0.065 -0.106 0.406 -0.608 -0.0 -0.754 0.248 -0.98 -0.0 -0.011 -0.2 0.87 0.0 -0.485 0.092 0.975 0.0 -0.171 -0.145 -0.674 -0.0 -0.471 -0.57 -0.829 -0.0 -0.52 0.205 0.74 0.0 -0.663 0.115 0.995 -0.0 0.098 0.034 
0.905 -0.064 -0.106 0.407 -0.607 -0.0 -0.755 0.248 -0.98 -0.0 -0.01 -0.199 0.871 0.0 -0.483 0.09 0.975 0.0 -0.172 -0.143 -0.673 0.0 -0.474 -0.568 -0.83 -0.0 -0.518 0.206 0.741 -0.0 -0.661 0.115 0.995 0.0 0.098 0.033 
0.905 -0.063 -0.107 0.407 -0.606 -0.0 -0.756 0.248 -0.98 -0.0 -0.009 -0.201 0.87 0.0 -0.484 0.091 0.975 -0.0 -0.167 -0.147 -0.672 0.0 -0.478 -0.566 -0.833 -0.0 -0.514 0.207 0.742 0.0 -0.66 0.115 0.995 0.0 0.098 0.032 
0.905 -0.062 -0.109 0.407 -0.604 -0.0 -0.758 0.247 -0.979 -0.0 -0.008 -0.202 0.871 0.0 -0.482 0.09 0.975 -0.0 -0.168 -0.146 -0.67 0.0 -0.483 -0.564 -0.835 -0.0 -0.51 0.208 0.743 0.0 -0.659 0.116 0.995 0.0 0.1 0.029 
0.905 -0.061 -0.109 0.408 -0.603 -0.0 -0.76 0.242 -0.98 -0.0 -0.004 -0.199 0.872 0.0 -0.481 0.089 0.975 -0.0 -0.169 -0.145 -0.668 0.0 -0.488 -0.562 -0.837 0.0 -0.506 0.209 0.743 0.0 -0.659 0.117 0.994 0.0 0.101 0.028 
0.905 -0.06 -0.109 0.407 -0.603 -0.0 -0.759 0.244 -0.979 0.0 -0.005 -0.203 0.873 0.0 -0.481 0.088 0.975 0.0 -0.17 -0.144 -0.666 -0.0 -0.494 -0.559 -0.84 -0.0 -0.499 0.213 0.742 0.0 -0.66 0.119 0.994 0.0 0.104 0.024 
0.905 -0.058 -0.109 0.407 -0.603 -0.0 -0.76 0.242 -0.979 0.0 -0.005 -0.203 0.873 0.0 -0.48 0.087 0.975 0.0 -0.17 -0.143 -0.664 -0.0 -0.498 -0.558 -0.843 -0.0 -0.494 0.214 0.741 0.0 -0.661 0.118 0.994 0.0 0.106 0.024 
0.905 -0.056 -0.109 0.407 -0.603 -0.0 -0.761 0.238 -0.979 -0.0 -0.003 -0.204 0.874 0.0 -0.479 0.086 0.975 0.0 -0.172 -0.142 -0.663 -0.0 -0.504 -0.554 -0.846 -0.0 -0.487 0.217 0.74 0.0 -0.662 0.118 0.994 0.0 0.109 0.023 
0.905 -0.054 -0.109 0.407 -0.603 -0.0 -0.762 0.236 -0.979 0.0 -0.002 -0.205 0.876 -0.0 -0.476 0.08 0.975 0.0 -0.18 -0.134 -0.661 -0.0 -0.508 -0.552 -0.849 -0.0 -0.482 0.218 0.74 0.0 -0.663 0.116 0.994 0.0 0.111 0.023 
0.905 -0.052 -0.108 0.407 -0.604 0.0 -0.762 0.233 -0.979 -0.0 -0.002 -0.206 0.877 0.0 -0.475 0.078 0.974 -0.0 -0.184 -0.133 -0.66 0.0 -0.513 -0.549 -0.852 -0.0 -0.475 0.221 0.739 0.0 -0.665 0.113 0.993 0.0 0.112 0.025 
0.906 -0.05 -0.107 0.407 -0.605 -0.0 -0.762 0.23 -0.978 -0.0 -0.0 -0.207 0.876 0.0 -0.476 0.077 0.974 0.0 -0.184 -0.132 -0.659 0.0 -0.518 -0.546 -0.855 0.0 -0.468 0.224 0.738 -0.0 -0.666 0.111 0.993 0.0 0.113 0.025 
0.907 -0.047 -0.105 0.406 -0.608 -0.0 -0.761 0.225 -0.978 -0.0 -0.001 -0.209 0.876 0.0 -0.477 0.076 0.974 0.0 -0.184 -0.132 -0.657 0.0 -0.522 -0.544 -0.858 0.0 -0.461 0.227 0.737 0.0 -0.668 0.108 0.993 0.0 0.113 0.028 
0.907 -0.044 -0.103 0.406 -0.609 -0.0 -0.762 0.221 -0.978 -0.0 0.001 -0.21 0.875 0.0 -0.479 0.075 0.974 0.0 -0.184 -0.132 -0.656 -0.0 -0.527 -0.54 -0.862 -0.0 -0.452 0.231 0.736 0.0 -0.669 0.104 0.993 -0.0 0.114 0.03 
0.908 -0.041 -0.101 0.404 -0.612 -0.0 -0.761 0.216 -0.978 0.0 0.002 -0.21 0.873 0.0 -0.482 0.075 0.974 0.0 -0.183 -0.133 -0.655 -0.0 -0.531 -0.538 -0.864 -0.0 -0.445 0.235 0.734 0.0 -0.672 0.1 0.993 -0.0 0.113 0.035 
0.909 -0.039 -0.099 0.402 -0.615 -0.0 -0.76 0.212 -0.977 -0.0 0.002 -0.213 0.869 0.0 -0.488 0.079 0.975 0.0 -0.174 -0.14 -0.653 -0.0 -0.535 -0.536 -0.868 0.0 -0.436 0.239 0.731 0.0 -0.675 0.099 0.992 0.0 0.118 0.033 
0.91 -0.036 -0.097 0.401 -0.617 0.0 -0.759 0.208 -0.977 0.0 0.003 -0.215 0.87 0.0 -0.487 0.074 0.974 0.0 -0.181 -0.134 -0.652 -0.0 -0.541 -0.532 -0.871 -0.0 -0.426 0.243 0.73 0.0 -0.677 0.095 0.993 0.0 0.114 0.039 
0.912 -0.034 -0.095 0.399 -0.62 -0.0 -0.758 0.203 -0.976 -0.0 0.003 -0.216 0.869 0.0 -0.489 0.075 0.974 -0.0 -0.18 -0.135 -0.649 -0.0 -0.547 -0.529 -0.875 -0.0 -0.416 0.248 0.729 0.0 -0.679 0.089 0.993 0.0 0.113 0.044 
0.913 -0.031 -0.093 0.396 -0.622 -0.0 -0.757 0.202 -0.975 -0.0 0.002 -0.221 0.867 0.0 -0.492 0.075 0.974 0.0 -0.179 -0.136 -0.647 -0.0 -0.553 -0.526 -0.879 -0.0 -0.404 0.253 0.726 0.0 -0.682 0.084 0.992 0.0 0.113 0.047 
0.915 -0.028 -0.091 0.392 -0.626 -0.0 -0.755 0.198 -0.974 -0.0 -0.0 -0.224 0.865 0.0 -0.495 0.076 0.974 -0.0 -0.178 -0.139 -0.644 0.0 -0.559 -0.523 -0.883 -0.0 -0.392 0.259 0.725 -0.0 -0.685 0.078 0.992 0.0 0.112 0.053 
0.916 -0.026 -0.089 0.39 -0.628 -0.0 -0.753 0.195 -0.974 -0.0 -0.001 -0.226 0.861 0.0 -0.501 0.08 0.975 -0.0 -0.17 -0.147 -0.641 -0.0 -0.566 -0.518 -0.887 -0.0 -0.379 0.263 0.723 -0.0 -0.687 0.072 0.992 0.0 0.112 0.06 
0.918 -0.023 -0.087 0.386 -0.631 0.0 -0.751 0.192 -0.973 -0.0 -0.004 -0.231 0.862 0.0 -0.501 0.078 0.974 0.0 -0.177 -0.143 -0.638 -0.0 -0.572 -0.515 -0.891 -0.0 -0.367 0.267 0.722 -0.0 -0.689 0.064 0.992 0.0 0.11 0.068 
0.92 -0.021 -0.084 0.383 -0.635 -0.0 -0.749 0.19 -0.972 -0.0 -0.006 -0.236 0.86 0.0 -0.504 0.079 0.974 -0.0 -0.176 -0.146 -0.636 -0.0 -0.58 -0.509 -0.895 0.0 -0.352 0.273 0.72 0.0 -0.692 0.057 0.991 0.0 0.11 0.075 
0.921 -0.019 -0.082 0.38 -0.638 0.0 -0.746 0.188 -0.97 -0.0 -0.009 -0.241 0.858 0.0 -0.507 0.081 0.973 0.0 -0.175 -0.148 -0.633 -0.0 -0.588 -0.503 -0.9 0.0 -0.337 0.276 0.717 -0.0 -0.695 0.049 0.99 0.0 0.11 0.084 
0.923 -0.017 -0.079 0.376 -0.641 -0.0 -0.746 0.183 -0.97 -0.0 -0.011 -0.243 0.854 -0.0 -0.513 0.086 0.973 0.0 -0.167 -0.157 -0.631 0.0 -0.595 -0.497 -0.904 -0.0 -0.323 0.28 0.715 -0.0 -0.698 0.04 0.99 0.0 0.108 0.095 
0.925 -0.015 -0.076 0.372 -0.645 0.0 -0.743 0.179 -0.969 -0.0 -0.013 -0.246 0.852 0.0 -0.516 0.088 0.974 -0.0 -0.164 -0.159 -0.629 -0.0 -0.604 -0.489 -0.909 -0.0 -0.306 0.284 0.712 0.0 -0.701 0.031 0.989 0.0 0.108 0.106 
0.927 -0.013 -0.074 0.368 -0.649 -0.0 -0.74 0.177 -0.968 -0.0 -0.017 -0.25 0.852 0.0 -0.516 0.087 0.973 0.0 -0.17 -0.156 -0.628 -0.0 -0.611 -0.482 -0.913 -0.0 -0.291 0.286 0.714 0.0 -0.7 0.013 0.987 0.0 0.094 0.129 
0.928 -0.012 -0.071 0.366 -0.653 -0.0 -0.737 0.175 -0.967 -0.0 -0.022 -0.255 0.851 0.0 -0.518 0.089 0.973 0.0 -0.171 -0.157 -0.625 -0.0 -0.621 -0.473 -0.918 -0.0 -0.273 0.288 0.711 0.0 -0.704 0.004 0.985 0.0 0.095 0.141 
0.93 -0.01 -0.068 0.361 -0.658 -0.0 -0.733 0.171 -0.966 -0.0 -0.026 -0.257 0.846 0.0 -0.526 0.094 0.973 -0.0 -0.162 -0.166 -0.625 -0.0 -0.626 -0.466 -0.921 -0.0 -0.261 0.29 0.708 0.0 -0.706 -0.007 0.984 0.0 0.091 0.156 
0.932 -0.008 -0.065 0.358 -0.662 -0.0 -0.73 0.169 -0.965 -0.0 -0.029 -0.261 0.843 -0.0 -0.529 0.096 0.973 0.0 -0.161 -0.168 -0.624 -0.0 -0.634 -0.456 -0.925 -0.0 -0.244 0.291 0.706 0.0 -0.708 -0.017 0.981 0.0 0.086 0.171 
0.933 -0.007 -0.062 0.354 -0.668 -0.0 -0.726 0.166 -0.964 -0.0 -0.035 -0.265 0.841 -0.0 -0.532 0.098 0.972 0.0 -0.16 -0.169 -0.624 -0.0 -0.642 -0.446 -0.929 -0.0 -0.229 0.29 0.704 -0.0 -0.709 -0.027 0.979 0.0 0.08 0.187 
0.935 -0.006 -0.059 0.35 -0.672 -0.0 -0.722 0.164 -0.962 -0.0 -0.039 -0.269 0.841 0.0 -0.532 0.097 0.972 0.0 -0.167 -0.165 -0.624 -0.0 -0.65 -0.435 -0.933 0.0 -0.212 0.289 0.702 -0.0 -0.711 -0.036 0.976 0.0 0.074 0.203 
0.936 -0.004 -0.056 0.347 -0.676 0.0 -0.719 0.16 -0.962 -0.0 -0.041 -0.271 0.836 0.0 -0.539 0.102 0.972 -0.0 -0.16 -0.172 -0.624 -0.0 -0.657 -0.423 -0.938 0.0 -0.196 0.287 0.7 0.0 -0.713 -0.046 0.973 0.0 0.068 0.219 
0.938 -0.004 -0.053 0.344 -0.68 -0.0 -0.716 0.158 -0.961 -0.0 -0.044 -0.273 0.834 0.0 -0.542 0.104 0.972 0.0 -0.158 -0.172 -0.623 -0.0 -0.667 -0.41 -0.942 -0.0 -0.178 0.284 0.698 0.0 -0.714 -0.053 0.97 -0.0 0.061 0.233 
0.94 -0.002 -0.048 0.338 -0.686 -0.0 -0.712 0.154 -0.96 -0.0 -0.046 -0.276 0.83 0.0 -0.548 0.106 0.972 0.0 -0.156 -0.173 -0.625 -0.0 -0.67 -0.401 -0.945 -0.0 -0.166 0.281 0.695 0.0 -0.716 -0.064 0.967 0.0 0.049 0.249 
0.945 -0.003 -0.045 0.324 -0.691 -0.0 -0.706 0.154 -0.959 -0.0 -0.056 -0.276 0.827 0.0 -0.551 0.115 0.972 0.0 -0.154 -0.176 -0.62 -0.0 -0.684 -0.383 -0.949 -0.0 -0.142 0.282 0.703 0.0 -0.709 -0.048 0.968 0.0 0.032 0.248 
0.947 -0.003 -0.041 0.32 -0.695 -0.0 -0.703 0.151 -0.959 -0.0 -0.058 -0.277 0.824 0.0 -0.555 0.117 0.97 0.0 -0.162 -0.184 -0.621 -0.0 -0.692 -0.368 -0.953 -0.0 -0.125 0.276 0.702 0.0 -0.71 -0.053 0.965 0.0 0.023 0.26 
0.948 -0.002 -0.037 0.315 -0.699 0.0 -0.699 0.149 -0.958 -0.0 -0.06 -0.279 0.821 0.0 -0.559 0.12 0.97 0.0 -0.16 -0.184 -0.622 -0.0 -0.698 -0.356 -0.956 -0.0 -0.11 0.271 0.701 -0.0 -0.711 -0.058 0.963 0.0 0.012 0.271 
0.95 -0.002 -0.034 0.311 -0.704 0.0 -0.695 0.146 -0.958 -0.0 -0.062 -0.281 0.818 0.0 -0.562 0.123 0.97 0.0 -0.158 -0.185 -0.622 0.0 -0.704 -0.341 -0.96 -0.0 -0.096 0.264 0.695 0.0 -0.717 -0.054 0.961 0.0 0.019 0.274 
0.952 -0.002 -0.03 0.305 -0.708 -0.0 -0.692 0.144 -0.957 -0.0 -0.065 -0.283 0.815 0.0 -0.565 0.124 0.97 0.0 -0.157 -0.185 -0.624 -0.0 -0.709 -0.329 -0.963 -0.0 -0.083 0.257 0.693 0.0 -0.719 -0.06 0.959 0.0 0.009 0.284 
0.953 -0.002 -0.027 0.301 -0.711 -0.0 -0.689 0.142 -0.956 -0.0 -0.066 -0.284 0.813 0.0 -0.569 0.127 0.97 0.0 -0.156 -0.186 -0.624 -0.0 -0.715 -0.314 -0.966 -0.0 -0.069 0.249 0.697 0.0 -0.713 -0.072 0.954 0.0 -0.019 0.299 
0.955 -0.001 -0.023 0.296 -0.715 0.0 -0.686 0.139 -0.956 -0.0 -0.067 -0.286 0.81 0.0 -0.572 0.129 0.97 0.0 -0.155 -0.186 -0.625 -0.0 -0.72 -0.301 -0.969 0.0 -0.056 0.241 0.694 0.0 -0.716 -0.074 0.952 0.0 -0.022 0.306 
0.956 -0.001 -0.02 0.292 -0.718 -0.0 -0.682 0.137 -0.955 -0.0 -0.069 -0.287 0.808 0.0 -0.575 0.131 0.97 0.0 -0.155 -0.187 -0.627 -0.0 -0.725 -0.287 -0.972 -0.0 -0.045 0.232 0.692 0.0 -0.717 -0.081 0.949 0.0 -0.029 0.315 
0.957 -0.001 -0.016 0.289 -0.721 -0.0 -0.679 0.135 -0.955 -0.0 -0.07 -0.289 0.805 0.0 -0.579 0.133 0.97 -0.0 -0.152 -0.188 -0.628 -0.0 -0.728 -0.273 -0.975 0.0 -0.034 0.222 0.688 -0.0 -0.72 -0.09 0.945 0.0 -0.036 0.325 
0.959 -0.001 -0.013 0.285 -0.725 -0.0 -0.676 0.132 -0.955 -0.0 -0.072 -0.289 0.802 0.0 -0.581 0.136 0.97 0.0 -0.152 -0.188 -0.63 0.0 -0.732 -0.261 -0.977 -0.0 -0.025 0.213 0.687 0.0 -0.72 -0.102 0.94 0.0 -0.05 0.336 
0.96 -0.0 -0.01 0.281 -0.729 -0.0 -0.672 0.131 -0.954 -0.0 -0.074 -0.291 0.8 0.0 -0.584 0.136 0.971 0.0 -0.152 -0.186 -0.632 0.0 -0.734 -0.249 -0.979 -0.0 -0.016 0.204 0.684 0.0 -0.721 -0.111 0.937 0.0 -0.058 0.345 
0.961 -0.0 -0.006 0.277 -0.731 -0.0 -0.67 0.128 -0.954 0.0 -0.073 -0.291 0.798 0.0 -0.587 0.138 0.971 -0.0 -0.151 -0.186 -0.634 0.0 -0.736 -0.238 -0.981 -0.0 -0.01 0.195 0.68 0.0 -0.723 -0.123 0.933 -0.0 -0.067 0.355 
0.962 0.001 -0.003 0.273 -0.735 -0.0 -0.667 0.123 -0.954 -0.0 -0.073 -0.289 0.795 0.0 -0.59 0.139 0.971 0.0 -0.15 -0.187 -0.634 -0.0 -0.738 -0.229 -0.982 -0.0 -0.002 0.188 0.677 0.0 -0.723 -0.135 0.929 0.0 -0.078 0.363 
0.964 -0.0 -0.002 0.267 -0.737 -0.0 -0.665 0.123 -0.954 -0.0 -0.077 -0.291 0.794 0.0 -0.591 0.142 0.971 0.0 -0.149 -0.188 -0.635 -0.0 -0.741 -0.218 -0.984 -0.0 0.003 0.179 0.679 -0.0 -0.721 -0.141 0.926 0.0 -0.086 0.368 
0.965 -0.002 -0.002 0.262 -0.738 -0.0 -0.664 0.123 -0.953 -0.0 -0.08 -0.291 0.793 0.0 -0.591 0.145 0.971 0.0 -0.147 -0.189 -0.636 0.0 -0.744 -0.206 -0.985 -0.0 0.008 0.17 0.684 0.0 -0.715 -0.145 0.924 0.0 -0.097 0.37 
0.965 -0.0 0.002 0.263 -0.741 -0.0 -0.661 0.119 -0.954 -0.0 -0.077 -0.291 0.791 0.0 -0.595 0.144 0.972 0.0 -0.145 -0.186 -0.641 -0.0 -0.741 -0.199 -0.987 0.0 0.008 0.163 0.678 -0.0 -0.716 -0.164 0.919 0.0 -0.105 0.38 
0.962 0.004 0.008 0.272 -0.745 -0.0 -0.657 0.114 -0.954 0.0 -0.069 -0.293 0.788 0.0 -0.601 0.138 0.972 0.0 -0.146 -0.184 -0.649 -0.0 -0.735 -0.197 -0.988 -0.0 0.006 0.156 0.662 0.0 -0.722 -0.199 0.912 0.0 -0.11 0.395 
0.963 0.004 0.01 0.269 -0.747 -0.0 -0.655 0.112 -0.954 0.0 -0.069 -0.293 0.786 0.0 -0.603 0.14 0.972 0.0 -0.145 -0.184 -0.651 -0.0 -0.736 -0.188 -0.989 -0.0 0.01 0.149 0.663 0.0 -0.72 -0.204 0.911 0.0 -0.116 0.395 
0.964 0.003 0.012 0.266 -0.749 -0.0 -0.653 0.113 -0.953 -0.0 -0.071 -0.295 0.784 0.0 -0.604 0.142 0.972 0.0 -0.144 -0.185 -0.652 -0.0 -0.737 -0.18 -0.99 -0.0 0.013 0.142 0.664 0.0 -0.718 -0.21 0.911 0.0 -0.122 0.395 
0.964 0.003 0.012 0.264 -0.749 -0.0 -0.653 0.111 -0.953 -0.0 -0.071 -0.293 0.784 0.0 -0.604 0.143 0.972 -0.0 -0.143 -0.186 -0.652 0.0 -0.739 -0.172 -0.991 0.0 0.014 0.136 0.667 0.0 -0.713 -0.215 0.911 0.0 -0.127 0.393 
0.965 0.002 0.013 0.261 -0.751 -0.0 -0.651 0.11 -0.953 -0.0 -0.073 -0.293 0.783 0.0 -0.605 0.145 0.972 0.0 -0.142 -0.186 -0.653 -0.0 -0.739 -0.165 -0.991 -0.0 0.016 0.13 0.668 0.0 -0.712 -0.217 0.913 0.0 -0.129 0.388 
0.966 0.001 0.015 0.259 -0.752 -0.0 -0.65 0.11 -0.953 -0.0 -0.073 -0.293 0.781 0.0 -0.607 0.147 0.972 0.0 -0.141 -0.187 -0.654 0.0 -0.741 -0.156 -0.992 -0.0 0.019 0.124 0.668 -0.0 -0.712 -0.219 0.915 0.0 -0.128 0.383 
0.966 0.001 0.017 0.258 -0.754 -0.0 -0.648 0.108 -0.954 0.0 -0.074 -0.292 0.78 0.0 -0.608 0.148 0.972 0.0 -0.14 -0.187 -0.656 -0.0 -0.741 -0.147 -0.993 -0.0 0.02 0.116 0.667 0.0 -0.712 -0.22 0.918 0.0 -0.126 0.377 
0.967 0.0 0.018 0.256 -0.755 -0.0 -0.647 0.11 -0.953 0.0 -0.075 -0.293 0.779 0.0 -0.609 0.15 0.972 0.0 -0.139 -0.188 -0.657 0.0 -0.741 -0.139 -0.994 -0.0 0.02 0.11 0.666 0.0 -0.714 -0.218 0.921 0.0 -0.12 0.369 
0.967 -0.001 0.02 0.254 -0.756 -0.0 -0.645 0.109 -0.954 -0.0 -0.076 -0.291 0.778 0.0 -0.61 0.152 0.972 0.0 -0.138 -0.188 -0.66 0.0 -0.74 -0.129 -0.995 -0.0 0.019 0.102 0.665 0.0 -0.715 -0.216 0.926 0.0 -0.115 0.361 
0.968 -0.002 0.021 0.252 -0.757 0.0 -0.644 0.11 -0.954 -0.0 -0.077 -0.291 0.776 0.0 -0.611 0.154 0.973 0.0 -0.137 -0.188 -0.662 -0.0 -0.74 -0.12 -0.995 -0.0 0.018 0.095 0.664 0.0 -0.717 -0.212 0.93 0.0 -0.108 0.351 
0.968 -0.002 0.022 0.25 -0.758 -0.0 -0.643 0.109 -0.954 -0.0 -0.078 -0.289 0.775 -0.0 -0.612 0.155 0.973 0.0 -0.135 -0.189 -0.664 -0.0 -0.739 -0.111 -0.996 0.0 0.017 0.088 0.664 0.0 -0.718 -0.209 0.935 -0.0 -0.105 0.34 
0.969 -0.003 0.023 0.248 -0.759 -0.0 -0.642 0.11 -0.954 0.0 -0.08 -0.29 0.774 0.0 -0.613 0.157 0.974 0.0 -0.129 -0.186 -0.666 0.0 -0.739 -0.104 -0.997 -0.0 0.015 0.082 0.663 0.0 -0.721 -0.204 0.939 0.0 -0.094 0.329 
0.969 -0.004 0.021 0.248 -0.758 -0.0 -0.642 0.109 -0.954 -0.0 -0.08 -0.288 0.775 -0.0 -0.613 0.156 0.974 0.0 -0.127 -0.187 -0.667 -0.0 -0.738 -0.098 -0.997 -0.0 0.012 0.075 0.663 0.0 -0.721 -0.202 0.943 0.0 -0.089 0.32 
0.969 -0.004 0.022 0.247 -0.759 -0.0 -0.643 0.108 -0.955 -0.0 -0.079 -0.287 0.774 0.0 -0.613 0.157 0.974 0.0 -0.125 -0.188 -0.67 -0.0 -0.737 -0.092 -0.998 -0.0 0.008 0.069 0.663 0.0 -0.722 -0.2 0.948 0.0 -0.082 0.309 
0.97 -0.004 0.024 0.243 -0.761 -0.0 -0.64 0.108 -0.955 -0.0 -0.081 -0.285 0.771 0.0 -0.616 0.16 0.974 0.0 -0.122 -0.188 -0.674 -0.0 -0.734 -0.084 -0.998 -0.0 0.004 0.064 0.656 -0.0 -0.729 -0.192 0.952 -0.0 -0.071 0.296 
0.97 -0.005 0.024 0.243 -0.761 0.0 -0.64 0.108 -0.955 -0.0 -0.082 -0.284 0.771 0.0 -0.617 0.16 0.975 0.0 -0.12 -0.189 -0.676 -0.0 -0.733 -0.078 -0.998 -0.0 -0.001 0.059 0.659 -0.0 -0.728 -0.189 0.956 0.0 -0.07 0.284 
0.97 -0.005 0.025 0.243 -0.761 0.0 -0.64 0.108 -0.956 -0.0 -0.081 -0.283 0.77 0.0 -0.618 0.16 0.975 0.0 -0.118 -0.19 -0.679 -0.0 -0.731 -0.072 -0.999 -0.0 -0.006 0.053 0.659 0.0 -0.729 -0.184 0.96 -0.0 -0.065 0.272 
0.97 -0.006 0.025 0.242 -0.761 -0.0 -0.64 0.106 -0.957 -0.0 -0.08 -0.28 0.769 -0.0 -0.619 0.161 0.975 0.0 -0.115 -0.19 -0.682 -0.0 -0.729 -0.066 -0.999 -0.0 -0.011 0.048 0.659 0.0 -0.73 -0.178 0.964 -0.0 -0.059 0.259 
0.97 -0.006 0.025 0.242 -0.761 -0.0 -0.64 0.105 -0.957 -0.0 -0.08 -0.279 0.768 0.0 -0.62 0.161 0.975 0.0 -0.113 -0.19 -0.684 0.0 -0.727 -0.06 -0.999 -0.0 -0.016 0.042 0.66 0.0 -0.731 -0.172 0.968 0.0 -0.053 0.247 
0.97 -0.007 0.025 0.242 -0.761 -0.0 -0.64 0.105 -0.957 -0.0 -0.079 -0.277 0.768 0.0 -0.62 0.161 0.975 0.0 -0.111 -0.19 -0.686 -0.0 -0.725 -0.054 -0.999 -0.0 -0.021 0.037 0.661 0.0 -0.732 -0.166 0.971 0.0 -0.049 0.234 
0.97 -0.007 0.025 0.242 -0.761 -0.0 -0.64 0.105 -0.958 -0.0 -0.079 -0.275 0.767 -0.0 -0.621 0.16 0.976 0.0 -0.108 -0.191 -0.688 -0.0 -0.724 -0.049 -0.999 -0.0 -0.024 0.033 0.662 0.0 -0.732 -0.161 0.974 0.0 -0.045 0.224 
0.97 -0.007 0.025 0.242 -0.761 0.0 -0.641 0.103 -0.959 -0.0 -0.079 -0.273 0.767 -0.0 -0.622 0.16 0.976 0.0 -0.106 -0.191 -0.69 -0.0 -0.723 -0.045 -0.999 -0.0 -0.029 0.029 0.662 0.0 -0.733 -0.156 0.976 0.0 -0.041 0.213 
0.97 -0.008 0.026 0.241 -0.761 -0.0 -0.64 0.104 -0.959 -0.0 -0.079 -0.271 0.766 0.0 -0.623 0.16 0.976 0.0 -0.104 -0.191 -0.692 -0.0 -0.721 -0.04 -0.999 -0.0 -0.032 0.027 0.662 0.0 -0.735 -0.15 0.978 0.0 -0.037 0.204 
0.97 -0.009 0.025 0.242 -0.761 -0.0 -0.641 0.104 -0.96 0.0 -0.078 -0.27 0.765 0.0 -0.623 0.16 0.976 0.0 -0.102 -0.191 -0.693 -0.0 -0.72 -0.035 -0.999 -0.0 -0.036 0.023 0.661 -0.0 -0.737 -0.144 0.98 0.0 -0.031 0.195 
0.97 -0.01 0.025 0.242 -0.76 -0.0 -0.641 0.104 -0.96 -0.0 -0.077 -0.268 0.765 0.0 -0.624 0.16 0.976 0.0 -0.101 -0.191 -0.695 -0.0 -0.719 -0.03 -0.999 -0.0 -0.039 0.02 0.659 0.0 -0.739 -0.138 0.982 0.0 -0.023 0.187 
0.97 -0.01 0.025 0.242 -0.76 -0.0 -0.642 0.103 -0.961 0.0 -0.075 -0.266 0.765 0.0 -0.624 0.16 0.977 0.0 -0.099 -0.191 -0.695 0.0 -0.718 -0.027 -0.999 -0.0 -0.042 0.019 0.658 0.0 -0.742 -0.132 0.984 0.0 -0.016 0.179 
0.97 -0.011 0.025 0.242 -0.759 -0.0 -0.643 0.104 -0.962 0.0 -0.075 -0.264 0.765 0.0 -0.624 0.16 0.977 0.0 -0.099 -0.19 -0.696 0.0 -0.718 -0.023 -0.999 -0.0 -0.044 0.018 0.655 0.0 -0.745 -0.125 0.985 0.0 -0.006 0.172 
0.97 -0.012 0.024 0.241 -0.759 -0.0 -0.643 0.104 -0.962 0.0 -0.075 -0.262 0.764 0.0 -0.625 0.16 0.977 0.0 -0.098 -0.191 -0.696 -0.0 -0.718 -0.021 -0.999 0.0 -0.045 0.018 0.652 0.0 -0.749 -0.117 0.986 0.0 0.003 0.165 
0.97 -0.013 0.024 0.24 -0.758 -0.0 -0.644 0.104 -0.962 -0.0 -0.074 -0.261 0.765 0.0 -0.624 0.159 0.977 -0.0 -0.098 -0.191 -0.696 0.0 -0.718 -0.019 -0.999 -0.0 -0.046 0.019 0.649 0.0 -0.753 -0.11 0.987 -0.0 0.012 0.158 
0.97 -0.014 0.023 0.24 -0.757 -0.0 -0.645 0.105 -0.963 -0.0 -0.073 -0.26 0.765 0.0 -0.625 0.159 0.977 0.0 -0.097 -0.19 -0.696 -0.0 -0.718 -0.017 -0.999 -0.0 -0.047 0.019 0.647 0.0 -0.756 -0.102 0.988 0.0 0.019 0.153 
0.97 -0.015 0.023 0.24 -0.757 -0.0 -0.645 0.106 -0.963 -0.0 -0.073 -0.258 0.765 0.0 -0.624 0.159 0.977 -0.0 -0.098 -0.19 -0.696 -0.0 -0.718 -0.016 -0.999 -0.0 -0.048 0.02 0.645 0.0 -0.758 -0.094 0.989 0.0 0.026 0.147 
0.971 -0.016 0.023 0.239 -0.756 -0.0 -0.646 0.106 -0.964 -0.0 -0.073 -0.257 0.765 -0.0 -0.624 0.159 0.977 -0.0 -0.098 -0.19 -0.696 -0.0 -0.718 -0.013 -0.999 -0.0 -0.047 0.021 0.643 0.0 -0.761 -0.085 0.99 0.0 0.031 0.14 
0.97 -0.017 0.022 0.24 -0.755 -0.0 -0.647 0.106 -0.964 0.0 -0.071 -0.255 0.766 0.0 -0.623 0.159 0.977 0.0 -0.099 -0.19 -0.695 -0.0 -0.719 -0.01 -0.999 0.0 -0.048 0.02 0.643 0.0 -0.762 -0.075 0.99 0.0 0.036 0.133 
0.97 -0.018 0.022 0.24 -0.755 -0.0 -0.647 0.107 -0.965 -0.0 -0.071 -0.254 0.766 0.0 -0.623 0.158 0.977 -0.0 -0.099 -0.19 -0.695 -0.0 -0.719 -0.008 -0.999 -0.0 -0.046 0.021 0.642 0.0 -0.763 -0.067 0.991 0.0 0.04 0.125 
0.97 -0.019 0.022 0.24 -0.755 -0.0 -0.647 0.108 -0.965 -0.0 -0.07 -0.254 0.766 0.0 -0.624 0.158 0.977 0.0 -0.1 -0.19 -0.694 -0.0 -0.72 -0.007 -0.999 -0.0 -0.045 0.022 0.642 -0.0 -0.764 -0.059 0.992 0.0 0.041 0.118 
0.97 -0.019 0.023 0.24 -0.755 -0.0 -0.647 0.109 -0.965 -0.0 -0.069 -0.254 0.765 0.0 -0.624 0.157 0.977 0.0 -0.101 -0.19 -0.694 -0.0 -0.719 -0.007 -0.999 -0.0 -0.044 0.023 0.641 0.0 -0.766 -0.049 0.993 0.0 0.046 0.108 
0.97 -0.019 0.022 0.241 -0.754 -0.0 -0.648 0.108 -0.966 -0.0 -0.067 -0.251 0.766 -0.0 -0.624 0.156 0.975 -0.0 -0.105 -0.193 -0.694 -0.0 -0.72 -0.006 -0.999 -0.0 -0.042 0.024 0.641 0.0 -0.767 -0.041 0.994 0.0 0.048 0.1 
0.97 -0.02 0.022 0.243 -0.753 -0.0 -0.649 0.109 -0.966 -0.0 -0.065 -0.25 0.766 0.0 -0.624 0.155 0.975 0.0 -0.105 -0.193 -0.693 -0.0 -0.721 -0.006 -0.999 -0.0 -0.04 0.026 0.642 -0.0 -0.766 -0.034 0.995 0.0 0.047 0.092 
0.969 -0.02 0.022 0.244 -0.752 -0.0 -0.65 0.109 -0.966 0.0 -0.061 -0.25 0.766 -0.0 -0.624 0.154 0.975 -0.0 -0.106 -0.193 -0.692 -0.0 -0.722 -0.008 -0.999 -0.0 -0.038 0.028 0.643 0.0 -0.766 -0.029 0.995 -0.0 0.048 0.085 
0.969 -0.02 0.022 0.245 -0.752 -0.0 -0.65 0.11 -0.966 -0.0 -0.06 -0.25 0.766 -0.0 -0.624 0.152 0.975 0.0 -0.107 -0.193 -0.692 -0.0 -0.722 -0.009 -0.999 -0.0 -0.037 0.03 0.644 0.0 -0.765 -0.023 0.996 0.0 0.046 0.078 
0.969 -0.02 0.022 0.246 -0.752 -0.0 -0.65 0.11 -0.967 -0.0 -0.06 -0.248 0.766 0.0 -0.625 0.151 0.975 0.0 -0.107 -0.193 -0.692 -0.0 -0.722 -0.01 -0.999 0.0 -0.036 0.033 0.644 0.0 -0.765 -0.017 0.996 0.0 0.046 0.071 
0.969 -0.02 0.023 0.247 -0.752 -0.0 -0.65 0.112 -0.967 -0.0 -0.059 -0.249 0.766 0.0 -0.625 0.15 0.975 0.0 -0.107 -0.192 -0.691 -0.0 -0.723 -0.011 -0.999 -0.0 -0.034 0.035 0.645 -0.0 -0.764 -0.012 0.997 0.0 0.043 0.065 
0.969 -0.02 0.023 0.247 -0.751 -0.0 -0.651 0.113 -0.967 0.0 -0.055 -0.247 0.766 0.0 -0.626 0.148 0.975 0.0 -0.108 -0.192 -0.691 0.0 -0.723 -0.013 -0.999 0.0 -0.033 0.038 0.645 0.0 -0.764 -0.008 0.997 0.0 0.041 0.061 
0.968 -0.021 0.024 0.247 -0.752 -0.0 -0.649 0.113 -0.968 -0.0 -0.056 -0.247 0.765 0.0 -0.626 0.148 0.975 0.0 -0.108 -0.192 -0.691 -0.0 -0.723 -0.014 -0.999 -0.0 -0.031 0.041 0.645 0.0 -0.764 -0.005 0.997 0.0 0.039 0.059 
0.968 -0.021 0.024 0.248 -0.751 -0.0 -0.651 0.114 -0.968 -0.0 -0.052 -0.245 0.765 0.0 -0.627 0.147 0.975 0.0 -0.108 -0.192 -0.691 -0.0 -0.722 -0.014 -0.999 -0.0 -0.03 0.043 0.647 0.0 -0.763 -0.003 0.998 0.0 0.034 0.059 
0.968 -0.021 0.025 0.248 -0.751 -0.0 -0.65 0.116 -0.968 -0.0 -0.053 -0.245 0.765 0.0 -0.628 0.146 0.975 -0.0 -0.107 -0.192 -0.691 0.0 -0.722 -0.016 -0.999 -0.0 -0.029 0.046 0.649 0.0 -0.761 -0.003 0.998 0.0 0.029 0.059 
0.968 -0.021 0.025 0.248 -0.75 -0.0 -0.651 0.117 -0.968 -0.0 -0.051 -0.244 0.765 0.0 -0.628 0.145 0.975 0.0 -0.108 -0.193 -0.691 -0.0 -0.722 -0.017 -0.998 -0.0 -0.028 0.049 0.65 0.0 -0.76 -0.002 0.998 0.0 0.025 0.06 
0.968 -0.022 0.026 0.248 -0.75 -0.0 -0.65 0.119 -0.968 -0.0 -0.052 -0.245 0.765 -0.0 -0.628 0.144 0.975 -0.0 -0.108 -0.193 -0.691 -0.0 -0.722 -0.017 -0.998 -0.0 -0.027 0.051 0.651 0.0 -0.759 -0.002 0.998 0.0 0.02 0.061 
0.968 -0.022 0.026 0.249 -0.75 -0.0 -0.65 0.12 -0.969 0.0 -0.052 -0.243 0.765 0.0 -0.628 0.144 0.975 0.0 -0.109 -0.193 -0.692 -0.0 -0.722 -0.018 -0.998 -0.0 -0.027 0.054 0.654 0.0 -0.757 -0.0 0.998 0.0 0.014 0.06 
0.968 -0.023 0.026 0.249 -0.749 -0.0 -0.651 0.121 -0.969 -0.0 -0.049 -0.242 0.765 0.0 -0.628 0.143 0.975 0.0 -0.109 -0.193 -0.691 -0.0 -0.722 -0.02 -0.998 -0.0 -0.026 0.057 0.655 0.0 -0.755 0.001 0.998 0.0 0.009 0.059 
0.968 -0.022 0.026 0.249 -0.749 -0.0 -0.651 0.124 -0.969 0.0 -0.051 -0.243 0.765 0.0 -0.628 0.141 0.975 0.0 -0.109 -0.195 -0.691 -0.0 -0.722 -0.022 -0.998 0.0 -0.026 0.06 0.658 0.0 -0.753 0.002 0.998 0.0 0.004 0.059 
0.968 -0.023 0.025 0.248 -0.749 -0.0 -0.651 0.125 -0.969 -0.0 -0.052 -0.242 0.765 -0.0 -0.629 0.14 0.975 0.0 -0.109 -0.196 -0.692 -0.0 -0.722 -0.024 -0.998 -0.0 -0.026 0.063 0.657 0.0 -0.754 0.003 0.998 0.0 0.004 0.058 
