# T   LUA LFA RUA RFA LT  LS  RT  RS  
1.0 -0.012 0.004 -0.005 -0.741 0.0 -0.669 -0.059 -0.983 -0.0 -0.11 -0.146 0.745 0.0 -0.657 -0.114 0.989 0.0 -0.067 -0.132 -0.626 -0.0 -0.779 -0.039 -0.981 -0.0 0.108 0.163 0.662 -0.0 -0.748 -0.045 0.979 0.0 0.057 0.197 
1.0 -0.013 0.004 -0.005 -0.741 0.0 -0.669 -0.059 -0.983 -0.0 -0.11 -0.146 0.745 -0.0 -0.657 -0.115 0.989 0.0 -0.067 -0.131 -0.626 -0.0 -0.779 -0.039 -0.981 -0.0 0.108 0.163 0.662 -0.0 -0.748 -0.045 0.979 0.0 0.057 0.197 
1.0 -0.012 0.004 -0.005 -0.741 -0.0 -0.669 -0.059 -0.983 -0.0 -0.11 -0.145 0.745 0.0 -0.657 -0.114 0.989 -0.0 -0.067 -0.132 -0.626 -0.0 -0.778 -0.039 -0.981 -0.0 0.108 0.163 0.662 -0.0 -0.748 -0.045 0.979 0.0 0.057 0.197 
1.0 -0.012 0.004 -0.005 -0.741 -0.0 -0.669 -0.059 -0.983 -0.0 -0.11 -0.146 0.745 0.0 -0.657 -0.114 0.989 0.0 -0.067 -0.132 -0.626 -0.0 -0.778 -0.039 -0.981 -0.0 0.107 0.163 0.662 0.0 -0.748 -0.045 0.979 0.0 0.057 0.197 
1.0 -0.012 0.004 -0.005 -0.741 -0.0 -0.669 -0.059 -0.983 -0.0 -0.11 -0.145 0.745 -0.0 -0.657 -0.114 0.989 0.0 -0.067 -0.132 -0.627 -0.0 -0.778 -0.039 -0.981 -0.0 0.107 0.163 0.662 0.0 -0.748 -0.045 0.979 0.0 0.057 0.197 
1.0 -0.012 0.004 -0.005 -0.741 -0.0 -0.669 -0.059 -0.983 -0.0 -0.11 -0.146 0.745 0.0 -0.657 -0.114 0.989 0.0 -0.067 -0.132 -0.626 -0.0 -0.779 -0.039 -0.981 0.0 0.108 0.163 0.662 -0.0 -0.748 -0.045 0.979 0.0 0.057 0.197 
1.0 -0.012 0.004 -0.005 -0.741 -0.0 -0.668 -0.059 -0.983 -0.0 -0.11 -0.146 0.745 0.0 -0.658 -0.114 0.989 0.0 -0.066 -0.131 -0.626 -0.0 -0.778 -0.039 -0.981 0.0 0.107 0.163 0.662 0.0 -0.748 -0.045 0.979 0.0 0.057 0.197 
1.0 -0.012 0.004 -0.005 -0.741 -0.0 -0.668 -0.059 -0.983 0.0 -0.11 -0.146 0.745 0.0 -0.657 -0.114 0.989 -0.0 -0.067 -0.132 -0.626 -0.0 -0.778 -0.039 -0.981 -0.0 0.107 0.163 0.662 0.0 -0.748 -0.045 0.979 0.0 0.057 0.197 
1.0 -0.012 0.004 -0.005 -0.741 -0.0 -0.668 -0.059 -0.983 -0.0 -0.11 -0.146 0.745 -0.0 -0.658 -0.114 0.989 0.0 -0.066 -0.131 -0.626 -0.0 -0.779 -0.039 -0.981 -0.0 0.108 0.163 0.662 0.0 -0.748 -0.046 0.979 0.0 0.057 0.197 
1.0 -0.012 0.004 -0.006 -0.741 -0.0 -0.669 -0.059 -0.983 -0.0 -0.11 -0.145 0.745 0.0 -0.657 -0.114 0.989 -0.0 -0.067 -0.132 -0.626 -0.0 -0.779 -0.039 -0.981 -0.0 0.108 0.163 0.662 0.0 -0.748 -0.045 0.979 0.0 0.057 0.197 
1.0 -0.012 0.004 -0.005 -0.741 -0.0 -0.669 -0.059 -0.983 -0.0 -0.11 -0.146 0.745 0.0 -0.657 -0.114 0.989 0.0 -0.067 -0.132 -0.626 -0.0 -0.778 -0.039 -0.981 -0.0 0.107 0.163 0.662 0.0 -0.748 -0.046 0.979 0.0 0.057 0.198 
1.0 -0.012 0.004 -0.005 -0.741 -0.0 -0.669 -0.059 -0.983 -0.0 -0.11 -0.146 0.745 0.0 -0.657 -0.114 0.989 0.0 -0.067 -0.132 -0.626 -0.0 -0.779 -0.039 -0.981 -0.0 0.107 0.163 0.662 -0.0 -0.748 -0.046 0.979 0.0 0.057 0.198 
1.0 -0.012 0.004 -0.006 -0.741 -0.0 -0.668 -0.059 -0.983 -0.0 -0.11 -0.146 0.745 -0.0 -0.657 -0.113 0.989 0.0 -0.067 -0.132 -0.626 0.0 -0.779 -0.04 -0.981 -0.0 0.107 0.163 0.662 0.0 -0.748 -0.046 0.979 0.0 0.057 0.197 
1.0 -0.012 0.004 -0.006 -0.741 -0.0 -0.668 -0.059 -0.983 0.0 -0.11 -0.146 0.745 0.0 -0.657 -0.113 0.989 -0.0 -0.067 -0.132 -0.626 0.0 -0.778 -0.039 -0.981 -0.0 0.107 0.163 0.662 0.0 -0.748 -0.046 0.979 0.0 0.056 0.198 
1.0 -0.012 0.004 -0.006 -0.741 -0.0 -0.668 -0.059 -0.983 -0.0 -0.11 -0.146 0.744 0.0 -0.658 -0.114 0.989 0.0 -0.066 -0.131 -0.626 -0.0 -0.778 -0.039 -0.981 -0.0 0.108 0.163 0.662 0.0 -0.748 -0.046 0.979 0.0 0.056 0.197 
1.0 -0.012 0.004 -0.006 -0.741 -0.0 -0.669 -0.059 -0.983 -0.0 -0.11 -0.146 0.745 0.0 -0.657 -0.113 0.989 0.0 -0.067 -0.132 -0.626 -0.0 -0.779 -0.04 -0.981 -0.0 0.107 0.164 0.662 0.0 -0.748 -0.046 0.979 -0.0 0.056 0.198 
1.0 -0.012 0.004 -0.006 -0.741 -0.0 -0.669 -0.059 -0.983 -0.0 -0.11 -0.146 0.745 -0.0 -0.657 -0.113 0.989 0.0 -0.067 -0.132 -0.626 -0.0 -0.779 -0.04 -0.981 -0.0 0.107 0.163 0.662 0.0 -0.748 -0.046 0.979 0.0 0.056 0.198 
1.0 -0.012 0.004 -0.006 -0.741 -0.0 -0.668 -0.059 -0.983 -0.0 -0.11 -0.146 0.745 0.0 -0.658 -0.113 0.989 0.0 -0.067 -0.132 -0.626 0.0 -0.779 -0.039 -0.981 -0.0 0.108 0.163 0.662 0.0 -0.748 -0.045 0.979 0.0 0.057 0.197 
1.0 -0.012 0.004 -0.006 -0.741 -0.0 -0.669 -0.059 -0.983 -0.0 -0.11 -0.146 0.745 0.0 -0.658 -0.113 0.989 0.0 -0.067 -0.132 -0.626 -0.0 -0.778 -0.04 -0.981 -0.0 0.107 0.163 0.662 0.0 -0.748 -0.046 0.979 0.0 0.056 0.198 
1.0 -0.012 0.004 -0.006 -0.741 -0.0 -0.669 -0.059 -0.983 -0.0 -0.11 -0.146 0.745 0.0 -0.658 -0.113 0.989 0.0 -0.067 -0.132 -0.626 -0.0 -0.778 -0.04 -0.981 -0.0 0.107 0.163 0.662 0.0 -0.748 -0.046 0.979 0.0 0.057 0.198 
1.0 -0.012 0.004 -0.006 -0.741 -0.0 -0.669 -0.059 -0.983 -0.0 -0.11 -0.146 0.745 -0.0 -0.658 -0.113 0.989 0.0 -0.067 -0.132 -0.626 -0.0 -0.779 -0.039 -0.981 -0.0 0.107 0.163 0.662 0.0 -0.748 -0.046 0.979 0.0 0.057 0.198 
1.0 -0.012 0.004 -0.006 -0.741 -0.0 -0.669 -0.059 -0.983 -0.0 -0.11 -0.146 0.745 -0.0 -0.658 -0.113 0.989 0.0 -0.066 -0.133 -0.626 -0.0 -0.778 -0.04 -0.981 0.0 0.107 0.163 0.662 0.0 -0.748 -0.046 0.979 0.0 0.056 0.198 
1.0 -0.012 0.004 -0.006 -0.741 0.0 -0.669 -0.059 -0.983 -0.0 -0.11 -0.146 0.745 -0.0 -0.658 -0.114 0.989 0.0 -0.066 -0.132 -0.626 0.0 -0.779 -0.04 -0.981 -0.0 0.107 0.163 0.662 0.0 -0.748 -0.046 0.979 0.0 0.056 0.197 
1.0 -0.012 0.004 -0.006 -0.741 -0.0 -0.669 -0.059 -0.983 -0.0 -0.11 -0.146 0.745 0.0 -0.658 -0.114 0.989 0.0 -0.067 -0.133 -0.626 -0.0 -0.779 -0.04 -0.981 -0.0 0.107 0.163 0.662 0.0 -0.748 -0.046 0.979 0.0 0.056 0.198 
1.0 -0.012 0.004 -0.006 -0.741 -0.0 -0.669 -0.059 -0.983 -0.0 -0.11 -0.146 0.745 0.0 -0.658 -0.113 0.989 -0.0 -0.067 -0.133 -0.626 -0.0 -0.779 -0.04 -0.981 -0.0 0.108 0.163 0.662 0.0 -0.748 -0.046 0.979 0.0 0.057 0.197 
1.0 -0.012 0.004 -0.006 -0.741 -0.0 -0.669 -0.059 -0.983 0.0 -0.11 -0.145 0.745 -0.0 -0.658 -0.113 0.989 0.0 -0.067 -0.133 -0.626 -0.0 -0.779 -0.04 -0.981 -0.0 0.107 0.163 0.662 0.0 -0.748 -0.045 0.979 0.0 0.057 0.197 
1.0 -0.012 0.004 -0.006 -0.741 -0.0 -0.669 -0.059 -0.983 -0.0 -0.11 -0.146 0.744 0.0 -0.658 -0.114 0.989 0.0 -0.066 -0.132 -0.626 -0.0 -0.779 -0.039 -0.981 -0.0 0.107 0.163 0.662 0.0 -0.748 -0.046 0.979 0.0 0.057 0.197 
1.0 -0.012 0.004 -0.006 -0.741 -0.0 -0.669 -0.059 -0.983 -0.0 -0.11 -0.146 0.745 0.0 -0.658 -0.114 0.989 0.0 -0.066 -0.132 -0.626 -0.0 -0.779 -0.039 -0.981 -0.0 0.107 0.163 0.662 0.0 -0.748 -0.045 0.979 0.0 0.057 0.197 
1.0 -0.012 0.004 -0.006 -0.741 0.0 -0.669 -0.059 -0.983 -0.0 -0.11 -0.146 0.745 0.0 -0.658 -0.113 0.989 -0.0 -0.067 -0.133 -0.626 -0.0 -0.779 -0.04 -0.981 0.0 0.107 0.163 0.662 0.0 -0.748 -0.046 0.979 0.0 0.057 0.198 
1.0 -0.012 0.004 -0.006 -0.741 -0.0 -0.669 -0.059 -0.983 -0.0 -0.11 -0.146 0.745 0.0 -0.658 -0.113 0.989 0.0 -0.067 -0.133 -0.626 -0.0 -0.779 -0.04 -0.981 -0.0 0.107 0.163 0.662 0.0 -0.748 -0.046 0.979 -0.0 0.057 0.197 
1.0 -0.012 0.004 -0.006 -0.741 -0.0 -0.669 -0.059 -0.983 -0.0 -0.11 -0.146 0.745 -0.0 -0.658 -0.114 0.989 0.0 -0.066 -0.133 -0.626 -0.0 -0.779 -0.039 -0.981 0.0 0.107 0.163 0.662 -0.0 -0.748 -0.046 0.979 0.0 0.057 0.197 
1.0 -0.012 0.004 -0.006 -0.741 -0.0 -0.669 -0.059 -0.983 -0.0 -0.11 -0.146 0.744 -0.0 -0.658 -0.114 0.989 0.0 -0.066 -0.133 -0.626 -0.0 -0.779 -0.039 -0.981 -0.0 0.108 0.163 0.662 0.0 -0.748 -0.046 0.979 0.0 0.057 0.197 
1.0 -0.012 0.004 -0.006 -0.741 0.0 -0.669 -0.059 -0.983 -0.0 -0.11 -0.146 0.744 -0.0 -0.658 -0.114 0.989 -0.0 -0.066 -0.133 -0.626 -0.0 -0.779 -0.04 -0.981 0.0 0.107 0.163 0.662 0.0 -0.748 -0.046 0.979 0.0 0.057 0.198 
1.0 -0.012 0.004 -0.006 -0.741 -0.0 -0.669 -0.059 -0.983 -0.0 -0.11 -0.146 0.744 0.0 -0.658 -0.114 0.989 0.0 -0.066 -0.133 -0.626 -0.0 -0.779 -0.04 -0.981 -0.0 0.107 0.163 0.662 0.0 -0.748 -0.046 0.979 0.0 0.057 0.198 
1.0 -0.012 0.004 -0.006 -0.741 0.0 -0.669 -0.059 -0.983 -0.0 -0.11 -0.146 0.744 0.0 -0.658 -0.114 0.989 0.0 -0.066 -0.133 -0.626 -0.0 -0.779 -0.04 -0.981 -0.0 0.107 0.164 0.662 0.0 -0.748 -0.046 0.979 0.0 0.057 0.197 
1.0 -0.012 0.004 -0.005 -0.742 -0.0 -0.668 -0.057 -0.983 -0.0 -0.111 -0.147 0.744 0.0 -0.658 -0.114 0.989 0.0 -0.066 -0.133 -0.626 -0.0 -0.779 -0.04 -0.981 -0.0 0.107 0.164 0.662 -0.0 -0.748 -0.047 0.979 0.0 0.057 0.198 
1.0 -0.012 0.004 -0.005 -0.741 -0.0 -0.669 -0.059 -0.983 -0.0 -0.11 -0.146 0.744 0.0 -0.658 -0.114 0.989 0.0 -0.067 -0.133 -0.626 -0.0 -0.778 -0.04 -0.981 -0.0 0.107 0.164 0.662 0.0 -0.748 -0.046 0.979 0.0 0.056 0.198 
1.0 -0.012 0.004 -0.005 -0.741 -0.0 -0.669 -0.058 -0.983 -0.0 -0.11 -0.146 0.744 0.0 -0.658 -0.114 0.989 -0.0 -0.066 -0.133 -0.626 -0.0 -0.779 -0.04 -0.981 0.0 0.107 0.164 0.662 0.0 -0.748 -0.046 0.979 0.0 0.057 0.198 
1.0 -0.012 0.004 -0.005 -0.741 0.0 -0.669 -0.059 -0.983 -0.0 -0.11 -0.145 0.744 0.0 -0.658 -0.114 0.989 -0.0 -0.066 -0.133 -0.626 -0.0 -0.779 -0.04 -0.981 0.0 0.107 0.163 0.662 0.0 -0.748 -0.046 0.979 0.0 0.057 0.197 
1.0 -0.012 0.004 -0.005 -0.741 -0.0 -0.669 -0.059 -0.983 0.0 -0.11 -0.146 0.744 0.0 -0.658 -0.114 0.989 0.0 -0.066 -0.133 -0.626 -0.0 -0.779 -0.04 -0.981 0.0 0.107 0.163 0.662 0.0 -0.748 -0.046 0.979 0.0 0.057 0.197 
1.0 -0.012 0.004 -0.005 -0.741 -0.0 -0.669 -0.059 -0.983 -0.0 -0.11 -0.145 0.744 0.0 -0.658 -0.114 0.989 0.0 -0.066 -0.133 -0.626 -0.0 -0.779 -0.04 -0.981 -0.0 0.107 0.164 0.662 0.0 -0.748 -0.046 0.979 -0.0 0.057 0.197 
1.0 -0.012 0.004 -0.005 -0.741 0.0 -0.669 -0.058 -0.983 0.0 -0.11 -0.146 0.744 0.0 -0.658 -0.114 0.989 0.0 -0.066 -0.133 -0.626 -0.0 -0.779 -0.04 -0.981 0.0 0.107 0.164 0.662 0.0 -0.748 -0.047 0.979 0.0 0.057 0.198 
1.0 -0.012 0.004 -0.005 -0.742 0.0 -0.668 -0.057 -0.983 -0.0 -0.111 -0.147 0.744 0.0 -0.658 -0.114 0.989 0.0 -0.066 -0.133 -0.626 0.0 -0.778 -0.041 -0.981 -0.0 0.107 0.164 0.662 0.0 -0.748 -0.047 0.979 0.0 0.057 0.197 
1.0 -0.012 0.004 -0.005 -0.741 -0.0 -0.669 -0.059 -0.983 -0.0 -0.11 -0.145 0.744 0.0 -0.658 -0.114 0.989 0.0 -0.066 -0.133 -0.626 -0.0 -0.779 -0.041 -0.981 -0.0 0.107 0.164 0.662 0.0 -0.748 -0.047 0.979 0.0 0.057 0.197 
1.0 -0.012 0.004 -0.005 -0.742 -0.0 -0.668 -0.057 -0.983 -0.0 -0.111 -0.146 0.744 0.0 -0.658 -0.114 0.989 0.0 -0.066 -0.133 -0.626 -0.0 -0.778 -0.041 -0.981 -0.0 0.107 0.163 0.662 0.0 -0.748 -0.047 0.979 0.0 0.056 0.197 
1.0 -0.012 0.004 -0.005 -0.741 -0.0 -0.669 -0.059 -0.983 -0.0 -0.11 -0.145 0.744 0.0 -0.658 -0.113 0.989 0.0 -0.067 -0.133 -0.626 -0.0 -0.779 -0.04 -0.981 -0.0 0.107 0.163 0.662 0.0 -0.748 -0.047 0.979 0.0 0.057 0.197 
1.0 -0.012 0.004 -0.005 -0.741 -0.0 -0.669 -0.059 -0.983 -0.0 -0.11 -0.145 0.744 0.0 -0.658 -0.114 0.989 0.0 -0.066 -0.133 -0.626 -0.0 -0.779 -0.04 -0.981 -0.0 0.107 0.163 0.662 0.0 -0.748 -0.046 0.979 0.0 0.057 0.197 
1.0 -0.012 0.004 -0.005 -0.741 -0.0 -0.669 -0.058 -0.983 -0.0 -0.11 -0.145 0.744 0.0 -0.658 -0.114 0.989 0.0 -0.067 -0.133 -0.626 -0.0 -0.779 -0.041 -0.981 0.0 0.107 0.163 0.662 0.0 -0.748 -0.047 0.979 0.0 0.057 0.197 
1.0 -0.012 0.004 -0.005 -0.741 -0.0 -0.669 -0.059 -0.983 -0.0 -0.11 -0.145 0.744 0.0 -0.658 -0.113 0.989 -0.0 -0.067 -0.133 -0.626 0.0 -0.779 -0.04 -0.981 -0.0 0.107 0.163 0.662 0.0 -0.748 -0.047 0.979 0.0 0.057 0.197 
1.0 -0.012 0.004 -0.005 -0.741 0.0 -0.669 -0.059 -0.983 -0.0 -0.11 -0.145 0.744 0.0 -0.658 -0.113 0.989 0.0 -0.067 -0.133 -0.626 -0.0 -0.778 -0.04 -0.981 -0.0 0.107 0.163 0.662 0.0 -0.748 -0.047 0.979 -0.0 0.057 0.197 
1.0 -0.011 0.004 -0.005 -0.742 -0.0 -0.668 -0.058 -0.983 -0.0 -0.111 -0.146 0.744 0.0 -0.658 -0.114 0.989 0.0 -0.067 -0.133 -0.626 -0.0 -0.779 -0.041 -0.981 -0.0 0.107 0.163 0.662 -0.0 -0.748 -0.047 0.979 0.0 0.057 0.197 
1.0 -0.012 0.004 -0.005 -0.741 -0.0 -0.669 -0.059 -0.983 -0.0 -0.11 -0.145 0.744 0.0 -0.658 -0.113 0.989 -0.0 -0.067 -0.133 -0.626 -0.0 -0.779 -0.041 -0.981 -0.0 0.107 0.163 0.662 0.0 -0.748 -0.047 0.979 0.0 0.057 0.197 
1.0 -0.011 0.004 -0.005 -0.742 -0.0 -0.668 -0.057 -0.983 -0.0 -0.111 -0.146 0.744 0.0 -0.658 -0.113 0.989 0.0 -0.067 -0.133 -0.626 -0.0 -0.779 -0.041 -0.981 -0.0 0.107 0.163 0.662 0.0 -0.748 -0.047 0.979 0.0 0.057 0.197 
1.0 -0.012 0.004 -0.005 -0.741 -0.0 -0.669 -0.059 -0.983 -0.0 -0.11 -0.145 0.744 0.0 -0.658 -0.113 0.989 0.0 -0.066 -0.133 -0.626 -0.0 -0.779 -0.041 -0.981 -0.0 0.107 0.164 0.662 0.0 -0.748 -0.047 0.979 0.0 0.057 0.197 
1.0 -0.012 0.004 -0.005 -0.741 -0.0 -0.669 -0.059 -0.983 -0.0 -0.11 -0.145 0.744 0.0 -0.658 -0.113 0.989 0.0 -0.067 -0.133 -0.626 0.0 -0.778 -0.041 -0.981 -0.0 0.107 0.164 0.662 0.0 -0.748 -0.047 0.979 0.0 0.057 0.197 
1.0 -0.012 0.004 -0.005 -0.741 0.0 -0.669 -0.058 -0.983 -0.0 -0.11 -0.145 0.744 0.0 -0.658 -0.113 0.989 0.0 -0.067 -0.133 -0.626 -0.0 -0.779 -0.041 -0.981 0.0 0.107 0.163 0.662 0.0 -0.748 -0.047 0.979 0.0 0.057 0.197 
1.0 -0.012 0.004 -0.005 -0.741 -0.0 -0.669 -0.059 -0.983 -0.0 -0.11 -0.145 0.744 0.0 -0.658 -0.113 0.989 0.0 -0.067 -0.133 -0.626 -0.0 -0.779 -0.041 -0.981 -0.0 0.107 0.163 0.662 0.0 -0.748 -0.047 0.979 0.0 0.057 0.197 
1.0 -0.012 0.004 -0.005 -0.741 -0.0 -0.669 -0.058 -0.983 -0.0 -0.11 -0.145 0.744 0.0 -0.658 -0.113 0.989 0.0 -0.067 -0.133 -0.626 -0.0 -0.779 -0.041 -0.981 -0.0 0.107 0.163 0.662 0.0 -0.748 -0.047 0.979 0.0 0.057 0.197 
1.0 -0.012 0.004 -0.005 -0.741 -0.0 -0.669 -0.058 -0.983 0.0 -0.11 -0.145 0.744 -0.0 -0.658 -0.112 0.989 0.0 -0.067 -0.133 -0.626 -0.0 -0.779 -0.041 -0.981 -0.0 0.107 0.163 0.662 0.0 -0.748 -0.047 0.979 0.0 0.057 0.197 
1.0 -0.012 0.004 -0.005 -0.741 -0.0 -0.669 -0.058 -0.983 -0.0 -0.11 -0.145 0.744 0.0 -0.658 -0.112 0.989 0.0 -0.067 -0.133 -0.626 -0.0 -0.778 -0.041 -0.981 -0.0 0.107 0.163 0.662 0.0 -0.748 -0.047 0.979 0.0 0.056 0.197 
1.0 -0.012 0.004 -0.005 -0.741 -0.0 -0.669 -0.058 -0.983 -0.0 -0.11 -0.145 0.744 0.0 -0.658 -0.112 0.989 0.0 -0.067 -0.133 -0.626 -0.0 -0.778 -0.041 -0.981 -0.0 0.107 0.164 0.662 0.0 -0.748 -0.047 0.979 0.0 0.057 0.197 
1.0 -0.012 0.004 -0.005 -0.741 -0.0 -0.669 -0.058 -0.983 0.0 -0.11 -0.145 0.744 -0.0 -0.658 -0.112 0.989 0.0 -0.067 -0.133 -0.626 -0.0 -0.779 -0.041 -0.981 -0.0 0.107 0.163 0.662 -0.0 -0.748 -0.047 0.979 0.0 0.057 0.197 
1.0 -0.012 0.004 -0.005 -0.741 -0.0 -0.669 -0.058 -0.983 0.0 -0.11 -0.145 0.744 0.0 -0.658 -0.112 0.989 0.0 -0.067 -0.133 -0.626 -0.0 -0.778 -0.041 -0.981 -0.0 0.107 0.164 0.662 0.0 -0.748 -0.047 0.979 0.0 0.057 0.197 
1.0 -0.012 0.004 -0.005 -0.741 -0.0 -0.669 -0.058 -0.983 -0.0 -0.111 -0.145 0.744 0.0 -0.658 -0.112 0.989 0.0 -0.067 -0.133 -0.626 -0.0 -0.779 -0.041 -0.981 -0.0 0.107 0.163 0.662 0.0 -0.748 -0.048 0.979 0.0 0.056 0.197 
1.0 -0.012 0.004 -0.005 -0.741 -0.0 -0.669 -0.058 -0.983 -0.0 -0.111 -0.145 0.745 0.0 -0.658 -0.111 0.989 0.0 -0.067 -0.133 -0.626 -0.0 -0.778 -0.041 -0.981 -0.0 0.107 0.164 0.662 0.0 -0.748 -0.048 0.979 0.0 0.056 0.198 
1.0 -0.012 0.004 -0.005 -0.741 -0.0 -0.669 -0.058 -0.983 -0.0 -0.111 -0.145 0.744 0.0 -0.658 -0.111 0.989 0.0 -0.067 -0.133 -0.626 -0.0 -0.778 -0.041 -0.981 -0.0 0.109 0.163 0.661 -0.0 -0.748 -0.048 0.979 0.0 0.057 0.198 
1.0 -0.012 0.004 -0.005 -0.741 0.0 -0.669 -0.058 -0.983 -0.0 -0.111 -0.145 0.745 -0.0 -0.658 -0.111 0.989 0.0 -0.067 -0.133 -0.626 -0.0 -0.779 -0.041 -0.981 0.0 0.107 0.164 0.662 0.0 -0.748 -0.048 0.979 0.0 0.057 0.197 
1.0 -0.012 0.004 -0.005 -0.741 -0.0 -0.669 -0.057 -0.983 -0.0 -0.111 -0.145 0.745 0.0 -0.658 -0.111 0.989 0.0 -0.067 -0.133 -0.626 -0.0 -0.779 -0.041 -0.981 -0.0 0.107 0.164 0.662 0.0 -0.748 -0.047 0.979 0.0 0.057 0.197 
1.0 -0.011 0.004 -0.005 -0.741 -0.0 -0.669 -0.058 -0.983 0.0 -0.111 -0.145 0.745 0.0 -0.658 -0.111 0.989 0.0 -0.067 -0.133 -0.626 0.0 -0.778 -0.042 -0.981 -0.0 0.107 0.164 0.662 -0.0 -0.748 -0.048 0.979 0.0 0.057 0.197 
1.0 -0.011 0.004 -0.005 -0.741 -0.0 -0.669 -0.056 -0.983 -0.0 -0.111 -0.146 0.745 0.0 -0.658 -0.111 0.989 0.0 -0.067 -0.133 -0.626 -0.0 -0.778 -0.042 -0.981 -0.0 0.107 0.164 0.662 0.0 -0.748 -0.048 0.979 0.0 0.057 0.197 
1.0 -0.012 0.004 -0.005 -0.741 -0.0 -0.669 -0.057 -0.983 -0.0 -0.111 -0.145 0.745 0.0 -0.658 -0.111 0.989 0.0 -0.067 -0.133 -0.626 -0.0 -0.778 -0.041 -0.981 -0.0 0.107 0.163 0.662 0.0 -0.748 -0.047 0.979 0.0 0.057 0.197 
1.0 -0.011 0.004 -0.005 -0.741 -0.0 -0.669 -0.057 -0.983 -0.0 -0.111 -0.145 0.745 0.0 -0.658 -0.111 0.989 0.0 -0.067 -0.133 -0.626 -0.0 -0.779 -0.041 -0.981 0.0 0.107 0.163 0.662 0.0 -0.748 -0.048 0.979 -0.0 0.056 0.197 
1.0 -0.012 0.004 -0.005 -0.741 -0.0 -0.669 -0.057 -0.983 -0.0 -0.111 -0.145 0.745 0.0 -0.658 -0.11 0.989 0.0 -0.067 -0.133 -0.626 -0.0 -0.779 -0.041 -0.981 -0.0 0.107 0.164 0.662 0.0 -0.748 -0.048 0.979 0.0 0.056 0.197 
1.0 -0.011 0.004 -0.005 -0.741 -0.0 -0.669 -0.057 -0.983 -0.0 -0.111 -0.145 0.745 0.0 -0.658 -0.11 0.989 0.0 -0.067 -0.133 -0.626 -0.0 -0.779 -0.042 -0.981 -0.0 0.107 0.164 0.662 0.0 -0.748 -0.048 0.979 -0.0 0.056 0.197 
1.0 -0.011 0.004 -0.005 -0.741 -0.0 -0.669 -0.057 -0.983 -0.0 -0.111 -0.145 0.744 -0.0 -0.659 -0.111 0.989 0.0 -0.066 -0.132 -0.626 -0.0 -0.779 -0.041 -0.981 -0.0 0.107 0.163 0.662 0.0 -0.748 -0.048 0.979 0.0 0.056 0.197 
1.0 -0.012 0.004 -0.005 -0.741 -0.0 -0.669 -0.057 -0.983 -0.0 -0.111 -0.144 0.745 0.0 -0.658 -0.11 0.989 0.0 -0.067 -0.133 -0.626 0.0 -0.778 -0.041 -0.981 -0.0 0.107 0.164 0.662 0.0 -0.748 -0.048 0.979 0.0 0.056 0.197 
1.0 -0.011 0.004 -0.005 -0.741 -0.0 -0.669 -0.057 -0.983 -0.0 -0.111 -0.144 0.745 0.0 -0.658 -0.11 0.989 -0.0 -0.067 -0.133 -0.626 0.0 -0.778 -0.042 -0.981 -0.0 0.107 0.164 0.662 0.0 -0.748 -0.048 0.979 0.0 0.056 0.197 
1.0 -0.012 0.004 -0.005 -0.741 -0.0 -0.67 -0.057 -0.983 -0.0 -0.111 -0.145 0.744 0.0 -0.659 -0.11 0.989 -0.0 -0.066 -0.132 -0.626 -0.0 -0.779 -0.041 -0.981 -0.0 0.107 0.163 0.662 0.0 -0.748 -0.047 0.979 0.0 0.057 0.197 
1.0 -0.011 0.004 -0.005 -0.741 0.0 -0.67 -0.057 -0.983 -0.0 -0.111 -0.145 0.744 0.0 -0.659 -0.11 0.989 0.0 -0.066 -0.132 -0.626 -0.0 -0.779 -0.041 -0.981 -0.0 0.107 0.163 0.662 -0.0 -0.748 -0.047 0.979 0.0 0.057 0.197 
1.0 -0.011 0.004 -0.005 -0.74 -0.0 -0.67 -0.057 -0.983 -0.0 -0.111 -0.145 0.745 0.0 -0.658 -0.11 0.989 0.0 -0.068 -0.134 -0.626 -0.0 -0.779 -0.041 -0.981 0.0 0.107 0.163 0.662 -0.0 -0.748 -0.048 0.979 0.0 0.056 0.197 
1.0 -0.011 0.004 -0.005 -0.74 -0.0 -0.67 -0.057 -0.983 -0.0 -0.111 -0.145 0.745 0.0 -0.658 -0.109 0.989 0.0 -0.067 -0.133 -0.626 0.0 -0.779 -0.041 -0.981 -0.0 0.107 0.163 0.662 0.0 -0.748 -0.047 0.979 -0.0 0.057 0.197 
1.0 -0.011 0.004 -0.005 -0.74 -0.0 -0.67 -0.056 -0.983 0.0 -0.111 -0.145 0.744 0.0 -0.659 -0.11 0.989 -0.0 -0.066 -0.132 -0.626 -0.0 -0.779 -0.041 -0.981 -0.0 0.107 0.163 0.662 0.0 -0.748 -0.048 0.979 0.0 0.056 0.197 
1.0 -0.012 0.004 -0.005 -0.741 -0.0 -0.67 -0.056 -0.983 -0.0 -0.111 -0.145 0.744 -0.0 -0.659 -0.11 0.989 0.0 -0.067 -0.133 -0.626 -0.0 -0.779 -0.041 -0.981 -0.0 0.107 0.163 0.662 -0.0 -0.748 -0.048 0.979 0.0 0.057 0.197 
1.0 -0.012 0.004 -0.005 -0.74 -0.0 -0.67 -0.056 -0.983 -0.0 -0.111 -0.145 0.744 -0.0 -0.659 -0.11 0.989 0.0 -0.067 -0.133 -0.626 -0.0 -0.779 -0.041 -0.981 -0.0 0.107 0.163 0.662 0.0 -0.748 -0.047 0.979 -0.0 0.057 0.197 
1.0 -0.012 0.004 -0.005 -0.74 -0.0 -0.67 -0.056 -0.983 -0.0 -0.111 -0.144 0.744 0.0 -0.659 -0.109 0.989 0.0 -0.067 -0.133 -0.626 -0.0 -0.779 -0.041 -0.981 -0.0 0.107 0.163 0.662 0.0 -0.748 -0.048 0.979 0.0 0.057 0.197 
1.0 -0.012 0.004 -0.005 -0.74 -0.0 -0.67 -0.056 -0.983 -0.0 -0.111 -0.145 0.744 0.0 -0.659 -0.11 0.989 0.0 -0.067 -0.133 -0.626 -0.0 -0.779 -0.041 -0.981 0.0 0.107 0.163 0.662 0.0 -0.748 -0.048 0.979 0.0 0.057 0.197 
1.0 -0.012 0.004 -0.005 -0.74 -0.0 -0.67 -0.056 -0.983 -0.0 -0.111 -0.145 0.744 0.0 -0.659 -0.11 0.989 0.0 -0.067 -0.133 -0.626 0.0 -0.779 -0.041 -0.981 -0.0 0.107 0.163 0.662 0.0 -0.748 -0.048 0.979 0.0 0.056 0.197 
1.0 -0.011 0.004 -0.005 -0.74 0.0 -0.67 -0.055 -0.983 -0.0 -0.111 -0.145 0.744 0.0 -0.659 -0.11 0.989 -0.0 -0.067 -0.133 -0.626 0.0 -0.779 -0.041 -0.981 -0.0 0.107 0.163 0.662 0.0 -0.748 -0.048 0.979 0.0 0.056 0.197 
1.0 -0.012 0.004 -0.005 -0.74 0.0 -0.67 -0.055 -0.983 -0.0 -0.111 -0.144 0.744 0.0 -0.659 -0.11 0.989 0.0 -0.067 -0.133 -0.626 -0.0 -0.778 -0.041 -0.981 -0.0 0.107 0.163 0.662 0.0 -0.748 -0.047 0.979 0.0 0.057 0.197 
1.0 -0.012 0.004 -0.005 -0.74 -0.0 -0.67 -0.055 -0.983 0.0 -0.111 -0.144 0.744 0.0 -0.659 -0.109 0.989 0.0 -0.067 -0.133 -0.626 -0.0 -0.779 -0.041 -0.981 0.0 0.107 0.163 0.662 0.0 -0.748 -0.048 0.979 0.0 0.056 0.198 
1.0 -0.012 0.004 -0.005 -0.74 -0.0 -0.67 -0.056 -0.983 -0.0 -0.111 -0.144 0.744 0.0 -0.659 -0.11 0.989 0.0 -0.067 -0.132 -0.626 -0.0 -0.779 -0.041 -0.981 -0.0 0.107 0.163 0.662 0.0 -0.748 -0.048 0.979 -0.0 0.056 0.197 
1.0 -0.012 0.004 -0.005 -0.74 0.0 -0.67 -0.055 -0.983 -0.0 -0.111 -0.144 0.744 -0.0 -0.659 -0.109 0.989 0.0 -0.067 -0.132 -0.626 -0.0 -0.779 -0.041 -0.981 0.0 0.107 0.163 0.662 0.0 -0.748 -0.048 0.979 0.0 0.057 0.198 
1.0 -0.012 0.004 -0.005 -0.74 -0.0 -0.67 -0.055 -0.983 -0.0 -0.111 -0.144 0.744 -0.0 -0.659 -0.109 0.989 -0.0 -0.067 -0.133 -0.626 -0.0 -0.778 -0.041 -0.981 -0.0 0.107 0.163 0.662 -0.0 -0.748 -0.047 0.979 -0.0 0.056 0.198 
1.0 -0.012 0.004 -0.005 -0.74 -0.0 -0.67 -0.055 -0.983 -0.0 -0.111 -0.144 0.744 0.0 -0.659 -0.109 0.989 -0.0 -0.067 -0.132 -0.626 -0.0 -0.779 -0.041 -0.981 -0.0 0.107 0.163 0.662 0.0 -0.748 -0.048 0.979 0.0 0.056 0.198 
1.0 -0.012 0.004 -0.005 -0.74 -0.0 -0.67 -0.055 -0.983 -0.0 -0.111 -0.144 0.744 0.0 -0.659 -0.109 0.989 0.0 -0.067 -0.133 -0.626 -0.0 -0.779 -0.041 -0.981 -0.0 0.107 0.163 0.662 0.0 -0.748 -0.047 0.979 0.0 0.056 0.198 
1.0 -0.012 0.004 -0.004 -0.74 -0.0 -0.67 -0.055 -0.983 -0.0 -0.111 -0.144 0.744 -0.0 -0.659 -0.109 0.989 0.0 -0.068 -0.133 -0.626 -0.0 -0.779 -0.041 -0.981 -0.0 0.107 0.163 0.662 0.0 -0.748 -0.048 0.979 0.0 0.057 0.198 
1.0 -0.012 0.004 -0.005 -0.74 -0.0 -0.67 -0.055 -0.983 -0.0 -0.111 -0.144 0.744 0.0 -0.659 -0.109 0.989 0.0 -0.067 -0.133 -0.626 -0.0 -0.779 -0.041 -0.981 0.0 0.107 0.164 0.662 0.0 -0.748 -0.048 0.979 0.0 0.056 0.198 
1.0 -0.012 0.004 -0.005 -0.74 -0.0 -0.67 -0.054 -0.983 -0.0 -0.111 -0.144 0.744 0.0 -0.659 -0.109 0.989 -0.0 -0.068 -0.132 -0.626 -0.0 -0.779 -0.04 -0.981 -0.0 0.107 0.163 0.662 0.0 -0.748 -0.047 0.979 0.0 0.056 0.198 
1.0 -0.012 0.004 -0.004 -0.74 -0.0 -0.67 -0.054 -0.983 -0.0 -0.111 -0.144 0.744 0.0 -0.659 -0.109 0.989 0.0 -0.068 -0.133 -0.626 0.0 -0.779 -0.04 -0.981 -0.0 0.108 0.163 0.662 0.0 -0.748 -0.048 0.979 0.0 0.056 0.198 
1.0 -0.012 0.004 -0.004 -0.74 -0.0 -0.67 -0.054 -0.983 -0.0 -0.111 -0.144 0.744 0.0 -0.659 -0.109 0.989 0.0 -0.068 -0.133 -0.626 -0.0 -0.779 -0.04 -0.981 -0.0 0.107 0.163 0.662 0.0 -0.748 -0.047 0.979 -0.0 0.056 0.198 
1.0 -0.012 0.004 -0.004 -0.74 -0.0 -0.671 -0.054 -0.983 -0.0 -0.111 -0.144 0.744 0.0 -0.659 -0.109 0.989 0.0 -0.066 -0.132 -0.626 -0.0 -0.779 -0.04 -0.981 -0.0 0.108 0.163 0.662 0.0 -0.748 -0.047 0.979 0.0 0.056 0.198 
1.0 -0.012 0.004 -0.004 -0.74 -0.0 -0.67 -0.054 -0.983 -0.0 -0.111 -0.144 0.744 0.0 -0.66 -0.109 0.989 0.0 -0.067 -0.133 -0.626 -0.0 -0.779 -0.04 -0.981 0.0 0.108 0.163 0.662 0.0 -0.748 -0.047 0.979 0.0 0.056 0.198 
1.0 -0.012 0.004 -0.004 -0.74 -0.0 -0.67 -0.053 -0.983 -0.0 -0.111 -0.145 0.744 0.0 -0.66 -0.109 0.989 0.0 -0.066 -0.132 -0.626 0.0 -0.778 -0.04 -0.981 -0.0 0.107 0.163 0.662 0.0 -0.748 -0.047 0.979 0.0 0.056 0.198 
1.0 -0.012 0.004 -0.004 -0.74 -0.0 -0.671 -0.054 -0.983 0.0 -0.111 -0.144 0.744 0.0 -0.66 -0.109 0.989 0.0 -0.067 -0.132 -0.626 -0.0 -0.779 -0.04 -0.981 -0.0 0.109 0.163 0.662 0.0 -0.748 -0.048 0.979 0.0 0.056 0.198 
1.0 -0.012 0.004 -0.004 -0.74 -0.0 -0.671 -0.054 -0.983 -0.0 -0.111 -0.144 0.744 0.0 -0.66 -0.109 0.989 0.0 -0.066 -0.132 -0.626 0.0 -0.779 -0.04 -0.981 -0.0 0.107 0.163 0.662 0.0 -0.748 -0.047 0.979 0.0 0.056 0.198 
1.0 -0.012 0.004 -0.004 -0.74 -0.0 -0.671 -0.054 -0.983 -0.0 -0.111 -0.144 0.744 0.0 -0.66 -0.109 0.989 -0.0 -0.066 -0.132 -0.626 -0.0 -0.779 -0.04 -0.981 -0.0 0.107 0.163 0.662 0.0 -0.748 -0.047 0.979 0.0 0.056 0.198 
1.0 -0.012 0.004 -0.004 -0.74 -0.0 -0.671 -0.053 -0.983 -0.0 -0.111 -0.144 0.743 0.0 -0.66 -0.109 0.989 -0.0 -0.066 -0.132 -0.626 -0.0 -0.779 -0.04 -0.981 0.0 0.107 0.163 0.662 0.0 -0.748 -0.047 0.979 0.0 0.056 0.198 
1.0 -0.012 0.004 -0.004 -0.74 -0.0 -0.671 -0.053 -0.983 -0.0 -0.111 -0.145 0.743 0.0 -0.66 -0.109 0.989 0.0 -0.066 -0.132 -0.626 -0.0 -0.779 -0.04 -0.981 0.0 0.108 0.163 0.662 -0.0 -0.748 -0.047 0.979 0.0 0.056 0.198 
1.0 -0.012 0.004 -0.004 -0.74 -0.0 -0.671 -0.053 -0.983 -0.0 -0.111 -0.145 0.743 0.0 -0.66 -0.109 0.989 0.0 -0.066 -0.132 -0.626 0.0 -0.778 -0.04 -0.981 -0.0 0.109 0.163 0.662 0.0 -0.748 -0.047 0.979 0.0 0.056 0.198 
1.0 -0.012 0.004 -0.004 -0.74 -0.0 -0.671 -0.053 -0.983 0.0 -0.111 -0.144 0.743 0.0 -0.66 -0.109 0.989 0.0 -0.066 -0.132 -0.626 0.0 -0.779 -0.04 -0.981 0.0 0.107 0.163 0.662 0.0 -0.748 -0.047 0.979 0.0 0.056 0.198 
1.0 -0.012 0.004 -0.004 -0.74 0.0 -0.671 -0.053 -0.983 -0.0 -0.111 -0.144 0.743 0.0 -0.66 -0.108 0.989 0.0 -0.066 -0.132 -0.626 0.0 -0.779 -0.04 -0.981 -0.0 0.107 0.163 0.662 0.0 -0.748 -0.047 0.979 -0.0 0.056 0.198 
1.0 -0.012 0.004 -0.005 -0.74 0.0 -0.671 -0.053 -0.983 -0.0 -0.111 -0.144 0.743 0.0 -0.66 -0.108 0.989 0.0 -0.066 -0.132 -0.626 0.0 -0.779 -0.04 -0.981 -0.0 0.108 0.163 0.662 0.0 -0.748 -0.047 0.979 0.0 0.056 0.198 
1.0 -0.012 0.004 -0.005 -0.74 -0.0 -0.671 -0.053 -0.983 0.0 -0.111 -0.144 0.743 0.0 -0.66 -0.109 0.989 0.0 -0.066 -0.132 -0.626 -0.0 -0.778 -0.04 -0.981 -0.0 0.108 0.163 0.662 0.0 -0.748 -0.047 0.979 -0.0 0.056 0.198 
1.0 -0.012 0.004 -0.005 -0.74 -0.0 -0.671 -0.053 -0.983 -0.0 -0.111 -0.144 0.743 0.0 -0.66 -0.108 0.989 0.0 -0.066 -0.132 -0.626 -0.0 -0.779 -0.04 -0.981 -0.0 0.108 0.163 0.662 0.0 -0.748 -0.047 0.979 0.0 0.056 0.198 
1.0 -0.012 0.004 -0.005 -0.74 -0.0 -0.671 -0.053 -0.983 -0.0 -0.111 -0.144 0.743 0.0 -0.66 -0.109 0.989 0.0 -0.066 -0.132 -0.626 -0.0 -0.779 -0.04 -0.981 0.0 0.107 0.163 0.662 0.0 -0.748 -0.047 0.979 0.0 0.056 0.198 
1.0 -0.012 0.004 -0.005 -0.74 -0.0 -0.671 -0.053 -0.983 -0.0 -0.111 -0.144 0.743 -0.0 -0.66 -0.109 0.989 0.0 -0.066 -0.132 -0.626 -0.0 -0.779 -0.04 -0.981 -0.0 0.108 0.163 0.662 0.0 -0.748 -0.047 0.979 0.0 0.056 0.198 
1.0 -0.012 0.004 -0.005 -0.74 -0.0 -0.671 -0.053 -0.983 -0.0 -0.111 -0.144 0.743 -0.0 -0.66 -0.109 0.989 0.0 -0.066 -0.132 -0.626 -0.0 -0.779 -0.04 -0.981 -0.0 0.107 0.163 0.662 0.0 -0.748 -0.047 0.979 0.0 0.056 0.198 
1.0 -0.012 0.004 -0.005 -0.74 0.0 -0.671 -0.053 -0.983 -0.0 -0.111 -0.145 0.743 0.0 -0.66 -0.109 0.989 0.0 -0.066 -0.132 -0.626 -0.0 -0.779 -0.04 -0.981 -0.0 0.108 0.163 0.662 0.0 -0.748 -0.047 0.979 -0.0 0.056 0.198 
1.0 -0.012 0.004 -0.005 -0.74 -0.0 -0.671 -0.053 -0.983 -0.0 -0.111 -0.144 0.743 0.0 -0.66 -0.108 0.989 0.0 -0.066 -0.133 -0.626 0.0 -0.779 -0.04 -0.981 -0.0 0.107 0.163 0.662 0.0 -0.748 -0.047 0.979 0.0 0.056 0.198 
1.0 -0.012 0.004 -0.005 -0.74 -0.0 -0.67 -0.053 -0.983 -0.0 -0.111 -0.144 0.743 -0.0 -0.66 -0.109 0.989 0.0 -0.066 -0.132 -0.626 -0.0 -0.779 -0.04 -0.981 -0.0 0.107 0.163 0.662 0.0 -0.748 -0.047 0.979 0.0 0.056 0.198 
1.0 -0.012 0.004 -0.005 -0.74 -0.0 -0.671 -0.053 -0.983 -0.0 -0.111 -0.144 0.743 0.0 -0.661 -0.108 0.989 0.0 -0.066 -0.132 -0.626 0.0 -0.779 -0.04 -0.981 -0.0 0.107 0.164 0.662 -0.0 -0.748 -0.047 0.979 0.0 0.056 0.198 
1.0 -0.012 0.004 -0.005 -0.74 0.0 -0.671 -0.053 -0.983 -0.0 -0.111 -0.144 0.743 0.0 -0.661 -0.108 0.989 0.0 -0.066 -0.132 -0.626 0.0 -0.779 -0.04 -0.981 -0.0 0.108 0.163 0.662 0.0 -0.748 -0.047 0.979 0.0 0.056 0.198 
1.0 -0.012 0.004 -0.005 -0.74 -0.0 -0.67 -0.053 -0.983 0.0 -0.111 -0.144 0.743 -0.0 -0.661 -0.108 0.989 0.0 -0.065 -0.132 -0.626 -0.0 -0.779 -0.04 -0.981 -0.0 0.108 0.163 0.662 0.0 -0.748 -0.047 0.979 0.0 0.056 0.198 
1.0 -0.012 0.004 -0.005 -0.74 -0.0 -0.671 -0.053 -0.983 -0.0 -0.111 -0.144 0.743 0.0 -0.661 -0.108 0.989 0.0 -0.066 -0.132 -0.626 0.0 -0.779 -0.04 -0.981 -0.0 0.108 0.164 0.662 0.0 -0.748 -0.047 0.979 0.0 0.056 0.198 
1.0 -0.012 0.004 -0.005 -0.74 -0.0 -0.67 -0.052 -0.983 -0.0 -0.112 -0.144 0.743 0.0 -0.66 -0.107 0.989 0.0 -0.067 -0.134 -0.626 0.0 -0.779 -0.04 -0.981 0.0 0.107 0.163 0.662 -0.0 -0.748 -0.047 0.979 -0.0 0.056 0.198 
1.0 -0.012 0.004 -0.005 -0.74 -0.0 -0.67 -0.052 -0.983 -0.0 -0.112 -0.144 0.743 0.0 -0.66 -0.108 0.989 -0.0 -0.066 -0.133 -0.626 -0.0 -0.779 -0.04 -0.981 -0.0 0.107 0.164 0.662 0.0 -0.748 -0.047 0.979 0.0 0.056 0.198 
1.0 -0.012 0.004 -0.005 -0.74 0.0 -0.67 -0.052 -0.983 -0.0 -0.112 -0.144 0.743 0.0 -0.66 -0.108 0.989 0.0 -0.067 -0.133 -0.626 -0.0 -0.779 -0.04 -0.981 -0.0 0.108 0.163 0.662 0.0 -0.748 -0.047 0.979 0.0 0.056 0.198 
1.0 -0.012 0.004 -0.005 -0.74 0.0 -0.67 -0.052 -0.983 0.0 -0.112 -0.144 0.743 0.0 -0.66 -0.108 0.989 0.0 -0.067 -0.133 -0.626 -0.0 -0.779 -0.04 -0.981 -0.0 0.107 0.164 0.662 0.0 -0.748 -0.047 0.979 0.0 0.056 0.198 
1.0 -0.012 0.004 -0.005 -0.74 -0.0 -0.67 -0.052 -0.983 -0.0 -0.112 -0.144 0.743 0.0 -0.661 -0.108 0.989 0.0 -0.066 -0.133 -0.626 -0.0 -0.779 -0.04 -0.981 -0.0 0.107 0.163 0.662 0.0 -0.748 -0.047 0.979 0.0 0.056 0.198 
1.0 -0.012 0.004 -0.005 -0.74 -0.0 -0.67 -0.053 -0.983 -0.0 -0.112 -0.144 0.743 0.0 -0.661 -0.108 0.989 0.0 -0.067 -0.133 -0.626 -0.0 -0.779 -0.041 -0.981 0.0 0.107 0.164 0.662 0.0 -0.748 -0.047 0.979 -0.0 0.056 0.198 
1.0 -0.012 0.004 -0.006 -0.74 0.0 -0.671 -0.053 -0.983 -0.0 -0.112 -0.144 0.743 -0.0 -0.661 -0.108 0.989 0.0 -0.066 -0.133 -0.626 -0.0 -0.779 -0.041 -0.981 -0.0 0.107 0.164 0.662 -0.0 -0.748 -0.047 0.979 0.0 0.056 0.198 
1.0 -0.012 0.004 -0.006 -0.74 -0.0 -0.67 -0.052 -0.983 -0.0 -0.112 -0.144 0.743 0.0 -0.661 -0.108 0.989 0.0 -0.067 -0.133 -0.626 0.0 -0.779 -0.041 -0.981 0.0 0.107 0.164 0.662 0.0 -0.748 -0.048 0.979 -0.0 0.056 0.198 
1.0 -0.012 0.004 -0.006 -0.74 -0.0 -0.67 -0.052 -0.983 -0.0 -0.112 -0.144 0.743 0.0 -0.661 -0.108 0.989 0.0 -0.066 -0.133 -0.626 -0.0 -0.779 -0.041 -0.981 -0.0 0.107 0.164 0.662 0.0 -0.748 -0.047 0.979 -0.0 0.056 0.198 
1.0 -0.012 0.004 -0.006 -0.74 0.0 -0.67 -0.052 -0.983 -0.0 -0.112 -0.144 0.743 0.0 -0.661 -0.108 0.989 0.0 -0.066 -0.133 -0.626 -0.0 -0.779 -0.041 -0.981 -0.0 0.107 0.163 0.662 -0.0 -0.748 -0.047 0.979 0.0 0.056 0.198 
1.0 -0.012 0.004 -0.006 -0.74 -0.0 -0.67 -0.052 -0.983 0.0 -0.112 -0.144 0.743 0.0 -0.661 -0.107 0.989 -0.0 -0.066 -0.133 -0.626 -0.0 -0.779 -0.041 -0.981 -0.0 0.107 0.164 0.662 0.0 -0.748 -0.047 0.979 -0.0 0.056 0.198 
1.0 -0.012 0.004 -0.006 -0.74 -0.0 -0.67 -0.052 -0.983 -0.0 -0.112 -0.144 0.743 -0.0 -0.661 -0.107 0.989 0.0 -0.067 -0.134 -0.626 -0.0 -0.779 -0.041 -0.981 -0.0 0.107 0.164 0.662 0.0 -0.748 -0.048 0.979 0.0 0.056 0.198 
1.0 -0.012 0.004 -0.006 -0.74 0.0 -0.67 -0.052 -0.983 -0.0 -0.112 -0.144 0.743 0.0 -0.661 -0.107 0.989 0.0 -0.066 -0.133 -0.626 -0.0 -0.779 -0.041 -0.981 -0.0 0.107 0.164 0.662 0.0 -0.748 -0.048 0.979 0.0 0.056 0.198 
1.0 -0.012 0.004 -0.005 -0.74 -0.0 -0.67 -0.052 -0.983 -0.0 -0.112 -0.144 0.743 0.0 -0.661 -0.107 0.989 0.0 -0.066 -0.133 -0.626 -0.0 -0.779 -0.041 -0.981 -0.0 0.107 0.163 0.662 0.0 -0.748 -0.048 0.979 0.0 0.056 0.198 
1.0 -0.012 0.004 -0.005 -0.74 -0.0 -0.67 -0.052 -0.983 -0.0 -0.112 -0.144 0.743 -0.0 -0.661 -0.107 0.989 0.0 -0.066 -0.133 -0.626 -0.0 -0.779 -0.041 -0.981 -0.0 0.107 0.163 0.662 0.0 -0.748 -0.048 0.979 -0.0 0.056 0.198 
1.0 -0.012 0.004 -0.005 -0.74 -0.0 -0.67 -0.052 -0.983 -0.0 -0.112 -0.143 0.743 -0.0 -0.661 -0.107 0.989 0.0 -0.066 -0.134 -0.626 -0.0 -0.779 -0.041 -0.981 -0.0 0.108 0.163 0.662 0.0 -0.748 -0.048 0.979 0.0 0.056 0.198 
1.0 -0.012 0.004 -0.005 -0.74 -0.0 -0.67 -0.052 -0.983 0.0 -0.112 -0.143 0.743 -0.0 -0.661 -0.107 0.989 0.0 -0.066 -0.133 -0.626 -0.0 -0.779 -0.04 -0.981 -0.0 0.108 0.163 0.662 0.0 -0.748 -0.047 0.979 0.0 0.056 0.198 
1.0 -0.012 0.004 -0.005 -0.74 -0.0 -0.67 -0.052 -0.983 -0.0 -0.112 -0.144 0.743 -0.0 -0.661 -0.107 0.989 0.0 -0.066 -0.133 -0.626 -0.0 -0.779 -0.041 -0.981 -0.0 0.107 0.163 0.662 0.0 -0.748 -0.048 0.979 0.0 0.056 0.198 
1.0 -0.012 0.004 -0.005 -0.74 0.0 -0.67 -0.052 -0.983 -0.0 -0.112 -0.143 0.743 -0.0 -0.661 -0.107 0.989 0.0 -0.066 -0.133 -0.626 -0.0 -0.779 -0.041 -0.981 -0.0 0.109 0.163 0.662 0.0 -0.748 -0.048 0.979 0.0 0.056 0.198 
1.0 -0.011 0.004 -0.005 -0.74 -0.0 -0.67 -0.052 -0.983 0.0 -0.112 -0.144 0.743 0.0 -0.661 -0.107 0.989 0.0 -0.066 -0.133 -0.626 -0.0 -0.779 -0.041 -0.981 -0.0 0.107 0.163 0.662 0.0 -0.748 -0.048 0.979 0.0 0.056 0.198 
1.0 -0.011 0.005 -0.005 -0.74 0.0 -0.67 -0.052 -0.983 -0.0 -0.112 -0.144 0.742 -0.0 -0.661 -0.107 0.989 0.0 -0.066 -0.133 -0.626 -0.0 -0.779 -0.041 -0.981 -0.0 0.107 0.163 0.662 -0.0 -0.748 -0.048 0.979 0.0 0.057 0.198 
1.0 -0.011 0.005 -0.005 -0.74 0.0 -0.67 -0.052 -0.983 -0.0 -0.112 -0.143 0.742 0.0 -0.661 -0.107 0.989 0.0 -0.066 -0.133 -0.626 -0.0 -0.778 -0.041 -0.981 -0.0 0.107 0.163 0.662 0.0 -0.748 -0.048 0.979 0.0 0.056 0.198 
1.0 -0.011 0.004 -0.005 -0.74 0.0 -0.67 -0.051 -0.983 -0.0 -0.112 -0.144 0.742 0.0 -0.661 -0.107 0.989 0.0 -0.066 -0.133 -0.626 0.0 -0.779 -0.041 -0.981 -0.0 0.107 0.163 0.662 0.0 -0.748 -0.048 0.979 0.0 0.056 0.198 
1.0 -0.011 0.004 -0.005 -0.74 -0.0 -0.67 -0.051 -0.983 -0.0 -0.112 -0.144 0.742 -0.0 -0.661 -0.107 0.989 -0.0 -0.066 -0.133 -0.626 -0.0 -0.779 -0.041 -0.981 -0.0 0.107 0.163 0.662 0.0 -0.748 -0.048 0.979 0.0 0.056 0.198 
1.0 -0.011 0.005 -0.005 -0.74 -0.0 -0.67 -0.051 -0.983 -0.0 -0.112 -0.144 0.742 0.0 -0.662 -0.107 0.989 0.0 -0.066 -0.133 -0.626 -0.0 -0.779 -0.041 -0.981 -0.0 0.107 0.163 0.662 0.0 -0.748 -0.048 0.979 0.0 0.056 0.198 
1.0 -0.011 0.005 -0.005 -0.74 0.0 -0.67 -0.051 -0.983 -0.0 -0.112 -0.144 0.742 0.0 -0.662 -0.107 0.989 0.0 -0.066 -0.133 -0.626 -0.0 -0.779 -0.041 -0.981 -0.0 0.107 0.164 0.662 0.0 -0.748 -0.048 0.979 0.0 0.056 0.198 
1.0 -0.012 0.005 -0.005 -0.74 -0.0 -0.67 -0.051 -0.983 0.0 -0.112 -0.144 0.742 0.0 -0.662 -0.107 0.989 0.0 -0.066 -0.134 -0.626 0.0 -0.779 -0.041 -0.981 -0.0 0.107 0.163 0.662 0.0 -0.748 -0.048 0.979 0.0 0.056 0.198 
1.0 -0.012 0.005 -0.005 -0.74 -0.0 -0.67 -0.051 -0.983 -0.0 -0.112 -0.144 0.742 0.0 -0.662 -0.106 0.989 0.0 -0.066 -0.134 -0.626 -0.0 -0.779 -0.041 -0.981 -0.0 0.107 0.163 0.662 0.0 -0.748 -0.048 0.979 0.0 0.056 0.198 
1.0 -0.012 0.005 -0.004 -0.74 -0.0 -0.67 -0.051 -0.983 -0.0 -0.112 -0.144 0.742 0.0 -0.662 -0.107 0.989 0.0 -0.066 -0.134 -0.626 -0.0 -0.779 -0.04 -0.981 -0.0 0.107 0.163 0.662 0.0 -0.748 -0.048 0.979 -0.0 0.056 0.198 
1.0 -0.012 0.005 -0.004 -0.74 -0.0 -0.67 -0.051 -0.983 -0.0 -0.112 -0.144 0.742 0.0 -0.662 -0.106 0.989 0.0 -0.066 -0.134 -0.626 -0.0 -0.779 -0.041 -0.981 -0.0 0.107 0.163 0.662 0.0 -0.748 -0.048 0.979 0.0 0.056 0.198 
1.0 -0.011 0.005 -0.004 -0.74 0.0 -0.67 -0.051 -0.983 0.0 -0.112 -0.144 0.742 0.0 -0.662 -0.106 0.989 0.0 -0.066 -0.134 -0.626 -0.0 -0.779 -0.041 -0.981 -0.0 0.107 0.164 0.662 0.0 -0.748 -0.048 0.979 0.0 0.056 0.198 
1.0 -0.012 0.005 -0.004 -0.74 -0.0 -0.67 -0.051 -0.983 -0.0 -0.112 -0.144 0.742 0.0 -0.662 -0.106 0.989 0.0 -0.066 -0.134 -0.626 -0.0 -0.779 -0.041 -0.981 0.0 0.107 0.163 0.662 -0.0 -0.748 -0.048 0.979 0.0 0.056 0.198 
1.0 -0.012 0.005 -0.004 -0.74 -0.0 -0.67 -0.051 -0.983 -0.0 -0.112 -0.144 0.742 -0.0 -0.662 -0.106 0.989 0.0 -0.066 -0.134 -0.626 0.0 -0.779 -0.041 -0.981 -0.0 0.107 0.163 0.662 0.0 -0.748 -0.047 0.979 0.0 0.056 0.197 
1.0 -0.012 0.005 -0.004 -0.74 -0.0 -0.67 -0.051 -0.983 -0.0 -0.112 -0.144 0.742 0.0 -0.662 -0.106 0.989 0.0 -0.066 -0.134 -0.626 -0.0 -0.779 -0.041 -0.981 0.0 0.107 0.163 0.662 0.0 -0.748 -0.048 0.979 0.0 0.057 0.197 
1.0 -0.012 0.005 -0.004 -0.74 -0.0 -0.67 -0.051 -0.983 -0.0 -0.112 -0.144 0.742 0.0 -0.662 -0.106 0.989 0.0 -0.066 -0.134 -0.626 0.0 -0.779 -0.041 -0.981 -0.0 0.107 0.163 0.662 0.0 -0.748 -0.048 0.979 0.0 0.056 0.197 
1.0 -0.012 0.005 -0.004 -0.74 -0.0 -0.67 -0.051 -0.983 -0.0 -0.112 -0.144 0.742 -0.0 -0.662 -0.106 0.989 -0.0 -0.066 -0.134 -0.626 -0.0 -0.779 -0.041 -0.981 -0.0 0.107 0.164 0.662 0.0 -0.748 -0.047 0.979 0.0 0.057 0.197 
1.0 -0.012 0.005 -0.004 -0.74 -0.0 -0.67 -0.051 -0.983 -0.0 -0.113 -0.144 0.742 0.0 -0.662 -0.106 0.989 0.0 -0.066 -0.134 -0.626 -0.0 -0.779 -0.041 -0.981 -0.0 0.107 0.163 0.662 0.0 -0.748 -0.047 0.979 0.0 0.057 0.197 
1.0 -0.011 0.005 -0.004 -0.74 -0.0 -0.67 -0.051 -0.983 -0.0 -0.112 -0.144 0.742 0.0 -0.662 -0.106 0.989 0.0 -0.066 -0.134 -0.626 -0.0 -0.779 -0.041 -0.981 -0.0 0.107 0.164 0.662 0.0 -0.748 -0.047 0.979 0.0 0.057 0.197 
1.0 -0.012 0.005 -0.004 -0.74 -0.0 -0.67 -0.051 -0.983 -0.0 -0.113 -0.144 0.742 0.0 -0.662 -0.106 0.989 0.0 -0.066 -0.134 -0.626 -0.0 -0.779 -0.041 -0.981 -0.0 0.107 0.164 0.662 0.0 -0.748 -0.047 0.979 0.0 0.057 0.197 
1.0 -0.012 0.005 -0.004 -0.74 0.0 -0.67 -0.051 -0.983 -0.0 -0.113 -0.144 0.742 0.0 -0.662 -0.107 0.989 0.0 -0.066 -0.133 -0.626 0.0 -0.779 -0.04 -0.981 -0.0 0.107 0.163 0.662 0.0 -0.748 -0.047 0.979 -0.0 0.057 0.197 
1.0 -0.011 0.005 -0.004 -0.74 -0.0 -0.67 -0.051 -0.983 -0.0 -0.113 -0.144 0.742 -0.0 -0.662 -0.106 0.989 0.0 -0.067 -0.134 -0.626 -0.0 -0.779 -0.041 -0.981 -0.0 0.107 0.164 0.662 0.0 -0.748 -0.047 0.979 0.0 0.057 0.197 
1.0 -0.011 0.005 -0.004 -0.74 -0.0 -0.67 -0.051 -0.983 -0.0 -0.113 -0.143 0.742 0.0 -0.662 -0.105 0.989 0.0 -0.066 -0.134 -0.626 0.0 -0.779 -0.041 -0.981 -0.0 0.107 0.163 0.662 0.0 -0.748 -0.047 0.979 0.0 0.057 0.197 
1.0 -0.012 0.005 -0.004 -0.74 -0.0 -0.67 -0.051 -0.983 -0.0 -0.113 -0.144 0.742 -0.0 -0.662 -0.106 0.989 0.0 -0.067 -0.134 -0.626 -0.0 -0.779 -0.041 -0.981 -0.0 0.107 0.164 0.662 -0.0 -0.748 -0.047 0.979 0.0 0.057 0.197 
1.0 -0.012 0.005 -0.004 -0.74 -0.0 -0.67 -0.051 -0.983 -0.0 -0.113 -0.143 0.742 0.0 -0.662 -0.106 0.989 0.0 -0.067 -0.133 -0.626 -0.0 -0.779 -0.041 -0.981 0.0 0.107 0.164 0.662 0.0 -0.748 -0.047 0.979 0.0 0.057 0.197 
1.0 -0.011 0.005 -0.004 -0.74 0.0 -0.67 -0.051 -0.983 -0.0 -0.112 -0.143 0.742 0.0 -0.662 -0.106 0.989 0.0 -0.067 -0.134 -0.626 -0.0 -0.779 -0.041 -0.981 -0.0 0.107 0.164 0.662 0.0 -0.748 -0.047 0.979 0.0 0.057 0.197 
1.0 -0.012 0.005 -0.004 -0.74 0.0 -0.67 -0.051 -0.983 0.0 -0.112 -0.144 0.742 0.0 -0.662 -0.106 0.989 0.0 -0.067 -0.133 -0.626 -0.0 -0.779 -0.041 -0.981 0.0 0.107 0.164 0.662 0.0 -0.748 -0.047 0.979 0.0 0.057 0.197 
1.0 -0.011 0.005 -0.004 -0.74 -0.0 -0.67 -0.051 -0.983 -0.0 -0.112 -0.143 0.742 0.0 -0.662 -0.106 0.989 0.0 -0.067 -0.134 -0.626 -0.0 -0.779 -0.041 -0.981 -0.0 0.107 0.164 0.662 0.0 -0.748 -0.047 0.979 0.0 0.057 0.197 
1.0 -0.011 0.005 -0.004 -0.74 -0.0 -0.67 -0.051 -0.983 -0.0 -0.112 -0.143 0.742 0.0 -0.662 -0.106 0.989 0.0 -0.067 -0.133 -0.626 -0.0 -0.779 -0.041 -0.981 -0.0 0.107 0.164 0.662 0.0 -0.748 -0.047 0.979 0.0 0.057 0.197 
1.0 -0.011 0.005 -0.004 -0.74 -0.0 -0.67 -0.051 -0.983 -0.0 -0.112 -0.144 0.742 0.0 -0.662 -0.106 0.989 0.0 -0.067 -0.133 -0.626 0.0 -0.779 -0.041 -0.981 0.0 0.107 0.164 0.662 0.0 -0.748 -0.047 0.979 0.0 0.057 0.197 
1.0 -0.011 0.005 -0.004 -0.74 -0.0 -0.67 -0.051 -0.983 -0.0 -0.112 -0.144 0.742 0.0 -0.662 -0.106 0.989 0.0 -0.067 -0.133 -0.626 -0.0 -0.779 -0.041 -0.981 -0.0 0.106 0.164 0.662 -0.0 -0.748 -0.047 0.979 0.0 0.058 0.197 
1.0 -0.011 0.005 -0.004 -0.74 -0.0 -0.67 -0.051 -0.983 0.0 -0.112 -0.144 0.742 0.0 -0.662 -0.106 0.989 0.0 -0.067 -0.133 -0.626 -0.0 -0.779 -0.041 -0.981 -0.0 0.107 0.164 0.662 0.0 -0.748 -0.047 0.979 0.0 0.057 0.196 
1.0 -0.011 0.005 -0.004 -0.74 0.0 -0.67 -0.051 -0.983 -0.0 -0.112 -0.144 0.742 0.0 -0.662 -0.106 0.989 0.0 -0.067 -0.133 -0.626 -0.0 -0.779 -0.042 -0.981 -0.0 0.107 0.164 0.662 -0.0 -0.748 -0.047 0.979 0.0 0.057 0.197 
1.0 -0.011 0.005 -0.004 -0.74 0.0 -0.67 -0.051 -0.983 -0.0 -0.112 -0.144 0.742 0.0 -0.662 -0.106 0.989 -0.0 -0.067 -0.133 -0.626 0.0 -0.779 -0.041 -0.981 0.0 0.107 0.164 0.662 0.0 -0.748 -0.047 0.979 0.0 0.058 0.196 
1.0 -0.011 0.005 -0.004 -0.74 -0.0 -0.67 -0.051 -0.983 -0.0 -0.113 -0.144 0.742 0.0 -0.662 -0.106 0.989 0.0 -0.067 -0.133 -0.626 -0.0 -0.779 -0.041 -0.981 -0.0 0.107 0.164 0.662 -0.0 -0.748 -0.047 0.979 0.0 0.058 0.196 
1.0 -0.011 0.005 -0.004 -0.741 -0.0 -0.67 -0.051 -0.983 -0.0 -0.113 -0.144 0.742 0.0 -0.662 -0.106 0.989 0.0 -0.067 -0.133 -0.626 -0.0 -0.779 -0.041 -0.981 0.0 0.107 0.164 0.662 0.0 -0.748 -0.047 0.979 0.0 0.058 0.196 
1.0 -0.011 0.005 -0.004 -0.74 -0.0 -0.67 -0.051 -0.983 -0.0 -0.112 -0.145 0.742 0.0 -0.662 -0.106 0.989 -0.0 -0.067 -0.133 -0.626 -0.0 -0.779 -0.042 -0.981 -0.0 0.107 0.164 0.662 -0.0 -0.748 -0.048 0.979 0.0 0.057 0.197 
1.0 -0.011 0.005 -0.004 -0.74 -0.0 -0.67 -0.052 -0.983 -0.0 -0.112 -0.144 0.742 0.0 -0.662 -0.106 0.989 0.0 -0.067 -0.134 -0.626 0.0 -0.779 -0.042 -0.981 -0.0 0.106 0.164 0.662 0.0 -0.748 -0.048 0.979 0.0 0.058 0.196 
1.0 -0.011 0.005 -0.004 -0.741 0.0 -0.67 -0.052 -0.983 -0.0 -0.112 -0.144 0.742 0.0 -0.662 -0.106 0.989 0.0 -0.067 -0.133 -0.626 -0.0 -0.779 -0.042 -0.981 -0.0 0.106 0.164 0.662 -0.0 -0.748 -0.048 0.979 0.0 0.057 0.197 
1.0 -0.011 0.005 -0.004 -0.741 0.0 -0.67 -0.052 -0.983 -0.0 -0.112 -0.144 0.742 0.0 -0.662 -0.106 0.989 -0.0 -0.066 -0.132 -0.626 -0.0 -0.779 -0.042 -0.981 0.0 0.106 0.164 0.662 0.0 -0.748 -0.048 0.979 0.0 0.057 0.196 
1.0 -0.011 0.005 -0.004 -0.741 0.0 -0.67 -0.051 -0.983 0.0 -0.113 -0.144 0.742 0.0 -0.662 -0.106 0.989 0.0 -0.067 -0.133 -0.626 -0.0 -0.779 -0.042 -0.981 -0.0 0.107 0.164 0.662 0.0 -0.748 -0.047 0.979 0.0 0.058 0.196 
1.0 -0.011 0.005 -0.004 -0.74 -0.0 -0.67 -0.052 -0.983 -0.0 -0.112 -0.145 0.742 0.0 -0.662 -0.106 0.989 -0.0 -0.067 -0.133 -0.626 -0.0 -0.779 -0.042 -0.981 -0.0 0.106 0.164 0.662 0.0 -0.748 -0.048 0.979 0.0 0.057 0.197 
1.0 -0.011 0.005 -0.004 -0.741 -0.0 -0.67 -0.052 -0.983 -0.0 -0.112 -0.144 0.742 0.0 -0.662 -0.106 0.989 0.0 -0.067 -0.133 -0.626 -0.0 -0.779 -0.042 -0.981 -0.0 0.106 0.164 0.662 0.0 -0.748 -0.048 0.979 0.0 0.057 0.197 
1.0 -0.011 0.005 -0.004 -0.741 0.0 -0.67 -0.052 -0.983 -0.0 -0.112 -0.144 0.742 0.0 -0.662 -0.106 0.989 0.0 -0.067 -0.133 -0.626 -0.0 -0.779 -0.042 -0.981 -0.0 0.108 0.163 0.662 -0.0 -0.748 -0.047 0.979 0.0 0.058 0.196 
1.0 -0.011 0.005 -0.003 -0.741 -0.0 -0.67 -0.052 -0.983 -0.0 -0.112 -0.144 0.742 -0.0 -0.662 -0.107 0.989 0.0 -0.067 -0.133 -0.626 -0.0 -0.779 -0.042 -0.981 -0.0 0.108 0.164 0.662 0.0 -0.748 -0.048 0.979 0.0 0.057 0.197 
1.0 -0.011 0.005 -0.004 -0.741 -0.0 -0.67 -0.052 -0.983 -0.0 -0.113 -0.144 0.742 0.0 -0.662 -0.106 0.989 0.0 -0.066 -0.132 -0.626 -0.0 -0.779 -0.042 -0.981 -0.0 0.106 0.164 0.662 0.0 -0.748 -0.049 0.979 -0.0 0.057 0.197 
1.0 -0.011 0.005 -0.003 -0.74 -0.0 -0.67 -0.052 -0.983 -0.0 -0.113 -0.144 0.742 0.0 -0.662 -0.107 0.989 0.0 -0.067 -0.133 -0.626 -0.0 -0.779 -0.042 -0.981 0.0 0.106 0.164 0.662 0.0 -0.748 -0.049 0.979 -0.0 0.057 0.197 
1.0 -0.011 0.005 -0.004 -0.741 -0.0 -0.67 -0.052 -0.983 -0.0 -0.112 -0.144 0.742 0.0 -0.662 -0.106 0.989 0.0 -0.065 -0.132 -0.626 -0.0 -0.779 -0.042 -0.981 -0.0 0.106 0.164 0.662 0.0 -0.748 -0.048 0.979 0.0 0.057 0.197 
1.0 -0.011 0.005 -0.003 -0.741 0.0 -0.67 -0.052 -0.983 -0.0 -0.112 -0.144 0.742 0.0 -0.662 -0.107 0.989 0.0 -0.067 -0.133 -0.626 -0.0 -0.779 -0.042 -0.981 -0.0 0.106 0.164 0.662 0.0 -0.748 -0.049 0.979 0.0 0.057 0.197 
1.0 -0.011 0.005 -0.004 -0.741 -0.0 -0.67 -0.052 -0.983 -0.0 -0.113 -0.144 0.742 0.0 -0.662 -0.106 0.989 0.0 -0.067 -0.133 -0.626 -0.0 -0.779 -0.042 -0.981 -0.0 0.106 0.164 0.662 0.0 -0.748 -0.048 0.979 0.0 0.057 0.196 
1.0 -0.011 0.005 -0.004 -0.741 -0.0 -0.67 -0.052 -0.983 -0.0 -0.113 -0.144 0.742 0.0 -0.662 -0.107 0.989 0.0 -0.067 -0.133 -0.626 -0.0 -0.779 -0.042 -0.981 0.0 0.107 0.164 0.662 0.0 -0.748 -0.048 0.979 0.0 0.057 0.196 
1.0 -0.011 0.005 -0.003 -0.741 0.0 -0.67 -0.052 -0.983 -0.0 -0.113 -0.143 0.742 -0.0 -0.662 -0.107 0.989 0.0 -0.066 -0.133 -0.626 0.0 -0.779 -0.042 -0.981 -0.0 0.106 0.164 0.662 0.0 -0.748 -0.049 0.979 0.0 0.057 0.197 
1.0 -0.01 0.005 -0.003 -0.741 -0.0 -0.67 -0.052 -0.983 -0.0 -0.113 -0.144 0.742 0.0 -0.662 -0.107 0.989 0.0 -0.065 -0.133 -0.626 0.0 -0.779 -0.043 -0.981 -0.0 0.106 0.164 0.662 0.0 -0.748 -0.049 0.979 0.0 0.057 0.197 
1.0 -0.01 0.005 -0.004 -0.741 -0.0 -0.67 -0.052 -0.983 -0.0 -0.113 -0.144 0.742 0.0 -0.662 -0.107 0.989 0.0 -0.066 -0.133 -0.626 0.0 -0.779 -0.043 -0.981 -0.0 0.106 0.164 0.662 0.0 -0.748 -0.049 0.979 0.0 0.057 0.197 
1.0 -0.01 0.005 -0.003 -0.741 -0.0 -0.67 -0.052 -0.983 -0.0 -0.113 -0.144 0.742 0.0 -0.662 -0.107 0.989 0.0 -0.067 -0.134 -0.626 0.0 -0.779 -0.043 -0.981 0.0 0.106 0.164 0.662 -0.0 -0.748 -0.049 0.979 0.0 0.057 0.197 
1.0 -0.01 0.005 -0.004 -0.741 -0.0 -0.67 -0.052 -0.983 -0.0 -0.113 -0.143 0.742 -0.0 -0.662 -0.107 0.989 0.0 -0.065 -0.133 -0.626 -0.0 -0.779 -0.042 -0.981 0.0 0.108 0.163 0.662 0.0 -0.748 -0.049 0.979 0.0 0.057 0.197 
1.0 -0.011 0.005 -0.004 -0.741 -0.0 -0.67 -0.052 -0.983 -0.0 -0.113 -0.143 0.742 0.0 -0.662 -0.107 0.989 0.0 -0.065 -0.132 -0.626 -0.0 -0.779 -0.042 -0.981 -0.0 0.107 0.163 0.662 0.0 -0.748 -0.048 0.979 0.0 0.057 0.197 
1.0 -0.011 0.005 -0.004 -0.741 -0.0 -0.67 -0.052 -0.983 -0.0 -0.113 -0.143 0.742 0.0 -0.662 -0.107 0.989 0.0 -0.067 -0.133 -0.626 -0.0 -0.779 -0.042 -0.981 -0.0 0.106 0.163 0.662 0.0 -0.748 -0.048 0.979 0.0 0.057 0.196 
1.0 -0.011 0.005 -0.004 -0.741 -0.0 -0.67 -0.052 -0.983 -0.0 -0.113 -0.143 0.742 0.0 -0.662 -0.106 0.989 0.0 -0.067 -0.134 -0.626 -0.0 -0.779 -0.042 -0.981 -0.0 0.107 0.164 0.662 0.0 -0.748 -0.048 0.979 0.0 0.057 0.196 
1.0 -0.01 0.005 -0.004 -0.741 -0.0 -0.67 -0.052 -0.983 -0.0 -0.113 -0.143 0.742 0.0 -0.662 -0.107 0.989 0.0 -0.067 -0.133 -0.626 -0.0 -0.779 -0.042 -0.981 -0.0 0.106 0.163 0.662 0.0 -0.748 -0.048 0.979 0.0 0.057 0.197 
1.0 -0.011 0.005 -0.004 -0.741 0.0 -0.67 -0.052 -0.983 -0.0 -0.113 -0.143 0.742 0.0 -0.662 -0.106 0.989 0.0 -0.065 -0.133 -0.626 -0.0 -0.779 -0.042 -0.981 -0.0 0.106 0.164 0.662 0.0 -0.748 -0.048 0.979 0.0 0.057 0.197 
1.0 -0.011 0.005 -0.004 -0.741 -0.0 -0.67 -0.052 -0.983 -0.0 -0.113 -0.143 0.742 0.0 -0.662 -0.107 0.989 0.0 -0.067 -0.133 -0.626 -0.0 -0.779 -0.042 -0.981 -0.0 0.107 0.163 0.662 0.0 -0.748 -0.048 0.979 0.0 0.057 0.196 
1.0 -0.01 0.005 -0.004 -0.741 -0.0 -0.67 -0.052 -0.983 -0.0 -0.113 -0.144 0.742 -0.0 -0.662 -0.107 0.989 0.0 -0.068 -0.134 -0.626 -0.0 -0.779 -0.042 -0.981 -0.0 0.106 0.164 0.662 0.0 -0.748 -0.048 0.979 0.0 0.057 0.197 
1.0 -0.01 0.005 -0.004 -0.741 -0.0 -0.67 -0.052 -0.983 0.0 -0.113 -0.143 0.742 0.0 -0.662 -0.107 0.989 0.0 -0.066 -0.133 -0.626 -0.0 -0.779 -0.042 -0.981 -0.0 0.106 0.164 0.662 -0.0 -0.748 -0.048 0.979 -0.0 0.057 0.197 
1.0 -0.011 0.005 -0.004 -0.741 -0.0 -0.67 -0.052 -0.983 -0.0 -0.113 -0.143 0.742 0.0 -0.662 -0.106 0.989 0.0 -0.065 -0.133 -0.626 -0.0 -0.779 -0.042 -0.981 -0.0 0.106 0.164 0.662 0.0 -0.748 -0.048 0.979 0.0 0.057 0.197 
1.0 -0.01 0.005 -0.004 -0.741 -0.0 -0.67 -0.052 -0.983 -0.0 -0.113 -0.143 0.742 0.0 -0.662 -0.107 0.989 0.0 -0.066 -0.133 -0.626 -0.0 -0.779 -0.042 -0.981 -0.0 0.107 0.164 0.662 0.0 -0.748 -0.048 0.979 0.0 0.057 0.197 
1.0 -0.01 0.005 -0.004 -0.741 -0.0 -0.67 -0.052 -0.983 -0.0 -0.113 -0.143 0.742 -0.0 -0.662 -0.106 0.989 0.0 -0.066 -0.133 -0.626 -0.0 -0.779 -0.042 -0.981 0.0 0.107 0.163 0.662 0.0 -0.748 -0.049 0.979 0.0 0.057 0.197 
1.0 -0.01 0.005 -0.004 -0.74 -0.0 -0.67 -0.052 -0.983 -0.0 -0.113 -0.143 0.742 0.0 -0.662 -0.106 0.989 0.0 -0.066 -0.133 -0.626 0.0 -0.779 -0.042 -0.981 -0.0 0.107 0.164 0.662 0.0 -0.748 -0.048 0.979 0.0 0.057 0.197 
1.0 -0.01 0.005 -0.004 -0.741 -0.0 -0.67 -0.052 -0.983 -0.0 -0.113 -0.143 0.742 0.0 -0.662 -0.106 0.989 0.0 -0.066 -0.134 -0.626 -0.0 -0.779 -0.042 -0.981 -0.0 0.107 0.163 0.662 0.0 -0.748 -0.048 0.979 0.0 0.057 0.197 
1.0 -0.01 0.005 -0.004 -0.741 -0.0 -0.67 -0.052 -0.983 -0.0 -0.113 -0.143 0.741 0.0 -0.663 -0.107 0.989 0.0 -0.066 -0.133 -0.626 -0.0 -0.779 -0.042 -0.981 -0.0 0.107 0.163 0.662 0.0 -0.748 -0.048 0.979 0.0 0.057 0.196 
1.0 -0.01 0.005 -0.004 -0.741 -0.0 -0.67 -0.052 -0.983 -0.0 -0.113 -0.143 0.741 0.0 -0.663 -0.106 0.989 0.0 -0.064 -0.133 -0.626 -0.0 -0.779 -0.042 -0.981 -0.0 0.106 0.163 0.662 0.0 -0.748 -0.048 0.979 0.0 0.057 0.197 
1.0 -0.01 0.005 -0.004 -0.741 -0.0 -0.67 -0.052 -0.983 -0.0 -0.113 -0.143 0.741 0.0 -0.663 -0.106 0.989 -0.0 -0.064 -0.133 -0.626 -0.0 -0.779 -0.041 -0.981 -0.0 0.107 0.163 0.662 0.0 -0.748 -0.048 0.979 0.0 0.057 0.196 
1.0 -0.01 0.005 -0.004 -0.741 -0.0 -0.67 -0.052 -0.983 -0.0 -0.113 -0.143 0.741 0.0 -0.663 -0.106 0.989 -0.0 -0.064 -0.133 -0.626 -0.0 -0.779 -0.042 -0.981 0.0 0.107 0.163 0.662 0.0 -0.748 -0.048 0.979 0.0 0.057 0.196 
1.0 -0.01 0.005 -0.004 -0.74 -0.0 -0.67 -0.052 -0.983 -0.0 -0.113 -0.143 0.741 0.0 -0.663 -0.106 0.989 0.0 -0.064 -0.133 -0.626 -0.0 -0.779 -0.042 -0.981 -0.0 0.107 0.164 0.662 -0.0 -0.748 -0.048 0.979 0.0 0.057 0.196 
1.0 -0.01 0.005 -0.004 -0.74 -0.0 -0.67 -0.052 -0.983 0.0 -0.113 -0.143 0.741 0.0 -0.663 -0.106 0.989 0.0 -0.064 -0.133 -0.626 -0.0 -0.779 -0.042 -0.981 -0.0 0.107 0.163 0.662 0.0 -0.748 -0.048 0.979 0.0 0.057 0.196 
1.0 -0.01 0.005 -0.004 -0.74 -0.0 -0.67 -0.052 -0.983 -0.0 -0.113 -0.143 0.741 0.0 -0.663 -0.106 0.989 0.0 -0.064 -0.133 -0.626 -0.0 -0.779 -0.041 -0.981 -0.0 0.107 0.163 0.662 0.0 -0.748 -0.048 0.979 0.0 0.058 0.196 
1.0 -0.01 0.005 -0.004 -0.74 -0.0 -0.67 -0.052 -0.983 -0.0 -0.113 -0.143 0.741 0.0 -0.663 -0.106 0.989 0.0 -0.064 -0.133 -0.626 0.0 -0.779 -0.042 -0.981 -0.0 0.107 0.163 0.662 0.0 -0.748 -0.048 0.979 -0.0 0.057 0.196 
1.0 -0.01 0.005 -0.004 -0.74 -0.0 -0.67 -0.052 -0.983 0.0 -0.113 -0.143 0.741 0.0 -0.663 -0.106 0.989 0.0 -0.065 -0.133 -0.626 -0.0 -0.779 -0.041 -0.981 0.0 0.107 0.163 0.662 -0.0 -0.748 -0.047 0.979 -0.0 0.057 0.196 
1.0 -0.01 0.005 -0.004 -0.74 -0.0 -0.67 -0.052 -0.983 -0.0 -0.113 -0.143 0.741 0.0 -0.663 -0.106 0.989 0.0 -0.064 -0.134 -0.626 -0.0 -0.779 -0.042 -0.981 -0.0 0.107 0.164 0.662 -0.0 -0.748 -0.048 0.979 0.0 0.058 0.196 
1.0 -0.01 0.005 -0.004 -0.74 -0.0 -0.67 -0.052 -0.983 -0.0 -0.113 -0.144 0.741 0.0 -0.663 -0.106 0.989 -0.0 -0.065 -0.133 -0.626 0.0 -0.779 -0.042 -0.981 -0.0 0.107 0.163 0.662 0.0 -0.748 -0.047 0.979 0.0 0.058 0.196 
1.0 -0.01 0.005 -0.004 -0.74 -0.0 -0.67 -0.052 -0.983 -0.0 -0.113 -0.143 0.741 0.0 -0.663 -0.106 0.989 0.0 -0.065 -0.133 -0.626 -0.0 -0.779 -0.042 -0.981 -0.0 0.107 0.163 0.662 0.0 -0.748 -0.047 0.979 -0.0 0.058 0.196 
1.0 -0.01 0.005 -0.004 -0.74 0.0 -0.67 -0.052 -0.983 -0.0 -0.113 -0.143 0.741 -0.0 -0.663 -0.106 0.989 0.0 -0.064 -0.134 -0.626 -0.0 -0.779 -0.042 -0.981 -0.0 0.107 0.163 0.662 0.0 -0.748 -0.047 0.979 0.0 0.058 0.195 
1.0 -0.01 0.005 -0.004 -0.74 0.0 -0.67 -0.052 -0.983 -0.0 -0.113 -0.143 0.741 -0.0 -0.663 -0.106 0.989 -0.0 -0.064 -0.134 -0.626 -0.0 -0.779 -0.042 -0.981 -0.0 0.107 0.163 0.662 0.0 -0.748 -0.047 0.979 0.0 0.058 0.195 
1.0 -0.01 0.005 -0.004 -0.741 0.0 -0.67 -0.052 -0.983 -0.0 -0.113 -0.144 0.741 0.0 -0.663 -0.106 0.989 -0.0 -0.065 -0.134 -0.626 0.0 -0.779 -0.041 -0.981 -0.0 0.107 0.163 0.662 0.0 -0.748 -0.047 0.979 0.0 0.058 0.195 
1.0 -0.01 0.005 -0.004 -0.74 -0.0 -0.67 -0.052 -0.983 -0.0 -0.113 -0.143 0.741 0.0 -0.663 -0.106 0.989 0.0 -0.064 -0.133 -0.626 -0.0 -0.779 -0.041 -0.981 0.0 0.107 0.163 0.662 0.0 -0.748 -0.046 0.979 0.0 0.058 0.195 
1.0 -0.01 0.005 -0.004 -0.74 0.0 -0.67 -0.052 -0.983 -0.0 -0.113 -0.143 0.741 0.0 -0.663 -0.106 0.989 0.0 -0.064 -0.133 -0.626 -0.0 -0.779 -0.041 -0.981 0.0 0.107 0.163 0.662 -0.0 -0.749 -0.046 0.979 0.0 0.059 0.194 
1.0 -0.01 0.005 -0.004 -0.741 -0.0 -0.67 -0.052 -0.983 0.0 -0.113 -0.143 0.741 0.0 -0.663 -0.106 0.989 0.0 -0.065 -0.133 -0.626 -0.0 -0.779 -0.041 -0.981 0.0 0.107 0.163 0.661 -0.0 -0.749 -0.046 0.979 0.0 0.059 0.194 
1.0 -0.01 0.005 -0.004 -0.74 -0.0 -0.67 -0.052 -0.983 -0.0 -0.113 -0.144 0.741 -0.0 -0.663 -0.106 0.989 0.0 -0.065 -0.133 -0.626 -0.0 -0.779 -0.042 -0.981 0.0 0.107 0.163 0.661 0.0 -0.749 -0.046 0.979 0.0 0.059 0.194 
1.0 -0.01 0.005 -0.004 -0.74 -0.0 -0.67 -0.052 -0.983 -0.0 -0.113 -0.143 0.741 0.0 -0.663 -0.106 0.989 0.0 -0.065 -0.133 -0.626 -0.0 -0.779 -0.042 -0.981 -0.0 0.107 0.163 0.661 0.0 -0.749 -0.046 0.979 -0.0 0.059 0.194 
1.0 -0.01 0.005 -0.004 -0.74 -0.0 -0.67 -0.052 -0.983 -0.0 -0.113 -0.143 0.741 0.0 -0.663 -0.106 0.989 0.0 -0.065 -0.133 -0.626 -0.0 -0.779 -0.041 -0.981 -0.0 0.107 0.163 0.661 0.0 -0.749 -0.045 0.979 -0.0 0.06 0.194 
1.0 -0.01 0.005 -0.004 -0.74 -0.0 -0.67 -0.052 -0.983 -0.0 -0.113 -0.143 0.741 0.0 -0.663 -0.106 0.989 0.0 -0.065 -0.133 -0.626 -0.0 -0.779 -0.041 -0.981 0.0 0.107 0.163 0.661 0.0 -0.749 -0.045 0.979 0.0 0.059 0.194 
1.0 -0.01 0.005 -0.004 -0.74 -0.0 -0.67 -0.052 -0.983 -0.0 -0.113 -0.143 0.741 0.0 -0.663 -0.107 0.989 0.0 -0.065 -0.134 -0.626 0.0 -0.779 -0.042 -0.981 -0.0 0.107 0.163 0.661 -0.0 -0.749 -0.046 0.979 0.0 0.06 0.194 
1.0 -0.01 0.005 -0.004 -0.741 0.0 -0.67 -0.052 -0.983 -0.0 -0.113 -0.143 0.742 0.0 -0.662 -0.106 0.989 0.0 -0.066 -0.134 -0.626 -0.0 -0.779 -0.042 -0.981 -0.0 0.107 0.163 0.661 0.0 -0.749 -0.046 0.979 0.0 0.06 0.194 
1.0 -0.01 0.005 -0.004 -0.74 -0.0 -0.67 -0.052 -0.983 -0.0 -0.113 -0.143 0.742 0.0 -0.662 -0.106 0.989 0.0 -0.066 -0.134 -0.626 -0.0 -0.779 -0.042 -0.981 -0.0 0.107 0.163 0.661 -0.0 -0.749 -0.045 0.979 -0.0 0.06 0.193 
1.0 -0.01 0.005 -0.004 -0.74 -0.0 -0.67 -0.052 -0.983 -0.0 -0.113 -0.143 0.741 0.0 -0.662 -0.107 0.989 0.0 -0.065 -0.133 -0.626 0.0 -0.779 -0.042 -0.981 0.0 0.107 0.163 0.661 0.0 -0.749 -0.045 0.979 0.0 0.06 0.193 
1.0 -0.01 0.005 -0.004 -0.74 -0.0 -0.67 -0.052 -0.983 0.0 -0.112 -0.143 0.742 0.0 -0.662 -0.107 0.989 0.0 -0.066 -0.134 -0.626 -0.0 -0.779 -0.042 -0.981 -0.0 0.107 0.163 0.661 0.0 -0.749 -0.045 0.979 0.0 0.06 0.193 
1.0 -0.01 0.005 -0.004 -0.74 -0.0 -0.67 -0.052 -0.983 -0.0 -0.113 -0.144 0.741 -0.0 -0.662 -0.108 0.989 0.0 -0.065 -0.133 -0.626 0.0 -0.779 -0.042 -0.981 0.0 0.107 0.164 0.661 -0.0 -0.749 -0.045 0.979 0.0 0.06 0.193 
1.0 -0.01 0.005 -0.004 -0.74 -0.0 -0.67 -0.052 -0.983 -0.0 -0.112 -0.143 0.742 0.0 -0.662 -0.106 0.989 -0.0 -0.066 -0.134 -0.626 -0.0 -0.779 -0.042 -0.981 -0.0 0.107 0.164 0.661 0.0 -0.749 -0.046 0.979 0.0 0.06 0.193 
1.0 -0.01 0.005 -0.004 -0.74 -0.0 -0.67 -0.052 -0.983 -0.0 -0.113 -0.144 0.742 0.0 -0.662 -0.107 0.989 0.0 -0.066 -0.134 -0.626 -0.0 -0.779 -0.042 -0.981 -0.0 0.107 0.164 0.661 0.0 -0.749 -0.046 0.979 0.0 0.06 0.194 
1.0 -0.01 0.005 -0.004 -0.74 -0.0 -0.67 -0.052 -0.983 -0.0 -0.113 -0.144 0.742 -0.0 -0.662 -0.108 0.989 -0.0 -0.066 -0.133 -0.626 -0.0 -0.779 -0.042 -0.981 -0.0 0.107 0.163 0.661 -0.0 -0.749 -0.046 0.979 0.0 0.06 0.194 
1.0 -0.01 0.005 -0.004 -0.741 -0.0 -0.67 -0.052 -0.983 0.0 -0.113 -0.144 0.742 0.0 -0.662 -0.107 0.989 0.0 -0.066 -0.134 -0.626 -0.0 -0.779 -0.042 -0.981 -0.0 0.107 0.163 0.661 0.0 -0.749 -0.046 0.979 -0.0 0.06 0.194 
1.0 -0.01 0.005 -0.004 -0.741 -0.0 -0.67 -0.052 -0.983 -0.0 -0.113 -0.144 0.742 0.0 -0.662 -0.107 0.989 0.0 -0.066 -0.134 -0.626 0.0 -0.779 -0.042 -0.981 -0.0 0.107 0.164 0.661 0.0 -0.749 -0.046 0.979 -0.0 0.06 0.194 
1.0 -0.01 0.005 -0.004 -0.74 -0.0 -0.67 -0.052 -0.983 -0.0 -0.113 -0.144 0.742 0.0 -0.662 -0.107 0.989 0.0 -0.066 -0.133 -0.626 -0.0 -0.779 -0.042 -0.981 -0.0 0.107 0.163 0.661 0.0 -0.749 -0.046 0.979 0.0 0.06 0.194 
1.0 -0.01 0.005 -0.004 -0.741 -0.0 -0.67 -0.052 -0.983 -0.0 -0.113 -0.144 0.742 -0.0 -0.661 -0.108 0.989 0.0 -0.066 -0.133 -0.626 -0.0 -0.779 -0.042 -0.981 -0.0 0.107 0.163 0.661 -0.0 -0.749 -0.046 0.979 0.0 0.06 0.194 
1.0 -0.01 0.005 -0.004 -0.741 0.0 -0.67 -0.052 -0.983 -0.0 -0.113 -0.144 0.742 0.0 -0.661 -0.108 0.989 -0.0 -0.066 -0.133 -0.626 0.0 -0.779 -0.042 -0.981 -0.0 0.107 0.164 0.661 0.0 -0.749 -0.046 0.979 -0.0 0.059 0.194 
1.0 -0.01 0.005 -0.004 -0.74 0.0 -0.67 -0.052 -0.983 -0.0 -0.113 -0.144 0.742 0.0 -0.661 -0.108 0.989 0.0 -0.066 -0.133 -0.626 -0.0 -0.779 -0.042 -0.981 -0.0 0.107 0.163 0.661 0.0 -0.749 -0.046 0.979 0.0 0.059 0.194 
1.0 -0.01 0.005 -0.004 -0.74 -0.0 -0.67 -0.052 -0.983 -0.0 -0.113 -0.144 0.742 0.0 -0.661 -0.108 0.989 0.0 -0.066 -0.133 -0.626 -0.0 -0.779 -0.042 -0.981 -0.0 0.107 0.164 0.661 0.0 -0.749 -0.046 0.979 0.0 0.059 0.194 
1.0 -0.01 0.005 -0.004 -0.74 -0.0 -0.67 -0.053 -0.983 -0.0 -0.113 -0.144 0.742 -0.0 -0.661 -0.108 0.989 0.0 -0.066 -0.133 -0.626 -0.0 -0.779 -0.042 -0.981 -0.0 0.107 0.163 0.661 -0.0 -0.749 -0.046 0.979 -0.0 0.06 0.194 
1.0 -0.01 0.005 -0.004 -0.74 -0.0 -0.67 -0.052 -0.983 -0.0 -0.113 -0.144 0.742 0.0 -0.661 -0.108 0.989 0.0 -0.066 -0.133 -0.626 -0.0 -0.779 -0.041 -0.981 -0.0 0.107 0.163 0.661 0.0 -0.749 -0.046 0.979 0.0 0.06 0.194 
1.0 -0.01 0.006 -0.004 -0.74 0.0 -0.67 -0.052 -0.983 0.0 -0.112 -0.144 0.742 -0.0 -0.661 -0.108 0.989 -0.0 -0.066 -0.133 -0.626 -0.0 -0.779 -0.041 -0.981 -0.0 0.107 0.163 0.661 0.0 -0.749 -0.046 0.979 -0.0 0.06 0.194 
1.0 -0.01 0.005 -0.004 -0.74 -0.0 -0.67 -0.052 -0.983 -0.0 -0.113 -0.144 0.743 0.0 -0.661 -0.108 0.989 0.0 -0.066 -0.133 -0.626 -0.0 -0.779 -0.041 -0.981 0.0 0.107 0.163 0.661 0.0 -0.749 -0.046 0.979 0.0 0.06 0.194 
1.0 -0.009 0.005 -0.004 -0.74 -0.0 -0.67 -0.052 -0.983 -0.0 -0.113 -0.144 0.743 0.0 -0.661 -0.108 0.989 0.0 -0.065 -0.134 -0.626 -0.0 -0.779 -0.042 -0.981 -0.0 0.108 0.163 0.661 0.0 -0.749 -0.046 0.979 0.0 0.06 0.194 
1.0 -0.01 0.006 -0.004 -0.74 -0.0 -0.67 -0.053 -0.983 0.0 -0.113 -0.144 0.743 0.0 -0.661 -0.108 0.989 0.0 -0.066 -0.133 -0.626 0.0 -0.779 -0.041 -0.981 -0.0 0.107 0.163 0.661 0.0 -0.749 -0.045 0.979 0.0 0.06 0.194 
1.0 -0.01 0.005 -0.004 -0.74 -0.0 -0.67 -0.053 -0.983 -0.0 -0.113 -0.143 0.743 -0.0 -0.661 -0.108 0.989 0.0 -0.065 -0.133 -0.626 -0.0 -0.779 -0.041 -0.981 -0.0 0.107 0.163 0.661 -0.0 -0.749 -0.046 0.979 0.0 0.06 0.194 
1.0 -0.009 0.005 -0.004 -0.74 -0.0 -0.67 -0.053 -0.983 -0.0 -0.113 -0.143 0.743 0.0 -0.661 -0.108 0.989 -0.0 -0.065 -0.134 -0.626 -0.0 -0.779 -0.042 -0.981 -0.0 0.107 0.163 0.661 0.0 -0.749 -0.046 0.979 0.0 0.06 0.194 
1.0 -0.009 0.006 -0.004 -0.74 -0.0 -0.67 -0.053 -0.983 -0.0 -0.112 -0.143 0.743 0.0 -0.661 -0.108 0.989 0.0 -0.065 -0.133 -0.626 -0.0 -0.779 -0.041 -0.981 -0.0 0.107 0.163 0.661 0.0 -0.749 -0.046 0.979 0.0 0.06 0.194 
1.0 -0.009 0.006 -0.004 -0.74 0.0 -0.67 -0.053 -0.983 -0.0 -0.113 -0.144 0.743 0.0 -0.661 -0.109 0.989 0.0 -0.065 -0.133 -0.626 0.0 -0.779 -0.042 -0.981 -0.0 0.107 0.163 0.661 0.0 -0.749 -0.046 0.979 0.0 0.059 0.194 
1.0 -0.009 0.006 -0.004 -0.74 -0.0 -0.67 -0.053 -0.983 -0.0 -0.113 -0.144 0.742 0.0 -0.661 -0.109 0.989 0.0 -0.064 -0.133 -0.626 -0.0 -0.779 -0.042 -0.981 0.0 0.107 0.163 0.661 0.0 -0.749 -0.046 0.979 0.0 0.06 0.194 
1.0 -0.009 0.006 -0.004 -0.74 -0.0 -0.67 -0.053 -0.983 -0.0 -0.113 -0.144 0.743 0.0 -0.661 -0.108 0.989 0.0 -0.065 -0.134 -0.626 -0.0 -0.779 -0.042 -0.981 -0.0 0.107 0.163 0.661 0.0 -0.749 -0.046 0.979 0.0 0.06 0.194 
1.0 -0.009 0.006 -0.004 -0.74 -0.0 -0.67 -0.053 -0.983 -0.0 -0.113 -0.143 0.743 0.0 -0.661 -0.108 0.989 0.0 -0.065 -0.134 -0.626 0.0 -0.779 -0.042 -0.981 -0.0 0.107 0.163 0.661 0.0 -0.749 -0.046 0.979 0.0 0.06 0.194 
1.0 -0.009 0.006 -0.004 -0.74 -0.0 -0.67 -0.053 -0.983 -0.0 -0.113 -0.144 0.742 0.0 -0.661 -0.109 0.989 0.0 -0.064 -0.133 -0.626 0.0 -0.779 -0.042 -0.981 0.0 0.107 0.163 0.661 0.0 -0.749 -0.046 0.979 -0.0 0.06 0.194 
1.0 -0.009 0.006 -0.004 -0.74 -0.0 -0.67 -0.053 -0.983 -0.0 -0.113 -0.144 0.743 0.0 -0.661 -0.108 0.989 0.0 -0.065 -0.134 -0.626 -0.0 -0.779 -0.042 -0.981 -0.0 0.107 0.163 0.661 0.0 -0.749 -0.046 0.979 0.0 0.059 0.194 
1.0 -0.009 0.006 -0.004 -0.74 0.0 -0.67 -0.053 -0.983 -0.0 -0.112 -0.144 0.743 0.0 -0.661 -0.108 0.989 0.0 -0.065 -0.134 -0.626 -0.0 -0.779 -0.042 -0.981 -0.0 0.107 0.163 0.661 0.0 -0.749 -0.046 0.979 0.0 0.059 0.194 
1.0 -0.009 0.006 -0.004 -0.74 -0.0 -0.67 -0.053 -0.983 -0.0 -0.112 -0.143 0.742 -0.0 -0.661 -0.109 0.989 0.0 -0.064 -0.133 -0.626 -0.0 -0.779 -0.042 -0.981 -0.0 0.107 0.163 0.661 0.0 -0.749 -0.047 0.979 0.0 0.059 0.194 
1.0 -0.009 0.006 -0.004 -0.74 0.0 -0.67 -0.053 -0.983 -0.0 -0.113 -0.143 0.743 -0.0 -0.661 -0.109 0.989 0.0 -0.065 -0.134 -0.626 -0.0 -0.779 -0.042 -0.981 -0.0 0.107 0.163 0.661 0.0 -0.749 -0.046 0.979 0.0 0.059 0.194 
1.0 -0.009 0.006 -0.004 -0.74 0.0 -0.67 -0.054 -0.983 -0.0 -0.113 -0.143 0.743 -0.0 -0.661 -0.108 0.989 0.0 -0.065 -0.134 -0.626 0.0 -0.779 -0.042 -0.981 -0.0 0.107 0.163 0.661 -0.0 -0.749 -0.047 0.979 0.0 0.059 0.194 
1.0 -0.009 0.006 -0.004 -0.74 -0.0 -0.67 -0.053 -0.983 -0.0 -0.113 -0.144 0.743 -0.0 -0.661 -0.108 0.989 -0.0 -0.065 -0.134 -0.626 -0.0 -0.779 -0.042 -0.981 -0.0 0.107 0.163 0.661 0.0 -0.749 -0.047 0.979 0.0 0.059 0.194 
1.0 -0.009 0.006 -0.004 -0.74 -0.0 -0.67 -0.053 -0.983 -0.0 -0.113 -0.144 0.742 0.0 -0.661 -0.109 0.989 0.0 -0.064 -0.133 -0.626 -0.0 -0.779 -0.042 -0.981 -0.0 0.107 0.163 0.661 0.0 -0.749 -0.047 0.979 0.0 0.059 0.194 
1.0 -0.009 0.006 -0.004 -0.74 -0.0 -0.67 -0.053 -0.983 -0.0 -0.113 -0.144 0.742 0.0 -0.661 -0.109 0.989 -0.0 -0.064 -0.133 -0.626 -0.0 -0.779 -0.042 -0.981 -0.0 0.107 0.163 0.661 0.0 -0.749 -0.047 0.979 0.0 0.059 0.194 
1.0 -0.009 0.006 -0.004 -0.74 -0.0 -0.67 -0.053 -0.983 0.0 -0.113 -0.143 0.743 0.0 -0.661 -0.108 0.989 0.0 -0.066 -0.134 -0.626 -0.0 -0.779 -0.042 -0.981 -0.0 0.107 0.163 0.661 0.0 -0.749 -0.047 0.979 0.0 0.059 0.194 
1.0 -0.009 0.006 -0.004 -0.74 -0.0 -0.67 -0.053 -0.983 -0.0 -0.113 -0.144 0.742 0.0 -0.661 -0.109 0.989 0.0 -0.064 -0.133 -0.626 -0.0 -0.779 -0.042 -0.981 -0.0 0.107 0.163 0.661 0.0 -0.749 -0.047 0.979 0.0 0.059 0.194 
1.0 -0.009 0.006 -0.004 -0.74 -0.0 -0.67 -0.053 -0.983 0.0 -0.113 -0.143 0.742 0.0 -0.661 -0.109 0.989 0.0 -0.064 -0.133 -0.626 -0.0 -0.779 -0.042 -0.981 -0.0 0.107 0.163 0.661 0.0 -0.749 -0.047 0.979 0.0 0.059 0.194 
1.0 -0.008 0.006 -0.004 -0.74 0.0 -0.67 -0.053 -0.983 0.0 -0.113 -0.144 0.742 0.0 -0.661 -0.109 0.989 0.0 -0.064 -0.134 -0.626 -0.0 -0.779 -0.042 -0.981 0.0 0.107 0.163 0.661 0.0 -0.749 -0.047 0.979 0.0 0.059 0.194 
1.0 -0.009 0.006 -0.004 -0.741 -0.0 -0.67 -0.053 -0.983 -0.0 -0.113 -0.144 0.742 0.0 -0.661 -0.109 0.989 0.0 -0.064 -0.133 -0.626 -0.0 -0.779 -0.042 -0.981 -0.0 0.107 0.163 0.661 0.0 -0.749 -0.047 0.979 0.0 0.059 0.194 
1.0 -0.008 0.006 -0.004 -0.741 0.0 -0.67 -0.053 -0.983 -0.0 -0.113 -0.144 0.742 0.0 -0.661 -0.109 0.989 -0.0 -0.064 -0.134 -0.626 -0.0 -0.779 -0.042 -0.981 -0.0 0.107 0.163 0.661 0.0 -0.749 -0.048 0.979 0.0 0.059 0.195 
1.0 -0.008 0.006 -0.004 -0.741 -0.0 -0.67 -0.053 -0.983 -0.0 -0.113 -0.144 0.742 0.0 -0.661 -0.109 0.989 0.0 -0.064 -0.134 -0.626 -0.0 -0.779 -0.042 -0.981 -0.0 0.107 0.163 0.661 0.0 -0.749 -0.048 0.979 0.0 0.059 0.195 
1.0 -0.008 0.006 -0.004 -0.74 -0.0 -0.67 -0.054 -0.983 -0.0 -0.112 -0.143 0.742 0.0 -0.661 -0.109 0.989 0.0 -0.065 -0.134 -0.626 -0.0 -0.779 -0.042 -0.981 -0.0 0.107 0.163 0.661 0.0 -0.749 -0.047 0.979 0.0 0.059 0.194 
1.0 -0.008 0.006 -0.004 -0.741 -0.0 -0.67 -0.053 -0.983 -0.0 -0.113 -0.143 0.742 0.0 -0.661 -0.109 0.989 0.0 -0.065 -0.134 -0.626 -0.0 -0.779 -0.042 -0.981 -0.0 0.107 0.163 0.661 0.0 -0.749 -0.048 0.979 0.0 0.059 0.194 
1.0 -0.008 0.006 -0.004 -0.741 -0.0 -0.67 -0.053 -0.983 -0.0 -0.113 -0.143 0.742 -0.0 -0.661 -0.109 0.989 0.0 -0.064 -0.134 -0.626 0.0 -0.779 -0.042 -0.981 0.0 0.107 0.163 0.661 0.0 -0.749 -0.048 0.979 0.0 0.059 0.195 
1.0 -0.008 0.006 -0.004 -0.741 -0.0 -0.67 -0.054 -0.983 -0.0 -0.113 -0.143 0.742 -0.0 -0.661 -0.109 0.989 0.0 -0.065 -0.134 -0.626 -0.0 -0.779 -0.042 -0.981 -0.0 0.107 0.163 0.661 0.0 -0.749 -0.048 0.979 0.0 0.059 0.195 
1.0 -0.008 0.006 -0.004 -0.74 -0.0 -0.67 -0.053 -0.983 -0.0 -0.113 -0.143 0.742 0.0 -0.661 -0.109 0.989 0.0 -0.065 -0.134 -0.626 0.0 -0.779 -0.043 -0.981 -0.0 0.107 0.163 0.661 0.0 -0.748 -0.048 0.979 -0.0 0.059 0.195 
1.0 -0.008 0.006 -0.004 -0.741 0.0 -0.67 -0.053 -0.983 -0.0 -0.113 -0.143 0.742 0.0 -0.661 -0.109 0.989 -0.0 -0.065 -0.134 -0.626 0.0 -0.779 -0.042 -0.981 -0.0 0.107 0.163 0.661 -0.0 -0.748 -0.048 0.979 0.0 0.059 0.195 
1.0 -0.008 0.006 -0.004 -0.741 -0.0 -0.67 -0.054 -0.983 0.0 -0.113 -0.143 0.742 0.0 -0.661 -0.109 0.989 0.0 -0.064 -0.134 -0.626 -0.0 -0.779 -0.042 -0.981 -0.0 0.107 0.163 0.661 0.0 -0.749 -0.048 0.979 0.0 0.059 0.195 
1.0 -0.008 0.006 -0.004 -0.741 -0.0 -0.67 -0.054 -0.983 -0.0 -0.112 -0.143 0.742 0.0 -0.661 -0.109 0.989 0.0 -0.064 -0.134 -0.626 -0.0 -0.779 -0.042 -0.981 -0.0 0.107 0.163 0.661 0.0 -0.748 -0.048 0.979 0.0 0.059 0.195 
1.0 -0.008 0.006 -0.004 -0.74 -0.0 -0.67 -0.053 -0.983 -0.0 -0.113 -0.143 0.742 0.0 -0.661 -0.109 0.989 -0.0 -0.064 -0.134 -0.626 0.0 -0.779 -0.042 -0.981 -0.0 0.107 0.163 0.661 0.0 -0.748 -0.048 0.979 0.0 0.059 0.195 
1.0 -0.008 0.006 -0.004 -0.741 0.0 -0.67 -0.053 -0.983 -0.0 -0.113 -0.143 0.742 -0.0 -0.661 -0.109 0.989 0.0 -0.064 -0.134 -0.626 -0.0 -0.779 -0.042 -0.981 -0.0 0.107 0.163 0.662 0.0 -0.748 -0.048 0.979 0.0 0.059 0.195 
1.0 -0.008 0.006 -0.004 -0.741 -0.0 -0.67 -0.054 -0.983 -0.0 -0.112 -0.143 0.742 0.0 -0.661 -0.109 0.989 0.0 -0.064 -0.133 -0.626 -0.0 -0.779 -0.042 -0.981 -0.0 0.107 0.163 0.661 0.0 -0.748 -0.048 0.979 0.0 0.059 0.195 
1.0 -0.008 0.006 -0.004 -0.741 0.0 -0.67 -0.054 -0.983 -0.0 -0.113 -0.143 0.742 -0.0 -0.661 -0.109 0.989 0.0 -0.064 -0.134 -0.626 -0.0 -0.779 -0.043 -0.981 -0.0 0.107 0.163 0.661 0.0 -0.748 -0.048 0.979 0.0 0.059 0.195 
1.0 -0.008 0.006 -0.004 -0.741 -0.0 -0.67 -0.054 -0.983 -0.0 -0.113 -0.143 0.742 0.0 -0.661 -0.109 0.989 0.0 -0.064 -0.134 -0.626 0.0 -0.779 -0.043 -0.981 -0.0 0.106 0.163 0.661 0.0 -0.748 -0.048 0.979 0.0 0.059 0.195 
1.0 -0.008 0.006 -0.004 -0.741 -0.0 -0.67 -0.054 -0.983 -0.0 -0.113 -0.143 0.742 0.0 -0.661 -0.109 0.989 -0.0 -0.064 -0.134 -0.626 -0.0 -0.779 -0.042 -0.981 -0.0 0.107 0.163 0.662 0.0 -0.748 -0.048 0.979 0.0 0.059 0.195 
1.0 -0.008 0.006 -0.004 -0.741 -0.0 -0.67 -0.053 -0.983 -0.0 -0.113 -0.143 0.742 0.0 -0.661 -0.11 0.989 0.0 -0.064 -0.133 -0.626 -0.0 -0.779 -0.042 -0.981 -0.0 0.107 0.163 0.662 0.0 -0.748 -0.048 0.979 0.0 0.059 0.195 
1.0 -0.008 0.006 -0.004 -0.741 -0.0 -0.67 -0.054 -0.983 -0.0 -0.113 -0.143 0.743 0.0 -0.661 -0.108 0.989 0.0 -0.065 -0.135 -0.626 0.0 -0.779 -0.042 -0.981 -0.0 0.106 0.163 0.662 0.0 -0.748 -0.048 0.979 0.0 0.058 0.195 
1.0 -0.008 0.006 -0.004 -0.741 -0.0 -0.67 -0.054 -0.983 -0.0 -0.113 -0.143 0.743 -0.0 -0.661 -0.109 0.989 0.0 -0.064 -0.134 -0.626 -0.0 -0.779 -0.042 -0.981 -0.0 0.107 0.163 0.662 0.0 -0.748 -0.048 0.979 0.0 0.058 0.195 
1.0 -0.008 0.006 -0.004 -0.741 -0.0 -0.67 -0.054 -0.983 0.0 -0.113 -0.143 0.742 -0.0 -0.661 -0.109 0.989 0.0 -0.064 -0.134 -0.626 -0.0 -0.779 -0.042 -0.981 -0.0 0.107 0.163 0.662 0.0 -0.748 -0.048 0.979 -0.0 0.058 0.196 
1.0 -0.008 0.006 -0.004 -0.741 -0.0 -0.67 -0.054 -0.983 -0.0 -0.113 -0.143 0.743 0.0 -0.661 -0.109 0.989 0.0 -0.064 -0.134 -0.626 -0.0 -0.779 -0.042 -0.981 -0.0 0.107 0.163 0.662 0.0 -0.748 -0.049 0.979 0.0 0.058 0.196 
1.0 -0.008 0.006 -0.004 -0.741 -0.0 -0.67 -0.054 -0.983 -0.0 -0.113 -0.143 0.743 0.0 -0.661 -0.109 0.989 0.0 -0.064 -0.134 -0.626 -0.0 -0.779 -0.043 -0.981 -0.0 0.106 0.163 0.662 0.0 -0.748 -0.049 0.979 0.0 0.058 0.196 
1.0 -0.008 0.006 -0.004 -0.741 -0.0 -0.67 -0.054 -0.983 -0.0 -0.113 -0.143 0.743 0.0 -0.661 -0.109 0.989 0.0 -0.064 -0.134 -0.626 -0.0 -0.779 -0.043 -0.981 -0.0 0.106 0.164 0.662 0.0 -0.748 -0.049 0.979 0.0 0.058 0.197 
1.0 -0.008 0.006 -0.005 -0.741 -0.0 -0.67 -0.054 -0.983 -0.0 -0.113 -0.143 0.743 0.0 -0.661 -0.109 0.989 0.0 -0.064 -0.134 -0.626 -0.0 -0.779 -0.043 -0.981 -0.0 0.106 0.164 0.662 -0.0 -0.748 -0.049 0.979 0.0 0.057 0.197 
1.0 -0.008 0.006 -0.005 -0.741 -0.0 -0.67 -0.054 -0.983 -0.0 -0.113 -0.143 0.743 0.0 -0.661 -0.109 0.989 0.0 -0.064 -0.133 -0.626 -0.0 -0.779 -0.043 -0.981 -0.0 0.106 0.164 0.662 0.0 -0.748 -0.049 0.979 0.0 0.057 0.197 
1.0 -0.008 0.006 -0.005 -0.741 -0.0 -0.67 -0.054 -0.983 -0.0 -0.113 -0.143 0.743 0.0 -0.661 -0.109 0.989 0.0 -0.064 -0.133 -0.626 -0.0 -0.779 -0.043 -0.981 -0.0 0.106 0.164 0.662 0.0 -0.748 -0.049 0.979 0.0 0.057 0.198 
1.0 -0.008 0.006 -0.005 -0.741 -0.0 -0.67 -0.054 -0.983 -0.0 -0.113 -0.143 0.743 -0.0 -0.661 -0.109 0.989 0.0 -0.064 -0.133 -0.626 -0.0 -0.779 -0.043 -0.981 -0.0 0.106 0.165 0.662 0.0 -0.748 -0.049 0.979 0.0 0.057 0.198 
1.0 -0.008 0.006 -0.005 -0.741 -0.0 -0.67 -0.054 -0.983 -0.0 -0.113 -0.143 0.743 0.0 -0.66 -0.109 0.989 0.0 -0.064 -0.133 -0.626 -0.0 -0.779 -0.043 -0.981 -0.0 0.106 0.165 0.662 0.0 -0.748 -0.049 0.979 0.0 0.057 0.198 
1.0 -0.008 0.006 -0.006 -0.741 -0.0 -0.67 -0.054 -0.983 -0.0 -0.113 -0.143 0.743 0.0 -0.66 -0.109 0.989 0.0 -0.064 -0.133 -0.626 0.0 -0.778 -0.043 -0.981 -0.0 0.106 0.165 0.662 -0.0 -0.748 -0.049 0.979 -0.0 0.057 0.198 
1.0 -0.008 0.006 -0.006 -0.741 0.0 -0.67 -0.054 -0.983 -0.0 -0.113 -0.143 0.743 0.0 -0.66 -0.109 0.989 -0.0 -0.064 -0.133 -0.626 -0.0 -0.778 -0.044 -0.981 -0.0 0.105 0.166 0.662 0.0 -0.748 -0.048 0.979 0.0 0.058 0.197 
1.0 -0.008 0.006 -0.006 -0.741 -0.0 -0.67 -0.054 -0.983 -0.0 -0.113 -0.143 0.743 0.0 -0.66 -0.109 0.989 -0.0 -0.064 -0.133 -0.626 -0.0 -0.778 -0.043 -0.981 -0.0 0.105 0.166 0.662 0.0 -0.748 -0.048 0.979 0.0 0.058 0.197 
1.0 -0.008 0.006 -0.006 -0.741 -0.0 -0.67 -0.054 -0.983 -0.0 -0.113 -0.143 0.743 -0.0 -0.66 -0.109 0.989 0.0 -0.064 -0.133 -0.626 -0.0 -0.778 -0.044 -0.981 -0.0 0.105 0.166 0.662 0.0 -0.748 -0.047 0.979 0.0 0.058 0.197 
1.0 -0.008 0.006 -0.006 -0.741 0.0 -0.67 -0.054 -0.983 -0.0 -0.113 -0.143 0.743 0.0 -0.66 -0.109 0.989 0.0 -0.064 -0.133 -0.626 -0.0 -0.778 -0.044 -0.981 -0.0 0.105 0.166 0.662 0.0 -0.748 -0.048 0.979 0.0 0.057 0.198 
1.0 -0.009 0.006 -0.006 -0.741 -0.0 -0.67 -0.055 -0.983 -0.0 -0.113 -0.143 0.743 0.0 -0.66 -0.11 0.989 0.0 -0.064 -0.133 -0.626 -0.0 -0.778 -0.043 -0.981 -0.0 0.105 0.166 0.662 0.0 -0.748 -0.048 0.979 0.0 0.057 0.198 
1.0 -0.008 0.006 -0.006 -0.741 -0.0 -0.67 -0.054 -0.983 -0.0 -0.113 -0.143 0.743 0.0 -0.66 -0.109 0.989 0.0 -0.064 -0.133 -0.626 -0.0 -0.778 -0.044 -0.98 -0.0 0.105 0.166 0.662 0.0 -0.748 -0.048 0.979 -0.0 0.057 0.198 
1.0 -0.009 0.006 -0.006 -0.741 -0.0 -0.67 -0.054 -0.983 -0.0 -0.113 -0.143 0.743 -0.0 -0.66 -0.11 0.989 0.0 -0.064 -0.132 -0.626 -0.0 -0.778 -0.044 -0.98 -0.0 0.105 0.166 0.662 0.0 -0.748 -0.048 0.978 0.0 0.058 0.198 
1.0 -0.009 0.006 -0.006 -0.741 -0.0 -0.67 -0.055 -0.983 -0.0 -0.113 -0.143 0.743 0.0 -0.66 -0.109 0.989 0.0 -0.064 -0.133 -0.626 -0.0 -0.778 -0.043 -0.98 -0.0 0.105 0.166 0.662 0.0 -0.748 -0.048 0.978 0.0 0.058 0.198 
1.0 -0.009 0.006 -0.006 -0.741 -0.0 -0.67 -0.055 -0.983 0.0 -0.113 -0.143 0.743 0.0 -0.66 -0.11 0.989 0.0 -0.064 -0.132 -0.626 -0.0 -0.778 -0.043 -0.98 -0.0 0.105 0.166 0.662 0.0 -0.748 -0.048 0.979 0.0 0.058 0.198 
1.0 -0.009 0.006 -0.006 -0.741 -0.0 -0.67 -0.055 -0.983 0.0 -0.113 -0.143 0.743 0.0 -0.66 -0.11 0.989 -0.0 -0.064 -0.133 -0.626 -0.0 -0.778 -0.044 -0.98 0.0 0.105 0.167 0.662 0.0 -0.748 -0.048 0.979 0.0 0.058 0.198 
1.0 -0.009 0.006 -0.006 -0.741 -0.0 -0.67 -0.055 -0.983 -0.0 -0.113 -0.143 0.743 0.0 -0.66 -0.11 0.989 0.0 -0.064 -0.133 -0.626 -0.0 -0.778 -0.043 -0.98 -0.0 0.105 0.166 0.662 0.0 -0.748 -0.047 0.979 0.0 0.058 0.198 
1.0 -0.009 0.006 -0.006 -0.741 -0.0 -0.67 -0.055 -0.983 0.0 -0.113 -0.143 0.743 0.0 -0.66 -0.11 0.989 -0.0 -0.064 -0.133 -0.626 0.0 -0.778 -0.043 -0.98 -0.0 0.105 0.166 0.662 0.0 -0.748 -0.047 0.979 -0.0 0.058 0.198 
1.0 -0.009 0.006 -0.006 -0.741 -0.0 -0.67 -0.055 -0.983 -0.0 -0.113 -0.143 0.743 0.0 -0.66 -0.11 0.989 -0.0 -0.064 -0.133 -0.626 -0.0 -0.778 -0.043 -0.98 0.0 0.105 0.166 0.662 0.0 -0.748 -0.047 0.979 0.0 0.058 0.198 
1.0 -0.009 0.006 -0.006 -0.741 -0.0 -0.67 -0.055 -0.983 -0.0 -0.113 -0.143 0.743 -0.0 -0.66 -0.11 0.989 0.0 -0.064 -0.133 -0.626 -0.0 -0.778 -0.043 -0.98 -0.0 0.105 0.166 0.662 0.0 -0.748 -0.047 0.979 0.0 0.058 0.198 
1.0 -0.009 0.006 -0.006 -0.741 -0.0 -0.67 -0.055 -0.983 -0.0 -0.113 -0.144 0.743 0.0 -0.66 -0.11 0.989 0.0 -0.064 -0.133 -0.626 -0.0 -0.778 -0.043 -0.98 0.0 0.105 0.166 0.662 0.0 -0.748 -0.047 0.979 0.0 0.058 0.198 
1.0 -0.009 0.006 -0.006 -0.741 -0.0 -0.67 -0.055 -0.983 -0.0 -0.113 -0.143 0.743 0.0 -0.66 -0.11 0.989 0.0 -0.064 -0.133 -0.626 -0.0 -0.778 -0.043 -0.98 -0.0 0.105 0.166 0.662 0.0 -0.748 -0.047 0.979 0.0 0.058 0.198 
1.0 -0.009 0.006 -0.006 -0.741 -0.0 -0.669 -0.055 -0.983 -0.0 -0.113 -0.143 0.743 -0.0 -0.66 -0.11 0.989 0.0 -0.064 -0.133 -0.626 -0.0 -0.778 -0.043 -0.98 -0.0 0.105 0.166 0.662 0.0 -0.748 -0.047 0.979 0.0 0.058 0.198 
1.0 -0.009 0.006 -0.006 -0.741 -0.0 -0.67 -0.055 -0.983 -0.0 -0.113 -0.143 0.743 -0.0 -0.66 -0.11 0.989 0.0 -0.064 -0.133 -0.626 -0.0 -0.779 -0.042 -0.98 0.0 0.105 0.166 0.662 0.0 -0.748 -0.047 0.979 0.0 0.058 0.198 
1.0 -0.009 0.006 -0.006 -0.741 -0.0 -0.669 -0.055 -0.983 -0.0 -0.112 -0.143 0.743 0.0 -0.66 -0.11 0.989 -0.0 -0.064 -0.133 -0.626 0.0 -0.779 -0.042 -0.98 0.0 0.105 0.166 0.662 0.0 -0.748 -0.047 0.979 0.0 0.058 0.198 
1.0 -0.009 0.006 -0.006 -0.741 -0.0 -0.669 -0.055 -0.983 -0.0 -0.113 -0.143 0.743 -0.0 -0.66 -0.11 0.989 -0.0 -0.064 -0.133 -0.626 0.0 -0.778 -0.042 -0.98 -0.0 0.105 0.166 0.662 0.0 -0.748 -0.047 0.979 -0.0 0.058 0.198 
1.0 -0.009 0.006 -0.006 -0.741 -0.0 -0.669 -0.055 -0.983 -0.0 -0.113 -0.143 0.743 0.0 -0.66 -0.11 0.989 0.0 -0.064 -0.133 -0.626 -0.0 -0.779 -0.042 -0.98 0.0 0.105 0.166 0.662 0.0 -0.748 -0.047 0.979 -0.0 0.058 0.198 
1.0 -0.009 0.006 -0.006 -0.741 0.0 -0.669 -0.055 -0.983 -0.0 -0.113 -0.143 0.743 0.0 -0.66 -0.11 0.989 0.0 -0.064 -0.133 -0.626 -0.0 -0.779 -0.042 -0.98 0.0 0.106 0.166 0.662 0.0 -0.748 -0.046 0.979 0.0 0.058 0.198 
1.0 -0.009 0.006 -0.006 -0.741 -0.0 -0.669 -0.055 -0.983 -0.0 -0.113 -0.144 0.743 0.0 -0.66 -0.111 0.989 0.0 -0.064 -0.133 -0.626 -0.0 -0.779 -0.042 -0.98 -0.0 0.106 0.166 0.662 -0.0 -0.748 -0.047 0.979 0.0 0.058 0.198 
1.0 -0.009 0.006 -0.006 -0.741 -0.0 -0.669 -0.055 -0.983 -0.0 -0.113 -0.143 0.743 0.0 -0.66 -0.11 0.989 -0.0 -0.064 -0.133 -0.626 -0.0 -0.779 -0.042 -0.98 0.0 0.106 0.166 0.662 0.0 -0.748 -0.047 0.979 0.0 0.058 0.198 
1.0 -0.009 0.006 -0.006 -0.741 -0.0 -0.669 -0.055 -0.983 -0.0 -0.113 -0.144 0.743 0.0 -0.66 -0.111 0.989 0.0 -0.064 -0.133 -0.626 0.0 -0.779 -0.042 -0.98 0.0 0.106 0.166 0.662 0.0 -0.748 -0.046 0.979 -0.0 0.058 0.198 
1.0 -0.009 0.006 -0.006 -0.741 -0.0 -0.669 -0.055 -0.983 -0.0 -0.113 -0.143 0.743 0.0 -0.66 -0.111 0.989 0.0 -0.064 -0.133 -0.626 0.0 -0.779 -0.042 -0.981 -0.0 0.106 0.166 0.662 0.0 -0.748 -0.046 0.979 0.0 0.058 0.197 
1.0 -0.009 0.006 -0.006 -0.741 -0.0 -0.669 -0.055 -0.983 0.0 -0.112 -0.143 0.743 0.0 -0.66 -0.111 0.989 0.0 -0.064 -0.133 -0.626 -0.0 -0.779 -0.042 -0.98 -0.0 0.106 0.166 0.662 0.0 -0.748 -0.046 0.979 0.0 0.058 0.198 
1.0 -0.009 0.006 -0.006 -0.741 -0.0 -0.669 -0.055 -0.983 -0.0 -0.113 -0.144 0.743 -0.0 -0.66 -0.111 0.989 0.0 -0.064 -0.133 -0.626 -0.0 -0.779 -0.042 -0.98 -0.0 0.106 0.166 0.662 0.0 -0.748 -0.046 0.979 0.0 0.058 0.198 
1.0 -0.009 0.006 -0.006 -0.741 -0.0 -0.669 -0.055 -0.983 -0.0 -0.113 -0.143 0.743 -0.0 -0.66 -0.111 0.989 0.0 -0.064 -0.133 -0.626 -0.0 -0.778 -0.042 -0.981 -0.0 0.105 0.166 0.662 0.0 -0.748 -0.046 0.979 0.0 0.058 0.197 
1.0 -0.009 0.006 -0.006 -0.741 -0.0 -0.669 -0.055 -0.983 -0.0 -0.113 -0.143 0.743 0.0 -0.66 -0.112 0.989 0.0 -0.064 -0.133 -0.626 -0.0 -0.779 -0.042 -0.981 -0.0 0.105 0.166 0.662 0.0 -0.748 -0.046 0.979 0.0 0.058 0.197 
1.0 -0.009 0.006 -0.006 -0.741 -0.0 -0.669 -0.055 -0.983 -0.0 -0.113 -0.143 0.743 -0.0 -0.66 -0.112 0.989 0.0 -0.064 -0.133 -0.626 -0.0 -0.779 -0.042 -0.981 -0.0 0.106 0.166 0.662 0.0 -0.748 -0.046 0.979 0.0 0.058 0.197 
1.0 -0.009 0.006 -0.006 -0.741 -0.0 -0.669 -0.055 -0.983 -0.0 -0.113 -0.143 0.743 0.0 -0.66 -0.112 0.989 0.0 -0.064 -0.133 -0.626 -0.0 -0.779 -0.041 -0.981 -0.0 0.106 0.165 0.662 0.0 -0.748 -0.046 0.979 0.0 0.059 0.197 
1.0 -0.009 0.006 -0.006 -0.741 -0.0 -0.669 -0.055 -0.983 -0.0 -0.113 -0.143 0.743 0.0 -0.66 -0.112 0.989 -0.0 -0.064 -0.133 -0.626 -0.0 -0.779 -0.042 -0.981 0.0 0.106 0.166 0.662 0.0 -0.748 -0.046 0.979 -0.0 0.058 0.197 
1.0 -0.009 0.006 -0.006 -0.741 0.0 -0.669 -0.055 -0.983 -0.0 -0.113 -0.143 0.743 0.0 -0.66 -0.112 0.989 0.0 -0.064 -0.133 -0.626 0.0 -0.779 -0.041 -0.981 -0.0 0.106 0.166 0.662 0.0 -0.748 -0.046 0.979 0.0 0.059 0.197 
1.0 -0.009 0.006 -0.006 -0.741 -0.0 -0.669 -0.055 -0.983 -0.0 -0.113 -0.143 0.743 0.0 -0.66 -0.112 0.989 0.0 -0.064 -0.133 -0.626 -0.0 -0.779 -0.041 -0.981 -0.0 0.106 0.165 0.662 0.0 -0.748 -0.046 0.979 -0.0 0.059 0.197 
1.0 -0.009 0.006 -0.005 -0.741 -0.0 -0.669 -0.054 -0.983 0.0 -0.113 -0.143 0.743 -0.0 -0.66 -0.112 0.989 0.0 -0.064 -0.133 -0.626 -0.0 -0.779 -0.041 -0.981 -0.0 0.106 0.165 0.662 0.0 -0.748 -0.046 0.979 0.0 0.059 0.197 
1.0 -0.009 0.006 -0.005 -0.741 -0.0 -0.669 -0.055 -0.983 -0.0 -0.113 -0.143 0.743 0.0 -0.66 -0.112 0.989 0.0 -0.064 -0.133 -0.626 -0.0 -0.779 -0.041 -0.981 -0.0 0.106 0.165 0.662 0.0 -0.748 -0.046 0.979 0.0 0.059 0.197 
1.0 -0.009 0.006 -0.005 -0.741 -0.0 -0.669 -0.054 -0.983 -0.0 -0.113 -0.143 0.743 0.0 -0.66 -0.112 0.989 0.0 -0.064 -0.133 -0.626 0.0 -0.779 -0.041 -0.981 -0.0 0.106 0.165 0.662 -0.0 -0.748 -0.046 0.979 0.0 0.059 0.197 
1.0 -0.009 0.006 -0.005 -0.742 -0.0 -0.669 -0.054 -0.983 -0.0 -0.113 -0.143 0.743 0.0 -0.66 -0.113 0.989 -0.0 -0.064 -0.134 -0.626 -0.0 -0.779 -0.041 -0.981 -0.0 0.106 0.165 0.662 -0.0 -0.748 -0.046 0.979 0.0 0.059 0.197 
1.0 -0.009 0.006 -0.005 -0.742 -0.0 -0.669 -0.055 -0.983 -0.0 -0.113 -0.142 0.743 0.0 -0.66 -0.113 0.989 -0.0 -0.064 -0.133 -0.626 -0.0 -0.779 -0.041 -0.981 -0.0 0.106 0.165 0.661 -0.0 -0.749 -0.046 0.979 0.0 0.059 0.197 
1.0 -0.009 0.006 -0.005 -0.742 -0.0 -0.669 -0.055 -0.983 -0.0 -0.113 -0.143 0.743 0.0 -0.66 -0.113 0.989 0.0 -0.064 -0.134 -0.626 -0.0 -0.779 -0.041 -0.981 -0.0 0.106 0.165 0.662 -0.0 -0.748 -0.046 0.979 0.0 0.059 0.197 
1.0 -0.009 0.006 -0.005 -0.742 -0.0 -0.669 -0.054 -0.983 0.0 -0.113 -0.143 0.743 0.0 -0.66 -0.113 0.989 0.0 -0.064 -0.133 -0.626 -0.0 -0.779 -0.041 -0.981 -0.0 0.106 0.165 0.662 0.0 -0.749 -0.046 0.979 0.0 0.059 0.197 
1.0 -0.009 0.006 -0.006 -0.742 -0.0 -0.669 -0.054 -0.983 -0.0 -0.113 -0.143 0.743 0.0 -0.66 -0.113 0.989 0.0 -0.064 -0.133 -0.626 -0.0 -0.779 -0.041 -0.981 0.0 0.106 0.165 0.662 0.0 -0.748 -0.045 0.979 0.0 0.059 0.197 
1.0 -0.009 0.006 -0.006 -0.742 -0.0 -0.669 -0.055 -0.983 -0.0 -0.113 -0.143 0.743 -0.0 -0.66 -0.113 0.989 0.0 -0.064 -0.133 -0.626 -0.0 -0.779 -0.04 -0.981 -0.0 0.106 0.165 0.661 0.0 -0.749 -0.045 0.979 0.0 0.059 0.197 
1.0 -0.009 0.006 -0.005 -0.742 -0.0 -0.669 -0.054 -0.983 -0.0 -0.113 -0.143 0.743 0.0 -0.66 -0.113 0.989 0.0 -0.064 -0.133 -0.626 -0.0 -0.779 -0.04 -0.981 0.0 0.106 0.165 0.662 0.0 -0.748 -0.045 0.979 0.0 0.059 0.197 
1.0 -0.009 0.006 -0.006 -0.742 -0.0 -0.669 -0.055 -0.983 -0.0 -0.113 -0.143 0.743 0.0 -0.66 -0.113 0.989 0.0 -0.064 -0.133 -0.626 -0.0 -0.779 -0.04 -0.981 0.0 0.106 0.165 0.662 -0.0 -0.749 -0.045 0.979 -0.0 0.059 0.197 
1.0 -0.009 0.006 -0.006 -0.742 -0.0 -0.668 -0.055 -0.983 -0.0 -0.113 -0.143 0.743 0.0 -0.66 -0.113 0.989 0.0 -0.065 -0.134 -0.626 -0.0 -0.779 -0.041 -0.981 -0.0 0.106 0.165 0.661 0.0 -0.749 -0.045 0.979 0.0 0.059 0.197 
1.0 -0.009 0.006 -0.006 -0.742 -0.0 -0.668 -0.055 -0.983 -0.0 -0.113 -0.142 0.742 -0.0 -0.66 -0.114 0.989 0.0 -0.063 -0.133 -0.626 -0.0 -0.779 -0.04 -0.981 -0.0 0.106 0.165 0.662 0.0 -0.749 -0.045 0.979 0.0 0.059 0.197 
1.0 -0.009 0.006 -0.006 -0.742 0.0 -0.668 -0.055 -0.983 -0.0 -0.113 -0.142 0.742 0.0 -0.66 -0.114 0.989 0.0 -0.063 -0.133 -0.626 -0.0 -0.779 -0.04 -0.981 -0.0 0.106 0.165 0.662 0.0 -0.749 -0.045 0.979 0.0 0.059 0.197 
1.0 -0.009 0.006 -0.005 -0.742 -0.0 -0.668 -0.055 -0.983 -0.0 -0.113 -0.142 0.743 0.0 -0.66 -0.114 0.989 0.0 -0.064 -0.133 -0.626 -0.0 -0.779 -0.04 -0.981 -0.0 0.106 0.165 0.662 0.0 -0.749 -0.045 0.979 -0.0 0.059 0.197 
1.0 -0.009 0.006 -0.005 -0.742 -0.0 -0.668 -0.056 -0.983 -0.0 -0.113 -0.142 0.742 0.0 -0.66 -0.114 0.989 0.0 -0.063 -0.133 -0.626 0.0 -0.779 -0.04 -0.981 -0.0 0.106 0.165 0.662 -0.0 -0.749 -0.045 0.979 -0.0 0.059 0.197 
1.0 -0.009 0.006 -0.005 -0.742 -0.0 -0.668 -0.056 -0.983 -0.0 -0.113 -0.142 0.743 -0.0 -0.66 -0.113 0.989 0.0 -0.064 -0.134 -0.626 -0.0 -0.779 -0.04 -0.981 -0.0 0.106 0.165 0.662 0.0 -0.749 -0.045 0.979 0.0 0.059 0.196 
1.0 -0.009 0.006 -0.005 -0.742 -0.0 -0.668 -0.055 -0.983 -0.0 -0.113 -0.143 0.742 -0.0 -0.66 -0.114 0.989 0.0 -0.063 -0.133 -0.626 -0.0 -0.779 -0.04 -0.981 0.0 0.106 0.165 0.661 0.0 -0.749 -0.045 0.979 -0.0 0.059 0.197 
1.0 -0.009 0.006 -0.005 -0.742 -0.0 -0.668 -0.056 -0.983 -0.0 -0.113 -0.142 0.742 0.0 -0.66 -0.114 0.989 -0.0 -0.063 -0.133 -0.626 -0.0 -0.779 -0.04 -0.981 -0.0 0.106 0.165 0.662 0.0 -0.749 -0.045 0.979 0.0 0.059 0.196 
1.0 -0.009 0.006 -0.005 -0.742 -0.0 -0.668 -0.056 -0.983 0.0 -0.113 -0.143 0.742 0.0 -0.66 -0.114 0.989 -0.0 -0.064 -0.133 -0.626 -0.0 -0.779 -0.04 -0.981 -0.0 0.106 0.165 0.661 0.0 -0.749 -0.045 0.979 0.0 0.059 0.196 
1.0 -0.009 0.006 -0.005 -0.742 -0.0 -0.668 -0.056 -0.983 -0.0 -0.113 -0.143 0.743 0.0 -0.66 -0.113 0.989 -0.0 -0.065 -0.134 -0.626 -0.0 -0.779 -0.04 -0.981 -0.0 0.106 0.165 0.661 0.0 -0.749 -0.045 0.979 -0.0 0.059 0.196 
1.0 -0.009 0.006 -0.005 -0.742 -0.0 -0.668 -0.056 -0.983 -0.0 -0.113 -0.143 0.743 -0.0 -0.66 -0.113 0.989 0.0 -0.064 -0.134 -0.626 -0.0 -0.779 -0.04 -0.981 -0.0 0.106 0.165 0.661 0.0 -0.749 -0.045 0.979 0.0 0.059 0.196 
1.0 -0.009 0.006 -0.005 -0.742 -0.0 -0.668 -0.056 -0.983 0.0 -0.113 -0.143 0.742 0.0 -0.66 -0.114 0.989 0.0 -0.063 -0.133 -0.626 -0.0 -0.779 -0.04 -0.981 -0.0 0.106 0.165 0.661 0.0 -0.749 -0.045 0.979 0.0 0.059 0.196 
