# T   LUA LFA RUA RFA LT  LS  RT  RS  
0.997 -0.048 0.053 0.02 -0.771 -0.0 -0.636 0.022 -0.987 -0.0 -0.059 -0.148 0.793 -0.0 -0.347 -0.501 0.37 -0.0 0.477 -0.797 -0.698 -0.0 -0.702 0.138 -0.997 -0.0 0.073 0.034 0.625 0.0 -0.777 0.068 0.989 0.0 0.081 0.121 
0.997 -0.048 0.053 0.021 -0.771 -0.0 -0.636 0.021 -0.988 -0.0 -0.058 -0.146 0.792 0.0 -0.346 -0.503 0.371 0.0 0.469 -0.802 -0.699 -0.0 -0.702 0.138 -0.997 -0.0 0.073 0.035 0.625 0.0 -0.777 0.068 0.989 0.0 0.081 0.121 
0.997 -0.048 0.053 0.021 -0.771 -0.0 -0.637 0.02 -0.988 -0.0 -0.059 -0.145 0.792 -0.0 -0.345 -0.503 0.372 0.0 0.461 -0.806 -0.698 -0.0 -0.702 0.139 -0.997 0.0 0.073 0.034 0.625 0.0 -0.777 0.068 0.989 0.0 0.081 0.121 
0.997 -0.048 0.053 0.021 -0.771 -0.0 -0.637 0.02 -0.988 -0.0 -0.056 -0.144 0.792 0.0 -0.345 -0.503 0.374 0.0 0.454 -0.809 -0.698 0.0 -0.702 0.139 -0.997 -0.0 0.073 0.034 0.625 -0.0 -0.777 0.067 0.989 0.0 0.081 0.122 
0.997 -0.047 0.053 0.021 -0.77 -0.0 -0.638 0.02 -0.988 -0.0 -0.054 -0.144 0.793 0.0 -0.346 -0.502 0.374 0.0 0.45 -0.811 -0.698 -0.0 -0.702 0.138 -0.997 0.0 0.073 0.034 0.626 0.0 -0.777 0.067 0.989 0.0 0.081 0.122 
0.997 -0.047 0.053 0.021 -0.769 -0.0 -0.638 0.02 -0.988 -0.0 -0.054 -0.144 0.793 -0.0 -0.347 -0.501 0.375 0.0 0.447 -0.812 -0.698 -0.0 -0.702 0.138 -0.997 0.0 0.073 0.034 0.625 0.0 -0.777 0.067 0.989 0.0 0.081 0.122 
0.997 -0.048 0.054 0.02 -0.77 -0.0 -0.638 0.018 -0.988 -0.0 -0.054 -0.143 0.793 0.0 -0.348 -0.499 0.375 0.0 0.446 -0.813 -0.698 -0.0 -0.702 0.138 -0.997 -0.0 0.073 0.034 0.625 0.0 -0.777 0.067 0.989 0.0 0.081 0.122 
0.997 -0.048 0.053 0.02 -0.769 -0.0 -0.639 0.019 -0.988 -0.0 -0.053 -0.143 0.794 0.0 -0.35 -0.497 0.375 0.0 0.446 -0.813 -0.698 -0.0 -0.702 0.138 -0.997 -0.0 0.074 0.035 0.625 0.0 -0.777 0.067 0.989 -0.0 0.081 0.122 
0.997 -0.048 0.053 0.019 -0.769 0.0 -0.638 0.018 -0.988 -0.0 -0.054 -0.143 0.795 0.0 -0.352 -0.494 0.374 -0.0 0.447 -0.812 -0.698 -0.0 -0.702 0.138 -0.997 0.0 0.074 0.034 0.625 0.0 -0.777 0.067 0.989 0.0 0.081 0.122 
0.997 -0.048 0.053 0.019 -0.769 -0.0 -0.639 0.018 -0.988 -0.0 -0.053 -0.143 0.797 0.0 -0.354 -0.489 0.372 0.0 0.449 -0.812 -0.698 -0.0 -0.702 0.138 -0.997 -0.0 0.074 0.034 0.625 0.0 -0.777 0.067 0.989 0.0 0.081 0.122 
0.997 -0.048 0.053 0.018 -0.769 -0.0 -0.639 0.017 -0.988 -0.0 -0.053 -0.144 0.798 -0.0 -0.357 -0.486 0.371 0.0 0.456 -0.809 -0.698 -0.0 -0.702 0.138 -0.997 -0.0 0.074 0.034 0.626 -0.0 -0.777 0.068 0.989 0.0 0.079 0.122 
0.997 -0.048 0.053 0.017 -0.769 0.0 -0.639 0.017 -0.988 -0.0 -0.054 -0.144 0.799 0.0 -0.36 -0.482 0.37 0.0 0.462 -0.806 -0.698 -0.0 -0.702 0.138 -0.997 -0.0 0.074 0.034 0.626 0.0 -0.777 0.068 0.989 0.0 0.08 0.123 
0.997 -0.048 0.053 0.016 -0.768 0.0 -0.64 0.017 -0.988 -0.0 -0.053 -0.146 0.801 -0.0 -0.363 -0.477 0.368 0.0 0.47 -0.802 -0.698 -0.0 -0.702 0.138 -0.997 -0.0 0.074 0.035 0.626 0.0 -0.777 0.068 0.989 0.0 0.08 0.123 
0.997 -0.049 0.053 0.015 -0.768 -0.0 -0.64 0.018 -0.988 -0.0 -0.054 -0.148 0.802 0.0 -0.366 -0.471 0.367 0.0 0.477 -0.798 -0.699 -0.0 -0.702 0.138 -0.997 -0.0 0.074 0.035 0.626 0.0 -0.777 0.068 0.989 0.0 0.08 0.123 
0.997 -0.049 0.052 0.014 -0.768 -0.0 -0.64 0.017 -0.987 0.0 -0.055 -0.149 0.804 0.0 -0.369 -0.466 0.365 0.0 0.486 -0.794 -0.697 -0.0 -0.703 0.137 -0.997 -0.0 0.075 0.035 0.626 0.0 -0.777 0.068 0.989 0.0 0.08 0.123 
0.997 -0.049 0.052 0.013 -0.768 -0.0 -0.64 0.017 -0.987 -0.0 -0.056 -0.15 0.806 0.0 -0.373 -0.46 0.364 -0.0 0.495 -0.789 -0.697 -0.0 -0.703 0.137 -0.997 -0.0 0.075 0.035 0.626 0.0 -0.777 0.069 0.989 -0.0 0.08 0.123 
0.997 -0.05 0.052 0.013 -0.768 -0.0 -0.64 0.017 -0.987 -0.0 -0.057 -0.151 0.807 0.0 -0.377 -0.454 0.362 0.0 0.504 -0.784 -0.698 0.0 -0.703 0.138 -0.997 -0.0 0.075 0.034 0.626 0.0 -0.776 0.07 0.989 0.0 0.079 0.123 
0.997 -0.05 0.052 0.012 -0.768 -0.0 -0.64 0.017 -0.987 -0.0 -0.058 -0.153 0.809 0.0 -0.38 -0.449 0.361 0.0 0.513 -0.779 -0.698 0.0 -0.703 0.138 -0.997 -0.0 0.075 0.034 0.626 -0.0 -0.776 0.071 0.989 0.0 0.079 0.123 
0.997 -0.05 0.052 0.01 -0.768 0.0 -0.64 0.017 -0.986 0.0 -0.059 -0.154 0.81 0.0 -0.384 -0.443 0.359 0.0 0.522 -0.774 -0.698 -0.0 -0.703 0.136 -0.997 -0.0 0.075 0.035 0.626 0.0 -0.776 0.07 0.989 0.0 0.079 0.124 
0.997 -0.05 0.052 0.01 -0.769 0.0 -0.64 0.019 -0.986 -0.0 -0.06 -0.157 0.811 -0.0 -0.389 -0.438 0.358 0.0 0.529 -0.77 -0.698 -0.0 -0.703 0.139 -0.997 0.0 0.075 0.034 0.626 -0.0 -0.776 0.072 0.989 0.0 0.079 0.123 
0.997 -0.051 0.052 0.009 -0.769 0.0 -0.639 0.019 -0.985 0.0 -0.062 -0.159 0.812 0.0 -0.392 -0.432 0.357 0.0 0.54 -0.762 -0.698 -0.0 -0.703 0.139 -0.997 -0.0 0.075 0.033 0.626 0.0 -0.776 0.072 0.989 -0.0 0.079 0.123 
0.997 -0.051 0.052 0.008 -0.769 -0.0 -0.639 0.02 -0.985 0.0 -0.063 -0.161 0.813 -0.0 -0.395 -0.428 0.356 0.0 0.549 -0.756 -0.698 0.0 -0.703 0.139 -0.997 -0.0 0.075 0.033 0.627 -0.0 -0.776 0.072 0.989 0.0 0.079 0.123 
0.997 -0.051 0.052 0.008 -0.769 -0.0 -0.639 0.022 -0.984 -0.0 -0.065 -0.164 0.814 0.0 -0.398 -0.424 0.355 0.0 0.558 -0.75 -0.697 -0.0 -0.703 0.14 -0.997 -0.0 0.075 0.033 0.627 0.0 -0.776 0.073 0.989 0.0 0.079 0.123 
0.997 -0.051 0.052 0.007 -0.77 -0.0 -0.638 0.023 -0.984 -0.0 -0.067 -0.166 0.814 0.0 -0.401 -0.421 0.354 0.0 0.566 -0.745 -0.698 -0.0 -0.703 0.14 -0.997 0.0 0.075 0.032 0.627 -0.0 -0.776 0.073 0.989 0.0 0.079 0.124 
0.997 -0.052 0.052 0.007 -0.77 0.0 -0.638 0.024 -0.983 -0.0 -0.069 -0.168 0.814 0.0 -0.403 -0.418 0.353 0.0 0.573 -0.74 -0.697 -0.0 -0.703 0.141 -0.997 -0.0 0.075 0.032 0.627 0.0 -0.776 0.074 0.989 0.0 0.079 0.123 
0.997 -0.052 0.052 0.006 -0.77 -0.0 -0.637 0.025 -0.983 -0.0 -0.07 -0.17 0.815 -0.0 -0.404 -0.416 0.353 0.0 0.579 -0.735 -0.698 -0.0 -0.703 0.141 -0.997 -0.0 0.075 0.032 0.627 0.0 -0.776 0.074 0.989 0.0 0.079 0.124 
0.997 -0.052 0.052 0.006 -0.77 -0.0 -0.637 0.026 -0.983 -0.0 -0.072 -0.172 0.815 0.0 -0.404 -0.416 0.352 0.0 0.586 -0.73 -0.698 -0.0 -0.703 0.141 -0.997 -0.0 0.075 0.031 0.627 -0.0 -0.776 0.074 0.989 0.0 0.079 0.124 
0.997 -0.052 0.052 0.007 -0.771 -0.0 -0.637 0.027 -0.982 -0.0 -0.073 -0.173 0.815 0.0 -0.404 -0.416 0.352 -0.0 0.589 -0.727 -0.697 -0.0 -0.703 0.141 -0.997 -0.0 0.075 0.031 0.627 0.0 -0.776 0.073 0.989 0.0 0.079 0.124 
0.997 -0.052 0.052 0.007 -0.771 -0.0 -0.636 0.029 -0.982 -0.0 -0.075 -0.174 0.814 0.0 -0.403 -0.418 0.354 0.0 0.589 -0.726 -0.698 -0.0 -0.703 0.141 -0.997 -0.0 0.075 0.031 0.627 0.0 -0.776 0.073 0.989 0.0 0.079 0.124 
0.997 -0.052 0.052 0.007 -0.771 -0.0 -0.636 0.03 -0.982 -0.0 -0.078 -0.175 0.813 0.0 -0.402 -0.42 0.354 0.0 0.591 -0.725 -0.697 -0.0 -0.702 0.142 -0.997 -0.0 0.075 0.031 0.627 -0.0 -0.776 0.073 0.989 0.0 0.079 0.124 
0.997 -0.052 0.052 0.008 -0.772 -0.0 -0.635 0.031 -0.981 -0.0 -0.079 -0.175 0.812 -0.0 -0.401 -0.424 0.355 0.0 0.587 -0.727 -0.697 -0.0 -0.703 0.141 -0.997 -0.0 0.075 0.031 0.627 0.0 -0.776 0.072 0.989 0.0 0.079 0.125 
0.997 -0.052 0.052 0.009 -0.772 -0.0 -0.635 0.032 -0.981 -0.0 -0.078 -0.176 0.811 0.0 -0.399 -0.427 0.357 0.0 0.582 -0.73 -0.697 -0.0 -0.702 0.142 -0.997 -0.0 0.075 0.03 0.627 -0.0 -0.776 0.072 0.989 0.0 0.079 0.125 
0.997 -0.051 0.052 0.01 -0.772 0.0 -0.634 0.032 -0.981 -0.0 -0.079 -0.176 0.811 0.0 -0.396 -0.431 0.358 0.0 0.579 -0.732 -0.697 -0.0 -0.703 0.142 -0.997 -0.0 0.074 0.03 0.627 -0.0 -0.776 0.071 0.989 0.0 0.079 0.125 
0.997 -0.051 0.052 0.01 -0.773 -0.0 -0.634 0.032 -0.981 -0.0 -0.079 -0.175 0.81 0.0 -0.393 -0.436 0.36 -0.0 0.572 -0.737 -0.697 0.0 -0.703 0.142 -0.997 -0.0 0.075 0.03 0.627 0.0 -0.776 0.07 0.989 0.0 0.079 0.125 
0.997 -0.051 0.052 0.012 -0.773 -0.0 -0.634 0.033 -0.981 -0.0 -0.079 -0.175 0.809 0.0 -0.389 -0.441 0.363 0.0 0.565 -0.741 -0.697 -0.0 -0.703 0.142 -0.997 -0.0 0.074 0.029 0.627 0.0 -0.776 0.07 0.989 -0.0 0.079 0.125 
0.997 -0.051 0.052 0.013 -0.773 -0.0 -0.634 0.033 -0.981 -0.0 -0.079 -0.175 0.808 -0.0 -0.385 -0.446 0.365 0.0 0.555 -0.748 -0.697 -0.0 -0.703 0.143 -0.997 -0.0 0.074 0.029 0.627 -0.0 -0.776 0.069 0.989 -0.0 0.078 0.125 
0.997 -0.051 0.053 0.015 -0.773 -0.0 -0.634 0.033 -0.982 -0.0 -0.079 -0.173 0.806 0.0 -0.382 -0.452 0.368 0.0 0.544 -0.754 -0.697 -0.0 -0.703 0.143 -0.997 -0.0 0.074 0.029 0.626 0.0 -0.776 0.068 0.989 0.0 0.08 0.126 
0.997 -0.051 0.053 0.016 -0.773 -0.0 -0.634 0.032 -0.982 -0.0 -0.078 -0.172 0.805 0.0 -0.378 -0.457 0.371 0.0 0.531 -0.761 -0.697 -0.0 -0.702 0.143 -0.997 0.0 0.074 0.029 0.626 0.0 -0.777 0.067 0.989 0.0 0.08 0.126 
0.997 -0.05 0.053 0.018 -0.773 -0.0 -0.634 0.032 -0.983 -0.0 -0.077 -0.17 0.804 0.0 -0.374 -0.463 0.374 -0.0 0.52 -0.768 -0.697 -0.0 -0.702 0.143 -0.997 -0.0 0.074 0.029 0.626 0.0 -0.777 0.067 0.989 0.0 0.08 0.126 
0.997 -0.05 0.054 0.019 -0.773 -0.0 -0.633 0.03 -0.983 -0.0 -0.076 -0.167 0.802 0.0 -0.37 -0.468 0.378 0.0 0.51 -0.773 -0.698 -0.0 -0.702 0.144 -0.997 -0.0 0.073 0.029 0.626 -0.0 -0.777 0.066 0.989 0.0 0.08 0.126 
0.997 -0.05 0.054 0.02 -0.773 -0.0 -0.633 0.029 -0.983 -0.0 -0.075 -0.165 0.801 -0.0 -0.366 -0.473 0.381 0.0 0.498 -0.779 -0.698 -0.0 -0.702 0.144 -0.997 -0.0 0.073 0.029 0.626 0.0 -0.777 0.066 0.989 0.0 0.08 0.126 
0.997 -0.05 0.054 0.022 -0.773 -0.0 -0.633 0.028 -0.984 -0.0 -0.074 -0.163 0.8 0.0 -0.362 -0.478 0.385 0.0 0.484 -0.786 -0.698 -0.0 -0.701 0.144 -0.997 -0.0 0.073 0.029 0.626 -0.0 -0.777 0.065 0.989 -0.0 0.08 0.126 
0.997 -0.05 0.054 0.023 -0.773 -0.0 -0.634 0.027 -0.984 0.0 -0.071 -0.161 0.799 0.0 -0.358 -0.483 0.389 0.0 0.474 -0.79 -0.698 -0.0 -0.701 0.144 -0.997 -0.0 0.073 0.029 0.626 0.0 -0.778 0.064 0.989 0.0 0.081 0.126 
0.997 -0.05 0.055 0.024 -0.773 -0.0 -0.634 0.025 -0.985 -0.0 -0.07 -0.159 0.798 0.0 -0.354 -0.487 0.392 -0.0 0.462 -0.796 -0.698 -0.0 -0.702 0.144 -0.997 -0.0 0.073 0.028 0.626 0.0 -0.778 0.063 0.989 0.0 0.081 0.126 
0.997 -0.05 0.055 0.026 -0.773 -0.0 -0.635 0.024 -0.985 -0.0 -0.069 -0.157 0.798 0.0 -0.35 -0.491 0.395 -0.0 0.451 -0.8 -0.698 -0.0 -0.702 0.144 -0.997 -0.0 0.073 0.028 0.626 0.0 -0.778 0.063 0.989 0.0 0.081 0.126 
0.997 -0.05 0.055 0.027 -0.772 -0.0 -0.635 0.023 -0.985 0.0 -0.068 -0.156 0.797 0.0 -0.347 -0.494 0.397 0.0 0.442 -0.804 -0.698 -0.0 -0.701 0.145 -0.997 -0.0 0.073 0.029 0.625 0.0 -0.778 0.063 0.989 -0.0 0.081 0.126 
0.997 -0.05 0.055 0.027 -0.772 -0.0 -0.635 0.022 -0.986 -0.0 -0.066 -0.154 0.797 0.0 -0.344 -0.497 0.4 0.0 0.434 -0.807 -0.698 -0.0 -0.701 0.145 -0.997 -0.0 0.073 0.029 0.625 0.0 -0.778 0.063 0.989 0.0 0.081 0.126 
0.997 -0.05 0.055 0.028 -0.772 -0.0 -0.635 0.02 -0.986 0.0 -0.065 -0.153 0.796 0.0 -0.341 -0.499 0.402 0.0 0.427 -0.81 -0.698 -0.0 -0.701 0.145 -0.997 -0.0 0.073 0.029 0.625 0.0 -0.778 0.062 0.989 0.0 0.081 0.126 
0.997 -0.05 0.055 0.029 -0.772 0.0 -0.635 0.019 -0.986 -0.0 -0.064 -0.152 0.796 -0.0 -0.339 -0.501 0.404 0.0 0.419 -0.813 -0.698 -0.0 -0.701 0.145 -0.997 -0.0 0.072 0.028 0.625 0.0 -0.778 0.062 0.989 0.0 0.081 0.126 
0.997 -0.05 0.055 0.029 -0.772 -0.0 -0.636 0.019 -0.987 -0.0 -0.063 -0.15 0.796 0.0 -0.337 -0.502 0.405 0.0 0.414 -0.815 -0.698 0.0 -0.701 0.146 -0.997 -0.0 0.072 0.028 0.625 0.0 -0.778 0.062 0.989 -0.0 0.081 0.126 
0.997 -0.05 0.055 0.03 -0.772 0.0 -0.636 0.018 -0.987 -0.0 -0.062 -0.15 0.797 0.0 -0.335 -0.503 0.406 0.0 0.411 -0.817 -0.698 0.0 -0.701 0.146 -0.997 -0.0 0.073 0.028 0.625 0.0 -0.778 0.062 0.989 0.0 0.081 0.126 
0.997 -0.05 0.055 0.03 -0.771 -0.0 -0.636 0.016 -0.987 -0.0 -0.062 -0.148 0.797 0.0 -0.334 -0.503 0.405 -0.0 0.409 -0.817 -0.698 0.0 -0.701 0.146 -0.997 -0.0 0.073 0.028 0.625 0.0 -0.778 0.061 0.989 0.0 0.081 0.126 
0.997 -0.05 0.055 0.03 -0.771 -0.0 -0.636 0.016 -0.987 -0.0 -0.06 -0.148 0.798 0.0 -0.333 -0.502 0.405 0.0 0.41 -0.817 -0.698 0.0 -0.701 0.145 -0.997 -0.0 0.073 0.028 0.625 0.0 -0.778 0.061 0.989 0.0 0.081 0.127 
0.997 -0.05 0.055 0.03 -0.771 0.0 -0.637 0.015 -0.987 -0.0 -0.059 -0.148 0.799 0.0 -0.333 -0.501 0.403 -0.0 0.412 -0.817 -0.698 0.0 -0.702 0.145 -0.997 -0.0 0.073 0.028 0.625 0.0 -0.778 0.061 0.989 0.0 0.081 0.127 
0.997 -0.05 0.055 0.029 -0.771 -0.0 -0.637 0.015 -0.987 -0.0 -0.058 -0.149 0.8 0.0 -0.334 -0.499 0.401 0.0 0.416 -0.816 -0.698 -0.0 -0.702 0.145 -0.997 -0.0 0.073 0.028 0.625 -0.0 -0.778 0.061 0.989 0.0 0.081 0.127 
0.997 -0.05 0.055 0.029 -0.77 -0.0 -0.637 0.014 -0.987 0.0 -0.058 -0.149 0.801 0.0 -0.335 -0.496 0.399 -0.0 0.42 -0.815 -0.698 -0.0 -0.701 0.145 -0.997 -0.0 0.073 0.028 0.625 0.0 -0.778 0.061 0.989 0.0 0.081 0.127 
0.997 -0.05 0.055 0.029 -0.77 -0.0 -0.638 0.014 -0.987 -0.0 -0.058 -0.149 0.802 0.0 -0.336 -0.493 0.396 0.0 0.427 -0.813 -0.698 -0.0 -0.701 0.145 -0.997 -0.0 0.073 0.029 0.625 0.0 -0.778 0.061 0.989 -0.0 0.081 0.127 
0.997 -0.05 0.055 0.028 -0.77 0.0 -0.638 0.014 -0.987 -0.0 -0.057 -0.15 0.804 0.0 -0.338 -0.49 0.393 0.0 0.433 -0.811 -0.698 -0.0 -0.701 0.145 -0.997 -0.0 0.073 0.028 0.625 0.0 -0.778 0.062 0.989 0.0 0.081 0.127 
0.997 -0.05 0.055 0.028 -0.77 -0.0 -0.638 0.014 -0.987 -0.0 -0.058 -0.151 0.806 0.0 -0.34 -0.485 0.39 0.0 0.44 -0.809 -0.698 -0.0 -0.702 0.145 -0.997 -0.0 0.073 0.029 0.625 0.0 -0.778 0.062 0.989 -0.0 0.081 0.126 
0.997 -0.05 0.055 0.027 -0.77 -0.0 -0.638 0.015 -0.987 -0.0 -0.058 -0.153 0.807 0.0 -0.343 -0.481 0.387 0.0 0.448 -0.806 -0.698 0.0 -0.702 0.145 -0.997 -0.0 0.073 0.029 0.625 0.0 -0.778 0.062 0.989 0.0 0.081 0.127 
0.997 -0.051 0.055 0.026 -0.77 -0.0 -0.638 0.015 -0.986 -0.0 -0.058 -0.154 0.809 0.0 -0.346 -0.476 0.385 0.0 0.455 -0.803 -0.698 -0.0 -0.701 0.145 -0.997 -0.0 0.073 0.029 0.625 -0.0 -0.778 0.063 0.989 0.0 0.081 0.126 
0.997 -0.051 0.055 0.026 -0.769 -0.0 -0.639 0.015 -0.986 -0.0 -0.059 -0.155 0.81 0.0 -0.349 -0.47 0.381 0.0 0.465 -0.799 -0.698 -0.0 -0.701 0.145 -0.997 -0.0 0.073 0.029 0.625 -0.0 -0.778 0.063 0.989 -0.0 0.081 0.126 
0.997 -0.051 0.055 0.025 -0.769 -0.0 -0.639 0.015 -0.986 -0.0 -0.059 -0.156 0.812 0.0 -0.352 -0.465 0.378 0.0 0.474 -0.796 -0.698 -0.0 -0.702 0.144 -0.997 -0.0 0.073 0.029 0.625 0.0 -0.778 0.063 0.989 0.0 0.081 0.127 
0.997 -0.05 0.055 0.022 -0.769 -0.0 -0.639 0.015 -0.986 0.0 -0.061 -0.158 0.815 0.0 -0.355 -0.459 0.375 0.0 0.484 -0.791 -0.698 0.0 -0.702 0.141 -0.997 -0.0 0.073 0.031 0.625 -0.0 -0.778 0.063 0.989 0.0 0.08 0.127 
0.997 -0.051 0.055 0.024 -0.769 -0.0 -0.639 0.017 -0.985 -0.0 -0.061 -0.159 0.815 0.0 -0.359 -0.454 0.372 0.0 0.49 -0.788 -0.698 0.0 -0.701 0.144 -0.997 -0.0 0.073 0.029 0.626 0.0 -0.778 0.064 0.989 0.0 0.081 0.126 
0.997 -0.052 0.055 0.023 -0.769 -0.0 -0.638 0.017 -0.985 -0.0 -0.062 -0.161 0.817 0.0 -0.363 -0.449 0.369 -0.0 0.498 -0.785 -0.698 -0.0 -0.701 0.144 -0.997 -0.0 0.074 0.03 0.625 0.0 -0.778 0.065 0.989 0.0 0.081 0.126 
0.997 -0.052 0.055 0.022 -0.77 0.0 -0.638 0.018 -0.985 -0.0 -0.063 -0.163 0.818 0.0 -0.366 -0.443 0.366 0.0 0.507 -0.781 -0.698 0.0 -0.701 0.145 -0.997 -0.0 0.073 0.029 0.625 0.0 -0.778 0.065 0.989 0.0 0.081 0.126 
0.997 -0.052 0.054 0.022 -0.77 -0.0 -0.638 0.019 -0.984 -0.0 -0.065 -0.165 0.819 0.0 -0.37 -0.439 0.363 -0.0 0.512 -0.778 -0.698 -0.0 -0.701 0.145 -0.997 -0.0 0.073 0.029 0.625 0.0 -0.777 0.066 0.989 0.0 0.081 0.126 
0.997 -0.053 0.054 0.021 -0.771 0.0 -0.637 0.019 -0.984 -0.0 -0.068 -0.165 0.82 0.0 -0.373 -0.434 0.361 0.0 0.521 -0.774 -0.698 -0.0 -0.701 0.145 -0.997 -0.0 0.073 0.029 0.625 0.0 -0.777 0.067 0.989 0.0 0.081 0.126 
0.997 -0.053 0.054 0.021 -0.771 -0.0 -0.637 0.019 -0.984 -0.0 -0.069 -0.167 0.821 -0.0 -0.377 -0.43 0.358 0.0 0.529 -0.77 -0.698 -0.0 -0.701 0.146 -0.997 -0.0 0.074 0.029 0.625 -0.0 -0.777 0.067 0.989 0.0 0.081 0.126 
0.997 -0.053 0.054 0.02 -0.771 -0.0 -0.636 0.021 -0.983 0.0 -0.071 -0.169 0.821 0.0 -0.38 -0.427 0.356 0.0 0.535 -0.766 -0.698 -0.0 -0.701 0.146 -0.997 -0.0 0.073 0.029 0.625 0.0 -0.777 0.068 0.989 0.0 0.081 0.126 
0.997 -0.053 0.054 0.02 -0.772 -0.0 -0.636 0.022 -0.983 -0.0 -0.072 -0.17 0.821 0.0 -0.382 -0.424 0.354 0.0 0.541 -0.763 -0.698 -0.0 -0.701 0.146 -0.997 -0.0 0.073 0.029 0.625 -0.0 -0.777 0.068 0.989 0.0 0.081 0.126 
0.997 -0.053 0.054 0.02 -0.772 -0.0 -0.635 0.023 -0.982 -0.0 -0.074 -0.172 0.821 0.0 -0.384 -0.422 0.352 -0.0 0.548 -0.759 -0.698 -0.0 -0.701 0.146 -0.997 -0.0 0.073 0.029 0.626 -0.0 -0.777 0.068 0.989 0.0 0.081 0.127 
0.997 -0.053 0.054 0.02 -0.772 0.0 -0.635 0.024 -0.982 0.0 -0.076 -0.173 0.821 0.0 -0.385 -0.422 0.35 0.0 0.554 -0.756 -0.698 0.0 -0.701 0.146 -0.997 -0.0 0.073 0.029 0.625 0.0 -0.777 0.068 0.989 -0.0 0.081 0.127 
0.997 -0.054 0.054 0.02 -0.772 -0.0 -0.635 0.025 -0.982 -0.0 -0.077 -0.174 0.821 0.0 -0.385 -0.422 0.349 0.0 0.557 -0.754 -0.698 0.0 -0.701 0.147 -0.997 -0.0 0.073 0.029 0.625 0.0 -0.777 0.068 0.989 0.0 0.081 0.127 
0.997 -0.054 0.054 0.02 -0.773 -0.0 -0.634 0.027 -0.982 -0.0 -0.078 -0.175 0.82 0.0 -0.385 -0.423 0.348 0.0 0.56 -0.752 -0.698 0.0 -0.701 0.147 -0.997 -0.0 0.073 0.029 0.626 0.0 -0.777 0.068 0.989 -0.0 0.081 0.127 
0.997 -0.053 0.054 0.021 -0.772 -0.0 -0.635 0.029 -0.981 -0.0 -0.078 -0.176 0.82 0.0 -0.384 -0.425 0.348 -0.0 0.561 -0.751 -0.697 -0.0 -0.702 0.147 -0.997 -0.0 0.074 0.028 0.626 -0.0 -0.777 0.067 0.989 0.0 0.081 0.127 
0.997 -0.053 0.054 0.021 -0.772 -0.0 -0.635 0.03 -0.981 -0.0 -0.079 -0.176 0.819 0.0 -0.383 -0.428 0.348 0.0 0.561 -0.751 -0.697 0.0 -0.702 0.146 -0.997 0.0 0.074 0.029 0.626 -0.0 -0.777 0.067 0.989 0.0 0.081 0.127 
0.997 -0.053 0.054 0.022 -0.772 -0.0 -0.635 0.031 -0.981 -0.0 -0.08 -0.176 0.818 0.0 -0.381 -0.431 0.348 0.0 0.558 -0.753 -0.698 -0.0 -0.701 0.147 -0.997 -0.0 0.073 0.029 0.625 0.0 -0.778 0.067 0.989 -0.0 0.081 0.128 
0.997 -0.053 0.055 0.023 -0.773 0.0 -0.634 0.032 -0.981 -0.0 -0.08 -0.176 0.816 0.0 -0.379 -0.436 0.35 0.0 0.555 -0.755 -0.698 -0.0 -0.701 0.147 -0.997 -0.0 0.073 0.029 0.625 -0.0 -0.778 0.066 0.988 0.0 0.081 0.128 
0.997 -0.053 0.055 0.024 -0.773 -0.0 -0.634 0.032 -0.981 -0.0 -0.081 -0.175 0.815 0.0 -0.377 -0.44 0.351 0.0 0.548 -0.759 -0.698 0.0 -0.701 0.147 -0.997 -0.0 0.073 0.029 0.625 -0.0 -0.778 0.065 0.988 -0.0 0.082 0.128 
0.997 -0.053 0.055 0.026 -0.773 0.0 -0.634 0.032 -0.982 -0.0 -0.082 -0.173 0.814 0.0 -0.373 -0.446 0.353 0.0 0.541 -0.763 -0.698 0.0 -0.701 0.147 -0.997 -0.0 0.073 0.029 0.625 0.0 -0.778 0.064 0.988 -0.0 0.082 0.129 
0.997 -0.053 0.055 0.027 -0.773 -0.0 -0.634 0.032 -0.982 -0.0 -0.08 -0.172 0.812 0.0 -0.37 -0.451 0.355 0.0 0.532 -0.769 -0.698 -0.0 -0.701 0.147 -0.997 -0.0 0.073 0.029 0.625 0.0 -0.778 0.063 0.988 0.0 0.082 0.129 
0.997 -0.053 0.055 0.029 -0.773 -0.0 -0.633 0.032 -0.982 -0.0 -0.08 -0.17 0.81 0.0 -0.367 -0.457 0.358 0.0 0.521 -0.775 -0.698 -0.0 -0.701 0.147 -0.997 0.0 0.073 0.029 0.625 0.0 -0.778 0.063 0.988 0.0 0.082 0.129 
0.997 -0.053 0.055 0.03 -0.773 -0.0 -0.633 0.032 -0.982 0.0 -0.079 -0.169 0.808 0.0 -0.364 -0.463 0.36 0.0 0.513 -0.779 -0.698 -0.0 -0.701 0.147 -0.997 -0.0 0.073 0.03 0.625 0.0 -0.778 0.062 0.988 0.0 0.082 0.13 
0.997 -0.053 0.055 0.032 -0.773 0.0 -0.633 0.032 -0.983 0.0 -0.079 -0.167 0.807 0.0 -0.359 -0.469 0.363 0.0 0.501 -0.785 -0.698 0.0 -0.701 0.147 -0.997 -0.0 0.073 0.03 0.625 0.0 -0.778 0.061 0.988 0.0 0.082 0.13 
0.997 -0.053 0.055 0.033 -0.773 -0.0 -0.633 0.031 -0.983 0.0 -0.078 -0.164 0.805 0.0 -0.355 -0.475 0.366 0.0 0.49 -0.791 -0.698 -0.0 -0.701 0.147 -0.997 -0.0 0.073 0.03 0.625 -0.0 -0.778 0.061 0.988 0.0 0.082 0.13 
0.996 -0.052 0.056 0.035 -0.774 0.0 -0.633 0.03 -0.984 -0.0 -0.077 -0.162 0.803 0.0 -0.351 -0.481 0.369 0.0 0.478 -0.797 -0.698 -0.0 -0.701 0.147 -0.997 0.0 0.073 0.031 0.625 0.0 -0.779 0.06 0.988 0.0 0.082 0.13 
0.996 -0.052 0.056 0.036 -0.774 -0.0 -0.633 0.029 -0.984 -0.0 -0.076 -0.16 0.802 0.0 -0.346 -0.487 0.371 0.0 0.467 -0.802 -0.698 -0.0 -0.701 0.147 -0.997 -0.0 0.073 0.031 0.625 0.0 -0.779 0.06 0.988 0.0 0.082 0.13 
0.996 -0.053 0.056 0.037 -0.774 -0.0 -0.633 0.028 -0.985 -0.0 -0.075 -0.157 0.8 0.0 -0.342 -0.494 0.375 -0.0 0.456 -0.807 -0.698 -0.0 -0.701 0.148 -0.997 -0.0 0.073 0.031 0.625 0.0 -0.779 0.059 0.988 0.0 0.083 0.13 
0.996 -0.052 0.056 0.037 -0.774 -0.0 -0.633 0.026 -0.985 -0.0 -0.074 -0.155 0.799 0.0 -0.337 -0.499 0.378 0.0 0.448 -0.811 -0.698 -0.0 -0.701 0.144 -0.997 -0.0 0.073 0.034 0.624 0.0 -0.779 0.057 0.988 0.0 0.082 0.131 
0.996 -0.052 0.056 0.04 -0.774 -0.0 -0.633 0.026 -0.986 -0.0 -0.072 -0.153 0.796 0.0 -0.334 -0.505 0.381 0.0 0.436 -0.815 -0.698 -0.0 -0.701 0.147 -0.997 0.0 0.073 0.032 0.625 0.0 -0.779 0.059 0.988 0.0 0.083 0.13 
0.996 -0.053 0.056 0.041 -0.774 -0.0 -0.633 0.025 -0.986 -0.0 -0.071 -0.151 0.795 0.0 -0.33 -0.51 0.383 0.0 0.428 -0.819 -0.697 -0.0 -0.701 0.148 -0.997 0.0 0.073 0.032 0.624 0.0 -0.779 0.058 0.988 0.0 0.083 0.13 
0.996 -0.052 0.056 0.042 -0.774 -0.0 -0.633 0.024 -0.986 -0.0 -0.07 -0.149 0.793 0.0 -0.326 -0.514 0.385 0.0 0.421 -0.821 -0.697 -0.0 -0.701 0.147 -0.997 -0.0 0.073 0.033 0.624 -0.0 -0.779 0.058 0.988 -0.0 0.083 0.13 
0.996 -0.053 0.056 0.043 -0.774 -0.0 -0.633 0.023 -0.987 -0.0 -0.068 -0.147 0.792 0.0 -0.323 -0.518 0.388 0.0 0.416 -0.823 -0.697 -0.0 -0.702 0.148 -0.997 0.0 0.073 0.033 0.624 0.0 -0.779 0.058 0.988 -0.0 0.084 0.131 
0.996 -0.053 0.056 0.044 -0.773 -0.0 -0.633 0.022 -0.987 0.0 -0.067 -0.146 0.792 -0.0 -0.32 -0.52 0.39 0.0 0.411 -0.824 -0.697 -0.0 -0.702 0.148 -0.997 -0.0 0.073 0.033 0.624 0.0 -0.779 0.057 0.988 0.0 0.085 0.131 
0.996 -0.053 0.056 0.044 -0.774 -0.0 -0.633 0.021 -0.987 -0.0 -0.066 -0.145 0.791 0.0 -0.318 -0.522 0.392 -0.0 0.406 -0.826 -0.697 -0.0 -0.702 0.148 -0.997 -0.0 0.073 0.033 0.624 -0.0 -0.779 0.057 0.988 0.0 0.084 0.131 
0.996 -0.053 0.056 0.045 -0.773 -0.0 -0.634 0.021 -0.987 -0.0 -0.065 -0.145 0.791 -0.0 -0.317 -0.523 0.394 0.0 0.401 -0.827 -0.697 0.0 -0.701 0.148 -0.997 0.0 0.073 0.034 0.624 0.0 -0.779 0.057 0.988 0.0 0.084 0.131 
0.996 -0.053 0.056 0.045 -0.773 -0.0 -0.634 0.02 -0.987 0.0 -0.065 -0.144 0.792 -0.0 -0.315 -0.523 0.395 0.0 0.4 -0.827 -0.697 -0.0 -0.701 0.148 -0.997 0.0 0.073 0.034 0.624 0.0 -0.779 0.057 0.988 0.0 0.084 0.131 
0.996 -0.053 0.057 0.044 -0.773 -0.0 -0.634 0.019 -0.987 -0.0 -0.064 -0.144 0.792 0.0 -0.315 -0.523 0.396 0.0 0.4 -0.826 -0.697 -0.0 -0.701 0.148 -0.997 -0.0 0.073 0.034 0.624 -0.0 -0.779 0.057 0.988 -0.0 0.084 0.131 
0.996 -0.053 0.056 0.044 -0.773 -0.0 -0.634 0.018 -0.988 -0.0 -0.064 -0.144 0.793 0.0 -0.315 -0.521 0.396 0.0 0.401 -0.826 -0.697 -0.0 -0.702 0.148 -0.997 -0.0 0.073 0.034 0.624 0.0 -0.779 0.057 0.988 0.0 0.084 0.132 
0.996 -0.053 0.056 0.044 -0.773 -0.0 -0.634 0.017 -0.988 -0.0 -0.064 -0.144 0.794 0.0 -0.316 -0.519 0.396 0.0 0.404 -0.825 -0.697 -0.0 -0.702 0.148 -0.997 -0.0 0.073 0.034 0.624 0.0 -0.779 0.057 0.988 0.0 0.084 0.132 
0.996 -0.053 0.056 0.043 -0.773 0.0 -0.635 0.017 -0.988 -0.0 -0.064 -0.144 0.796 0.0 -0.317 -0.516 0.395 0.0 0.409 -0.823 -0.697 -0.0 -0.702 0.148 -0.997 -0.0 0.073 0.034 0.624 0.0 -0.779 0.057 0.988 -0.0 0.084 0.132 
0.996 -0.053 0.056 0.042 -0.772 -0.0 -0.635 0.016 -0.988 -0.0 -0.063 -0.144 0.798 0.0 -0.319 -0.512 0.394 0.0 0.412 -0.822 -0.697 -0.0 -0.702 0.148 -0.997 -0.0 0.073 0.034 0.624 -0.0 -0.779 0.057 0.988 0.0 0.084 0.132 
0.996 -0.054 0.056 0.041 -0.772 -0.0 -0.635 0.016 -0.988 -0.0 -0.062 -0.145 0.799 0.0 -0.321 -0.508 0.393 -0.0 0.417 -0.82 -0.697 -0.0 -0.702 0.147 -0.997 -0.0 0.073 0.034 0.624 0.0 -0.779 0.057 0.988 0.0 0.084 0.133 
0.996 -0.054 0.056 0.04 -0.772 -0.0 -0.635 0.015 -0.988 0.0 -0.062 -0.145 0.802 0.0 -0.323 -0.503 0.391 -0.0 0.422 -0.818 -0.697 -0.0 -0.701 0.147 -0.997 -0.0 0.073 0.034 0.624 0.0 -0.779 0.059 0.988 0.0 0.084 0.132 
0.996 -0.054 0.056 0.038 -0.772 -0.0 -0.636 0.015 -0.987 -0.0 -0.062 -0.146 0.804 0.0 -0.327 -0.497 0.39 0.0 0.428 -0.816 -0.697 -0.0 -0.702 0.148 -0.997 -0.0 0.074 0.034 0.624 0.0 -0.779 0.059 0.988 0.0 0.084 0.132 
0.996 -0.054 0.056 0.037 -0.771 -0.0 -0.636 0.015 -0.987 -0.0 -0.061 -0.147 0.806 0.0 -0.33 -0.492 0.389 0.0 0.434 -0.813 -0.697 -0.0 -0.702 0.147 -0.997 -0.0 0.074 0.034 0.624 0.0 -0.779 0.059 0.988 0.0 0.084 0.133 
0.996 -0.055 0.056 0.036 -0.771 -0.0 -0.636 0.014 -0.987 -0.0 -0.062 -0.149 0.808 0.0 -0.334 -0.485 0.386 0.0 0.442 -0.81 -0.697 -0.0 -0.701 0.146 -0.997 -0.0 0.074 0.035 0.624 0.0 -0.779 0.059 0.988 0.0 0.083 0.133 
0.996 -0.055 0.056 0.034 -0.771 -0.0 -0.637 0.014 -0.987 0.0 -0.062 -0.15 0.811 -0.0 -0.338 -0.478 0.384 0.0 0.449 -0.806 -0.698 0.0 -0.701 0.147 -0.997 -0.0 0.074 0.034 0.624 0.0 -0.779 0.06 0.988 0.0 0.084 0.133 
0.996 -0.055 0.056 0.033 -0.771 -0.0 -0.637 0.014 -0.986 -0.0 -0.063 -0.151 0.813 0.0 -0.342 -0.472 0.382 0.0 0.457 -0.803 -0.698 -0.0 -0.701 0.147 -0.997 -0.0 0.074 0.034 0.624 0.0 -0.779 0.06 0.988 0.0 0.083 0.133 
0.996 -0.055 0.055 0.031 -0.77 -0.0 -0.637 0.014 -0.986 -0.0 -0.063 -0.153 0.815 0.0 -0.347 -0.464 0.38 0.0 0.464 -0.8 -0.698 -0.0 -0.701 0.147 -0.997 -0.0 0.074 0.034 0.624 0.0 -0.779 0.061 0.988 0.0 0.083 0.133 
0.996 -0.055 0.055 0.03 -0.77 -0.0 -0.638 0.014 -0.986 0.0 -0.064 -0.155 0.817 0.0 -0.351 -0.457 0.378 0.0 0.472 -0.796 -0.698 -0.0 -0.701 0.147 -0.997 -0.0 0.074 0.034 0.624 0.0 -0.779 0.061 0.988 0.0 0.083 0.133 
0.997 -0.056 0.055 0.029 -0.77 -0.0 -0.638 0.014 -0.986 -0.0 -0.065 -0.156 0.819 0.0 -0.356 -0.45 0.376 0.0 0.48 -0.793 -0.698 -0.0 -0.701 0.147 -0.997 -0.0 0.074 0.034 0.624 0.0 -0.779 0.062 0.988 -0.0 0.083 0.133 
0.997 -0.056 0.055 0.028 -0.77 -0.0 -0.638 0.014 -0.985 -0.0 -0.065 -0.158 0.82 0.0 -0.361 -0.443 0.374 0.0 0.488 -0.789 -0.698 -0.0 -0.701 0.147 -0.997 -0.0 0.074 0.033 0.625 0.0 -0.779 0.062 0.988 0.0 0.083 0.134 
0.997 -0.056 0.055 0.026 -0.77 0.0 -0.638 0.015 -0.985 -0.0 -0.067 -0.16 0.822 0.0 -0.365 -0.437 0.372 0.0 0.494 -0.786 -0.698 0.0 -0.701 0.146 -0.997 -0.0 0.074 0.033 0.625 0.0 -0.778 0.062 0.988 0.0 0.082 0.134 
0.997 -0.056 0.055 0.025 -0.77 -0.0 -0.637 0.015 -0.984 -0.0 -0.069 -0.162 0.823 0.0 -0.37 -0.43 0.37 0.0 0.501 -0.782 -0.698 -0.0 -0.701 0.146 -0.997 -0.0 0.074 0.034 0.625 0.0 -0.778 0.063 0.988 0.0 0.082 0.134 
0.997 -0.056 0.054 0.024 -0.77 0.0 -0.638 0.016 -0.984 -0.0 -0.069 -0.164 0.824 0.0 -0.374 -0.425 0.368 0.0 0.508 -0.779 -0.698 0.0 -0.701 0.146 -0.997 -0.0 0.074 0.034 0.625 -0.0 -0.778 0.063 0.988 0.0 0.082 0.134 
0.997 -0.057 0.054 0.023 -0.77 -0.0 -0.638 0.016 -0.984 -0.0 -0.071 -0.165 0.825 0.0 -0.378 -0.42 0.367 0.0 0.511 -0.777 -0.698 0.0 -0.701 0.146 -0.997 0.0 0.074 0.033 0.625 0.0 -0.778 0.063 0.988 0.0 0.082 0.134 
0.997 -0.057 0.054 0.022 -0.771 -0.0 -0.637 0.017 -0.983 -0.0 -0.073 -0.166 0.826 -0.0 -0.381 -0.415 0.366 -0.0 0.519 -0.773 -0.698 -0.0 -0.701 0.147 -0.997 -0.0 0.074 0.033 0.625 0.0 -0.778 0.064 0.988 -0.0 0.082 0.134 
0.997 -0.057 0.054 0.022 -0.771 0.0 -0.637 0.018 -0.983 0.0 -0.075 -0.168 0.826 0.0 -0.384 -0.412 0.364 0.0 0.524 -0.77 -0.698 -0.0 -0.701 0.147 -0.997 -0.0 0.074 0.033 0.625 0.0 -0.778 0.064 0.988 0.0 0.082 0.134 
0.997 -0.057 0.054 0.021 -0.771 -0.0 -0.636 0.018 -0.983 -0.0 -0.076 -0.17 0.827 0.0 -0.385 -0.41 0.363 0.0 0.531 -0.766 -0.698 0.0 -0.701 0.147 -0.997 -0.0 0.074 0.033 0.625 -0.0 -0.778 0.064 0.987 0.0 0.082 0.135 
0.997 -0.057 0.054 0.021 -0.77 -0.0 -0.637 0.02 -0.982 -0.0 -0.076 -0.172 0.827 0.0 -0.387 -0.408 0.362 0.0 0.536 -0.763 -0.698 -0.0 -0.701 0.146 -0.997 -0.0 0.074 0.033 0.625 -0.0 -0.778 0.064 0.988 0.0 0.082 0.135 
0.997 -0.057 0.054 0.021 -0.771 0.0 -0.636 0.02 -0.982 -0.0 -0.079 -0.172 0.827 0.0 -0.388 -0.408 0.361 -0.0 0.539 -0.761 -0.698 -0.0 -0.701 0.147 -0.997 0.0 0.074 0.033 0.625 -0.0 -0.778 0.064 0.987 -0.0 0.082 0.135 
0.997 -0.057 0.054 0.021 -0.771 0.0 -0.637 0.022 -0.982 -0.0 -0.079 -0.174 0.826 0.0 -0.389 -0.408 0.36 0.0 0.541 -0.76 -0.698 0.0 -0.701 0.146 -0.997 -0.0 0.074 0.033 0.625 -0.0 -0.778 0.064 0.987 0.0 0.082 0.135 
0.997 -0.058 0.054 0.021 -0.772 -0.0 -0.635 0.022 -0.981 -0.0 -0.082 -0.174 0.825 0.0 -0.389 -0.41 0.359 0.0 0.543 -0.76 -0.698 -0.0 -0.701 0.147 -0.997 -0.0 0.074 0.033 0.625 0.0 -0.778 0.064 0.988 0.0 0.082 0.135 
0.997 -0.057 0.054 0.022 -0.772 -0.0 -0.635 0.023 -0.981 -0.0 -0.083 -0.174 0.825 0.0 -0.388 -0.411 0.358 0.0 0.541 -0.761 -0.698 -0.0 -0.701 0.147 -0.997 -0.0 0.074 0.033 0.625 -0.0 -0.778 0.064 0.988 0.0 0.082 0.134 
0.997 -0.057 0.054 0.023 -0.771 -0.0 -0.636 0.025 -0.981 -0.0 -0.083 -0.175 0.823 0.0 -0.387 -0.415 0.358 0.0 0.542 -0.76 -0.698 -0.0 -0.701 0.147 -0.997 -0.0 0.074 0.033 0.625 -0.0 -0.778 0.064 0.988 0.0 0.082 0.134 
0.997 -0.057 0.054 0.023 -0.771 -0.0 -0.636 0.026 -0.981 -0.0 -0.083 -0.176 0.822 0.0 -0.386 -0.419 0.359 0.0 0.535 -0.765 -0.698 -0.0 -0.701 0.147 -0.997 0.0 0.074 0.033 0.625 0.0 -0.778 0.064 0.988 0.0 0.082 0.134 
0.997 -0.057 0.055 0.025 -0.772 -0.0 -0.636 0.026 -0.981 -0.0 -0.084 -0.175 0.821 0.0 -0.384 -0.423 0.36 -0.0 0.53 -0.767 -0.698 0.0 -0.701 0.147 -0.997 -0.0 0.074 0.033 0.625 0.0 -0.778 0.063 0.988 -0.0 0.082 0.134 
0.997 -0.057 0.055 0.026 -0.773 0.0 -0.634 0.026 -0.981 -0.0 -0.085 -0.174 0.82 0.0 -0.381 -0.428 0.361 0.0 0.524 -0.771 -0.698 0.0 -0.701 0.147 -0.997 -0.0 0.074 0.033 0.625 0.0 -0.778 0.063 0.987 -0.0 0.083 0.134 
0.996 -0.057 0.055 0.027 -0.772 -0.0 -0.635 0.027 -0.981 -0.0 -0.084 -0.174 0.818 0.0 -0.378 -0.433 0.363 0.0 0.517 -0.775 -0.698 -0.0 -0.701 0.148 -0.997 -0.0 0.074 0.033 0.625 0.0 -0.778 0.063 0.988 0.0 0.083 0.134 
0.996 -0.057 0.055 0.029 -0.772 -0.0 -0.635 0.027 -0.981 -0.0 -0.084 -0.173 0.816 -0.0 -0.376 -0.439 0.365 0.0 0.507 -0.781 -0.697 -0.0 -0.701 0.148 -0.997 -0.0 0.074 0.033 0.625 0.0 -0.778 0.062 0.988 0.0 0.083 0.134 
0.996 -0.057 0.055 0.03 -0.772 -0.0 -0.635 0.027 -0.982 -0.0 -0.084 -0.172 0.815 0.0 -0.372 -0.444 0.367 0.0 0.499 -0.785 -0.697 -0.0 -0.701 0.149 -0.997 -0.0 0.074 0.032 0.624 0.0 -0.779 0.062 0.988 -0.0 0.083 0.133 
0.996 -0.056 0.056 0.03 -0.772 -0.0 -0.635 0.025 -0.982 -0.0 -0.083 -0.169 0.815 0.0 -0.366 -0.449 0.368 0.0 0.495 -0.787 -0.698 -0.0 -0.701 0.145 -0.997 -0.0 0.074 0.035 0.624 -0.0 -0.779 0.06 0.988 0.0 0.083 0.134 
0.996 -0.057 0.056 0.033 -0.772 -0.0 -0.635 0.026 -0.982 -0.0 -0.082 -0.168 0.813 0.0 -0.363 -0.455 0.371 0.0 0.481 -0.794 -0.697 -0.0 -0.701 0.15 -0.997 -0.0 0.073 0.032 0.624 0.0 -0.779 0.062 0.988 0.0 0.084 0.133 
0.996 -0.057 0.056 0.035 -0.772 0.0 -0.635 0.026 -0.983 -0.0 -0.082 -0.166 0.812 0.0 -0.359 -0.461 0.373 0.0 0.47 -0.8 -0.697 -0.0 -0.701 0.15 -0.997 -0.0 0.073 0.033 0.624 0.0 -0.779 0.061 0.988 0.0 0.084 0.133 
0.996 -0.057 0.056 0.036 -0.772 -0.0 -0.635 0.025 -0.983 -0.0 -0.081 -0.164 0.81 0.0 -0.355 -0.466 0.377 0.0 0.458 -0.805 -0.697 -0.0 -0.701 0.15 -0.997 0.0 0.073 0.032 0.624 0.0 -0.779 0.061 0.988 0.0 0.084 0.133 
0.996 -0.056 0.056 0.037 -0.772 -0.0 -0.635 0.024 -0.984 -0.0 -0.079 -0.162 0.809 0.0 -0.351 -0.472 0.38 0.0 0.446 -0.81 -0.697 -0.0 -0.701 0.151 -0.997 -0.0 0.073 0.032 0.624 0.0 -0.779 0.061 0.988 -0.0 0.084 0.133 
0.996 -0.057 0.057 0.039 -0.772 -0.0 -0.635 0.024 -0.984 -0.0 -0.078 -0.16 0.807 -0.0 -0.347 -0.477 0.383 0.0 0.435 -0.815 -0.697 -0.0 -0.701 0.151 -0.997 -0.0 0.073 0.032 0.624 0.0 -0.779 0.061 0.988 0.0 0.085 0.132 
0.996 -0.056 0.056 0.039 -0.772 -0.0 -0.635 0.023 -0.984 -0.0 -0.077 -0.158 0.806 0.0 -0.343 -0.482 0.386 0.0 0.425 -0.819 -0.697 -0.0 -0.701 0.15 -0.997 -0.0 0.073 0.033 0.623 0.0 -0.78 0.06 0.988 0.0 0.086 0.132 
0.996 -0.057 0.057 0.041 -0.772 -0.0 -0.635 0.022 -0.985 -0.0 -0.077 -0.156 0.805 0.0 -0.339 -0.487 0.389 0.0 0.416 -0.822 -0.698 0.0 -0.7 0.151 -0.997 -0.0 0.073 0.032 0.624 0.0 -0.779 0.061 0.988 -0.0 0.085 0.132 
0.996 -0.057 0.057 0.042 -0.772 0.0 -0.635 0.022 -0.985 -0.0 -0.075 -0.154 0.804 0.0 -0.336 -0.491 0.391 0.0 0.409 -0.824 -0.698 0.0 -0.7 0.152 -0.997 -0.0 0.073 0.032 0.623 0.0 -0.779 0.061 0.988 0.0 0.085 0.132 
0.996 -0.056 0.057 0.041 -0.772 -0.0 -0.635 0.02 -0.985 -0.0 -0.074 -0.153 0.804 0.0 -0.332 -0.494 0.394 0.0 0.406 -0.825 -0.698 -0.0 -0.701 0.149 -0.997 0.0 0.073 0.034 0.623 0.0 -0.78 0.059 0.988 0.0 0.085 0.132 
0.996 -0.056 0.057 0.043 -0.771 -0.0 -0.636 0.021 -0.986 -0.0 -0.072 -0.152 0.802 0.0 -0.33 -0.498 0.396 0.0 0.401 -0.826 -0.697 -0.0 -0.701 0.152 -0.997 0.0 0.073 0.032 0.623 0.0 -0.78 0.06 0.988 0.0 0.086 0.132 
0.996 -0.056 0.057 0.044 -0.771 0.0 -0.636 0.02 -0.986 -0.0 -0.07 -0.15 0.801 0.0 -0.329 -0.5 0.398 -0.0 0.399 -0.826 -0.697 -0.0 -0.7 0.152 -0.997 -0.0 0.073 0.032 0.623 0.0 -0.78 0.059 0.988 -0.0 0.086 0.132 
0.996 -0.056 0.057 0.044 -0.771 -0.0 -0.636 0.02 -0.986 -0.0 -0.069 -0.149 0.801 0.0 -0.327 -0.502 0.399 -0.0 0.399 -0.826 -0.697 -0.0 -0.7 0.152 -0.997 -0.0 0.073 0.032 0.623 0.0 -0.78 0.059 0.988 -0.0 0.086 0.132 
0.996 -0.056 0.057 0.044 -0.771 -0.0 -0.637 0.019 -0.987 0.0 -0.067 -0.148 0.801 -0.0 -0.326 -0.503 0.4 0.0 0.401 -0.824 -0.697 -0.0 -0.7 0.152 -0.997 -0.0 0.073 0.032 0.623 0.0 -0.78 0.059 0.988 0.0 0.086 0.132 
0.996 -0.056 0.057 0.044 -0.77 -0.0 -0.637 0.019 -0.987 -0.0 -0.066 -0.147 0.801 0.0 -0.326 -0.503 0.401 0.0 0.403 -0.823 -0.697 -0.0 -0.7 0.152 -0.997 0.0 0.073 0.032 0.623 0.0 -0.78 0.059 0.987 0.0 0.086 0.132 
0.996 -0.056 0.057 0.044 -0.77 -0.0 -0.638 0.018 -0.987 -0.0 -0.065 -0.147 0.801 0.0 -0.326 -0.502 0.401 0.0 0.405 -0.821 -0.697 -0.0 -0.7 0.152 -0.997 0.0 0.073 0.032 0.623 0.0 -0.78 0.059 0.988 0.0 0.086 0.132 
0.996 -0.056 0.057 0.044 -0.77 -0.0 -0.638 0.018 -0.987 -0.0 -0.064 -0.146 0.802 0.0 -0.327 -0.5 0.401 0.0 0.409 -0.82 -0.697 -0.0 -0.7 0.152 -0.997 0.0 0.073 0.031 0.623 0.0 -0.78 0.059 0.987 0.0 0.086 0.132 
0.996 -0.056 0.057 0.043 -0.769 -0.0 -0.638 0.017 -0.987 -0.0 -0.063 -0.146 0.803 0.0 -0.328 -0.498 0.401 0.0 0.413 -0.817 -0.698 -0.0 -0.7 0.151 -0.997 -0.0 0.073 0.032 0.623 0.0 -0.78 0.059 0.987 0.0 0.086 0.132 
0.996 -0.056 0.057 0.042 -0.769 0.0 -0.639 0.016 -0.987 -0.0 -0.062 -0.145 0.804 0.0 -0.329 -0.495 0.401 -0.0 0.418 -0.816 -0.697 -0.0 -0.701 0.15 -0.997 0.0 0.073 0.032 0.623 -0.0 -0.78 0.058 0.987 0.0 0.086 0.132 
0.996 -0.056 0.057 0.042 -0.769 0.0 -0.639 0.016 -0.988 -0.0 -0.061 -0.145 0.805 0.0 -0.331 -0.492 0.4 0.0 0.422 -0.813 -0.698 -0.0 -0.7 0.152 -0.997 -0.0 0.073 0.031 0.623 0.0 -0.78 0.059 0.988 -0.0 0.086 0.132 
0.996 -0.056 0.057 0.041 -0.768 0.0 -0.64 0.015 -0.987 -0.0 -0.061 -0.146 0.807 0.0 -0.333 -0.488 0.399 0.0 0.428 -0.811 -0.697 -0.0 -0.701 0.15 -0.997 -0.0 0.074 0.032 0.623 0.0 -0.78 0.058 0.987 0.0 0.086 0.133 
0.996 -0.057 0.057 0.04 -0.769 -0.0 -0.639 0.015 -0.987 -0.0 -0.061 -0.146 0.808 0.0 -0.336 -0.484 0.398 -0.0 0.434 -0.808 -0.698 -0.0 -0.7 0.152 -0.997 -0.0 0.073 0.031 0.622 0.0 -0.78 0.06 0.988 0.0 0.086 0.132 
0.996 -0.056 0.057 0.039 -0.769 -0.0 -0.64 0.015 -0.987 -0.0 -0.061 -0.146 0.81 -0.0 -0.339 -0.479 0.397 0.0 0.44 -0.805 -0.698 -0.0 -0.7 0.151 -0.997 -0.0 0.073 0.031 0.622 0.0 -0.78 0.06 0.988 0.0 0.085 0.132 
0.996 -0.056 0.057 0.038 -0.769 -0.0 -0.64 0.015 -0.987 0.0 -0.061 -0.147 0.811 -0.0 -0.342 -0.474 0.396 0.0 0.447 -0.802 -0.698 -0.0 -0.7 0.15 -0.997 -0.0 0.073 0.032 0.622 0.0 -0.78 0.06 0.988 0.0 0.085 0.132 
0.996 -0.057 0.057 0.036 -0.768 -0.0 -0.64 0.015 -0.987 -0.0 -0.062 -0.148 0.813 0.0 -0.345 -0.469 0.394 0.0 0.454 -0.799 -0.698 -0.0 -0.7 0.15 -0.997 -0.0 0.073 0.031 0.622 0.0 -0.78 0.061 0.988 0.0 0.085 0.132 
0.996 -0.057 0.057 0.035 -0.768 -0.0 -0.64 0.015 -0.987 -0.0 -0.062 -0.149 0.815 0.0 -0.349 -0.463 0.393 0.0 0.46 -0.796 -0.698 -0.0 -0.7 0.15 -0.997 0.0 0.073 0.032 0.623 0.0 -0.78 0.061 0.988 0.0 0.085 0.132 
0.996 -0.057 0.057 0.034 -0.768 -0.0 -0.64 0.015 -0.987 -0.0 -0.063 -0.151 0.817 -0.0 -0.352 -0.457 0.391 0.0 0.467 -0.793 -0.698 0.0 -0.7 0.149 -0.997 -0.0 0.073 0.032 0.623 0.0 -0.78 0.061 0.988 0.0 0.085 0.132 
0.996 -0.057 0.057 0.033 -0.768 -0.0 -0.64 0.015 -0.986 0.0 -0.064 -0.152 0.819 0.0 -0.355 -0.451 0.39 0.0 0.474 -0.789 -0.698 -0.0 -0.7 0.148 -0.997 0.0 0.073 0.032 0.623 -0.0 -0.78 0.061 0.988 0.0 0.085 0.132 
0.996 -0.057 0.057 0.031 -0.768 -0.0 -0.64 0.015 -0.986 -0.0 -0.065 -0.154 0.821 0.0 -0.359 -0.445 0.388 0.0 0.481 -0.786 -0.698 -0.0 -0.7 0.148 -0.997 0.0 0.074 0.032 0.623 0.0 -0.78 0.062 0.988 0.0 0.084 0.132 
0.996 -0.057 0.056 0.03 -0.768 0.0 -0.64 0.016 -0.986 -0.0 -0.066 -0.155 0.822 0.0 -0.363 -0.439 0.387 0.0 0.488 -0.783 -0.698 -0.0 -0.7 0.148 -0.997 -0.0 0.074 0.032 0.623 0.0 -0.78 0.062 0.988 0.0 0.084 0.132 
0.996 -0.057 0.056 0.029 -0.769 -0.0 -0.639 0.016 -0.985 -0.0 -0.068 -0.156 0.824 0.0 -0.367 -0.433 0.386 0.0 0.494 -0.779 -0.698 -0.0 -0.7 0.148 -0.997 -0.0 0.074 0.032 0.623 0.0 -0.78 0.063 0.988 0.0 0.084 0.132 
0.996 -0.057 0.056 0.028 -0.769 -0.0 -0.639 0.016 -0.985 -0.0 -0.069 -0.157 0.825 0.0 -0.371 -0.427 0.384 0.0 0.499 -0.777 -0.698 -0.0 -0.7 0.148 -0.997 -0.0 0.074 0.031 0.623 0.0 -0.78 0.063 0.988 0.0 0.084 0.131 
0.996 -0.057 0.056 0.027 -0.769 0.0 -0.638 0.017 -0.985 -0.0 -0.07 -0.159 0.826 0.0 -0.375 -0.421 0.384 0.0 0.502 -0.775 -0.698 0.0 -0.7 0.148 -0.997 0.0 0.074 0.031 0.623 0.0 -0.78 0.063 0.988 0.0 0.084 0.131 
0.996 -0.057 0.056 0.026 -0.77 -0.0 -0.638 0.017 -0.985 -0.0 -0.071 -0.16 0.827 0.0 -0.378 -0.416 0.382 0.0 0.508 -0.772 -0.698 -0.0 -0.7 0.148 -0.997 -0.0 0.074 0.031 0.623 0.0 -0.78 0.064 0.988 0.0 0.084 0.131 
0.996 -0.057 0.056 0.025 -0.77 -0.0 -0.638 0.018 -0.984 -0.0 -0.072 -0.162 0.829 0.0 -0.379 -0.41 0.381 0.0 0.518 -0.766 -0.698 -0.0 -0.7 0.148 -0.997 -0.0 0.074 0.031 0.623 0.0 -0.78 0.065 0.988 0.0 0.085 0.13 
0.997 -0.057 0.056 0.025 -0.769 0.0 -0.639 0.02 -0.984 -0.0 -0.072 -0.164 0.831 0.0 -0.381 -0.406 0.381 0.0 0.523 -0.762 -0.698 -0.0 -0.701 0.147 -0.997 -0.0 0.074 0.031 0.623 0.0 -0.78 0.064 0.988 0.0 0.084 0.13 
0.997 -0.057 0.055 0.024 -0.769 -0.0 -0.639 0.02 -0.984 -0.0 -0.073 -0.165 0.832 -0.0 -0.384 -0.402 0.38 -0.0 0.528 -0.76 -0.698 -0.0 -0.701 0.147 -0.997 -0.0 0.074 0.031 0.623 0.0 -0.78 0.065 0.988 0.0 0.084 0.13 
0.997 -0.057 0.055 0.024 -0.77 -0.0 -0.638 0.02 -0.983 -0.0 -0.075 -0.165 0.832 0.0 -0.386 -0.398 0.378 0.0 0.532 -0.758 -0.698 -0.0 -0.701 0.147 -0.997 -0.0 0.074 0.031 0.623 0.0 -0.779 0.065 0.988 0.0 0.085 0.13 
0.997 -0.057 0.055 0.024 -0.77 -0.0 -0.638 0.021 -0.983 -0.0 -0.076 -0.166 0.833 0.0 -0.387 -0.394 0.378 -0.0 0.535 -0.756 -0.698 -0.0 -0.701 0.147 -0.997 -0.0 0.074 0.03 0.623 0.0 -0.779 0.066 0.988 0.0 0.085 0.129 
0.997 -0.057 0.055 0.024 -0.77 -0.0 -0.638 0.021 -0.983 0.0 -0.077 -0.167 0.834 0.0 -0.389 -0.392 0.377 0.0 0.539 -0.754 -0.698 -0.0 -0.701 0.147 -0.997 -0.0 0.073 0.03 0.624 0.0 -0.779 0.066 0.988 0.0 0.083 0.128 
0.997 -0.057 0.055 0.023 -0.77 0.0 -0.638 0.022 -0.983 -0.0 -0.077 -0.168 0.834 0.0 -0.39 -0.39 0.375 0.0 0.542 -0.752 -0.698 -0.0 -0.701 0.147 -0.997 -0.0 0.073 0.031 0.623 -0.0 -0.779 0.066 0.988 0.0 0.085 0.128 
