# T   LUA LFA RUA RFA LT  LS  RT  RS  
0.983 -0.181 0.002 0.006 -0.922 -0.0 0.117 -0.369 -0.945 -0.0 0.214 -0.249 0.924 0.0 0.179 -0.338 0.938 0.0 0.234 -0.256 -0.742 -0.0 -0.353 -0.569 -0.767 -0.0 -0.576 0.282 0.735 0.0 -0.385 -0.559 0.795 -0.0 -0.516 0.319 
0.983 -0.181 0.002 0.007 -0.925 -0.0 0.116 -0.362 -0.945 0.0 0.214 -0.247 0.926 0.0 0.179 -0.331 0.939 0.0 0.234 -0.253 -0.742 -0.0 -0.354 -0.569 -0.767 0.0 -0.576 0.282 0.735 0.0 -0.385 -0.559 0.795 0.0 -0.516 0.319 
0.983 -0.181 0.002 0.006 -0.928 -0.0 0.115 -0.354 -0.946 -0.0 0.213 -0.244 0.929 0.0 0.179 -0.325 0.94 0.0 0.234 -0.249 -0.743 -0.0 -0.354 -0.569 -0.767 -0.0 -0.576 0.282 0.734 0.0 -0.385 -0.559 0.795 0.0 -0.516 0.32 
0.983 -0.182 0.002 0.006 -0.931 -0.0 0.114 -0.347 -0.947 -0.0 0.213 -0.242 0.931 0.0 0.18 -0.318 0.941 0.0 0.233 -0.246 -0.743 -0.0 -0.354 -0.568 -0.767 -0.0 -0.576 0.283 0.734 0.0 -0.386 -0.559 0.795 0.0 -0.516 0.32 
0.983 -0.182 0.002 0.006 -0.934 -0.0 0.114 -0.339 -0.947 -0.0 0.213 -0.24 0.933 0.0 0.179 -0.311 0.942 0.0 0.235 -0.241 -0.743 -0.0 -0.355 -0.568 -0.767 -0.0 -0.575 0.283 0.734 0.0 -0.386 -0.558 0.794 0.0 -0.516 0.321 
0.983 -0.183 0.001 0.006 -0.937 -0.0 0.114 -0.331 -0.948 -0.0 0.214 -0.237 0.935 0.0 0.18 -0.304 0.943 0.0 0.234 -0.237 -0.743 -0.0 -0.355 -0.567 -0.768 -0.0 -0.575 0.283 0.734 0.0 -0.386 -0.558 0.794 0.0 -0.516 0.321 
0.983 -0.183 0.002 0.007 -0.939 -0.0 0.114 -0.324 -0.948 -0.0 0.215 -0.234 0.937 0.0 0.181 -0.298 0.944 0.0 0.234 -0.234 -0.743 -0.0 -0.356 -0.567 -0.767 -0.0 -0.575 0.283 0.734 0.0 -0.387 -0.558 0.794 -0.0 -0.516 0.322 
0.983 -0.184 0.002 0.006 -0.942 0.0 0.114 -0.316 -0.949 -0.0 0.216 -0.231 0.939 0.0 0.182 -0.291 0.945 0.0 0.234 -0.23 -0.743 -0.0 -0.356 -0.566 -0.767 -0.0 -0.575 0.284 0.734 0.0 -0.388 -0.558 0.794 -0.0 -0.515 0.323 
0.983 -0.184 0.001 0.006 -0.944 -0.0 0.114 -0.309 -0.949 -0.0 0.219 -0.228 0.941 0.0 0.183 -0.284 0.945 0.0 0.235 -0.226 -0.743 -0.0 -0.357 -0.566 -0.767 -0.0 -0.575 0.284 0.734 0.0 -0.388 -0.557 0.794 -0.0 -0.515 0.323 
0.983 -0.185 0.002 0.006 -0.946 -0.0 0.116 -0.301 -0.949 -0.0 0.219 -0.225 0.943 0.0 0.184 -0.277 0.946 0.0 0.236 -0.221 -0.743 -0.0 -0.358 -0.566 -0.767 -0.0 -0.574 0.285 0.734 0.0 -0.389 -0.557 0.794 0.0 -0.515 0.324 
0.983 -0.185 0.001 0.006 -0.949 -0.0 0.117 -0.294 -0.95 -0.0 0.221 -0.221 0.945 0.0 0.187 -0.27 0.947 -0.0 0.236 -0.218 -0.743 -0.0 -0.358 -0.565 -0.767 -0.0 -0.574 0.286 0.734 0.0 -0.389 -0.556 0.794 0.0 -0.514 0.325 
0.983 -0.186 0.001 0.006 -0.951 -0.0 0.119 -0.287 -0.95 -0.0 0.222 -0.218 0.946 0.0 0.187 -0.264 0.948 0.0 0.239 -0.212 -0.743 0.0 -0.359 -0.565 -0.767 -0.0 -0.574 0.286 0.734 0.0 -0.39 -0.556 0.794 0.0 -0.514 0.325 
0.982 -0.187 0.001 0.006 -0.952 -0.0 0.121 -0.28 -0.951 -0.0 0.224 -0.213 0.948 0.0 0.187 -0.258 0.948 -0.0 0.244 -0.205 -0.743 -0.0 -0.36 -0.565 -0.767 -0.0 -0.573 0.287 0.734 0.0 -0.39 -0.555 0.793 -0.0 -0.514 0.326 
0.982 -0.187 0.002 0.006 -0.954 -0.0 0.123 -0.274 -0.952 0.0 0.226 -0.209 0.95 0.0 0.187 -0.252 0.948 0.0 0.25 -0.199 -0.743 -0.0 -0.36 -0.564 -0.767 -0.0 -0.573 0.287 0.734 0.0 -0.391 -0.555 0.793 0.0 -0.514 0.327 
0.982 -0.188 0.002 0.005 -0.955 -0.0 0.125 -0.268 -0.952 -0.0 0.227 -0.204 0.951 -0.0 0.187 -0.247 0.948 -0.0 0.256 -0.191 -0.743 0.0 -0.361 -0.564 -0.767 -0.0 -0.573 0.288 0.734 0.0 -0.392 -0.554 0.793 -0.0 -0.513 0.327 
0.982 -0.189 0.002 0.005 -0.956 -0.0 0.128 -0.262 -0.953 0.0 0.23 -0.2 0.952 0.0 0.187 -0.242 0.948 0.0 0.261 -0.182 -0.743 -0.0 -0.362 -0.563 -0.767 0.0 -0.572 0.289 0.735 0.0 -0.393 -0.553 0.793 0.0 -0.513 0.328 
0.982 -0.189 0.002 0.005 -0.958 -0.0 0.131 -0.257 -0.953 -0.0 0.232 -0.193 0.953 0.0 0.188 -0.236 0.948 0.0 0.266 -0.175 -0.743 -0.0 -0.363 -0.562 -0.767 -0.0 -0.572 0.29 0.734 0.0 -0.393 -0.553 0.793 0.0 -0.512 0.329 
0.982 -0.19 0.002 0.005 -0.958 -0.0 0.134 -0.252 -0.954 -0.0 0.234 -0.189 0.954 0.0 0.189 -0.232 0.948 0.0 0.27 -0.167 -0.743 -0.0 -0.364 -0.562 -0.767 0.0 -0.571 0.291 0.735 0.0 -0.394 -0.552 0.793 0.0 -0.512 0.33 
0.982 -0.191 0.002 0.005 -0.959 0.0 0.137 -0.247 -0.954 -0.0 0.236 -0.183 0.955 0.0 0.19 -0.228 0.948 0.0 0.274 -0.158 -0.743 -0.0 -0.364 -0.561 -0.767 -0.0 -0.571 0.292 0.734 0.0 -0.395 -0.552 0.793 0.0 -0.511 0.331 
0.981 -0.192 0.002 0.005 -0.96 -0.0 0.14 -0.243 -0.954 -0.0 0.239 -0.179 0.955 0.0 0.191 -0.225 0.949 0.0 0.278 -0.15 -0.743 -0.0 -0.366 -0.561 -0.767 -0.0 -0.571 0.293 0.734 0.0 -0.396 -0.551 0.793 -0.0 -0.511 0.332 
0.981 -0.193 0.002 0.005 -0.961 -0.0 0.143 -0.239 -0.954 -0.0 0.243 -0.174 0.956 -0.0 0.194 -0.221 0.949 0.0 0.281 -0.143 -0.743 -0.0 -0.366 -0.56 -0.767 0.0 -0.57 0.294 0.734 0.0 -0.398 -0.55 0.793 -0.0 -0.51 0.333 
0.981 -0.194 0.002 0.005 -0.961 0.0 0.145 -0.235 -0.954 0.0 0.246 -0.171 0.956 0.0 0.196 -0.218 0.949 0.0 0.284 -0.135 -0.743 -0.0 -0.368 -0.559 -0.767 -0.0 -0.57 0.295 0.734 -0.0 -0.399 -0.549 0.793 -0.0 -0.509 0.334 
0.981 -0.195 0.002 0.005 -0.962 -0.0 0.148 -0.231 -0.954 -0.0 0.25 -0.167 0.956 0.0 0.198 -0.215 0.95 -0.0 0.286 -0.128 -0.743 -0.0 -0.368 -0.559 -0.767 0.0 -0.569 0.296 0.734 0.0 -0.4 -0.548 0.793 0.0 -0.509 0.335 
0.981 -0.196 0.003 0.005 -0.962 -0.0 0.151 -0.228 -0.954 0.0 0.255 -0.16 0.956 0.0 0.201 -0.212 0.95 0.0 0.289 -0.123 -0.743 -0.0 -0.369 -0.558 -0.767 -0.0 -0.569 0.297 0.734 -0.0 -0.401 -0.548 0.793 0.0 -0.508 0.336 
0.98 -0.197 0.003 0.005 -0.962 -0.0 0.154 -0.226 -0.953 0.0 0.259 -0.156 0.956 0.0 0.203 -0.21 0.949 0.0 0.291 -0.117 -0.743 -0.0 -0.371 -0.557 -0.767 -0.0 -0.568 0.298 0.735 0.0 -0.402 -0.546 0.793 0.0 -0.508 0.337 
0.98 -0.198 0.003 0.005 -0.962 0.0 0.157 -0.223 -0.953 -0.0 0.263 -0.153 0.956 -0.0 0.206 -0.207 0.949 0.0 0.294 -0.112 -0.743 -0.0 -0.372 -0.556 -0.767 -0.0 -0.568 0.3 0.735 0.0 -0.404 -0.545 0.793 0.0 -0.507 0.338 
0.98 -0.199 0.003 0.005 -0.962 0.0 0.16 -0.221 -0.952 0.0 0.267 -0.15 0.956 -0.0 0.208 -0.206 0.948 0.0 0.299 -0.104 -0.743 -0.0 -0.373 -0.556 -0.767 -0.0 -0.567 0.301 0.735 0.0 -0.405 -0.544 0.793 0.0 -0.506 0.339 
0.98 -0.2 0.003 0.005 -0.962 -0.0 0.163 -0.219 -0.951 -0.0 0.272 -0.147 0.956 -0.0 0.211 -0.205 0.948 0.0 0.302 -0.099 -0.743 -0.0 -0.374 -0.555 -0.767 -0.0 -0.567 0.302 0.735 0.0 -0.406 -0.543 0.793 0.0 -0.505 0.34 
0.98 -0.201 0.003 0.004 -0.962 -0.0 0.166 -0.217 -0.95 -0.0 0.275 -0.145 0.955 0.0 0.214 -0.204 0.947 0.0 0.305 -0.096 -0.743 -0.0 -0.375 -0.554 -0.766 -0.0 -0.566 0.304 0.735 0.0 -0.407 -0.542 0.793 -0.0 -0.505 0.34 
0.979 -0.202 0.003 0.004 -0.962 -0.0 0.17 -0.215 -0.95 -0.0 0.278 -0.143 0.955 0.0 0.217 -0.203 0.947 0.0 0.309 -0.092 -0.743 -0.0 -0.376 -0.554 -0.766 -0.0 -0.566 0.305 0.735 -0.0 -0.408 -0.541 0.793 0.0 -0.504 0.342 
0.979 -0.203 0.003 0.004 -0.961 -0.0 0.174 -0.215 -0.949 -0.0 0.281 -0.141 0.954 0.0 0.22 -0.203 0.946 0.0 0.312 -0.088 -0.743 -0.0 -0.378 -0.553 -0.766 0.0 -0.565 0.307 0.736 0.0 -0.41 -0.54 0.793 0.0 -0.503 0.343 
0.979 -0.204 0.004 0.004 -0.96 -0.0 0.179 -0.214 -0.949 -0.0 0.284 -0.138 0.953 0.0 0.223 -0.203 0.946 0.0 0.314 -0.085 -0.743 0.0 -0.379 -0.553 -0.766 -0.0 -0.564 0.308 0.736 0.0 -0.411 -0.539 0.793 0.0 -0.503 0.343 
0.979 -0.205 0.004 0.004 -0.959 0.0 0.183 -0.215 -0.949 0.0 0.285 -0.135 0.953 0.0 0.227 -0.203 0.944 0.0 0.318 -0.083 -0.742 -0.0 -0.38 -0.552 -0.766 -0.0 -0.564 0.309 0.736 0.0 -0.412 -0.538 0.794 0.0 -0.502 0.345 
0.979 -0.206 0.004 0.004 -0.958 -0.0 0.187 -0.216 -0.949 -0.0 0.287 -0.131 0.952 -0.0 0.23 -0.204 0.944 0.0 0.32 -0.081 -0.742 -0.0 -0.381 -0.551 -0.766 -0.0 -0.563 0.311 0.736 0.0 -0.413 -0.537 0.794 0.0 -0.501 0.345 
0.978 -0.207 0.004 0.004 -0.957 -0.0 0.191 -0.218 -0.949 -0.0 0.288 -0.13 0.95 0.0 0.235 -0.204 0.943 -0.0 0.323 -0.081 -0.742 -0.0 -0.382 -0.551 -0.766 -0.0 -0.562 0.312 0.736 0.0 -0.414 -0.536 0.794 0.0 -0.501 0.346 
0.978 -0.208 0.004 0.004 -0.956 -0.0 0.197 -0.219 -0.949 -0.0 0.289 -0.126 0.949 0.0 0.239 -0.205 0.942 -0.0 0.326 -0.08 -0.742 -0.0 -0.383 -0.55 -0.766 -0.0 -0.562 0.313 0.736 0.0 -0.415 -0.535 0.794 0.0 -0.5 0.347 
0.978 -0.209 0.004 0.003 -0.954 -0.0 0.201 -0.221 -0.949 -0.0 0.29 -0.123 0.948 0.0 0.242 -0.206 0.941 0.0 0.329 -0.08 -0.742 -0.0 -0.384 -0.549 -0.766 -0.0 -0.561 0.314 0.736 0.0 -0.416 -0.534 0.793 0.0 -0.499 0.348 
0.978 -0.209 0.004 0.003 -0.953 -0.0 0.205 -0.224 -0.949 -0.0 0.292 -0.12 0.947 0.0 0.247 -0.207 0.94 -0.0 0.332 -0.08 -0.742 0.0 -0.385 -0.549 -0.766 -0.0 -0.561 0.315 0.736 0.0 -0.417 -0.533 0.794 0.0 -0.499 0.349 
0.978 -0.21 0.004 0.003 -0.951 -0.0 0.21 -0.226 -0.949 -0.0 0.293 -0.117 0.945 0.0 0.25 -0.209 0.938 0.0 0.336 -0.081 -0.742 -0.0 -0.385 -0.549 -0.766 -0.0 -0.56 0.316 0.736 0.0 -0.417 -0.533 0.793 0.0 -0.498 0.349 
0.978 -0.211 0.004 0.003 -0.949 -0.0 0.214 -0.229 -0.949 -0.0 0.295 -0.114 0.944 0.0 0.254 -0.211 0.936 0.0 0.341 -0.081 -0.742 -0.0 -0.386 -0.548 -0.766 -0.0 -0.56 0.317 0.736 0.0 -0.419 -0.532 0.793 0.0 -0.498 0.35 
0.977 -0.211 0.004 0.003 -0.948 0.0 0.219 -0.232 -0.949 -0.0 0.296 -0.112 0.942 0.0 0.258 -0.213 0.935 0.0 0.345 -0.083 -0.742 -0.0 -0.387 -0.548 -0.766 0.0 -0.56 0.317 0.736 0.0 -0.419 -0.532 0.793 -0.0 -0.497 0.351 
0.977 -0.212 0.004 0.003 -0.946 -0.0 0.224 -0.235 -0.948 -0.0 0.298 -0.111 0.941 0.0 0.262 -0.216 0.933 -0.0 0.35 -0.084 -0.742 0.0 -0.388 -0.547 -0.766 0.0 -0.559 0.318 0.736 -0.0 -0.42 -0.531 0.793 0.0 -0.497 0.352 
0.977 -0.212 0.004 0.003 -0.944 -0.0 0.229 -0.238 -0.948 -0.0 0.298 -0.11 0.939 0.0 0.266 -0.218 0.931 0.0 0.354 -0.086 -0.742 -0.0 -0.388 -0.547 -0.766 0.0 -0.559 0.318 0.736 -0.0 -0.42 -0.531 0.793 0.0 -0.496 0.352 
0.977 -0.213 0.004 0.003 -0.942 -0.0 0.234 -0.241 -0.948 -0.0 0.3 -0.11 0.937 0.0 0.269 -0.222 0.929 0.0 0.36 -0.087 -0.742 0.0 -0.388 -0.546 -0.766 -0.0 -0.558 0.319 0.736 0.0 -0.421 -0.531 0.793 0.0 -0.496 0.353 
0.977 -0.213 0.004 0.003 -0.94 -0.0 0.238 -0.244 -0.947 0.0 0.302 -0.11 0.935 0.0 0.273 -0.225 0.927 0.0 0.365 -0.09 -0.742 0.0 -0.389 -0.546 -0.766 -0.0 -0.558 0.319 0.736 0.0 -0.421 -0.53 0.793 0.0 -0.496 0.353 
0.977 -0.213 0.004 0.003 -0.938 0.0 0.243 -0.247 -0.946 -0.0 0.303 -0.111 0.934 0.0 0.277 -0.227 0.925 0.0 0.37 -0.093 -0.742 -0.0 -0.389 -0.546 -0.766 -0.0 -0.558 0.319 0.736 -0.0 -0.421 -0.53 0.793 0.0 -0.496 0.353 
0.977 -0.213 0.004 0.003 -0.936 -0.0 0.247 -0.25 -0.945 -0.0 0.306 -0.111 0.932 0.0 0.281 -0.229 0.922 0.0 0.374 -0.097 -0.743 -0.0 -0.389 -0.545 -0.766 -0.0 -0.558 0.319 0.735 0.0 -0.422 -0.531 0.793 0.0 -0.495 0.354 
0.977 -0.213 0.004 0.003 -0.934 -0.0 0.251 -0.253 -0.944 -0.0 0.31 -0.112 0.93 0.0 0.285 -0.232 0.92 0.0 0.38 -0.1 -0.742 -0.0 -0.389 -0.545 -0.766 0.0 -0.558 0.319 0.733 0.0 -0.421 -0.534 0.791 0.0 -0.495 0.358 
0.977 -0.213 0.004 0.003 -0.932 0.0 0.255 -0.257 -0.943 -0.0 0.314 -0.113 0.928 0.0 0.289 -0.235 0.917 0.0 0.385 -0.104 -0.743 -0.0 -0.389 -0.545 -0.766 -0.0 -0.558 0.319 0.735 0.0 -0.422 -0.531 0.793 0.0 -0.495 0.354 
0.977 -0.213 0.004 0.003 -0.931 -0.0 0.257 -0.26 -0.941 -0.0 0.319 -0.117 0.926 0.0 0.292 -0.241 0.915 0.0 0.39 -0.107 -0.743 -0.0 -0.39 -0.545 -0.766 -0.0 -0.558 0.319 0.735 0.0 -0.422 -0.531 0.793 0.0 -0.495 0.354 
0.977 -0.213 0.004 0.003 -0.929 0.0 0.26 -0.263 -0.939 -0.0 0.323 -0.12 0.923 0.0 0.296 -0.245 0.913 0.0 0.393 -0.112 -0.743 -0.0 -0.389 -0.545 -0.766 0.0 -0.558 0.319 0.735 0.0 -0.422 -0.531 0.793 0.0 -0.495 0.354 
0.977 -0.213 0.004 0.003 -0.927 -0.0 0.263 -0.267 -0.937 -0.0 0.328 -0.125 0.921 0.0 0.3 -0.249 0.911 0.0 0.396 -0.116 -0.743 -0.0 -0.389 -0.545 -0.766 -0.0 -0.558 0.319 0.735 0.0 -0.422 -0.531 0.793 -0.0 -0.495 0.354 
0.977 -0.213 0.004 0.003 -0.925 -0.0 0.266 -0.271 -0.934 -0.0 0.332 -0.129 0.919 0.0 0.304 -0.253 0.91 0.0 0.398 -0.121 -0.743 0.0 -0.389 -0.545 -0.766 -0.0 -0.558 0.319 0.735 0.0 -0.422 -0.531 0.793 0.0 -0.501 0.348 
0.977 -0.213 0.004 0.003 -0.923 -0.0 0.269 -0.274 -0.933 -0.0 0.335 -0.134 0.916 0.0 0.308 -0.258 0.909 0.0 0.399 -0.125 -0.743 -0.0 -0.389 -0.545 -0.766 0.0 -0.558 0.319 0.735 0.0 -0.422 -0.531 0.793 0.0 -0.496 0.354 
0.977 -0.213 0.004 0.004 -0.921 -0.0 0.271 -0.278 -0.931 0.0 0.337 -0.139 0.913 0.0 0.312 -0.262 0.908 0.0 0.399 -0.13 -0.743 0.0 -0.389 -0.545 -0.766 -0.0 -0.558 0.319 0.735 0.0 -0.421 -0.531 0.793 0.0 -0.496 0.354 
0.977 -0.213 0.004 0.003 -0.919 -0.0 0.274 -0.282 -0.93 -0.0 0.339 -0.144 0.91 -0.0 0.315 -0.268 0.907 0.0 0.398 -0.135 -0.743 0.0 -0.389 -0.545 -0.766 -0.0 -0.558 0.319 0.736 0.0 -0.421 -0.531 0.793 0.0 -0.496 0.353 
0.977 -0.212 0.004 0.004 -0.917 0.0 0.277 -0.287 -0.928 0.0 0.34 -0.149 0.908 0.0 0.319 -0.273 0.907 0.0 0.397 -0.139 -0.743 -0.0 -0.389 -0.545 -0.766 0.0 -0.558 0.319 0.735 0.0 -0.421 -0.531 0.793 0.0 -0.496 0.353 
0.977 -0.212 0.004 0.004 -0.914 0.0 0.279 -0.293 -0.928 -0.0 0.34 -0.153 0.905 -0.0 0.323 -0.279 0.907 0.0 0.396 -0.143 -0.743 0.0 -0.389 -0.545 -0.766 -0.0 -0.558 0.318 0.736 -0.0 -0.421 -0.531 0.793 0.0 -0.497 0.352 
0.977 -0.212 0.004 0.004 -0.912 -0.0 0.282 -0.298 -0.927 0.0 0.34 -0.158 0.902 0.0 0.326 -0.284 0.907 0.0 0.394 -0.148 -0.742 -0.0 -0.388 -0.546 -0.766 -0.0 -0.558 0.319 0.736 0.0 -0.42 -0.531 0.793 0.0 -0.497 0.352 
0.977 -0.212 0.004 0.004 -0.91 -0.0 0.284 -0.304 -0.927 -0.0 0.338 -0.164 0.899 0.0 0.329 -0.29 0.907 -0.0 0.391 -0.153 -0.742 -0.0 -0.388 -0.546 -0.766 -0.0 -0.559 0.318 0.736 0.0 -0.42 -0.531 0.793 0.0 -0.497 0.352 
0.977 -0.212 0.004 0.004 -0.907 -0.0 0.285 -0.31 -0.926 0.0 0.337 -0.168 0.896 0.0 0.332 -0.296 0.908 0.0 0.389 -0.157 -0.742 -0.0 -0.388 -0.546 -0.766 -0.0 -0.559 0.319 0.736 0.0 -0.42 -0.531 0.793 0.0 -0.497 0.351 
0.977 -0.212 0.004 0.004 -0.905 0.0 0.286 -0.316 -0.926 -0.0 0.336 -0.172 0.893 0.0 0.334 -0.301 0.909 0.0 0.385 -0.163 -0.742 -0.0 -0.387 -0.547 -0.766 -0.0 -0.559 0.318 0.736 0.0 -0.42 -0.531 0.793 0.0 -0.498 0.351 
0.977 -0.211 0.004 0.004 -0.902 -0.0 0.287 -0.322 -0.925 -0.0 0.335 -0.177 0.89 0.0 0.336 -0.307 0.909 0.0 0.382 -0.168 -0.742 -0.0 -0.387 -0.547 -0.766 -0.0 -0.559 0.318 0.736 0.0 -0.419 -0.532 0.793 -0.0 -0.498 0.35 
0.977 -0.211 0.004 0.004 -0.9 -0.0 0.288 -0.328 -0.925 -0.0 0.333 -0.181 0.888 -0.0 0.338 -0.314 0.909 0.0 0.379 -0.173 -0.742 -0.0 -0.387 -0.547 -0.766 -0.0 -0.559 0.318 0.736 0.0 -0.419 -0.532 0.793 0.0 -0.498 0.35 
0.978 -0.211 0.004 0.004 -0.897 0.0 0.287 -0.335 -0.925 -0.0 0.333 -0.185 0.885 0.0 0.338 -0.32 0.909 0.0 0.376 -0.177 -0.742 -0.0 -0.386 -0.548 -0.766 0.0 -0.559 0.318 0.736 0.0 -0.418 -0.532 0.793 0.0 -0.498 0.35 
0.978 -0.21 0.004 0.004 -0.895 -0.0 0.287 -0.342 -0.925 -0.0 0.331 -0.189 0.882 -0.0 0.339 -0.328 0.91 0.0 0.374 -0.181 -0.742 0.0 -0.386 -0.548 -0.766 0.0 -0.559 0.317 0.736 0.0 -0.418 -0.532 0.793 -0.0 -0.498 0.349 
0.978 -0.21 0.004 0.004 -0.892 -0.0 0.286 -0.349 -0.924 0.0 0.329 -0.193 0.879 0.0 0.339 -0.335 0.91 0.0 0.371 -0.186 -0.742 -0.0 -0.386 -0.548 -0.766 -0.0 -0.56 0.317 0.736 0.0 -0.418 -0.533 0.793 0.0 -0.499 0.349 
0.978 -0.209 0.004 0.004 -0.89 -0.0 0.285 -0.356 -0.924 -0.0 0.327 -0.197 0.877 -0.0 0.339 -0.341 0.91 0.0 0.368 -0.191 -0.742 -0.0 -0.385 -0.549 -0.766 -0.0 -0.56 0.316 0.736 0.0 -0.417 -0.533 0.794 0.0 -0.499 0.348 
0.978 -0.209 0.004 0.004 -0.888 0.0 0.283 -0.363 -0.924 -0.0 0.325 -0.202 0.874 0.0 0.338 -0.348 0.91 0.0 0.365 -0.196 -0.742 -0.0 -0.385 -0.549 -0.766 -0.0 -0.56 0.316 0.736 0.0 -0.417 -0.534 0.793 0.0 -0.499 0.349 
0.978 -0.208 0.004 0.004 -0.886 -0.0 0.281 -0.37 -0.923 -0.0 0.324 -0.206 0.872 0.0 0.337 -0.355 0.91 0.0 0.363 -0.2 -0.742 -0.0 -0.384 -0.55 -0.766 -0.0 -0.56 0.315 0.736 0.0 -0.416 -0.534 0.794 0.0 -0.499 0.348 
0.978 -0.208 0.004 0.004 -0.883 -0.0 0.279 -0.377 -0.923 0.0 0.322 -0.21 0.87 0.0 0.335 -0.362 0.91 -0.0 0.361 -0.204 -0.742 -0.0 -0.383 -0.55 -0.766 -0.0 -0.561 0.315 0.736 0.0 -0.416 -0.535 0.794 0.0 -0.5 0.347 
0.978 -0.207 0.004 0.004 -0.881 -0.0 0.275 -0.385 -0.923 -0.0 0.32 -0.213 0.868 0.0 0.333 -0.369 0.91 0.0 0.359 -0.207 -0.742 0.0 -0.383 -0.55 -0.766 -0.0 -0.561 0.314 0.736 0.0 -0.415 -0.535 0.794 0.0 -0.5 0.347 
0.978 -0.207 0.004 0.004 -0.879 -0.0 0.272 -0.392 -0.923 -0.0 0.319 -0.217 0.865 0.0 0.331 -0.376 0.91 0.0 0.356 -0.211 -0.742 -0.0 -0.382 -0.551 -0.766 0.0 -0.561 0.313 0.735 -0.0 -0.415 -0.536 0.794 0.0 -0.5 0.346 
0.979 -0.206 0.004 0.004 -0.877 0.0 0.269 -0.399 -0.923 -0.0 0.316 -0.221 0.863 0.0 0.328 -0.383 0.91 0.0 0.354 -0.215 -0.742 -0.0 -0.381 -0.551 -0.766 0.0 -0.562 0.312 0.735 0.0 -0.414 -0.536 0.794 -0.0 -0.501 0.346 
0.979 -0.205 0.004 0.004 -0.875 -0.0 0.266 -0.405 -0.923 -0.0 0.313 -0.225 0.862 0.0 0.325 -0.39 0.91 -0.0 0.352 -0.218 -0.742 -0.0 -0.38 -0.552 -0.766 -0.0 -0.562 0.311 0.736 0.0 -0.413 -0.537 0.794 0.0 -0.501 0.344 
0.979 -0.204 0.004 0.004 -0.873 -0.0 0.262 -0.411 -0.922 -0.0 0.312 -0.228 0.86 0.0 0.322 -0.397 0.91 0.0 0.351 -0.221 -0.742 -0.0 -0.379 -0.553 -0.766 0.0 -0.563 0.31 0.736 0.0 -0.412 -0.538 0.794 -0.0 -0.502 0.344 
0.979 -0.203 0.004 0.004 -0.871 -0.0 0.259 -0.417 -0.923 -0.0 0.308 -0.232 0.858 0.0 0.318 -0.403 0.911 0.0 0.346 -0.225 -0.742 -0.0 -0.378 -0.553 -0.766 -0.0 -0.564 0.309 0.736 -0.0 -0.411 -0.539 0.794 0.0 -0.502 0.343 
0.979 -0.202 0.004 0.004 -0.87 -0.0 0.254 -0.423 -0.923 0.0 0.306 -0.235 0.857 0.0 0.313 -0.409 0.91 0.0 0.346 -0.229 -0.742 -0.0 -0.377 -0.554 -0.766 -0.0 -0.564 0.308 0.736 0.0 -0.41 -0.539 0.794 0.0 -0.503 0.342 
0.98 -0.201 0.004 0.004 -0.868 -0.0 0.25 -0.429 -0.923 -0.0 0.304 -0.237 0.855 -0.0 0.31 -0.415 0.911 0.0 0.343 -0.231 -0.742 -0.0 -0.376 -0.555 -0.766 -0.0 -0.565 0.306 0.736 0.0 -0.409 -0.54 0.794 0.0 -0.504 0.34 
0.98 -0.2 0.004 0.004 -0.866 -0.0 0.246 -0.435 -0.923 -0.0 0.301 -0.24 0.854 0.0 0.305 -0.421 0.911 0.0 0.341 -0.234 -0.742 -0.0 -0.375 -0.556 -0.766 -0.0 -0.566 0.305 0.736 -0.0 -0.407 -0.541 0.794 0.0 -0.505 0.339 
0.98 -0.199 0.004 0.004 -0.865 -0.0 0.241 -0.441 -0.923 -0.0 0.3 -0.241 0.853 0.0 0.3 -0.426 0.911 0.0 0.339 -0.237 -0.742 -0.0 -0.373 -0.557 -0.766 -0.0 -0.567 0.304 0.736 0.0 -0.406 -0.542 0.794 0.0 -0.506 0.338 
0.98 -0.198 0.004 0.004 -0.863 -0.0 0.235 -0.447 -0.924 0.0 0.297 -0.243 0.852 -0.0 0.295 -0.432 0.91 0.0 0.336 -0.241 -0.742 -0.0 -0.372 -0.557 -0.766 -0.0 -0.567 0.303 0.736 0.0 -0.405 -0.543 0.794 0.0 -0.506 0.337 
0.98 -0.197 0.004 0.004 -0.862 -0.0 0.232 -0.451 -0.924 -0.0 0.294 -0.245 0.851 0.0 0.29 -0.437 0.911 -0.0 0.334 -0.243 -0.742 -0.0 -0.371 -0.558 -0.766 -0.0 -0.568 0.301 0.736 -0.0 -0.404 -0.544 0.794 0.0 -0.507 0.335 
0.981 -0.196 0.004 0.004 -0.861 -0.0 0.227 -0.456 -0.925 -0.0 0.29 -0.246 0.851 0.0 0.285 -0.442 0.91 -0.0 0.332 -0.247 -0.742 -0.0 -0.37 -0.559 -0.766 -0.0 -0.568 0.3 0.736 -0.0 -0.402 -0.545 0.794 0.0 -0.508 0.334 
0.981 -0.194 0.004 0.004 -0.859 -0.0 0.223 -0.46 -0.926 -0.0 0.286 -0.247 0.85 0.0 0.28 -0.445 0.911 -0.0 0.328 -0.251 -0.742 -0.0 -0.368 -0.56 -0.766 -0.0 -0.569 0.298 0.736 0.0 -0.401 -0.546 0.794 0.0 -0.509 0.333 
0.981 -0.193 0.004 0.004 -0.859 -0.0 0.219 -0.463 -0.926 -0.0 0.282 -0.249 0.85 0.0 0.275 -0.45 0.911 0.0 0.326 -0.253 -0.742 -0.0 -0.367 -0.561 -0.766 -0.0 -0.57 0.297 0.736 0.0 -0.4 -0.547 0.794 -0.0 -0.51 0.331 
0.981 -0.192 0.004 0.004 -0.858 0.0 0.215 -0.466 -0.927 -0.0 0.279 -0.25 0.85 0.0 0.269 -0.453 0.911 0.0 0.323 -0.257 -0.742 -0.0 -0.365 -0.562 -0.766 -0.0 -0.57 0.296 0.736 0.0 -0.398 -0.548 0.794 0.0 -0.51 0.331 
0.982 -0.191 0.004 0.004 -0.858 -0.0 0.211 -0.469 -0.928 -0.0 0.275 -0.252 0.85 0.0 0.265 -0.455 0.911 0.0 0.319 -0.26 -0.742 -0.0 -0.364 -0.563 -0.766 -0.0 -0.571 0.295 0.736 0.0 -0.397 -0.549 0.794 0.0 -0.511 0.329 
0.982 -0.189 0.004 0.004 -0.857 -0.0 0.208 -0.471 -0.929 -0.0 0.271 -0.253 0.85 -0.0 0.26 -0.458 0.911 0.0 0.316 -0.263 -0.742 0.0 -0.363 -0.564 -0.766 -0.0 -0.572 0.293 0.735 0.0 -0.396 -0.55 0.794 0.0 -0.512 0.328 
0.982 -0.188 0.004 0.004 -0.857 0.0 0.204 -0.473 -0.929 -0.0 0.268 -0.255 0.85 0.0 0.255 -0.46 0.912 0.0 0.312 -0.266 -0.742 -0.0 -0.361 -0.565 -0.766 -0.0 -0.572 0.292 0.735 0.0 -0.395 -0.551 0.794 0.0 -0.512 0.327 
0.982 -0.187 0.004 0.004 -0.858 -0.0 0.2 -0.474 -0.93 -0.0 0.265 -0.257 0.851 0.0 0.249 -0.463 0.912 0.0 0.309 -0.269 -0.742 -0.0 -0.36 -0.565 -0.766 0.0 -0.573 0.291 0.735 0.0 -0.393 -0.552 0.794 0.0 -0.513 0.326 
0.983 -0.186 0.004 0.005 -0.859 -0.0 0.197 -0.473 -0.93 -0.0 0.263 -0.258 0.852 0.0 0.245 -0.463 0.913 -0.0 0.305 -0.271 -0.742 0.0 -0.359 -0.566 -0.766 0.0 -0.574 0.289 0.735 0.0 -0.392 -0.553 0.794 0.0 -0.513 0.324 
0.983 -0.185 0.004 0.005 -0.859 -0.0 0.193 -0.474 -0.93 -0.0 0.26 -0.259 0.852 0.0 0.241 -0.464 0.914 0.0 0.301 -0.273 -0.742 -0.0 -0.358 -0.567 -0.766 -0.0 -0.574 0.288 0.735 0.0 -0.391 -0.554 0.794 0.0 -0.514 0.324 
0.983 -0.184 0.004 0.005 -0.86 -0.0 0.19 -0.474 -0.93 -0.0 0.258 -0.26 0.854 0.0 0.236 -0.464 0.914 0.0 0.297 -0.276 -0.742 -0.0 -0.356 -0.568 -0.766 -0.0 -0.575 0.287 0.735 -0.0 -0.39 -0.555 0.794 0.0 -0.515 0.323 
0.983 -0.183 0.004 0.005 -0.861 -0.0 0.187 -0.473 -0.931 -0.0 0.255 -0.262 0.855 0.0 0.232 -0.464 0.915 0.0 0.293 -0.279 -0.742 -0.0 -0.355 -0.568 -0.766 -0.0 -0.575 0.286 0.735 0.0 -0.389 -0.556 0.794 0.0 -0.515 0.322 
0.983 -0.182 0.004 0.005 -0.862 -0.0 0.184 -0.472 -0.932 -0.0 0.25 -0.263 0.856 0.0 0.228 -0.464 0.915 -0.0 0.29 -0.281 -0.742 -0.0 -0.354 -0.569 -0.767 -0.0 -0.575 0.285 0.735 0.0 -0.387 -0.557 0.795 -0.0 -0.516 0.321 
0.983 -0.181 0.003 0.005 -0.864 0.0 0.18 -0.47 -0.932 -0.0 0.248 -0.264 0.858 0.0 0.224 -0.463 0.916 0.0 0.286 -0.282 -0.741 0.0 -0.355 -0.57 -0.767 -0.0 -0.575 0.284 0.735 0.0 -0.386 -0.557 0.795 0.0 -0.516 0.321 
0.984 -0.181 0.004 0.005 -0.865 -0.0 0.177 -0.469 -0.933 -0.0 0.245 -0.265 0.86 0.0 0.22 -0.461 0.916 0.0 0.283 -0.284 -0.742 0.0 -0.353 -0.57 -0.767 -0.0 -0.576 0.284 0.734 0.0 -0.386 -0.558 0.795 -0.0 -0.516 0.319 
0.984 -0.18 0.003 0.005 -0.867 -0.0 0.172 -0.467 -0.933 -0.0 0.242 -0.266 0.861 0.0 0.216 -0.46 0.917 0.0 0.28 -0.285 -0.741 -0.0 -0.354 -0.571 -0.767 -0.0 -0.576 0.283 0.735 0.0 -0.385 -0.558 0.795 0.0 -0.516 0.319 
0.984 -0.179 0.003 0.006 -0.869 -0.0 0.169 -0.464 -0.934 0.0 0.24 -0.266 0.863 0.0 0.212 -0.458 0.917 0.0 0.276 -0.286 -0.741 -0.0 -0.353 -0.571 -0.767 -0.0 -0.576 0.283 0.735 0.0 -0.384 -0.559 0.795 -0.0 -0.516 0.319 
0.984 -0.179 0.002 0.006 -0.872 -0.0 0.166 -0.461 -0.934 0.0 0.238 -0.266 0.865 -0.0 0.21 -0.455 0.918 0.0 0.273 -0.287 -0.741 -0.0 -0.352 -0.572 -0.767 -0.0 -0.576 0.282 0.735 0.0 -0.383 -0.56 0.795 0.0 -0.517 0.318 
0.984 -0.178 0.002 0.006 -0.874 -0.0 0.163 -0.458 -0.935 -0.0 0.235 -0.266 0.868 0.0 0.205 -0.452 0.918 0.0 0.272 -0.289 -0.741 -0.0 -0.352 -0.572 -0.767 -0.0 -0.576 0.282 0.735 0.0 -0.383 -0.56 0.795 0.0 -0.517 0.317 
0.984 -0.178 0.002 0.006 -0.876 -0.0 0.16 -0.455 -0.935 -0.0 0.234 -0.265 0.871 0.0 0.202 -0.449 0.919 0.0 0.268 -0.288 -0.741 0.0 -0.351 -0.573 -0.767 -0.0 -0.576 0.281 0.735 0.0 -0.382 -0.56 0.795 0.0 -0.517 0.317 
0.984 -0.178 0.002 0.006 -0.879 -0.0 0.156 -0.451 -0.936 -0.0 0.232 -0.264 0.873 0.0 0.199 -0.445 0.92 0.0 0.266 -0.288 -0.741 -0.0 -0.351 -0.573 -0.767 -0.0 -0.576 0.281 0.735 0.0 -0.382 -0.561 0.795 0.0 -0.517 0.316 
0.984 -0.177 0.002 0.006 -0.881 -0.0 0.153 -0.448 -0.937 -0.0 0.23 -0.263 0.876 0.0 0.196 -0.441 0.92 0.0 0.265 -0.288 -0.74 -0.0 -0.351 -0.573 -0.767 -0.0 -0.577 0.281 0.735 0.0 -0.382 -0.561 0.795 0.0 -0.518 0.316 
0.984 -0.177 0.003 0.006 -0.884 -0.0 0.149 -0.444 -0.937 -0.0 0.23 -0.262 0.879 0.0 0.192 -0.436 0.921 -0.0 0.262 -0.288 -0.741 -0.0 -0.349 -0.573 -0.767 -0.0 -0.577 0.281 0.734 0.0 -0.382 -0.561 0.795 0.0 -0.518 0.315 
0.984 -0.178 0.003 0.006 -0.886 -0.0 0.145 -0.44 -0.938 -0.0 0.229 -0.26 0.881 0.0 0.188 -0.433 0.922 0.0 0.261 -0.286 -0.741 -0.0 -0.349 -0.573 -0.767 -0.0 -0.577 0.281 0.734 0.0 -0.382 -0.561 0.795 -0.0 -0.518 0.315 
0.984 -0.178 0.003 0.006 -0.889 0.0 0.142 -0.435 -0.939 -0.0 0.229 -0.257 0.884 0.0 0.185 -0.429 0.923 -0.0 0.26 -0.285 -0.741 -0.0 -0.349 -0.573 -0.767 -0.0 -0.577 0.281 0.734 0.0 -0.382 -0.561 0.795 0.0 -0.518 0.315 
0.984 -0.178 0.003 0.006 -0.892 -0.0 0.139 -0.431 -0.94 -0.0 0.227 -0.256 0.887 0.0 0.183 -0.424 0.924 0.0 0.259 -0.283 -0.741 -0.0 -0.349 -0.573 -0.767 0.0 -0.577 0.281 0.734 0.0 -0.382 -0.561 0.795 0.0 -0.518 0.315 
0.984 -0.178 0.003 0.006 -0.895 0.0 0.136 -0.426 -0.94 -0.0 0.227 -0.254 0.89 0.0 0.18 -0.419 0.925 -0.0 0.258 -0.28 -0.741 -0.0 -0.349 -0.573 -0.767 -0.0 -0.577 0.281 0.735 0.0 -0.382 -0.561 0.795 0.0 -0.518 0.315 
0.984 -0.178 0.003 0.006 -0.897 -0.0 0.134 -0.42 -0.941 0.0 0.227 -0.252 0.893 0.0 0.178 -0.414 0.926 0.0 0.258 -0.277 -0.741 -0.0 -0.35 -0.573 -0.767 -0.0 -0.577 0.281 0.735 0.0 -0.382 -0.56 0.795 0.0 -0.518 0.315 
0.984 -0.178 0.003 0.006 -0.9 -0.0 0.131 -0.415 -0.941 -0.0 0.226 -0.25 0.895 -0.0 0.175 -0.41 0.927 -0.0 0.258 -0.274 -0.742 -0.0 -0.35 -0.572 -0.767 -0.0 -0.577 0.282 0.735 0.0 -0.383 -0.56 0.795 0.0 -0.518 0.315 
0.984 -0.179 0.003 0.006 -0.903 -0.0 0.129 -0.41 -0.942 -0.0 0.226 -0.248 0.898 0.0 0.174 -0.405 0.928 0.0 0.256 -0.272 -0.742 -0.0 -0.35 -0.572 -0.767 -0.0 -0.577 0.282 0.735 0.0 -0.383 -0.56 0.795 0.0 -0.518 0.316 
0.984 -0.179 0.003 0.006 -0.906 -0.0 0.126 -0.404 -0.942 -0.0 0.225 -0.247 0.9 0.0 0.173 -0.4 0.929 0.0 0.254 -0.269 -0.742 -0.0 -0.351 -0.572 -0.767 -0.0 -0.577 0.282 0.735 0.0 -0.383 -0.56 0.795 -0.0 -0.518 0.316 
0.984 -0.179 0.003 0.006 -0.909 -0.0 0.125 -0.397 -0.943 -0.0 0.224 -0.246 0.902 0.0 0.172 -0.395 0.931 0.0 0.254 -0.264 -0.742 0.0 -0.351 -0.571 -0.767 -0.0 -0.576 0.282 0.735 0.0 -0.384 -0.559 0.795 -0.0 -0.518 0.316 
0.984 -0.18 0.003 0.006 -0.912 0.0 0.123 -0.391 -0.943 -0.0 0.224 -0.245 0.905 0.0 0.172 -0.39 0.932 0.0 0.253 -0.259 -0.742 -0.0 -0.352 -0.571 -0.767 -0.0 -0.576 0.283 0.735 -0.0 -0.384 -0.559 0.795 0.0 -0.517 0.317 
0.984 -0.18 0.003 0.006 -0.915 -0.0 0.122 -0.385 -0.944 -0.0 0.223 -0.244 0.907 0.0 0.172 -0.384 0.934 0.0 0.25 -0.257 -0.742 -0.0 -0.352 -0.571 -0.767 0.0 -0.576 0.283 0.735 0.0 -0.385 -0.558 0.795 -0.0 -0.517 0.317 
0.983 -0.181 0.003 0.006 -0.918 -0.0 0.121 -0.377 -0.944 -0.0 0.222 -0.244 0.909 0.0 0.173 -0.379 0.935 0.0 0.249 -0.252 -0.742 0.0 -0.353 -0.57 -0.767 -0.0 -0.576 0.284 0.735 0.0 -0.386 -0.558 0.795 0.0 -0.517 0.318 
0.983 -0.181 0.003 0.005 -0.921 -0.0 0.121 -0.37 -0.944 -0.0 0.222 -0.242 0.911 0.0 0.173 -0.374 0.937 0.0 0.248 -0.248 -0.742 -0.0 -0.354 -0.569 -0.767 0.0 -0.575 0.284 0.735 0.0 -0.386 -0.558 0.795 0.0 -0.516 0.319 
0.983 -0.182 0.003 0.005 -0.924 -0.0 0.119 -0.364 -0.945 -0.0 0.222 -0.241 0.913 -0.0 0.173 -0.368 0.938 0.0 0.248 -0.243 -0.742 -0.0 -0.354 -0.569 -0.767 -0.0 -0.575 0.285 0.735 -0.0 -0.387 -0.557 0.795 0.0 -0.516 0.319 
0.983 -0.183 0.003 0.005 -0.927 -0.0 0.119 -0.356 -0.945 -0.0 0.223 -0.24 0.915 -0.0 0.174 -0.363 0.939 0.0 0.247 -0.24 -0.742 -0.0 -0.355 -0.568 -0.767 0.0 -0.575 0.285 0.735 0.0 -0.388 -0.556 0.795 0.0 -0.516 0.32 
0.983 -0.183 0.003 0.005 -0.93 -0.0 0.118 -0.349 -0.945 -0.0 0.224 -0.239 0.918 0.0 0.175 -0.357 0.939 0.0 0.248 -0.237 -0.742 -0.0 -0.356 -0.568 -0.767 -0.0 -0.574 0.286 0.735 0.0 -0.388 -0.556 0.795 -0.0 -0.515 0.321 
0.983 -0.184 0.003 0.005 -0.932 -0.0 0.117 -0.342 -0.945 -0.0 0.225 -0.237 0.92 0.0 0.176 -0.351 0.94 0.0 0.248 -0.232 -0.742 -0.0 -0.357 -0.567 -0.767 -0.0 -0.574 0.287 0.735 0.0 -0.389 -0.555 0.794 0.0 -0.515 0.322 
0.983 -0.185 0.003 0.005 -0.935 -0.0 0.116 -0.335 -0.945 -0.0 0.228 -0.235 0.922 0.0 0.177 -0.345 0.941 0.0 0.248 -0.23 -0.742 0.0 -0.358 -0.567 -0.767 -0.0 -0.573 0.287 0.736 0.0 -0.39 -0.554 0.794 -0.0 -0.514 0.323 
0.983 -0.186 0.003 0.005 -0.938 -0.0 0.116 -0.328 -0.945 -0.0 0.23 -0.233 0.924 0.0 0.179 -0.339 0.942 0.0 0.248 -0.227 -0.742 -0.0 -0.359 -0.566 -0.767 0.0 -0.573 0.288 0.735 -0.0 -0.391 -0.554 0.794 -0.0 -0.514 0.324 
0.982 -0.186 0.003 0.005 -0.94 -0.0 0.115 -0.321 -0.945 -0.0 0.232 -0.231 0.926 -0.0 0.18 -0.333 0.942 0.0 0.249 -0.225 -0.742 -0.0 -0.36 -0.566 -0.767 -0.0 -0.572 0.289 0.736 0.0 -0.392 -0.553 0.794 0.0 -0.513 0.324 
0.982 -0.187 0.003 0.004 -0.942 -0.0 0.116 -0.314 -0.945 0.0 0.233 -0.228 0.928 0.0 0.181 -0.326 0.942 0.0 0.25 -0.222 -0.742 0.0 -0.361 -0.565 -0.767 0.0 -0.572 0.29 0.736 0.0 -0.393 -0.552 0.794 0.0 -0.513 0.326 
0.982 -0.188 0.003 0.004 -0.945 -0.0 0.116 -0.307 -0.945 -0.0 0.235 -0.226 0.93 0.0 0.183 -0.32 0.943 0.0 0.251 -0.221 -0.742 -0.0 -0.362 -0.564 -0.767 -0.0 -0.572 0.291 0.736 0.0 -0.394 -0.551 0.794 0.0 -0.512 0.327 
0.982 -0.189 0.003 0.004 -0.947 -0.0 0.116 -0.3 -0.945 -0.0 0.237 -0.223 0.931 0.0 0.185 -0.314 0.943 0.0 0.252 -0.218 -0.742 -0.0 -0.363 -0.564 -0.767 -0.0 -0.571 0.292 0.736 0.0 -0.395 -0.55 0.794 0.0 -0.512 0.328 
0.982 -0.19 0.003 0.004 -0.949 0.0 0.117 -0.293 -0.946 -0.0 0.239 -0.221 0.933 0.0 0.187 -0.308 0.943 0.0 0.253 -0.216 -0.742 0.0 -0.364 -0.563 -0.767 -0.0 -0.57 0.293 0.736 0.0 -0.396 -0.55 0.794 0.0 -0.511 0.329 
0.982 -0.191 0.003 0.004 -0.951 -0.0 0.118 -0.287 -0.946 -0.0 0.241 -0.216 0.934 0.0 0.189 -0.302 0.943 -0.0 0.254 -0.214 -0.742 -0.0 -0.365 -0.562 -0.767 -0.0 -0.57 0.294 0.736 0.0 -0.397 -0.549 0.794 -0.0 -0.51 0.33 
0.981 -0.192 0.003 0.004 -0.952 -0.0 0.119 -0.281 -0.946 -0.0 0.243 -0.213 0.936 0.0 0.192 -0.296 0.943 0.0 0.255 -0.212 -0.742 -0.0 -0.366 -0.562 -0.767 0.0 -0.569 0.295 0.736 0.0 -0.398 -0.548 0.794 -0.0 -0.51 0.331 
0.981 -0.193 0.003 0.004 -0.954 -0.0 0.12 -0.276 -0.947 -0.0 0.245 -0.209 0.937 0.0 0.194 -0.29 0.944 0.0 0.257 -0.21 -0.742 -0.0 -0.367 -0.561 -0.767 0.0 -0.569 0.296 0.736 0.0 -0.399 -0.547 0.794 0.0 -0.509 0.332 
0.981 -0.194 0.003 0.004 -0.955 -0.0 0.121 -0.27 -0.947 -0.0 0.247 -0.206 0.938 0.0 0.196 -0.285 0.944 -0.0 0.258 -0.207 -0.742 -0.0 -0.369 -0.56 -0.767 -0.0 -0.568 0.297 0.736 0.0 -0.4 -0.547 0.794 0.0 -0.508 0.333 
0.981 -0.195 0.003 0.004 -0.957 -0.0 0.123 -0.264 -0.947 -0.0 0.25 -0.202 0.939 0.0 0.199 -0.279 0.944 0.0 0.258 -0.205 -0.742 0.0 -0.37 -0.559 -0.767 -0.0 -0.568 0.298 0.736 0.0 -0.401 -0.546 0.794 0.0 -0.508 0.335 
0.981 -0.196 0.003 0.004 -0.958 0.0 0.124 -0.26 -0.947 -0.0 0.252 -0.198 0.94 -0.0 0.202 -0.274 0.944 0.0 0.26 -0.201 -0.742 -0.0 -0.371 -0.558 -0.767 -0.0 -0.567 0.299 0.736 0.0 -0.402 -0.545 0.794 -0.0 -0.507 0.336 
0.98 -0.197 0.003 0.004 -0.959 -0.0 0.125 -0.256 -0.947 -0.0 0.255 -0.193 0.941 0.0 0.204 -0.269 0.945 0.0 0.261 -0.198 -0.742 -0.0 -0.372 -0.557 -0.767 -0.0 -0.567 0.3 0.735 0.0 -0.404 -0.544 0.794 0.0 -0.506 0.337 
0.98 -0.198 0.003 0.004 -0.959 -0.0 0.127 -0.252 -0.947 -0.0 0.258 -0.189 0.942 0.0 0.206 -0.266 0.945 0.0 0.264 -0.193 -0.742 -0.0 -0.373 -0.556 -0.767 -0.0 -0.566 0.302 0.736 0.0 -0.405 -0.543 0.794 0.0 -0.506 0.338 
0.98 -0.199 0.003 0.004 -0.96 0.0 0.13 -0.248 -0.947 -0.0 0.261 -0.186 0.942 0.0 0.209 -0.262 0.945 0.0 0.266 -0.188 -0.742 0.0 -0.375 -0.555 -0.767 -0.0 -0.565 0.303 0.736 0.0 -0.406 -0.542 0.794 0.0 -0.505 0.339 
0.98 -0.2 0.003 0.004 -0.961 -0.0 0.132 -0.244 -0.947 -0.0 0.264 -0.183 0.943 -0.0 0.211 -0.258 0.946 -0.0 0.268 -0.183 -0.742 -0.0 -0.376 -0.555 -0.767 -0.0 -0.565 0.304 0.736 0.0 -0.407 -0.542 0.794 0.0 -0.504 0.34 
0.979 -0.201 0.003 0.004 -0.961 -0.0 0.134 -0.24 -0.946 -0.0 0.268 -0.18 0.943 0.0 0.213 -0.256 0.946 0.0 0.271 -0.178 -0.742 0.0 -0.377 -0.554 -0.767 0.0 -0.564 0.305 0.736 0.0 -0.409 -0.54 0.794 0.0 -0.503 0.342 
0.979 -0.202 0.003 0.004 -0.962 0.0 0.136 -0.237 -0.946 -0.0 0.272 -0.177 0.943 0.0 0.216 -0.253 0.946 0.0 0.274 -0.173 -0.742 -0.0 -0.378 -0.553 -0.767 -0.0 -0.563 0.307 0.736 0.0 -0.41 -0.539 0.793 -0.0 -0.503 0.342 
0.979 -0.204 0.003 0.004 -0.962 -0.0 0.139 -0.234 -0.945 -0.0 0.275 -0.176 0.943 0.0 0.219 -0.251 0.947 0.0 0.276 -0.167 -0.743 -0.0 -0.38 -0.552 -0.767 -0.0 -0.563 0.308 0.736 0.0 -0.411 -0.538 0.793 -0.0 -0.502 0.344 
0.979 -0.205 0.003 0.004 -0.962 -0.0 0.143 -0.231 -0.945 -0.0 0.279 -0.172 0.943 0.0 0.221 -0.249 0.946 0.0 0.279 -0.162 -0.742 -0.0 -0.381 -0.551 -0.767 0.0 -0.562 0.309 0.736 -0.0 -0.412 -0.537 0.794 -0.0 -0.502 0.345 
0.979 -0.206 0.003 0.004 -0.962 0.0 0.146 -0.229 -0.944 -0.0 0.282 -0.173 0.943 0.0 0.223 -0.249 0.947 0.0 0.283 -0.154 -0.742 -0.0 -0.382 -0.55 -0.767 -0.0 -0.561 0.311 0.736 0.0 -0.414 -0.536 0.794 0.0 -0.501 0.346 
0.978 -0.207 0.003 0.004 -0.962 -0.0 0.149 -0.227 -0.943 -0.0 0.286 -0.17 0.942 0.0 0.226 -0.247 0.947 0.0 0.287 -0.148 -0.742 0.0 -0.384 -0.549 -0.767 -0.0 -0.561 0.312 0.736 0.0 -0.415 -0.535 0.794 0.0 -0.5 0.347 
0.978 -0.208 0.003 0.003 -0.962 -0.0 0.153 -0.226 -0.942 -0.0 0.289 -0.169 0.942 0.0 0.229 -0.246 0.947 0.0 0.289 -0.142 -0.742 -0.0 -0.385 -0.549 -0.767 -0.0 -0.56 0.314 0.736 0.0 -0.415 -0.534 0.794 0.0 -0.5 0.347 
0.978 -0.209 0.003 0.004 -0.962 -0.0 0.157 -0.224 -0.942 -0.0 0.292 -0.169 0.941 0.0 0.231 -0.247 0.946 0.0 0.293 -0.136 -0.742 0.0 -0.386 -0.548 -0.767 -0.0 -0.559 0.315 0.736 0.0 -0.417 -0.533 0.794 0.0 -0.499 0.349 
0.978 -0.21 0.003 0.003 -0.961 -0.0 0.162 -0.222 -0.941 -0.0 0.294 -0.168 0.94 0.0 0.235 -0.247 0.946 0.0 0.297 -0.131 -0.742 -0.0 -0.387 -0.547 -0.767 -0.0 -0.559 0.316 0.736 0.0 -0.418 -0.532 0.794 0.0 -0.498 0.349 
0.978 -0.211 0.003 0.003 -0.961 -0.0 0.167 -0.221 -0.94 0.0 0.296 -0.168 0.939 0.0 0.238 -0.247 0.946 0.0 0.299 -0.125 -0.742 -0.0 -0.388 -0.547 -0.767 -0.0 -0.558 0.317 0.736 0.0 -0.419 -0.532 0.794 -0.0 -0.497 0.351 
0.977 -0.211 0.003 0.003 -0.96 -0.0 0.171 -0.221 -0.939 -0.0 0.3 -0.167 0.938 0.0 0.243 -0.248 0.946 0.0 0.302 -0.12 -0.742 -0.0 -0.389 -0.546 -0.767 -0.0 -0.558 0.318 0.736 -0.0 -0.419 -0.531 0.794 0.0 -0.497 0.351 
0.977 -0.212 0.003 0.003 -0.959 -0.0 0.176 -0.221 -0.938 -0.0 0.302 -0.168 0.937 0.0 0.246 -0.25 0.945 -0.0 0.306 -0.114 -0.742 -0.0 -0.39 -0.546 -0.767 -0.0 -0.557 0.319 0.737 0.0 -0.42 -0.53 0.794 -0.0 -0.497 0.352 
0.977 -0.213 0.003 0.003 -0.958 -0.0 0.181 -0.221 -0.938 0.0 0.304 -0.166 0.935 0.0 0.251 -0.251 0.945 0.0 0.309 -0.111 -0.742 -0.0 -0.39 -0.545 -0.767 -0.0 -0.557 0.32 0.737 0.0 -0.421 -0.529 0.794 0.0 -0.496 0.352 
0.977 -0.213 0.003 0.003 -0.957 -0.0 0.187 -0.222 -0.937 -0.0 0.307 -0.167 0.933 -0.0 0.255 -0.252 0.944 0.0 0.312 -0.107 -0.742 -0.0 -0.391 -0.545 -0.767 -0.0 -0.556 0.32 0.737 0.0 -0.422 -0.529 0.794 0.0 -0.496 0.352 
0.977 -0.214 0.003 0.003 -0.956 -0.0 0.191 -0.223 -0.936 0.0 0.309 -0.165 0.932 0.0 0.259 -0.254 0.943 0.0 0.316 -0.105 -0.742 -0.0 -0.392 -0.544 -0.767 0.0 -0.556 0.321 0.737 -0.0 -0.422 -0.528 0.794 0.0 -0.495 0.353 
0.977 -0.214 0.003 0.003 -0.954 -0.0 0.197 -0.224 -0.936 -0.0 0.311 -0.165 0.93 0.0 0.264 -0.256 0.942 0.0 0.32 -0.104 -0.742 -0.0 -0.392 -0.544 -0.767 -0.0 -0.556 0.322 0.737 -0.0 -0.423 -0.528 0.794 0.0 -0.495 0.354 
0.977 -0.215 0.004 0.003 -0.953 -0.0 0.203 -0.226 -0.936 0.0 0.313 -0.163 0.928 0.0 0.269 -0.258 0.94 0.0 0.325 -0.103 -0.742 -0.0 -0.393 -0.544 -0.767 -0.0 -0.555 0.323 0.737 0.0 -0.423 -0.527 0.794 0.0 -0.495 0.354 
0.977 -0.215 0.004 0.003 -0.951 -0.0 0.209 -0.228 -0.935 -0.0 0.315 -0.161 0.926 0.0 0.274 -0.26 0.938 0.0 0.329 -0.104 -0.742 -0.0 -0.393 -0.544 -0.766 -0.0 -0.555 0.323 0.737 0.0 -0.424 -0.526 0.794 0.0 -0.494 0.354 
0.976 -0.216 0.004 0.003 -0.949 -0.0 0.215 -0.231 -0.935 -0.0 0.316 -0.162 0.924 0.0 0.279 -0.261 0.937 0.0 0.333 -0.107 -0.742 -0.0 -0.393 -0.543 -0.766 0.0 -0.555 0.323 0.737 0.0 -0.424 -0.526 0.794 0.0 -0.494 0.355 
0.976 -0.216 0.004 0.002 -0.947 0.0 0.22 -0.234 -0.935 0.0 0.318 -0.157 0.922 0.0 0.283 -0.264 0.935 0.0 0.339 -0.109 -0.742 -0.0 -0.394 -0.543 -0.767 0.0 -0.555 0.324 0.737 0.0 -0.425 -0.525 0.794 0.0 -0.494 0.355 
0.976 -0.216 0.004 0.002 -0.945 -0.0 0.226 -0.238 -0.935 -0.0 0.32 -0.154 0.92 0.0 0.288 -0.266 0.932 0.0 0.344 -0.112 -0.742 -0.0 -0.394 -0.543 -0.767 -0.0 -0.554 0.324 0.737 0.0 -0.425 -0.525 0.794 0.0 -0.493 0.355 
0.976 -0.217 0.004 0.002 -0.942 -0.0 0.232 -0.242 -0.935 -0.0 0.32 -0.154 0.918 0.0 0.293 -0.268 0.93 0.0 0.35 -0.116 -0.742 -0.0 -0.395 -0.542 -0.767 -0.0 -0.554 0.325 0.737 0.0 -0.426 -0.525 0.794 0.0 -0.493 0.356 
0.976 -0.217 0.004 0.002 -0.939 -0.0 0.239 -0.246 -0.935 0.0 0.319 -0.152 0.915 0.0 0.298 -0.271 0.927 0.0 0.355 -0.121 -0.742 0.0 -0.395 -0.542 -0.767 -0.0 -0.554 0.325 0.737 0.0 -0.426 -0.524 0.794 0.0 -0.493 0.356 
0.976 -0.217 0.004 0.002 -0.936 0.0 0.245 -0.251 -0.936 -0.0 0.32 -0.15 0.913 0.0 0.302 -0.274 0.924 0.0 0.36 -0.126 -0.742 -0.0 -0.395 -0.542 -0.767 -0.0 -0.554 0.325 0.737 0.0 -0.426 -0.524 0.794 0.0 -0.493 0.357 
0.976 -0.217 0.004 0.002 -0.933 -0.0 0.251 -0.257 -0.936 -0.0 0.32 -0.147 0.911 -0.0 0.307 -0.277 0.922 0.0 0.365 -0.132 -0.742 -0.0 -0.395 -0.542 -0.767 -0.0 -0.554 0.325 0.737 0.0 -0.427 -0.524 0.794 0.0 -0.492 0.357 
0.976 -0.218 0.005 0.002 -0.93 -0.0 0.258 -0.262 -0.937 -0.0 0.319 -0.146 0.908 0.0 0.312 -0.28 0.92 0.0 0.368 -0.139 -0.742 -0.0 -0.395 -0.542 -0.766 -0.0 -0.554 0.325 0.737 0.0 -0.427 -0.524 0.794 0.0 -0.492 0.357 
0.976 -0.218 0.005 0.002 -0.927 -0.0 0.264 -0.268 -0.936 0.0 0.319 -0.145 0.905 0.0 0.317 -0.283 0.917 0.0 0.371 -0.145 -0.742 0.0 -0.396 -0.542 -0.767 -0.0 -0.554 0.325 0.737 0.0 -0.427 -0.524 0.794 0.0 -0.492 0.358 
0.976 -0.218 0.005 0.002 -0.923 -0.0 0.27 -0.274 -0.937 -0.0 0.319 -0.144 0.902 0.0 0.322 -0.286 0.916 -0.0 0.372 -0.151 -0.742 0.0 -0.395 -0.542 -0.767 -0.0 -0.554 0.325 0.737 -0.0 -0.427 -0.524 0.794 0.0 -0.492 0.358 
0.976 -0.218 0.005 0.002 -0.92 -0.0 0.275 -0.279 -0.937 -0.0 0.318 -0.145 0.899 -0.0 0.327 -0.29 0.914 -0.0 0.373 -0.157 -0.742 -0.0 -0.395 -0.541 -0.767 -0.0 -0.554 0.325 0.737 0.0 -0.428 -0.524 0.794 0.0 -0.492 0.358 
0.976 -0.218 0.005 0.002 -0.916 -0.0 0.281 -0.285 -0.937 -0.0 0.318 -0.146 0.896 0.0 0.332 -0.294 0.913 0.0 0.373 -0.163 -0.742 -0.0 -0.395 -0.541 -0.766 0.0 -0.554 0.325 0.737 0.0 -0.428 -0.524 0.794 0.0 -0.492 0.358 
0.976 -0.218 0.005 0.002 -0.913 -0.0 0.286 -0.291 -0.937 0.0 0.318 -0.147 0.893 0.0 0.337 -0.299 0.912 0.0 0.373 -0.168 -0.742 -0.0 -0.395 -0.541 -0.766 -0.0 -0.554 0.325 0.737 0.0 -0.428 -0.524 0.794 -0.0 -0.492 0.358 
0.976 -0.218 0.005 0.002 -0.91 -0.0 0.291 -0.297 -0.936 -0.0 0.318 -0.149 0.89 0.0 0.341 -0.303 0.912 0.0 0.372 -0.173 -0.742 -0.0 -0.395 -0.541 -0.766 0.0 -0.554 0.325 0.736 0.0 -0.428 -0.525 0.793 0.0 -0.492 0.359 
0.976 -0.218 0.005 0.002 -0.906 -0.0 0.296 -0.303 -0.936 -0.0 0.318 -0.153 0.886 0.0 0.345 -0.309 0.911 0.0 0.371 -0.178 -0.742 -0.0 -0.395 -0.541 -0.766 -0.0 -0.554 0.325 0.736 0.0 -0.428 -0.525 0.793 0.0 -0.492 0.359 
0.976 -0.218 0.005 0.002 -0.903 -0.0 0.3 -0.308 -0.935 0.0 0.317 -0.156 0.883 0.0 0.349 -0.314 0.911 0.0 0.37 -0.18 -0.742 0.0 -0.395 -0.541 -0.766 -0.0 -0.554 0.325 0.736 0.0 -0.428 -0.524 0.794 -0.0 -0.492 0.358 
0.976 -0.217 0.006 0.002 -0.899 -0.0 0.305 -0.313 -0.935 -0.0 0.317 -0.161 0.88 0.0 0.352 -0.32 0.911 0.0 0.368 -0.184 -0.742 -0.0 -0.394 -0.542 -0.766 -0.0 -0.554 0.325 0.736 0.0 -0.428 -0.524 0.794 0.0 -0.492 0.358 
0.976 -0.217 0.006 0.002 -0.896 -0.0 0.308 -0.319 -0.934 0.0 0.317 -0.165 0.876 -0.0 0.355 -0.326 0.911 0.0 0.366 -0.187 -0.742 -0.0 -0.394 -0.542 -0.766 -0.0 -0.555 0.325 0.736 0.0 -0.427 -0.525 0.793 0.0 -0.492 0.359 
0.976 -0.217 0.006 0.002 -0.893 -0.0 0.312 -0.325 -0.933 0.0 0.317 -0.17 0.873 0.0 0.357 -0.333 0.912 0.0 0.365 -0.188 -0.742 -0.0 -0.394 -0.542 -0.766 -0.0 -0.555 0.325 0.736 0.0 -0.427 -0.525 0.793 0.0 -0.492 0.358 
0.976 -0.217 0.006 0.002 -0.89 -0.0 0.315 -0.33 -0.932 -0.0 0.317 -0.175 0.869 0.0 0.359 -0.34 0.912 0.0 0.363 -0.189 -0.742 -0.0 -0.394 -0.542 -0.766 -0.0 -0.555 0.324 0.736 0.0 -0.427 -0.525 0.794 0.0 -0.492 0.357 
0.976 -0.216 0.006 0.002 -0.886 -0.0 0.318 -0.337 -0.931 0.0 0.318 -0.179 0.866 -0.0 0.36 -0.347 0.912 0.0 0.363 -0.191 -0.742 0.0 -0.393 -0.543 -0.766 -0.0 -0.555 0.324 0.736 0.0 -0.427 -0.526 0.793 -0.0 -0.493 0.358 
0.976 -0.216 0.006 0.002 -0.883 -0.0 0.32 -0.343 -0.931 -0.0 0.317 -0.183 0.863 0.0 0.361 -0.354 0.912 0.0 0.362 -0.192 -0.742 -0.0 -0.393 -0.543 -0.766 -0.0 -0.555 0.324 0.734 0.0 -0.426 -0.529 0.792 0.0 -0.492 0.361 
0.976 -0.216 0.005 0.002 -0.88 -0.0 0.323 -0.349 -0.931 0.0 0.314 -0.187 0.859 -0.0 0.361 -0.362 0.912 0.0 0.362 -0.193 -0.742 -0.0 -0.393 -0.543 -0.766 -0.0 -0.555 0.324 0.736 0.0 -0.426 -0.526 0.794 0.0 -0.493 0.356 
0.977 -0.215 0.005 0.002 -0.877 -0.0 0.324 -0.355 -0.931 -0.0 0.313 -0.19 0.856 0.0 0.36 -0.37 0.912 -0.0 0.362 -0.193 -0.742 0.0 -0.392 -0.544 -0.766 0.0 -0.556 0.324 0.736 -0.0 -0.425 -0.526 0.794 0.0 -0.493 0.355 
0.977 -0.215 0.005 0.002 -0.873 -0.0 0.326 -0.362 -0.931 0.0 0.312 -0.192 0.854 0.0 0.36 -0.377 0.912 -0.0 0.36 -0.195 -0.742 -0.0 -0.392 -0.544 -0.766 -0.0 -0.556 0.323 0.736 0.0 -0.425 -0.526 0.794 0.0 -0.494 0.354 
0.977 -0.214 0.005 0.002 -0.87 -0.0 0.327 -0.368 -0.931 -0.0 0.309 -0.194 0.851 0.0 0.359 -0.383 0.912 0.0 0.359 -0.197 -0.742 -0.0 -0.391 -0.545 -0.766 -0.0 -0.556 0.323 0.737 0.0 -0.424 -0.527 0.794 0.0 -0.494 0.353 
0.977 -0.214 0.005 0.002 -0.867 -0.0 0.327 -0.376 -0.932 -0.0 0.307 -0.195 0.848 0.0 0.357 -0.392 0.912 0.0 0.359 -0.197 -0.741 -0.0 -0.391 -0.546 -0.766 -0.0 -0.557 0.323 0.737 0.0 -0.424 -0.527 0.794 -0.0 -0.495 0.353 
0.977 -0.213 0.005 0.003 -0.864 -0.0 0.327 -0.383 -0.932 -0.0 0.305 -0.195 0.845 0.0 0.355 -0.4 0.912 -0.0 0.359 -0.198 -0.742 -0.0 -0.39 -0.546 -0.766 -0.0 -0.557 0.322 0.737 0.0 -0.423 -0.528 0.794 -0.0 -0.495 0.352 
0.977 -0.213 0.005 0.002 -0.861 -0.0 0.326 -0.39 -0.933 0.0 0.303 -0.197 0.843 0.0 0.352 -0.407 0.912 0.0 0.358 -0.2 -0.741 -0.0 -0.389 -0.547 -0.766 -0.0 -0.557 0.321 0.737 0.0 -0.422 -0.528 0.794 -0.0 -0.496 0.351 
0.977 -0.212 0.005 0.002 -0.859 -0.0 0.324 -0.397 -0.933 -0.0 0.301 -0.197 0.84 0.0 0.35 -0.414 0.912 -0.0 0.357 -0.202 -0.741 0.0 -0.389 -0.547 -0.766 -0.0 -0.558 0.321 0.737 0.0 -0.421 -0.528 0.794 -0.0 -0.496 0.35 
0.977 -0.211 0.005 0.002 -0.856 -0.0 0.322 -0.404 -0.934 -0.0 0.298 -0.199 0.838 0.0 0.348 -0.42 0.912 0.0 0.356 -0.204 -0.741 -0.0 -0.387 -0.548 -0.766 0.0 -0.558 0.32 0.737 0.0 -0.42 -0.529 0.794 0.0 -0.497 0.349 
0.978 -0.21 0.005 0.003 -0.854 -0.0 0.32 -0.411 -0.934 -0.0 0.295 -0.201 0.836 0.0 0.345 -0.427 0.912 -0.0 0.354 -0.206 -0.741 -0.0 -0.387 -0.549 -0.766 -0.0 -0.559 0.319 0.737 0.0 -0.42 -0.53 0.794 0.0 -0.497 0.349 
0.978 -0.209 0.005 0.003 -0.852 -0.0 0.317 -0.417 -0.934 -0.0 0.294 -0.201 0.833 0.0 0.342 -0.434 0.913 0.0 0.352 -0.208 -0.741 -0.0 -0.386 -0.55 -0.766 -0.0 -0.559 0.318 0.737 -0.0 -0.418 -0.531 0.794 0.0 -0.498 0.347 
0.978 -0.209 0.005 0.003 -0.85 0.0 0.313 -0.424 -0.935 -0.0 0.292 -0.204 0.831 0.0 0.339 -0.441 0.913 0.0 0.351 -0.211 -0.741 0.0 -0.385 -0.55 -0.765 0.0 -0.56 0.317 0.737 0.0 -0.418 -0.531 0.795 0.0 -0.499 0.347 
0.978 -0.208 0.005 0.003 -0.848 0.0 0.309 -0.432 -0.935 -0.0 0.29 -0.205 0.83 0.0 0.335 -0.447 0.913 0.0 0.348 -0.214 -0.741 -0.0 -0.384 -0.551 -0.766 -0.0 -0.56 0.317 0.737 -0.0 -0.417 -0.532 0.794 0.0 -0.499 0.346 
0.978 -0.207 0.005 0.003 -0.846 -0.0 0.304 -0.439 -0.936 -0.0 0.287 -0.206 0.828 0.0 0.331 -0.453 0.912 -0.0 0.347 -0.217 -0.741 -0.0 -0.383 -0.551 -0.766 -0.0 -0.561 0.316 0.737 0.0 -0.416 -0.532 0.794 0.0 -0.5 0.345 
0.978 -0.206 0.005 0.003 -0.843 -0.0 0.301 -0.445 -0.936 -0.0 0.283 -0.208 0.827 0.0 0.327 -0.458 0.912 0.0 0.344 -0.221 -0.741 -0.0 -0.382 -0.552 -0.766 -0.0 -0.561 0.315 0.737 0.0 -0.415 -0.533 0.795 0.0 -0.5 0.344 
0.979 -0.206 0.005 0.003 -0.842 0.0 0.297 -0.451 -0.937 -0.0 0.279 -0.21 0.825 0.0 0.322 -0.464 0.912 0.0 0.342 -0.224 -0.741 -0.0 -0.381 -0.553 -0.766 -0.0 -0.562 0.314 0.737 0.0 -0.414 -0.534 0.794 0.0 -0.501 0.343 
0.979 -0.205 0.005 0.003 -0.84 0.0 0.293 -0.457 -0.938 0.0 0.275 -0.213 0.824 0.0 0.318 -0.469 0.913 -0.0 0.338 -0.228 -0.741 -0.0 -0.381 -0.553 -0.766 -0.0 -0.562 0.313 0.737 0.0 -0.413 -0.535 0.794 0.0 -0.501 0.343 
0.979 -0.204 0.005 0.003 -0.838 -0.0 0.288 -0.463 -0.938 -0.0 0.27 -0.216 0.823 0.0 0.313 -0.474 0.913 0.0 0.335 -0.231 -0.741 -0.0 -0.38 -0.554 -0.766 -0.0 -0.562 0.312 0.735 0.0 -0.412 -0.539 0.793 0.0 -0.502 0.346 
0.979 -0.203 0.005 0.003 -0.837 -0.0 0.283 -0.469 -0.939 -0.0 0.266 -0.219 0.822 0.0 0.307 -0.479 0.914 0.0 0.332 -0.235 -0.741 -0.0 -0.379 -0.554 -0.766 -0.0 -0.563 0.311 0.737 0.0 -0.412 -0.536 0.794 0.0 -0.503 0.341 
0.979 -0.202 0.005 0.003 -0.836 -0.0 0.279 -0.473 -0.939 -0.0 0.261 -0.222 0.821 0.0 0.302 -0.484 0.914 -0.0 0.328 -0.238 -0.741 -0.0 -0.378 -0.554 -0.766 0.0 -0.563 0.31 0.737 0.0 -0.411 -0.537 0.794 0.0 -0.503 0.341 
0.979 -0.202 0.005 0.003 -0.835 0.0 0.274 -0.478 -0.94 -0.0 0.256 -0.225 0.821 0.0 0.297 -0.488 0.914 0.0 0.325 -0.242 -0.742 -0.0 -0.377 -0.555 -0.766 -0.0 -0.564 0.308 0.737 0.0 -0.41 -0.538 0.794 -0.0 -0.503 0.34 
0.98 -0.201 0.005 0.003 -0.834 -0.0 0.267 -0.482 -0.941 -0.0 0.251 -0.228 0.821 -0.0 0.291 -0.491 0.914 0.0 0.321 -0.246 -0.741 -0.0 -0.376 -0.555 -0.766 -0.0 -0.564 0.308 0.736 -0.0 -0.409 -0.539 0.794 -0.0 -0.504 0.34 
0.98 -0.2 0.005 0.003 -0.834 -0.0 0.262 -0.486 -0.941 0.0 0.245 -0.231 0.82 0.0 0.286 -0.495 0.916 0.0 0.316 -0.248 -0.741 0.0 -0.376 -0.556 -0.766 0.0 -0.565 0.307 0.736 0.0 -0.408 -0.54 0.794 -0.0 -0.504 0.339 
0.98 -0.199 0.004 0.003 -0.834 -0.0 0.257 -0.489 -0.942 -0.0 0.24 -0.235 0.821 0.0 0.28 -0.498 0.916 0.0 0.313 -0.251 -0.741 -0.0 -0.375 -0.556 -0.766 0.0 -0.565 0.306 0.736 0.0 -0.408 -0.54 0.794 0.0 -0.504 0.339 
0.98 -0.198 0.004 0.003 -0.833 -0.0 0.251 -0.492 -0.943 -0.0 0.235 -0.238 0.821 0.0 0.275 -0.5 0.917 0.0 0.309 -0.253 -0.741 -0.0 -0.374 -0.557 -0.766 -0.0 -0.566 0.304 0.736 0.0 -0.406 -0.542 0.794 0.0 -0.505 0.338 
0.98 -0.198 0.004 0.003 -0.834 -0.0 0.245 -0.495 -0.943 -0.0 0.23 -0.241 0.822 0.0 0.27 -0.502 0.917 0.0 0.305 -0.256 -0.741 -0.0 -0.373 -0.558 -0.766 -0.0 -0.566 0.304 0.736 0.0 -0.406 -0.542 0.794 0.0 -0.505 0.337 
0.98 -0.197 0.004 0.003 -0.835 -0.0 0.238 -0.497 -0.942 -0.0 0.228 -0.245 0.823 0.0 0.263 -0.504 0.918 0.0 0.303 -0.258 -0.741 -0.0 -0.372 -0.558 -0.766 -0.0 -0.566 0.303 0.736 0.0 -0.405 -0.543 0.794 0.0 -0.506 0.337 
0.981 -0.196 0.004 0.003 -0.836 -0.0 0.232 -0.498 -0.943 0.0 0.224 -0.247 0.823 -0.0 0.26 -0.505 0.919 0.0 0.298 -0.259 -0.742 -0.0 -0.371 -0.559 -0.767 -0.0 -0.567 0.302 0.736 0.0 -0.404 -0.544 0.794 -0.0 -0.506 0.336 
0.981 -0.195 0.004 0.003 -0.837 -0.0 0.227 -0.499 -0.943 -0.0 0.219 -0.25 0.825 0.0 0.254 -0.505 0.919 0.0 0.295 -0.261 -0.741 -0.0 -0.37 -0.56 -0.767 -0.0 -0.567 0.301 0.735 0.0 -0.403 -0.545 0.794 0.0 -0.507 0.335 
0.981 -0.195 0.004 0.004 -0.838 -0.0 0.22 -0.499 -0.943 -0.0 0.218 -0.252 0.827 0.0 0.248 -0.505 0.919 0.0 0.292 -0.263 -0.742 -0.0 -0.37 -0.56 -0.767 -0.0 -0.568 0.3 0.735 0.0 -0.402 -0.546 0.794 0.0 -0.507 0.335 
0.981 -0.194 0.004 0.004 -0.84 -0.0 0.213 -0.499 -0.943 -0.0 0.215 -0.254 0.828 -0.0 0.244 -0.504 0.92 0.0 0.289 -0.264 -0.742 -0.0 -0.369 -0.56 -0.767 0.0 -0.568 0.299 0.735 0.0 -0.401 -0.547 0.794 0.0 -0.507 0.334 
0.981 -0.193 0.004 0.004 -0.842 -0.0 0.207 -0.499 -0.943 -0.0 0.213 -0.255 0.83 0.0 0.239 -0.503 0.921 0.0 0.285 -0.266 -0.741 -0.0 -0.368 -0.561 -0.767 -0.0 -0.568 0.298 0.735 0.0 -0.4 -0.547 0.794 0.0 -0.508 0.334 
0.981 -0.193 0.004 0.004 -0.843 -0.0 0.202 -0.498 -0.944 -0.0 0.211 -0.255 0.833 0.0 0.234 -0.502 0.921 0.0 0.283 -0.268 -0.742 -0.0 -0.367 -0.561 -0.767 -0.0 -0.569 0.298 0.735 0.0 -0.4 -0.548 0.794 0.0 -0.508 0.333 
0.981 -0.192 0.003 0.004 -0.846 0.0 0.194 -0.497 -0.944 -0.0 0.211 -0.255 0.835 -0.0 0.229 -0.501 0.922 0.0 0.28 -0.269 -0.741 -0.0 -0.369 -0.562 -0.768 -0.0 -0.568 0.297 0.735 0.0 -0.399 -0.548 0.794 0.0 -0.508 0.333 
0.981 -0.192 0.002 0.004 -0.848 0.0 0.189 -0.495 -0.944 -0.0 0.209 -0.255 0.837 0.0 0.224 -0.498 0.922 0.0 0.277 -0.27 -0.741 0.0 -0.368 -0.562 -0.768 0.0 -0.568 0.296 0.735 0.0 -0.398 -0.549 0.794 0.0 -0.508 0.333 
0.982 -0.191 0.002 0.004 -0.851 -0.0 0.183 -0.493 -0.944 -0.0 0.207 -0.255 0.84 -0.0 0.22 -0.496 0.923 0.0 0.274 -0.269 -0.741 -0.0 -0.368 -0.562 -0.768 -0.0 -0.569 0.296 0.735 -0.0 -0.398 -0.549 0.794 0.0 -0.509 0.332 
0.982 -0.191 0.002 0.004 -0.853 -0.0 0.177 -0.49 -0.944 -0.0 0.207 -0.255 0.843 0.0 0.214 -0.494 0.924 0.0 0.272 -0.27 -0.741 -0.0 -0.368 -0.562 -0.768 0.0 -0.569 0.296 0.735 0.0 -0.398 -0.549 0.794 0.0 -0.509 0.332 
0.982 -0.191 0.002 0.005 -0.856 -0.0 0.172 -0.487 -0.945 -0.0 0.205 -0.255 0.845 0.0 0.21 -0.491 0.924 0.0 0.27 -0.27 -0.741 -0.0 -0.367 -0.563 -0.768 0.0 -0.569 0.295 0.735 0.0 -0.397 -0.55 0.794 0.0 -0.509 0.332 
0.982 -0.19 0.002 0.005 -0.859 -0.0 0.167 -0.484 -0.946 -0.0 0.204 -0.254 0.849 0.0 0.206 -0.487 0.925 0.0 0.268 -0.27 -0.741 -0.0 -0.367 -0.563 -0.768 -0.0 -0.569 0.295 0.735 0.0 -0.397 -0.55 0.795 0.0 -0.509 0.331 
0.982 -0.19 0.002 0.005 -0.861 -0.0 0.162 -0.481 -0.946 -0.0 0.203 -0.252 0.852 0.0 0.201 -0.483 0.925 0.0 0.266 -0.271 -0.741 -0.0 -0.367 -0.563 -0.768 -0.0 -0.569 0.295 0.735 -0.0 -0.396 -0.55 0.795 -0.0 -0.509 0.331 
0.982 -0.19 0.002 0.005 -0.864 -0.0 0.158 -0.478 -0.947 -0.0 0.201 -0.251 0.855 0.0 0.196 -0.479 0.926 -0.0 0.265 -0.27 -0.741 -0.0 -0.367 -0.563 -0.768 0.0 -0.569 0.295 0.735 0.0 -0.396 -0.55 0.795 0.0 -0.509 0.331 
0.982 -0.19 0.002 0.005 -0.867 -0.0 0.154 -0.473 -0.948 -0.0 0.199 -0.249 0.859 -0.0 0.192 -0.475 0.926 0.0 0.263 -0.272 -0.741 -0.0 -0.367 -0.563 -0.768 0.0 -0.569 0.295 0.735 0.0 -0.396 -0.55 0.795 -0.0 -0.509 0.331 
0.982 -0.19 0.001 0.005 -0.87 -0.0 0.15 -0.469 -0.948 -0.0 0.197 -0.249 0.862 -0.0 0.187 -0.47 0.927 0.0 0.26 -0.271 -0.741 -0.0 -0.367 -0.563 -0.768 -0.0 -0.569 0.295 0.735 0.0 -0.396 -0.55 0.795 0.0 -0.509 0.331 
0.982 -0.19 0.001 0.005 -0.873 -0.0 0.146 -0.464 -0.949 -0.0 0.196 -0.247 0.866 0.0 0.183 -0.466 0.927 -0.0 0.259 -0.272 -0.741 -0.0 -0.367 -0.563 -0.768 -0.0 -0.569 0.295 0.735 -0.0 -0.396 -0.55 0.794 0.0 -0.509 0.331 
0.982 -0.19 0.001 0.005 -0.877 -0.0 0.143 -0.459 -0.95 -0.0 0.194 -0.246 0.87 0.0 0.18 -0.46 0.928 0.0 0.256 -0.272 -0.741 -0.0 -0.367 -0.562 -0.768 -0.0 -0.569 0.295 0.735 0.0 -0.396 -0.55 0.794 0.0 -0.509 0.331 
0.982 -0.19 0.001 0.005 -0.88 -0.0 0.141 -0.454 -0.951 -0.0 0.191 -0.244 0.873 0.0 0.176 -0.454 0.928 0.0 0.255 -0.272 -0.741 -0.0 -0.367 -0.562 -0.768 -0.0 -0.569 0.295 0.735 0.0 -0.396 -0.55 0.794 0.0 -0.509 0.331 
0.982 -0.191 0.001 0.005 -0.883 -0.0 0.138 -0.449 -0.952 -0.0 0.19 -0.242 0.877 0.0 0.172 -0.448 0.928 0.0 0.254 -0.272 -0.741 -0.0 -0.368 -0.562 -0.768 -0.0 -0.569 0.295 0.735 0.0 -0.396 -0.55 0.794 0.0 -0.509 0.331 
0.982 -0.191 0.001 0.006 -0.886 -0.0 0.136 -0.444 -0.952 -0.0 0.188 -0.239 0.881 0.0 0.169 -0.442 0.928 -0.0 0.252 -0.273 -0.741 -0.0 -0.368 -0.562 -0.768 -0.0 -0.568 0.295 0.735 0.0 -0.396 -0.55 0.794 -0.0 -0.509 0.331 
0.982 -0.191 0.0 0.006 -0.889 0.0 0.134 -0.438 -0.953 -0.0 0.187 -0.237 0.885 0.0 0.166 -0.435 0.929 0.0 0.25 -0.274 -0.741 -0.0 -0.368 -0.562 -0.768 -0.0 -0.568 0.295 0.735 0.0 -0.396 -0.55 0.794 0.0 -0.509 0.332 
0.982 -0.191 0.0 0.006 -0.892 -0.0 0.133 -0.432 -0.954 -0.0 0.186 -0.235 0.889 0.0 0.163 -0.429 0.929 0.0 0.25 -0.273 -0.741 -0.0 -0.369 -0.562 -0.768 -0.0 -0.568 0.295 0.735 0.0 -0.396 -0.55 0.794 0.0 -0.509 0.332 
0.982 -0.191 0.0 0.006 -0.895 -0.0 0.131 -0.426 -0.955 0.0 0.186 -0.233 0.892 0.0 0.16 -0.422 0.929 0.0 0.249 -0.273 -0.741 -0.0 -0.369 -0.561 -0.768 0.0 -0.568 0.295 0.735 -0.0 -0.396 -0.55 0.794 -0.0 -0.509 0.332 
0.982 -0.191 0.0 0.006 -0.899 -0.0 0.13 -0.419 -0.955 -0.0 0.186 -0.232 0.896 0.0 0.157 -0.415 0.929 -0.0 0.249 -0.273 -0.741 -0.0 -0.369 -0.561 -0.768 -0.0 -0.568 0.295 0.735 0.0 -0.396 -0.55 0.794 0.0 -0.509 0.332 
0.982 -0.191 -0.0 0.005 -0.902 0.0 0.129 -0.412 -0.955 -0.0 0.188 -0.229 0.9 0.0 0.154 -0.407 0.929 0.0 0.249 -0.274 -0.741 -0.0 -0.369 -0.561 -0.768 -0.0 -0.568 0.295 0.735 0.0 -0.397 -0.549 0.794 -0.0 -0.509 0.332 
0.981 -0.192 -0.0 0.005 -0.905 0.0 0.126 -0.405 -0.955 -0.0 0.188 -0.228 0.904 0.0 0.151 -0.4 0.929 -0.0 0.249 -0.274 -0.741 0.0 -0.37 -0.561 -0.768 -0.0 -0.568 0.296 0.735 0.0 -0.397 -0.549 0.794 -0.0 -0.509 0.333 
0.981 -0.192 -0.0 0.006 -0.909 -0.0 0.125 -0.398 -0.955 -0.0 0.189 -0.227 0.908 0.0 0.149 -0.393 0.929 0.0 0.249 -0.275 -0.741 -0.0 -0.37 -0.56 -0.768 -0.0 -0.567 0.296 0.735 0.0 -0.398 -0.549 0.794 0.0 -0.508 0.334 
0.981 -0.192 -0.0 0.005 -0.912 -0.0 0.123 -0.391 -0.955 -0.0 0.191 -0.225 0.911 -0.0 0.147 -0.384 0.928 -0.0 0.25 -0.275 -0.741 -0.0 -0.37 -0.56 -0.769 -0.0 -0.567 0.296 0.735 -0.0 -0.398 -0.549 0.794 0.0 -0.508 0.334 
0.981 -0.192 -0.0 0.005 -0.915 0.0 0.122 -0.384 -0.956 -0.0 0.191 -0.224 0.915 0.0 0.145 -0.376 0.928 0.0 0.252 -0.274 -0.741 -0.0 -0.371 -0.56 -0.769 -0.0 -0.567 0.296 0.735 0.0 -0.398 -0.549 0.794 0.0 -0.508 0.334 
0.981 -0.193 -0.0 0.005 -0.919 -0.0 0.121 -0.376 -0.956 -0.0 0.193 -0.223 0.919 0.0 0.143 -0.368 0.928 0.0 0.252 -0.276 -0.741 -0.0 -0.371 -0.56 -0.769 0.0 -0.567 0.296 0.735 -0.0 -0.398 -0.548 0.794 0.0 -0.508 0.335 
0.981 -0.193 -0.0 0.005 -0.922 -0.0 0.12 -0.369 -0.956 -0.0 0.194 -0.222 0.922 -0.0 0.142 -0.36 0.928 0.0 0.251 -0.276 -0.741 -0.0 -0.372 -0.559 -0.769 0.0 -0.567 0.297 0.735 0.0 -0.399 -0.548 0.794 0.0 -0.507 0.336 
0.981 -0.194 -0.0 0.005 -0.925 -0.0 0.119 -0.361 -0.956 0.0 0.196 -0.221 0.925 0.0 0.14 -0.353 0.928 0.0 0.253 -0.275 -0.741 -0.0 -0.373 -0.559 -0.769 -0.0 -0.566 0.297 0.735 -0.0 -0.399 -0.548 0.794 0.0 -0.507 0.336 
0.981 -0.194 -0.0 0.005 -0.928 -0.0 0.119 -0.354 -0.956 -0.0 0.196 -0.22 0.928 0.0 0.14 -0.345 0.928 0.0 0.254 -0.273 -0.741 -0.0 -0.373 -0.558 -0.769 0.0 -0.566 0.298 0.735 0.0 -0.4 -0.547 0.794 -0.0 -0.507 0.337 
0.981 -0.195 -0.0 0.005 -0.931 -0.0 0.118 -0.346 -0.955 -0.0 0.199 -0.219 0.931 0.0 0.138 -0.337 0.928 0.0 0.255 -0.271 -0.741 -0.0 -0.374 -0.558 -0.769 -0.0 -0.566 0.298 0.735 0.0 -0.401 -0.547 0.794 0.0 -0.506 0.338 
0.981 -0.195 -0.0 0.005 -0.934 -0.0 0.119 -0.338 -0.955 -0.0 0.199 -0.218 0.934 0.0 0.138 -0.329 0.928 0.0 0.256 -0.27 -0.741 -0.0 -0.374 -0.557 -0.769 0.0 -0.566 0.298 0.735 0.0 -0.401 -0.546 0.794 0.0 -0.506 0.338 
0.981 -0.196 -0.0 0.005 -0.936 -0.0 0.118 -0.331 -0.955 -0.0 0.202 -0.216 0.937 0.0 0.138 -0.321 0.928 -0.0 0.257 -0.268 -0.741 -0.0 -0.375 -0.557 -0.769 -0.0 -0.565 0.299 0.735 -0.0 -0.402 -0.546 0.794 0.0 -0.505 0.339 
0.98 -0.197 -0.0 0.005 -0.939 0.0 0.118 -0.324 -0.955 -0.0 0.204 -0.215 0.939 -0.0 0.137 -0.315 0.929 -0.0 0.259 -0.265 -0.741 0.0 -0.376 -0.556 -0.769 -0.0 -0.565 0.3 0.735 0.0 -0.403 -0.545 0.794 0.0 -0.505 0.34 
0.98 -0.198 -0.0 0.004 -0.941 -0.0 0.118 -0.316 -0.955 -0.0 0.205 -0.214 0.942 -0.0 0.137 -0.307 0.929 0.0 0.261 -0.262 -0.741 -0.0 -0.377 -0.556 -0.769 -0.0 -0.564 0.3 0.735 0.0 -0.404 -0.544 0.793 -0.0 -0.504 0.341 
0.98 -0.198 -0.0 0.004 -0.944 -0.0 0.118 -0.309 -0.955 -0.0 0.208 -0.213 0.944 -0.0 0.137 -0.301 0.93 0.0 0.262 -0.258 -0.741 -0.0 -0.378 -0.555 -0.769 0.0 -0.564 0.301 0.736 0.0 -0.405 -0.543 0.793 0.0 -0.504 0.342 
0.98 -0.199 -0.0 0.004 -0.946 -0.0 0.118 -0.301 -0.954 -0.0 0.21 -0.212 0.946 0.0 0.138 -0.294 0.93 0.0 0.265 -0.254 -0.741 -0.0 -0.379 -0.554 -0.769 -0.0 -0.563 0.302 0.736 0.0 -0.406 -0.543 0.793 0.0 -0.503 0.342 
0.98 -0.2 -0.0 0.004 -0.948 -0.0 0.118 -0.294 -0.954 -0.0 0.213 -0.211 0.948 0.0 0.138 -0.287 0.931 0.0 0.268 -0.248 -0.741 -0.0 -0.38 -0.554 -0.769 -0.0 -0.563 0.303 0.736 0.0 -0.406 -0.542 0.793 0.0 -0.503 0.343 
0.98 -0.201 -0.0 0.004 -0.95 -0.0 0.119 -0.288 -0.954 -0.0 0.216 -0.209 0.95 0.0 0.14 -0.281 0.932 0.0 0.269 -0.244 -0.741 -0.0 -0.381 -0.553 -0.769 0.0 -0.562 0.304 0.736 0.0 -0.407 -0.541 0.793 0.0 -0.502 0.344 
0.979 -0.202 0.0 0.004 -0.952 0.0 0.119 -0.281 -0.954 -0.0 0.218 -0.206 0.951 0.0 0.14 -0.275 0.933 0.0 0.271 -0.239 -0.741 -0.0 -0.381 -0.552 -0.769 -0.0 -0.562 0.305 0.736 0.0 -0.408 -0.54 0.793 -0.0 -0.502 0.345 
0.979 -0.203 0.0 0.004 -0.954 -0.0 0.12 -0.275 -0.954 -0.0 0.221 -0.205 0.953 -0.0 0.142 -0.269 0.933 0.0 0.273 -0.233 -0.741 -0.0 -0.383 -0.552 -0.769 -0.0 -0.561 0.307 0.736 -0.0 -0.409 -0.539 0.793 -0.0 -0.501 0.345 
0.979 -0.204 0.0 0.004 -0.955 -0.0 0.121 -0.269 -0.953 -0.0 0.224 -0.202 0.954 0.0 0.145 -0.263 0.934 0.0 0.273 -0.229 -0.741 -0.0 -0.383 -0.551 -0.769 -0.0 -0.561 0.307 0.736 0.0 -0.41 -0.538 0.793 -0.0 -0.501 0.346 
0.979 -0.205 0.001 0.004 -0.957 0.0 0.121 -0.264 -0.953 -0.0 0.227 -0.199 0.955 0.0 0.146 -0.258 0.935 -0.0 0.277 -0.223 -0.741 -0.0 -0.384 -0.55 -0.769 0.0 -0.56 0.309 0.736 0.0 -0.411 -0.537 0.793 0.0 -0.5 0.347 
0.979 -0.206 0.001 0.003 -0.958 -0.0 0.123 -0.259 -0.953 -0.0 0.231 -0.195 0.956 -0.0 0.147 -0.253 0.935 -0.0 0.279 -0.217 -0.742 -0.0 -0.384 -0.55 -0.768 0.0 -0.56 0.31 0.736 -0.0 -0.413 -0.537 0.793 0.0 -0.5 0.347 
0.978 -0.207 0.002 0.003 -0.959 -0.0 0.124 -0.254 -0.953 -0.0 0.234 -0.191 0.957 0.0 0.148 -0.248 0.935 0.0 0.284 -0.211 -0.742 -0.0 -0.385 -0.549 -0.768 -0.0 -0.56 0.311 0.736 0.0 -0.414 -0.536 0.793 0.0 -0.499 0.348 
0.978 -0.208 0.002 0.003 -0.96 -0.0 0.127 -0.249 -0.953 -0.0 0.236 -0.189 0.958 0.0 0.149 -0.245 0.936 0.0 0.287 -0.204 -0.742 -0.0 -0.386 -0.548 -0.768 -0.0 -0.559 0.312 0.736 0.0 -0.415 -0.535 0.793 0.0 -0.499 0.349 
0.978 -0.208 0.002 0.003 -0.961 0.0 0.129 -0.244 -0.953 -0.0 0.238 -0.187 0.959 0.0 0.151 -0.241 0.936 0.0 0.292 -0.197 -0.742 -0.0 -0.387 -0.547 -0.768 -0.0 -0.559 0.313 0.736 0.0 -0.416 -0.534 0.793 0.0 -0.498 0.35 
0.978 -0.209 0.002 0.003 -0.962 -0.0 0.13 -0.241 -0.953 -0.0 0.243 -0.18 0.959 -0.0 0.153 -0.237 0.936 0.0 0.295 -0.19 -0.742 -0.0 -0.388 -0.547 -0.768 0.0 -0.558 0.314 0.736 0.0 -0.417 -0.533 0.793 0.0 -0.497 0.351 
0.978 -0.211 0.002 0.003 -0.963 -0.0 0.132 -0.237 -0.953 -0.0 0.246 -0.178 0.96 0.0 0.155 -0.235 0.937 0.0 0.298 -0.184 -0.742 -0.0 -0.389 -0.546 -0.768 -0.0 -0.558 0.315 0.736 0.0 -0.418 -0.532 0.793 0.0 -0.497 0.352 
0.977 -0.212 0.002 0.003 -0.963 -0.0 0.134 -0.233 -0.952 0.0 0.249 -0.175 0.96 0.0 0.158 -0.232 0.937 0.0 0.301 -0.176 -0.742 -0.0 -0.39 -0.545 -0.768 -0.0 -0.557 0.317 0.736 -0.0 -0.42 -0.531 0.793 0.0 -0.496 0.353 
0.977 -0.213 0.002 0.003 -0.963 -0.0 0.137 -0.23 -0.952 0.0 0.252 -0.173 0.96 0.0 0.16 -0.231 0.937 -0.0 0.304 -0.169 -0.742 -0.0 -0.392 -0.544 -0.768 -0.0 -0.556 0.318 0.736 0.0 -0.421 -0.53 0.793 0.0 -0.495 0.355 
0.977 -0.214 0.002 0.003 -0.964 -0.0 0.139 -0.228 -0.952 -0.0 0.254 -0.172 0.96 -0.0 0.163 -0.229 0.938 0.0 0.309 -0.16 -0.742 -0.0 -0.393 -0.543 -0.768 -0.0 -0.555 0.319 0.736 0.0 -0.422 -0.529 0.793 0.0 -0.494 0.356 
0.977 -0.215 0.002 0.003 -0.964 -0.0 0.142 -0.225 -0.951 -0.0 0.258 -0.168 0.96 0.0 0.167 -0.227 0.938 0.0 0.311 -0.153 -0.742 -0.0 -0.394 -0.543 -0.768 -0.0 -0.555 0.321 0.736 0.0 -0.423 -0.528 0.793 -0.0 -0.494 0.356 
0.976 -0.216 0.003 0.003 -0.964 -0.0 0.145 -0.223 -0.951 0.0 0.262 -0.165 0.959 0.0 0.169 -0.227 0.938 0.0 0.314 -0.147 -0.742 -0.0 -0.395 -0.542 -0.767 -0.0 -0.554 0.322 0.736 0.0 -0.425 -0.527 0.793 -0.0 -0.493 0.357 
0.976 -0.217 0.003 0.003 -0.964 -0.0 0.148 -0.22 -0.95 -0.0 0.264 -0.167 0.959 0.0 0.173 -0.225 0.938 0.0 0.317 -0.142 -0.742 -0.0 -0.396 -0.541 -0.768 -0.0 -0.554 0.323 0.736 0.0 -0.426 -0.526 0.793 -0.0 -0.492 0.358 
0.976 -0.218 0.003 0.003 -0.964 0.0 0.149 -0.219 -0.949 -0.0 0.269 -0.164 0.958 0.0 0.176 -0.224 0.938 0.0 0.319 -0.137 -0.742 -0.0 -0.397 -0.54 -0.768 -0.0 -0.553 0.324 0.736 0.0 -0.427 -0.525 0.793 0.0 -0.491 0.36 
0.976 -0.218 0.003 0.003 -0.964 -0.0 0.153 -0.218 -0.949 -0.0 0.271 -0.163 0.958 0.0 0.18 -0.224 0.937 0.0 0.322 -0.133 -0.742 -0.0 -0.398 -0.539 -0.768 -0.0 -0.553 0.325 0.736 0.0 -0.428 -0.524 0.793 0.0 -0.491 0.36 
0.976 -0.219 0.003 0.003 -0.964 -0.0 0.156 -0.216 -0.948 -0.0 0.275 -0.161 0.957 -0.0 0.182 -0.224 0.936 0.0 0.327 -0.129 -0.742 -0.0 -0.399 -0.539 -0.767 -0.0 -0.552 0.326 0.737 0.0 -0.428 -0.523 0.794 0.0 -0.49 0.361 
0.976 -0.22 0.003 0.003 -0.963 -0.0 0.159 -0.215 -0.947 -0.0 0.278 -0.16 0.957 0.0 0.186 -0.223 0.935 0.0 0.33 -0.127 -0.742 -0.0 -0.399 -0.538 -0.767 -0.0 -0.552 0.327 0.737 0.0 -0.429 -0.523 0.794 0.0 -0.49 0.361 
0.975 -0.221 0.003 0.003 -0.963 -0.0 0.162 -0.215 -0.946 -0.0 0.282 -0.159 0.956 -0.0 0.189 -0.224 0.935 0.0 0.333 -0.123 -0.742 -0.0 -0.4 -0.537 -0.767 -0.0 -0.551 0.328 0.736 -0.0 -0.43 -0.522 0.794 0.0 -0.489 0.362 
0.975 -0.221 0.003 0.003 -0.963 -0.0 0.165 -0.214 -0.945 0.0 0.286 -0.158 0.955 0.0 0.194 -0.223 0.934 0.0 0.336 -0.122 -0.742 -0.0 -0.401 -0.537 -0.767 -0.0 -0.55 0.329 0.737 0.0 -0.431 -0.521 0.794 0.0 -0.488 0.363 
0.975 -0.222 0.003 0.003 -0.962 -0.0 0.168 -0.215 -0.944 -0.0 0.29 -0.157 0.954 0.0 0.199 -0.223 0.933 0.0 0.337 -0.123 -0.742 -0.0 -0.402 -0.536 -0.767 -0.0 -0.55 0.33 0.736 0.0 -0.432 -0.521 0.794 0.0 -0.488 0.364 
0.975 -0.223 0.003 0.003 -0.962 -0.0 0.171 -0.215 -0.943 0.0 0.294 -0.157 0.953 0.0 0.202 -0.224 0.932 0.0 0.34 -0.123 -0.742 -0.0 -0.403 -0.536 -0.768 -0.0 -0.549 0.331 0.736 -0.0 -0.433 -0.52 0.794 0.0 -0.487 0.365 
0.975 -0.223 0.003 0.003 -0.961 -0.0 0.174 -0.216 -0.942 0.0 0.297 -0.156 0.952 0.0 0.207 -0.224 0.931 0.0 0.342 -0.124 -0.742 -0.0 -0.403 -0.535 -0.767 -0.0 -0.549 0.331 0.737 -0.0 -0.433 -0.519 0.794 0.0 -0.487 0.364 
0.975 -0.224 0.003 0.003 -0.96 -0.0 0.178 -0.216 -0.941 -0.0 0.301 -0.155 0.951 -0.0 0.212 -0.224 0.93 0.0 0.345 -0.124 -0.742 -0.0 -0.404 -0.535 -0.768 0.0 -0.549 0.332 0.736 -0.0 -0.434 -0.519 0.794 0.0 -0.486 0.365 
0.975 -0.224 0.003 0.003 -0.959 -0.0 0.181 -0.218 -0.94 -0.0 0.305 -0.155 0.95 -0.0 0.216 -0.225 0.929 0.0 0.348 -0.125 -0.742 0.0 -0.404 -0.535 -0.767 -0.0 -0.548 0.332 0.737 0.0 -0.434 -0.518 0.794 0.0 -0.486 0.365 
0.974 -0.225 0.003 0.003 -0.958 0.0 0.185 -0.219 -0.939 -0.0 0.307 -0.155 0.949 0.0 0.22 -0.225 0.928 0.0 0.351 -0.127 -0.742 -0.0 -0.405 -0.534 -0.767 -0.0 -0.548 0.333 0.737 0.0 -0.435 -0.518 0.794 0.0 -0.486 0.365 
0.974 -0.225 0.003 0.003 -0.957 -0.0 0.188 -0.221 -0.938 -0.0 0.311 -0.155 0.948 0.0 0.224 -0.227 0.927 0.0 0.353 -0.128 -0.742 -0.0 -0.405 -0.534 -0.767 -0.0 -0.548 0.334 0.737 0.0 -0.435 -0.518 0.794 -0.0 -0.486 0.366 
0.974 -0.225 0.004 0.003 -0.956 -0.0 0.192 -0.223 -0.937 -0.0 0.314 -0.155 0.946 0.0 0.229 -0.228 0.926 0.0 0.355 -0.13 -0.742 -0.0 -0.405 -0.534 -0.767 -0.0 -0.548 0.334 0.737 0.0 -0.436 -0.517 0.794 0.0 -0.485 0.366 
0.974 -0.226 0.004 0.003 -0.954 -0.0 0.195 -0.226 -0.936 -0.0 0.317 -0.154 0.945 -0.0 0.234 -0.23 0.925 0.0 0.357 -0.132 -0.742 -0.0 -0.405 -0.533 -0.767 -0.0 -0.547 0.334 0.737 0.0 -0.436 -0.517 0.794 0.0 -0.485 0.366 
0.974 -0.226 0.004 0.003 -0.953 0.0 0.199 -0.228 -0.935 0.0 0.32 -0.155 0.943 0.0 0.238 -0.232 0.924 0.0 0.357 -0.135 -0.742 -0.0 -0.406 -0.533 -0.767 -0.0 -0.547 0.334 0.737 0.0 -0.436 -0.517 0.794 0.0 -0.485 0.366 
0.974 -0.226 0.004 0.003 -0.952 -0.0 0.203 -0.231 -0.934 -0.0 0.322 -0.155 0.942 -0.0 0.243 -0.233 0.923 0.0 0.359 -0.138 -0.742 -0.0 -0.405 -0.533 -0.767 -0.0 -0.547 0.334 0.737 0.0 -0.436 -0.517 0.794 -0.0 -0.485 0.366 
0.974 -0.226 0.004 0.003 -0.95 -0.0 0.206 -0.234 -0.933 0.0 0.325 -0.155 0.94 0.0 0.247 -0.236 0.922 -0.0 0.361 -0.14 -0.742 -0.0 -0.406 -0.533 -0.767 -0.0 -0.547 0.335 0.736 0.0 -0.437 -0.517 0.794 0.0 -0.485 0.366 
0.974 -0.226 0.004 0.003 -0.949 -0.0 0.209 -0.237 -0.932 -0.0 0.327 -0.156 0.938 0.0 0.251 -0.239 0.921 0.0 0.363 -0.142 -0.742 0.0 -0.406 -0.533 -0.767 -0.0 -0.547 0.335 0.737 0.0 -0.437 -0.517 0.794 0.0 -0.485 0.366 
0.974 -0.226 0.004 0.003 -0.947 -0.0 0.212 -0.241 -0.931 0.0 0.33 -0.156 0.936 0.0 0.256 -0.241 0.92 0.0 0.364 -0.144 -0.742 -0.0 -0.406 -0.533 -0.767 -0.0 -0.547 0.335 0.737 0.0 -0.437 -0.516 0.794 0.0 -0.485 0.366 
0.974 -0.226 0.004 0.003 -0.945 -0.0 0.216 -0.245 -0.93 0.0 0.332 -0.157 0.934 0.0 0.26 -0.245 0.919 0.0 0.366 -0.146 -0.743 -0.0 -0.406 -0.533 -0.767 0.0 -0.547 0.335 0.736 0.0 -0.437 -0.517 0.794 0.0 -0.485 0.367 
0.974 -0.226 0.004 0.003 -0.944 -0.0 0.219 -0.249 -0.929 -0.0 0.334 -0.159 0.932 -0.0 0.264 -0.248 0.918 0.0 0.367 -0.149 -0.742 0.0 -0.406 -0.533 -0.767 -0.0 -0.547 0.335 0.737 0.0 -0.437 -0.516 0.794 0.0 -0.485 0.366 
0.974 -0.226 0.004 0.003 -0.942 -0.0 0.222 -0.253 -0.928 -0.0 0.336 -0.159 0.93 -0.0 0.268 -0.251 0.918 -0.0 0.367 -0.152 -0.742 -0.0 -0.405 -0.533 -0.767 -0.0 -0.547 0.335 0.737 0.0 -0.437 -0.516 0.794 0.0 -0.485 0.366 
0.974 -0.226 0.004 0.003 -0.94 -0.0 0.225 -0.257 -0.928 -0.0 0.337 -0.16 0.928 0.0 0.272 -0.254 0.917 0.0 0.369 -0.154 -0.742 -0.0 -0.405 -0.534 -0.767 -0.0 -0.548 0.335 0.737 0.0 -0.436 -0.517 0.794 0.0 -0.485 0.366 
0.974 -0.226 0.004 0.003 -0.938 0.0 0.228 -0.262 -0.927 -0.0 0.338 -0.162 0.926 -0.0 0.276 -0.258 0.916 -0.0 0.369 -0.157 -0.742 -0.0 -0.405 -0.534 -0.767 -0.0 -0.548 0.335 0.737 0.0 -0.436 -0.517 0.794 0.0 -0.485 0.365 
0.974 -0.226 0.004 0.003 -0.936 0.0 0.232 -0.266 -0.927 -0.0 0.339 -0.163 0.924 -0.0 0.28 -0.262 0.915 0.0 0.37 -0.159 -0.742 -0.0 -0.405 -0.534 -0.767 -0.0 -0.548 0.335 0.737 -0.0 -0.436 -0.517 0.794 0.0 -0.485 0.365 
0.974 -0.225 0.004 0.003 -0.934 -0.0 0.235 -0.271 -0.926 0.0 0.339 -0.165 0.921 0.0 0.283 -0.266 0.915 0.0 0.371 -0.161 -0.742 -0.0 -0.405 -0.534 -0.767 -0.0 -0.548 0.335 0.737 -0.0 -0.436 -0.517 0.794 0.0 -0.486 0.365 
0.974 -0.225 0.004 0.003 -0.931 -0.0 0.237 -0.276 -0.925 0.0 0.34 -0.168 0.919 0.0 0.286 -0.271 0.914 0.0 0.371 -0.164 -0.742 -0.0 -0.404 -0.534 -0.767 -0.0 -0.548 0.334 0.737 0.0 -0.436 -0.517 0.794 0.0 -0.486 0.365 
0.974 -0.225 0.004 0.003 -0.929 -0.0 0.24 -0.281 -0.925 -0.0 0.339 -0.171 0.917 0.0 0.289 -0.275 0.913 0.0 0.372 -0.168 -0.742 -0.0 -0.404 -0.535 -0.767 -0.0 -0.548 0.334 0.737 0.0 -0.436 -0.517 0.794 0.0 -0.486 0.364 
0.974 -0.225 0.004 0.003 -0.927 0.0 0.241 -0.287 -0.924 -0.0 0.34 -0.174 0.914 0.0 0.292 -0.28 0.912 0.0 0.373 -0.169 -0.742 -0.0 -0.404 -0.535 -0.767 -0.0 -0.548 0.334 0.737 -0.0 -0.435 -0.517 0.794 0.0 -0.486 0.364 
0.975 -0.224 0.004 0.003 -0.925 -0.0 0.244 -0.291 -0.924 0.0 0.34 -0.178 0.912 0.0 0.295 -0.285 0.912 0.0 0.372 -0.173 -0.742 -0.0 -0.403 -0.535 -0.767 -0.0 -0.549 0.334 0.737 0.0 -0.435 -0.518 0.794 0.0 -0.486 0.364 
0.975 -0.224 0.004 0.003 -0.923 -0.0 0.246 -0.297 -0.923 0.0 0.339 -0.182 0.91 0.0 0.297 -0.29 0.911 0.0 0.373 -0.176 -0.742 -0.0 -0.403 -0.535 -0.767 -0.0 -0.549 0.334 0.737 0.0 -0.435 -0.518 0.794 -0.0 -0.486 0.364 
0.975 -0.224 0.004 0.003 -0.921 -0.0 0.247 -0.302 -0.922 -0.0 0.339 -0.185 0.907 0.0 0.3 -0.295 0.91 0.0 0.372 -0.181 -0.742 -0.0 -0.403 -0.536 -0.767 -0.0 -0.549 0.333 0.737 0.0 -0.434 -0.519 0.794 0.0 -0.487 0.363 
0.975 -0.223 0.004 0.003 -0.918 0.0 0.249 -0.307 -0.922 -0.0 0.338 -0.189 0.905 0.0 0.302 -0.3 0.91 0.0 0.372 -0.184 -0.742 0.0 -0.402 -0.536 -0.767 -0.0 -0.549 0.333 0.737 0.0 -0.434 -0.519 0.794 -0.0 -0.487 0.363 
0.975 -0.223 0.004 0.003 -0.916 -0.0 0.25 -0.312 -0.921 -0.0 0.337 -0.195 0.903 0.0 0.304 -0.305 0.909 0.0 0.371 -0.189 -0.742 -0.0 -0.402 -0.536 -0.767 -0.0 -0.55 0.332 0.737 0.0 -0.434 -0.519 0.794 0.0 -0.487 0.363 
0.975 -0.223 0.004 0.003 -0.914 -0.0 0.251 -0.318 -0.921 -0.0 0.336 -0.199 0.9 0.0 0.305 -0.31 0.909 0.0 0.369 -0.194 -0.742 -0.0 -0.402 -0.536 -0.767 0.0 -0.55 0.332 0.737 0.0 -0.433 -0.519 0.794 0.0 -0.487 0.362 
0.975 -0.222 0.004 0.003 -0.912 -0.0 0.252 -0.323 -0.92 0.0 0.335 -0.203 0.898 -0.0 0.306 -0.316 0.909 0.0 0.367 -0.199 -0.742 -0.0 -0.401 -0.537 -0.767 0.0 -0.55 0.331 0.737 -0.0 -0.433 -0.52 0.794 -0.0 -0.488 0.362 
0.975 -0.222 0.004 0.003 -0.91 -0.0 0.253 -0.329 -0.92 -0.0 0.333 -0.207 0.896 0.0 0.307 -0.322 0.908 0.0 0.366 -0.202 -0.742 -0.0 -0.401 -0.537 -0.767 0.0 -0.55 0.331 0.737 0.0 -0.432 -0.52 0.794 -0.0 -0.488 0.362 
0.975 -0.221 0.004 0.003 -0.908 -0.0 0.253 -0.334 -0.919 -0.0 0.332 -0.211 0.893 -0.0 0.307 -0.328 0.907 0.0 0.366 -0.206 -0.742 -0.0 -0.4 -0.538 -0.767 -0.0 -0.55 0.331 0.737 0.0 -0.432 -0.521 0.794 0.0 -0.488 0.362 
0.975 -0.221 0.004 0.003 -0.906 -0.0 0.253 -0.339 -0.919 -0.0 0.331 -0.214 0.891 0.0 0.307 -0.334 0.907 0.0 0.366 -0.209 -0.742 -0.0 -0.4 -0.538 -0.767 -0.0 -0.551 0.33 0.736 -0.0 -0.431 -0.521 0.794 0.0 -0.489 0.361 
0.975 -0.22 0.004 0.003 -0.904 -0.0 0.253 -0.345 -0.919 -0.0 0.33 -0.218 0.889 0.0 0.307 -0.34 0.907 0.0 0.363 -0.214 -0.742 -0.0 -0.399 -0.539 -0.767 -0.0 -0.551 0.329 0.736 0.0 -0.431 -0.522 0.794 0.0 -0.489 0.36 
0.976 -0.219 0.004 0.003 -0.902 0.0 0.253 -0.35 -0.919 -0.0 0.328 -0.221 0.887 -0.0 0.307 -0.345 0.907 0.0 0.362 -0.215 -0.742 -0.0 -0.398 -0.539 -0.767 0.0 -0.552 0.328 0.736 0.0 -0.43 -0.522 0.794 0.0 -0.49 0.359 
0.976 -0.219 0.004 0.003 -0.9 -0.0 0.251 -0.356 -0.918 0.0 0.327 -0.223 0.885 0.0 0.307 -0.351 0.907 0.0 0.359 -0.22 -0.742 -0.0 -0.397 -0.54 -0.767 -0.0 -0.552 0.327 0.736 0.0 -0.429 -0.523 0.794 -0.0 -0.49 0.359 
0.976 -0.218 0.004 0.003 -0.898 0.0 0.25 -0.362 -0.919 -0.0 0.325 -0.225 0.883 0.0 0.305 -0.357 0.907 0.0 0.358 -0.222 -0.742 -0.0 -0.397 -0.54 -0.767 -0.0 -0.552 0.327 0.736 0.0 -0.428 -0.524 0.794 -0.0 -0.491 0.358 
0.976 -0.218 0.004 0.003 -0.896 -0.0 0.248 -0.368 -0.919 -0.0 0.323 -0.227 0.881 0.0 0.303 -0.364 0.907 0.0 0.356 -0.224 -0.742 -0.0 -0.396 -0.541 -0.767 -0.0 -0.553 0.326 0.736 0.0 -0.428 -0.524 0.794 0.0 -0.491 0.358 
0.976 -0.217 0.004 0.003 -0.894 -0.0 0.247 -0.373 -0.919 -0.0 0.321 -0.228 0.879 0.0 0.302 -0.369 0.908 0.0 0.353 -0.227 -0.742 -0.0 -0.395 -0.542 -0.767 -0.0 -0.553 0.325 0.736 0.0 -0.427 -0.525 0.794 0.0 -0.491 0.357 
0.976 -0.216 0.004 0.003 -0.893 -0.0 0.245 -0.378 -0.92 -0.0 0.318 -0.23 0.877 0.0 0.3 -0.375 0.908 0.0 0.352 -0.229 -0.742 -0.0 -0.395 -0.542 -0.767 -0.0 -0.554 0.325 0.736 0.0 -0.426 -0.526 0.794 -0.0 -0.492 0.356 
0.977 -0.215 0.004 0.003 -0.891 0.0 0.242 -0.384 -0.92 -0.0 0.317 -0.231 0.875 0.0 0.298 -0.381 0.909 0.0 0.348 -0.23 -0.742 -0.0 -0.394 -0.542 -0.767 -0.0 -0.554 0.324 0.736 0.0 -0.426 -0.526 0.794 -0.0 -0.493 0.356 
0.977 -0.215 0.004 0.003 -0.889 0.0 0.24 -0.389 -0.921 -0.0 0.314 -0.231 0.873 0.0 0.295 -0.388 0.909 0.0 0.347 -0.232 -0.742 -0.0 -0.393 -0.543 -0.767 0.0 -0.555 0.323 0.736 0.0 -0.425 -0.527 0.794 0.0 -0.493 0.355 
0.977 -0.214 0.004 0.003 -0.888 -0.0 0.238 -0.394 -0.921 -0.0 0.312 -0.232 0.872 0.0 0.292 -0.394 0.909 0.0 0.346 -0.232 -0.742 0.0 -0.392 -0.544 -0.767 -0.0 -0.555 0.322 0.736 0.0 -0.424 -0.528 0.794 0.0 -0.494 0.354 
0.977 -0.213 0.004 0.003 -0.887 -0.0 0.234 -0.399 -0.922 -0.0 0.309 -0.233 0.87 0.0 0.29 -0.398 0.91 0.0 0.342 -0.234 -0.742 -0.0 -0.391 -0.544 -0.767 -0.0 -0.556 0.321 0.736 0.0 -0.423 -0.529 0.794 0.0 -0.495 0.353 
0.977 -0.212 0.004 0.003 -0.885 0.0 0.231 -0.403 -0.923 0.0 0.306 -0.234 0.869 0.0 0.286 -0.404 0.91 0.0 0.342 -0.236 -0.742 -0.0 -0.39 -0.545 -0.767 -0.0 -0.556 0.32 0.736 -0.0 -0.422 -0.529 0.794 0.0 -0.495 0.352 
0.977 -0.211 0.004 0.003 -0.884 -0.0 0.227 -0.408 -0.923 -0.0 0.305 -0.234 0.868 0.0 0.283 -0.409 0.911 0.0 0.338 -0.237 -0.742 -0.0 -0.389 -0.546 -0.767 0.0 -0.557 0.319 0.736 0.0 -0.421 -0.53 0.794 0.0 -0.496 0.351 
0.978 -0.21 0.004 0.004 -0.883 -0.0 0.224 -0.412 -0.924 -0.0 0.302 -0.235 0.867 0.0 0.279 -0.413 0.911 0.0 0.335 -0.239 -0.742 -0.0 -0.388 -0.546 -0.767 0.0 -0.557 0.319 0.736 0.0 -0.42 -0.531 0.794 0.0 -0.496 0.35 
0.978 -0.21 0.003 0.004 -0.883 -0.0 0.22 -0.416 -0.925 -0.0 0.299 -0.236 0.865 0.0 0.276 -0.419 0.912 0.0 0.332 -0.24 -0.741 -0.0 -0.389 -0.547 -0.767 -0.0 -0.557 0.317 0.736 0.0 -0.419 -0.531 0.794 0.0 -0.496 0.35 
0.978 -0.209 0.003 0.004 -0.882 -0.0 0.216 -0.42 -0.926 0.0 0.296 -0.236 0.865 0.0 0.272 -0.422 0.912 0.0 0.33 -0.243 -0.741 -0.0 -0.388 -0.548 -0.768 -0.0 -0.557 0.317 0.736 0.0 -0.418 -0.532 0.794 0.0 -0.497 0.35 
0.978 -0.208 0.003 0.004 -0.881 -0.0 0.212 -0.424 -0.926 0.0 0.293 -0.236 0.864 0.0 0.268 -0.426 0.913 0.0 0.327 -0.244 -0.741 -0.0 -0.387 -0.548 -0.768 0.0 -0.558 0.316 0.736 -0.0 -0.417 -0.533 0.794 -0.0 -0.498 0.349 
0.978 -0.207 0.003 0.004 -0.88 -0.0 0.208 -0.427 -0.927 -0.0 0.29 -0.237 0.864 0.0 0.264 -0.43 0.913 0.0 0.324 -0.247 -0.741 0.0 -0.386 -0.549 -0.768 -0.0 -0.558 0.315 0.736 -0.0 -0.416 -0.534 0.794 0.0 -0.499 0.348 
0.978 -0.206 0.003 0.004 -0.879 -0.0 0.205 -0.43 -0.928 -0.0 0.286 -0.238 0.863 0.0 0.26 -0.432 0.914 0.0 0.32 -0.249 -0.741 -0.0 -0.386 -0.55 -0.768 -0.0 -0.559 0.314 0.736 -0.0 -0.415 -0.535 0.793 0.0 -0.505 0.341 
0.979 -0.206 0.003 0.004 -0.879 -0.0 0.201 -0.433 -0.929 -0.0 0.282 -0.239 0.863 0.0 0.257 -0.435 0.915 0.0 0.316 -0.251 -0.741 0.0 -0.385 -0.55 -0.768 -0.0 -0.559 0.313 0.736 0.0 -0.414 -0.535 0.794 0.0 -0.5 0.347 
0.979 -0.205 0.003 0.004 -0.878 -0.0 0.197 -0.436 -0.93 -0.0 0.279 -0.24 0.863 0.0 0.253 -0.437 0.915 0.0 0.312 -0.255 -0.741 -0.0 -0.384 -0.551 -0.768 -0.0 -0.56 0.312 0.736 0.0 -0.413 -0.536 0.794 -0.0 -0.501 0.346 
0.979 -0.204 0.003 0.004 -0.878 -0.0 0.193 -0.438 -0.931 0.0 0.275 -0.24 0.863 0.0 0.25 -0.438 0.916 0.0 0.307 -0.258 -0.741 -0.0 -0.383 -0.552 -0.768 -0.0 -0.56 0.311 0.736 0.0 -0.412 -0.537 0.794 0.0 -0.501 0.345 
0.979 -0.203 0.003 0.004 -0.878 -0.0 0.19 -0.44 -0.932 -0.0 0.27 -0.241 0.864 0.0 0.247 -0.439 0.917 0.0 0.303 -0.26 -0.741 -0.0 -0.382 -0.552 -0.768 -0.0 -0.56 0.311 0.736 0.0 -0.412 -0.537 0.794 0.0 -0.502 0.344 
0.979 -0.203 0.003 0.004 -0.878 -0.0 0.187 -0.441 -0.933 -0.0 0.266 -0.242 0.864 0.0 0.243 -0.44 0.918 -0.0 0.3 -0.261 -0.741 -0.0 -0.381 -0.553 -0.768 -0.0 -0.561 0.31 0.736 0.0 -0.411 -0.538 0.794 0.0 -0.502 0.343 
0.979 -0.202 0.003 0.004 -0.878 0.0 0.183 -0.443 -0.934 -0.0 0.261 -0.242 0.865 0.0 0.239 -0.441 0.918 -0.0 0.295 -0.264 -0.741 -0.0 -0.381 -0.553 -0.768 0.0 -0.561 0.309 0.736 0.0 -0.41 -0.538 0.794 0.0 -0.503 0.343 
0.98 -0.201 0.003 0.004 -0.878 -0.0 0.18 -0.444 -0.936 -0.0 0.257 -0.243 0.866 0.0 0.236 -0.441 0.919 -0.0 0.291 -0.265 -0.741 -0.0 -0.379 -0.554 -0.768 -0.0 -0.562 0.308 0.736 0.0 -0.409 -0.539 0.794 -0.0 -0.504 0.342 
0.98 -0.2 0.003 0.004 -0.878 -0.0 0.177 -0.445 -0.937 0.0 0.252 -0.243 0.867 0.0 0.232 -0.44 0.919 0.0 0.29 -0.268 -0.741 -0.0 -0.379 -0.555 -0.768 -0.0 -0.562 0.307 0.736 0.0 -0.408 -0.54 0.794 0.0 -0.504 0.341 
0.98 -0.2 0.003 0.004 -0.878 -0.0 0.175 -0.445 -0.938 -0.0 0.249 -0.242 0.868 0.0 0.229 -0.44 0.92 0.0 0.285 -0.268 -0.741 -0.0 -0.378 -0.555 -0.768 0.0 -0.563 0.307 0.736 0.0 -0.408 -0.541 0.794 0.0 -0.504 0.34 
0.98 -0.199 0.003 0.004 -0.879 -0.0 0.173 -0.445 -0.939 -0.0 0.244 -0.242 0.87 0.0 0.226 -0.438 0.921 0.0 0.281 -0.269 -0.741 0.0 -0.377 -0.556 -0.768 -0.0 -0.563 0.305 0.736 0.0 -0.407 -0.541 0.794 0.0 -0.505 0.339 
0.98 -0.198 0.003 0.004 -0.88 -0.0 0.17 -0.444 -0.94 -0.0 0.24 -0.243 0.871 0.0 0.222 -0.438 0.922 -0.0 0.279 -0.269 -0.741 -0.0 -0.376 -0.557 -0.768 -0.0 -0.564 0.305 0.736 -0.0 -0.406 -0.542 0.794 0.0 -0.505 0.339 
0.98 -0.197 0.003 0.004 -0.88 -0.0 0.168 -0.444 -0.941 -0.0 0.235 -0.242 0.873 -0.0 0.219 -0.435 0.922 0.0 0.277 -0.27 -0.741 0.0 -0.375 -0.557 -0.768 -0.0 -0.564 0.304 0.736 -0.0 -0.405 -0.543 0.794 -0.0 -0.506 0.338 
0.98 -0.197 0.003 0.004 -0.881 -0.0 0.166 -0.443 -0.942 -0.0 0.231 -0.242 0.875 0.0 0.215 -0.434 0.923 0.0 0.274 -0.27 -0.741 -0.0 -0.374 -0.558 -0.768 0.0 -0.564 0.303 0.736 0.0 -0.404 -0.543 0.794 0.0 -0.506 0.338 
0.981 -0.196 0.003 0.004 -0.882 -0.0 0.164 -0.442 -0.944 -0.0 0.226 -0.241 0.877 0.0 0.213 -0.431 0.924 0.0 0.27 -0.27 -0.741 -0.0 -0.374 -0.558 -0.768 -0.0 -0.565 0.303 0.736 0.0 -0.404 -0.544 0.794 0.0 -0.507 0.337 
0.981 -0.196 0.003 0.004 -0.883 0.0 0.162 -0.44 -0.945 -0.0 0.223 -0.24 0.879 0.0 0.209 -0.429 0.925 0.0 0.269 -0.269 -0.741 -0.0 -0.373 -0.559 -0.768 -0.0 -0.565 0.302 0.736 0.0 -0.403 -0.544 0.794 -0.0 -0.507 0.337 
0.981 -0.195 0.003 0.004 -0.885 -0.0 0.159 -0.438 -0.946 -0.0 0.22 -0.238 0.881 0.0 0.206 -0.426 0.925 0.0 0.267 -0.268 -0.741 0.0 -0.372 -0.559 -0.768 -0.0 -0.566 0.301 0.735 0.0 -0.403 -0.545 0.794 0.0 -0.507 0.336 
0.981 -0.195 0.003 0.004 -0.886 -0.0 0.157 -0.437 -0.947 0.0 0.216 -0.237 0.883 0.0 0.203 -0.423 0.927 0.0 0.265 -0.267 -0.741 0.0 -0.372 -0.559 -0.768 -0.0 -0.566 0.301 0.735 0.0 -0.403 -0.545 0.794 0.0 -0.507 0.336 
0.981 -0.195 0.003 0.004 -0.887 0.0 0.154 -0.434 -0.948 -0.0 0.215 -0.235 0.885 0.0 0.201 -0.419 0.927 0.0 0.265 -0.265 -0.741 -0.0 -0.371 -0.56 -0.768 -0.0 -0.566 0.301 0.735 0.0 -0.402 -0.546 0.794 0.0 -0.507 0.336 
0.981 -0.194 0.003 0.004 -0.889 -0.0 0.152 -0.431 -0.949 0.0 0.213 -0.233 0.888 -0.0 0.198 -0.415 0.928 -0.0 0.263 -0.264 -0.741 -0.0 -0.371 -0.56 -0.768 -0.0 -0.566 0.3 0.735 0.0 -0.402 -0.546 0.794 0.0 -0.507 0.336 
0.981 -0.194 0.003 0.004 -0.891 -0.0 0.149 -0.428 -0.95 -0.0 0.211 -0.232 0.89 0.0 0.194 -0.412 0.929 0.0 0.263 -0.261 -0.741 -0.0 -0.371 -0.56 -0.768 -0.0 -0.566 0.3 0.735 0.0 -0.401 -0.546 0.794 0.0 -0.507 0.335 
0.981 -0.194 0.003 0.004 -0.893 -0.0 0.146 -0.425 -0.95 -0.0 0.21 -0.23 0.893 0.0 0.191 -0.408 0.93 0.0 0.262 -0.26 -0.741 -0.0 -0.371 -0.56 -0.768 0.0 -0.566 0.3 0.735 0.0 -0.401 -0.546 0.794 0.0 -0.508 0.335 
0.981 -0.194 0.003 0.004 -0.895 -0.0 0.143 -0.422 -0.951 -0.0 0.209 -0.228 0.895 0.0 0.189 -0.403 0.93 0.0 0.26 -0.258 -0.741 -0.0 -0.37 -0.56 -0.768 -0.0 -0.567 0.299 0.735 0.0 -0.401 -0.547 0.794 -0.0 -0.507 0.334 
0.981 -0.194 0.003 0.004 -0.897 -0.0 0.14 -0.418 -0.952 -0.0 0.208 -0.226 0.898 0.0 0.187 -0.399 0.931 0.0 0.259 -0.257 -0.741 0.0 -0.37 -0.56 -0.768 -0.0 -0.567 0.299 0.735 0.0 -0.401 -0.547 0.794 -0.0 -0.507 0.335 
0.981 -0.194 0.003 0.004 -0.9 -0.0 0.138 -0.414 -0.952 -0.0 0.207 -0.225 0.9 0.0 0.185 -0.394 0.932 -0.0 0.258 -0.255 -0.741 -0.0 -0.37 -0.56 -0.768 -0.0 -0.566 0.3 0.735 0.0 -0.401 -0.546 0.794 0.0 -0.507 0.334 
