# T   LUA LFA RUA RFA LT  LS  RT  RS  
-0.442 0.058 -0.035 -0.895 -0.711 0.0 -0.676 0.193 -0.971 -0.0 0.027 -0.239 0.784 0.0 -0.616 0.083 0.988 -0.0 -0.034 -0.154 -0.669 -0.0 -0.729 -0.144 -0.862 -0.0 -0.112 0.495 0.706 0.0 -0.707 0.039 0.993 0.0 0.006 0.115 
-0.442 0.058 -0.035 -0.894 -0.71 -0.0 -0.677 0.194 -0.97 -0.0 0.027 -0.241 0.784 -0.0 -0.615 0.083 0.987 0.0 -0.035 -0.157 -0.667 -0.0 -0.729 -0.153 -0.866 -0.0 -0.116 0.487 0.707 -0.0 -0.705 0.05 0.994 0.0 0.004 0.11 
-0.44 0.058 -0.034 -0.895 -0.709 -0.0 -0.677 0.195 -0.969 0.0 0.029 -0.243 0.785 0.0 -0.615 0.08 0.987 0.0 -0.035 -0.159 -0.667 -0.0 -0.727 -0.163 -0.871 -0.0 -0.12 0.477 0.707 0.0 -0.705 0.055 0.994 0.0 0.004 0.109 
-0.438 0.059 -0.033 -0.896 -0.708 -0.0 -0.679 0.196 -0.969 0.0 0.03 -0.245 0.786 0.0 -0.613 0.078 0.986 -0.0 -0.037 -0.162 -0.666 -0.0 -0.725 -0.172 -0.868 -0.0 -0.117 0.482 0.708 0.0 -0.703 0.059 0.994 0.0 0.004 0.11 
-0.436 0.059 -0.031 -0.897 -0.707 -0.0 -0.68 0.196 -0.969 -0.0 0.029 -0.246 0.787 0.0 -0.612 0.074 0.986 0.0 -0.038 -0.164 -0.665 -0.0 -0.724 -0.181 -0.875 -0.0 -0.121 0.469 0.709 -0.0 -0.702 0.062 0.994 0.0 0.004 0.11 
-0.434 0.06 -0.03 -0.899 -0.705 0.0 -0.681 0.197 -0.968 -0.0 0.03 -0.249 0.788 0.0 -0.612 0.071 0.985 0.0 -0.039 -0.166 -0.665 0.0 -0.723 -0.189 -0.883 -0.0 -0.124 0.453 0.711 -0.0 -0.701 0.064 0.994 0.0 0.002 0.112 
-0.432 0.06 -0.028 -0.9 -0.704 -0.0 -0.682 0.198 -0.968 0.0 0.031 -0.25 0.789 0.0 -0.61 0.068 0.985 0.0 -0.041 -0.168 -0.664 -0.0 -0.722 -0.195 -0.891 -0.0 -0.125 0.437 0.712 -0.0 -0.699 0.067 0.994 0.0 0.0 0.113 
-0.429 0.061 -0.027 -0.901 -0.703 -0.0 -0.684 0.197 -0.968 -0.0 0.033 -0.251 0.79 0.0 -0.609 0.064 0.985 0.0 -0.041 -0.17 -0.663 0.0 -0.721 -0.202 -0.901 0.0 -0.13 0.413 0.714 0.0 -0.697 0.07 0.993 -0.0 -0.004 0.116 
-0.427 0.062 -0.025 -0.902 -0.702 0.0 -0.685 0.197 -0.967 0.0 0.035 -0.252 0.791 0.0 -0.608 0.06 0.984 0.0 -0.043 -0.172 -0.662 -0.0 -0.72 -0.208 -0.909 -0.0 -0.129 0.395 0.715 0.0 -0.695 0.072 0.993 -0.0 -0.005 0.117 
-0.425 0.062 -0.024 -0.903 -0.701 -0.0 -0.685 0.197 -0.967 -0.0 0.035 -0.253 0.793 0.0 -0.607 0.056 0.984 0.0 -0.044 -0.173 -0.661 -0.0 -0.719 -0.213 -0.917 0.0 -0.126 0.378 0.716 -0.0 -0.694 0.075 0.993 0.0 -0.007 0.119 
-0.422 0.062 -0.023 -0.904 -0.7 -0.0 -0.686 0.197 -0.966 -0.0 0.036 -0.254 0.793 0.0 -0.607 0.052 0.983 -0.0 -0.045 -0.175 -0.661 -0.0 -0.718 -0.217 -0.925 -0.0 -0.122 0.359 0.717 -0.0 -0.692 0.078 0.993 0.0 -0.007 0.119 
-0.42 0.062 -0.022 -0.905 -0.7 0.0 -0.686 0.197 -0.966 -0.0 0.038 -0.255 0.794 -0.0 -0.606 0.048 0.983 0.0 -0.047 -0.176 -0.661 -0.0 -0.717 -0.221 -0.933 -0.0 -0.118 0.34 0.72 -0.0 -0.69 0.078 0.992 0.0 -0.013 0.124 
-0.418 0.062 -0.02 -0.906 -0.7 -0.0 -0.687 0.197 -0.966 0.0 0.041 -0.256 0.795 -0.0 -0.605 0.043 0.983 0.0 -0.048 -0.177 -0.66 0.0 -0.717 -0.225 -0.941 -0.0 -0.112 0.32 0.719 0.0 -0.69 0.082 0.992 -0.0 -0.01 0.123 
-0.416 0.063 -0.019 -0.907 -0.698 -0.0 -0.688 0.196 -0.966 -0.0 0.041 -0.255 0.796 0.0 -0.604 0.041 0.982 0.0 -0.049 -0.18 -0.659 -0.0 -0.717 -0.227 -0.949 -0.0 -0.106 0.296 0.72 0.0 -0.689 0.086 0.993 0.0 -0.007 0.122 
-0.414 0.063 -0.017 -0.908 -0.698 -0.0 -0.689 0.196 -0.966 -0.0 0.043 -0.255 0.797 0.0 -0.603 0.037 0.982 0.0 -0.053 -0.18 -0.658 -0.0 -0.717 -0.229 -0.956 -0.0 -0.099 0.275 0.72 0.0 -0.689 0.089 0.993 0.0 -0.004 0.121 
-0.412 0.063 -0.016 -0.909 -0.698 -0.0 -0.689 0.196 -0.966 0.0 0.044 -0.256 0.797 -0.0 -0.603 0.033 0.982 0.0 -0.054 -0.183 -0.658 -0.0 -0.717 -0.23 -0.962 0.0 -0.092 0.255 0.719 0.0 -0.689 0.092 0.993 0.0 -0.002 0.12 
-0.409 0.063 -0.014 -0.91 -0.697 -0.0 -0.69 0.193 -0.966 -0.0 0.048 -0.253 0.797 0.0 -0.603 0.03 0.981 0.0 -0.055 -0.185 -0.657 0.0 -0.717 -0.231 -0.969 -0.0 -0.083 0.233 0.719 0.0 -0.689 0.096 0.993 0.0 0.002 0.118 
-0.407 0.062 -0.013 -0.911 -0.697 -0.0 -0.691 0.193 -0.966 0.0 0.05 -0.254 0.797 0.0 -0.603 0.027 0.981 0.0 -0.055 -0.187 -0.658 -0.0 -0.718 -0.229 -0.975 -0.0 -0.074 0.21 0.718 0.0 -0.688 0.101 0.993 -0.0 0.005 0.116 
-0.404 0.061 -0.013 -0.913 -0.698 -0.0 -0.69 0.192 -0.966 -0.0 0.053 -0.252 0.797 -0.0 -0.604 0.023 0.981 -0.0 -0.058 -0.187 -0.659 0.0 -0.717 -0.225 -0.981 -0.0 -0.065 0.182 0.721 0.0 -0.686 0.1 0.993 0.0 -0.002 0.121 
-0.403 0.06 -0.011 -0.913 -0.698 -0.0 -0.69 0.191 -0.966 -0.0 0.053 -0.251 0.797 0.0 -0.604 0.019 0.98 0.0 -0.057 -0.191 -0.658 -0.0 -0.719 -0.225 -0.986 -0.0 -0.051 0.16 0.721 -0.0 -0.685 0.103 0.993 0.0 0.0 0.121 
-0.402 0.06 -0.01 -0.914 -0.699 -0.0 -0.69 0.19 -0.967 -0.0 0.055 -0.25 0.797 0.0 -0.604 0.017 0.98 0.0 -0.059 -0.191 -0.657 -0.0 -0.721 -0.221 -0.99 -0.0 -0.042 0.135 0.721 0.0 -0.684 0.109 0.993 0.0 0.001 0.119 
-0.399 0.059 -0.008 -0.915 -0.698 -0.0 -0.69 0.189 -0.967 -0.0 0.056 -0.248 0.797 -0.0 -0.604 0.013 0.979 0.0 -0.059 -0.193 -0.655 -0.0 -0.722 -0.22 -0.993 -0.0 -0.027 0.114 0.721 0.0 -0.684 0.111 0.993 -0.0 0.006 0.118 
-0.397 0.057 -0.008 -0.916 -0.699 -0.0 -0.69 0.187 -0.968 -0.0 0.06 -0.245 0.796 0.0 -0.605 0.01 0.979 0.0 -0.06 -0.194 -0.655 0.0 -0.724 -0.218 -0.996 -0.0 -0.014 0.092 0.716 -0.0 -0.687 0.12 0.994 0.0 0.02 0.11 
-0.395 0.056 -0.008 -0.917 -0.7 0.0 -0.689 0.186 -0.968 -0.0 0.061 -0.244 0.795 0.0 -0.606 0.008 0.979 0.0 -0.06 -0.196 -0.654 -0.0 -0.726 -0.214 -0.998 -0.0 0.001 0.07 0.716 0.0 -0.687 0.125 0.994 0.0 0.023 0.109 
-0.394 0.055 -0.007 -0.918 -0.701 -0.0 -0.688 0.186 -0.968 -0.0 0.061 -0.244 0.794 0.0 -0.607 0.005 0.979 -0.0 -0.06 -0.197 -0.653 0.0 -0.727 -0.211 -0.999 -0.0 0.016 0.051 0.716 -0.0 -0.686 0.128 0.994 0.0 0.024 0.11 
-0.391 0.053 -0.007 -0.919 -0.702 -0.0 -0.687 0.185 -0.968 0.0 0.063 -0.242 0.793 -0.0 -0.609 0.003 0.978 0.0 -0.061 -0.198 -0.653 -0.0 -0.728 -0.207 -0.999 -0.0 0.033 0.032 0.716 0.0 -0.686 0.131 0.993 -0.0 0.026 0.111 
-0.387 0.052 -0.006 -0.92 -0.703 0.0 -0.687 0.184 -0.969 -0.0 0.066 -0.239 0.793 0.0 -0.609 -0.002 0.978 -0.0 -0.062 -0.197 -0.653 -0.0 -0.729 -0.204 -0.999 -0.0 0.045 0.014 0.716 0.0 -0.685 0.131 0.993 0.0 0.027 0.115 
-0.385 0.051 -0.006 -0.921 -0.703 -0.0 -0.686 0.186 -0.969 -0.0 0.066 -0.239 0.792 0.0 -0.61 -0.003 0.978 0.0 -0.062 -0.198 -0.653 -0.0 -0.731 -0.2 -0.998 -0.0 0.056 -0.001 0.716 -0.0 -0.684 0.135 0.993 0.0 0.029 0.117 
-0.383 0.05 -0.006 -0.922 -0.704 -0.0 -0.686 0.185 -0.969 -0.0 0.068 -0.237 0.792 0.0 -0.611 -0.005 0.978 0.0 -0.062 -0.198 -0.654 -0.0 -0.731 -0.196 -0.998 -0.0 0.061 -0.02 0.717 0.0 -0.684 0.137 0.992 -0.0 0.03 0.12 
-0.381 0.047 -0.006 -0.923 -0.706 -0.0 -0.683 0.186 -0.969 -0.0 0.069 -0.236 0.79 -0.0 -0.614 -0.007 0.978 0.0 -0.062 -0.199 -0.657 0.0 -0.729 -0.193 -0.997 -0.0 0.066 -0.03 0.716 -0.0 -0.684 0.14 0.992 0.0 0.031 0.122 
-0.38 0.048 -0.006 -0.924 -0.706 -0.0 -0.683 0.188 -0.969 -0.0 0.067 -0.236 0.79 -0.0 -0.613 -0.007 0.978 -0.0 -0.062 -0.199 -0.656 -0.0 -0.731 -0.19 -0.997 -0.0 0.069 -0.044 0.717 0.0 -0.682 0.145 0.992 0.0 0.031 0.125 
-0.378 0.047 -0.006 -0.925 -0.706 -0.0 -0.682 0.189 -0.969 -0.0 0.067 -0.236 0.79 0.0 -0.614 -0.01 0.978 0.0 -0.061 -0.199 -0.657 -0.0 -0.73 -0.188 -0.996 -0.0 0.069 -0.054 0.717 0.0 -0.681 0.145 0.991 0.0 0.032 0.13 
-0.376 0.047 -0.006 -0.925 -0.706 -0.0 -0.682 0.191 -0.97 0.0 0.068 -0.234 0.79 0.0 -0.613 -0.011 0.978 0.0 -0.062 -0.197 -0.656 0.0 -0.731 -0.187 -0.996 -0.0 0.069 -0.056 0.718 0.0 -0.68 0.148 0.99 0.0 0.033 0.135 
-0.375 0.047 -0.007 -0.926 -0.706 -0.0 -0.681 0.192 -0.97 -0.0 0.067 -0.234 0.79 0.0 -0.613 -0.013 0.979 0.0 -0.062 -0.195 -0.655 -0.0 -0.732 -0.187 -0.996 0.0 0.065 -0.059 0.719 0.0 -0.679 0.152 0.99 0.0 0.035 0.138 
-0.373 0.048 -0.008 -0.927 -0.706 -0.0 -0.681 0.194 -0.97 0.0 0.068 -0.232 0.79 0.0 -0.614 -0.011 0.979 0.0 -0.062 -0.196 -0.655 -0.0 -0.733 -0.186 -0.996 -0.0 0.06 -0.059 0.719 0.0 -0.678 0.154 0.989 0.0 0.037 0.144 
-0.371 0.047 -0.009 -0.927 -0.706 -0.0 -0.68 0.195 -0.971 -0.0 0.068 -0.231 0.789 0.0 -0.615 -0.011 0.979 0.0 -0.062 -0.195 -0.656 -0.0 -0.732 -0.183 -0.997 -0.0 0.05 -0.061 0.719 0.0 -0.677 0.159 0.988 0.0 0.04 0.148 
-0.369 0.048 -0.01 -0.928 -0.707 -0.0 -0.68 0.197 -0.971 -0.0 0.067 -0.231 0.789 0.0 -0.615 -0.01 0.979 0.0 -0.062 -0.194 -0.656 -0.0 -0.733 -0.182 -0.997 -0.0 0.042 -0.059 0.719 0.0 -0.676 0.162 0.987 0.0 0.043 0.153 
-0.368 0.048 -0.011 -0.929 -0.707 -0.0 -0.678 0.2 -0.971 -0.0 0.066 -0.231 0.788 0.0 -0.615 -0.009 0.979 0.0 -0.062 -0.193 -0.657 -0.0 -0.733 -0.178 -0.998 -0.0 0.032 -0.057 0.718 0.0 -0.675 0.167 0.987 0.0 0.047 0.156 
-0.368 0.049 -0.013 -0.928 -0.707 -0.0 -0.678 0.202 -0.971 -0.0 0.066 -0.229 0.788 0.0 -0.615 -0.005 0.979 -0.0 -0.063 -0.193 -0.655 -0.0 -0.735 -0.175 -0.998 -0.0 0.026 -0.051 0.717 0.0 -0.674 0.174 0.986 0.0 0.052 0.159 
-0.366 0.049 -0.015 -0.929 -0.707 -0.0 -0.677 0.205 -0.971 0.0 0.065 -0.229 0.788 0.0 -0.615 -0.003 0.98 0.0 -0.064 -0.191 -0.655 -0.0 -0.736 -0.17 -0.999 -0.0 0.02 -0.047 0.717 0.0 -0.674 0.18 0.985 0.0 0.056 0.163 
-0.364 0.049 -0.017 -0.93 -0.707 -0.0 -0.676 0.207 -0.971 0.0 0.065 -0.229 0.788 0.0 -0.616 -0.0 0.98 0.0 -0.065 -0.191 -0.656 -0.0 -0.736 -0.164 -0.999 -0.0 0.015 -0.044 0.716 0.0 -0.673 0.186 0.983 0.0 0.061 0.17 
-0.363 0.051 -0.019 -0.93 -0.707 -0.0 -0.676 0.21 -0.972 -0.0 0.065 -0.226 0.789 0.0 -0.615 0.003 0.98 -0.0 -0.066 -0.188 -0.655 -0.0 -0.738 -0.158 -0.999 -0.0 0.014 -0.04 0.716 0.0 -0.671 0.192 0.983 -0.0 0.065 0.171 
-0.362 0.052 -0.021 -0.931 -0.706 -0.0 -0.676 0.211 -0.972 0.0 0.067 -0.224 0.789 0.0 -0.615 0.006 0.98 -0.0 -0.066 -0.186 -0.655 0.0 -0.74 -0.153 -0.999 -0.0 0.014 -0.034 0.716 0.0 -0.67 0.196 0.982 0.0 0.069 0.175 
-0.361 0.054 -0.022 -0.931 -0.706 -0.0 -0.675 0.214 -0.973 -0.0 0.064 -0.224 0.789 0.0 -0.614 0.008 0.981 0.0 -0.062 -0.186 -0.653 -0.0 -0.742 -0.148 -1.0 -0.0 0.014 -0.028 0.717 0.0 -0.668 0.2 0.981 0.0 0.073 0.18 
-0.361 0.056 -0.024 -0.931 -0.705 -0.0 -0.676 0.216 -0.973 0.0 0.064 -0.222 0.79 0.0 -0.613 0.012 0.981 0.0 -0.062 -0.183 -0.655 -0.0 -0.743 -0.14 -1.0 -0.0 0.009 -0.024 0.718 0.0 -0.665 0.205 0.979 0.0 0.077 0.187 
-0.361 0.059 -0.025 -0.93 -0.704 0.0 -0.676 0.217 -0.974 0.0 0.064 -0.219 0.79 0.0 -0.612 0.016 0.982 0.0 -0.062 -0.181 -0.652 -0.0 -0.745 -0.138 -1.0 0.0 0.01 -0.013 0.719 0.0 -0.663 0.208 0.978 0.0 0.08 0.193 
-0.36 0.061 -0.026 -0.931 -0.703 -0.0 -0.677 0.217 -0.974 0.0 0.064 -0.217 0.791 0.0 -0.612 0.019 0.982 -0.0 -0.061 -0.179 -0.653 -0.0 -0.746 -0.134 -1.0 0.0 0.006 -0.004 0.721 0.0 -0.661 0.207 0.976 0.0 0.081 0.203 
-0.363 0.063 -0.027 -0.929 -0.702 0.0 -0.678 0.218 -0.975 -0.0 0.064 -0.215 0.792 0.0 -0.61 0.024 0.983 0.0 -0.06 -0.176 -0.65 -0.0 -0.748 -0.132 -1.0 0.0 0.004 0.008 0.727 -0.0 -0.655 0.206 0.973 0.0 0.072 0.217 
-0.365 0.066 -0.028 -0.928 -0.701 -0.0 -0.68 0.218 -0.975 -0.0 0.063 -0.214 0.793 0.0 -0.609 0.03 0.983 0.0 -0.059 -0.175 -0.648 -0.0 -0.75 -0.131 -1.0 0.0 0.001 0.02 0.729 0.0 -0.653 0.205 0.971 0.0 0.075 0.226 
-0.365 0.069 -0.028 -0.928 -0.699 -0.0 -0.681 0.217 -0.975 -0.0 0.064 -0.212 0.794 0.0 -0.608 0.035 0.983 0.0 -0.058 -0.174 -0.647 -0.0 -0.751 -0.129 -1.0 -0.0 -0.003 0.031 0.732 0.0 -0.651 0.2 0.968 0.0 0.074 0.239 
-0.366 0.071 -0.028 -0.927 -0.697 -0.0 -0.684 0.214 -0.976 -0.0 0.067 -0.208 0.795 0.0 -0.606 0.041 0.983 0.0 -0.058 -0.173 -0.645 0.0 -0.753 -0.129 -0.999 -0.0 -0.008 0.04 0.735 0.0 -0.65 0.193 0.965 0.0 0.072 0.253 
-0.368 0.074 -0.027 -0.926 -0.695 -0.0 -0.687 0.213 -0.976 0.0 0.066 -0.209 0.796 0.0 -0.603 0.047 0.983 0.0 -0.058 -0.172 -0.642 -0.0 -0.756 -0.128 -0.999 -0.0 -0.008 0.053 0.739 0.0 -0.648 0.185 0.962 0.0 0.07 0.263 
-0.37 0.076 -0.026 -0.926 -0.694 -0.0 -0.689 0.211 -0.976 -0.0 0.068 -0.208 0.797 0.0 -0.602 0.052 0.984 0.0 -0.058 -0.171 -0.64 -0.0 -0.758 -0.127 -0.998 0.0 -0.011 0.061 0.742 0.0 -0.647 0.175 0.958 0.0 0.066 0.279 
-0.372 0.078 -0.026 -0.925 -0.692 -0.0 -0.691 0.21 -0.975 -0.0 0.066 -0.21 0.798 0.0 -0.6 0.058 0.983 -0.0 -0.057 -0.172 -0.638 -0.0 -0.76 -0.123 -0.998 -0.0 -0.014 0.067 0.744 0.0 -0.646 0.169 0.954 0.0 0.067 0.291 
-0.374 0.079 -0.025 -0.924 -0.691 -0.0 -0.693 0.207 -0.975 0.0 0.067 -0.211 0.799 0.0 -0.598 0.064 0.983 0.0 -0.058 -0.172 -0.637 -0.0 -0.762 -0.117 -0.998 -0.0 -0.018 0.068 0.745 0.0 -0.649 0.156 0.949 0.0 0.067 0.308 
-0.373 0.079 -0.025 -0.924 -0.691 0.0 -0.693 0.206 -0.975 -0.0 0.068 -0.212 0.799 -0.0 -0.598 0.068 0.984 0.0 -0.059 -0.17 -0.638 -0.0 -0.762 -0.111 -0.997 0.0 -0.019 0.073 0.746 -0.0 -0.651 0.141 0.942 -0.0 0.064 0.329 
-0.374 0.08 -0.024 -0.924 -0.69 -0.0 -0.694 0.204 -0.974 -0.0 0.067 -0.214 0.8 0.0 -0.596 0.071 0.984 0.0 -0.06 -0.167 -0.635 -0.0 -0.765 -0.107 -0.997 -0.0 -0.019 0.077 0.748 0.0 -0.652 0.125 0.935 -0.0 0.06 0.349 
-0.373 0.078 -0.025 -0.924 -0.691 -0.0 -0.694 0.201 -0.974 -0.0 0.068 -0.216 0.799 0.0 -0.597 0.074 0.984 0.0 -0.061 -0.166 -0.638 -0.0 -0.764 -0.101 -0.997 -0.0 -0.021 0.078 0.746 0.0 -0.657 0.107 0.926 0.0 0.056 0.372 
-0.374 0.079 -0.023 -0.924 -0.69 -0.0 -0.695 0.2 -0.973 0.0 0.066 -0.219 0.8 0.0 -0.595 0.075 0.985 0.0 -0.063 -0.163 -0.636 -0.0 -0.765 -0.095 -0.997 -0.0 -0.022 0.078 0.747 0.0 -0.659 0.091 0.919 -0.0 0.053 0.39 
-0.374 0.08 -0.023 -0.924 -0.69 -0.0 -0.697 0.196 -0.973 -0.0 0.065 -0.22 0.801 0.0 -0.593 0.077 0.985 0.0 -0.063 -0.159 -0.632 -0.0 -0.77 -0.087 -0.997 -0.0 -0.014 0.079 0.747 -0.0 -0.661 0.077 0.912 0.0 0.05 0.408 
-0.373 0.079 -0.023 -0.924 -0.691 -0.0 -0.696 0.194 -0.973 -0.0 0.063 -0.224 0.801 0.0 -0.593 0.077 0.986 0.0 -0.064 -0.155 -0.634 -0.0 -0.77 -0.077 -0.997 -0.0 -0.015 0.076 0.745 0.0 -0.664 0.062 0.904 0.0 0.047 0.426 
-0.374 0.08 -0.022 -0.924 -0.69 -0.0 -0.698 0.192 -0.972 -0.0 0.063 -0.226 0.802 0.0 -0.592 0.077 0.986 0.0 -0.064 -0.151 -0.633 -0.0 -0.771 -0.069 -0.997 -0.0 -0.016 0.074 0.745 0.0 -0.666 0.046 0.895 -0.0 0.04 0.444 
-0.374 0.08 -0.021 -0.924 -0.69 -0.0 -0.698 0.189 -0.972 -0.0 0.06 -0.229 0.803 0.0 -0.591 0.076 0.987 0.0 -0.064 -0.147 -0.633 -0.0 -0.771 -0.062 -0.997 -0.0 -0.019 0.072 0.744 0.0 -0.667 0.031 0.888 0.0 0.033 0.459 
-0.374 0.08 -0.021 -0.924 -0.69 -0.0 -0.699 0.187 -0.971 -0.0 0.058 -0.232 0.804 0.0 -0.59 0.074 0.988 0.0 -0.063 -0.143 -0.633 -0.0 -0.773 -0.05 -0.998 -0.0 -0.017 0.065 0.743 0.0 -0.669 0.017 0.881 0.0 0.026 0.472 
-0.374 0.081 -0.02 -0.924 -0.691 -0.0 -0.699 0.186 -0.97 -0.0 0.056 -0.236 0.804 0.0 -0.59 0.072 0.988 0.0 -0.062 -0.139 -0.634 0.0 -0.772 -0.041 -0.998 -0.0 -0.019 0.062 0.742 0.0 -0.67 0.002 0.875 0.0 0.019 0.484 
-0.375 0.08 -0.02 -0.924 -0.691 -0.0 -0.699 0.183 -0.97 -0.0 0.054 -0.239 0.804 0.0 -0.59 0.071 0.989 0.0 -0.061 -0.136 -0.635 0.0 -0.772 -0.032 -0.998 -0.0 -0.02 0.058 0.74 0.0 -0.673 -0.011 0.87 0.0 0.012 0.493 
-0.376 0.079 -0.021 -0.923 -0.693 -0.0 -0.698 0.181 -0.969 -0.0 0.051 -0.242 0.803 0.0 -0.591 0.072 0.989 0.0 -0.06 -0.133 -0.637 -0.0 -0.771 -0.023 -0.998 -0.0 -0.02 0.057 0.737 -0.0 -0.675 -0.023 0.866 0.0 0.006 0.501 
-0.378 0.079 -0.021 -0.922 -0.694 -0.0 -0.697 0.179 -0.968 -0.0 0.047 -0.246 0.803 0.0 -0.592 0.071 0.99 0.0 -0.058 -0.131 -0.637 -0.0 -0.771 -0.016 -0.998 0.0 -0.023 0.052 0.734 0.0 -0.678 -0.036 0.863 0.0 -0.0 0.506 
-0.38 0.078 -0.022 -0.921 -0.695 -0.0 -0.697 0.177 -0.967 -0.0 0.045 -0.249 0.803 0.0 -0.592 0.071 0.99 -0.0 -0.056 -0.13 -0.638 -0.0 -0.77 -0.007 -0.998 -0.0 -0.021 0.054 0.732 0.0 -0.68 -0.048 0.861 0.0 -0.007 0.509 
-0.383 0.077 -0.022 -0.92 -0.697 -0.0 -0.695 0.175 -0.967 -0.0 0.042 -0.253 0.802 0.0 -0.593 0.072 0.99 0.0 -0.055 -0.13 -0.643 -0.0 -0.766 -0.002 -0.998 -0.0 -0.032 0.054 0.728 -0.0 -0.683 -0.062 0.859 0.0 -0.015 0.511 
-0.384 0.076 -0.023 -0.92 -0.699 -0.0 -0.694 0.173 -0.966 -0.0 0.039 -0.256 0.801 0.0 -0.594 0.076 0.99 -0.0 -0.054 -0.132 -0.642 -0.0 -0.766 0.004 -0.998 -0.0 -0.027 0.057 0.725 0.0 -0.685 -0.075 0.859 0.0 -0.018 0.512 
-0.388 0.075 -0.023 -0.918 -0.7 -0.0 -0.694 0.17 -0.965 -0.0 0.035 -0.26 0.8 0.0 -0.595 0.079 0.99 0.0 -0.053 -0.133 -0.643 -0.0 -0.765 0.011 -0.998 -0.0 -0.027 0.056 0.722 0.0 -0.686 -0.087 0.858 0.0 -0.026 0.513 
-0.392 0.073 -0.023 -0.917 -0.702 -0.0 -0.692 0.167 -0.964 0.0 0.033 -0.263 0.799 -0.0 -0.596 0.082 0.989 0.0 -0.051 -0.135 -0.646 -0.0 -0.763 0.018 -0.998 -0.0 -0.028 0.054 0.72 0.0 -0.687 -0.101 0.858 0.0 -0.034 0.513 
-0.395 0.072 -0.023 -0.916 -0.703 0.0 -0.692 0.163 -0.963 0.0 0.03 -0.266 0.798 0.0 -0.597 0.085 0.989 -0.0 -0.05 -0.139 -0.645 -0.0 -0.764 0.02 -0.998 -0.0 -0.026 0.058 0.719 0.0 -0.686 -0.114 0.859 0.0 -0.044 0.511 
-0.398 0.071 -0.022 -0.914 -0.705 -0.0 -0.691 0.159 -0.963 -0.0 0.028 -0.269 0.797 0.0 -0.598 0.088 0.989 0.0 -0.048 -0.142 -0.647 -0.0 -0.762 0.025 -0.998 -0.0 -0.029 0.057 0.718 0.0 -0.684 -0.127 0.86 0.0 -0.055 0.508 
-0.401 0.071 -0.02 -0.913 -0.705 0.0 -0.693 0.152 -0.963 -0.0 0.028 -0.268 0.797 -0.0 -0.597 0.091 0.988 -0.0 -0.047 -0.145 -0.644 -0.0 -0.765 0.024 -0.998 -0.0 -0.026 0.062 0.718 0.0 -0.683 -0.138 0.863 0.0 -0.056 0.503 
-0.412 0.069 -0.024 -0.908 -0.709 -0.0 -0.689 0.152 -0.962 0.0 0.018 -0.273 0.795 0.0 -0.599 0.102 0.988 0.0 -0.044 -0.15 -0.647 0.0 -0.762 0.036 -0.998 -0.0 -0.026 0.063 0.71 0.0 -0.691 -0.135 0.869 0.0 -0.054 0.492 
-0.417 0.068 -0.024 -0.906 -0.711 -0.0 -0.687 0.149 -0.961 -0.0 0.015 -0.277 0.793 0.0 -0.6 0.106 0.987 0.0 -0.042 -0.153 -0.648 -0.0 -0.761 0.039 -0.997 0.0 -0.026 0.066 0.709 0.0 -0.69 -0.145 0.873 0.0 -0.059 0.483 
-0.422 0.066 -0.023 -0.904 -0.714 -0.0 -0.686 0.144 -0.96 -0.0 0.01 -0.28 0.792 0.0 -0.601 0.109 0.987 -0.0 -0.041 -0.155 -0.649 -0.0 -0.759 0.043 -0.997 0.0 -0.029 0.067 0.709 -0.0 -0.688 -0.155 0.877 -0.0 -0.066 0.476 
-0.426 0.064 -0.024 -0.902 -0.716 -0.0 -0.684 0.141 -0.959 -0.0 0.006 -0.283 0.79 0.0 -0.602 0.116 0.986 0.0 -0.038 -0.159 -0.652 0.0 -0.757 0.049 -0.997 0.0 -0.031 0.068 0.707 0.0 -0.689 -0.161 0.883 0.0 -0.065 0.465 
-0.431 0.063 -0.024 -0.9 -0.719 0.0 -0.682 0.137 -0.958 -0.0 0.002 -0.287 0.789 -0.0 -0.603 0.118 0.986 -0.0 -0.037 -0.16 -0.654 0.0 -0.755 0.053 -0.997 -0.0 -0.033 0.07 0.705 0.0 -0.69 -0.163 0.89 0.0 -0.06 0.452 
-0.437 0.061 -0.025 -0.897 -0.721 -0.0 -0.68 0.134 -0.957 -0.0 -0.004 -0.29 0.787 0.0 -0.605 0.124 0.986 0.0 -0.035 -0.164 -0.655 -0.0 -0.753 0.057 -0.997 -0.0 -0.033 0.075 0.712 0.0 -0.678 -0.181 0.89 0.0 -0.094 0.447 
-0.442 0.06 -0.024 -0.895 -0.723 0.0 -0.678 0.129 -0.956 -0.0 -0.008 -0.292 0.786 0.0 -0.606 0.127 0.986 0.0 -0.033 -0.165 -0.657 0.0 -0.751 0.058 -0.996 -0.0 -0.036 0.078 0.713 0.0 -0.675 -0.189 0.895 -0.0 -0.096 0.435 
-0.447 0.059 -0.025 -0.892 -0.726 -0.0 -0.676 0.126 -0.955 -0.0 -0.012 -0.295 0.784 0.0 -0.607 0.131 0.986 0.0 -0.032 -0.165 -0.66 0.0 -0.748 0.063 -0.996 -0.0 -0.039 0.081 0.707 0.0 -0.683 -0.183 0.908 -0.0 -0.075 0.412 
-0.45 0.057 -0.026 -0.891 -0.728 -0.0 -0.674 0.122 -0.955 -0.0 -0.014 -0.297 0.783 0.0 -0.608 0.135 0.985 0.0 -0.031 -0.168 -0.664 0.0 -0.745 0.07 -0.996 -0.0 -0.042 0.082 0.705 0.0 -0.683 -0.188 0.914 0.0 -0.071 0.4 
-0.456 0.056 -0.025 -0.888 -0.731 -0.0 -0.673 0.119 -0.954 -0.0 -0.019 -0.301 0.781 0.0 -0.609 0.138 0.985 0.0 -0.029 -0.171 -0.666 -0.0 -0.742 0.073 -0.995 -0.0 -0.045 0.085 0.705 0.0 -0.683 -0.193 0.92 0.0 -0.068 0.386 
-0.463 0.055 -0.024 -0.884 -0.732 0.0 -0.672 0.112 -0.953 -0.0 -0.022 -0.301 0.78 0.0 -0.61 0.142 0.984 0.0 -0.027 -0.174 -0.667 0.0 -0.741 0.073 -0.995 -0.0 -0.044 0.09 0.705 0.0 -0.681 -0.197 0.926 0.0 -0.066 0.372 
-0.461 0.053 -0.025 -0.885 -0.734 0.0 -0.67 0.109 -0.952 0.0 -0.023 -0.304 0.779 0.0 -0.611 0.143 0.984 0.0 -0.028 -0.175 -0.67 -0.0 -0.738 0.08 -0.995 -0.0 -0.046 0.089 0.707 0.0 -0.677 -0.206 0.928 0.0 -0.066 0.368 
-0.469 0.052 -0.025 -0.882 -0.736 -0.0 -0.669 0.106 -0.951 -0.0 -0.029 -0.306 0.777 0.0 -0.612 0.147 0.984 0.0 -0.027 -0.177 -0.67 -0.0 -0.738 0.086 -0.995 0.0 -0.04 0.092 0.702 0.0 -0.681 -0.207 0.936 0.0 -0.055 0.348 
-0.47 0.051 -0.026 -0.881 -0.739 -0.0 -0.666 0.105 -0.95 -0.0 -0.033 -0.31 0.776 0.0 -0.613 0.15 0.984 0.0 -0.027 -0.178 -0.671 -0.0 -0.735 0.095 -0.995 -0.0 -0.036 0.09 0.7 0.0 -0.681 -0.214 0.941 0.0 -0.049 0.336 
-0.476 0.051 -0.024 -0.877 -0.739 -0.0 -0.667 0.098 -0.95 -0.0 -0.035 -0.311 0.776 -0.0 -0.612 0.152 0.983 0.0 -0.026 -0.18 -0.668 -0.0 -0.739 0.09 -0.995 -0.0 -0.027 0.098 0.701 0.0 -0.679 -0.218 0.947 0.0 -0.043 0.319 
-0.485 0.048 -0.022 -0.873 -0.741 0.0 -0.667 0.084 -0.951 -0.0 -0.035 -0.306 0.774 0.0 -0.615 0.152 0.983 0.0 -0.022 -0.181 -0.668 -0.0 -0.74 0.085 -0.995 0.0 -0.02 0.1 0.7 0.0 -0.678 -0.225 0.952 -0.0 -0.041 0.304 
-0.48 0.048 -0.025 -0.876 -0.742 0.0 -0.665 0.086 -0.951 -0.0 -0.032 -0.308 0.774 0.0 -0.614 0.156 0.983 0.0 -0.026 -0.182 -0.668 -0.0 -0.736 0.108 -0.996 -0.0 -0.015 0.09 0.696 0.0 -0.682 -0.222 0.958 0.0 -0.027 0.286 
-0.482 0.047 -0.025 -0.875 -0.743 -0.0 -0.664 0.083 -0.95 0.0 -0.034 -0.31 0.773 0.0 -0.614 0.158 0.983 0.0 -0.026 -0.183 -0.667 -0.0 -0.737 0.112 -0.996 -0.0 -0.006 0.091 0.694 0.0 -0.684 -0.222 0.963 0.0 -0.017 0.268 
-0.483 0.047 -0.024 -0.874 -0.743 -0.0 -0.664 0.08 -0.95 -0.0 -0.036 -0.311 0.773 0.0 -0.615 0.159 0.983 0.0 -0.026 -0.181 -0.665 -0.0 -0.737 0.119 -0.996 -0.0 0.001 0.087 0.694 0.0 -0.685 -0.222 0.968 -0.0 -0.008 0.25 
-0.486 0.047 -0.023 -0.872 -0.744 -0.0 -0.664 0.077 -0.949 -0.0 -0.036 -0.315 0.773 0.0 -0.614 0.16 0.983 -0.0 -0.026 -0.182 -0.664 -0.0 -0.737 0.125 -0.997 -0.0 0.004 0.083 0.695 0.0 -0.684 -0.222 0.973 -0.0 -0.0 0.23 
-0.488 0.046 -0.023 -0.871 -0.745 -0.0 -0.662 0.076 -0.948 -0.0 -0.038 -0.317 0.772 0.0 -0.615 0.161 0.983 0.0 -0.025 -0.18 -0.664 -0.0 -0.736 0.13 -0.996 -0.0 0.009 0.083 0.693 -0.0 -0.687 -0.22 0.978 0.0 0.01 0.21 
-0.49 0.046 -0.022 -0.87 -0.745 -0.0 -0.663 0.073 -0.947 -0.0 -0.037 -0.318 0.772 0.0 -0.615 0.162 0.983 0.0 -0.025 -0.18 -0.664 -0.0 -0.734 0.14 -0.997 -0.0 0.011 0.078 0.693 -0.0 -0.687 -0.218 0.982 0.0 0.018 0.188 
-0.491 0.045 -0.022 -0.87 -0.745 0.0 -0.663 0.07 -0.947 -0.0 -0.037 -0.319 0.771 0.0 -0.615 0.163 0.984 0.0 -0.025 -0.179 -0.664 -0.0 -0.733 0.146 -0.997 -0.0 0.013 0.077 0.693 0.0 -0.688 -0.214 0.986 0.0 0.025 0.166 
-0.493 0.045 -0.022 -0.869 -0.746 -0.0 -0.662 0.069 -0.946 -0.0 -0.037 -0.321 0.771 -0.0 -0.616 0.164 0.984 0.0 -0.025 -0.177 -0.665 -0.0 -0.732 0.152 -0.997 -0.0 0.015 0.076 0.693 0.0 -0.689 -0.211 0.989 0.0 0.03 0.145 
-0.496 0.046 -0.02 -0.867 -0.746 -0.0 -0.662 0.067 -0.946 -0.0 -0.043 -0.322 0.771 0.0 -0.615 0.163 0.984 0.0 -0.024 -0.175 -0.664 -0.0 -0.732 0.155 -0.997 -0.0 0.017 0.079 0.694 -0.0 -0.689 -0.208 0.992 0.0 0.035 0.125 
-0.498 0.045 -0.02 -0.866 -0.747 -0.0 -0.661 0.066 -0.945 -0.0 -0.044 -0.323 0.771 0.0 -0.615 0.164 0.985 0.0 -0.024 -0.174 -0.664 0.0 -0.73 0.163 -0.997 -0.0 0.019 0.077 0.695 -0.0 -0.689 -0.207 0.994 0.0 0.037 0.106 
-0.499 0.045 -0.019 -0.865 -0.748 -0.0 -0.661 0.065 -0.944 -0.0 -0.042 -0.326 0.771 -0.0 -0.616 0.164 0.985 0.0 -0.024 -0.172 -0.665 -0.0 -0.727 0.17 -0.997 -0.0 0.019 0.075 0.696 0.0 -0.688 -0.205 0.995 -0.0 0.038 0.089 
-0.501 0.045 -0.019 -0.864 -0.748 -0.0 -0.66 0.064 -0.944 0.0 -0.043 -0.326 0.77 0.0 -0.616 0.165 0.985 0.0 -0.024 -0.17 -0.665 -0.0 -0.725 0.177 -0.997 -0.0 0.02 0.075 0.696 0.0 -0.688 -0.202 0.997 0.0 0.041 0.071 
-0.502 0.046 -0.019 -0.863 -0.748 0.0 -0.661 0.062 -0.945 -0.0 -0.043 -0.324 0.77 0.0 -0.616 0.166 0.986 0.0 -0.024 -0.168 -0.664 -0.0 -0.725 0.182 -0.997 -0.0 0.025 0.077 0.698 0.0 -0.688 -0.2 0.998 -0.0 0.043 0.054 
-0.504 0.046 -0.018 -0.862 -0.749 -0.0 -0.66 0.065 -0.943 -0.0 -0.047 -0.329 0.771 0.0 -0.616 0.165 0.986 -0.0 -0.023 -0.166 -0.664 -0.0 -0.724 0.187 -0.997 0.0 0.028 0.078 0.699 0.0 -0.687 -0.198 0.998 0.0 0.045 0.039 
-0.505 0.046 -0.019 -0.862 -0.75 -0.0 -0.658 0.065 -0.943 -0.0 -0.047 -0.33 0.77 -0.0 -0.616 0.167 0.986 0.0 -0.023 -0.164 -0.664 -0.0 -0.722 0.194 -0.996 0.0 0.031 0.079 0.699 0.0 -0.689 -0.194 0.998 0.0 0.049 0.025 
-0.507 0.046 -0.018 -0.861 -0.75 -0.0 -0.658 0.065 -0.943 0.0 -0.049 -0.328 0.77 0.0 -0.616 0.166 0.987 0.0 -0.023 -0.161 -0.664 0.0 -0.721 0.2 -0.996 -0.0 0.032 0.08 0.7 0.0 -0.688 -0.191 0.999 -0.0 0.052 0.011 
-0.506 0.047 -0.016 -0.861 -0.749 -0.0 -0.659 0.063 -0.943 -0.0 -0.044 -0.329 0.771 0.0 -0.615 0.165 0.987 -0.0 -0.023 -0.16 -0.663 -0.0 -0.72 0.204 -0.996 -0.0 0.03 0.079 0.703 0.0 -0.685 -0.192 0.999 0.0 0.05 0.003 
-0.509 0.047 -0.018 -0.859 -0.75 -0.0 -0.658 0.063 -0.945 -0.0 -0.047 -0.325 0.769 0.0 -0.617 0.168 0.987 0.0 -0.022 -0.158 -0.665 -0.0 -0.717 0.211 -0.996 -0.0 0.034 0.08 0.7 0.0 -0.69 -0.185 0.998 0.0 0.055 -0.007 
-0.51 0.048 -0.018 -0.858 -0.75 -0.0 -0.659 0.063 -0.945 -0.0 -0.044 -0.324 0.769 0.0 -0.616 0.168 0.988 -0.0 -0.022 -0.156 -0.664 -0.0 -0.716 0.215 -0.995 -0.0 0.041 0.086 0.7 0.0 -0.691 -0.183 0.998 -0.0 0.055 -0.011 
-0.509 0.049 -0.017 -0.859 -0.749 -0.0 -0.659 0.063 -0.946 -0.0 -0.041 -0.322 0.77 0.0 -0.616 0.166 0.988 0.0 -0.022 -0.153 -0.663 0.0 -0.716 0.219 -0.995 -0.0 0.043 0.088 0.701 0.0 -0.688 -0.185 0.999 -0.0 0.051 -0.01 
-0.509 0.049 -0.018 -0.859 -0.749 0.0 -0.659 0.064 -0.947 -0.0 -0.038 -0.319 0.769 0.0 -0.616 0.168 0.988 0.0 -0.023 -0.151 -0.664 -0.0 -0.712 0.227 -0.995 -0.0 0.044 0.089 0.699 0.0 -0.691 -0.184 0.999 0.0 0.051 -0.008 
-0.512 0.049 -0.019 -0.857 -0.75 -0.0 -0.658 0.066 -0.948 0.0 -0.04 -0.316 0.768 0.0 -0.618 0.17 0.989 0.0 -0.022 -0.149 -0.666 -0.0 -0.709 0.232 -0.995 -0.0 0.045 0.09 0.695 0.0 -0.696 -0.179 0.999 0.0 0.054 -0.009 
-0.513 0.05 -0.02 -0.857 -0.75 -0.0 -0.658 0.069 -0.949 -0.0 -0.039 -0.314 0.768 0.0 -0.618 0.17 0.989 0.0 -0.021 -0.146 -0.666 -0.0 -0.708 0.237 -0.994 -0.0 0.053 0.096 0.694 0.0 -0.698 -0.178 0.999 0.0 0.051 -0.004 
-0.514 0.051 -0.021 -0.856 -0.75 0.0 -0.658 0.071 -0.95 -0.0 -0.038 -0.311 0.768 0.0 -0.618 0.171 0.989 -0.0 -0.023 -0.144 -0.666 -0.0 -0.706 0.241 -0.994 -0.0 0.053 0.098 0.693 0.0 -0.699 -0.176 0.999 0.0 0.05 0.001 
-0.515 0.053 -0.021 -0.855 -0.749 -0.0 -0.659 0.073 -0.951 -0.0 -0.036 -0.308 0.768 -0.0 -0.617 0.17 0.99 0.0 -0.022 -0.141 -0.666 -0.0 -0.705 0.245 -0.993 -0.0 0.06 0.104 0.693 0.0 -0.701 -0.172 0.999 0.0 0.046 0.006 
-0.516 0.054 -0.023 -0.855 -0.749 -0.0 -0.658 0.077 -0.952 -0.0 -0.038 -0.305 0.767 0.0 -0.618 0.172 0.99 0.0 -0.023 -0.14 -0.667 -0.0 -0.702 0.251 -0.992 -0.0 0.064 0.108 0.691 0.0 -0.704 -0.166 0.999 -0.0 0.046 0.01 
-0.517 0.055 -0.024 -0.854 -0.749 -0.0 -0.658 0.08 -0.953 -0.0 -0.035 -0.301 0.767 0.0 -0.618 0.173 0.99 0.0 -0.023 -0.138 -0.667 0.0 -0.7 0.255 -0.991 -0.0 0.069 0.113 0.691 0.0 -0.704 -0.162 0.999 0.0 0.044 0.014 
-0.517 0.056 -0.026 -0.854 -0.749 -0.0 -0.657 0.084 -0.954 0.0 -0.034 -0.296 0.766 -0.0 -0.618 0.175 0.99 -0.0 -0.023 -0.137 -0.668 -0.0 -0.697 0.261 -0.991 0.0 0.071 0.117 0.691 0.0 -0.706 -0.156 0.999 0.0 0.041 0.019 
-0.517 0.057 -0.029 -0.853 -0.749 -0.0 -0.657 0.088 -0.956 0.0 -0.032 -0.29 0.765 0.0 -0.619 0.177 0.991 0.0 -0.023 -0.134 -0.668 -0.0 -0.695 0.265 -0.989 -0.0 0.078 0.123 0.691 0.0 -0.707 -0.15 0.999 0.0 0.038 0.025 
-0.519 0.058 -0.03 -0.852 -0.749 -0.0 -0.656 0.091 -0.958 -0.0 -0.032 -0.286 0.765 -0.0 -0.619 0.177 0.991 0.0 -0.023 -0.132 -0.669 -0.0 -0.694 0.267 -0.988 -0.0 0.083 0.131 0.692 0.0 -0.707 -0.145 0.999 0.0 0.034 0.031 
-0.518 0.058 -0.033 -0.853 -0.748 -0.0 -0.657 0.091 -0.961 0.0 -0.024 -0.274 0.764 -0.0 -0.62 0.179 0.991 0.0 -0.024 -0.131 -0.671 -0.0 -0.69 0.271 -0.987 -0.0 0.086 0.139 0.692 0.0 -0.708 -0.139 0.999 -0.0 0.031 0.039 
-0.519 0.058 -0.036 -0.852 -0.749 -0.0 -0.656 0.095 -0.963 0.0 -0.023 -0.269 0.762 0.0 -0.622 0.179 0.992 0.0 -0.023 -0.128 -0.672 -0.0 -0.688 0.272 -0.985 -0.0 0.091 0.147 0.689 0.0 -0.713 -0.132 0.998 0.0 0.037 0.045 
-0.518 0.058 -0.04 -0.852 -0.75 0.0 -0.655 0.098 -0.965 -0.0 -0.018 -0.261 0.761 0.0 -0.624 0.18 0.992 0.0 -0.023 -0.126 -0.675 -0.0 -0.685 0.275 -0.983 -0.0 0.094 0.156 0.687 0.0 -0.716 -0.124 0.998 0.0 0.036 0.054 
-0.517 0.057 -0.043 -0.853 -0.75 -0.0 -0.653 0.103 -0.967 0.0 -0.014 -0.254 0.759 0.0 -0.626 0.179 0.992 0.0 -0.024 -0.123 -0.676 -0.0 -0.684 0.274 -0.981 0.0 0.1 0.168 0.685 0.0 -0.719 -0.118 0.997 -0.0 0.035 0.062 
-0.515 0.057 -0.047 -0.854 -0.75 -0.0 -0.652 0.107 -0.969 -0.0 -0.01 -0.247 0.758 0.0 -0.627 0.18 0.992 0.0 -0.023 -0.121 -0.679 -0.0 -0.681 0.274 -0.979 -0.0 0.101 0.179 0.685 0.0 -0.72 -0.11 0.997 0.0 0.032 0.068 
-0.513 0.056 -0.049 -0.855 -0.751 -0.0 -0.651 0.111 -0.971 -0.0 -0.007 -0.241 0.756 0.0 -0.63 0.179 0.992 0.0 -0.023 -0.12 -0.68 -0.0 -0.682 0.268 -0.975 -0.0 0.105 0.195 0.684 0.0 -0.722 -0.104 0.997 0.0 0.028 0.076 
-0.513 0.056 -0.051 -0.855 -0.75 -0.0 -0.652 0.114 -0.972 0.0 -0.002 -0.234 0.755 0.0 -0.631 0.179 0.993 0.0 -0.022 -0.12 -0.681 -0.0 -0.684 0.26 -0.971 -0.0 0.107 0.212 0.685 0.0 -0.722 -0.097 0.996 0.0 0.023 0.081 
-0.511 0.056 -0.053 -0.856 -0.749 -0.0 -0.651 0.12 -0.974 -0.0 0.001 -0.229 0.754 -0.0 -0.632 0.178 0.993 0.0 -0.023 -0.119 -0.683 -0.0 -0.685 0.254 -0.968 -0.0 0.107 0.229 0.685 0.0 -0.723 -0.091 0.996 0.0 0.019 0.089 
-0.509 0.055 -0.055 -0.857 -0.748 -0.0 -0.652 0.124 -0.975 0.0 0.006 -0.222 0.753 0.0 -0.633 0.178 0.993 0.0 -0.023 -0.12 -0.686 -0.0 -0.685 0.245 -0.963 -0.0 0.105 0.248 0.686 0.0 -0.723 -0.083 0.996 0.0 0.013 0.092 
-0.508 0.056 -0.056 -0.858 -0.747 -0.0 -0.652 0.13 -0.975 -0.0 0.007 -0.22 0.753 0.0 -0.634 0.176 0.992 -0.0 -0.023 -0.12 -0.687 -0.0 -0.689 0.231 -0.957 0.0 0.104 0.27 0.688 0.0 -0.722 -0.076 0.995 0.0 0.007 0.096 
-0.507 0.057 -0.056 -0.858 -0.745 -0.0 -0.654 0.133 -0.977 -0.0 0.01 -0.215 0.753 0.0 -0.634 0.175 0.992 0.0 -0.022 -0.122 -0.687 -0.0 -0.693 0.217 -0.951 -0.0 0.103 0.292 0.689 0.0 -0.721 -0.068 0.995 0.0 0.002 0.097 
-0.507 0.058 -0.055 -0.858 -0.743 -0.0 -0.655 0.136 -0.977 -0.0 0.012 -0.212 0.753 -0.0 -0.634 0.173 0.992 0.0 -0.023 -0.123 -0.688 -0.0 -0.698 0.199 -0.944 -0.0 0.099 0.314 0.691 -0.0 -0.72 -0.063 0.995 -0.0 -0.003 0.099 
-0.505 0.058 -0.056 -0.859 -0.742 -0.0 -0.656 0.138 -0.978 -0.0 0.014 -0.207 0.753 0.0 -0.635 0.171 0.992 0.0 -0.023 -0.125 -0.688 -0.0 -0.702 0.182 -0.937 -0.0 0.097 0.336 0.691 0.0 -0.72 -0.057 0.995 0.0 -0.007 0.101 
-0.504 0.059 -0.055 -0.86 -0.741 -0.0 -0.657 0.141 -0.979 -0.0 0.016 -0.204 0.754 0.0 -0.635 0.169 0.992 0.0 -0.025 -0.127 -0.687 -0.0 -0.708 0.163 -0.928 -0.0 0.096 0.36 0.693 0.0 -0.719 -0.05 0.995 -0.0 -0.012 0.102 
-0.503 0.058 -0.056 -0.861 -0.74 -0.0 -0.657 0.143 -0.979 0.0 0.019 -0.201 0.754 -0.0 -0.635 0.167 0.991 0.0 -0.026 -0.129 -0.687 -0.0 -0.711 0.148 -0.921 -0.0 0.092 0.379 0.693 0.0 -0.72 -0.042 0.995 0.0 -0.013 0.101 
-0.501 0.058 -0.056 -0.861 -0.74 -0.0 -0.656 0.145 -0.98 -0.0 0.018 -0.198 0.754 -0.0 -0.636 0.166 0.991 0.0 -0.026 -0.132 -0.687 -0.0 -0.714 0.133 -0.914 0.0 0.087 0.396 0.693 -0.0 -0.72 -0.034 0.995 0.0 -0.015 0.101 
-0.497 0.058 -0.054 -0.864 -0.739 -0.0 -0.658 0.145 -0.98 -0.0 0.019 -0.196 0.755 -0.0 -0.635 0.16 0.991 0.0 -0.028 -0.134 -0.685 -0.0 -0.719 0.116 -0.908 -0.0 0.078 0.412 0.7 0.0 -0.714 -0.034 0.994 -0.0 -0.026 0.103 
-0.499 0.057 -0.056 -0.863 -0.739 0.0 -0.657 0.147 -0.981 -0.0 0.02 -0.193 0.755 0.0 -0.636 0.16 0.99 0.0 -0.029 -0.136 -0.687 0.0 -0.719 0.103 -0.901 -0.0 0.074 0.428 0.693 0.0 -0.72 -0.021 0.995 0.0 -0.019 0.1 
-0.497 0.057 -0.056 -0.864 -0.739 -0.0 -0.657 0.149 -0.981 -0.0 0.019 -0.192 0.755 0.0 -0.637 0.158 0.99 0.0 -0.03 -0.139 -0.688 0.0 -0.72 0.089 -0.895 -0.0 0.063 0.442 0.693 0.0 -0.721 -0.012 0.995 0.0 -0.018 0.098 
-0.495 0.057 -0.055 -0.865 -0.739 -0.0 -0.657 0.15 -0.981 0.0 0.018 -0.192 0.755 -0.0 -0.637 0.155 0.989 0.0 -0.031 -0.142 -0.687 -0.0 -0.723 0.072 -0.888 -0.0 0.053 0.458 0.693 0.0 -0.72 -0.007 0.995 0.0 -0.019 0.098 
-0.49 0.058 -0.054 -0.868 -0.737 -0.0 -0.659 0.152 -0.981 0.0 0.019 -0.192 0.757 0.0 -0.636 0.149 0.989 0.0 -0.033 -0.144 -0.685 -0.0 -0.726 0.057 -0.882 0.0 0.038 0.469 0.7 0.0 -0.714 -0.005 0.995 0.0 -0.026 0.101 
-0.492 0.057 -0.056 -0.867 -0.738 -0.0 -0.657 0.155 -0.981 -0.0 0.018 -0.192 0.757 0.0 -0.636 0.148 0.989 0.0 -0.034 -0.145 -0.686 -0.0 -0.726 0.047 -0.878 -0.0 0.034 0.478 0.693 0.0 -0.721 0.01 0.995 0.0 -0.016 0.096 
-0.486 0.058 -0.053 -0.87 -0.735 -0.0 -0.659 0.156 -0.981 0.0 0.019 -0.193 0.76 0.0 -0.634 0.141 0.989 0.0 -0.037 -0.146 -0.685 -0.0 -0.728 0.031 -0.874 -0.0 0.018 0.485 0.699 0.0 -0.715 0.01 0.995 0.0 -0.02 0.098 
-0.484 0.059 -0.053 -0.872 -0.735 0.0 -0.66 0.159 -0.981 0.0 0.018 -0.195 0.761 0.0 -0.634 0.137 0.988 0.0 -0.037 -0.149 -0.685 -0.0 -0.728 0.02 -0.873 0.0 0.006 0.489 0.699 0.0 -0.715 0.018 0.995 -0.0 -0.019 0.096 
-0.481 0.059 -0.053 -0.873 -0.733 -0.0 -0.661 0.162 -0.98 -0.0 0.019 -0.196 0.762 -0.0 -0.634 0.132 0.988 0.0 -0.038 -0.15 -0.684 -0.0 -0.729 0.009 -0.87 -0.0 -0.004 0.493 0.699 0.0 -0.714 0.024 0.995 0.0 -0.017 0.095 
-0.48 0.06 -0.051 -0.874 -0.731 0.0 -0.662 0.165 -0.98 -0.0 0.017 -0.199 0.764 0.0 -0.633 0.126 0.988 0.0 -0.038 -0.152 -0.683 -0.0 -0.73 -0.006 -0.869 -0.0 -0.015 0.495 0.7 0.0 -0.713 0.03 0.995 0.0 -0.013 0.094 
-0.477 0.061 -0.049 -0.875 -0.728 -0.0 -0.665 0.165 -0.979 0.0 0.02 -0.201 0.767 0.0 -0.631 0.118 0.987 -0.0 -0.039 -0.154 -0.682 -0.0 -0.731 -0.023 -0.867 -0.0 -0.03 0.497 0.703 0.0 -0.711 0.03 0.995 0.0 -0.013 0.096 
-0.477 0.062 -0.049 -0.875 -0.727 -0.0 -0.666 0.168 -0.979 -0.0 0.02 -0.203 0.767 -0.0 -0.631 0.114 0.987 0.0 -0.04 -0.155 -0.682 -0.0 -0.73 -0.035 -0.867 0.0 -0.038 0.496 0.701 0.0 -0.712 0.039 0.996 -0.0 -0.01 0.093 
-0.475 0.063 -0.048 -0.877 -0.725 -0.0 -0.667 0.173 -0.978 -0.0 0.021 -0.206 0.769 0.0 -0.63 0.109 0.987 -0.0 -0.042 -0.157 -0.68 -0.0 -0.732 -0.046 -0.869 -0.0 -0.046 0.493 0.701 0.0 -0.711 0.046 0.996 0.0 -0.005 0.092 
-0.471 0.063 -0.047 -0.878 -0.723 -0.0 -0.668 0.176 -0.977 -0.0 0.021 -0.21 0.77 0.0 -0.63 0.104 0.986 0.0 -0.042 -0.159 -0.68 0.0 -0.731 -0.059 -0.871 -0.0 -0.057 0.488 0.701 0.0 -0.711 0.05 0.996 0.0 -0.003 0.092 
-0.468 0.064 -0.046 -0.88 -0.721 -0.0 -0.669 0.18 -0.977 -0.0 0.022 -0.214 0.771 0.0 -0.629 0.098 0.986 0.0 -0.043 -0.162 -0.678 -0.0 -0.731 -0.072 -0.873 -0.0 -0.065 0.484 0.702 -0.0 -0.71 0.054 0.996 0.0 -0.002 0.092 
-0.465 0.064 -0.045 -0.882 -0.719 -0.0 -0.67 0.183 -0.976 0.0 0.024 -0.217 0.773 0.0 -0.628 0.092 0.986 0.0 -0.045 -0.163 -0.677 -0.0 -0.731 -0.083 -0.876 -0.0 -0.073 0.477 0.703 0.0 -0.709 0.059 0.996 0.0 0.004 0.09 
-0.462 0.066 -0.042 -0.883 -0.716 -0.0 -0.673 0.185 -0.975 -0.0 0.027 -0.22 0.774 0.0 -0.627 0.087 0.985 0.0 -0.046 -0.166 -0.674 -0.0 -0.732 -0.096 -0.879 -0.0 -0.08 0.47 0.706 0.0 -0.706 0.061 0.996 -0.0 0.002 0.091 
-0.457 0.064 -0.042 -0.886 -0.716 -0.0 -0.672 0.188 -0.974 -0.0 0.028 -0.223 0.774 -0.0 -0.628 0.081 0.984 0.0 -0.047 -0.17 -0.676 -0.0 -0.729 -0.105 -0.884 0.0 -0.087 0.459 0.705 0.0 -0.706 0.063 0.996 0.0 -0.001 0.094 
-0.454 0.065 -0.04 -0.888 -0.713 -0.0 -0.675 0.189 -0.974 -0.0 0.032 -0.224 0.776 -0.0 -0.626 0.076 0.984 0.0 -0.049 -0.172 -0.674 0.0 -0.729 -0.115 -0.889 0.0 -0.092 0.448 0.708 0.0 -0.703 0.065 0.995 -0.0 -0.002 0.096 
-0.451 0.066 -0.039 -0.889 -0.712 -0.0 -0.676 0.193 -0.973 -0.0 0.031 -0.228 0.777 0.0 -0.626 0.07 0.983 0.0 -0.049 -0.174 -0.673 -0.0 -0.729 -0.124 -0.894 -0.0 -0.097 0.437 0.709 -0.0 -0.701 0.069 0.995 0.0 -0.002 0.097 
-0.446 0.066 -0.038 -0.892 -0.71 -0.0 -0.677 0.194 -0.973 -0.0 0.037 -0.228 0.778 0.0 -0.625 0.066 0.983 -0.0 -0.051 -0.177 -0.673 0.0 -0.728 -0.131 -0.901 -0.0 -0.1 0.423 0.711 -0.0 -0.699 0.071 0.995 0.0 -0.005 0.1 
-0.445 0.068 -0.036 -0.892 -0.707 0.0 -0.679 0.197 -0.972 -0.0 0.038 -0.231 0.78 0.0 -0.623 0.062 0.982 0.0 -0.053 -0.18 -0.67 -0.0 -0.729 -0.139 -0.907 -0.0 -0.1 0.41 0.715 0.0 -0.695 0.076 0.995 0.0 -0.008 0.101 
-0.44 0.068 -0.034 -0.895 -0.705 -0.0 -0.681 0.196 -0.972 -0.0 0.043 -0.23 0.781 0.0 -0.623 0.055 0.982 0.0 -0.053 -0.182 -0.67 0.0 -0.728 -0.146 -0.914 -0.0 -0.102 0.392 0.717 0.0 -0.693 0.076 0.994 0.0 -0.014 0.104 
-0.437 0.069 -0.033 -0.896 -0.704 0.0 -0.682 0.198 -0.972 -0.0 0.043 -0.232 0.782 0.0 -0.622 0.05 0.981 -0.0 -0.055 -0.184 -0.669 0.0 -0.727 -0.152 -0.921 -0.0 -0.103 0.375 0.72 0.0 -0.69 0.079 0.994 0.0 -0.019 0.108 
-0.433 0.071 -0.031 -0.898 -0.702 -0.0 -0.684 0.199 -0.971 0.0 0.044 -0.234 0.784 0.0 -0.62 0.043 0.981 0.0 -0.056 -0.185 -0.668 -0.0 -0.727 -0.159 -0.928 -0.0 -0.104 0.357 0.723 -0.0 -0.687 0.078 0.993 0.0 -0.023 0.113 
-0.43 0.072 -0.029 -0.899 -0.7 -0.0 -0.686 0.199 -0.971 -0.0 0.046 -0.233 0.785 0.0 -0.618 0.037 0.981 0.0 -0.058 -0.186 -0.666 -0.0 -0.728 -0.165 -0.935 -0.0 -0.102 0.34 0.725 0.0 -0.684 0.08 0.993 0.0 -0.028 0.116 
-0.427 0.072 -0.027 -0.901 -0.699 -0.0 -0.687 0.198 -0.971 -0.0 0.047 -0.234 0.786 0.0 -0.617 0.032 0.98 0.0 -0.059 -0.188 -0.664 -0.0 -0.728 -0.171 -0.942 -0.0 -0.101 0.32 0.727 0.0 -0.682 0.083 0.993 0.0 -0.029 0.117 
-0.424 0.073 -0.025 -0.903 -0.697 0.0 -0.69 0.198 -0.971 -0.0 0.05 -0.233 0.787 0.0 -0.616 0.025 0.98 0.0 -0.06 -0.19 -0.663 0.0 -0.727 -0.177 -0.948 -0.0 -0.099 0.302 0.728 -0.0 -0.681 0.084 0.992 0.0 -0.029 0.12 
-0.421 0.074 -0.023 -0.904 -0.695 -0.0 -0.691 0.197 -0.971 -0.0 0.051 -0.233 0.789 -0.0 -0.615 0.019 0.98 0.0 -0.062 -0.191 -0.661 -0.0 -0.728 -0.183 -0.954 -0.0 -0.094 0.284 0.728 0.0 -0.68 0.086 0.992 0.0 -0.025 0.12 
-0.418 0.073 -0.022 -0.905 -0.695 -0.0 -0.691 0.197 -0.971 -0.0 0.053 -0.233 0.788 0.0 -0.615 0.014 0.979 0.0 -0.064 -0.193 -0.661 -0.0 -0.727 -0.187 -0.961 -0.0 -0.089 0.262 0.727 0.0 -0.681 0.089 0.993 0.0 -0.022 0.12 
-0.416 0.073 -0.02 -0.906 -0.695 -0.0 -0.692 0.197 -0.971 0.0 0.053 -0.233 0.789 0.0 -0.614 0.007 0.979 0.0 -0.064 -0.194 -0.659 -0.0 -0.727 -0.192 -0.966 -0.0 -0.08 0.246 0.726 -0.0 -0.681 0.092 0.993 -0.0 -0.017 0.12 
-0.414 0.072 -0.019 -0.907 -0.695 -0.0 -0.692 0.195 -0.971 -0.0 0.056 -0.231 0.789 0.0 -0.615 0.002 0.978 0.0 -0.065 -0.196 -0.659 -0.0 -0.727 -0.194 -0.971 0.0 -0.071 0.226 0.724 0.0 -0.683 0.096 0.993 0.0 -0.011 0.119 
-0.411 0.072 -0.017 -0.908 -0.694 -0.0 -0.693 0.194 -0.972 -0.0 0.057 -0.23 0.789 0.0 -0.614 -0.004 0.978 0.0 -0.066 -0.199 -0.657 -0.0 -0.727 -0.198 -0.976 0.0 -0.061 0.207 0.724 0.0 -0.683 0.099 0.993 0.0 -0.006 0.117 
-0.409 0.072 -0.016 -0.91 -0.694 -0.0 -0.694 0.192 -0.972 -0.0 0.059 -0.227 0.79 0.0 -0.614 -0.009 0.977 0.0 -0.067 -0.201 -0.656 -0.0 -0.727 -0.201 -0.981 -0.0 -0.05 0.188 0.723 0.0 -0.683 0.104 0.993 0.0 0.001 0.114 
-0.407 0.07 -0.015 -0.911 -0.695 0.0 -0.694 0.191 -0.972 -0.0 0.061 -0.227 0.789 0.0 -0.615 -0.014 0.977 0.0 -0.068 -0.202 -0.656 -0.0 -0.727 -0.203 -0.985 -0.0 -0.039 0.167 0.722 -0.0 -0.684 0.107 0.994 0.0 0.005 0.113 
-0.405 0.068 -0.014 -0.912 -0.695 -0.0 -0.694 0.189 -0.972 -0.0 0.063 -0.225 0.788 -0.0 -0.615 -0.019 0.977 0.0 -0.07 -0.203 -0.656 -0.0 -0.727 -0.203 -0.989 -0.0 -0.028 0.145 0.72 0.0 -0.684 0.111 0.994 0.0 0.012 0.109 
-0.403 0.067 -0.013 -0.913 -0.695 -0.0 -0.694 0.187 -0.973 -0.0 0.064 -0.222 0.788 0.0 -0.616 -0.024 0.976 0.0 -0.07 -0.205 -0.655 -0.0 -0.728 -0.203 -0.992 0.0 -0.014 0.123 0.72 -0.0 -0.685 0.115 0.994 0.0 0.016 0.109 
-0.4 0.065 -0.011 -0.914 -0.696 -0.0 -0.694 0.184 -0.973 -0.0 0.067 -0.22 0.787 0.0 -0.616 -0.029 0.976 0.0 -0.073 -0.205 -0.655 -0.0 -0.728 -0.202 -0.995 -0.0 -0.003 0.099 0.718 0.0 -0.686 0.116 0.994 0.0 0.025 0.11 
-0.399 0.065 -0.01 -0.915 -0.696 0.0 -0.694 0.184 -0.974 0.0 0.068 -0.218 0.788 0.0 -0.615 -0.033 0.976 0.0 -0.074 -0.207 -0.654 0.0 -0.73 -0.2 -0.997 -0.0 0.01 0.075 0.718 0.0 -0.685 0.121 0.994 0.0 0.029 0.108 
-0.398 0.065 -0.009 -0.915 -0.696 0.0 -0.695 0.182 -0.974 -0.0 0.069 -0.216 0.787 0.0 -0.616 -0.036 0.975 0.0 -0.074 -0.208 -0.653 -0.0 -0.731 -0.198 -0.998 -0.0 0.023 0.053 0.718 -0.0 -0.685 0.125 0.994 0.0 0.03 0.109 
-0.396 0.063 -0.008 -0.916 -0.696 -0.0 -0.694 0.181 -0.974 -0.0 0.069 -0.215 0.787 0.0 -0.616 -0.04 0.975 0.0 -0.076 -0.208 -0.652 -0.0 -0.732 -0.197 -0.999 0.0 0.036 0.034 0.718 0.0 -0.684 0.128 0.993 0.0 0.032 0.11 
-0.394 0.062 -0.007 -0.917 -0.697 -0.0 -0.695 0.179 -0.975 -0.0 0.072 -0.212 0.786 0.0 -0.617 -0.043 0.975 0.0 -0.076 -0.21 -0.654 0.0 -0.731 -0.198 -0.999 -0.0 0.045 0.018 0.717 0.0 -0.685 0.13 0.993 -0.0 0.034 0.113 
-0.392 0.061 -0.007 -0.918 -0.697 0.0 -0.694 0.18 -0.975 -0.0 0.072 -0.212 0.785 0.0 -0.617 -0.045 0.974 0.0 -0.078 -0.211 -0.655 -0.0 -0.73 -0.195 -0.999 -0.0 0.053 0.003 0.721 -0.0 -0.681 0.129 0.992 0.0 0.026 0.122 
-0.391 0.059 -0.007 -0.919 -0.698 0.0 -0.693 0.18 -0.975 0.0 0.072 -0.211 0.785 0.0 -0.618 -0.047 0.974 0.0 -0.08 -0.212 -0.656 -0.0 -0.729 -0.195 -0.998 0.0 0.061 -0.009 0.724 0.0 -0.678 0.127 0.991 -0.0 0.019 0.133 
-0.389 0.058 -0.006 -0.919 -0.698 -0.0 -0.693 0.179 -0.975 -0.0 0.072 -0.211 0.785 0.0 -0.618 -0.049 0.974 0.0 -0.082 -0.213 -0.657 -0.0 -0.729 -0.192 -0.998 -0.0 0.066 -0.023 0.724 0.0 -0.677 0.13 0.989 0.0 0.021 0.143 
-0.388 0.058 -0.006 -0.92 -0.698 -0.0 -0.693 0.18 -0.975 -0.0 0.073 -0.211 0.785 -0.0 -0.617 -0.05 0.973 0.0 -0.083 -0.214 -0.656 0.0 -0.73 -0.191 -0.997 -0.0 0.071 -0.033 0.725 0.0 -0.676 0.132 0.989 0.0 0.021 0.148 
-0.387 0.058 -0.006 -0.92 -0.699 -0.0 -0.692 0.181 -0.975 -0.0 0.072 -0.212 0.785 0.0 -0.617 -0.052 0.973 0.0 -0.086 -0.214 -0.657 -0.0 -0.73 -0.189 -0.996 -0.0 0.074 -0.044 0.725 -0.0 -0.675 0.136 0.988 0.0 0.022 0.152 
-0.386 0.058 -0.005 -0.921 -0.698 -0.0 -0.693 0.181 -0.975 -0.0 0.072 -0.211 0.785 0.0 -0.617 -0.051 0.973 0.0 -0.087 -0.216 -0.656 -0.0 -0.731 -0.189 -0.996 -0.0 0.075 -0.051 0.726 -0.0 -0.674 0.138 0.987 0.0 0.022 0.157 
-0.385 0.058 -0.005 -0.921 -0.698 -0.0 -0.692 0.182 -0.975 0.0 0.072 -0.211 0.785 0.0 -0.617 -0.051 0.972 0.0 -0.088 -0.216 -0.656 -0.0 -0.731 -0.187 -0.996 -0.0 0.073 -0.056 0.727 0.0 -0.672 0.142 0.986 0.0 0.022 0.163 
-0.383 0.058 -0.005 -0.922 -0.698 -0.0 -0.692 0.183 -0.975 -0.0 0.072 -0.211 0.786 0.0 -0.617 -0.05 0.972 0.0 -0.089 -0.218 -0.655 -0.0 -0.732 -0.188 -0.996 0.0 0.07 -0.057 0.722 -0.0 -0.675 0.154 0.987 0.0 0.04 0.153 
-0.383 0.059 -0.006 -0.922 -0.698 0.0 -0.692 0.185 -0.975 -0.0 0.071 -0.212 0.786 -0.0 -0.616 -0.05 0.972 -0.0 -0.09 -0.217 -0.655 -0.0 -0.732 -0.187 -0.996 -0.0 0.063 -0.059 0.721 0.0 -0.675 0.159 0.988 0.0 0.044 0.149 
-0.382 0.057 -0.007 -0.922 -0.7 0.0 -0.69 0.185 -0.975 0.0 0.07 -0.212 0.785 -0.0 -0.618 -0.049 0.972 0.0 -0.092 -0.216 -0.656 -0.0 -0.731 -0.187 -0.997 0.0 0.054 -0.057 0.72 0.0 -0.675 0.163 0.987 -0.0 0.047 0.152 
-0.38 0.058 -0.007 -0.923 -0.699 -0.0 -0.69 0.185 -0.975 -0.0 0.071 -0.211 0.787 0.0 -0.615 -0.051 0.972 0.0 -0.098 -0.213 -0.655 -0.0 -0.732 -0.188 -0.998 -0.0 0.045 -0.054 0.722 0.0 -0.672 0.165 0.986 0.0 0.048 0.159 
-0.378 0.059 -0.008 -0.924 -0.699 -0.0 -0.69 0.186 -0.975 0.0 0.071 -0.21 0.787 0.0 -0.616 -0.048 0.972 0.0 -0.099 -0.213 -0.654 -0.0 -0.733 -0.186 -0.998 -0.0 0.031 -0.048 0.722 0.0 -0.671 0.17 0.985 -0.0 0.049 0.165 
-0.377 0.06 -0.009 -0.924 -0.699 -0.0 -0.69 0.189 -0.975 0.0 0.071 -0.211 0.786 0.0 -0.616 -0.046 0.972 0.0 -0.097 -0.212 -0.654 -0.0 -0.734 -0.183 -0.999 -0.0 0.02 -0.042 0.721 0.0 -0.67 0.175 0.984 -0.0 0.054 0.17 
-0.375 0.06 -0.011 -0.925 -0.699 -0.0 -0.689 0.191 -0.975 0.0 0.07 -0.211 0.788 0.0 -0.615 -0.042 0.972 0.0 -0.104 -0.211 -0.654 -0.0 -0.735 -0.179 -0.999 -0.0 0.007 -0.032 0.721 0.0 -0.669 0.18 0.983 -0.0 0.058 0.175 
-0.371 0.06 -0.013 -0.927 -0.699 -0.0 -0.688 0.193 -0.975 -0.0 0.071 -0.211 0.787 0.0 -0.615 -0.039 0.972 0.0 -0.107 -0.21 -0.655 -0.0 -0.735 -0.173 -1.0 -0.0 -0.0 -0.026 0.722 0.0 -0.667 0.183 0.982 -0.0 0.06 0.181 
-0.37 0.061 -0.015 -0.927 -0.699 -0.0 -0.688 0.196 -0.975 0.0 0.071 -0.212 0.787 -0.0 -0.615 -0.035 0.972 0.0 -0.108 -0.209 -0.655 0.0 -0.737 -0.168 -1.0 -0.0 0.006 -0.023 0.72 0.0 -0.667 0.192 0.981 0.0 0.069 0.182 
-0.367 0.061 -0.017 -0.928 -0.699 -0.0 -0.688 0.198 -0.975 -0.0 0.073 -0.211 0.787 0.0 -0.616 -0.031 0.972 0.0 -0.111 -0.207 -0.656 -0.0 -0.737 -0.162 -1.0 -0.0 -0.002 -0.018 0.721 0.0 -0.665 0.196 0.979 0.0 0.072 0.188 
-0.366 0.063 -0.02 -0.928 -0.698 -0.0 -0.688 0.2 -0.975 -0.0 0.074 -0.21 0.788 -0.0 -0.615 -0.027 0.973 0.0 -0.112 -0.204 -0.656 -0.0 -0.739 -0.154 -1.0 -0.0 -0.008 -0.012 0.726 0.0 -0.66 0.192 0.976 0.0 0.061 0.207 
-0.366 0.065 -0.022 -0.928 -0.697 0.0 -0.687 0.204 -0.975 -0.0 0.072 -0.211 0.788 0.0 -0.615 -0.023 0.973 0.0 -0.112 -0.2 -0.655 -0.0 -0.741 -0.145 -1.0 0.0 -0.011 -0.006 0.72 0.0 -0.661 0.211 0.978 0.0 0.082 0.194 
-0.365 0.068 -0.024 -0.928 -0.696 -0.0 -0.688 0.206 -0.975 -0.0 0.073 -0.209 0.788 0.0 -0.616 -0.019 0.975 0.0 -0.107 -0.196 -0.656 -0.0 -0.743 -0.136 -1.0 -0.0 -0.016 -0.001 0.722 0.0 -0.659 0.213 0.975 0.0 0.084 0.203 
-0.364 0.07 -0.026 -0.929 -0.695 0.0 -0.688 0.207 -0.976 0.0 0.073 -0.207 0.788 0.0 -0.616 -0.015 0.976 -0.0 -0.105 -0.192 -0.653 -0.0 -0.746 -0.128 -1.0 0.0 -0.013 0.006 0.723 -0.0 -0.656 0.217 0.974 0.0 0.088 0.21 
-0.364 0.073 -0.027 -0.928 -0.694 -0.0 -0.689 0.209 -0.976 0.0 0.072 -0.206 0.788 0.0 -0.615 -0.012 0.977 0.0 -0.102 -0.187 -0.651 -0.0 -0.749 -0.122 -1.0 -0.0 -0.013 0.012 0.725 0.0 -0.653 0.22 0.972 0.0 0.088 0.217 
-0.365 0.076 -0.028 -0.928 -0.692 -0.0 -0.691 0.209 -0.977 -0.0 0.073 -0.203 0.789 0.0 -0.615 -0.008 0.978 0.0 -0.099 -0.182 -0.649 -0.0 -0.752 -0.116 -1.0 0.0 -0.013 0.017 0.727 -0.0 -0.651 0.22 0.97 0.0 0.092 0.226 
-0.366 0.078 -0.029 -0.927 -0.691 -0.0 -0.693 0.208 -0.977 -0.0 0.073 -0.2 0.79 0.0 -0.613 -0.005 0.979 0.0 -0.096 -0.177 -0.646 -0.0 -0.756 -0.112 -1.0 -0.0 -0.011 0.025 0.729 0.0 -0.649 0.217 0.967 0.0 0.094 0.238 
-0.368 0.083 -0.029 -0.926 -0.689 0.0 -0.695 0.207 -0.977 0.0 0.072 -0.199 0.791 0.0 -0.611 0.003 0.98 0.0 -0.092 -0.175 -0.642 -0.0 -0.759 -0.107 -0.999 -0.0 -0.011 0.031 0.734 -0.0 -0.644 0.213 0.964 0.0 0.093 0.249 
-0.371 0.088 -0.028 -0.924 -0.685 -0.0 -0.698 0.206 -0.978 -0.0 0.071 -0.197 0.795 0.0 -0.607 0.008 0.981 0.0 -0.09 -0.171 -0.637 0.0 -0.764 -0.103 -0.999 0.0 -0.012 0.037 0.738 -0.0 -0.641 0.209 0.96 0.0 0.097 0.261 
-0.372 0.091 -0.028 -0.923 -0.683 0.0 -0.701 0.204 -0.978 0.0 0.071 -0.195 0.796 0.0 -0.605 0.014 0.982 0.0 -0.088 -0.168 -0.635 -0.0 -0.767 -0.098 -0.999 -0.0 -0.014 0.044 0.74 0.0 -0.642 0.203 0.956 -0.0 0.102 0.275 
-0.374 0.094 -0.028 -0.922 -0.682 -0.0 -0.703 0.203 -0.978 -0.0 0.071 -0.194 0.796 0.0 -0.605 0.02 0.983 -0.0 -0.081 -0.167 -0.634 -0.0 -0.768 -0.094 -0.999 -0.0 -0.02 0.049 0.742 0.0 -0.642 0.192 0.95 0.0 0.102 0.295 
-0.376 0.096 -0.027 -0.921 -0.68 -0.0 -0.705 0.2 -0.978 -0.0 0.071 -0.194 0.797 0.0 -0.603 0.026 0.983 0.0 -0.079 -0.165 -0.632 -0.0 -0.77 -0.089 -0.998 -0.0 -0.023 0.056 0.742 0.0 -0.645 0.18 0.942 -0.0 0.108 0.317 
-0.377 0.098 -0.027 -0.921 -0.679 0.0 -0.708 0.196 -0.978 -0.0 0.074 -0.193 0.799 0.0 -0.601 0.031 0.983 0.0 -0.08 -0.162 -0.632 -0.0 -0.77 -0.085 -0.998 -0.0 -0.028 0.061 0.744 0.0 -0.647 0.165 0.935 0.0 0.106 0.339 
-0.378 0.098 -0.026 -0.92 -0.678 -0.0 -0.709 0.193 -0.978 -0.0 0.073 -0.194 0.799 0.0 -0.6 0.036 0.984 0.0 -0.078 -0.16 -0.629 -0.0 -0.773 -0.08 -0.997 -0.0 -0.025 0.067 0.744 0.0 -0.652 0.149 0.927 0.0 0.109 0.36 
-0.378 0.1 -0.025 -0.92 -0.677 -0.0 -0.711 0.191 -0.978 -0.0 0.072 -0.195 0.799 0.0 -0.599 0.041 0.985 0.0 -0.073 -0.157 -0.627 0.0 -0.776 -0.075 -0.997 -0.0 -0.025 0.069 0.743 0.0 -0.656 0.132 0.918 0.0 0.111 0.38 
-0.379 0.1 -0.025 -0.92 -0.677 0.0 -0.711 0.188 -0.978 -0.0 0.072 -0.197 0.8 -0.0 -0.599 0.044 0.985 0.0 -0.072 -0.154 -0.627 -0.0 -0.776 -0.068 -0.997 -0.0 -0.028 0.07 0.743 -0.0 -0.66 0.115 0.909 0.0 0.106 0.402 
-0.379 0.098 -0.025 -0.92 -0.678 -0.0 -0.711 0.186 -0.977 -0.0 0.071 -0.201 0.799 0.0 -0.599 0.047 0.986 -0.0 -0.07 -0.151 -0.628 -0.0 -0.775 -0.061 -0.997 -0.0 -0.029 0.071 0.741 0.0 -0.664 0.097 0.9 -0.0 0.102 0.424 
-0.378 0.098 -0.025 -0.92 -0.679 -0.0 -0.711 0.183 -0.977 -0.0 0.071 -0.203 0.799 0.0 -0.6 0.049 0.987 0.0 -0.069 -0.145 -0.629 0.0 -0.776 -0.052 -0.997 0.0 -0.03 0.067 0.74 -0.0 -0.668 0.078 0.89 0.0 0.093 0.445 
-0.378 0.097 -0.026 -0.921 -0.679 -0.0 -0.712 0.177 -0.977 -0.0 0.071 -0.203 0.799 0.0 -0.6 0.051 0.988 -0.0 -0.067 -0.14 -0.63 -0.0 -0.775 -0.041 -0.997 -0.0 -0.031 0.064 0.741 0.0 -0.669 0.061 0.881 0.0 0.081 0.465 
-0.381 0.101 -0.026 -0.919 -0.677 -0.0 -0.715 0.176 -0.977 -0.0 0.067 -0.204 0.801 0.0 -0.596 0.054 0.989 -0.0 -0.065 -0.134 -0.626 0.0 -0.779 -0.028 -0.998 -0.0 -0.027 0.064 0.745 0.0 -0.665 0.052 0.876 -0.0 0.071 0.478 
-0.382 0.101 -0.025 -0.918 -0.678 -0.0 -0.715 0.173 -0.976 -0.0 0.066 -0.208 0.802 0.0 -0.594 0.052 0.99 0.0 -0.066 -0.128 -0.626 -0.0 -0.78 -0.018 -0.998 -0.0 -0.025 0.06 0.745 0.0 -0.666 0.036 0.868 0.0 0.056 0.494 
-0.381 0.1 -0.026 -0.919 -0.678 -0.0 -0.715 0.17 -0.976 -0.0 0.065 -0.21 0.802 -0.0 -0.595 0.051 0.99 0.0 -0.064 -0.122 -0.627 -0.0 -0.779 -0.008 -0.998 -0.0 -0.026 0.058 0.745 0.0 -0.666 0.02 0.86 -0.0 0.042 0.508 
-0.382 0.099 -0.027 -0.919 -0.679 -0.0 -0.715 0.168 -0.975 0.0 0.064 -0.213 0.8 0.0 -0.598 0.051 0.991 -0.0 -0.059 -0.118 -0.629 -0.0 -0.777 0.002 -0.998 -0.0 -0.026 0.055 0.744 0.0 -0.668 0.007 0.854 0.0 0.03 0.52 
-0.38 0.096 -0.028 -0.919 -0.681 -0.0 -0.713 0.164 -0.974 0.0 0.064 -0.215 0.798 0.0 -0.6 0.05 0.992 0.0 -0.056 -0.114 -0.634 -0.0 -0.773 0.011 -0.998 -0.0 -0.03 0.052 0.74 -0.0 -0.672 -0.008 0.848 0.0 0.018 0.53 
-0.381 0.094 -0.029 -0.919 -0.683 -0.0 -0.712 0.161 -0.974 -0.0 0.062 -0.218 0.799 0.0 -0.6 0.05 0.992 0.0 -0.06 -0.11 -0.637 -0.0 -0.77 0.02 -0.998 -0.0 -0.032 0.051 0.739 0.0 -0.674 -0.02 0.844 0.0 0.003 0.537 
-0.382 0.092 -0.031 -0.919 -0.685 -0.0 -0.711 0.158 -0.974 0.0 0.061 -0.22 0.796 0.0 -0.603 0.051 0.993 0.0 -0.056 -0.109 -0.64 -0.0 -0.768 0.029 -0.998 -0.0 -0.035 0.049 0.736 0.0 -0.676 -0.031 0.841 0.0 -0.008 0.541 
-0.383 0.091 -0.032 -0.919 -0.687 -0.0 -0.71 0.155 -0.973 0.0 0.06 -0.223 0.795 0.0 -0.604 0.053 0.993 -0.0 -0.055 -0.108 -0.643 0.0 -0.765 0.036 -0.998 -0.0 -0.035 0.051 0.734 0.0 -0.677 -0.042 0.84 0.0 -0.012 0.543 
-0.385 0.09 -0.032 -0.918 -0.688 -0.0 -0.71 0.153 -0.972 0.0 0.058 -0.226 0.796 -0.0 -0.602 0.056 0.992 0.0 -0.058 -0.109 -0.645 -0.0 -0.763 0.041 -0.998 -0.0 -0.036 0.054 0.734 0.0 -0.677 -0.054 0.838 -0.0 -0.031 0.544 
-0.388 0.088 -0.033 -0.917 -0.69 -0.0 -0.709 0.148 -0.972 -0.0 0.056 -0.229 0.796 0.0 -0.603 0.058 0.992 -0.0 -0.058 -0.11 -0.647 -0.0 -0.761 0.044 -0.998 -0.0 -0.035 0.058 0.731 -0.0 -0.678 -0.069 0.837 0.0 -0.043 0.545 
-0.388 0.085 -0.035 -0.917 -0.692 -0.0 -0.707 0.145 -0.971 -0.0 0.057 -0.231 0.794 0.0 -0.605 0.063 0.992 0.0 -0.058 -0.113 -0.652 -0.0 -0.756 0.052 -0.997 0.0 -0.04 0.059 0.728 0.0 -0.681 -0.082 0.836 -0.0 -0.051 0.546 
-0.391 0.085 -0.035 -0.916 -0.694 -0.0 -0.706 0.141 -0.971 -0.0 0.054 -0.234 0.793 -0.0 -0.606 0.068 0.992 0.0 -0.053 -0.118 -0.653 0.0 -0.755 0.056 -0.997 -0.0 -0.04 0.062 0.726 0.0 -0.681 -0.094 0.837 0.0 -0.062 0.544 
-0.394 0.083 -0.037 -0.915 -0.696 -0.0 -0.705 0.137 -0.97 -0.0 0.053 -0.237 0.792 0.0 -0.607 0.073 0.991 0.0 -0.052 -0.122 -0.655 -0.0 -0.753 0.062 -0.997 -0.0 -0.04 0.064 0.723 0.0 -0.683 -0.105 0.839 0.0 -0.071 0.54 
-0.396 0.081 -0.037 -0.914 -0.698 0.0 -0.704 0.134 -0.969 -0.0 0.05 -0.241 0.791 0.0 -0.607 0.078 0.991 -0.0 -0.052 -0.125 -0.656 -0.0 -0.752 0.067 -0.997 -0.0 -0.039 0.068 0.722 0.0 -0.682 -0.116 0.841 0.0 -0.08 0.534 
-0.399 0.08 -0.037 -0.913 -0.699 -0.0 -0.703 0.13 -0.968 -0.0 0.047 -0.245 0.791 0.0 -0.607 0.083 0.99 0.0 -0.051 -0.129 -0.657 -0.0 -0.75 0.072 -0.997 0.0 -0.04 0.07 0.722 -0.0 -0.68 -0.126 0.844 0.0 -0.089 0.528 
-0.399 0.078 -0.038 -0.913 -0.701 -0.0 -0.702 0.125 -0.968 0.0 0.049 -0.247 0.79 -0.0 -0.608 0.086 0.99 0.0 -0.051 -0.132 -0.659 0.0 -0.748 0.076 -0.997 -0.0 -0.038 0.074 0.72 0.0 -0.68 -0.14 0.847 -0.0 -0.097 0.523 
-0.404 0.076 -0.039 -0.911 -0.704 -0.0 -0.7 0.122 -0.967 -0.0 0.044 -0.252 0.788 0.0 -0.608 0.092 0.99 0.0 -0.049 -0.136 -0.66 -0.0 -0.747 0.08 -0.996 -0.0 -0.04 0.076 0.719 0.0 -0.68 -0.147 0.852 0.0 -0.102 0.513 
-0.408 0.075 -0.039 -0.909 -0.706 -0.0 -0.698 0.118 -0.966 -0.0 0.039 -0.256 0.789 0.0 -0.607 0.097 0.989 0.0 -0.052 -0.138 -0.661 -0.0 -0.745 0.085 -0.996 -0.0 -0.041 0.08 0.718 -0.0 -0.679 -0.155 0.857 0.0 -0.108 0.504 
-0.411 0.074 -0.039 -0.908 -0.708 -0.0 -0.697 0.114 -0.965 -0.0 0.035 -0.259 0.787 0.0 -0.608 0.102 0.989 -0.0 -0.048 -0.142 -0.663 -0.0 -0.744 0.089 -0.996 -0.0 -0.042 0.084 0.718 0.0 -0.677 -0.164 0.863 0.0 -0.115 0.491 
-0.414 0.072 -0.039 -0.906 -0.71 -0.0 -0.695 0.109 -0.964 -0.0 0.032 -0.262 0.787 0.0 -0.608 0.106 0.988 0.0 -0.047 -0.145 -0.664 -0.0 -0.742 0.091 -0.995 0.0 -0.042 0.088 0.718 0.0 -0.674 -0.174 0.869 0.0 -0.122 0.48 
-0.417 0.071 -0.039 -0.905 -0.712 0.0 -0.694 0.104 -0.964 -0.0 0.029 -0.266 0.786 0.0 -0.608 0.109 0.988 0.0 -0.046 -0.147 -0.666 -0.0 -0.74 0.095 -0.995 -0.0 -0.041 0.094 0.718 0.0 -0.672 -0.183 0.874 0.0 -0.127 0.469 
-0.431 0.067 -0.042 -0.899 -0.718 0.0 -0.689 0.101 -0.963 -0.0 0.018 -0.27 0.782 0.0 -0.612 0.119 0.988 -0.0 -0.042 -0.151 -0.67 -0.0 -0.735 0.099 -0.994 -0.0 -0.042 0.098 0.71 0.0 -0.681 -0.18 0.884 0.0 -0.124 0.451 
-0.434 0.065 -0.042 -0.897 -0.72 -0.0 -0.687 0.097 -0.962 -0.0 0.013 -0.274 0.781 0.0 -0.612 0.123 0.987 -0.0 -0.042 -0.152 -0.671 -0.0 -0.735 0.104 -0.994 0.0 -0.04 0.101 0.709 0.0 -0.68 -0.188 0.89 0.0 -0.124 0.439 
-0.435 0.064 -0.044 -0.897 -0.723 -0.0 -0.684 0.096 -0.961 -0.0 0.009 -0.278 0.78 0.0 -0.612 0.128 0.987 0.0 -0.042 -0.154 -0.67 0.0 -0.734 0.115 -0.994 0.0 -0.035 0.1 0.707 0.0 -0.68 -0.192 0.896 0.0 -0.123 0.426 
-0.438 0.062 -0.045 -0.896 -0.725 -0.0 -0.683 0.092 -0.96 -0.0 0.005 -0.281 0.779 0.0 -0.613 0.132 0.987 -0.0 -0.041 -0.156 -0.669 -0.0 -0.734 0.119 -0.994 -0.0 -0.028 0.102 0.707 0.0 -0.679 -0.199 0.903 0.0 -0.121 0.413 
-0.441 0.061 -0.045 -0.894 -0.727 -0.0 -0.681 0.088 -0.959 -0.0 0.001 -0.285 0.778 0.0 -0.614 0.135 0.987 0.0 -0.039 -0.157 -0.668 0.0 -0.734 0.124 -0.995 -0.0 -0.022 0.102 0.706 0.0 -0.678 -0.205 0.909 -0.0 -0.118 0.399 
-0.444 0.059 -0.045 -0.893 -0.729 -0.0 -0.679 0.084 -0.958 -0.0 -0.003 -0.288 0.778 0.0 -0.612 0.14 0.986 0.0 -0.044 -0.162 -0.668 0.0 -0.733 0.129 -0.995 -0.0 -0.016 0.101 0.706 0.0 -0.676 -0.21 0.916 0.0 -0.115 0.383 
-0.447 0.058 -0.045 -0.891 -0.731 0.0 -0.678 0.08 -0.957 -0.0 -0.006 -0.292 0.778 0.0 -0.612 0.142 0.986 0.0 -0.042 -0.163 -0.667 -0.0 -0.733 0.135 -0.995 -0.0 -0.01 0.1 0.706 0.0 -0.675 -0.215 0.923 0.0 -0.11 0.367 
-0.447 0.058 -0.043 -0.892 -0.732 -0.0 -0.678 0.076 -0.955 0.0 -0.008 -0.295 0.778 -0.0 -0.612 0.143 0.986 0.0 -0.041 -0.164 -0.666 0.0 -0.733 0.14 -0.995 -0.0 -0.005 0.098 0.708 0.0 -0.67 -0.223 0.93 0.0 -0.108 0.351 
-0.45 0.056 -0.043 -0.89 -0.733 -0.0 -0.677 0.072 -0.954 -0.0 -0.009 -0.298 0.777 0.0 -0.613 0.145 0.986 0.0 -0.04 -0.164 -0.664 -0.0 -0.733 0.146 -0.995 -0.0 0.003 0.095 0.707 0.0 -0.67 -0.225 0.938 -0.0 -0.103 0.33 
-0.455 0.055 -0.044 -0.888 -0.735 -0.0 -0.674 0.07 -0.953 -0.0 -0.015 -0.302 0.776 -0.0 -0.614 0.148 0.986 0.0 -0.039 -0.164 -0.666 -0.0 -0.73 0.154 -0.996 -0.0 0.011 0.093 0.704 0.0 -0.675 -0.223 0.947 0.0 -0.092 0.309 
-0.456 0.054 -0.043 -0.887 -0.736 -0.0 -0.674 0.066 -0.952 -0.0 -0.016 -0.304 0.774 0.0 -0.615 0.15 0.986 0.0 -0.035 -0.164 -0.666 0.0 -0.729 0.161 -0.996 -0.0 0.016 0.09 0.703 -0.0 -0.675 -0.224 0.954 0.0 -0.082 0.288 
-0.458 0.053 -0.042 -0.886 -0.737 0.0 -0.673 0.063 -0.951 -0.0 -0.018 -0.308 0.775 -0.0 -0.614 0.151 0.986 0.0 -0.037 -0.163 -0.666 0.0 -0.727 0.167 -0.996 -0.0 0.018 0.087 0.703 0.0 -0.675 -0.225 0.961 0.0 -0.071 0.267 
-0.461 0.053 -0.042 -0.885 -0.737 -0.0 -0.673 0.059 -0.95 -0.0 -0.019 -0.311 0.773 0.0 -0.616 0.152 0.986 0.0 -0.031 -0.162 -0.666 0.0 -0.725 0.174 -0.996 -0.0 0.021 0.085 0.702 0.0 -0.677 -0.222 0.968 0.0 -0.057 0.245 
-0.463 0.052 -0.041 -0.884 -0.738 0.0 -0.673 0.056 -0.949 0.0 -0.021 -0.314 0.773 0.0 -0.616 0.153 0.987 0.0 -0.03 -0.161 -0.666 -0.0 -0.724 0.181 -0.996 -0.0 0.023 0.083 0.701 0.0 -0.678 -0.219 0.974 0.0 -0.045 0.221 
-0.464 0.052 -0.04 -0.883 -0.738 -0.0 -0.673 0.053 -0.949 -0.0 -0.021 -0.316 0.773 0.0 -0.616 0.154 0.987 0.0 -0.029 -0.159 -0.667 -0.0 -0.722 0.187 -0.996 -0.0 0.024 0.08 0.702 -0.0 -0.678 -0.216 0.98 0.0 -0.035 0.195 
-0.467 0.052 -0.039 -0.882 -0.738 -0.0 -0.673 0.051 -0.948 0.0 -0.023 -0.318 0.773 0.0 -0.615 0.154 0.987 0.0 -0.03 -0.156 -0.668 -0.0 -0.719 0.193 -0.997 -0.0 0.024 0.079 0.701 -0.0 -0.681 -0.211 0.985 0.0 -0.021 0.17 
-0.469 0.052 -0.037 -0.881 -0.738 -0.0 -0.673 0.048 -0.947 -0.0 -0.022 -0.32 0.773 0.0 -0.616 0.154 0.988 0.0 -0.026 -0.154 -0.667 -0.0 -0.718 0.199 -0.997 -0.0 0.027 0.078 0.702 0.0 -0.681 -0.207 0.989 -0.0 -0.012 0.145 
-0.471 0.052 -0.036 -0.88 -0.738 -0.0 -0.673 0.046 -0.946 0.0 -0.022 -0.322 0.772 0.0 -0.616 0.155 0.988 0.0 -0.024 -0.152 -0.667 -0.0 -0.716 0.205 -0.997 -0.0 0.026 0.077 0.702 0.0 -0.682 -0.202 0.993 0.0 -0.003 0.12 
-0.472 0.053 -0.034 -0.879 -0.738 -0.0 -0.674 0.044 -0.946 -0.0 -0.024 -0.323 0.774 0.0 -0.615 0.154 0.988 0.0 -0.023 -0.15 -0.666 -0.0 -0.716 0.21 -0.997 -0.0 0.029 0.075 0.707 0.0 -0.678 -0.201 0.995 0.0 0.0 0.097 
-0.474 0.054 -0.032 -0.878 -0.737 -0.0 -0.674 0.041 -0.946 -0.0 -0.024 -0.324 0.774 0.0 -0.614 0.155 0.989 0.0 -0.02 -0.148 -0.665 -0.0 -0.715 0.215 -0.997 -0.0 0.03 0.075 0.709 0.0 -0.677 -0.197 0.997 0.0 0.005 0.076 
-0.479 0.053 -0.033 -0.875 -0.739 0.0 -0.673 0.04 -0.945 -0.0 -0.028 -0.325 0.772 0.0 -0.616 0.158 0.989 0.0 -0.019 -0.146 -0.668 -0.0 -0.711 0.222 -0.997 -0.0 0.032 0.075 0.706 0.0 -0.683 -0.188 0.998 0.0 0.017 0.054 
-0.482 0.053 -0.032 -0.874 -0.739 -0.0 -0.673 0.038 -0.946 -0.0 -0.029 -0.324 0.772 0.0 -0.616 0.159 0.99 -0.0 -0.018 -0.143 -0.667 -0.0 -0.71 0.227 -0.996 -0.0 0.037 0.076 0.707 0.0 -0.683 -0.183 0.999 0.0 0.021 0.036 
-0.483 0.055 -0.03 -0.874 -0.738 -0.0 -0.674 0.035 -0.946 -0.0 -0.027 -0.324 0.773 -0.0 -0.614 0.159 0.99 0.0 -0.019 -0.142 -0.666 -0.0 -0.709 0.231 -0.996 -0.0 0.043 0.078 0.711 0.0 -0.679 -0.181 1.0 0.0 0.02 0.023 
-0.485 0.053 -0.031 -0.872 -0.74 0.0 -0.672 0.034 -0.946 -0.0 -0.028 -0.323 0.772 0.0 -0.615 0.161 0.99 0.0 -0.02 -0.14 -0.668 -0.0 -0.706 0.236 -0.996 -0.0 0.047 0.079 0.71 0.0 -0.682 -0.175 1.0 0.0 0.024 0.011 
-0.487 0.054 -0.03 -0.871 -0.739 -0.0 -0.673 0.032 -0.946 -0.0 -0.027 -0.322 0.772 0.0 -0.614 0.162 0.99 -0.0 -0.02 -0.137 -0.669 0.0 -0.704 0.241 -0.996 -0.0 0.044 0.08 0.712 -0.0 -0.681 -0.173 1.0 0.0 0.024 0.002 
-0.489 0.053 -0.031 -0.87 -0.74 -0.0 -0.672 0.031 -0.947 -0.0 -0.028 -0.321 0.771 0.0 -0.615 0.165 0.99 -0.0 -0.018 -0.136 -0.67 -0.0 -0.701 0.245 -0.995 -0.0 0.049 0.083 0.711 0.0 -0.683 -0.171 1.0 0.0 0.026 -0.002 
-0.491 0.053 -0.031 -0.869 -0.741 -0.0 -0.671 0.031 -0.947 -0.0 -0.028 -0.32 0.77 0.0 -0.615 0.167 0.991 0.0 -0.018 -0.134 -0.671 -0.0 -0.699 0.248 -0.995 -0.0 0.052 0.087 0.709 -0.0 -0.685 -0.17 1.0 0.0 0.026 -0.003 
-0.492 0.053 -0.031 -0.869 -0.741 -0.0 -0.67 0.031 -0.947 -0.0 -0.027 -0.319 0.77 0.0 -0.616 0.168 0.991 0.0 -0.018 -0.133 -0.672 0.0 -0.697 0.251 -0.994 -0.0 0.058 0.093 0.708 0.0 -0.685 -0.17 1.0 0.0 0.023 -0.002 
-0.492 0.052 -0.033 -0.868 -0.742 -0.0 -0.669 0.032 -0.948 -0.0 -0.027 -0.318 0.769 -0.0 -0.616 0.17 0.991 0.0 -0.019 -0.131 -0.674 -0.0 -0.694 0.254 -0.994 -0.0 0.057 0.097 0.706 0.0 -0.688 -0.169 1.0 0.0 0.022 0.001 
-0.493 0.053 -0.033 -0.868 -0.742 -0.0 -0.669 0.034 -0.948 -0.0 -0.026 -0.317 0.769 0.0 -0.616 0.171 0.991 0.0 -0.019 -0.129 -0.675 -0.0 -0.692 0.256 -0.993 0.0 0.062 0.103 0.706 0.0 -0.688 -0.168 1.0 0.0 0.018 0.007 
-0.494 0.053 -0.034 -0.867 -0.742 -0.0 -0.669 0.037 -0.948 -0.0 -0.025 -0.316 0.768 0.0 -0.617 0.173 0.992 0.0 -0.02 -0.127 -0.676 -0.0 -0.69 0.259 -0.992 0.0 0.067 0.109 0.704 0.0 -0.69 -0.166 1.0 0.0 0.015 0.013 
-0.495 0.053 -0.035 -0.866 -0.742 -0.0 -0.669 0.04 -0.949 0.0 -0.025 -0.314 0.767 0.0 -0.617 0.174 0.992 0.0 -0.02 -0.126 -0.677 -0.0 -0.688 0.261 -0.99 0.0 0.075 0.116 0.703 -0.0 -0.692 -0.163 1.0 0.0 0.012 0.017 
-0.497 0.055 -0.036 -0.866 -0.742 -0.0 -0.669 0.043 -0.949 -0.0 -0.026 -0.313 0.767 -0.0 -0.617 0.175 0.992 0.0 -0.02 -0.123 -0.677 -0.0 -0.687 0.263 -0.989 -0.0 0.079 0.123 0.704 0.0 -0.692 -0.16 1.0 0.0 0.009 0.022 
-0.498 0.056 -0.037 -0.865 -0.743 -0.0 -0.668 0.047 -0.95 -0.0 -0.027 -0.311 0.767 0.0 -0.618 0.176 0.992 0.0 -0.02 -0.121 -0.678 -0.0 -0.685 0.265 -0.988 -0.0 0.083 0.13 0.704 0.0 -0.693 -0.156 1.0 0.0 0.005 0.027 
-0.5 0.056 -0.038 -0.863 -0.742 -0.0 -0.668 0.051 -0.951 -0.0 -0.026 -0.307 0.766 0.0 -0.618 0.178 0.993 0.0 -0.02 -0.12 -0.679 0.0 -0.685 0.265 -0.986 -0.0 0.089 0.139 0.704 0.0 -0.694 -0.151 0.999 0.0 0.003 0.032 
-0.502 0.057 -0.04 -0.862 -0.742 -0.0 -0.668 0.055 -0.952 -0.0 -0.028 -0.304 0.765 0.0 -0.618 0.179 0.993 0.0 -0.02 -0.118 -0.68 -0.0 -0.683 0.266 -0.985 -0.0 0.093 0.147 0.705 0.0 -0.695 -0.144 0.999 0.0 -0.0 0.038 
-0.504 0.058 -0.041 -0.861 -0.743 -0.0 -0.667 0.059 -0.954 -0.0 -0.027 -0.3 0.764 0.0 -0.619 0.18 0.993 0.0 -0.019 -0.117 -0.682 0.0 -0.681 0.266 -0.983 -0.0 0.096 0.157 0.706 0.0 -0.695 -0.138 0.999 0.0 -0.004 0.044 
-0.506 0.058 -0.043 -0.86 -0.743 -0.0 -0.666 0.063 -0.955 -0.0 -0.027 -0.295 0.763 0.0 -0.62 0.182 0.993 0.0 -0.019 -0.116 -0.684 0.0 -0.679 0.265 -0.981 0.0 0.098 0.167 0.706 0.0 -0.695 -0.133 0.999 0.0 -0.008 0.051 
-0.507 0.058 -0.046 -0.859 -0.745 -0.0 -0.664 0.067 -0.957 0.0 -0.027 -0.29 0.761 0.0 -0.622 0.183 0.993 0.0 -0.02 -0.114 -0.687 0.0 -0.678 0.263 -0.979 -0.0 0.102 0.179 0.706 0.0 -0.697 -0.127 0.998 0.0 -0.011 0.058 
-0.508 0.057 -0.048 -0.858 -0.745 -0.0 -0.663 0.07 -0.958 -0.0 -0.025 -0.285 0.759 0.0 -0.624 0.184 0.993 0.0 -0.019 -0.114 -0.689 -0.0 -0.677 0.259 -0.976 -0.0 0.105 0.192 0.705 0.0 -0.698 -0.122 0.998 0.0 -0.015 0.066 
-0.508 0.056 -0.051 -0.858 -0.747 -0.0 -0.661 0.074 -0.96 -0.0 -0.023 -0.279 0.757 -0.0 -0.627 0.184 0.993 0.0 -0.019 -0.113 -0.692 -0.0 -0.676 0.252 -0.972 -0.0 0.105 0.208 0.704 0.0 -0.7 -0.117 0.997 0.0 -0.017 0.074 
-0.508 0.055 -0.053 -0.858 -0.748 -0.0 -0.659 0.078 -0.962 -0.0 -0.019 -0.274 0.755 0.0 -0.629 0.185 0.993 0.0 -0.019 -0.113 -0.695 0.0 -0.677 0.243 -0.969 0.0 0.107 0.225 0.703 -0.0 -0.702 -0.112 0.996 0.0 -0.02 0.082 
-0.508 0.055 -0.054 -0.858 -0.748 0.0 -0.659 0.081 -0.963 -0.0 -0.016 -0.269 0.754 0.0 -0.63 0.184 0.993 0.0 -0.019 -0.114 -0.696 0.0 -0.679 0.233 -0.964 -0.0 0.11 0.241 0.704 0.0 -0.702 -0.107 0.996 0.0 -0.024 0.09 
-0.507 0.054 -0.056 -0.858 -0.748 -0.0 -0.658 0.086 -0.964 -0.0 -0.013 -0.264 0.753 0.0 -0.632 0.184 0.993 -0.0 -0.019 -0.115 -0.699 -0.0 -0.68 0.221 -0.959 -0.0 0.111 0.259 0.703 0.0 -0.703 -0.103 0.995 0.0 -0.027 0.097 
-0.506 0.054 -0.056 -0.859 -0.748 -0.0 -0.658 0.09 -0.965 -0.0 -0.011 -0.26 0.752 -0.0 -0.633 0.183 0.993 0.0 -0.02 -0.116 -0.699 -0.0 -0.685 0.208 -0.953 -0.0 0.115 0.279 0.704 0.0 -0.703 -0.1 0.994 0.0 -0.03 0.105 
-0.506 0.054 -0.056 -0.859 -0.748 -0.0 -0.657 0.094 -0.967 -0.0 -0.01 -0.256 0.752 0.0 -0.634 0.182 0.993 0.0 -0.02 -0.118 -0.7 -0.0 -0.688 0.192 -0.947 -0.0 0.114 0.3 0.705 0.0 -0.703 -0.095 0.993 0.0 -0.033 0.111 
-0.506 0.054 -0.055 -0.859 -0.746 -0.0 -0.658 0.097 -0.968 -0.0 -0.006 -0.252 0.751 0.0 -0.635 0.181 0.993 -0.0 -0.02 -0.12 -0.699 -0.0 -0.693 0.176 -0.94 -0.0 0.116 0.32 0.706 0.0 -0.702 -0.091 0.993 0.0 -0.036 0.116 
-0.505 0.054 -0.055 -0.86 -0.746 0.0 -0.658 0.1 -0.968 -0.0 -0.005 -0.249 0.751 0.0 -0.635 0.179 0.992 -0.0 -0.02 -0.122 -0.699 -0.0 -0.698 0.158 -0.933 -0.0 0.113 0.342 0.708 0.0 -0.701 -0.087 0.992 0.0 -0.038 0.12 
-0.504 0.055 -0.053 -0.86 -0.745 0.0 -0.66 0.102 -0.97 -0.0 -0.001 -0.245 0.752 0.0 -0.635 0.176 0.992 0.0 -0.021 -0.125 -0.697 -0.0 -0.704 0.138 -0.925 -0.0 0.11 0.364 0.71 -0.0 -0.699 -0.084 0.991 0.0 -0.041 0.124 
-0.504 0.055 -0.052 -0.861 -0.744 0.0 -0.659 0.105 -0.971 -0.0 0.001 -0.241 0.752 0.0 -0.635 0.174 0.992 -0.0 -0.022 -0.127 -0.696 -0.0 -0.708 0.119 -0.917 -0.0 0.104 0.385 0.712 0.0 -0.698 -0.078 0.991 0.0 -0.043 0.124 
-0.505 0.055 -0.049 -0.86 -0.744 -0.0 -0.66 0.105 -0.972 -0.0 0.002 -0.237 0.753 0.0 -0.636 0.17 0.991 -0.0 -0.022 -0.13 -0.695 -0.0 -0.713 0.096 -0.908 0.0 0.098 0.406 0.715 0.0 -0.695 -0.074 0.991 0.0 -0.047 0.124 
-0.508 0.055 -0.047 -0.858 -0.744 -0.0 -0.66 0.105 -0.972 -0.0 -0.0 -0.234 0.754 0.0 -0.636 0.166 0.991 0.0 -0.023 -0.133 -0.692 -0.0 -0.718 0.072 -0.899 -0.0 0.09 0.429 0.715 -0.0 -0.696 -0.068 0.992 0.0 -0.046 0.121 
-0.504 0.055 -0.048 -0.861 -0.744 -0.0 -0.659 0.109 -0.973 -0.0 0.003 -0.23 0.754 0.0 -0.636 0.164 0.99 0.0 -0.025 -0.135 -0.692 -0.0 -0.72 0.059 -0.892 -0.0 0.082 0.444 0.715 0.0 -0.697 -0.059 0.992 0.0 -0.045 0.12 
-0.504 0.054 -0.047 -0.861 -0.745 -0.0 -0.659 0.109 -0.974 -0.0 0.005 -0.225 0.754 0.0 -0.637 0.161 0.99 0.0 -0.027 -0.138 -0.691 -0.0 -0.722 0.04 -0.885 0.0 0.071 0.461 0.714 0.0 -0.698 -0.051 0.992 0.0 -0.044 0.117 
-0.504 0.053 -0.046 -0.861 -0.745 0.0 -0.659 0.108 -0.975 0.0 0.009 -0.22 0.754 0.0 -0.637 0.157 0.99 0.0 -0.028 -0.14 -0.69 -0.0 -0.724 0.021 -0.878 -0.0 0.059 0.476 0.714 0.0 -0.699 -0.043 0.993 -0.0 -0.043 0.113 
-0.501 0.054 -0.047 -0.862 -0.744 -0.0 -0.659 0.111 -0.976 -0.0 0.012 -0.216 0.756 -0.0 -0.637 0.154 0.989 -0.0 -0.031 -0.142 -0.688 -0.0 -0.725 0.01 -0.872 -0.0 0.048 0.486 0.713 0.0 -0.701 -0.032 0.993 0.0 -0.039 0.109 
-0.5 0.054 -0.046 -0.863 -0.744 -0.0 -0.659 0.112 -0.977 -0.0 0.014 -0.212 0.757 0.0 -0.636 0.149 0.989 0.0 -0.032 -0.143 -0.688 -0.0 -0.726 -0.006 -0.867 -0.0 0.033 0.497 0.712 0.0 -0.702 -0.024 0.994 -0.0 -0.037 0.105 
-0.497 0.054 -0.044 -0.865 -0.742 -0.0 -0.66 0.113 -0.978 -0.0 0.017 -0.209 0.758 0.0 -0.636 0.141 0.989 0.0 -0.032 -0.143 -0.687 -0.0 -0.727 -0.022 -0.863 -0.0 0.019 0.505 0.714 0.0 -0.7 -0.018 0.994 0.0 -0.038 0.102 
-0.496 0.055 -0.044 -0.865 -0.741 -0.0 -0.661 0.116 -0.978 -0.0 0.019 -0.206 0.76 0.0 -0.635 0.136 0.989 0.0 -0.033 -0.144 -0.686 0.0 -0.727 -0.035 -0.86 -0.0 0.006 0.51 0.713 0.0 -0.701 -0.008 0.995 0.0 -0.033 0.099 
-0.495 0.056 -0.043 -0.866 -0.741 -0.0 -0.661 0.119 -0.979 -0.0 0.019 -0.205 0.762 0.0 -0.635 0.13 0.989 0.0 -0.034 -0.144 -0.685 -0.0 -0.727 -0.048 -0.858 -0.0 -0.006 0.514 0.712 0.0 -0.702 0.001 0.995 0.0 -0.028 0.094 
-0.494 0.057 -0.042 -0.867 -0.739 -0.0 -0.663 0.121 -0.979 -0.0 0.021 -0.204 0.764 0.0 -0.634 0.124 0.989 0.0 -0.034 -0.146 -0.684 -0.0 -0.726 -0.062 -0.857 -0.0 -0.021 0.516 0.712 0.0 -0.702 0.009 0.995 0.0 -0.025 0.092 
-0.492 0.058 -0.041 -0.868 -0.738 -0.0 -0.663 0.126 -0.979 -0.0 0.021 -0.204 0.765 0.0 -0.633 0.117 0.989 0.0 -0.035 -0.146 -0.684 0.0 -0.726 -0.072 -0.857 -0.0 -0.035 0.514 0.712 0.0 -0.702 0.017 0.996 0.0 -0.021 0.089 
-0.491 0.058 -0.039 -0.869 -0.736 0.0 -0.665 0.128 -0.979 -0.0 0.023 -0.204 0.767 0.0 -0.632 0.11 0.988 -0.0 -0.035 -0.147 -0.683 -0.0 -0.725 -0.086 -0.858 -0.0 -0.049 0.512 0.712 0.0 -0.702 0.023 0.996 0.0 -0.019 0.086 
-0.489 0.059 -0.038 -0.87 -0.734 -0.0 -0.665 0.133 -0.979 -0.0 0.024 -0.204 0.769 0.0 -0.631 0.104 0.988 0.0 -0.036 -0.148 -0.683 0.0 -0.724 -0.096 -0.859 -0.0 -0.06 0.508 0.711 0.0 -0.703 0.03 0.996 0.0 -0.014 0.085 
-0.487 0.06 -0.037 -0.871 -0.733 -0.0 -0.666 0.137 -0.978 -0.0 0.027 -0.205 0.77 0.0 -0.631 0.097 0.988 0.0 -0.036 -0.15 -0.683 0.0 -0.722 -0.107 -0.861 -0.0 -0.074 0.503 0.711 0.0 -0.702 0.036 0.996 0.0 -0.012 0.083 
-0.485 0.061 -0.036 -0.872 -0.731 0.0 -0.668 0.141 -0.978 -0.0 0.028 -0.206 0.772 0.0 -0.629 0.09 0.988 -0.0 -0.036 -0.15 -0.683 -0.0 -0.721 -0.118 -0.861 -0.0 -0.089 0.5 0.711 0.0 -0.702 0.042 0.997 0.0 -0.011 0.082 
-0.483 0.061 -0.034 -0.873 -0.73 -0.0 -0.668 0.145 -0.978 -0.0 0.028 -0.208 0.773 0.0 -0.629 0.083 0.988 0.0 -0.036 -0.153 -0.682 -0.0 -0.72 -0.129 -0.866 0.0 -0.1 0.489 0.712 0.0 -0.701 0.047 0.997 0.0 -0.01 0.081 
-0.482 0.061 -0.034 -0.873 -0.729 -0.0 -0.668 0.15 -0.977 -0.0 0.028 -0.21 0.774 -0.0 -0.629 0.077 0.987 0.0 -0.035 -0.154 -0.682 -0.0 -0.718 -0.138 -0.871 -0.0 -0.108 0.48 0.712 -0.0 -0.7 0.053 0.997 0.0 -0.009 0.08 
-0.478 0.063 -0.032 -0.876 -0.726 -0.0 -0.67 0.155 -0.977 -0.0 0.03 -0.21 0.776 0.0 -0.627 0.071 0.987 0.0 -0.036 -0.156 -0.681 -0.0 -0.718 -0.143 -0.877 -0.0 -0.117 0.466 0.714 0.0 -0.698 0.058 0.997 0.0 -0.005 0.08 
-0.474 0.064 -0.032 -0.878 -0.725 -0.0 -0.67 0.161 -0.977 -0.0 0.031 -0.213 0.777 0.0 -0.627 0.065 0.987 0.0 -0.037 -0.157 -0.681 -0.0 -0.717 -0.149 -0.884 -0.0 -0.124 0.451 0.714 0.0 -0.697 0.063 0.997 0.0 -0.004 0.081 
-0.471 0.064 -0.032 -0.879 -0.723 -0.0 -0.671 0.165 -0.977 -0.0 0.034 -0.212 0.777 0.0 -0.626 0.059 0.987 -0.0 -0.038 -0.159 -0.68 -0.0 -0.717 -0.155 -0.89 0.0 -0.127 0.438 0.716 0.0 -0.695 0.071 0.997 0.0 -0.005 0.08 
-0.47 0.066 -0.03 -0.88 -0.721 -0.0 -0.672 0.17 -0.976 0.0 0.033 -0.214 0.779 0.0 -0.624 0.054 0.986 0.0 -0.037 -0.161 -0.677 -0.0 -0.718 -0.162 -0.895 -0.0 -0.129 0.426 0.718 0.0 -0.691 0.077 0.997 0.0 -0.006 0.079 
-0.467 0.067 -0.029 -0.882 -0.719 -0.0 -0.673 0.174 -0.976 -0.0 0.035 -0.215 0.78 -0.0 -0.624 0.047 0.986 0.0 -0.038 -0.163 -0.676 -0.0 -0.717 -0.168 -0.902 0.0 -0.131 0.411 0.72 0.0 -0.69 0.079 0.997 0.0 -0.006 0.083 
-0.46 0.067 -0.027 -0.885 -0.717 -0.0 -0.675 0.176 -0.976 -0.0 0.038 -0.215 0.781 0.0 -0.623 0.038 0.986 -0.0 -0.039 -0.165 -0.676 -0.0 -0.716 -0.175 -0.909 -0.0 -0.135 0.394 0.719 0.0 -0.69 0.077 0.996 -0.0 -0.003 0.087 
-0.458 0.068 -0.026 -0.886 -0.715 -0.0 -0.676 0.18 -0.976 -0.0 0.039 -0.215 0.782 0.0 -0.622 0.033 0.985 0.0 -0.04 -0.167 -0.674 0.0 -0.717 -0.179 -0.917 -0.0 -0.134 0.375 0.721 0.0 -0.689 0.081 0.996 -0.0 -0.002 0.089 
-0.455 0.069 -0.025 -0.887 -0.713 -0.0 -0.677 0.182 -0.976 -0.0 0.042 -0.214 0.783 -0.0 -0.622 0.027 0.985 0.0 -0.04 -0.169 -0.673 -0.0 -0.717 -0.183 -0.925 -0.0 -0.134 0.357 0.722 0.0 -0.687 0.083 0.996 0.0 -0.0 0.093 
-0.452 0.07 -0.024 -0.889 -0.712 0.0 -0.678 0.185 -0.976 -0.0 0.043 -0.213 0.783 0.0 -0.621 0.02 0.985 -0.0 -0.04 -0.171 -0.672 -0.0 -0.717 -0.185 -0.932 -0.0 -0.131 0.338 0.723 0.0 -0.686 0.085 0.995 -0.0 0.0 0.097 
-0.449 0.071 -0.022 -0.891 -0.71 -0.0 -0.679 0.187 -0.976 -0.0 0.046 -0.212 0.784 0.0 -0.621 0.015 0.984 0.0 -0.041 -0.173 -0.67 -0.0 -0.718 -0.187 -0.939 -0.0 -0.126 0.319 0.724 0.0 -0.684 0.087 0.995 0.0 0.0 0.1 
-0.443 0.072 -0.022 -0.893 -0.708 -0.0 -0.68 0.191 -0.977 -0.0 0.049 -0.21 0.785 0.0 -0.62 0.009 0.984 -0.0 -0.043 -0.174 -0.667 -0.0 -0.722 -0.184 -0.947 -0.0 -0.118 0.297 0.726 0.0 -0.682 0.09 0.995 0.0 0.002 0.104 
-0.442 0.072 -0.021 -0.894 -0.707 0.0 -0.681 0.191 -0.977 -0.0 0.05 -0.208 0.785 0.0 -0.619 0.004 0.983 0.0 -0.043 -0.177 -0.667 -0.0 -0.721 -0.188 -0.954 -0.0 -0.115 0.278 0.727 0.0 -0.681 0.092 0.994 0.0 0.002 0.107 
-0.439 0.073 -0.019 -0.895 -0.706 0.0 -0.681 0.193 -0.977 -0.0 0.052 -0.207 0.786 0.0 -0.619 -0.002 0.983 0.0 -0.044 -0.179 -0.666 -0.0 -0.722 -0.188 -0.96 0.0 -0.109 0.257 0.727 0.0 -0.68 0.095 0.994 0.0 0.005 0.108 
-0.437 0.074 -0.018 -0.896 -0.705 0.0 -0.683 0.192 -0.977 -0.0 0.056 -0.204 0.786 0.0 -0.618 -0.007 0.982 0.0 -0.045 -0.182 -0.664 -0.0 -0.724 -0.188 -0.967 -0.0 -0.102 0.233 0.728 0.0 -0.679 0.099 0.994 0.0 0.008 0.108 
-0.434 0.073 -0.017 -0.898 -0.705 0.0 -0.683 0.193 -0.978 -0.0 0.057 -0.202 0.786 0.0 -0.618 -0.012 0.982 0.0 -0.047 -0.184 -0.664 -0.0 -0.724 -0.187 -0.973 -0.0 -0.094 0.208 0.726 0.0 -0.68 0.103 0.994 0.0 0.013 0.107 
-0.432 0.073 -0.016 -0.899 -0.704 -0.0 -0.684 0.192 -0.978 -0.0 0.06 -0.199 0.786 0.0 -0.618 -0.017 0.981 0.0 -0.048 -0.187 -0.662 -0.0 -0.726 -0.185 -0.979 -0.0 -0.082 0.184 0.725 -0.0 -0.68 0.108 0.994 0.0 0.02 0.105 
-0.43 0.074 -0.015 -0.9 -0.703 -0.0 -0.685 0.192 -0.978 -0.0 0.063 -0.197 0.786 0.0 -0.618 -0.021 0.981 0.0 -0.049 -0.189 -0.66 -0.0 -0.729 -0.181 -0.985 0.0 -0.068 0.161 0.723 0.0 -0.681 0.115 0.994 0.0 0.027 0.102 
-0.427 0.073 -0.014 -0.901 -0.703 -0.0 -0.685 0.191 -0.979 0.0 0.064 -0.195 0.786 0.0 -0.617 -0.027 0.98 0.0 -0.052 -0.192 -0.659 -0.0 -0.731 -0.179 -0.989 -0.0 -0.055 0.135 0.72 0.0 -0.683 0.119 0.994 0.0 0.036 0.1 
-0.424 0.073 -0.014 -0.902 -0.703 -0.0 -0.685 0.191 -0.979 -0.0 0.068 -0.192 0.786 0.0 -0.618 -0.031 0.979 0.0 -0.053 -0.194 -0.658 -0.0 -0.733 -0.173 -0.993 -0.0 -0.041 0.109 0.72 0.0 -0.683 0.124 0.994 -0.0 0.041 0.099 
-0.422 0.072 -0.013 -0.904 -0.703 -0.0 -0.685 0.191 -0.979 -0.0 0.069 -0.19 0.785 0.0 -0.618 -0.036 0.979 0.0 -0.054 -0.196 -0.656 -0.0 -0.736 -0.169 -0.996 0.0 -0.027 0.083 0.718 -0.0 -0.684 0.129 0.994 0.0 0.047 0.097 
-0.419 0.071 -0.013 -0.905 -0.703 0.0 -0.685 0.19 -0.98 -0.0 0.072 -0.188 0.785 -0.0 -0.618 -0.04 0.979 0.0 -0.056 -0.198 -0.654 -0.0 -0.738 -0.165 -0.998 -0.0 -0.012 0.06 0.717 0.0 -0.684 0.134 0.994 0.0 0.052 0.097 
-0.416 0.07 -0.013 -0.907 -0.704 -0.0 -0.684 0.191 -0.979 0.0 0.073 -0.188 0.784 0.0 -0.619 -0.045 0.978 0.0 -0.058 -0.199 -0.653 -0.0 -0.74 -0.162 -0.999 -0.0 0.003 0.038 0.717 0.0 -0.683 0.137 0.994 0.0 0.055 0.098 
-0.413 0.069 -0.012 -0.908 -0.704 -0.0 -0.684 0.191 -0.98 0.0 0.075 -0.187 0.783 0.0 -0.62 -0.049 0.978 0.0 -0.06 -0.2 -0.651 0.0 -0.742 -0.158 -1.0 -0.0 0.016 0.016 0.717 0.0 -0.683 0.141 0.993 0.0 0.059 0.099 
-0.411 0.068 -0.012 -0.909 -0.704 0.0 -0.684 0.191 -0.98 -0.0 0.078 -0.185 0.783 0.0 -0.62 -0.053 0.978 0.0 -0.062 -0.201 -0.649 -0.0 -0.745 -0.155 -0.999 -0.0 0.032 -0.002 0.717 0.0 -0.682 0.145 0.993 -0.0 0.06 0.101 
-0.408 0.067 -0.012 -0.91 -0.705 -0.0 -0.683 0.192 -0.979 -0.0 0.078 -0.186 0.782 0.0 -0.621 -0.058 0.977 -0.0 -0.063 -0.202 -0.65 -0.0 -0.745 -0.151 -0.999 -0.0 0.037 -0.021 0.718 0.0 -0.68 0.148 0.993 0.0 0.062 0.104 
-0.406 0.066 -0.012 -0.911 -0.705 -0.0 -0.683 0.192 -0.98 -0.0 0.08 -0.185 0.781 0.0 -0.621 -0.061 0.977 -0.0 -0.064 -0.202 -0.651 0.0 -0.744 -0.149 -0.999 -0.0 0.039 -0.035 0.718 0.0 -0.679 0.151 0.992 0.0 0.063 0.108 
-0.405 0.066 -0.012 -0.912 -0.705 -0.0 -0.683 0.193 -0.979 0.0 0.081 -0.185 0.781 0.0 -0.621 -0.064 0.977 0.0 -0.066 -0.203 -0.653 -0.0 -0.743 -0.147 -0.998 -0.0 0.038 -0.048 0.72 0.0 -0.677 0.154 0.992 0.0 0.061 0.112 
-0.403 0.066 -0.012 -0.913 -0.705 -0.0 -0.682 0.194 -0.979 -0.0 0.082 -0.185 0.781 0.0 -0.621 -0.066 0.977 -0.0 -0.067 -0.203 -0.653 -0.0 -0.743 -0.147 -0.997 -0.0 0.041 -0.058 0.72 0.0 -0.676 0.157 0.991 0.0 0.063 0.116 
-0.403 0.066 -0.011 -0.913 -0.704 -0.0 -0.682 0.196 -0.979 -0.0 0.082 -0.187 0.78 0.0 -0.622 -0.069 0.977 0.0 -0.067 -0.203 -0.652 0.0 -0.743 -0.148 -0.997 0.0 0.046 -0.066 0.722 0.0 -0.673 0.16 0.991 0.0 0.061 0.121 
-0.402 0.066 -0.011 -0.913 -0.704 -0.0 -0.682 0.197 -0.979 0.0 0.082 -0.188 0.78 -0.0 -0.622 -0.07 0.977 0.0 -0.067 -0.204 -0.652 0.0 -0.743 -0.148 -0.996 -0.0 0.047 -0.073 0.724 -0.0 -0.671 0.162 0.99 0.0 0.06 0.127 
-0.402 0.066 -0.011 -0.913 -0.704 0.0 -0.682 0.198 -0.979 -0.0 0.082 -0.189 0.78 -0.0 -0.621 -0.071 0.977 -0.0 -0.067 -0.205 -0.651 -0.0 -0.744 -0.15 -0.996 -0.0 0.05 -0.077 0.726 0.0 -0.668 0.165 0.99 0.0 0.057 0.133 
-0.402 0.067 -0.011 -0.913 -0.704 0.0 -0.682 0.199 -0.978 0.0 0.082 -0.19 0.781 0.0 -0.621 -0.07 0.976 0.0 -0.067 -0.206 -0.649 -0.0 -0.746 -0.153 -0.996 0.0 0.051 -0.075 0.727 0.0 -0.666 0.169 0.989 0.0 0.056 0.138 
-0.402 0.068 -0.011 -0.913 -0.704 -0.0 -0.682 0.2 -0.978 0.0 0.081 -0.191 0.781 0.0 -0.621 -0.069 0.976 0.0 -0.067 -0.207 -0.648 -0.0 -0.746 -0.156 -0.996 -0.0 0.045 -0.072 0.727 0.0 -0.664 0.172 0.988 -0.0 0.059 0.143 
-0.402 0.068 -0.012 -0.913 -0.704 -0.0 -0.682 0.2 -0.978 0.0 0.081 -0.192 0.781 0.0 -0.621 -0.067 0.976 0.0 -0.068 -0.208 -0.648 -0.0 -0.746 -0.158 -0.997 -0.0 0.037 -0.069 0.73 -0.0 -0.66 0.175 0.987 0.0 0.054 0.151 
-0.402 0.069 -0.012 -0.913 -0.704 -0.0 -0.681 0.201 -0.978 -0.0 0.08 -0.193 0.781 0.0 -0.621 -0.064 0.975 0.0 -0.069 -0.21 -0.648 -0.0 -0.745 -0.158 -0.998 -0.0 0.027 -0.065 0.731 0.0 -0.659 0.18 0.986 0.0 0.054 0.155 
-0.401 0.069 -0.014 -0.913 -0.704 -0.0 -0.681 0.202 -0.978 -0.0 0.08 -0.193 0.782 -0.0 -0.621 -0.06 0.975 0.0 -0.07 -0.212 -0.648 -0.0 -0.746 -0.157 -0.998 -0.0 0.016 -0.054 0.73 0.0 -0.657 0.185 0.986 0.0 0.057 0.16 
-0.4 0.069 -0.016 -0.914 -0.705 -0.0 -0.68 0.202 -0.978 -0.0 0.08 -0.194 0.782 0.0 -0.621 -0.056 0.974 0.0 -0.073 -0.212 -0.648 -0.0 -0.746 -0.154 -0.999 -0.0 0.007 -0.047 0.73 0.0 -0.657 0.19 0.985 0.0 0.06 0.164 
-0.399 0.069 -0.018 -0.914 -0.705 -0.0 -0.679 0.202 -0.978 -0.0 0.081 -0.194 0.782 0.0 -0.621 -0.052 0.974 0.0 -0.075 -0.213 -0.65 -0.0 -0.745 -0.149 -0.999 -0.0 -0.001 -0.041 0.729 -0.0 -0.657 0.195 0.983 0.0 0.065 0.169 
-0.397 0.069 -0.02 -0.915 -0.706 0.0 -0.679 0.203 -0.978 -0.0 0.08 -0.194 0.782 0.0 -0.622 -0.047 0.974 0.0 -0.077 -0.213 -0.65 -0.0 -0.746 -0.143 -0.999 -0.0 -0.008 -0.037 0.728 0.0 -0.656 0.2 0.982 0.0 0.069 0.174 
-0.397 0.069 -0.022 -0.915 -0.707 0.0 -0.678 0.202 -0.978 -0.0 0.08 -0.193 0.782 0.0 -0.622 -0.043 0.974 0.0 -0.08 -0.213 -0.652 -0.0 -0.745 -0.137 -0.999 -0.0 -0.01 -0.036 0.724 0.0 -0.658 0.206 0.981 0.0 0.079 0.178 
-0.396 0.07 -0.024 -0.915 -0.707 -0.0 -0.678 0.203 -0.978 0.0 0.079 -0.194 0.782 0.0 -0.622 -0.039 0.974 0.0 -0.08 -0.211 -0.653 -0.0 -0.746 -0.129 -0.999 -0.0 -0.013 -0.034 0.723 0.0 -0.658 0.209 0.979 0.0 0.084 0.184 
-0.396 0.071 -0.026 -0.915 -0.707 -0.0 -0.678 0.202 -0.978 0.0 0.079 -0.192 0.782 0.0 -0.622 -0.034 0.975 0.0 -0.08 -0.208 -0.653 -0.0 -0.747 -0.121 -0.999 0.0 -0.017 -0.03 0.723 0.0 -0.658 0.212 0.977 0.0 0.089 0.193 
-0.395 0.073 -0.027 -0.915 -0.707 -0.0 -0.679 0.201 -0.978 -0.0 0.079 -0.191 0.782 0.0 -0.622 -0.031 0.976 0.0 -0.079 -0.203 -0.653 -0.0 -0.749 -0.113 -1.0 -0.0 -0.019 -0.024 0.723 0.0 -0.657 0.214 0.975 0.0 0.093 0.202 
-0.396 0.075 -0.029 -0.915 -0.706 -0.0 -0.68 0.199 -0.979 -0.0 0.079 -0.189 0.783 -0.0 -0.622 -0.027 0.977 -0.0 -0.078 -0.199 -0.652 -0.0 -0.751 -0.106 -1.0 -0.0 -0.019 -0.017 0.724 -0.0 -0.656 0.214 0.972 -0.0 0.095 0.213 
-0.396 0.078 -0.03 -0.914 -0.705 -0.0 -0.681 0.198 -0.979 -0.0 0.079 -0.188 0.783 -0.0 -0.622 -0.024 0.978 0.0 -0.076 -0.193 -0.65 -0.0 -0.753 -0.098 -1.0 -0.0 -0.019 -0.009 0.725 0.0 -0.655 0.213 0.969 0.0 0.098 0.225 
-0.397 0.08 -0.031 -0.914 -0.704 0.0 -0.682 0.196 -0.979 -0.0 0.078 -0.187 0.784 -0.0 -0.621 -0.019 0.979 -0.0 -0.073 -0.188 -0.648 0.0 -0.756 -0.092 -1.0 -0.0 -0.018 -0.001 0.726 0.0 -0.655 0.209 0.966 0.0 0.1 0.238 
-0.399 0.083 -0.032 -0.913 -0.702 -0.0 -0.685 0.194 -0.979 -0.0 0.078 -0.187 0.784 -0.0 -0.62 -0.015 0.981 -0.0 -0.07 -0.183 -0.646 0.0 -0.758 -0.086 -1.0 -0.0 -0.02 0.007 0.728 0.0 -0.654 0.204 0.962 0.0 0.104 0.252 
-0.401 0.086 -0.032 -0.912 -0.701 -0.0 -0.687 0.192 -0.979 0.0 0.077 -0.188 0.786 0.0 -0.619 -0.01 0.982 0.0 -0.068 -0.179 -0.646 -0.0 -0.759 -0.081 -1.0 -0.0 -0.023 0.014 0.73 0.0 -0.655 0.197 0.958 0.0 0.107 0.267 
-0.403 0.089 -0.031 -0.91 -0.699 -0.0 -0.69 0.189 -0.979 0.0 0.078 -0.188 0.787 0.0 -0.617 -0.004 0.982 0.0 -0.066 -0.175 -0.643 -0.0 -0.762 -0.075 -1.0 -0.0 -0.022 0.021 0.732 0.0 -0.655 0.188 0.953 0.0 0.109 0.284 
-0.405 0.091 -0.03 -0.909 -0.697 -0.0 -0.692 0.187 -0.979 -0.0 0.077 -0.189 0.788 0.0 -0.615 0.002 0.983 -0.0 -0.064 -0.172 -0.642 -0.0 -0.763 -0.071 -0.999 -0.0 -0.024 0.028 0.734 0.0 -0.656 0.176 0.946 -0.0 0.11 0.304 
-0.406 0.093 -0.03 -0.908 -0.695 -0.0 -0.695 0.184 -0.979 -0.0 0.077 -0.191 0.789 0.0 -0.615 0.007 0.983 0.0 -0.062 -0.17 -0.642 -0.0 -0.764 -0.066 -0.999 -0.0 -0.026 0.034 0.735 -0.0 -0.659 0.161 0.939 0.0 0.108 0.326 
-0.409 0.095 -0.029 -0.907 -0.693 -0.0 -0.698 0.181 -0.978 -0.0 0.077 -0.194 0.79 -0.0 -0.613 0.013 0.984 -0.0 -0.062 -0.168 -0.642 -0.0 -0.764 -0.062 -0.999 0.0 -0.028 0.04 0.737 0.0 -0.661 0.145 0.931 0.0 0.105 0.349 
-0.411 0.096 -0.028 -0.906 -0.692 -0.0 -0.699 0.178 -0.977 -0.0 0.075 -0.197 0.791 0.0 -0.612 0.019 0.984 0.0 -0.061 -0.167 -0.639 -0.0 -0.767 -0.058 -0.999 -0.0 -0.024 0.044 0.738 0.0 -0.663 0.128 0.923 0.0 0.099 0.373 
-0.414 0.097 -0.027 -0.905 -0.692 -0.0 -0.701 0.173 -0.977 -0.0 0.073 -0.199 0.792 -0.0 -0.611 0.023 0.985 0.0 -0.06 -0.163 -0.64 -0.0 -0.767 -0.053 -0.999 -0.0 -0.025 0.048 0.738 0.0 -0.665 0.11 0.914 0.0 0.091 0.396 
-0.417 0.098 -0.026 -0.903 -0.691 -0.0 -0.702 0.17 -0.977 -0.0 0.07 -0.202 0.793 0.0 -0.608 0.028 0.985 0.0 -0.06 -0.16 -0.639 -0.0 -0.768 -0.046 -0.998 -0.0 -0.025 0.049 0.74 0.0 -0.666 0.094 0.905 0.0 0.08 0.418 
-0.419 0.099 -0.026 -0.902 -0.691 -0.0 -0.703 0.167 -0.976 -0.0 0.068 -0.205 0.794 0.0 -0.607 0.031 0.986 0.0 -0.06 -0.155 -0.637 -0.0 -0.77 -0.038 -0.998 -0.0 -0.024 0.051 0.741 0.0 -0.667 0.077 0.895 0.0 0.068 0.44 
-0.422 0.101 -0.024 -0.901 -0.69 0.0 -0.705 0.163 -0.976 -0.0 0.065 -0.209 0.796 0.0 -0.605 0.033 0.987 0.0 -0.058 -0.15 -0.637 -0.0 -0.771 -0.032 -0.998 -0.0 -0.026 0.052 0.744 0.0 -0.666 0.059 0.886 0.0 0.051 0.461 
-0.424 0.099 -0.025 -0.9 -0.692 -0.0 -0.704 0.158 -0.976 -0.0 0.062 -0.211 0.795 0.0 -0.605 0.034 0.988 0.0 -0.058 -0.145 -0.638 -0.0 -0.77 -0.023 -0.998 0.0 -0.026 0.051 0.744 0.0 -0.667 0.041 0.877 0.0 0.033 0.48 
-0.425 0.098 -0.025 -0.899 -0.695 -0.0 -0.703 0.154 -0.975 -0.0 0.058 -0.214 0.795 0.0 -0.606 0.035 0.989 -0.0 -0.056 -0.14 -0.64 -0.0 -0.768 -0.015 -0.998 -0.0 -0.028 0.05 0.744 -0.0 -0.667 0.024 0.868 0.0 0.014 0.497 
-0.426 0.097 -0.025 -0.899 -0.696 -0.0 -0.703 0.149 -0.975 -0.0 0.056 -0.217 0.795 -0.0 -0.606 0.035 0.989 0.0 -0.056 -0.134 -0.641 -0.0 -0.768 -0.004 -0.998 0.0 -0.033 0.046 0.745 0.0 -0.667 0.007 0.86 -0.0 -0.002 0.511 
-0.428 0.097 -0.026 -0.898 -0.697 -0.0 -0.702 0.145 -0.974 -0.0 0.054 -0.22 0.794 0.0 -0.606 0.035 0.99 0.0 -0.055 -0.129 -0.641 -0.0 -0.767 0.006 -0.998 -0.0 -0.031 0.046 0.744 0.0 -0.669 -0.008 0.853 0.0 -0.014 0.522 
-0.428 0.096 -0.026 -0.898 -0.699 -0.0 -0.701 0.141 -0.973 -0.0 0.05 -0.224 0.794 0.0 -0.607 0.035 0.991 0.0 -0.054 -0.125 -0.643 0.0 -0.766 0.016 -0.998 -0.0 -0.037 0.042 0.742 0.0 -0.67 -0.023 0.847 0.0 -0.026 0.531 
-0.43 0.095 -0.027 -0.898 -0.701 -0.0 -0.7 0.137 -0.973 -0.0 0.048 -0.227 0.794 0.0 -0.607 0.036 0.991 0.0 -0.054 -0.122 -0.644 -0.0 -0.764 0.026 -0.998 0.0 -0.039 0.041 0.74 -0.0 -0.672 -0.038 0.842 -0.0 -0.038 0.537 
-0.433 0.094 -0.029 -0.896 -0.702 -0.0 -0.699 0.134 -0.972 -0.0 0.044 -0.231 0.794 0.0 -0.607 0.039 0.991 0.0 -0.053 -0.12 -0.646 0.0 -0.762 0.038 -0.998 -0.0 -0.044 0.039 0.739 -0.0 -0.672 -0.05 0.839 0.0 -0.05 0.541 
-0.435 0.093 -0.029 -0.895 -0.704 -0.0 -0.698 0.131 -0.971 0.0 0.04 -0.236 0.793 0.0 -0.607 0.042 0.991 0.0 -0.053 -0.12 -0.648 -0.0 -0.76 0.046 -0.998 0.0 -0.048 0.04 0.737 -0.0 -0.673 -0.064 0.837 0.0 -0.061 0.543 
-0.44 0.093 -0.029 -0.893 -0.705 0.0 -0.698 0.125 -0.97 -0.0 0.038 -0.239 0.793 0.0 -0.608 0.045 0.991 0.0 -0.052 -0.12 -0.65 -0.0 -0.758 0.052 -0.998 -0.0 -0.047 0.044 0.736 0.0 -0.672 -0.078 0.836 -0.0 -0.074 0.544 
-0.443 0.092 -0.03 -0.891 -0.706 -0.0 -0.697 0.122 -0.969 -0.0 0.035 -0.244 0.793 -0.0 -0.608 0.049 0.991 0.0 -0.051 -0.122 -0.652 -0.0 -0.756 0.058 -0.998 0.0 -0.05 0.047 0.734 0.0 -0.673 -0.091 0.835 0.0 -0.084 0.544 
-0.447 0.091 -0.03 -0.889 -0.708 -0.0 -0.697 0.117 -0.968 -0.0 0.031 -0.247 0.792 0.0 -0.608 0.054 0.991 0.0 -0.05 -0.125 -0.653 0.0 -0.755 0.064 -0.997 0.0 -0.054 0.046 0.733 -0.0 -0.672 -0.104 0.836 0.0 -0.095 0.541 
-0.451 0.09 -0.031 -0.887 -0.709 -0.0 -0.696 0.114 -0.967 -0.0 0.028 -0.252 0.792 0.0 -0.608 0.059 0.991 0.0 -0.05 -0.127 -0.654 -0.0 -0.753 0.07 -0.997 -0.0 -0.054 0.049 0.732 0.0 -0.672 -0.115 0.837 -0.0 -0.105 0.537 
-0.454 0.088 -0.032 -0.886 -0.711 -0.0 -0.695 0.111 -0.966 -0.0 0.024 -0.256 0.791 -0.0 -0.609 0.066 0.99 0.0 -0.048 -0.131 -0.654 -0.0 -0.753 0.076 -0.997 -0.0 -0.053 0.051 0.73 -0.0 -0.671 -0.127 0.839 0.0 -0.114 0.532 
-0.462 0.087 -0.03 -0.882 -0.711 0.0 -0.695 0.105 -0.965 0.0 0.022 -0.261 0.79 0.0 -0.609 0.071 0.99 0.0 -0.045 -0.135 -0.656 -0.0 -0.751 0.076 -0.997 -0.0 -0.056 0.056 0.73 0.0 -0.669 -0.14 0.842 0.0 -0.129 0.525 
-0.462 0.086 -0.033 -0.882 -0.713 0.0 -0.693 0.105 -0.964 -0.0 0.018 -0.266 0.789 0.0 -0.61 0.079 0.989 0.0 -0.046 -0.139 -0.656 -0.0 -0.749 0.088 -0.997 -0.0 -0.053 0.055 0.727 -0.0 -0.67 -0.148 0.845 -0.0 -0.129 0.519 
-0.466 0.085 -0.033 -0.88 -0.714 -0.0 -0.692 0.103 -0.962 -0.0 0.016 -0.272 0.788 -0.0 -0.61 0.086 0.989 0.0 -0.044 -0.141 -0.658 -0.0 -0.747 0.094 -0.997 -0.0 -0.055 0.057 0.725 -0.0 -0.67 -0.159 0.849 0.0 -0.133 0.511 
-0.47 0.083 -0.033 -0.878 -0.716 -0.0 -0.691 0.099 -0.961 -0.0 0.013 -0.276 0.787 0.0 -0.61 0.094 0.988 0.0 -0.044 -0.147 -0.659 0.0 -0.746 0.097 -0.997 -0.0 -0.052 0.06 0.724 0.0 -0.668 -0.169 0.854 0.0 -0.14 0.501 
-0.475 0.081 -0.034 -0.876 -0.718 -0.0 -0.689 0.096 -0.96 -0.0 0.01 -0.281 0.785 0.0 -0.611 0.1 0.988 0.0 -0.042 -0.15 -0.661 -0.0 -0.743 0.101 -0.997 0.0 -0.053 0.063 0.724 0.0 -0.666 -0.178 0.859 -0.0 -0.145 0.491 
-0.479 0.079 -0.034 -0.874 -0.72 -0.0 -0.688 0.092 -0.958 -0.0 0.006 -0.285 0.783 0.0 -0.613 0.106 0.987 0.0 -0.04 -0.153 -0.663 -0.0 -0.742 0.103 -0.996 -0.0 -0.052 0.066 0.724 0.0 -0.664 -0.188 0.865 0.0 -0.15 0.479 
-0.486 0.077 -0.035 -0.87 -0.722 -0.0 -0.686 0.089 -0.957 -0.0 0.001 -0.289 0.781 0.0 -0.614 0.115 0.987 0.0 -0.037 -0.156 -0.665 -0.0 -0.739 0.108 -0.996 0.0 -0.049 0.069 0.723 0.0 -0.664 -0.19 0.873 0.0 -0.149 0.464 
-0.49 0.076 -0.035 -0.868 -0.724 -0.0 -0.684 0.085 -0.956 -0.0 -0.003 -0.292 0.779 0.0 -0.615 0.121 0.987 0.0 -0.035 -0.159 -0.666 -0.0 -0.737 0.111 -0.996 -0.0 -0.048 0.072 0.722 0.0 -0.663 -0.199 0.879 0.0 -0.15 0.452 
-0.494 0.074 -0.035 -0.866 -0.726 0.0 -0.683 0.082 -0.955 -0.0 -0.007 -0.296 0.778 0.0 -0.615 0.127 0.986 0.0 -0.033 -0.161 -0.667 -0.0 -0.736 0.115 -0.996 0.0 -0.044 0.074 0.722 0.0 -0.661 -0.205 0.886 0.0 -0.15 0.438 
-0.497 0.073 -0.035 -0.864 -0.728 -0.0 -0.681 0.078 -0.954 -0.0 -0.01 -0.298 0.777 0.0 -0.616 0.133 0.986 0.0 -0.032 -0.163 -0.667 -0.0 -0.735 0.12 -0.996 -0.0 -0.039 0.076 0.722 0.0 -0.659 -0.212 0.893 0.0 -0.148 0.425 
-0.502 0.072 -0.035 -0.861 -0.729 -0.0 -0.68 0.073 -0.954 -0.0 -0.013 -0.301 0.775 0.0 -0.616 0.138 0.986 0.0 -0.03 -0.164 -0.667 -0.0 -0.735 0.122 -0.997 -0.0 -0.032 0.077 0.721 0.0 -0.658 -0.218 0.901 0.0 -0.144 0.41 
-0.506 0.07 -0.035 -0.859 -0.731 -0.0 -0.679 0.069 -0.953 -0.0 -0.017 -0.302 0.774 0.0 -0.616 0.144 0.986 0.0 -0.029 -0.166 -0.666 -0.0 -0.735 0.127 -0.997 -0.0 -0.021 0.08 0.719 0.0 -0.659 -0.222 0.909 0.0 -0.138 0.394 
-0.51 0.069 -0.034 -0.857 -0.733 -0.0 -0.677 0.065 -0.952 0.0 -0.02 -0.304 0.773 0.0 -0.617 0.149 0.985 0.0 -0.027 -0.168 -0.665 -0.0 -0.735 0.129 -0.997 -0.0 -0.013 0.082 0.719 0.0 -0.657 -0.227 0.917 0.0 -0.132 0.377 
-0.511 0.068 -0.034 -0.856 -0.734 0.0 -0.676 0.063 -0.951 -0.0 -0.022 -0.307 0.772 0.0 -0.617 0.153 0.985 0.0 -0.027 -0.168 -0.664 -0.0 -0.735 0.135 -0.997 -0.0 -0.01 0.079 0.718 0.0 -0.657 -0.23 0.924 0.0 -0.123 0.361 
-0.513 0.067 -0.034 -0.855 -0.735 -0.0 -0.675 0.06 -0.951 0.0 -0.025 -0.309 0.772 -0.0 -0.616 0.157 0.985 0.0 -0.028 -0.169 -0.664 -0.0 -0.735 0.141 -0.997 -0.0 -0.005 0.078 0.717 0.0 -0.657 -0.232 0.933 0.0 -0.112 0.342 
-0.515 0.066 -0.034 -0.854 -0.736 -0.0 -0.674 0.057 -0.95 -0.0 -0.026 -0.311 0.771 -0.0 -0.616 0.16 0.985 0.0 -0.026 -0.169 -0.663 0.0 -0.734 0.146 -0.997 0.0 -0.001 0.078 0.716 0.0 -0.658 -0.233 0.942 0.0 -0.101 0.321 
-0.516 0.065 -0.033 -0.853 -0.737 -0.0 -0.674 0.054 -0.949 -0.0 -0.027 -0.313 0.77 0.0 -0.616 0.165 0.985 -0.0 -0.026 -0.17 -0.663 -0.0 -0.733 0.151 -0.997 -0.0 0.004 0.077 0.715 0.0 -0.658 -0.234 0.95 -0.0 -0.089 0.299 
-0.517 0.065 -0.032 -0.853 -0.738 -0.0 -0.673 0.052 -0.949 -0.0 -0.029 -0.315 0.77 0.0 -0.615 0.168 0.985 0.0 -0.027 -0.169 -0.663 -0.0 -0.732 0.156 -0.997 -0.0 0.006 0.076 0.715 -0.0 -0.659 -0.233 0.958 0.0 -0.076 0.277 
-0.518 0.064 -0.032 -0.852 -0.739 -0.0 -0.672 0.05 -0.948 -0.0 -0.029 -0.317 0.77 -0.0 -0.615 0.17 0.985 -0.0 -0.027 -0.168 -0.664 -0.0 -0.73 0.161 -0.997 -0.0 0.006 0.076 0.714 0.0 -0.661 -0.232 0.965 -0.0 -0.061 0.254 
-0.519 0.064 -0.031 -0.852 -0.74 -0.0 -0.671 0.048 -0.947 0.0 -0.031 -0.318 0.77 0.0 -0.615 0.173 0.986 0.0 -0.027 -0.167 -0.664 -0.0 -0.729 0.166 -0.997 -0.0 0.009 0.075 0.713 0.0 -0.663 -0.229 0.972 0.0 -0.048 0.23 
-0.52 0.063 -0.03 -0.851 -0.74 -0.0 -0.671 0.047 -0.947 0.0 -0.031 -0.32 0.77 0.0 -0.614 0.175 0.986 -0.0 -0.027 -0.165 -0.665 -0.0 -0.727 0.17 -0.997 0.0 0.01 0.077 0.713 0.0 -0.664 -0.226 0.978 0.0 -0.036 0.205 
-0.52 0.063 -0.03 -0.851 -0.74 -0.0 -0.671 0.046 -0.946 -0.0 -0.03 -0.322 0.77 -0.0 -0.613 0.178 0.986 0.0 -0.027 -0.164 -0.665 -0.0 -0.725 0.176 -0.997 -0.0 0.012 0.076 0.712 0.0 -0.666 -0.222 0.983 0.0 -0.025 0.18 
-0.521 0.063 -0.029 -0.851 -0.741 -0.0 -0.67 0.046 -0.946 -0.0 -0.031 -0.323 0.77 0.0 -0.612 0.18 0.986 0.0 -0.027 -0.162 -0.666 -0.0 -0.724 0.181 -0.997 -0.0 0.013 0.076 0.713 0.0 -0.667 -0.217 0.988 0.0 -0.015 0.155 
-0.522 0.063 -0.028 -0.85 -0.74 -0.0 -0.671 0.046 -0.945 -0.0 -0.03 -0.325 0.771 0.0 -0.611 0.181 0.987 -0.0 -0.027 -0.159 -0.666 0.0 -0.722 0.187 -0.997 -0.0 0.017 0.077 0.712 0.0 -0.669 -0.212 0.991 0.0 -0.004 0.132 
-0.522 0.063 -0.028 -0.85 -0.741 -0.0 -0.67 0.046 -0.945 -0.0 -0.031 -0.326 0.771 -0.0 -0.61 0.184 0.987 0.0 -0.028 -0.157 -0.666 -0.0 -0.721 0.193 -0.997 -0.0 0.016 0.076 0.713 0.0 -0.67 -0.206 0.994 0.0 0.003 0.107 
-0.523 0.064 -0.027 -0.85 -0.741 0.0 -0.67 0.047 -0.945 -0.0 -0.031 -0.327 0.772 0.0 -0.609 0.185 0.988 0.0 -0.027 -0.154 -0.666 -0.0 -0.719 0.199 -0.997 0.0 0.022 0.076 0.713 0.0 -0.672 -0.2 0.996 0.0 0.011 0.085 
-0.523 0.064 -0.026 -0.849 -0.741 0.0 -0.67 0.047 -0.945 -0.0 -0.031 -0.327 0.772 0.0 -0.607 0.187 0.988 -0.0 -0.028 -0.152 -0.665 -0.0 -0.718 0.205 -0.997 -0.0 0.025 0.076 0.714 -0.0 -0.673 -0.193 0.998 -0.0 0.016 0.062 
-0.523 0.065 -0.026 -0.85 -0.741 -0.0 -0.67 0.048 -0.945 -0.0 -0.031 -0.326 0.773 0.0 -0.606 0.189 0.989 -0.0 -0.028 -0.148 -0.665 -0.0 -0.716 0.213 -0.997 -0.0 0.027 0.076 0.714 0.0 -0.675 -0.186 0.999 0.0 0.021 0.042 
-0.523 0.066 -0.026 -0.849 -0.741 -0.0 -0.67 0.049 -0.945 -0.0 -0.031 -0.326 0.773 0.0 -0.605 0.191 0.989 0.0 -0.027 -0.147 -0.664 -0.0 -0.715 0.22 -0.997 -0.0 0.031 0.074 0.715 -0.0 -0.675 -0.18 0.999 -0.0 0.021 0.024 
-0.524 0.066 -0.026 -0.849 -0.741 -0.0 -0.67 0.049 -0.946 -0.0 -0.03 -0.324 0.774 0.0 -0.604 0.192 0.989 0.0 -0.027 -0.143 -0.663 -0.0 -0.714 0.225 -0.997 -0.0 0.036 0.075 0.716 0.0 -0.676 -0.175 1.0 0.0 0.02 0.008 
-0.524 0.066 -0.026 -0.849 -0.741 -0.0 -0.669 0.05 -0.946 -0.0 -0.03 -0.322 0.774 0.0 -0.603 0.194 0.99 0.0 -0.026 -0.141 -0.664 -0.0 -0.711 0.231 -0.996 -0.0 0.038 0.076 0.716 0.0 -0.677 -0.17 1.0 0.0 0.018 -0.002 
