# T   LUA LFA RUA RFA LT  LS  RT  RS  
0.998 -0.023 -0.053 0.016 -0.695 -0.0 -0.718 0.029 -0.978 -0.0 -0.052 -0.201 0.772 0.0 -0.635 0.024 0.978 0.0 -0.033 -0.206 -0.626 -0.0 -0.777 0.069 -0.996 -0.0 0.069 0.062 0.692 0.0 -0.72 0.061 0.994 0.0 0.094 0.049 
0.998 -0.023 -0.053 0.016 -0.695 -0.0 -0.718 0.029 -0.978 -0.0 -0.052 -0.2 0.772 0.0 -0.635 0.025 0.978 0.0 -0.033 -0.207 -0.626 -0.0 -0.776 0.069 -0.996 -0.0 0.069 0.062 0.692 0.0 -0.72 0.061 0.994 0.0 0.094 0.049 
0.998 -0.023 -0.053 0.016 -0.695 -0.0 -0.718 0.03 -0.978 -0.0 -0.052 -0.2 0.772 0.0 -0.635 0.025 0.978 0.0 -0.033 -0.206 -0.626 -0.0 -0.777 0.069 -0.996 0.0 0.069 0.061 0.692 0.0 -0.72 0.061 0.994 0.0 0.094 0.049 
0.998 -0.023 -0.053 0.017 -0.695 -0.0 -0.718 0.03 -0.978 -0.0 -0.052 -0.2 0.772 -0.0 -0.635 0.024 0.978 0.0 -0.034 -0.206 -0.626 -0.0 -0.777 0.07 -0.996 -0.0 0.07 0.061 0.692 0.0 -0.72 0.061 0.994 0.0 0.094 0.049 
0.998 -0.024 -0.052 0.018 -0.696 -0.0 -0.718 0.031 -0.978 -0.0 -0.051 -0.201 0.771 0.0 -0.636 0.024 0.978 0.0 -0.034 -0.205 -0.627 -0.0 -0.776 0.073 -0.996 -0.0 0.07 0.06 0.691 0.0 -0.72 0.062 0.994 0.0 0.094 0.049 
0.998 -0.024 -0.052 0.019 -0.696 -0.0 -0.718 0.031 -0.978 -0.0 -0.051 -0.2 0.771 0.0 -0.636 0.025 0.978 0.0 -0.035 -0.205 -0.626 -0.0 -0.776 0.073 -0.996 -0.0 0.07 0.059 0.691 0.0 -0.72 0.061 0.994 -0.0 0.094 0.049 
0.998 -0.024 -0.052 0.019 -0.695 -0.0 -0.718 0.032 -0.978 -0.0 -0.051 -0.2 0.771 0.0 -0.637 0.025 0.978 -0.0 -0.035 -0.205 -0.627 -0.0 -0.776 0.074 -0.996 -0.0 0.07 0.059 0.691 0.0 -0.72 0.062 0.994 -0.0 0.094 0.049 
0.998 -0.025 -0.052 0.019 -0.695 -0.0 -0.718 0.032 -0.978 -0.0 -0.051 -0.2 0.771 0.0 -0.637 0.025 0.978 -0.0 -0.035 -0.205 -0.626 -0.0 -0.776 0.074 -0.996 -0.0 0.07 0.058 0.691 0.0 -0.72 0.061 0.994 0.0 0.094 0.05 
0.998 -0.025 -0.052 0.02 -0.695 -0.0 -0.718 0.032 -0.979 -0.0 -0.051 -0.199 0.771 0.0 -0.637 0.025 0.978 0.0 -0.035 -0.205 -0.626 -0.0 -0.776 0.075 -0.996 -0.0 0.07 0.058 0.691 -0.0 -0.72 0.061 0.994 0.0 0.094 0.05 
0.998 -0.025 -0.052 0.02 -0.695 -0.0 -0.718 0.033 -0.978 -0.0 -0.052 -0.2 0.771 0.0 -0.637 0.025 0.978 0.0 -0.035 -0.205 -0.626 -0.0 -0.776 0.075 -0.996 -0.0 0.07 0.058 0.691 0.0 -0.72 0.062 0.994 0.0 0.094 0.049 
0.998 -0.025 -0.052 0.02 -0.695 -0.0 -0.718 0.033 -0.978 -0.0 -0.052 -0.201 0.771 0.0 -0.637 0.025 0.978 -0.0 -0.035 -0.205 -0.626 -0.0 -0.776 0.076 -0.996 -0.0 0.07 0.057 0.691 0.0 -0.72 0.061 0.994 -0.0 0.094 0.05 
0.998 -0.025 -0.052 0.02 -0.695 0.0 -0.718 0.034 -0.978 -0.0 -0.052 -0.2 0.771 0.0 -0.637 0.025 0.978 -0.0 -0.035 -0.205 -0.626 -0.0 -0.776 0.076 -0.996 0.0 0.07 0.057 0.691 0.0 -0.72 0.062 0.994 0.0 0.094 0.05 
0.998 -0.025 -0.052 0.021 -0.695 -0.0 -0.718 0.034 -0.978 -0.0 -0.052 -0.2 0.771 0.0 -0.637 0.026 0.978 0.0 -0.035 -0.206 -0.626 -0.0 -0.776 0.077 -0.996 0.0 0.071 0.057 0.691 0.0 -0.72 0.061 0.994 0.0 0.094 0.05 
0.998 -0.025 -0.052 0.021 -0.695 0.0 -0.718 0.034 -0.978 -0.0 -0.052 -0.2 0.771 -0.0 -0.637 0.026 0.978 0.0 -0.035 -0.205 -0.626 -0.0 -0.776 0.077 -0.996 -0.0 0.071 0.056 0.691 0.0 -0.72 0.062 0.994 0.0 0.094 0.049 
0.998 -0.025 -0.052 0.021 -0.695 -0.0 -0.718 0.034 -0.978 -0.0 -0.051 -0.2 0.771 0.0 -0.637 0.025 0.978 0.0 -0.036 -0.206 -0.626 -0.0 -0.776 0.077 -0.996 0.0 0.071 0.056 0.691 0.0 -0.72 0.06 0.994 0.0 0.094 0.05 
0.998 -0.025 -0.052 0.021 -0.695 -0.0 -0.718 0.035 -0.978 0.0 -0.051 -0.2 0.771 0.0 -0.637 0.025 0.978 0.0 -0.036 -0.206 -0.626 0.0 -0.776 0.077 -0.996 -0.0 0.071 0.056 0.691 0.0 -0.72 0.06 0.994 0.0 0.094 0.051 
0.998 -0.026 -0.051 0.021 -0.695 -0.0 -0.718 0.035 -0.978 -0.0 -0.051 -0.2 0.771 0.0 -0.637 0.026 0.978 -0.0 -0.036 -0.206 -0.626 -0.0 -0.776 0.077 -0.996 -0.0 0.071 0.056 0.691 0.0 -0.72 0.06 0.994 0.0 0.094 0.051 
0.998 -0.026 -0.052 0.021 -0.695 0.0 -0.718 0.034 -0.979 -0.0 -0.051 -0.199 0.77 -0.0 -0.637 0.026 0.978 -0.0 -0.035 -0.206 -0.626 0.0 -0.776 0.077 -0.996 -0.0 0.071 0.056 0.691 0.0 -0.72 0.061 0.994 0.0 0.094 0.05 
0.998 -0.026 -0.051 0.021 -0.695 0.0 -0.719 0.035 -0.979 -0.0 -0.051 -0.199 0.77 0.0 -0.637 0.026 0.978 0.0 -0.035 -0.205 -0.626 -0.0 -0.776 0.078 -0.996 -0.0 0.071 0.055 0.691 -0.0 -0.72 0.061 0.994 0.0 0.094 0.05 
0.998 -0.026 -0.051 0.021 -0.695 -0.0 -0.718 0.034 -0.979 -0.0 -0.052 -0.199 0.771 0.0 -0.637 0.026 0.978 0.0 -0.036 -0.206 -0.626 -0.0 -0.776 0.077 -0.996 -0.0 0.071 0.056 0.691 0.0 -0.72 0.06 0.994 0.0 0.094 0.05 
0.998 -0.026 -0.051 0.021 -0.695 -0.0 -0.719 0.035 -0.979 -0.0 -0.052 -0.199 0.77 0.0 -0.637 0.026 0.978 0.0 -0.035 -0.206 -0.626 -0.0 -0.776 0.077 -0.996 0.0 0.071 0.056 0.691 0.0 -0.72 0.06 0.994 0.0 0.093 0.05 
0.998 -0.026 -0.051 0.022 -0.695 -0.0 -0.718 0.034 -0.979 -0.0 -0.052 -0.199 0.771 0.0 -0.637 0.027 0.978 -0.0 -0.036 -0.206 -0.626 0.0 -0.776 0.077 -0.996 -0.0 0.071 0.056 0.691 0.0 -0.72 0.06 0.994 -0.0 0.094 0.05 
0.998 -0.026 -0.051 0.021 -0.695 -0.0 -0.719 0.034 -0.979 -0.0 -0.052 -0.199 0.771 0.0 -0.637 0.026 0.978 0.0 -0.035 -0.206 -0.626 -0.0 -0.776 0.076 -0.996 -0.0 0.071 0.056 0.691 0.0 -0.72 0.06 0.994 -0.0 0.094 0.05 
0.998 -0.026 -0.051 0.021 -0.695 -0.0 -0.719 0.034 -0.979 0.0 -0.052 -0.199 0.771 0.0 -0.637 0.027 0.978 -0.0 -0.036 -0.206 -0.626 0.0 -0.776 0.076 -0.996 -0.0 0.071 0.056 0.691 0.0 -0.72 0.059 0.994 0.0 0.094 0.051 
0.998 -0.025 -0.051 0.021 -0.694 0.0 -0.719 0.034 -0.979 -0.0 -0.052 -0.199 0.771 0.0 -0.637 0.027 0.978 0.0 -0.035 -0.206 -0.626 -0.0 -0.776 0.075 -0.996 -0.0 0.071 0.057 0.691 0.0 -0.72 0.059 0.994 0.0 0.094 0.051 
0.998 -0.025 -0.051 0.021 -0.694 -0.0 -0.719 0.034 -0.979 -0.0 -0.053 -0.199 0.771 0.0 -0.637 0.028 0.978 -0.0 -0.035 -0.207 -0.626 0.0 -0.776 0.075 -0.996 -0.0 0.071 0.057 0.691 0.0 -0.72 0.059 0.994 0.0 0.094 0.051 
0.998 -0.025 -0.051 0.021 -0.695 -0.0 -0.719 0.034 -0.978 -0.0 -0.053 -0.199 0.771 0.0 -0.637 0.028 0.978 -0.0 -0.036 -0.206 -0.626 -0.0 -0.776 0.075 -0.996 0.0 0.071 0.057 0.691 0.0 -0.721 0.059 0.994 0.0 0.094 0.051 
0.998 -0.025 -0.051 0.021 -0.694 -0.0 -0.719 0.034 -0.978 -0.0 -0.053 -0.2 0.771 -0.0 -0.637 0.027 0.978 0.0 -0.035 -0.206 -0.626 -0.0 -0.776 0.075 -0.996 -0.0 0.071 0.057 0.691 0.0 -0.721 0.059 0.994 0.0 0.094 0.051 
0.998 -0.025 -0.051 0.021 -0.695 0.0 -0.719 0.034 -0.978 -0.0 -0.053 -0.2 0.771 0.0 -0.636 0.028 0.978 0.0 -0.036 -0.207 -0.626 -0.0 -0.776 0.075 -0.996 0.0 0.071 0.057 0.691 0.0 -0.72 0.058 0.994 0.0 0.094 0.051 
0.998 -0.025 -0.051 0.021 -0.695 -0.0 -0.719 0.034 -0.978 -0.0 -0.053 -0.2 0.771 0.0 -0.636 0.028 0.978 0.0 -0.036 -0.206 -0.626 -0.0 -0.776 0.075 -0.996 -0.0 0.071 0.057 0.691 0.0 -0.72 0.058 0.994 0.0 0.093 0.051 
0.998 -0.025 -0.051 0.021 -0.695 0.0 -0.719 0.033 -0.978 -0.0 -0.053 -0.2 0.771 0.0 -0.636 0.028 0.978 0.0 -0.036 -0.207 -0.626 -0.0 -0.776 0.074 -0.996 -0.0 0.071 0.057 0.691 0.0 -0.72 0.058 0.994 0.0 0.093 0.051 
0.998 -0.025 -0.051 0.021 -0.695 -0.0 -0.719 0.033 -0.978 -0.0 -0.053 -0.2 0.771 0.0 -0.636 0.028 0.978 -0.0 -0.036 -0.206 -0.626 -0.0 -0.776 0.074 -0.996 -0.0 0.071 0.056 0.691 0.0 -0.721 0.058 0.994 -0.0 0.094 0.051 
0.998 -0.025 -0.051 0.021 -0.694 -0.0 -0.719 0.033 -0.978 -0.0 -0.054 -0.201 0.771 0.0 -0.636 0.028 0.978 0.0 -0.036 -0.206 -0.626 -0.0 -0.776 0.074 -0.996 -0.0 0.071 0.056 0.691 0.0 -0.721 0.057 0.994 0.0 0.094 0.051 
0.998 -0.025 -0.052 0.02 -0.694 -0.0 -0.719 0.032 -0.978 -0.0 -0.054 -0.201 0.772 0.0 -0.636 0.028 0.978 -0.0 -0.035 -0.207 -0.625 -0.0 -0.777 0.072 -0.996 0.0 0.071 0.058 0.692 0.0 -0.72 0.056 0.994 0.0 0.093 0.052 
0.998 -0.025 -0.052 0.02 -0.694 -0.0 -0.719 0.032 -0.978 -0.0 -0.054 -0.201 0.772 0.0 -0.635 0.028 0.978 0.0 -0.035 -0.207 -0.625 -0.0 -0.777 0.072 -0.996 0.0 0.071 0.057 0.692 -0.0 -0.72 0.056 0.994 0.0 0.094 0.052 
0.998 -0.025 -0.052 0.021 -0.694 -0.0 -0.719 0.032 -0.978 -0.0 -0.054 -0.201 0.772 0.0 -0.635 0.028 0.978 0.0 -0.035 -0.206 -0.625 0.0 -0.777 0.072 -0.996 -0.0 0.071 0.057 0.692 0.0 -0.72 0.056 0.994 0.0 0.093 0.052 
0.998 -0.025 -0.052 0.021 -0.694 -0.0 -0.719 0.031 -0.978 -0.0 -0.054 -0.201 0.772 0.0 -0.635 0.028 0.978 0.0 -0.036 -0.206 -0.625 -0.0 -0.777 0.072 -0.996 0.0 0.071 0.057 0.692 0.0 -0.72 0.055 0.994 0.0 0.093 0.052 
0.998 -0.025 -0.052 0.021 -0.694 0.0 -0.719 0.031 -0.978 -0.0 -0.054 -0.202 0.772 0.0 -0.635 0.028 0.978 -0.0 -0.036 -0.206 -0.625 -0.0 -0.777 0.072 -0.996 -0.0 0.071 0.057 0.692 0.0 -0.72 0.055 0.994 0.0 0.093 0.052 
0.998 -0.025 -0.052 0.021 -0.694 -0.0 -0.719 0.031 -0.978 -0.0 -0.054 -0.202 0.772 0.0 -0.635 0.028 0.978 0.0 -0.036 -0.206 -0.626 -0.0 -0.777 0.072 -0.996 -0.0 0.071 0.057 0.692 0.0 -0.72 0.055 0.994 0.0 0.093 0.052 
0.998 -0.025 -0.052 0.021 -0.694 -0.0 -0.719 0.031 -0.978 -0.0 -0.054 -0.202 0.772 -0.0 -0.635 0.028 0.978 0.0 -0.036 -0.206 -0.626 -0.0 -0.777 0.072 -0.996 -0.0 0.07 0.057 0.692 0.0 -0.72 0.054 0.994 0.0 0.093 0.053 
0.998 -0.025 -0.052 0.02 -0.694 -0.0 -0.719 0.031 -0.978 -0.0 -0.054 -0.202 0.772 0.0 -0.635 0.028 0.978 0.0 -0.036 -0.206 -0.626 -0.0 -0.777 0.072 -0.996 -0.0 0.07 0.057 0.692 0.0 -0.72 0.055 0.994 0.0 0.093 0.053 
0.998 -0.025 -0.051 0.02 -0.694 -0.0 -0.719 0.03 -0.978 -0.0 -0.054 -0.202 0.772 0.0 -0.635 0.029 0.978 0.0 -0.036 -0.206 -0.626 -0.0 -0.777 0.071 -0.996 -0.0 0.07 0.057 0.692 0.0 -0.72 0.054 0.994 0.0 0.093 0.053 
0.998 -0.024 -0.051 0.02 -0.694 -0.0 -0.719 0.03 -0.978 -0.0 -0.054 -0.202 0.772 0.0 -0.635 0.028 0.978 0.0 -0.036 -0.205 -0.626 -0.0 -0.777 0.071 -0.996 -0.0 0.07 0.057 0.692 0.0 -0.72 0.054 0.994 0.0 0.093 0.053 
0.998 -0.025 -0.051 0.02 -0.694 -0.0 -0.719 0.03 -0.978 -0.0 -0.054 -0.202 0.772 0.0 -0.635 0.028 0.978 0.0 -0.036 -0.205 -0.626 0.0 -0.777 0.071 -0.996 0.0 0.07 0.057 0.692 0.0 -0.72 0.054 0.994 -0.0 0.093 0.053 
0.998 -0.024 -0.051 0.021 -0.694 -0.0 -0.719 0.029 -0.978 -0.0 -0.054 -0.203 0.772 -0.0 -0.635 0.028 0.978 0.0 -0.036 -0.205 -0.626 -0.0 -0.777 0.07 -0.996 -0.0 0.07 0.057 0.692 0.0 -0.72 0.053 0.994 -0.0 0.093 0.054 
0.998 -0.024 -0.051 0.02 -0.694 -0.0 -0.719 0.029 -0.978 -0.0 -0.054 -0.203 0.771 0.0 -0.636 0.028 0.978 -0.0 -0.036 -0.205 -0.626 -0.0 -0.777 0.071 -0.996 -0.0 0.07 0.057 0.692 0.0 -0.72 0.053 0.994 0.0 0.093 0.053 
0.998 -0.024 -0.051 0.02 -0.694 -0.0 -0.719 0.029 -0.978 0.0 -0.054 -0.203 0.771 0.0 -0.636 0.028 0.978 -0.0 -0.036 -0.205 -0.626 0.0 -0.777 0.07 -0.996 -0.0 0.07 0.057 0.692 0.0 -0.72 0.053 0.994 0.0 0.093 0.054 
0.998 -0.024 -0.051 0.02 -0.695 -0.0 -0.719 0.029 -0.978 0.0 -0.054 -0.203 0.771 0.0 -0.636 0.028 0.978 0.0 -0.036 -0.205 -0.626 -0.0 -0.777 0.07 -0.996 -0.0 0.07 0.057 0.692 0.0 -0.72 0.053 0.994 0.0 0.093 0.054 
0.998 -0.024 -0.051 0.02 -0.695 -0.0 -0.719 0.028 -0.978 -0.0 -0.054 -0.204 0.771 0.0 -0.636 0.028 0.978 0.0 -0.036 -0.205 -0.626 -0.0 -0.777 0.07 -0.996 -0.0 0.07 0.057 0.692 -0.0 -0.72 0.053 0.994 0.0 0.092 0.054 
0.998 -0.024 -0.051 0.02 -0.695 0.0 -0.719 0.028 -0.977 -0.0 -0.054 -0.204 0.771 0.0 -0.636 0.028 0.978 0.0 -0.036 -0.205 -0.626 -0.0 -0.777 0.069 -0.996 -0.0 0.07 0.057 0.692 0.0 -0.72 0.052 0.994 -0.0 0.092 0.054 
0.998 -0.024 -0.051 0.02 -0.695 0.0 -0.719 0.027 -0.977 -0.0 -0.054 -0.205 0.771 0.0 -0.636 0.028 0.978 -0.0 -0.036 -0.205 -0.626 0.0 -0.777 0.069 -0.996 0.0 0.07 0.058 0.692 0.0 -0.72 0.052 0.994 0.0 0.093 0.054 
0.998 -0.024 -0.051 0.02 -0.695 0.0 -0.718 0.026 -0.977 -0.0 -0.055 -0.204 0.771 -0.0 -0.636 0.028 0.978 0.0 -0.036 -0.205 -0.626 -0.0 -0.777 0.068 -0.996 -0.0 0.07 0.058 0.692 0.0 -0.72 0.051 0.994 0.0 0.093 0.054 
0.998 -0.024 -0.051 0.02 -0.695 -0.0 -0.718 0.026 -0.977 -0.0 -0.056 -0.204 0.771 -0.0 -0.636 0.028 0.978 0.0 -0.036 -0.205 -0.626 -0.0 -0.777 0.068 -0.996 -0.0 0.069 0.058 0.692 0.0 -0.72 0.051 0.994 0.0 0.092 0.054 
0.998 -0.024 -0.051 0.019 -0.696 -0.0 -0.718 0.025 -0.977 -0.0 -0.056 -0.205 0.771 0.0 -0.636 0.028 0.978 0.0 -0.036 -0.205 -0.626 0.0 -0.777 0.067 -0.996 -0.0 0.069 0.059 0.692 0.0 -0.72 0.051 0.994 -0.0 0.092 0.054 
0.998 -0.024 -0.051 0.019 -0.696 -0.0 -0.718 0.024 -0.977 -0.0 -0.056 -0.204 0.771 0.0 -0.636 0.028 0.978 0.0 -0.036 -0.206 -0.626 -0.0 -0.777 0.066 -0.996 -0.0 0.069 0.059 0.692 0.0 -0.72 0.051 0.994 0.0 0.092 0.054 
0.998 -0.023 -0.051 0.019 -0.696 0.0 -0.718 0.024 -0.977 -0.0 -0.056 -0.205 0.771 0.0 -0.636 0.027 0.978 0.0 -0.036 -0.206 -0.626 -0.0 -0.777 0.065 -0.996 -0.0 0.069 0.06 0.692 0.0 -0.72 0.05 0.994 0.0 0.092 0.054 
0.998 -0.023 -0.051 0.019 -0.696 -0.0 -0.718 0.023 -0.977 -0.0 -0.056 -0.204 0.771 0.0 -0.636 0.027 0.978 0.0 -0.036 -0.206 -0.626 -0.0 -0.777 0.064 -0.996 0.0 0.069 0.06 0.692 0.0 -0.72 0.051 0.994 0.0 0.092 0.054 
0.998 -0.023 -0.051 0.019 -0.696 -0.0 -0.718 0.023 -0.977 -0.0 -0.056 -0.204 0.771 0.0 -0.636 0.027 0.978 -0.0 -0.036 -0.206 -0.626 -0.0 -0.777 0.064 -0.996 0.0 0.069 0.061 0.692 0.0 -0.72 0.05 0.994 0.0 0.092 0.054 
0.998 -0.023 -0.051 0.019 -0.696 -0.0 -0.717 0.023 -0.977 -0.0 -0.057 -0.205 0.771 0.0 -0.636 0.027 0.978 0.0 -0.036 -0.206 -0.626 -0.0 -0.777 0.063 -0.996 -0.0 0.069 0.061 0.692 0.0 -0.72 0.05 0.994 0.0 0.093 0.054 
0.998 -0.023 -0.051 0.019 -0.696 -0.0 -0.717 0.023 -0.977 0.0 -0.057 -0.205 0.771 0.0 -0.636 0.027 0.978 0.0 -0.036 -0.206 -0.626 -0.0 -0.777 0.062 -0.996 -0.0 0.069 0.061 0.692 0.0 -0.72 0.049 0.994 0.0 0.092 0.054 
0.998 -0.023 -0.051 0.019 -0.696 -0.0 -0.717 0.023 -0.977 -0.0 -0.056 -0.205 0.771 0.0 -0.636 0.026 0.978 -0.0 -0.036 -0.205 -0.626 -0.0 -0.777 0.062 -0.996 0.0 0.069 0.061 0.692 0.0 -0.72 0.049 0.994 0.0 0.092 0.054 
0.998 -0.023 -0.051 0.019 -0.696 -0.0 -0.717 0.022 -0.977 -0.0 -0.056 -0.204 0.771 -0.0 -0.637 0.026 0.978 0.0 -0.036 -0.206 -0.627 -0.0 -0.777 0.062 -0.996 -0.0 0.068 0.062 0.692 0.0 -0.72 0.049 0.994 0.0 0.093 0.054 
0.998 -0.023 -0.051 0.019 -0.696 -0.0 -0.717 0.022 -0.977 0.0 -0.056 -0.205 0.771 -0.0 -0.637 0.026 0.978 0.0 -0.036 -0.206 -0.627 -0.0 -0.777 0.061 -0.996 -0.0 0.068 0.062 0.692 0.0 -0.72 0.049 0.994 0.0 0.093 0.054 
0.998 -0.022 -0.051 0.019 -0.696 -0.0 -0.717 0.022 -0.977 -0.0 -0.056 -0.205 0.771 0.0 -0.637 0.025 0.978 0.0 -0.036 -0.205 -0.626 -0.0 -0.777 0.061 -0.996 -0.0 0.068 0.061 0.692 0.0 -0.72 0.048 0.994 0.0 0.093 0.054 
0.998 -0.022 -0.051 0.019 -0.696 -0.0 -0.717 0.022 -0.977 -0.0 -0.056 -0.205 0.771 0.0 -0.637 0.025 0.978 0.0 -0.036 -0.205 -0.626 -0.0 -0.777 0.061 -0.996 -0.0 0.068 0.061 0.692 0.0 -0.72 0.048 0.994 0.0 0.093 0.054 
0.998 -0.022 -0.051 0.019 -0.696 0.0 -0.717 0.022 -0.977 -0.0 -0.057 -0.205 0.771 -0.0 -0.637 0.025 0.978 0.0 -0.036 -0.205 -0.626 -0.0 -0.777 0.061 -0.996 -0.0 0.068 0.061 0.692 -0.0 -0.72 0.048 0.994 0.0 0.093 0.054 
0.998 -0.022 -0.051 0.019 -0.696 0.0 -0.717 0.023 -0.977 -0.0 -0.057 -0.205 0.77 -0.0 -0.637 0.025 0.978 0.0 -0.036 -0.205 -0.626 -0.0 -0.777 0.061 -0.996 -0.0 0.068 0.061 0.692 -0.0 -0.72 0.048 0.994 0.0 0.093 0.054 
0.998 -0.022 -0.051 0.019 -0.697 -0.0 -0.717 0.023 -0.977 -0.0 -0.057 -0.205 0.77 0.0 -0.637 0.024 0.978 0.0 -0.037 -0.206 -0.626 -0.0 -0.777 0.061 -0.996 0.0 0.068 0.061 0.692 -0.0 -0.72 0.047 0.994 0.0 0.093 0.054 
0.998 -0.022 -0.051 0.02 -0.697 -0.0 -0.717 0.023 -0.977 -0.0 -0.057 -0.206 0.77 -0.0 -0.637 0.024 0.978 0.0 -0.036 -0.205 -0.626 -0.0 -0.777 0.061 -0.996 -0.0 0.068 0.061 0.692 -0.0 -0.72 0.047 0.994 -0.0 0.093 0.053 
0.998 -0.022 -0.051 0.02 -0.697 -0.0 -0.717 0.024 -0.977 -0.0 -0.058 -0.206 0.77 0.0 -0.637 0.024 0.978 0.0 -0.036 -0.206 -0.626 -0.0 -0.777 0.061 -0.996 -0.0 0.068 0.061 0.692 0.0 -0.72 0.048 0.994 0.0 0.093 0.053 
0.998 -0.022 -0.051 0.02 -0.697 -0.0 -0.717 0.024 -0.977 -0.0 -0.058 -0.206 0.771 0.0 -0.637 0.024 0.978 0.0 -0.037 -0.206 -0.626 -0.0 -0.777 0.061 -0.996 -0.0 0.068 0.061 0.692 0.0 -0.72 0.048 0.994 0.0 0.093 0.053 
0.998 -0.022 -0.051 0.02 -0.697 -0.0 -0.717 0.024 -0.977 -0.0 -0.059 -0.206 0.77 0.0 -0.638 0.024 0.978 0.0 -0.037 -0.206 -0.626 -0.0 -0.777 0.06 -0.996 -0.0 0.068 0.062 0.692 0.0 -0.72 0.048 0.994 0.0 0.093 0.053 
0.998 -0.022 -0.051 0.02 -0.697 -0.0 -0.717 0.025 -0.977 -0.0 -0.059 -0.207 0.77 0.0 -0.638 0.023 0.978 0.0 -0.037 -0.206 -0.626 -0.0 -0.777 0.06 -0.996 -0.0 0.068 0.062 0.692 0.0 -0.72 0.048 0.994 0.0 0.093 0.053 
0.998 -0.022 -0.051 0.02 -0.697 -0.0 -0.717 0.025 -0.977 -0.0 -0.06 -0.207 0.77 0.0 -0.638 0.023 0.978 0.0 -0.037 -0.206 -0.626 -0.0 -0.777 0.06 -0.996 0.0 0.068 0.062 0.692 0.0 -0.72 0.048 0.994 0.0 0.093 0.053 
0.998 -0.022 -0.051 0.02 -0.697 -0.0 -0.717 0.025 -0.976 -0.0 -0.06 -0.207 0.77 0.0 -0.637 0.024 0.978 0.0 -0.038 -0.207 -0.626 -0.0 -0.777 0.06 -0.996 -0.0 0.068 0.062 0.692 0.0 -0.72 0.048 0.994 0.0 0.093 0.053 
0.998 -0.022 -0.051 0.02 -0.697 -0.0 -0.717 0.026 -0.976 -0.0 -0.06 -0.207 0.77 0.0 -0.638 0.023 0.978 0.0 -0.037 -0.206 -0.626 -0.0 -0.777 0.06 -0.996 -0.0 0.068 0.062 0.692 0.0 -0.72 0.048 0.994 -0.0 0.093 0.053 
0.998 -0.022 -0.051 0.02 -0.697 -0.0 -0.717 0.026 -0.976 -0.0 -0.061 -0.207 0.77 0.0 -0.637 0.023 0.978 0.0 -0.038 -0.207 -0.626 0.0 -0.777 0.06 -0.996 -0.0 0.068 0.063 0.692 0.0 -0.72 0.047 0.994 0.0 0.093 0.054 
0.998 -0.022 -0.051 0.02 -0.697 0.0 -0.716 0.026 -0.976 -0.0 -0.061 -0.207 0.77 0.0 -0.638 0.023 0.978 0.0 -0.038 -0.207 -0.626 -0.0 -0.777 0.06 -0.996 -0.0 0.068 0.063 0.692 0.0 -0.72 0.048 0.994 0.0 0.093 0.053 
0.998 -0.022 -0.051 0.02 -0.697 -0.0 -0.716 0.026 -0.976 0.0 -0.061 -0.207 0.77 0.0 -0.637 0.023 0.978 0.0 -0.039 -0.207 -0.626 -0.0 -0.777 0.059 -0.996 -0.0 0.067 0.063 0.692 -0.0 -0.72 0.047 0.994 0.0 0.093 0.054 
0.998 -0.022 -0.051 0.02 -0.697 -0.0 -0.716 0.027 -0.976 -0.0 -0.062 -0.208 0.77 0.0 -0.638 0.023 0.978 -0.0 -0.038 -0.207 -0.626 -0.0 -0.777 0.059 -0.996 -0.0 0.067 0.063 0.692 -0.0 -0.72 0.048 0.994 0.0 0.093 0.053 
0.998 -0.022 -0.051 0.021 -0.697 -0.0 -0.716 0.027 -0.976 -0.0 -0.061 -0.208 0.77 0.0 -0.637 0.023 0.977 0.0 -0.04 -0.207 -0.626 -0.0 -0.778 0.059 -0.996 -0.0 0.067 0.063 0.693 0.0 -0.72 0.046 0.994 -0.0 0.093 0.054 
0.998 -0.022 -0.051 0.02 -0.697 -0.0 -0.716 0.027 -0.976 -0.0 -0.062 -0.208 0.77 0.0 -0.638 0.023 0.978 0.0 -0.039 -0.207 -0.626 -0.0 -0.778 0.059 -0.996 -0.0 0.068 0.063 0.692 0.0 -0.72 0.047 0.994 0.0 0.093 0.054 
0.998 -0.022 -0.051 0.02 -0.697 -0.0 -0.716 0.027 -0.976 -0.0 -0.062 -0.208 0.77 0.0 -0.638 0.023 0.977 -0.0 -0.039 -0.208 -0.626 -0.0 -0.778 0.059 -0.996 -0.0 0.068 0.064 0.692 0.0 -0.72 0.048 0.994 0.0 0.093 0.053 
0.998 -0.022 -0.051 0.02 -0.697 0.0 -0.716 0.028 -0.976 -0.0 -0.063 -0.208 0.77 0.0 -0.638 0.023 0.977 0.0 -0.039 -0.208 -0.626 -0.0 -0.778 0.059 -0.996 -0.0 0.068 0.064 0.692 0.0 -0.72 0.047 0.994 0.0 0.093 0.054 
0.998 -0.022 -0.051 0.02 -0.697 -0.0 -0.716 0.028 -0.976 0.0 -0.063 -0.209 0.77 0.0 -0.638 0.023 0.977 0.0 -0.04 -0.208 -0.626 -0.0 -0.778 0.059 -0.996 -0.0 0.068 0.064 0.693 0.0 -0.72 0.047 0.994 0.0 0.093 0.054 
0.998 -0.022 -0.051 0.02 -0.697 -0.0 -0.716 0.027 -0.976 -0.0 -0.064 -0.208 0.77 0.0 -0.638 0.024 0.977 -0.0 -0.041 -0.209 -0.626 -0.0 -0.778 0.059 -0.996 -0.0 0.067 0.064 0.692 0.0 -0.72 0.047 0.994 0.0 0.093 0.054 
0.998 -0.022 -0.051 0.02 -0.697 -0.0 -0.716 0.028 -0.976 -0.0 -0.064 -0.208 0.77 0.0 -0.638 0.024 0.977 0.0 -0.041 -0.209 -0.626 -0.0 -0.778 0.058 -0.996 -0.0 0.067 0.065 0.692 -0.0 -0.72 0.047 0.994 0.0 0.093 0.054 
0.998 -0.022 -0.051 0.02 -0.697 0.0 -0.716 0.028 -0.976 0.0 -0.065 -0.209 0.77 0.0 -0.638 0.024 0.977 0.0 -0.041 -0.209 -0.626 -0.0 -0.778 0.058 -0.996 0.0 0.067 0.065 0.693 0.0 -0.72 0.047 0.994 0.0 0.093 0.054 
0.998 -0.023 -0.051 0.02 -0.697 -0.0 -0.716 0.028 -0.976 -0.0 -0.065 -0.209 0.769 0.0 -0.639 0.023 0.977 0.0 -0.04 -0.209 -0.626 -0.0 -0.778 0.058 -0.996 -0.0 0.067 0.065 0.693 0.0 -0.72 0.047 0.994 0.0 0.093 0.054 
0.998 -0.023 -0.051 0.02 -0.698 -0.0 -0.716 0.028 -0.976 0.0 -0.065 -0.209 0.769 -0.0 -0.639 0.024 0.977 0.0 -0.04 -0.209 -0.626 -0.0 -0.777 0.058 -0.996 -0.0 0.067 0.065 0.692 0.0 -0.72 0.048 0.994 0.0 0.093 0.054 
0.998 -0.023 -0.051 0.02 -0.698 -0.0 -0.716 0.028 -0.976 -0.0 -0.066 -0.209 0.77 -0.0 -0.638 0.024 0.977 -0.0 -0.041 -0.209 -0.626 -0.0 -0.778 0.058 -0.996 -0.0 0.067 0.065 0.693 0.0 -0.72 0.048 0.994 0.0 0.093 0.054 
0.998 -0.023 -0.051 0.02 -0.698 -0.0 -0.716 0.028 -0.975 0.0 -0.066 -0.21 0.769 0.0 -0.639 0.024 0.977 0.0 -0.041 -0.209 -0.626 -0.0 -0.778 0.058 -0.996 0.0 0.067 0.065 0.693 0.0 -0.72 0.047 0.994 0.0 0.093 0.055 
0.998 -0.023 -0.051 0.02 -0.698 -0.0 -0.716 0.028 -0.975 -0.0 -0.067 -0.211 0.77 0.0 -0.638 0.025 0.977 0.0 -0.042 -0.209 -0.626 -0.0 -0.778 0.058 -0.996 -0.0 0.067 0.065 0.693 -0.0 -0.72 0.047 0.994 0.0 0.093 0.055 
0.998 -0.023 -0.051 0.02 -0.698 -0.0 -0.716 0.028 -0.975 -0.0 -0.067 -0.211 0.77 0.0 -0.638 0.025 0.977 0.0 -0.042 -0.209 -0.626 0.0 -0.778 0.058 -0.996 -0.0 0.067 0.065 0.693 0.0 -0.719 0.047 0.994 0.0 0.093 0.055 
0.998 -0.023 -0.051 0.02 -0.698 -0.0 -0.716 0.028 -0.975 0.0 -0.068 -0.212 0.769 -0.0 -0.638 0.025 0.977 0.0 -0.042 -0.209 -0.626 -0.0 -0.778 0.059 -0.996 -0.0 0.067 0.065 0.693 -0.0 -0.72 0.048 0.994 0.0 0.093 0.055 
0.998 -0.023 -0.051 0.02 -0.698 -0.0 -0.716 0.028 -0.975 -0.0 -0.068 -0.212 0.769 0.0 -0.638 0.025 0.977 -0.0 -0.042 -0.209 -0.626 -0.0 -0.777 0.059 -0.996 -0.0 0.067 0.065 0.693 -0.0 -0.72 0.048 0.994 0.0 0.093 0.055 
0.998 -0.023 -0.051 0.02 -0.698 -0.0 -0.716 0.028 -0.975 0.0 -0.069 -0.213 0.769 0.0 -0.638 0.026 0.977 -0.0 -0.042 -0.209 -0.626 0.0 -0.777 0.059 -0.996 -0.0 0.067 0.065 0.693 0.0 -0.719 0.048 0.994 0.0 0.093 0.055 
0.998 -0.023 -0.051 0.02 -0.698 -0.0 -0.716 0.028 -0.974 0.0 -0.069 -0.214 0.769 0.0 -0.638 0.026 0.977 0.0 -0.042 -0.209 -0.626 -0.0 -0.777 0.06 -0.996 -0.0 0.067 0.065 0.693 -0.0 -0.72 0.048 0.994 0.0 0.093 0.055 
0.998 -0.024 -0.051 0.019 -0.698 -0.0 -0.715 0.028 -0.974 -0.0 -0.07 -0.214 0.769 0.0 -0.639 0.025 0.977 0.0 -0.041 -0.208 -0.626 -0.0 -0.777 0.06 -0.996 -0.0 0.067 0.065 0.693 0.0 -0.719 0.049 0.994 0.0 0.093 0.055 
0.998 -0.024 -0.051 0.02 -0.698 -0.0 -0.716 0.028 -0.974 -0.0 -0.07 -0.215 0.769 -0.0 -0.639 0.025 0.977 0.0 -0.041 -0.208 -0.626 -0.0 -0.777 0.06 -0.996 -0.0 0.067 0.064 0.693 0.0 -0.719 0.048 0.994 0.0 0.093 0.055 
0.998 -0.024 -0.051 0.019 -0.698 -0.0 -0.716 0.028 -0.974 -0.0 -0.07 -0.215 0.769 -0.0 -0.639 0.026 0.977 0.0 -0.042 -0.208 -0.626 -0.0 -0.777 0.061 -0.996 0.0 0.067 0.064 0.693 0.0 -0.719 0.049 0.994 0.0 0.093 0.055 
0.998 -0.024 -0.051 0.019 -0.698 -0.0 -0.716 0.028 -0.974 -0.0 -0.071 -0.215 0.769 0.0 -0.639 0.025 0.977 0.0 -0.042 -0.208 -0.626 -0.0 -0.777 0.061 -0.996 0.0 0.067 0.064 0.693 0.0 -0.719 0.049 0.994 0.0 0.093 0.055 
0.998 -0.024 -0.051 0.019 -0.698 -0.0 -0.716 0.028 -0.974 -0.0 -0.071 -0.216 0.769 0.0 -0.639 0.026 0.977 0.0 -0.042 -0.208 -0.626 0.0 -0.777 0.061 -0.996 0.0 0.067 0.064 0.693 0.0 -0.719 0.049 0.994 0.0 0.093 0.055 
0.998 -0.024 -0.051 0.019 -0.698 0.0 -0.716 0.028 -0.974 -0.0 -0.071 -0.216 0.769 -0.0 -0.639 0.026 0.977 0.0 -0.043 -0.208 -0.626 0.0 -0.777 0.062 -0.996 -0.0 0.067 0.063 0.693 0.0 -0.719 0.049 0.994 0.0 0.093 0.055 
0.998 -0.024 -0.051 0.019 -0.698 -0.0 -0.716 0.028 -0.974 0.0 -0.072 -0.217 0.769 -0.0 -0.639 0.026 0.977 0.0 -0.042 -0.208 -0.626 -0.0 -0.777 0.062 -0.996 -0.0 0.067 0.063 0.693 -0.0 -0.719 0.05 0.994 0.0 0.093 0.055 
0.998 -0.024 -0.051 0.019 -0.698 -0.0 -0.716 0.028 -0.973 -0.0 -0.072 -0.217 0.769 0.0 -0.639 0.026 0.977 0.0 -0.043 -0.208 -0.626 -0.0 -0.777 0.062 -0.996 -0.0 0.067 0.063 0.693 0.0 -0.719 0.05 0.994 0.0 0.093 0.055 
0.998 -0.024 -0.051 0.018 -0.698 -0.0 -0.716 0.027 -0.973 -0.0 -0.072 -0.218 0.769 0.0 -0.639 0.026 0.977 0.0 -0.042 -0.208 -0.626 -0.0 -0.777 0.062 -0.996 -0.0 0.067 0.063 0.693 0.0 -0.719 0.05 0.994 0.0 0.093 0.055 
0.998 -0.024 -0.051 0.019 -0.698 -0.0 -0.716 0.027 -0.973 -0.0 -0.072 -0.218 0.769 -0.0 -0.639 0.026 0.977 0.0 -0.042 -0.209 -0.626 -0.0 -0.777 0.062 -0.996 -0.0 0.067 0.063 0.693 0.0 -0.719 0.049 0.994 0.0 0.093 0.055 
0.998 -0.025 -0.051 0.018 -0.697 0.0 -0.716 0.027 -0.973 0.0 -0.072 -0.217 0.769 0.0 -0.639 0.027 0.977 0.0 -0.042 -0.209 -0.626 -0.0 -0.777 0.063 -0.996 -0.0 0.067 0.063 0.693 0.0 -0.719 0.05 0.994 0.0 0.093 0.055 
0.998 -0.025 -0.051 0.018 -0.697 -0.0 -0.716 0.027 -0.973 0.0 -0.073 -0.218 0.769 0.0 -0.639 0.027 0.977 0.0 -0.042 -0.209 -0.626 -0.0 -0.777 0.063 -0.996 -0.0 0.067 0.063 0.693 -0.0 -0.719 0.051 0.994 0.0 0.093 0.055 
0.998 -0.025 -0.051 0.018 -0.697 0.0 -0.716 0.026 -0.973 -0.0 -0.073 -0.218 0.769 0.0 -0.639 0.027 0.977 0.0 -0.042 -0.209 -0.626 -0.0 -0.777 0.063 -0.996 -0.0 0.067 0.062 0.693 0.0 -0.719 0.051 0.994 0.0 0.093 0.055 
0.998 -0.025 -0.051 0.017 -0.697 -0.0 -0.716 0.026 -0.973 -0.0 -0.073 -0.218 0.769 0.0 -0.639 0.027 0.977 0.0 -0.042 -0.209 -0.626 0.0 -0.777 0.063 -0.996 -0.0 0.067 0.062 0.693 0.0 -0.719 0.051 0.994 0.0 0.093 0.055 
0.998 -0.025 -0.051 0.017 -0.697 -0.0 -0.716 0.026 -0.973 -0.0 -0.073 -0.219 0.769 -0.0 -0.639 0.027 0.977 -0.0 -0.042 -0.209 -0.626 -0.0 -0.777 0.063 -0.996 0.0 0.067 0.062 0.693 0.0 -0.719 0.051 0.994 0.0 0.093 0.055 
0.998 -0.025 -0.051 0.017 -0.697 0.0 -0.716 0.026 -0.973 -0.0 -0.073 -0.219 0.769 -0.0 -0.639 0.027 0.977 0.0 -0.042 -0.209 -0.626 -0.0 -0.777 0.063 -0.996 -0.0 0.067 0.062 0.693 0.0 -0.719 0.051 0.994 0.0 0.093 0.055 
0.998 -0.025 -0.051 0.017 -0.697 -0.0 -0.716 0.026 -0.973 -0.0 -0.074 -0.219 0.769 0.0 -0.639 0.027 0.977 0.0 -0.042 -0.209 -0.626 -0.0 -0.777 0.064 -0.996 -0.0 0.067 0.062 0.693 0.0 -0.719 0.051 0.994 0.0 0.093 0.055 
0.998 -0.025 -0.051 0.017 -0.697 0.0 -0.717 0.026 -0.973 -0.0 -0.074 -0.219 0.769 0.0 -0.639 0.026 0.977 0.0 -0.042 -0.209 -0.626 -0.0 -0.777 0.064 -0.996 -0.0 0.067 0.062 0.693 0.0 -0.719 0.051 0.994 0.0 0.093 0.055 
0.998 -0.025 -0.051 0.017 -0.697 0.0 -0.717 0.026 -0.973 -0.0 -0.074 -0.22 0.769 0.0 -0.639 0.026 0.977 0.0 -0.042 -0.209 -0.626 -0.0 -0.777 0.064 -0.996 0.0 0.067 0.061 0.693 -0.0 -0.719 0.051 0.994 0.0 0.093 0.055 
0.998 -0.025 -0.051 0.017 -0.697 -0.0 -0.717 0.026 -0.973 -0.0 -0.074 -0.22 0.769 0.0 -0.639 0.026 0.977 0.0 -0.042 -0.209 -0.626 -0.0 -0.777 0.064 -0.996 0.0 0.067 0.062 0.693 0.0 -0.719 0.051 0.994 -0.0 0.093 0.055 
0.998 -0.025 -0.052 0.017 -0.697 -0.0 -0.717 0.025 -0.973 -0.0 -0.074 -0.22 0.769 0.0 -0.639 0.026 0.977 0.0 -0.042 -0.209 -0.626 -0.0 -0.777 0.064 -0.996 -0.0 0.067 0.062 0.693 0.0 -0.719 0.051 0.994 0.0 0.093 0.055 
0.998 -0.025 -0.052 0.016 -0.697 -0.0 -0.717 0.025 -0.973 -0.0 -0.075 -0.22 0.769 0.0 -0.639 0.026 0.977 0.0 -0.042 -0.209 -0.625 -0.0 -0.778 0.063 -0.996 -0.0 0.068 0.062 0.693 0.0 -0.719 0.051 0.994 -0.0 0.093 0.055 
0.998 -0.025 -0.052 0.017 -0.697 -0.0 -0.717 0.025 -0.973 -0.0 -0.075 -0.22 0.769 -0.0 -0.639 0.026 0.977 -0.0 -0.042 -0.209 -0.625 -0.0 -0.778 0.063 -0.996 0.0 0.068 0.062 0.693 0.0 -0.719 0.051 0.994 0.0 0.093 0.055 
0.998 -0.025 -0.052 0.017 -0.697 0.0 -0.717 0.025 -0.973 0.0 -0.075 -0.22 0.769 0.0 -0.639 0.026 0.977 0.0 -0.042 -0.209 -0.625 -0.0 -0.778 0.063 -0.996 -0.0 0.068 0.062 0.693 -0.0 -0.719 0.051 0.994 0.0 0.093 0.055 
0.998 -0.026 -0.052 0.017 -0.697 -0.0 -0.717 0.025 -0.973 -0.0 -0.075 -0.22 0.769 0.0 -0.639 0.026 0.977 0.0 -0.042 -0.209 -0.625 -0.0 -0.778 0.064 -0.996 -0.0 0.068 0.062 0.693 0.0 -0.719 0.051 0.994 -0.0 0.093 0.055 
0.998 -0.026 -0.051 0.017 -0.698 0.0 -0.716 0.025 -0.973 -0.0 -0.075 -0.22 0.768 0.0 -0.64 0.026 0.977 0.0 -0.043 -0.209 -0.626 -0.0 -0.777 0.065 -0.996 -0.0 0.068 0.061 0.693 0.0 -0.719 0.052 0.994 0.0 0.093 0.055 
0.998 -0.026 -0.051 0.018 -0.698 -0.0 -0.716 0.025 -0.973 -0.0 -0.075 -0.22 0.768 0.0 -0.64 0.026 0.977 0.0 -0.042 -0.209 -0.626 -0.0 -0.777 0.065 -0.996 -0.0 0.068 0.061 0.693 0.0 -0.719 0.05 0.994 0.0 0.093 0.056 
0.998 -0.026 -0.051 0.018 -0.698 -0.0 -0.716 0.025 -0.973 -0.0 -0.075 -0.22 0.768 0.0 -0.64 0.026 0.977 0.0 -0.043 -0.209 -0.626 -0.0 -0.777 0.065 -0.996 -0.0 0.068 0.061 0.693 0.0 -0.719 0.051 0.994 0.0 0.093 0.055 
0.998 -0.026 -0.051 0.018 -0.698 -0.0 -0.716 0.025 -0.973 -0.0 -0.075 -0.22 0.768 -0.0 -0.64 0.026 0.977 0.0 -0.043 -0.209 -0.626 -0.0 -0.778 0.065 -0.996 -0.0 0.068 0.061 0.693 0.0 -0.719 0.05 0.994 0.0 0.093 0.056 
0.998 -0.026 -0.051 0.018 -0.698 -0.0 -0.716 0.025 -0.973 0.0 -0.076 -0.22 0.768 -0.0 -0.64 0.026 0.977 0.0 -0.043 -0.209 -0.626 -0.0 -0.777 0.065 -0.996 -0.0 0.068 0.061 0.693 0.0 -0.719 0.05 0.994 0.0 0.093 0.056 
0.998 -0.026 -0.051 0.018 -0.698 -0.0 -0.716 0.025 -0.973 -0.0 -0.076 -0.22 0.768 0.0 -0.64 0.026 0.977 0.0 -0.043 -0.209 -0.626 -0.0 -0.778 0.065 -0.996 -0.0 0.069 0.061 0.693 0.0 -0.719 0.05 0.994 0.0 0.093 0.055 
0.998 -0.026 -0.051 0.018 -0.698 -0.0 -0.716 0.025 -0.973 -0.0 -0.076 -0.22 0.768 0.0 -0.64 0.026 0.977 0.0 -0.043 -0.209 -0.625 -0.0 -0.778 0.065 -0.996 -0.0 0.069 0.061 0.693 -0.0 -0.719 0.05 0.994 0.0 0.093 0.055 
0.998 -0.026 -0.051 0.018 -0.698 0.0 -0.716 0.025 -0.972 0.0 -0.076 -0.22 0.768 0.0 -0.64 0.025 0.977 0.0 -0.043 -0.209 -0.625 0.0 -0.778 0.065 -0.996 -0.0 0.069 0.061 0.693 0.0 -0.719 0.05 0.994 0.0 0.093 0.056 
0.998 -0.026 -0.051 0.018 -0.698 0.0 -0.716 0.025 -0.973 0.0 -0.076 -0.22 0.768 0.0 -0.64 0.026 0.977 0.0 -0.043 -0.21 -0.625 -0.0 -0.778 0.065 -0.996 -0.0 0.069 0.061 0.693 0.0 -0.72 0.05 0.994 0.0 0.093 0.056 
0.998 -0.026 -0.051 0.018 -0.698 -0.0 -0.716 0.025 -0.972 -0.0 -0.076 -0.22 0.768 0.0 -0.64 0.025 0.977 0.0 -0.044 -0.21 -0.625 -0.0 -0.778 0.064 -0.996 0.0 0.069 0.061 0.693 0.0 -0.72 0.05 0.994 0.0 0.093 0.056 
0.998 -0.026 -0.051 0.018 -0.698 -0.0 -0.716 0.026 -0.972 -0.0 -0.077 -0.22 0.768 0.0 -0.64 0.025 0.977 0.0 -0.044 -0.209 -0.625 0.0 -0.778 0.065 -0.996 -0.0 0.069 0.061 0.693 -0.0 -0.719 0.049 0.994 0.0 0.093 0.056 
0.998 -0.026 -0.051 0.018 -0.698 0.0 -0.716 0.026 -0.972 -0.0 -0.077 -0.221 0.768 0.0 -0.64 0.025 0.977 0.0 -0.044 -0.21 -0.625 -0.0 -0.778 0.064 -0.996 0.0 0.069 0.061 0.693 -0.0 -0.72 0.049 0.994 0.0 0.093 0.056 
0.998 -0.026 -0.051 0.018 -0.698 -0.0 -0.716 0.026 -0.972 0.0 -0.077 -0.221 0.767 -0.0 -0.641 0.025 0.977 0.0 -0.043 -0.209 -0.625 -0.0 -0.778 0.064 -0.996 -0.0 0.069 0.061 0.693 -0.0 -0.719 0.05 0.994 0.0 0.093 0.056 
0.998 -0.026 -0.051 0.018 -0.698 -0.0 -0.716 0.026 -0.972 0.0 -0.075 -0.221 0.768 0.0 -0.64 0.025 0.977 0.0 -0.044 -0.21 -0.625 -0.0 -0.778 0.064 -0.996 0.0 0.069 0.061 0.693 0.0 -0.72 0.049 0.994 0.0 0.093 0.056 
0.998 -0.026 -0.051 0.018 -0.698 -0.0 -0.716 0.026 -0.972 -0.0 -0.076 -0.221 0.768 0.0 -0.64 0.025 0.977 0.0 -0.044 -0.209 -0.626 -0.0 -0.778 0.064 -0.996 -0.0 0.069 0.061 0.693 0.0 -0.72 0.05 0.994 0.0 0.093 0.055 
0.998 -0.026 -0.051 0.018 -0.698 -0.0 -0.716 0.026 -0.972 -0.0 -0.076 -0.221 0.768 0.0 -0.641 0.024 0.977 0.0 -0.043 -0.209 -0.625 -0.0 -0.778 0.064 -0.996 0.0 0.069 0.061 0.693 0.0 -0.72 0.049 0.994 0.0 0.093 0.056 
0.998 -0.026 -0.052 0.018 -0.698 -0.0 -0.716 0.025 -0.972 -0.0 -0.076 -0.22 0.769 0.0 -0.639 0.024 0.977 0.0 -0.043 -0.21 -0.625 0.0 -0.778 0.062 -0.996 0.0 0.068 0.062 0.693 0.0 -0.719 0.049 0.994 0.0 0.093 0.056 
0.998 -0.025 -0.052 0.018 -0.697 -0.0 -0.716 0.025 -0.973 -0.0 -0.075 -0.22 0.769 0.0 -0.639 0.025 0.977 0.0 -0.043 -0.21 -0.625 -0.0 -0.778 0.062 -0.996 0.0 0.068 0.062 0.693 -0.0 -0.719 0.048 0.994 0.0 0.093 0.056 
0.998 -0.025 -0.052 0.018 -0.698 -0.0 -0.716 0.025 -0.973 0.0 -0.075 -0.219 0.769 0.0 -0.639 0.024 0.977 0.0 -0.043 -0.21 -0.625 -0.0 -0.778 0.061 -0.996 0.0 0.068 0.062 0.693 0.0 -0.719 0.048 0.994 0.0 0.093 0.056 
0.998 -0.025 -0.052 0.018 -0.698 -0.0 -0.716 0.025 -0.973 0.0 -0.075 -0.219 0.769 -0.0 -0.639 0.024 0.977 0.0 -0.043 -0.21 -0.625 0.0 -0.778 0.062 -0.996 -0.0 0.068 0.062 0.693 0.0 -0.719 0.049 0.994 0.0 0.093 0.055 
0.998 -0.025 -0.052 0.018 -0.698 -0.0 -0.716 0.025 -0.973 -0.0 -0.075 -0.219 0.769 0.0 -0.639 0.024 0.977 0.0 -0.043 -0.21 -0.625 -0.0 -0.778 0.061 -0.996 -0.0 0.068 0.062 0.694 0.0 -0.719 0.048 0.994 0.0 0.092 0.055 
0.998 -0.025 -0.052 0.018 -0.698 -0.0 -0.716 0.025 -0.973 -0.0 -0.075 -0.219 0.768 0.0 -0.639 0.024 0.977 0.0 -0.043 -0.21 -0.626 -0.0 -0.778 0.062 -0.996 -0.0 0.068 0.062 0.693 0.0 -0.719 0.048 0.994 0.0 0.092 0.055 
0.998 -0.025 -0.052 0.017 -0.698 0.0 -0.716 0.025 -0.973 -0.0 -0.075 -0.218 0.769 0.0 -0.639 0.024 0.977 0.0 -0.043 -0.21 -0.626 -0.0 -0.778 0.061 -0.996 -0.0 0.068 0.062 0.694 0.0 -0.719 0.048 0.994 0.0 0.092 0.055 
0.998 -0.025 -0.052 0.018 -0.698 0.0 -0.716 0.025 -0.973 -0.0 -0.075 -0.218 0.769 0.0 -0.639 0.024 0.977 0.0 -0.044 -0.21 -0.626 -0.0 -0.778 0.061 -0.996 -0.0 0.068 0.062 0.694 0.0 -0.719 0.048 0.994 0.0 0.092 0.055 
0.998 -0.025 -0.052 0.017 -0.698 -0.0 -0.716 0.025 -0.973 -0.0 -0.075 -0.218 0.769 0.0 -0.639 0.024 0.977 0.0 -0.043 -0.21 -0.626 -0.0 -0.778 0.061 -0.996 -0.0 0.068 0.062 0.694 0.0 -0.719 0.048 0.994 0.0 0.092 0.056 
0.998 -0.025 -0.052 0.018 -0.698 -0.0 -0.716 0.025 -0.973 -0.0 -0.075 -0.218 0.769 -0.0 -0.639 0.024 0.977 0.0 -0.043 -0.209 -0.626 -0.0 -0.778 0.061 -0.996 -0.0 0.068 0.062 0.694 -0.0 -0.719 0.047 0.994 0.0 0.092 0.056 
0.998 -0.025 -0.052 0.018 -0.698 0.0 -0.715 0.025 -0.973 -0.0 -0.074 -0.218 0.769 0.0 -0.639 0.023 0.977 0.0 -0.043 -0.209 -0.626 -0.0 -0.778 0.061 -0.996 -0.0 0.067 0.062 0.694 0.0 -0.719 0.047 0.994 0.0 0.092 0.056 
0.998 -0.025 -0.052 0.017 -0.698 0.0 -0.715 0.024 -0.973 -0.0 -0.074 -0.217 0.768 0.0 -0.639 0.023 0.977 0.0 -0.043 -0.209 -0.626 -0.0 -0.778 0.06 -0.996 -0.0 0.067 0.062 0.693 0.0 -0.719 0.047 0.994 0.0 0.092 0.056 
0.998 -0.025 -0.052 0.018 -0.698 -0.0 -0.715 0.024 -0.973 -0.0 -0.074 -0.217 0.768 0.0 -0.639 0.023 0.977 0.0 -0.043 -0.209 -0.626 -0.0 -0.778 0.061 -0.996 0.0 0.067 0.062 0.693 0.0 -0.719 0.047 0.994 0.0 0.093 0.056 
0.998 -0.025 -0.052 0.017 -0.698 -0.0 -0.715 0.024 -0.973 -0.0 -0.074 -0.217 0.768 0.0 -0.639 0.023 0.977 0.0 -0.043 -0.209 -0.626 -0.0 -0.778 0.06 -0.996 -0.0 0.067 0.062 0.693 0.0 -0.719 0.047 0.994 0.0 0.093 0.056 
0.998 -0.025 -0.052 0.018 -0.698 -0.0 -0.715 0.024 -0.973 -0.0 -0.074 -0.217 0.769 0.0 -0.639 0.023 0.977 0.0 -0.043 -0.209 -0.626 -0.0 -0.778 0.06 -0.996 -0.0 0.067 0.062 0.693 0.0 -0.719 0.046 0.994 0.0 0.093 0.056 
0.998 -0.025 -0.052 0.017 -0.698 -0.0 -0.715 0.024 -0.973 -0.0 -0.074 -0.217 0.769 0.0 -0.639 0.023 0.977 0.0 -0.043 -0.209 -0.626 -0.0 -0.778 0.059 -0.996 -0.0 0.067 0.062 0.693 0.0 -0.719 0.046 0.994 0.0 0.093 0.056 
0.998 -0.025 -0.052 0.017 -0.699 -0.0 -0.715 0.024 -0.973 -0.0 -0.074 -0.217 0.769 -0.0 -0.639 0.023 0.977 0.0 -0.043 -0.209 -0.626 -0.0 -0.778 0.059 -0.996 0.0 0.067 0.062 0.693 -0.0 -0.719 0.046 0.994 -0.0 0.093 0.056 
0.998 -0.025 -0.052 0.018 -0.699 -0.0 -0.715 0.024 -0.973 -0.0 -0.074 -0.217 0.769 0.0 -0.639 0.023 0.977 -0.0 -0.043 -0.209 -0.626 -0.0 -0.778 0.059 -0.996 -0.0 0.067 0.062 0.693 -0.0 -0.719 0.046 0.994 0.0 0.093 0.056 
0.998 -0.025 -0.052 0.017 -0.699 0.0 -0.715 0.024 -0.973 -0.0 -0.074 -0.217 0.768 0.0 -0.64 0.023 0.977 0.0 -0.043 -0.209 -0.626 -0.0 -0.778 0.059 -0.996 -0.0 0.067 0.062 0.693 0.0 -0.719 0.046 0.994 0.0 0.093 0.056 
0.998 -0.025 -0.052 0.017 -0.699 -0.0 -0.715 0.024 -0.973 -0.0 -0.074 -0.216 0.769 0.0 -0.639 0.023 0.977 0.0 -0.043 -0.209 -0.626 0.0 -0.778 0.059 -0.996 0.0 0.067 0.062 0.693 0.0 -0.719 0.046 0.994 -0.0 0.092 0.056 
0.998 -0.025 -0.052 0.017 -0.699 0.0 -0.715 0.023 -0.974 0.0 -0.074 -0.216 0.769 -0.0 -0.639 0.023 0.977 0.0 -0.043 -0.209 -0.626 -0.0 -0.778 0.059 -0.996 -0.0 0.067 0.062 0.693 0.0 -0.719 0.045 0.994 0.0 0.092 0.056 
0.998 -0.025 -0.052 0.017 -0.699 -0.0 -0.715 0.024 -0.973 -0.0 -0.074 -0.217 0.769 0.0 -0.639 0.023 0.977 0.0 -0.044 -0.209 -0.626 -0.0 -0.778 0.058 -0.996 -0.0 0.067 0.062 0.693 0.0 -0.719 0.045 0.994 -0.0 0.092 0.056 
0.998 -0.025 -0.052 0.017 -0.699 -0.0 -0.715 0.024 -0.973 -0.0 -0.074 -0.217 0.769 0.0 -0.639 0.023 0.977 -0.0 -0.044 -0.209 -0.626 -0.0 -0.778 0.058 -0.996 0.0 0.067 0.062 0.693 0.0 -0.719 0.045 0.994 0.0 0.092 0.056 
0.998 -0.025 -0.052 0.017 -0.699 0.0 -0.715 0.024 -0.973 -0.0 -0.074 -0.217 0.769 0.0 -0.639 0.023 0.977 -0.0 -0.044 -0.209 -0.626 -0.0 -0.778 0.058 -0.996 -0.0 0.067 0.062 0.694 -0.0 -0.719 0.044 0.994 0.0 0.091 0.056 
0.998 -0.024 -0.052 0.017 -0.699 -0.0 -0.715 0.024 -0.973 -0.0 -0.074 -0.217 0.769 0.0 -0.639 0.023 0.977 -0.0 -0.044 -0.209 -0.626 0.0 -0.778 0.057 -0.996 -0.0 0.067 0.062 0.693 0.0 -0.719 0.044 0.994 0.0 0.091 0.056 
0.998 -0.024 -0.052 0.017 -0.699 0.0 -0.715 0.024 -0.973 -0.0 -0.074 -0.217 0.769 0.0 -0.639 0.022 0.977 0.0 -0.044 -0.209 -0.626 0.0 -0.778 0.057 -0.996 -0.0 0.067 0.062 0.694 0.0 -0.719 0.044 0.994 0.0 0.091 0.056 
0.998 -0.024 -0.052 0.017 -0.699 -0.0 -0.715 0.023 -0.973 0.0 -0.074 -0.217 0.769 -0.0 -0.639 0.022 0.977 0.0 -0.044 -0.209 -0.626 0.0 -0.778 0.057 -0.996 0.0 0.067 0.062 0.693 0.0 -0.719 0.044 0.994 0.0 0.091 0.056 
0.998 -0.024 -0.052 0.017 -0.699 -0.0 -0.715 0.023 -0.973 -0.0 -0.074 -0.217 0.769 0.0 -0.639 0.022 0.977 -0.0 -0.044 -0.209 -0.626 -0.0 -0.778 0.056 -0.996 -0.0 0.067 0.062 0.693 -0.0 -0.719 0.044 0.994 0.0 0.091 0.056 
0.998 -0.024 -0.052 0.016 -0.699 0.0 -0.715 0.023 -0.973 -0.0 -0.074 -0.217 0.769 0.0 -0.639 0.022 0.977 0.0 -0.044 -0.209 -0.626 -0.0 -0.778 0.056 -0.996 -0.0 0.067 0.062 0.693 0.0 -0.719 0.044 0.994 0.0 0.092 0.056 
0.998 -0.024 -0.052 0.016 -0.699 -0.0 -0.715 0.023 -0.973 -0.0 -0.074 -0.216 0.769 0.0 -0.639 0.022 0.977 0.0 -0.044 -0.209 -0.626 -0.0 -0.778 0.055 -0.996 -0.0 0.067 0.063 0.693 0.0 -0.719 0.044 0.994 0.0 0.091 0.056 
0.998 -0.024 -0.052 0.016 -0.699 -0.0 -0.715 0.023 -0.973 -0.0 -0.074 -0.217 0.769 0.0 -0.639 0.022 0.977 0.0 -0.044 -0.208 -0.626 -0.0 -0.778 0.056 -0.996 0.0 0.067 0.062 0.693 0.0 -0.719 0.044 0.994 0.0 0.092 0.056 
0.998 -0.024 -0.052 0.016 -0.699 -0.0 -0.715 0.023 -0.973 -0.0 -0.075 -0.217 0.769 0.0 -0.639 0.022 0.977 -0.0 -0.044 -0.209 -0.626 -0.0 -0.778 0.055 -0.996 0.0 0.067 0.063 0.693 0.0 -0.719 0.044 0.994 0.0 0.091 0.056 
0.998 -0.024 -0.052 0.016 -0.699 0.0 -0.715 0.023 -0.973 -0.0 -0.075 -0.217 0.769 0.0 -0.639 0.022 0.977 0.0 -0.044 -0.209 -0.626 -0.0 -0.778 0.055 -0.996 -0.0 0.066 0.063 0.693 0.0 -0.719 0.044 0.994 0.0 0.092 0.056 
0.998 -0.024 -0.052 0.016 -0.698 0.0 -0.715 0.023 -0.973 -0.0 -0.075 -0.217 0.769 0.0 -0.639 0.022 0.977 0.0 -0.045 -0.209 -0.626 -0.0 -0.778 0.055 -0.996 -0.0 0.066 0.063 0.694 -0.0 -0.719 0.044 0.994 0.0 0.091 0.056 
0.998 -0.024 -0.052 0.015 -0.698 -0.0 -0.715 0.023 -0.973 -0.0 -0.075 -0.217 0.769 -0.0 -0.638 0.022 0.977 0.0 -0.044 -0.208 -0.627 -0.0 -0.777 0.054 -0.996 -0.0 0.066 0.063 0.693 0.0 -0.719 0.044 0.994 0.0 0.091 0.056 
0.998 -0.024 -0.052 0.015 -0.698 -0.0 -0.715 0.023 -0.973 -0.0 -0.075 -0.217 0.769 0.0 -0.638 0.022 0.977 0.0 -0.045 -0.209 -0.627 -0.0 -0.777 0.054 -0.996 0.0 0.066 0.063 0.693 0.0 -0.719 0.044 0.994 0.0 0.092 0.056 
0.998 -0.024 -0.052 0.015 -0.698 -0.0 -0.715 0.023 -0.973 -0.0 -0.075 -0.217 0.769 0.0 -0.638 0.022 0.977 -0.0 -0.045 -0.208 -0.627 -0.0 -0.777 0.053 -0.996 0.0 0.066 0.063 0.693 0.0 -0.719 0.044 0.994 -0.0 0.092 0.055 
0.998 -0.023 -0.053 0.016 -0.698 -0.0 -0.716 0.022 -0.973 -0.0 -0.074 -0.218 0.77 0.0 -0.638 0.021 0.977 0.0 -0.045 -0.209 -0.627 -0.0 -0.778 0.052 -0.996 -0.0 0.065 0.064 0.695 0.0 -0.718 0.041 0.994 0.0 0.089 0.057 
0.998 -0.024 -0.052 0.015 -0.698 -0.0 -0.715 0.022 -0.973 -0.0 -0.075 -0.218 0.769 -0.0 -0.638 0.022 0.977 -0.0 -0.045 -0.209 -0.627 -0.0 -0.777 0.053 -0.996 -0.0 0.065 0.063 0.693 0.0 -0.719 0.043 0.994 0.0 0.091 0.056 
0.998 -0.023 -0.053 0.016 -0.698 -0.0 -0.716 0.022 -0.973 0.0 -0.075 -0.219 0.77 -0.0 -0.638 0.021 0.977 0.0 -0.045 -0.209 -0.627 -0.0 -0.778 0.052 -0.996 -0.0 0.065 0.064 0.695 0.0 -0.717 0.041 0.994 0.0 0.089 0.057 
0.998 -0.023 -0.053 0.016 -0.698 0.0 -0.716 0.022 -0.973 0.0 -0.075 -0.219 0.77 0.0 -0.638 0.021 0.977 -0.0 -0.045 -0.209 -0.627 -0.0 -0.778 0.052 -0.996 -0.0 0.065 0.064 0.695 0.0 -0.717 0.04 0.994 -0.0 0.089 0.058 
0.998 -0.023 -0.053 0.016 -0.698 -0.0 -0.716 0.022 -0.973 -0.0 -0.075 -0.219 0.77 0.0 -0.638 0.021 0.977 0.0 -0.045 -0.209 -0.627 -0.0 -0.777 0.051 -0.996 -0.0 0.065 0.063 0.696 0.0 -0.717 0.04 0.994 0.0 0.089 0.058 
0.998 -0.023 -0.053 0.016 -0.698 -0.0 -0.716 0.022 -0.973 -0.0 -0.075 -0.219 0.77 0.0 -0.638 0.021 0.977 0.0 -0.046 -0.209 -0.627 -0.0 -0.778 0.051 -0.996 0.0 0.065 0.064 0.696 0.0 -0.717 0.04 0.994 0.0 0.088 0.058 
0.998 -0.023 -0.053 0.016 -0.698 -0.0 -0.716 0.022 -0.973 -0.0 -0.075 -0.219 0.77 0.0 -0.638 0.021 0.977 0.0 -0.046 -0.209 -0.627 -0.0 -0.777 0.051 -0.996 -0.0 0.065 0.064 0.696 -0.0 -0.717 0.039 0.994 0.0 0.088 0.058 
0.998 -0.023 -0.053 0.015 -0.698 -0.0 -0.716 0.022 -0.973 0.0 -0.075 -0.219 0.77 0.0 -0.638 0.021 0.977 0.0 -0.046 -0.208 -0.627 0.0 -0.777 0.051 -0.996 -0.0 0.065 0.064 0.696 0.0 -0.717 0.039 0.994 0.0 0.088 0.058 
0.998 -0.023 -0.053 0.015 -0.698 -0.0 -0.716 0.022 -0.973 -0.0 -0.075 -0.219 0.77 0.0 -0.638 0.02 0.977 0.0 -0.046 -0.208 -0.627 -0.0 -0.777 0.05 -0.996 0.0 0.065 0.064 0.696 0.0 -0.717 0.039 0.994 0.0 0.088 0.058 
0.998 -0.023 -0.053 0.016 -0.698 -0.0 -0.716 0.022 -0.973 -0.0 -0.075 -0.219 0.77 0.0 -0.638 0.021 0.977 0.0 -0.046 -0.208 -0.627 -0.0 -0.777 0.051 -0.996 0.0 0.065 0.064 0.696 -0.0 -0.717 0.038 0.994 0.0 0.088 0.058 
0.998 -0.023 -0.053 0.016 -0.698 -0.0 -0.716 0.021 -0.973 -0.0 -0.074 -0.218 0.77 0.0 -0.638 0.021 0.977 0.0 -0.046 -0.209 -0.627 -0.0 -0.777 0.05 -0.996 -0.0 0.065 0.064 0.696 0.0 -0.717 0.038 0.994 0.0 0.088 0.058 
0.998 -0.023 -0.053 0.016 -0.697 -0.0 -0.716 0.021 -0.973 -0.0 -0.074 -0.218 0.77 -0.0 -0.638 0.021 0.977 0.0 -0.046 -0.208 -0.627 -0.0 -0.777 0.051 -0.996 -0.0 0.065 0.064 0.696 -0.0 -0.717 0.038 0.994 0.0 0.088 0.058 
0.998 -0.023 -0.053 0.016 -0.697 -0.0 -0.717 0.021 -0.973 -0.0 -0.074 -0.217 0.77 0.0 -0.638 0.02 0.977 0.0 -0.046 -0.208 -0.627 -0.0 -0.778 0.05 -0.996 0.0 0.065 0.064 0.696 0.0 -0.717 0.039 0.994 0.0 0.088 0.058 
0.998 -0.024 -0.053 0.016 -0.697 -0.0 -0.716 0.021 -0.973 -0.0 -0.073 -0.217 0.77 0.0 -0.638 0.021 0.977 0.0 -0.046 -0.209 -0.627 -0.0 -0.777 0.051 -0.996 0.0 0.065 0.063 0.696 0.0 -0.717 0.039 0.994 0.0 0.088 0.058 
0.998 -0.023 -0.053 0.016 -0.697 -0.0 -0.717 0.02 -0.973 -0.0 -0.073 -0.217 0.77 0.0 -0.638 0.02 0.977 0.0 -0.046 -0.209 -0.627 -0.0 -0.778 0.05 -0.996 -0.0 0.065 0.064 0.696 0.0 -0.717 0.038 0.994 0.0 0.087 0.058 
0.998 -0.024 -0.053 0.016 -0.697 -0.0 -0.717 0.02 -0.973 -0.0 -0.073 -0.217 0.77 0.0 -0.638 0.02 0.977 0.0 -0.047 -0.208 -0.627 -0.0 -0.777 0.05 -0.996 -0.0 0.065 0.064 0.696 0.0 -0.717 0.039 0.995 -0.0 0.087 0.058 
0.998 -0.024 -0.053 0.016 -0.697 0.0 -0.717 0.02 -0.973 -0.0 -0.073 -0.217 0.77 0.0 -0.638 0.02 0.977 0.0 -0.047 -0.208 -0.627 0.0 -0.777 0.051 -0.996 -0.0 0.065 0.063 0.696 0.0 -0.717 0.04 0.995 0.0 0.087 0.057 
0.998 -0.024 -0.053 0.016 -0.697 -0.0 -0.717 0.02 -0.973 0.0 -0.073 -0.217 0.77 0.0 -0.638 0.02 0.977 0.0 -0.047 -0.209 -0.627 -0.0 -0.777 0.051 -0.996 -0.0 0.064 0.063 0.696 0.0 -0.717 0.04 0.995 0.0 0.087 0.056 
0.998 -0.024 -0.053 0.016 -0.697 -0.0 -0.717 0.02 -0.973 -0.0 -0.073 -0.217 0.77 0.0 -0.638 0.02 0.977 0.0 -0.047 -0.209 -0.627 -0.0 -0.777 0.051 -0.996 -0.0 0.064 0.064 0.696 0.0 -0.717 0.039 0.995 0.0 0.087 0.057 
0.998 -0.024 -0.053 0.016 -0.697 -0.0 -0.717 0.02 -0.973 -0.0 -0.073 -0.217 0.77 0.0 -0.638 0.02 0.977 0.0 -0.047 -0.209 -0.627 -0.0 -0.777 0.051 -0.996 -0.0 0.064 0.063 0.696 0.0 -0.717 0.04 0.995 0.0 0.088 0.056 
0.998 -0.024 -0.053 0.016 -0.697 0.0 -0.717 0.02 -0.974 -0.0 -0.073 -0.217 0.77 0.0 -0.638 0.02 0.977 0.0 -0.047 -0.209 -0.627 -0.0 -0.777 0.051 -0.996 0.0 0.064 0.063 0.696 -0.0 -0.717 0.04 0.995 0.0 0.088 0.056 
0.998 -0.024 -0.053 0.017 -0.697 -0.0 -0.717 0.021 -0.973 -0.0 -0.074 -0.218 0.77 0.0 -0.638 0.019 0.977 0.0 -0.047 -0.209 -0.627 -0.0 -0.777 0.051 -0.996 -0.0 0.064 0.063 0.696 0.0 -0.717 0.04 0.995 0.0 0.088 0.056 
0.998 -0.024 -0.053 0.016 -0.697 0.0 -0.717 0.021 -0.973 -0.0 -0.074 -0.217 0.77 0.0 -0.638 0.019 0.977 0.0 -0.047 -0.209 -0.627 -0.0 -0.777 0.052 -0.996 -0.0 0.064 0.063 0.696 0.0 -0.717 0.041 0.995 0.0 0.088 0.056 
0.998 -0.025 -0.053 0.016 -0.697 -0.0 -0.717 0.021 -0.973 -0.0 -0.074 -0.217 0.77 0.0 -0.638 0.019 0.977 0.0 -0.047 -0.209 -0.627 -0.0 -0.777 0.052 -0.996 -0.0 0.064 0.063 0.696 0.0 -0.717 0.041 0.995 0.0 0.088 0.056 
0.998 -0.025 -0.053 0.016 -0.697 -0.0 -0.717 0.021 -0.973 -0.0 -0.074 -0.217 0.77 0.0 -0.638 0.018 0.977 0.0 -0.047 -0.209 -0.627 0.0 -0.777 0.053 -0.996 -0.0 0.064 0.062 0.696 0.0 -0.717 0.041 0.995 -0.0 0.088 0.056 
0.998 -0.025 -0.053 0.017 -0.697 -0.0 -0.717 0.021 -0.973 -0.0 -0.074 -0.217 0.77 0.0 -0.638 0.018 0.977 0.0 -0.047 -0.209 -0.627 -0.0 -0.777 0.052 -0.996 0.0 0.064 0.063 0.696 0.0 -0.717 0.041 0.995 0.0 0.088 0.056 
0.998 -0.025 -0.053 0.016 -0.697 0.0 -0.717 0.021 -0.974 -0.0 -0.074 -0.216 0.77 0.0 -0.638 0.018 0.977 0.0 -0.048 -0.21 -0.627 -0.0 -0.777 0.052 -0.996 0.0 0.064 0.063 0.696 0.0 -0.717 0.042 0.995 -0.0 0.088 0.056 
0.998 -0.025 -0.053 0.016 -0.697 -0.0 -0.717 0.021 -0.974 -0.0 -0.074 -0.216 0.77 0.0 -0.638 0.018 0.977 0.0 -0.048 -0.209 -0.628 -0.0 -0.777 0.053 -0.996 -0.0 0.064 0.063 0.696 0.0 -0.717 0.042 0.995 0.0 0.088 0.055 
0.998 -0.025 -0.053 0.016 -0.697 -0.0 -0.717 0.021 -0.974 -0.0 -0.074 -0.216 0.77 0.0 -0.638 0.018 0.977 -0.0 -0.048 -0.209 -0.628 -0.0 -0.777 0.053 -0.996 -0.0 0.064 0.063 0.696 0.0 -0.717 0.042 0.995 0.0 0.088 0.055 
0.998 -0.026 -0.053 0.016 -0.697 -0.0 -0.717 0.021 -0.974 -0.0 -0.074 -0.216 0.77 0.0 -0.638 0.018 0.977 0.0 -0.048 -0.21 -0.628 -0.0 -0.777 0.053 -0.996 -0.0 0.064 0.063 0.696 0.0 -0.717 0.042 0.995 0.0 0.088 0.055 
0.998 -0.026 -0.053 0.016 -0.697 -0.0 -0.717 0.021 -0.974 -0.0 -0.074 -0.215 0.77 0.0 -0.638 0.018 0.977 0.0 -0.048 -0.21 -0.628 -0.0 -0.777 0.054 -0.996 -0.0 0.064 0.062 0.696 0.0 -0.717 0.042 0.995 0.0 0.087 0.055 
0.998 -0.026 -0.053 0.016 -0.697 0.0 -0.717 0.021 -0.974 -0.0 -0.074 -0.216 0.77 -0.0 -0.638 0.017 0.976 0.0 -0.049 -0.21 -0.628 -0.0 -0.777 0.054 -0.996 -0.0 0.064 0.063 0.696 0.0 -0.717 0.043 0.995 0.0 0.088 0.055 
0.998 -0.026 -0.053 0.016 -0.697 -0.0 -0.717 0.021 -0.974 -0.0 -0.074 -0.215 0.77 0.0 -0.638 0.017 0.976 -0.0 -0.048 -0.211 -0.628 -0.0 -0.777 0.053 -0.996 -0.0 0.064 0.063 0.696 -0.0 -0.717 0.043 0.995 0.0 0.087 0.055 
0.998 -0.026 -0.053 0.016 -0.697 -0.0 -0.717 0.022 -0.974 0.0 -0.074 -0.216 0.77 0.0 -0.638 0.017 0.976 0.0 -0.049 -0.211 -0.628 0.0 -0.777 0.054 -0.996 -0.0 0.064 0.063 0.696 0.0 -0.717 0.043 0.995 0.0 0.087 0.055 
0.998 -0.026 -0.053 0.016 -0.697 -0.0 -0.717 0.022 -0.974 -0.0 -0.074 -0.215 0.77 0.0 -0.638 0.017 0.976 -0.0 -0.048 -0.212 -0.628 -0.0 -0.777 0.054 -0.996 0.0 0.064 0.063 0.696 0.0 -0.717 0.044 0.995 0.0 0.087 0.055 
0.998 -0.026 -0.053 0.016 -0.697 -0.0 -0.717 0.022 -0.974 -0.0 -0.074 -0.215 0.77 0.0 -0.638 0.017 0.976 0.0 -0.048 -0.212 -0.628 -0.0 -0.777 0.054 -0.996 -0.0 0.064 0.062 0.696 0.0 -0.717 0.044 0.995 -0.0 0.087 0.055 
0.998 -0.027 -0.053 0.016 -0.697 0.0 -0.717 0.022 -0.974 0.0 -0.074 -0.215 0.77 -0.0 -0.638 0.017 0.976 0.0 -0.049 -0.212 -0.628 -0.0 -0.777 0.055 -0.996 -0.0 0.064 0.062 0.696 0.0 -0.717 0.044 0.995 0.0 0.087 0.055 
0.998 -0.027 -0.053 0.016 -0.697 -0.0 -0.717 0.022 -0.974 -0.0 -0.074 -0.215 0.77 0.0 -0.637 0.017 0.976 0.0 -0.049 -0.212 -0.628 -0.0 -0.776 0.055 -0.996 -0.0 0.064 0.062 0.696 0.0 -0.717 0.044 0.995 0.0 0.087 0.055 
0.998 -0.027 -0.053 0.016 -0.697 0.0 -0.717 0.022 -0.974 -0.0 -0.074 -0.215 0.77 0.0 -0.637 0.016 0.976 0.0 -0.049 -0.212 -0.628 -0.0 -0.776 0.055 -0.996 -0.0 0.064 0.062 0.696 0.0 -0.717 0.044 0.995 0.0 0.087 0.055 
0.998 -0.027 -0.053 0.016 -0.697 -0.0 -0.717 0.022 -0.974 -0.0 -0.074 -0.215 0.77 0.0 -0.637 0.016 0.976 0.0 -0.049 -0.213 -0.628 -0.0 -0.776 0.055 -0.996 -0.0 0.064 0.062 0.696 -0.0 -0.717 0.044 0.995 0.0 0.087 0.055 
0.998 -0.027 -0.053 0.015 -0.697 -0.0 -0.717 0.021 -0.974 -0.0 -0.074 -0.215 0.77 0.0 -0.637 0.016 0.976 0.0 -0.049 -0.212 -0.628 -0.0 -0.776 0.055 -0.996 -0.0 0.064 0.062 0.696 0.0 -0.717 0.044 0.995 0.0 0.088 0.055 
0.998 -0.027 -0.053 0.015 -0.697 -0.0 -0.717 0.021 -0.974 -0.0 -0.074 -0.214 0.77 0.0 -0.637 0.016 0.976 -0.0 -0.049 -0.213 -0.628 -0.0 -0.776 0.055 -0.996 -0.0 0.064 0.062 0.696 -0.0 -0.717 0.045 0.995 0.0 0.088 0.055 
0.998 -0.027 -0.053 0.015 -0.697 -0.0 -0.717 0.021 -0.974 -0.0 -0.075 -0.214 0.771 0.0 -0.637 0.016 0.976 0.0 -0.049 -0.213 -0.628 -0.0 -0.776 0.055 -0.996 -0.0 0.064 0.062 0.696 0.0 -0.717 0.044 0.995 0.0 0.087 0.055 
0.998 -0.027 -0.053 0.015 -0.697 0.0 -0.717 0.021 -0.974 0.0 -0.074 -0.214 0.771 0.0 -0.637 0.016 0.976 0.0 -0.049 -0.213 -0.628 -0.0 -0.776 0.056 -0.996 -0.0 0.064 0.062 0.696 0.0 -0.717 0.045 0.995 0.0 0.087 0.055 
0.998 -0.027 -0.053 0.015 -0.697 -0.0 -0.717 0.021 -0.974 -0.0 -0.074 -0.214 0.771 0.0 -0.637 0.016 0.976 0.0 -0.049 -0.213 -0.628 -0.0 -0.777 0.055 -0.996 -0.0 0.064 0.062 0.696 0.0 -0.717 0.045 0.995 0.0 0.087 0.056 
0.998 -0.027 -0.053 0.015 -0.697 -0.0 -0.717 0.021 -0.974 -0.0 -0.074 -0.214 0.771 -0.0 -0.637 0.016 0.976 -0.0 -0.049 -0.213 -0.628 -0.0 -0.776 0.055 -0.996 -0.0 0.064 0.062 0.696 0.0 -0.717 0.045 0.995 -0.0 0.087 0.056 
0.998 -0.028 -0.053 0.014 -0.697 0.0 -0.717 0.02 -0.974 0.0 -0.074 -0.214 0.771 0.0 -0.637 0.015 0.976 0.0 -0.05 -0.213 -0.628 -0.0 -0.776 0.055 -0.996 0.0 0.064 0.063 0.696 -0.0 -0.717 0.044 0.995 -0.0 0.087 0.056 
0.998 -0.028 -0.053 0.014 -0.697 0.0 -0.717 0.02 -0.974 -0.0 -0.074 -0.213 0.771 -0.0 -0.637 0.015 0.976 0.0 -0.05 -0.213 -0.628 -0.0 -0.777 0.055 -0.996 -0.0 0.064 0.063 0.696 0.0 -0.717 0.044 0.995 0.0 0.087 0.056 
0.998 -0.028 -0.053 0.014 -0.697 -0.0 -0.717 0.02 -0.974 -0.0 -0.074 -0.214 0.771 0.0 -0.636 0.015 0.976 0.0 -0.05 -0.213 -0.628 -0.0 -0.777 0.055 -0.996 -0.0 0.064 0.063 0.696 0.0 -0.717 0.045 0.995 0.0 0.087 0.056 
0.998 -0.028 -0.053 0.014 -0.697 -0.0 -0.717 0.02 -0.974 -0.0 -0.074 -0.214 0.771 0.0 -0.636 0.015 0.976 0.0 -0.05 -0.212 -0.628 -0.0 -0.777 0.055 -0.996 0.0 0.065 0.063 0.696 0.0 -0.717 0.044 0.995 0.0 0.087 0.056 
0.998 -0.028 -0.053 0.014 -0.697 -0.0 -0.717 0.019 -0.974 -0.0 -0.074 -0.214 0.771 0.0 -0.636 0.015 0.976 0.0 -0.05 -0.212 -0.628 -0.0 -0.777 0.054 -0.996 -0.0 0.065 0.063 0.696 0.0 -0.717 0.044 0.995 0.0 0.087 0.057 
0.998 -0.028 -0.053 0.014 -0.697 -0.0 -0.717 0.019 -0.974 -0.0 -0.074 -0.214 0.771 0.0 -0.636 0.015 0.976 0.0 -0.05 -0.212 -0.628 -0.0 -0.776 0.056 -0.996 0.0 0.064 0.063 0.696 0.0 -0.717 0.045 0.995 0.0 0.087 0.056 
0.998 -0.028 -0.053 0.014 -0.697 -0.0 -0.717 0.019 -0.974 -0.0 -0.074 -0.214 0.771 -0.0 -0.636 0.015 0.976 -0.0 -0.05 -0.212 -0.628 0.0 -0.776 0.055 -0.996 0.0 0.064 0.063 0.696 0.0 -0.717 0.045 0.995 0.0 0.087 0.056 
0.998 -0.028 -0.053 0.014 -0.697 0.0 -0.717 0.019 -0.974 -0.0 -0.074 -0.214 0.772 0.0 -0.636 0.016 0.976 0.0 -0.05 -0.212 -0.628 0.0 -0.776 0.055 -0.996 -0.0 0.064 0.063 0.696 0.0 -0.717 0.045 0.995 0.0 0.087 0.056 
0.998 -0.028 -0.053 0.014 -0.697 -0.0 -0.717 0.019 -0.974 -0.0 -0.073 -0.214 0.772 0.0 -0.636 0.016 0.976 0.0 -0.051 -0.212 -0.628 -0.0 -0.777 0.055 -0.996 -0.0 0.065 0.064 0.696 0.0 -0.717 0.045 0.995 0.0 0.087 0.057 
0.998 -0.029 -0.053 0.014 -0.697 -0.0 -0.717 0.019 -0.974 -0.0 -0.073 -0.214 0.772 0.0 -0.636 0.016 0.976 0.0 -0.051 -0.212 -0.628 -0.0 -0.776 0.055 -0.996 0.0 0.064 0.064 0.696 0.0 -0.717 0.045 0.995 0.0 0.087 0.057 
0.998 -0.029 -0.053 0.014 -0.697 -0.0 -0.717 0.018 -0.974 -0.0 -0.073 -0.214 0.772 0.0 -0.635 0.016 0.976 0.0 -0.051 -0.212 -0.628 -0.0 -0.776 0.054 -0.996 -0.0 0.064 0.064 0.696 0.0 -0.717 0.045 0.995 -0.0 0.087 0.056 
0.998 -0.029 -0.053 0.014 -0.697 -0.0 -0.717 0.018 -0.974 -0.0 -0.073 -0.215 0.772 0.0 -0.635 0.016 0.976 0.0 -0.051 -0.212 -0.628 -0.0 -0.776 0.054 -0.996 -0.0 0.064 0.065 0.696 0.0 -0.717 0.045 0.995 0.0 0.087 0.057 
0.998 -0.029 -0.053 0.014 -0.697 -0.0 -0.717 0.018 -0.974 0.0 -0.073 -0.215 0.772 0.0 -0.635 0.017 0.976 0.0 -0.051 -0.211 -0.628 -0.0 -0.776 0.054 -0.996 0.0 0.064 0.065 0.696 0.0 -0.717 0.045 0.995 0.0 0.087 0.056 
0.998 -0.029 -0.053 0.014 -0.697 -0.0 -0.717 0.018 -0.974 -0.0 -0.073 -0.215 0.772 0.0 -0.635 0.017 0.976 0.0 -0.051 -0.212 -0.628 -0.0 -0.777 0.053 -0.996 -0.0 0.064 0.066 0.696 0.0 -0.717 0.045 0.995 0.0 0.087 0.056 
0.998 -0.029 -0.053 0.014 -0.697 -0.0 -0.717 0.018 -0.974 -0.0 -0.073 -0.215 0.772 0.0 -0.635 0.017 0.976 0.0 -0.052 -0.212 -0.628 -0.0 -0.777 0.053 -0.996 0.0 0.064 0.067 0.696 0.0 -0.717 0.045 0.995 0.0 0.087 0.056 
0.998 -0.029 -0.054 0.014 -0.697 -0.0 -0.717 0.018 -0.974 -0.0 -0.073 -0.215 0.772 -0.0 -0.635 0.017 0.976 0.0 -0.052 -0.211 -0.628 -0.0 -0.777 0.052 -0.996 -0.0 0.064 0.067 0.696 0.0 -0.717 0.045 0.995 0.0 0.087 0.056 
0.998 -0.029 -0.054 0.014 -0.697 -0.0 -0.717 0.018 -0.974 0.0 -0.073 -0.215 0.772 0.0 -0.635 0.017 0.976 0.0 -0.052 -0.211 -0.628 -0.0 -0.777 0.051 -0.996 -0.0 0.064 0.068 0.696 0.0 -0.717 0.045 0.995 0.0 0.087 0.057 
0.998 -0.029 -0.054 0.014 -0.696 -0.0 -0.717 0.018 -0.974 -0.0 -0.074 -0.216 0.773 0.0 -0.634 0.018 0.976 0.0 -0.052 -0.211 -0.628 -0.0 -0.777 0.05 -0.996 -0.0 0.064 0.069 0.696 0.0 -0.717 0.045 0.995 0.0 0.087 0.056 
0.998 -0.029 -0.054 0.013 -0.696 0.0 -0.718 0.018 -0.973 0.0 -0.074 -0.217 0.773 0.0 -0.634 0.018 0.976 -0.0 -0.052 -0.211 -0.628 -0.0 -0.777 0.05 -0.996 -0.0 0.063 0.069 0.696 0.0 -0.717 0.045 0.995 0.0 0.087 0.057 
0.998 -0.029 -0.053 0.013 -0.696 0.0 -0.717 0.017 -0.974 -0.0 -0.074 -0.216 0.773 0.0 -0.634 0.018 0.976 0.0 -0.052 -0.211 -0.628 -0.0 -0.777 0.05 -0.996 0.0 0.063 0.07 0.694 0.0 -0.718 0.047 0.994 0.0 0.09 0.055 
0.998 -0.029 -0.054 0.012 -0.696 -0.0 -0.718 0.017 -0.974 -0.0 -0.074 -0.216 0.773 0.0 -0.634 0.018 0.976 0.0 -0.052 -0.211 -0.628 -0.0 -0.776 0.048 -0.995 -0.0 0.063 0.071 0.694 0.0 -0.718 0.047 0.994 0.0 0.09 0.055 
0.998 -0.029 -0.053 0.012 -0.696 -0.0 -0.718 0.018 -0.973 0.0 -0.074 -0.217 0.773 0.0 -0.634 0.018 0.976 -0.0 -0.052 -0.211 -0.628 0.0 -0.777 0.048 -0.995 -0.0 0.063 0.072 0.694 -0.0 -0.718 0.047 0.994 0.0 0.09 0.055 
0.998 -0.029 -0.054 0.012 -0.696 -0.0 -0.718 0.018 -0.973 -0.0 -0.074 -0.217 0.773 0.0 -0.634 0.018 0.976 -0.0 -0.052 -0.21 -0.628 -0.0 -0.777 0.047 -0.995 0.0 0.063 0.072 0.694 -0.0 -0.718 0.046 0.994 0.0 0.09 0.056 
0.998 -0.029 -0.054 0.012 -0.696 -0.0 -0.718 0.018 -0.973 -0.0 -0.074 -0.217 0.773 0.0 -0.634 0.018 0.976 0.0 -0.052 -0.21 -0.628 0.0 -0.777 0.047 -0.995 -0.0 0.063 0.073 0.694 0.0 -0.718 0.046 0.994 0.0 0.09 0.056 
0.998 -0.029 -0.054 0.012 -0.696 -0.0 -0.718 0.018 -0.973 0.0 -0.074 -0.217 0.773 0.0 -0.634 0.019 0.976 0.0 -0.051 -0.211 -0.628 0.0 -0.777 0.046 -0.995 -0.0 0.063 0.073 0.694 0.0 -0.719 0.046 0.994 0.0 0.09 0.056 
0.998 -0.029 -0.054 0.012 -0.696 0.0 -0.718 0.018 -0.973 -0.0 -0.074 -0.218 0.773 0.0 -0.634 0.019 0.976 0.0 -0.052 -0.211 -0.628 -0.0 -0.777 0.047 -0.995 -0.0 0.062 0.073 0.694 0.0 -0.718 0.046 0.994 0.0 0.089 0.056 
0.998 -0.029 -0.054 0.012 -0.696 -0.0 -0.718 0.018 -0.973 -0.0 -0.074 -0.218 0.773 0.0 -0.634 0.019 0.976 0.0 -0.052 -0.21 -0.628 -0.0 -0.777 0.046 -0.995 0.0 0.062 0.073 0.694 -0.0 -0.719 0.045 0.994 0.0 0.09 0.056 
0.998 -0.029 -0.054 0.012 -0.695 -0.0 -0.718 0.018 -0.973 -0.0 -0.074 -0.218 0.773 0.0 -0.634 0.019 0.976 0.0 -0.052 -0.21 -0.628 -0.0 -0.777 0.046 -0.995 -0.0 0.062 0.073 0.694 -0.0 -0.718 0.045 0.994 0.0 0.089 0.056 
0.998 -0.029 -0.054 0.011 -0.695 -0.0 -0.719 0.019 -0.973 -0.0 -0.075 -0.218 0.773 0.0 -0.634 0.019 0.976 0.0 -0.051 -0.21 -0.628 -0.0 -0.777 0.046 -0.995 -0.0 0.062 0.073 0.694 0.0 -0.718 0.045 0.994 0.0 0.089 0.056 
0.998 -0.029 -0.054 0.011 -0.695 -0.0 -0.719 0.019 -0.973 0.0 -0.075 -0.218 0.773 0.0 -0.634 0.019 0.976 -0.0 -0.051 -0.21 -0.628 -0.0 -0.777 0.046 -0.995 0.0 0.063 0.072 0.694 -0.0 -0.718 0.045 0.994 0.0 0.089 0.056 
0.998 -0.029 -0.053 0.012 -0.696 -0.0 -0.718 0.02 -0.973 -0.0 -0.075 -0.218 0.773 0.0 -0.634 0.019 0.976 0.0 -0.052 -0.21 -0.628 -0.0 -0.777 0.048 -0.995 0.0 0.063 0.071 0.693 0.0 -0.719 0.045 0.994 0.0 0.09 0.056 
0.998 -0.029 -0.053 0.011 -0.695 -0.0 -0.719 0.02 -0.973 -0.0 -0.075 -0.218 0.773 0.0 -0.634 0.019 0.976 0.0 -0.051 -0.211 -0.628 -0.0 -0.777 0.047 -0.995 0.0 0.063 0.071 0.694 -0.0 -0.719 0.045 0.994 0.0 0.089 0.056 
0.998 -0.029 -0.053 0.011 -0.695 -0.0 -0.718 0.02 -0.973 -0.0 -0.077 -0.218 0.773 0.0 -0.634 0.02 0.976 0.0 -0.052 -0.21 -0.628 -0.0 -0.777 0.048 -0.996 -0.0 0.063 0.07 0.694 0.0 -0.719 0.045 0.994 0.0 0.089 0.056 
0.998 -0.03 -0.053 0.011 -0.695 -0.0 -0.719 0.02 -0.973 0.0 -0.077 -0.217 0.773 0.0 -0.634 0.02 0.976 0.0 -0.052 -0.21 -0.628 -0.0 -0.777 0.049 -0.996 0.0 0.063 0.07 0.693 0.0 -0.719 0.045 0.994 0.0 0.089 0.056 
0.998 -0.029 -0.053 0.011 -0.695 0.0 -0.719 0.02 -0.973 -0.0 -0.077 -0.217 0.773 -0.0 -0.634 0.02 0.976 0.0 -0.052 -0.21 -0.628 -0.0 -0.777 0.048 -0.996 -0.0 0.063 0.069 0.694 0.0 -0.719 0.045 0.994 0.0 0.089 0.057 
0.998 -0.029 -0.053 0.011 -0.695 -0.0 -0.719 0.02 -0.973 0.0 -0.077 -0.217 0.773 -0.0 -0.634 0.019 0.976 -0.0 -0.051 -0.21 -0.628 -0.0 -0.777 0.05 -0.996 -0.0 0.064 0.067 0.693 0.0 -0.719 0.045 0.994 0.0 0.089 0.057 
0.998 -0.029 -0.053 0.011 -0.695 -0.0 -0.719 0.02 -0.973 -0.0 -0.078 -0.216 0.773 -0.0 -0.634 0.02 0.976 0.0 -0.051 -0.21 -0.628 -0.0 -0.777 0.05 -0.996 -0.0 0.064 0.067 0.694 -0.0 -0.719 0.045 0.994 0.0 0.089 0.057 
0.998 -0.029 -0.053 0.01 -0.695 -0.0 -0.719 0.021 -0.973 -0.0 -0.078 -0.216 0.773 0.0 -0.634 0.02 0.976 0.0 -0.051 -0.209 -0.628 -0.0 -0.777 0.051 -0.996 0.0 0.064 0.066 0.694 0.0 -0.719 0.045 0.994 0.0 0.089 0.057 
0.998 -0.029 -0.053 0.01 -0.695 -0.0 -0.719 0.021 -0.973 -0.0 -0.078 -0.216 0.773 -0.0 -0.634 0.02 0.976 0.0 -0.051 -0.209 -0.628 -0.0 -0.777 0.051 -0.996 0.0 0.064 0.065 0.694 0.0 -0.719 0.044 0.994 0.0 0.089 0.057 
0.998 -0.029 -0.053 0.01 -0.694 -0.0 -0.719 0.021 -0.973 -0.0 -0.078 -0.216 0.773 -0.0 -0.634 0.02 0.977 0.0 -0.051 -0.209 -0.628 -0.0 -0.777 0.051 -0.996 0.0 0.064 0.065 0.694 -0.0 -0.719 0.044 0.994 0.0 0.089 0.057 
0.998 -0.029 -0.053 0.01 -0.695 -0.0 -0.719 0.021 -0.973 -0.0 -0.078 -0.216 0.773 0.0 -0.634 0.02 0.976 -0.0 -0.051 -0.21 -0.628 -0.0 -0.777 0.051 -0.996 0.0 0.064 0.064 0.694 0.0 -0.719 0.043 0.994 -0.0 0.089 0.058 
0.998 -0.029 -0.053 0.01 -0.694 -0.0 -0.719 0.022 -0.973 -0.0 -0.078 -0.215 0.773 -0.0 -0.634 0.02 0.976 0.0 -0.051 -0.21 -0.628 -0.0 -0.777 0.052 -0.996 -0.0 0.064 0.063 0.694 0.0 -0.719 0.043 0.994 0.0 0.089 0.058 
0.998 -0.029 -0.053 0.01 -0.694 -0.0 -0.719 0.022 -0.973 -0.0 -0.078 -0.215 0.773 0.0 -0.634 0.02 0.977 0.0 -0.051 -0.209 -0.628 -0.0 -0.777 0.052 -0.996 -0.0 0.064 0.063 0.694 -0.0 -0.719 0.043 0.994 0.0 0.089 0.058 
0.998 -0.029 -0.053 0.01 -0.694 -0.0 -0.719 0.023 -0.973 -0.0 -0.079 -0.215 0.773 -0.0 -0.634 0.021 0.977 0.0 -0.051 -0.209 -0.628 -0.0 -0.777 0.052 -0.996 -0.0 0.064 0.062 0.694 -0.0 -0.719 0.043 0.994 0.0 0.089 0.058 
0.998 -0.029 -0.053 0.01 -0.694 -0.0 -0.719 0.023 -0.973 -0.0 -0.079 -0.215 0.773 0.0 -0.634 0.022 0.976 0.0 -0.051 -0.21 -0.628 -0.0 -0.777 0.053 -0.996 -0.0 0.064 0.062 0.694 0.0 -0.719 0.043 0.994 0.0 0.089 0.058 
0.998 -0.029 -0.053 0.01 -0.694 -0.0 -0.72 0.024 -0.973 -0.0 -0.078 -0.216 0.773 0.0 -0.634 0.022 0.976 0.0 -0.051 -0.21 -0.628 -0.0 -0.777 0.053 -0.996 0.0 0.064 0.062 0.694 0.0 -0.719 0.043 0.994 0.0 0.089 0.058 
0.998 -0.029 -0.053 0.009 -0.694 -0.0 -0.72 0.024 -0.973 -0.0 -0.079 -0.215 0.773 0.0 -0.634 0.022 0.976 0.0 -0.051 -0.21 -0.628 -0.0 -0.777 0.053 -0.996 -0.0 0.064 0.062 0.694 0.0 -0.719 0.043 0.994 0.0 0.089 0.058 
0.998 -0.029 -0.053 0.009 -0.694 -0.0 -0.72 0.024 -0.973 -0.0 -0.079 -0.215 0.773 0.0 -0.634 0.022 0.976 0.0 -0.05 -0.21 -0.628 -0.0 -0.777 0.052 -0.996 0.0 0.064 0.062 0.694 0.0 -0.719 0.042 0.994 0.0 0.089 0.058 
0.998 -0.029 -0.053 0.009 -0.694 -0.0 -0.72 0.025 -0.973 -0.0 -0.079 -0.215 0.773 -0.0 -0.634 0.022 0.976 0.0 -0.05 -0.21 -0.628 -0.0 -0.777 0.052 -0.996 -0.0 0.064 0.061 0.694 0.0 -0.719 0.042 0.994 0.0 0.089 0.058 
0.998 -0.029 -0.053 0.009 -0.694 -0.0 -0.72 0.025 -0.973 0.0 -0.079 -0.215 0.773 0.0 -0.634 0.023 0.976 0.0 -0.05 -0.21 -0.628 -0.0 -0.777 0.052 -0.996 -0.0 0.064 0.061 0.694 0.0 -0.719 0.042 0.994 0.0 0.089 0.058 
0.998 -0.029 -0.053 0.009 -0.694 -0.0 -0.72 0.025 -0.974 -0.0 -0.079 -0.214 0.773 0.0 -0.634 0.023 0.976 0.0 -0.051 -0.21 -0.628 -0.0 -0.777 0.052 -0.996 -0.0 0.064 0.061 0.694 -0.0 -0.719 0.042 0.994 0.0 0.089 0.058 
0.998 -0.029 -0.053 0.009 -0.694 -0.0 -0.72 0.025 -0.974 -0.0 -0.079 -0.214 0.773 -0.0 -0.635 0.023 0.977 -0.0 -0.05 -0.209 -0.628 -0.0 -0.777 0.052 -0.996 -0.0 0.064 0.061 0.694 -0.0 -0.719 0.042 0.994 0.0 0.089 0.058 
0.998 -0.029 -0.053 0.009 -0.694 -0.0 -0.72 0.025 -0.974 -0.0 -0.079 -0.214 0.772 0.0 -0.635 0.023 0.977 -0.0 -0.051 -0.209 -0.628 -0.0 -0.777 0.051 -0.996 -0.0 0.064 0.062 0.694 0.0 -0.719 0.041 0.994 0.0 0.089 0.059 
0.998 -0.029 -0.053 0.009 -0.694 -0.0 -0.72 0.025 -0.974 -0.0 -0.079 -0.214 0.772 0.0 -0.635 0.023 0.977 0.0 -0.051 -0.209 -0.628 -0.0 -0.777 0.051 -0.996 -0.0 0.064 0.062 0.694 0.0 -0.719 0.04 0.994 0.0 0.089 0.059 
0.998 -0.029 -0.053 0.009 -0.694 0.0 -0.72 0.026 -0.973 0.0 -0.08 -0.214 0.772 0.0 -0.635 0.024 0.976 0.0 -0.051 -0.21 -0.628 -0.0 -0.777 0.05 -0.996 0.0 0.064 0.062 0.694 0.0 -0.719 0.04 0.994 0.0 0.089 0.059 
0.998 -0.028 -0.053 0.008 -0.694 -0.0 -0.72 0.026 -0.974 -0.0 -0.08 -0.214 0.772 0.0 -0.635 0.023 0.977 0.0 -0.051 -0.209 -0.628 -0.0 -0.777 0.049 -0.996 -0.0 0.064 0.062 0.694 0.0 -0.719 0.04 0.994 0.0 0.089 0.059 
0.998 -0.028 -0.053 0.009 -0.694 0.0 -0.719 0.026 -0.973 -0.0 -0.08 -0.214 0.772 0.0 -0.635 0.024 0.976 -0.0 -0.051 -0.21 -0.628 -0.0 -0.777 0.049 -0.996 -0.0 0.064 0.062 0.694 0.0 -0.719 0.04 0.994 -0.0 0.089 0.059 
0.998 -0.028 -0.053 0.008 -0.694 0.0 -0.719 0.027 -0.973 -0.0 -0.08 -0.214 0.772 0.0 -0.635 0.024 0.976 0.0 -0.051 -0.21 -0.628 -0.0 -0.777 0.049 -0.996 0.0 0.064 0.062 0.694 0.0 -0.719 0.039 0.994 0.0 0.089 0.059 
0.998 -0.028 -0.052 0.008 -0.694 -0.0 -0.719 0.028 -0.973 -0.0 -0.079 -0.215 0.772 0.0 -0.636 0.024 0.976 0.0 -0.051 -0.21 -0.628 -0.0 -0.777 0.049 -0.996 0.0 0.064 0.062 0.694 0.0 -0.719 0.039 0.994 0.0 0.089 0.059 
0.998 -0.028 -0.052 0.008 -0.694 -0.0 -0.719 0.027 -0.974 0.0 -0.08 -0.214 0.772 0.0 -0.636 0.024 0.977 0.0 -0.051 -0.209 -0.628 -0.0 -0.777 0.048 -0.996 -0.0 0.064 0.062 0.694 0.0 -0.719 0.039 0.994 -0.0 0.089 0.059 
0.998 -0.028 -0.052 0.008 -0.695 -0.0 -0.719 0.027 -0.973 0.0 -0.081 -0.214 0.772 0.0 -0.636 0.024 0.977 0.0 -0.052 -0.208 -0.628 -0.0 -0.777 0.048 -0.996 -0.0 0.064 0.062 0.694 0.0 -0.719 0.038 0.994 0.0 0.088 0.06 
0.998 -0.028 -0.052 0.008 -0.695 -0.0 -0.719 0.027 -0.973 -0.0 -0.08 -0.215 0.771 0.0 -0.636 0.024 0.977 0.0 -0.052 -0.209 -0.628 -0.0 -0.777 0.047 -0.996 -0.0 0.063 0.062 0.694 0.0 -0.719 0.038 0.994 0.0 0.088 0.06 
0.998 -0.028 -0.052 0.008 -0.695 -0.0 -0.719 0.028 -0.973 -0.0 -0.08 -0.215 0.771 0.0 -0.636 0.024 0.977 0.0 -0.052 -0.208 -0.628 -0.0 -0.777 0.047 -0.996 0.0 0.063 0.063 0.694 0.0 -0.719 0.038 0.994 0.0 0.088 0.06 
0.998 -0.028 -0.052 0.008 -0.695 -0.0 -0.719 0.028 -0.973 -0.0 -0.08 -0.215 0.771 0.0 -0.636 0.024 0.977 0.0 -0.052 -0.208 -0.628 -0.0 -0.777 0.047 -0.996 0.0 0.063 0.063 0.694 -0.0 -0.719 0.037 0.994 -0.0 0.089 0.06 
0.998 -0.028 -0.052 0.008 -0.695 -0.0 -0.718 0.028 -0.973 0.0 -0.08 -0.215 0.771 0.0 -0.636 0.024 0.977 0.0 -0.052 -0.208 -0.628 -0.0 -0.777 0.047 -0.996 -0.0 0.063 0.063 0.694 0.0 -0.719 0.036 0.994 0.0 0.088 0.06 
0.998 -0.028 -0.052 0.008 -0.695 -0.0 -0.719 0.029 -0.973 -0.0 -0.079 -0.216 0.771 0.0 -0.636 0.024 0.977 0.0 -0.052 -0.208 -0.627 -0.0 -0.777 0.046 -0.996 -0.0 0.063 0.063 0.694 -0.0 -0.719 0.036 0.994 0.0 0.088 0.061 
0.998 -0.027 -0.052 0.008 -0.695 -0.0 -0.719 0.029 -0.973 -0.0 -0.079 -0.216 0.771 0.0 -0.636 0.024 0.977 0.0 -0.052 -0.208 -0.628 -0.0 -0.777 0.046 -0.996 -0.0 0.063 0.063 0.694 0.0 -0.719 0.036 0.994 0.0 0.088 0.06 
0.998 -0.027 -0.053 0.008 -0.695 0.0 -0.719 0.029 -0.973 -0.0 -0.078 -0.215 0.771 0.0 -0.636 0.024 0.977 0.0 -0.052 -0.208 -0.627 -0.0 -0.777 0.046 -0.996 -0.0 0.063 0.063 0.694 0.0 -0.719 0.036 0.994 0.0 0.088 0.06 
0.998 -0.027 -0.052 0.008 -0.695 -0.0 -0.719 0.028 -0.973 -0.0 -0.078 -0.215 0.771 0.0 -0.637 0.024 0.977 0.0 -0.052 -0.208 -0.627 -0.0 -0.777 0.045 -0.996 -0.0 0.063 0.063 0.694 -0.0 -0.719 0.035 0.994 0.0 0.088 0.061 
0.998 -0.027 -0.052 0.008 -0.695 -0.0 -0.718 0.028 -0.974 -0.0 -0.078 -0.215 0.771 0.0 -0.637 0.025 0.977 0.0 -0.053 -0.208 -0.627 -0.0 -0.777 0.045 -0.996 -0.0 0.063 0.063 0.694 0.0 -0.719 0.036 0.994 0.0 0.089 0.06 
0.998 -0.027 -0.052 0.008 -0.695 0.0 -0.718 0.028 -0.974 -0.0 -0.077 -0.215 0.771 0.0 -0.637 0.024 0.977 0.0 -0.053 -0.208 -0.627 -0.0 -0.777 0.045 -0.996 0.0 0.063 0.062 0.694 0.0 -0.719 0.035 0.994 -0.0 0.088 0.06 
0.998 -0.027 -0.052 0.008 -0.695 -0.0 -0.718 0.028 -0.974 -0.0 -0.076 -0.215 0.77 -0.0 -0.637 0.025 0.977 0.0 -0.053 -0.208 -0.627 -0.0 -0.777 0.045 -0.996 -0.0 0.063 0.063 0.694 0.0 -0.719 0.035 0.994 0.0 0.088 0.061 
0.998 -0.027 -0.052 0.007 -0.696 -0.0 -0.718 0.029 -0.974 -0.0 -0.076 -0.215 0.77 -0.0 -0.637 0.025 0.977 0.0 -0.053 -0.208 -0.627 -0.0 -0.777 0.045 -0.996 -0.0 0.063 0.062 0.694 0.0 -0.719 0.036 0.994 0.0 0.089 0.06 
0.998 -0.027 -0.053 0.007 -0.695 -0.0 -0.718 0.029 -0.974 0.0 -0.076 -0.215 0.771 0.0 -0.636 0.024 0.977 0.0 -0.052 -0.208 -0.627 -0.0 -0.778 0.044 -0.996 -0.0 0.062 0.063 0.695 0.0 -0.718 0.035 0.994 0.0 0.088 0.06 
0.998 -0.027 -0.053 0.007 -0.695 -0.0 -0.718 0.029 -0.974 -0.0 -0.076 -0.216 0.771 0.0 -0.637 0.024 0.977 0.0 -0.053 -0.208 -0.627 -0.0 -0.778 0.043 -0.996 -0.0 0.062 0.063 0.695 0.0 -0.718 0.035 0.994 0.0 0.088 0.06 
0.998 -0.027 -0.053 0.007 -0.695 -0.0 -0.718 0.029 -0.974 -0.0 -0.076 -0.215 0.771 0.0 -0.637 0.025 0.977 0.0 -0.053 -0.208 -0.628 -0.0 -0.777 0.043 -0.996 -0.0 0.062 0.063 0.695 0.0 -0.718 0.035 0.994 0.0 0.088 0.06 
0.998 -0.027 -0.053 0.006 -0.696 -0.0 -0.718 0.029 -0.974 -0.0 -0.076 -0.215 0.77 0.0 -0.637 0.025 0.977 0.0 -0.052 -0.209 -0.628 -0.0 -0.777 0.043 -0.996 -0.0 0.062 0.063 0.695 0.0 -0.718 0.035 0.994 -0.0 0.088 0.06 
0.998 -0.027 -0.053 0.006 -0.696 -0.0 -0.718 0.029 -0.974 0.0 -0.076 -0.215 0.77 0.0 -0.637 0.025 0.977 0.0 -0.053 -0.209 -0.628 0.0 -0.777 0.043 -0.996 -0.0 0.062 0.063 0.695 0.0 -0.718 0.034 0.994 0.0 0.088 0.06 
0.998 -0.027 -0.053 0.006 -0.696 -0.0 -0.718 0.029 -0.974 -0.0 -0.076 -0.215 0.77 0.0 -0.638 0.024 0.977 0.0 -0.052 -0.208 -0.628 -0.0 -0.777 0.043 -0.996 0.0 0.062 0.063 0.695 0.0 -0.718 0.035 0.994 0.0 0.088 0.06 
0.998 -0.027 -0.053 0.006 -0.696 -0.0 -0.717 0.03 -0.974 0.0 -0.076 -0.216 0.77 -0.0 -0.638 0.025 0.977 0.0 -0.053 -0.209 -0.628 0.0 -0.777 0.042 -0.996 -0.0 0.062 0.063 0.695 0.0 -0.719 0.034 0.994 0.0 0.088 0.06 
0.998 -0.027 -0.053 0.006 -0.697 -0.0 -0.717 0.029 -0.974 -0.0 -0.077 -0.215 0.77 0.0 -0.638 0.024 0.977 0.0 -0.053 -0.209 -0.628 0.0 -0.777 0.042 -0.996 -0.0 0.062 0.063 0.695 0.0 -0.718 0.034 0.994 0.0 0.088 0.06 
0.998 -0.027 -0.053 0.006 -0.697 -0.0 -0.717 0.029 -0.974 0.0 -0.077 -0.215 0.77 -0.0 -0.638 0.024 0.977 0.0 -0.052 -0.209 -0.628 -0.0 -0.777 0.042 -0.996 -0.0 0.062 0.063 0.695 0.0 -0.718 0.034 0.994 0.0 0.088 0.06 
0.998 -0.026 -0.053 0.006 -0.696 -0.0 -0.717 0.029 -0.973 0.0 -0.076 -0.216 0.77 0.0 -0.638 0.024 0.977 0.0 -0.052 -0.209 -0.628 -0.0 -0.777 0.041 -0.996 -0.0 0.062 0.063 0.695 0.0 -0.718 0.033 0.994 0.0 0.088 0.06 
0.998 -0.026 -0.053 0.006 -0.697 -0.0 -0.717 0.029 -0.973 0.0 -0.076 -0.216 0.77 -0.0 -0.638 0.024 0.977 0.0 -0.052 -0.209 -0.628 -0.0 -0.777 0.041 -0.996 -0.0 0.062 0.063 0.695 0.0 -0.718 0.033 0.994 0.0 0.088 0.061 
0.998 -0.026 -0.053 0.005 -0.697 -0.0 -0.717 0.03 -0.974 -0.0 -0.076 -0.216 0.769 -0.0 -0.638 0.024 0.977 0.0 -0.052 -0.209 -0.628 -0.0 -0.777 0.041 -0.996 -0.0 0.062 0.063 0.695 0.0 -0.718 0.033 0.994 0.0 0.088 0.06 
0.998 -0.026 -0.053 0.006 -0.697 -0.0 -0.717 0.029 -0.974 -0.0 -0.076 -0.216 0.769 0.0 -0.638 0.024 0.976 0.0 -0.053 -0.209 -0.628 -0.0 -0.777 0.04 -0.996 0.0 0.061 0.063 0.695 0.0 -0.718 0.032 0.994 -0.0 0.088 0.061 
0.998 -0.026 -0.053 0.006 -0.697 -0.0 -0.717 0.029 -0.974 -0.0 -0.075 -0.216 0.769 0.0 -0.638 0.024 0.976 0.0 -0.053 -0.209 -0.628 0.0 -0.777 0.04 -0.996 0.0 0.061 0.063 0.695 0.0 -0.718 0.032 0.994 0.0 0.088 0.061 
0.998 -0.026 -0.053 0.006 -0.697 -0.0 -0.716 0.029 -0.974 -0.0 -0.076 -0.215 0.769 0.0 -0.638 0.024 0.976 0.0 -0.053 -0.209 -0.628 0.0 -0.777 0.04 -0.996 -0.0 0.061 0.064 0.695 0.0 -0.718 0.032 0.994 0.0 0.088 0.061 
0.998 -0.026 -0.053 0.005 -0.697 -0.0 -0.716 0.029 -0.974 -0.0 -0.076 -0.215 0.769 0.0 -0.638 0.023 0.977 0.0 -0.053 -0.209 -0.628 -0.0 -0.777 0.039 -0.996 -0.0 0.061 0.064 0.695 0.0 -0.718 0.032 0.994 0.0 0.087 0.061 
0.998 -0.026 -0.053 0.005 -0.697 -0.0 -0.716 0.029 -0.974 -0.0 -0.075 -0.215 0.769 0.0 -0.639 0.023 0.977 0.0 -0.053 -0.209 -0.628 -0.0 -0.777 0.039 -0.996 -0.0 0.061 0.064 0.695 0.0 -0.718 0.031 0.994 0.0 0.088 0.061 
0.998 -0.026 -0.053 0.005 -0.697 -0.0 -0.716 0.029 -0.974 -0.0 -0.075 -0.215 0.769 0.0 -0.639 0.024 0.976 0.0 -0.053 -0.209 -0.628 -0.0 -0.778 0.039 -0.996 -0.0 0.061 0.064 0.695 0.0 -0.718 0.031 0.994 0.0 0.088 0.061 
0.998 -0.026 -0.053 0.005 -0.697 0.0 -0.716 0.028 -0.974 -0.0 -0.075 -0.214 0.769 0.0 -0.639 0.023 0.977 0.0 -0.053 -0.209 -0.628 -0.0 -0.778 0.039 -0.996 -0.0 0.061 0.064 0.695 0.0 -0.718 0.031 0.994 0.0 0.088 0.062 
0.998 -0.026 -0.053 0.005 -0.697 -0.0 -0.716 0.028 -0.974 -0.0 -0.075 -0.215 0.769 0.0 -0.639 0.023 0.977 0.0 -0.053 -0.209 -0.628 0.0 -0.778 0.039 -0.996 -0.0 0.061 0.064 0.695 0.0 -0.718 0.031 0.994 0.0 0.088 0.062 
0.998 -0.026 -0.053 0.005 -0.698 -0.0 -0.716 0.028 -0.974 -0.0 -0.075 -0.215 0.769 0.0 -0.639 0.023 0.976 0.0 -0.053 -0.209 -0.628 -0.0 -0.778 0.038 -0.996 -0.0 0.061 0.064 0.695 0.0 -0.718 0.03 0.994 0.0 0.088 0.062 
0.998 -0.026 -0.053 0.005 -0.697 -0.0 -0.716 0.028 -0.974 -0.0 -0.075 -0.214 0.769 0.0 -0.639 0.023 0.977 0.0 -0.053 -0.209 -0.628 -0.0 -0.778 0.038 -0.996 0.0 0.061 0.064 0.695 0.0 -0.718 0.031 0.994 0.0 0.087 0.062 
0.998 -0.026 -0.053 0.005 -0.698 -0.0 -0.716 0.028 -0.974 -0.0 -0.076 -0.214 0.769 0.0 -0.639 0.023 0.977 0.0 -0.053 -0.209 -0.628 -0.0 -0.778 0.038 -0.996 0.0 0.061 0.064 0.695 0.0 -0.718 0.03 0.994 0.0 0.087 0.062 
0.998 -0.026 -0.053 0.005 -0.698 -0.0 -0.716 0.028 -0.974 -0.0 -0.075 -0.214 0.769 0.0 -0.639 0.023 0.976 0.0 -0.052 -0.209 -0.628 -0.0 -0.778 0.038 -0.996 -0.0 0.061 0.064 0.695 0.0 -0.718 0.03 0.994 0.0 0.087 0.062 
0.998 -0.026 -0.053 0.005 -0.698 0.0 -0.716 0.028 -0.974 -0.0 -0.075 -0.214 0.769 -0.0 -0.639 0.023 0.977 0.0 -0.053 -0.208 -0.627 -0.0 -0.778 0.038 -0.996 0.0 0.061 0.064 0.695 -0.0 -0.718 0.03 0.994 0.0 0.087 0.062 
0.998 -0.026 -0.053 0.005 -0.698 -0.0 -0.716 0.028 -0.974 -0.0 -0.075 -0.214 0.769 0.0 -0.639 0.023 0.977 0.0 -0.052 -0.208 -0.628 -0.0 -0.778 0.038 -0.996 -0.0 0.061 0.065 0.695 0.0 -0.718 0.03 0.994 0.0 0.087 0.062 
0.998 -0.026 -0.053 0.005 -0.698 -0.0 -0.716 0.028 -0.974 0.0 -0.076 -0.214 0.769 -0.0 -0.639 0.023 0.977 0.0 -0.052 -0.209 -0.628 -0.0 -0.778 0.038 -0.996 -0.0 0.061 0.065 0.695 0.0 -0.718 0.03 0.994 0.0 0.087 0.063 
0.998 -0.026 -0.053 0.005 -0.698 -0.0 -0.716 0.028 -0.974 -0.0 -0.075 -0.214 0.769 0.0 -0.639 0.023 0.977 0.0 -0.052 -0.209 -0.628 -0.0 -0.778 0.038 -0.996 -0.0 0.061 0.065 0.695 0.0 -0.718 0.03 0.994 0.0 0.087 0.063 
0.998 -0.026 -0.053 0.005 -0.697 -0.0 -0.716 0.028 -0.974 -0.0 -0.075 -0.214 0.769 0.0 -0.639 0.023 0.977 0.0 -0.052 -0.209 -0.627 -0.0 -0.778 0.038 -0.996 -0.0 0.061 0.065 0.695 0.0 -0.718 0.029 0.994 0.0 0.087 0.063 
0.998 -0.026 -0.053 0.005 -0.697 -0.0 -0.716 0.028 -0.974 -0.0 -0.075 -0.214 0.769 0.0 -0.639 0.022 0.977 0.0 -0.052 -0.208 -0.628 -0.0 -0.778 0.037 -0.996 -0.0 0.061 0.065 0.695 0.0 -0.718 0.029 0.994 0.0 0.087 0.063 
0.998 -0.026 -0.053 0.004 -0.697 0.0 -0.716 0.028 -0.974 -0.0 -0.076 -0.215 0.769 0.0 -0.639 0.022 0.977 0.0 -0.052 -0.208 -0.627 -0.0 -0.778 0.037 -0.996 -0.0 0.061 0.065 0.696 0.0 -0.718 0.03 0.994 0.0 0.087 0.063 
0.998 -0.026 -0.053 0.005 -0.697 -0.0 -0.716 0.028 -0.974 -0.0 -0.076 -0.215 0.769 0.0 -0.639 0.022 0.977 -0.0 -0.051 -0.208 -0.627 -0.0 -0.778 0.037 -0.996 -0.0 0.061 0.065 0.695 0.0 -0.718 0.029 0.994 0.0 0.087 0.064 
0.998 -0.026 -0.053 0.005 -0.697 -0.0 -0.716 0.028 -0.974 0.0 -0.076 -0.215 0.769 0.0 -0.639 0.022 0.977 0.0 -0.051 -0.208 -0.628 -0.0 -0.778 0.037 -0.996 0.0 0.061 0.065 0.696 0.0 -0.718 0.029 0.994 0.0 0.087 0.064 
0.998 -0.026 -0.053 0.005 -0.697 -0.0 -0.716 0.028 -0.974 -0.0 -0.076 -0.215 0.769 0.0 -0.639 0.022 0.977 0.0 -0.051 -0.208 -0.628 -0.0 -0.778 0.037 -0.996 -0.0 0.061 0.065 0.696 0.0 -0.718 0.029 0.994 0.0 0.087 0.063 
0.998 -0.026 -0.053 0.005 -0.697 -0.0 -0.716 0.028 -0.974 -0.0 -0.076 -0.215 0.769 0.0 -0.639 0.022 0.977 0.0 -0.051 -0.208 -0.628 -0.0 -0.778 0.037 -0.996 0.0 0.061 0.065 0.696 0.0 -0.718 0.03 0.994 0.0 0.087 0.063 
0.998 -0.026 -0.053 0.004 -0.697 -0.0 -0.716 0.028 -0.974 -0.0 -0.076 -0.214 0.769 0.0 -0.639 0.022 0.977 0.0 -0.051 -0.208 -0.628 -0.0 -0.778 0.037 -0.996 -0.0 0.061 0.065 0.696 0.0 -0.718 0.03 0.994 0.0 0.087 0.063 
0.998 -0.026 -0.053 0.004 -0.697 -0.0 -0.716 0.028 -0.974 -0.0 -0.077 -0.215 0.769 0.0 -0.639 0.022 0.977 0.0 -0.051 -0.208 -0.628 -0.0 -0.778 0.037 -0.996 -0.0 0.061 0.066 0.696 0.0 -0.718 0.03 0.994 0.0 0.087 0.063 
0.998 -0.026 -0.053 0.004 -0.697 -0.0 -0.716 0.028 -0.974 0.0 -0.077 -0.215 0.769 0.0 -0.639 0.022 0.977 0.0 -0.051 -0.208 -0.628 -0.0 -0.778 0.037 -0.996 -0.0 0.06 0.065 0.696 0.0 -0.718 0.03 0.994 0.0 0.087 0.063 
0.998 -0.026 -0.053 0.004 -0.697 0.0 -0.716 0.028 -0.974 0.0 -0.077 -0.215 0.769 0.0 -0.639 0.021 0.977 0.0 -0.051 -0.208 -0.628 -0.0 -0.778 0.037 -0.996 -0.0 0.06 0.066 0.696 0.0 -0.718 0.03 0.994 0.0 0.087 0.063 
0.998 -0.027 -0.053 0.004 -0.697 -0.0 -0.716 0.028 -0.974 -0.0 -0.077 -0.215 0.769 0.0 -0.639 0.022 0.977 0.0 -0.051 -0.208 -0.628 -0.0 -0.778 0.037 -0.996 -0.0 0.06 0.066 0.696 0.0 -0.718 0.03 0.994 0.0 0.087 0.063 
0.998 -0.026 -0.053 0.004 -0.697 -0.0 -0.716 0.028 -0.974 -0.0 -0.078 -0.215 0.769 0.0 -0.639 0.021 0.977 0.0 -0.05 -0.208 -0.628 -0.0 -0.778 0.037 -0.996 -0.0 0.06 0.065 0.696 -0.0 -0.718 0.03 0.994 0.0 0.087 0.063 
0.998 -0.026 -0.053 0.004 -0.697 -0.0 -0.716 0.028 -0.974 -0.0 -0.078 -0.215 0.769 0.0 -0.639 0.021 0.977 -0.0 -0.05 -0.208 -0.628 -0.0 -0.778 0.037 -0.996 -0.0 0.06 0.065 0.696 0.0 -0.718 0.03 0.994 -0.0 0.087 0.063 
0.998 -0.027 -0.053 0.004 -0.697 -0.0 -0.716 0.028 -0.973 -0.0 -0.078 -0.215 0.769 0.0 -0.639 0.021 0.977 0.0 -0.05 -0.208 -0.628 0.0 -0.778 0.037 -0.996 -0.0 0.06 0.066 0.696 0.0 -0.718 0.03 0.994 0.0 0.087 0.063 
0.998 -0.027 -0.053 0.004 -0.698 0.0 -0.716 0.027 -0.974 -0.0 -0.08 -0.214 0.769 0.0 -0.639 0.021 0.977 0.0 -0.05 -0.207 -0.628 0.0 -0.778 0.037 -0.996 -0.0 0.06 0.066 0.696 0.0 -0.718 0.03 0.994 -0.0 0.087 0.063 
0.998 -0.027 -0.053 0.004 -0.698 -0.0 -0.716 0.027 -0.974 -0.0 -0.08 -0.214 0.769 0.0 -0.639 0.021 0.977 0.0 -0.05 -0.207 -0.628 -0.0 -0.778 0.037 -0.996 -0.0 0.06 0.066 0.696 0.0 -0.718 0.03 0.994 0.0 0.087 0.063 
0.998 -0.027 -0.053 0.004 -0.697 -0.0 -0.716 0.027 -0.974 0.0 -0.08 -0.214 0.769 0.0 -0.639 0.021 0.977 -0.0 -0.05 -0.208 -0.628 -0.0 -0.778 0.037 -0.996 0.0 0.06 0.066 0.696 0.0 -0.718 0.03 0.994 0.0 0.087 0.063 
0.998 -0.027 -0.053 0.004 -0.697 -0.0 -0.716 0.026 -0.974 -0.0 -0.08 -0.214 0.769 0.0 -0.639 0.021 0.977 0.0 -0.049 -0.207 -0.627 -0.0 -0.778 0.038 -0.996 -0.0 0.06 0.065 0.696 0.0 -0.718 0.03 0.994 0.0 0.087 0.064 
0.998 -0.027 -0.053 0.004 -0.697 -0.0 -0.717 0.027 -0.973 -0.0 -0.078 -0.215 0.769 0.0 -0.639 0.021 0.977 0.0 -0.049 -0.207 -0.627 -0.0 -0.778 0.038 -0.996 -0.0 0.06 0.065 0.696 0.0 -0.718 0.031 0.994 0.0 0.087 0.063 
0.998 -0.027 -0.053 0.004 -0.696 -0.0 -0.717 0.026 -0.973 -0.0 -0.078 -0.215 0.769 0.0 -0.639 0.021 0.977 0.0 -0.049 -0.207 -0.627 -0.0 -0.778 0.038 -0.996 0.0 0.061 0.066 0.696 0.0 -0.717 0.031 0.994 0.0 0.087 0.063 
0.998 -0.027 -0.053 0.004 -0.697 -0.0 -0.717 0.025 -0.974 -0.0 -0.079 -0.214 0.769 0.0 -0.639 0.021 0.977 0.0 -0.049 -0.207 -0.627 -0.0 -0.778 0.038 -0.996 -0.0 0.06 0.066 0.696 0.0 -0.717 0.031 0.994 0.0 0.087 0.063 
0.998 -0.027 -0.053 0.004 -0.697 -0.0 -0.717 0.025 -0.974 0.0 -0.079 -0.214 0.769 0.0 -0.639 0.021 0.977 0.0 -0.048 -0.206 -0.627 -0.0 -0.778 0.039 -0.996 0.0 0.061 0.066 0.696 0.0 -0.717 0.032 0.994 0.0 0.087 0.063 
0.998 -0.028 -0.053 0.004 -0.696 -0.0 -0.717 0.026 -0.974 -0.0 -0.078 -0.215 0.769 0.0 -0.639 0.021 0.977 0.0 -0.048 -0.206 -0.627 -0.0 -0.778 0.039 -0.996 0.0 0.061 0.065 0.696 0.0 -0.717 0.032 0.994 0.0 0.087 0.063 
0.998 -0.028 -0.053 0.004 -0.696 -0.0 -0.717 0.026 -0.974 -0.0 -0.078 -0.215 0.769 -0.0 -0.639 0.021 0.977 0.0 -0.049 -0.206 -0.627 -0.0 -0.778 0.039 -0.996 -0.0 0.061 0.065 0.696 0.0 -0.717 0.032 0.994 0.0 0.087 0.063 
0.998 -0.028 -0.053 0.004 -0.696 0.0 -0.717 0.026 -0.974 -0.0 -0.078 -0.215 0.769 0.0 -0.639 0.021 0.977 0.0 -0.048 -0.206 -0.627 -0.0 -0.778 0.04 -0.996 -0.0 0.061 0.065 0.696 0.0 -0.717 0.033 0.994 0.0 0.087 0.063 
0.998 -0.028 -0.052 0.004 -0.697 -0.0 -0.717 0.026 -0.974 0.0 -0.077 -0.215 0.769 0.0 -0.639 0.022 0.977 0.0 -0.049 -0.206 -0.627 -0.0 -0.778 0.041 -0.996 0.0 0.062 0.065 0.695 0.0 -0.718 0.033 0.994 0.0 0.088 0.063 
0.998 -0.029 -0.052 0.004 -0.697 -0.0 -0.717 0.026 -0.973 0.0 -0.077 -0.215 0.769 0.0 -0.639 0.022 0.977 0.0 -0.049 -0.207 -0.627 0.0 -0.778 0.042 -0.996 -0.0 0.062 0.064 0.695 0.0 -0.718 0.034 0.994 -0.0 0.088 0.063 
0.998 -0.029 -0.052 0.005 -0.697 -0.0 -0.717 0.026 -0.973 -0.0 -0.077 -0.216 0.769 0.0 -0.639 0.022 0.977 0.0 -0.049 -0.207 -0.627 -0.0 -0.778 0.042 -0.996 -0.0 0.062 0.065 0.695 0.0 -0.718 0.033 0.994 0.0 0.087 0.064 
0.998 -0.029 -0.052 0.005 -0.697 -0.0 -0.717 0.026 -0.973 -0.0 -0.077 -0.216 0.769 -0.0 -0.639 0.022 0.977 0.0 -0.049 -0.206 -0.627 -0.0 -0.778 0.043 -0.996 0.0 0.062 0.064 0.695 0.0 -0.718 0.033 0.994 0.0 0.087 0.064 
0.998 -0.029 -0.052 0.005 -0.697 0.0 -0.717 0.025 -0.973 -0.0 -0.079 -0.216 0.769 0.0 -0.639 0.023 0.977 0.0 -0.049 -0.207 -0.627 -0.0 -0.778 0.043 -0.996 -0.0 0.062 0.064 0.695 -0.0 -0.718 0.034 0.994 -0.0 0.087 0.064 
0.998 -0.029 -0.052 0.005 -0.697 0.0 -0.717 0.025 -0.973 -0.0 -0.079 -0.216 0.769 -0.0 -0.639 0.023 0.977 0.0 -0.049 -0.207 -0.627 0.0 -0.777 0.043 -0.996 -0.0 0.062 0.064 0.695 0.0 -0.718 0.034 0.994 0.0 0.088 0.064 
0.998 -0.029 -0.052 0.005 -0.697 -0.0 -0.717 0.025 -0.973 -0.0 -0.079 -0.216 0.769 -0.0 -0.639 0.023 0.977 0.0 -0.049 -0.207 -0.627 -0.0 -0.777 0.043 -0.996 -0.0 0.062 0.065 0.695 0.0 -0.718 0.035 0.994 0.0 0.088 0.063 
0.998 -0.03 -0.052 0.005 -0.697 0.0 -0.717 0.025 -0.973 -0.0 -0.079 -0.217 0.769 -0.0 -0.639 0.023 0.977 -0.0 -0.049 -0.207 -0.627 0.0 -0.777 0.044 -0.996 -0.0 0.062 0.064 0.695 0.0 -0.718 0.035 0.994 0.0 0.087 0.063 
0.998 -0.03 -0.052 0.005 -0.697 -0.0 -0.717 0.025 -0.973 -0.0 -0.079 -0.217 0.769 0.0 -0.639 0.023 0.977 0.0 -0.05 -0.207 -0.627 -0.0 -0.777 0.044 -0.996 -0.0 0.062 0.065 0.695 0.0 -0.718 0.035 0.994 0.0 0.087 0.064 
0.998 -0.03 -0.052 0.005 -0.697 0.0 -0.717 0.026 -0.973 -0.0 -0.079 -0.217 0.769 0.0 -0.639 0.023 0.977 0.0 -0.049 -0.207 -0.627 -0.0 -0.777 0.044 -0.996 -0.0 0.062 0.064 0.695 -0.0 -0.718 0.035 0.994 -0.0 0.088 0.063 
0.998 -0.03 -0.052 0.005 -0.697 -0.0 -0.717 0.026 -0.973 -0.0 -0.08 -0.217 0.769 0.0 -0.639 0.023 0.977 0.0 -0.049 -0.207 -0.627 -0.0 -0.777 0.044 -0.996 -0.0 0.062 0.065 0.695 0.0 -0.718 0.035 0.994 0.0 0.087 0.064 
0.998 -0.03 -0.052 0.005 -0.697 0.0 -0.717 0.026 -0.973 -0.0 -0.08 -0.217 0.769 0.0 -0.639 0.023 0.977 0.0 -0.049 -0.207 -0.627 0.0 -0.778 0.045 -0.996 -0.0 0.062 0.064 0.695 -0.0 -0.718 0.035 0.994 0.0 0.087 0.064 
0.998 -0.03 -0.052 0.005 -0.697 0.0 -0.717 0.025 -0.973 -0.0 -0.081 -0.216 0.769 0.0 -0.639 0.023 0.977 -0.0 -0.049 -0.207 -0.627 0.0 -0.778 0.045 -0.996 0.0 0.062 0.064 0.695 0.0 -0.718 0.035 0.994 0.0 0.088 0.065 
0.998 -0.03 -0.052 0.005 -0.697 -0.0 -0.717 0.026 -0.973 -0.0 -0.08 -0.217 0.769 0.0 -0.639 0.022 0.977 0.0 -0.049 -0.206 -0.627 -0.0 -0.778 0.045 -0.996 -0.0 0.062 0.064 0.695 0.0 -0.718 0.035 0.994 0.0 0.088 0.064 
0.998 -0.03 -0.052 0.005 -0.697 -0.0 -0.717 0.026 -0.973 0.0 -0.08 -0.217 0.769 0.0 -0.639 0.022 0.977 0.0 -0.049 -0.206 -0.627 -0.0 -0.777 0.045 -0.996 -0.0 0.062 0.064 0.695 0.0 -0.718 0.036 0.994 -0.0 0.088 0.064 
0.998 -0.031 -0.052 0.005 -0.697 -0.0 -0.717 0.026 -0.973 -0.0 -0.08 -0.217 0.769 0.0 -0.639 0.023 0.977 0.0 -0.049 -0.207 -0.627 0.0 -0.777 0.046 -0.996 -0.0 0.062 0.064 0.695 0.0 -0.718 0.036 0.994 0.0 0.087 0.064 
0.998 -0.031 -0.052 0.005 -0.697 -0.0 -0.717 0.025 -0.973 -0.0 -0.08 -0.217 0.769 0.0 -0.639 0.023 0.977 0.0 -0.049 -0.207 -0.627 -0.0 -0.777 0.046 -0.996 -0.0 0.062 0.064 0.695 0.0 -0.718 0.036 0.994 0.0 0.088 0.064 
0.998 -0.031 -0.052 0.005 -0.697 -0.0 -0.717 0.026 -0.973 -0.0 -0.08 -0.217 0.769 0.0 -0.639 0.022 0.977 0.0 -0.049 -0.206 -0.627 -0.0 -0.777 0.046 -0.996 -0.0 0.062 0.064 0.695 0.0 -0.718 0.036 0.994 0.0 0.088 0.064 
0.998 -0.031 -0.052 0.005 -0.697 -0.0 -0.717 0.026 -0.973 -0.0 -0.079 -0.217 0.769 -0.0 -0.639 0.022 0.977 0.0 -0.049 -0.207 -0.627 -0.0 -0.777 0.047 -0.996 0.0 0.062 0.064 0.695 0.0 -0.718 0.036 0.994 0.0 0.088 0.064 
0.998 -0.031 -0.052 0.005 -0.697 -0.0 -0.717 0.025 -0.973 -0.0 -0.08 -0.216 0.769 0.0 -0.639 0.023 0.977 0.0 -0.049 -0.207 -0.627 -0.0 -0.777 0.047 -0.996 -0.0 0.062 0.063 0.695 -0.0 -0.718 0.036 0.994 -0.0 0.088 0.064 
0.998 -0.031 -0.052 0.005 -0.696 -0.0 -0.717 0.026 -0.973 -0.0 -0.079 -0.217 0.769 0.0 -0.639 0.022 0.977 0.0 -0.049 -0.207 -0.627 -0.0 -0.778 0.047 -0.996 -0.0 0.062 0.063 0.695 0.0 -0.718 0.037 0.994 0.0 0.088 0.064 
0.998 -0.031 -0.052 0.005 -0.697 -0.0 -0.717 0.025 -0.973 0.0 -0.08 -0.216 0.769 0.0 -0.639 0.022 0.977 -0.0 -0.049 -0.206 -0.627 -0.0 -0.777 0.047 -0.996 -0.0 0.062 0.063 0.695 0.0 -0.718 0.037 0.994 -0.0 0.088 0.064 
0.998 -0.031 -0.052 0.005 -0.696 -0.0 -0.717 0.026 -0.973 -0.0 -0.079 -0.217 0.769 0.0 -0.639 0.022 0.977 0.0 -0.049 -0.207 -0.627 -0.0 -0.777 0.048 -0.996 -0.0 0.063 0.063 0.695 0.0 -0.718 0.037 0.994 0.0 0.088 0.064 
0.998 -0.031 -0.052 0.005 -0.697 -0.0 -0.717 0.025 -0.973 -0.0 -0.08 -0.216 0.769 0.0 -0.639 0.023 0.977 0.0 -0.049 -0.207 -0.627 -0.0 -0.777 0.048 -0.996 -0.0 0.062 0.063 0.695 0.0 -0.718 0.037 0.994 0.0 0.088 0.064 
0.998 -0.031 -0.052 0.005 -0.697 -0.0 -0.717 0.025 -0.973 -0.0 -0.079 -0.215 0.769 0.0 -0.639 0.022 0.977 0.0 -0.049 -0.207 -0.627 -0.0 -0.777 0.048 -0.996 0.0 0.063 0.063 0.695 0.0 -0.718 0.037 0.994 0.0 0.088 0.064 
0.998 -0.031 -0.053 0.005 -0.696 -0.0 -0.717 0.025 -0.973 -0.0 -0.079 -0.215 0.769 0.0 -0.639 0.022 0.977 0.0 -0.048 -0.207 -0.627 -0.0 -0.778 0.047 -0.996 -0.0 0.063 0.064 0.696 -0.0 -0.717 0.037 0.994 0.0 0.087 0.064 
