# T   LUA LFA RUA RFA LT  LS  RT  RS  
-0.682 0.123 -0.169 -0.701 -0.931 0.0 -0.334 -0.148 -0.761 -0.0 -0.292 -0.579 0.95 0.0 -0.151 -0.274 0.525 0.0 -0.101 -0.845 -0.674 -0.0 -0.365 -0.643 -0.68 -0.0 -0.59 0.436 0.652 0.0 -0.398 -0.645 0.698 -0.0 -0.562 0.445 
-0.681 0.123 -0.169 -0.701 -0.931 -0.0 -0.334 -0.147 -0.761 -0.0 -0.292 -0.579 0.95 0.0 -0.152 -0.272 0.527 0.0 -0.087 -0.845 -0.674 -0.0 -0.365 -0.642 -0.68 -0.0 -0.589 0.436 0.652 0.0 -0.399 -0.645 0.697 -0.0 -0.562 0.445 
-0.682 0.123 -0.169 -0.701 -0.931 0.0 -0.334 -0.147 -0.761 -0.0 -0.292 -0.579 0.95 0.0 -0.153 -0.271 0.528 0.0 -0.077 -0.846 -0.674 0.0 -0.365 -0.642 -0.68 0.0 -0.589 0.437 0.652 -0.0 -0.399 -0.645 0.697 0.0 -0.562 0.445 
-0.682 0.123 -0.169 -0.701 -0.931 0.0 -0.334 -0.147 -0.762 -0.0 -0.292 -0.579 0.95 0.0 -0.154 -0.27 0.53 0.0 -0.063 -0.846 -0.674 0.0 -0.365 -0.642 -0.68 -0.0 -0.589 0.437 0.652 0.0 -0.399 -0.644 0.697 -0.0 -0.561 0.445 
-0.682 0.123 -0.17 -0.701 -0.931 0.0 -0.334 -0.147 -0.762 -0.0 -0.291 -0.579 0.951 0.0 -0.154 -0.269 0.532 0.0 -0.051 -0.845 -0.673 -0.0 -0.366 -0.642 -0.68 -0.0 -0.589 0.437 0.652 0.0 -0.399 -0.644 0.698 -0.0 -0.561 0.446 
-0.682 0.123 -0.17 -0.701 -0.931 -0.0 -0.335 -0.147 -0.762 -0.0 -0.291 -0.578 0.951 0.0 -0.155 -0.268 0.535 0.0 -0.039 -0.844 -0.673 -0.0 -0.366 -0.642 -0.68 -0.0 -0.589 0.438 0.652 0.0 -0.4 -0.644 0.698 0.0 -0.561 0.446 
-0.681 0.123 -0.17 -0.701 -0.931 -0.0 -0.335 -0.147 -0.762 -0.0 -0.291 -0.578 0.951 0.0 -0.155 -0.267 0.537 0.0 -0.027 -0.843 -0.673 -0.0 -0.366 -0.642 -0.68 -0.0 -0.588 0.438 0.652 0.0 -0.4 -0.644 0.698 0.0 -0.56 0.446 
-0.682 0.123 -0.17 -0.701 -0.931 -0.0 -0.335 -0.147 -0.763 -0.0 -0.29 -0.578 0.951 0.0 -0.156 -0.266 0.54 0.0 -0.016 -0.841 -0.673 -0.0 -0.367 -0.642 -0.68 0.0 -0.588 0.438 0.652 0.0 -0.4 -0.644 0.697 0.0 -0.561 0.447 
-0.681 0.124 -0.17 -0.701 -0.931 -0.0 -0.335 -0.146 -0.763 -0.0 -0.29 -0.578 0.951 -0.0 -0.156 -0.266 0.543 0.0 -0.006 -0.84 -0.674 -0.0 -0.367 -0.642 -0.68 -0.0 -0.588 0.438 0.652 0.0 -0.401 -0.643 0.697 -0.0 -0.56 0.447 
-0.681 0.124 -0.17 -0.701 -0.931 -0.0 -0.336 -0.146 -0.763 -0.0 -0.289 -0.578 0.952 0.0 -0.156 -0.265 0.546 0.0 0.004 -0.838 -0.674 -0.0 -0.367 -0.641 -0.68 -0.0 -0.588 0.439 0.652 0.0 -0.401 -0.643 0.697 0.0 -0.56 0.447 
-0.681 0.124 -0.171 -0.701 -0.93 -0.0 -0.336 -0.147 -0.763 -0.0 -0.289 -0.578 0.951 0.0 -0.158 -0.265 0.551 0.0 0.014 -0.834 -0.674 -0.0 -0.367 -0.641 -0.68 -0.0 -0.588 0.439 0.652 -0.0 -0.401 -0.643 0.698 0.0 -0.56 0.447 
-0.681 0.124 -0.171 -0.701 -0.93 -0.0 -0.336 -0.147 -0.764 -0.0 -0.288 -0.578 0.951 0.0 -0.158 -0.264 0.554 0.0 0.021 -0.832 -0.674 0.0 -0.368 -0.641 -0.68 -0.0 -0.588 0.439 0.652 0.0 -0.401 -0.643 0.697 0.0 -0.56 0.447 
-0.681 0.124 -0.171 -0.701 -0.93 -0.0 -0.336 -0.146 -0.764 -0.0 -0.288 -0.578 0.951 -0.0 -0.159 -0.264 0.558 0.0 0.028 -0.829 -0.674 0.0 -0.368 -0.641 -0.68 -0.0 -0.588 0.439 0.652 0.0 -0.401 -0.643 0.697 -0.0 -0.56 0.447 
-0.681 0.124 -0.171 -0.701 -0.93 -0.0 -0.336 -0.146 -0.764 0.0 -0.288 -0.578 0.951 -0.0 -0.159 -0.263 0.562 0.0 0.035 -0.826 -0.674 -0.0 -0.368 -0.641 -0.68 -0.0 -0.587 0.439 0.652 0.0 -0.401 -0.643 0.698 -0.0 -0.56 0.448 
-0.681 0.124 -0.171 -0.701 -0.93 -0.0 -0.337 -0.146 -0.764 -0.0 -0.288 -0.578 0.951 0.0 -0.159 -0.263 0.567 0.0 0.042 -0.823 -0.674 0.0 -0.368 -0.641 -0.68 -0.0 -0.587 0.439 0.652 -0.0 -0.401 -0.643 0.697 0.0 -0.56 0.448 
-0.681 0.124 -0.171 -0.701 -0.93 -0.0 -0.337 -0.146 -0.764 -0.0 -0.287 -0.578 0.951 -0.0 -0.159 -0.263 0.571 0.0 0.048 -0.82 -0.674 -0.0 -0.368 -0.641 -0.68 -0.0 -0.587 0.439 0.652 0.0 -0.401 -0.643 0.697 0.0 -0.559 0.448 
-0.681 0.124 -0.171 -0.701 -0.93 -0.0 -0.337 -0.146 -0.764 -0.0 -0.287 -0.578 0.951 0.0 -0.16 -0.263 0.576 0.0 0.052 -0.816 -0.674 -0.0 -0.368 -0.641 -0.68 -0.0 -0.587 0.439 0.652 0.0 -0.402 -0.643 0.697 0.0 -0.559 0.448 
-0.681 0.124 -0.171 -0.701 -0.93 -0.0 -0.337 -0.146 -0.764 -0.0 -0.286 -0.578 0.952 -0.0 -0.159 -0.263 0.58 0.0 0.056 -0.813 -0.674 -0.0 -0.368 -0.641 -0.68 -0.0 -0.587 0.439 0.652 0.0 -0.402 -0.643 0.697 0.0 -0.559 0.448 
-0.681 0.124 -0.171 -0.701 -0.93 -0.0 -0.337 -0.146 -0.764 -0.0 -0.286 -0.578 0.952 -0.0 -0.159 -0.263 0.585 0.0 0.06 -0.809 -0.674 -0.0 -0.368 -0.641 -0.68 -0.0 -0.587 0.439 0.652 0.0 -0.402 -0.643 0.697 0.0 -0.559 0.448 
-0.681 0.124 -0.171 -0.701 -0.93 -0.0 -0.337 -0.146 -0.764 -0.0 -0.286 -0.579 0.951 -0.0 -0.159 -0.264 0.59 0.0 0.062 -0.805 -0.674 -0.0 -0.368 -0.64 -0.68 -0.0 -0.587 0.439 0.652 0.0 -0.402 -0.643 0.697 0.0 -0.559 0.448 
-0.681 0.124 -0.171 -0.701 -0.93 -0.0 -0.338 -0.146 -0.764 -0.0 -0.286 -0.579 0.951 0.0 -0.158 -0.264 0.594 0.0 0.064 -0.802 -0.674 -0.0 -0.368 -0.64 -0.68 -0.0 -0.587 0.439 0.652 0.0 -0.402 -0.643 0.697 0.0 -0.559 0.448 
-0.681 0.124 -0.171 -0.701 -0.93 0.0 -0.338 -0.145 -0.764 -0.0 -0.286 -0.579 0.952 0.0 -0.158 -0.264 0.6 -0.0 0.065 -0.798 -0.674 -0.0 -0.368 -0.64 -0.68 0.0 -0.587 0.439 0.652 0.0 -0.402 -0.643 0.697 0.0 -0.559 0.448 
-0.681 0.124 -0.171 -0.701 -0.93 -0.0 -0.338 -0.145 -0.764 0.0 -0.286 -0.579 0.951 0.0 -0.157 -0.265 0.605 0.0 0.065 -0.794 -0.674 0.0 -0.368 -0.64 -0.68 -0.0 -0.587 0.439 0.652 0.0 -0.402 -0.643 0.697 0.0 -0.559 0.448 
-0.681 0.124 -0.171 -0.701 -0.93 -0.0 -0.338 -0.145 -0.763 0.0 -0.286 -0.579 0.951 0.0 -0.156 -0.265 0.61 -0.0 0.065 -0.79 -0.674 -0.0 -0.368 -0.64 -0.68 -0.0 -0.587 0.439 0.652 0.0 -0.402 -0.643 0.697 0.0 -0.559 0.448 
-0.681 0.124 -0.171 -0.701 -0.93 -0.0 -0.338 -0.145 -0.763 -0.0 -0.286 -0.579 0.951 0.0 -0.156 -0.266 0.616 -0.0 0.064 -0.785 -0.674 -0.0 -0.368 -0.64 -0.68 0.0 -0.587 0.439 0.652 -0.0 -0.402 -0.643 0.697 0.0 -0.559 0.448 
-0.681 0.125 -0.171 -0.701 -0.93 -0.0 -0.338 -0.145 -0.763 -0.0 -0.286 -0.58 0.951 -0.0 -0.155 -0.267 0.621 0.0 0.062 -0.781 -0.674 0.0 -0.369 -0.64 -0.68 -0.0 -0.587 0.439 0.652 0.0 -0.402 -0.643 0.697 0.0 -0.559 0.448 
-0.681 0.125 -0.171 -0.701 -0.93 0.0 -0.338 -0.145 -0.763 -0.0 -0.286 -0.58 0.951 0.0 -0.153 -0.268 0.627 0.0 0.059 -0.777 -0.674 -0.0 -0.368 -0.64 -0.68 0.0 -0.587 0.439 0.652 0.0 -0.401 -0.643 0.697 0.0 -0.559 0.448 
-0.681 0.125 -0.171 -0.701 -0.93 -0.0 -0.338 -0.145 -0.763 0.0 -0.286 -0.58 0.951 0.0 -0.152 -0.269 0.632 0.0 0.056 -0.773 -0.674 -0.0 -0.368 -0.64 -0.68 -0.0 -0.587 0.439 0.652 0.0 -0.402 -0.643 0.697 0.0 -0.559 0.448 
-0.681 0.125 -0.171 -0.701 -0.93 -0.0 -0.338 -0.145 -0.763 -0.0 -0.286 -0.58 0.951 0.0 -0.151 -0.269 0.637 0.0 0.052 -0.769 -0.674 -0.0 -0.368 -0.64 -0.68 -0.0 -0.587 0.439 0.652 0.0 -0.402 -0.643 0.697 -0.0 -0.559 0.448 
-0.681 0.124 -0.171 -0.701 -0.93 -0.0 -0.339 -0.145 -0.763 0.0 -0.286 -0.58 0.951 -0.0 -0.15 -0.27 0.642 0.0 0.048 -0.765 -0.674 0.0 -0.368 -0.64 -0.68 -0.0 -0.587 0.439 0.652 0.0 -0.401 -0.643 0.697 0.0 -0.559 0.448 
-0.681 0.124 -0.171 -0.701 -0.93 -0.0 -0.339 -0.144 -0.763 -0.0 -0.286 -0.58 0.951 0.0 -0.149 -0.271 0.647 0.0 0.043 -0.762 -0.674 -0.0 -0.368 -0.64 -0.68 -0.0 -0.587 0.439 0.652 0.0 -0.402 -0.643 0.697 0.0 -0.559 0.448 
-0.681 0.124 -0.171 -0.701 -0.93 -0.0 -0.339 -0.144 -0.763 -0.0 -0.287 -0.58 0.951 0.0 -0.148 -0.272 0.651 0.0 0.038 -0.758 -0.674 -0.0 -0.368 -0.641 -0.68 -0.0 -0.587 0.439 0.652 -0.0 -0.401 -0.643 0.697 0.0 -0.559 0.448 
-0.681 0.124 -0.171 -0.701 -0.93 -0.0 -0.339 -0.144 -0.763 0.0 -0.287 -0.58 0.951 0.0 -0.146 -0.273 0.656 0.0 0.032 -0.754 -0.674 -0.0 -0.368 -0.641 -0.68 -0.0 -0.587 0.439 0.652 0.0 -0.401 -0.643 0.697 0.0 -0.56 0.448 
-0.681 0.124 -0.17 -0.701 -0.93 -0.0 -0.339 -0.143 -0.763 0.0 -0.287 -0.58 0.951 0.0 -0.145 -0.274 0.661 -0.0 0.026 -0.75 -0.674 -0.0 -0.368 -0.641 -0.68 -0.0 -0.587 0.439 0.652 0.0 -0.401 -0.643 0.697 0.0 -0.56 0.448 
-0.681 0.124 -0.17 -0.701 -0.93 -0.0 -0.339 -0.143 -0.763 0.0 -0.287 -0.58 0.951 0.0 -0.144 -0.274 0.665 0.0 0.02 -0.747 -0.674 -0.0 -0.368 -0.641 -0.68 -0.0 -0.587 0.439 0.652 0.0 -0.401 -0.643 0.697 -0.0 -0.56 0.448 
-0.681 0.124 -0.17 -0.701 -0.93 -0.0 -0.339 -0.143 -0.762 0.0 -0.287 -0.58 0.951 0.0 -0.142 -0.275 0.669 0.0 0.013 -0.743 -0.674 -0.0 -0.368 -0.641 -0.68 -0.0 -0.588 0.439 0.652 0.0 -0.401 -0.643 0.697 0.0 -0.56 0.447 
-0.681 0.124 -0.17 -0.701 -0.93 -0.0 -0.34 -0.143 -0.762 -0.0 -0.287 -0.58 0.951 0.0 -0.141 -0.276 0.673 0.0 0.006 -0.739 -0.674 -0.0 -0.367 -0.641 -0.68 0.0 -0.588 0.438 0.652 0.0 -0.401 -0.644 0.697 0.0 -0.56 0.447 
-0.681 0.124 -0.17 -0.701 -0.93 0.0 -0.34 -0.143 -0.762 -0.0 -0.287 -0.58 0.951 0.0 -0.14 -0.276 0.677 0.0 -0.002 -0.736 -0.674 -0.0 -0.367 -0.641 -0.68 -0.0 -0.588 0.438 0.652 0.0 -0.4 -0.644 0.697 0.0 -0.56 0.447 
-0.681 0.124 -0.17 -0.701 -0.93 -0.0 -0.34 -0.143 -0.762 -0.0 -0.287 -0.58 0.951 0.0 -0.138 -0.276 0.68 0.0 -0.011 -0.733 -0.674 -0.0 -0.367 -0.641 -0.68 -0.0 -0.588 0.438 0.652 -0.0 -0.4 -0.644 0.697 0.0 -0.561 0.446 
-0.681 0.124 -0.17 -0.701 -0.93 -0.0 -0.34 -0.143 -0.762 0.0 -0.287 -0.58 0.951 0.0 -0.136 -0.276 0.683 0.0 -0.02 -0.73 -0.674 -0.0 -0.366 -0.642 -0.68 -0.0 -0.589 0.438 0.652 0.0 -0.399 -0.644 0.697 -0.0 -0.561 0.446 
-0.681 0.123 -0.169 -0.701 -0.93 -0.0 -0.34 -0.142 -0.762 -0.0 -0.287 -0.58 0.952 0.0 -0.134 -0.276 0.687 -0.0 -0.03 -0.726 -0.674 -0.0 -0.366 -0.642 -0.68 -0.0 -0.589 0.437 0.652 0.0 -0.399 -0.645 0.697 0.0 -0.561 0.446 
-0.681 0.123 -0.169 -0.701 -0.93 -0.0 -0.34 -0.142 -0.762 -0.0 -0.287 -0.581 0.952 0.0 -0.132 -0.277 0.689 0.0 -0.041 -0.723 -0.674 -0.0 -0.366 -0.642 -0.68 -0.0 -0.589 0.437 0.652 0.0 -0.399 -0.645 0.697 0.0 -0.561 0.446 
-0.681 0.123 -0.169 -0.702 -0.93 -0.0 -0.34 -0.141 -0.761 -0.0 -0.287 -0.581 0.952 -0.0 -0.13 -0.277 0.692 -0.0 -0.052 -0.72 -0.674 -0.0 -0.365 -0.642 -0.68 -0.0 -0.589 0.436 0.652 0.0 -0.398 -0.645 0.697 0.0 -0.562 0.445 
-0.681 0.123 -0.169 -0.702 -0.93 -0.0 -0.34 -0.141 -0.761 -0.0 -0.288 -0.581 0.952 0.0 -0.128 -0.278 0.695 0.0 -0.063 -0.716 -0.674 -0.0 -0.365 -0.642 -0.68 -0.0 -0.59 0.436 0.652 0.0 -0.398 -0.645 0.697 0.0 -0.562 0.445 
-0.681 0.123 -0.169 -0.702 -0.93 -0.0 -0.34 -0.14 -0.761 -0.0 -0.288 -0.582 0.952 0.0 -0.125 -0.279 0.697 0.0 -0.076 -0.713 -0.674 -0.0 -0.365 -0.642 -0.68 -0.0 -0.59 0.436 0.652 0.0 -0.398 -0.645 0.697 0.0 -0.562 0.445 
-0.681 0.122 -0.169 -0.702 -0.93 -0.0 -0.34 -0.139 -0.76 -0.0 -0.288 -0.582 0.953 0.0 -0.122 -0.279 0.7 0.0 -0.09 -0.709 -0.674 -0.0 -0.364 -0.643 -0.68 -0.0 -0.59 0.436 0.652 0.0 -0.398 -0.646 0.697 0.0 -0.562 0.444 
-0.681 0.122 -0.168 -0.702 -0.93 -0.0 -0.34 -0.138 -0.76 -0.0 -0.289 -0.583 0.953 0.0 -0.118 -0.28 0.701 0.0 -0.105 -0.705 -0.674 -0.0 -0.364 -0.643 -0.68 0.0 -0.59 0.435 0.652 0.0 -0.397 -0.646 0.697 -0.0 -0.563 0.444 
-0.682 0.122 -0.168 -0.702 -0.931 -0.0 -0.34 -0.137 -0.759 0.0 -0.289 -0.584 0.953 0.0 -0.115 -0.281 0.703 0.0 -0.12 -0.701 -0.674 -0.0 -0.363 -0.643 -0.68 -0.0 -0.591 0.435 0.652 0.0 -0.397 -0.646 0.697 -0.0 -0.563 0.444 
-0.682 0.122 -0.168 -0.702 -0.931 -0.0 -0.339 -0.136 -0.758 -0.0 -0.29 -0.584 0.953 0.0 -0.113 -0.282 0.706 -0.0 -0.135 -0.695 -0.674 -0.0 -0.363 -0.644 -0.68 -0.0 -0.591 0.434 0.652 0.0 -0.396 -0.646 0.697 -0.0 -0.563 0.443 
-0.682 0.121 -0.167 -0.702 -0.931 -0.0 -0.339 -0.134 -0.757 0.0 -0.291 -0.585 0.953 0.0 -0.11 -0.284 0.708 0.0 -0.151 -0.69 -0.674 -0.0 -0.362 -0.644 -0.68 -0.0 -0.591 0.434 0.652 0.0 -0.396 -0.647 0.697 0.0 -0.564 0.443 
-0.682 0.121 -0.167 -0.702 -0.931 -0.0 -0.339 -0.133 -0.756 -0.0 -0.292 -0.586 0.952 0.0 -0.108 -0.285 0.709 0.0 -0.167 -0.685 -0.674 -0.0 -0.362 -0.644 -0.68 0.0 -0.592 0.433 0.652 0.0 -0.395 -0.647 0.697 0.0 -0.564 0.443 
-0.682 0.121 -0.167 -0.702 -0.932 -0.0 -0.339 -0.132 -0.755 -0.0 -0.293 -0.586 0.952 0.0 -0.105 -0.287 0.709 0.0 -0.185 -0.68 -0.674 -0.0 -0.361 -0.644 -0.68 -0.0 -0.592 0.433 0.652 0.0 -0.395 -0.647 0.697 0.0 -0.564 0.442 
-0.682 0.121 -0.167 -0.702 -0.932 -0.0 -0.339 -0.131 -0.755 -0.0 -0.294 -0.587 0.952 0.0 -0.102 -0.289 0.71 0.0 -0.203 -0.675 -0.674 -0.0 -0.361 -0.644 -0.68 -0.0 -0.592 0.433 0.652 0.0 -0.395 -0.647 0.697 -0.0 -0.564 0.442 
-0.682 0.121 -0.167 -0.702 -0.932 -0.0 -0.338 -0.13 -0.754 -0.0 -0.295 -0.587 0.952 0.0 -0.1 -0.291 0.71 0.0 -0.219 -0.669 -0.674 0.0 -0.361 -0.645 -0.68 -0.0 -0.592 0.432 0.652 0.0 -0.394 -0.648 0.697 0.0 -0.565 0.442 
-0.682 0.12 -0.167 -0.702 -0.932 -0.0 -0.338 -0.129 -0.753 0.0 -0.296 -0.587 0.951 -0.0 -0.097 -0.292 0.71 0.0 -0.236 -0.663 -0.674 -0.0 -0.36 -0.645 -0.68 -0.0 -0.593 0.432 0.652 -0.0 -0.394 -0.648 0.697 0.0 -0.565 0.442 
-0.682 0.12 -0.166 -0.702 -0.933 -0.0 -0.337 -0.128 -0.753 -0.0 -0.297 -0.588 0.951 0.0 -0.096 -0.294 0.71 0.0 -0.253 -0.657 -0.674 -0.0 -0.36 -0.645 -0.68 -0.0 -0.593 0.432 0.652 0.0 -0.394 -0.648 0.697 0.0 -0.565 0.441 
-0.682 0.12 -0.166 -0.702 -0.933 0.0 -0.337 -0.128 -0.752 -0.0 -0.298 -0.588 0.951 0.0 -0.094 -0.296 0.709 0.0 -0.269 -0.652 -0.674 -0.0 -0.36 -0.645 -0.68 0.0 -0.593 0.431 0.652 -0.0 -0.394 -0.648 0.697 -0.0 -0.565 0.441 
-0.682 0.12 -0.166 -0.702 -0.933 0.0 -0.337 -0.127 -0.752 0.0 -0.299 -0.587 0.95 0.0 -0.091 -0.297 0.707 -0.0 -0.285 -0.647 -0.674 -0.0 -0.36 -0.645 -0.68 -0.0 -0.593 0.431 0.652 0.0 -0.393 -0.648 0.697 0.0 -0.565 0.441 
-0.682 0.12 -0.166 -0.702 -0.933 -0.0 -0.336 -0.126 -0.752 -0.0 -0.299 -0.587 0.95 0.0 -0.09 -0.299 0.705 0.0 -0.3 -0.642 -0.674 -0.0 -0.36 -0.645 -0.68 -0.0 -0.593 0.431 0.652 0.0 -0.393 -0.648 0.697 0.0 -0.565 0.441 
-0.682 0.12 -0.166 -0.702 -0.933 -0.0 -0.336 -0.126 -0.752 -0.0 -0.3 -0.587 0.95 0.0 -0.088 -0.3 0.703 0.0 -0.315 -0.637 -0.674 -0.0 -0.359 -0.645 -0.68 -0.0 -0.593 0.431 0.652 -0.0 -0.393 -0.648 0.697 0.0 -0.565 0.441 
-0.682 0.12 -0.166 -0.702 -0.934 -0.0 -0.335 -0.126 -0.752 -0.0 -0.301 -0.587 0.95 0.0 -0.087 -0.301 0.701 0.0 -0.328 -0.634 -0.674 -0.0 -0.359 -0.646 -0.68 -0.0 -0.594 0.43 0.652 0.0 -0.393 -0.649 0.697 0.0 -0.566 0.441 
-0.682 0.119 -0.166 -0.702 -0.934 -0.0 -0.335 -0.126 -0.752 -0.0 -0.302 -0.586 0.95 0.0 -0.086 -0.301 0.698 0.0 -0.341 -0.63 -0.674 -0.0 -0.359 -0.646 -0.68 -0.0 -0.594 0.43 0.652 0.0 -0.393 -0.649 0.697 0.0 -0.565 0.44 
-0.682 0.119 -0.166 -0.702 -0.934 -0.0 -0.335 -0.125 -0.752 0.0 -0.302 -0.586 0.949 0.0 -0.086 -0.302 0.694 0.0 -0.351 -0.628 -0.674 -0.0 -0.359 -0.646 -0.68 -0.0 -0.594 0.43 0.652 0.0 -0.392 -0.649 0.697 0.0 -0.566 0.44 
-0.682 0.119 -0.165 -0.702 -0.934 -0.0 -0.334 -0.125 -0.752 -0.0 -0.303 -0.585 0.949 0.0 -0.086 -0.302 0.691 0.0 -0.362 -0.626 -0.674 -0.0 -0.358 -0.646 -0.68 -0.0 -0.594 0.43 0.652 0.0 -0.392 -0.649 0.697 0.0 -0.566 0.44 
-0.682 0.119 -0.165 -0.702 -0.934 -0.0 -0.334 -0.124 -0.752 -0.0 -0.304 -0.585 0.949 -0.0 -0.086 -0.302 0.687 0.0 -0.373 -0.624 -0.674 -0.0 -0.358 -0.646 -0.68 -0.0 -0.594 0.429 0.652 0.0 -0.392 -0.65 0.697 0.0 -0.566 0.44 
-0.682 0.119 -0.165 -0.702 -0.935 -0.0 -0.333 -0.124 -0.752 -0.0 -0.305 -0.584 0.949 0.0 -0.086 -0.303 0.682 0.0 -0.383 -0.623 -0.674 -0.0 -0.358 -0.646 -0.68 -0.0 -0.594 0.429 0.652 0.0 -0.391 -0.65 0.697 0.0 -0.566 0.44 
-0.682 0.119 -0.165 -0.702 -0.935 0.0 -0.333 -0.124 -0.752 -0.0 -0.306 -0.584 0.949 0.0 -0.087 -0.303 0.678 0.0 -0.392 -0.622 -0.674 -0.0 -0.358 -0.646 -0.68 -0.0 -0.594 0.429 0.652 0.0 -0.391 -0.65 0.697 0.0 -0.566 0.44 
-0.682 0.119 -0.165 -0.702 -0.935 -0.0 -0.333 -0.123 -0.752 -0.0 -0.307 -0.583 0.949 0.0 -0.087 -0.303 0.673 -0.0 -0.4 -0.622 -0.674 -0.0 -0.358 -0.646 -0.68 -0.0 -0.595 0.429 0.652 0.0 -0.391 -0.65 0.697 0.0 -0.566 0.44 
-0.682 0.119 -0.165 -0.702 -0.935 -0.0 -0.332 -0.123 -0.752 -0.0 -0.308 -0.583 0.949 0.0 -0.088 -0.303 0.668 -0.0 -0.407 -0.623 -0.674 -0.0 -0.357 -0.647 -0.68 -0.0 -0.595 0.429 0.652 0.0 -0.391 -0.65 0.697 0.0 -0.566 0.44 
-0.682 0.119 -0.165 -0.702 -0.935 -0.0 -0.332 -0.122 -0.752 -0.0 -0.309 -0.582 0.949 0.0 -0.089 -0.304 0.663 0.0 -0.413 -0.624 -0.674 -0.0 -0.357 -0.647 -0.68 -0.0 -0.595 0.429 0.652 -0.0 -0.391 -0.65 0.697 0.0 -0.566 0.439 
-0.682 0.119 -0.165 -0.702 -0.935 -0.0 -0.332 -0.122 -0.752 -0.0 -0.31 -0.582 0.948 0.0 -0.09 -0.304 0.658 0.0 -0.418 -0.626 -0.674 -0.0 -0.357 -0.647 -0.68 -0.0 -0.595 0.428 0.651 -0.0 -0.391 -0.65 0.697 -0.0 -0.566 0.439 
-0.682 0.119 -0.165 -0.702 -0.935 -0.0 -0.332 -0.121 -0.752 -0.0 -0.31 -0.581 0.948 0.0 -0.091 -0.305 0.653 0.0 -0.423 -0.628 -0.674 -0.0 -0.357 -0.647 -0.68 -0.0 -0.595 0.428 0.651 0.0 -0.391 -0.65 0.697 0.0 -0.566 0.439 
-0.682 0.119 -0.165 -0.702 -0.935 -0.0 -0.332 -0.121 -0.752 -0.0 -0.311 -0.581 0.948 -0.0 -0.092 -0.305 0.647 0.0 -0.426 -0.632 -0.674 -0.0 -0.357 -0.647 -0.68 -0.0 -0.595 0.428 0.652 0.0 -0.391 -0.65 0.697 -0.0 -0.567 0.439 
-0.682 0.119 -0.165 -0.702 -0.936 -0.0 -0.332 -0.12 -0.753 0.0 -0.311 -0.58 0.948 0.0 -0.092 -0.305 0.642 0.0 -0.43 -0.635 -0.674 -0.0 -0.357 -0.647 -0.68 0.0 -0.595 0.428 0.651 0.0 -0.39 -0.65 0.697 0.0 -0.567 0.439 
-0.682 0.119 -0.165 -0.702 -0.936 -0.0 -0.332 -0.119 -0.753 0.0 -0.312 -0.58 0.948 -0.0 -0.093 -0.305 0.636 0.0 -0.432 -0.639 -0.674 -0.0 -0.357 -0.647 -0.68 -0.0 -0.595 0.428 0.652 0.0 -0.39 -0.65 0.697 0.0 -0.567 0.439 
-0.682 0.119 -0.165 -0.702 -0.936 0.0 -0.332 -0.119 -0.753 -0.0 -0.312 -0.579 0.948 0.0 -0.094 -0.305 0.63 0.0 -0.433 -0.644 -0.674 -0.0 -0.357 -0.647 -0.68 -0.0 -0.595 0.428 0.652 0.0 -0.39 -0.65 0.697 0.0 -0.567 0.439 
-0.682 0.119 -0.165 -0.702 -0.936 -0.0 -0.333 -0.118 -0.753 -0.0 -0.312 -0.579 0.947 0.0 -0.095 -0.306 0.625 0.0 -0.434 -0.649 -0.674 0.0 -0.357 -0.647 -0.68 0.0 -0.595 0.428 0.652 0.0 -0.39 -0.65 0.697 0.0 -0.567 0.439 
-0.682 0.119 -0.165 -0.702 -0.936 -0.0 -0.333 -0.118 -0.753 -0.0 -0.313 -0.578 0.947 0.0 -0.096 -0.306 0.619 -0.0 -0.436 -0.654 -0.674 -0.0 -0.357 -0.647 -0.68 0.0 -0.595 0.428 0.652 0.0 -0.391 -0.65 0.697 0.0 -0.567 0.439 
-0.682 0.119 -0.165 -0.702 -0.936 -0.0 -0.333 -0.117 -0.754 -0.0 -0.312 -0.578 0.947 0.0 -0.096 -0.306 0.612 -0.0 -0.435 -0.66 -0.674 -0.0 -0.357 -0.647 -0.68 -0.0 -0.595 0.429 0.652 0.0 -0.391 -0.65 0.697 -0.0 -0.567 0.439 
-0.682 0.119 -0.165 -0.702 -0.935 0.0 -0.334 -0.117 -0.754 -0.0 -0.312 -0.578 0.947 0.0 -0.097 -0.306 0.606 0.0 -0.435 -0.666 -0.674 -0.0 -0.357 -0.647 -0.68 0.0 -0.595 0.429 0.652 0.0 -0.391 -0.65 0.697 0.0 -0.567 0.439 
-0.682 0.119 -0.165 -0.702 -0.935 -0.0 -0.334 -0.116 -0.754 0.0 -0.311 -0.579 0.947 0.0 -0.098 -0.306 0.599 0.0 -0.433 -0.673 -0.674 -0.0 -0.357 -0.647 -0.68 -0.0 -0.595 0.429 0.652 0.0 -0.391 -0.65 0.697 0.0 -0.567 0.439 
-0.682 0.119 -0.165 -0.702 -0.935 -0.0 -0.335 -0.116 -0.754 -0.0 -0.311 -0.579 0.947 0.0 -0.1 -0.306 0.593 0.0 -0.432 -0.68 -0.674 -0.0 -0.358 -0.646 -0.68 -0.0 -0.594 0.429 0.652 0.0 -0.391 -0.65 0.697 -0.0 -0.566 0.439 
-0.682 0.119 -0.165 -0.702 -0.935 -0.0 -0.335 -0.115 -0.754 0.0 -0.309 -0.579 0.947 0.0 -0.101 -0.306 0.586 0.0 -0.429 -0.687 -0.674 -0.0 -0.358 -0.646 -0.68 -0.0 -0.594 0.429 0.652 0.0 -0.391 -0.65 0.697 0.0 -0.566 0.439 
-0.682 0.119 -0.165 -0.702 -0.935 -0.0 -0.336 -0.115 -0.754 -0.0 -0.308 -0.58 0.947 0.0 -0.102 -0.305 0.58 0.0 -0.426 -0.695 -0.674 -0.0 -0.358 -0.646 -0.68 -0.0 -0.594 0.43 0.652 0.0 -0.391 -0.649 0.697 0.0 -0.566 0.439 
-0.682 0.119 -0.165 -0.702 -0.935 -0.0 -0.337 -0.114 -0.754 -0.0 -0.307 -0.581 0.947 0.0 -0.104 -0.305 0.573 0.0 -0.421 -0.703 -0.674 -0.0 -0.358 -0.646 -0.68 -0.0 -0.594 0.43 0.652 0.0 -0.392 -0.649 0.697 0.0 -0.566 0.439 
-0.682 0.119 -0.165 -0.702 -0.935 -0.0 -0.337 -0.113 -0.754 -0.0 -0.305 -0.582 0.947 -0.0 -0.105 -0.304 0.566 0.0 -0.417 -0.711 -0.674 -0.0 -0.358 -0.646 -0.68 -0.0 -0.594 0.43 0.652 0.0 -0.392 -0.649 0.697 0.0 -0.566 0.44 
-0.682 0.12 -0.165 -0.702 -0.934 -0.0 -0.338 -0.113 -0.753 0.0 -0.303 -0.583 0.947 0.0 -0.107 -0.304 0.56 0.0 -0.411 -0.72 -0.674 -0.0 -0.359 -0.646 -0.68 0.0 -0.594 0.43 0.652 0.0 -0.392 -0.649 0.697 0.0 -0.566 0.44 
-0.682 0.12 -0.165 -0.702 -0.934 -0.0 -0.339 -0.112 -0.753 -0.0 -0.301 -0.585 0.947 0.0 -0.108 -0.303 0.553 0.0 -0.405 -0.728 -0.674 -0.0 -0.359 -0.646 -0.68 -0.0 -0.594 0.43 0.652 -0.0 -0.392 -0.649 0.697 -0.0 -0.566 0.44 
-0.682 0.12 -0.165 -0.702 -0.934 -0.0 -0.341 -0.111 -0.753 0.0 -0.298 -0.587 0.947 0.0 -0.11 -0.303 0.547 0.0 -0.397 -0.737 -0.674 -0.0 -0.359 -0.646 -0.68 -0.0 -0.594 0.43 0.652 0.0 -0.392 -0.649 0.697 0.0 -0.566 0.439 
-0.682 0.12 -0.165 -0.702 -0.933 -0.0 -0.342 -0.11 -0.752 -0.0 -0.295 -0.589 0.947 0.0 -0.112 -0.302 0.541 0.0 -0.39 -0.745 -0.674 -0.0 -0.359 -0.646 -0.68 -0.0 -0.594 0.431 0.652 0.0 -0.392 -0.649 0.697 0.0 -0.566 0.44 
-0.682 0.12 -0.166 -0.702 -0.933 -0.0 -0.343 -0.109 -0.752 -0.0 -0.292 -0.591 0.947 0.0 -0.113 -0.301 0.535 0.0 -0.382 -0.754 -0.674 0.0 -0.359 -0.646 -0.68 -0.0 -0.593 0.431 0.652 0.0 -0.392 -0.649 0.697 0.0 -0.566 0.44 
-0.682 0.12 -0.166 -0.702 -0.933 0.0 -0.344 -0.108 -0.751 -0.0 -0.289 -0.593 0.947 0.0 -0.116 -0.3 0.529 0.0 -0.373 -0.762 -0.674 -0.0 -0.359 -0.646 -0.68 -0.0 -0.594 0.431 0.652 0.0 -0.392 -0.649 0.697 0.0 -0.566 0.44 
-0.682 0.12 -0.166 -0.702 -0.932 -0.0 -0.346 -0.108 -0.751 -0.0 -0.285 -0.595 0.947 0.0 -0.118 -0.299 0.524 -0.0 -0.363 -0.77 -0.674 -0.0 -0.36 -0.645 -0.68 0.0 -0.593 0.431 0.652 0.0 -0.393 -0.648 0.697 0.0 -0.566 0.44 
-0.682 0.12 -0.166 -0.702 -0.932 0.0 -0.347 -0.107 -0.751 -0.0 -0.281 -0.597 0.947 0.0 -0.121 -0.298 0.519 0.0 -0.353 -0.778 -0.674 -0.0 -0.36 -0.645 -0.68 -0.0 -0.593 0.431 0.652 0.0 -0.393 -0.648 0.697 0.0 -0.566 0.44 
-0.682 0.12 -0.166 -0.702 -0.931 0.0 -0.348 -0.107 -0.751 -0.0 -0.278 -0.599 0.947 0.0 -0.123 -0.297 0.514 0.0 -0.343 -0.786 -0.674 -0.0 -0.36 -0.645 -0.68 -0.0 -0.593 0.432 0.652 0.0 -0.393 -0.648 0.697 0.0 -0.565 0.441 
-0.682 0.12 -0.166 -0.702 -0.931 0.0 -0.349 -0.106 -0.751 0.0 -0.274 -0.601 0.947 -0.0 -0.125 -0.296 0.51 0.0 -0.331 -0.794 -0.674 -0.0 -0.36 -0.645 -0.68 -0.0 -0.593 0.432 0.652 0.0 -0.394 -0.648 0.697 0.0 -0.565 0.441 
-0.682 0.121 -0.166 -0.702 -0.931 0.0 -0.351 -0.106 -0.751 -0.0 -0.271 -0.603 0.947 0.0 -0.128 -0.294 0.506 -0.0 -0.319 -0.801 -0.674 0.0 -0.361 -0.645 -0.68 -0.0 -0.592 0.432 0.652 -0.0 -0.394 -0.648 0.697 0.0 -0.565 0.441 
-0.682 0.121 -0.167 -0.702 -0.93 -0.0 -0.352 -0.106 -0.75 -0.0 -0.267 -0.604 0.947 -0.0 -0.13 -0.293 0.503 0.0 -0.307 -0.808 -0.674 -0.0 -0.361 -0.645 -0.68 -0.0 -0.592 0.433 0.652 0.0 -0.394 -0.647 0.697 0.0 -0.565 0.442 
-0.682 0.121 -0.167 -0.702 -0.93 -0.0 -0.353 -0.106 -0.75 -0.0 -0.264 -0.606 0.947 0.0 -0.132 -0.292 0.5 0.0 -0.295 -0.814 -0.674 -0.0 -0.361 -0.644 -0.68 -0.0 -0.592 0.433 0.652 -0.0 -0.395 -0.647 0.697 0.0 -0.564 0.442 
-0.682 0.121 -0.167 -0.702 -0.929 -0.0 -0.354 -0.106 -0.75 -0.0 -0.261 -0.607 0.947 0.0 -0.134 -0.291 0.498 0.0 -0.282 -0.82 -0.674 -0.0 -0.362 -0.644 -0.68 -0.0 -0.592 0.433 0.652 0.0 -0.395 -0.647 0.697 0.0 -0.564 0.443 
-0.682 0.122 -0.167 -0.702 -0.929 -0.0 -0.355 -0.105 -0.75 -0.0 -0.257 -0.609 0.947 0.0 -0.137 -0.29 0.496 -0.0 -0.268 -0.826 -0.674 -0.0 -0.362 -0.644 -0.68 -0.0 -0.591 0.433 0.652 0.0 -0.396 -0.647 0.697 0.0 -0.564 0.443 
-0.681 0.122 -0.167 -0.702 -0.929 -0.0 -0.356 -0.105 -0.75 -0.0 -0.254 -0.61 0.947 0.0 -0.139 -0.289 0.493 -0.0 -0.256 -0.831 -0.674 -0.0 -0.363 -0.644 -0.68 0.0 -0.591 0.434 0.652 0.0 -0.396 -0.647 0.697 0.0 -0.563 0.443 
-0.682 0.122 -0.168 -0.702 -0.928 0.0 -0.357 -0.106 -0.75 -0.0 -0.252 -0.611 0.947 0.0 -0.141 -0.288 0.492 0.0 -0.243 -0.836 -0.674 -0.0 -0.363 -0.643 -0.68 -0.0 -0.591 0.434 0.652 0.0 -0.396 -0.646 0.697 0.0 -0.563 0.444 
-0.681 0.122 -0.168 -0.702 -0.928 -0.0 -0.358 -0.106 -0.75 -0.0 -0.249 -0.612 0.947 -0.0 -0.143 -0.287 0.491 -0.0 -0.23 -0.84 -0.674 -0.0 -0.364 -0.643 -0.68 -0.0 -0.591 0.435 0.652 0.0 -0.397 -0.646 0.697 0.0 -0.563 0.444 
-0.682 0.123 -0.168 -0.702 -0.928 -0.0 -0.358 -0.106 -0.75 -0.0 -0.247 -0.613 0.947 -0.0 -0.145 -0.286 0.489 -0.0 -0.216 -0.845 -0.674 -0.0 -0.364 -0.643 -0.68 -0.0 -0.59 0.435 0.652 0.0 -0.397 -0.646 0.697 -0.0 -0.563 0.445 
-0.681 0.123 -0.168 -0.702 -0.927 -0.0 -0.359 -0.106 -0.75 -0.0 -0.245 -0.614 0.947 0.0 -0.147 -0.285 0.489 -0.0 -0.203 -0.848 -0.674 -0.0 -0.364 -0.643 -0.68 -0.0 -0.59 0.435 0.652 0.0 -0.398 -0.646 0.697 0.0 -0.562 0.445 
-0.681 0.123 -0.169 -0.702 -0.927 -0.0 -0.36 -0.106 -0.75 -0.0 -0.243 -0.615 0.947 0.0 -0.148 -0.284 0.489 0.0 -0.188 -0.852 -0.674 -0.0 -0.365 -0.642 -0.68 -0.0 -0.59 0.436 0.652 -0.0 -0.398 -0.645 0.697 0.0 -0.562 0.445 
-0.681 0.123 -0.169 -0.701 -0.927 -0.0 -0.36 -0.106 -0.75 0.0 -0.241 -0.616 0.948 -0.0 -0.149 -0.283 0.488 0.0 -0.174 -0.855 -0.674 -0.0 -0.365 -0.642 -0.68 -0.0 -0.59 0.436 0.652 0.0 -0.398 -0.645 0.697 0.0 -0.562 0.445 
-0.681 0.123 -0.169 -0.701 -0.927 -0.0 -0.361 -0.106 -0.75 -0.0 -0.239 -0.616 0.948 0.0 -0.151 -0.282 0.49 0.0 -0.158 -0.858 -0.674 -0.0 -0.365 -0.642 -0.68 -0.0 -0.589 0.436 0.652 0.0 -0.399 -0.645 0.697 0.0 -0.561 0.446 
-0.681 0.123 -0.169 -0.701 -0.926 -0.0 -0.361 -0.107 -0.75 -0.0 -0.238 -0.617 0.948 0.0 -0.152 -0.281 0.49 0.0 -0.144 -0.86 -0.674 -0.0 -0.366 -0.642 -0.68 -0.0 -0.589 0.436 0.652 0.0 -0.399 -0.645 0.697 0.0 -0.561 0.446 
-0.681 0.123 -0.169 -0.701 -0.926 -0.0 -0.361 -0.107 -0.751 -0.0 -0.237 -0.617 0.948 0.0 -0.153 -0.28 0.491 0.0 -0.132 -0.861 -0.674 -0.0 -0.366 -0.642 -0.68 -0.0 -0.589 0.437 0.652 0.0 -0.399 -0.645 0.697 -0.0 -0.561 0.446 
-0.681 0.123 -0.169 -0.701 -0.926 -0.0 -0.362 -0.107 -0.751 0.0 -0.236 -0.617 0.948 0.0 -0.155 -0.279 0.491 0.0 -0.12 -0.863 -0.674 -0.0 -0.366 -0.642 -0.68 -0.0 -0.589 0.437 0.652 0.0 -0.399 -0.645 0.697 0.0 -0.561 0.446 
-0.681 0.123 -0.17 -0.701 -0.926 -0.0 -0.362 -0.107 -0.751 -0.0 -0.235 -0.618 0.948 0.0 -0.156 -0.278 0.493 0.0 -0.106 -0.864 -0.674 -0.0 -0.366 -0.642 -0.68 -0.0 -0.589 0.437 0.652 -0.0 -0.4 -0.644 0.697 0.0 -0.561 0.447 
-0.681 0.123 -0.17 -0.701 -0.926 -0.0 -0.362 -0.108 -0.751 -0.0 -0.234 -0.618 0.948 -0.0 -0.157 -0.277 0.494 0.0 -0.094 -0.864 -0.674 -0.0 -0.366 -0.642 -0.68 -0.0 -0.589 0.437 0.652 0.0 -0.4 -0.644 0.697 0.0 -0.561 0.447 
-0.681 0.124 -0.17 -0.701 -0.926 -0.0 -0.362 -0.108 -0.751 -0.0 -0.233 -0.618 0.948 -0.0 -0.158 -0.276 0.495 0.0 -0.082 -0.865 -0.674 0.0 -0.366 -0.642 -0.68 -0.0 -0.589 0.437 0.652 0.0 -0.4 -0.644 0.697 0.0 -0.561 0.447 
-0.681 0.124 -0.17 -0.701 -0.926 -0.0 -0.362 -0.108 -0.751 -0.0 -0.232 -0.618 0.948 0.0 -0.159 -0.276 0.497 -0.0 -0.071 -0.865 -0.674 0.0 -0.366 -0.641 -0.68 0.0 -0.589 0.437 0.652 0.0 -0.4 -0.644 0.697 -0.0 -0.561 0.447 
-0.681 0.124 -0.17 -0.701 -0.926 -0.0 -0.362 -0.109 -0.751 -0.0 -0.232 -0.618 0.948 0.0 -0.16 -0.275 0.5 -0.0 -0.058 -0.864 -0.674 -0.0 -0.366 -0.642 -0.68 0.0 -0.589 0.437 0.652 0.0 -0.4 -0.644 0.697 0.0 -0.561 0.447 
-0.681 0.124 -0.17 -0.701 -0.926 -0.0 -0.362 -0.109 -0.751 -0.0 -0.232 -0.619 0.948 0.0 -0.161 -0.274 0.5 0.0 -0.048 -0.864 -0.674 -0.0 -0.366 -0.641 -0.68 -0.0 -0.589 0.437 0.652 0.0 -0.4 -0.644 0.697 0.0 -0.561 0.447 
-0.681 0.124 -0.17 -0.701 -0.926 -0.0 -0.362 -0.109 -0.751 0.0 -0.231 -0.619 0.948 0.0 -0.161 -0.274 0.502 0.0 -0.037 -0.864 -0.674 -0.0 -0.366 -0.642 -0.68 -0.0 -0.589 0.437 0.652 0.0 -0.4 -0.644 0.697 0.0 -0.561 0.447 
-0.682 0.124 -0.17 -0.701 -0.926 -0.0 -0.362 -0.11 -0.751 -0.0 -0.231 -0.619 0.948 0.0 -0.162 -0.273 0.505 0.0 -0.027 -0.863 -0.674 -0.0 -0.367 -0.642 -0.68 -0.0 -0.589 0.437 0.652 0.0 -0.4 -0.644 0.697 0.0 -0.561 0.447 
-0.681 0.124 -0.17 -0.701 -0.926 -0.0 -0.362 -0.11 -0.751 -0.0 -0.231 -0.619 0.948 0.0 -0.163 -0.272 0.507 -0.0 -0.017 -0.862 -0.674 -0.0 -0.367 -0.641 -0.68 -0.0 -0.589 0.437 0.652 0.0 -0.4 -0.644 0.697 0.0 -0.56 0.447 
-0.681 0.124 -0.17 -0.701 -0.926 -0.0 -0.362 -0.11 -0.751 -0.0 -0.231 -0.619 0.948 0.0 -0.163 -0.272 0.51 0.0 -0.008 -0.86 -0.674 -0.0 -0.367 -0.641 -0.68 0.0 -0.589 0.438 0.652 0.0 -0.4 -0.644 0.697 -0.0 -0.56 0.447 
-0.681 0.124 -0.17 -0.701 -0.926 0.0 -0.362 -0.111 -0.751 0.0 -0.231 -0.619 0.948 0.0 -0.164 -0.272 0.512 -0.0 -0.0 -0.859 -0.674 -0.0 -0.367 -0.641 -0.68 0.0 -0.588 0.438 0.652 0.0 -0.4 -0.644 0.697 -0.0 -0.56 0.447 
-0.681 0.124 -0.17 -0.701 -0.926 -0.0 -0.362 -0.111 -0.751 -0.0 -0.231 -0.618 0.948 0.0 -0.164 -0.271 0.515 0.0 0.007 -0.857 -0.674 -0.0 -0.367 -0.641 -0.68 -0.0 -0.588 0.438 0.652 -0.0 -0.4 -0.644 0.697 -0.0 -0.56 0.447 
-0.681 0.124 -0.17 -0.701 -0.926 -0.0 -0.361 -0.112 -0.752 -0.0 -0.231 -0.618 0.948 0.0 -0.164 -0.271 0.517 -0.0 0.012 -0.856 -0.674 0.0 -0.367 -0.641 -0.68 -0.0 -0.589 0.438 0.652 0.0 -0.4 -0.644 0.697 0.0 -0.56 0.447 
-0.681 0.124 -0.17 -0.701 -0.926 -0.0 -0.361 -0.112 -0.752 -0.0 -0.23 -0.618 0.948 0.0 -0.164 -0.271 0.521 0.0 0.018 -0.854 -0.674 -0.0 -0.367 -0.641 -0.68 0.0 -0.588 0.438 0.652 0.0 -0.4 -0.644 0.697 -0.0 -0.56 0.447 
-0.681 0.124 -0.17 -0.701 -0.926 -0.0 -0.361 -0.112 -0.752 -0.0 -0.23 -0.618 0.948 0.0 -0.164 -0.271 0.524 0.0 0.023 -0.851 -0.674 -0.0 -0.367 -0.641 -0.68 -0.0 -0.588 0.438 0.652 0.0 -0.401 -0.644 0.697 0.0 -0.56 0.447 
-0.681 0.124 -0.17 -0.701 -0.926 0.0 -0.361 -0.113 -0.752 -0.0 -0.23 -0.618 0.948 0.0 -0.165 -0.271 0.527 0.0 0.027 -0.849 -0.674 -0.0 -0.367 -0.641 -0.68 0.0 -0.588 0.438 0.652 0.0 -0.4 -0.644 0.697 0.0 -0.56 0.447 
-0.681 0.124 -0.17 -0.701 -0.926 -0.0 -0.361 -0.113 -0.752 -0.0 -0.23 -0.617 0.948 -0.0 -0.166 -0.271 0.532 0.0 0.033 -0.846 -0.674 -0.0 -0.367 -0.641 -0.68 -0.0 -0.588 0.438 0.652 0.0 -0.4 -0.644 0.697 0.0 -0.56 0.447 
-0.681 0.124 -0.17 -0.701 -0.926 -0.0 -0.361 -0.113 -0.752 -0.0 -0.23 -0.617 0.948 0.0 -0.166 -0.271 0.536 0.0 0.035 -0.843 -0.674 -0.0 -0.367 -0.641 -0.68 -0.0 -0.588 0.438 0.652 0.0 -0.401 -0.644 0.697 0.0 -0.56 0.447 
-0.681 0.124 -0.17 -0.701 -0.926 -0.0 -0.361 -0.113 -0.752 -0.0 -0.229 -0.617 0.948 0.0 -0.166 -0.271 0.54 0.0 0.038 -0.841 -0.674 -0.0 -0.367 -0.641 -0.68 -0.0 -0.588 0.438 0.652 0.0 -0.401 -0.644 0.697 0.0 -0.56 0.447 
-0.681 0.124 -0.17 -0.701 -0.926 0.0 -0.361 -0.114 -0.753 -0.0 -0.229 -0.617 0.948 -0.0 -0.166 -0.272 0.544 -0.0 0.04 -0.838 -0.674 -0.0 -0.367 -0.641 -0.68 -0.0 -0.588 0.438 0.652 0.0 -0.401 -0.644 0.697 0.0 -0.56 0.448 
-0.681 0.124 -0.17 -0.701 -0.926 -0.0 -0.361 -0.114 -0.753 -0.0 -0.229 -0.617 0.948 -0.0 -0.166 -0.272 0.548 0.0 0.041 -0.836 -0.674 -0.0 -0.367 -0.641 -0.68 -0.0 -0.588 0.438 0.652 0.0 -0.401 -0.644 0.697 0.0 -0.56 0.447 
-0.681 0.124 -0.17 -0.701 -0.925 -0.0 -0.362 -0.114 -0.753 0.0 -0.228 -0.617 0.948 0.0 -0.165 -0.272 0.553 0.0 0.042 -0.832 -0.674 -0.0 -0.367 -0.641 -0.68 -0.0 -0.588 0.438 0.652 0.0 -0.401 -0.643 0.697 -0.0 -0.56 0.448 
-0.681 0.124 -0.17 -0.701 -0.925 -0.0 -0.362 -0.114 -0.753 0.0 -0.228 -0.617 0.948 0.0 -0.165 -0.273 0.557 0.0 0.042 -0.83 -0.674 -0.0 -0.367 -0.641 -0.68 -0.0 -0.588 0.439 0.652 0.0 -0.401 -0.643 0.697 0.0 -0.56 0.448 
-0.681 0.124 -0.17 -0.701 -0.925 -0.0 -0.362 -0.114 -0.754 -0.0 -0.227 -0.617 0.948 0.0 -0.165 -0.273 0.561 0.0 0.042 -0.827 -0.674 0.0 -0.368 -0.641 -0.68 0.0 -0.588 0.439 0.652 0.0 -0.401 -0.643 0.697 0.0 -0.56 0.448 
-0.681 0.124 -0.17 -0.701 -0.925 -0.0 -0.362 -0.114 -0.754 -0.0 -0.226 -0.617 0.948 0.0 -0.164 -0.274 0.565 -0.0 0.041 -0.824 -0.674 -0.0 -0.368 -0.641 -0.68 -0.0 -0.588 0.439 0.652 0.0 -0.401 -0.643 0.697 0.0 -0.56 0.448 
-0.681 0.124 -0.171 -0.701 -0.925 -0.0 -0.363 -0.115 -0.755 -0.0 -0.226 -0.616 0.948 0.0 -0.164 -0.274 0.57 0.0 0.039 -0.821 -0.674 -0.0 -0.368 -0.641 -0.68 -0.0 -0.588 0.439 0.652 -0.0 -0.401 -0.643 0.697 0.0 -0.56 0.448 
-0.681 0.124 -0.171 -0.701 -0.925 -0.0 -0.363 -0.115 -0.755 -0.0 -0.225 -0.616 0.948 0.0 -0.163 -0.275 0.574 0.0 0.037 -0.818 -0.674 -0.0 -0.368 -0.641 -0.68 -0.0 -0.587 0.439 0.652 0.0 -0.402 -0.643 0.697 0.0 -0.56 0.448 
-0.681 0.124 -0.171 -0.701 -0.925 -0.0 -0.363 -0.115 -0.755 -0.0 -0.224 -0.616 0.948 0.0 -0.163 -0.275 0.579 0.0 0.036 -0.815 -0.674 -0.0 -0.368 -0.641 -0.68 -0.0 -0.587 0.439 0.652 0.0 -0.402 -0.643 0.697 0.0 -0.56 0.448 
-0.681 0.124 -0.171 -0.701 -0.924 0.0 -0.364 -0.115 -0.756 -0.0 -0.223 -0.616 0.947 0.0 -0.162 -0.276 0.583 -0.0 0.033 -0.812 -0.674 -0.0 -0.368 -0.641 -0.68 -0.0 -0.587 0.439 0.652 0.0 -0.402 -0.643 0.697 0.0 -0.56 0.448 
-0.681 0.124 -0.171 -0.701 -0.924 -0.0 -0.364 -0.115 -0.756 0.0 -0.223 -0.615 0.947 0.0 -0.162 -0.276 0.588 0.0 0.03 -0.809 -0.674 -0.0 -0.368 -0.641 -0.68 0.0 -0.587 0.439 0.652 0.0 -0.402 -0.643 0.697 0.0 -0.56 0.448 
-0.681 0.125 -0.171 -0.701 -0.924 -0.0 -0.364 -0.116 -0.756 -0.0 -0.222 -0.615 0.947 0.0 -0.161 -0.277 0.592 0.0 0.027 -0.806 -0.674 -0.0 -0.368 -0.64 -0.68 -0.0 -0.587 0.439 0.652 0.0 -0.402 -0.643 0.697 0.0 -0.559 0.448 
-0.681 0.125 -0.171 -0.701 -0.924 -0.0 -0.364 -0.116 -0.757 -0.0 -0.222 -0.615 0.947 0.0 -0.16 -0.277 0.596 0.0 0.024 -0.802 -0.674 -0.0 -0.368 -0.641 -0.68 -0.0 -0.587 0.439 0.652 0.0 -0.402 -0.643 0.697 0.0 -0.559 0.448 
-0.681 0.125 -0.171 -0.701 -0.924 -0.0 -0.364 -0.116 -0.757 0.0 -0.221 -0.615 0.947 0.0 -0.16 -0.278 0.601 0.0 0.02 -0.799 -0.674 -0.0 -0.368 -0.641 -0.68 -0.0 -0.587 0.439 0.652 0.0 -0.402 -0.643 0.697 0.0 -0.559 0.448 
-0.681 0.125 -0.171 -0.701 -0.924 -0.0 -0.365 -0.116 -0.757 -0.0 -0.221 -0.614 0.947 -0.0 -0.159 -0.279 0.605 0.0 0.017 -0.796 -0.674 -0.0 -0.368 -0.64 -0.68 -0.0 -0.587 0.439 0.652 0.0 -0.402 -0.643 0.697 0.0 -0.559 0.448 
-0.681 0.125 -0.171 -0.701 -0.924 -0.0 -0.365 -0.116 -0.758 -0.0 -0.221 -0.614 0.947 0.0 -0.158 -0.279 0.61 0.0 0.013 -0.793 -0.674 -0.0 -0.368 -0.641 -0.68 -0.0 -0.587 0.439 0.652 0.0 -0.402 -0.643 0.697 0.0 -0.559 0.448 
-0.681 0.124 -0.171 -0.701 -0.924 -0.0 -0.365 -0.116 -0.758 -0.0 -0.221 -0.614 0.947 0.0 -0.157 -0.28 0.614 0.0 0.008 -0.789 -0.674 0.0 -0.368 -0.641 -0.68 -0.0 -0.587 0.439 0.652 0.0 -0.402 -0.643 0.697 0.0 -0.559 0.448 
-0.681 0.125 -0.171 -0.701 -0.924 -0.0 -0.365 -0.116 -0.758 -0.0 -0.221 -0.614 0.947 -0.0 -0.156 -0.281 0.618 0.0 0.003 -0.786 -0.674 -0.0 -0.368 -0.64 -0.68 -0.0 -0.587 0.439 0.652 0.0 -0.402 -0.643 0.697 0.0 -0.559 0.448 
-0.681 0.125 -0.171 -0.701 -0.924 -0.0 -0.365 -0.116 -0.758 0.0 -0.221 -0.613 0.947 0.0 -0.155 -0.281 0.623 0.0 -0.001 -0.782 -0.674 -0.0 -0.368 -0.641 -0.68 -0.0 -0.587 0.439 0.652 0.0 -0.402 -0.643 0.697 0.0 -0.56 0.448 
-0.681 0.124 -0.171 -0.701 -0.924 -0.0 -0.365 -0.116 -0.758 -0.0 -0.221 -0.613 0.947 0.0 -0.154 -0.282 0.627 -0.0 -0.007 -0.779 -0.674 -0.0 -0.368 -0.641 -0.68 -0.0 -0.587 0.439 0.652 0.0 -0.402 -0.643 0.697 0.0 -0.559 0.448 
-0.681 0.124 -0.171 -0.701 -0.924 -0.0 -0.365 -0.116 -0.759 -0.0 -0.222 -0.613 0.947 0.0 -0.153 -0.283 0.631 0.0 -0.013 -0.776 -0.674 -0.0 -0.368 -0.641 -0.68 -0.0 -0.587 0.439 0.652 0.0 -0.402 -0.643 0.697 0.0 -0.56 0.448 
-0.681 0.124 -0.17 -0.701 -0.924 -0.0 -0.365 -0.116 -0.759 -0.0 -0.222 -0.613 0.947 -0.0 -0.152 -0.284 0.635 0.0 -0.018 -0.772 -0.674 -0.0 -0.368 -0.641 -0.68 -0.0 -0.588 0.439 0.652 0.0 -0.401 -0.643 0.697 0.0 -0.56 0.448 
-0.681 0.124 -0.17 -0.701 -0.924 -0.0 -0.365 -0.116 -0.759 -0.0 -0.222 -0.612 0.947 0.0 -0.151 -0.285 0.639 0.0 -0.024 -0.769 -0.674 -0.0 -0.368 -0.641 -0.68 -0.0 -0.588 0.439 0.652 0.0 -0.401 -0.643 0.697 -0.0 -0.56 0.448 
-0.681 0.124 -0.17 -0.701 -0.924 -0.0 -0.365 -0.116 -0.759 -0.0 -0.223 -0.612 0.947 0.0 -0.15 -0.285 0.643 0.0 -0.03 -0.766 -0.674 -0.0 -0.368 -0.641 -0.68 -0.0 -0.588 0.439 0.652 0.0 -0.401 -0.643 0.697 0.0 -0.56 0.448 
-0.681 0.124 -0.17 -0.701 -0.924 -0.0 -0.365 -0.116 -0.759 -0.0 -0.223 -0.612 0.947 0.0 -0.149 -0.286 0.646 0.0 -0.035 -0.762 -0.674 -0.0 -0.367 -0.641 -0.68 -0.0 -0.588 0.439 0.652 0.0 -0.401 -0.644 0.697 0.0 -0.56 0.447 
-0.681 0.124 -0.17 -0.701 -0.924 -0.0 -0.365 -0.116 -0.759 -0.0 -0.224 -0.612 0.946 0.0 -0.148 -0.287 0.65 0.0 -0.041 -0.759 -0.674 -0.0 -0.367 -0.641 -0.68 -0.0 -0.588 0.439 0.652 0.0 -0.401 -0.644 0.697 0.0 -0.56 0.447 
-0.681 0.124 -0.17 -0.701 -0.924 -0.0 -0.365 -0.116 -0.759 -0.0 -0.224 -0.612 0.946 -0.0 -0.147 -0.288 0.653 0.0 -0.046 -0.756 -0.674 -0.0 -0.367 -0.641 -0.68 -0.0 -0.588 0.438 0.652 0.0 -0.401 -0.644 0.697 -0.0 -0.56 0.447 
-0.681 0.124 -0.17 -0.701 -0.924 -0.0 -0.365 -0.116 -0.759 -0.0 -0.224 -0.611 0.946 0.0 -0.146 -0.289 0.656 0.0 -0.052 -0.753 -0.674 0.0 -0.367 -0.641 -0.68 -0.0 -0.588 0.438 0.652 0.0 -0.401 -0.644 0.697 0.0 -0.56 0.447 
-0.681 0.124 -0.17 -0.701 -0.924 -0.0 -0.365 -0.117 -0.759 -0.0 -0.225 -0.611 0.946 0.0 -0.145 -0.289 0.659 0.0 -0.058 -0.75 -0.674 -0.0 -0.367 -0.641 -0.68 -0.0 -0.588 0.438 0.652 0.0 -0.4 -0.644 0.697 0.0 -0.56 0.447 
-0.681 0.124 -0.17 -0.701 -0.924 0.0 -0.365 -0.117 -0.759 -0.0 -0.225 -0.611 0.946 -0.0 -0.142 -0.29 0.66 0.0 -0.065 -0.748 -0.674 -0.0 -0.367 -0.642 -0.68 -0.0 -0.588 0.438 0.652 0.0 -0.4 -0.644 0.697 0.0 -0.56 0.447 
-0.681 0.124 -0.17 -0.701 -0.924 -0.0 -0.365 -0.117 -0.759 -0.0 -0.225 -0.611 0.946 0.0 -0.141 -0.29 0.663 0.0 -0.071 -0.745 -0.674 -0.0 -0.367 -0.642 -0.68 -0.0 -0.588 0.438 0.652 0.0 -0.4 -0.644 0.697 0.0 -0.56 0.447 
-0.681 0.124 -0.17 -0.701 -0.924 -0.0 -0.365 -0.117 -0.759 -0.0 -0.225 -0.611 0.946 0.0 -0.141 -0.292 0.665 0.0 -0.077 -0.743 -0.674 -0.0 -0.366 -0.642 -0.68 -0.0 -0.589 0.437 0.652 -0.0 -0.4 -0.644 0.697 0.0 -0.561 0.447 
-0.681 0.123 -0.17 -0.701 -0.924 0.0 -0.365 -0.117 -0.759 0.0 -0.225 -0.611 0.946 0.0 -0.14 -0.292 0.667 0.0 -0.084 -0.741 -0.674 0.0 -0.366 -0.642 -0.68 -0.0 -0.589 0.437 0.652 -0.0 -0.4 -0.644 0.697 0.0 -0.561 0.447 
-0.681 0.123 -0.17 -0.701 -0.924 -0.0 -0.365 -0.117 -0.759 -0.0 -0.225 -0.611 0.946 0.0 -0.138 -0.293 0.668 0.0 -0.092 -0.738 -0.674 -0.0 -0.366 -0.642 -0.68 0.0 -0.589 0.437 0.652 0.0 -0.4 -0.644 0.697 0.0 -0.561 0.447 
-0.681 0.123 -0.17 -0.701 -0.924 -0.0 -0.365 -0.117 -0.759 0.0 -0.225 -0.611 0.946 0.0 -0.137 -0.294 0.67 0.0 -0.1 -0.736 -0.674 -0.0 -0.366 -0.642 -0.68 -0.0 -0.589 0.437 0.652 0.0 -0.4 -0.644 0.697 0.0 -0.561 0.447 
-0.682 0.123 -0.17 -0.701 -0.924 0.0 -0.365 -0.117 -0.759 -0.0 -0.225 -0.611 0.946 0.0 -0.136 -0.294 0.671 0.0 -0.107 -0.733 -0.674 -0.0 -0.366 -0.642 -0.68 -0.0 -0.589 0.437 0.652 0.0 -0.4 -0.644 0.697 0.0 -0.561 0.447 
-0.682 0.123 -0.169 -0.701 -0.924 -0.0 -0.365 -0.117 -0.759 0.0 -0.225 -0.611 0.946 0.0 -0.135 -0.295 0.673 0.0 -0.115 -0.731 -0.674 -0.0 -0.366 -0.642 -0.68 -0.0 -0.589 0.437 0.652 0.0 -0.399 -0.645 0.697 0.0 -0.561 0.447 
-0.682 0.123 -0.169 -0.701 -0.924 -0.0 -0.364 -0.117 -0.759 -0.0 -0.225 -0.611 0.946 0.0 -0.133 -0.296 0.673 -0.0 -0.122 -0.729 -0.674 0.0 -0.365 -0.642 -0.68 -0.0 -0.589 0.436 0.652 0.0 -0.399 -0.645 0.697 0.0 -0.561 0.446 
-0.682 0.123 -0.169 -0.701 -0.924 0.0 -0.364 -0.117 -0.759 -0.0 -0.225 -0.611 0.946 0.0 -0.132 -0.297 0.674 -0.0 -0.13 -0.727 -0.674 -0.0 -0.366 -0.642 -0.68 -0.0 -0.589 0.436 0.652 0.0 -0.399 -0.645 0.697 0.0 -0.561 0.446 
-0.682 0.123 -0.169 -0.701 -0.924 -0.0 -0.364 -0.117 -0.759 -0.0 -0.225 -0.612 0.946 0.0 -0.131 -0.298 0.674 0.0 -0.138 -0.725 -0.674 0.0 -0.365 -0.642 -0.68 -0.0 -0.589 0.436 0.652 0.0 -0.399 -0.645 0.697 0.0 -0.561 0.446 
-0.682 0.123 -0.169 -0.701 -0.924 -0.0 -0.364 -0.117 -0.759 -0.0 -0.225 -0.612 0.946 0.0 -0.13 -0.299 0.675 0.0 -0.146 -0.723 -0.674 -0.0 -0.365 -0.642 -0.68 0.0 -0.59 0.436 0.652 0.0 -0.399 -0.645 0.697 0.0 -0.561 0.446 
-0.682 0.123 -0.169 -0.701 -0.924 -0.0 -0.364 -0.117 -0.759 -0.0 -0.225 -0.612 0.946 0.0 -0.128 -0.299 0.675 -0.0 -0.154 -0.721 -0.674 -0.0 -0.365 -0.642 -0.68 -0.0 -0.59 0.436 0.652 0.0 -0.399 -0.645 0.697 0.0 -0.561 0.446 
-0.682 0.123 -0.169 -0.701 -0.924 -0.0 -0.364 -0.117 -0.759 -0.0 -0.224 -0.612 0.945 0.0 -0.126 -0.3 0.675 0.0 -0.161 -0.72 -0.674 -0.0 -0.365 -0.642 -0.68 -0.0 -0.59 0.436 0.652 0.0 -0.399 -0.645 0.697 0.0 -0.561 0.446 
-0.682 0.123 -0.169 -0.701 -0.924 -0.0 -0.364 -0.117 -0.759 -0.0 -0.224 -0.612 0.945 0.0 -0.125 -0.301 0.674 -0.0 -0.169 -0.719 -0.674 -0.0 -0.365 -0.642 -0.68 -0.0 -0.59 0.435 0.652 0.0 -0.399 -0.645 0.697 0.0 -0.561 0.446 
-0.682 0.123 -0.169 -0.701 -0.924 0.0 -0.364 -0.116 -0.759 -0.0 -0.224 -0.612 0.945 0.0 -0.123 -0.302 0.673 0.0 -0.178 -0.718 -0.674 -0.0 -0.364 -0.642 -0.68 -0.0 -0.59 0.435 0.652 0.0 -0.398 -0.645 0.697 0.0 -0.562 0.446 
-0.682 0.123 -0.169 -0.701 -0.924 -0.0 -0.363 -0.116 -0.759 -0.0 -0.224 -0.612 0.945 0.0 -0.122 -0.303 0.672 0.0 -0.185 -0.717 -0.674 -0.0 -0.364 -0.642 -0.68 -0.0 -0.59 0.435 0.652 0.0 -0.398 -0.645 0.697 0.0 -0.561 0.446 
-0.682 0.123 -0.169 -0.701 -0.924 -0.0 -0.363 -0.117 -0.759 -0.0 -0.224 -0.611 0.945 0.0 -0.121 -0.303 0.672 0.0 -0.192 -0.715 -0.674 -0.0 -0.364 -0.643 -0.68 -0.0 -0.59 0.435 0.652 0.0 -0.398 -0.645 0.697 0.0 -0.561 0.446 
-0.682 0.122 -0.169 -0.701 -0.925 -0.0 -0.363 -0.116 -0.759 -0.0 -0.224 -0.612 0.945 0.0 -0.12 -0.304 0.67 0.0 -0.2 -0.715 -0.674 -0.0 -0.364 -0.643 -0.68 -0.0 -0.59 0.435 0.652 0.0 -0.398 -0.646 0.697 0.0 -0.562 0.446 
-0.682 0.122 -0.169 -0.701 -0.925 -0.0 -0.363 -0.116 -0.759 -0.0 -0.225 -0.611 0.945 0.0 -0.119 -0.304 0.669 -0.0 -0.207 -0.714 -0.674 -0.0 -0.364 -0.643 -0.68 -0.0 -0.59 0.435 0.652 0.0 -0.398 -0.646 0.697 0.0 -0.562 0.445 
-0.682 0.122 -0.169 -0.701 -0.925 -0.0 -0.362 -0.116 -0.759 -0.0 -0.225 -0.611 0.945 0.0 -0.12 -0.305 0.668 0.0 -0.214 -0.713 -0.674 -0.0 -0.364 -0.643 -0.68 -0.0 -0.591 0.434 0.652 0.0 -0.398 -0.646 0.697 0.0 -0.562 0.445 
-0.682 0.122 -0.169 -0.701 -0.925 -0.0 -0.362 -0.116 -0.759 -0.0 -0.225 -0.611 0.945 0.0 -0.119 -0.306 0.666 -0.0 -0.22 -0.712 -0.674 -0.0 -0.364 -0.643 -0.68 0.0 -0.591 0.434 0.652 -0.0 -0.398 -0.646 0.697 0.0 -0.562 0.445 
-0.682 0.122 -0.169 -0.701 -0.925 -0.0 -0.361 -0.117 -0.759 -0.0 -0.225 -0.611 0.944 0.0 -0.119 -0.306 0.665 0.0 -0.226 -0.712 -0.674 -0.0 -0.364 -0.643 -0.68 0.0 -0.59 0.434 0.652 0.0 -0.398 -0.646 0.697 0.0 -0.562 0.445 
-0.682 0.122 -0.169 -0.701 -0.925 -0.0 -0.361 -0.116 -0.759 -0.0 -0.225 -0.611 0.944 0.0 -0.118 -0.307 0.663 0.0 -0.232 -0.711 -0.674 0.0 -0.364 -0.643 -0.68 -0.0 -0.591 0.434 0.652 0.0 -0.398 -0.646 0.697 0.0 -0.562 0.445 
-0.682 0.122 -0.169 -0.701 -0.925 0.0 -0.361 -0.117 -0.759 -0.0 -0.226 -0.61 0.944 -0.0 -0.117 -0.307 0.661 0.0 -0.239 -0.711 -0.674 -0.0 -0.364 -0.643 -0.68 -0.0 -0.591 0.434 0.652 0.0 -0.398 -0.646 0.697 0.0 -0.562 0.445 
-0.682 0.122 -0.169 -0.701 -0.926 -0.0 -0.36 -0.117 -0.759 0.0 -0.226 -0.61 0.944 0.0 -0.116 -0.308 0.659 0.0 -0.244 -0.711 -0.674 -0.0 -0.364 -0.643 -0.68 -0.0 -0.591 0.434 0.652 0.0 -0.398 -0.646 0.697 0.0 -0.562 0.445 
-0.682 0.122 -0.169 -0.701 -0.926 -0.0 -0.36 -0.117 -0.76 -0.0 -0.226 -0.61 0.944 0.0 -0.116 -0.308 0.657 -0.0 -0.25 -0.712 -0.674 -0.0 -0.364 -0.643 -0.68 -0.0 -0.591 0.434 0.652 0.0 -0.398 -0.646 0.697 -0.0 -0.562 0.445 
-0.682 0.122 -0.168 -0.701 -0.926 -0.0 -0.359 -0.117 -0.76 -0.0 -0.226 -0.609 0.944 0.0 -0.115 -0.309 0.655 0.0 -0.255 -0.712 -0.674 -0.0 -0.364 -0.643 -0.68 -0.0 -0.591 0.434 0.652 -0.0 -0.397 -0.646 0.697 0.0 -0.562 0.445 
-0.682 0.122 -0.169 -0.701 -0.926 -0.0 -0.359 -0.117 -0.76 -0.0 -0.227 -0.609 0.944 -0.0 -0.115 -0.31 0.652 0.0 -0.26 -0.712 -0.674 0.0 -0.364 -0.643 -0.68 -0.0 -0.591 0.434 0.652 0.0 -0.398 -0.646 0.697 0.0 -0.562 0.445 
-0.682 0.122 -0.169 -0.701 -0.926 -0.0 -0.359 -0.117 -0.76 -0.0 -0.227 -0.609 0.944 0.0 -0.114 -0.31 0.65 0.0 -0.265 -0.713 -0.674 -0.0 -0.364 -0.643 -0.68 -0.0 -0.591 0.434 0.652 0.0 -0.398 -0.646 0.697 0.0 -0.562 0.445 
-0.682 0.122 -0.168 -0.701 -0.926 -0.0 -0.358 -0.117 -0.76 0.0 -0.227 -0.609 0.944 0.0 -0.114 -0.311 0.647 0.0 -0.269 -0.714 -0.674 0.0 -0.364 -0.643 -0.68 -0.0 -0.591 0.435 0.652 0.0 -0.398 -0.646 0.697 0.0 -0.562 0.445 
-0.682 0.122 -0.168 -0.701 -0.926 -0.0 -0.358 -0.117 -0.761 -0.0 -0.227 -0.608 0.944 0.0 -0.113 -0.311 0.644 0.0 -0.274 -0.715 -0.674 -0.0 -0.364 -0.643 -0.68 -0.0 -0.59 0.435 0.652 0.0 -0.398 -0.646 0.697 0.0 -0.562 0.445 
-0.682 0.122 -0.169 -0.701 -0.926 0.0 -0.358 -0.116 -0.761 -0.0 -0.227 -0.608 0.944 0.0 -0.113 -0.311 0.641 0.0 -0.278 -0.715 -0.674 -0.0 -0.364 -0.643 -0.68 0.0 -0.59 0.435 0.652 0.0 -0.398 -0.646 0.697 0.0 -0.562 0.445 
-0.682 0.122 -0.168 -0.701 -0.927 -0.0 -0.358 -0.116 -0.761 -0.0 -0.228 -0.607 0.944 0.0 -0.113 -0.312 0.638 0.0 -0.281 -0.717 -0.674 -0.0 -0.364 -0.643 -0.68 -0.0 -0.59 0.435 0.652 0.0 -0.398 -0.646 0.697 0.0 -0.562 0.445 
-0.682 0.122 -0.168 -0.701 -0.927 -0.0 -0.357 -0.116 -0.761 0.0 -0.228 -0.607 0.943 -0.0 -0.112 -0.312 0.634 0.0 -0.284 -0.719 -0.674 -0.0 -0.364 -0.643 -0.68 -0.0 -0.59 0.435 0.652 0.0 -0.398 -0.646 0.697 -0.0 -0.562 0.445 
-0.682 0.122 -0.168 -0.701 -0.927 -0.0 -0.357 -0.116 -0.762 -0.0 -0.228 -0.607 0.943 0.0 -0.112 -0.312 0.631 0.0 -0.287 -0.721 -0.674 -0.0 -0.364 -0.643 -0.68 -0.0 -0.59 0.435 0.652 0.0 -0.398 -0.646 0.697 0.0 -0.562 0.445 
-0.682 0.122 -0.168 -0.701 -0.927 -0.0 -0.357 -0.116 -0.762 -0.0 -0.229 -0.606 0.943 0.0 -0.112 -0.312 0.627 -0.0 -0.29 -0.723 -0.674 -0.0 -0.364 -0.643 -0.68 -0.0 -0.59 0.435 0.652 0.0 -0.398 -0.646 0.697 0.0 -0.562 0.445 
-0.682 0.123 -0.168 -0.701 -0.927 -0.0 -0.357 -0.116 -0.762 0.0 -0.229 -0.606 0.943 -0.0 -0.112 -0.312 0.623 0.0 -0.292 -0.726 -0.674 0.0 -0.364 -0.643 -0.68 -0.0 -0.59 0.435 0.652 0.0 -0.398 -0.646 0.697 0.0 -0.562 0.445 
-0.682 0.123 -0.168 -0.701 -0.927 -0.0 -0.356 -0.115 -0.762 -0.0 -0.229 -0.605 0.943 0.0 -0.112 -0.312 0.619 0.0 -0.293 -0.729 -0.674 -0.0 -0.364 -0.642 -0.68 -0.0 -0.59 0.435 0.652 0.0 -0.398 -0.646 0.697 -0.0 -0.562 0.445 
-0.682 0.123 -0.168 -0.701 -0.927 -0.0 -0.356 -0.115 -0.763 -0.0 -0.23 -0.605 0.943 0.0 -0.112 -0.312 0.615 0.0 -0.294 -0.732 -0.674 -0.0 -0.364 -0.642 -0.68 -0.0 -0.59 0.435 0.652 0.0 -0.398 -0.646 0.697 0.0 -0.562 0.445 
-0.682 0.122 -0.168 -0.701 -0.928 -0.0 -0.355 -0.115 -0.763 -0.0 -0.23 -0.604 0.943 0.0 -0.112 -0.312 0.611 -0.0 -0.292 -0.736 -0.674 -0.0 -0.364 -0.643 -0.68 -0.0 -0.59 0.435 0.652 0.0 -0.398 -0.646 0.697 -0.0 -0.562 0.445 
-0.682 0.123 -0.168 -0.701 -0.928 -0.0 -0.355 -0.115 -0.763 -0.0 -0.231 -0.603 0.944 0.0 -0.113 -0.312 0.606 0.0 -0.292 -0.74 -0.674 -0.0 -0.364 -0.643 -0.68 -0.0 -0.59 0.435 0.652 -0.0 -0.398 -0.646 0.697 0.0 -0.562 0.445 
-0.682 0.123 -0.168 -0.702 -0.928 -0.0 -0.355 -0.115 -0.764 -0.0 -0.231 -0.603 0.944 0.0 -0.113 -0.311 0.601 -0.0 -0.291 -0.745 -0.674 0.0 -0.364 -0.643 -0.68 -0.0 -0.59 0.435 0.652 0.0 -0.398 -0.646 0.697 0.0 -0.562 0.445 
-0.682 0.123 -0.168 -0.702 -0.928 -0.0 -0.355 -0.115 -0.764 -0.0 -0.232 -0.602 0.944 0.0 -0.114 -0.31 0.596 0.0 -0.29 -0.749 -0.674 -0.0 -0.364 -0.643 -0.68 -0.0 -0.59 0.435 0.652 0.0 -0.398 -0.646 0.697 0.0 -0.562 0.445 
-0.682 0.123 -0.168 -0.702 -0.928 -0.0 -0.355 -0.115 -0.764 0.0 -0.232 -0.602 0.944 0.0 -0.115 -0.309 0.59 0.0 -0.288 -0.754 -0.674 -0.0 -0.364 -0.643 -0.68 -0.0 -0.59 0.435 0.652 0.0 -0.398 -0.646 0.697 0.0 -0.562 0.445 
-0.681 0.123 -0.168 -0.702 -0.928 0.0 -0.355 -0.115 -0.765 -0.0 -0.232 -0.601 0.944 -0.0 -0.116 -0.308 0.585 0.0 -0.285 -0.759 -0.674 -0.0 -0.364 -0.643 -0.68 -0.0 -0.59 0.435 0.652 0.0 -0.398 -0.646 0.697 -0.0 -0.562 0.445 
-0.681 0.123 -0.168 -0.702 -0.928 0.0 -0.355 -0.115 -0.765 -0.0 -0.232 -0.601 0.944 0.0 -0.117 -0.307 0.58 0.0 -0.282 -0.764 -0.674 -0.0 -0.364 -0.643 -0.68 -0.0 -0.59 0.435 0.652 0.0 -0.398 -0.646 0.697 0.0 -0.562 0.445 
-0.681 0.123 -0.168 -0.702 -0.928 0.0 -0.355 -0.114 -0.765 -0.0 -0.232 -0.6 0.945 0.0 -0.118 -0.306 0.574 0.0 -0.278 -0.77 -0.674 -0.0 -0.365 -0.643 -0.68 -0.0 -0.59 0.435 0.652 0.0 -0.398 -0.645 0.697 0.0 -0.562 0.445 
-0.681 0.123 -0.168 -0.702 -0.928 -0.0 -0.355 -0.114 -0.766 -0.0 -0.232 -0.6 0.945 0.0 -0.12 -0.305 0.569 0.0 -0.273 -0.776 -0.674 -0.0 -0.365 -0.642 -0.68 -0.0 -0.59 0.435 0.652 0.0 -0.398 -0.645 0.697 0.0 -0.562 0.445 
-0.681 0.123 -0.169 -0.702 -0.928 -0.0 -0.355 -0.114 -0.766 -0.0 -0.232 -0.599 0.945 0.0 -0.122 -0.304 0.564 0.0 -0.268 -0.781 -0.674 -0.0 -0.365 -0.642 -0.68 -0.0 -0.59 0.436 0.652 0.0 -0.398 -0.645 0.697 0.0 -0.562 0.445 
-0.681 0.123 -0.169 -0.702 -0.928 -0.0 -0.355 -0.114 -0.766 -0.0 -0.232 -0.599 0.945 0.0 -0.124 -0.303 0.559 0.0 -0.261 -0.787 -0.674 -0.0 -0.365 -0.642 -0.68 -0.0 -0.59 0.436 0.652 0.0 -0.398 -0.645 0.697 0.0 -0.562 0.445 
-0.681 0.123 -0.169 -0.702 -0.928 -0.0 -0.355 -0.113 -0.766 -0.0 -0.232 -0.599 0.945 0.0 -0.125 -0.302 0.554 0.0 -0.255 -0.792 -0.674 -0.0 -0.365 -0.642 -0.68 -0.0 -0.59 0.436 0.652 0.0 -0.398 -0.645 0.697 -0.0 -0.562 0.445 
-0.681 0.123 -0.169 -0.701 -0.928 -0.0 -0.356 -0.113 -0.766 -0.0 -0.232 -0.599 0.945 0.0 -0.127 -0.3 0.549 -0.0 -0.247 -0.798 -0.674 -0.0 -0.365 -0.642 -0.68 -0.0 -0.59 0.436 0.652 0.0 -0.398 -0.645 0.697 0.0 -0.562 0.446 
-0.681 0.123 -0.169 -0.701 -0.928 -0.0 -0.356 -0.113 -0.767 -0.0 -0.232 -0.599 0.946 0.0 -0.129 -0.298 0.544 0.0 -0.239 -0.804 -0.674 -0.0 -0.365 -0.642 -0.68 0.0 -0.589 0.436 0.652 0.0 -0.399 -0.645 0.697 0.0 -0.562 0.446 
-0.681 0.123 -0.169 -0.701 -0.927 0.0 -0.357 -0.112 -0.767 -0.0 -0.231 -0.599 0.946 0.0 -0.131 -0.297 0.54 0.0 -0.231 -0.809 -0.674 -0.0 -0.365 -0.642 -0.68 0.0 -0.589 0.436 0.652 -0.0 -0.399 -0.645 0.697 0.0 -0.562 0.446 
-0.681 0.123 -0.169 -0.701 -0.927 -0.0 -0.357 -0.112 -0.767 -0.0 -0.231 -0.599 0.946 0.0 -0.133 -0.295 0.537 0.0 -0.221 -0.814 -0.674 -0.0 -0.366 -0.642 -0.68 -0.0 -0.589 0.437 0.652 0.0 -0.399 -0.645 0.697 0.0 -0.561 0.446 
-0.681 0.123 -0.169 -0.701 -0.927 -0.0 -0.358 -0.111 -0.767 -0.0 -0.23 -0.599 0.946 0.0 -0.136 -0.293 0.533 0.0 -0.211 -0.819 -0.674 -0.0 -0.366 -0.642 -0.68 -0.0 -0.589 0.437 0.652 -0.0 -0.399 -0.645 0.697 0.0 -0.561 0.446 
-0.681 0.123 -0.169 -0.701 -0.927 -0.0 -0.358 -0.111 -0.767 -0.0 -0.23 -0.599 0.947 -0.0 -0.138 -0.291 0.528 0.0 -0.204 -0.825 -0.674 -0.0 -0.366 -0.642 -0.68 0.0 -0.589 0.437 0.652 0.0 -0.399 -0.644 0.697 0.0 -0.561 0.446 
-0.681 0.124 -0.17 -0.701 -0.927 0.0 -0.359 -0.111 -0.767 -0.0 -0.229 -0.599 0.947 -0.0 -0.141 -0.29 0.524 0.0 -0.193 -0.829 -0.674 -0.0 -0.366 -0.642 -0.68 -0.0 -0.589 0.437 0.652 0.0 -0.4 -0.644 0.697 0.0 -0.561 0.447 
-0.681 0.124 -0.17 -0.701 -0.927 -0.0 -0.359 -0.111 -0.767 -0.0 -0.228 -0.599 0.947 0.0 -0.143 -0.288 0.52 0.0 -0.183 -0.834 -0.674 0.0 -0.366 -0.642 -0.68 0.0 -0.589 0.437 0.652 -0.0 -0.4 -0.644 0.697 0.0 -0.561 0.447 
-0.681 0.124 -0.17 -0.701 -0.926 -0.0 -0.36 -0.111 -0.767 -0.0 -0.228 -0.6 0.947 0.0 -0.145 -0.286 0.515 0.0 -0.173 -0.839 -0.674 -0.0 -0.367 -0.641 -0.68 -0.0 -0.588 0.438 0.652 -0.0 -0.4 -0.644 0.697 -0.0 -0.56 0.447 
-0.681 0.124 -0.17 -0.701 -0.926 -0.0 -0.361 -0.11 -0.767 -0.0 -0.227 -0.6 0.947 0.0 -0.147 -0.285 0.511 0.0 -0.163 -0.844 -0.674 -0.0 -0.367 -0.641 -0.68 -0.0 -0.588 0.438 0.652 0.0 -0.4 -0.644 0.697 0.0 -0.56 0.447 
-0.681 0.124 -0.17 -0.701 -0.926 -0.0 -0.361 -0.11 -0.767 0.0 -0.226 -0.6 0.947 0.0 -0.15 -0.283 0.507 0.0 -0.153 -0.848 -0.674 -0.0 -0.367 -0.641 -0.68 -0.0 -0.588 0.438 0.652 0.0 -0.401 -0.644 0.697 0.0 -0.56 0.447 
-0.681 0.124 -0.17 -0.701 -0.926 -0.0 -0.362 -0.11 -0.767 -0.0 -0.225 -0.601 0.948 0.0 -0.151 -0.281 0.503 0.0 -0.14 -0.853 -0.674 0.0 -0.367 -0.641 -0.68 -0.0 -0.588 0.438 0.652 -0.0 -0.401 -0.643 0.697 0.0 -0.56 0.448 
-0.681 0.124 -0.17 -0.701 -0.926 -0.0 -0.362 -0.11 -0.767 -0.0 -0.225 -0.601 0.948 0.0 -0.154 -0.279 0.499 0.0 -0.128 -0.857 -0.674 -0.0 -0.367 -0.641 -0.68 -0.0 -0.588 0.438 0.652 0.0 -0.401 -0.643 0.697 0.0 -0.56 0.448 
-0.681 0.124 -0.171 -0.701 -0.925 -0.0 -0.363 -0.11 -0.767 -0.0 -0.224 -0.602 0.948 0.0 -0.156 -0.278 0.495 0.0 -0.116 -0.861 -0.674 -0.0 -0.368 -0.641 -0.68 -0.0 -0.588 0.438 0.652 0.0 -0.402 -0.643 0.697 -0.0 -0.559 0.448 
-0.681 0.125 -0.171 -0.701 -0.925 0.0 -0.363 -0.11 -0.767 -0.0 -0.223 -0.602 0.948 0.0 -0.159 -0.276 0.492 0.0 -0.103 -0.864 -0.674 -0.0 -0.368 -0.641 -0.68 -0.0 -0.588 0.439 0.652 0.0 -0.402 -0.643 0.697 0.0 -0.559 0.448 
-0.681 0.125 -0.171 -0.701 -0.925 -0.0 -0.364 -0.11 -0.767 -0.0 -0.223 -0.602 0.948 0.0 -0.161 -0.275 0.49 0.0 -0.089 -0.867 -0.674 -0.0 -0.368 -0.64 -0.68 -0.0 -0.588 0.439 0.652 0.0 -0.402 -0.643 0.697 0.0 -0.559 0.449 
-0.681 0.125 -0.171 -0.701 -0.925 -0.0 -0.364 -0.11 -0.766 0.0 -0.222 -0.603 0.948 0.0 -0.164 -0.273 0.488 0.0 -0.076 -0.87 -0.674 -0.0 -0.368 -0.64 -0.68 0.0 -0.587 0.439 0.652 0.0 -0.402 -0.643 0.697 0.0 -0.559 0.449 
-0.681 0.125 -0.171 -0.701 -0.925 -0.0 -0.364 -0.11 -0.766 -0.0 -0.222 -0.603 0.948 0.0 -0.166 -0.272 0.486 -0.0 -0.062 -0.872 -0.674 -0.0 -0.368 -0.64 -0.68 -0.0 -0.587 0.439 0.652 0.0 -0.403 -0.643 0.697 0.0 -0.559 0.449 
-0.681 0.125 -0.171 -0.701 -0.925 -0.0 -0.365 -0.11 -0.766 -0.0 -0.222 -0.604 0.948 0.0 -0.168 -0.271 0.484 0.0 -0.05 -0.874 -0.674 -0.0 -0.369 -0.64 -0.68 -0.0 -0.587 0.439 0.652 0.0 -0.403 -0.642 0.697 -0.0 -0.558 0.45 
-0.681 0.125 -0.171 -0.701 -0.925 -0.0 -0.365 -0.11 -0.766 -0.0 -0.222 -0.604 0.948 0.0 -0.17 -0.271 0.483 0.0 -0.034 -0.875 -0.674 -0.0 -0.369 -0.64 -0.68 -0.0 -0.587 0.439 0.652 0.0 -0.403 -0.642 0.697 0.0 -0.558 0.45 
-0.681 0.125 -0.172 -0.701 -0.925 0.0 -0.365 -0.109 -0.765 -0.0 -0.222 -0.604 0.948 0.0 -0.171 -0.27 0.483 -0.0 -0.02 -0.875 -0.674 -0.0 -0.369 -0.64 -0.68 -0.0 -0.587 0.44 0.652 -0.0 -0.403 -0.642 0.697 0.0 -0.558 0.45 
-0.681 0.125 -0.172 -0.701 -0.925 -0.0 -0.365 -0.109 -0.765 -0.0 -0.222 -0.605 0.948 0.0 -0.173 -0.269 0.484 0.0 -0.007 -0.875 -0.674 -0.0 -0.369 -0.64 -0.68 -0.0 -0.587 0.44 0.652 0.0 -0.403 -0.642 0.697 0.0 -0.558 0.45 
-0.681 0.125 -0.172 -0.701 -0.924 -0.0 -0.365 -0.109 -0.765 -0.0 -0.222 -0.605 0.948 0.0 -0.174 -0.268 0.485 0.0 0.005 -0.875 -0.674 -0.0 -0.369 -0.64 -0.68 -0.0 -0.587 0.44 0.652 0.0 -0.404 -0.642 0.697 0.0 -0.558 0.45 
-0.681 0.125 -0.172 -0.7 -0.924 -0.0 -0.365 -0.109 -0.765 0.0 -0.222 -0.605 0.948 0.0 -0.175 -0.268 0.484 0.0 0.017 -0.875 -0.674 -0.0 -0.369 -0.64 -0.68 0.0 -0.587 0.44 0.652 0.0 -0.404 -0.642 0.697 -0.0 -0.558 0.451 
-0.681 0.125 -0.172 -0.701 -0.925 -0.0 -0.365 -0.109 -0.764 -0.0 -0.222 -0.605 0.947 0.0 -0.176 -0.268 0.486 -0.0 0.029 -0.873 -0.674 -0.0 -0.369 -0.639 -0.68 -0.0 -0.587 0.44 0.652 0.0 -0.404 -0.642 0.697 0.0 -0.558 0.451 
-0.681 0.125 -0.172 -0.701 -0.924 0.0 -0.365 -0.109 -0.764 -0.0 -0.222 -0.606 0.947 0.0 -0.177 -0.267 0.489 0.0 0.041 -0.872 -0.674 -0.0 -0.369 -0.64 -0.68 -0.0 -0.587 0.44 0.652 0.0 -0.404 -0.642 0.697 -0.0 -0.558 0.451 
-0.681 0.125 -0.172 -0.7 -0.924 -0.0 -0.365 -0.109 -0.764 -0.0 -0.223 -0.606 0.947 0.0 -0.178 -0.267 0.491 0.0 0.051 -0.869 -0.674 -0.0 -0.369 -0.64 -0.68 -0.0 -0.587 0.44 0.651 0.0 -0.404 -0.642 0.697 0.0 -0.557 0.451 
-0.681 0.125 -0.172 -0.7 -0.925 0.0 -0.365 -0.109 -0.764 0.0 -0.223 -0.606 0.947 0.0 -0.18 -0.267 0.496 -0.0 0.061 -0.866 -0.674 -0.0 -0.369 -0.64 -0.68 0.0 -0.587 0.44 0.651 0.0 -0.404 -0.642 0.697 0.0 -0.557 0.451 
-0.681 0.125 -0.172 -0.7 -0.925 -0.0 -0.365 -0.11 -0.764 -0.0 -0.224 -0.605 0.947 0.0 -0.18 -0.267 0.499 0.0 0.07 -0.864 -0.674 -0.0 -0.37 -0.64 -0.68 -0.0 -0.586 0.44 0.651 0.0 -0.404 -0.642 0.697 0.0 -0.557 0.452 
-0.681 0.125 -0.172 -0.7 -0.925 -0.0 -0.365 -0.11 -0.764 -0.0 -0.224 -0.605 0.947 0.0 -0.18 -0.268 0.504 0.0 0.078 -0.86 -0.674 -0.0 -0.37 -0.64 -0.68 -0.0 -0.586 0.441 0.651 0.0 -0.404 -0.642 0.697 -0.0 -0.557 0.452 
-0.681 0.125 -0.172 -0.7 -0.925 -0.0 -0.364 -0.11 -0.764 0.0 -0.224 -0.605 0.946 0.0 -0.18 -0.268 0.508 0.0 0.085 -0.857 -0.674 -0.0 -0.37 -0.639 -0.68 0.0 -0.586 0.441 0.651 -0.0 -0.404 -0.643 0.697 0.0 -0.557 0.452 
-0.681 0.125 -0.172 -0.7 -0.925 0.0 -0.364 -0.11 -0.764 0.0 -0.224 -0.605 0.946 0.0 -0.18 -0.268 0.513 0.0 0.091 -0.854 -0.674 -0.0 -0.37 -0.64 -0.68 -0.0 -0.586 0.441 0.651 0.0 -0.404 -0.643 0.697 0.0 -0.556 0.452 
-0.681 0.125 -0.172 -0.7 -0.925 -0.0 -0.364 -0.111 -0.764 -0.0 -0.225 -0.605 0.946 0.0 -0.18 -0.269 0.518 0.0 0.096 -0.85 -0.674 -0.0 -0.37 -0.64 -0.68 -0.0 -0.586 0.441 0.651 0.0 -0.404 -0.643 0.697 0.0 -0.557 0.452 
-0.681 0.125 -0.172 -0.7 -0.925 -0.0 -0.364 -0.111 -0.764 -0.0 -0.225 -0.605 0.946 0.0 -0.18 -0.269 0.523 0.0 0.1 -0.846 -0.674 -0.0 -0.37 -0.64 -0.68 -0.0 -0.586 0.441 0.651 0.0 -0.404 -0.643 0.697 0.0 -0.556 0.453 
-0.681 0.125 -0.172 -0.7 -0.925 -0.0 -0.363 -0.112 -0.764 -0.0 -0.225 -0.604 0.946 0.0 -0.179 -0.27 0.529 0.0 0.103 -0.842 -0.674 -0.0 -0.37 -0.64 -0.68 -0.0 -0.586 0.441 0.65 0.0 -0.404 -0.643 0.697 0.0 -0.556 0.453 
-0.681 0.125 -0.172 -0.701 -0.925 -0.0 -0.363 -0.112 -0.764 -0.0 -0.225 -0.604 0.946 -0.0 -0.178 -0.27 0.535 0.0 0.105 -0.838 -0.674 -0.0 -0.37 -0.64 -0.68 -0.0 -0.586 0.441 0.65 0.0 -0.404 -0.643 0.697 0.0 -0.556 0.453 
-0.681 0.125 -0.172 -0.7 -0.925 -0.0 -0.363 -0.113 -0.764 -0.0 -0.226 -0.604 0.946 0.0 -0.177 -0.271 0.542 0.0 0.105 -0.834 -0.674 -0.0 -0.37 -0.64 -0.68 -0.0 -0.586 0.441 0.65 0.0 -0.404 -0.643 0.697 -0.0 -0.556 0.453 
-0.681 0.125 -0.172 -0.7 -0.925 -0.0 -0.363 -0.113 -0.764 -0.0 -0.226 -0.604 0.946 0.0 -0.176 -0.271 0.546 0.0 0.107 -0.831 -0.674 -0.0 -0.37 -0.64 -0.68 -0.0 -0.586 0.441 0.65 0.0 -0.404 -0.643 0.697 0.0 -0.556 0.453 
-0.681 0.125 -0.172 -0.7 -0.925 -0.0 -0.363 -0.114 -0.764 -0.0 -0.226 -0.604 0.946 0.0 -0.175 -0.272 0.554 0.0 0.105 -0.826 -0.674 -0.0 -0.37 -0.64 -0.68 -0.0 -0.586 0.441 0.65 0.0 -0.404 -0.643 0.697 0.0 -0.556 0.453 
-0.681 0.125 -0.172 -0.701 -0.925 -0.0 -0.363 -0.114 -0.764 -0.0 -0.226 -0.604 0.946 0.0 -0.174 -0.273 0.559 0.0 0.103 -0.822 -0.674 -0.0 -0.37 -0.64 -0.68 -0.0 -0.586 0.441 0.65 -0.0 -0.405 -0.643 0.697 0.0 -0.556 0.453 
-0.681 0.125 -0.172 -0.7 -0.925 -0.0 -0.363 -0.114 -0.764 -0.0 -0.226 -0.604 0.946 0.0 -0.172 -0.274 0.566 -0.0 0.101 -0.818 -0.673 -0.0 -0.37 -0.64 -0.68 -0.0 -0.586 0.441 0.65 0.0 -0.405 -0.643 0.697 0.0 -0.556 0.453 
-0.681 0.125 -0.172 -0.7 -0.925 0.0 -0.362 -0.114 -0.764 0.0 -0.226 -0.604 0.946 0.0 -0.171 -0.275 0.572 0.0 0.098 -0.815 -0.674 -0.0 -0.37 -0.64 -0.68 -0.0 -0.586 0.441 0.65 0.0 -0.405 -0.643 0.697 0.0 -0.556 0.454 
-0.681 0.125 -0.172 -0.7 -0.925 -0.0 -0.362 -0.115 -0.764 -0.0 -0.226 -0.604 0.946 -0.0 -0.169 -0.276 0.577 0.0 0.095 -0.811 -0.674 -0.0 -0.37 -0.64 -0.68 -0.0 -0.586 0.441 0.65 0.0 -0.405 -0.644 0.697 0.0 -0.556 0.454 
-0.681 0.125 -0.172 -0.7 -0.925 -0.0 -0.362 -0.115 -0.764 -0.0 -0.225 -0.604 0.946 0.0 -0.168 -0.277 0.584 0.0 0.09 -0.807 -0.673 -0.0 -0.37 -0.64 -0.68 -0.0 -0.586 0.441 0.65 0.0 -0.405 -0.644 0.697 -0.0 -0.556 0.454 
-0.681 0.125 -0.172 -0.7 -0.925 -0.0 -0.362 -0.115 -0.764 0.0 -0.225 -0.604 0.946 0.0 -0.166 -0.278 0.589 -0.0 0.085 -0.803 -0.673 -0.0 -0.37 -0.64 -0.68 -0.0 -0.586 0.441 0.65 -0.0 -0.405 -0.644 0.696 0.0 -0.556 0.454 
-0.681 0.125 -0.172 -0.7 -0.925 0.0 -0.362 -0.115 -0.764 -0.0 -0.225 -0.605 0.946 0.0 -0.165 -0.279 0.595 0.0 0.081 -0.8 -0.673 -0.0 -0.37 -0.64 -0.68 -0.0 -0.586 0.441 0.65 -0.0 -0.404 -0.644 0.696 0.0 -0.556 0.454 
-0.681 0.125 -0.172 -0.7 -0.925 -0.0 -0.363 -0.115 -0.764 -0.0 -0.225 -0.605 0.946 0.0 -0.163 -0.28 0.6 0.0 0.075 -0.796 -0.674 -0.0 -0.37 -0.64 -0.68 -0.0 -0.586 0.441 0.65 0.0 -0.405 -0.643 0.697 0.0 -0.556 0.454 
-0.681 0.125 -0.172 -0.7 -0.925 -0.0 -0.363 -0.115 -0.764 -0.0 -0.224 -0.605 0.946 0.0 -0.162 -0.281 0.606 0.0 0.069 -0.792 -0.674 -0.0 -0.37 -0.64 -0.68 -0.0 -0.586 0.441 0.65 0.0 -0.405 -0.644 0.696 0.0 -0.556 0.454 
-0.681 0.125 -0.172 -0.7 -0.925 0.0 -0.363 -0.116 -0.764 -0.0 -0.224 -0.605 0.946 0.0 -0.161 -0.281 0.611 -0.0 0.063 -0.789 -0.674 -0.0 -0.37 -0.64 -0.68 -0.0 -0.586 0.441 0.65 0.0 -0.405 -0.644 0.696 0.0 -0.556 0.454 
-0.681 0.125 -0.172 -0.7 -0.925 -0.0 -0.363 -0.116 -0.764 -0.0 -0.223 -0.605 0.946 0.0 -0.159 -0.283 0.616 0.0 0.057 -0.786 -0.674 -0.0 -0.37 -0.64 -0.68 -0.0 -0.586 0.441 0.65 0.0 -0.405 -0.643 0.697 0.0 -0.556 0.454 
-0.681 0.125 -0.172 -0.7 -0.924 0.0 -0.363 -0.116 -0.764 -0.0 -0.223 -0.605 0.946 0.0 -0.158 -0.283 0.621 0.0 0.051 -0.783 -0.674 -0.0 -0.37 -0.64 -0.68 -0.0 -0.586 0.441 0.65 0.0 -0.405 -0.643 0.696 0.0 -0.556 0.454 
-0.681 0.125 -0.172 -0.7 -0.924 -0.0 -0.363 -0.116 -0.764 -0.0 -0.222 -0.606 0.946 0.0 -0.157 -0.284 0.625 0.0 0.044 -0.779 -0.674 -0.0 -0.37 -0.64 -0.68 -0.0 -0.586 0.441 0.65 0.0 -0.404 -0.644 0.697 0.0 -0.556 0.454 
-0.681 0.125 -0.172 -0.7 -0.924 -0.0 -0.363 -0.117 -0.764 -0.0 -0.222 -0.606 0.946 0.0 -0.156 -0.284 0.629 0.0 0.037 -0.776 -0.674 -0.0 -0.37 -0.64 -0.68 0.0 -0.586 0.44 0.65 -0.0 -0.404 -0.644 0.696 0.0 -0.556 0.453 
-0.681 0.125 -0.172 -0.7 -0.924 0.0 -0.363 -0.117 -0.764 -0.0 -0.222 -0.606 0.946 0.0 -0.155 -0.285 0.633 0.0 0.03 -0.773 -0.674 -0.0 -0.37 -0.64 -0.68 -0.0 -0.586 0.44 0.65 0.0 -0.404 -0.644 0.697 0.0 -0.556 0.453 
-0.681 0.125 -0.172 -0.701 -0.924 -0.0 -0.364 -0.117 -0.763 -0.0 -0.221 -0.607 0.946 0.0 -0.154 -0.285 0.637 0.0 0.023 -0.77 -0.674 -0.0 -0.369 -0.64 -0.68 -0.0 -0.586 0.44 0.65 0.0 -0.404 -0.644 0.697 0.0 -0.556 0.453 
-0.681 0.125 -0.172 -0.701 -0.924 -0.0 -0.364 -0.117 -0.763 -0.0 -0.221 -0.607 0.946 -0.0 -0.153 -0.285 0.641 0.0 0.015 -0.767 -0.674 0.0 -0.369 -0.64 -0.68 -0.0 -0.586 0.44 0.65 0.0 -0.404 -0.644 0.697 0.0 -0.556 0.453 
-0.681 0.125 -0.172 -0.701 -0.924 -0.0 -0.364 -0.117 -0.763 -0.0 -0.22 -0.608 0.946 0.0 -0.152 -0.286 0.645 0.0 0.008 -0.764 -0.674 -0.0 -0.369 -0.64 -0.68 -0.0 -0.587 0.44 0.65 0.0 -0.404 -0.644 0.697 0.0 -0.557 0.453 
-0.681 0.125 -0.171 -0.701 -0.924 0.0 -0.364 -0.117 -0.763 -0.0 -0.22 -0.608 0.946 0.0 -0.152 -0.286 0.649 0.0 -0.0 -0.761 -0.674 -0.0 -0.369 -0.64 -0.68 0.0 -0.587 0.44 0.65 0.0 -0.404 -0.644 0.697 0.0 -0.557 0.453 
-0.681 0.125 -0.171 -0.701 -0.924 -0.0 -0.365 -0.118 -0.763 -0.0 -0.22 -0.608 0.946 0.0 -0.151 -0.286 0.652 0.0 -0.008 -0.758 -0.674 -0.0 -0.369 -0.64 -0.68 0.0 -0.587 0.44 0.65 0.0 -0.404 -0.644 0.697 0.0 -0.557 0.453 
-0.681 0.125 -0.171 -0.701 -0.924 -0.0 -0.365 -0.118 -0.762 -0.0 -0.22 -0.609 0.946 0.0 -0.15 -0.287 0.655 0.0 -0.015 -0.755 -0.674 -0.0 -0.369 -0.64 -0.68 -0.0 -0.587 0.439 0.65 -0.0 -0.403 -0.644 0.696 0.0 -0.557 0.452 
-0.681 0.125 -0.171 -0.701 -0.924 -0.0 -0.365 -0.117 -0.762 -0.0 -0.22 -0.609 0.946 0.0 -0.15 -0.287 0.658 0.0 -0.023 -0.752 -0.674 0.0 -0.369 -0.64 -0.68 -0.0 -0.587 0.439 0.65 -0.0 -0.403 -0.644 0.697 0.0 -0.557 0.452 
-0.681 0.125 -0.171 -0.701 -0.924 -0.0 -0.365 -0.118 -0.762 -0.0 -0.22 -0.609 0.946 0.0 -0.149 -0.287 0.661 -0.0 -0.03 -0.749 -0.674 -0.0 -0.369 -0.64 -0.68 -0.0 -0.587 0.439 0.65 0.0 -0.403 -0.644 0.697 0.0 -0.557 0.452 
-0.681 0.125 -0.171 -0.701 -0.924 0.0 -0.365 -0.118 -0.761 -0.0 -0.22 -0.61 0.946 -0.0 -0.148 -0.288 0.665 0.0 -0.037 -0.746 -0.674 -0.0 -0.369 -0.64 -0.68 -0.0 -0.587 0.439 0.65 0.0 -0.403 -0.644 0.697 0.0 -0.557 0.452 
-0.681 0.125 -0.171 -0.701 -0.924 0.0 -0.365 -0.117 -0.761 0.0 -0.221 -0.61 0.946 0.0 -0.148 -0.288 0.667 0.0 -0.045 -0.744 -0.674 -0.0 -0.368 -0.64 -0.68 -0.0 -0.587 0.439 0.65 0.0 -0.403 -0.644 0.697 0.0 -0.558 0.451 
-0.681 0.125 -0.171 -0.701 -0.924 -0.0 -0.365 -0.117 -0.761 -0.0 -0.221 -0.61 0.946 0.0 -0.147 -0.289 0.669 -0.0 -0.053 -0.741 -0.674 -0.0 -0.368 -0.64 -0.68 -0.0 -0.587 0.439 0.65 0.0 -0.403 -0.644 0.697 0.0 -0.558 0.451 
-0.681 0.125 -0.171 -0.701 -0.924 -0.0 -0.365 -0.117 -0.76 -0.0 -0.222 -0.611 0.946 0.0 -0.146 -0.289 0.672 -0.0 -0.062 -0.738 -0.674 0.0 -0.368 -0.64 -0.68 -0.0 -0.587 0.439 0.65 -0.0 -0.403 -0.644 0.697 0.0 -0.558 0.451 
-0.681 0.125 -0.171 -0.701 -0.924 -0.0 -0.365 -0.117 -0.76 -0.0 -0.222 -0.611 0.946 0.0 -0.146 -0.29 0.674 0.0 -0.07 -0.735 -0.674 -0.0 -0.368 -0.64 -0.68 -0.0 -0.587 0.439 0.65 0.0 -0.402 -0.644 0.697 0.0 -0.558 0.451 
-0.681 0.124 -0.171 -0.701 -0.924 0.0 -0.365 -0.116 -0.76 -0.0 -0.223 -0.611 0.946 -0.0 -0.145 -0.29 0.676 0.0 -0.078 -0.733 -0.674 -0.0 -0.368 -0.641 -0.68 -0.0 -0.588 0.439 0.65 -0.0 -0.402 -0.644 0.697 0.0 -0.558 0.451 
-0.681 0.124 -0.171 -0.701 -0.924 -0.0 -0.365 -0.116 -0.759 -0.0 -0.224 -0.611 0.946 0.0 -0.143 -0.291 0.677 -0.0 -0.087 -0.731 -0.674 -0.0 -0.368 -0.641 -0.68 -0.0 -0.588 0.439 0.65 0.0 -0.402 -0.644 0.697 0.0 -0.558 0.451 
-0.681 0.124 -0.171 -0.701 -0.924 -0.0 -0.365 -0.116 -0.759 0.0 -0.225 -0.611 0.946 -0.0 -0.143 -0.292 0.679 0.0 -0.095 -0.728 -0.674 -0.0 -0.368 -0.641 -0.68 -0.0 -0.588 0.439 0.65 0.0 -0.402 -0.645 0.697 0.0 -0.558 0.451 
-0.681 0.124 -0.17 -0.701 -0.924 -0.0 -0.364 -0.115 -0.759 -0.0 -0.225 -0.611 0.946 0.0 -0.142 -0.292 0.681 0.0 -0.103 -0.725 -0.674 -0.0 -0.367 -0.641 -0.68 -0.0 -0.588 0.439 0.65 0.0 -0.402 -0.645 0.697 0.0 -0.558 0.451 
-0.681 0.124 -0.17 -0.701 -0.924 -0.0 -0.364 -0.115 -0.758 -0.0 -0.226 -0.612 0.946 0.0 -0.142 -0.293 0.682 0.0 -0.111 -0.723 -0.674 -0.0 -0.367 -0.641 -0.68 -0.0 -0.588 0.438 0.65 0.0 -0.402 -0.645 0.697 0.0 -0.558 0.45 
-0.681 0.124 -0.17 -0.701 -0.924 -0.0 -0.364 -0.115 -0.758 -0.0 -0.227 -0.612 0.945 0.0 -0.141 -0.294 0.684 0.0 -0.119 -0.72 -0.674 -0.0 -0.367 -0.641 -0.68 -0.0 -0.588 0.438 0.65 0.0 -0.401 -0.645 0.697 -0.0 -0.558 0.45 
-0.681 0.124 -0.17 -0.701 -0.925 -0.0 -0.364 -0.115 -0.758 -0.0 -0.228 -0.611 0.945 0.0 -0.141 -0.294 0.685 -0.0 -0.127 -0.717 -0.674 -0.0 -0.367 -0.641 -0.68 -0.0 -0.588 0.438 0.65 -0.0 -0.401 -0.645 0.697 0.0 -0.558 0.45 
-0.681 0.124 -0.17 -0.701 -0.925 -0.0 -0.363 -0.115 -0.758 -0.0 -0.228 -0.611 0.945 0.0 -0.139 -0.295 0.686 0.0 -0.136 -0.715 -0.674 -0.0 -0.367 -0.642 -0.68 0.0 -0.588 0.438 0.65 0.0 -0.401 -0.645 0.697 0.0 -0.559 0.45 
-0.681 0.124 -0.17 -0.701 -0.925 0.0 -0.363 -0.114 -0.758 -0.0 -0.229 -0.611 0.945 0.0 -0.139 -0.296 0.686 0.0 -0.143 -0.713 -0.674 -0.0 -0.367 -0.642 -0.68 -0.0 -0.588 0.438 0.65 0.0 -0.401 -0.645 0.697 0.0 -0.559 0.45 
-0.681 0.124 -0.17 -0.701 -0.925 -0.0 -0.363 -0.114 -0.758 -0.0 -0.229 -0.611 0.945 -0.0 -0.138 -0.296 0.687 0.0 -0.152 -0.711 -0.674 0.0 -0.367 -0.642 -0.68 -0.0 -0.588 0.438 0.65 0.0 -0.401 -0.645 0.697 0.0 -0.559 0.45 
-0.682 0.124 -0.17 -0.701 -0.925 -0.0 -0.362 -0.114 -0.758 -0.0 -0.229 -0.611 0.945 0.0 -0.138 -0.297 0.687 0.0 -0.159 -0.709 -0.674 -0.0 -0.367 -0.642 -0.68 -0.0 -0.588 0.438 0.65 0.0 -0.401 -0.645 0.697 0.0 -0.559 0.45 
-0.682 0.124 -0.17 -0.701 -0.925 -0.0 -0.362 -0.114 -0.758 -0.0 -0.229 -0.61 0.945 0.0 -0.137 -0.297 0.687 0.0 -0.167 -0.707 -0.674 -0.0 -0.367 -0.642 -0.68 -0.0 -0.588 0.438 0.65 0.0 -0.401 -0.645 0.697 0.0 -0.559 0.45 
-0.682 0.123 -0.17 -0.701 -0.925 -0.0 -0.361 -0.114 -0.758 0.0 -0.229 -0.61 0.945 0.0 -0.137 -0.297 0.687 0.0 -0.176 -0.705 -0.674 0.0 -0.366 -0.642 -0.68 -0.0 -0.588 0.438 0.65 0.0 -0.401 -0.645 0.697 0.0 -0.559 0.45 
-0.682 0.123 -0.17 -0.701 -0.926 -0.0 -0.361 -0.115 -0.758 -0.0 -0.23 -0.61 0.945 0.0 -0.136 -0.298 0.686 0.0 -0.184 -0.704 -0.674 -0.0 -0.366 -0.642 -0.68 -0.0 -0.588 0.438 0.65 0.0 -0.4 -0.645 0.697 0.0 -0.559 0.449 
-0.682 0.123 -0.17 -0.701 -0.926 -0.0 -0.361 -0.114 -0.758 0.0 -0.23 -0.61 0.945 -0.0 -0.136 -0.298 0.686 0.0 -0.191 -0.703 -0.674 -0.0 -0.366 -0.642 -0.68 -0.0 -0.589 0.438 0.65 0.0 -0.4 -0.645 0.697 -0.0 -0.559 0.449 
-0.682 0.123 -0.17 -0.701 -0.926 -0.0 -0.36 -0.115 -0.759 -0.0 -0.229 -0.61 0.945 0.0 -0.136 -0.298 0.684 0.0 -0.198 -0.702 -0.674 -0.0 -0.366 -0.642 -0.68 -0.0 -0.589 0.437 0.65 0.0 -0.4 -0.646 0.697 0.0 -0.559 0.449 
-0.682 0.123 -0.17 -0.701 -0.926 -0.0 -0.36 -0.114 -0.758 0.0 -0.229 -0.61 0.945 0.0 -0.136 -0.299 0.684 0.0 -0.205 -0.701 -0.674 0.0 -0.366 -0.642 -0.68 -0.0 -0.589 0.437 0.65 0.0 -0.4 -0.646 0.697 -0.0 -0.559 0.449 
-0.682 0.123 -0.17 -0.701 -0.926 -0.0 -0.36 -0.114 -0.759 -0.0 -0.229 -0.61 0.944 0.0 -0.137 -0.299 0.682 0.0 -0.213 -0.7 -0.674 -0.0 -0.366 -0.642 -0.68 -0.0 -0.589 0.437 0.65 0.0 -0.4 -0.646 0.697 0.0 -0.559 0.449 
-0.682 0.123 -0.169 -0.701 -0.926 -0.0 -0.36 -0.114 -0.759 -0.0 -0.228 -0.61 0.945 -0.0 -0.137 -0.298 0.68 0.0 -0.22 -0.699 -0.674 -0.0 -0.366 -0.642 -0.68 -0.0 -0.589 0.437 0.65 0.0 -0.4 -0.646 0.697 0.0 -0.559 0.449 
-0.682 0.123 -0.169 -0.701 -0.926 0.0 -0.359 -0.114 -0.759 0.0 -0.228 -0.61 0.945 0.0 -0.137 -0.298 0.679 0.0 -0.225 -0.699 -0.674 -0.0 -0.366 -0.642 -0.68 0.0 -0.589 0.437 0.65 0.0 -0.4 -0.646 0.697 0.0 -0.56 0.449 
-0.682 0.123 -0.169 -0.701 -0.926 -0.0 -0.359 -0.114 -0.759 -0.0 -0.227 -0.61 0.945 0.0 -0.137 -0.298 0.676 0.0 -0.232 -0.699 -0.674 -0.0 -0.366 -0.642 -0.68 -0.0 -0.589 0.437 0.65 0.0 -0.4 -0.646 0.697 0.0 -0.56 0.449 
-0.682 0.123 -0.169 -0.701 -0.926 -0.0 -0.359 -0.114 -0.759 0.0 -0.227 -0.611 0.945 0.0 -0.137 -0.298 0.674 0.0 -0.237 -0.699 -0.674 0.0 -0.366 -0.642 -0.68 -0.0 -0.589 0.437 0.651 0.0 -0.4 -0.646 0.697 0.0 -0.56 0.449 
-0.682 0.123 -0.169 -0.701 -0.926 -0.0 -0.359 -0.114 -0.759 0.0 -0.226 -0.611 0.945 0.0 -0.138 -0.298 0.671 0.0 -0.243 -0.7 -0.674 -0.0 -0.366 -0.642 -0.68 -0.0 -0.589 0.437 0.65 0.0 -0.4 -0.646 0.697 0.0 -0.56 0.449 
-0.682 0.123 -0.169 -0.701 -0.926 -0.0 -0.359 -0.113 -0.759 -0.0 -0.226 -0.611 0.945 0.0 -0.138 -0.297 0.669 0.0 -0.248 -0.701 -0.674 0.0 -0.366 -0.642 -0.68 -0.0 -0.589 0.437 0.65 0.0 -0.4 -0.646 0.697 0.0 -0.56 0.449 
-0.682 0.123 -0.169 -0.701 -0.926 -0.0 -0.359 -0.113 -0.759 0.0 -0.225 -0.611 0.945 0.0 -0.138 -0.297 0.666 0.0 -0.253 -0.701 -0.674 -0.0 -0.366 -0.642 -0.68 -0.0 -0.589 0.437 0.651 0.0 -0.4 -0.646 0.697 0.0 -0.56 0.449 
-0.682 0.123 -0.169 -0.701 -0.926 -0.0 -0.359 -0.113 -0.759 -0.0 -0.224 -0.611 0.945 0.0 -0.138 -0.297 0.663 0.0 -0.258 -0.702 -0.674 -0.0 -0.366 -0.642 -0.68 -0.0 -0.589 0.437 0.651 0.0 -0.4 -0.646 0.697 0.0 -0.56 0.449 
-0.682 0.123 -0.169 -0.701 -0.926 -0.0 -0.359 -0.113 -0.759 -0.0 -0.223 -0.611 0.945 0.0 -0.138 -0.297 0.66 0.0 -0.262 -0.704 -0.674 -0.0 -0.366 -0.642 -0.68 -0.0 -0.589 0.437 0.651 0.0 -0.4 -0.646 0.697 -0.0 -0.56 0.449 
-0.682 0.123 -0.169 -0.701 -0.926 -0.0 -0.36 -0.112 -0.759 -0.0 -0.223 -0.611 0.945 0.0 -0.139 -0.297 0.657 0.0 -0.266 -0.705 -0.674 -0.0 -0.366 -0.642 -0.68 -0.0 -0.589 0.437 0.651 0.0 -0.4 -0.646 0.697 0.0 -0.56 0.449 
-0.682 0.123 -0.169 -0.701 -0.926 -0.0 -0.36 -0.112 -0.76 0.0 -0.222 -0.611 0.945 -0.0 -0.139 -0.296 0.654 -0.0 -0.269 -0.707 -0.674 -0.0 -0.366 -0.642 -0.68 -0.0 -0.589 0.437 0.651 0.0 -0.4 -0.646 0.697 0.0 -0.56 0.449 
-0.682 0.123 -0.169 -0.701 -0.926 0.0 -0.36 -0.112 -0.76 -0.0 -0.221 -0.611 0.945 0.0 -0.14 -0.296 0.65 0.0 -0.272 -0.71 -0.674 -0.0 -0.366 -0.642 -0.68 -0.0 -0.589 0.437 0.651 0.0 -0.4 -0.646 0.697 0.0 -0.56 0.449 
-0.682 0.123 -0.169 -0.701 -0.926 -0.0 -0.36 -0.112 -0.76 0.0 -0.221 -0.611 0.945 0.0 -0.14 -0.296 0.647 -0.0 -0.274 -0.712 -0.674 -0.0 -0.366 -0.642 -0.68 -0.0 -0.589 0.437 0.651 -0.0 -0.4 -0.645 0.697 -0.0 -0.559 0.449 
-0.682 0.123 -0.17 -0.701 -0.926 -0.0 -0.361 -0.112 -0.76 -0.0 -0.22 -0.611 0.945 0.0 -0.141 -0.295 0.643 0.0 -0.276 -0.715 -0.674 -0.0 -0.366 -0.642 -0.68 -0.0 -0.589 0.437 0.651 0.0 -0.4 -0.645 0.697 0.0 -0.559 0.449 
-0.682 0.124 -0.17 -0.701 -0.926 -0.0 -0.361 -0.111 -0.76 -0.0 -0.22 -0.611 0.945 0.0 -0.142 -0.295 0.639 0.0 -0.274 -0.719 -0.674 -0.0 -0.366 -0.642 -0.68 0.0 -0.589 0.437 0.651 0.0 -0.4 -0.645 0.697 0.0 -0.56 0.449 
-0.682 0.123 -0.17 -0.701 -0.926 -0.0 -0.361 -0.111 -0.761 -0.0 -0.219 -0.611 0.945 -0.0 -0.143 -0.295 0.635 -0.0 -0.275 -0.722 -0.674 -0.0 -0.366 -0.642 -0.68 -0.0 -0.589 0.437 0.651 0.0 -0.4 -0.645 0.697 0.0 -0.559 0.449 
-0.681 0.124 -0.17 -0.701 -0.926 0.0 -0.361 -0.111 -0.761 -0.0 -0.219 -0.611 0.945 -0.0 -0.144 -0.294 0.63 -0.0 -0.275 -0.726 -0.674 -0.0 -0.366 -0.642 -0.68 -0.0 -0.588 0.437 0.651 -0.0 -0.4 -0.645 0.697 0.0 -0.559 0.449 
-0.681 0.124 -0.17 -0.701 -0.926 -0.0 -0.362 -0.111 -0.761 -0.0 -0.218 -0.611 0.945 0.0 -0.145 -0.294 0.626 0.0 -0.275 -0.73 -0.674 -0.0 -0.366 -0.642 -0.68 -0.0 -0.588 0.437 0.651 0.0 -0.401 -0.645 0.697 0.0 -0.559 0.449 
-0.681 0.124 -0.17 -0.701 -0.925 -0.0 -0.362 -0.111 -0.762 -0.0 -0.218 -0.61 0.945 -0.0 -0.146 -0.293 0.621 0.0 -0.274 -0.734 -0.674 -0.0 -0.366 -0.642 -0.68 0.0 -0.588 0.438 0.651 0.0 -0.401 -0.645 0.697 -0.0 -0.559 0.449 
-0.681 0.124 -0.17 -0.701 -0.925 -0.0 -0.363 -0.111 -0.762 -0.0 -0.217 -0.61 0.945 0.0 -0.147 -0.292 0.617 0.0 -0.272 -0.739 -0.674 -0.0 -0.367 -0.642 -0.68 -0.0 -0.588 0.438 0.651 0.0 -0.401 -0.645 0.697 -0.0 -0.559 0.449 
-0.681 0.124 -0.17 -0.701 -0.925 -0.0 -0.363 -0.111 -0.762 -0.0 -0.217 -0.61 0.945 0.0 -0.149 -0.291 0.613 0.0 -0.269 -0.743 -0.674 -0.0 -0.367 -0.642 -0.68 -0.0 -0.588 0.438 0.651 0.0 -0.401 -0.645 0.697 0.0 -0.559 0.449 
-0.681 0.124 -0.17 -0.701 -0.925 -0.0 -0.363 -0.111 -0.763 -0.0 -0.216 -0.61 0.945 0.0 -0.15 -0.29 0.608 0.0 -0.266 -0.748 -0.674 -0.0 -0.367 -0.642 -0.68 -0.0 -0.588 0.438 0.651 0.0 -0.401 -0.645 0.697 0.0 -0.559 0.449 
-0.681 0.124 -0.17 -0.701 -0.925 0.0 -0.364 -0.112 -0.763 -0.0 -0.216 -0.609 0.945 0.0 -0.153 -0.289 0.603 0.0 -0.262 -0.753 -0.674 -0.0 -0.367 -0.641 -0.68 -0.0 -0.588 0.438 0.651 0.0 -0.401 -0.645 0.697 0.0 -0.559 0.449 
-0.681 0.124 -0.17 -0.701 -0.925 -0.0 -0.364 -0.112 -0.763 -0.0 -0.216 -0.609 0.945 0.0 -0.155 -0.288 0.598 0.0 -0.259 -0.758 -0.674 -0.0 -0.367 -0.641 -0.68 -0.0 -0.588 0.438 0.651 0.0 -0.401 -0.645 0.697 0.0 -0.559 0.449 
-0.681 0.124 -0.17 -0.701 -0.924 -0.0 -0.365 -0.112 -0.763 -0.0 -0.215 -0.609 0.945 -0.0 -0.156 -0.287 0.594 0.0 -0.254 -0.764 -0.674 -0.0 -0.367 -0.641 -0.68 0.0 -0.588 0.439 0.651 0.0 -0.401 -0.644 0.697 0.0 -0.559 0.45 
-0.681 0.124 -0.17 -0.701 -0.924 -0.0 -0.365 -0.112 -0.764 -0.0 -0.215 -0.609 0.945 0.0 -0.158 -0.286 0.589 0.0 -0.25 -0.769 -0.674 -0.0 -0.367 -0.641 -0.68 -0.0 -0.588 0.439 0.651 0.0 -0.401 -0.644 0.697 0.0 -0.559 0.45 
-0.681 0.124 -0.17 -0.701 -0.924 0.0 -0.365 -0.112 -0.764 -0.0 -0.214 -0.609 0.945 -0.0 -0.16 -0.284 0.584 0.0 -0.244 -0.774 -0.674 -0.0 -0.368 -0.641 -0.68 -0.0 -0.588 0.439 0.651 0.0 -0.402 -0.644 0.697 -0.0 -0.559 0.45 
-0.681 0.124 -0.17 -0.701 -0.924 -0.0 -0.366 -0.112 -0.764 0.0 -0.214 -0.609 0.945 0.0 -0.162 -0.283 0.58 0.0 -0.239 -0.779 -0.674 -0.0 -0.368 -0.641 -0.68 -0.0 -0.588 0.439 0.651 0.0 -0.402 -0.644 0.697 -0.0 -0.559 0.45 
-0.681 0.124 -0.171 -0.701 -0.924 -0.0 -0.366 -0.112 -0.764 -0.0 -0.214 -0.609 0.945 -0.0 -0.164 -0.282 0.575 0.0 -0.232 -0.784 -0.674 -0.0 -0.368 -0.641 -0.68 -0.0 -0.587 0.439 0.651 0.0 -0.402 -0.644 0.697 0.0 -0.558 0.45 
-0.681 0.125 -0.171 -0.701 -0.924 -0.0 -0.367 -0.112 -0.764 -0.0 -0.214 -0.609 0.945 -0.0 -0.166 -0.281 0.571 0.0 -0.226 -0.789 -0.674 -0.0 -0.368 -0.641 -0.68 -0.0 -0.587 0.439 0.651 0.0 -0.402 -0.644 0.697 0.0 -0.558 0.45 
-0.681 0.125 -0.171 -0.701 -0.923 -0.0 -0.367 -0.112 -0.764 -0.0 -0.214 -0.609 0.945 0.0 -0.168 -0.28 0.567 0.0 -0.218 -0.794 -0.674 -0.0 -0.368 -0.641 -0.68 -0.0 -0.587 0.439 0.651 0.0 -0.402 -0.644 0.697 0.0 -0.558 0.45 
-0.681 0.125 -0.171 -0.701 -0.923 -0.0 -0.368 -0.112 -0.764 -0.0 -0.214 -0.609 0.945 0.0 -0.17 -0.279 0.563 -0.0 -0.211 -0.799 -0.674 -0.0 -0.369 -0.64 -0.68 0.0 -0.587 0.44 0.651 0.0 -0.403 -0.643 0.697 -0.0 -0.558 0.451 
-0.681 0.125 -0.171 -0.701 -0.923 -0.0 -0.368 -0.112 -0.764 -0.0 -0.214 -0.609 0.945 0.0 -0.171 -0.279 0.56 0.0 -0.203 -0.803 -0.674 -0.0 -0.369 -0.64 -0.68 -0.0 -0.587 0.44 0.651 0.0 -0.403 -0.643 0.697 -0.0 -0.558 0.451 
-0.681 0.125 -0.171 -0.701 -0.923 -0.0 -0.369 -0.112 -0.764 -0.0 -0.213 -0.609 0.945 0.0 -0.173 -0.278 0.556 0.0 -0.195 -0.808 -0.674 0.0 -0.369 -0.64 -0.68 -0.0 -0.586 0.44 0.651 0.0 -0.403 -0.643 0.697 0.0 -0.557 0.451 
-0.681 0.125 -0.172 -0.701 -0.923 -0.0 -0.369 -0.112 -0.764 -0.0 -0.213 -0.609 0.944 -0.0 -0.175 -0.278 0.552 -0.0 -0.186 -0.813 -0.674 0.0 -0.37 -0.64 -0.68 -0.0 -0.586 0.441 0.651 0.0 -0.404 -0.643 0.697 0.0 -0.557 0.452 
-0.681 0.125 -0.172 -0.701 -0.923 -0.0 -0.369 -0.112 -0.764 -0.0 -0.213 -0.609 0.944 0.0 -0.177 -0.278 0.548 0.0 -0.177 -0.817 -0.674 0.0 -0.37 -0.64 -0.68 -0.0 -0.586 0.441 0.651 0.0 -0.404 -0.643 0.697 0.0 -0.557 0.452 
-0.681 0.126 -0.172 -0.701 -0.922 -0.0 -0.37 -0.112 -0.764 0.0 -0.213 -0.609 0.944 0.0 -0.178 -0.278 0.545 0.0 -0.168 -0.821 -0.674 0.0 -0.37 -0.639 -0.68 -0.0 -0.586 0.441 0.651 0.0 -0.404 -0.642 0.697 0.0 -0.557 0.452 
-0.681 0.126 -0.172 -0.7 -0.922 -0.0 -0.37 -0.112 -0.764 -0.0 -0.214 -0.609 0.944 -0.0 -0.18 -0.277 0.542 0.0 -0.159 -0.825 -0.674 -0.0 -0.37 -0.639 -0.68 0.0 -0.586 0.441 0.651 -0.0 -0.404 -0.642 0.697 0.0 -0.557 0.452 
-0.681 0.126 -0.172 -0.7 -0.922 -0.0 -0.371 -0.112 -0.763 0.0 -0.214 -0.61 0.944 -0.0 -0.18 -0.277 0.538 -0.0 -0.148 -0.83 -0.674 -0.0 -0.371 -0.639 -0.68 -0.0 -0.586 0.441 0.651 0.0 -0.405 -0.642 0.697 0.0 -0.557 0.452 
-0.681 0.126 -0.172 -0.7 -0.922 0.0 -0.371 -0.112 -0.763 0.0 -0.214 -0.61 0.944 0.0 -0.182 -0.276 0.534 0.0 -0.138 -0.834 -0.674 -0.0 -0.371 -0.639 -0.68 -0.0 -0.586 0.441 0.651 -0.0 -0.405 -0.642 0.697 0.0 -0.557 0.452 
-0.681 0.126 -0.172 -0.7 -0.922 -0.0 -0.371 -0.112 -0.763 0.0 -0.213 -0.61 0.943 -0.0 -0.184 -0.276 0.532 0.0 -0.128 -0.837 -0.674 -0.0 -0.371 -0.639 -0.68 -0.0 -0.585 0.441 0.651 -0.0 -0.405 -0.642 0.697 0.0 -0.557 0.452 
-0.681 0.126 -0.172 -0.7 -0.922 -0.0 -0.372 -0.113 -0.763 -0.0 -0.213 -0.61 0.943 0.0 -0.185 -0.275 0.528 0.0 -0.117 -0.841 -0.674 0.0 -0.371 -0.639 -0.68 -0.0 -0.585 0.441 0.651 0.0 -0.405 -0.642 0.697 -0.0 -0.556 0.452 
-0.681 0.126 -0.172 -0.7 -0.921 -0.0 -0.372 -0.113 -0.763 -0.0 -0.213 -0.611 0.943 0.0 -0.187 -0.275 0.525 0.0 -0.107 -0.844 -0.674 -0.0 -0.371 -0.639 -0.68 -0.0 -0.585 0.442 0.651 0.0 -0.405 -0.642 0.697 0.0 -0.557 0.452 
-0.681 0.126 -0.172 -0.7 -0.921 -0.0 -0.372 -0.113 -0.763 -0.0 -0.212 -0.611 0.943 -0.0 -0.188 -0.275 0.523 0.0 -0.096 -0.847 -0.674 -0.0 -0.371 -0.639 -0.68 -0.0 -0.585 0.442 0.651 0.0 -0.405 -0.642 0.697 0.0 -0.557 0.452 
-0.681 0.126 -0.172 -0.7 -0.921 -0.0 -0.373 -0.114 -0.762 -0.0 -0.212 -0.611 0.943 0.0 -0.189 -0.275 0.521 0.0 -0.085 -0.849 -0.674 -0.0 -0.371 -0.639 -0.68 -0.0 -0.585 0.442 0.651 0.0 -0.405 -0.641 0.697 0.0 -0.556 0.452 
-0.681 0.126 -0.172 -0.7 -0.921 -0.0 -0.373 -0.114 -0.762 -0.0 -0.212 -0.612 0.943 0.0 -0.19 -0.275 0.519 0.0 -0.075 -0.852 -0.674 -0.0 -0.371 -0.639 -0.68 -0.0 -0.585 0.442 0.651 0.0 -0.405 -0.641 0.697 0.0 -0.557 0.452 
-0.681 0.126 -0.172 -0.7 -0.921 -0.0 -0.373 -0.115 -0.762 0.0 -0.211 -0.612 0.942 0.0 -0.191 -0.275 0.518 0.0 -0.064 -0.853 -0.674 -0.0 -0.371 -0.639 -0.68 -0.0 -0.585 0.442 0.652 0.0 -0.405 -0.641 0.697 0.0 -0.557 0.452 
-0.681 0.126 -0.173 -0.7 -0.92 -0.0 -0.373 -0.115 -0.762 -0.0 -0.211 -0.613 0.942 0.0 -0.192 -0.275 0.517 -0.0 -0.053 -0.855 -0.674 -0.0 -0.371 -0.639 -0.68 -0.0 -0.585 0.442 0.651 0.0 -0.405 -0.641 0.697 0.0 -0.557 0.452 
-0.681 0.126 -0.173 -0.7 -0.92 -0.0 -0.374 -0.115 -0.762 0.0 -0.21 -0.613 0.942 0.0 -0.193 -0.275 0.516 0.0 -0.043 -0.855 -0.674 -0.0 -0.371 -0.639 -0.68 0.0 -0.585 0.442 0.651 0.0 -0.405 -0.641 0.697 -0.0 -0.556 0.452 
-0.681 0.126 -0.173 -0.7 -0.92 0.0 -0.374 -0.116 -0.761 -0.0 -0.21 -0.613 0.942 0.0 -0.193 -0.275 0.516 0.0 -0.032 -0.856 -0.674 -0.0 -0.371 -0.639 -0.68 -0.0 -0.585 0.442 0.652 -0.0 -0.405 -0.641 0.697 0.0 -0.556 0.452 
-0.681 0.126 -0.173 -0.7 -0.92 -0.0 -0.374 -0.116 -0.761 0.0 -0.21 -0.614 0.942 0.0 -0.193 -0.276 0.517 0.0 -0.022 -0.856 -0.674 -0.0 -0.372 -0.639 -0.68 -0.0 -0.585 0.442 0.652 0.0 -0.406 -0.641 0.697 0.0 -0.556 0.452 
-0.681 0.126 -0.173 -0.7 -0.92 -0.0 -0.375 -0.116 -0.761 -0.0 -0.209 -0.614 0.941 -0.0 -0.193 -0.277 0.517 0.0 -0.012 -0.856 -0.674 -0.0 -0.372 -0.638 -0.68 -0.0 -0.585 0.442 0.651 -0.0 -0.406 -0.641 0.697 0.0 -0.556 0.452 
-0.681 0.126 -0.173 -0.7 -0.92 -0.0 -0.375 -0.116 -0.761 -0.0 -0.209 -0.614 0.941 0.0 -0.193 -0.277 0.518 0.0 -0.005 -0.855 -0.674 -0.0 -0.372 -0.638 -0.68 0.0 -0.585 0.442 0.652 0.0 -0.406 -0.641 0.697 0.0 -0.556 0.453 
-0.681 0.126 -0.173 -0.7 -0.92 0.0 -0.375 -0.117 -0.761 -0.0 -0.209 -0.615 0.941 0.0 -0.193 -0.278 0.519 0.0 0.004 -0.855 -0.674 -0.0 -0.372 -0.638 -0.68 0.0 -0.585 0.442 0.652 0.0 -0.406 -0.641 0.697 0.0 -0.556 0.453 
-0.681 0.126 -0.173 -0.7 -0.92 0.0 -0.375 -0.117 -0.761 -0.0 -0.209 -0.615 0.941 0.0 -0.193 -0.279 0.521 0.0 0.013 -0.853 -0.674 -0.0 -0.372 -0.638 -0.68 -0.0 -0.585 0.443 0.652 0.0 -0.406 -0.641 0.697 0.0 -0.556 0.453 
-0.681 0.126 -0.173 -0.7 -0.919 -0.0 -0.376 -0.117 -0.761 -0.0 -0.208 -0.615 0.941 0.0 -0.192 -0.28 0.524 0.0 0.021 -0.852 -0.674 -0.0 -0.372 -0.638 -0.68 -0.0 -0.585 0.443 0.652 0.0 -0.406 -0.641 0.697 0.0 -0.556 0.453 
-0.681 0.126 -0.173 -0.7 -0.919 -0.0 -0.376 -0.117 -0.76 -0.0 -0.208 -0.615 0.94 0.0 -0.192 -0.281 0.526 0.0 0.028 -0.85 -0.674 -0.0 -0.372 -0.638 -0.68 -0.0 -0.585 0.443 0.652 0.0 -0.406 -0.641 0.697 0.0 -0.556 0.453 
-0.681 0.126 -0.173 -0.7 -0.919 -0.0 -0.376 -0.117 -0.76 0.0 -0.208 -0.615 0.94 0.0 -0.191 -0.282 0.528 0.0 0.035 -0.849 -0.674 -0.0 -0.372 -0.638 -0.68 -0.0 -0.585 0.443 0.652 0.0 -0.406 -0.641 0.697 0.0 -0.556 0.453 
-0.681 0.126 -0.173 -0.7 -0.919 0.0 -0.376 -0.118 -0.76 -0.0 -0.208 -0.615 0.94 0.0 -0.19 -0.284 0.53 -0.0 0.041 -0.847 -0.674 -0.0 -0.372 -0.638 -0.68 -0.0 -0.585 0.443 0.652 0.0 -0.406 -0.641 0.697 0.0 -0.556 0.453 
-0.681 0.126 -0.173 -0.7 -0.919 -0.0 -0.376 -0.118 -0.76 -0.0 -0.208 -0.616 0.94 0.0 -0.189 -0.285 0.533 0.0 0.047 -0.845 -0.674 -0.0 -0.372 -0.638 -0.68 0.0 -0.584 0.443 0.652 -0.0 -0.406 -0.641 0.697 0.0 -0.556 0.453 
-0.681 0.126 -0.173 -0.7 -0.919 -0.0 -0.376 -0.118 -0.76 0.0 -0.208 -0.616 0.939 0.0 -0.19 -0.286 0.539 0.0 0.052 -0.841 -0.674 0.0 -0.372 -0.638 -0.68 0.0 -0.585 0.443 0.652 -0.0 -0.406 -0.641 0.697 -0.0 -0.556 0.453 
-0.681 0.126 -0.173 -0.7 -0.919 -0.0 -0.376 -0.118 -0.76 -0.0 -0.208 -0.616 0.939 -0.0 -0.19 -0.287 0.543 0.0 0.056 -0.838 -0.674 -0.0 -0.372 -0.638 -0.68 0.0 -0.584 0.443 0.652 0.0 -0.406 -0.641 0.697 0.0 -0.556 0.453 
-0.681 0.126 -0.173 -0.7 -0.919 0.0 -0.376 -0.118 -0.76 -0.0 -0.207 -0.616 0.939 0.0 -0.188 -0.288 0.546 0.0 0.06 -0.835 -0.674 -0.0 -0.372 -0.638 -0.68 -0.0 -0.584 0.443 0.652 0.0 -0.406 -0.641 0.697 0.0 -0.556 0.453 
-0.681 0.126 -0.173 -0.7 -0.919 -0.0 -0.376 -0.119 -0.76 0.0 -0.207 -0.616 0.939 0.0 -0.187 -0.289 0.551 0.0 0.062 -0.832 -0.674 -0.0 -0.372 -0.638 -0.68 -0.0 -0.584 0.443 0.652 0.0 -0.407 -0.64 0.697 0.0 -0.556 0.453 
-0.681 0.126 -0.173 -0.7 -0.919 -0.0 -0.376 -0.119 -0.76 -0.0 -0.207 -0.616 0.939 0.0 -0.186 -0.29 0.555 -0.0 0.064 -0.829 -0.674 -0.0 -0.372 -0.638 -0.68 -0.0 -0.584 0.443 0.652 0.0 -0.407 -0.64 0.697 0.0 -0.556 0.453 
-0.681 0.127 -0.173 -0.7 -0.919 -0.0 -0.376 -0.119 -0.76 -0.0 -0.206 -0.616 0.939 0.0 -0.186 -0.291 0.559 0.0 0.066 -0.826 -0.674 -0.0 -0.373 -0.638 -0.68 -0.0 -0.584 0.443 0.652 0.0 -0.407 -0.64 0.697 -0.0 -0.556 0.453 
-0.681 0.126 -0.173 -0.7 -0.919 -0.0 -0.377 -0.119 -0.76 -0.0 -0.206 -0.616 0.939 0.0 -0.185 -0.292 0.564 0.0 0.067 -0.823 -0.674 -0.0 -0.373 -0.638 -0.68 -0.0 -0.584 0.443 0.652 0.0 -0.407 -0.64 0.697 -0.0 -0.556 0.453 
-0.681 0.127 -0.173 -0.7 -0.919 -0.0 -0.377 -0.119 -0.76 -0.0 -0.206 -0.616 0.938 0.0 -0.184 -0.293 0.569 0.0 0.066 -0.82 -0.674 -0.0 -0.373 -0.638 -0.68 -0.0 -0.584 0.443 0.652 -0.0 -0.407 -0.64 0.697 0.0 -0.556 0.453 
-0.681 0.127 -0.173 -0.7 -0.919 -0.0 -0.376 -0.119 -0.76 -0.0 -0.206 -0.616 0.938 0.0 -0.183 -0.294 0.573 0.0 0.066 -0.817 -0.674 -0.0 -0.373 -0.638 -0.68 -0.0 -0.584 0.443 0.652 0.0 -0.407 -0.64 0.697 -0.0 -0.556 0.453 
-0.681 0.127 -0.173 -0.7 -0.919 -0.0 -0.376 -0.119 -0.761 0.0 -0.206 -0.616 0.938 0.0 -0.182 -0.295 0.578 0.0 0.065 -0.814 -0.674 0.0 -0.373 -0.638 -0.68 0.0 -0.584 0.443 0.652 0.0 -0.407 -0.64 0.697 0.0 -0.556 0.453 
-0.681 0.127 -0.173 -0.7 -0.919 -0.0 -0.376 -0.119 -0.761 -0.0 -0.206 -0.616 0.938 0.0 -0.181 -0.295 0.583 -0.0 0.064 -0.81 -0.674 -0.0 -0.373 -0.638 -0.68 -0.0 -0.584 0.443 0.652 0.0 -0.407 -0.64 0.697 0.0 -0.556 0.453 
-0.681 0.127 -0.173 -0.7 -0.919 -0.0 -0.376 -0.119 -0.76 -0.0 -0.205 -0.616 0.938 0.0 -0.18 -0.296 0.587 0.0 0.062 -0.807 -0.674 -0.0 -0.372 -0.638 -0.68 -0.0 -0.584 0.443 0.652 0.0 -0.406 -0.641 0.697 -0.0 -0.556 0.453 
-0.681 0.127 -0.173 -0.7 -0.919 -0.0 -0.376 -0.119 -0.761 -0.0 -0.205 -0.616 0.938 0.0 -0.179 -0.297 0.592 0.0 0.06 -0.804 -0.674 -0.0 -0.373 -0.638 -0.68 -0.0 -0.584 0.443 0.651 0.0 -0.407 -0.641 0.697 -0.0 -0.555 0.453 
-0.681 0.127 -0.173 -0.7 -0.919 -0.0 -0.376 -0.119 -0.76 -0.0 -0.205 -0.616 0.938 0.0 -0.178 -0.298 0.597 0.0 0.057 -0.8 -0.674 -0.0 -0.373 -0.638 -0.68 -0.0 -0.584 0.443 0.651 -0.0 -0.407 -0.641 0.697 0.0 -0.555 0.453 
-0.681 0.127 -0.173 -0.7 -0.919 0.0 -0.376 -0.119 -0.76 -0.0 -0.205 -0.616 0.938 0.0 -0.177 -0.299 0.602 0.0 0.054 -0.797 -0.674 -0.0 -0.372 -0.638 -0.68 -0.0 -0.584 0.443 0.651 0.0 -0.407 -0.641 0.697 0.0 -0.556 0.453 
-0.681 0.127 -0.173 -0.7 -0.919 -0.0 -0.376 -0.119 -0.761 -0.0 -0.205 -0.616 0.938 0.0 -0.176 -0.3 0.607 0.0 0.05 -0.793 -0.674 -0.0 -0.373 -0.638 -0.68 -0.0 -0.584 0.443 0.651 0.0 -0.406 -0.641 0.697 0.0 -0.556 0.453 
-0.681 0.127 -0.173 -0.7 -0.919 -0.0 -0.376 -0.119 -0.76 -0.0 -0.205 -0.616 0.938 0.0 -0.175 -0.3 0.611 0.0 0.046 -0.79 -0.674 -0.0 -0.372 -0.638 -0.68 -0.0 -0.584 0.443 0.651 0.0 -0.406 -0.641 0.697 0.0 -0.556 0.453 
-0.681 0.127 -0.173 -0.7 -0.919 -0.0 -0.376 -0.119 -0.761 -0.0 -0.205 -0.616 0.938 -0.0 -0.174 -0.301 0.616 0.0 0.042 -0.787 -0.674 -0.0 -0.372 -0.638 -0.68 -0.0 -0.584 0.443 0.651 0.0 -0.406 -0.641 0.697 0.0 -0.556 0.453 
-0.681 0.127 -0.173 -0.7 -0.919 -0.0 -0.376 -0.119 -0.761 0.0 -0.205 -0.616 0.938 0.0 -0.173 -0.301 0.62 0.0 0.037 -0.783 -0.674 -0.0 -0.372 -0.638 -0.68 0.0 -0.584 0.443 0.652 0.0 -0.406 -0.641 0.697 0.0 -0.556 0.453 
-0.681 0.127 -0.173 -0.7 -0.919 -0.0 -0.376 -0.118 -0.761 -0.0 -0.205 -0.616 0.938 -0.0 -0.172 -0.302 0.625 0.0 0.032 -0.78 -0.674 -0.0 -0.372 -0.638 -0.68 -0.0 -0.584 0.443 0.652 0.0 -0.406 -0.641 0.697 0.0 -0.556 0.453 
-0.681 0.127 -0.173 -0.7 -0.919 -0.0 -0.376 -0.118 -0.761 -0.0 -0.204 -0.616 0.938 -0.0 -0.171 -0.302 0.629 0.0 0.026 -0.777 -0.674 -0.0 -0.372 -0.638 -0.68 0.0 -0.585 0.443 0.652 0.0 -0.406 -0.641 0.697 -0.0 -0.556 0.453 
-0.681 0.127 -0.173 -0.7 -0.919 0.0 -0.376 -0.118 -0.761 -0.0 -0.204 -0.616 0.938 0.0 -0.169 -0.303 0.633 0.0 0.02 -0.774 -0.674 -0.0 -0.372 -0.638 -0.68 -0.0 -0.584 0.443 0.652 0.0 -0.406 -0.641 0.697 0.0 -0.556 0.453 
-0.681 0.127 -0.173 -0.7 -0.919 0.0 -0.376 -0.118 -0.76 -0.0 -0.205 -0.616 0.938 0.0 -0.168 -0.303 0.638 0.0 0.014 -0.77 -0.674 0.0 -0.372 -0.638 -0.68 -0.0 -0.585 0.443 0.652 0.0 -0.406 -0.641 0.697 0.0 -0.556 0.453 
-0.681 0.127 -0.173 -0.7 -0.919 -0.0 -0.376 -0.117 -0.76 0.0 -0.205 -0.616 0.938 0.0 -0.167 -0.304 0.642 0.0 0.008 -0.767 -0.674 -0.0 -0.372 -0.638 -0.68 -0.0 -0.585 0.443 0.651 0.0 -0.406 -0.641 0.697 0.0 -0.556 0.453 
-0.681 0.127 -0.173 -0.7 -0.919 -0.0 -0.376 -0.117 -0.76 -0.0 -0.205 -0.616 0.938 0.0 -0.166 -0.304 0.645 0.0 0.002 -0.764 -0.674 -0.0 -0.372 -0.638 -0.68 -0.0 -0.585 0.443 0.651 0.0 -0.406 -0.641 0.697 -0.0 -0.556 0.453 
-0.681 0.126 -0.173 -0.7 -0.919 0.0 -0.376 -0.117 -0.76 -0.0 -0.205 -0.616 0.938 -0.0 -0.165 -0.305 0.649 0.0 -0.005 -0.761 -0.674 -0.0 -0.372 -0.638 -0.68 -0.0 -0.585 0.443 0.651 0.0 -0.406 -0.641 0.697 0.0 -0.556 0.453 
-0.681 0.126 -0.173 -0.7 -0.919 -0.0 -0.376 -0.117 -0.76 -0.0 -0.205 -0.617 0.938 -0.0 -0.163 -0.305 0.653 0.0 -0.012 -0.757 -0.674 -0.0 -0.372 -0.638 -0.68 -0.0 -0.585 0.443 0.651 0.0 -0.406 -0.641 0.697 0.0 -0.556 0.453 
-0.681 0.126 -0.173 -0.7 -0.92 -0.0 -0.375 -0.116 -0.76 0.0 -0.205 -0.617 0.938 0.0 -0.162 -0.306 0.657 0.0 -0.019 -0.754 -0.674 -0.0 -0.372 -0.638 -0.68 -0.0 -0.585 0.442 0.651 0.0 -0.406 -0.641 0.697 0.0 -0.556 0.453 
-0.681 0.126 -0.173 -0.7 -0.92 -0.0 -0.375 -0.116 -0.76 -0.0 -0.205 -0.617 0.938 0.0 -0.161 -0.306 0.66 0.0 -0.026 -0.75 -0.674 -0.0 -0.372 -0.638 -0.68 -0.0 -0.585 0.443 0.651 -0.0 -0.406 -0.641 0.697 0.0 -0.556 0.453 
-0.681 0.126 -0.173 -0.7 -0.92 -0.0 -0.375 -0.116 -0.76 -0.0 -0.205 -0.616 0.938 -0.0 -0.16 -0.307 0.664 0.0 -0.034 -0.747 -0.674 -0.0 -0.372 -0.638 -0.68 -0.0 -0.585 0.442 0.651 0.0 -0.406 -0.641 0.697 0.0 -0.556 0.453 
-0.681 0.126 -0.173 -0.7 -0.92 -0.0 -0.375 -0.116 -0.76 -0.0 -0.204 -0.616 0.938 0.0 -0.159 -0.307 0.667 0.0 -0.042 -0.744 -0.674 -0.0 -0.372 -0.638 -0.68 -0.0 -0.585 0.442 0.651 0.0 -0.406 -0.641 0.697 -0.0 -0.556 0.453 
-0.681 0.126 -0.173 -0.7 -0.92 -0.0 -0.375 -0.116 -0.761 -0.0 -0.204 -0.616 0.938 0.0 -0.158 -0.308 0.67 0.0 -0.051 -0.74 -0.674 -0.0 -0.372 -0.638 -0.68 -0.0 -0.585 0.442 0.651 0.0 -0.406 -0.641 0.697 0.0 -0.556 0.453 
-0.681 0.126 -0.173 -0.7 -0.92 -0.0 -0.375 -0.115 -0.761 -0.0 -0.204 -0.616 0.939 0.0 -0.156 -0.308 0.673 0.0 -0.061 -0.738 -0.674 -0.0 -0.372 -0.639 -0.68 -0.0 -0.585 0.442 0.651 -0.0 -0.406 -0.641 0.697 0.0 -0.556 0.453 
-0.681 0.126 -0.173 -0.7 -0.92 -0.0 -0.375 -0.115 -0.761 -0.0 -0.204 -0.616 0.939 -0.0 -0.155 -0.309 0.676 0.0 -0.069 -0.734 -0.674 -0.0 -0.372 -0.638 -0.68 -0.0 -0.585 0.442 0.651 0.0 -0.406 -0.641 0.697 0.0 -0.556 0.453 
-0.681 0.126 -0.173 -0.7 -0.92 -0.0 -0.375 -0.115 -0.761 -0.0 -0.204 -0.616 0.939 -0.0 -0.154 -0.309 0.679 0.0 -0.078 -0.73 -0.674 -0.0 -0.371 -0.639 -0.68 0.0 -0.585 0.442 0.651 0.0 -0.405 -0.641 0.697 0.0 -0.556 0.452 
-0.681 0.126 -0.172 -0.7 -0.92 -0.0 -0.375 -0.115 -0.761 -0.0 -0.204 -0.616 0.939 -0.0 -0.153 -0.31 0.682 0.0 -0.087 -0.727 -0.674 -0.0 -0.371 -0.639 -0.68 -0.0 -0.585 0.442 0.651 0.0 -0.405 -0.641 0.697 0.0 -0.556 0.452 
-0.681 0.126 -0.172 -0.7 -0.92 -0.0 -0.375 -0.115 -0.761 0.0 -0.204 -0.615 0.938 0.0 -0.152 -0.31 0.684 -0.0 -0.095 -0.723 -0.674 -0.0 -0.371 -0.639 -0.68 -0.0 -0.585 0.442 0.651 0.0 -0.405 -0.641 0.697 0.0 -0.556 0.452 
-0.681 0.126 -0.172 -0.701 -0.92 0.0 -0.375 -0.115 -0.761 -0.0 -0.204 -0.615 0.938 0.0 -0.151 -0.311 0.686 0.0 -0.104 -0.72 -0.674 -0.0 -0.371 -0.639 -0.68 -0.0 -0.585 0.442 0.651 0.0 -0.405 -0.642 0.697 0.0 -0.557 0.452 
-0.681 0.126 -0.172 -0.7 -0.92 -0.0 -0.375 -0.115 -0.762 -0.0 -0.203 -0.615 0.938 0.0 -0.15 -0.311 0.689 -0.0 -0.113 -0.716 -0.674 0.0 -0.371 -0.639 -0.68 -0.0 -0.585 0.442 0.652 0.0 -0.405 -0.641 0.697 0.0 -0.557 0.452 
-0.681 0.126 -0.172 -0.7 -0.92 -0.0 -0.375 -0.115 -0.762 -0.0 -0.203 -0.615 0.938 -0.0 -0.149 -0.312 0.691 -0.0 -0.122 -0.712 -0.674 -0.0 -0.371 -0.639 -0.68 0.0 -0.585 0.442 0.652 0.0 -0.405 -0.641 0.697 0.0 -0.557 0.452 
-0.681 0.126 -0.172 -0.7 -0.92 -0.0 -0.375 -0.114 -0.762 -0.0 -0.203 -0.615 0.938 0.0 -0.148 -0.313 0.693 -0.0 -0.131 -0.709 -0.674 -0.0 -0.371 -0.639 -0.68 -0.0 -0.585 0.442 0.652 0.0 -0.405 -0.642 0.697 0.0 -0.557 0.452 
-0.681 0.126 -0.172 -0.7 -0.92 -0.0 -0.375 -0.114 -0.762 -0.0 -0.203 -0.615 0.938 0.0 -0.147 -0.313 0.695 0.0 -0.14 -0.705 -0.674 -0.0 -0.371 -0.639 -0.68 -0.0 -0.585 0.442 0.652 0.0 -0.405 -0.642 0.697 0.0 -0.557 0.452 
-0.681 0.126 -0.172 -0.701 -0.92 -0.0 -0.375 -0.114 -0.762 -0.0 -0.203 -0.615 0.938 0.0 -0.146 -0.313 0.697 0.0 -0.149 -0.702 -0.674 -0.0 -0.371 -0.639 -0.68 -0.0 -0.585 0.442 0.652 -0.0 -0.405 -0.642 0.697 0.0 -0.557 0.452 
-0.681 0.126 -0.172 -0.7 -0.92 0.0 -0.375 -0.114 -0.762 -0.0 -0.203 -0.615 0.938 0.0 -0.145 -0.314 0.698 0.0 -0.158 -0.698 -0.674 -0.0 -0.371 -0.639 -0.68 0.0 -0.585 0.442 0.652 0.0 -0.405 -0.642 0.697 0.0 -0.557 0.452 
-0.681 0.126 -0.172 -0.701 -0.92 -0.0 -0.375 -0.114 -0.762 -0.0 -0.203 -0.615 0.938 -0.0 -0.145 -0.314 0.699 0.0 -0.167 -0.695 -0.674 -0.0 -0.371 -0.639 -0.68 -0.0 -0.586 0.441 0.652 -0.0 -0.405 -0.642 0.697 0.0 -0.557 0.451 
-0.681 0.126 -0.172 -0.701 -0.92 -0.0 -0.375 -0.114 -0.762 -0.0 -0.202 -0.615 0.938 -0.0 -0.144 -0.315 0.7 0.0 -0.176 -0.692 -0.674 -0.0 -0.371 -0.639 -0.68 -0.0 -0.586 0.441 0.652 0.0 -0.405 -0.642 0.697 -0.0 -0.557 0.452 
-0.681 0.126 -0.172 -0.701 -0.92 -0.0 -0.375 -0.114 -0.762 -0.0 -0.202 -0.615 0.938 0.0 -0.143 -0.315 0.701 0.0 -0.186 -0.688 -0.674 -0.0 -0.37 -0.639 -0.68 0.0 -0.586 0.441 0.652 0.0 -0.405 -0.642 0.697 0.0 -0.557 0.451 
-0.681 0.126 -0.172 -0.701 -0.92 -0.0 -0.375 -0.114 -0.762 -0.0 -0.202 -0.615 0.938 0.0 -0.143 -0.315 0.702 0.0 -0.194 -0.685 -0.674 -0.0 -0.37 -0.639 -0.68 -0.0 -0.586 0.441 0.652 0.0 -0.404 -0.642 0.697 0.0 -0.557 0.451 
-0.681 0.126 -0.172 -0.701 -0.92 -0.0 -0.375 -0.114 -0.762 -0.0 -0.202 -0.615 0.938 -0.0 -0.142 -0.315 0.702 0.0 -0.203 -0.683 -0.674 -0.0 -0.37 -0.639 -0.68 -0.0 -0.586 0.441 0.652 0.0 -0.404 -0.642 0.697 0.0 -0.557 0.451 
-0.681 0.126 -0.172 -0.701 -0.92 -0.0 -0.375 -0.114 -0.762 -0.0 -0.202 -0.615 0.938 0.0 -0.142 -0.316 0.703 0.0 -0.211 -0.68 -0.674 -0.0 -0.37 -0.639 -0.68 -0.0 -0.586 0.441 0.652 -0.0 -0.404 -0.642 0.697 -0.0 -0.558 0.451 
-0.681 0.125 -0.172 -0.701 -0.92 -0.0 -0.375 -0.114 -0.762 -0.0 -0.202 -0.615 0.938 0.0 -0.142 -0.316 0.703 0.0 -0.22 -0.677 -0.674 0.0 -0.37 -0.64 -0.68 -0.0 -0.586 0.441 0.652 0.0 -0.404 -0.642 0.697 0.0 -0.558 0.451 
