# T   LUA LFA RUA RFA LT  LS  RT  RS  
-0.663 0.033 -0.038 -0.747 -0.702 -0.0 -0.703 0.11 -0.969 -0.0 0.001 -0.248 0.986 0.0 -0.122 -0.114 0.686 -0.0 0.723 -0.082 -0.638 -0.0 -0.766 0.077 -0.992 -0.0 0.112 0.055 0.628 0.0 -0.77 0.109 0.992 0.0 0.112 0.051 
-0.663 0.033 -0.038 -0.747 -0.702 -0.0 -0.703 0.11 -0.969 0.0 0.001 -0.248 0.986 0.0 -0.122 -0.114 0.686 0.0 0.723 -0.084 -0.638 0.0 -0.766 0.077 -0.992 -0.0 0.112 0.055 0.628 -0.0 -0.77 0.109 0.992 0.0 0.112 0.052 
-0.663 0.033 -0.038 -0.747 -0.703 -0.0 -0.703 0.109 -0.969 -0.0 0.001 -0.248 0.986 0.0 -0.122 -0.114 0.686 0.0 0.723 -0.086 -0.638 -0.0 -0.766 0.077 -0.992 -0.0 0.112 0.055 0.628 0.0 -0.77 0.109 0.992 0.0 0.111 0.052 
-0.663 0.033 -0.038 -0.746 -0.703 -0.0 -0.703 0.109 -0.969 -0.0 0.001 -0.248 0.986 0.0 -0.122 -0.114 0.686 0.0 0.722 -0.089 -0.638 -0.0 -0.766 0.077 -0.992 -0.0 0.113 0.055 0.628 0.0 -0.77 0.109 0.992 0.0 0.112 0.052 
-0.664 0.033 -0.038 -0.746 -0.703 0.0 -0.703 0.109 -0.969 -0.0 0.001 -0.248 0.986 0.0 -0.122 -0.114 0.686 0.0 0.722 -0.089 -0.638 -0.0 -0.766 0.077 -0.992 -0.0 0.113 0.055 0.628 -0.0 -0.77 0.109 0.992 -0.0 0.112 0.051 
-0.664 0.033 -0.038 -0.746 -0.703 -0.0 -0.703 0.109 -0.969 0.0 0.001 -0.248 0.986 0.0 -0.122 -0.114 0.686 0.0 0.722 -0.091 -0.638 -0.0 -0.766 0.077 -0.992 0.0 0.112 0.055 0.628 0.0 -0.771 0.109 0.992 0.0 0.112 0.052 
-0.664 0.033 -0.038 -0.746 -0.703 -0.0 -0.703 0.108 -0.969 -0.0 0.001 -0.248 0.986 0.0 -0.122 -0.114 0.685 0.0 0.722 -0.093 -0.638 -0.0 -0.766 0.077 -0.992 -0.0 0.112 0.055 0.628 -0.0 -0.771 0.109 0.992 0.0 0.112 0.052 
-0.664 0.033 -0.038 -0.746 -0.703 -0.0 -0.703 0.108 -0.969 -0.0 0.001 -0.248 0.986 0.0 -0.122 -0.114 0.685 0.0 0.722 -0.094 -0.638 -0.0 -0.766 0.077 -0.992 0.0 0.113 0.055 0.628 -0.0 -0.771 0.109 0.992 0.0 0.112 0.052 
-0.664 0.033 -0.038 -0.746 -0.703 -0.0 -0.703 0.108 -0.969 -0.0 0.001 -0.247 0.986 0.0 -0.122 -0.114 0.684 0.0 0.723 -0.096 -0.638 0.0 -0.766 0.077 -0.992 -0.0 0.112 0.055 0.628 0.0 -0.771 0.109 0.992 0.0 0.112 0.052 
-0.664 0.033 -0.038 -0.746 -0.703 -0.0 -0.703 0.107 -0.969 -0.0 0.001 -0.247 0.986 0.0 -0.122 -0.114 0.685 0.0 0.722 -0.097 -0.638 -0.0 -0.766 0.077 -0.992 -0.0 0.113 0.055 0.628 0.0 -0.771 0.109 0.992 0.0 0.112 0.052 
-0.664 0.033 -0.038 -0.746 -0.703 -0.0 -0.703 0.107 -0.969 -0.0 0.001 -0.248 0.986 0.0 -0.122 -0.114 0.685 0.0 0.722 -0.098 -0.638 -0.0 -0.766 0.077 -0.992 -0.0 0.112 0.055 0.628 0.0 -0.771 0.109 0.992 0.0 0.111 0.052 
-0.664 0.033 -0.038 -0.746 -0.703 -0.0 -0.703 0.107 -0.969 -0.0 0.001 -0.248 0.986 0.0 -0.122 -0.115 0.685 0.0 0.722 -0.099 -0.638 -0.0 -0.766 0.077 -0.992 -0.0 0.113 0.055 0.628 0.0 -0.771 0.109 0.992 0.0 0.112 0.052 
-0.664 0.033 -0.038 -0.746 -0.704 -0.0 -0.702 0.107 -0.969 -0.0 0.001 -0.248 0.986 0.0 -0.122 -0.115 0.685 0.0 0.722 -0.101 -0.638 0.0 -0.766 0.077 -0.992 -0.0 0.112 0.055 0.628 0.0 -0.771 0.109 0.992 0.0 0.112 0.052 
-0.664 0.033 -0.038 -0.746 -0.704 -0.0 -0.702 0.107 -0.969 0.0 0.001 -0.248 0.986 0.0 -0.122 -0.116 0.685 0.0 0.721 -0.103 -0.638 -0.0 -0.766 0.077 -0.992 -0.0 0.113 0.055 0.628 0.0 -0.771 0.109 0.992 -0.0 0.112 0.053 
-0.664 0.033 -0.038 -0.746 -0.704 -0.0 -0.702 0.107 -0.969 0.0 0.001 -0.248 0.986 0.0 -0.122 -0.116 0.685 0.0 0.721 -0.105 -0.638 0.0 -0.766 0.076 -0.992 -0.0 0.113 0.055 0.628 0.0 -0.771 0.109 0.992 0.0 0.112 0.053 
-0.664 0.033 -0.038 -0.746 -0.704 -0.0 -0.702 0.107 -0.969 -0.0 0.001 -0.248 0.986 0.0 -0.122 -0.117 0.685 0.0 0.721 -0.108 -0.638 0.0 -0.766 0.076 -0.992 0.0 0.112 0.055 0.628 0.0 -0.771 0.108 0.992 0.0 0.112 0.053 
-0.664 0.033 -0.038 -0.746 -0.704 0.0 -0.702 0.107 -0.969 -0.0 0.001 -0.248 0.985 0.0 -0.122 -0.118 0.685 -0.0 0.72 -0.11 -0.638 -0.0 -0.766 0.076 -0.992 -0.0 0.112 0.055 0.628 0.0 -0.771 0.108 0.992 0.0 0.112 0.053 
-0.663 0.033 -0.038 -0.747 -0.704 -0.0 -0.702 0.107 -0.969 -0.0 0.001 -0.248 0.985 -0.0 -0.122 -0.118 0.686 0.0 0.719 -0.114 -0.638 -0.0 -0.766 0.076 -0.992 -0.0 0.112 0.056 0.628 0.0 -0.771 0.108 0.992 0.0 0.112 0.053 
-0.663 0.033 -0.038 -0.747 -0.704 -0.0 -0.702 0.107 -0.969 -0.0 0.001 -0.248 0.985 0.0 -0.122 -0.119 0.687 0.0 0.717 -0.117 -0.638 0.0 -0.766 0.076 -0.992 -0.0 0.112 0.055 0.628 0.0 -0.771 0.108 0.992 0.0 0.112 0.053 
-0.663 0.033 -0.038 -0.747 -0.704 -0.0 -0.702 0.107 -0.969 -0.0 0.001 -0.248 0.985 0.0 -0.122 -0.119 0.688 0.0 0.716 -0.121 -0.638 -0.0 -0.766 0.076 -0.992 -0.0 0.112 0.056 0.628 0.0 -0.771 0.108 0.992 0.0 0.112 0.053 
-0.663 0.033 -0.038 -0.747 -0.704 -0.0 -0.702 0.107 -0.969 -0.0 0.001 -0.248 0.985 0.0 -0.122 -0.119 0.689 -0.0 0.714 -0.125 -0.638 0.0 -0.766 0.076 -0.992 -0.0 0.112 0.055 0.628 0.0 -0.771 0.107 0.992 0.0 0.112 0.053 
-0.663 0.033 -0.038 -0.747 -0.705 -0.0 -0.701 0.107 -0.969 -0.0 0.001 -0.248 0.985 0.0 -0.122 -0.12 0.69 -0.0 0.712 -0.13 -0.638 0.0 -0.766 0.076 -0.992 -0.0 0.113 0.055 0.628 0.0 -0.771 0.107 0.992 0.0 0.112 0.053 
-0.663 0.033 -0.038 -0.747 -0.705 -0.0 -0.701 0.107 -0.969 -0.0 0.001 -0.248 0.985 0.0 -0.122 -0.12 0.691 0.0 0.71 -0.135 -0.638 0.0 -0.766 0.076 -0.992 -0.0 0.112 0.055 0.628 0.0 -0.771 0.107 0.992 0.0 0.112 0.054 
-0.662 0.033 -0.038 -0.748 -0.705 0.0 -0.701 0.108 -0.969 -0.0 0.001 -0.248 0.985 0.0 -0.122 -0.121 0.692 -0.0 0.708 -0.141 -0.638 -0.0 -0.766 0.076 -0.992 -0.0 0.112 0.056 0.628 -0.0 -0.771 0.107 0.992 0.0 0.112 0.053 
-0.662 0.033 -0.038 -0.748 -0.705 -0.0 -0.701 0.108 -0.969 -0.0 0.002 -0.247 0.985 0.0 -0.122 -0.121 0.694 0.0 0.705 -0.146 -0.638 0.0 -0.767 0.076 -0.992 -0.0 0.113 0.056 0.628 0.0 -0.771 0.107 0.992 0.0 0.112 0.053 
-0.662 0.033 -0.038 -0.748 -0.705 -0.0 -0.701 0.108 -0.969 -0.0 0.002 -0.247 0.985 0.0 -0.122 -0.122 0.695 0.0 0.703 -0.151 -0.638 0.0 -0.766 0.076 -0.992 -0.0 0.112 0.056 0.628 0.0 -0.771 0.107 0.992 0.0 0.112 0.053 
-0.661 0.033 -0.038 -0.748 -0.705 -0.0 -0.701 0.108 -0.969 -0.0 0.002 -0.247 0.985 0.0 -0.122 -0.123 0.695 0.0 0.701 -0.158 -0.638 0.0 -0.766 0.076 -0.992 -0.0 0.112 0.056 0.628 0.0 -0.771 0.107 0.992 0.0 0.112 0.053 
-0.661 0.033 -0.038 -0.748 -0.705 0.0 -0.701 0.108 -0.969 -0.0 0.001 -0.247 0.985 -0.0 -0.121 -0.123 0.697 0.0 0.698 -0.165 -0.638 -0.0 -0.766 0.076 -0.992 -0.0 0.112 0.056 0.628 0.0 -0.771 0.107 0.992 -0.0 0.112 0.053 
-0.661 0.033 -0.038 -0.749 -0.705 0.0 -0.701 0.108 -0.969 -0.0 0.002 -0.247 0.985 0.0 -0.121 -0.124 0.698 0.0 0.696 -0.172 -0.638 -0.0 -0.766 0.076 -0.992 0.0 0.112 0.056 0.628 0.0 -0.771 0.106 0.992 0.0 0.112 0.053 
-0.661 0.032 -0.038 -0.749 -0.705 -0.0 -0.701 0.108 -0.969 -0.0 0.002 -0.247 0.985 0.0 -0.121 -0.124 0.7 0.0 0.692 -0.179 -0.638 -0.0 -0.766 0.075 -0.992 -0.0 0.112 0.056 0.628 0.0 -0.771 0.106 0.992 0.0 0.112 0.053 
-0.66 0.032 -0.038 -0.749 -0.705 -0.0 -0.701 0.109 -0.969 -0.0 0.002 -0.247 0.985 0.0 -0.121 -0.124 0.701 0.0 0.688 -0.186 -0.638 0.0 -0.766 0.075 -0.992 0.0 0.112 0.056 0.628 0.0 -0.771 0.106 0.992 0.0 0.112 0.052 
-0.66 0.032 -0.038 -0.75 -0.706 -0.0 -0.7 0.109 -0.969 -0.0 0.002 -0.247 0.985 0.0 -0.12 -0.125 0.701 0.0 0.686 -0.195 -0.638 -0.0 -0.767 0.075 -0.992 -0.0 0.112 0.056 0.628 0.0 -0.771 0.106 0.992 -0.0 0.111 0.052 
-0.66 0.032 -0.038 -0.75 -0.706 -0.0 -0.7 0.109 -0.969 -0.0 0.001 -0.247 0.985 0.0 -0.12 -0.125 0.703 -0.0 0.682 -0.202 -0.638 -0.0 -0.766 0.075 -0.992 -0.0 0.111 0.056 0.628 0.0 -0.771 0.105 0.992 0.0 0.112 0.053 
-0.66 0.032 -0.038 -0.75 -0.706 -0.0 -0.7 0.109 -0.969 -0.0 0.001 -0.247 0.985 0.0 -0.12 -0.125 0.704 0.0 0.678 -0.211 -0.638 -0.0 -0.766 0.075 -0.992 -0.0 0.112 0.056 0.628 0.0 -0.771 0.105 0.992 -0.0 0.112 0.053 
-0.659 0.032 -0.038 -0.75 -0.706 -0.0 -0.7 0.109 -0.969 -0.0 0.001 -0.246 0.985 0.0 -0.12 -0.125 0.704 0.0 0.675 -0.221 -0.638 -0.0 -0.767 0.075 -0.992 -0.0 0.112 0.056 0.628 0.0 -0.771 0.105 0.992 0.0 0.112 0.053 
-0.659 0.032 -0.038 -0.75 -0.706 -0.0 -0.7 0.109 -0.969 -0.0 0.001 -0.246 0.985 0.0 -0.119 -0.125 0.705 0.0 0.671 -0.23 -0.638 -0.0 -0.767 0.074 -0.992 -0.0 0.111 0.056 0.628 0.0 -0.771 0.105 0.992 0.0 0.112 0.052 
-0.659 0.032 -0.038 -0.751 -0.706 -0.0 -0.7 0.109 -0.969 0.0 0.001 -0.246 0.985 0.0 -0.119 -0.125 0.706 -0.0 0.667 -0.24 -0.638 -0.0 -0.767 0.074 -0.992 -0.0 0.112 0.056 0.628 0.0 -0.771 0.105 0.992 0.0 0.112 0.052 
-0.659 0.032 -0.038 -0.751 -0.706 -0.0 -0.7 0.109 -0.969 0.0 0.001 -0.246 0.985 0.0 -0.118 -0.125 0.707 0.0 0.662 -0.25 -0.638 -0.0 -0.767 0.074 -0.992 -0.0 0.112 0.056 0.628 0.0 -0.771 0.104 0.992 0.0 0.112 0.053 
-0.659 0.032 -0.038 -0.751 -0.706 -0.0 -0.7 0.109 -0.969 -0.0 0.001 -0.246 0.985 0.0 -0.118 -0.125 0.708 0.0 0.656 -0.26 -0.638 -0.0 -0.767 0.074 -0.992 0.0 0.112 0.056 0.628 0.0 -0.771 0.104 0.992 0.0 0.112 0.053 
-0.659 0.032 -0.038 -0.751 -0.706 -0.0 -0.7 0.11 -0.969 -0.0 0.001 -0.245 0.985 0.0 -0.117 -0.125 0.71 0.0 0.65 -0.271 -0.638 -0.0 -0.767 0.074 -0.992 -0.0 0.112 0.056 0.628 0.0 -0.771 0.104 0.992 -0.0 0.112 0.053 
-0.658 0.032 -0.038 -0.751 -0.706 -0.0 -0.7 0.11 -0.97 -0.0 0.001 -0.245 0.985 0.0 -0.116 -0.124 0.711 0.0 0.644 -0.283 -0.638 0.0 -0.767 0.074 -0.992 -0.0 0.112 0.056 0.628 -0.0 -0.771 0.104 0.992 0.0 0.112 0.052 
-0.658 0.032 -0.038 -0.751 -0.706 -0.0 -0.699 0.11 -0.97 -0.0 0.001 -0.245 0.986 -0.0 -0.116 -0.124 0.713 0.0 0.636 -0.294 -0.638 -0.0 -0.767 0.074 -0.992 -0.0 0.111 0.057 0.628 0.0 -0.771 0.104 0.992 0.0 0.112 0.053 
-0.658 0.032 -0.038 -0.751 -0.706 -0.0 -0.699 0.11 -0.97 -0.0 0.0 -0.245 0.986 0.0 -0.115 -0.123 0.713 0.0 0.63 -0.307 -0.638 0.0 -0.767 0.074 -0.992 -0.0 0.111 0.057 0.628 0.0 -0.771 0.103 0.992 0.0 0.112 0.053 
-0.658 0.031 -0.038 -0.751 -0.706 -0.0 -0.699 0.11 -0.97 -0.0 0.0 -0.245 0.986 0.0 -0.114 -0.123 0.715 0.0 0.622 -0.319 -0.638 -0.0 -0.767 0.074 -0.992 -0.0 0.111 0.057 0.628 0.0 -0.771 0.103 0.992 0.0 0.112 0.053 
-0.658 0.031 -0.038 -0.751 -0.706 -0.0 -0.699 0.109 -0.97 0.0 0.0 -0.244 0.986 0.0 -0.113 -0.123 0.716 0.0 0.614 -0.331 -0.638 -0.0 -0.767 0.074 -0.992 -0.0 0.111 0.056 0.628 0.0 -0.771 0.103 0.992 0.0 0.112 0.053 
-0.658 0.031 -0.038 -0.752 -0.706 -0.0 -0.699 0.109 -0.97 -0.0 -0.0 -0.244 0.986 0.0 -0.112 -0.122 0.719 0.0 0.606 -0.34 -0.638 -0.0 -0.767 0.074 -0.992 -0.0 0.112 0.056 0.628 0.0 -0.771 0.103 0.992 0.0 0.112 0.053 
-0.658 0.031 -0.038 -0.752 -0.706 -0.0 -0.699 0.109 -0.97 0.0 0.0 -0.244 0.986 0.0 -0.112 -0.122 0.72 0.0 0.598 -0.353 -0.638 0.0 -0.767 0.073 -0.992 0.0 0.112 0.056 0.628 0.0 -0.771 0.103 0.992 -0.0 0.112 0.053 
-0.658 0.031 -0.038 -0.752 -0.706 0.0 -0.699 0.109 -0.97 -0.0 0.0 -0.244 0.986 0.0 -0.111 -0.122 0.722 0.0 0.589 -0.363 -0.638 -0.0 -0.767 0.074 -0.992 -0.0 0.112 0.056 0.628 0.0 -0.771 0.103 0.992 0.0 0.112 0.053 
-0.658 0.031 -0.038 -0.752 -0.706 0.0 -0.699 0.109 -0.97 -0.0 0.0 -0.244 0.987 0.0 -0.109 -0.122 0.724 -0.0 0.579 -0.376 -0.638 -0.0 -0.767 0.074 -0.992 0.0 0.112 0.056 0.628 -0.0 -0.771 0.102 0.992 0.0 0.112 0.053 
-0.657 0.031 -0.038 -0.752 -0.706 -0.0 -0.699 0.109 -0.97 -0.0 0.0 -0.244 0.987 0.0 -0.108 -0.121 0.725 0.0 0.569 -0.388 -0.638 -0.0 -0.767 0.073 -0.992 0.0 0.112 0.056 0.628 0.0 -0.771 0.102 0.992 0.0 0.112 0.053 
-0.657 0.031 -0.038 -0.752 -0.706 -0.0 -0.699 0.109 -0.97 -0.0 -0.0 -0.244 0.987 0.0 -0.106 -0.121 0.727 0.0 0.558 -0.399 -0.638 -0.0 -0.767 0.073 -0.992 -0.0 0.112 0.056 0.628 0.0 -0.772 0.102 0.992 0.0 0.112 0.053 
-0.657 0.031 -0.038 -0.752 -0.706 -0.0 -0.699 0.109 -0.97 -0.0 0.0 -0.244 0.987 0.0 -0.105 -0.121 0.729 0.0 0.547 -0.411 -0.638 -0.0 -0.767 0.073 -0.992 0.0 0.112 0.056 0.628 0.0 -0.772 0.101 0.992 0.0 0.112 0.053 
-0.657 0.031 -0.038 -0.752 -0.706 -0.0 -0.7 0.109 -0.97 -0.0 0.0 -0.245 0.987 0.0 -0.103 -0.121 0.731 0.0 0.535 -0.423 -0.638 -0.0 -0.767 0.073 -0.992 -0.0 0.111 0.056 0.628 0.0 -0.772 0.101 0.992 0.0 0.112 0.054 
-0.657 0.031 -0.038 -0.753 -0.706 -0.0 -0.7 0.109 -0.97 -0.0 0.0 -0.245 0.988 0.0 -0.101 -0.12 0.733 0.0 0.524 -0.435 -0.638 -0.0 -0.767 0.073 -0.992 -0.0 0.112 0.056 0.628 0.0 -0.772 0.101 0.992 0.0 0.112 0.054 
-0.657 0.031 -0.038 -0.753 -0.706 -0.0 -0.7 0.109 -0.97 0.0 0.0 -0.245 0.988 -0.0 -0.099 -0.12 0.734 0.0 0.511 -0.447 -0.638 -0.0 -0.767 0.073 -0.992 -0.0 0.111 0.056 0.628 0.0 -0.772 0.1 0.992 0.0 0.112 0.054 
-0.656 0.031 -0.038 -0.753 -0.706 -0.0 -0.7 0.109 -0.97 -0.0 0.001 -0.245 0.988 0.0 -0.097 -0.12 0.737 0.0 0.498 -0.458 -0.638 -0.0 -0.767 0.073 -0.992 -0.0 0.111 0.056 0.628 0.0 -0.772 0.1 0.992 0.0 0.112 0.054 
-0.656 0.031 -0.038 -0.753 -0.706 -0.0 -0.7 0.109 -0.969 -0.0 0.001 -0.246 0.988 0.0 -0.095 -0.12 0.739 0.0 0.485 -0.468 -0.638 -0.0 -0.767 0.073 -0.992 0.0 0.111 0.056 0.628 0.0 -0.772 0.1 0.992 0.0 0.112 0.054 
-0.656 0.03 -0.038 -0.753 -0.706 -0.0 -0.7 0.109 -0.969 -0.0 0.001 -0.246 0.988 0.0 -0.093 -0.12 0.74 0.0 0.472 -0.479 -0.638 -0.0 -0.767 0.073 -0.992 -0.0 0.112 0.056 0.628 0.0 -0.772 0.1 0.992 0.0 0.112 0.054 
-0.656 0.03 -0.038 -0.753 -0.706 -0.0 -0.7 0.109 -0.969 -0.0 0.001 -0.246 0.989 0.0 -0.091 -0.12 0.743 0.0 0.459 -0.488 -0.638 0.0 -0.767 0.073 -0.992 -0.0 0.111 0.056 0.628 0.0 -0.772 0.099 0.992 0.0 0.112 0.054 
-0.656 0.03 -0.038 -0.753 -0.706 0.0 -0.7 0.108 -0.969 -0.0 0.002 -0.246 0.989 0.0 -0.089 -0.12 0.744 0.0 0.446 -0.497 -0.638 -0.0 -0.767 0.073 -0.992 -0.0 0.112 0.056 0.628 0.0 -0.772 0.099 0.992 0.0 0.112 0.054 
-0.655 0.03 -0.038 -0.754 -0.706 -0.0 -0.7 0.108 -0.969 -0.0 0.002 -0.246 0.989 -0.0 -0.087 -0.121 0.746 0.0 0.433 -0.507 -0.638 -0.0 -0.767 0.073 -0.992 -0.0 0.112 0.055 0.628 0.0 -0.772 0.099 0.992 -0.0 0.112 0.054 
-0.655 0.03 -0.038 -0.754 -0.706 -0.0 -0.7 0.108 -0.969 -0.0 0.002 -0.246 0.989 0.0 -0.085 -0.121 0.748 0.0 0.418 -0.516 -0.638 -0.0 -0.767 0.073 -0.992 -0.0 0.111 0.056 0.628 0.0 -0.772 0.099 0.992 0.0 0.112 0.054 
-0.655 0.03 -0.038 -0.754 -0.706 -0.0 -0.7 0.108 -0.969 -0.0 0.002 -0.247 0.989 0.0 -0.083 -0.122 0.75 -0.0 0.403 -0.525 -0.638 -0.0 -0.767 0.073 -0.992 -0.0 0.112 0.055 0.628 0.0 -0.772 0.099 0.992 0.0 0.112 0.054 
-0.655 0.03 -0.038 -0.754 -0.706 0.0 -0.7 0.109 -0.969 0.0 0.002 -0.247 0.989 0.0 -0.081 -0.122 0.752 0.0 0.388 -0.533 -0.638 -0.0 -0.767 0.073 -0.992 -0.0 0.111 0.055 0.628 0.0 -0.772 0.098 0.992 -0.0 0.112 0.054 
-0.655 0.03 -0.038 -0.754 -0.706 -0.0 -0.7 0.109 -0.969 -0.0 0.003 -0.247 0.989 -0.0 -0.078 -0.123 0.754 -0.0 0.372 -0.541 -0.638 -0.0 -0.767 0.073 -0.992 -0.0 0.112 0.055 0.628 0.0 -0.772 0.098 0.992 0.0 0.112 0.054 
-0.654 0.03 -0.038 -0.755 -0.706 -0.0 -0.7 0.109 -0.969 -0.0 0.003 -0.247 0.989 0.0 -0.076 -0.124 0.756 0.0 0.357 -0.548 -0.638 -0.0 -0.767 0.073 -0.992 -0.0 0.111 0.055 0.628 0.0 -0.772 0.098 0.992 0.0 0.112 0.054 
-0.654 0.03 -0.038 -0.755 -0.706 -0.0 -0.7 0.109 -0.969 -0.0 0.003 -0.247 0.989 0.0 -0.073 -0.125 0.759 0.0 0.341 -0.555 -0.638 -0.0 -0.767 0.073 -0.992 -0.0 0.111 0.055 0.628 -0.0 -0.772 0.098 0.992 0.0 0.112 0.054 
-0.654 0.03 -0.038 -0.755 -0.706 -0.0 -0.7 0.109 -0.969 -0.0 0.003 -0.247 0.989 0.0 -0.071 -0.127 0.761 -0.0 0.326 -0.561 -0.638 -0.0 -0.767 0.073 -0.992 -0.0 0.111 0.055 0.628 0.0 -0.772 0.098 0.992 0.0 0.112 0.054 
-0.654 0.03 -0.038 -0.755 -0.706 0.0 -0.7 0.109 -0.969 0.0 0.003 -0.247 0.989 -0.0 -0.069 -0.128 0.763 0.0 0.31 -0.567 -0.638 -0.0 -0.767 0.073 -0.992 -0.0 0.111 0.055 0.628 0.0 -0.772 0.097 0.992 -0.0 0.112 0.054 
-0.653 0.029 -0.038 -0.755 -0.706 -0.0 -0.7 0.109 -0.969 0.0 0.003 -0.247 0.989 0.0 -0.067 -0.129 0.765 0.0 0.295 -0.573 -0.638 -0.0 -0.767 0.073 -0.992 -0.0 0.111 0.055 0.628 0.0 -0.772 0.097 0.992 0.0 0.112 0.054 
-0.653 0.029 -0.038 -0.756 -0.706 -0.0 -0.7 0.109 -0.969 -0.0 0.003 -0.247 0.989 0.0 -0.065 -0.13 0.766 0.0 0.281 -0.578 -0.638 -0.0 -0.767 0.073 -0.992 -0.0 0.111 0.055 0.628 -0.0 -0.772 0.097 0.992 0.0 0.112 0.054 
-0.653 0.029 -0.038 -0.756 -0.706 -0.0 -0.7 0.109 -0.969 0.0 0.004 -0.247 0.989 -0.0 -0.064 -0.132 0.768 0.0 0.267 -0.582 -0.638 -0.0 -0.767 0.072 -0.992 -0.0 0.111 0.055 0.628 0.0 -0.772 0.096 0.992 0.0 0.112 0.054 
-0.652 0.029 -0.038 -0.756 -0.706 -0.0 -0.7 0.109 -0.969 -0.0 0.003 -0.247 0.989 -0.0 -0.063 -0.134 0.769 0.0 0.254 -0.587 -0.638 -0.0 -0.767 0.072 -0.992 -0.0 0.111 0.055 0.628 0.0 -0.772 0.095 0.992 0.0 0.112 0.055 
-0.652 0.029 -0.038 -0.757 -0.706 -0.0 -0.7 0.109 -0.969 -0.0 0.004 -0.247 0.989 0.0 -0.061 -0.135 0.77 0.0 0.24 -0.591 -0.638 -0.0 -0.767 0.072 -0.992 -0.0 0.111 0.055 0.628 0.0 -0.772 0.095 0.992 0.0 0.112 0.055 
-0.652 0.029 -0.038 -0.757 -0.706 -0.0 -0.7 0.109 -0.969 -0.0 0.004 -0.247 0.989 0.0 -0.061 -0.137 0.771 0.0 0.227 -0.594 -0.638 -0.0 -0.767 0.072 -0.992 -0.0 0.111 0.055 0.628 0.0 -0.773 0.095 0.992 0.0 0.112 0.055 
-0.651 0.029 -0.038 -0.757 -0.706 0.0 -0.7 0.109 -0.969 -0.0 0.004 -0.247 0.989 0.0 -0.06 -0.138 0.772 -0.0 0.214 -0.598 -0.638 -0.0 -0.767 0.072 -0.992 -0.0 0.11 0.055 0.628 0.0 -0.773 0.094 0.992 0.0 0.112 0.055 
-0.651 0.028 -0.038 -0.758 -0.706 -0.0 -0.7 0.109 -0.969 -0.0 0.004 -0.247 0.988 0.0 -0.058 -0.14 0.774 -0.0 0.201 -0.601 -0.638 0.0 -0.767 0.072 -0.992 -0.0 0.111 0.055 0.628 0.0 -0.773 0.093 0.992 0.0 0.112 0.056 
-0.651 0.028 -0.038 -0.758 -0.706 -0.0 -0.7 0.109 -0.969 -0.0 0.004 -0.247 0.988 -0.0 -0.058 -0.141 0.775 0.0 0.188 -0.604 -0.638 -0.0 -0.767 0.072 -0.992 -0.0 0.111 0.055 0.628 0.0 -0.773 0.094 0.992 0.0 0.112 0.055 
-0.651 0.028 -0.038 -0.758 -0.706 -0.0 -0.7 0.109 -0.969 -0.0 0.005 -0.246 0.988 0.0 -0.057 -0.143 0.776 0.0 0.175 -0.606 -0.638 -0.0 -0.767 0.072 -0.992 -0.0 0.111 0.055 0.628 0.0 -0.773 0.093 0.992 0.0 0.112 0.056 
-0.65 0.028 -0.038 -0.758 -0.706 -0.0 -0.699 0.11 -0.969 -0.0 0.005 -0.247 0.988 0.0 -0.057 -0.145 0.777 0.0 0.162 -0.608 -0.638 -0.0 -0.767 0.072 -0.992 -0.0 0.111 0.055 0.628 0.0 -0.773 0.093 0.992 -0.0 0.112 0.056 
-0.65 0.028 -0.038 -0.758 -0.706 -0.0 -0.699 0.11 -0.969 -0.0 0.005 -0.247 0.988 0.0 -0.056 -0.147 0.778 0.0 0.149 -0.61 -0.638 0.0 -0.767 0.072 -0.992 -0.0 0.111 0.055 0.628 0.0 -0.773 0.093 0.992 0.0 0.113 0.056 
-0.65 0.028 -0.038 -0.759 -0.707 -0.0 -0.699 0.11 -0.969 -0.0 0.005 -0.247 0.987 0.0 -0.056 -0.149 0.779 -0.0 0.136 -0.612 -0.638 -0.0 -0.767 0.072 -0.992 -0.0 0.11 0.055 0.628 0.0 -0.773 0.093 0.992 0.0 0.112 0.055 
-0.649 0.028 -0.038 -0.759 -0.707 0.0 -0.699 0.11 -0.969 -0.0 0.005 -0.247 0.987 0.0 -0.055 -0.151 0.78 0.0 0.123 -0.613 -0.638 -0.0 -0.767 0.072 -0.992 0.0 0.11 0.055 0.628 0.0 -0.773 0.093 0.992 0.0 0.112 0.055 
-0.649 0.028 -0.038 -0.759 -0.707 0.0 -0.699 0.111 -0.969 -0.0 0.005 -0.247 0.987 0.0 -0.054 -0.154 0.782 0.0 0.11 -0.614 -0.638 -0.0 -0.767 0.072 -0.992 -0.0 0.111 0.055 0.628 0.0 -0.773 0.093 0.992 0.0 0.112 0.055 
-0.649 0.028 -0.038 -0.759 -0.707 -0.0 -0.699 0.111 -0.969 -0.0 0.005 -0.247 0.986 0.0 -0.054 -0.156 0.782 0.0 0.098 -0.615 -0.638 -0.0 -0.767 0.072 -0.992 -0.0 0.11 0.055 0.628 0.0 -0.773 0.093 0.992 0.0 0.112 0.055 
-0.649 0.028 -0.038 -0.76 -0.707 -0.0 -0.699 0.111 -0.969 -0.0 0.005 -0.246 0.986 -0.0 -0.053 -0.158 0.783 0.0 0.087 -0.616 -0.638 -0.0 -0.767 0.072 -0.992 -0.0 0.11 0.055 0.628 0.0 -0.773 0.092 0.992 0.0 0.113 0.055 
-0.648 0.028 -0.038 -0.76 -0.707 -0.0 -0.699 0.111 -0.969 -0.0 0.005 -0.246 0.986 -0.0 -0.053 -0.16 0.783 -0.0 0.075 -0.618 -0.638 -0.0 -0.767 0.072 -0.992 -0.0 0.11 0.054 0.628 0.0 -0.773 0.092 0.992 0.0 0.112 0.055 
-0.648 0.028 -0.038 -0.76 -0.707 -0.0 -0.699 0.112 -0.969 -0.0 0.005 -0.246 0.985 0.0 -0.053 -0.162 0.783 -0.0 0.064 -0.618 -0.638 -0.0 -0.767 0.072 -0.992 0.0 0.11 0.055 0.628 0.0 -0.773 0.092 0.992 0.0 0.112 0.055 
-0.648 0.028 -0.038 -0.76 -0.707 -0.0 -0.699 0.112 -0.969 -0.0 0.005 -0.246 0.985 0.0 -0.052 -0.165 0.784 -0.0 0.052 -0.618 -0.638 0.0 -0.767 0.071 -0.992 -0.0 0.11 0.055 0.628 0.0 -0.773 0.092 0.992 -0.0 0.113 0.054 
-0.648 0.028 -0.038 -0.761 -0.707 -0.0 -0.699 0.112 -0.969 -0.0 0.005 -0.246 0.985 0.0 -0.052 -0.167 0.785 0.0 0.041 -0.618 -0.638 -0.0 -0.767 0.071 -0.992 -0.0 0.11 0.055 0.628 0.0 -0.773 0.091 0.992 0.0 0.113 0.055 
-0.647 0.028 -0.038 -0.761 -0.707 -0.0 -0.698 0.112 -0.969 -0.0 0.005 -0.246 0.984 0.0 -0.051 -0.169 0.786 0.0 0.03 -0.617 -0.638 0.0 -0.767 0.071 -0.992 -0.0 0.11 0.055 0.628 0.0 -0.773 0.092 0.992 0.0 0.113 0.054 
-0.647 0.028 -0.038 -0.761 -0.707 0.0 -0.698 0.112 -0.969 0.0 0.005 -0.246 0.984 0.0 -0.051 -0.172 0.787 -0.0 0.018 -0.617 -0.638 -0.0 -0.767 0.072 -0.992 -0.0 0.11 0.054 0.628 -0.0 -0.773 0.091 0.992 0.0 0.113 0.055 
-0.647 0.028 -0.038 -0.761 -0.707 -0.0 -0.698 0.112 -0.969 -0.0 0.005 -0.246 0.983 0.0 -0.05 -0.174 0.787 0.0 0.004 -0.616 -0.638 -0.0 -0.767 0.072 -0.992 -0.0 0.11 0.054 0.628 -0.0 -0.773 0.091 0.992 0.0 0.113 0.055 
-0.646 0.027 -0.038 -0.762 -0.707 -0.0 -0.698 0.112 -0.969 -0.0 0.005 -0.246 0.983 0.0 -0.05 -0.176 0.788 0.0 -0.007 -0.615 -0.638 -0.0 -0.767 0.072 -0.992 -0.0 0.11 0.054 0.628 0.0 -0.773 0.091 0.992 0.0 0.113 0.055 
-0.646 0.027 -0.038 -0.762 -0.707 0.0 -0.698 0.112 -0.969 -0.0 0.005 -0.245 0.983 0.0 -0.05 -0.178 0.789 0.0 -0.018 -0.614 -0.638 -0.0 -0.767 0.071 -0.992 -0.0 0.11 0.054 0.628 0.0 -0.773 0.091 0.992 0.0 0.113 0.055 
-0.646 0.027 -0.038 -0.762 -0.707 -0.0 -0.698 0.112 -0.97 -0.0 0.005 -0.245 0.982 0.0 -0.05 -0.18 0.79 0.0 -0.028 -0.612 -0.638 -0.0 -0.766 0.072 -0.992 -0.0 0.11 0.054 0.628 0.0 -0.773 0.091 0.992 0.0 0.113 0.055 
-0.646 0.027 -0.038 -0.762 -0.707 -0.0 -0.698 0.112 -0.97 -0.0 0.005 -0.245 0.982 0.0 -0.049 -0.182 0.791 0.0 -0.039 -0.611 -0.638 0.0 -0.767 0.072 -0.993 0.0 0.109 0.054 0.628 0.0 -0.773 0.091 0.992 -0.0 0.113 0.055 
-0.646 0.027 -0.038 -0.762 -0.708 -0.0 -0.698 0.112 -0.97 -0.0 0.005 -0.244 0.982 0.0 -0.049 -0.184 0.791 0.0 -0.049 -0.61 -0.638 -0.0 -0.766 0.072 -0.993 -0.0 0.11 0.054 0.628 0.0 -0.773 0.09 0.992 0.0 0.113 0.055 
-0.646 0.027 -0.038 -0.762 -0.708 -0.0 -0.698 0.112 -0.97 -0.0 0.005 -0.244 0.981 0.0 -0.049 -0.186 0.792 0.0 -0.059 -0.608 -0.638 -0.0 -0.766 0.072 -0.993 -0.0 0.109 0.054 0.628 0.0 -0.773 0.09 0.992 0.0 0.113 0.055 
-0.645 0.027 -0.038 -0.762 -0.708 -0.0 -0.698 0.112 -0.97 -0.0 0.005 -0.244 0.981 0.0 -0.048 -0.188 0.792 -0.0 -0.069 -0.606 -0.638 -0.0 -0.766 0.072 -0.992 -0.0 0.11 0.054 0.628 0.0 -0.773 0.09 0.992 0.0 0.113 0.055 
-0.645 0.027 -0.038 -0.763 -0.708 0.0 -0.697 0.112 -0.97 -0.0 0.005 -0.244 0.981 0.0 -0.048 -0.19 0.793 0.0 -0.079 -0.605 -0.638 0.0 -0.766 0.072 -0.993 0.0 0.11 0.053 0.628 0.0 -0.773 0.089 0.992 0.0 0.113 0.056 
-0.645 0.027 -0.038 -0.763 -0.708 -0.0 -0.697 0.112 -0.97 0.0 0.005 -0.244 0.98 0.0 -0.048 -0.192 0.793 0.0 -0.089 -0.603 -0.638 0.0 -0.766 0.072 -0.993 -0.0 0.11 0.053 0.628 0.0 -0.773 0.089 0.992 0.0 0.113 0.056 
-0.645 0.027 -0.038 -0.763 -0.708 -0.0 -0.697 0.113 -0.97 -0.0 0.005 -0.244 0.98 -0.0 -0.048 -0.194 0.794 0.0 -0.098 -0.6 -0.638 -0.0 -0.766 0.072 -0.993 -0.0 0.11 0.054 0.628 0.0 -0.773 0.089 0.992 -0.0 0.113 0.056 
-0.645 0.027 -0.038 -0.763 -0.708 -0.0 -0.697 0.113 -0.97 -0.0 0.005 -0.244 0.98 0.0 -0.048 -0.196 0.795 0.0 -0.107 -0.597 -0.638 -0.0 -0.766 0.073 -0.993 -0.0 0.11 0.054 0.628 0.0 -0.773 0.089 0.992 0.0 0.113 0.056 
-0.644 0.027 -0.038 -0.763 -0.708 0.0 -0.697 0.113 -0.97 -0.0 0.005 -0.244 0.979 0.0 -0.047 -0.197 0.796 0.0 -0.116 -0.595 -0.638 -0.0 -0.766 0.073 -0.993 -0.0 0.11 0.053 0.628 0.0 -0.773 0.089 0.992 0.0 0.113 0.056 
-0.644 0.027 -0.038 -0.763 -0.708 -0.0 -0.697 0.113 -0.97 -0.0 0.005 -0.244 0.979 0.0 -0.047 -0.199 0.796 0.0 -0.125 -0.592 -0.638 -0.0 -0.766 0.073 -0.993 -0.0 0.109 0.054 0.628 0.0 -0.773 0.089 0.992 0.0 0.113 0.056 
-0.644 0.027 -0.038 -0.764 -0.708 -0.0 -0.697 0.113 -0.97 -0.0 0.005 -0.244 0.979 0.0 -0.047 -0.2 0.796 0.0 -0.133 -0.59 -0.638 -0.0 -0.766 0.072 -0.993 -0.0 0.11 0.054 0.628 0.0 -0.773 0.089 0.992 0.0 0.113 0.056 
-0.644 0.027 -0.038 -0.764 -0.708 -0.0 -0.697 0.113 -0.97 -0.0 0.004 -0.245 0.978 0.0 -0.047 -0.202 0.797 0.0 -0.141 -0.587 -0.638 -0.0 -0.766 0.072 -0.993 0.0 0.109 0.054 0.628 0.0 -0.773 0.089 0.992 0.0 0.113 0.056 
-0.644 0.027 -0.038 -0.764 -0.708 -0.0 -0.697 0.113 -0.97 -0.0 0.004 -0.245 0.978 0.0 -0.047 -0.203 0.798 0.0 -0.149 -0.585 -0.638 -0.0 -0.766 0.072 -0.993 -0.0 0.109 0.054 0.628 -0.0 -0.773 0.089 0.992 0.0 0.113 0.056 
-0.644 0.027 -0.038 -0.764 -0.708 -0.0 -0.697 0.114 -0.97 -0.0 0.004 -0.245 0.978 -0.0 -0.047 -0.204 0.798 0.0 -0.156 -0.582 -0.638 -0.0 -0.766 0.072 -0.993 -0.0 0.11 0.054 0.628 0.0 -0.773 0.089 0.992 -0.0 0.113 0.056 
-0.644 0.027 -0.038 -0.764 -0.708 -0.0 -0.697 0.113 -0.97 -0.0 0.004 -0.245 0.978 0.0 -0.047 -0.205 0.798 0.0 -0.162 -0.58 -0.638 -0.0 -0.766 0.072 -0.993 -0.0 0.109 0.054 0.628 0.0 -0.773 0.089 0.992 0.0 0.113 0.056 
-0.643 0.027 -0.038 -0.764 -0.708 0.0 -0.697 0.113 -0.97 -0.0 0.004 -0.245 0.977 0.0 -0.047 -0.206 0.799 0.0 -0.169 -0.577 -0.638 -0.0 -0.766 0.072 -0.993 -0.0 0.109 0.054 0.628 0.0 -0.773 0.088 0.992 -0.0 0.113 0.056 
-0.643 0.027 -0.038 -0.764 -0.708 -0.0 -0.697 0.113 -0.969 -0.0 0.004 -0.245 0.977 0.0 -0.047 -0.207 0.799 0.0 -0.175 -0.575 -0.638 -0.0 -0.766 0.072 -0.993 -0.0 0.109 0.054 0.628 0.0 -0.773 0.088 0.992 0.0 0.113 0.056 
-0.643 0.027 -0.038 -0.764 -0.708 -0.0 -0.697 0.113 -0.97 -0.0 0.004 -0.245 0.977 0.0 -0.047 -0.208 0.799 -0.0 -0.18 -0.573 -0.638 0.0 -0.766 0.072 -0.993 -0.0 0.109 0.054 0.628 0.0 -0.773 0.088 0.992 0.0 0.113 0.056 
-0.643 0.027 -0.038 -0.765 -0.708 -0.0 -0.697 0.113 -0.969 -0.0 0.004 -0.245 0.977 0.0 -0.047 -0.209 0.8 -0.0 -0.186 -0.571 -0.638 -0.0 -0.766 0.072 -0.993 -0.0 0.109 0.054 0.628 0.0 -0.773 0.088 0.992 0.0 0.113 0.056 
-0.643 0.027 -0.038 -0.765 -0.708 0.0 -0.697 0.113 -0.969 -0.0 0.004 -0.245 0.977 0.0 -0.048 -0.21 0.8 0.0 -0.19 -0.569 -0.638 -0.0 -0.766 0.072 -0.992 -0.0 0.11 0.054 0.628 0.0 -0.774 0.088 0.992 0.0 0.113 0.056 
-0.642 0.027 -0.038 -0.765 -0.708 -0.0 -0.697 0.113 -0.969 -0.0 0.004 -0.245 0.976 0.0 -0.048 -0.211 0.801 0.0 -0.195 -0.567 -0.638 -0.0 -0.766 0.072 -0.992 -0.0 0.11 0.055 0.628 0.0 -0.774 0.088 0.992 -0.0 0.113 0.056 
-0.642 0.027 -0.038 -0.765 -0.708 -0.0 -0.697 0.113 -0.969 -0.0 0.004 -0.245 0.976 0.0 -0.048 -0.212 0.801 -0.0 -0.199 -0.565 -0.638 -0.0 -0.766 0.072 -0.992 -0.0 0.11 0.055 0.628 0.0 -0.774 0.087 0.992 0.0 0.113 0.057 
-0.642 0.027 -0.038 -0.765 -0.708 -0.0 -0.697 0.113 -0.969 -0.0 0.004 -0.246 0.976 0.0 -0.049 -0.212 0.801 0.0 -0.202 -0.563 -0.638 -0.0 -0.766 0.072 -0.992 -0.0 0.11 0.055 0.628 0.0 -0.774 0.087 0.992 0.0 0.113 0.057 
-0.642 0.027 -0.038 -0.765 -0.708 -0.0 -0.697 0.113 -0.969 -0.0 0.004 -0.246 0.976 -0.0 -0.05 -0.213 0.802 0.0 -0.206 -0.561 -0.638 -0.0 -0.766 0.072 -0.992 -0.0 0.11 0.055 0.628 0.0 -0.774 0.087 0.992 -0.0 0.113 0.057 
-0.642 0.027 -0.038 -0.766 -0.708 -0.0 -0.697 0.113 -0.969 0.0 0.004 -0.246 0.976 0.0 -0.051 -0.213 0.802 0.0 -0.209 -0.559 -0.638 0.0 -0.766 0.071 -0.992 -0.0 0.109 0.055 0.627 0.0 -0.774 0.087 0.992 0.0 0.113 0.057 
-0.641 0.027 -0.038 -0.766 -0.708 -0.0 -0.697 0.113 -0.969 -0.0 0.004 -0.246 0.976 -0.0 -0.051 -0.214 0.802 0.0 -0.211 -0.558 -0.638 0.0 -0.766 0.071 -0.993 -0.0 0.109 0.055 0.627 0.0 -0.774 0.087 0.992 -0.0 0.113 0.057 
-0.641 0.026 -0.038 -0.766 -0.708 -0.0 -0.697 0.113 -0.969 -0.0 0.004 -0.246 0.976 0.0 -0.052 -0.214 0.803 0.0 -0.213 -0.557 -0.638 -0.0 -0.766 0.071 -0.992 -0.0 0.11 0.055 0.627 0.0 -0.774 0.086 0.992 0.0 0.113 0.057 
-0.641 0.026 -0.038 -0.766 -0.708 -0.0 -0.697 0.113 -0.969 -0.0 0.004 -0.246 0.975 0.0 -0.052 -0.214 0.803 0.0 -0.215 -0.556 -0.638 -0.0 -0.766 0.071 -0.993 0.0 0.109 0.054 0.627 0.0 -0.774 0.086 0.992 -0.0 0.113 0.057 
-0.641 0.026 -0.038 -0.766 -0.708 -0.0 -0.697 0.113 -0.969 -0.0 0.004 -0.246 0.975 -0.0 -0.053 -0.214 0.803 0.0 -0.216 -0.556 -0.638 -0.0 -0.766 0.071 -0.993 -0.0 0.109 0.055 0.627 0.0 -0.774 0.086 0.992 -0.0 0.113 0.057 
-0.641 0.026 -0.038 -0.766 -0.709 -0.0 -0.697 0.113 -0.969 -0.0 0.004 -0.246 0.975 -0.0 -0.054 -0.214 0.803 -0.0 -0.217 -0.555 -0.638 -0.0 -0.766 0.071 -0.993 -0.0 0.109 0.055 0.628 0.0 -0.774 0.086 0.992 0.0 0.113 0.057 
-0.64 0.026 -0.038 -0.767 -0.709 -0.0 -0.697 0.113 -0.969 -0.0 0.004 -0.246 0.975 0.0 -0.055 -0.214 0.803 0.0 -0.218 -0.555 -0.638 -0.0 -0.766 0.071 -0.993 -0.0 0.109 0.055 0.627 0.0 -0.774 0.085 0.992 0.0 0.113 0.057 
-0.64 0.026 -0.038 -0.767 -0.708 -0.0 -0.697 0.113 -0.969 -0.0 0.003 -0.246 0.975 0.0 -0.056 -0.214 0.803 0.0 -0.218 -0.555 -0.638 0.0 -0.766 0.071 -0.993 -0.0 0.109 0.055 0.627 -0.0 -0.774 0.085 0.992 -0.0 0.113 0.057 
-0.64 0.026 -0.038 -0.767 -0.708 -0.0 -0.697 0.113 -0.969 -0.0 0.004 -0.246 0.975 -0.0 -0.056 -0.214 0.803 0.0 -0.218 -0.555 -0.638 -0.0 -0.766 0.071 -0.993 -0.0 0.109 0.055 0.627 0.0 -0.774 0.085 0.992 0.0 0.113 0.057 
-0.64 0.026 -0.038 -0.767 -0.709 -0.0 -0.697 0.113 -0.969 -0.0 0.003 -0.246 0.975 0.0 -0.057 -0.214 0.803 0.0 -0.218 -0.554 -0.638 -0.0 -0.766 0.071 -0.992 0.0 0.109 0.055 0.627 0.0 -0.774 0.085 0.992 0.0 0.113 0.057 
-0.64 0.026 -0.038 -0.767 -0.709 -0.0 -0.697 0.112 -0.969 -0.0 0.003 -0.246 0.975 0.0 -0.058 -0.213 0.803 -0.0 -0.217 -0.555 -0.638 -0.0 -0.766 0.071 -0.992 -0.0 0.109 0.055 0.627 0.0 -0.774 0.085 0.992 0.0 0.113 0.057 
-0.64 0.026 -0.038 -0.767 -0.709 0.0 -0.697 0.112 -0.969 -0.0 0.003 -0.246 0.975 -0.0 -0.059 -0.213 0.803 -0.0 -0.217 -0.554 -0.638 0.0 -0.766 0.07 -0.993 -0.0 0.109 0.055 0.627 0.0 -0.774 0.085 0.992 0.0 0.113 0.057 
-0.639 0.026 -0.038 -0.768 -0.709 -0.0 -0.697 0.112 -0.969 0.0 0.003 -0.246 0.975 0.0 -0.059 -0.213 0.803 0.0 -0.216 -0.555 -0.638 -0.0 -0.766 0.071 -0.992 -0.0 0.109 0.055 0.627 0.0 -0.774 0.085 0.992 0.0 0.113 0.057 
-0.639 0.026 -0.038 -0.768 -0.709 -0.0 -0.697 0.112 -0.969 -0.0 0.003 -0.246 0.975 0.0 -0.06 -0.212 0.804 0.0 -0.215 -0.555 -0.638 0.0 -0.766 0.07 -0.992 -0.0 0.109 0.055 0.627 0.0 -0.774 0.084 0.992 0.0 0.113 0.057 
-0.639 0.026 -0.038 -0.768 -0.709 0.0 -0.697 0.112 -0.969 -0.0 0.003 -0.246 0.975 0.0 -0.06 -0.212 0.804 0.0 -0.214 -0.555 -0.638 -0.0 -0.766 0.07 -0.993 0.0 0.109 0.055 0.627 0.0 -0.774 0.084 0.992 0.0 0.113 0.057 
-0.639 0.026 -0.038 -0.768 -0.709 -0.0 -0.697 0.111 -0.969 -0.0 0.003 -0.246 0.975 0.0 -0.061 -0.212 0.804 0.0 -0.213 -0.556 -0.639 -0.0 -0.766 0.07 -0.993 -0.0 0.109 0.056 0.627 0.0 -0.774 0.084 0.992 0.0 0.113 0.057 
-0.639 0.026 -0.037 -0.768 -0.709 0.0 -0.697 0.111 -0.969 -0.0 0.003 -0.246 0.975 0.0 -0.061 -0.212 0.804 0.0 -0.212 -0.556 -0.638 -0.0 -0.766 0.07 -0.993 -0.0 0.109 0.056 0.627 0.0 -0.774 0.084 0.992 0.0 0.113 0.057 
-0.638 0.026 -0.037 -0.768 -0.709 -0.0 -0.697 0.111 -0.969 -0.0 0.003 -0.246 0.975 0.0 -0.062 -0.211 0.804 0.0 -0.211 -0.557 -0.639 -0.0 -0.766 0.069 -0.992 -0.0 0.109 0.056 0.627 0.0 -0.774 0.083 0.992 0.0 0.113 0.058 
-0.638 0.026 -0.037 -0.769 -0.709 -0.0 -0.697 0.111 -0.969 -0.0 0.003 -0.246 0.976 0.0 -0.062 -0.211 0.804 -0.0 -0.209 -0.557 -0.639 -0.0 -0.766 0.069 -0.992 -0.0 0.109 0.056 0.627 -0.0 -0.774 0.083 0.992 0.0 0.113 0.058 
-0.638 0.025 -0.037 -0.769 -0.709 -0.0 -0.697 0.111 -0.969 -0.0 0.003 -0.246 0.976 -0.0 -0.063 -0.21 0.804 0.0 -0.208 -0.558 -0.639 -0.0 -0.766 0.069 -0.992 -0.0 0.109 0.056 0.627 0.0 -0.774 0.082 0.992 0.0 0.113 0.058 
-0.638 0.025 -0.037 -0.769 -0.709 -0.0 -0.697 0.111 -0.969 -0.0 0.003 -0.246 0.976 0.0 -0.063 -0.21 0.804 0.0 -0.207 -0.558 -0.639 -0.0 -0.766 0.069 -0.992 -0.0 0.109 0.056 0.627 0.0 -0.775 0.082 0.992 0.0 0.113 0.058 
-0.637 0.025 -0.037 -0.769 -0.709 0.0 -0.697 0.111 -0.969 -0.0 0.003 -0.246 0.976 0.0 -0.063 -0.21 0.804 0.0 -0.206 -0.558 -0.639 0.0 -0.766 0.069 -0.992 -0.0 0.109 0.056 0.627 0.0 -0.775 0.082 0.992 0.0 0.113 0.058 
-0.637 0.025 -0.037 -0.769 -0.709 -0.0 -0.697 0.111 -0.969 -0.0 0.003 -0.246 0.976 0.0 -0.063 -0.21 0.804 -0.0 -0.205 -0.558 -0.639 -0.0 -0.766 0.068 -0.992 -0.0 0.109 0.056 0.627 0.0 -0.775 0.081 0.992 0.0 0.113 0.058 
-0.637 0.025 -0.037 -0.769 -0.709 -0.0 -0.697 0.11 -0.969 -0.0 0.003 -0.247 0.976 -0.0 -0.064 -0.209 0.804 0.0 -0.204 -0.558 -0.639 -0.0 -0.766 0.068 -0.993 -0.0 0.108 0.056 0.627 0.0 -0.775 0.081 0.992 0.0 0.113 0.058 
-0.637 0.025 -0.037 -0.77 -0.708 -0.0 -0.697 0.11 -0.969 0.0 0.003 -0.247 0.976 -0.0 -0.064 -0.209 0.805 0.0 -0.202 -0.558 -0.639 -0.0 -0.767 0.068 -0.992 -0.0 0.109 0.056 0.627 0.0 -0.775 0.081 0.992 0.0 0.113 0.059 
-0.637 0.025 -0.037 -0.77 -0.709 -0.0 -0.697 0.11 -0.969 -0.0 0.003 -0.247 0.976 0.0 -0.064 -0.208 0.805 -0.0 -0.201 -0.559 -0.639 -0.0 -0.767 0.068 -0.992 -0.0 0.109 0.056 0.627 0.0 -0.775 0.08 0.992 0.0 0.114 0.059 
-0.637 0.025 -0.037 -0.77 -0.708 -0.0 -0.697 0.11 -0.969 -0.0 0.003 -0.247 0.976 0.0 -0.064 -0.208 0.805 0.0 -0.2 -0.559 -0.639 -0.0 -0.767 0.068 -0.992 -0.0 0.109 0.056 0.627 0.0 -0.775 0.08 0.992 0.0 0.113 0.059 
-0.637 0.025 -0.037 -0.77 -0.708 -0.0 -0.697 0.11 -0.969 -0.0 0.004 -0.247 0.976 0.0 -0.064 -0.207 0.804 0.0 -0.199 -0.56 -0.639 -0.0 -0.767 0.068 -0.992 -0.0 0.109 0.056 0.627 0.0 -0.775 0.08 0.992 0.0 0.113 0.059 
-0.637 0.025 -0.037 -0.77 -0.708 -0.0 -0.697 0.109 -0.969 -0.0 0.003 -0.247 0.976 -0.0 -0.064 -0.206 0.804 0.0 -0.197 -0.561 -0.639 -0.0 -0.767 0.067 -0.992 -0.0 0.108 0.057 0.627 -0.0 -0.775 0.08 0.992 0.0 0.113 0.059 
-0.637 0.025 -0.037 -0.77 -0.708 0.0 -0.697 0.109 -0.969 -0.0 0.003 -0.247 0.976 -0.0 -0.064 -0.206 0.804 0.0 -0.195 -0.561 -0.639 0.0 -0.767 0.067 -0.992 -0.0 0.109 0.057 0.627 -0.0 -0.775 0.08 0.992 0.0 0.113 0.059 
-0.637 0.025 -0.037 -0.77 -0.708 -0.0 -0.698 0.109 -0.969 -0.0 0.004 -0.247 0.977 0.0 -0.064 -0.205 0.804 0.0 -0.194 -0.562 -0.639 -0.0 -0.767 0.067 -0.992 -0.0 0.109 0.057 0.627 0.0 -0.775 0.08 0.992 0.0 0.113 0.059 
-0.637 0.025 -0.037 -0.77 -0.708 -0.0 -0.698 0.108 -0.969 -0.0 0.004 -0.247 0.977 0.0 -0.064 -0.205 0.804 -0.0 -0.192 -0.563 -0.639 -0.0 -0.767 0.067 -0.992 0.0 0.109 0.057 0.627 0.0 -0.775 0.08 0.992 -0.0 0.113 0.059 
-0.637 0.025 -0.037 -0.77 -0.708 -0.0 -0.698 0.108 -0.969 -0.0 0.004 -0.247 0.977 0.0 -0.064 -0.204 0.804 0.0 -0.19 -0.564 -0.639 -0.0 -0.767 0.067 -0.992 -0.0 0.109 0.057 0.627 0.0 -0.775 0.08 0.992 0.0 0.113 0.059 
-0.637 0.025 -0.037 -0.77 -0.708 0.0 -0.698 0.108 -0.969 -0.0 0.004 -0.247 0.977 0.0 -0.065 -0.203 0.804 0.0 -0.187 -0.565 -0.639 -0.0 -0.767 0.067 -0.992 -0.0 0.109 0.057 0.627 -0.0 -0.775 0.079 0.992 0.0 0.113 0.059 
-0.637 0.025 -0.037 -0.77 -0.708 -0.0 -0.698 0.108 -0.969 -0.0 0.004 -0.247 0.977 0.0 -0.065 -0.202 0.803 -0.0 -0.184 -0.566 -0.639 -0.0 -0.766 0.067 -0.992 -0.0 0.109 0.057 0.627 -0.0 -0.775 0.079 0.992 0.0 0.113 0.059 
-0.637 0.025 -0.037 -0.77 -0.708 -0.0 -0.698 0.108 -0.969 -0.0 0.004 -0.247 0.977 0.0 -0.065 -0.201 0.803 0.0 -0.181 -0.568 -0.639 -0.0 -0.766 0.067 -0.992 -0.0 0.109 0.057 0.627 0.0 -0.775 0.079 0.992 0.0 0.113 0.059 
-0.637 0.025 -0.037 -0.77 -0.708 -0.0 -0.698 0.108 -0.969 -0.0 0.004 -0.247 0.978 0.0 -0.065 -0.2 0.803 0.0 -0.177 -0.569 -0.639 -0.0 -0.767 0.067 -0.992 -0.0 0.109 0.057 0.627 0.0 -0.775 0.079 0.992 -0.0 0.113 0.059 
-0.637 0.025 -0.037 -0.77 -0.708 -0.0 -0.698 0.107 -0.969 -0.0 0.004 -0.247 0.978 -0.0 -0.066 -0.199 0.803 0.0 -0.174 -0.571 -0.639 0.0 -0.767 0.066 -0.992 -0.0 0.109 0.057 0.627 0.0 -0.775 0.079 0.992 -0.0 0.113 0.058 
-0.637 0.025 -0.037 -0.77 -0.708 0.0 -0.698 0.107 -0.969 -0.0 0.004 -0.247 0.978 -0.0 -0.066 -0.197 0.802 0.0 -0.169 -0.573 -0.639 -0.0 -0.767 0.066 -0.992 -0.0 0.109 0.057 0.627 0.0 -0.775 0.079 0.992 -0.0 0.113 0.059 
-0.637 0.025 -0.037 -0.77 -0.708 -0.0 -0.698 0.107 -0.969 -0.0 0.004 -0.248 0.978 0.0 -0.067 -0.196 0.802 0.0 -0.164 -0.575 -0.639 0.0 -0.767 0.066 -0.992 0.0 0.109 0.057 0.627 -0.0 -0.775 0.079 0.992 0.0 0.113 0.059 
-0.637 0.025 -0.036 -0.77 -0.708 -0.0 -0.698 0.107 -0.969 -0.0 0.004 -0.248 0.979 -0.0 -0.067 -0.195 0.801 0.0 -0.159 -0.577 -0.639 -0.0 -0.766 0.066 -0.992 0.0 0.109 0.057 0.627 0.0 -0.775 0.079 0.992 0.0 0.113 0.059 
-0.637 0.025 -0.036 -0.77 -0.708 -0.0 -0.698 0.107 -0.969 -0.0 0.003 -0.248 0.979 0.0 -0.068 -0.193 0.801 0.0 -0.153 -0.579 -0.639 -0.0 -0.767 0.066 -0.992 -0.0 0.109 0.057 0.627 0.0 -0.775 0.079 0.992 0.0 0.113 0.058 
-0.637 0.025 -0.036 -0.77 -0.708 -0.0 -0.698 0.107 -0.969 -0.0 0.004 -0.248 0.979 0.0 -0.068 -0.192 0.8 0.0 -0.146 -0.582 -0.639 -0.0 -0.766 0.066 -0.992 -0.0 0.109 0.056 0.627 0.0 -0.775 0.079 0.992 0.0 0.113 0.058 
-0.637 0.024 -0.036 -0.77 -0.708 -0.0 -0.699 0.107 -0.969 0.0 0.004 -0.248 0.979 0.0 -0.069 -0.191 0.8 0.0 -0.138 -0.584 -0.639 -0.0 -0.766 0.066 -0.993 -0.0 0.108 0.057 0.627 -0.0 -0.775 0.079 0.992 0.0 0.113 0.058 
-0.637 0.024 -0.036 -0.77 -0.707 -0.0 -0.699 0.107 -0.969 -0.0 0.004 -0.248 0.979 0.0 -0.07 -0.189 0.799 0.0 -0.131 -0.587 -0.639 0.0 -0.766 0.065 -0.992 -0.0 0.109 0.056 0.627 0.0 -0.775 0.078 0.992 0.0 0.113 0.058 
-0.637 0.024 -0.036 -0.769 -0.707 -0.0 -0.699 0.107 -0.969 -0.0 0.003 -0.248 0.98 0.0 -0.071 -0.187 0.798 -0.0 -0.123 -0.589 -0.639 -0.0 -0.766 0.065 -0.992 -0.0 0.109 0.057 0.627 0.0 -0.775 0.078 0.992 -0.0 0.113 0.059 
-0.637 0.024 -0.036 -0.769 -0.707 -0.0 -0.699 0.107 -0.969 0.0 0.003 -0.248 0.98 0.0 -0.072 -0.185 0.797 -0.0 -0.115 -0.592 -0.639 -0.0 -0.766 0.065 -0.993 0.0 0.108 0.057 0.627 0.0 -0.775 0.078 0.992 -0.0 0.113 0.058 
-0.637 0.024 -0.036 -0.769 -0.707 0.0 -0.699 0.107 -0.969 -0.0 0.003 -0.248 0.98 -0.0 -0.073 -0.183 0.796 0.0 -0.106 -0.596 -0.639 -0.0 -0.766 0.065 -0.993 -0.0 0.108 0.057 0.627 0.0 -0.775 0.078 0.992 -0.0 0.113 0.058 
-0.637 0.024 -0.036 -0.769 -0.707 -0.0 -0.699 0.107 -0.969 -0.0 0.003 -0.248 0.981 0.0 -0.074 -0.182 0.795 0.0 -0.096 -0.599 -0.639 -0.0 -0.766 0.065 -0.992 -0.0 0.109 0.056 0.627 0.0 -0.775 0.078 0.992 0.0 0.113 0.058 
-0.638 0.024 -0.036 -0.769 -0.707 -0.0 -0.699 0.107 -0.969 0.0 0.003 -0.248 0.981 -0.0 -0.075 -0.18 0.794 -0.0 -0.087 -0.602 -0.639 0.0 -0.766 0.065 -0.992 -0.0 0.109 0.056 0.627 0.0 -0.775 0.078 0.992 0.0 0.113 0.058 
-0.638 0.024 -0.036 -0.769 -0.707 -0.0 -0.699 0.107 -0.969 -0.0 0.003 -0.248 0.981 0.0 -0.077 -0.178 0.793 0.0 -0.076 -0.605 -0.639 0.0 -0.766 0.065 -0.993 -0.0 0.108 0.057 0.627 0.0 -0.775 0.078 0.992 0.0 0.113 0.058 
-0.638 0.024 -0.036 -0.769 -0.707 -0.0 -0.699 0.107 -0.969 -0.0 0.003 -0.248 0.981 0.0 -0.078 -0.175 0.791 0.0 -0.065 -0.608 -0.639 0.0 -0.766 0.065 -0.992 -0.0 0.109 0.056 0.627 -0.0 -0.775 0.078 0.992 -0.0 0.113 0.058 
-0.638 0.024 -0.036 -0.769 -0.707 -0.0 -0.699 0.106 -0.969 0.0 0.003 -0.247 0.982 0.0 -0.079 -0.173 0.789 0.0 -0.054 -0.611 -0.639 -0.0 -0.766 0.065 -0.993 -0.0 0.108 0.056 0.627 0.0 -0.775 0.078 0.992 0.0 0.113 0.058 
-0.638 0.024 -0.036 -0.769 -0.707 -0.0 -0.699 0.106 -0.969 -0.0 0.003 -0.247 0.982 0.0 -0.081 -0.171 0.788 0.0 -0.042 -0.614 -0.639 -0.0 -0.766 0.065 -0.993 0.0 0.109 0.056 0.627 -0.0 -0.775 0.078 0.992 0.0 0.113 0.058 
-0.638 0.024 -0.036 -0.769 -0.707 -0.0 -0.699 0.106 -0.969 -0.0 0.003 -0.247 0.982 0.0 -0.082 -0.169 0.786 0.0 -0.029 -0.617 -0.639 -0.0 -0.766 0.065 -0.993 -0.0 0.108 0.056 0.627 -0.0 -0.775 0.079 0.992 0.0 0.113 0.058 
-0.638 0.025 -0.036 -0.769 -0.707 -0.0 -0.699 0.106 -0.969 -0.0 0.004 -0.247 0.982 0.0 -0.084 -0.167 0.784 -0.0 -0.016 -0.62 -0.639 -0.0 -0.766 0.065 -0.993 -0.0 0.108 0.056 0.627 0.0 -0.775 0.079 0.992 0.0 0.113 0.058 
-0.639 0.025 -0.036 -0.768 -0.707 -0.0 -0.699 0.106 -0.969 -0.0 0.003 -0.247 0.983 0.0 -0.085 -0.165 0.783 0.0 -0.003 -0.623 -0.639 0.0 -0.766 0.065 -0.993 -0.0 0.108 0.056 0.627 -0.0 -0.775 0.079 0.992 -0.0 0.113 0.058 
-0.639 0.025 -0.036 -0.768 -0.707 -0.0 -0.699 0.106 -0.969 -0.0 0.004 -0.247 0.983 0.0 -0.086 -0.163 0.781 -0.0 0.012 -0.625 -0.639 -0.0 -0.766 0.065 -0.993 0.0 0.108 0.056 0.627 0.0 -0.775 0.079 0.992 0.0 0.113 0.058 
-0.639 0.025 -0.036 -0.768 -0.707 -0.0 -0.699 0.106 -0.969 -0.0 0.004 -0.247 0.983 0.0 -0.089 -0.161 0.778 0.0 0.026 -0.627 -0.639 -0.0 -0.766 0.065 -0.993 -0.0 0.108 0.056 0.627 0.0 -0.775 0.079 0.992 0.0 0.113 0.058 
-0.639 0.025 -0.036 -0.768 -0.707 -0.0 -0.699 0.106 -0.969 -0.0 0.004 -0.247 0.983 0.0 -0.091 -0.159 0.776 0.0 0.04 -0.629 -0.639 -0.0 -0.766 0.065 -0.993 -0.0 0.108 0.056 0.627 0.0 -0.775 0.079 0.992 0.0 0.113 0.058 
-0.639 0.025 -0.036 -0.768 -0.707 -0.0 -0.699 0.106 -0.969 -0.0 0.004 -0.247 0.983 0.0 -0.093 -0.157 0.775 -0.0 0.056 -0.63 -0.639 -0.0 -0.766 0.065 -0.993 0.0 0.108 0.056 0.627 0.0 -0.775 0.079 0.992 0.0 0.113 0.058 
-0.64 0.025 -0.036 -0.768 -0.707 -0.0 -0.699 0.107 -0.969 -0.0 0.004 -0.247 0.983 -0.0 -0.095 -0.155 0.773 0.0 0.071 -0.631 -0.639 -0.0 -0.766 0.065 -0.992 -0.0 0.109 0.056 0.627 0.0 -0.775 0.08 0.992 -0.0 0.113 0.058 
-0.64 0.025 -0.036 -0.767 -0.707 -0.0 -0.699 0.107 -0.969 -0.0 0.004 -0.248 0.984 0.0 -0.097 -0.153 0.77 -0.0 0.086 -0.632 -0.639 -0.0 -0.766 0.065 -0.993 -0.0 0.109 0.056 0.627 0.0 -0.775 0.08 0.992 0.0 0.113 0.058 
-0.64 0.025 -0.036 -0.767 -0.707 -0.0 -0.699 0.107 -0.969 -0.0 0.004 -0.248 0.984 -0.0 -0.098 -0.151 0.768 0.0 0.101 -0.633 -0.639 -0.0 -0.766 0.065 -0.993 -0.0 0.109 0.056 0.627 0.0 -0.775 0.08 0.992 0.0 0.113 0.058 
-0.64 0.025 -0.036 -0.767 -0.707 0.0 -0.699 0.107 -0.969 -0.0 0.004 -0.248 0.984 0.0 -0.1 -0.149 0.765 0.0 0.117 -0.633 -0.639 0.0 -0.766 0.065 -0.993 -0.0 0.109 0.056 0.627 0.0 -0.775 0.08 0.992 0.0 0.113 0.058 
-0.641 0.025 -0.036 -0.767 -0.707 -0.0 -0.699 0.107 -0.969 -0.0 0.004 -0.248 0.984 0.0 -0.102 -0.148 0.764 0.0 0.133 -0.632 -0.639 -0.0 -0.766 0.066 -0.993 -0.0 0.109 0.056 0.627 -0.0 -0.775 0.081 0.992 0.0 0.113 0.058 
-0.641 0.025 -0.036 -0.766 -0.707 -0.0 -0.699 0.107 -0.969 -0.0 0.004 -0.248 0.984 0.0 -0.105 -0.146 0.761 0.0 0.15 -0.631 -0.639 -0.0 -0.766 0.066 -0.992 -0.0 0.109 0.056 0.627 -0.0 -0.775 0.081 0.992 -0.0 0.113 0.057 
-0.641 0.025 -0.036 -0.766 -0.707 -0.0 -0.699 0.107 -0.969 -0.0 0.004 -0.248 0.984 0.0 -0.106 -0.145 0.758 0.0 0.166 -0.63 -0.639 0.0 -0.766 0.066 -0.993 -0.0 0.108 0.056 0.627 0.0 -0.775 0.081 0.992 0.0 0.113 0.057 
-0.642 0.025 -0.036 -0.766 -0.707 -0.0 -0.699 0.107 -0.969 -0.0 0.004 -0.248 0.984 0.0 -0.108 -0.143 0.756 0.0 0.182 -0.628 -0.639 -0.0 -0.766 0.066 -0.992 0.0 0.109 0.056 0.627 0.0 -0.774 0.082 0.992 0.0 0.112 0.057 
-0.642 0.025 -0.036 -0.766 -0.707 -0.0 -0.699 0.107 -0.969 -0.0 0.004 -0.248 0.984 0.0 -0.11 -0.142 0.754 0.0 0.198 -0.626 -0.639 -0.0 -0.766 0.066 -0.992 -0.0 0.109 0.056 0.627 0.0 -0.774 0.082 0.992 0.0 0.112 0.057 
-0.642 0.025 -0.036 -0.765 -0.707 -0.0 -0.699 0.108 -0.969 -0.0 0.004 -0.248 0.984 0.0 -0.112 -0.14 0.751 0.0 0.214 -0.624 -0.639 -0.0 -0.766 0.065 -0.993 0.0 0.108 0.056 0.627 -0.0 -0.774 0.082 0.992 0.0 0.112 0.057 
-0.642 0.025 -0.036 -0.765 -0.708 0.0 -0.698 0.108 -0.969 -0.0 0.004 -0.248 0.984 0.0 -0.113 -0.139 0.749 0.0 0.23 -0.621 -0.639 0.0 -0.767 0.066 -0.992 -0.0 0.109 0.056 0.627 0.0 -0.774 0.082 0.992 0.0 0.113 0.057 
-0.643 0.025 -0.036 -0.765 -0.708 -0.0 -0.698 0.108 -0.969 -0.0 0.004 -0.248 0.984 0.0 -0.115 -0.138 0.747 -0.0 0.246 -0.618 -0.639 -0.0 -0.767 0.065 -0.992 -0.0 0.109 0.056 0.627 0.0 -0.774 0.082 0.992 0.0 0.112 0.057 
-0.643 0.026 -0.036 -0.765 -0.707 -0.0 -0.698 0.108 -0.969 -0.0 0.004 -0.249 0.984 0.0 -0.116 -0.137 0.744 0.0 0.261 -0.615 -0.639 -0.0 -0.767 0.065 -0.992 -0.0 0.109 0.056 0.627 0.0 -0.774 0.082 0.992 0.0 0.112 0.057 
-0.643 0.026 -0.036 -0.765 -0.707 0.0 -0.698 0.108 -0.969 -0.0 0.004 -0.248 0.984 -0.0 -0.118 -0.136 0.742 0.0 0.277 -0.611 -0.639 -0.0 -0.767 0.065 -0.992 -0.0 0.109 0.056 0.627 -0.0 -0.774 0.083 0.992 0.0 0.113 0.057 
-0.643 0.026 -0.036 -0.764 -0.707 0.0 -0.698 0.109 -0.969 -0.0 0.004 -0.249 0.984 0.0 -0.119 -0.135 0.739 0.0 0.291 -0.608 -0.639 -0.0 -0.767 0.065 -0.992 -0.0 0.109 0.056 0.627 0.0 -0.774 0.083 0.992 0.0 0.112 0.057 
-0.644 0.026 -0.035 -0.764 -0.707 -0.0 -0.698 0.109 -0.969 -0.0 0.004 -0.249 0.984 0.0 -0.121 -0.134 0.737 0.0 0.307 -0.602 -0.639 -0.0 -0.767 0.065 -0.992 -0.0 0.109 0.056 0.627 0.0 -0.774 0.083 0.992 0.0 0.112 0.057 
-0.644 0.026 -0.035 -0.764 -0.707 0.0 -0.698 0.109 -0.969 -0.0 0.004 -0.249 0.984 0.0 -0.122 -0.133 0.735 -0.0 0.321 -0.597 -0.639 -0.0 -0.767 0.065 -0.992 -0.0 0.109 0.056 0.628 0.0 -0.774 0.084 0.992 0.0 0.112 0.056 
-0.644 0.026 -0.035 -0.763 -0.707 -0.0 -0.698 0.109 -0.969 -0.0 0.004 -0.248 0.983 0.0 -0.124 -0.133 0.733 -0.0 0.338 -0.59 -0.639 -0.0 -0.767 0.065 -0.992 -0.0 0.11 0.056 0.628 0.0 -0.774 0.084 0.992 0.0 0.112 0.057 
-0.645 0.026 -0.035 -0.763 -0.708 -0.0 -0.698 0.109 -0.969 -0.0 0.004 -0.248 0.983 0.0 -0.125 -0.132 0.731 0.0 0.352 -0.585 -0.639 0.0 -0.767 0.065 -0.992 -0.0 0.11 0.056 0.628 0.0 -0.774 0.084 0.992 0.0 0.112 0.056 
-0.645 0.026 -0.035 -0.763 -0.707 -0.0 -0.698 0.109 -0.969 0.0 0.004 -0.248 0.983 0.0 -0.127 -0.132 0.728 0.0 0.367 -0.58 -0.639 -0.0 -0.767 0.065 -0.992 0.0 0.11 0.056 0.628 0.0 -0.774 0.085 0.992 0.0 0.112 0.056 
-0.646 0.026 -0.035 -0.762 -0.707 -0.0 -0.698 0.11 -0.969 -0.0 0.004 -0.248 0.983 0.0 -0.128 -0.131 0.726 0.0 0.382 -0.571 -0.639 -0.0 -0.767 0.065 -0.992 -0.0 0.11 0.056 0.628 0.0 -0.774 0.085 0.992 0.0 0.112 0.055 
-0.646 0.026 -0.035 -0.762 -0.707 -0.0 -0.698 0.11 -0.969 0.0 0.004 -0.248 0.983 0.0 -0.13 -0.131 0.725 0.0 0.396 -0.564 -0.638 0.0 -0.767 0.065 -0.992 -0.0 0.109 0.057 0.628 -0.0 -0.774 0.085 0.992 0.0 0.112 0.056 
-0.646 0.026 -0.035 -0.762 -0.707 -0.0 -0.698 0.11 -0.969 -0.0 0.004 -0.248 0.983 0.0 -0.131 -0.131 0.721 0.0 0.41 -0.558 -0.638 0.0 -0.767 0.065 -0.992 0.0 0.11 0.056 0.628 0.0 -0.774 0.086 0.992 0.0 0.112 0.055 
-0.647 0.026 -0.035 -0.761 -0.707 -0.0 -0.698 0.11 -0.969 -0.0 0.004 -0.248 0.983 0.0 -0.132 -0.131 0.72 0.0 0.424 -0.549 -0.639 -0.0 -0.767 0.065 -0.992 -0.0 0.11 0.056 0.628 0.0 -0.774 0.086 0.992 0.0 0.112 0.055 
-0.647 0.026 -0.035 -0.761 -0.707 -0.0 -0.698 0.11 -0.969 -0.0 0.004 -0.247 0.982 0.0 -0.133 -0.131 0.718 0.0 0.437 -0.541 -0.639 -0.0 -0.767 0.065 -0.992 -0.0 0.11 0.056 0.628 0.0 -0.774 0.087 0.992 0.0 0.112 0.055 
-0.648 0.026 -0.035 -0.761 -0.707 -0.0 -0.698 0.11 -0.969 -0.0 0.004 -0.247 0.982 -0.0 -0.134 -0.13 0.716 0.0 0.45 -0.533 -0.639 -0.0 -0.767 0.065 -0.992 -0.0 0.11 0.056 0.628 -0.0 -0.774 0.086 0.992 0.0 0.112 0.055 
-0.648 0.026 -0.035 -0.76 -0.707 -0.0 -0.698 0.11 -0.969 -0.0 0.004 -0.247 0.982 -0.0 -0.136 -0.131 0.713 0.0 0.463 -0.527 -0.639 0.0 -0.767 0.065 -0.992 -0.0 0.109 0.056 0.628 0.0 -0.774 0.087 0.992 0.0 0.112 0.055 
-0.648 0.026 -0.035 -0.76 -0.707 -0.0 -0.698 0.11 -0.969 0.0 0.004 -0.247 0.982 0.0 -0.137 -0.131 0.712 0.0 0.476 -0.517 -0.639 -0.0 -0.767 0.065 -0.992 -0.0 0.11 0.056 0.628 0.0 -0.774 0.087 0.992 0.0 0.112 0.055 
-0.648 0.026 -0.035 -0.76 -0.707 -0.0 -0.698 0.11 -0.969 -0.0 0.004 -0.247 0.982 0.0 -0.138 -0.131 0.71 0.0 0.488 -0.508 -0.639 -0.0 -0.767 0.066 -0.992 -0.0 0.11 0.056 0.628 0.0 -0.774 0.087 0.992 0.0 0.112 0.055 
-0.649 0.026 -0.035 -0.76 -0.707 -0.0 -0.698 0.111 -0.969 0.0 0.004 -0.247 0.982 0.0 -0.139 -0.132 0.708 0.0 0.5 -0.499 -0.639 -0.0 -0.767 0.065 -0.992 -0.0 0.109 0.056 0.628 0.0 -0.774 0.087 0.992 0.0 0.112 0.055 
-0.649 0.026 -0.035 -0.76 -0.707 -0.0 -0.698 0.111 -0.969 0.0 0.004 -0.246 0.981 -0.0 -0.14 -0.132 0.704 0.0 0.512 -0.492 -0.639 -0.0 -0.767 0.065 -0.992 -0.0 0.11 0.056 0.628 0.0 -0.774 0.087 0.992 0.0 0.112 0.055 
-0.649 0.027 -0.035 -0.759 -0.707 -0.0 -0.699 0.111 -0.969 -0.0 0.005 -0.246 0.981 0.0 -0.14 -0.132 0.703 0.0 0.524 -0.481 -0.638 -0.0 -0.767 0.065 -0.992 -0.0 0.11 0.056 0.628 0.0 -0.774 0.087 0.992 0.0 0.112 0.055 
-0.65 0.027 -0.035 -0.759 -0.707 -0.0 -0.699 0.111 -0.969 -0.0 0.005 -0.247 0.981 0.0 -0.142 -0.131 0.7 0.0 0.536 -0.472 -0.639 -0.0 -0.767 0.065 -0.992 -0.0 0.11 0.056 0.628 0.0 -0.774 0.088 0.992 0.0 0.112 0.055 
-0.65 0.027 -0.035 -0.758 -0.707 0.0 -0.699 0.111 -0.969 -0.0 0.005 -0.247 0.981 0.0 -0.143 -0.131 0.698 0.0 0.548 -0.462 -0.639 -0.0 -0.767 0.066 -0.992 -0.0 0.11 0.055 0.628 -0.0 -0.773 0.088 0.992 0.0 0.111 0.055 
-0.651 0.027 -0.035 -0.758 -0.707 -0.0 -0.699 0.111 -0.969 -0.0 0.005 -0.247 0.981 0.0 -0.144 -0.132 0.695 0.0 0.56 -0.451 -0.639 -0.0 -0.767 0.066 -0.992 -0.0 0.11 0.055 0.628 0.0 -0.773 0.089 0.992 0.0 0.111 0.055 
-0.651 0.027 -0.035 -0.758 -0.707 -0.0 -0.699 0.111 -0.969 -0.0 0.005 -0.247 0.981 0.0 -0.145 -0.132 0.692 0.0 0.572 -0.441 -0.639 -0.0 -0.767 0.066 -0.992 -0.0 0.109 0.056 0.628 0.0 -0.773 0.089 0.992 0.0 0.111 0.054 
-0.651 0.027 -0.035 -0.758 -0.706 -0.0 -0.699 0.111 -0.969 -0.0 0.005 -0.246 0.98 0.0 -0.147 -0.131 0.688 0.0 0.584 -0.43 -0.639 -0.0 -0.767 0.066 -0.992 -0.0 0.11 0.055 0.628 0.0 -0.773 0.089 0.992 0.0 0.111 0.055 
-0.652 0.027 -0.035 -0.757 -0.706 0.0 -0.699 0.111 -0.969 -0.0 0.005 -0.247 0.98 0.0 -0.149 -0.131 0.685 0.0 0.596 -0.419 -0.639 -0.0 -0.767 0.066 -0.992 0.0 0.11 0.055 0.628 0.0 -0.773 0.089 0.992 0.0 0.111 0.054 
-0.652 0.027 -0.035 -0.757 -0.706 0.0 -0.699 0.111 -0.969 -0.0 0.005 -0.246 0.98 -0.0 -0.15 -0.131 0.682 0.0 0.607 -0.408 -0.638 -0.0 -0.767 0.066 -0.992 -0.0 0.11 0.055 0.628 0.0 -0.773 0.089 0.992 0.0 0.111 0.055 
-0.652 0.027 -0.034 -0.757 -0.706 0.0 -0.699 0.111 -0.969 -0.0 0.005 -0.246 0.98 0.0 -0.151 -0.131 0.679 0.0 0.617 -0.397 -0.638 -0.0 -0.767 0.066 -0.992 -0.0 0.11 0.055 0.628 -0.0 -0.773 0.09 0.992 0.0 0.111 0.054 
-0.653 0.027 -0.034 -0.756 -0.706 -0.0 -0.699 0.111 -0.969 -0.0 0.005 -0.247 0.98 -0.0 -0.153 -0.131 0.676 0.0 0.627 -0.386 -0.639 0.0 -0.767 0.066 -0.992 -0.0 0.11 0.055 0.628 0.0 -0.773 0.09 0.992 0.0 0.111 0.054 
-0.653 0.027 -0.034 -0.756 -0.706 -0.0 -0.7 0.111 -0.969 -0.0 0.005 -0.246 0.979 0.0 -0.154 -0.131 0.673 0.0 0.637 -0.375 -0.638 -0.0 -0.767 0.066 -0.992 -0.0 0.11 0.055 0.628 0.0 -0.773 0.09 0.992 0.0 0.111 0.054 
-0.653 0.027 -0.034 -0.756 -0.706 0.0 -0.7 0.111 -0.969 -0.0 0.006 -0.246 0.979 0.0 -0.155 -0.131 0.671 0.0 0.646 -0.364 -0.639 0.0 -0.767 0.066 -0.992 -0.0 0.11 0.055 0.628 0.0 -0.773 0.09 0.992 0.0 0.111 0.054 
-0.654 0.027 -0.034 -0.755 -0.705 -0.0 -0.7 0.111 -0.969 -0.0 0.006 -0.246 0.979 0.0 -0.156 -0.132 0.668 0.0 0.655 -0.352 -0.638 -0.0 -0.767 0.066 -0.992 0.0 0.11 0.055 0.628 0.0 -0.773 0.09 0.992 0.0 0.111 0.054 
-0.654 0.027 -0.034 -0.755 -0.705 -0.0 -0.7 0.111 -0.969 -0.0 0.006 -0.246 0.979 0.0 -0.157 -0.132 0.666 0.0 0.663 -0.341 -0.639 -0.0 -0.767 0.066 -0.992 -0.0 0.11 0.055 0.628 -0.0 -0.773 0.091 0.992 0.0 0.111 0.054 
-0.655 0.028 -0.034 -0.754 -0.705 -0.0 -0.7 0.111 -0.969 -0.0 0.006 -0.246 0.978 0.0 -0.158 -0.133 0.664 0.0 0.672 -0.327 -0.639 0.0 -0.767 0.066 -0.992 -0.0 0.11 0.055 0.628 0.0 -0.773 0.091 0.992 0.0 0.111 0.054 
-0.655 0.028 -0.034 -0.754 -0.705 -0.0 -0.701 0.111 -0.969 -0.0 0.006 -0.247 0.978 -0.0 -0.159 -0.132 0.661 0.0 0.68 -0.317 -0.639 -0.0 -0.767 0.067 -0.992 -0.0 0.11 0.054 0.628 0.0 -0.773 0.092 0.992 0.0 0.111 0.054 
-0.656 0.028 -0.034 -0.754 -0.705 -0.0 -0.701 0.111 -0.969 -0.0 0.006 -0.247 0.978 0.0 -0.16 -0.133 0.658 0.0 0.688 -0.307 -0.639 0.0 -0.767 0.067 -0.992 -0.0 0.11 0.054 0.628 0.0 -0.773 0.093 0.992 0.0 0.111 0.054 
-0.656 0.028 -0.034 -0.753 -0.705 -0.0 -0.701 0.111 -0.969 -0.0 0.006 -0.247 0.978 0.0 -0.162 -0.133 0.656 0.0 0.695 -0.295 -0.639 -0.0 -0.767 0.067 -0.992 -0.0 0.11 0.054 0.628 -0.0 -0.773 0.093 0.992 0.0 0.111 0.054 
-0.657 0.028 -0.034 -0.753 -0.704 -0.0 -0.701 0.111 -0.969 -0.0 0.006 -0.247 0.978 0.0 -0.162 -0.133 0.653 0.0 0.702 -0.284 -0.639 -0.0 -0.767 0.067 -0.992 -0.0 0.11 0.054 0.628 0.0 -0.773 0.093 0.992 0.0 0.111 0.053 
-0.657 0.028 -0.034 -0.752 -0.704 -0.0 -0.701 0.111 -0.969 -0.0 0.006 -0.247 0.978 -0.0 -0.163 -0.133 0.651 0.0 0.708 -0.273 -0.639 -0.0 -0.767 0.067 -0.992 -0.0 0.11 0.054 0.628 0.0 -0.773 0.094 0.992 0.0 0.111 0.053 
-0.658 0.028 -0.034 -0.752 -0.704 -0.0 -0.701 0.111 -0.969 -0.0 0.005 -0.247 0.977 0.0 -0.164 -0.134 0.649 0.0 0.714 -0.26 -0.639 -0.0 -0.767 0.068 -0.992 -0.0 0.11 0.053 0.628 0.0 -0.773 0.094 0.992 0.0 0.111 0.054 
-0.658 0.028 -0.034 -0.752 -0.704 -0.0 -0.701 0.111 -0.969 -0.0 0.005 -0.247 0.977 0.0 -0.165 -0.134 0.647 0.0 0.72 -0.25 -0.639 -0.0 -0.766 0.068 -0.992 -0.0 0.111 0.053 0.628 0.0 -0.773 0.095 0.992 0.0 0.111 0.053 
-0.659 0.028 -0.034 -0.751 -0.704 -0.0 -0.701 0.112 -0.969 -0.0 0.005 -0.247 0.977 0.0 -0.166 -0.135 0.645 0.0 0.726 -0.239 -0.639 -0.0 -0.766 0.068 -0.993 -0.0 0.11 0.053 0.628 -0.0 -0.773 0.095 0.992 0.0 0.111 0.053 
-0.659 0.029 -0.034 -0.751 -0.704 -0.0 -0.702 0.112 -0.969 -0.0 0.005 -0.247 0.977 0.0 -0.167 -0.134 0.643 0.0 0.731 -0.228 -0.639 -0.0 -0.766 0.069 -0.992 -0.0 0.111 0.053 0.628 0.0 -0.773 0.096 0.992 0.0 0.111 0.053 
-0.66 0.029 -0.034 -0.75 -0.704 -0.0 -0.702 0.112 -0.969 -0.0 0.005 -0.246 0.977 -0.0 -0.167 -0.134 0.641 0.0 0.736 -0.218 -0.639 0.0 -0.766 0.069 -0.992 0.0 0.11 0.053 0.628 0.0 -0.772 0.097 0.992 0.0 0.111 0.052 
-0.66 0.029 -0.034 -0.75 -0.704 -0.0 -0.702 0.112 -0.969 -0.0 0.005 -0.246 0.976 -0.0 -0.168 -0.135 0.639 0.0 0.741 -0.207 -0.639 -0.0 -0.766 0.069 -0.993 -0.0 0.11 0.053 0.628 0.0 -0.772 0.097 0.992 0.0 0.11 0.052 
-0.661 0.029 -0.034 -0.749 -0.703 -0.0 -0.702 0.112 -0.969 -0.0 0.005 -0.246 0.976 0.0 -0.169 -0.136 0.637 0.0 0.746 -0.195 -0.639 -0.0 -0.766 0.069 -0.993 0.0 0.11 0.053 0.628 0.0 -0.772 0.097 0.993 0.0 0.11 0.052 
-0.661 0.029 -0.034 -0.749 -0.703 -0.0 -0.702 0.112 -0.969 -0.0 0.005 -0.246 0.976 0.0 -0.17 -0.136 0.635 0.0 0.75 -0.184 -0.639 -0.0 -0.766 0.069 -0.992 -0.0 0.111 0.053 0.628 0.0 -0.772 0.098 0.993 0.0 0.11 0.052 
-0.661 0.029 -0.034 -0.749 -0.703 -0.0 -0.702 0.112 -0.969 -0.0 0.005 -0.246 0.976 0.0 -0.171 -0.135 0.633 -0.0 0.754 -0.175 -0.639 0.0 -0.766 0.069 -0.992 -0.0 0.111 0.053 0.628 0.0 -0.772 0.098 0.993 0.0 0.11 0.052 
-0.662 0.029 -0.034 -0.749 -0.703 0.0 -0.702 0.112 -0.969 -0.0 0.005 -0.246 0.976 0.0 -0.172 -0.135 0.631 -0.0 0.758 -0.165 -0.639 -0.0 -0.766 0.069 -0.992 -0.0 0.111 0.053 0.628 0.0 -0.772 0.098 0.993 0.0 0.11 0.052 
-0.662 0.029 -0.034 -0.748 -0.703 -0.0 -0.702 0.112 -0.969 0.0 0.005 -0.246 0.976 0.0 -0.173 -0.135 0.629 0.0 0.762 -0.156 -0.639 -0.0 -0.766 0.069 -0.992 -0.0 0.111 0.053 0.628 0.0 -0.772 0.098 0.993 0.0 0.11 0.053 
-0.662 0.029 -0.034 -0.748 -0.703 -0.0 -0.702 0.112 -0.969 -0.0 0.005 -0.245 0.975 -0.0 -0.174 -0.135 0.627 0.0 0.765 -0.146 -0.639 -0.0 -0.766 0.069 -0.992 -0.0 0.11 0.053 0.628 -0.0 -0.772 0.099 0.993 0.0 0.11 0.053 
-0.662 0.03 -0.034 -0.748 -0.703 -0.0 -0.703 0.112 -0.969 -0.0 0.005 -0.245 0.975 0.0 -0.175 -0.135 0.623 0.0 0.77 -0.138 -0.639 -0.0 -0.766 0.069 -0.992 -0.0 0.11 0.053 0.628 0.0 -0.772 0.099 0.993 0.0 0.11 0.053 
-0.663 0.03 -0.034 -0.748 -0.703 -0.0 -0.703 0.112 -0.969 -0.0 0.005 -0.245 0.975 0.0 -0.176 -0.135 0.623 0.0 0.772 -0.128 -0.639 0.0 -0.766 0.069 -0.992 -0.0 0.111 0.053 0.628 -0.0 -0.772 0.099 0.993 0.0 0.11 0.053 
-0.663 0.03 -0.034 -0.747 -0.703 -0.0 -0.703 0.112 -0.97 0.0 0.005 -0.245 0.975 0.0 -0.177 -0.135 0.621 0.0 0.774 -0.12 -0.639 -0.0 -0.766 0.07 -0.992 -0.0 0.11 0.053 0.628 0.0 -0.772 0.1 0.993 -0.0 0.11 0.053 
-0.663 0.03 -0.034 -0.747 -0.702 -0.0 -0.703 0.112 -0.969 -0.0 0.005 -0.245 0.975 -0.0 -0.178 -0.135 0.62 0.0 0.777 -0.113 -0.639 0.0 -0.766 0.07 -0.992 -0.0 0.11 0.053 0.628 0.0 -0.772 0.1 0.992 0.0 0.11 0.053 
-0.663 0.03 -0.034 -0.747 -0.702 -0.0 -0.703 0.112 -0.969 -0.0 0.005 -0.245 0.975 0.0 -0.179 -0.135 0.618 -0.0 0.779 -0.105 -0.639 -0.0 -0.766 0.07 -0.992 -0.0 0.111 0.053 0.628 0.0 -0.772 0.1 0.992 0.0 0.11 0.053 
-0.664 0.03 -0.034 -0.747 -0.702 -0.0 -0.703 0.112 -0.969 -0.0 0.005 -0.245 0.974 0.0 -0.18 -0.135 0.616 -0.0 0.782 -0.097 -0.638 -0.0 -0.766 0.07 -0.992 0.0 0.111 0.053 0.628 0.0 -0.772 0.1 0.992 0.0 0.11 0.053 
-0.664 0.03 -0.034 -0.747 -0.702 -0.0 -0.703 0.112 -0.969 0.0 0.005 -0.245 0.974 0.0 -0.181 -0.136 0.614 0.0 0.784 -0.09 -0.639 -0.0 -0.766 0.07 -0.992 0.0 0.111 0.053 0.628 0.0 -0.772 0.101 0.992 0.0 0.11 0.053 
-0.664 0.03 -0.034 -0.747 -0.702 -0.0 -0.703 0.112 -0.97 -0.0 0.006 -0.245 0.974 0.0 -0.182 -0.136 0.612 -0.0 0.786 -0.083 -0.639 -0.0 -0.766 0.07 -0.992 -0.0 0.111 0.054 0.628 0.0 -0.772 0.101 0.992 0.0 0.11 0.053 
-0.664 0.03 -0.034 -0.746 -0.702 -0.0 -0.703 0.112 -0.97 -0.0 0.005 -0.245 0.974 0.0 -0.182 -0.136 0.611 0.0 0.788 -0.077 -0.638 -0.0 -0.766 0.071 -0.992 0.0 0.111 0.054 0.628 0.0 -0.772 0.101 0.992 0.0 0.11 0.053 
-0.664 0.03 -0.034 -0.746 -0.702 -0.0 -0.703 0.113 -0.969 0.0 0.005 -0.246 0.974 -0.0 -0.183 -0.136 0.609 0.0 0.79 -0.071 -0.638 -0.0 -0.766 0.071 -0.992 -0.0 0.111 0.054 0.628 0.0 -0.772 0.101 0.992 0.0 0.111 0.053 
-0.664 0.031 -0.034 -0.746 -0.702 -0.0 -0.703 0.113 -0.969 0.0 0.005 -0.246 0.973 0.0 -0.184 -0.137 0.608 0.0 0.791 -0.066 -0.638 -0.0 -0.766 0.071 -0.992 -0.0 0.11 0.054 0.628 0.0 -0.772 0.102 0.992 -0.0 0.111 0.053 
-0.664 0.031 -0.034 -0.746 -0.702 -0.0 -0.703 0.113 -0.969 -0.0 0.005 -0.246 0.973 0.0 -0.185 -0.137 0.606 0.0 0.793 -0.061 -0.638 -0.0 -0.767 0.071 -0.992 -0.0 0.111 0.054 0.628 0.0 -0.772 0.102 0.992 0.0 0.111 0.053 
-0.664 0.031 -0.035 -0.747 -0.702 -0.0 -0.703 0.113 -0.969 0.0 0.005 -0.246 0.973 0.0 -0.186 -0.137 0.605 0.0 0.794 -0.057 -0.638 0.0 -0.766 0.072 -0.992 -0.0 0.111 0.054 0.628 0.0 -0.772 0.102 0.992 0.0 0.111 0.053 
-0.664 0.031 -0.035 -0.747 -0.702 -0.0 -0.703 0.113 -0.969 -0.0 0.005 -0.245 0.973 -0.0 -0.186 -0.137 0.603 0.0 0.796 -0.053 -0.638 -0.0 -0.767 0.072 -0.992 -0.0 0.112 0.054 0.628 0.0 -0.772 0.102 0.992 0.0 0.111 0.053 
-0.664 0.031 -0.035 -0.747 -0.702 0.0 -0.703 0.113 -0.969 -0.0 0.005 -0.246 0.973 0.0 -0.186 -0.137 0.602 0.0 0.797 -0.05 -0.638 -0.0 -0.766 0.072 -0.992 -0.0 0.111 0.054 0.628 -0.0 -0.771 0.102 0.992 0.0 0.111 0.053 
-0.664 0.031 -0.035 -0.747 -0.702 -0.0 -0.703 0.114 -0.969 0.0 0.006 -0.246 0.973 -0.0 -0.187 -0.138 0.6 0.0 0.799 -0.047 -0.638 0.0 -0.767 0.072 -0.992 -0.0 0.112 0.054 0.628 0.0 -0.771 0.103 0.992 0.0 0.111 0.053 
-0.663 0.031 -0.035 -0.747 -0.702 -0.0 -0.703 0.114 -0.969 -0.0 0.006 -0.246 0.973 0.0 -0.187 -0.138 0.599 0.0 0.8 -0.046 -0.638 0.0 -0.766 0.073 -0.992 0.0 0.111 0.054 0.628 0.0 -0.771 0.103 0.992 0.0 0.111 0.053 
-0.663 0.031 -0.035 -0.747 -0.702 0.0 -0.703 0.114 -0.969 -0.0 0.006 -0.246 0.973 -0.0 -0.187 -0.138 0.598 0.0 0.8 -0.045 -0.638 -0.0 -0.767 0.073 -0.992 -0.0 0.111 0.054 0.628 0.0 -0.771 0.103 0.992 0.0 0.111 0.053 
-0.663 0.031 -0.035 -0.747 -0.702 -0.0 -0.703 0.114 -0.969 -0.0 0.006 -0.246 0.972 0.0 -0.188 -0.138 0.597 0.0 0.801 -0.045 -0.638 -0.0 -0.766 0.073 -0.992 -0.0 0.112 0.054 0.628 0.0 -0.771 0.104 0.992 0.0 0.111 0.053 
-0.663 0.031 -0.035 -0.747 -0.702 -0.0 -0.703 0.114 -0.969 -0.0 0.006 -0.246 0.972 0.0 -0.188 -0.138 0.596 0.0 0.802 -0.045 -0.638 -0.0 -0.766 0.073 -0.992 -0.0 0.112 0.054 0.628 0.0 -0.771 0.104 0.992 0.0 0.111 0.053 
-0.663 0.031 -0.035 -0.747 -0.702 -0.0 -0.703 0.114 -0.969 -0.0 0.006 -0.246 0.972 0.0 -0.188 -0.138 0.595 -0.0 0.802 -0.046 -0.638 -0.0 -0.766 0.074 -0.992 0.0 0.111 0.054 0.628 0.0 -0.771 0.104 0.992 0.0 0.111 0.053 
-0.663 0.032 -0.035 -0.747 -0.702 0.0 -0.703 0.114 -0.969 -0.0 0.006 -0.246 0.972 0.0 -0.188 -0.139 0.595 0.0 0.803 -0.047 -0.638 -0.0 -0.766 0.075 -0.992 -0.0 0.112 0.053 0.628 0.0 -0.771 0.104 0.992 -0.0 0.111 0.053 
-0.663 0.032 -0.035 -0.747 -0.702 -0.0 -0.703 0.115 -0.969 -0.0 0.006 -0.246 0.972 0.0 -0.188 -0.139 0.595 0.0 0.803 -0.048 -0.638 0.0 -0.766 0.075 -0.992 -0.0 0.112 0.053 0.628 0.0 -0.771 0.105 0.992 -0.0 0.111 0.053 
-0.663 0.032 -0.035 -0.747 -0.702 -0.0 -0.703 0.115 -0.969 -0.0 0.006 -0.246 0.972 0.0 -0.188 -0.139 0.595 0.0 0.802 -0.05 -0.638 -0.0 -0.766 0.075 -0.992 -0.0 0.112 0.053 0.628 0.0 -0.771 0.105 0.992 0.0 0.111 0.053 
-0.663 0.032 -0.035 -0.747 -0.702 -0.0 -0.703 0.115 -0.969 -0.0 0.006 -0.246 0.972 0.0 -0.188 -0.138 0.595 -0.0 0.802 -0.052 -0.638 -0.0 -0.766 0.075 -0.992 -0.0 0.112 0.053 0.628 0.0 -0.771 0.105 0.992 0.0 0.111 0.053 
