# T   LUA LFA RUA RFA LT  LS  RT  RS  
-0.649 0.028 -0.065 -0.757 -0.777 -0.0 -0.629 0.014 -0.982 -0.0 -0.07 -0.173 0.836 0.0 -0.4 -0.376 0.359 0.0 0.349 -0.866 -0.703 -0.0 -0.693 0.159 -1.0 -0.0 0.023 0.016 0.675 -0.0 -0.733 0.082 0.996 0.0 0.014 0.087 
-0.65 0.028 -0.066 -0.756 -0.778 -0.0 -0.629 0.014 -0.982 -0.0 -0.071 -0.174 0.837 0.0 -0.402 -0.373 0.357 0.0 0.359 -0.862 -0.704 -0.0 -0.693 0.159 -1.0 -0.0 0.023 0.016 0.675 0.0 -0.733 0.083 0.996 -0.0 0.014 0.087 
-0.651 0.028 -0.066 -0.756 -0.777 -0.0 -0.629 0.014 -0.982 0.0 -0.071 -0.174 0.837 0.0 -0.402 -0.37 0.356 0.0 0.368 -0.859 -0.704 0.0 -0.692 0.159 -1.0 0.0 0.023 0.016 0.675 0.0 -0.733 0.083 0.996 0.0 0.014 0.087 
-0.651 0.028 -0.065 -0.756 -0.777 -0.0 -0.629 0.014 -0.982 -0.0 -0.071 -0.175 0.838 0.0 -0.403 -0.368 0.355 -0.0 0.377 -0.856 -0.703 0.0 -0.693 0.158 -1.0 -0.0 0.022 0.016 0.675 0.0 -0.733 0.082 0.996 0.0 0.014 0.088 
-0.652 0.028 -0.066 -0.755 -0.777 0.0 -0.629 0.014 -0.982 -0.0 -0.071 -0.175 0.839 0.0 -0.404 -0.366 0.354 0.0 0.386 -0.852 -0.704 -0.0 -0.692 0.159 -1.0 -0.0 0.022 0.015 0.675 0.0 -0.733 0.083 0.996 0.0 0.014 0.088 
-0.652 0.029 -0.065 -0.755 -0.777 -0.0 -0.63 0.014 -0.982 0.0 -0.071 -0.175 0.839 -0.0 -0.405 -0.364 0.352 0.0 0.394 -0.849 -0.704 -0.0 -0.693 0.158 -1.0 -0.0 0.022 0.016 0.675 0.0 -0.733 0.082 0.996 0.0 0.015 0.089 
-0.652 0.029 -0.066 -0.754 -0.777 -0.0 -0.63 0.014 -0.982 -0.0 -0.072 -0.176 0.839 0.0 -0.406 -0.362 0.352 0.0 0.401 -0.846 -0.704 0.0 -0.692 0.159 -1.0 -0.0 0.022 0.015 0.675 0.0 -0.733 0.084 0.996 0.0 0.014 0.088 
-0.653 0.029 -0.066 -0.754 -0.776 -0.0 -0.63 0.014 -0.982 -0.0 -0.072 -0.176 0.839 -0.0 -0.407 -0.361 0.351 0.0 0.406 -0.844 -0.704 -0.0 -0.692 0.159 -1.0 -0.0 0.022 0.015 0.675 0.0 -0.733 0.084 0.996 0.0 0.014 0.088 
-0.653 0.029 -0.066 -0.754 -0.776 0.0 -0.63 0.014 -0.982 -0.0 -0.073 -0.176 0.84 0.0 -0.407 -0.359 0.35 0.0 0.414 -0.84 -0.704 0.0 -0.692 0.159 -1.0 -0.0 0.022 0.015 0.675 0.0 -0.733 0.084 0.996 0.0 0.014 0.088 
-0.653 0.029 -0.065 -0.754 -0.776 -0.0 -0.631 0.014 -0.982 -0.0 -0.073 -0.176 0.84 0.0 -0.407 -0.358 0.35 0.0 0.422 -0.836 -0.704 -0.0 -0.692 0.159 -1.0 -0.0 0.022 0.015 0.675 0.0 -0.733 0.083 0.996 0.0 0.014 0.089 
-0.653 0.029 -0.065 -0.754 -0.776 -0.0 -0.631 0.014 -0.982 -0.0 -0.073 -0.176 0.841 0.0 -0.407 -0.357 0.35 0.0 0.427 -0.834 -0.704 -0.0 -0.692 0.159 -1.0 -0.0 0.021 0.014 0.675 -0.0 -0.733 0.084 0.996 0.0 0.015 0.088 
-0.654 0.029 -0.065 -0.753 -0.776 -0.0 -0.631 0.014 -0.982 -0.0 -0.074 -0.176 0.841 -0.0 -0.407 -0.357 0.35 0.0 0.432 -0.831 -0.704 -0.0 -0.692 0.158 -1.0 -0.0 0.021 0.014 0.675 0.0 -0.733 0.083 0.996 0.0 0.015 0.089 
-0.654 0.029 -0.065 -0.753 -0.775 -0.0 -0.631 0.014 -0.982 -0.0 -0.074 -0.175 0.841 -0.0 -0.407 -0.357 0.35 -0.0 0.435 -0.83 -0.704 -0.0 -0.692 0.158 -1.0 -0.0 0.021 0.014 0.675 0.0 -0.733 0.083 0.996 -0.0 0.015 0.089 
-0.654 0.029 -0.065 -0.753 -0.775 -0.0 -0.631 0.014 -0.982 -0.0 -0.074 -0.175 0.841 0.0 -0.406 -0.358 0.35 0.0 0.438 -0.828 -0.704 0.0 -0.692 0.158 -1.0 0.0 0.021 0.015 0.675 0.0 -0.733 0.083 0.996 0.0 0.015 0.089 
-0.654 0.029 -0.065 -0.753 -0.775 -0.0 -0.632 0.014 -0.982 -0.0 -0.074 -0.174 0.841 0.0 -0.406 -0.358 0.35 0.0 0.439 -0.827 -0.704 -0.0 -0.692 0.158 -1.0 -0.0 0.021 0.015 0.675 0.0 -0.733 0.083 0.996 -0.0 0.015 0.089 
-0.654 0.029 -0.065 -0.753 -0.775 -0.0 -0.632 0.014 -0.982 -0.0 -0.074 -0.174 0.841 0.0 -0.405 -0.359 0.351 -0.0 0.44 -0.827 -0.704 -0.0 -0.692 0.157 -1.0 -0.0 0.021 0.015 0.675 0.0 -0.733 0.083 0.996 0.0 0.015 0.089 
-0.654 0.029 -0.065 -0.753 -0.775 -0.0 -0.632 0.014 -0.982 0.0 -0.074 -0.173 0.84 0.0 -0.405 -0.361 0.351 0.0 0.438 -0.827 -0.704 -0.0 -0.693 0.158 -1.0 -0.0 0.021 0.014 0.675 -0.0 -0.733 0.082 0.996 0.0 0.015 0.089 
-0.654 0.029 -0.065 -0.753 -0.775 -0.0 -0.632 0.013 -0.982 -0.0 -0.074 -0.172 0.84 0.0 -0.404 -0.362 0.351 -0.0 0.437 -0.828 -0.704 -0.0 -0.693 0.157 -1.0 -0.0 0.021 0.014 0.675 0.0 -0.733 0.082 0.996 0.0 0.015 0.089 
-0.654 0.028 -0.065 -0.753 -0.775 -0.0 -0.632 0.013 -0.982 0.0 -0.074 -0.171 0.84 0.0 -0.403 -0.364 0.351 0.0 0.435 -0.829 -0.704 -0.0 -0.693 0.157 -1.0 0.0 0.021 0.015 0.675 -0.0 -0.733 0.081 0.996 0.0 0.015 0.089 
-0.654 0.028 -0.065 -0.753 -0.775 -0.0 -0.632 0.013 -0.983 -0.0 -0.074 -0.17 0.839 0.0 -0.402 -0.366 0.352 0.0 0.431 -0.831 -0.704 -0.0 -0.693 0.156 -1.0 -0.0 0.021 0.015 0.675 0.0 -0.733 0.081 0.996 0.0 0.015 0.089 
-0.654 0.028 -0.064 -0.754 -0.774 -0.0 -0.632 0.012 -0.983 -0.0 -0.073 -0.169 0.839 0.0 -0.401 -0.368 0.352 0.0 0.427 -0.833 -0.704 -0.0 -0.693 0.156 -1.0 -0.0 0.021 0.015 0.675 0.0 -0.733 0.081 0.996 0.0 0.015 0.089 
-0.653 0.028 -0.064 -0.754 -0.774 -0.0 -0.633 0.012 -0.983 -0.0 -0.073 -0.168 0.838 0.0 -0.401 -0.37 0.352 -0.0 0.422 -0.835 -0.704 -0.0 -0.693 0.156 -1.0 -0.0 0.021 0.015 0.675 0.0 -0.734 0.08 0.996 -0.0 0.015 0.089 
-0.653 0.028 -0.064 -0.754 -0.774 -0.0 -0.633 0.012 -0.983 -0.0 -0.073 -0.167 0.837 0.0 -0.4 -0.373 0.352 0.0 0.416 -0.838 -0.704 -0.0 -0.693 0.156 -1.0 -0.0 0.021 0.015 0.675 0.0 -0.734 0.08 0.996 0.0 0.015 0.089 
-0.652 0.028 -0.064 -0.755 -0.774 -0.0 -0.633 0.012 -0.983 -0.0 -0.072 -0.167 0.836 0.0 -0.4 -0.376 0.352 0.0 0.406 -0.843 -0.704 -0.0 -0.693 0.156 -1.0 -0.0 0.021 0.015 0.675 0.0 -0.734 0.08 0.996 0.0 0.015 0.089 
-0.652 0.028 -0.064 -0.755 -0.774 -0.0 -0.633 0.011 -0.984 -0.0 -0.072 -0.166 0.836 0.0 -0.398 -0.378 0.352 0.0 0.402 -0.845 -0.704 -0.0 -0.693 0.156 -1.0 -0.0 0.021 0.015 0.675 0.0 -0.734 0.079 0.996 0.0 0.015 0.089 
-0.651 0.028 -0.064 -0.756 -0.774 -0.0 -0.633 0.011 -0.984 -0.0 -0.071 -0.165 0.835 -0.0 -0.396 -0.381 0.352 0.0 0.397 -0.848 -0.704 -0.0 -0.693 0.156 -1.0 -0.0 0.021 0.015 0.675 0.0 -0.734 0.079 0.996 0.0 0.015 0.089 
-0.651 0.028 -0.064 -0.756 -0.774 -0.0 -0.633 0.011 -0.984 0.0 -0.071 -0.164 0.835 0.0 -0.395 -0.384 0.353 0.0 0.389 -0.851 -0.704 -0.0 -0.693 0.156 -1.0 -0.0 0.021 0.015 0.675 0.0 -0.734 0.078 0.996 0.0 0.014 0.089 
-0.65 0.027 -0.064 -0.756 -0.774 -0.0 -0.633 0.012 -0.984 -0.0 -0.07 -0.164 0.834 0.0 -0.394 -0.387 0.353 0.0 0.38 -0.855 -0.704 -0.0 -0.693 0.155 -1.0 -0.0 0.021 0.015 0.675 0.0 -0.734 0.078 0.996 0.0 0.014 0.088 
-0.65 0.027 -0.064 -0.757 -0.774 -0.0 -0.633 0.012 -0.984 -0.0 -0.07 -0.164 0.833 0.0 -0.393 -0.39 0.354 0.0 0.371 -0.859 -0.704 -0.0 -0.693 0.155 -1.0 -0.0 0.021 0.016 0.675 0.0 -0.734 0.077 0.996 0.0 0.014 0.088 
-0.65 0.027 -0.064 -0.757 -0.774 -0.0 -0.633 0.012 -0.984 -0.0 -0.069 -0.163 0.832 0.0 -0.392 -0.393 0.354 -0.0 0.361 -0.863 -0.704 -0.0 -0.693 0.155 -1.0 -0.0 0.021 0.016 0.675 0.0 -0.733 0.077 0.996 0.0 0.014 0.088 
-0.649 0.027 -0.064 -0.757 -0.774 -0.0 -0.633 0.012 -0.984 -0.0 -0.069 -0.163 0.831 -0.0 -0.391 -0.396 0.355 0.0 0.35 -0.867 -0.704 0.0 -0.693 0.155 -1.0 -0.0 0.021 0.016 0.675 0.0 -0.733 0.077 0.996 0.0 0.013 0.088 
-0.649 0.027 -0.064 -0.758 -0.774 -0.0 -0.633 0.011 -0.984 -0.0 -0.069 -0.163 0.83 0.0 -0.39 -0.399 0.356 0.0 0.339 -0.871 -0.704 -0.0 -0.693 0.154 -1.0 -0.0 0.021 0.016 0.676 -0.0 -0.733 0.076 0.996 -0.0 0.013 0.088 
-0.648 0.027 -0.064 -0.758 -0.774 -0.0 -0.633 0.011 -0.984 0.0 -0.068 -0.163 0.83 0.0 -0.388 -0.401 0.358 0.0 0.328 -0.874 -0.704 -0.0 -0.693 0.154 -1.0 -0.0 0.021 0.017 0.676 0.0 -0.733 0.076 0.996 0.0 0.013 0.088 
-0.647 0.027 -0.064 -0.76 -0.774 0.0 -0.633 0.013 -0.984 -0.0 -0.068 -0.163 0.828 0.0 -0.388 -0.405 0.359 -0.0 0.313 -0.879 -0.705 0.0 -0.691 0.158 -1.0 0.0 0.018 0.015 0.676 0.0 -0.733 0.077 0.996 -0.0 0.013 0.087 
-0.648 0.026 -0.064 -0.759 -0.774 -0.0 -0.633 0.012 -0.984 -0.0 -0.068 -0.163 0.828 0.0 -0.386 -0.406 0.361 0.0 0.306 -0.881 -0.704 -0.0 -0.694 0.153 -1.0 -0.0 0.021 0.017 0.676 0.0 -0.733 0.075 0.996 -0.0 0.012 0.087 
-0.646 0.027 -0.064 -0.76 -0.774 -0.0 -0.633 0.013 -0.984 -0.0 -0.068 -0.163 0.827 0.0 -0.386 -0.409 0.363 0.0 0.292 -0.885 -0.705 -0.0 -0.691 0.158 -1.0 -0.0 0.018 0.015 0.676 0.0 -0.733 0.076 0.996 0.0 0.012 0.088 
-0.646 0.027 -0.064 -0.76 -0.774 -0.0 -0.633 0.013 -0.984 -0.0 -0.068 -0.163 0.827 0.0 -0.385 -0.41 0.365 0.0 0.282 -0.888 -0.705 0.0 -0.692 0.157 -1.0 -0.0 0.019 0.015 0.676 0.0 -0.733 0.076 0.996 0.0 0.012 0.087 
-0.645 0.027 -0.064 -0.761 -0.774 -0.0 -0.633 0.013 -0.984 -0.0 -0.067 -0.163 0.826 0.0 -0.385 -0.412 0.366 0.0 0.273 -0.89 -0.705 -0.0 -0.692 0.157 -1.0 -0.0 0.018 0.015 0.676 -0.0 -0.733 0.075 0.996 0.0 0.012 0.088 
-0.645 0.027 -0.064 -0.761 -0.774 -0.0 -0.633 0.013 -0.984 -0.0 -0.068 -0.163 0.826 0.0 -0.384 -0.413 0.367 0.0 0.265 -0.892 -0.705 -0.0 -0.692 0.157 -1.0 -0.0 0.018 0.015 0.677 0.0 -0.732 0.075 0.996 0.0 0.012 0.087 
-0.647 0.026 -0.063 -0.76 -0.775 -0.0 -0.632 0.011 -0.984 -0.0 -0.068 -0.163 0.826 0.0 -0.383 -0.413 0.368 0.0 0.263 -0.892 -0.704 -0.0 -0.694 0.152 -1.0 0.0 0.022 0.017 0.676 -0.0 -0.733 0.073 0.996 0.0 0.012 0.087 
-0.647 0.026 -0.063 -0.76 -0.775 0.0 -0.632 0.011 -0.984 -0.0 -0.068 -0.163 0.827 0.0 -0.383 -0.413 0.368 -0.0 0.257 -0.893 -0.704 -0.0 -0.694 0.152 -1.0 -0.0 0.022 0.017 0.676 0.0 -0.733 0.073 0.996 0.0 0.011 0.087 
-0.647 0.026 -0.063 -0.759 -0.775 -0.0 -0.632 0.01 -0.984 -0.0 -0.068 -0.164 0.827 0.0 -0.383 -0.412 0.368 -0.0 0.254 -0.894 -0.704 -0.0 -0.694 0.152 -1.0 -0.0 0.021 0.017 0.676 0.0 -0.733 0.073 0.996 0.0 0.011 0.087 
-0.647 0.026 -0.063 -0.76 -0.775 0.0 -0.632 0.01 -0.984 -0.0 -0.068 -0.164 0.827 0.0 -0.383 -0.412 0.368 0.0 0.252 -0.895 -0.704 -0.0 -0.694 0.152 -1.0 -0.0 0.021 0.017 0.676 0.0 -0.733 0.073 0.996 0.0 0.011 0.087 
-0.647 0.026 -0.063 -0.759 -0.775 -0.0 -0.632 0.01 -0.984 -0.0 -0.068 -0.165 0.827 0.0 -0.384 -0.41 0.368 0.0 0.253 -0.895 -0.704 -0.0 -0.694 0.152 -1.0 -0.0 0.021 0.017 0.676 -0.0 -0.733 0.073 0.996 0.0 0.011 0.087 
-0.647 0.026 -0.063 -0.759 -0.775 0.0 -0.632 0.01 -0.984 0.0 -0.067 -0.166 0.827 -0.0 -0.385 -0.409 0.367 0.0 0.255 -0.895 -0.704 -0.0 -0.694 0.152 -1.0 -0.0 0.021 0.016 0.676 0.0 -0.733 0.073 0.996 -0.0 0.011 0.087 
-0.648 0.026 -0.063 -0.759 -0.775 -0.0 -0.632 0.009 -0.984 -0.0 -0.067 -0.166 0.828 0.0 -0.386 -0.407 0.366 0.0 0.258 -0.894 -0.704 -0.0 -0.694 0.151 -1.0 -0.0 0.021 0.016 0.676 0.0 -0.733 0.073 0.996 0.0 0.011 0.087 
-0.648 0.026 -0.063 -0.759 -0.775 -0.0 -0.631 0.008 -0.984 -0.0 -0.067 -0.166 0.828 0.0 -0.388 -0.404 0.365 0.0 0.262 -0.893 -0.704 -0.0 -0.694 0.151 -1.0 -0.0 0.021 0.016 0.676 0.0 -0.733 0.073 0.996 0.0 0.011 0.087 
-0.648 0.026 -0.063 -0.758 -0.775 -0.0 -0.631 0.008 -0.984 0.0 -0.067 -0.167 0.829 -0.0 -0.39 -0.402 0.364 0.0 0.269 -0.892 -0.704 0.0 -0.694 0.151 -1.0 -0.0 0.021 0.016 0.676 0.0 -0.733 0.074 0.996 0.0 0.011 0.086 
-0.649 0.026 -0.063 -0.758 -0.775 -0.0 -0.631 0.007 -0.984 0.0 -0.067 -0.167 0.829 0.0 -0.391 -0.399 0.363 0.0 0.276 -0.89 -0.704 0.0 -0.694 0.151 -1.0 -0.0 0.021 0.017 0.676 0.0 -0.733 0.073 0.996 0.0 0.011 0.087 
-0.649 0.026 -0.062 -0.758 -0.775 -0.0 -0.632 0.007 -0.984 -0.0 -0.066 -0.168 0.83 0.0 -0.393 -0.397 0.362 -0.0 0.284 -0.888 -0.704 -0.0 -0.695 0.15 -1.0 -0.0 0.021 0.017 0.676 0.0 -0.733 0.072 0.996 -0.0 0.011 0.088 
-0.65 0.026 -0.063 -0.757 -0.775 -0.0 -0.631 0.007 -0.983 -0.0 -0.066 -0.169 0.83 0.0 -0.395 -0.393 0.362 0.0 0.293 -0.885 -0.704 0.0 -0.694 0.15 -1.0 -0.0 0.021 0.016 0.676 0.0 -0.733 0.074 0.996 -0.0 0.011 0.087 
-0.65 0.026 -0.063 -0.757 -0.775 0.0 -0.632 0.007 -0.983 -0.0 -0.066 -0.17 0.831 0.0 -0.397 -0.39 0.361 0.0 0.302 -0.882 -0.704 0.0 -0.694 0.15 -1.0 -0.0 0.021 0.016 0.676 0.0 -0.733 0.074 0.996 0.0 0.011 0.087 
-0.651 0.026 -0.063 -0.756 -0.775 -0.0 -0.632 0.007 -0.983 -0.0 -0.066 -0.171 0.831 0.0 -0.399 -0.387 0.36 0.0 0.312 -0.879 -0.704 -0.0 -0.694 0.15 -1.0 -0.0 0.021 0.016 0.676 0.0 -0.733 0.074 0.996 0.0 0.011 0.087 
-0.652 0.026 -0.063 -0.755 -0.775 -0.0 -0.632 0.008 -0.983 -0.0 -0.066 -0.172 0.832 0.0 -0.401 -0.384 0.359 0.0 0.321 -0.876 -0.704 -0.0 -0.694 0.15 -1.0 -0.0 0.021 0.016 0.676 0.0 -0.733 0.075 0.996 0.0 0.011 0.087 
-0.652 0.026 -0.063 -0.755 -0.775 -0.0 -0.632 0.008 -0.983 -0.0 -0.067 -0.172 0.832 0.0 -0.403 -0.382 0.358 0.0 0.331 -0.873 -0.704 -0.0 -0.694 0.15 -1.0 -0.0 0.021 0.016 0.676 0.0 -0.733 0.075 0.996 0.0 0.011 0.087 
-0.653 0.026 -0.063 -0.755 -0.775 -0.0 -0.632 0.008 -0.983 -0.0 -0.067 -0.173 0.832 0.0 -0.405 -0.379 0.358 0.0 0.341 -0.869 -0.704 -0.0 -0.694 0.149 -1.0 0.0 0.021 0.016 0.676 0.0 -0.733 0.075 0.996 0.0 0.011 0.087 
-0.653 0.026 -0.063 -0.754 -0.775 -0.0 -0.632 0.008 -0.983 0.0 -0.067 -0.173 0.833 0.0 -0.406 -0.376 0.357 -0.0 0.352 -0.865 -0.704 0.0 -0.694 0.149 -1.0 -0.0 0.02 0.016 0.676 0.0 -0.733 0.075 0.996 0.0 0.011 0.087 
-0.654 0.026 -0.062 -0.753 -0.775 -0.0 -0.632 0.008 -0.982 0.0 -0.068 -0.174 0.833 0.0 -0.408 -0.374 0.356 0.0 0.362 -0.861 -0.704 -0.0 -0.694 0.149 -1.0 0.0 0.02 0.016 0.676 0.0 -0.733 0.075 0.996 0.0 0.011 0.087 
-0.654 0.026 -0.062 -0.753 -0.775 -0.0 -0.632 0.008 -0.982 -0.0 -0.068 -0.174 0.833 0.0 -0.409 -0.372 0.354 0.0 0.373 -0.858 -0.704 -0.0 -0.694 0.148 -1.0 -0.0 0.02 0.016 0.676 0.0 -0.733 0.075 0.996 0.0 0.011 0.087 
-0.655 0.027 -0.062 -0.753 -0.775 -0.0 -0.632 0.008 -0.982 -0.0 -0.068 -0.174 0.833 0.0 -0.411 -0.371 0.354 0.0 0.382 -0.854 -0.704 -0.0 -0.694 0.148 -1.0 -0.0 0.02 0.016 0.676 -0.0 -0.733 0.075 0.996 0.0 0.011 0.087 
-0.655 0.027 -0.062 -0.752 -0.775 -0.0 -0.632 0.008 -0.982 -0.0 -0.069 -0.174 0.833 0.0 -0.412 -0.369 0.352 0.0 0.391 -0.85 -0.705 0.0 -0.694 0.148 -1.0 -0.0 0.019 0.016 0.676 0.0 -0.733 0.075 0.996 -0.0 0.012 0.088 
-0.656 0.027 -0.062 -0.752 -0.775 -0.0 -0.632 0.009 -0.982 -0.0 -0.069 -0.174 0.833 0.0 -0.413 -0.368 0.351 0.0 0.399 -0.847 -0.704 -0.0 -0.694 0.148 -1.0 -0.0 0.019 0.016 0.676 0.0 -0.733 0.075 0.996 0.0 0.012 0.088 
-0.656 0.027 -0.062 -0.752 -0.775 -0.0 -0.632 0.009 -0.982 -0.0 -0.07 -0.174 0.832 0.0 -0.414 -0.368 0.351 -0.0 0.406 -0.844 -0.705 -0.0 -0.694 0.147 -1.0 -0.0 0.019 0.016 0.676 0.0 -0.733 0.075 0.996 0.0 0.012 0.088 
-0.656 0.027 -0.062 -0.752 -0.775 -0.0 -0.632 0.009 -0.982 -0.0 -0.07 -0.174 0.832 0.0 -0.415 -0.368 0.35 0.0 0.411 -0.842 -0.705 0.0 -0.694 0.147 -1.0 0.0 0.019 0.016 0.676 -0.0 -0.733 0.074 0.996 0.0 0.012 0.088 
-0.656 0.027 -0.062 -0.752 -0.775 0.0 -0.632 0.009 -0.982 -0.0 -0.07 -0.174 0.831 0.0 -0.416 -0.368 0.35 0.0 0.414 -0.84 -0.705 -0.0 -0.694 0.147 -1.0 -0.0 0.018 0.016 0.676 -0.0 -0.733 0.074 0.996 0.0 0.012 0.089 
-0.656 0.027 -0.061 -0.751 -0.775 -0.0 -0.632 0.009 -0.982 -0.0 -0.071 -0.173 0.831 0.0 -0.416 -0.369 0.35 0.0 0.416 -0.839 -0.705 -0.0 -0.694 0.147 -1.0 -0.0 0.018 0.016 0.676 0.0 -0.733 0.074 0.996 0.0 0.012 0.089 
-0.656 0.027 -0.061 -0.751 -0.775 -0.0 -0.632 0.009 -0.982 -0.0 -0.071 -0.173 0.831 0.0 -0.416 -0.37 0.35 0.0 0.418 -0.838 -0.705 -0.0 -0.694 0.146 -1.0 -0.0 0.018 0.016 0.676 0.0 -0.733 0.073 0.996 -0.0 0.013 0.089 
-0.656 0.027 -0.061 -0.751 -0.775 -0.0 -0.632 0.01 -0.982 0.0 -0.071 -0.172 0.83 0.0 -0.415 -0.371 0.35 0.0 0.418 -0.838 -0.705 -0.0 -0.694 0.146 -1.0 -0.0 0.018 0.017 0.676 0.0 -0.733 0.073 0.996 0.0 0.013 0.089 
-0.656 0.026 -0.061 -0.751 -0.775 -0.0 -0.632 0.009 -0.983 -0.0 -0.071 -0.171 0.83 0.0 -0.414 -0.373 0.351 -0.0 0.418 -0.838 -0.705 -0.0 -0.694 0.146 -1.0 -0.0 0.017 0.017 0.676 0.0 -0.733 0.073 0.996 0.0 0.013 0.089 
-0.656 0.026 -0.061 -0.752 -0.775 -0.0 -0.632 0.009 -0.983 -0.0 -0.071 -0.171 0.83 0.0 -0.413 -0.375 0.351 0.0 0.417 -0.839 -0.705 0.0 -0.694 0.146 -1.0 -0.0 0.017 0.017 0.676 0.0 -0.733 0.072 0.996 0.0 0.013 0.09 
-0.656 0.026 -0.061 -0.752 -0.775 -0.0 -0.632 0.009 -0.983 -0.0 -0.071 -0.17 0.83 0.0 -0.411 -0.377 0.351 0.0 0.414 -0.84 -0.705 -0.0 -0.694 0.145 -1.0 -0.0 0.017 0.017 0.676 0.0 -0.733 0.072 0.996 0.0 0.013 0.09 
-0.656 0.026 -0.061 -0.752 -0.775 -0.0 -0.632 0.009 -0.983 -0.0 -0.071 -0.169 0.83 0.0 -0.41 -0.379 0.352 0.0 0.41 -0.842 -0.705 -0.0 -0.694 0.145 -1.0 -0.0 0.016 0.017 0.676 0.0 -0.733 0.072 0.996 0.0 0.013 0.09 
-0.655 0.026 -0.061 -0.752 -0.775 -0.0 -0.632 0.009 -0.983 -0.0 -0.071 -0.167 0.829 0.0 -0.408 -0.382 0.352 0.0 0.404 -0.844 -0.705 0.0 -0.694 0.145 -1.0 -0.0 0.016 0.017 0.676 0.0 -0.733 0.071 0.996 0.0 0.013 0.09 
-0.655 0.026 -0.061 -0.753 -0.775 -0.0 -0.632 0.009 -0.984 -0.0 -0.07 -0.166 0.828 0.0 -0.406 -0.385 0.353 0.0 0.398 -0.847 -0.705 -0.0 -0.694 0.145 -1.0 0.0 0.016 0.017 0.676 0.0 -0.733 0.071 0.996 0.0 0.013 0.09 
-0.655 0.026 -0.061 -0.753 -0.775 -0.0 -0.632 0.009 -0.984 0.0 -0.069 -0.165 0.828 0.0 -0.405 -0.388 0.354 -0.0 0.39 -0.85 -0.705 -0.0 -0.694 0.146 -1.0 -0.0 0.016 0.017 0.676 0.0 -0.733 0.071 0.996 0.0 0.013 0.09 
-0.654 0.026 -0.061 -0.754 -0.774 0.0 -0.633 0.009 -0.984 -0.0 -0.069 -0.164 0.827 0.0 -0.403 -0.391 0.354 0.0 0.381 -0.854 -0.705 -0.0 -0.694 0.146 -1.0 -0.0 0.016 0.017 0.676 0.0 -0.733 0.07 0.996 0.0 0.013 0.09 
-0.654 0.026 -0.061 -0.754 -0.775 -0.0 -0.632 0.009 -0.984 -0.0 -0.069 -0.163 0.827 0.0 -0.401 -0.394 0.355 0.0 0.372 -0.858 -0.705 -0.0 -0.694 0.146 -1.0 -0.0 0.017 0.017 0.676 -0.0 -0.733 0.07 0.996 -0.0 0.013 0.089 
-0.653 0.026 -0.061 -0.754 -0.774 -0.0 -0.633 0.009 -0.984 0.0 -0.068 -0.163 0.826 0.0 -0.4 -0.398 0.356 -0.0 0.362 -0.861 -0.705 0.0 -0.694 0.146 -1.0 -0.0 0.017 0.018 0.676 0.0 -0.733 0.07 0.996 0.0 0.012 0.089 
-0.651 0.027 -0.061 -0.756 -0.774 -0.0 -0.633 0.011 -0.984 0.0 -0.067 -0.163 0.825 0.0 -0.399 -0.402 0.357 0.0 0.349 -0.867 -0.706 -0.0 -0.692 0.15 -1.0 -0.0 0.014 0.015 0.677 0.0 -0.733 0.071 0.996 -0.0 0.013 0.089 
-0.65 0.026 -0.061 -0.757 -0.774 0.0 -0.633 0.011 -0.984 -0.0 -0.067 -0.163 0.824 0.0 -0.397 -0.404 0.358 0.0 0.339 -0.87 -0.706 -0.0 -0.692 0.15 -1.0 -0.0 0.014 0.016 0.677 0.0 -0.732 0.071 0.996 -0.0 0.013 0.089 
-0.65 0.026 -0.061 -0.757 -0.774 -0.0 -0.633 0.011 -0.984 -0.0 -0.067 -0.162 0.823 0.0 -0.395 -0.407 0.359 -0.0 0.328 -0.874 -0.706 -0.0 -0.692 0.15 -1.0 -0.0 0.014 0.016 0.677 -0.0 -0.732 0.071 0.996 0.0 0.012 0.089 
-0.65 0.026 -0.061 -0.757 -0.774 0.0 -0.633 0.011 -0.985 0.0 -0.066 -0.162 0.823 0.0 -0.393 -0.41 0.36 0.0 0.318 -0.877 -0.706 -0.0 -0.693 0.15 -1.0 -0.0 0.015 0.016 0.677 -0.0 -0.732 0.07 0.996 0.0 0.012 0.089 
-0.649 0.026 -0.061 -0.758 -0.774 -0.0 -0.633 0.011 -0.985 -0.0 -0.066 -0.162 0.823 0.0 -0.391 -0.413 0.361 0.0 0.309 -0.88 -0.705 -0.0 -0.693 0.15 -1.0 -0.0 0.015 0.016 0.678 -0.0 -0.732 0.07 0.996 0.0 0.011 0.089 
-0.649 0.026 -0.061 -0.758 -0.774 -0.0 -0.633 0.011 -0.985 0.0 -0.065 -0.161 0.822 0.0 -0.39 -0.415 0.362 -0.0 0.3 -0.883 -0.705 -0.0 -0.693 0.15 -1.0 0.0 0.015 0.016 0.678 0.0 -0.732 0.07 0.996 0.0 0.011 0.089 
-0.649 0.026 -0.061 -0.758 -0.774 0.0 -0.633 0.011 -0.985 0.0 -0.065 -0.161 0.822 -0.0 -0.389 -0.417 0.363 0.0 0.292 -0.885 -0.705 -0.0 -0.693 0.15 -1.0 -0.0 0.016 0.017 0.678 0.0 -0.732 0.07 0.996 0.0 0.011 0.089 
-0.648 0.026 -0.061 -0.758 -0.774 -0.0 -0.633 0.011 -0.985 0.0 -0.065 -0.161 0.821 0.0 -0.388 -0.419 0.364 0.0 0.285 -0.887 -0.705 -0.0 -0.693 0.151 -1.0 0.0 0.016 0.016 0.678 0.0 -0.732 0.07 0.996 0.0 0.011 0.089 
-0.648 0.026 -0.061 -0.759 -0.774 -0.0 -0.633 0.011 -0.985 -0.0 -0.064 -0.162 0.821 0.0 -0.387 -0.42 0.365 0.0 0.279 -0.888 -0.705 -0.0 -0.693 0.151 -1.0 -0.0 0.016 0.017 0.678 0.0 -0.732 0.07 0.996 0.0 0.01 0.089 
-0.648 0.026 -0.061 -0.759 -0.774 -0.0 -0.633 0.011 -0.985 0.0 -0.064 -0.162 0.821 0.0 -0.386 -0.421 0.365 0.0 0.274 -0.89 -0.705 -0.0 -0.693 0.15 -1.0 -0.0 0.016 0.017 0.678 0.0 -0.732 0.07 0.996 0.0 0.01 0.089 
-0.648 0.026 -0.061 -0.759 -0.774 -0.0 -0.633 0.011 -0.985 -0.0 -0.064 -0.162 0.821 0.0 -0.386 -0.421 0.365 0.0 0.27 -0.891 -0.705 -0.0 -0.693 0.15 -1.0 -0.0 0.016 0.017 0.678 0.0 -0.731 0.07 0.996 -0.0 0.01 0.089 
-0.648 0.026 -0.061 -0.759 -0.774 -0.0 -0.633 0.011 -0.985 -0.0 -0.064 -0.163 0.821 0.0 -0.386 -0.421 0.365 -0.0 0.268 -0.892 -0.705 -0.0 -0.693 0.15 -1.0 -0.0 0.016 0.017 0.678 0.0 -0.731 0.07 0.996 0.0 0.01 0.089 
-0.648 0.026 -0.061 -0.759 -0.774 0.0 -0.633 0.011 -0.985 0.0 -0.064 -0.163 0.821 0.0 -0.386 -0.421 0.365 -0.0 0.267 -0.892 -0.705 0.0 -0.693 0.151 -1.0 -0.0 0.016 0.017 0.678 0.0 -0.731 0.071 0.996 0.0 0.01 0.089 
-0.648 0.026 -0.061 -0.759 -0.774 -0.0 -0.633 0.011 -0.985 -0.0 -0.063 -0.163 0.821 0.0 -0.386 -0.42 0.365 0.0 0.267 -0.892 -0.705 -0.0 -0.693 0.151 -1.0 -0.0 0.016 0.017 0.678 0.0 -0.731 0.071 0.996 -0.0 0.01 0.089 
-0.648 0.026 -0.061 -0.759 -0.774 -0.0 -0.633 0.011 -0.984 0.0 -0.063 -0.164 0.821 0.0 -0.387 -0.419 0.364 0.0 0.268 -0.892 -0.705 -0.0 -0.693 0.151 -1.0 -0.0 0.016 0.017 0.678 -0.0 -0.731 0.071 0.996 0.0 0.01 0.089 
-0.65 0.025 -0.061 -0.757 -0.774 -0.0 -0.633 0.01 -0.984 0.0 -0.064 -0.164 0.822 0.0 -0.387 -0.417 0.364 -0.0 0.273 -0.89 -0.703 -0.0 -0.695 0.147 -1.0 -0.0 0.019 0.019 0.678 0.0 -0.732 0.07 0.996 0.0 0.01 0.089 
-0.65 0.025 -0.061 -0.757 -0.774 0.0 -0.633 0.01 -0.984 0.0 -0.064 -0.164 0.823 0.0 -0.388 -0.415 0.363 0.0 0.277 -0.89 -0.704 -0.0 -0.695 0.147 -1.0 -0.0 0.019 0.019 0.678 0.0 -0.732 0.07 0.996 0.0 0.01 0.089 
-0.651 0.026 -0.061 -0.756 -0.774 0.0 -0.633 0.009 -0.984 -0.0 -0.064 -0.165 0.823 0.0 -0.389 -0.413 0.363 -0.0 0.281 -0.888 -0.704 -0.0 -0.695 0.147 -1.0 -0.0 0.019 0.018 0.678 0.0 -0.732 0.07 0.996 0.0 0.01 0.089 
-0.651 0.026 -0.061 -0.756 -0.774 -0.0 -0.634 0.009 -0.984 -0.0 -0.064 -0.165 0.824 0.0 -0.391 -0.411 0.363 0.0 0.286 -0.887 -0.704 -0.0 -0.695 0.147 -1.0 -0.0 0.019 0.018 0.678 0.0 -0.732 0.071 0.996 -0.0 0.01 0.089 
-0.652 0.026 -0.061 -0.756 -0.774 -0.0 -0.634 0.009 -0.984 -0.0 -0.064 -0.166 0.824 0.0 -0.392 -0.409 0.363 0.0 0.292 -0.885 -0.704 -0.0 -0.695 0.147 -1.0 0.0 0.019 0.018 0.678 0.0 -0.732 0.071 0.996 0.0 0.01 0.089 
-0.652 0.026 -0.061 -0.755 -0.774 -0.0 -0.634 0.009 -0.984 0.0 -0.064 -0.166 0.825 -0.0 -0.394 -0.406 0.363 0.0 0.298 -0.883 -0.704 -0.0 -0.695 0.148 -1.0 -0.0 0.019 0.018 0.678 -0.0 -0.732 0.071 0.996 0.0 0.011 0.089 
-0.653 0.026 -0.061 -0.755 -0.773 0.0 -0.634 0.009 -0.984 -0.0 -0.064 -0.167 0.825 0.0 -0.396 -0.404 0.362 0.0 0.305 -0.881 -0.704 -0.0 -0.695 0.148 -1.0 -0.0 0.019 0.017 0.677 0.0 -0.732 0.072 0.996 0.0 0.011 0.089 
-0.653 0.026 -0.061 -0.754 -0.773 -0.0 -0.634 0.009 -0.984 0.0 -0.064 -0.168 0.825 0.0 -0.397 -0.401 0.362 0.0 0.313 -0.878 -0.704 0.0 -0.695 0.148 -1.0 -0.0 0.019 0.018 0.677 0.0 -0.732 0.072 0.996 -0.0 0.011 0.09 
-0.654 0.026 -0.061 -0.754 -0.773 -0.0 -0.634 0.009 -0.984 -0.0 -0.065 -0.168 0.826 0.0 -0.399 -0.398 0.362 0.0 0.321 -0.875 -0.704 -0.0 -0.695 0.148 -1.0 0.0 0.019 0.017 0.677 -0.0 -0.732 0.073 0.996 0.0 0.011 0.09 
-0.654 0.026 -0.061 -0.753 -0.773 0.0 -0.635 0.01 -0.983 -0.0 -0.065 -0.169 0.826 0.0 -0.401 -0.396 0.361 0.0 0.328 -0.873 -0.704 -0.0 -0.695 0.148 -1.0 0.0 0.019 0.017 0.677 0.0 -0.732 0.073 0.996 0.0 0.011 0.09 
-0.655 0.026 -0.061 -0.753 -0.773 -0.0 -0.635 0.01 -0.983 -0.0 -0.065 -0.17 0.827 0.0 -0.403 -0.393 0.361 -0.0 0.337 -0.87 -0.704 -0.0 -0.695 0.148 -1.0 -0.0 0.018 0.017 0.677 0.0 -0.732 0.073 0.996 0.0 0.011 0.09 
-0.653 0.026 -0.061 -0.754 -0.772 0.0 -0.635 0.01 -0.983 0.0 -0.064 -0.171 0.826 0.0 -0.404 -0.393 0.36 0.0 0.346 -0.866 -0.704 -0.0 -0.695 0.147 -1.0 -0.0 0.018 0.017 0.677 0.0 -0.733 0.068 0.996 -0.0 0.012 0.094 
-0.655 0.027 -0.061 -0.752 -0.772 -0.0 -0.636 0.01 -0.983 -0.0 -0.065 -0.171 0.827 0.0 -0.406 -0.389 0.359 0.0 0.355 -0.863 -0.704 0.0 -0.695 0.148 -1.0 -0.0 0.018 0.016 0.677 0.0 -0.732 0.072 0.996 0.0 0.011 0.091 
-0.656 0.027 -0.061 -0.751 -0.772 0.0 -0.635 0.01 -0.983 0.0 -0.066 -0.171 0.827 0.0 -0.408 -0.386 0.359 0.0 0.364 -0.86 -0.704 0.0 -0.695 0.148 -1.0 -0.0 0.018 0.016 0.677 -0.0 -0.732 0.074 0.996 0.0 0.011 0.091 
-0.657 0.027 -0.061 -0.751 -0.772 -0.0 -0.636 0.011 -0.983 -0.0 -0.066 -0.172 0.827 0.0 -0.41 -0.384 0.358 0.0 0.372 -0.856 -0.704 -0.0 -0.694 0.148 -1.0 -0.0 0.018 0.016 0.677 0.0 -0.732 0.074 0.996 0.0 0.012 0.091 
-0.657 0.027 -0.061 -0.751 -0.772 -0.0 -0.636 0.011 -0.983 -0.0 -0.066 -0.172 0.827 0.0 -0.412 -0.382 0.357 0.0 0.381 -0.853 -0.704 -0.0 -0.694 0.148 -1.0 -0.0 0.018 0.016 0.677 0.0 -0.732 0.074 0.996 0.0 0.012 0.092 
-0.658 0.027 -0.061 -0.75 -0.772 -0.0 -0.636 0.011 -0.983 -0.0 -0.067 -0.173 0.827 0.0 -0.413 -0.38 0.357 0.0 0.389 -0.849 -0.704 -0.0 -0.694 0.148 -1.0 0.0 0.018 0.016 0.677 0.0 -0.732 0.074 0.996 0.0 0.012 0.092 
-0.658 0.027 -0.061 -0.75 -0.772 0.0 -0.636 0.011 -0.983 -0.0 -0.067 -0.173 0.827 0.0 -0.415 -0.379 0.356 0.0 0.396 -0.846 -0.704 -0.0 -0.694 0.148 -1.0 -0.0 0.017 0.016 0.677 0.0 -0.732 0.074 0.996 0.0 0.012 0.092 
-0.658 0.027 -0.061 -0.75 -0.772 0.0 -0.636 0.011 -0.983 -0.0 -0.068 -0.173 0.826 -0.0 -0.417 -0.378 0.356 0.0 0.403 -0.843 -0.704 -0.0 -0.694 0.148 -1.0 -0.0 0.017 0.015 0.677 -0.0 -0.732 0.074 0.996 0.0 0.013 0.092 
-0.658 0.027 -0.061 -0.75 -0.772 0.0 -0.636 0.011 -0.983 -0.0 -0.068 -0.173 0.826 0.0 -0.419 -0.378 0.356 0.0 0.407 -0.841 -0.704 -0.0 -0.694 0.148 -1.0 -0.0 0.017 0.015 0.677 0.0 -0.732 0.074 0.996 -0.0 0.013 0.092 
-0.659 0.027 -0.061 -0.75 -0.772 -0.0 -0.636 0.011 -0.983 -0.0 -0.068 -0.173 0.825 -0.0 -0.421 -0.378 0.355 0.0 0.411 -0.84 -0.704 -0.0 -0.694 0.148 -1.0 -0.0 0.017 0.015 0.677 0.0 -0.732 0.074 0.996 0.0 0.013 0.092 
-0.659 0.027 -0.061 -0.75 -0.771 0.0 -0.636 0.012 -0.983 -0.0 -0.068 -0.173 0.825 0.0 -0.422 -0.377 0.355 -0.0 0.416 -0.837 -0.704 0.0 -0.694 0.149 -1.0 -0.0 0.017 0.015 0.677 0.0 -0.732 0.074 0.996 0.0 0.013 0.092 
-0.659 0.027 -0.061 -0.749 -0.771 0.0 -0.636 0.011 -0.983 0.0 -0.068 -0.172 0.825 0.0 -0.422 -0.377 0.355 0.0 0.422 -0.835 -0.704 0.0 -0.694 0.148 -1.0 -0.0 0.017 0.015 0.677 0.0 -0.732 0.074 0.996 0.0 0.013 0.092 
-0.659 0.027 -0.061 -0.749 -0.771 0.0 -0.636 0.011 -0.983 -0.0 -0.068 -0.172 0.824 0.0 -0.423 -0.377 0.355 0.0 0.424 -0.833 -0.704 -0.0 -0.694 0.148 -1.0 -0.0 0.017 0.015 0.677 0.0 -0.733 0.073 0.996 0.0 0.013 0.093 
-0.659 0.027 -0.061 -0.75 -0.771 0.0 -0.636 0.011 -0.983 0.0 -0.069 -0.171 0.823 0.0 -0.424 -0.378 0.355 -0.0 0.425 -0.833 -0.704 -0.0 -0.694 0.149 -1.0 -0.0 0.017 0.015 0.677 -0.0 -0.733 0.073 0.996 0.0 0.013 0.093 
-0.658 0.026 -0.06 -0.75 -0.771 -0.0 -0.636 0.012 -0.983 -0.0 -0.069 -0.171 0.822 0.0 -0.425 -0.38 0.355 -0.0 0.426 -0.832 -0.704 -0.0 -0.694 0.149 -1.0 -0.0 0.017 0.015 0.677 0.0 -0.733 0.073 0.996 0.0 0.013 0.093 
-0.658 0.026 -0.06 -0.75 -0.771 -0.0 -0.636 0.012 -0.983 -0.0 -0.069 -0.171 0.821 0.0 -0.425 -0.381 0.356 0.0 0.425 -0.833 -0.704 0.0 -0.694 0.149 -1.0 -0.0 0.017 0.014 0.677 0.0 -0.733 0.073 0.996 0.0 0.013 0.093 
-0.658 0.026 -0.06 -0.75 -0.772 -0.0 -0.636 0.012 -0.983 -0.0 -0.069 -0.17 0.82 0.0 -0.425 -0.383 0.356 0.0 0.424 -0.833 -0.704 -0.0 -0.695 0.149 -1.0 -0.0 0.018 0.015 0.677 0.0 -0.733 0.073 0.996 0.0 0.013 0.093 
-0.658 0.026 -0.06 -0.75 -0.771 -0.0 -0.636 0.011 -0.983 -0.0 -0.068 -0.169 0.819 0.0 -0.425 -0.384 0.356 0.0 0.422 -0.834 -0.704 -0.0 -0.695 0.149 -1.0 -0.0 0.018 0.015 0.677 0.0 -0.733 0.073 0.996 0.0 0.013 0.092 
-0.658 0.026 -0.06 -0.751 -0.771 0.0 -0.636 0.012 -0.983 -0.0 -0.068 -0.169 0.818 0.0 -0.425 -0.386 0.357 -0.0 0.418 -0.835 -0.704 -0.0 -0.695 0.149 -1.0 -0.0 0.018 0.015 0.677 0.0 -0.733 0.073 0.996 0.0 0.013 0.093 
-0.657 0.026 -0.06 -0.751 -0.772 -0.0 -0.636 0.012 -0.983 -0.0 -0.068 -0.169 0.817 0.0 -0.426 -0.389 0.358 -0.0 0.413 -0.838 -0.704 -0.0 -0.695 0.149 -1.0 0.0 0.018 0.015 0.677 0.0 -0.733 0.073 0.996 0.0 0.013 0.092 
-0.657 0.026 -0.06 -0.751 -0.772 0.0 -0.636 0.011 -0.983 0.0 -0.068 -0.168 0.816 0.0 -0.426 -0.391 0.358 0.0 0.407 -0.84 -0.704 -0.0 -0.695 0.149 -1.0 -0.0 0.018 0.015 0.677 0.0 -0.733 0.072 0.996 0.0 0.013 0.093 
-0.656 0.026 -0.06 -0.752 -0.772 0.0 -0.636 0.011 -0.984 -0.0 -0.067 -0.168 0.815 0.0 -0.424 -0.394 0.359 0.0 0.403 -0.842 -0.703 0.0 -0.695 0.148 -1.0 -0.0 0.018 0.015 0.677 0.0 -0.732 0.071 0.996 0.0 0.013 0.093 
-0.656 0.026 -0.06 -0.752 -0.772 -0.0 -0.636 0.011 -0.984 -0.0 -0.067 -0.168 0.815 0.0 -0.424 -0.396 0.36 0.0 0.398 -0.843 -0.703 -0.0 -0.695 0.149 -1.0 -0.0 0.018 0.015 0.677 0.0 -0.732 0.071 0.996 0.0 0.013 0.093 
-0.655 0.026 -0.06 -0.753 -0.772 -0.0 -0.636 0.011 -0.984 -0.0 -0.066 -0.167 0.814 0.0 -0.423 -0.398 0.361 0.0 0.392 -0.846 -0.703 -0.0 -0.695 0.149 -1.0 -0.0 0.018 0.015 0.677 0.0 -0.732 0.071 0.996 0.0 0.012 0.093 
-0.656 0.026 -0.06 -0.752 -0.772 -0.0 -0.635 0.012 -0.984 -0.0 -0.066 -0.167 0.813 0.0 -0.423 -0.4 0.363 0.0 0.386 -0.848 -0.704 -0.0 -0.695 0.149 -1.0 -0.0 0.018 0.015 0.677 0.0 -0.732 0.072 0.996 -0.0 0.012 0.092 
-0.655 0.025 -0.06 -0.753 -0.772 -0.0 -0.635 0.012 -0.984 0.0 -0.066 -0.166 0.812 -0.0 -0.422 -0.402 0.364 0.0 0.378 -0.851 -0.704 -0.0 -0.695 0.149 -1.0 0.0 0.018 0.015 0.677 -0.0 -0.732 0.072 0.996 0.0 0.012 0.092 
-0.654 0.026 -0.06 -0.753 -0.772 -0.0 -0.635 0.011 -0.984 -0.0 -0.065 -0.166 0.811 0.0 -0.421 -0.405 0.365 0.0 0.369 -0.855 -0.703 0.0 -0.695 0.15 -1.0 -0.0 0.018 0.015 0.677 0.0 -0.732 0.071 0.996 -0.0 0.012 0.093 
-0.655 0.025 -0.06 -0.753 -0.772 0.0 -0.635 0.011 -0.984 -0.0 -0.065 -0.166 0.811 0.0 -0.421 -0.407 0.367 0.0 0.36 -0.858 -0.704 -0.0 -0.694 0.15 -1.0 -0.0 0.019 0.015 0.677 0.0 -0.732 0.072 0.996 0.0 0.012 0.092 
-0.654 0.025 -0.06 -0.753 -0.773 -0.0 -0.635 0.011 -0.984 -0.0 -0.065 -0.165 0.81 0.0 -0.421 -0.409 0.368 0.0 0.351 -0.861 -0.704 -0.0 -0.695 0.15 -1.0 -0.0 0.019 0.015 0.677 0.0 -0.732 0.073 0.996 -0.0 0.012 0.091 
-0.654 0.025 -0.06 -0.754 -0.773 0.0 -0.635 0.011 -0.984 -0.0 -0.064 -0.165 0.809 0.0 -0.42 -0.412 0.37 0.0 0.341 -0.864 -0.703 -0.0 -0.695 0.15 -1.0 -0.0 0.019 0.016 0.677 0.0 -0.732 0.07 0.996 0.0 0.012 0.094 
-0.653 0.025 -0.06 -0.754 -0.773 -0.0 -0.635 0.011 -0.984 -0.0 -0.064 -0.165 0.808 0.0 -0.419 -0.414 0.371 0.0 0.332 -0.867 -0.703 -0.0 -0.695 0.15 -1.0 -0.0 0.019 0.015 0.677 0.0 -0.732 0.071 0.996 -0.0 0.011 0.092 
-0.653 0.025 -0.06 -0.754 -0.773 0.0 -0.634 0.011 -0.984 -0.0 -0.064 -0.165 0.808 0.0 -0.419 -0.415 0.373 0.0 0.322 -0.87 -0.703 -0.0 -0.695 0.15 -1.0 -0.0 0.019 0.016 0.677 -0.0 -0.732 0.071 0.996 0.0 0.011 0.092 
-0.654 0.025 -0.06 -0.754 -0.773 -0.0 -0.634 0.011 -0.984 -0.0 -0.064 -0.164 0.807 -0.0 -0.419 -0.416 0.375 0.0 0.312 -0.873 -0.704 -0.0 -0.694 0.151 -1.0 -0.0 0.019 0.015 0.677 0.0 -0.732 0.072 0.996 0.0 0.011 0.092 
-0.651 0.026 -0.06 -0.756 -0.773 -0.0 -0.634 0.012 -0.984 -0.0 -0.063 -0.165 0.806 0.0 -0.419 -0.419 0.376 -0.0 0.299 -0.877 -0.705 0.0 -0.693 0.155 -1.0 -0.0 0.016 0.013 0.678 0.0 -0.732 0.072 0.996 0.0 0.012 0.093 
-0.652 0.026 -0.061 -0.755 -0.773 -0.0 -0.634 0.012 -0.984 -0.0 -0.064 -0.165 0.806 0.0 -0.419 -0.419 0.378 0.0 0.291 -0.879 -0.705 0.0 -0.692 0.155 -1.0 0.0 0.016 0.013 0.678 0.0 -0.732 0.074 0.996 0.0 0.012 0.092 
-0.652 0.026 -0.061 -0.755 -0.773 -0.0 -0.634 0.012 -0.984 -0.0 -0.063 -0.165 0.805 -0.0 -0.419 -0.42 0.379 0.0 0.283 -0.881 -0.705 -0.0 -0.692 0.155 -1.0 0.0 0.016 0.013 0.678 0.0 -0.732 0.074 0.996 0.0 0.012 0.092 
-0.652 0.026 -0.06 -0.756 -0.773 -0.0 -0.634 0.012 -0.984 -0.0 -0.063 -0.165 0.805 0.0 -0.418 -0.421 0.38 0.0 0.276 -0.883 -0.704 -0.0 -0.693 0.155 -1.0 0.0 0.017 0.014 0.678 0.0 -0.732 0.073 0.996 0.0 0.012 0.093 
-0.652 0.026 -0.06 -0.756 -0.773 -0.0 -0.634 0.011 -0.984 0.0 -0.062 -0.165 0.805 0.0 -0.419 -0.421 0.381 -0.0 0.27 -0.884 -0.704 -0.0 -0.693 0.155 -1.0 0.0 0.017 0.013 0.678 0.0 -0.732 0.073 0.996 -0.0 0.012 0.093 
-0.652 0.026 -0.061 -0.755 -0.774 -0.0 -0.634 0.011 -0.984 0.0 -0.062 -0.165 0.805 -0.0 -0.419 -0.42 0.381 -0.0 0.266 -0.885 -0.705 0.0 -0.692 0.155 -1.0 -0.0 0.017 0.013 0.677 0.0 -0.732 0.075 0.996 0.0 0.012 0.092 
-0.653 0.026 -0.061 -0.755 -0.774 -0.0 -0.634 0.011 -0.984 -0.0 -0.062 -0.165 0.805 0.0 -0.42 -0.419 0.381 0.0 0.263 -0.886 -0.705 -0.0 -0.692 0.155 -1.0 -0.0 0.017 0.013 0.677 0.0 -0.732 0.075 0.996 0.0 0.013 0.091 
-0.651 0.026 -0.06 -0.756 -0.774 0.0 -0.634 0.01 -0.984 0.0 -0.061 -0.166 0.804 0.0 -0.42 -0.42 0.38 0.0 0.261 -0.887 -0.704 -0.0 -0.693 0.154 -1.0 -0.0 0.017 0.013 0.676 0.0 -0.733 0.069 0.995 0.0 0.014 0.095 
-0.653 0.026 -0.061 -0.754 -0.774 -0.0 -0.633 0.01 -0.984 -0.0 -0.062 -0.165 0.806 0.0 -0.421 -0.416 0.379 0.0 0.262 -0.888 -0.705 -0.0 -0.692 0.156 -1.0 -0.0 0.017 0.013 0.677 0.0 -0.732 0.077 0.996 0.0 0.013 0.09 
-0.654 0.026 -0.061 -0.754 -0.774 -0.0 -0.633 0.009 -0.984 -0.0 -0.061 -0.166 0.806 0.0 -0.423 -0.414 0.378 -0.0 0.263 -0.888 -0.705 0.0 -0.692 0.156 -1.0 -0.0 0.017 0.013 0.677 0.0 -0.732 0.078 0.996 0.0 0.013 0.09 
-0.654 0.026 -0.061 -0.754 -0.774 -0.0 -0.633 0.009 -0.984 0.0 -0.061 -0.166 0.806 0.0 -0.424 -0.413 0.377 0.0 0.265 -0.888 -0.705 -0.0 -0.692 0.156 -1.0 -0.0 0.017 0.013 0.677 0.0 -0.732 0.078 0.996 0.0 0.014 0.089 
-0.654 0.026 -0.061 -0.753 -0.774 -0.0 -0.633 0.008 -0.984 -0.0 -0.061 -0.166 0.807 0.0 -0.425 -0.411 0.376 0.0 0.269 -0.887 -0.705 -0.0 -0.692 0.156 -1.0 -0.0 0.017 0.013 0.676 0.0 -0.732 0.079 0.996 0.0 0.014 0.089 
-0.655 0.026 -0.061 -0.753 -0.774 -0.0 -0.633 0.008 -0.984 -0.0 -0.061 -0.167 0.807 0.0 -0.427 -0.408 0.374 0.0 0.274 -0.886 -0.705 0.0 -0.692 0.156 -1.0 -0.0 0.017 0.013 0.676 0.0 -0.732 0.08 0.996 -0.0 0.014 0.089 
-0.655 0.027 -0.061 -0.752 -0.774 -0.0 -0.633 0.008 -0.984 -0.0 -0.06 -0.167 0.807 0.0 -0.428 -0.406 0.373 0.0 0.279 -0.885 -0.705 -0.0 -0.692 0.156 -1.0 -0.0 0.017 0.013 0.676 0.0 -0.732 0.08 0.996 0.0 0.014 0.089 
-0.656 0.027 -0.061 -0.752 -0.774 -0.0 -0.633 0.007 -0.984 -0.0 -0.06 -0.168 0.808 0.0 -0.429 -0.404 0.372 0.0 0.286 -0.883 -0.705 -0.0 -0.692 0.156 -1.0 -0.0 0.017 0.013 0.676 0.0 -0.732 0.081 0.996 0.0 0.015 0.089 
-0.656 0.027 -0.062 -0.751 -0.774 -0.0 -0.633 0.007 -0.984 0.0 -0.06 -0.168 0.808 0.0 -0.431 -0.401 0.371 0.0 0.293 -0.881 -0.705 -0.0 -0.691 0.156 -1.0 -0.0 0.017 0.013 0.676 -0.0 -0.732 0.082 0.996 0.0 0.015 0.088 
-0.658 0.026 -0.061 -0.75 -0.774 -0.0 -0.633 0.006 -0.984 -0.0 -0.06 -0.169 0.809 0.0 -0.431 -0.399 0.369 0.0 0.305 -0.878 -0.704 -0.0 -0.694 0.152 -1.0 -0.0 0.02 0.015 0.675 0.0 -0.733 0.081 0.996 0.0 0.014 0.088 
-0.659 0.026 -0.061 -0.749 -0.774 -0.0 -0.633 0.005 -0.984 -0.0 -0.059 -0.169 0.81 0.0 -0.433 -0.396 0.368 0.0 0.313 -0.876 -0.704 0.0 -0.693 0.152 -1.0 -0.0 0.02 0.015 0.675 0.0 -0.733 0.082 0.996 0.0 0.015 0.088 
-0.659 0.026 -0.061 -0.749 -0.774 -0.0 -0.633 0.005 -0.984 -0.0 -0.059 -0.17 0.81 0.0 -0.434 -0.394 0.366 0.0 0.321 -0.873 -0.704 -0.0 -0.693 0.152 -1.0 -0.0 0.02 0.014 0.675 0.0 -0.733 0.082 0.996 0.0 0.015 0.088 
-0.66 0.026 -0.062 -0.748 -0.774 -0.0 -0.633 0.005 -0.984 -0.0 -0.059 -0.17 0.81 0.0 -0.436 -0.392 0.365 0.0 0.33 -0.871 -0.704 -0.0 -0.693 0.152 -1.0 -0.0 0.02 0.015 0.675 -0.0 -0.733 0.083 0.996 -0.0 0.015 0.088 
-0.66 0.026 -0.062 -0.748 -0.774 -0.0 -0.633 0.005 -0.984 -0.0 -0.059 -0.171 0.811 0.0 -0.437 -0.39 0.364 0.0 0.339 -0.868 -0.704 -0.0 -0.693 0.152 -1.0 -0.0 0.02 0.014 0.675 0.0 -0.733 0.083 0.996 0.0 0.015 0.087 
-0.661 0.026 -0.062 -0.748 -0.774 0.0 -0.633 0.005 -0.983 -0.0 -0.059 -0.171 0.811 0.0 -0.438 -0.388 0.362 0.0 0.347 -0.865 -0.705 -0.0 -0.693 0.153 -1.0 -0.0 0.02 0.014 0.675 0.0 -0.733 0.084 0.996 0.0 0.015 0.087 
-0.661 0.026 -0.062 -0.747 -0.774 -0.0 -0.633 0.005 -0.983 0.0 -0.06 -0.172 0.811 0.0 -0.439 -0.386 0.361 0.0 0.355 -0.862 -0.705 -0.0 -0.693 0.153 -1.0 -0.0 0.02 0.014 0.675 0.0 -0.733 0.084 0.996 0.0 0.015 0.087 
-0.661 0.026 -0.062 -0.747 -0.774 -0.0 -0.633 0.005 -0.983 -0.0 -0.06 -0.173 0.812 0.0 -0.44 -0.384 0.36 0.0 0.363 -0.859 -0.705 -0.0 -0.693 0.153 -1.0 -0.0 0.019 0.014 0.675 0.0 -0.733 0.085 0.996 0.0 0.015 0.087 
-0.662 0.026 -0.062 -0.747 -0.774 -0.0 -0.633 0.006 -0.983 -0.0 -0.06 -0.173 0.812 0.0 -0.441 -0.382 0.359 0.0 0.371 -0.856 -0.705 -0.0 -0.693 0.153 -1.0 -0.0 0.019 0.013 0.675 0.0 -0.733 0.085 0.996 0.0 0.015 0.087 
-0.662 0.026 -0.062 -0.746 -0.774 -0.0 -0.633 0.006 -0.983 -0.0 -0.06 -0.173 0.812 -0.0 -0.442 -0.381 0.358 0.0 0.378 -0.854 -0.705 0.0 -0.693 0.153 -1.0 -0.0 0.02 0.014 0.675 -0.0 -0.733 0.086 0.996 -0.0 0.015 0.087 
-0.662 0.027 -0.062 -0.746 -0.774 0.0 -0.633 0.006 -0.983 -0.0 -0.061 -0.174 0.812 0.0 -0.443 -0.379 0.356 0.0 0.385 -0.851 -0.705 0.0 -0.693 0.154 -1.0 -0.0 0.019 0.013 0.675 0.0 -0.733 0.086 0.996 0.0 0.015 0.087 
-0.663 0.027 -0.062 -0.746 -0.774 -0.0 -0.633 0.006 -0.983 -0.0 -0.061 -0.174 0.812 0.0 -0.444 -0.379 0.356 0.0 0.391 -0.849 -0.705 -0.0 -0.693 0.153 -1.0 -0.0 0.019 0.013 0.675 0.0 -0.733 0.086 0.996 0.0 0.015 0.087 
-0.663 0.027 -0.062 -0.746 -0.774 0.0 -0.633 0.006 -0.983 0.0 -0.062 -0.174 0.812 0.0 -0.444 -0.378 0.355 0.0 0.396 -0.847 -0.705 0.0 -0.693 0.154 -1.0 -0.0 0.019 0.013 0.674 0.0 -0.733 0.086 0.996 0.0 0.015 0.087 
-0.663 0.027 -0.062 -0.745 -0.774 0.0 -0.633 0.006 -0.983 -0.0 -0.062 -0.174 0.812 0.0 -0.445 -0.378 0.354 0.0 0.4 -0.845 -0.705 -0.0 -0.692 0.154 -1.0 -0.0 0.019 0.013 0.674 -0.0 -0.733 0.087 0.996 0.0 0.016 0.086 
-0.663 0.027 -0.062 -0.746 -0.774 0.0 -0.633 0.007 -0.983 -0.0 -0.062 -0.175 0.811 0.0 -0.446 -0.378 0.353 0.0 0.403 -0.844 -0.705 -0.0 -0.692 0.154 -1.0 -0.0 0.019 0.012 0.674 0.0 -0.733 0.087 0.996 -0.0 0.015 0.087 
-0.663 0.027 -0.062 -0.745 -0.774 -0.0 -0.633 0.007 -0.983 -0.0 -0.063 -0.175 0.811 0.0 -0.447 -0.378 0.353 0.0 0.405 -0.843 -0.705 -0.0 -0.692 0.154 -1.0 -0.0 0.019 0.012 0.674 -0.0 -0.733 0.087 0.996 0.0 0.016 0.087 
-0.663 0.027 -0.062 -0.745 -0.774 -0.0 -0.633 0.007 -0.983 -0.0 -0.063 -0.174 0.812 0.0 -0.446 -0.377 0.352 0.0 0.411 -0.841 -0.705 -0.0 -0.692 0.154 -1.0 0.0 0.019 0.012 0.674 0.0 -0.733 0.087 0.996 0.0 0.016 0.087 
-0.663 0.027 -0.062 -0.745 -0.774 -0.0 -0.634 0.007 -0.983 -0.0 -0.063 -0.174 0.811 0.0 -0.446 -0.378 0.352 0.0 0.413 -0.84 -0.705 -0.0 -0.692 0.155 -1.0 -0.0 0.019 0.012 0.674 0.0 -0.733 0.087 0.996 0.0 0.016 0.087 
-0.663 0.027 -0.062 -0.745 -0.774 -0.0 -0.634 0.007 -0.983 -0.0 -0.063 -0.174 0.811 0.0 -0.446 -0.378 0.352 0.0 0.414 -0.84 -0.705 -0.0 -0.692 0.155 -1.0 -0.0 0.019 0.012 0.674 0.0 -0.733 0.087 0.996 0.0 0.016 0.087 
-0.663 0.027 -0.062 -0.745 -0.774 0.0 -0.634 0.008 -0.983 -0.0 -0.063 -0.173 0.809 0.0 -0.448 -0.38 0.352 0.0 0.409 -0.842 -0.705 -0.0 -0.692 0.155 -1.0 -0.0 0.019 0.012 0.674 0.0 -0.733 0.087 0.996 0.0 0.016 0.087 
-0.663 0.027 -0.062 -0.745 -0.773 -0.0 -0.634 0.008 -0.983 -0.0 -0.063 -0.173 0.809 0.0 -0.447 -0.381 0.352 0.0 0.41 -0.841 -0.705 -0.0 -0.692 0.155 -1.0 0.0 0.019 0.012 0.674 0.0 -0.733 0.087 0.996 0.0 0.016 0.087 
-0.663 0.027 -0.062 -0.745 -0.773 -0.0 -0.634 0.008 -0.983 -0.0 -0.063 -0.173 0.809 0.0 -0.447 -0.382 0.352 0.0 0.41 -0.842 -0.705 -0.0 -0.692 0.155 -1.0 -0.0 0.02 0.012 0.674 -0.0 -0.733 0.088 0.996 0.0 0.016 0.087 
-0.663 0.027 -0.062 -0.745 -0.773 0.0 -0.634 0.008 -0.983 -0.0 -0.063 -0.172 0.809 0.0 -0.446 -0.383 0.352 0.0 0.408 -0.843 -0.705 -0.0 -0.692 0.155 -1.0 -0.0 0.02 0.012 0.674 0.0 -0.733 0.088 0.996 0.0 0.016 0.087 
-0.663 0.027 -0.062 -0.746 -0.773 -0.0 -0.634 0.009 -0.983 0.0 -0.064 -0.171 0.809 0.0 -0.445 -0.384 0.352 0.0 0.404 -0.844 -0.705 -0.0 -0.692 0.156 -1.0 -0.0 0.02 0.012 0.674 0.0 -0.733 0.089 0.996 0.0 0.016 0.086 
-0.663 0.027 -0.062 -0.746 -0.773 -0.0 -0.634 0.009 -0.983 -0.0 -0.063 -0.171 0.808 0.0 -0.445 -0.386 0.352 0.0 0.399 -0.847 -0.705 0.0 -0.692 0.156 -1.0 -0.0 0.02 0.013 0.674 0.0 -0.733 0.089 0.996 0.0 0.016 0.086 
-0.663 0.027 -0.062 -0.746 -0.773 -0.0 -0.634 0.01 -0.983 0.0 -0.064 -0.17 0.808 0.0 -0.444 -0.387 0.353 0.0 0.393 -0.849 -0.705 0.0 -0.692 0.156 -1.0 -0.0 0.02 0.013 0.674 0.0 -0.733 0.09 0.996 0.0 0.016 0.085 
-0.662 0.027 -0.062 -0.746 -0.773 0.0 -0.635 0.01 -0.984 0.0 -0.063 -0.169 0.807 0.0 -0.444 -0.389 0.354 0.0 0.385 -0.852 -0.705 0.0 -0.692 0.157 -1.0 -0.0 0.02 0.013 0.674 0.0 -0.733 0.09 0.996 -0.0 0.017 0.085 
-0.662 0.027 -0.063 -0.746 -0.773 -0.0 -0.635 0.01 -0.984 -0.0 -0.063 -0.168 0.807 0.0 -0.443 -0.391 0.355 0.0 0.378 -0.855 -0.705 -0.0 -0.692 0.157 -1.0 -0.0 0.02 0.013 0.674 0.0 -0.734 0.091 0.996 0.0 0.017 0.085 
-0.662 0.027 -0.063 -0.746 -0.773 -0.0 -0.635 0.01 -0.984 -0.0 -0.063 -0.168 0.806 0.0 -0.443 -0.393 0.356 0.0 0.369 -0.858 -0.705 0.0 -0.692 0.157 -1.0 -0.0 0.021 0.013 0.673 0.0 -0.734 0.091 0.996 0.0 0.017 0.084 
-0.662 0.027 -0.063 -0.747 -0.773 -0.0 -0.635 0.011 -0.984 0.0 -0.063 -0.167 0.805 0.0 -0.442 -0.395 0.357 0.0 0.36 -0.862 -0.705 -0.0 -0.692 0.157 -1.0 -0.0 0.021 0.013 0.673 0.0 -0.734 0.092 0.996 -0.0 0.018 0.084 
-0.661 0.027 -0.063 -0.747 -0.773 -0.0 -0.635 0.011 -0.984 -0.0 -0.063 -0.167 0.805 0.0 -0.442 -0.397 0.359 0.0 0.351 -0.865 -0.705 -0.0 -0.692 0.158 -1.0 -0.0 0.021 0.013 0.673 0.0 -0.734 0.093 0.996 0.0 0.018 0.083 
-0.661 0.027 -0.063 -0.747 -0.773 -0.0 -0.635 0.011 -0.984 -0.0 -0.063 -0.166 0.804 0.0 -0.441 -0.399 0.36 -0.0 0.341 -0.868 -0.704 -0.0 -0.692 0.158 -1.0 -0.0 0.021 0.013 0.673 0.0 -0.734 0.093 0.996 0.0 0.018 0.082 
-0.661 0.027 -0.063 -0.747 -0.773 0.0 -0.635 0.011 -0.984 0.0 -0.063 -0.166 0.803 0.0 -0.44 -0.401 0.362 0.0 0.332 -0.871 -0.705 -0.0 -0.692 0.159 -1.0 0.0 0.021 0.013 0.673 0.0 -0.734 0.094 0.996 0.0 0.019 0.082 
-0.661 0.027 -0.063 -0.748 -0.773 -0.0 -0.635 0.011 -0.984 0.0 -0.063 -0.165 0.802 0.0 -0.44 -0.403 0.363 0.0 0.323 -0.874 -0.705 0.0 -0.692 0.159 -1.0 -0.0 0.022 0.013 0.673 0.0 -0.734 0.095 0.997 -0.0 0.019 0.081 
-0.66 0.027 -0.064 -0.748 -0.773 -0.0 -0.635 0.012 -0.984 0.0 -0.063 -0.165 0.802 -0.0 -0.44 -0.405 0.365 0.0 0.313 -0.877 -0.704 -0.0 -0.692 0.159 -1.0 -0.0 0.022 0.013 0.673 0.0 -0.734 0.095 0.997 0.0 0.019 0.081 
-0.66 0.027 -0.064 -0.748 -0.773 -0.0 -0.635 0.012 -0.984 0.0 -0.063 -0.165 0.801 0.0 -0.439 -0.406 0.366 -0.0 0.305 -0.879 -0.704 -0.0 -0.692 0.16 -1.0 -0.0 0.022 0.013 0.673 0.0 -0.734 0.095 0.997 0.0 0.019 0.081 
-0.66 0.027 -0.064 -0.748 -0.773 -0.0 -0.635 0.012 -0.984 -0.0 -0.063 -0.165 0.801 0.0 -0.439 -0.407 0.367 0.0 0.297 -0.882 -0.704 -0.0 -0.692 0.16 -1.0 -0.0 0.023 0.013 0.672 0.0 -0.734 0.096 0.997 0.0 0.019 0.08 
-0.66 0.027 -0.064 -0.748 -0.773 -0.0 -0.635 0.012 -0.984 -0.0 -0.063 -0.165 0.8 0.0 -0.439 -0.408 0.368 0.0 0.289 -0.884 -0.704 0.0 -0.692 0.16 -1.0 -0.0 0.023 0.013 0.672 0.0 -0.734 0.096 0.997 -0.0 0.019 0.08 
-0.659 0.027 -0.064 -0.749 -0.773 -0.0 -0.635 0.012 -0.984 -0.0 -0.063 -0.165 0.8 0.0 -0.439 -0.409 0.369 0.0 0.283 -0.885 -0.704 -0.0 -0.692 0.161 -1.0 -0.0 0.023 0.013 0.672 0.0 -0.734 0.096 0.997 0.0 0.019 0.08 
-0.659 0.027 -0.064 -0.749 -0.773 -0.0 -0.635 0.012 -0.984 -0.0 -0.063 -0.165 0.8 0.0 -0.439 -0.41 0.369 0.0 0.278 -0.887 -0.704 -0.0 -0.692 0.161 -1.0 0.0 0.023 0.013 0.672 0.0 -0.734 0.096 0.997 -0.0 0.019 0.08 
-0.659 0.027 -0.064 -0.749 -0.773 -0.0 -0.634 0.012 -0.984 0.0 -0.063 -0.165 0.8 0.0 -0.439 -0.41 0.37 0.0 0.275 -0.887 -0.704 -0.0 -0.691 0.161 -1.0 0.0 0.023 0.013 0.672 0.0 -0.734 0.097 0.997 0.0 0.019 0.08 
-0.659 0.027 -0.064 -0.749 -0.773 0.0 -0.634 0.012 -0.984 0.0 -0.064 -0.165 0.8 0.0 -0.439 -0.41 0.37 -0.0 0.274 -0.888 -0.704 -0.0 -0.691 0.161 -1.0 -0.0 0.023 0.013 0.672 0.0 -0.734 0.097 0.997 0.0 0.019 0.08 
-0.659 0.027 -0.064 -0.749 -0.773 -0.0 -0.634 0.012 -0.984 -0.0 -0.064 -0.165 0.799 -0.0 -0.44 -0.409 0.37 -0.0 0.274 -0.888 -0.704 -0.0 -0.691 0.162 -1.0 -0.0 0.023 0.013 0.672 0.0 -0.734 0.097 0.997 0.0 0.019 0.08 
-0.659 0.027 -0.065 -0.749 -0.773 -0.0 -0.634 0.012 -0.984 0.0 -0.064 -0.165 0.799 0.0 -0.44 -0.409 0.37 0.0 0.277 -0.887 -0.704 -0.0 -0.691 0.162 -1.0 0.0 0.023 0.013 0.672 0.0 -0.734 0.097 0.997 -0.0 0.018 0.08 
-0.659 0.027 -0.065 -0.749 -0.773 -0.0 -0.634 0.012 -0.984 -0.0 -0.064 -0.166 0.799 0.0 -0.441 -0.408 0.37 0.0 0.28 -0.886 -0.704 -0.0 -0.691 0.162 -1.0 0.0 0.023 0.013 0.673 0.0 -0.734 0.097 0.997 0.0 0.018 0.081 
-0.659 0.028 -0.065 -0.749 -0.773 -0.0 -0.634 0.012 -0.984 -0.0 -0.065 -0.167 0.799 0.0 -0.442 -0.407 0.369 0.0 0.286 -0.884 -0.704 -0.0 -0.691 0.163 -1.0 -0.0 0.023 0.013 0.673 0.0 -0.734 0.097 0.997 -0.0 0.018 0.081 
-0.659 0.028 -0.065 -0.749 -0.773 -0.0 -0.634 0.012 -0.984 -0.0 -0.065 -0.167 0.799 -0.0 -0.443 -0.405 0.369 0.0 0.292 -0.882 -0.704 -0.0 -0.691 0.163 -1.0 0.0 0.023 0.013 0.673 0.0 -0.734 0.097 0.997 0.0 0.018 0.081 
-0.659 0.028 -0.065 -0.749 -0.773 -0.0 -0.634 0.012 -0.984 -0.0 -0.065 -0.168 0.8 0.0 -0.445 -0.404 0.368 0.0 0.299 -0.88 -0.704 -0.0 -0.691 0.163 -1.0 -0.0 0.023 0.013 0.673 0.0 -0.734 0.098 0.997 0.0 0.018 0.08 
-0.659 0.028 -0.065 -0.749 -0.774 0.0 -0.633 0.012 -0.984 -0.0 -0.066 -0.168 0.8 0.0 -0.446 -0.402 0.368 0.0 0.308 -0.877 -0.704 -0.0 -0.691 0.163 -1.0 -0.0 0.023 0.013 0.673 0.0 -0.733 0.098 0.997 0.0 0.018 0.08 
-0.659 0.028 -0.065 -0.749 -0.774 -0.0 -0.633 0.012 -0.983 -0.0 -0.066 -0.169 0.8 0.0 -0.447 -0.4 0.368 0.0 0.316 -0.874 -0.704 -0.0 -0.691 0.164 -1.0 -0.0 0.023 0.013 0.673 0.0 -0.733 0.099 0.997 0.0 0.018 0.08 
-0.659 0.028 -0.065 -0.749 -0.774 -0.0 -0.633 0.013 -0.983 0.0 -0.067 -0.169 0.8 0.0 -0.448 -0.399 0.367 0.0 0.326 -0.871 -0.704 0.0 -0.691 0.164 -1.0 -0.0 0.024 0.013 0.673 0.0 -0.733 0.099 0.997 0.0 0.018 0.08 
-0.659 0.028 -0.066 -0.749 -0.774 -0.0 -0.633 0.013 -0.983 -0.0 -0.067 -0.17 0.801 0.0 -0.449 -0.397 0.367 0.0 0.336 -0.867 -0.704 -0.0 -0.691 0.164 -1.0 -0.0 0.024 0.013 0.673 0.0 -0.733 0.099 0.997 -0.0 0.018 0.08 
-0.659 0.028 -0.066 -0.748 -0.774 -0.0 -0.633 0.014 -0.983 -0.0 -0.067 -0.171 0.801 0.0 -0.45 -0.395 0.367 0.0 0.347 -0.863 -0.704 0.0 -0.691 0.164 -1.0 -0.0 0.024 0.013 0.673 0.0 -0.733 0.1 0.997 0.0 0.018 0.08 
-0.659 0.028 -0.065 -0.749 -0.774 -0.0 -0.633 0.014 -0.983 0.0 -0.068 -0.171 0.801 0.0 -0.451 -0.394 0.366 0.0 0.357 -0.859 -0.704 -0.0 -0.691 0.164 -1.0 -0.0 0.024 0.013 0.673 0.0 -0.733 0.099 0.997 0.0 0.018 0.081 
-0.66 0.028 -0.066 -0.748 -0.774 -0.0 -0.633 0.014 -0.983 -0.0 -0.068 -0.171 0.802 0.0 -0.452 -0.392 0.366 -0.0 0.368 -0.855 -0.704 -0.0 -0.691 0.164 -1.0 -0.0 0.024 0.013 0.673 0.0 -0.733 0.1 0.997 0.0 0.018 0.08 
-0.66 0.028 -0.066 -0.748 -0.774 -0.0 -0.633 0.014 -0.983 -0.0 -0.069 -0.172 0.802 -0.0 -0.452 -0.39 0.366 0.0 0.379 -0.85 -0.704 0.0 -0.691 0.164 -1.0 0.0 0.024 0.012 0.673 0.0 -0.733 0.101 0.997 -0.0 0.018 0.08 
-0.661 0.028 -0.066 -0.747 -0.774 -0.0 -0.633 0.015 -0.983 -0.0 -0.069 -0.172 0.802 0.0 -0.453 -0.388 0.365 0.0 0.39 -0.845 -0.704 0.0 -0.691 0.164 -1.0 -0.0 0.024 0.013 0.673 0.0 -0.733 0.101 0.997 0.0 0.018 0.08 
-0.661 0.028 -0.066 -0.747 -0.774 -0.0 -0.633 0.015 -0.983 -0.0 -0.069 -0.173 0.803 0.0 -0.454 -0.387 0.364 0.0 0.4 -0.841 -0.704 0.0 -0.691 0.164 -1.0 -0.0 0.023 0.013 0.672 0.0 -0.733 0.102 0.997 0.0 0.018 0.079 
-0.661 0.029 -0.066 -0.747 -0.774 -0.0 -0.633 0.015 -0.983 -0.0 -0.069 -0.172 0.803 0.0 -0.455 -0.385 0.364 0.0 0.409 -0.837 -0.705 -0.0 -0.691 0.164 -1.0 -0.0 0.023 0.013 0.672 0.0 -0.733 0.102 0.997 0.0 0.018 0.079 
-0.661 0.029 -0.066 -0.747 -0.774 -0.0 -0.633 0.015 -0.982 -0.0 -0.069 -0.173 0.803 -0.0 -0.456 -0.383 0.363 0.0 0.418 -0.833 -0.705 -0.0 -0.691 0.163 -1.0 0.0 0.023 0.013 0.672 0.0 -0.733 0.102 0.997 0.0 0.019 0.079 
-0.661 0.029 -0.066 -0.747 -0.774 -0.0 -0.633 0.015 -0.983 -0.0 -0.07 -0.173 0.803 0.0 -0.457 -0.382 0.362 0.0 0.424 -0.83 -0.705 -0.0 -0.69 0.164 -1.0 -0.0 0.023 0.013 0.672 0.0 -0.733 0.103 0.997 0.0 0.019 0.078 
