# T   LUA LFA RUA RFA LT  LS  RT  RS  
0.998 -0.068 0.004 0.012 -0.82 -0.0 -0.569 0.059 -0.775 -0.0 0.017 -0.632 0.835 0.0 -0.545 0.078 0.721 0.0 -0.115 -0.683 -0.745 0.0 -0.206 -0.634 -0.769 -0.0 -0.623 0.146 0.729 0.0 -0.246 -0.639 0.8 0.0 -0.568 0.194 
0.998 -0.068 0.004 0.012 -0.82 -0.0 -0.569 0.059 -0.775 -0.0 0.017 -0.632 0.835 -0.0 -0.545 0.078 0.721 0.0 -0.115 -0.683 -0.745 -0.0 -0.206 -0.634 -0.769 0.0 -0.622 0.146 0.729 -0.0 -0.246 -0.639 0.8 0.0 -0.568 0.194 
0.998 -0.068 0.005 0.012 -0.82 -0.0 -0.569 0.059 -0.775 -0.0 0.017 -0.632 0.835 0.0 -0.545 0.078 0.721 0.0 -0.115 -0.683 -0.745 -0.0 -0.206 -0.634 -0.769 -0.0 -0.623 0.146 0.729 0.0 -0.246 -0.639 0.8 0.0 -0.568 0.194 
0.998 -0.068 0.005 0.012 -0.82 0.0 -0.569 0.059 -0.775 -0.0 0.019 -0.632 0.835 0.0 -0.545 0.078 0.721 0.0 -0.115 -0.683 -0.745 0.0 -0.206 -0.634 -0.769 0.0 -0.622 0.146 0.729 0.0 -0.246 -0.639 0.8 0.0 -0.568 0.194 
0.998 -0.068 0.005 0.012 -0.82 -0.0 -0.569 0.059 -0.775 -0.0 0.017 -0.632 0.835 0.0 -0.545 0.078 0.721 -0.0 -0.115 -0.683 -0.745 -0.0 -0.206 -0.634 -0.769 0.0 -0.622 0.145 0.729 0.0 -0.246 -0.639 0.8 0.0 -0.568 0.194 
0.998 -0.068 0.004 0.012 -0.82 -0.0 -0.569 0.059 -0.775 -0.0 0.017 -0.632 0.835 0.0 -0.545 0.078 0.721 0.0 -0.115 -0.683 -0.745 -0.0 -0.206 -0.635 -0.769 0.0 -0.623 0.146 0.729 0.0 -0.246 -0.639 0.8 0.0 -0.568 0.194 
0.998 -0.068 0.005 0.012 -0.82 -0.0 -0.569 0.059 -0.775 -0.0 0.018 -0.632 0.835 0.0 -0.545 0.078 0.721 -0.0 -0.115 -0.683 -0.745 -0.0 -0.206 -0.634 -0.769 -0.0 -0.622 0.146 0.729 0.0 -0.246 -0.639 0.8 0.0 -0.568 0.194 
0.998 -0.068 0.004 0.012 -0.82 -0.0 -0.569 0.059 -0.775 -0.0 0.017 -0.632 0.835 -0.0 -0.545 0.078 0.721 -0.0 -0.115 -0.683 -0.745 -0.0 -0.206 -0.635 -0.769 0.0 -0.622 0.146 0.729 -0.0 -0.246 -0.639 0.8 0.0 -0.568 0.194 
0.998 -0.068 0.004 0.012 -0.82 0.0 -0.569 0.059 -0.775 -0.0 0.017 -0.632 0.835 0.0 -0.545 0.078 0.721 0.0 -0.115 -0.683 -0.745 -0.0 -0.206 -0.635 -0.769 0.0 -0.622 0.145 0.729 0.0 -0.246 -0.639 0.8 -0.0 -0.568 0.194 
0.998 -0.068 0.004 0.012 -0.82 -0.0 -0.569 0.059 -0.775 -0.0 0.018 -0.632 0.835 0.0 -0.545 0.078 0.721 0.0 -0.114 -0.683 -0.745 -0.0 -0.206 -0.635 -0.769 -0.0 -0.623 0.146 0.729 -0.0 -0.246 -0.639 0.8 0.0 -0.568 0.193 
0.998 -0.068 0.004 0.012 -0.82 -0.0 -0.569 0.059 -0.775 -0.0 0.017 -0.632 0.835 0.0 -0.545 0.078 0.721 0.0 -0.115 -0.683 -0.745 -0.0 -0.206 -0.634 -0.769 -0.0 -0.623 0.146 0.729 0.0 -0.247 -0.638 0.8 0.0 -0.567 0.193 
0.998 -0.068 0.004 0.012 -0.82 -0.0 -0.569 0.059 -0.775 -0.0 0.017 -0.632 0.835 0.0 -0.545 0.078 0.721 0.0 -0.115 -0.683 -0.745 -0.0 -0.206 -0.635 -0.769 -0.0 -0.623 0.146 0.729 0.0 -0.247 -0.638 0.8 0.0 -0.568 0.193 
0.998 -0.068 0.004 0.012 -0.82 -0.0 -0.569 0.059 -0.775 -0.0 0.017 -0.632 0.835 0.0 -0.545 0.078 0.721 0.0 -0.114 -0.683 -0.745 -0.0 -0.206 -0.634 -0.769 -0.0 -0.622 0.146 0.729 0.0 -0.246 -0.639 0.8 0.0 -0.568 0.194 
0.998 -0.068 0.004 0.012 -0.82 0.0 -0.569 0.059 -0.775 -0.0 0.017 -0.632 0.835 -0.0 -0.545 0.078 0.721 0.0 -0.114 -0.683 -0.745 -0.0 -0.206 -0.635 -0.769 0.0 -0.622 0.145 0.729 0.0 -0.246 -0.639 0.8 0.0 -0.568 0.193 
0.998 -0.068 0.004 0.012 -0.821 -0.0 -0.569 0.059 -0.775 -0.0 0.017 -0.632 0.835 0.0 -0.545 0.078 0.721 0.0 -0.115 -0.683 -0.745 -0.0 -0.206 -0.634 -0.769 -0.0 -0.622 0.146 0.729 0.0 -0.246 -0.639 0.8 0.0 -0.568 0.194 
0.998 -0.068 0.004 0.012 -0.82 -0.0 -0.569 0.059 -0.775 0.0 0.017 -0.632 0.835 0.0 -0.545 0.078 0.721 0.0 -0.115 -0.683 -0.745 -0.0 -0.206 -0.634 -0.769 -0.0 -0.622 0.145 0.729 0.0 -0.246 -0.639 0.8 0.0 -0.568 0.194 
0.998 -0.068 0.004 0.012 -0.82 -0.0 -0.569 0.059 -0.775 -0.0 0.017 -0.632 0.835 0.0 -0.545 0.078 0.721 0.0 -0.114 -0.683 -0.745 -0.0 -0.206 -0.635 -0.769 0.0 -0.622 0.146 0.729 0.0 -0.246 -0.639 0.8 0.0 -0.568 0.194 
0.998 -0.068 0.004 0.012 -0.82 -0.0 -0.569 0.059 -0.775 -0.0 0.017 -0.632 0.835 -0.0 -0.545 0.078 0.721 0.0 -0.114 -0.683 -0.745 0.0 -0.206 -0.634 -0.769 0.0 -0.623 0.146 0.729 -0.0 -0.246 -0.639 0.8 0.0 -0.568 0.194 
0.998 -0.068 0.004 0.012 -0.82 -0.0 -0.569 0.059 -0.775 -0.0 0.017 -0.632 0.835 0.0 -0.545 0.078 0.722 0.0 -0.114 -0.683 -0.745 -0.0 -0.206 -0.634 -0.769 -0.0 -0.622 0.146 0.729 0.0 -0.246 -0.639 0.8 -0.0 -0.568 0.194 
0.998 -0.068 0.004 0.012 -0.82 -0.0 -0.569 0.059 -0.775 0.0 0.017 -0.632 0.835 0.0 -0.545 0.078 0.721 0.0 -0.114 -0.683 -0.745 -0.0 -0.206 -0.635 -0.769 -0.0 -0.622 0.146 0.729 0.0 -0.246 -0.639 0.8 0.0 -0.568 0.194 
0.998 -0.068 0.004 0.012 -0.82 0.0 -0.569 0.059 -0.775 -0.0 0.017 -0.632 0.835 -0.0 -0.545 0.078 0.721 -0.0 -0.114 -0.683 -0.745 0.0 -0.206 -0.634 -0.769 -0.0 -0.623 0.146 0.729 0.0 -0.246 -0.639 0.8 0.0 -0.568 0.193 
0.998 -0.068 0.004 0.012 -0.82 -0.0 -0.57 0.059 -0.775 -0.0 0.017 -0.631 0.835 0.0 -0.545 0.078 0.721 -0.0 -0.114 -0.683 -0.745 -0.0 -0.206 -0.635 -0.769 -0.0 -0.622 0.146 0.729 -0.0 -0.246 -0.639 0.8 0.0 -0.568 0.194 
0.998 -0.068 0.004 0.012 -0.82 -0.0 -0.569 0.059 -0.775 -0.0 0.017 -0.632 0.835 0.0 -0.545 0.078 0.722 0.0 -0.114 -0.683 -0.745 -0.0 -0.206 -0.635 -0.769 -0.0 -0.622 0.146 0.729 -0.0 -0.246 -0.639 0.8 0.0 -0.568 0.194 
0.998 -0.068 0.004 0.012 -0.82 -0.0 -0.569 0.059 -0.775 -0.0 0.018 -0.632 0.835 0.0 -0.545 0.078 0.722 0.0 -0.114 -0.683 -0.745 -0.0 -0.207 -0.634 -0.769 -0.0 -0.622 0.146 0.729 -0.0 -0.246 -0.639 0.8 -0.0 -0.568 0.194 
0.998 -0.068 0.004 0.012 -0.82 -0.0 -0.569 0.059 -0.775 -0.0 0.017 -0.631 0.835 0.0 -0.545 0.078 0.721 -0.0 -0.114 -0.683 -0.745 -0.0 -0.207 -0.634 -0.769 -0.0 -0.622 0.145 0.729 0.0 -0.246 -0.639 0.8 0.0 -0.568 0.194 
0.998 -0.068 0.004 0.012 -0.82 0.0 -0.569 0.059 -0.775 -0.0 0.017 -0.631 0.835 -0.0 -0.545 0.078 0.721 0.0 -0.114 -0.683 -0.745 -0.0 -0.207 -0.635 -0.769 -0.0 -0.622 0.146 0.729 -0.0 -0.246 -0.639 0.8 0.0 -0.568 0.194 
0.998 -0.068 0.004 0.012 -0.82 -0.0 -0.569 0.059 -0.775 -0.0 0.018 -0.632 0.835 0.0 -0.545 0.078 0.721 0.0 -0.114 -0.683 -0.745 -0.0 -0.207 -0.634 -0.769 -0.0 -0.622 0.146 0.729 0.0 -0.246 -0.639 0.8 0.0 -0.568 0.194 
0.998 -0.068 0.005 0.012 -0.82 -0.0 -0.569 0.059 -0.775 -0.0 0.018 -0.631 0.835 0.0 -0.545 0.078 0.722 0.0 -0.114 -0.683 -0.745 -0.0 -0.207 -0.634 -0.769 -0.0 -0.622 0.146 0.729 -0.0 -0.246 -0.639 0.8 0.0 -0.568 0.194 
0.998 -0.068 0.004 0.012 -0.82 -0.0 -0.569 0.059 -0.775 -0.0 0.017 -0.631 0.835 0.0 -0.545 0.078 0.721 0.0 -0.114 -0.683 -0.745 -0.0 -0.207 -0.634 -0.769 0.0 -0.622 0.146 0.729 0.0 -0.246 -0.639 0.8 0.0 -0.568 0.194 
0.998 -0.068 0.005 0.012 -0.82 -0.0 -0.569 0.059 -0.775 0.0 0.017 -0.632 0.835 0.0 -0.545 0.078 0.721 0.0 -0.114 -0.683 -0.745 0.0 -0.207 -0.634 -0.769 0.0 -0.622 0.146 0.729 0.0 -0.247 -0.639 0.8 0.0 -0.568 0.194 
0.998 -0.068 0.004 0.012 -0.82 0.0 -0.569 0.059 -0.775 -0.0 0.017 -0.632 0.835 0.0 -0.545 0.078 0.721 -0.0 -0.114 -0.683 -0.745 -0.0 -0.207 -0.634 -0.769 -0.0 -0.622 0.146 0.729 0.0 -0.247 -0.639 0.8 -0.0 -0.568 0.194 
0.998 -0.068 0.005 0.012 -0.82 0.0 -0.569 0.059 -0.775 -0.0 0.019 -0.632 0.835 0.0 -0.545 0.078 0.721 0.0 -0.114 -0.683 -0.745 -0.0 -0.207 -0.634 -0.769 -0.0 -0.622 0.146 0.729 0.0 -0.247 -0.639 0.8 0.0 -0.568 0.194 
0.998 -0.068 0.004 0.012 -0.82 -0.0 -0.569 0.059 -0.775 0.0 0.019 -0.632 0.835 0.0 -0.545 0.078 0.721 0.0 -0.114 -0.683 -0.745 0.0 -0.207 -0.634 -0.769 0.0 -0.622 0.146 0.729 0.0 -0.247 -0.638 0.8 -0.0 -0.568 0.194 
0.998 -0.068 0.004 0.012 -0.82 -0.0 -0.569 0.059 -0.775 -0.0 0.017 -0.632 0.835 0.0 -0.545 0.078 0.721 0.0 -0.114 -0.683 -0.745 -0.0 -0.207 -0.634 -0.769 -0.0 -0.622 0.146 0.729 -0.0 -0.247 -0.639 0.8 0.0 -0.568 0.194 
0.998 -0.068 0.005 0.012 -0.82 -0.0 -0.569 0.059 -0.775 -0.0 0.017 -0.632 0.835 0.0 -0.545 0.078 0.721 0.0 -0.114 -0.683 -0.745 0.0 -0.207 -0.634 -0.769 -0.0 -0.622 0.146 0.729 0.0 -0.247 -0.639 0.8 0.0 -0.568 0.194 
0.998 -0.069 0.005 0.012 -0.82 0.0 -0.569 0.059 -0.775 0.0 0.019 -0.632 0.835 0.0 -0.545 0.078 0.721 0.0 -0.114 -0.683 -0.745 -0.0 -0.207 -0.634 -0.769 -0.0 -0.622 0.146 0.729 -0.0 -0.247 -0.638 0.801 0.0 -0.567 0.194 
0.998 -0.069 0.005 0.012 -0.82 -0.0 -0.569 0.059 -0.775 -0.0 0.02 -0.632 0.835 0.0 -0.545 0.078 0.721 0.0 -0.115 -0.683 -0.745 -0.0 -0.207 -0.634 -0.769 -0.0 -0.622 0.146 0.729 0.0 -0.247 -0.639 0.8 0.0 -0.568 0.194 
0.998 -0.069 0.005 0.012 -0.82 -0.0 -0.569 0.059 -0.775 -0.0 0.017 -0.632 0.835 0.0 -0.545 0.078 0.721 -0.0 -0.114 -0.683 -0.745 -0.0 -0.207 -0.634 -0.769 -0.0 -0.622 0.146 0.729 -0.0 -0.247 -0.639 0.8 -0.0 -0.568 0.194 
0.998 -0.069 0.004 0.012 -0.82 -0.0 -0.569 0.059 -0.775 -0.0 0.017 -0.632 0.835 -0.0 -0.545 0.078 0.721 -0.0 -0.114 -0.683 -0.745 -0.0 -0.207 -0.634 -0.769 -0.0 -0.622 0.146 0.729 0.0 -0.247 -0.639 0.8 0.0 -0.568 0.194 
0.998 -0.069 0.004 0.012 -0.82 -0.0 -0.569 0.059 -0.775 -0.0 0.017 -0.632 0.835 0.0 -0.545 0.078 0.721 0.0 -0.114 -0.683 -0.745 -0.0 -0.207 -0.634 -0.769 0.0 -0.622 0.146 0.729 0.0 -0.247 -0.639 0.8 0.0 -0.568 0.194 
0.998 -0.069 0.005 0.012 -0.82 0.0 -0.569 0.059 -0.775 -0.0 0.017 -0.632 0.835 0.0 -0.545 0.078 0.721 0.0 -0.114 -0.683 -0.745 -0.0 -0.207 -0.634 -0.769 0.0 -0.622 0.146 0.729 0.0 -0.247 -0.639 0.8 0.0 -0.568 0.194 
0.998 -0.069 0.004 0.012 -0.82 -0.0 -0.569 0.059 -0.775 -0.0 0.018 -0.632 0.835 0.0 -0.545 0.078 0.721 0.0 -0.114 -0.683 -0.745 0.0 -0.207 -0.634 -0.769 0.0 -0.622 0.146 0.729 0.0 -0.247 -0.638 0.8 0.0 -0.568 0.194 
0.998 -0.069 0.005 0.012 -0.82 0.0 -0.569 0.059 -0.775 -0.0 0.017 -0.632 0.835 0.0 -0.545 0.078 0.721 0.0 -0.114 -0.683 -0.745 -0.0 -0.207 -0.634 -0.769 0.0 -0.622 0.146 0.729 0.0 -0.247 -0.638 0.8 0.0 -0.568 0.194 
0.998 -0.069 0.004 0.012 -0.82 0.0 -0.569 0.059 -0.775 -0.0 0.017 -0.632 0.835 0.0 -0.545 0.078 0.721 0.0 -0.115 -0.683 -0.745 -0.0 -0.207 -0.634 -0.769 -0.0 -0.622 0.146 0.729 0.0 -0.247 -0.638 0.8 -0.0 -0.568 0.195 
0.998 -0.069 0.004 0.012 -0.82 -0.0 -0.569 0.059 -0.775 -0.0 0.017 -0.632 0.835 -0.0 -0.545 0.078 0.722 -0.0 -0.115 -0.683 -0.745 0.0 -0.207 -0.634 -0.769 -0.0 -0.622 0.146 0.729 -0.0 -0.247 -0.639 0.8 -0.0 -0.568 0.194 
0.998 -0.069 0.004 0.012 -0.82 -0.0 -0.569 0.06 -0.775 -0.0 0.017 -0.632 0.835 0.0 -0.545 0.078 0.721 0.0 -0.115 -0.683 -0.745 -0.0 -0.207 -0.634 -0.769 -0.0 -0.622 0.147 0.729 -0.0 -0.247 -0.639 0.8 0.0 -0.568 0.194 
0.998 -0.069 0.005 0.012 -0.82 0.0 -0.569 0.06 -0.775 -0.0 0.017 -0.632 0.835 -0.0 -0.545 0.078 0.721 0.0 -0.115 -0.683 -0.745 -0.0 -0.207 -0.634 -0.769 -0.0 -0.622 0.146 0.729 -0.0 -0.247 -0.639 0.8 0.0 -0.568 0.194 
0.998 -0.069 0.004 0.012 -0.82 0.0 -0.569 0.06 -0.775 -0.0 0.019 -0.632 0.835 -0.0 -0.545 0.078 0.721 0.0 -0.115 -0.683 -0.745 -0.0 -0.207 -0.634 -0.769 -0.0 -0.622 0.147 0.729 0.0 -0.247 -0.639 0.8 -0.0 -0.568 0.194 
0.998 -0.069 0.005 0.012 -0.82 -0.0 -0.569 0.06 -0.775 -0.0 0.019 -0.632 0.835 0.0 -0.545 0.078 0.721 0.0 -0.115 -0.683 -0.745 0.0 -0.207 -0.634 -0.769 -0.0 -0.622 0.146 0.729 0.0 -0.247 -0.639 0.8 -0.0 -0.568 0.194 
0.998 -0.069 0.004 0.012 -0.82 -0.0 -0.569 0.06 -0.775 -0.0 0.018 -0.632 0.835 0.0 -0.545 0.078 0.721 0.0 -0.115 -0.683 -0.745 -0.0 -0.207 -0.634 -0.769 -0.0 -0.622 0.146 0.729 -0.0 -0.247 -0.638 0.8 0.0 -0.567 0.194 
0.998 -0.069 0.004 0.012 -0.82 -0.0 -0.569 0.06 -0.775 -0.0 0.018 -0.632 0.835 0.0 -0.545 0.078 0.721 0.0 -0.115 -0.683 -0.745 0.0 -0.207 -0.634 -0.769 0.0 -0.622 0.146 0.729 -0.0 -0.247 -0.638 0.8 -0.0 -0.568 0.194 
0.998 -0.069 0.004 0.012 -0.82 -0.0 -0.569 0.06 -0.775 -0.0 0.019 -0.632 0.835 0.0 -0.545 0.078 0.721 0.0 -0.115 -0.683 -0.745 -0.0 -0.207 -0.634 -0.769 0.0 -0.622 0.146 0.729 0.0 -0.247 -0.639 0.8 0.0 -0.568 0.194 
0.998 -0.069 0.005 0.012 -0.82 -0.0 -0.569 0.06 -0.775 -0.0 0.019 -0.632 0.835 -0.0 -0.545 0.078 0.721 0.0 -0.114 -0.683 -0.745 0.0 -0.207 -0.634 -0.769 -0.0 -0.622 0.146 0.729 0.0 -0.247 -0.639 0.8 0.0 -0.568 0.194 
0.998 -0.069 0.004 0.012 -0.82 0.0 -0.569 0.06 -0.775 -0.0 0.02 -0.632 0.835 0.0 -0.545 0.078 0.721 0.0 -0.115 -0.683 -0.745 -0.0 -0.207 -0.634 -0.769 -0.0 -0.622 0.146 0.729 0.0 -0.247 -0.639 0.8 0.0 -0.568 0.194 
0.998 -0.069 0.005 0.012 -0.82 0.0 -0.569 0.06 -0.775 0.0 0.017 -0.631 0.835 0.0 -0.545 0.078 0.721 0.0 -0.114 -0.683 -0.745 -0.0 -0.207 -0.634 -0.769 0.0 -0.622 0.146 0.729 0.0 -0.247 -0.639 0.8 -0.0 -0.568 0.194 
0.998 -0.069 0.005 0.012 -0.82 -0.0 -0.569 0.06 -0.775 -0.0 0.019 -0.632 0.835 -0.0 -0.545 0.078 0.721 -0.0 -0.114 -0.683 -0.745 -0.0 -0.207 -0.634 -0.769 -0.0 -0.622 0.146 0.729 0.0 -0.247 -0.639 0.8 -0.0 -0.568 0.194 
0.998 -0.069 0.004 0.012 -0.82 0.0 -0.569 0.06 -0.775 -0.0 0.017 -0.631 0.835 -0.0 -0.545 0.078 0.721 0.0 -0.114 -0.683 -0.745 -0.0 -0.207 -0.634 -0.769 -0.0 -0.622 0.146 0.729 0.0 -0.247 -0.639 0.8 0.0 -0.568 0.194 
0.998 -0.069 0.005 0.012 -0.82 0.0 -0.569 0.06 -0.775 -0.0 0.017 -0.631 0.835 0.0 -0.545 0.078 0.721 0.0 -0.114 -0.683 -0.745 0.0 -0.207 -0.634 -0.769 -0.0 -0.622 0.146 0.729 0.0 -0.247 -0.639 0.8 0.0 -0.568 0.194 
0.998 -0.069 0.004 0.012 -0.82 0.0 -0.569 0.06 -0.775 -0.0 0.019 -0.632 0.835 0.0 -0.545 0.078 0.721 0.0 -0.114 -0.683 -0.745 -0.0 -0.207 -0.634 -0.769 -0.0 -0.622 0.146 0.729 0.0 -0.247 -0.639 0.8 0.0 -0.568 0.194 
0.998 -0.069 0.005 0.012 -0.82 -0.0 -0.569 0.06 -0.775 -0.0 0.018 -0.632 0.835 0.0 -0.545 0.078 0.721 0.0 -0.114 -0.683 -0.745 -0.0 -0.207 -0.634 -0.769 -0.0 -0.622 0.146 0.729 -0.0 -0.247 -0.638 0.8 0.0 -0.568 0.194 
0.998 -0.069 0.004 0.012 -0.82 -0.0 -0.569 0.06 -0.775 0.0 0.019 -0.631 0.835 -0.0 -0.545 0.078 0.721 0.0 -0.114 -0.683 -0.745 -0.0 -0.207 -0.634 -0.769 -0.0 -0.622 0.146 0.729 -0.0 -0.247 -0.638 0.8 0.0 -0.568 0.194 
0.998 -0.069 0.005 0.012 -0.82 0.0 -0.569 0.06 -0.775 0.0 0.019 -0.632 0.835 0.0 -0.545 0.078 0.721 0.0 -0.114 -0.683 -0.745 -0.0 -0.207 -0.634 -0.769 -0.0 -0.622 0.146 0.729 0.0 -0.247 -0.638 0.8 0.0 -0.568 0.194 
0.998 -0.069 0.005 0.012 -0.82 0.0 -0.569 0.06 -0.775 -0.0 0.017 -0.631 0.835 0.0 -0.545 0.078 0.721 0.0 -0.114 -0.683 -0.745 -0.0 -0.207 -0.634 -0.769 -0.0 -0.622 0.147 0.729 -0.0 -0.247 -0.639 0.8 0.0 -0.568 0.195 
0.998 -0.069 0.004 0.012 -0.82 -0.0 -0.569 0.06 -0.775 -0.0 0.019 -0.632 0.835 0.0 -0.545 0.078 0.721 0.0 -0.114 -0.683 -0.745 -0.0 -0.207 -0.634 -0.769 -0.0 -0.622 0.146 0.729 0.0 -0.247 -0.639 0.8 0.0 -0.568 0.194 
0.998 -0.069 0.004 0.012 -0.82 -0.0 -0.569 0.06 -0.775 -0.0 0.019 -0.632 0.835 -0.0 -0.545 0.079 0.721 -0.0 -0.114 -0.683 -0.745 -0.0 -0.207 -0.634 -0.769 -0.0 -0.622 0.146 0.729 0.0 -0.247 -0.638 0.8 0.0 -0.568 0.194 
0.998 -0.069 0.004 0.012 -0.82 0.0 -0.57 0.06 -0.775 -0.0 0.019 -0.632 0.835 0.0 -0.545 0.078 0.721 0.0 -0.114 -0.683 -0.745 -0.0 -0.207 -0.634 -0.769 -0.0 -0.622 0.146 0.729 0.0 -0.247 -0.638 0.8 0.0 -0.568 0.194 
0.998 -0.069 0.004 0.012 -0.82 -0.0 -0.569 0.06 -0.775 -0.0 0.019 -0.632 0.835 0.0 -0.545 0.078 0.721 0.0 -0.114 -0.683 -0.745 -0.0 -0.207 -0.634 -0.769 -0.0 -0.622 0.146 0.729 0.0 -0.247 -0.638 0.8 -0.0 -0.568 0.194 
0.998 -0.069 0.004 0.012 -0.82 -0.0 -0.569 0.06 -0.775 -0.0 0.019 -0.632 0.835 0.0 -0.545 0.079 0.721 0.0 -0.114 -0.683 -0.745 -0.0 -0.207 -0.634 -0.769 -0.0 -0.622 0.146 0.729 0.0 -0.247 -0.639 0.8 0.0 -0.568 0.194 
0.998 -0.069 0.004 0.012 -0.82 -0.0 -0.569 0.06 -0.775 -0.0 0.017 -0.632 0.835 -0.0 -0.545 0.079 0.721 0.0 -0.114 -0.683 -0.745 0.0 -0.207 -0.634 -0.769 -0.0 -0.622 0.146 0.729 0.0 -0.247 -0.639 0.8 -0.0 -0.568 0.194 
0.998 -0.069 0.005 0.012 -0.82 -0.0 -0.569 0.06 -0.775 -0.0 0.019 -0.632 0.835 0.0 -0.545 0.078 0.721 -0.0 -0.114 -0.683 -0.745 -0.0 -0.207 -0.634 -0.769 0.0 -0.622 0.146 0.729 0.0 -0.247 -0.639 0.8 -0.0 -0.568 0.194 
0.998 -0.069 0.004 0.012 -0.82 -0.0 -0.569 0.06 -0.775 -0.0 0.019 -0.632 0.835 0.0 -0.545 0.078 0.721 0.0 -0.114 -0.683 -0.745 -0.0 -0.207 -0.634 -0.769 -0.0 -0.622 0.146 0.729 0.0 -0.247 -0.639 0.8 -0.0 -0.568 0.195 
0.998 -0.069 0.004 0.012 -0.82 0.0 -0.569 0.06 -0.775 -0.0 0.019 -0.632 0.835 0.0 -0.545 0.078 0.721 0.0 -0.114 -0.683 -0.745 -0.0 -0.207 -0.634 -0.769 -0.0 -0.622 0.147 0.729 0.0 -0.247 -0.639 0.8 0.0 -0.568 0.194 
0.998 -0.069 0.005 0.012 -0.82 -0.0 -0.569 0.06 -0.775 0.0 0.016 -0.631 0.835 0.0 -0.545 0.078 0.721 0.0 -0.114 -0.683 -0.745 -0.0 -0.207 -0.634 -0.769 -0.0 -0.622 0.146 0.729 0.0 -0.247 -0.638 0.8 -0.0 -0.568 0.194 
0.998 -0.069 0.004 0.012 -0.82 0.0 -0.57 0.06 -0.775 -0.0 0.019 -0.632 0.835 0.0 -0.545 0.078 0.721 0.0 -0.114 -0.683 -0.745 -0.0 -0.207 -0.634 -0.769 -0.0 -0.622 0.146 0.729 -0.0 -0.247 -0.638 0.8 0.0 -0.568 0.194 
0.998 -0.069 0.005 0.012 -0.82 -0.0 -0.569 0.06 -0.775 -0.0 0.017 -0.631 0.835 0.0 -0.545 0.078 0.721 0.0 -0.114 -0.683 -0.745 -0.0 -0.207 -0.634 -0.769 -0.0 -0.622 0.147 0.729 0.0 -0.247 -0.638 0.8 0.0 -0.568 0.194 
0.998 -0.069 0.004 0.012 -0.82 -0.0 -0.569 0.06 -0.775 -0.0 0.019 -0.632 0.835 -0.0 -0.545 0.079 0.721 0.0 -0.114 -0.683 -0.745 -0.0 -0.207 -0.634 -0.769 0.0 -0.622 0.146 0.729 0.0 -0.247 -0.638 0.8 -0.0 -0.568 0.194 
0.998 -0.069 0.004 0.012 -0.82 -0.0 -0.569 0.06 -0.775 0.0 0.018 -0.631 0.835 -0.0 -0.545 0.078 0.721 0.0 -0.114 -0.683 -0.745 -0.0 -0.207 -0.634 -0.769 0.0 -0.622 0.147 0.729 -0.0 -0.247 -0.639 0.8 0.0 -0.568 0.194 
0.998 -0.069 0.005 0.012 -0.82 -0.0 -0.569 0.06 -0.775 -0.0 0.019 -0.632 0.835 -0.0 -0.545 0.078 0.721 0.0 -0.114 -0.683 -0.745 -0.0 -0.207 -0.634 -0.769 -0.0 -0.622 0.146 0.729 0.0 -0.247 -0.639 0.8 0.0 -0.568 0.195 
0.998 -0.069 0.005 0.012 -0.82 0.0 -0.569 0.06 -0.775 0.0 0.019 -0.632 0.835 0.0 -0.545 0.079 0.721 0.0 -0.114 -0.683 -0.745 0.0 -0.207 -0.634 -0.769 0.0 -0.622 0.147 0.729 0.0 -0.247 -0.639 0.8 -0.0 -0.568 0.195 
0.998 -0.069 0.005 0.012 -0.82 -0.0 -0.569 0.06 -0.775 -0.0 0.017 -0.632 0.835 0.0 -0.545 0.078 0.721 0.0 -0.114 -0.683 -0.745 -0.0 -0.207 -0.634 -0.769 0.0 -0.622 0.146 0.729 0.0 -0.247 -0.639 0.8 0.0 -0.568 0.194 
0.998 -0.069 0.005 0.012 -0.82 0.0 -0.569 0.06 -0.775 -0.0 0.018 -0.631 0.835 0.0 -0.545 0.078 0.721 0.0 -0.114 -0.683 -0.745 -0.0 -0.207 -0.634 -0.769 0.0 -0.622 0.146 0.729 -0.0 -0.247 -0.639 0.8 0.0 -0.568 0.194 
0.998 -0.069 0.004 0.012 -0.82 0.0 -0.569 0.06 -0.775 -0.0 0.018 -0.631 0.835 0.0 -0.545 0.078 0.721 0.0 -0.114 -0.683 -0.745 -0.0 -0.207 -0.634 -0.769 -0.0 -0.622 0.146 0.729 -0.0 -0.247 -0.639 0.8 0.0 -0.568 0.194 
0.998 -0.069 0.005 0.012 -0.82 -0.0 -0.569 0.06 -0.775 -0.0 0.019 -0.632 0.835 -0.0 -0.545 0.078 0.721 0.0 -0.114 -0.683 -0.745 -0.0 -0.207 -0.634 -0.769 -0.0 -0.622 0.146 0.729 -0.0 -0.247 -0.638 0.8 0.0 -0.567 0.194 
0.998 -0.069 0.004 0.012 -0.82 -0.0 -0.569 0.06 -0.775 -0.0 0.017 -0.632 0.835 -0.0 -0.545 0.078 0.721 0.0 -0.114 -0.683 -0.745 0.0 -0.207 -0.634 -0.769 -0.0 -0.622 0.146 0.729 0.0 -0.247 -0.639 0.8 0.0 -0.568 0.194 
0.998 -0.069 0.005 0.012 -0.82 -0.0 -0.569 0.06 -0.775 -0.0 0.017 -0.631 0.835 0.0 -0.545 0.078 0.721 0.0 -0.114 -0.683 -0.745 -0.0 -0.207 -0.634 -0.769 -0.0 -0.622 0.146 0.729 0.0 -0.247 -0.639 0.8 0.0 -0.568 0.194 
0.998 -0.069 0.005 0.012 -0.82 -0.0 -0.569 0.06 -0.775 -0.0 0.019 -0.632 0.835 0.0 -0.545 0.078 0.721 0.0 -0.114 -0.683 -0.745 -0.0 -0.207 -0.634 -0.769 0.0 -0.622 0.146 0.729 0.0 -0.247 -0.639 0.8 0.0 -0.568 0.194 
0.998 -0.069 0.005 0.012 -0.82 -0.0 -0.57 0.06 -0.775 0.0 0.019 -0.632 0.835 -0.0 -0.545 0.078 0.721 0.0 -0.113 -0.683 -0.745 -0.0 -0.207 -0.634 -0.769 -0.0 -0.622 0.146 0.729 0.0 -0.247 -0.639 0.8 0.0 -0.568 0.194 
0.998 -0.069 0.005 0.012 -0.82 0.0 -0.569 0.06 -0.775 -0.0 0.017 -0.631 0.835 0.0 -0.545 0.079 0.721 0.0 -0.114 -0.683 -0.745 -0.0 -0.207 -0.634 -0.769 -0.0 -0.622 0.147 0.729 0.0 -0.247 -0.639 0.8 0.0 -0.568 0.194 
0.998 -0.069 0.005 0.012 -0.82 -0.0 -0.569 0.06 -0.775 -0.0 0.017 -0.632 0.835 0.0 -0.545 0.079 0.721 0.0 -0.114 -0.683 -0.745 -0.0 -0.207 -0.634 -0.769 -0.0 -0.622 0.146 0.729 0.0 -0.247 -0.639 0.8 0.0 -0.568 0.194 
0.998 -0.069 0.005 0.012 -0.82 -0.0 -0.569 0.06 -0.775 0.0 0.017 -0.631 0.835 0.0 -0.545 0.079 0.721 0.0 -0.114 -0.683 -0.745 -0.0 -0.207 -0.634 -0.769 0.0 -0.622 0.146 0.729 0.0 -0.247 -0.639 0.8 0.0 -0.568 0.194 
0.998 -0.069 0.004 0.012 -0.82 -0.0 -0.57 0.06 -0.775 -0.0 0.019 -0.632 0.835 0.0 -0.545 0.079 0.721 0.0 -0.113 -0.683 -0.745 -0.0 -0.207 -0.634 -0.769 -0.0 -0.622 0.146 0.729 0.0 -0.247 -0.639 0.8 0.0 -0.568 0.194 
0.998 -0.069 0.004 0.012 -0.82 0.0 -0.569 0.06 -0.775 -0.0 0.017 -0.631 0.835 0.0 -0.545 0.079 0.721 0.0 -0.113 -0.683 -0.745 -0.0 -0.207 -0.634 -0.769 -0.0 -0.622 0.146 0.729 0.0 -0.247 -0.638 0.8 0.0 -0.568 0.194 
0.998 -0.069 0.004 0.012 -0.82 -0.0 -0.569 0.06 -0.775 -0.0 0.018 -0.631 0.835 0.0 -0.545 0.079 0.721 -0.0 -0.114 -0.683 -0.745 -0.0 -0.207 -0.634 -0.769 -0.0 -0.622 0.147 0.729 0.0 -0.247 -0.639 0.8 0.0 -0.568 0.194 
0.998 -0.069 0.004 0.012 -0.82 -0.0 -0.569 0.06 -0.775 -0.0 0.017 -0.631 0.835 0.0 -0.545 0.079 0.721 0.0 -0.113 -0.683 -0.745 0.0 -0.207 -0.634 -0.769 -0.0 -0.622 0.146 0.729 -0.0 -0.247 -0.639 0.8 0.0 -0.568 0.195 
0.998 -0.069 0.005 0.012 -0.82 -0.0 -0.569 0.06 -0.775 -0.0 0.018 -0.631 0.835 0.0 -0.545 0.079 0.721 0.0 -0.114 -0.683 -0.745 0.0 -0.207 -0.634 -0.769 -0.0 -0.622 0.147 0.729 0.0 -0.247 -0.639 0.8 -0.0 -0.568 0.194 
0.998 -0.069 0.004 0.012 -0.82 -0.0 -0.57 0.06 -0.775 -0.0 0.019 -0.632 0.835 0.0 -0.545 0.079 0.721 0.0 -0.113 -0.683 -0.745 -0.0 -0.207 -0.634 -0.769 0.0 -0.622 0.146 0.729 0.0 -0.247 -0.638 0.8 0.0 -0.568 0.194 
0.998 -0.069 0.005 0.012 -0.82 -0.0 -0.569 0.06 -0.775 -0.0 0.017 -0.631 0.835 -0.0 -0.545 0.079 0.721 0.0 -0.114 -0.683 -0.745 -0.0 -0.207 -0.634 -0.769 -0.0 -0.622 0.146 0.729 0.0 -0.247 -0.639 0.8 0.0 -0.568 0.194 
0.998 -0.069 0.005 0.012 -0.82 -0.0 -0.569 0.06 -0.775 -0.0 0.017 -0.631 0.835 0.0 -0.545 0.079 0.721 -0.0 -0.113 -0.683 -0.745 -0.0 -0.207 -0.634 -0.769 -0.0 -0.622 0.146 0.729 -0.0 -0.247 -0.638 0.8 -0.0 -0.568 0.194 
0.998 -0.069 0.004 0.012 -0.82 -0.0 -0.569 0.06 -0.775 0.0 0.016 -0.632 0.835 0.0 -0.545 0.079 0.721 0.0 -0.113 -0.683 -0.745 -0.0 -0.207 -0.634 -0.769 -0.0 -0.622 0.147 0.729 0.0 -0.247 -0.639 0.8 -0.0 -0.568 0.195 
0.998 -0.069 0.005 0.012 -0.82 -0.0 -0.569 0.06 -0.775 -0.0 0.017 -0.631 0.835 0.0 -0.545 0.079 0.721 -0.0 -0.114 -0.683 -0.745 -0.0 -0.207 -0.634 -0.769 0.0 -0.622 0.147 0.729 0.0 -0.247 -0.639 0.8 0.0 -0.568 0.195 
0.998 -0.069 0.004 0.012 -0.82 -0.0 -0.569 0.06 -0.776 -0.0 0.017 -0.631 0.835 -0.0 -0.545 0.079 0.721 0.0 -0.113 -0.683 -0.745 -0.0 -0.207 -0.634 -0.769 -0.0 -0.622 0.146 0.729 0.0 -0.247 -0.639 0.8 0.0 -0.568 0.195 
0.998 -0.069 0.005 0.012 -0.82 -0.0 -0.569 0.06 -0.775 -0.0 0.017 -0.632 0.835 -0.0 -0.545 0.078 0.721 0.0 -0.114 -0.683 -0.745 0.0 -0.207 -0.634 -0.769 -0.0 -0.622 0.146 0.729 0.0 -0.247 -0.639 0.8 0.0 -0.568 0.194 
0.998 -0.069 0.004 0.012 -0.82 -0.0 -0.569 0.06 -0.775 -0.0 0.017 -0.631 0.835 0.0 -0.545 0.079 0.721 0.0 -0.114 -0.683 -0.745 -0.0 -0.207 -0.634 -0.769 -0.0 -0.622 0.147 0.729 0.0 -0.247 -0.639 0.8 0.0 -0.568 0.195 
0.998 -0.069 0.004 0.012 -0.82 -0.0 -0.569 0.06 -0.775 -0.0 0.017 -0.631 0.835 0.0 -0.545 0.079 0.721 -0.0 -0.113 -0.683 -0.745 0.0 -0.207 -0.634 -0.769 -0.0 -0.622 0.146 0.729 0.0 -0.247 -0.639 0.8 0.0 -0.568 0.194 
0.998 -0.069 0.004 0.012 -0.82 -0.0 -0.569 0.06 -0.775 0.0 0.018 -0.631 0.835 0.0 -0.545 0.079 0.721 0.0 -0.114 -0.683 -0.745 -0.0 -0.207 -0.634 -0.769 -0.0 -0.622 0.146 0.729 0.0 -0.247 -0.638 0.8 0.0 -0.568 0.195 
0.998 -0.069 0.004 0.012 -0.82 -0.0 -0.569 0.06 -0.775 -0.0 0.017 -0.632 0.835 -0.0 -0.545 0.079 0.721 0.0 -0.113 -0.683 -0.745 -0.0 -0.207 -0.634 -0.769 -0.0 -0.622 0.146 0.729 -0.0 -0.247 -0.638 0.8 0.0 -0.568 0.194 
0.998 -0.069 0.004 0.012 -0.82 -0.0 -0.569 0.06 -0.775 -0.0 0.017 -0.631 0.835 0.0 -0.545 0.078 0.721 -0.0 -0.113 -0.683 -0.745 -0.0 -0.207 -0.634 -0.769 0.0 -0.622 0.147 0.729 0.0 -0.247 -0.638 0.8 0.0 -0.568 0.195 
0.998 -0.069 0.004 0.012 -0.82 0.0 -0.57 0.06 -0.775 -0.0 0.019 -0.632 0.835 -0.0 -0.545 0.079 0.721 0.0 -0.114 -0.683 -0.745 -0.0 -0.207 -0.634 -0.769 0.0 -0.622 0.146 0.729 0.0 -0.247 -0.638 0.8 0.0 -0.568 0.194 
0.998 -0.069 0.004 0.012 -0.82 -0.0 -0.569 0.06 -0.775 -0.0 0.017 -0.631 0.835 0.0 -0.545 0.079 0.721 0.0 -0.114 -0.683 -0.745 -0.0 -0.207 -0.634 -0.769 0.0 -0.622 0.147 0.729 -0.0 -0.247 -0.638 0.8 0.0 -0.568 0.194 
0.998 -0.069 0.004 0.012 -0.82 -0.0 -0.569 0.06 -0.775 -0.0 0.018 -0.631 0.835 0.0 -0.545 0.079 0.721 0.0 -0.114 -0.683 -0.745 -0.0 -0.207 -0.634 -0.769 -0.0 -0.622 0.147 0.729 -0.0 -0.247 -0.639 0.8 0.0 -0.568 0.195 
0.998 -0.069 0.004 0.012 -0.82 -0.0 -0.569 0.06 -0.775 -0.0 0.018 -0.631 0.835 -0.0 -0.545 0.079 0.721 0.0 -0.113 -0.683 -0.745 -0.0 -0.207 -0.634 -0.769 -0.0 -0.622 0.146 0.729 -0.0 -0.247 -0.638 0.8 0.0 -0.568 0.194 
0.998 -0.069 0.004 0.012 -0.819 -0.0 -0.57 0.06 -0.775 0.0 0.019 -0.632 0.835 0.0 -0.545 0.079 0.721 0.0 -0.114 -0.683 -0.745 -0.0 -0.207 -0.634 -0.769 0.0 -0.622 0.147 0.729 0.0 -0.248 -0.638 0.8 -0.0 -0.567 0.194 
0.998 -0.069 0.004 0.012 -0.82 0.0 -0.569 0.06 -0.776 -0.0 0.016 -0.631 0.835 0.0 -0.545 0.079 0.721 -0.0 -0.114 -0.683 -0.745 -0.0 -0.207 -0.634 -0.769 -0.0 -0.622 0.146 0.729 0.0 -0.247 -0.638 0.8 0.0 -0.568 0.195 
0.998 -0.069 0.005 0.012 -0.82 -0.0 -0.569 0.06 -0.775 -0.0 0.018 -0.631 0.835 -0.0 -0.545 0.079 0.721 0.0 -0.114 -0.683 -0.745 -0.0 -0.207 -0.634 -0.769 0.0 -0.622 0.146 0.729 0.0 -0.247 -0.638 0.8 0.0 -0.568 0.195 
0.998 -0.069 0.005 0.012 -0.82 0.0 -0.569 0.06 -0.776 -0.0 0.016 -0.631 0.835 0.0 -0.545 0.079 0.721 0.0 -0.114 -0.683 -0.745 0.0 -0.207 -0.634 -0.769 -0.0 -0.622 0.147 0.729 -0.0 -0.247 -0.638 0.8 0.0 -0.568 0.195 
0.998 -0.069 0.004 0.012 -0.82 0.0 -0.569 0.06 -0.775 -0.0 0.017 -0.631 0.835 0.0 -0.545 0.079 0.721 0.0 -0.114 -0.683 -0.745 0.0 -0.207 -0.634 -0.769 0.0 -0.622 0.146 0.729 0.0 -0.247 -0.639 0.8 0.0 -0.568 0.195 
0.998 -0.069 0.004 0.012 -0.82 0.0 -0.569 0.06 -0.776 -0.0 0.018 -0.631 0.835 0.0 -0.545 0.079 0.721 0.0 -0.114 -0.683 -0.745 0.0 -0.207 -0.634 -0.769 -0.0 -0.622 0.147 0.729 0.0 -0.247 -0.638 0.8 0.0 -0.568 0.195 
0.998 -0.069 0.004 0.012 -0.82 -0.0 -0.569 0.06 -0.776 -0.0 0.017 -0.631 0.835 -0.0 -0.545 0.079 0.721 0.0 -0.114 -0.683 -0.745 -0.0 -0.207 -0.634 -0.769 -0.0 -0.622 0.147 0.729 0.0 -0.247 -0.638 0.8 0.0 -0.568 0.194 
0.998 -0.069 0.004 0.012 -0.82 -0.0 -0.569 0.061 -0.775 -0.0 0.017 -0.631 0.835 -0.0 -0.545 0.079 0.721 0.0 -0.114 -0.683 -0.745 0.0 -0.207 -0.634 -0.769 -0.0 -0.622 0.147 0.729 0.0 -0.247 -0.638 0.8 0.0 -0.568 0.194 
0.998 -0.069 0.004 0.012 -0.82 -0.0 -0.569 0.06 -0.776 -0.0 0.018 -0.631 0.835 -0.0 -0.545 0.079 0.721 0.0 -0.114 -0.683 -0.745 0.0 -0.207 -0.634 -0.769 -0.0 -0.622 0.146 0.729 -0.0 -0.247 -0.638 0.8 -0.0 -0.568 0.194 
0.998 -0.069 0.004 0.012 -0.82 -0.0 -0.569 0.06 -0.776 -0.0 0.018 -0.631 0.835 0.0 -0.545 0.079 0.721 -0.0 -0.114 -0.683 -0.745 -0.0 -0.207 -0.634 -0.769 0.0 -0.622 0.147 0.729 0.0 -0.247 -0.638 0.8 0.0 -0.568 0.194 
0.998 -0.069 0.004 0.012 -0.82 0.0 -0.569 0.06 -0.776 -0.0 0.018 -0.631 0.835 0.0 -0.545 0.079 0.721 0.0 -0.114 -0.683 -0.745 -0.0 -0.207 -0.634 -0.769 -0.0 -0.622 0.147 0.729 0.0 -0.247 -0.638 0.8 0.0 -0.568 0.195 
0.998 -0.069 0.005 0.012 -0.82 -0.0 -0.569 0.061 -0.776 -0.0 0.017 -0.631 0.835 0.0 -0.545 0.079 0.721 0.0 -0.114 -0.683 -0.745 -0.0 -0.207 -0.634 -0.769 -0.0 -0.622 0.147 0.729 0.0 -0.247 -0.639 0.8 -0.0 -0.568 0.195 
0.998 -0.069 0.005 0.012 -0.82 -0.0 -0.569 0.06 -0.776 0.0 0.017 -0.631 0.835 0.0 -0.545 0.079 0.721 0.0 -0.114 -0.683 -0.745 -0.0 -0.207 -0.634 -0.769 -0.0 -0.622 0.147 0.729 -0.0 -0.247 -0.638 0.8 0.0 -0.568 0.194 
0.998 -0.069 0.005 0.012 -0.82 -0.0 -0.569 0.061 -0.776 -0.0 0.017 -0.631 0.835 0.0 -0.545 0.079 0.721 0.0 -0.114 -0.683 -0.745 -0.0 -0.207 -0.634 -0.769 0.0 -0.622 0.147 0.729 0.0 -0.247 -0.638 0.8 0.0 -0.568 0.194 
0.998 -0.069 0.004 0.012 -0.82 -0.0 -0.569 0.061 -0.775 0.0 0.017 -0.631 0.835 0.0 -0.545 0.079 0.721 -0.0 -0.114 -0.683 -0.745 -0.0 -0.207 -0.634 -0.769 -0.0 -0.622 0.147 0.729 0.0 -0.248 -0.638 0.8 0.0 -0.567 0.194 
0.998 -0.069 0.004 0.012 -0.82 -0.0 -0.569 0.061 -0.775 -0.0 0.017 -0.631 0.835 -0.0 -0.545 0.079 0.721 -0.0 -0.114 -0.683 -0.745 -0.0 -0.207 -0.634 -0.769 0.0 -0.622 0.147 0.729 0.0 -0.247 -0.638 0.8 0.0 -0.568 0.194 
0.998 -0.069 0.005 0.012 -0.82 0.0 -0.569 0.061 -0.776 -0.0 0.017 -0.631 0.835 0.0 -0.545 0.079 0.721 0.0 -0.114 -0.683 -0.745 0.0 -0.207 -0.634 -0.769 -0.0 -0.622 0.146 0.729 0.0 -0.247 -0.638 0.8 0.0 -0.568 0.195 
0.998 -0.069 0.005 0.012 -0.82 0.0 -0.569 0.061 -0.775 -0.0 0.017 -0.631 0.835 -0.0 -0.545 0.079 0.721 0.0 -0.114 -0.683 -0.745 -0.0 -0.207 -0.634 -0.769 0.0 -0.622 0.147 0.729 0.0 -0.247 -0.638 0.8 0.0 -0.568 0.194 
0.998 -0.069 0.005 0.012 -0.82 -0.0 -0.57 0.061 -0.775 0.0 0.019 -0.631 0.835 -0.0 -0.545 0.079 0.721 0.0 -0.114 -0.683 -0.745 -0.0 -0.207 -0.634 -0.769 -0.0 -0.622 0.146 0.729 0.0 -0.247 -0.638 0.8 0.0 -0.568 0.195 
0.998 -0.069 0.005 0.012 -0.82 -0.0 -0.569 0.061 -0.775 -0.0 0.018 -0.631 0.835 0.0 -0.545 0.079 0.721 0.0 -0.114 -0.683 -0.745 -0.0 -0.207 -0.634 -0.769 -0.0 -0.622 0.147 0.729 -0.0 -0.247 -0.638 0.8 0.0 -0.568 0.195 
0.998 -0.069 0.005 0.012 -0.82 -0.0 -0.569 0.061 -0.776 -0.0 0.016 -0.631 0.835 0.0 -0.545 0.079 0.721 -0.0 -0.114 -0.683 -0.745 0.0 -0.207 -0.634 -0.769 -0.0 -0.622 0.147 0.729 -0.0 -0.247 -0.638 0.8 -0.0 -0.568 0.195 
0.998 -0.069 0.005 0.012 -0.82 -0.0 -0.569 0.061 -0.775 -0.0 0.017 -0.631 0.835 0.0 -0.545 0.079 0.721 0.0 -0.114 -0.683 -0.745 0.0 -0.207 -0.634 -0.769 0.0 -0.622 0.147 0.729 0.0 -0.247 -0.638 0.8 0.0 -0.568 0.194 
0.998 -0.069 0.005 0.012 -0.82 -0.0 -0.569 0.061 -0.776 0.0 0.016 -0.631 0.835 0.0 -0.545 0.079 0.721 0.0 -0.114 -0.683 -0.745 -0.0 -0.207 -0.634 -0.769 -0.0 -0.622 0.147 0.729 0.0 -0.247 -0.638 0.8 0.0 -0.568 0.195 
0.998 -0.069 0.005 0.012 -0.819 -0.0 -0.57 0.061 -0.775 -0.0 0.02 -0.631 0.835 -0.0 -0.545 0.079 0.721 0.0 -0.114 -0.683 -0.745 -0.0 -0.207 -0.634 -0.769 0.0 -0.622 0.147 0.729 0.0 -0.248 -0.638 0.8 0.0 -0.567 0.194 
0.998 -0.069 0.005 0.012 -0.819 -0.0 -0.57 0.061 -0.775 -0.0 0.019 -0.632 0.835 0.0 -0.545 0.079 0.721 0.0 -0.114 -0.683 -0.745 -0.0 -0.207 -0.634 -0.769 -0.0 -0.622 0.147 0.729 0.0 -0.248 -0.638 0.8 -0.0 -0.567 0.194 
0.998 -0.069 0.004 0.012 -0.82 -0.0 -0.57 0.061 -0.775 -0.0 0.017 -0.631 0.835 0.0 -0.545 0.079 0.721 0.0 -0.114 -0.683 -0.745 -0.0 -0.208 -0.634 -0.769 0.0 -0.622 0.147 0.729 0.0 -0.247 -0.638 0.8 0.0 -0.568 0.195 
0.998 -0.069 0.004 0.012 -0.82 -0.0 -0.569 0.061 -0.776 0.0 0.016 -0.631 0.835 0.0 -0.545 0.079 0.721 -0.0 -0.114 -0.683 -0.745 -0.0 -0.208 -0.634 -0.769 -0.0 -0.622 0.147 0.729 0.0 -0.247 -0.638 0.8 0.0 -0.568 0.195 
0.998 -0.069 0.005 0.012 -0.819 -0.0 -0.57 0.061 -0.775 -0.0 0.02 -0.631 0.835 0.0 -0.545 0.079 0.721 0.0 -0.114 -0.683 -0.745 -0.0 -0.208 -0.634 -0.769 -0.0 -0.622 0.147 0.729 0.0 -0.248 -0.638 0.8 -0.0 -0.568 0.195 
0.998 -0.069 0.005 0.012 -0.82 -0.0 -0.57 0.061 -0.775 -0.0 0.019 -0.631 0.835 0.0 -0.545 0.079 0.721 0.0 -0.114 -0.683 -0.745 -0.0 -0.208 -0.634 -0.769 -0.0 -0.622 0.147 0.729 0.0 -0.248 -0.638 0.8 0.0 -0.568 0.195 
0.998 -0.069 0.005 0.012 -0.82 -0.0 -0.57 0.061 -0.775 -0.0 0.017 -0.631 0.835 0.0 -0.545 0.079 0.721 0.0 -0.114 -0.683 -0.745 -0.0 -0.208 -0.634 -0.769 -0.0 -0.622 0.147 0.729 0.0 -0.248 -0.638 0.8 0.0 -0.567 0.194 
0.998 -0.069 0.005 0.012 -0.819 0.0 -0.57 0.061 -0.775 0.0 0.018 -0.632 0.835 -0.0 -0.545 0.079 0.721 0.0 -0.114 -0.683 -0.745 -0.0 -0.208 -0.634 -0.769 -0.0 -0.622 0.147 0.729 0.0 -0.248 -0.638 0.8 0.0 -0.568 0.195 
0.998 -0.069 0.005 0.012 -0.82 0.0 -0.57 0.061 -0.775 -0.0 0.019 -0.632 0.835 0.0 -0.545 0.079 0.721 0.0 -0.114 -0.683 -0.745 -0.0 -0.208 -0.634 -0.769 -0.0 -0.622 0.147 0.729 0.0 -0.248 -0.638 0.8 0.0 -0.567 0.194 
0.998 -0.069 0.005 0.012 -0.819 -0.0 -0.57 0.061 -0.775 -0.0 0.018 -0.631 0.835 -0.0 -0.545 0.079 0.721 0.0 -0.114 -0.683 -0.745 -0.0 -0.208 -0.634 -0.769 -0.0 -0.622 0.147 0.729 0.0 -0.248 -0.638 0.8 0.0 -0.568 0.195 
0.998 -0.069 0.005 0.012 -0.819 0.0 -0.57 0.061 -0.775 -0.0 0.019 -0.631 0.835 0.0 -0.545 0.079 0.721 0.0 -0.114 -0.683 -0.745 -0.0 -0.208 -0.634 -0.769 -0.0 -0.622 0.147 0.729 0.0 -0.248 -0.638 0.8 0.0 -0.567 0.195 
0.998 -0.069 0.004 0.012 -0.82 -0.0 -0.57 0.061 -0.775 -0.0 0.019 -0.631 0.835 0.0 -0.545 0.079 0.721 0.0 -0.114 -0.683 -0.745 -0.0 -0.208 -0.634 -0.769 -0.0 -0.622 0.147 0.729 0.0 -0.247 -0.638 0.8 -0.0 -0.568 0.195 
0.998 -0.069 0.004 0.012 -0.82 0.0 -0.57 0.061 -0.775 -0.0 0.018 -0.631 0.835 0.0 -0.545 0.079 0.721 0.0 -0.114 -0.683 -0.745 -0.0 -0.208 -0.634 -0.769 -0.0 -0.622 0.147 0.729 -0.0 -0.248 -0.638 0.8 0.0 -0.568 0.195 
0.998 -0.069 0.005 0.012 -0.819 0.0 -0.57 0.061 -0.775 -0.0 0.018 -0.631 0.835 0.0 -0.545 0.079 0.721 0.0 -0.114 -0.683 -0.745 -0.0 -0.208 -0.634 -0.769 -0.0 -0.622 0.147 0.729 0.0 -0.248 -0.638 0.8 -0.0 -0.568 0.195 
0.998 -0.069 0.005 0.012 -0.82 -0.0 -0.57 0.061 -0.775 -0.0 0.019 -0.631 0.835 0.0 -0.545 0.079 0.721 0.0 -0.114 -0.683 -0.745 -0.0 -0.208 -0.634 -0.769 -0.0 -0.622 0.147 0.729 0.0 -0.248 -0.638 0.8 0.0 -0.568 0.195 
0.998 -0.069 0.005 0.012 -0.82 -0.0 -0.57 0.061 -0.776 -0.0 0.018 -0.631 0.835 0.0 -0.545 0.079 0.721 0.0 -0.114 -0.683 -0.745 -0.0 -0.208 -0.634 -0.769 -0.0 -0.622 0.147 0.729 0.0 -0.248 -0.638 0.8 0.0 -0.568 0.195 
0.998 -0.069 0.005 0.012 -0.82 0.0 -0.569 0.061 -0.775 -0.0 0.019 -0.631 0.835 -0.0 -0.545 0.079 0.721 0.0 -0.114 -0.683 -0.745 -0.0 -0.208 -0.634 -0.769 -0.0 -0.622 0.147 0.729 0.0 -0.247 -0.638 0.8 0.0 -0.568 0.195 
0.998 -0.069 0.004 0.012 -0.82 0.0 -0.57 0.061 -0.775 -0.0 0.019 -0.631 0.835 0.0 -0.545 0.079 0.721 0.0 -0.114 -0.683 -0.745 -0.0 -0.208 -0.634 -0.769 0.0 -0.622 0.147 0.729 0.0 -0.248 -0.638 0.8 0.0 -0.568 0.195 
0.998 -0.069 0.005 0.012 -0.82 -0.0 -0.57 0.061 -0.775 -0.0 0.019 -0.631 0.835 0.0 -0.545 0.079 0.721 0.0 -0.114 -0.683 -0.745 -0.0 -0.208 -0.634 -0.769 -0.0 -0.622 0.147 0.729 0.0 -0.248 -0.638 0.8 0.0 -0.568 0.195 
0.998 -0.069 0.005 0.012 -0.82 0.0 -0.57 0.061 -0.775 -0.0 0.017 -0.631 0.835 0.0 -0.545 0.079 0.721 0.0 -0.114 -0.683 -0.745 -0.0 -0.208 -0.634 -0.769 -0.0 -0.622 0.147 0.729 -0.0 -0.247 -0.638 0.8 0.0 -0.568 0.195 
0.998 -0.069 0.005 0.012 -0.819 -0.0 -0.57 0.061 -0.775 -0.0 0.018 -0.631 0.835 0.0 -0.545 0.079 0.721 0.0 -0.114 -0.683 -0.745 -0.0 -0.208 -0.634 -0.769 -0.0 -0.622 0.147 0.729 0.0 -0.248 -0.638 0.8 0.0 -0.567 0.195 
0.998 -0.069 0.005 0.012 -0.82 -0.0 -0.569 0.061 -0.776 -0.0 0.017 -0.631 0.835 0.0 -0.545 0.079 0.721 -0.0 -0.114 -0.683 -0.745 -0.0 -0.208 -0.634 -0.769 -0.0 -0.622 0.147 0.729 0.0 -0.248 -0.638 0.8 0.0 -0.568 0.195 
0.998 -0.069 0.005 0.012 -0.82 -0.0 -0.57 0.061 -0.775 -0.0 0.019 -0.631 0.835 -0.0 -0.545 0.079 0.721 -0.0 -0.114 -0.683 -0.745 0.0 -0.208 -0.634 -0.769 -0.0 -0.622 0.147 0.729 -0.0 -0.248 -0.638 0.8 0.0 -0.568 0.195 
0.998 -0.069 0.005 0.012 -0.82 -0.0 -0.57 0.061 -0.776 -0.0 0.017 -0.631 0.835 -0.0 -0.545 0.079 0.721 0.0 -0.114 -0.683 -0.745 -0.0 -0.208 -0.634 -0.769 -0.0 -0.622 0.147 0.729 -0.0 -0.247 -0.638 0.8 0.0 -0.568 0.195 
0.998 -0.069 0.004 0.012 -0.82 -0.0 -0.57 0.061 -0.775 -0.0 0.019 -0.631 0.835 0.0 -0.545 0.079 0.721 0.0 -0.114 -0.683 -0.745 0.0 -0.208 -0.634 -0.769 -0.0 -0.622 0.147 0.729 -0.0 -0.248 -0.638 0.8 0.0 -0.568 0.195 
0.998 -0.069 0.004 0.012 -0.819 -0.0 -0.57 0.061 -0.775 -0.0 0.018 -0.631 0.835 -0.0 -0.545 0.079 0.721 0.0 -0.114 -0.683 -0.745 -0.0 -0.208 -0.634 -0.769 -0.0 -0.622 0.147 0.729 0.0 -0.247 -0.638 0.8 0.0 -0.568 0.195 
0.998 -0.069 0.005 0.012 -0.82 -0.0 -0.57 0.061 -0.775 -0.0 0.019 -0.631 0.835 0.0 -0.545 0.079 0.721 -0.0 -0.114 -0.683 -0.745 -0.0 -0.208 -0.634 -0.769 -0.0 -0.622 0.147 0.729 -0.0 -0.247 -0.638 0.8 0.0 -0.568 0.195 
0.998 -0.069 0.005 0.012 -0.82 -0.0 -0.57 0.061 -0.775 -0.0 0.017 -0.631 0.835 0.0 -0.545 0.079 0.721 0.0 -0.114 -0.683 -0.745 -0.0 -0.208 -0.634 -0.769 -0.0 -0.622 0.147 0.729 0.0 -0.247 -0.638 0.8 0.0 -0.568 0.195 
0.998 -0.069 0.005 0.012 -0.82 -0.0 -0.57 0.061 -0.775 0.0 0.019 -0.631 0.835 0.0 -0.545 0.079 0.721 0.0 -0.113 -0.683 -0.745 0.0 -0.208 -0.634 -0.769 -0.0 -0.622 0.147 0.729 0.0 -0.248 -0.638 0.8 0.0 -0.567 0.194 
0.998 -0.069 0.005 0.012 -0.82 -0.0 -0.569 0.061 -0.776 -0.0 0.015 -0.631 0.835 0.0 -0.545 0.079 0.721 -0.0 -0.114 -0.683 -0.745 -0.0 -0.208 -0.634 -0.769 -0.0 -0.622 0.147 0.729 0.0 -0.248 -0.638 0.8 0.0 -0.567 0.194 
0.998 -0.069 0.005 0.012 -0.82 -0.0 -0.569 0.061 -0.776 0.0 0.017 -0.631 0.835 0.0 -0.545 0.079 0.721 0.0 -0.113 -0.683 -0.745 -0.0 -0.208 -0.634 -0.769 0.0 -0.622 0.147 0.729 0.0 -0.247 -0.638 0.8 0.0 -0.568 0.195 
0.998 -0.069 0.005 0.012 -0.82 -0.0 -0.569 0.061 -0.776 -0.0 0.017 -0.631 0.835 0.0 -0.545 0.079 0.721 0.0 -0.113 -0.683 -0.745 -0.0 -0.207 -0.634 -0.769 0.0 -0.622 0.147 0.729 0.0 -0.247 -0.638 0.8 0.0 -0.568 0.194 
0.998 -0.069 0.005 0.012 -0.82 -0.0 -0.569 0.061 -0.776 -0.0 0.017 -0.631 0.835 0.0 -0.545 0.079 0.721 0.0 -0.113 -0.683 -0.745 -0.0 -0.207 -0.634 -0.769 0.0 -0.622 0.146 0.729 0.0 -0.247 -0.638 0.8 0.0 -0.568 0.195 
0.998 -0.069 0.005 0.012 -0.82 -0.0 -0.569 0.061 -0.776 0.0 0.017 -0.631 0.835 0.0 -0.545 0.079 0.721 0.0 -0.113 -0.683 -0.745 -0.0 -0.208 -0.634 -0.769 -0.0 -0.622 0.147 0.729 0.0 -0.247 -0.638 0.8 0.0 -0.568 0.195 
0.998 -0.069 0.005 0.012 -0.82 -0.0 -0.57 0.061 -0.776 -0.0 0.017 -0.631 0.835 0.0 -0.545 0.079 0.721 0.0 -0.113 -0.683 -0.745 -0.0 -0.208 -0.634 -0.769 -0.0 -0.622 0.147 0.729 0.0 -0.247 -0.638 0.8 0.0 -0.568 0.195 
0.998 -0.069 0.005 0.012 -0.82 -0.0 -0.569 0.061 -0.775 -0.0 0.017 -0.631 0.835 0.0 -0.545 0.079 0.721 0.0 -0.113 -0.684 -0.745 -0.0 -0.207 -0.634 -0.769 0.0 -0.622 0.146 0.729 0.0 -0.247 -0.638 0.8 0.0 -0.568 0.195 
0.998 -0.069 0.005 0.012 -0.82 -0.0 -0.569 0.061 -0.775 -0.0 0.017 -0.631 0.835 0.0 -0.545 0.079 0.721 0.0 -0.113 -0.683 -0.745 -0.0 -0.207 -0.634 -0.769 0.0 -0.622 0.147 0.729 0.0 -0.248 -0.638 0.8 0.0 -0.567 0.194 
0.998 -0.069 0.004 0.012 -0.82 0.0 -0.569 0.061 -0.776 -0.0 0.015 -0.631 0.835 -0.0 -0.545 0.079 0.721 0.0 -0.113 -0.683 -0.745 -0.0 -0.208 -0.634 -0.769 -0.0 -0.622 0.147 0.729 0.0 -0.247 -0.639 0.8 0.0 -0.568 0.195 
0.998 -0.069 0.005 0.012 -0.82 -0.0 -0.57 0.06 -0.775 -0.0 0.019 -0.631 0.835 0.0 -0.545 0.079 0.721 -0.0 -0.113 -0.683 -0.745 -0.0 -0.207 -0.634 -0.769 0.0 -0.622 0.147 0.729 0.0 -0.247 -0.638 0.8 0.0 -0.568 0.195 
0.998 -0.069 0.005 0.012 -0.819 -0.0 -0.57 0.061 -0.775 0.0 0.019 -0.631 0.835 0.0 -0.545 0.079 0.721 0.0 -0.113 -0.683 -0.745 -0.0 -0.207 -0.634 -0.769 -0.0 -0.622 0.147 0.729 0.0 -0.247 -0.638 0.8 0.0 -0.568 0.195 
0.998 -0.069 0.005 0.012 -0.82 -0.0 -0.57 0.06 -0.775 -0.0 0.019 -0.631 0.835 0.0 -0.545 0.079 0.721 0.0 -0.113 -0.684 -0.745 -0.0 -0.207 -0.634 -0.769 0.0 -0.622 0.147 0.729 0.0 -0.247 -0.638 0.8 0.0 -0.568 0.195 
0.998 -0.069 0.005 0.012 -0.82 0.0 -0.569 0.06 -0.776 -0.0 0.018 -0.631 0.835 -0.0 -0.545 0.079 0.721 0.0 -0.113 -0.684 -0.745 0.0 -0.207 -0.634 -0.769 -0.0 -0.622 0.147 0.729 0.0 -0.247 -0.638 0.8 0.0 -0.568 0.194 
0.998 -0.069 0.005 0.012 -0.82 0.0 -0.569 0.06 -0.776 -0.0 0.018 -0.631 0.835 0.0 -0.545 0.079 0.721 0.0 -0.113 -0.684 -0.745 -0.0 -0.207 -0.634 -0.769 -0.0 -0.622 0.146 0.729 0.0 -0.247 -0.638 0.8 0.0 -0.568 0.194 
0.998 -0.069 0.004 0.012 -0.82 -0.0 -0.569 0.061 -0.776 0.0 0.016 -0.631 0.835 0.0 -0.545 0.079 0.721 -0.0 -0.113 -0.683 -0.745 -0.0 -0.207 -0.634 -0.769 0.0 -0.622 0.147 0.729 -0.0 -0.247 -0.639 0.8 0.0 -0.568 0.195 
0.998 -0.069 0.005 0.012 -0.82 -0.0 -0.569 0.061 -0.775 -0.0 0.017 -0.631 0.835 0.0 -0.545 0.079 0.721 0.0 -0.113 -0.684 -0.745 0.0 -0.207 -0.634 -0.769 -0.0 -0.622 0.146 0.729 0.0 -0.247 -0.638 0.8 0.0 -0.568 0.195 
0.998 -0.069 0.005 0.012 -0.82 -0.0 -0.569 0.061 -0.775 -0.0 0.017 -0.631 0.835 0.0 -0.545 0.079 0.721 0.0 -0.113 -0.683 -0.745 -0.0 -0.207 -0.634 -0.769 0.0 -0.622 0.146 0.729 0.0 -0.247 -0.638 0.8 0.0 -0.568 0.195 
0.998 -0.069 0.005 0.012 -0.82 -0.0 -0.569 0.061 -0.776 0.0 0.017 -0.631 0.835 0.0 -0.545 0.079 0.721 0.0 -0.113 -0.684 -0.745 -0.0 -0.207 -0.634 -0.769 -0.0 -0.622 0.147 0.729 -0.0 -0.247 -0.638 0.8 0.0 -0.568 0.194 
0.998 -0.069 0.005 0.012 -0.82 -0.0 -0.569 0.061 -0.776 -0.0 0.018 -0.631 0.835 0.0 -0.545 0.079 0.721 0.0 -0.113 -0.684 -0.745 -0.0 -0.207 -0.634 -0.769 0.0 -0.622 0.146 0.729 0.0 -0.248 -0.638 0.8 0.0 -0.567 0.194 
0.998 -0.069 0.005 0.012 -0.82 0.0 -0.569 0.061 -0.776 -0.0 0.017 -0.631 0.835 0.0 -0.545 0.079 0.721 -0.0 -0.113 -0.684 -0.745 0.0 -0.207 -0.634 -0.769 0.0 -0.622 0.147 0.729 0.0 -0.247 -0.638 0.8 0.0 -0.568 0.194 
0.998 -0.069 0.005 0.012 -0.82 -0.0 -0.569 0.061 -0.775 -0.0 0.017 -0.631 0.835 -0.0 -0.545 0.079 0.721 -0.0 -0.113 -0.684 -0.745 -0.0 -0.207 -0.634 -0.769 0.0 -0.622 0.147 0.729 -0.0 -0.248 -0.638 0.8 0.0 -0.567 0.194 
0.998 -0.069 0.004 0.012 -0.82 -0.0 -0.569 0.061 -0.776 -0.0 0.017 -0.631 0.835 0.0 -0.545 0.079 0.721 0.0 -0.113 -0.684 -0.745 -0.0 -0.207 -0.634 -0.769 -0.0 -0.623 0.147 0.729 0.0 -0.247 -0.638 0.8 -0.0 -0.567 0.194 
0.998 -0.069 0.004 0.012 -0.82 -0.0 -0.569 0.061 -0.776 -0.0 0.015 -0.631 0.835 0.0 -0.545 0.079 0.721 0.0 -0.113 -0.684 -0.745 -0.0 -0.207 -0.634 -0.769 0.0 -0.623 0.147 0.729 0.0 -0.247 -0.638 0.8 0.0 -0.568 0.194 
0.998 -0.069 0.004 0.012 -0.82 0.0 -0.569 0.061 -0.776 0.0 0.017 -0.631 0.835 0.0 -0.545 0.079 0.721 0.0 -0.113 -0.683 -0.745 -0.0 -0.207 -0.634 -0.769 -0.0 -0.622 0.147 0.729 0.0 -0.247 -0.638 0.8 0.0 -0.568 0.195 
0.998 -0.069 0.005 0.012 -0.82 -0.0 -0.569 0.061 -0.776 -0.0 0.018 -0.631 0.835 -0.0 -0.545 0.079 0.721 0.0 -0.113 -0.684 -0.745 -0.0 -0.207 -0.634 -0.769 -0.0 -0.622 0.146 0.729 0.0 -0.247 -0.638 0.8 0.0 -0.568 0.194 
0.998 -0.069 0.005 0.012 -0.82 -0.0 -0.569 0.061 -0.776 -0.0 0.017 -0.631 0.835 0.0 -0.545 0.079 0.721 0.0 -0.113 -0.683 -0.745 -0.0 -0.207 -0.634 -0.769 0.0 -0.622 0.147 0.729 0.0 -0.247 -0.638 0.8 0.0 -0.568 0.195 
0.998 -0.069 0.005 0.012 -0.82 -0.0 -0.569 0.061 -0.776 -0.0 0.017 -0.631 0.835 0.0 -0.545 0.079 0.721 -0.0 -0.113 -0.684 -0.745 0.0 -0.207 -0.634 -0.769 -0.0 -0.622 0.147 0.729 0.0 -0.247 -0.639 0.8 0.0 -0.568 0.195 
0.998 -0.069 0.004 0.012 -0.82 -0.0 -0.569 0.061 -0.776 -0.0 0.017 -0.631 0.835 0.0 -0.545 0.079 0.721 -0.0 -0.113 -0.683 -0.745 -0.0 -0.207 -0.634 -0.769 -0.0 -0.622 0.146 0.729 0.0 -0.247 -0.639 0.8 -0.0 -0.568 0.194 
0.998 -0.069 0.005 0.012 -0.82 -0.0 -0.569 0.061 -0.776 -0.0 0.017 -0.631 0.835 0.0 -0.545 0.079 0.721 0.0 -0.113 -0.683 -0.745 -0.0 -0.207 -0.634 -0.769 0.0 -0.622 0.147 0.729 0.0 -0.247 -0.638 0.8 0.0 -0.568 0.194 
0.998 -0.069 0.005 0.012 -0.82 0.0 -0.569 0.061 -0.776 0.0 0.017 -0.631 0.835 0.0 -0.545 0.079 0.721 0.0 -0.113 -0.683 -0.745 -0.0 -0.207 -0.634 -0.769 -0.0 -0.622 0.147 0.729 0.0 -0.247 -0.638 0.8 0.0 -0.568 0.195 
0.998 -0.069 0.005 0.012 -0.82 -0.0 -0.569 0.061 -0.776 -0.0 0.016 -0.631 0.835 0.0 -0.545 0.079 0.721 0.0 -0.113 -0.683 -0.745 -0.0 -0.207 -0.634 -0.769 -0.0 -0.622 0.147 0.729 0.0 -0.247 -0.638 0.8 0.0 -0.568 0.195 
0.998 -0.069 0.005 0.012 -0.82 0.0 -0.569 0.061 -0.776 0.0 0.017 -0.631 0.835 0.0 -0.545 0.079 0.721 -0.0 -0.113 -0.683 -0.745 0.0 -0.207 -0.634 -0.769 -0.0 -0.622 0.146 0.729 -0.0 -0.248 -0.638 0.8 0.0 -0.567 0.194 
0.998 -0.069 0.004 0.012 -0.819 0.0 -0.57 0.061 -0.775 0.0 0.019 -0.631 0.835 0.0 -0.545 0.079 0.721 0.0 -0.113 -0.683 -0.745 -0.0 -0.207 -0.634 -0.769 -0.0 -0.622 0.146 0.729 0.0 -0.247 -0.638 0.8 0.0 -0.568 0.194 
0.998 -0.069 0.005 0.012 -0.82 -0.0 -0.569 0.061 -0.776 -0.0 0.015 -0.631 0.835 0.0 -0.545 0.079 0.721 -0.0 -0.113 -0.683 -0.745 -0.0 -0.207 -0.634 -0.769 -0.0 -0.622 0.147 0.729 0.0 -0.247 -0.638 0.8 0.0 -0.568 0.194 
0.998 -0.069 0.005 0.012 -0.82 -0.0 -0.569 0.061 -0.776 -0.0 0.017 -0.631 0.835 0.0 -0.545 0.079 0.721 0.0 -0.114 -0.684 -0.745 -0.0 -0.207 -0.634 -0.769 -0.0 -0.622 0.146 0.729 0.0 -0.247 -0.638 0.8 0.0 -0.568 0.195 
0.998 -0.069 0.005 0.012 -0.82 -0.0 -0.569 0.061 -0.775 -0.0 0.017 -0.631 0.835 -0.0 -0.545 0.079 0.721 -0.0 -0.114 -0.684 -0.745 -0.0 -0.207 -0.634 -0.769 -0.0 -0.622 0.147 0.729 0.0 -0.247 -0.639 0.8 0.0 -0.568 0.194 
0.998 -0.069 0.005 0.012 -0.819 -0.0 -0.57 0.061 -0.775 0.0 0.017 -0.631 0.835 0.0 -0.545 0.079 0.721 -0.0 -0.113 -0.684 -0.745 -0.0 -0.207 -0.634 -0.769 -0.0 -0.623 0.147 0.729 0.0 -0.248 -0.638 0.8 0.0 -0.567 0.194 
0.998 -0.069 0.004 0.012 -0.82 0.0 -0.57 0.061 -0.775 -0.0 0.017 -0.631 0.835 0.0 -0.545 0.079 0.721 -0.0 -0.113 -0.684 -0.745 0.0 -0.207 -0.634 -0.769 -0.0 -0.622 0.147 0.729 0.0 -0.247 -0.639 0.8 0.0 -0.568 0.195 
0.998 -0.069 0.005 0.012 -0.82 -0.0 -0.569 0.061 -0.776 -0.0 0.015 -0.631 0.835 0.0 -0.545 0.079 0.721 0.0 -0.114 -0.684 -0.745 -0.0 -0.207 -0.634 -0.769 -0.0 -0.622 0.147 0.729 0.0 -0.247 -0.638 0.8 0.0 -0.568 0.195 
0.998 -0.069 0.004 0.012 -0.82 -0.0 -0.569 0.061 -0.776 0.0 0.015 -0.631 0.835 -0.0 -0.545 0.079 0.721 0.0 -0.113 -0.684 -0.745 -0.0 -0.207 -0.634 -0.769 0.0 -0.623 0.147 0.729 0.0 -0.247 -0.638 0.8 -0.0 -0.568 0.195 
0.998 -0.069 0.004 0.012 -0.82 0.0 -0.569 0.061 -0.776 -0.0 0.015 -0.631 0.835 0.0 -0.545 0.079 0.721 0.0 -0.113 -0.683 -0.745 0.0 -0.207 -0.634 -0.769 -0.0 -0.622 0.147 0.729 0.0 -0.247 -0.638 0.8 0.0 -0.568 0.195 
0.998 -0.069 0.004 0.012 -0.82 -0.0 -0.569 0.061 -0.776 -0.0 0.015 -0.631 0.835 0.0 -0.545 0.079 0.721 0.0 -0.113 -0.684 -0.745 -0.0 -0.207 -0.634 -0.769 -0.0 -0.622 0.147 0.729 0.0 -0.247 -0.639 0.8 0.0 -0.568 0.195 
0.998 -0.069 0.005 0.012 -0.82 -0.0 -0.57 0.061 -0.775 0.0 0.017 -0.631 0.835 0.0 -0.545 0.079 0.721 0.0 -0.114 -0.684 -0.745 -0.0 -0.207 -0.634 -0.769 -0.0 -0.622 0.147 0.729 0.0 -0.247 -0.639 0.8 0.0 -0.568 0.194 
0.998 -0.069 0.005 0.012 -0.819 0.0 -0.57 0.061 -0.776 -0.0 0.017 -0.631 0.835 0.0 -0.545 0.079 0.721 0.0 -0.113 -0.684 -0.745 -0.0 -0.207 -0.634 -0.769 -0.0 -0.622 0.146 0.729 -0.0 -0.247 -0.638 0.8 0.0 -0.568 0.194 
0.998 -0.069 0.005 0.012 -0.819 -0.0 -0.57 0.061 -0.775 0.0 0.017 -0.631 0.835 -0.0 -0.545 0.079 0.721 0.0 -0.113 -0.684 -0.745 -0.0 -0.207 -0.634 -0.769 -0.0 -0.622 0.147 0.729 -0.0 -0.247 -0.638 0.8 0.0 -0.568 0.194 
0.998 -0.069 0.004 0.012 -0.82 -0.0 -0.57 0.061 -0.776 -0.0 0.016 -0.631 0.835 0.0 -0.545 0.079 0.721 0.0 -0.113 -0.684 -0.745 0.0 -0.207 -0.634 -0.769 -0.0 -0.622 0.147 0.729 0.0 -0.247 -0.638 0.8 0.0 -0.568 0.194 
0.998 -0.069 0.004 0.012 -0.82 -0.0 -0.569 0.061 -0.776 -0.0 0.015 -0.631 0.835 0.0 -0.545 0.079 0.721 0.0 -0.113 -0.683 -0.745 -0.0 -0.207 -0.634 -0.769 -0.0 -0.622 0.147 0.729 0.0 -0.247 -0.638 0.8 0.0 -0.568 0.194 
0.998 -0.069 0.005 0.012 -0.82 0.0 -0.569 0.061 -0.776 0.0 0.016 -0.631 0.835 0.0 -0.545 0.079 0.721 0.0 -0.113 -0.684 -0.745 -0.0 -0.207 -0.634 -0.769 -0.0 -0.622 0.146 0.729 0.0 -0.247 -0.638 0.8 0.0 -0.568 0.194 
0.998 -0.069 0.005 0.012 -0.82 -0.0 -0.569 0.061 -0.776 0.0 0.017 -0.631 0.835 0.0 -0.545 0.079 0.721 0.0 -0.113 -0.684 -0.745 -0.0 -0.207 -0.634 -0.769 -0.0 -0.623 0.147 0.729 0.0 -0.247 -0.638 0.8 0.0 -0.568 0.194 
0.998 -0.069 0.004 0.012 -0.82 -0.0 -0.569 0.061 -0.776 -0.0 0.015 -0.631 0.835 0.0 -0.545 0.079 0.721 0.0 -0.113 -0.684 -0.745 0.0 -0.207 -0.634 -0.769 0.0 -0.622 0.146 0.729 -0.0 -0.247 -0.639 0.8 0.0 -0.568 0.195 
0.998 -0.069 0.005 0.012 -0.82 0.0 -0.569 0.061 -0.776 0.0 0.016 -0.631 0.835 0.0 -0.545 0.079 0.721 0.0 -0.113 -0.684 -0.745 -0.0 -0.207 -0.634 -0.769 -0.0 -0.622 0.147 0.729 0.0 -0.247 -0.638 0.8 0.0 -0.567 0.193 
0.998 -0.069 0.004 0.012 -0.82 0.0 -0.569 0.061 -0.776 -0.0 0.016 -0.631 0.835 0.0 -0.545 0.08 0.721 0.0 -0.113 -0.684 -0.745 -0.0 -0.207 -0.634 -0.769 -0.0 -0.622 0.146 0.729 0.0 -0.247 -0.639 0.8 0.0 -0.568 0.194 
0.998 -0.069 0.004 0.012 -0.82 0.0 -0.569 0.061 -0.776 -0.0 0.015 -0.631 0.835 0.0 -0.545 0.079 0.721 0.0 -0.113 -0.684 -0.745 -0.0 -0.207 -0.634 -0.769 -0.0 -0.622 0.147 0.729 0.0 -0.247 -0.638 0.8 0.0 -0.568 0.194 
0.998 -0.069 0.004 0.012 -0.82 -0.0 -0.569 0.061 -0.776 -0.0 0.017 -0.631 0.835 0.0 -0.545 0.079 0.721 0.0 -0.113 -0.684 -0.745 -0.0 -0.207 -0.634 -0.769 -0.0 -0.622 0.146 0.729 -0.0 -0.247 -0.639 0.8 0.0 -0.568 0.194 
0.998 -0.069 0.004 0.012 -0.82 -0.0 -0.569 0.061 -0.776 -0.0 0.017 -0.631 0.835 0.0 -0.545 0.079 0.721 0.0 -0.113 -0.684 -0.745 -0.0 -0.207 -0.634 -0.769 -0.0 -0.622 0.147 0.729 0.0 -0.247 -0.638 0.8 0.0 -0.568 0.194 
0.998 -0.069 0.005 0.012 -0.82 -0.0 -0.569 0.061 -0.776 -0.0 0.015 -0.631 0.835 0.0 -0.545 0.079 0.721 0.0 -0.113 -0.684 -0.745 0.0 -0.207 -0.634 -0.769 -0.0 -0.622 0.147 0.729 -0.0 -0.247 -0.638 0.8 -0.0 -0.568 0.194 
0.998 -0.069 0.005 0.012 -0.82 -0.0 -0.569 0.061 -0.776 -0.0 0.017 -0.631 0.835 0.0 -0.545 0.079 0.721 0.0 -0.113 -0.683 -0.745 0.0 -0.207 -0.634 -0.769 0.0 -0.623 0.147 0.729 0.0 -0.247 -0.638 0.8 0.0 -0.568 0.194 
0.998 -0.069 0.004 0.012 -0.82 -0.0 -0.569 0.061 -0.776 -0.0 0.015 -0.631 0.835 0.0 -0.545 0.079 0.721 0.0 -0.113 -0.684 -0.745 -0.0 -0.207 -0.634 -0.769 -0.0 -0.622 0.147 0.729 0.0 -0.247 -0.638 0.8 0.0 -0.568 0.195 
0.998 -0.069 0.005 0.012 -0.819 0.0 -0.57 0.061 -0.776 -0.0 0.017 -0.631 0.835 0.0 -0.545 0.079 0.721 0.0 -0.113 -0.684 -0.745 -0.0 -0.207 -0.634 -0.769 -0.0 -0.622 0.147 0.729 0.0 -0.247 -0.638 0.8 -0.0 -0.568 0.194 
0.998 -0.069 0.004 0.012 -0.819 -0.0 -0.57 0.061 -0.775 -0.0 0.019 -0.631 0.835 0.0 -0.545 0.079 0.721 0.0 -0.113 -0.684 -0.745 -0.0 -0.207 -0.634 -0.769 0.0 -0.622 0.146 0.729 0.0 -0.247 -0.638 0.8 0.0 -0.568 0.194 
0.998 -0.069 0.005 0.012 -0.819 -0.0 -0.57 0.061 -0.776 -0.0 0.017 -0.631 0.835 0.0 -0.545 0.079 0.721 0.0 -0.113 -0.684 -0.745 -0.0 -0.207 -0.634 -0.769 0.0 -0.622 0.146 0.729 -0.0 -0.247 -0.638 0.8 0.0 -0.568 0.194 
0.998 -0.069 0.005 0.012 -0.82 -0.0 -0.57 0.061 -0.775 -0.0 0.016 -0.631 0.835 0.0 -0.545 0.079 0.721 0.0 -0.113 -0.683 -0.745 -0.0 -0.207 -0.634 -0.769 -0.0 -0.622 0.147 0.729 0.0 -0.247 -0.638 0.8 0.0 -0.568 0.195 
0.998 -0.069 0.005 0.012 -0.82 -0.0 -0.57 0.061 -0.776 -0.0 0.016 -0.631 0.835 0.0 -0.545 0.079 0.721 0.0 -0.113 -0.683 -0.745 -0.0 -0.207 -0.634 -0.769 -0.0 -0.622 0.147 0.729 0.0 -0.247 -0.638 0.8 0.0 -0.568 0.195 
0.998 -0.069 0.004 0.012 -0.82 -0.0 -0.57 0.061 -0.775 -0.0 0.016 -0.631 0.835 0.0 -0.545 0.078 0.722 0.0 -0.112 -0.683 -0.745 -0.0 -0.208 -0.634 -0.769 0.0 -0.622 0.147 0.729 0.0 -0.247 -0.638 0.8 0.0 -0.568 0.195 
0.998 -0.069 0.005 0.012 -0.82 -0.0 -0.57 0.061 -0.775 -0.0 0.016 -0.631 0.835 -0.0 -0.545 0.079 0.722 0.0 -0.113 -0.683 -0.745 -0.0 -0.208 -0.634 -0.769 0.0 -0.622 0.147 0.729 0.0 -0.248 -0.638 0.8 0.0 -0.568 0.195 
0.998 -0.069 0.005 0.012 -0.82 -0.0 -0.569 0.061 -0.776 -0.0 0.014 -0.631 0.835 0.0 -0.545 0.078 0.722 0.0 -0.113 -0.683 -0.745 -0.0 -0.208 -0.634 -0.769 -0.0 -0.622 0.147 0.729 0.0 -0.248 -0.638 0.8 -0.0 -0.568 0.195 
0.998 -0.069 0.004 0.012 -0.819 0.0 -0.57 0.061 -0.775 -0.0 0.016 -0.631 0.835 0.0 -0.545 0.078 0.722 0.0 -0.113 -0.683 -0.745 -0.0 -0.208 -0.634 -0.769 -0.0 -0.622 0.147 0.729 0.0 -0.248 -0.638 0.8 0.0 -0.568 0.195 
0.998 -0.069 0.004 0.012 -0.82 0.0 -0.57 0.061 -0.775 0.0 0.016 -0.631 0.835 0.0 -0.545 0.079 0.722 -0.0 -0.112 -0.683 -0.745 -0.0 -0.208 -0.634 -0.769 -0.0 -0.622 0.147 0.729 0.0 -0.248 -0.638 0.8 0.0 -0.568 0.195 
0.998 -0.069 0.005 0.012 -0.82 0.0 -0.569 0.061 -0.776 0.0 0.015 -0.631 0.835 0.0 -0.545 0.079 0.722 0.0 -0.113 -0.683 -0.745 -0.0 -0.208 -0.634 -0.769 -0.0 -0.622 0.147 0.729 0.0 -0.248 -0.638 0.8 0.0 -0.567 0.195 
0.997 -0.069 0.005 0.012 -0.82 -0.0 -0.569 0.061 -0.776 -0.0 0.015 -0.631 0.835 0.0 -0.545 0.079 0.722 0.0 -0.113 -0.683 -0.745 0.0 -0.208 -0.634 -0.769 -0.0 -0.622 0.147 0.729 0.0 -0.248 -0.638 0.8 0.0 -0.568 0.195 
0.998 -0.069 0.005 0.012 -0.819 -0.0 -0.57 0.061 -0.775 -0.0 0.017 -0.631 0.835 -0.0 -0.545 0.079 0.722 0.0 -0.113 -0.683 -0.745 -0.0 -0.208 -0.634 -0.769 0.0 -0.622 0.147 0.729 0.0 -0.248 -0.638 0.8 0.0 -0.568 0.195 
0.998 -0.069 0.005 0.012 -0.819 0.0 -0.57 0.061 -0.775 -0.0 0.018 -0.631 0.835 0.0 -0.545 0.079 0.722 0.0 -0.113 -0.683 -0.745 -0.0 -0.208 -0.634 -0.769 0.0 -0.622 0.147 0.729 0.0 -0.248 -0.638 0.8 0.0 -0.568 0.195 
0.997 -0.069 0.005 0.012 -0.819 -0.0 -0.57 0.062 -0.775 -0.0 0.019 -0.631 0.835 -0.0 -0.545 0.079 0.722 0.0 -0.113 -0.683 -0.745 0.0 -0.208 -0.634 -0.769 -0.0 -0.622 0.147 0.729 0.0 -0.248 -0.638 0.8 0.0 -0.568 0.195 
0.997 -0.07 0.004 0.012 -0.819 -0.0 -0.57 0.062 -0.775 -0.0 0.019 -0.631 0.835 0.0 -0.545 0.079 0.722 -0.0 -0.113 -0.683 -0.745 -0.0 -0.208 -0.634 -0.769 -0.0 -0.622 0.147 0.729 0.0 -0.248 -0.638 0.8 0.0 -0.568 0.195 
0.997 -0.07 0.005 0.012 -0.82 -0.0 -0.57 0.061 -0.776 0.0 0.017 -0.631 0.835 0.0 -0.545 0.079 0.722 0.0 -0.113 -0.683 -0.745 -0.0 -0.208 -0.634 -0.769 0.0 -0.622 0.147 0.729 0.0 -0.248 -0.638 0.8 -0.0 -0.568 0.195 
0.997 -0.07 0.005 0.012 -0.82 -0.0 -0.57 0.062 -0.776 -0.0 0.017 -0.631 0.835 0.0 -0.545 0.079 0.722 0.0 -0.113 -0.683 -0.745 0.0 -0.208 -0.634 -0.769 -0.0 -0.622 0.147 0.729 0.0 -0.248 -0.638 0.8 0.0 -0.568 0.195 
0.997 -0.07 0.005 0.012 -0.82 -0.0 -0.57 0.062 -0.775 -0.0 0.017 -0.631 0.835 0.0 -0.545 0.079 0.722 0.0 -0.113 -0.683 -0.745 -0.0 -0.208 -0.634 -0.769 -0.0 -0.622 0.148 0.729 0.0 -0.248 -0.638 0.8 0.0 -0.568 0.195 
0.997 -0.07 0.004 0.012 -0.819 -0.0 -0.57 0.062 -0.775 0.0 0.016 -0.631 0.835 0.0 -0.545 0.079 0.722 -0.0 -0.113 -0.683 -0.745 0.0 -0.208 -0.634 -0.769 -0.0 -0.622 0.147 0.729 0.0 -0.248 -0.637 0.8 0.0 -0.567 0.195 
0.997 -0.07 0.005 0.012 -0.82 0.0 -0.57 0.062 -0.775 -0.0 0.018 -0.631 0.835 0.0 -0.545 0.079 0.722 0.0 -0.113 -0.683 -0.745 0.0 -0.208 -0.634 -0.769 -0.0 -0.622 0.148 0.729 0.0 -0.248 -0.638 0.8 0.0 -0.568 0.195 
0.997 -0.07 0.004 0.012 -0.819 -0.0 -0.57 0.062 -0.775 -0.0 0.018 -0.631 0.835 0.0 -0.545 0.079 0.722 0.0 -0.113 -0.683 -0.745 -0.0 -0.208 -0.634 -0.769 -0.0 -0.622 0.147 0.729 0.0 -0.248 -0.638 0.8 0.0 -0.568 0.195 
0.997 -0.07 0.005 0.012 -0.82 -0.0 -0.57 0.062 -0.776 0.0 0.017 -0.631 0.835 0.0 -0.545 0.079 0.722 0.0 -0.113 -0.683 -0.745 -0.0 -0.208 -0.634 -0.769 -0.0 -0.622 0.148 0.729 0.0 -0.248 -0.638 0.8 0.0 -0.568 0.195 
0.997 -0.07 0.005 0.012 -0.82 0.0 -0.57 0.062 -0.775 -0.0 0.018 -0.631 0.835 0.0 -0.545 0.079 0.722 -0.0 -0.113 -0.683 -0.745 -0.0 -0.208 -0.634 -0.769 -0.0 -0.622 0.148 0.729 0.0 -0.248 -0.638 0.8 -0.0 -0.568 0.195 
0.997 -0.07 0.004 0.012 -0.82 0.0 -0.57 0.062 -0.776 -0.0 0.017 -0.631 0.835 0.0 -0.545 0.079 0.722 0.0 -0.113 -0.683 -0.745 0.0 -0.208 -0.634 -0.769 0.0 -0.622 0.147 0.729 0.0 -0.248 -0.638 0.8 0.0 -0.568 0.195 
0.997 -0.07 0.005 0.012 -0.82 0.0 -0.57 0.062 -0.775 0.0 0.018 -0.631 0.835 0.0 -0.545 0.079 0.722 0.0 -0.113 -0.683 -0.745 -0.0 -0.208 -0.634 -0.769 -0.0 -0.622 0.148 0.729 0.0 -0.248 -0.638 0.8 0.0 -0.568 0.195 
0.997 -0.07 0.005 0.012 -0.819 -0.0 -0.57 0.062 -0.775 -0.0 0.019 -0.631 0.835 0.0 -0.545 0.079 0.722 0.0 -0.113 -0.683 -0.745 -0.0 -0.208 -0.634 -0.769 -0.0 -0.622 0.148 0.729 -0.0 -0.248 -0.638 0.8 0.0 -0.568 0.195 
0.997 -0.07 0.004 0.012 -0.819 -0.0 -0.57 0.062 -0.775 -0.0 0.019 -0.631 0.835 0.0 -0.545 0.079 0.722 0.0 -0.113 -0.683 -0.745 -0.0 -0.208 -0.634 -0.769 -0.0 -0.622 0.147 0.729 0.0 -0.248 -0.638 0.8 0.0 -0.568 0.195 
0.997 -0.07 0.004 0.012 -0.82 -0.0 -0.57 0.062 -0.775 0.0 0.016 -0.631 0.835 0.0 -0.545 0.079 0.722 0.0 -0.113 -0.683 -0.745 -0.0 -0.208 -0.634 -0.769 -0.0 -0.622 0.147 0.729 -0.0 -0.248 -0.638 0.8 0.0 -0.568 0.195 
0.997 -0.07 0.005 0.012 -0.819 -0.0 -0.57 0.062 -0.775 -0.0 0.017 -0.631 0.835 0.0 -0.545 0.079 0.722 0.0 -0.113 -0.683 -0.745 -0.0 -0.208 -0.634 -0.769 -0.0 -0.622 0.148 0.729 0.0 -0.248 -0.638 0.8 0.0 -0.568 0.195 
0.997 -0.07 0.004 0.012 -0.819 -0.0 -0.57 0.062 -0.775 -0.0 0.016 -0.631 0.835 0.0 -0.545 0.079 0.722 0.0 -0.112 -0.683 -0.745 -0.0 -0.208 -0.634 -0.769 0.0 -0.622 0.148 0.729 0.0 -0.248 -0.638 0.8 0.0 -0.568 0.195 
0.997 -0.07 0.004 0.012 -0.819 -0.0 -0.57 0.062 -0.775 -0.0 0.018 -0.631 0.835 0.0 -0.545 0.079 0.722 0.0 -0.113 -0.683 -0.745 0.0 -0.208 -0.634 -0.769 -0.0 -0.622 0.147 0.729 0.0 -0.248 -0.638 0.8 0.0 -0.568 0.195 
0.997 -0.07 0.004 0.012 -0.819 0.0 -0.57 0.063 -0.776 -0.0 0.017 -0.631 0.835 -0.0 -0.545 0.079 0.722 0.0 -0.113 -0.683 -0.745 0.0 -0.208 -0.634 -0.769 -0.0 -0.622 0.147 0.729 -0.0 -0.248 -0.638 0.8 0.0 -0.568 0.195 
0.997 -0.07 0.004 0.012 -0.819 -0.0 -0.57 0.063 -0.775 -0.0 0.017 -0.631 0.835 0.0 -0.545 0.078 0.722 0.0 -0.113 -0.683 -0.745 -0.0 -0.208 -0.634 -0.769 -0.0 -0.622 0.147 0.729 -0.0 -0.248 -0.638 0.8 0.0 -0.568 0.195 
0.997 -0.07 0.005 0.012 -0.819 -0.0 -0.57 0.062 -0.775 -0.0 0.016 -0.631 0.835 0.0 -0.545 0.079 0.722 -0.0 -0.113 -0.683 -0.745 0.0 -0.208 -0.634 -0.769 0.0 -0.622 0.147 0.729 0.0 -0.248 -0.638 0.8 0.0 -0.567 0.194 
0.997 -0.07 0.005 0.012 -0.819 -0.0 -0.57 0.062 -0.775 -0.0 0.016 -0.631 0.835 -0.0 -0.545 0.079 0.722 0.0 -0.112 -0.683 -0.745 -0.0 -0.208 -0.634 -0.769 -0.0 -0.622 0.147 0.729 0.0 -0.248 -0.638 0.8 0.0 -0.567 0.195 
0.997 -0.069 0.004 0.012 -0.819 -0.0 -0.57 0.062 -0.775 -0.0 0.017 -0.631 0.835 -0.0 -0.545 0.079 0.722 0.0 -0.113 -0.683 -0.745 -0.0 -0.208 -0.634 -0.769 -0.0 -0.622 0.147 0.729 -0.0 -0.248 -0.638 0.8 0.0 -0.568 0.195 
0.997 -0.07 0.004 0.012 -0.819 -0.0 -0.57 0.062 -0.775 -0.0 0.016 -0.631 0.835 0.0 -0.545 0.079 0.722 -0.0 -0.113 -0.683 -0.745 -0.0 -0.208 -0.634 -0.769 0.0 -0.622 0.147 0.729 0.0 -0.248 -0.638 0.8 0.0 -0.568 0.195 
0.997 -0.07 0.004 0.012 -0.819 -0.0 -0.57 0.062 -0.775 -0.0 0.016 -0.631 0.835 0.0 -0.545 0.079 0.722 -0.0 -0.112 -0.683 -0.745 -0.0 -0.208 -0.634 -0.769 -0.0 -0.622 0.147 0.729 0.0 -0.248 -0.638 0.8 0.0 -0.568 0.195 
0.997 -0.069 0.004 0.012 -0.819 -0.0 -0.57 0.062 -0.776 -0.0 0.017 -0.631 0.835 0.0 -0.545 0.078 0.722 0.0 -0.112 -0.683 -0.745 -0.0 -0.208 -0.634 -0.769 0.0 -0.622 0.147 0.729 0.0 -0.248 -0.638 0.8 0.0 -0.568 0.195 
0.997 -0.07 0.005 0.012 -0.819 -0.0 -0.57 0.062 -0.776 -0.0 0.017 -0.631 0.835 0.0 -0.545 0.079 0.722 0.0 -0.113 -0.683 -0.745 -0.0 -0.208 -0.634 -0.769 -0.0 -0.622 0.147 0.729 0.0 -0.248 -0.638 0.8 0.0 -0.568 0.195 
0.997 -0.07 0.005 0.012 -0.819 -0.0 -0.57 0.062 -0.776 -0.0 0.017 -0.631 0.835 0.0 -0.545 0.079 0.722 0.0 -0.112 -0.683 -0.745 -0.0 -0.208 -0.634 -0.769 -0.0 -0.622 0.147 0.729 -0.0 -0.248 -0.638 0.8 0.0 -0.568 0.195 
0.997 -0.07 0.004 0.012 -0.819 -0.0 -0.57 0.062 -0.775 -0.0 0.018 -0.631 0.835 0.0 -0.545 0.078 0.722 -0.0 -0.112 -0.683 -0.745 -0.0 -0.208 -0.634 -0.769 -0.0 -0.622 0.147 0.729 0.0 -0.248 -0.638 0.8 0.0 -0.568 0.195 
0.997 -0.07 0.005 0.012 -0.819 -0.0 -0.57 0.062 -0.775 -0.0 0.018 -0.631 0.835 0.0 -0.545 0.078 0.722 0.0 -0.112 -0.683 -0.745 0.0 -0.208 -0.634 -0.769 -0.0 -0.622 0.147 0.729 0.0 -0.248 -0.638 0.8 0.0 -0.568 0.195 
0.998 -0.069 0.005 0.012 -0.819 -0.0 -0.57 0.062 -0.775 -0.0 0.018 -0.631 0.835 0.0 -0.545 0.078 0.722 0.0 -0.112 -0.683 -0.745 0.0 -0.208 -0.634 -0.769 0.0 -0.622 0.147 0.729 0.0 -0.248 -0.638 0.8 0.0 -0.568 0.195 
0.997 -0.07 0.004 0.012 -0.819 -0.0 -0.57 0.062 -0.776 -0.0 0.017 -0.631 0.835 0.0 -0.545 0.078 0.722 0.0 -0.113 -0.683 -0.745 -0.0 -0.208 -0.634 -0.769 -0.0 -0.622 0.147 0.729 0.0 -0.248 -0.638 0.8 0.0 -0.567 0.194 
0.998 -0.069 0.005 0.012 -0.819 -0.0 -0.57 0.062 -0.775 0.0 0.018 -0.631 0.835 0.0 -0.545 0.078 0.722 -0.0 -0.112 -0.683 -0.745 0.0 -0.208 -0.634 -0.769 -0.0 -0.622 0.147 0.729 0.0 -0.248 -0.638 0.8 -0.0 -0.568 0.195 
0.998 -0.069 0.005 0.012 -0.819 -0.0 -0.57 0.062 -0.776 -0.0 0.016 -0.631 0.834 0.0 -0.546 0.078 0.722 0.0 -0.113 -0.683 -0.745 -0.0 -0.208 -0.634 -0.769 -0.0 -0.622 0.147 0.729 -0.0 -0.248 -0.638 0.8 0.0 -0.568 0.195 
0.998 -0.069 0.005 0.012 -0.819 0.0 -0.57 0.062 -0.776 -0.0 0.016 -0.631 0.835 0.0 -0.545 0.078 0.722 0.0 -0.112 -0.683 -0.745 0.0 -0.208 -0.634 -0.769 -0.0 -0.622 0.147 0.729 -0.0 -0.248 -0.638 0.8 0.0 -0.568 0.195 
0.998 -0.069 0.005 0.012 -0.819 0.0 -0.57 0.062 -0.775 -0.0 0.018 -0.631 0.835 0.0 -0.545 0.078 0.722 0.0 -0.113 -0.683 -0.745 -0.0 -0.208 -0.634 -0.769 -0.0 -0.622 0.147 0.729 0.0 -0.248 -0.638 0.8 -0.0 -0.568 0.195 
0.998 -0.069 0.005 0.012 -0.82 -0.0 -0.569 0.061 -0.776 -0.0 0.016 -0.631 0.835 0.0 -0.545 0.078 0.722 -0.0 -0.112 -0.683 -0.745 -0.0 -0.208 -0.634 -0.769 -0.0 -0.622 0.147 0.729 0.0 -0.248 -0.638 0.8 0.0 -0.568 0.195 
0.998 -0.069 0.005 0.012 -0.82 -0.0 -0.569 0.061 -0.776 0.0 0.015 -0.631 0.834 0.0 -0.545 0.078 0.722 0.0 -0.113 -0.683 -0.745 -0.0 -0.208 -0.634 -0.769 -0.0 -0.622 0.147 0.729 0.0 -0.248 -0.638 0.8 0.0 -0.568 0.195 
0.998 -0.069 0.005 0.012 -0.819 -0.0 -0.57 0.061 -0.776 -0.0 0.017 -0.631 0.834 0.0 -0.546 0.078 0.722 0.0 -0.113 -0.683 -0.745 -0.0 -0.208 -0.634 -0.769 -0.0 -0.622 0.147 0.729 0.0 -0.247 -0.638 0.8 -0.0 -0.568 0.195 
0.998 -0.069 0.005 0.012 -0.819 0.0 -0.57 0.062 -0.776 -0.0 0.016 -0.631 0.835 -0.0 -0.545 0.078 0.722 0.0 -0.113 -0.683 -0.745 -0.0 -0.208 -0.634 -0.769 -0.0 -0.622 0.147 0.729 0.0 -0.247 -0.638 0.8 0.0 -0.568 0.195 
0.998 -0.069 0.004 0.012 -0.819 -0.0 -0.57 0.061 -0.776 -0.0 0.018 -0.631 0.834 -0.0 -0.546 0.078 0.722 0.0 -0.112 -0.683 -0.745 -0.0 -0.208 -0.634 -0.769 -0.0 -0.622 0.147 0.729 0.0 -0.247 -0.638 0.8 0.0 -0.568 0.195 
0.998 -0.069 0.004 0.012 -0.819 -0.0 -0.57 0.061 -0.776 -0.0 0.016 -0.631 0.835 0.0 -0.545 0.078 0.722 0.0 -0.113 -0.683 -0.745 -0.0 -0.208 -0.634 -0.769 0.0 -0.622 0.147 0.729 0.0 -0.247 -0.638 0.8 0.0 -0.568 0.195 
0.998 -0.069 0.005 0.012 -0.819 -0.0 -0.57 0.061 -0.776 -0.0 0.016 -0.631 0.834 0.0 -0.546 0.078 0.722 0.0 -0.113 -0.683 -0.745 -0.0 -0.208 -0.634 -0.769 -0.0 -0.622 0.147 0.729 0.0 -0.247 -0.638 0.8 0.0 -0.568 0.195 
0.998 -0.069 0.005 0.012 -0.82 0.0 -0.569 0.061 -0.776 -0.0 0.015 -0.63 0.835 0.0 -0.545 0.078 0.722 0.0 -0.113 -0.683 -0.745 -0.0 -0.208 -0.634 -0.769 0.0 -0.622 0.147 0.729 0.0 -0.248 -0.638 0.8 -0.0 -0.568 0.195 
0.998 -0.069 0.004 0.012 -0.82 -0.0 -0.569 0.061 -0.776 -0.0 0.016 -0.631 0.835 0.0 -0.545 0.078 0.722 -0.0 -0.113 -0.683 -0.745 -0.0 -0.208 -0.634 -0.769 -0.0 -0.622 0.147 0.729 0.0 -0.248 -0.638 0.8 0.0 -0.567 0.195 
0.998 -0.069 0.005 0.012 -0.82 -0.0 -0.57 0.061 -0.776 -0.0 0.016 -0.631 0.835 0.0 -0.545 0.078 0.722 0.0 -0.112 -0.683 -0.745 -0.0 -0.208 -0.634 -0.769 -0.0 -0.622 0.147 0.729 0.0 -0.248 -0.638 0.8 0.0 -0.568 0.195 
0.998 -0.069 0.005 0.012 -0.819 -0.0 -0.57 0.061 -0.776 0.0 0.018 -0.631 0.835 0.0 -0.545 0.078 0.722 0.0 -0.113 -0.683 -0.745 0.0 -0.208 -0.634 -0.769 -0.0 -0.622 0.147 0.729 0.0 -0.247 -0.638 0.8 0.0 -0.568 0.195 
0.998 -0.069 0.004 0.012 -0.82 -0.0 -0.57 0.061 -0.776 -0.0 0.016 -0.631 0.835 0.0 -0.545 0.078 0.722 0.0 -0.112 -0.683 -0.745 -0.0 -0.208 -0.634 -0.769 -0.0 -0.622 0.147 0.729 0.0 -0.247 -0.638 0.8 0.0 -0.568 0.195 
0.998 -0.069 0.004 0.012 -0.82 -0.0 -0.569 0.061 -0.776 -0.0 0.016 -0.631 0.835 -0.0 -0.545 0.078 0.722 0.0 -0.112 -0.683 -0.745 -0.0 -0.208 -0.634 -0.769 0.0 -0.622 0.146 0.729 0.0 -0.247 -0.638 0.8 0.0 -0.568 0.195 
0.998 -0.069 0.004 0.012 -0.82 0.0 -0.569 0.061 -0.776 -0.0 0.014 -0.63 0.835 0.0 -0.545 0.078 0.722 0.0 -0.112 -0.683 -0.745 -0.0 -0.208 -0.634 -0.769 0.0 -0.622 0.147 0.729 -0.0 -0.247 -0.638 0.8 0.0 -0.568 0.195 
0.998 -0.069 0.004 0.012 -0.819 -0.0 -0.57 0.061 -0.776 -0.0 0.016 -0.631 0.835 0.0 -0.545 0.078 0.722 -0.0 -0.112 -0.683 -0.745 -0.0 -0.208 -0.634 -0.769 -0.0 -0.622 0.147 0.729 0.0 -0.248 -0.638 0.8 0.0 -0.567 0.194 
0.998 -0.069 0.005 0.012 -0.819 -0.0 -0.571 0.061 -0.776 -0.0 0.018 -0.631 0.835 -0.0 -0.545 0.078 0.722 0.0 -0.113 -0.683 -0.745 0.0 -0.208 -0.634 -0.769 -0.0 -0.622 0.147 0.729 0.0 -0.247 -0.638 0.8 0.0 -0.568 0.195 
0.998 -0.069 0.005 0.012 -0.82 0.0 -0.57 0.061 -0.776 -0.0 0.016 -0.63 0.835 0.0 -0.545 0.078 0.722 0.0 -0.112 -0.683 -0.745 -0.0 -0.208 -0.634 -0.769 -0.0 -0.622 0.147 0.729 0.0 -0.247 -0.638 0.8 0.0 -0.568 0.195 
0.998 -0.069 0.004 0.012 -0.82 -0.0 -0.569 0.061 -0.776 -0.0 0.016 -0.631 0.835 0.0 -0.545 0.078 0.722 0.0 -0.112 -0.683 -0.745 0.0 -0.208 -0.634 -0.769 -0.0 -0.622 0.147 0.729 -0.0 -0.247 -0.638 0.8 0.0 -0.568 0.195 
0.998 -0.069 0.004 0.012 -0.82 0.0 -0.569 0.061 -0.776 0.0 0.016 -0.63 0.835 -0.0 -0.545 0.078 0.722 -0.0 -0.112 -0.683 -0.745 -0.0 -0.208 -0.634 -0.769 -0.0 -0.622 0.147 0.729 0.0 -0.247 -0.638 0.8 -0.0 -0.568 0.195 
0.998 -0.069 0.004 0.012 -0.82 -0.0 -0.57 0.061 -0.776 -0.0 0.016 -0.63 0.835 0.0 -0.545 0.078 0.722 -0.0 -0.112 -0.683 -0.745 -0.0 -0.208 -0.634 -0.769 -0.0 -0.622 0.147 0.729 0.0 -0.247 -0.638 0.8 0.0 -0.568 0.194 
0.998 -0.069 0.004 0.012 -0.82 -0.0 -0.57 0.061 -0.776 -0.0 0.015 -0.63 0.835 0.0 -0.545 0.078 0.722 0.0 -0.113 -0.683 -0.745 -0.0 -0.208 -0.634 -0.769 0.0 -0.622 0.147 0.729 0.0 -0.248 -0.638 0.8 0.0 -0.568 0.195 
0.998 -0.069 0.005 0.012 -0.82 0.0 -0.569 0.061 -0.776 0.0 0.015 -0.63 0.835 0.0 -0.545 0.078 0.722 0.0 -0.112 -0.683 -0.745 -0.0 -0.208 -0.634 -0.769 0.0 -0.622 0.147 0.729 0.0 -0.247 -0.638 0.8 0.0 -0.568 0.195 
0.998 -0.069 0.004 0.012 -0.82 -0.0 -0.57 0.061 -0.776 -0.0 0.016 -0.63 0.835 0.0 -0.545 0.078 0.722 0.0 -0.112 -0.683 -0.745 -0.0 -0.208 -0.634 -0.769 -0.0 -0.622 0.147 0.729 0.0 -0.247 -0.638 0.8 0.0 -0.568 0.195 
0.998 -0.069 0.004 0.012 -0.82 -0.0 -0.569 0.061 -0.776 -0.0 0.016 -0.63 0.835 0.0 -0.545 0.077 0.722 0.0 -0.112 -0.683 -0.745 -0.0 -0.208 -0.634 -0.769 -0.0 -0.622 0.147 0.729 0.0 -0.247 -0.638 0.8 0.0 -0.568 0.195 
0.998 -0.069 0.004 0.012 -0.82 -0.0 -0.57 0.061 -0.776 -0.0 0.016 -0.63 0.835 0.0 -0.545 0.077 0.722 0.0 -0.112 -0.683 -0.745 -0.0 -0.208 -0.634 -0.769 0.0 -0.622 0.146 0.729 0.0 -0.247 -0.638 0.8 -0.0 -0.568 0.195 
0.998 -0.069 0.005 0.012 -0.82 -0.0 -0.569 0.061 -0.776 -0.0 0.014 -0.63 0.835 -0.0 -0.545 0.078 0.722 -0.0 -0.112 -0.683 -0.745 -0.0 -0.207 -0.634 -0.769 -0.0 -0.622 0.147 0.729 0.0 -0.247 -0.638 0.8 0.0 -0.568 0.195 
0.998 -0.069 0.004 0.012 -0.82 -0.0 -0.569 0.061 -0.776 -0.0 0.015 -0.63 0.835 0.0 -0.545 0.077 0.722 0.0 -0.112 -0.683 -0.745 -0.0 -0.208 -0.634 -0.769 -0.0 -0.622 0.147 0.729 -0.0 -0.247 -0.638 0.8 0.0 -0.568 0.195 
0.998 -0.069 0.005 0.012 -0.82 -0.0 -0.569 0.061 -0.776 0.0 0.015 -0.63 0.835 -0.0 -0.545 0.077 0.722 0.0 -0.112 -0.683 -0.745 -0.0 -0.207 -0.634 -0.769 -0.0 -0.622 0.146 0.729 0.0 -0.247 -0.638 0.8 -0.0 -0.568 0.195 
0.998 -0.069 0.004 0.012 -0.82 -0.0 -0.569 0.061 -0.776 0.0 0.015 -0.63 0.835 0.0 -0.545 0.077 0.722 0.0 -0.112 -0.683 -0.745 -0.0 -0.208 -0.634 -0.769 -0.0 -0.622 0.147 0.729 0.0 -0.247 -0.638 0.8 -0.0 -0.568 0.195 
0.998 -0.069 0.004 0.012 -0.82 -0.0 -0.57 0.06 -0.777 0.0 0.014 -0.63 0.835 0.0 -0.545 0.077 0.722 0.0 -0.112 -0.683 -0.745 -0.0 -0.207 -0.634 -0.769 -0.0 -0.622 0.147 0.729 0.0 -0.247 -0.638 0.8 0.0 -0.568 0.195 
0.998 -0.069 0.004 0.012 -0.82 -0.0 -0.569 0.061 -0.777 -0.0 0.014 -0.63 0.835 0.0 -0.545 0.077 0.722 0.0 -0.112 -0.683 -0.745 -0.0 -0.208 -0.634 -0.769 0.0 -0.622 0.147 0.729 0.0 -0.247 -0.638 0.8 0.0 -0.568 0.194 
0.998 -0.069 0.004 0.012 -0.82 -0.0 -0.569 0.06 -0.776 -0.0 0.015 -0.63 0.835 0.0 -0.545 0.077 0.722 -0.0 -0.112 -0.683 -0.745 -0.0 -0.207 -0.634 -0.769 0.0 -0.622 0.146 0.729 0.0 -0.247 -0.638 0.8 0.0 -0.568 0.195 
0.998 -0.069 0.004 0.012 -0.82 -0.0 -0.569 0.06 -0.776 -0.0 0.015 -0.63 0.835 0.0 -0.545 0.077 0.722 0.0 -0.112 -0.683 -0.745 -0.0 -0.207 -0.634 -0.769 -0.0 -0.622 0.147 0.729 -0.0 -0.247 -0.638 0.8 0.0 -0.568 0.194 
0.998 -0.069 0.004 0.012 -0.82 0.0 -0.57 0.06 -0.776 0.0 0.015 -0.631 0.835 0.0 -0.545 0.077 0.722 0.0 -0.112 -0.683 -0.745 -0.0 -0.207 -0.634 -0.769 0.0 -0.622 0.146 0.729 0.0 -0.247 -0.638 0.8 0.0 -0.568 0.195 
0.998 -0.069 0.004 0.012 -0.82 -0.0 -0.569 0.06 -0.776 -0.0 0.014 -0.631 0.835 0.0 -0.545 0.077 0.722 0.0 -0.112 -0.683 -0.745 -0.0 -0.207 -0.634 -0.769 -0.0 -0.622 0.147 0.729 0.0 -0.247 -0.638 0.8 -0.0 -0.568 0.194 
0.998 -0.069 0.004 0.012 -0.82 0.0 -0.569 0.06 -0.776 -0.0 0.015 -0.631 0.835 0.0 -0.545 0.077 0.722 -0.0 -0.112 -0.683 -0.745 -0.0 -0.207 -0.634 -0.769 -0.0 -0.622 0.146 0.729 -0.0 -0.247 -0.638 0.8 0.0 -0.568 0.195 
0.998 -0.069 0.005 0.012 -0.82 -0.0 -0.569 0.06 -0.776 -0.0 0.015 -0.631 0.835 0.0 -0.545 0.077 0.722 0.0 -0.112 -0.683 -0.745 -0.0 -0.207 -0.634 -0.769 0.0 -0.622 0.147 0.729 0.0 -0.247 -0.638 0.8 0.0 -0.568 0.194 
0.998 -0.069 0.004 0.012 -0.82 -0.0 -0.569 0.06 -0.776 0.0 0.015 -0.631 0.835 0.0 -0.545 0.077 0.722 0.0 -0.112 -0.683 -0.745 -0.0 -0.207 -0.634 -0.769 0.0 -0.622 0.146 0.729 0.0 -0.247 -0.638 0.8 0.0 -0.568 0.194 
0.998 -0.069 0.004 0.012 -0.82 0.0 -0.569 0.06 -0.776 -0.0 0.015 -0.631 0.835 0.0 -0.545 0.077 0.722 0.0 -0.112 -0.683 -0.745 -0.0 -0.207 -0.634 -0.769 0.0 -0.622 0.147 0.729 -0.0 -0.248 -0.638 0.8 0.0 -0.567 0.194 
0.998 -0.069 0.004 0.012 -0.82 -0.0 -0.569 0.06 -0.776 0.0 0.014 -0.631 0.835 -0.0 -0.545 0.077 0.722 0.0 -0.112 -0.683 -0.745 -0.0 -0.207 -0.634 -0.769 -0.0 -0.622 0.147 0.729 0.0 -0.247 -0.638 0.8 0.0 -0.568 0.195 
0.998 -0.069 0.004 0.012 -0.82 -0.0 -0.569 0.06 -0.776 -0.0 0.014 -0.63 0.835 0.0 -0.545 0.077 0.722 0.0 -0.112 -0.683 -0.745 -0.0 -0.207 -0.634 -0.769 0.0 -0.622 0.147 0.729 0.0 -0.247 -0.638 0.8 0.0 -0.568 0.194 
0.998 -0.069 0.004 0.012 -0.82 0.0 -0.569 0.06 -0.776 -0.0 0.015 -0.631 0.835 0.0 -0.545 0.076 0.722 -0.0 -0.112 -0.683 -0.745 -0.0 -0.207 -0.634 -0.769 -0.0 -0.622 0.147 0.729 0.0 -0.247 -0.638 0.8 0.0 -0.568 0.195 
0.998 -0.069 0.004 0.012 -0.82 -0.0 -0.569 0.06 -0.776 -0.0 0.013 -0.63 0.835 0.0 -0.546 0.077 0.722 0.0 -0.112 -0.683 -0.745 -0.0 -0.207 -0.634 -0.769 -0.0 -0.622 0.147 0.729 -0.0 -0.247 -0.638 0.8 0.0 -0.568 0.194 
0.998 -0.069 0.004 0.012 -0.82 -0.0 -0.569 0.06 -0.776 -0.0 0.015 -0.63 0.835 0.0 -0.546 0.076 0.722 0.0 -0.112 -0.682 -0.745 -0.0 -0.207 -0.634 -0.769 -0.0 -0.622 0.147 0.729 0.0 -0.247 -0.638 0.8 0.0 -0.568 0.194 
0.998 -0.069 0.005 0.012 -0.82 0.0 -0.569 0.06 -0.776 -0.0 0.015 -0.63 0.835 -0.0 -0.546 0.076 0.722 -0.0 -0.112 -0.682 -0.745 -0.0 -0.207 -0.634 -0.769 0.0 -0.622 0.147 0.729 0.0 -0.247 -0.638 0.8 0.0 -0.568 0.195 
0.998 -0.069 0.004 0.012 -0.82 0.0 -0.569 0.059 -0.776 -0.0 0.015 -0.63 0.835 -0.0 -0.546 0.076 0.722 0.0 -0.112 -0.682 -0.745 -0.0 -0.207 -0.634 -0.769 -0.0 -0.622 0.147 0.729 0.0 -0.247 -0.638 0.8 0.0 -0.568 0.194 
0.998 -0.069 0.004 0.012 -0.82 0.0 -0.569 0.059 -0.776 -0.0 0.015 -0.63 0.835 0.0 -0.545 0.076 0.722 0.0 -0.112 -0.683 -0.745 -0.0 -0.208 -0.634 -0.769 -0.0 -0.622 0.147 0.729 -0.0 -0.247 -0.638 0.8 0.0 -0.568 0.195 
0.998 -0.069 0.004 0.012 -0.82 -0.0 -0.569 0.059 -0.776 -0.0 0.015 -0.63 0.835 0.0 -0.546 0.076 0.722 0.0 -0.112 -0.682 -0.745 -0.0 -0.207 -0.634 -0.769 -0.0 -0.622 0.147 0.729 -0.0 -0.247 -0.638 0.8 0.0 -0.568 0.194 
0.998 -0.069 0.005 0.012 -0.82 0.0 -0.569 0.059 -0.776 -0.0 0.015 -0.631 0.835 0.0 -0.546 0.076 0.722 0.0 -0.112 -0.683 -0.745 -0.0 -0.207 -0.634 -0.769 -0.0 -0.622 0.147 0.729 -0.0 -0.247 -0.638 0.8 0.0 -0.568 0.194 
0.998 -0.069 0.004 0.012 -0.82 0.0 -0.569 0.059 -0.776 -0.0 0.015 -0.63 0.835 -0.0 -0.546 0.076 0.722 0.0 -0.112 -0.683 -0.745 -0.0 -0.207 -0.634 -0.769 -0.0 -0.622 0.147 0.729 0.0 -0.247 -0.638 0.8 0.0 -0.568 0.195 
0.998 -0.069 0.004 0.012 -0.82 -0.0 -0.569 0.059 -0.776 -0.0 0.015 -0.63 0.835 0.0 -0.546 0.076 0.722 0.0 -0.112 -0.683 -0.745 -0.0 -0.207 -0.634 -0.769 0.0 -0.622 0.146 0.729 0.0 -0.247 -0.638 0.8 0.0 -0.568 0.195 
0.998 -0.069 0.004 0.012 -0.82 0.0 -0.569 0.059 -0.776 0.0 0.015 -0.63 0.835 0.0 -0.546 0.076 0.722 -0.0 -0.112 -0.683 -0.745 0.0 -0.207 -0.634 -0.769 -0.0 -0.622 0.147 0.73 -0.0 -0.248 -0.638 0.8 0.0 -0.567 0.194 
0.998 -0.069 0.004 0.012 -0.82 0.0 -0.569 0.059 -0.776 -0.0 0.015 -0.63 0.835 0.0 -0.546 0.076 0.722 0.0 -0.112 -0.683 -0.745 -0.0 -0.208 -0.634 -0.769 0.0 -0.622 0.146 0.729 0.0 -0.247 -0.638 0.8 0.0 -0.568 0.195 
0.998 -0.069 0.004 0.012 -0.82 -0.0 -0.569 0.059 -0.776 -0.0 0.015 -0.63 0.835 0.0 -0.546 0.076 0.722 0.0 -0.112 -0.683 -0.745 -0.0 -0.207 -0.634 -0.769 -0.0 -0.622 0.146 0.729 -0.0 -0.247 -0.638 0.8 0.0 -0.568 0.195 
0.998 -0.069 0.005 0.012 -0.82 -0.0 -0.569 0.059 -0.776 -0.0 0.015 -0.63 0.834 0.0 -0.546 0.076 0.722 0.0 -0.112 -0.683 -0.745 -0.0 -0.207 -0.634 -0.769 -0.0 -0.622 0.146 0.729 0.0 -0.247 -0.638 0.8 0.0 -0.568 0.194 
0.998 -0.069 0.004 0.012 -0.82 -0.0 -0.569 0.059 -0.776 -0.0 0.015 -0.63 0.834 0.0 -0.546 0.076 0.722 0.0 -0.112 -0.683 -0.745 -0.0 -0.208 -0.634 -0.769 -0.0 -0.622 0.147 0.729 0.0 -0.247 -0.638 0.8 0.0 -0.568 0.195 
0.998 -0.069 0.004 0.012 -0.821 0.0 -0.569 0.059 -0.776 -0.0 0.013 -0.63 0.835 0.0 -0.546 0.076 0.722 0.0 -0.112 -0.683 -0.745 -0.0 -0.208 -0.634 -0.769 -0.0 -0.622 0.147 0.729 0.0 -0.247 -0.638 0.8 0.0 -0.568 0.194 
0.998 -0.069 0.004 0.012 -0.82 -0.0 -0.569 0.059 -0.776 -0.0 0.015 -0.631 0.834 -0.0 -0.546 0.076 0.722 0.0 -0.111 -0.683 -0.745 -0.0 -0.208 -0.634 -0.769 0.0 -0.622 0.147 0.729 0.0 -0.247 -0.638 0.8 0.0 -0.568 0.195 
0.998 -0.069 0.004 0.012 -0.82 -0.0 -0.569 0.059 -0.776 -0.0 0.015 -0.63 0.834 0.0 -0.546 0.076 0.722 0.0 -0.112 -0.683 -0.745 -0.0 -0.208 -0.634 -0.769 0.0 -0.622 0.147 0.729 0.0 -0.247 -0.638 0.8 0.0 -0.568 0.195 
0.998 -0.069 0.004 0.012 -0.82 -0.0 -0.569 0.059 -0.776 -0.0 0.013 -0.63 0.835 0.0 -0.546 0.076 0.722 0.0 -0.111 -0.683 -0.745 -0.0 -0.208 -0.634 -0.769 -0.0 -0.622 0.147 0.729 0.0 -0.247 -0.638 0.8 0.0 -0.568 0.195 
0.998 -0.069 0.004 0.012 -0.82 -0.0 -0.569 0.059 -0.776 -0.0 0.013 -0.63 0.834 0.0 -0.546 0.076 0.722 0.0 -0.111 -0.683 -0.745 -0.0 -0.208 -0.634 -0.769 -0.0 -0.622 0.147 0.729 0.0 -0.247 -0.638 0.8 0.0 -0.568 0.194 
0.998 -0.069 0.004 0.012 -0.821 0.0 -0.569 0.059 -0.776 -0.0 0.014 -0.631 0.834 0.0 -0.546 0.076 0.722 0.0 -0.111 -0.683 -0.745 -0.0 -0.208 -0.634 -0.769 -0.0 -0.622 0.147 0.729 0.0 -0.247 -0.638 0.8 0.0 -0.568 0.195 
0.998 -0.069 0.004 0.012 -0.82 0.0 -0.569 0.059 -0.776 0.0 0.014 -0.631 0.835 -0.0 -0.546 0.076 0.722 -0.0 -0.112 -0.683 -0.745 -0.0 -0.208 -0.634 -0.769 -0.0 -0.622 0.147 0.73 0.0 -0.248 -0.637 0.8 -0.0 -0.567 0.194 
0.998 -0.069 0.005 0.012 -0.821 -0.0 -0.569 0.059 -0.776 -0.0 0.014 -0.631 0.834 0.0 -0.546 0.076 0.722 0.0 -0.111 -0.683 -0.745 -0.0 -0.208 -0.634 -0.769 0.0 -0.622 0.147 0.729 0.0 -0.248 -0.638 0.8 0.0 -0.568 0.195 
0.998 -0.069 0.004 0.012 -0.82 -0.0 -0.569 0.059 -0.776 -0.0 0.014 -0.631 0.835 -0.0 -0.546 0.076 0.722 0.0 -0.111 -0.683 -0.745 -0.0 -0.208 -0.634 -0.769 0.0 -0.622 0.147 0.729 0.0 -0.247 -0.638 0.8 -0.0 -0.568 0.195 
0.998 -0.069 0.004 0.012 -0.821 0.0 -0.569 0.059 -0.776 -0.0 0.014 -0.631 0.835 0.0 -0.546 0.076 0.722 -0.0 -0.111 -0.683 -0.745 -0.0 -0.208 -0.634 -0.769 -0.0 -0.622 0.147 0.729 0.0 -0.247 -0.638 0.8 0.0 -0.568 0.195 
0.998 -0.069 0.004 0.012 -0.82 -0.0 -0.569 0.059 -0.776 -0.0 0.015 -0.63 0.835 0.0 -0.546 0.076 0.722 0.0 -0.111 -0.683 -0.745 0.0 -0.208 -0.634 -0.769 0.0 -0.622 0.147 0.729 0.0 -0.248 -0.638 0.8 -0.0 -0.568 0.195 
0.998 -0.069 0.004 0.012 -0.821 -0.0 -0.569 0.059 -0.776 -0.0 0.014 -0.631 0.835 0.0 -0.546 0.076 0.722 0.0 -0.111 -0.683 -0.745 0.0 -0.208 -0.634 -0.769 -0.0 -0.622 0.147 0.729 0.0 -0.247 -0.638 0.8 0.0 -0.568 0.194 
0.998 -0.069 0.004 0.012 -0.821 0.0 -0.568 0.059 -0.776 -0.0 0.014 -0.63 0.835 -0.0 -0.545 0.076 0.722 -0.0 -0.111 -0.683 -0.745 -0.0 -0.208 -0.634 -0.769 0.0 -0.622 0.147 0.729 0.0 -0.247 -0.638 0.8 0.0 -0.568 0.195 
0.998 -0.069 0.004 0.012 -0.821 -0.0 -0.569 0.059 -0.776 0.0 0.014 -0.63 0.835 0.0 -0.545 0.076 0.722 0.0 -0.111 -0.683 -0.745 -0.0 -0.208 -0.634 -0.769 -0.0 -0.622 0.147 0.729 0.0 -0.248 -0.637 0.801 0.0 -0.567 0.194 
0.998 -0.069 0.004 0.012 -0.821 -0.0 -0.568 0.059 -0.776 0.0 0.014 -0.63 0.835 0.0 -0.545 0.076 0.722 0.0 -0.111 -0.683 -0.745 -0.0 -0.208 -0.634 -0.769 -0.0 -0.622 0.147 0.729 0.0 -0.247 -0.638 0.8 0.0 -0.568 0.195 
0.998 -0.069 0.004 0.012 -0.821 -0.0 -0.568 0.059 -0.776 0.0 0.014 -0.63 0.835 0.0 -0.545 0.076 0.722 0.0 -0.11 -0.683 -0.745 -0.0 -0.208 -0.634 -0.769 -0.0 -0.622 0.147 0.729 0.0 -0.247 -0.638 0.8 0.0 -0.568 0.194 
0.998 -0.069 0.004 0.012 -0.821 0.0 -0.568 0.059 -0.776 -0.0 0.014 -0.63 0.835 0.0 -0.545 0.076 0.722 -0.0 -0.11 -0.683 -0.745 0.0 -0.208 -0.634 -0.769 0.0 -0.622 0.147 0.729 0.0 -0.248 -0.638 0.8 0.0 -0.568 0.195 
0.998 -0.069 0.004 0.012 -0.82 -0.0 -0.569 0.059 -0.776 -0.0 0.015 -0.63 0.835 0.0 -0.545 0.076 0.722 0.0 -0.11 -0.683 -0.745 -0.0 -0.208 -0.634 -0.769 0.0 -0.622 0.147 0.729 0.0 -0.247 -0.638 0.8 -0.0 -0.568 0.195 
0.998 -0.069 0.004 0.012 -0.821 -0.0 -0.568 0.059 -0.776 -0.0 0.014 -0.63 0.835 0.0 -0.545 0.076 0.722 0.0 -0.11 -0.683 -0.745 -0.0 -0.208 -0.634 -0.769 0.0 -0.622 0.147 0.729 0.0 -0.247 -0.638 0.8 0.0 -0.568 0.195 
0.998 -0.069 0.004 0.012 -0.821 -0.0 -0.568 0.059 -0.776 -0.0 0.013 -0.63 0.835 -0.0 -0.545 0.076 0.722 0.0 -0.11 -0.683 -0.745 -0.0 -0.208 -0.634 -0.769 -0.0 -0.622 0.147 0.729 0.0 -0.247 -0.638 0.8 0.0 -0.568 0.194 
0.998 -0.069 0.004 0.012 -0.821 -0.0 -0.568 0.059 -0.776 -0.0 0.014 -0.63 0.835 -0.0 -0.545 0.076 0.722 0.0 -0.109 -0.683 -0.745 -0.0 -0.208 -0.634 -0.769 -0.0 -0.622 0.147 0.73 0.0 -0.248 -0.637 0.801 -0.0 -0.567 0.194 
0.998 -0.069 0.004 0.012 -0.82 -0.0 -0.569 0.059 -0.776 -0.0 0.014 -0.63 0.835 0.0 -0.545 0.076 0.722 0.0 -0.11 -0.683 -0.745 -0.0 -0.208 -0.634 -0.769 -0.0 -0.622 0.147 0.729 0.0 -0.247 -0.638 0.8 0.0 -0.568 0.195 
0.998 -0.069 0.004 0.012 -0.82 0.0 -0.569 0.059 -0.777 -0.0 0.013 -0.63 0.835 0.0 -0.545 0.076 0.722 -0.0 -0.109 -0.683 -0.745 -0.0 -0.208 -0.634 -0.769 -0.0 -0.622 0.147 0.729 0.0 -0.247 -0.638 0.8 0.0 -0.568 0.195 
0.998 -0.069 0.004 0.012 -0.821 0.0 -0.569 0.059 -0.776 -0.0 0.013 -0.63 0.835 -0.0 -0.545 0.075 0.722 -0.0 -0.109 -0.683 -0.745 0.0 -0.208 -0.634 -0.769 -0.0 -0.622 0.147 0.729 0.0 -0.247 -0.638 0.8 -0.0 -0.568 0.195 
0.998 -0.069 0.004 0.012 -0.821 -0.0 -0.569 0.058 -0.777 -0.0 0.013 -0.63 0.835 0.0 -0.545 0.076 0.722 0.0 -0.109 -0.683 -0.745 -0.0 -0.208 -0.634 -0.769 -0.0 -0.622 0.147 0.729 0.0 -0.247 -0.638 0.8 0.0 -0.568 0.195 
0.998 -0.069 0.004 0.012 -0.82 -0.0 -0.569 0.058 -0.776 -0.0 0.015 -0.63 0.835 0.0 -0.545 0.076 0.722 -0.0 -0.109 -0.683 -0.745 -0.0 -0.208 -0.634 -0.769 0.0 -0.622 0.147 0.729 0.0 -0.247 -0.638 0.8 -0.0 -0.568 0.195 
0.998 -0.069 0.004 0.012 -0.82 -0.0 -0.569 0.058 -0.776 -0.0 0.015 -0.63 0.835 0.0 -0.545 0.076 0.722 0.0 -0.109 -0.683 -0.745 -0.0 -0.208 -0.634 -0.769 -0.0 -0.622 0.147 0.729 -0.0 -0.247 -0.638 0.8 0.0 -0.568 0.195 
0.998 -0.069 0.004 0.012 -0.82 -0.0 -0.569 0.058 -0.776 -0.0 0.015 -0.63 0.835 -0.0 -0.545 0.076 0.722 0.0 -0.109 -0.683 -0.745 -0.0 -0.208 -0.634 -0.769 -0.0 -0.622 0.147 0.73 0.0 -0.248 -0.637 0.801 0.0 -0.567 0.194 
0.998 -0.069 0.004 0.012 -0.82 -0.0 -0.569 0.058 -0.776 -0.0 0.015 -0.63 0.835 0.0 -0.545 0.076 0.722 0.0 -0.109 -0.683 -0.745 -0.0 -0.208 -0.634 -0.769 -0.0 -0.622 0.147 0.729 -0.0 -0.247 -0.638 0.8 0.0 -0.568 0.195 
0.998 -0.069 0.004 0.012 -0.82 0.0 -0.569 0.058 -0.776 -0.0 0.014 -0.63 0.835 0.0 -0.545 0.076 0.722 -0.0 -0.109 -0.683 -0.745 -0.0 -0.208 -0.634 -0.769 -0.0 -0.622 0.147 0.729 -0.0 -0.247 -0.638 0.8 0.0 -0.568 0.194 
0.998 -0.069 0.004 0.012 -0.821 -0.0 -0.569 0.058 -0.776 0.0 0.014 -0.63 0.835 0.0 -0.545 0.076 0.722 0.0 -0.109 -0.683 -0.745 -0.0 -0.208 -0.634 -0.769 0.0 -0.622 0.146 0.729 0.0 -0.247 -0.638 0.8 0.0 -0.568 0.195 
0.998 -0.069 0.004 0.012 -0.821 -0.0 -0.569 0.058 -0.776 0.0 0.014 -0.63 0.835 0.0 -0.545 0.075 0.722 -0.0 -0.109 -0.683 -0.745 -0.0 -0.208 -0.634 -0.769 -0.0 -0.622 0.146 0.729 0.0 -0.247 -0.638 0.8 -0.0 -0.568 0.195 
