# T   LUA LFA RUA RFA LT  LS  RT  RS  
0.997 -0.037 0.059 -0.014 -0.792 -0.0 -0.582 0.183 -0.981 -0.0 -0.096 -0.168 0.747 -0.0 -0.66 0.084 0.98 0.0 -0.055 -0.19 -0.666 0.0 -0.738 0.11 -0.992 -0.0 0.126 -0.021 0.6 0.0 -0.792 0.11 0.996 0.0 0.086 -0.017 
0.998 -0.036 0.059 -0.013 -0.792 -0.0 -0.581 0.184 -0.981 -0.0 -0.098 -0.168 0.747 -0.0 -0.66 0.084 0.98 0.0 -0.056 -0.192 -0.666 -0.0 -0.737 0.11 -0.992 -0.0 0.126 -0.021 0.6 0.0 -0.793 0.11 0.996 0.0 0.086 -0.018 
0.998 -0.036 0.059 -0.014 -0.792 -0.0 -0.581 0.186 -0.981 -0.0 -0.1 -0.168 0.747 0.0 -0.66 0.085 0.98 -0.0 -0.056 -0.193 -0.667 -0.0 -0.737 0.109 -0.992 -0.0 0.126 -0.02 0.6 0.0 -0.793 0.111 0.996 -0.0 0.085 -0.019 
0.998 -0.035 0.059 -0.013 -0.792 -0.0 -0.581 0.187 -0.98 -0.0 -0.103 -0.168 0.747 -0.0 -0.66 0.084 0.979 0.0 -0.057 -0.193 -0.667 -0.0 -0.737 0.108 -0.992 -0.0 0.126 -0.02 0.599 0.0 -0.793 0.11 0.996 -0.0 0.085 -0.019 
0.998 -0.034 0.058 -0.013 -0.792 -0.0 -0.581 0.187 -0.98 -0.0 -0.105 -0.168 0.746 -0.0 -0.66 0.085 0.979 0.0 -0.057 -0.195 -0.667 -0.0 -0.737 0.107 -0.992 -0.0 0.126 -0.019 0.599 0.0 -0.793 0.11 0.996 -0.0 0.085 -0.02 
0.998 -0.034 0.058 -0.013 -0.792 -0.0 -0.58 0.188 -0.98 -0.0 -0.107 -0.168 0.746 0.0 -0.66 0.085 0.979 0.0 -0.057 -0.196 -0.668 -0.0 -0.737 0.107 -0.992 -0.0 0.126 -0.019 0.599 0.0 -0.793 0.11 0.996 0.0 0.085 -0.02 
0.998 -0.033 0.058 -0.013 -0.793 0.0 -0.58 0.188 -0.98 -0.0 -0.109 -0.169 0.746 0.0 -0.66 0.085 0.979 0.0 -0.058 -0.197 -0.668 -0.0 -0.736 0.106 -0.992 -0.0 0.126 -0.019 0.599 -0.0 -0.794 0.109 0.996 0.0 0.084 -0.019 
0.998 -0.032 0.058 -0.012 -0.793 -0.0 -0.58 0.188 -0.979 -0.0 -0.111 -0.171 0.746 0.0 -0.661 0.085 0.979 0.0 -0.058 -0.197 -0.669 -0.0 -0.736 0.105 -0.992 -0.0 0.127 -0.017 0.598 0.0 -0.794 0.108 0.996 -0.0 0.084 -0.018 
0.998 -0.032 0.058 -0.012 -0.794 -0.0 -0.579 0.186 -0.979 -0.0 -0.113 -0.17 0.745 0.0 -0.661 0.086 0.979 0.0 -0.058 -0.198 -0.669 -0.0 -0.736 0.104 -0.992 -0.0 0.127 -0.017 0.598 0.0 -0.794 0.108 0.996 0.0 0.084 -0.018 
0.998 -0.031 0.057 -0.011 -0.794 -0.0 -0.579 0.185 -0.979 -0.0 -0.115 -0.171 0.745 0.0 -0.661 0.086 0.978 -0.0 -0.058 -0.198 -0.67 -0.0 -0.735 0.104 -0.992 -0.0 0.127 -0.016 0.597 0.0 -0.795 0.106 0.996 0.0 0.084 -0.017 
0.998 -0.03 0.057 -0.011 -0.794 -0.0 -0.579 0.184 -0.978 -0.0 -0.116 -0.172 0.745 0.0 -0.662 0.087 0.978 0.0 -0.059 -0.199 -0.67 -0.0 -0.735 0.103 -0.992 -0.0 0.127 -0.016 0.597 0.0 -0.795 0.105 0.996 -0.0 0.084 -0.016 
0.998 -0.029 0.057 -0.011 -0.795 -0.0 -0.579 0.183 -0.978 -0.0 -0.117 -0.173 0.744 0.0 -0.662 0.086 0.978 -0.0 -0.058 -0.198 -0.671 -0.0 -0.735 0.102 -0.992 -0.0 0.127 -0.015 0.597 0.0 -0.796 0.103 0.996 0.0 0.084 -0.014 
0.998 -0.029 0.057 -0.011 -0.795 -0.0 -0.579 0.181 -0.977 -0.0 -0.118 -0.175 0.744 0.0 -0.663 0.087 0.978 0.0 -0.059 -0.2 -0.671 -0.0 -0.735 0.1 -0.992 0.0 0.128 -0.013 0.596 0.0 -0.796 0.102 0.996 0.0 0.083 -0.013 
0.998 -0.028 0.057 -0.011 -0.796 -0.0 -0.579 0.179 -0.977 -0.0 -0.119 -0.176 0.743 0.0 -0.663 0.086 0.978 -0.0 -0.058 -0.199 -0.671 -0.0 -0.734 0.099 -0.992 -0.0 0.128 -0.012 0.596 0.0 -0.797 0.1 0.996 -0.0 0.084 -0.011 
0.998 -0.027 0.057 -0.011 -0.796 -0.0 -0.579 0.176 -0.977 -0.0 -0.12 -0.178 0.743 0.0 -0.663 0.087 0.978 0.0 -0.059 -0.199 -0.672 -0.0 -0.734 0.097 -0.992 -0.0 0.128 -0.011 0.595 0.0 -0.798 0.098 0.996 0.0 0.084 -0.01 
0.998 -0.026 0.057 -0.01 -0.797 -0.0 -0.579 0.173 -0.976 -0.0 -0.121 -0.18 0.743 0.0 -0.664 0.087 0.978 0.0 -0.058 -0.199 -0.672 -0.0 -0.734 0.094 -0.992 0.0 0.129 -0.008 0.595 0.0 -0.798 0.095 0.997 0.0 0.083 -0.008 
0.998 -0.025 0.057 -0.01 -0.797 -0.0 -0.58 0.17 -0.976 -0.0 -0.121 -0.181 0.742 -0.0 -0.664 0.087 0.978 0.0 -0.058 -0.199 -0.673 -0.0 -0.734 0.092 -0.992 -0.0 0.129 -0.006 0.594 0.0 -0.799 0.094 0.997 0.0 0.083 -0.006 
0.998 -0.024 0.056 -0.01 -0.797 0.0 -0.58 0.167 -0.975 -0.0 -0.12 -0.185 0.742 0.0 -0.664 0.087 0.978 0.0 -0.059 -0.2 -0.673 -0.0 -0.734 0.09 -0.992 -0.0 0.13 -0.004 0.594 0.0 -0.799 0.091 0.997 0.0 0.083 -0.004 
0.998 -0.023 0.056 -0.01 -0.798 -0.0 -0.58 0.164 -0.975 -0.0 -0.121 -0.187 0.742 0.0 -0.665 0.087 0.978 0.0 -0.059 -0.199 -0.674 -0.0 -0.733 0.089 -0.992 -0.0 0.13 -0.002 0.594 0.0 -0.8 0.089 0.997 0.0 0.083 -0.002 
0.998 -0.023 0.056 -0.01 -0.798 -0.0 -0.581 0.162 -0.974 -0.0 -0.12 -0.19 0.742 0.0 -0.665 0.084 0.979 -0.0 -0.058 -0.197 -0.674 -0.0 -0.733 0.087 -0.991 -0.0 0.13 -0.0 0.594 0.0 -0.8 0.087 0.997 -0.0 0.082 0.001 
0.998 -0.022 0.055 -0.009 -0.798 0.0 -0.581 0.159 -0.974 -0.0 -0.119 -0.195 0.741 0.0 -0.665 0.087 0.978 0.0 -0.058 -0.199 -0.674 0.0 -0.734 0.085 -0.991 0.0 0.131 0.003 0.593 0.0 -0.8 0.084 0.997 0.0 0.082 0.003 
0.998 -0.021 0.055 -0.007 -0.798 -0.0 -0.582 0.156 -0.973 0.0 -0.117 -0.197 0.742 0.0 -0.665 0.087 0.978 0.0 -0.06 -0.198 -0.674 0.0 -0.734 0.083 -0.991 -0.0 0.131 0.005 0.593 0.0 -0.801 0.082 0.997 0.0 0.082 0.006 
0.998 -0.021 0.054 -0.007 -0.798 -0.0 -0.582 0.153 -0.973 -0.0 -0.116 -0.201 0.742 0.0 -0.665 0.085 0.979 0.0 -0.058 -0.196 -0.675 0.0 -0.733 0.082 -0.991 -0.0 0.132 0.008 0.593 -0.0 -0.801 0.081 0.997 0.0 0.082 0.008 
0.998 -0.019 0.054 -0.007 -0.798 -0.0 -0.583 0.15 -0.972 -0.0 -0.114 -0.207 0.741 0.0 -0.666 0.086 0.979 0.0 -0.059 -0.198 -0.675 -0.0 -0.734 0.077 -0.991 -0.0 0.132 0.012 0.593 0.0 -0.802 0.076 0.997 0.0 0.081 0.011 
0.998 -0.018 0.054 -0.007 -0.799 -0.0 -0.584 0.147 -0.971 -0.0 -0.112 -0.212 0.741 0.0 -0.665 0.087 0.978 0.0 -0.059 -0.198 -0.676 -0.0 -0.734 0.074 -0.991 0.0 0.132 0.015 0.593 0.0 -0.802 0.074 0.997 0.0 0.081 0.013 
0.998 -0.018 0.053 -0.005 -0.798 0.0 -0.585 0.144 -0.97 -0.0 -0.109 -0.215 0.741 0.0 -0.666 0.085 0.979 -0.0 -0.059 -0.195 -0.676 0.0 -0.733 0.073 -0.991 -0.0 0.132 0.019 0.592 0.0 -0.802 0.073 0.997 0.0 0.08 0.016 
0.998 -0.017 0.053 -0.004 -0.798 -0.0 -0.586 0.141 -0.969 -0.0 -0.107 -0.223 0.741 0.0 -0.665 0.089 0.978 0.0 -0.061 -0.198 -0.676 -0.0 -0.734 0.069 -0.991 0.0 0.132 0.024 0.593 0.0 -0.803 0.069 0.997 0.0 0.08 0.018 
0.998 -0.016 0.053 -0.003 -0.798 -0.0 -0.587 0.138 -0.968 -0.0 -0.103 -0.228 0.741 -0.0 -0.665 0.089 0.979 0.0 -0.06 -0.197 -0.677 -0.0 -0.733 0.064 -0.991 0.0 0.132 0.03 0.592 0.0 -0.803 0.065 0.997 0.0 0.079 0.022 
0.999 -0.014 0.051 -0.001 -0.797 -0.0 -0.588 0.135 -0.967 -0.0 -0.098 -0.234 0.742 0.0 -0.665 0.088 0.979 0.0 -0.061 -0.195 -0.677 -0.0 -0.734 0.058 -0.991 -0.0 0.131 0.036 0.593 0.0 -0.803 0.059 0.997 0.0 0.079 0.027 
0.999 -0.013 0.051 0.0 -0.797 -0.0 -0.589 0.132 -0.966 -0.0 -0.095 -0.241 0.742 0.0 -0.665 0.088 0.979 -0.0 -0.06 -0.195 -0.678 -0.0 -0.734 0.053 -0.991 -0.0 0.13 0.043 0.593 0.0 -0.803 0.056 0.996 0.0 0.078 0.03 
0.999 -0.011 0.051 -0.002 -0.797 -0.0 -0.59 0.128 -0.965 0.0 -0.091 -0.247 0.742 0.0 -0.665 0.089 0.979 -0.0 -0.06 -0.196 -0.679 -0.0 -0.733 0.044 -0.99 -0.0 0.129 0.053 0.592 0.0 -0.804 0.052 0.996 0.0 0.077 0.032 
0.999 -0.011 0.05 -0.001 -0.797 0.0 -0.59 0.125 -0.964 -0.0 -0.087 -0.251 0.742 0.0 -0.665 0.088 0.979 0.0 -0.059 -0.193 -0.68 -0.0 -0.732 0.038 -0.99 -0.0 0.128 0.062 0.592 0.0 -0.804 0.05 0.996 0.0 0.077 0.035 
0.999 -0.011 0.05 -0.001 -0.797 -0.0 -0.591 0.122 -0.963 -0.0 -0.083 -0.257 0.742 0.0 -0.665 0.089 0.979 0.0 -0.059 -0.193 -0.681 0.0 -0.732 0.031 -0.989 -0.0 0.127 0.071 0.592 0.0 -0.804 0.049 0.996 0.0 0.076 0.037 
0.999 -0.01 0.049 -0.001 -0.797 -0.0 -0.592 0.119 -0.961 -0.0 -0.078 -0.264 0.742 0.0 -0.664 0.09 0.979 0.0 -0.059 -0.193 -0.681 0.0 -0.731 0.024 -0.989 -0.0 0.125 0.082 0.593 0.0 -0.804 0.047 0.996 0.0 0.075 0.039 
0.999 -0.009 0.049 -0.0 -0.797 -0.0 -0.593 0.115 -0.96 -0.0 -0.074 -0.269 0.742 0.0 -0.664 0.091 0.979 0.0 -0.059 -0.193 -0.681 -0.0 -0.732 0.014 -0.988 -0.0 0.124 0.095 0.593 0.0 -0.804 0.044 0.996 0.0 0.074 0.042 
0.999 -0.008 0.048 0.001 -0.796 -0.0 -0.594 0.111 -0.959 -0.0 -0.069 -0.276 0.743 0.0 -0.663 0.092 0.979 0.0 -0.06 -0.193 -0.682 -0.0 -0.731 0.004 -0.987 -0.0 0.121 0.109 0.593 0.0 -0.804 0.041 0.996 0.0 0.074 0.045 
0.999 -0.007 0.047 0.002 -0.796 -0.0 -0.596 0.108 -0.957 0.0 -0.063 -0.283 0.743 0.0 -0.662 0.092 0.979 -0.0 -0.06 -0.193 -0.683 -0.0 -0.731 -0.007 -0.985 -0.0 0.118 0.124 0.593 0.0 -0.805 0.037 0.996 0.0 0.073 0.048 
0.999 -0.007 0.047 0.003 -0.795 0.0 -0.597 0.105 -0.956 -0.0 -0.057 -0.289 0.744 0.0 -0.661 0.094 0.979 0.0 -0.061 -0.193 -0.683 -0.0 -0.73 -0.017 -0.984 -0.0 0.114 0.139 0.593 0.0 -0.805 0.035 0.996 0.0 0.073 0.05 
0.999 -0.007 0.046 0.004 -0.795 -0.0 -0.598 0.102 -0.954 -0.0 -0.052 -0.296 0.745 -0.0 -0.661 0.095 0.979 0.0 -0.061 -0.193 -0.683 -0.0 -0.729 -0.028 -0.982 -0.0 0.111 0.154 0.593 0.0 -0.805 0.034 0.996 0.0 0.073 0.052 
0.999 -0.006 0.046 0.005 -0.795 -0.0 -0.599 0.099 -0.952 -0.0 -0.047 -0.303 0.746 0.0 -0.659 0.099 0.979 -0.0 -0.063 -0.195 -0.684 -0.0 -0.728 -0.04 -0.98 -0.0 0.106 0.171 0.593 0.0 -0.805 0.032 0.996 0.0 0.072 0.054 
0.999 -0.005 0.045 0.005 -0.795 -0.0 -0.599 0.095 -0.95 -0.0 -0.042 -0.309 0.746 0.0 -0.658 0.1 0.979 0.0 -0.063 -0.196 -0.685 -0.0 -0.727 -0.051 -0.977 -0.0 0.101 0.187 0.593 0.0 -0.805 0.032 0.996 0.0 0.072 0.055 
0.999 -0.005 0.044 0.006 -0.795 -0.0 -0.6 0.093 -0.949 -0.0 -0.038 -0.314 0.747 0.0 -0.657 0.102 0.979 -0.0 -0.064 -0.196 -0.686 0.0 -0.725 -0.062 -0.975 -0.0 0.094 0.203 0.593 0.0 -0.805 0.032 0.996 0.0 0.072 0.056 
0.999 -0.005 0.044 0.007 -0.794 -0.0 -0.601 0.091 -0.947 0.0 -0.033 -0.32 0.748 0.0 -0.655 0.104 0.979 0.0 -0.066 -0.195 -0.686 -0.0 -0.724 -0.072 -0.972 -0.0 0.087 0.218 0.593 0.0 -0.804 0.033 0.996 0.0 0.072 0.056 
0.999 -0.006 0.043 0.007 -0.794 -0.0 -0.601 0.088 -0.945 0.0 -0.03 -0.325 0.749 0.0 -0.654 0.105 0.979 0.0 -0.066 -0.195 -0.687 -0.0 -0.722 -0.083 -0.969 0.0 0.081 0.234 0.593 0.0 -0.805 0.035 0.996 0.0 0.072 0.056 
0.999 -0.005 0.043 0.008 -0.794 -0.0 -0.602 0.085 -0.944 -0.0 -0.026 -0.328 0.75 -0.0 -0.653 0.107 0.978 0.0 -0.067 -0.195 -0.687 -0.0 -0.721 -0.094 -0.966 -0.0 0.073 0.249 0.593 0.0 -0.804 0.036 0.996 0.0 0.072 0.056 
0.999 -0.006 0.042 0.009 -0.794 -0.0 -0.603 0.084 -0.942 0.0 -0.022 -0.334 0.751 -0.0 -0.651 0.109 0.978 -0.0 -0.067 -0.196 -0.687 -0.0 -0.719 -0.106 -0.962 -0.0 0.064 0.266 0.594 -0.0 -0.804 0.038 0.996 -0.0 0.072 0.055 
0.999 -0.006 0.041 0.01 -0.793 -0.0 -0.603 0.082 -0.941 -0.0 -0.019 -0.338 0.752 -0.0 -0.649 0.11 0.978 0.0 -0.068 -0.195 -0.687 -0.0 -0.717 -0.117 -0.958 -0.0 0.055 0.283 0.594 0.0 -0.803 0.041 0.996 0.0 0.072 0.054 
0.999 -0.006 0.04 0.01 -0.793 -0.0 -0.604 0.081 -0.939 -0.0 -0.015 -0.343 0.754 0.0 -0.648 0.112 0.978 0.0 -0.069 -0.196 -0.687 0.0 -0.715 -0.13 -0.953 0.0 0.044 0.299 0.594 0.0 -0.803 0.044 0.996 0.0 0.071 0.052 
0.999 -0.006 0.04 0.011 -0.793 0.0 -0.604 0.079 -0.938 -0.0 -0.012 -0.346 0.755 0.0 -0.646 0.114 0.978 0.0 -0.069 -0.196 -0.688 -0.0 -0.712 -0.142 -0.948 -0.0 0.032 0.316 0.594 0.0 -0.803 0.045 0.996 0.0 0.072 0.052 
0.999 -0.006 0.039 0.012 -0.792 -0.0 -0.605 0.078 -0.936 -0.0 -0.009 -0.351 0.756 0.0 -0.644 0.115 0.978 0.0 -0.07 -0.196 -0.688 -0.0 -0.709 -0.155 -0.943 -0.0 0.019 0.331 0.595 0.0 -0.802 0.048 0.996 0.0 0.071 0.05 
0.999 -0.006 0.038 0.013 -0.792 -0.0 -0.606 0.078 -0.935 -0.0 -0.006 -0.354 0.757 0.0 -0.643 0.117 0.978 0.0 -0.07 -0.196 -0.689 0.0 -0.706 -0.167 -0.938 -0.0 0.005 0.347 0.595 0.0 -0.802 0.052 0.996 0.0 0.071 0.048 
0.999 -0.006 0.037 0.014 -0.792 -0.0 -0.606 0.076 -0.934 -0.0 -0.004 -0.357 0.759 0.0 -0.641 0.118 0.978 0.0 -0.071 -0.196 -0.689 -0.0 -0.702 -0.179 -0.932 -0.0 -0.011 0.362 0.596 0.0 -0.801 0.054 0.996 0.0 0.071 0.046 
0.999 -0.006 0.037 0.015 -0.791 -0.0 -0.607 0.078 -0.932 -0.0 -0.003 -0.362 0.76 0.0 -0.639 0.12 0.978 0.0 -0.07 -0.196 -0.689 -0.0 -0.699 -0.19 -0.926 -0.0 -0.026 0.375 0.596 0.0 -0.801 0.057 0.997 0.0 0.071 0.044 
0.999 -0.007 0.036 0.015 -0.791 -0.0 -0.607 0.077 -0.932 -0.0 -0.002 -0.364 0.761 0.0 -0.637 0.123 0.978 -0.0 -0.071 -0.197 -0.689 -0.0 -0.696 -0.201 -0.921 -0.0 -0.04 0.389 0.596 -0.0 -0.8 0.063 0.997 0.0 0.072 0.041 
0.999 -0.007 0.035 0.017 -0.79 -0.0 -0.608 0.079 -0.929 -0.0 -0.001 -0.369 0.762 0.0 -0.635 0.125 0.978 0.0 -0.072 -0.197 -0.689 0.0 -0.693 -0.212 -0.915 -0.0 -0.057 0.401 0.597 0.0 -0.8 0.065 0.997 0.0 0.072 0.039 
0.999 -0.007 0.034 0.019 -0.79 -0.0 -0.608 0.08 -0.928 -0.0 0.0 -0.373 0.764 0.0 -0.633 0.126 0.978 0.0 -0.072 -0.198 -0.69 0.0 -0.689 -0.222 -0.909 -0.0 -0.073 0.411 0.599 0.0 -0.798 0.069 0.997 0.0 0.07 0.036 
0.999 -0.007 0.033 0.02 -0.789 -0.0 -0.609 0.082 -0.927 0.0 0.0 -0.376 0.765 0.0 -0.631 0.127 0.978 0.0 -0.072 -0.198 -0.689 -0.0 -0.686 -0.234 -0.902 0.0 -0.09 0.422 0.599 0.0 -0.797 0.073 0.997 0.0 0.071 0.034 
0.999 -0.007 0.032 0.023 -0.788 -0.0 -0.61 0.083 -0.925 -0.0 0.001 -0.379 0.767 0.0 -0.629 0.129 0.978 0.0 -0.072 -0.197 -0.689 0.0 -0.683 -0.243 -0.896 -0.0 -0.106 0.431 0.6 -0.0 -0.797 0.076 0.997 0.0 0.072 0.032 
0.999 -0.007 0.03 0.025 -0.787 -0.0 -0.611 0.086 -0.923 -0.0 0.001 -0.384 0.768 0.0 -0.626 0.131 0.978 0.0 -0.072 -0.198 -0.689 -0.0 -0.679 -0.254 -0.889 -0.0 -0.124 0.441 0.601 0.0 -0.795 0.079 0.997 -0.0 0.072 0.031 
0.999 -0.008 0.029 0.027 -0.787 -0.0 -0.61 0.087 -0.923 -0.0 0.001 -0.385 0.77 0.0 -0.624 0.132 0.978 -0.0 -0.072 -0.197 -0.688 -0.0 -0.676 -0.264 -0.883 -0.0 -0.141 0.448 0.602 0.0 -0.794 0.083 0.997 -0.0 0.072 0.029 
0.999 -0.009 0.028 0.03 -0.786 -0.0 -0.612 0.09 -0.921 -0.0 0.002 -0.388 0.772 0.0 -0.621 0.134 0.978 0.0 -0.073 -0.197 -0.688 -0.0 -0.673 -0.272 -0.877 -0.0 -0.157 0.455 0.603 0.0 -0.793 0.087 0.997 0.0 0.073 0.028 
0.999 -0.009 0.026 0.032 -0.785 -0.0 -0.613 0.092 -0.92 -0.0 0.001 -0.392 0.774 -0.0 -0.619 0.135 0.978 -0.0 -0.073 -0.197 -0.687 -0.0 -0.67 -0.282 -0.871 0.0 -0.173 0.46 0.605 0.0 -0.792 0.09 0.997 0.0 0.073 0.027 
0.999 -0.009 0.024 0.035 -0.784 -0.0 -0.614 0.096 -0.919 0.0 0.0 -0.394 0.775 0.0 -0.617 0.136 0.978 0.0 -0.073 -0.196 -0.686 -0.0 -0.667 -0.289 -0.866 -0.0 -0.188 0.464 0.606 0.0 -0.79 0.093 0.997 0.0 0.073 0.026 
0.999 -0.01 0.023 0.038 -0.783 0.0 -0.614 0.1 -0.918 -0.0 -0.001 -0.397 0.777 0.0 -0.614 0.137 0.978 0.0 -0.073 -0.196 -0.686 -0.0 -0.664 -0.297 -0.86 0.0 -0.202 0.468 0.607 -0.0 -0.789 0.095 0.997 -0.0 0.074 0.026 
0.999 -0.01 0.022 0.04 -0.782 -0.0 -0.615 0.103 -0.917 -0.0 -0.002 -0.4 0.779 0.0 -0.612 0.139 0.978 0.0 -0.074 -0.196 -0.685 -0.0 -0.661 -0.305 -0.856 -0.0 -0.217 0.47 0.608 0.0 -0.788 0.097 0.997 0.0 0.074 0.027 
0.999 -0.011 0.02 0.042 -0.781 -0.0 -0.616 0.106 -0.916 0.0 -0.004 -0.4 0.781 0.0 -0.609 0.14 0.978 0.0 -0.075 -0.195 -0.684 -0.0 -0.659 -0.313 -0.851 -0.0 -0.23 0.472 0.61 0.0 -0.787 0.098 0.997 -0.0 0.075 0.028 
0.999 -0.011 0.019 0.045 -0.78 -0.0 -0.616 0.109 -0.916 0.0 -0.006 -0.402 0.782 0.0 -0.607 0.141 0.978 0.0 -0.076 -0.195 -0.684 -0.0 -0.655 -0.321 -0.847 -0.0 -0.243 0.473 0.611 -0.0 -0.786 0.1 0.997 0.0 0.076 0.029 
0.999 -0.011 0.018 0.048 -0.779 -0.0 -0.616 0.113 -0.915 -0.0 -0.008 -0.403 0.783 0.0 -0.605 0.142 0.978 0.0 -0.076 -0.195 -0.683 -0.0 -0.652 -0.328 -0.844 -0.0 -0.254 0.473 0.612 0.0 -0.785 0.101 0.997 0.0 0.077 0.031 
0.999 -0.012 0.017 0.05 -0.779 -0.0 -0.616 0.116 -0.915 -0.0 -0.011 -0.403 0.785 0.0 -0.603 0.144 0.978 0.0 -0.077 -0.194 -0.682 -0.0 -0.649 -0.336 -0.84 -0.0 -0.266 0.473 0.613 -0.0 -0.783 0.101 0.996 0.0 0.077 0.033 
0.998 -0.012 0.016 0.053 -0.778 -0.0 -0.617 0.119 -0.916 -0.0 -0.012 -0.402 0.786 0.0 -0.601 0.145 0.978 0.0 -0.079 -0.194 -0.681 0.0 -0.646 -0.343 -0.837 -0.0 -0.275 0.473 0.614 0.0 -0.783 0.1 0.996 0.0 0.079 0.038 
0.998 -0.012 0.015 0.055 -0.777 -0.0 -0.617 0.123 -0.916 0.0 -0.014 -0.402 0.787 0.0 -0.599 0.146 0.978 0.0 -0.079 -0.194 -0.681 -0.0 -0.643 -0.351 -0.835 -0.0 -0.284 0.471 0.615 0.0 -0.782 0.1 0.996 0.0 0.08 0.041 
0.998 -0.013 0.014 0.057 -0.776 -0.0 -0.617 0.127 -0.916 -0.0 -0.017 -0.401 0.788 -0.0 -0.597 0.147 0.978 0.0 -0.08 -0.193 -0.68 -0.0 -0.64 -0.358 -0.834 -0.0 -0.291 0.47 0.615 0.0 -0.782 0.101 0.996 0.0 0.081 0.043 
0.998 -0.013 0.013 0.06 -0.776 -0.0 -0.617 0.13 -0.917 -0.0 -0.019 -0.398 0.79 0.0 -0.595 0.148 0.978 0.0 -0.082 -0.193 -0.679 0.0 -0.637 -0.365 -0.833 -0.0 -0.297 0.467 0.616 0.0 -0.781 0.101 0.996 0.0 0.082 0.046 
0.998 -0.013 0.012 0.062 -0.775 -0.0 -0.618 0.133 -0.918 -0.0 -0.02 -0.396 0.791 0.0 -0.594 0.149 0.978 -0.0 -0.083 -0.192 -0.678 -0.0 -0.634 -0.372 -0.832 -0.0 -0.303 0.465 0.617 0.0 -0.78 0.101 0.995 0.0 0.083 0.049 
0.998 -0.013 0.012 0.064 -0.775 0.0 -0.618 0.136 -0.919 -0.0 -0.022 -0.392 0.791 0.0 -0.593 0.149 0.978 0.0 -0.084 -0.192 -0.678 0.0 -0.631 -0.378 -0.832 -0.0 -0.307 0.462 0.618 0.0 -0.78 0.1 0.995 -0.0 0.084 0.053 
0.998 -0.013 0.011 0.066 -0.774 0.0 -0.618 0.139 -0.921 -0.0 -0.024 -0.389 0.792 0.0 -0.592 0.149 0.978 0.0 -0.085 -0.19 -0.677 -0.0 -0.628 -0.384 -0.833 -0.0 -0.309 0.458 0.618 0.0 -0.78 0.1 0.995 0.0 0.085 0.056 
0.997 -0.014 0.011 0.069 -0.773 -0.0 -0.618 0.142 -0.923 -0.0 -0.025 -0.385 0.793 -0.0 -0.591 0.149 0.978 0.0 -0.085 -0.189 -0.677 0.0 -0.625 -0.389 -0.836 -0.0 -0.309 0.454 0.619 0.0 -0.779 0.1 0.995 -0.0 0.086 0.059 
0.997 -0.014 0.011 0.071 -0.773 -0.0 -0.618 0.144 -0.925 -0.0 -0.026 -0.378 0.793 0.0 -0.591 0.148 0.979 0.0 -0.086 -0.187 -0.676 -0.0 -0.622 -0.395 -0.838 -0.0 -0.309 0.45 0.62 0.0 -0.779 0.099 0.994 0.0 0.086 0.064 
0.997 -0.014 0.011 0.073 -0.772 -0.0 -0.618 0.148 -0.927 0.0 -0.028 -0.374 0.794 -0.0 -0.59 0.148 0.979 -0.0 -0.087 -0.185 -0.675 -0.0 -0.62 -0.399 -0.841 -0.0 -0.306 0.446 0.62 0.0 -0.778 0.098 0.994 0.0 0.087 0.069 
0.997 -0.014 0.011 0.075 -0.772 -0.0 -0.618 0.15 -0.93 -0.0 -0.028 -0.367 0.794 0.0 -0.59 0.147 0.979 0.0 -0.087 -0.184 -0.675 -0.0 -0.618 -0.402 -0.845 -0.0 -0.303 0.441 0.62 0.0 -0.778 0.098 0.993 0.0 0.089 0.072 
0.997 -0.014 0.011 0.078 -0.771 0.0 -0.618 0.152 -0.933 -0.0 -0.028 -0.359 0.794 0.0 -0.59 0.146 0.979 0.0 -0.088 -0.182 -0.675 -0.0 -0.617 -0.405 -0.85 -0.0 -0.297 0.435 0.621 0.0 -0.778 0.098 0.993 -0.0 0.09 0.076 
0.997 -0.015 0.01 0.081 -0.77 0.0 -0.619 0.155 -0.935 -0.0 -0.027 -0.353 0.795 0.0 -0.589 0.145 0.98 0.0 -0.088 -0.181 -0.675 -0.0 -0.616 -0.406 -0.855 -0.0 -0.29 0.429 0.622 0.0 -0.777 0.098 0.993 0.0 0.092 0.08 
0.996 -0.015 0.01 0.082 -0.769 -0.0 -0.619 0.157 -0.938 -0.0 -0.028 -0.345 0.795 -0.0 -0.589 0.144 0.98 0.0 -0.088 -0.179 -0.674 0.0 -0.615 -0.409 -0.861 -0.0 -0.282 0.424 0.622 0.0 -0.777 0.098 0.992 0.0 0.093 0.084 
0.996 -0.015 0.01 0.084 -0.768 -0.0 -0.62 0.159 -0.941 -0.0 -0.026 -0.337 0.795 0.0 -0.59 0.143 0.98 0.0 -0.088 -0.178 -0.674 -0.0 -0.613 -0.411 -0.867 -0.0 -0.274 0.417 0.622 0.0 -0.777 0.098 0.992 0.0 0.094 0.087 
0.996 -0.015 0.01 0.085 -0.768 -0.0 -0.62 0.16 -0.944 -0.0 -0.025 -0.329 0.795 0.0 -0.59 0.142 0.98 -0.0 -0.088 -0.177 -0.674 -0.0 -0.612 -0.413 -0.873 -0.0 -0.264 0.411 0.622 -0.0 -0.777 0.097 0.991 0.0 0.095 0.091 
0.996 -0.016 0.011 0.087 -0.767 -0.0 -0.621 0.164 -0.947 -0.0 -0.025 -0.32 0.794 0.0 -0.591 0.139 0.981 -0.0 -0.087 -0.173 -0.674 -0.0 -0.613 -0.412 -0.879 -0.0 -0.251 0.404 0.622 0.0 -0.776 0.1 0.991 0.0 0.096 0.094 
0.996 -0.016 0.011 0.089 -0.766 -0.0 -0.621 0.165 -0.951 -0.0 -0.024 -0.309 0.794 0.0 -0.592 0.138 0.981 0.0 -0.087 -0.173 -0.674 -0.0 -0.613 -0.413 -0.886 -0.0 -0.239 0.397 0.623 0.0 -0.776 0.1 0.991 0.0 0.097 0.096 
0.996 -0.016 0.011 0.092 -0.764 0.0 -0.623 0.168 -0.954 -0.0 -0.02 -0.3 0.794 0.0 -0.592 0.138 0.981 0.0 -0.087 -0.173 -0.674 -0.0 -0.614 -0.411 -0.893 -0.0 -0.226 0.39 0.623 0.0 -0.775 0.102 0.99 -0.0 0.099 0.098 
0.995 -0.016 0.011 0.094 -0.763 -0.0 -0.623 0.17 -0.956 -0.0 -0.019 -0.293 0.794 -0.0 -0.592 0.137 0.981 0.0 -0.087 -0.173 -0.674 -0.0 -0.614 -0.41 -0.9 -0.0 -0.212 0.38 0.624 0.0 -0.775 0.103 0.99 0.0 0.1 0.1 
0.995 -0.016 0.011 0.096 -0.762 -0.0 -0.624 0.172 -0.959 0.0 -0.016 -0.284 0.794 -0.0 -0.593 0.136 0.981 0.0 -0.088 -0.173 -0.675 -0.0 -0.615 -0.408 -0.907 -0.0 -0.197 0.371 0.624 0.0 -0.775 0.105 0.99 0.0 0.102 0.102 
0.995 -0.016 0.012 0.096 -0.761 0.0 -0.625 0.173 -0.961 -0.0 -0.013 -0.276 0.793 0.0 -0.595 0.135 0.981 0.0 -0.088 -0.173 -0.675 -0.0 -0.615 -0.408 -0.914 -0.0 -0.182 0.362 0.623 0.0 -0.775 0.106 0.989 0.0 0.103 0.104 
0.995 -0.016 0.012 0.098 -0.76 -0.0 -0.626 0.175 -0.964 0.0 -0.011 -0.267 0.792 0.0 -0.596 0.134 0.981 -0.0 -0.088 -0.173 -0.676 -0.0 -0.615 -0.406 -0.921 0.0 -0.168 0.352 0.624 -0.0 -0.774 0.107 0.989 -0.0 0.104 0.106 
0.995 -0.015 0.013 0.1 -0.759 -0.0 -0.626 0.177 -0.966 -0.0 -0.008 -0.259 0.791 0.0 -0.597 0.133 0.981 0.0 -0.088 -0.173 -0.677 -0.0 -0.616 -0.404 -0.927 0.0 -0.152 0.342 0.623 0.0 -0.774 0.109 0.989 -0.0 0.105 0.107 
0.995 -0.015 0.014 0.102 -0.758 -0.0 -0.627 0.179 -0.968 -0.0 -0.005 -0.251 0.79 0.0 -0.598 0.133 0.981 0.0 -0.088 -0.174 -0.678 0.0 -0.617 -0.4 -0.934 -0.0 -0.136 0.33 0.623 0.0 -0.774 0.112 0.989 0.0 0.107 0.107 
0.994 -0.015 0.014 0.103 -0.757 0.0 -0.627 0.182 -0.97 -0.0 -0.004 -0.245 0.789 0.0 -0.599 0.132 0.981 0.0 -0.088 -0.175 -0.679 -0.0 -0.618 -0.397 -0.94 -0.0 -0.121 0.319 0.624 0.0 -0.773 0.116 0.989 0.0 0.106 0.105 
0.994 -0.015 0.015 0.105 -0.756 0.0 -0.628 0.185 -0.971 -0.0 -0.001 -0.238 0.789 -0.0 -0.601 0.131 0.98 0.0 -0.089 -0.175 -0.68 -0.0 -0.619 -0.393 -0.946 -0.0 -0.104 0.307 0.623 0.0 -0.773 0.119 0.988 0.0 0.109 0.106 
0.994 -0.014 0.017 0.108 -0.755 -0.0 -0.628 0.187 -0.973 -0.0 0.002 -0.23 0.788 0.0 -0.603 0.129 0.98 -0.0 -0.089 -0.176 -0.683 -0.0 -0.619 -0.389 -0.952 0.0 -0.091 0.294 0.623 0.0 -0.773 0.117 0.988 0.0 0.109 0.109 
0.994 -0.013 0.018 0.11 -0.755 0.0 -0.628 0.189 -0.974 -0.0 0.003 -0.224 0.786 0.0 -0.605 0.128 0.98 0.0 -0.089 -0.178 -0.684 -0.0 -0.62 -0.385 -0.957 -0.0 -0.075 0.281 0.623 0.0 -0.773 0.119 0.988 -0.0 0.11 0.11 
0.993 -0.013 0.019 0.112 -0.754 0.0 -0.628 0.192 -0.976 -0.0 0.006 -0.219 0.785 0.0 -0.606 0.126 0.98 0.0 -0.09 -0.178 -0.686 -0.0 -0.621 -0.379 -0.962 0.0 -0.061 0.267 0.623 -0.0 -0.773 0.121 0.988 0.0 0.111 0.11 
0.993 -0.012 0.02 0.114 -0.754 0.0 -0.628 0.195 -0.977 -0.0 0.007 -0.212 0.784 -0.0 -0.608 0.125 0.98 0.0 -0.09 -0.18 -0.688 -0.0 -0.622 -0.374 -0.967 -0.0 -0.045 0.252 0.623 0.0 -0.773 0.124 0.988 0.0 0.112 0.11 
0.993 -0.012 0.021 0.116 -0.753 0.0 -0.628 0.198 -0.978 -0.0 0.009 -0.209 0.783 0.0 -0.61 0.124 0.979 0.0 -0.09 -0.181 -0.69 -0.0 -0.623 -0.369 -0.971 -0.0 -0.031 0.239 0.622 0.0 -0.772 0.127 0.988 -0.0 0.113 0.109 
0.993 -0.011 0.023 0.118 -0.753 0.0 -0.627 0.2 -0.979 0.0 0.009 -0.203 0.782 0.0 -0.612 0.123 0.979 0.0 -0.091 -0.182 -0.692 -0.0 -0.624 -0.363 -0.974 0.0 -0.02 0.225 0.622 0.0 -0.772 0.131 0.987 0.0 0.114 0.109 
0.992 -0.011 0.024 0.12 -0.752 -0.0 -0.627 0.204 -0.98 -0.0 0.01 -0.199 0.781 0.0 -0.613 0.122 0.979 -0.0 -0.091 -0.183 -0.694 -0.0 -0.626 -0.356 -0.977 -0.0 -0.008 0.211 0.622 0.0 -0.771 0.134 0.987 0.0 0.116 0.108 
0.992 -0.011 0.025 0.122 -0.752 -0.0 -0.626 0.207 -0.981 -0.0 0.011 -0.196 0.779 0.0 -0.615 0.121 0.979 -0.0 -0.092 -0.184 -0.695 0.0 -0.628 -0.35 -0.98 -0.0 0.006 0.196 0.622 0.0 -0.771 0.137 0.987 0.0 0.117 0.108 
0.992 -0.01 0.026 0.123 -0.751 -0.0 -0.626 0.21 -0.981 -0.0 0.011 -0.194 0.778 0.0 -0.617 0.12 0.978 0.0 -0.092 -0.185 -0.697 -0.0 -0.629 -0.344 -0.983 -0.0 0.017 0.182 0.622 -0.0 -0.77 0.141 0.987 0.0 0.118 0.107 
0.992 -0.01 0.027 0.125 -0.751 -0.0 -0.625 0.213 -0.982 -0.0 0.01 -0.19 0.777 0.0 -0.618 0.119 0.978 0.0 -0.093 -0.187 -0.699 0.0 -0.631 -0.337 -0.985 0.0 0.028 0.168 0.623 0.0 -0.769 0.144 0.987 0.0 0.119 0.107 
0.992 -0.01 0.027 0.127 -0.751 -0.0 -0.624 0.217 -0.982 -0.0 0.011 -0.188 0.776 0.0 -0.62 0.118 0.978 0.0 -0.093 -0.188 -0.7 -0.0 -0.633 -0.331 -0.987 0.0 0.037 0.154 0.623 0.0 -0.768 0.147 0.987 0.0 0.119 0.107 
0.991 -0.009 0.028 0.129 -0.751 -0.0 -0.623 0.219 -0.983 -0.0 0.011 -0.185 0.775 0.0 -0.621 0.117 0.977 -0.0 -0.094 -0.189 -0.702 0.0 -0.634 -0.324 -0.989 -0.0 0.046 0.142 0.623 0.0 -0.767 0.151 0.987 0.0 0.121 0.107 
0.991 -0.009 0.029 0.13 -0.751 0.0 -0.622 0.222 -0.983 -0.0 0.01 -0.185 0.774 -0.0 -0.623 0.116 0.977 -0.0 -0.094 -0.191 -0.703 -0.0 -0.636 -0.318 -0.99 -0.0 0.055 0.128 0.623 -0.0 -0.767 0.154 0.987 0.0 0.122 0.107 
0.991 -0.009 0.03 0.131 -0.751 0.0 -0.621 0.224 -0.983 0.0 0.01 -0.185 0.773 0.0 -0.624 0.115 0.977 0.0 -0.095 -0.191 -0.705 -0.0 -0.638 -0.311 -0.991 -0.0 0.063 0.117 0.623 0.0 -0.766 0.158 0.987 0.0 0.124 0.107 
0.991 -0.009 0.032 0.132 -0.752 -0.0 -0.619 0.226 -0.983 -0.0 0.01 -0.183 0.772 0.0 -0.626 0.114 0.977 -0.0 -0.096 -0.193 -0.706 -0.0 -0.639 -0.305 -0.992 -0.0 0.07 0.107 0.624 0.0 -0.765 0.161 0.986 0.0 0.125 0.107 
0.991 -0.008 0.033 0.133 -0.752 -0.0 -0.618 0.228 -0.983 -0.0 0.011 -0.183 0.77 -0.0 -0.627 0.114 0.976 0.0 -0.096 -0.194 -0.707 -0.0 -0.64 -0.3 -0.992 -0.0 0.076 0.098 0.624 0.0 -0.764 0.164 0.986 0.0 0.126 0.107 
0.99 -0.008 0.034 0.134 -0.753 -0.0 -0.617 0.231 -0.983 -0.0 0.009 -0.183 0.77 0.0 -0.628 0.113 0.976 0.0 -0.097 -0.195 -0.708 -0.0 -0.642 -0.295 -0.993 -0.0 0.08 0.091 0.624 0.0 -0.763 0.168 0.986 0.0 0.127 0.108 
0.99 -0.007 0.035 0.135 -0.753 -0.0 -0.616 0.232 -0.983 -0.0 0.01 -0.182 0.768 0.0 -0.63 0.113 0.976 0.0 -0.097 -0.196 -0.709 -0.0 -0.643 -0.291 -0.993 -0.0 0.084 0.087 0.625 0.0 -0.762 0.171 0.986 0.0 0.128 0.108 
0.99 -0.007 0.036 0.137 -0.754 -0.0 -0.614 0.232 -0.983 -0.0 0.009 -0.181 0.767 0.0 -0.632 0.113 0.975 0.0 -0.098 -0.197 -0.709 -0.0 -0.644 -0.286 -0.993 -0.0 0.087 0.083 0.625 -0.0 -0.761 0.175 0.986 0.0 0.129 0.108 
0.99 -0.007 0.038 0.138 -0.755 0.0 -0.613 0.233 -0.983 -0.0 0.009 -0.181 0.765 -0.0 -0.633 0.114 0.975 0.0 -0.097 -0.199 -0.71 -0.0 -0.645 -0.282 -0.993 -0.0 0.09 0.081 0.626 0.0 -0.759 0.179 0.986 -0.0 0.13 0.108 
0.99 -0.007 0.039 0.139 -0.756 -0.0 -0.612 0.234 -0.983 -0.0 0.009 -0.181 0.765 -0.0 -0.634 0.113 0.975 0.0 -0.1 -0.199 -0.711 -0.0 -0.646 -0.279 -0.993 0.0 0.091 0.081 0.626 0.0 -0.758 0.182 0.985 0.0 0.131 0.109 
0.989 -0.006 0.041 0.14 -0.756 0.0 -0.611 0.234 -0.983 0.0 0.009 -0.182 0.763 0.0 -0.636 0.114 0.974 0.0 -0.099 -0.201 -0.711 -0.0 -0.647 -0.275 -0.993 -0.0 0.09 0.082 0.627 0.0 -0.757 0.185 0.985 0.0 0.132 0.11 
0.989 -0.006 0.042 0.141 -0.757 -0.0 -0.61 0.234 -0.983 -0.0 0.009 -0.183 0.762 -0.0 -0.637 0.115 0.974 0.0 -0.101 -0.202 -0.712 0.0 -0.648 -0.272 -0.992 0.0 0.091 0.084 0.627 0.0 -0.756 0.189 0.985 0.0 0.134 0.109 
0.989 -0.006 0.043 0.142 -0.758 -0.0 -0.609 0.234 -0.983 -0.0 0.009 -0.185 0.761 0.0 -0.638 0.116 0.974 -0.0 -0.101 -0.204 -0.712 0.0 -0.65 -0.267 -0.992 -0.0 0.091 0.085 0.628 -0.0 -0.754 0.192 0.985 0.0 0.135 0.111 
0.989 -0.006 0.045 0.143 -0.759 -0.0 -0.608 0.233 -0.983 -0.0 0.009 -0.185 0.761 0.0 -0.638 0.117 0.973 0.0 -0.103 -0.204 -0.711 -0.0 -0.652 -0.263 -0.992 -0.0 0.093 0.084 0.629 0.0 -0.752 0.195 0.984 -0.0 0.137 0.112 
0.988 -0.006 0.046 0.144 -0.759 -0.0 -0.608 0.233 -0.982 -0.0 0.01 -0.187 0.76 0.0 -0.639 0.118 0.973 0.0 -0.105 -0.205 -0.711 -0.0 -0.655 -0.256 -0.992 0.0 0.097 0.08 0.63 0.0 -0.75 0.198 0.984 0.0 0.138 0.113 
0.988 -0.005 0.047 0.145 -0.76 -0.0 -0.607 0.232 -0.982 -0.0 0.009 -0.189 0.76 0.0 -0.639 0.119 0.973 0.0 -0.105 -0.207 -0.711 -0.0 -0.658 -0.248 -0.992 -0.0 0.101 0.071 0.632 -0.0 -0.749 0.201 0.983 0.0 0.14 0.115 
0.988 -0.005 0.048 0.146 -0.761 -0.0 -0.607 0.23 -0.982 -0.0 0.009 -0.19 0.759 0.0 -0.639 0.121 0.972 0.0 -0.107 -0.207 -0.711 -0.0 -0.662 -0.24 -0.993 -0.0 0.103 0.063 0.633 0.0 -0.747 0.204 0.983 0.0 0.141 0.117 
0.988 -0.005 0.048 0.147 -0.761 -0.0 -0.607 0.229 -0.981 -0.0 0.01 -0.192 0.759 0.0 -0.639 0.122 0.972 0.0 -0.108 -0.208 -0.711 -0.0 -0.665 -0.229 -0.993 -0.0 0.106 0.054 0.634 0.0 -0.745 0.206 0.982 -0.0 0.143 0.12 
0.988 -0.005 0.049 0.148 -0.762 -0.0 -0.607 0.228 -0.981 -0.0 0.01 -0.195 0.759 0.0 -0.639 0.123 0.972 0.0 -0.108 -0.208 -0.71 -0.0 -0.669 -0.22 -0.993 -0.0 0.108 0.045 0.636 0.0 -0.743 0.208 0.982 -0.0 0.145 0.123 
0.988 -0.006 0.049 0.149 -0.762 -0.0 -0.607 0.226 -0.98 -0.0 0.01 -0.197 0.759 0.0 -0.639 0.124 0.972 0.0 -0.109 -0.207 -0.71 -0.0 -0.672 -0.212 -0.993 -0.0 0.109 0.038 0.637 0.0 -0.742 0.209 0.981 0.0 0.147 0.127 
0.987 -0.006 0.049 0.15 -0.762 -0.0 -0.607 0.224 -0.98 -0.0 0.011 -0.201 0.759 0.0 -0.638 0.125 0.972 0.0 -0.109 -0.207 -0.708 0.0 -0.676 -0.205 -0.993 -0.0 0.109 0.034 0.639 0.0 -0.74 0.21 0.98 -0.0 0.149 0.132 
0.987 -0.006 0.048 0.15 -0.763 -0.0 -0.608 0.221 -0.979 -0.0 0.01 -0.202 0.76 0.0 -0.638 0.125 0.973 0.0 -0.109 -0.206 -0.706 -0.0 -0.679 -0.199 -0.993 0.0 0.11 0.031 0.641 0.0 -0.739 0.209 0.979 0.0 0.151 0.138 
0.987 -0.006 0.047 0.15 -0.763 0.0 -0.609 0.218 -0.979 -0.0 0.01 -0.206 0.76 0.0 -0.637 0.126 0.973 -0.0 -0.107 -0.205 -0.704 0.0 -0.683 -0.194 -0.993 -0.0 0.111 0.03 0.643 0.0 -0.737 0.207 0.977 0.0 0.153 0.146 
0.988 -0.006 0.046 0.15 -0.763 -0.0 -0.61 0.214 -0.978 0.0 0.009 -0.209 0.761 0.0 -0.636 0.127 0.973 -0.0 -0.105 -0.204 -0.702 -0.0 -0.687 -0.19 -0.993 -0.0 0.111 0.028 0.646 0.0 -0.736 0.203 0.976 0.0 0.154 0.156 
0.988 -0.006 0.044 0.149 -0.763 0.0 -0.611 0.21 -0.977 0.0 0.01 -0.212 0.762 -0.0 -0.635 0.127 0.974 0.0 -0.104 -0.203 -0.699 -0.0 -0.691 -0.186 -0.993 -0.0 0.112 0.027 0.649 0.0 -0.735 0.198 0.974 0.0 0.154 0.168 
0.988 -0.006 0.043 0.148 -0.763 0.0 -0.612 0.205 -0.976 -0.0 0.009 -0.216 0.762 0.0 -0.635 0.127 0.974 0.0 -0.101 -0.202 -0.696 -0.0 -0.694 -0.184 -0.993 0.0 0.111 0.027 0.651 0.0 -0.734 0.192 0.971 0.0 0.154 0.181 
0.988 -0.006 0.041 0.147 -0.764 -0.0 -0.613 0.2 -0.975 -0.0 0.008 -0.22 0.763 0.0 -0.634 0.127 0.975 0.0 -0.1 -0.2 -0.694 -0.0 -0.697 -0.18 -0.994 -0.0 0.11 0.027 0.654 0.0 -0.734 0.185 0.969 0.0 0.154 0.194 
0.989 -0.006 0.039 0.145 -0.765 -0.0 -0.614 0.193 -0.974 -0.0 0.008 -0.225 0.762 0.0 -0.634 0.129 0.975 0.0 -0.096 -0.2 -0.691 -0.0 -0.701 -0.176 -0.994 -0.0 0.11 0.027 0.657 0.0 -0.733 0.178 0.966 0.0 0.152 0.208 
0.989 -0.006 0.038 0.143 -0.766 -0.0 -0.615 0.185 -0.974 -0.0 0.008 -0.228 0.763 0.0 -0.633 0.129 0.976 0.0 -0.095 -0.197 -0.689 -0.0 -0.704 -0.172 -0.994 -0.0 0.109 0.026 0.659 0.0 -0.732 0.17 0.963 0.0 0.15 0.223 
0.989 -0.006 0.036 0.14 -0.768 -0.0 -0.615 0.177 -0.973 -0.0 0.007 -0.232 0.762 0.0 -0.633 0.134 0.975 0.0 -0.093 -0.2 -0.686 0.0 -0.708 -0.17 -0.994 -0.0 0.107 0.026 0.661 0.0 -0.732 0.164 0.96 0.0 0.148 0.236 
0.99 -0.006 0.036 0.137 -0.77 -0.0 -0.616 0.168 -0.972 -0.0 0.007 -0.236 0.763 0.0 -0.633 0.134 0.976 0.0 -0.092 -0.198 -0.684 -0.0 -0.71 -0.167 -0.994 -0.0 0.106 0.024 0.662 0.0 -0.733 0.155 0.957 -0.0 0.144 0.252 
0.99 -0.005 0.035 0.136 -0.772 -0.0 -0.616 0.16 -0.971 0.0 0.007 -0.241 0.762 0.0 -0.634 0.135 0.976 0.0 -0.089 -0.198 -0.682 -0.0 -0.714 -0.162 -0.994 -0.0 0.106 0.023 0.664 0.0 -0.733 0.145 0.953 0.0 0.14 0.268 
0.99 -0.006 0.034 0.134 -0.773 -0.0 -0.615 0.153 -0.968 -0.0 0.007 -0.249 0.762 0.0 -0.634 0.135 0.976 0.0 -0.088 -0.197 -0.679 -0.0 -0.717 -0.157 -0.994 -0.0 0.106 0.021 0.666 0.0 -0.734 0.135 0.949 0.0 0.136 0.284 
0.991 -0.005 0.034 0.13 -0.776 -0.0 -0.614 0.144 -0.967 -0.0 0.007 -0.254 0.761 0.0 -0.634 0.135 0.977 0.0 -0.088 -0.196 -0.677 -0.0 -0.719 -0.156 -0.994 0.0 0.106 0.021 0.666 0.0 -0.736 0.124 0.944 0.0 0.131 0.302 
0.991 -0.005 0.035 0.128 -0.778 -0.0 -0.613 0.136 -0.965 -0.0 0.006 -0.261 0.761 0.0 -0.635 0.135 0.977 0.0 -0.088 -0.196 -0.675 -0.0 -0.722 -0.152 -0.994 -0.0 0.107 0.02 0.666 0.0 -0.737 0.113 0.939 0.0 0.125 0.319 
0.991 -0.004 0.035 0.125 -0.781 -0.0 -0.611 0.129 -0.962 0.0 0.006 -0.272 0.76 0.0 -0.636 0.135 0.977 -0.0 -0.086 -0.197 -0.674 -0.0 -0.724 -0.148 -0.994 0.0 0.107 0.019 0.666 0.0 -0.739 0.101 0.934 0.0 0.118 0.337 
0.992 -0.004 0.036 0.123 -0.783 0.0 -0.61 0.122 -0.96 0.0 0.006 -0.28 0.76 -0.0 -0.636 0.134 0.977 0.0 -0.089 -0.196 -0.672 -0.0 -0.726 -0.143 -0.994 0.0 0.109 0.017 0.666 0.0 -0.74 0.09 0.929 0.0 0.11 0.354 
0.992 -0.004 0.038 0.12 -0.786 -0.0 -0.607 0.114 -0.957 -0.0 0.006 -0.29 0.759 0.0 -0.638 0.134 0.976 0.0 -0.089 -0.196 -0.671 0.0 -0.728 -0.14 -0.994 -0.0 0.109 0.016 0.666 0.0 -0.742 0.078 0.924 -0.0 0.1 0.37 
0.992 -0.002 0.04 0.118 -0.79 -0.0 -0.604 0.106 -0.954 0.0 0.006 -0.299 0.758 0.0 -0.639 0.132 0.976 0.0 -0.091 -0.197 -0.671 -0.0 -0.729 -0.137 -0.994 -0.0 0.109 0.013 0.666 0.0 -0.744 0.065 0.918 0.0 0.088 0.386 
0.992 -0.002 0.042 0.116 -0.793 0.0 -0.601 0.1 -0.951 0.0 0.006 -0.309 0.757 -0.0 -0.64 0.131 0.976 0.0 -0.093 -0.197 -0.671 -0.0 -0.729 -0.133 -0.994 -0.0 0.109 0.012 0.665 0.0 -0.745 0.054 0.914 0.0 0.075 0.4 
0.993 -0.001 0.044 0.114 -0.796 -0.0 -0.598 0.094 -0.948 -0.0 0.007 -0.32 0.756 0.0 -0.642 0.129 0.976 0.0 -0.094 -0.197 -0.671 -0.0 -0.73 -0.129 -0.994 -0.0 0.11 0.01 0.665 0.0 -0.746 0.043 0.909 -0.0 0.062 0.412 
0.993 -0.001 0.046 0.112 -0.799 -0.0 -0.595 0.088 -0.944 -0.0 0.008 -0.33 0.755 0.0 -0.643 0.127 0.975 0.0 -0.096 -0.199 -0.671 -0.0 -0.731 -0.125 -0.994 -0.0 0.11 0.009 0.664 -0.0 -0.747 0.033 0.905 0.0 0.048 0.423 
0.993 0.0 0.049 0.109 -0.803 -0.0 -0.591 0.081 -0.941 -0.0 0.008 -0.339 0.754 0.0 -0.645 0.126 0.975 0.0 -0.097 -0.2 -0.672 -0.0 -0.731 -0.123 -0.994 -0.0 0.11 0.008 0.663 0.0 -0.749 0.022 0.901 0.0 0.034 0.432 
0.993 -0.0 0.051 0.107 -0.806 -0.0 -0.587 0.076 -0.937 -0.0 0.007 -0.349 0.753 0.0 -0.647 0.12 0.976 0.0 -0.096 -0.198 -0.672 -0.0 -0.731 -0.119 -0.994 -0.0 0.11 0.008 0.662 0.0 -0.75 0.014 0.898 -0.0 0.022 0.439 
0.993 0.0 0.053 0.104 -0.809 -0.0 -0.584 0.07 -0.933 -0.0 0.008 -0.359 0.752 0.0 -0.648 0.118 0.975 0.0 -0.097 -0.198 -0.672 -0.0 -0.731 -0.117 -0.994 -0.0 0.109 0.007 0.66 0.0 -0.751 0.006 0.895 0.0 0.009 0.445 
0.993 0.0 0.055 0.101 -0.811 -0.0 -0.581 0.064 -0.93 -0.0 0.009 -0.368 0.751 0.0 -0.65 0.116 0.975 0.0 -0.097 -0.2 -0.673 -0.0 -0.731 -0.114 -0.994 -0.0 0.11 0.007 0.659 0.0 -0.752 -0.003 0.893 -0.0 -0.005 0.451 
0.993 0.001 0.057 0.099 -0.814 -0.0 -0.578 0.058 -0.926 -0.0 0.009 -0.377 0.75 0.0 -0.651 0.114 0.975 0.0 -0.098 -0.201 -0.673 -0.0 -0.731 -0.111 -0.994 -0.0 0.109 0.007 0.658 -0.0 -0.753 -0.012 0.89 0.0 -0.016 0.455 
0.994 0.001 0.059 0.096 -0.817 -0.0 -0.575 0.051 -0.923 -0.0 0.01 -0.385 0.75 0.0 -0.652 0.112 0.975 0.0 -0.098 -0.202 -0.673 0.0 -0.731 -0.108 -0.994 -0.0 0.109 0.007 0.657 0.0 -0.754 -0.02 0.888 0.0 -0.028 0.458 
0.994 0.001 0.06 0.094 -0.819 -0.0 -0.572 0.046 -0.919 -0.0 0.01 -0.393 0.749 0.0 -0.653 0.111 0.974 -0.0 -0.097 -0.203 -0.673 -0.0 -0.732 -0.104 -0.994 -0.0 0.109 0.006 0.655 0.0 -0.755 -0.028 0.887 0.0 -0.04 0.46 
0.994 0.0 0.062 0.091 -0.821 -0.0 -0.569 0.04 -0.916 -0.0 0.01 -0.401 0.748 0.0 -0.655 0.109 0.974 0.0 -0.096 -0.204 -0.674 -0.0 -0.732 -0.102 -0.994 -0.0 0.108 0.008 0.654 0.0 -0.756 -0.035 0.886 0.0 -0.051 0.462 
0.994 0.0 0.064 0.089 -0.823 -0.0 -0.567 0.035 -0.912 -0.0 0.012 -0.409 0.748 0.0 -0.655 0.108 0.974 0.0 -0.096 -0.205 -0.674 -0.0 -0.732 -0.098 -0.994 -0.0 0.108 0.007 0.653 -0.0 -0.757 -0.044 0.884 0.0 -0.062 0.463 
0.994 0.0 0.065 0.086 -0.825 -0.0 -0.564 0.03 -0.909 -0.0 0.012 -0.417 0.747 0.0 -0.657 0.107 0.974 0.0 -0.094 -0.207 -0.674 -0.0 -0.732 -0.095 -0.994 -0.0 0.108 0.007 0.651 0.0 -0.758 -0.051 0.884 -0.0 -0.071 0.462 
0.994 -0.0 0.067 0.083 -0.827 0.0 -0.562 0.026 -0.905 -0.0 0.013 -0.425 0.746 0.0 -0.658 0.106 0.974 0.0 -0.092 -0.209 -0.674 -0.0 -0.733 -0.091 -0.994 -0.0 0.108 0.006 0.649 -0.0 -0.758 -0.057 0.884 -0.0 -0.08 0.461 
0.994 -0.001 0.069 0.081 -0.829 -0.0 -0.559 0.022 -0.902 0.0 0.014 -0.432 0.745 0.0 -0.659 0.105 0.973 0.0 -0.092 -0.21 -0.674 -0.0 -0.733 -0.088 -0.994 -0.0 0.109 0.007 0.647 0.0 -0.759 -0.063 0.884 0.0 -0.089 0.459 
0.994 -0.001 0.07 0.079 -0.83 0.0 -0.557 0.017 -0.899 -0.0 0.014 -0.438 0.744 -0.0 -0.66 0.105 0.973 0.0 -0.09 -0.213 -0.674 -0.0 -0.733 -0.085 -0.994 0.0 0.11 0.007 0.646 -0.0 -0.761 -0.07 0.885 0.0 -0.096 0.456 
0.994 -0.001 0.072 0.077 -0.832 0.0 -0.555 0.013 -0.895 0.0 0.015 -0.446 0.743 0.0 -0.661 0.104 0.973 0.0 -0.088 -0.215 -0.675 -0.0 -0.734 -0.082 -0.994 0.0 0.11 0.007 0.644 -0.0 -0.761 -0.076 0.886 0.0 -0.103 0.453 
0.994 -0.0 0.073 0.077 -0.833 0.0 -0.553 0.01 -0.892 -0.0 0.018 -0.452 0.742 0.0 -0.662 0.102 0.972 0.0 -0.087 -0.217 -0.675 -0.0 -0.733 -0.081 -0.994 0.0 0.11 0.008 0.642 0.0 -0.762 -0.088 0.886 0.0 -0.111 0.451 
0.994 0.0 0.074 0.076 -0.834 -0.0 -0.552 0.006 -0.889 -0.0 0.02 -0.458 0.741 -0.0 -0.664 0.101 0.972 0.0 -0.085 -0.221 -0.675 0.0 -0.734 -0.079 -0.994 -0.0 0.11 0.009 0.64 0.0 -0.762 -0.096 0.887 0.0 -0.117 0.447 
0.994 0.0 0.075 0.075 -0.835 -0.0 -0.55 0.003 -0.886 -0.0 0.021 -0.464 0.741 0.0 -0.664 0.1 0.971 0.0 -0.084 -0.224 -0.676 -0.0 -0.733 -0.077 -0.994 -0.0 0.109 0.01 0.639 0.0 -0.763 -0.103 0.889 0.0 -0.122 0.442 
0.994 0.0 0.076 0.074 -0.836 0.0 -0.549 -0.0 -0.883 0.0 0.022 -0.469 0.74 0.0 -0.665 0.099 0.971 0.0 -0.082 -0.225 -0.676 -0.0 -0.733 -0.074 -0.994 -0.0 0.109 0.009 0.637 0.0 -0.763 -0.11 0.891 0.0 -0.125 0.436 
0.994 0.0 0.077 0.072 -0.837 0.0 -0.547 -0.003 -0.88 -0.0 0.023 -0.474 0.739 0.0 -0.666 0.099 0.971 0.0 -0.08 -0.227 -0.676 -0.0 -0.733 -0.071 -0.994 0.0 0.109 0.01 0.635 0.0 -0.764 -0.117 0.894 0.0 -0.128 0.43 
0.994 0.0 0.078 0.072 -0.838 -0.0 -0.546 -0.005 -0.878 -0.0 0.023 -0.479 0.738 0.0 -0.667 0.097 0.97 0.0 -0.078 -0.228 -0.676 -0.0 -0.734 -0.069 -0.994 -0.0 0.109 0.01 0.633 0.0 -0.764 -0.123 0.896 0.0 -0.129 0.424 
0.994 0.001 0.079 0.07 -0.839 -0.0 -0.544 -0.008 -0.875 -0.0 0.023 -0.483 0.738 -0.0 -0.668 0.096 0.97 0.0 -0.076 -0.23 -0.677 -0.0 -0.733 -0.068 -0.994 0.0 0.109 0.011 0.631 0.0 -0.765 -0.128 0.9 0.0 -0.128 0.416 
0.994 0.001 0.08 0.069 -0.84 0.0 -0.543 -0.01 -0.874 -0.0 0.023 -0.486 0.737 0.0 -0.669 0.095 0.97 0.0 -0.075 -0.232 -0.677 0.0 -0.733 -0.066 -0.994 -0.0 0.109 0.011 0.629 0.0 -0.766 -0.135 0.904 0.0 -0.127 0.408 
0.994 0.001 0.081 0.069 -0.841 0.0 -0.541 -0.012 -0.872 -0.0 0.023 -0.489 0.736 0.0 -0.67 0.095 0.969 -0.0 -0.074 -0.234 -0.678 -0.0 -0.733 -0.063 -0.994 0.0 0.109 0.011 0.627 0.0 -0.766 -0.141 0.908 0.0 -0.126 0.401 
0.994 0.001 0.082 0.068 -0.842 -0.0 -0.54 -0.014 -0.871 0.0 0.022 -0.491 0.735 0.0 -0.671 0.094 0.969 0.0 -0.073 -0.235 -0.678 -0.0 -0.732 -0.062 -0.994 -0.0 0.109 0.012 0.625 0.0 -0.767 -0.147 0.912 0.0 -0.122 0.393 
0.994 0.001 0.083 0.067 -0.842 -0.0 -0.539 -0.016 -0.869 -0.0 0.021 -0.494 0.735 0.0 -0.672 0.093 0.969 0.0 -0.073 -0.237 -0.678 -0.0 -0.732 -0.06 -0.994 -0.0 0.109 0.012 0.623 -0.0 -0.767 -0.153 0.916 0.0 -0.118 0.384 
0.994 0.001 0.083 0.066 -0.843 -0.0 -0.538 -0.017 -0.868 -0.0 0.019 -0.496 0.734 0.0 -0.672 0.093 0.969 0.0 -0.072 -0.235 -0.679 -0.0 -0.732 -0.058 -0.994 -0.0 0.109 0.013 0.621 0.0 -0.768 -0.158 0.92 0.0 -0.113 0.375 
0.994 0.001 0.084 0.065 -0.844 -0.0 -0.537 -0.018 -0.867 -0.0 0.018 -0.497 0.734 0.0 -0.673 0.092 0.969 0.0 -0.071 -0.237 -0.679 -0.0 -0.732 -0.057 -0.994 -0.0 0.109 0.014 0.618 0.0 -0.769 -0.163 0.925 -0.0 -0.107 0.366 
0.994 0.002 0.085 0.064 -0.844 -0.0 -0.536 -0.018 -0.866 -0.0 0.016 -0.499 0.734 0.0 -0.673 0.092 0.969 0.0 -0.072 -0.238 -0.679 -0.0 -0.732 -0.055 -0.994 -0.0 0.109 0.014 0.616 0.0 -0.77 -0.168 0.929 0.0 -0.1 0.356 
0.994 0.002 0.085 0.064 -0.844 -0.0 -0.536 -0.018 -0.866 0.0 0.014 -0.5 0.733 0.0 -0.674 0.092 0.968 0.0 -0.071 -0.24 -0.679 -0.0 -0.732 -0.053 -0.994 0.0 0.11 0.014 0.614 0.0 -0.77 -0.171 0.934 -0.0 -0.093 0.346 
0.994 0.002 0.085 0.063 -0.844 -0.0 -0.536 -0.018 -0.865 -0.0 0.012 -0.501 0.733 -0.0 -0.674 0.092 0.968 0.0 -0.072 -0.241 -0.679 -0.0 -0.732 -0.052 -0.994 0.0 0.11 0.015 0.612 0.0 -0.771 -0.175 0.938 0.0 -0.085 0.335 
0.994 0.002 0.086 0.062 -0.845 -0.0 -0.535 -0.018 -0.865 -0.0 0.009 -0.501 0.732 0.0 -0.675 0.093 0.968 0.0 -0.072 -0.242 -0.679 -0.0 -0.733 -0.049 -0.994 -0.0 0.11 0.014 0.61 0.0 -0.772 -0.177 0.943 0.0 -0.077 0.323 
0.994 0.002 0.086 0.06 -0.845 0.0 -0.535 -0.017 -0.865 -0.0 0.006 -0.502 0.732 0.0 -0.675 0.094 0.967 0.0 -0.073 -0.244 -0.679 -0.0 -0.733 -0.047 -0.994 -0.0 0.11 0.015 0.609 0.0 -0.773 -0.179 0.948 0.0 -0.066 0.312 
0.995 0.002 0.086 0.059 -0.845 -0.0 -0.535 -0.016 -0.865 -0.0 0.003 -0.502 0.732 0.0 -0.675 0.094 0.967 0.0 -0.073 -0.244 -0.679 -0.0 -0.733 -0.046 -0.994 -0.0 0.11 0.015 0.607 0.0 -0.774 -0.18 0.952 0.0 -0.057 0.299 
0.995 0.002 0.086 0.058 -0.844 -0.0 -0.536 -0.015 -0.865 -0.0 0.0 -0.502 0.732 -0.0 -0.675 0.095 0.967 0.0 -0.074 -0.245 -0.679 -0.0 -0.733 -0.044 -0.994 -0.0 0.11 0.015 0.606 -0.0 -0.775 -0.181 0.957 0.0 -0.047 0.287 
0.995 0.002 0.086 0.056 -0.844 -0.0 -0.537 -0.014 -0.866 -0.0 -0.004 -0.5 0.731 -0.0 -0.675 0.096 0.966 0.0 -0.074 -0.246 -0.678 -0.0 -0.734 -0.042 -0.994 -0.0 0.11 0.015 0.605 0.0 -0.776 -0.179 0.962 -0.0 -0.036 0.272 
0.995 0.002 0.086 0.054 -0.843 -0.0 -0.537 -0.012 -0.866 -0.0 -0.007 -0.5 0.731 0.0 -0.676 0.097 0.966 0.0 -0.075 -0.246 -0.678 -0.0 -0.734 -0.04 -0.994 -0.0 0.11 0.015 0.603 -0.0 -0.777 -0.178 0.966 0.0 -0.025 0.257 
0.995 0.002 0.086 0.052 -0.843 -0.0 -0.538 -0.01 -0.867 0.0 -0.011 -0.498 0.731 -0.0 -0.676 0.098 0.966 0.0 -0.075 -0.246 -0.678 -0.0 -0.734 -0.038 -0.994 -0.0 0.11 0.016 0.602 -0.0 -0.779 -0.175 0.97 0.0 -0.014 0.242 
0.995 0.002 0.086 0.05 -0.842 -0.0 -0.539 -0.008 -0.868 -0.0 -0.014 -0.496 0.73 -0.0 -0.676 0.099 0.966 0.0 -0.076 -0.246 -0.678 -0.0 -0.734 -0.036 -0.994 -0.0 0.11 0.015 0.601 0.0 -0.78 -0.172 0.974 0.0 -0.003 0.226 
0.995 0.002 0.086 0.048 -0.841 -0.0 -0.54 -0.005 -0.869 -0.0 -0.018 -0.494 0.73 0.0 -0.676 0.1 0.966 0.0 -0.076 -0.246 -0.677 -0.0 -0.735 -0.034 -0.994 -0.0 0.11 0.016 0.601 -0.0 -0.781 -0.167 0.978 0.0 0.008 0.209 
0.995 0.002 0.085 0.046 -0.841 -0.0 -0.542 -0.003 -0.871 -0.0 -0.022 -0.491 0.73 0.0 -0.676 0.102 0.966 0.0 -0.077 -0.245 -0.677 -0.0 -0.736 -0.033 -0.994 0.0 0.11 0.016 0.601 0.0 -0.783 -0.163 0.981 -0.0 0.017 0.192 
0.995 0.002 0.085 0.045 -0.84 0.0 -0.543 0.0 -0.873 -0.0 -0.025 -0.487 0.729 0.0 -0.676 0.103 0.966 0.0 -0.078 -0.249 -0.676 -0.0 -0.736 -0.031 -0.994 -0.0 0.111 0.016 0.601 -0.0 -0.784 -0.158 0.984 0.0 0.026 0.175 
0.996 0.001 0.084 0.042 -0.839 -0.0 -0.545 0.003 -0.875 -0.0 -0.03 -0.483 0.729 0.0 -0.676 0.105 0.966 0.0 -0.078 -0.248 -0.675 -0.0 -0.737 -0.028 -0.994 -0.0 0.111 0.015 0.601 0.0 -0.785 -0.151 0.987 0.0 0.034 0.158 
0.996 0.001 0.084 0.04 -0.838 0.0 -0.546 0.006 -0.877 -0.0 -0.033 -0.479 0.729 0.0 -0.676 0.106 0.966 0.0 -0.078 -0.246 -0.675 -0.0 -0.738 -0.025 -0.994 -0.0 0.111 0.014 0.601 -0.0 -0.786 -0.145 0.989 0.0 0.04 0.141 
0.996 0.001 0.083 0.037 -0.837 -0.0 -0.548 0.009 -0.88 0.0 -0.037 -0.474 0.729 0.0 -0.676 0.108 0.966 0.0 -0.078 -0.246 -0.674 -0.0 -0.738 -0.024 -0.994 -0.0 0.111 0.015 0.602 0.0 -0.787 -0.138 0.991 0.0 0.046 0.124 
0.996 0.0 0.082 0.035 -0.835 0.0 -0.55 0.012 -0.883 -0.0 -0.04 -0.468 0.728 0.0 -0.676 0.11 0.966 0.0 -0.078 -0.245 -0.673 -0.0 -0.739 -0.021 -0.994 0.0 0.111 0.013 0.603 -0.0 -0.787 -0.131 0.993 -0.0 0.051 0.109 
0.996 -0.001 0.081 0.031 -0.834 -0.0 -0.552 0.015 -0.887 -0.0 -0.045 -0.46 0.728 -0.0 -0.676 0.114 0.967 -0.0 -0.078 -0.242 -0.672 -0.0 -0.74 -0.015 -0.994 -0.0 0.112 0.011 0.603 0.0 -0.789 -0.118 0.994 0.0 0.057 0.091 
0.996 -0.002 0.08 0.028 -0.832 -0.0 -0.554 0.019 -0.89 -0.0 -0.048 -0.453 0.728 0.0 -0.676 0.116 0.968 0.0 -0.078 -0.241 -0.671 -0.0 -0.741 -0.013 -0.994 -0.0 0.112 0.01 0.604 0.0 -0.789 -0.109 0.995 0.0 0.062 0.077 
0.997 -0.002 0.079 0.027 -0.83 -0.0 -0.557 0.021 -0.894 -0.0 -0.05 -0.444 0.728 0.0 -0.675 0.117 0.968 0.0 -0.079 -0.239 -0.67 -0.0 -0.742 -0.011 -0.994 -0.0 0.112 0.01 0.605 0.0 -0.789 -0.103 0.996 0.0 0.066 0.066 
0.997 -0.002 0.077 0.026 -0.829 -0.0 -0.559 0.024 -0.899 -0.0 -0.052 -0.436 0.729 0.0 -0.675 0.119 0.968 0.0 -0.079 -0.238 -0.669 -0.0 -0.744 -0.008 -0.994 -0.0 0.113 0.009 0.606 0.0 -0.789 -0.097 0.996 0.0 0.069 0.056 
0.997 -0.003 0.076 0.025 -0.827 -0.0 -0.562 0.027 -0.903 -0.0 -0.053 -0.426 0.729 0.0 -0.674 0.121 0.968 0.0 -0.08 -0.236 -0.668 -0.0 -0.744 -0.004 -0.994 -0.0 0.113 0.007 0.607 0.0 -0.789 -0.09 0.996 0.0 0.071 0.05 
0.997 -0.003 0.074 0.024 -0.825 -0.0 -0.565 0.031 -0.908 -0.0 -0.054 -0.415 0.729 0.0 -0.673 0.123 0.969 -0.0 -0.081 -0.234 -0.667 -0.0 -0.745 -0.0 -0.994 -0.0 0.113 0.005 0.608 -0.0 -0.79 -0.084 0.996 0.0 0.071 0.047 
0.997 -0.004 0.073 0.022 -0.823 0.0 -0.567 0.033 -0.913 -0.0 -0.056 -0.404 0.729 0.0 -0.673 0.125 0.969 -0.0 -0.081 -0.232 -0.665 -0.0 -0.746 0.004 -0.994 -0.0 0.113 0.003 0.609 0.0 -0.789 -0.078 0.996 0.0 0.071 0.047 
0.997 -0.005 0.071 0.02 -0.821 -0.0 -0.57 0.038 -0.917 -0.0 -0.057 -0.394 0.73 -0.0 -0.672 0.127 0.969 0.0 -0.083 -0.231 -0.664 -0.0 -0.748 0.009 -0.994 -0.0 0.114 0.001 0.609 0.0 -0.79 -0.073 0.996 0.0 0.071 0.049 
0.997 -0.006 0.069 0.019 -0.819 -0.0 -0.572 0.041 -0.922 -0.0 -0.059 -0.382 0.731 0.0 -0.671 0.129 0.97 0.0 -0.084 -0.229 -0.663 -0.0 -0.749 0.013 -0.993 0.0 0.114 -0.001 0.61 -0.0 -0.79 -0.068 0.996 0.0 0.073 0.049 
0.998 -0.007 0.068 0.018 -0.817 -0.0 -0.575 0.045 -0.927 -0.0 -0.059 -0.37 0.731 0.0 -0.67 0.131 0.971 0.0 -0.085 -0.225 -0.662 -0.0 -0.749 0.018 -0.994 0.0 0.114 -0.003 0.609 0.0 -0.791 -0.063 0.996 0.0 0.076 0.045 
0.998 -0.008 0.066 0.017 -0.815 -0.0 -0.577 0.049 -0.932 -0.0 -0.059 -0.358 0.731 0.0 -0.669 0.133 0.971 -0.0 -0.085 -0.223 -0.661 -0.0 -0.75 0.022 -0.993 -0.0 0.114 -0.005 0.609 0.0 -0.792 -0.055 0.996 0.0 0.08 0.039 
0.998 -0.009 0.065 0.016 -0.813 -0.0 -0.58 0.053 -0.937 -0.0 -0.059 -0.345 0.732 0.0 -0.668 0.136 0.971 0.0 -0.088 -0.221 -0.661 -0.0 -0.75 0.027 -0.993 -0.0 0.114 -0.007 0.608 -0.0 -0.792 -0.046 0.996 0.0 0.082 0.032 
0.998 -0.01 0.064 0.015 -0.812 -0.0 -0.581 0.058 -0.941 -0.0 -0.06 -0.332 0.732 0.0 -0.668 0.137 0.972 0.0 -0.088 -0.219 -0.66 -0.0 -0.75 0.031 -0.993 -0.0 0.114 -0.008 0.608 0.0 -0.793 -0.036 0.996 0.0 0.083 0.025 
0.998 -0.01 0.064 0.015 -0.81 -0.0 -0.583 0.063 -0.946 -0.0 -0.059 -0.32 0.732 0.0 -0.667 0.138 0.972 0.0 -0.089 -0.216 -0.66 0.0 -0.75 0.034 -0.993 -0.0 0.114 -0.008 0.608 0.0 -0.794 -0.03 0.996 0.0 0.084 0.02 
0.998 -0.01 0.064 0.015 -0.809 -0.0 -0.584 0.067 -0.95 -0.0 -0.059 -0.307 0.732 -0.0 -0.667 0.139 0.973 0.0 -0.091 -0.213 -0.66 -0.0 -0.75 0.037 -0.993 -0.0 0.115 -0.009 0.608 0.0 -0.794 -0.026 0.996 0.0 0.084 0.017 
0.998 -0.011 0.063 0.016 -0.807 -0.0 -0.586 0.072 -0.954 -0.0 -0.058 -0.296 0.732 0.0 -0.667 0.139 0.973 0.0 -0.091 -0.211 -0.66 -0.0 -0.75 0.04 -0.993 -0.0 0.114 -0.01 0.607 0.0 -0.794 -0.023 0.996 0.0 0.085 0.016 
0.998 -0.011 0.063 0.015 -0.806 -0.0 -0.587 0.077 -0.957 -0.0 -0.057 -0.284 0.732 0.0 -0.667 0.139 0.974 0.0 -0.092 -0.208 -0.66 -0.0 -0.75 0.041 -0.993 -0.0 0.115 -0.009 0.607 0.0 -0.794 -0.021 0.996 0.0 0.085 0.017 
0.998 -0.011 0.063 0.015 -0.805 -0.0 -0.588 0.083 -0.96 -0.0 -0.056 -0.274 0.732 0.0 -0.667 0.14 0.974 0.0 -0.093 -0.206 -0.66 -0.0 -0.75 0.043 -0.993 -0.0 0.115 -0.009 0.607 0.0 -0.795 -0.018 0.996 -0.0 0.085 0.016 
0.998 -0.011 0.064 0.015 -0.804 -0.0 -0.588 0.088 -0.963 -0.0 -0.055 -0.263 0.732 -0.0 -0.667 0.14 0.975 0.0 -0.093 -0.203 -0.661 -0.0 -0.749 0.044 -0.993 -0.0 0.115 -0.008 0.606 0.0 -0.795 -0.016 0.996 0.0 0.085 0.016 
0.998 -0.012 0.064 0.015 -0.803 -0.0 -0.589 0.094 -0.966 0.0 -0.055 -0.253 0.731 -0.0 -0.668 0.14 0.975 0.0 -0.094 -0.201 -0.662 -0.0 -0.749 0.046 -0.993 -0.0 0.116 -0.008 0.606 0.0 -0.795 -0.012 0.996 0.0 0.084 0.014 
0.998 -0.012 0.064 0.015 -0.802 0.0 -0.589 0.1 -0.968 -0.0 -0.054 -0.243 0.731 0.0 -0.667 0.14 0.976 -0.0 -0.094 -0.199 -0.663 -0.0 -0.747 0.049 -0.993 -0.0 0.115 -0.008 0.606 0.0 -0.795 -0.009 0.996 0.0 0.083 0.013 
0.998 -0.013 0.064 0.015 -0.801 -0.0 -0.59 0.106 -0.971 -0.0 -0.054 -0.233 0.731 0.0 -0.668 0.14 0.976 0.0 -0.094 -0.197 -0.663 -0.0 -0.747 0.051 -0.993 -0.0 0.116 -0.008 0.606 -0.0 -0.795 -0.006 0.997 0.0 0.082 0.012 
0.998 -0.013 0.065 0.015 -0.8 -0.0 -0.589 0.112 -0.973 -0.0 -0.054 -0.224 0.731 0.0 -0.668 0.14 0.976 0.0 -0.094 -0.195 -0.663 -0.0 -0.747 0.053 -0.993 0.0 0.116 -0.007 0.605 0.0 -0.796 -0.004 0.997 -0.0 0.082 0.013 
0.998 -0.013 0.065 0.015 -0.799 0.0 -0.589 0.118 -0.975 -0.0 -0.055 -0.216 0.731 -0.0 -0.668 0.14 0.976 0.0 -0.095 -0.194 -0.664 -0.0 -0.746 0.055 -0.993 -0.0 0.117 -0.008 0.605 0.0 -0.797 -0.002 0.997 -0.0 0.082 0.013 
0.998 -0.014 0.065 0.015 -0.799 0.0 -0.589 0.125 -0.976 -0.0 -0.056 -0.21 0.732 0.0 -0.667 0.14 0.977 0.0 -0.095 -0.192 -0.664 -0.0 -0.746 0.058 -0.993 -0.0 0.117 -0.008 0.604 0.0 -0.797 0.001 0.997 -0.0 0.083 0.012 
0.998 -0.015 0.064 0.017 -0.798 0.0 -0.589 0.132 -0.977 -0.0 -0.057 -0.206 0.732 0.0 -0.666 0.14 0.977 0.0 -0.096 -0.191 -0.664 0.0 -0.745 0.063 -0.993 -0.0 0.117 -0.011 0.604 0.0 -0.797 0.005 0.996 0.0 0.083 0.012 
0.998 -0.015 0.065 0.017 -0.797 -0.0 -0.588 0.139 -0.978 -0.0 -0.059 -0.199 0.732 0.0 -0.666 0.14 0.977 -0.0 -0.096 -0.19 -0.664 -0.0 -0.745 0.066 -0.993 -0.0 0.117 -0.011 0.603 0.0 -0.798 0.007 0.996 -0.0 0.083 0.011 
0.998 -0.015 0.065 0.017 -0.797 -0.0 -0.587 0.144 -0.979 -0.0 -0.062 -0.192 0.733 0.0 -0.666 0.139 0.977 0.0 -0.095 -0.19 -0.665 -0.0 -0.744 0.067 -0.993 0.0 0.117 -0.011 0.602 0.0 -0.798 0.01 0.996 0.0 0.083 0.011 
0.998 -0.015 0.065 0.015 -0.797 -0.0 -0.585 0.148 -0.981 0.0 -0.066 -0.185 0.732 0.0 -0.667 0.139 0.977 0.0 -0.095 -0.19 -0.665 0.0 -0.744 0.066 -0.993 0.0 0.118 -0.009 0.601 0.0 -0.799 0.011 0.996 -0.0 0.084 0.01 
0.998 -0.016 0.065 0.015 -0.797 0.0 -0.584 0.154 -0.981 -0.0 -0.069 -0.179 0.733 0.0 -0.666 0.139 0.977 0.0 -0.094 -0.19 -0.666 -0.0 -0.743 0.068 -0.993 -0.0 0.118 -0.009 0.601 0.0 -0.799 0.014 0.996 0.0 0.084 0.01 
