# T   LUA LFA RUA RFA LT  LS  RT  RS  
0.985 -0.173 0.003 0.007 -0.965 -0.0 -0.26 0.036 -0.956 -0.0 0.193 -0.222 0.981 0.0 -0.179 0.079 0.935 0.0 0.238 -0.264 -0.744 -0.0 -0.341 -0.575 -0.768 0.0 -0.581 0.271 0.728 0.0 -0.377 -0.573 0.795 0.0 -0.518 0.316 
0.985 -0.174 0.003 0.007 -0.966 -0.0 -0.254 0.038 -0.955 0.0 0.197 -0.221 0.981 -0.0 -0.174 0.083 0.934 -0.0 0.242 -0.262 -0.744 -0.0 -0.342 -0.574 -0.767 -0.0 -0.58 0.272 0.728 0.0 -0.378 -0.572 0.795 -0.0 -0.518 0.317 
0.985 -0.175 0.003 0.007 -0.968 -0.0 -0.248 0.039 -0.954 -0.0 0.201 -0.22 0.982 0.0 -0.169 0.085 0.934 -0.0 0.245 -0.26 -0.744 -0.0 -0.343 -0.573 -0.767 -0.0 -0.58 0.274 0.728 0.0 -0.379 -0.572 0.795 0.0 -0.517 0.318 
0.984 -0.176 0.003 0.007 -0.969 -0.0 -0.242 0.039 -0.954 -0.0 0.206 -0.218 0.983 -0.0 -0.164 0.086 0.934 -0.0 0.252 -0.255 -0.744 -0.0 -0.344 -0.573 -0.768 -0.0 -0.579 0.274 0.728 -0.0 -0.38 -0.571 0.795 0.0 -0.517 0.319 
0.984 -0.177 0.003 0.007 -0.971 -0.0 -0.235 0.04 -0.953 -0.0 0.211 -0.218 0.983 0.0 -0.159 0.087 0.933 0.0 0.255 -0.253 -0.744 -0.0 -0.345 -0.572 -0.767 -0.0 -0.579 0.275 0.728 -0.0 -0.381 -0.57 0.795 0.0 -0.516 0.32 
0.984 -0.178 0.003 0.007 -0.973 -0.0 -0.229 0.039 -0.952 -0.0 0.215 -0.216 0.984 0.0 -0.154 0.087 0.933 0.0 0.259 -0.25 -0.744 -0.0 -0.346 -0.572 -0.767 0.0 -0.578 0.277 0.728 0.0 -0.382 -0.569 0.795 0.0 -0.516 0.321 
0.984 -0.179 0.003 0.007 -0.974 -0.0 -0.223 0.038 -0.951 -0.0 0.22 -0.216 0.985 0.0 -0.147 0.088 0.932 0.0 0.262 -0.25 -0.744 -0.0 -0.347 -0.571 -0.767 0.0 -0.578 0.278 0.728 -0.0 -0.383 -0.568 0.795 0.0 -0.515 0.322 
0.984 -0.18 0.003 0.007 -0.976 -0.0 -0.216 0.037 -0.951 0.0 0.224 -0.216 0.986 -0.0 -0.142 0.087 0.932 0.0 0.265 -0.248 -0.744 -0.0 -0.348 -0.57 -0.767 -0.0 -0.577 0.279 0.728 0.0 -0.384 -0.568 0.795 0.0 -0.514 0.323 
0.984 -0.18 0.003 0.007 -0.977 -0.0 -0.21 0.035 -0.949 0.0 0.229 -0.215 0.987 0.0 -0.137 0.086 0.931 0.0 0.269 -0.245 -0.744 -0.0 -0.349 -0.57 -0.767 -0.0 -0.577 0.28 0.728 0.0 -0.385 -0.567 0.795 -0.0 -0.514 0.323 
0.983 -0.181 0.003 0.007 -0.979 -0.0 -0.204 0.032 -0.948 0.0 0.232 -0.216 0.988 0.0 -0.131 0.084 0.931 -0.0 0.272 -0.244 -0.744 -0.0 -0.35 -0.569 -0.767 -0.0 -0.576 0.281 0.728 0.0 -0.386 -0.566 0.795 0.0 -0.513 0.324 
0.983 -0.182 0.003 0.007 -0.98 0.0 -0.197 0.029 -0.947 0.0 0.236 -0.216 0.989 0.0 -0.126 0.082 0.93 0.0 0.276 -0.243 -0.744 -0.0 -0.351 -0.568 -0.767 -0.0 -0.576 0.282 0.728 0.0 -0.387 -0.566 0.795 0.0 -0.512 0.325 
0.983 -0.183 0.003 0.007 -0.981 -0.0 -0.191 0.025 -0.946 -0.0 0.24 -0.217 0.99 0.0 -0.121 0.079 0.929 0.0 0.281 -0.241 -0.744 -0.0 -0.352 -0.568 -0.767 -0.0 -0.575 0.283 0.728 -0.0 -0.388 -0.565 0.795 0.0 -0.512 0.326 
0.983 -0.183 0.003 0.007 -0.983 0.0 -0.185 0.022 -0.945 -0.0 0.244 -0.218 0.99 -0.0 -0.116 0.076 0.928 0.0 0.285 -0.239 -0.744 -0.0 -0.353 -0.568 -0.767 -0.0 -0.575 0.284 0.728 0.0 -0.389 -0.564 0.795 0.0 -0.511 0.326 
0.983 -0.184 0.003 0.006 -0.984 -0.0 -0.179 0.017 -0.944 -0.0 0.248 -0.219 0.991 0.0 -0.111 0.073 0.927 -0.0 0.288 -0.239 -0.744 -0.0 -0.354 -0.567 -0.767 -0.0 -0.574 0.285 0.728 0.0 -0.39 -0.563 0.795 0.0 -0.511 0.327 
0.983 -0.185 0.003 0.006 -0.985 -0.0 -0.173 0.012 -0.943 -0.0 0.251 -0.219 0.992 0.0 -0.106 0.069 0.926 0.0 0.292 -0.238 -0.744 -0.0 -0.354 -0.567 -0.767 0.0 -0.574 0.285 0.729 -0.0 -0.39 -0.563 0.795 0.0 -0.511 0.327 
0.983 -0.185 0.004 0.006 -0.986 -0.0 -0.167 0.006 -0.941 -0.0 0.255 -0.221 0.993 -0.0 -0.1 0.066 0.925 0.0 0.293 -0.24 -0.744 -0.0 -0.355 -0.566 -0.767 -0.0 -0.574 0.287 0.729 0.0 -0.391 -0.562 0.795 0.0 -0.51 0.328 
0.983 -0.186 0.004 0.006 -0.987 0.0 -0.161 0.001 -0.94 -0.0 0.259 -0.222 0.994 0.0 -0.094 0.061 0.925 0.0 0.296 -0.239 -0.744 -0.0 -0.356 -0.566 -0.767 -0.0 -0.574 0.287 0.729 0.0 -0.392 -0.562 0.795 0.0 -0.51 0.328 
0.983 -0.186 0.004 0.006 -0.988 -0.0 -0.156 -0.005 -0.939 -0.0 0.262 -0.224 0.994 0.0 -0.089 0.056 0.924 0.0 0.299 -0.239 -0.744 -0.0 -0.356 -0.566 -0.767 -0.0 -0.574 0.288 0.729 0.0 -0.392 -0.562 0.795 -0.0 -0.51 0.329 
0.982 -0.186 0.004 0.006 -0.989 0.0 -0.15 -0.011 -0.937 -0.0 0.266 -0.226 0.995 0.0 -0.084 0.051 0.923 0.0 0.302 -0.239 -0.744 -0.0 -0.356 -0.566 -0.767 -0.0 -0.573 0.287 0.729 0.0 -0.392 -0.561 0.795 0.0 -0.509 0.329 
0.982 -0.187 0.004 0.006 -0.989 -0.0 -0.145 -0.017 -0.936 -0.0 0.269 -0.229 0.996 0.0 -0.081 0.045 0.922 0.0 0.306 -0.239 -0.744 -0.0 -0.357 -0.566 -0.767 -0.0 -0.573 0.289 0.729 0.0 -0.393 -0.561 0.795 0.0 -0.509 0.329 
0.982 -0.187 0.004 0.006 -0.99 -0.0 -0.14 -0.023 -0.934 -0.0 0.271 -0.233 0.996 0.0 -0.078 0.039 0.92 -0.0 0.31 -0.239 -0.744 -0.0 -0.357 -0.565 -0.767 -0.0 -0.573 0.288 0.729 -0.0 -0.393 -0.561 0.795 -0.0 -0.509 0.33 
0.982 -0.187 0.004 0.006 -0.99 -0.0 -0.135 -0.03 -0.933 -0.0 0.273 -0.236 0.997 0.0 -0.073 0.033 0.92 0.0 0.312 -0.238 -0.744 -0.0 -0.357 -0.565 -0.767 -0.0 -0.573 0.288 0.729 0.0 -0.393 -0.56 0.795 -0.0 -0.509 0.33 
0.982 -0.187 0.004 0.006 -0.991 0.0 -0.13 -0.037 -0.931 -0.0 0.276 -0.239 0.997 0.0 -0.069 0.027 0.919 0.0 0.314 -0.24 -0.744 -0.0 -0.357 -0.565 -0.767 -0.0 -0.573 0.289 0.729 0.0 -0.393 -0.56 0.795 0.0 -0.509 0.33 
0.982 -0.187 0.004 0.006 -0.991 -0.0 -0.126 -0.043 -0.93 -0.0 0.278 -0.242 0.998 -0.0 -0.065 0.021 0.918 0.0 0.316 -0.241 -0.744 0.0 -0.357 -0.565 -0.767 -0.0 -0.573 0.288 0.729 0.0 -0.393 -0.56 0.795 0.0 -0.509 0.329 
0.982 -0.187 0.004 0.006 -0.991 -0.0 -0.121 -0.05 -0.928 0.0 0.279 -0.246 0.998 0.0 -0.061 0.014 0.917 0.0 0.317 -0.243 -0.744 -0.0 -0.357 -0.566 -0.767 -0.0 -0.573 0.288 0.729 0.0 -0.393 -0.56 0.795 -0.0 -0.509 0.329 
0.982 -0.186 0.004 0.005 -0.991 -0.0 -0.117 -0.058 -0.927 0.0 0.28 -0.249 0.998 0.0 -0.058 0.008 0.916 0.0 0.319 -0.244 -0.744 -0.0 -0.356 -0.566 -0.767 -0.0 -0.573 0.288 0.729 -0.0 -0.393 -0.56 0.795 0.0 -0.509 0.329 
0.983 -0.186 0.004 0.005 -0.992 -0.0 -0.113 -0.065 -0.926 -0.0 0.282 -0.252 0.999 0.0 -0.053 0.002 0.915 0.0 0.317 -0.248 -0.744 0.0 -0.356 -0.566 -0.767 -0.0 -0.573 0.287 0.729 0.0 -0.392 -0.561 0.795 0.0 -0.509 0.329 
0.983 -0.186 0.005 0.005 -0.991 -0.0 -0.109 -0.073 -0.925 -0.0 0.282 -0.255 0.999 0.0 -0.049 -0.004 0.915 0.0 0.317 -0.251 -0.744 -0.0 -0.355 -0.566 -0.767 0.0 -0.573 0.287 0.729 0.0 -0.392 -0.561 0.795 0.0 -0.51 0.328 
0.983 -0.185 0.005 0.005 -0.991 -0.0 -0.105 -0.081 -0.924 -0.0 0.283 -0.257 0.999 0.0 -0.045 -0.01 0.914 0.0 0.317 -0.253 -0.744 -0.0 -0.355 -0.567 -0.767 -0.0 -0.574 0.286 0.729 0.0 -0.392 -0.561 0.795 0.0 -0.51 0.328 
0.983 -0.185 0.005 0.005 -0.991 -0.0 -0.102 -0.088 -0.923 -0.0 0.283 -0.26 0.999 0.0 -0.043 -0.018 0.913 0.0 0.317 -0.256 -0.744 -0.0 -0.354 -0.567 -0.767 0.0 -0.574 0.286 0.729 -0.0 -0.391 -0.562 0.795 0.0 -0.51 0.327 
0.983 -0.184 0.005 0.005 -0.99 -0.0 -0.099 -0.096 -0.923 -0.0 0.283 -0.261 0.999 0.0 -0.04 -0.024 0.913 0.0 0.317 -0.259 -0.744 -0.0 -0.353 -0.568 -0.767 -0.0 -0.575 0.285 0.729 0.0 -0.391 -0.562 0.795 0.0 -0.511 0.327 
0.983 -0.184 0.005 0.005 -0.99 -0.0 -0.097 -0.104 -0.922 -0.0 0.284 -0.262 0.999 0.0 -0.037 -0.031 0.912 0.0 0.316 -0.261 -0.744 -0.0 -0.353 -0.568 -0.767 -0.0 -0.575 0.284 0.729 0.0 -0.39 -0.563 0.795 0.0 -0.511 0.326 
0.983 -0.183 0.005 0.005 -0.989 -0.0 -0.095 -0.112 -0.922 -0.0 0.285 -0.262 0.999 0.0 -0.035 -0.038 0.912 0.0 0.315 -0.264 -0.744 -0.0 -0.352 -0.569 -0.767 -0.0 -0.575 0.283 0.729 0.0 -0.389 -0.563 0.795 0.0 -0.511 0.326 
0.983 -0.182 0.005 0.005 -0.988 -0.0 -0.093 -0.121 -0.922 -0.0 0.286 -0.263 0.998 0.0 -0.033 -0.046 0.911 0.0 0.315 -0.266 -0.743 -0.0 -0.351 -0.569 -0.767 -0.0 -0.576 0.283 0.729 0.0 -0.388 -0.564 0.795 0.0 -0.511 0.325 
0.983 -0.181 0.005 0.005 -0.987 -0.0 -0.092 -0.129 -0.921 0.0 0.286 -0.263 0.998 0.0 -0.031 -0.052 0.911 0.0 0.314 -0.269 -0.744 -0.0 -0.35 -0.57 -0.767 -0.0 -0.576 0.282 0.729 -0.0 -0.387 -0.565 0.795 -0.0 -0.512 0.324 
0.984 -0.181 0.005 0.005 -0.986 0.0 -0.091 -0.138 -0.922 -0.0 0.286 -0.263 0.998 0.0 -0.029 -0.059 0.91 0.0 0.312 -0.272 -0.744 -0.0 -0.349 -0.57 -0.767 0.0 -0.576 0.281 0.729 0.0 -0.386 -0.565 0.795 0.0 -0.513 0.323 
0.984 -0.179 0.005 0.005 -0.985 -0.0 -0.09 -0.146 -0.922 -0.0 0.286 -0.262 0.998 0.0 -0.027 -0.065 0.91 0.0 0.311 -0.275 -0.744 -0.0 -0.348 -0.571 -0.767 0.0 -0.577 0.28 0.729 0.0 -0.385 -0.566 0.795 0.0 -0.513 0.322 
0.984 -0.178 0.005 0.005 -0.984 -0.0 -0.09 -0.154 -0.922 -0.0 0.286 -0.262 0.997 0.0 -0.026 -0.072 0.91 0.0 0.31 -0.277 -0.744 -0.0 -0.347 -0.572 -0.767 -0.0 -0.578 0.278 0.729 0.0 -0.384 -0.567 0.795 -0.0 -0.514 0.321 
0.984 -0.178 0.005 0.005 -0.983 0.0 -0.089 -0.162 -0.922 -0.0 0.284 -0.262 0.997 0.0 -0.026 -0.079 0.909 0.0 0.308 -0.28 -0.744 0.0 -0.346 -0.572 -0.767 -0.0 -0.578 0.278 0.729 0.0 -0.383 -0.568 0.795 -0.0 -0.515 0.32 
0.984 -0.177 0.005 0.005 -0.981 0.0 -0.089 -0.17 -0.923 -0.0 0.283 -0.262 0.996 0.0 -0.025 -0.086 0.909 -0.0 0.306 -0.284 -0.743 -0.0 -0.345 -0.573 -0.767 -0.0 -0.578 0.277 0.729 0.0 -0.382 -0.568 0.795 0.0 -0.515 0.319 
0.984 -0.176 0.005 0.005 -0.98 -0.0 -0.089 -0.178 -0.924 -0.0 0.281 -0.261 0.995 0.0 -0.025 -0.093 0.908 0.0 0.304 -0.287 -0.743 -0.0 -0.344 -0.574 -0.767 -0.0 -0.579 0.275 0.729 0.0 -0.381 -0.569 0.795 0.0 -0.516 0.318 
0.985 -0.175 0.005 0.005 -0.978 -0.0 -0.09 -0.186 -0.924 -0.0 0.28 -0.26 0.995 0.0 -0.026 -0.101 0.908 0.0 0.303 -0.289 -0.743 0.0 -0.343 -0.574 -0.767 -0.0 -0.58 0.275 0.729 0.0 -0.38 -0.57 0.795 0.0 -0.516 0.317 
0.985 -0.174 0.005 0.006 -0.977 0.0 -0.091 -0.195 -0.925 -0.0 0.278 -0.259 0.994 -0.0 -0.026 -0.107 0.908 0.0 0.3 -0.293 -0.744 -0.0 -0.342 -0.575 -0.767 -0.0 -0.58 0.274 0.728 0.0 -0.379 -0.571 0.795 0.0 -0.517 0.317 
0.985 -0.173 0.004 0.006 -0.975 -0.0 -0.092 -0.203 -0.926 -0.0 0.276 -0.258 0.993 0.0 -0.027 -0.114 0.908 0.0 0.298 -0.296 -0.744 0.0 -0.341 -0.575 -0.767 -0.0 -0.58 0.273 0.728 0.0 -0.378 -0.571 0.795 0.0 -0.517 0.316 
0.985 -0.172 0.004 0.006 -0.973 -0.0 -0.093 -0.21 -0.927 -0.0 0.273 -0.258 0.992 0.0 -0.028 -0.121 0.908 0.0 0.294 -0.299 -0.744 -0.0 -0.34 -0.576 -0.767 -0.0 -0.581 0.271 0.728 0.0 -0.377 -0.572 0.795 0.0 -0.518 0.315 
0.985 -0.171 0.004 0.006 -0.971 -0.0 -0.096 -0.217 -0.927 -0.0 0.271 -0.257 0.991 0.0 -0.029 -0.127 0.908 0.0 0.291 -0.302 -0.744 -0.0 -0.338 -0.577 -0.767 0.0 -0.582 0.27 0.728 0.0 -0.375 -0.573 0.795 0.0 -0.519 0.314 
0.985 -0.17 0.004 0.006 -0.97 -0.0 -0.097 -0.224 -0.928 -0.0 0.268 -0.257 0.991 -0.0 -0.031 -0.133 0.907 0.0 0.288 -0.306 -0.744 -0.0 -0.337 -0.577 -0.767 0.0 -0.582 0.27 0.728 0.0 -0.374 -0.574 0.795 -0.0 -0.519 0.313 
0.986 -0.169 0.004 0.006 -0.968 -0.0 -0.099 -0.231 -0.929 -0.0 0.266 -0.258 0.99 0.0 -0.032 -0.139 0.907 0.0 0.285 -0.309 -0.744 0.0 -0.336 -0.578 -0.767 -0.0 -0.583 0.268 0.728 -0.0 -0.373 -0.575 0.795 0.0 -0.52 0.311 
0.986 -0.168 0.004 0.006 -0.966 -0.0 -0.102 -0.238 -0.93 -0.0 0.263 -0.257 0.989 -0.0 -0.035 -0.146 0.908 0.0 0.281 -0.312 -0.744 -0.0 -0.335 -0.579 -0.767 0.0 -0.583 0.267 0.728 0.0 -0.372 -0.576 0.795 0.0 -0.521 0.31 
0.986 -0.167 0.004 0.006 -0.964 -0.0 -0.104 -0.244 -0.931 0.0 0.26 -0.258 0.988 -0.0 -0.037 -0.152 0.908 -0.0 0.277 -0.314 -0.744 -0.0 -0.333 -0.58 -0.767 0.0 -0.584 0.265 0.728 0.0 -0.37 -0.577 0.795 0.0 -0.522 0.309 
0.986 -0.165 0.004 0.007 -0.962 -0.0 -0.107 -0.25 -0.931 -0.0 0.257 -0.257 0.987 -0.0 -0.039 -0.158 0.908 0.0 0.273 -0.317 -0.744 -0.0 -0.332 -0.58 -0.767 -0.0 -0.585 0.264 0.728 0.0 -0.369 -0.578 0.795 0.0 -0.522 0.307 
0.986 -0.164 0.004 0.006 -0.96 -0.0 -0.11 -0.256 -0.932 -0.0 0.254 -0.258 0.986 0.0 -0.042 -0.163 0.909 0.0 0.269 -0.319 -0.744 -0.0 -0.33 -0.581 -0.767 -0.0 -0.585 0.263 0.728 0.0 -0.368 -0.579 0.795 0.0 -0.523 0.306 
0.987 -0.163 0.004 0.007 -0.958 -0.0 -0.114 -0.262 -0.933 -0.0 0.252 -0.257 0.985 0.0 -0.044 -0.168 0.909 0.0 0.265 -0.322 -0.744 -0.0 -0.329 -0.582 -0.767 -0.0 -0.585 0.262 0.728 0.0 -0.366 -0.58 0.795 0.0 -0.524 0.305 
0.987 -0.162 0.004 0.007 -0.956 -0.0 -0.117 -0.267 -0.934 -0.0 0.249 -0.257 0.984 0.0 -0.048 -0.173 0.909 0.0 0.261 -0.325 -0.744 0.0 -0.327 -0.583 -0.767 -0.0 -0.586 0.26 0.728 0.0 -0.365 -0.581 0.796 -0.0 -0.525 0.303 
0.987 -0.16 0.004 0.007 -0.955 -0.0 -0.121 -0.272 -0.934 0.0 0.246 -0.257 0.983 0.0 -0.052 -0.178 0.91 0.0 0.257 -0.326 -0.744 -0.0 -0.326 -0.584 -0.767 -0.0 -0.587 0.258 0.728 0.0 -0.363 -0.582 0.795 -0.0 -0.526 0.301 
0.987 -0.159 0.004 0.007 -0.953 -0.0 -0.125 -0.277 -0.935 -0.0 0.243 -0.257 0.982 0.0 -0.055 -0.181 0.909 0.0 0.253 -0.33 -0.744 -0.0 -0.324 -0.585 -0.767 -0.0 -0.587 0.257 0.728 0.0 -0.361 -0.583 0.796 0.0 -0.526 0.3 
0.987 -0.158 0.004 0.007 -0.951 0.0 -0.13 -0.282 -0.936 -0.0 0.241 -0.257 0.981 -0.0 -0.059 -0.186 0.91 0.0 0.249 -0.332 -0.743 -0.0 -0.323 -0.586 -0.767 -0.0 -0.588 0.256 0.728 0.0 -0.36 -0.583 0.796 0.0 -0.527 0.299 
0.988 -0.156 0.004 0.007 -0.949 0.0 -0.135 -0.285 -0.936 -0.0 0.238 -0.258 0.98 -0.0 -0.063 -0.189 0.91 -0.0 0.245 -0.333 -0.743 -0.0 -0.321 -0.587 -0.767 -0.0 -0.589 0.254 0.728 0.0 -0.358 -0.585 0.796 -0.0 -0.528 0.297 
0.988 -0.155 0.004 0.007 -0.947 0.0 -0.14 -0.289 -0.937 -0.0 0.235 -0.259 0.979 0.0 -0.067 -0.192 0.911 0.0 0.24 -0.336 -0.743 -0.0 -0.32 -0.588 -0.767 -0.0 -0.589 0.253 0.728 0.0 -0.357 -0.585 0.796 0.0 -0.529 0.296 
0.988 -0.154 0.004 0.007 -0.945 -0.0 -0.145 -0.292 -0.937 0.0 0.232 -0.26 0.978 -0.0 -0.072 -0.196 0.911 0.0 0.237 -0.337 -0.743 -0.0 -0.318 -0.589 -0.767 0.0 -0.59 0.251 0.728 0.0 -0.355 -0.586 0.796 0.0 -0.529 0.294 
0.988 -0.153 0.004 0.007 -0.944 0.0 -0.15 -0.295 -0.938 -0.0 0.23 -0.26 0.977 0.0 -0.076 -0.198 0.912 0.0 0.232 -0.339 -0.743 0.0 -0.317 -0.589 -0.767 0.0 -0.591 0.249 0.728 0.0 -0.354 -0.587 0.796 -0.0 -0.53 0.293 
0.988 -0.152 0.004 0.007 -0.942 -0.0 -0.155 -0.297 -0.938 -0.0 0.226 -0.261 0.976 -0.0 -0.081 -0.201 0.912 -0.0 0.228 -0.34 -0.743 -0.0 -0.315 -0.59 -0.767 -0.0 -0.591 0.248 0.728 0.0 -0.352 -0.588 0.796 0.0 -0.531 0.292 
0.989 -0.151 0.004 0.007 -0.94 -0.0 -0.161 -0.3 -0.939 -0.0 0.224 -0.262 0.975 0.0 -0.085 -0.203 0.913 0.0 0.224 -0.341 -0.743 -0.0 -0.314 -0.591 -0.767 -0.0 -0.592 0.247 0.728 0.0 -0.351 -0.589 0.796 0.0 -0.531 0.291 
0.989 -0.15 0.004 0.007 -0.939 -0.0 -0.167 -0.301 -0.94 -0.0 0.22 -0.262 0.975 0.0 -0.09 -0.205 0.914 0.0 0.22 -0.342 -0.743 -0.0 -0.313 -0.592 -0.767 -0.0 -0.592 0.246 0.728 0.0 -0.35 -0.59 0.796 0.0 -0.532 0.29 
0.989 -0.148 0.004 0.007 -0.937 -0.0 -0.173 -0.302 -0.94 -0.0 0.217 -0.263 0.974 0.0 -0.095 -0.207 0.914 0.0 0.216 -0.343 -0.743 -0.0 -0.311 -0.592 -0.768 -0.0 -0.593 0.244 0.728 0.0 -0.348 -0.591 0.796 -0.0 -0.533 0.288 
0.989 -0.147 0.004 0.007 -0.936 -0.0 -0.178 -0.304 -0.941 0.0 0.214 -0.263 0.973 -0.0 -0.101 -0.207 0.915 0.0 0.212 -0.344 -0.743 0.0 -0.31 -0.593 -0.768 -0.0 -0.593 0.243 0.728 -0.0 -0.347 -0.591 0.796 0.0 -0.533 0.288 
0.989 -0.147 0.004 0.007 -0.934 -0.0 -0.185 -0.305 -0.941 -0.0 0.211 -0.263 0.972 0.0 -0.106 -0.209 0.915 0.0 0.208 -0.345 -0.743 0.0 -0.309 -0.593 -0.768 -0.0 -0.594 0.242 0.728 -0.0 -0.346 -0.592 0.795 0.0 -0.534 0.287 
0.989 -0.146 0.004 0.007 -0.933 -0.0 -0.191 -0.305 -0.942 0.0 0.208 -0.264 0.972 0.0 -0.111 -0.209 0.916 0.0 0.204 -0.346 -0.743 0.0 -0.308 -0.594 -0.767 -0.0 -0.594 0.241 0.728 0.0 -0.345 -0.593 0.796 -0.0 -0.534 0.286 
0.989 -0.145 0.004 0.007 -0.932 -0.0 -0.198 -0.305 -0.942 -0.0 0.205 -0.264 0.971 0.0 -0.117 -0.209 0.916 0.0 0.2 -0.347 -0.743 -0.0 -0.307 -0.595 -0.768 -0.0 -0.595 0.239 0.728 0.0 -0.344 -0.594 0.795 -0.0 -0.535 0.285 
0.99 -0.144 0.004 0.007 -0.931 -0.0 -0.204 -0.303 -0.943 0.0 0.201 -0.266 0.97 0.0 -0.122 -0.208 0.917 -0.0 0.196 -0.348 -0.743 -0.0 -0.306 -0.595 -0.768 -0.0 -0.595 0.238 0.728 0.0 -0.343 -0.594 0.795 0.0 -0.535 0.284 
0.99 -0.143 0.004 0.006 -0.93 -0.0 -0.21 -0.302 -0.943 -0.0 0.198 -0.267 0.97 -0.0 -0.128 -0.207 0.917 0.0 0.193 -0.349 -0.743 0.0 -0.305 -0.596 -0.768 -0.0 -0.596 0.237 0.728 0.0 -0.342 -0.595 0.796 -0.0 -0.536 0.283 
0.99 -0.143 0.005 0.006 -0.929 -0.0 -0.216 -0.3 -0.943 -0.0 0.193 -0.27 0.969 0.0 -0.134 -0.207 0.918 0.0 0.189 -0.348 -0.743 -0.0 -0.304 -0.596 -0.768 -0.0 -0.596 0.236 0.728 0.0 -0.341 -0.595 0.795 0.0 -0.536 0.283 
0.99 -0.142 0.004 0.006 -0.929 -0.0 -0.222 -0.297 -0.944 -0.0 0.19 -0.271 0.969 -0.0 -0.139 -0.205 0.919 0.0 0.186 -0.349 -0.743 -0.0 -0.303 -0.596 -0.768 -0.0 -0.596 0.235 0.728 -0.0 -0.34 -0.596 0.795 -0.0 -0.537 0.282 
0.99 -0.141 0.005 0.006 -0.928 -0.0 -0.228 -0.295 -0.944 -0.0 0.185 -0.272 0.969 0.0 -0.144 -0.203 0.919 0.0 0.182 -0.349 -0.743 -0.0 -0.302 -0.597 -0.768 -0.0 -0.597 0.234 0.728 -0.0 -0.339 -0.596 0.795 0.0 -0.537 0.281 
0.99 -0.14 0.005 0.006 -0.928 -0.0 -0.232 -0.291 -0.945 -0.0 0.178 -0.275 0.968 0.0 -0.15 -0.2 0.92 -0.0 0.178 -0.35 -0.743 -0.0 -0.301 -0.598 -0.768 -0.0 -0.597 0.234 0.727 -0.0 -0.339 -0.597 0.796 0.0 -0.537 0.281 
0.99 -0.14 0.005 0.006 -0.928 0.0 -0.238 -0.288 -0.945 0.0 0.173 -0.277 0.968 0.0 -0.155 -0.198 0.92 0.0 0.175 -0.35 -0.743 -0.0 -0.3 -0.598 -0.768 -0.0 -0.597 0.233 0.728 -0.0 -0.338 -0.597 0.795 0.0 -0.538 0.28 
0.99 -0.139 0.005 0.006 -0.928 -0.0 -0.242 -0.284 -0.946 0.0 0.168 -0.278 0.968 0.0 -0.16 -0.195 0.921 -0.0 0.171 -0.35 -0.743 -0.0 -0.3 -0.598 -0.768 -0.0 -0.597 0.233 0.728 0.0 -0.338 -0.597 0.796 0.0 -0.538 0.279 
0.99 -0.139 0.005 0.006 -0.927 -0.0 -0.247 -0.281 -0.946 -0.0 0.163 -0.28 0.968 0.0 -0.165 -0.191 0.922 0.0 0.167 -0.35 -0.743 -0.0 -0.299 -0.598 -0.768 -0.0 -0.598 0.232 0.728 -0.0 -0.337 -0.597 0.795 -0.0 -0.538 0.279 
0.99 -0.139 0.005 0.006 -0.928 -0.0 -0.252 -0.276 -0.946 -0.0 0.158 -0.282 0.967 0.0 -0.17 -0.188 0.923 0.0 0.164 -0.349 -0.743 -0.0 -0.299 -0.599 -0.768 -0.0 -0.598 0.232 0.728 0.0 -0.336 -0.598 0.795 0.0 -0.538 0.278 
0.99 -0.138 0.005 0.006 -0.928 0.0 -0.256 -0.271 -0.947 -0.0 0.152 -0.283 0.967 -0.0 -0.174 -0.183 0.923 0.0 0.161 -0.35 -0.743 -0.0 -0.298 -0.599 -0.767 -0.0 -0.598 0.231 0.728 0.0 -0.336 -0.598 0.795 0.0 -0.539 0.278 
0.99 -0.138 0.005 0.006 -0.928 -0.0 -0.26 -0.265 -0.947 -0.0 0.148 -0.285 0.968 0.0 -0.179 -0.179 0.924 0.0 0.157 -0.35 -0.743 0.0 -0.297 -0.599 -0.767 -0.0 -0.598 0.231 0.728 -0.0 -0.335 -0.598 0.795 0.0 -0.539 0.277 
0.99 -0.137 0.005 0.006 -0.929 -0.0 -0.264 -0.259 -0.947 -0.0 0.143 -0.287 0.968 0.0 -0.183 -0.174 0.924 0.0 0.155 -0.349 -0.743 0.0 -0.297 -0.6 -0.767 -0.0 -0.598 0.23 0.728 0.0 -0.335 -0.599 0.795 0.0 -0.539 0.277 
0.991 -0.137 0.005 0.006 -0.929 -0.0 -0.269 -0.253 -0.948 0.0 0.14 -0.287 0.968 0.0 -0.187 -0.169 0.925 -0.0 0.152 -0.348 -0.743 -0.0 -0.297 -0.6 -0.767 -0.0 -0.599 0.23 0.727 0.0 -0.335 -0.599 0.795 -0.0 -0.539 0.276 
0.991 -0.137 0.005 0.006 -0.93 -0.0 -0.273 -0.247 -0.948 -0.0 0.137 -0.288 0.968 0.0 -0.191 -0.164 0.926 0.0 0.15 -0.347 -0.743 -0.0 -0.296 -0.6 -0.767 -0.0 -0.599 0.229 0.727 0.0 -0.334 -0.599 0.795 0.0 -0.54 0.276 
0.991 -0.137 0.005 0.006 -0.93 -0.0 -0.277 -0.239 -0.948 -0.0 0.134 -0.29 0.968 0.0 -0.195 -0.158 0.927 0.0 0.148 -0.346 -0.743 -0.0 -0.296 -0.6 -0.767 -0.0 -0.599 0.229 0.727 0.0 -0.334 -0.6 0.795 0.0 -0.54 0.276 
0.991 -0.137 0.005 0.006 -0.931 -0.0 -0.281 -0.233 -0.948 0.0 0.132 -0.29 0.968 0.0 -0.198 -0.152 0.928 0.0 0.145 -0.344 -0.743 -0.0 -0.296 -0.6 -0.767 0.0 -0.599 0.229 0.727 0.0 -0.334 -0.6 0.795 -0.0 -0.54 0.276 
0.991 -0.137 0.005 0.007 -0.932 0.0 -0.285 -0.225 -0.948 -0.0 0.13 -0.291 0.969 0.0 -0.201 -0.145 0.928 0.0 0.141 -0.344 -0.744 -0.0 -0.296 -0.6 -0.767 -0.0 -0.599 0.229 0.727 0.0 -0.334 -0.6 0.795 0.0 -0.54 0.276 
0.991 -0.137 0.004 0.006 -0.932 0.0 -0.289 -0.218 -0.948 -0.0 0.128 -0.291 0.969 0.0 -0.204 -0.139 0.93 -0.0 0.138 -0.342 -0.743 -0.0 -0.296 -0.6 -0.767 -0.0 -0.599 0.229 0.727 0.0 -0.334 -0.6 0.795 0.0 -0.54 0.277 
0.991 -0.137 0.004 0.006 -0.933 0.0 -0.292 -0.21 -0.948 0.0 0.127 -0.291 0.97 0.0 -0.206 -0.132 0.931 0.0 0.135 -0.34 -0.743 -0.0 -0.296 -0.599 -0.767 -0.0 -0.599 0.229 0.727 0.0 -0.334 -0.6 0.795 0.0 -0.54 0.277 
0.99 -0.138 0.004 0.007 -0.934 -0.0 -0.295 -0.201 -0.948 -0.0 0.125 -0.291 0.97 0.0 -0.209 -0.125 0.932 0.0 0.134 -0.338 -0.744 -0.0 -0.297 -0.599 -0.767 -0.0 -0.599 0.229 0.727 0.0 -0.334 -0.6 0.795 0.0 -0.54 0.277 
0.99 -0.138 0.004 0.007 -0.935 -0.0 -0.298 -0.193 -0.949 -0.0 0.125 -0.29 0.97 0.0 -0.211 -0.118 0.932 0.0 0.132 -0.337 -0.744 -0.0 -0.297 -0.599 -0.767 -0.0 -0.599 0.23 0.727 0.0 -0.335 -0.599 0.795 0.0 -0.539 0.278 
0.99 -0.138 0.004 0.007 -0.936 -0.0 -0.301 -0.184 -0.949 0.0 0.125 -0.291 0.971 0.0 -0.213 -0.11 0.933 0.0 0.132 -0.335 -0.744 -0.0 -0.298 -0.598 -0.767 -0.0 -0.598 0.23 0.727 -0.0 -0.335 -0.599 0.795 0.0 -0.539 0.278 
0.99 -0.139 0.004 0.007 -0.937 -0.0 -0.303 -0.176 -0.949 -0.0 0.124 -0.29 0.971 0.0 -0.215 -0.102 0.933 0.0 0.132 -0.334 -0.744 -0.0 -0.299 -0.598 -0.767 -0.0 -0.598 0.231 0.727 0.0 -0.336 -0.599 0.795 -0.0 -0.539 0.279 
0.99 -0.14 0.004 0.007 -0.938 -0.0 -0.305 -0.167 -0.949 0.0 0.124 -0.288 0.971 0.0 -0.218 -0.094 0.934 0.0 0.133 -0.332 -0.744 -0.0 -0.299 -0.598 -0.767 -0.0 -0.598 0.232 0.727 0.0 -0.337 -0.599 0.795 0.0 -0.538 0.279 
0.99 -0.14 0.004 0.007 -0.939 -0.0 -0.306 -0.159 -0.95 -0.0 0.125 -0.286 0.972 0.0 -0.22 -0.086 0.934 -0.0 0.134 -0.33 -0.744 -0.0 -0.3 -0.597 -0.767 -0.0 -0.597 0.233 0.727 0.0 -0.338 -0.598 0.795 0.0 -0.538 0.28 
0.99 -0.141 0.004 0.007 -0.939 -0.0 -0.308 -0.152 -0.951 -0.0 0.126 -0.283 0.972 -0.0 -0.221 -0.078 0.935 -0.0 0.135 -0.328 -0.744 -0.0 -0.302 -0.596 -0.767 -0.0 -0.597 0.234 0.727 0.0 -0.339 -0.597 0.795 0.0 -0.538 0.281 
0.99 -0.142 0.004 0.007 -0.94 -0.0 -0.309 -0.143 -0.951 -0.0 0.127 -0.281 0.973 0.0 -0.222 -0.069 0.935 0.0 0.136 -0.327 -0.744 -0.0 -0.303 -0.596 -0.767 -0.0 -0.596 0.235 0.727 0.0 -0.34 -0.597 0.795 0.0 -0.537 0.282 
0.99 -0.143 0.004 0.007 -0.941 -0.0 -0.31 -0.134 -0.951 -0.0 0.129 -0.28 0.973 0.0 -0.223 -0.061 0.936 -0.0 0.138 -0.324 -0.744 -0.0 -0.304 -0.595 -0.768 -0.0 -0.596 0.236 0.727 0.0 -0.341 -0.596 0.795 0.0 -0.537 0.283 
0.99 -0.144 0.004 0.007 -0.942 0.0 -0.311 -0.126 -0.952 0.0 0.131 -0.277 0.973 0.0 -0.223 -0.053 0.936 0.0 0.138 -0.323 -0.744 -0.0 -0.305 -0.595 -0.767 -0.0 -0.595 0.238 0.727 0.0 -0.342 -0.595 0.795 0.0 -0.536 0.284 
0.989 -0.145 0.004 0.007 -0.943 -0.0 -0.311 -0.117 -0.952 -0.0 0.133 -0.274 0.974 0.0 -0.223 -0.045 0.937 0.0 0.14 -0.321 -0.744 -0.0 -0.307 -0.594 -0.767 -0.0 -0.595 0.24 0.727 0.0 -0.344 -0.594 0.795 0.0 -0.536 0.285 
0.989 -0.147 0.004 0.007 -0.944 -0.0 -0.311 -0.108 -0.953 -0.0 0.135 -0.271 0.974 0.0 -0.223 -0.037 0.937 0.0 0.143 -0.319 -0.744 -0.0 -0.308 -0.593 -0.767 -0.0 -0.594 0.24 0.727 0.0 -0.345 -0.593 0.795 0.0 -0.535 0.286 
0.989 -0.148 0.004 0.007 -0.946 0.0 -0.309 -0.1 -0.954 -0.0 0.136 -0.269 0.975 -0.0 -0.222 -0.028 0.937 0.0 0.145 -0.318 -0.744 -0.0 -0.31 -0.592 -0.767 -0.0 -0.594 0.242 0.727 -0.0 -0.346 -0.592 0.795 0.0 -0.534 0.288 
0.989 -0.149 0.004 0.007 -0.947 -0.0 -0.308 -0.092 -0.955 -0.0 0.138 -0.264 0.975 0.0 -0.221 -0.02 0.937 -0.0 0.148 -0.316 -0.744 -0.0 -0.311 -0.592 -0.767 -0.0 -0.593 0.243 0.727 0.0 -0.348 -0.591 0.795 0.0 -0.534 0.289 
0.989 -0.15 0.004 0.007 -0.948 -0.0 -0.307 -0.084 -0.955 -0.0 0.139 -0.262 0.975 0.0 -0.22 -0.012 0.937 0.0 0.151 -0.314 -0.744 0.0 -0.313 -0.591 -0.767 0.0 -0.593 0.245 0.727 0.0 -0.349 -0.591 0.795 0.0 -0.533 0.29 
0.988 -0.152 0.003 0.007 -0.949 -0.0 -0.305 -0.076 -0.956 -0.0 0.141 -0.259 0.976 0.0 -0.218 -0.004 0.938 0.0 0.152 -0.312 -0.744 0.0 -0.314 -0.59 -0.767 -0.0 -0.592 0.248 0.727 0.0 -0.351 -0.59 0.795 0.0 -0.532 0.292 
0.988 -0.153 0.003 0.007 -0.951 -0.0 -0.302 -0.068 -0.956 -0.0 0.143 -0.256 0.977 0.0 -0.215 0.003 0.938 0.0 0.154 -0.31 -0.744 -0.0 -0.316 -0.589 -0.767 0.0 -0.591 0.248 0.727 -0.0 -0.353 -0.589 0.795 -0.0 -0.531 0.293 
0.988 -0.154 0.003 0.007 -0.952 -0.0 -0.3 -0.061 -0.957 -0.0 0.145 -0.253 0.977 0.0 -0.212 0.01 0.938 0.0 0.156 -0.308 -0.744 -0.0 -0.317 -0.588 -0.767 -0.0 -0.591 0.25 0.727 0.0 -0.354 -0.588 0.795 0.0 -0.531 0.294 
0.988 -0.155 0.003 0.007 -0.953 -0.0 -0.297 -0.053 -0.957 -0.0 0.147 -0.25 0.978 -0.0 -0.209 0.017 0.939 0.0 0.159 -0.305 -0.744 0.0 -0.319 -0.587 -0.767 0.0 -0.59 0.251 0.727 0.0 -0.355 -0.587 0.795 0.0 -0.53 0.296 
0.988 -0.157 0.003 0.007 -0.955 -0.0 -0.294 -0.046 -0.957 -0.0 0.148 -0.248 0.979 0.0 -0.205 0.024 0.939 0.0 0.16 -0.304 -0.744 0.0 -0.32 -0.587 -0.767 -0.0 -0.59 0.252 0.728 0.0 -0.357 -0.586 0.795 0.0 -0.529 0.297 
0.987 -0.158 0.004 0.007 -0.956 -0.0 -0.29 -0.04 -0.958 -0.0 0.151 -0.245 0.979 0.0 -0.2 0.031 0.94 0.0 0.162 -0.301 -0.744 -0.0 -0.322 -0.586 -0.767 -0.0 -0.589 0.255 0.728 0.0 -0.358 -0.585 0.795 0.0 -0.528 0.299 
0.987 -0.159 0.004 0.007 -0.958 -0.0 -0.286 -0.032 -0.958 0.0 0.152 -0.242 0.98 -0.0 -0.196 0.037 0.94 0.0 0.165 -0.299 -0.744 -0.0 -0.323 -0.585 -0.767 -0.0 -0.589 0.255 0.728 0.0 -0.36 -0.584 0.795 0.0 -0.528 0.3 
0.987 -0.161 0.004 0.007 -0.959 0.0 -0.282 -0.027 -0.959 -0.0 0.154 -0.238 0.981 0.0 -0.191 0.043 0.94 0.0 0.167 -0.296 -0.744 -0.0 -0.325 -0.584 -0.767 -0.0 -0.588 0.257 0.728 0.0 -0.362 -0.583 0.795 0.0 -0.527 0.301 
0.987 -0.162 0.004 0.007 -0.961 -0.0 -0.276 -0.022 -0.96 -0.0 0.155 -0.234 0.981 0.0 -0.186 0.048 0.941 0.0 0.171 -0.293 -0.744 -0.0 -0.326 -0.583 -0.767 -0.0 -0.587 0.258 0.728 0.0 -0.363 -0.582 0.795 0.0 -0.526 0.303 
0.987 -0.163 0.004 0.007 -0.962 0.0 -0.272 -0.017 -0.961 -0.0 0.157 -0.229 0.982 0.0 -0.18 0.053 0.941 -0.0 0.174 -0.29 -0.744 -0.0 -0.328 -0.582 -0.767 0.0 -0.587 0.26 0.728 0.0 -0.365 -0.581 0.795 0.0 -0.525 0.304 
0.986 -0.164 0.004 0.007 -0.964 -0.0 -0.266 -0.013 -0.961 -0.0 0.159 -0.225 0.983 0.0 -0.173 0.058 0.942 -0.0 0.174 -0.287 -0.744 -0.0 -0.329 -0.582 -0.767 0.0 -0.586 0.261 0.728 0.0 -0.366 -0.58 0.795 0.0 -0.524 0.306 
0.986 -0.166 0.004 0.007 -0.965 -0.0 -0.261 -0.01 -0.962 -0.0 0.161 -0.22 0.984 0.0 -0.167 0.062 0.943 0.0 0.177 -0.284 -0.744 -0.0 -0.331 -0.581 -0.767 -0.0 -0.585 0.263 0.728 0.0 -0.368 -0.578 0.795 0.0 -0.524 0.307 
0.986 -0.167 0.004 0.007 -0.967 -0.0 -0.255 -0.007 -0.963 0.0 0.162 -0.215 0.985 0.0 -0.161 0.064 0.943 0.0 0.181 -0.279 -0.744 0.0 -0.333 -0.58 -0.767 0.0 -0.585 0.265 0.728 0.0 -0.369 -0.578 0.795 -0.0 -0.523 0.309 
0.986 -0.169 0.004 0.006 -0.968 -0.0 -0.25 -0.005 -0.964 -0.0 0.165 -0.211 0.986 0.0 -0.155 0.066 0.944 -0.0 0.184 -0.274 -0.744 -0.0 -0.335 -0.579 -0.767 -0.0 -0.584 0.267 0.728 0.0 -0.371 -0.576 0.795 0.0 -0.522 0.31 
0.985 -0.17 0.004 0.006 -0.97 -0.0 -0.244 -0.003 -0.964 -0.0 0.166 -0.206 0.986 0.0 -0.149 0.067 0.945 0.0 0.189 -0.268 -0.744 -0.0 -0.336 -0.578 -0.767 -0.0 -0.583 0.268 0.728 -0.0 -0.373 -0.575 0.795 0.0 -0.521 0.311 
0.985 -0.171 0.004 0.006 -0.971 -0.0 -0.238 -0.002 -0.965 -0.0 0.17 -0.2 0.987 0.0 -0.142 0.069 0.945 0.0 0.191 -0.265 -0.744 -0.0 -0.338 -0.577 -0.767 -0.0 -0.582 0.27 0.728 -0.0 -0.375 -0.574 0.795 -0.0 -0.52 0.313 
0.985 -0.173 0.004 0.006 -0.973 -0.0 -0.233 -0.002 -0.965 -0.0 0.171 -0.197 0.988 0.0 -0.136 0.071 0.946 0.0 0.193 -0.261 -0.744 -0.0 -0.339 -0.576 -0.767 -0.0 -0.581 0.272 0.729 0.0 -0.376 -0.572 0.795 0.0 -0.519 0.315 
0.985 -0.174 0.004 0.006 -0.974 -0.0 -0.227 -0.001 -0.966 -0.0 0.174 -0.193 0.989 0.0 -0.128 0.071 0.946 0.0 0.195 -0.258 -0.743 0.0 -0.341 -0.575 -0.767 -0.0 -0.581 0.273 0.729 0.0 -0.378 -0.571 0.795 0.0 -0.518 0.316 
0.984 -0.175 0.004 0.006 -0.975 -0.0 -0.221 -0.0 -0.966 -0.0 0.176 -0.191 0.99 0.0 -0.123 0.07 0.947 0.0 0.201 -0.252 -0.743 0.0 -0.343 -0.574 -0.767 0.0 -0.58 0.275 0.729 0.0 -0.38 -0.57 0.795 -0.0 -0.517 0.318 
0.984 -0.177 0.005 0.005 -0.977 0.0 -0.215 -0.001 -0.966 -0.0 0.18 -0.188 0.991 0.0 -0.116 0.07 0.947 0.0 0.203 -0.25 -0.743 0.0 -0.344 -0.573 -0.767 -0.0 -0.579 0.277 0.729 0.0 -0.381 -0.569 0.795 0.0 -0.516 0.319 
0.984 -0.178 0.005 0.005 -0.978 -0.0 -0.209 -0.002 -0.965 -0.0 0.183 -0.186 0.992 0.0 -0.11 0.069 0.947 0.0 0.208 -0.246 -0.743 -0.0 -0.346 -0.573 -0.767 -0.0 -0.578 0.278 0.729 0.0 -0.383 -0.568 0.795 0.0 -0.515 0.32 
0.984 -0.179 0.005 0.005 -0.979 -0.0 -0.203 -0.003 -0.965 -0.0 0.186 -0.183 0.992 0.0 -0.104 0.067 0.947 0.0 0.212 -0.243 -0.743 -0.0 -0.347 -0.572 -0.767 0.0 -0.578 0.279 0.729 0.0 -0.384 -0.567 0.795 0.0 -0.515 0.321 
0.984 -0.18 0.005 0.005 -0.98 -0.0 -0.197 -0.005 -0.965 -0.0 0.189 -0.182 0.993 0.0 -0.097 0.065 0.947 0.0 0.215 -0.24 -0.743 -0.0 -0.348 -0.571 -0.767 -0.0 -0.577 0.282 0.729 0.0 -0.386 -0.566 0.795 0.0 -0.514 0.322 
0.983 -0.181 0.005 0.005 -0.982 -0.0 -0.191 -0.007 -0.965 -0.0 0.191 -0.18 0.994 -0.0 -0.09 0.062 0.946 0.0 0.219 -0.238 -0.743 -0.0 -0.35 -0.57 -0.767 -0.0 -0.576 0.282 0.729 0.0 -0.387 -0.565 0.795 -0.0 -0.513 0.324 
0.983 -0.182 0.005 0.005 -0.983 -0.0 -0.185 -0.01 -0.964 -0.0 0.195 -0.178 0.995 0.0 -0.084 0.06 0.946 0.0 0.222 -0.236 -0.744 -0.0 -0.351 -0.569 -0.767 -0.0 -0.576 0.283 0.729 0.0 -0.388 -0.564 0.795 -0.0 -0.512 0.324 
0.983 -0.183 0.005 0.005 -0.984 -0.0 -0.179 -0.013 -0.964 -0.0 0.198 -0.178 0.995 0.0 -0.078 0.056 0.946 0.0 0.226 -0.233 -0.744 -0.0 -0.351 -0.569 -0.767 0.0 -0.575 0.284 0.729 0.0 -0.389 -0.563 0.795 -0.0 -0.512 0.326 
0.983 -0.184 0.005 0.005 -0.985 -0.0 -0.173 -0.016 -0.963 -0.0 0.201 -0.177 0.996 0.0 -0.072 0.052 0.946 0.0 0.229 -0.231 -0.744 -0.0 -0.352 -0.568 -0.767 -0.0 -0.574 0.286 0.729 -0.0 -0.39 -0.562 0.795 0.0 -0.511 0.326 
0.983 -0.185 0.006 0.005 -0.986 -0.0 -0.167 -0.02 -0.963 0.0 0.202 -0.177 0.997 -0.0 -0.065 0.048 0.945 0.0 0.232 -0.229 -0.744 -0.0 -0.353 -0.568 -0.767 -0.0 -0.574 0.285 0.729 0.0 -0.391 -0.562 0.795 0.0 -0.511 0.327 
0.983 -0.185 0.006 0.004 -0.987 -0.0 -0.16 -0.024 -0.963 -0.0 0.206 -0.176 0.997 0.0 -0.059 0.044 0.945 -0.0 0.234 -0.228 -0.744 -0.0 -0.354 -0.567 -0.767 -0.0 -0.574 0.286 0.729 0.0 -0.392 -0.562 0.794 -0.0 -0.511 0.329 
0.983 -0.186 0.006 0.004 -0.988 -0.0 -0.154 -0.029 -0.963 -0.0 0.207 -0.175 0.998 0.0 -0.052 0.04 0.944 0.0 0.235 -0.23 -0.744 0.0 -0.355 -0.567 -0.767 0.0 -0.573 0.287 0.727 0.0 -0.393 -0.564 0.793 -0.0 -0.51 0.333 
0.982 -0.186 0.006 0.004 -0.988 -0.0 -0.148 -0.034 -0.962 -0.0 0.209 -0.175 0.998 0.0 -0.047 0.035 0.944 0.0 0.238 -0.229 -0.744 -0.0 -0.355 -0.566 -0.767 0.0 -0.573 0.287 0.729 -0.0 -0.393 -0.561 0.794 0.0 -0.51 0.33 
0.982 -0.187 0.006 0.004 -0.989 -0.0 -0.142 -0.038 -0.961 -0.0 0.212 -0.175 0.999 0.0 -0.042 0.029 0.943 -0.0 0.241 -0.229 -0.744 -0.0 -0.356 -0.566 -0.767 -0.0 -0.573 0.288 0.729 -0.0 -0.394 -0.56 0.795 -0.0 -0.509 0.329 
0.982 -0.187 0.006 0.004 -0.99 0.0 -0.136 -0.044 -0.961 0.0 0.215 -0.175 0.999 0.0 -0.037 0.022 0.943 0.0 0.244 -0.228 -0.744 -0.0 -0.356 -0.565 -0.767 -0.0 -0.573 0.288 0.729 0.0 -0.394 -0.56 0.795 -0.0 -0.509 0.33 
0.982 -0.188 0.006 0.004 -0.99 -0.0 -0.13 -0.049 -0.96 -0.0 0.217 -0.175 0.999 0.0 -0.033 0.016 0.942 0.0 0.247 -0.228 -0.744 0.0 -0.357 -0.565 -0.767 -0.0 -0.573 0.289 0.729 0.0 -0.395 -0.559 0.795 0.0 -0.509 0.33 
0.982 -0.188 0.006 0.004 -0.991 -0.0 -0.124 -0.054 -0.96 -0.0 0.219 -0.176 1.0 0.0 -0.028 0.01 0.941 0.0 0.249 -0.229 -0.744 -0.0 -0.357 -0.565 -0.767 0.0 -0.572 0.289 0.729 0.0 -0.395 -0.559 0.795 0.0 -0.509 0.33 
0.982 -0.188 0.006 0.004 -0.991 0.0 -0.119 -0.06 -0.959 -0.0 0.221 -0.176 1.0 0.0 -0.024 0.004 0.94 0.0 0.252 -0.229 -0.744 -0.0 -0.357 -0.565 -0.767 0.0 -0.572 0.289 0.729 0.0 -0.395 -0.56 0.794 0.0 -0.509 0.331 
0.982 -0.188 0.006 0.004 -0.991 -0.0 -0.114 -0.065 -0.958 -0.0 0.223 -0.178 1.0 -0.0 -0.02 -0.002 0.939 0.0 0.254 -0.231 -0.744 -0.0 -0.357 -0.565 -0.767 -0.0 -0.572 0.289 0.729 0.0 -0.395 -0.559 0.795 0.0 -0.509 0.33 
0.982 -0.188 0.006 0.005 -0.991 -0.0 -0.109 -0.071 -0.958 0.0 0.225 -0.179 1.0 0.0 -0.017 -0.009 0.938 0.0 0.257 -0.231 -0.744 0.0 -0.357 -0.565 -0.767 -0.0 -0.572 0.289 0.729 0.0 -0.395 -0.559 0.795 0.0 -0.508 0.33 
0.982 -0.187 0.005 0.005 -0.992 -0.0 -0.104 -0.077 -0.957 -0.0 0.227 -0.18 1.0 -0.0 -0.013 -0.015 0.937 0.0 0.258 -0.234 -0.744 -0.0 -0.357 -0.565 -0.767 -0.0 -0.573 0.289 0.729 0.0 -0.394 -0.559 0.795 0.0 -0.509 0.33 
0.982 -0.187 0.006 0.005 -0.992 0.0 -0.099 -0.083 -0.956 -0.0 0.229 -0.182 1.0 0.0 -0.011 -0.022 0.936 -0.0 0.26 -0.235 -0.744 -0.0 -0.356 -0.566 -0.767 -0.0 -0.573 0.288 0.729 0.0 -0.394 -0.56 0.795 0.0 -0.509 0.329 
0.982 -0.187 0.005 0.005 -0.991 -0.0 -0.095 -0.089 -0.955 -0.0 0.231 -0.184 1.0 -0.0 -0.008 -0.029 0.936 0.0 0.261 -0.237 -0.744 -0.0 -0.356 -0.566 -0.767 -0.0 -0.573 0.288 0.729 -0.0 -0.394 -0.56 0.795 -0.0 -0.509 0.329 
0.982 -0.186 0.006 0.005 -0.991 -0.0 -0.091 -0.096 -0.954 -0.0 0.234 -0.185 0.999 -0.0 -0.005 -0.036 0.935 0.0 0.262 -0.239 -0.744 -0.0 -0.355 -0.566 -0.767 -0.0 -0.573 0.287 0.729 0.0 -0.393 -0.56 0.795 0.0 -0.51 0.328 
0.983 -0.185 0.006 0.005 -0.991 -0.0 -0.087 -0.102 -0.954 -0.0 0.235 -0.189 0.999 0.0 -0.003 -0.042 0.934 0.0 0.263 -0.241 -0.744 -0.0 -0.354 -0.567 -0.767 -0.0 -0.574 0.287 0.729 0.0 -0.392 -0.561 0.795 0.0 -0.51 0.327 
0.983 -0.185 0.006 0.005 -0.991 -0.0 -0.083 -0.108 -0.953 -0.0 0.236 -0.19 0.999 0.0 -0.001 -0.049 0.933 0.0 0.265 -0.243 -0.744 -0.0 -0.353 -0.567 -0.767 -0.0 -0.574 0.286 0.729 -0.0 -0.392 -0.561 0.795 0.0 -0.511 0.327 
0.983 -0.184 0.006 0.005 -0.99 -0.0 -0.08 -0.115 -0.952 -0.0 0.237 -0.192 0.998 -0.0 0.0 -0.056 0.932 0.0 0.265 -0.246 -0.744 0.0 -0.353 -0.568 -0.767 -0.0 -0.575 0.286 0.729 -0.0 -0.391 -0.562 0.795 -0.0 -0.511 0.326 
0.983 -0.183 0.006 0.005 -0.989 -0.0 -0.077 -0.123 -0.952 -0.0 0.239 -0.193 0.998 0.0 0.003 -0.062 0.931 0.0 0.264 -0.25 -0.744 -0.0 -0.352 -0.568 -0.767 -0.0 -0.575 0.285 0.729 0.0 -0.39 -0.562 0.795 -0.0 -0.512 0.325 
0.983 -0.183 0.006 0.005 -0.989 -0.0 -0.074 -0.129 -0.951 -0.0 0.24 -0.196 0.998 0.0 0.004 -0.068 0.93 0.0 0.265 -0.253 -0.744 -0.0 -0.351 -0.569 -0.767 -0.0 -0.576 0.284 0.729 0.0 -0.389 -0.563 0.795 0.0 -0.512 0.324 
0.983 -0.182 0.006 0.005 -0.988 -0.0 -0.072 -0.136 -0.95 0.0 0.242 -0.198 0.997 0.0 0.003 -0.076 0.929 0.0 0.269 -0.253 -0.744 -0.0 -0.35 -0.57 -0.767 -0.0 -0.576 0.283 0.729 0.0 -0.388 -0.564 0.795 0.0 -0.513 0.323 
0.984 -0.181 0.006 0.005 -0.987 -0.0 -0.07 -0.143 -0.949 -0.0 0.243 -0.201 0.997 0.0 0.003 -0.082 0.928 -0.0 0.27 -0.256 -0.744 0.0 -0.348 -0.571 -0.767 0.0 -0.577 0.282 0.729 0.0 -0.387 -0.565 0.795 0.0 -0.514 0.322 
0.984 -0.18 0.006 0.005 -0.986 -0.0 -0.069 -0.15 -0.948 -0.0 0.245 -0.204 0.996 0.0 0.004 -0.088 0.927 0.0 0.27 -0.259 -0.744 -0.0 -0.347 -0.571 -0.767 0.0 -0.578 0.281 0.729 0.0 -0.386 -0.566 0.795 0.0 -0.514 0.321 
0.984 -0.178 0.006 0.005 -0.985 -0.0 -0.067 -0.156 -0.947 -0.0 0.246 -0.207 0.996 0.0 0.003 -0.094 0.926 -0.0 0.27 -0.262 -0.744 -0.0 -0.346 -0.572 -0.767 -0.0 -0.578 0.279 0.729 0.0 -0.384 -0.567 0.795 -0.0 -0.515 0.319 
0.984 -0.177 0.006 0.005 -0.984 -0.0 -0.067 -0.163 -0.946 -0.0 0.247 -0.21 0.995 -0.0 0.002 -0.101 0.925 -0.0 0.272 -0.264 -0.744 0.0 -0.344 -0.573 -0.766 0.0 -0.579 0.279 0.729 0.0 -0.383 -0.567 0.795 -0.0 -0.516 0.318 
0.984 -0.176 0.006 0.005 -0.983 -0.0 -0.066 -0.169 -0.945 0.0 0.247 -0.213 0.994 0.0 0.001 -0.108 0.925 0.0 0.272 -0.267 -0.743 0.0 -0.343 -0.574 -0.767 -0.0 -0.579 0.277 0.729 0.0 -0.382 -0.568 0.795 0.0 -0.517 0.317 
0.985 -0.175 0.006 0.005 -0.982 -0.0 -0.065 -0.176 -0.945 -0.0 0.248 -0.215 0.993 0.0 -0.0 -0.114 0.924 0.0 0.272 -0.27 -0.743 -0.0 -0.342 -0.575 -0.766 -0.0 -0.58 0.276 0.729 0.0 -0.38 -0.569 0.795 0.0 -0.517 0.316 
0.985 -0.174 0.006 0.005 -0.981 -0.0 -0.065 -0.181 -0.943 -0.0 0.248 -0.22 0.993 0.0 -0.002 -0.119 0.923 0.0 0.272 -0.274 -0.743 -0.0 -0.34 -0.576 -0.766 -0.0 -0.581 0.274 0.729 0.0 -0.379 -0.57 0.796 -0.0 -0.518 0.314 
0.985 -0.173 0.006 0.005 -0.98 -0.0 -0.066 -0.188 -0.943 -0.0 0.248 -0.223 0.992 0.0 -0.004 -0.126 0.922 0.0 0.271 -0.277 -0.743 -0.0 -0.339 -0.577 -0.766 -0.0 -0.581 0.273 0.729 0.0 -0.378 -0.571 0.796 0.0 -0.519 0.313 
0.985 -0.172 0.006 0.005 -0.979 -0.0 -0.066 -0.195 -0.942 -0.0 0.248 -0.225 0.991 -0.0 -0.006 -0.132 0.921 0.0 0.27 -0.28 -0.743 -0.0 -0.338 -0.577 -0.766 -0.0 -0.582 0.273 0.729 0.0 -0.377 -0.572 0.796 0.0 -0.519 0.312 
0.985 -0.171 0.006 0.005 -0.977 -0.0 -0.067 -0.202 -0.942 -0.0 0.247 -0.229 0.99 0.0 -0.009 -0.138 0.921 -0.0 0.269 -0.284 -0.743 0.0 -0.336 -0.578 -0.766 0.0 -0.582 0.272 0.729 0.0 -0.375 -0.573 0.796 0.0 -0.52 0.311 
0.985 -0.17 0.006 0.005 -0.976 -0.0 -0.069 -0.208 -0.941 -0.0 0.246 -0.231 0.99 -0.0 -0.011 -0.143 0.92 0.0 0.266 -0.288 -0.743 -0.0 -0.335 -0.579 -0.767 0.0 -0.583 0.27 0.729 0.0 -0.374 -0.573 0.796 -0.0 -0.52 0.31 
0.986 -0.169 0.006 0.005 -0.974 -0.0 -0.07 -0.214 -0.941 -0.0 0.245 -0.233 0.989 0.0 -0.015 -0.149 0.919 -0.0 0.264 -0.292 -0.743 -0.0 -0.334 -0.58 -0.766 -0.0 -0.584 0.269 0.729 0.0 -0.373 -0.574 0.796 0.0 -0.521 0.309 
0.986 -0.167 0.006 0.005 -0.973 -0.0 -0.072 -0.22 -0.941 -0.0 0.243 -0.236 0.988 -0.0 -0.018 -0.154 0.919 -0.0 0.261 -0.295 -0.743 -0.0 -0.333 -0.581 -0.766 -0.0 -0.584 0.268 0.729 0.0 -0.371 -0.575 0.796 0.0 -0.522 0.307 
0.986 -0.166 0.006 0.005 -0.971 -0.0 -0.074 -0.227 -0.941 -0.0 0.241 -0.238 0.987 0.0 -0.021 -0.159 0.919 0.0 0.258 -0.299 -0.743 -0.0 -0.331 -0.581 -0.767 -0.0 -0.584 0.266 0.729 -0.0 -0.37 -0.576 0.796 0.0 -0.522 0.307 
0.986 -0.165 0.006 0.005 -0.969 -0.0 -0.076 -0.233 -0.941 -0.0 0.239 -0.239 0.986 0.0 -0.025 -0.165 0.919 0.0 0.255 -0.302 -0.743 -0.0 -0.33 -0.582 -0.766 0.0 -0.585 0.265 0.729 0.0 -0.369 -0.577 0.796 -0.0 -0.523 0.306 
0.986 -0.164 0.006 0.005 -0.968 -0.0 -0.079 -0.239 -0.941 -0.0 0.236 -0.241 0.985 0.0 -0.029 -0.169 0.919 0.0 0.251 -0.305 -0.743 0.0 -0.328 -0.583 -0.767 -0.0 -0.586 0.263 0.729 0.0 -0.368 -0.578 0.796 -0.0 -0.524 0.304 
0.987 -0.163 0.006 0.005 -0.966 -0.0 -0.081 -0.244 -0.941 0.0 0.233 -0.243 0.984 -0.0 -0.033 -0.174 0.919 0.0 0.246 -0.308 -0.743 -0.0 -0.327 -0.584 -0.767 -0.0 -0.587 0.261 0.729 0.0 -0.366 -0.579 0.796 -0.0 -0.525 0.303 
0.987 -0.161 0.006 0.005 -0.965 -0.0 -0.085 -0.25 -0.942 -0.0 0.231 -0.244 0.983 0.0 -0.038 -0.179 0.919 -0.0 0.242 -0.31 -0.743 -0.0 -0.326 -0.585 -0.767 -0.0 -0.587 0.26 0.729 0.0 -0.364 -0.58 0.796 0.0 -0.525 0.301 
0.987 -0.16 0.006 0.005 -0.963 -0.0 -0.088 -0.255 -0.942 -0.0 0.228 -0.244 0.982 0.0 -0.042 -0.183 0.919 -0.0 0.238 -0.313 -0.743 -0.0 -0.324 -0.585 -0.767 -0.0 -0.588 0.259 0.729 0.0 -0.363 -0.581 0.796 0.0 -0.526 0.301 
0.987 -0.159 0.006 0.005 -0.961 -0.0 -0.092 -0.26 -0.943 -0.0 0.226 -0.245 0.981 0.0 -0.047 -0.187 0.92 0.0 0.233 -0.317 -0.743 0.0 -0.323 -0.586 -0.767 0.0 -0.588 0.257 0.729 0.0 -0.362 -0.582 0.796 0.0 -0.527 0.299 
0.987 -0.158 0.006 0.005 -0.96 -0.0 -0.096 -0.264 -0.943 -0.0 0.223 -0.246 0.98 0.0 -0.052 -0.191 0.92 0.0 0.228 -0.318 -0.743 -0.0 -0.321 -0.587 -0.767 -0.0 -0.589 0.255 0.729 -0.0 -0.36 -0.583 0.796 0.0 -0.527 0.298 
0.988 -0.156 0.006 0.005 -0.958 -0.0 -0.1 -0.268 -0.944 -0.0 0.22 -0.247 0.979 0.0 -0.057 -0.195 0.921 0.0 0.223 -0.32 -0.743 0.0 -0.32 -0.588 -0.767 -0.0 -0.59 0.253 0.729 -0.0 -0.358 -0.584 0.796 -0.0 -0.528 0.297 
0.988 -0.155 0.006 0.005 -0.957 -0.0 -0.104 -0.271 -0.944 -0.0 0.217 -0.247 0.978 -0.0 -0.063 -0.199 0.922 0.0 0.218 -0.321 -0.743 -0.0 -0.318 -0.589 -0.767 -0.0 -0.59 0.252 0.729 0.0 -0.357 -0.585 0.796 0.0 -0.529 0.295 
0.988 -0.154 0.006 0.005 -0.956 -0.0 -0.109 -0.274 -0.945 -0.0 0.214 -0.249 0.977 0.0 -0.068 -0.202 0.922 0.0 0.214 -0.323 -0.743 -0.0 -0.316 -0.589 -0.767 -0.0 -0.591 0.25 0.728 0.0 -0.355 -0.586 0.796 0.0 -0.53 0.294 
0.988 -0.153 0.006 0.005 -0.954 -0.0 -0.113 -0.277 -0.945 -0.0 0.211 -0.25 0.976 0.0 -0.075 -0.205 0.923 0.0 0.21 -0.323 -0.743 -0.0 -0.315 -0.59 -0.767 -0.0 -0.591 0.249 0.728 0.0 -0.354 -0.587 0.796 -0.0 -0.53 0.293 
0.988 -0.151 0.006 0.005 -0.953 -0.0 -0.119 -0.28 -0.945 -0.0 0.209 -0.25 0.975 0.0 -0.081 -0.207 0.923 0.0 0.205 -0.325 -0.743 -0.0 -0.314 -0.591 -0.767 -0.0 -0.592 0.247 0.728 0.0 -0.353 -0.588 0.796 -0.0 -0.531 0.292 
0.989 -0.15 0.006 0.006 -0.951 0.0 -0.124 -0.282 -0.946 -0.0 0.206 -0.251 0.974 0.0 -0.086 -0.21 0.923 0.0 0.202 -0.326 -0.743 0.0 -0.312 -0.592 -0.767 0.0 -0.593 0.246 0.728 0.0 -0.351 -0.589 0.796 0.0 -0.532 0.29 
0.989 -0.149 0.005 0.005 -0.95 -0.0 -0.129 -0.283 -0.946 -0.0 0.203 -0.253 0.973 0.0 -0.093 -0.211 0.924 0.0 0.197 -0.327 -0.743 0.0 -0.311 -0.592 -0.767 -0.0 -0.593 0.244 0.728 0.0 -0.349 -0.589 0.796 0.0 -0.532 0.289 
0.989 -0.148 0.005 0.006 -0.95 -0.0 -0.135 -0.283 -0.946 -0.0 0.2 -0.254 0.972 0.0 -0.099 -0.213 0.924 0.0 0.192 -0.33 -0.743 -0.0 -0.31 -0.593 -0.767 -0.0 -0.594 0.243 0.728 0.0 -0.348 -0.59 0.796 0.0 -0.533 0.288 
0.989 -0.147 0.005 0.006 -0.948 -0.0 -0.141 -0.284 -0.947 -0.0 0.197 -0.254 0.971 0.0 -0.105 -0.213 0.925 0.0 0.187 -0.332 -0.743 -0.0 -0.308 -0.594 -0.767 -0.0 -0.594 0.242 0.728 -0.0 -0.347 -0.591 0.796 0.0 -0.534 0.287 
0.989 -0.146 0.005 0.006 -0.948 -0.0 -0.147 -0.284 -0.947 -0.0 0.194 -0.256 0.97 0.0 -0.112 -0.214 0.925 0.0 0.183 -0.333 -0.743 0.0 -0.307 -0.594 -0.767 -0.0 -0.595 0.24 0.728 -0.0 -0.345 -0.592 0.795 0.0 -0.534 0.286 
0.989 -0.145 0.005 0.006 -0.947 -0.0 -0.153 -0.284 -0.947 0.0 0.192 -0.256 0.97 -0.0 -0.118 -0.214 0.925 0.0 0.179 -0.335 -0.743 -0.0 -0.306 -0.595 -0.767 -0.0 -0.595 0.239 0.728 0.0 -0.344 -0.593 0.796 0.0 -0.535 0.284 
0.99 -0.144 0.005 0.006 -0.946 -0.0 -0.159 -0.283 -0.948 -0.0 0.188 -0.257 0.969 0.0 -0.125 -0.214 0.926 -0.0 0.174 -0.336 -0.743 -0.0 -0.305 -0.595 -0.767 -0.0 -0.596 0.237 0.728 0.0 -0.343 -0.594 0.795 0.0 -0.536 0.284 
0.99 -0.143 0.005 0.006 -0.945 -0.0 -0.166 -0.282 -0.948 -0.0 0.186 -0.257 0.968 0.0 -0.131 -0.213 0.926 0.0 0.17 -0.338 -0.743 -0.0 -0.304 -0.597 -0.767 -0.0 -0.596 0.236 0.728 0.0 -0.341 -0.595 0.795 -0.0 -0.536 0.282 
0.99 -0.142 0.005 0.006 -0.944 -0.0 -0.172 -0.281 -0.949 0.0 0.183 -0.257 0.968 0.0 -0.137 -0.212 0.926 0.0 0.166 -0.339 -0.743 -0.0 -0.303 -0.597 -0.767 0.0 -0.597 0.235 0.728 0.0 -0.34 -0.596 0.795 -0.0 -0.537 0.282 
0.99 -0.141 0.004 0.006 -0.943 0.0 -0.178 -0.279 -0.949 -0.0 0.181 -0.259 0.967 -0.0 -0.144 -0.21 0.926 0.0 0.163 -0.34 -0.743 -0.0 -0.301 -0.597 -0.767 -0.0 -0.597 0.234 0.728 0.0 -0.339 -0.596 0.795 0.0 -0.537 0.281 
0.99 -0.14 0.004 0.006 -0.943 -0.0 -0.185 -0.277 -0.949 -0.0 0.178 -0.259 0.966 0.0 -0.15 -0.208 0.927 -0.0 0.158 -0.341 -0.743 0.0 -0.301 -0.598 -0.767 -0.0 -0.597 0.233 0.728 0.0 -0.338 -0.597 0.795 0.0 -0.538 0.28 
0.99 -0.139 0.004 0.006 -0.942 -0.0 -0.191 -0.274 -0.95 -0.0 0.175 -0.259 0.966 0.0 -0.156 -0.206 0.927 0.0 0.155 -0.342 -0.743 -0.0 -0.3 -0.598 -0.767 -0.0 -0.598 0.232 0.728 -0.0 -0.337 -0.597 0.795 -0.0 -0.538 0.279 
0.99 -0.139 0.004 0.007 -0.942 -0.0 -0.198 -0.271 -0.95 0.0 0.171 -0.259 0.966 0.0 -0.162 -0.203 0.928 -0.0 0.151 -0.342 -0.743 -0.0 -0.299 -0.599 -0.767 -0.0 -0.598 0.232 0.728 0.0 -0.336 -0.598 0.795 0.0 -0.538 0.278 
0.99 -0.138 0.004 0.007 -0.942 -0.0 -0.205 -0.268 -0.951 -0.0 0.169 -0.258 0.965 0.0 -0.168 -0.2 0.928 0.0 0.148 -0.343 -0.743 -0.0 -0.298 -0.599 -0.767 -0.0 -0.598 0.231 0.728 0.0 -0.335 -0.598 0.795 0.0 -0.539 0.278 
0.99 -0.138 0.004 0.007 -0.941 -0.0 -0.211 -0.264 -0.952 0.0 0.166 -0.258 0.965 0.0 -0.174 -0.196 0.928 0.0 0.145 -0.342 -0.743 -0.0 -0.298 -0.599 -0.767 -0.0 -0.598 0.23 0.728 0.0 -0.335 -0.599 0.795 0.0 -0.539 0.277 
0.991 -0.137 0.004 0.007 -0.941 0.0 -0.217 -0.26 -0.952 -0.0 0.162 -0.258 0.965 -0.0 -0.18 -0.192 0.929 0.0 0.143 -0.343 -0.743 -0.0 -0.297 -0.6 -0.767 -0.0 -0.599 0.231 0.728 0.0 -0.334 -0.599 0.795 -0.0 -0.54 0.276 
0.991 -0.137 0.004 0.007 -0.941 -0.0 -0.224 -0.255 -0.953 -0.0 0.16 -0.258 0.964 0.0 -0.185 -0.188 0.929 0.0 0.14 -0.342 -0.743 -0.0 -0.296 -0.6 -0.767 0.0 -0.599 0.229 0.728 0.0 -0.333 -0.6 0.795 0.0 -0.54 0.276 
0.991 -0.136 0.004 0.007 -0.94 -0.0 -0.23 -0.25 -0.954 -0.0 0.156 -0.257 0.964 -0.0 -0.19 -0.183 0.929 -0.0 0.137 -0.342 -0.743 -0.0 -0.296 -0.6 -0.767 -0.0 -0.599 0.229 0.728 0.0 -0.333 -0.6 0.795 0.0 -0.54 0.275 
0.991 -0.136 0.004 0.007 -0.94 -0.0 -0.236 -0.245 -0.955 -0.0 0.152 -0.256 0.964 0.0 -0.196 -0.179 0.93 0.0 0.135 -0.342 -0.743 -0.0 -0.296 -0.6 -0.767 -0.0 -0.599 0.229 0.728 0.0 -0.333 -0.6 0.795 0.0 -0.54 0.275 
0.991 -0.136 0.004 0.007 -0.94 -0.0 -0.242 -0.24 -0.956 -0.0 0.149 -0.255 0.964 0.0 -0.2 -0.173 0.93 0.0 0.133 -0.342 -0.743 0.0 -0.296 -0.6 -0.767 -0.0 -0.599 0.229 0.728 0.0 -0.332 -0.6 0.795 0.0 -0.54 0.275 
0.991 -0.136 0.004 0.007 -0.94 -0.0 -0.248 -0.234 -0.956 0.0 0.146 -0.253 0.964 0.0 -0.205 -0.168 0.931 0.0 0.131 -0.341 -0.743 -0.0 -0.296 -0.6 -0.767 -0.0 -0.599 0.228 0.728 0.0 -0.333 -0.6 0.795 0.0 -0.54 0.275 
0.991 -0.136 0.004 0.007 -0.94 0.0 -0.254 -0.228 -0.957 -0.0 0.143 -0.252 0.964 0.0 -0.21 -0.162 0.932 0.0 0.129 -0.34 -0.743 -0.0 -0.296 -0.6 -0.767 -0.0 -0.599 0.229 0.727 0.0 -0.332 -0.6 0.795 0.0 -0.54 0.275 
0.991 -0.136 0.003 0.007 -0.94 -0.0 -0.26 -0.222 -0.958 -0.0 0.141 -0.249 0.964 -0.0 -0.214 -0.156 0.932 -0.0 0.128 -0.339 -0.743 -0.0 -0.296 -0.6 -0.767 -0.0 -0.599 0.229 0.728 -0.0 -0.333 -0.6 0.795 0.0 -0.54 0.275 
0.991 -0.137 0.003 0.007 -0.94 -0.0 -0.266 -0.215 -0.959 -0.0 0.138 -0.248 0.964 0.0 -0.218 -0.149 0.932 0.0 0.127 -0.339 -0.743 -0.0 -0.296 -0.6 -0.767 -0.0 -0.599 0.229 0.727 0.0 -0.333 -0.6 0.795 0.0 -0.54 0.276 
0.991 -0.137 0.003 0.007 -0.94 0.0 -0.271 -0.208 -0.96 0.0 0.135 -0.246 0.965 0.0 -0.222 -0.143 0.933 -0.0 0.127 -0.337 -0.743 -0.0 -0.297 -0.6 -0.767 -0.0 -0.599 0.229 0.727 -0.0 -0.333 -0.6 0.795 0.0 -0.54 0.276 
0.99 -0.137 0.003 0.007 -0.94 -0.0 -0.277 -0.202 -0.96 -0.0 0.133 -0.245 0.965 -0.0 -0.226 -0.135 0.933 -0.0 0.126 -0.336 -0.743 -0.0 -0.298 -0.599 -0.768 -0.0 -0.599 0.23 0.727 0.0 -0.334 -0.6 0.795 0.0 -0.54 0.277 
0.99 -0.138 0.003 0.007 -0.94 0.0 -0.282 -0.194 -0.961 0.0 0.131 -0.243 0.965 0.0 -0.23 -0.128 0.934 0.0 0.126 -0.335 -0.743 -0.0 -0.298 -0.599 -0.768 -0.0 -0.598 0.23 0.727 0.0 -0.334 -0.599 0.795 -0.0 -0.539 0.278 
0.99 -0.138 0.003 0.007 -0.939 -0.0 -0.287 -0.187 -0.962 -0.0 0.129 -0.24 0.965 0.0 -0.233 -0.121 0.934 -0.0 0.127 -0.334 -0.743 0.0 -0.299 -0.599 -0.768 -0.0 -0.598 0.23 0.727 0.0 -0.335 -0.599 0.795 0.0 -0.539 0.278 
0.99 -0.139 0.003 0.007 -0.94 0.0 -0.291 -0.179 -0.963 -0.0 0.127 -0.238 0.965 0.0 -0.236 -0.113 0.935 0.0 0.127 -0.332 -0.743 -0.0 -0.3 -0.598 -0.768 -0.0 -0.598 0.231 0.727 0.0 -0.336 -0.599 0.795 0.0 -0.539 0.279 
0.99 -0.14 0.003 0.007 -0.94 -0.0 -0.295 -0.172 -0.964 -0.0 0.124 -0.236 0.965 0.0 -0.239 -0.105 0.935 0.0 0.128 -0.331 -0.743 0.0 -0.301 -0.597 -0.768 -0.0 -0.597 0.232 0.727 0.0 -0.337 -0.598 0.795 0.0 -0.538 0.28 
0.99 -0.141 0.003 0.007 -0.94 0.0 -0.299 -0.164 -0.965 -0.0 0.123 -0.233 0.965 0.0 -0.242 -0.097 0.935 0.0 0.129 -0.329 -0.743 -0.0 -0.302 -0.597 -0.768 -0.0 -0.597 0.233 0.727 0.0 -0.337 -0.597 0.795 0.0 -0.538 0.281 
0.99 -0.141 0.003 0.007 -0.94 -0.0 -0.303 -0.156 -0.965 -0.0 0.122 -0.23 0.966 -0.0 -0.245 -0.089 0.936 0.0 0.131 -0.328 -0.743 -0.0 -0.303 -0.596 -0.768 0.0 -0.597 0.234 0.727 0.0 -0.338 -0.597 0.795 0.0 -0.538 0.282 
0.99 -0.142 0.003 0.007 -0.941 -0.0 -0.306 -0.147 -0.966 -0.0 0.122 -0.228 0.966 0.0 -0.246 -0.081 0.936 0.0 0.131 -0.326 -0.743 0.0 -0.304 -0.596 -0.768 0.0 -0.596 0.235 0.727 0.0 -0.339 -0.596 0.795 -0.0 -0.537 0.283 
0.99 -0.143 0.003 0.007 -0.941 -0.0 -0.309 -0.139 -0.966 -0.0 0.122 -0.227 0.966 0.0 -0.248 -0.072 0.937 0.0 0.132 -0.325 -0.744 0.0 -0.305 -0.595 -0.768 -0.0 -0.596 0.235 0.727 -0.0 -0.34 -0.596 0.795 -0.0 -0.536 0.284 
0.99 -0.144 0.003 0.007 -0.941 -0.0 -0.313 -0.129 -0.966 -0.0 0.123 -0.226 0.966 0.0 -0.249 -0.065 0.937 0.0 0.134 -0.322 -0.744 -0.0 -0.306 -0.594 -0.768 0.0 -0.595 0.236 0.727 0.0 -0.342 -0.595 0.795 0.0 -0.536 0.285 
0.989 -0.145 0.003 0.007 -0.941 -0.0 -0.315 -0.12 -0.967 0.0 0.124 -0.225 0.967 0.0 -0.25 -0.056 0.938 0.0 0.135 -0.321 -0.744 -0.0 -0.307 -0.594 -0.768 -0.0 -0.595 0.237 0.727 0.0 -0.343 -0.595 0.795 0.0 -0.535 0.286 
0.989 -0.146 0.003 0.007 -0.942 -0.0 -0.318 -0.111 -0.967 0.0 0.125 -0.223 0.967 -0.0 -0.251 -0.048 0.938 0.0 0.137 -0.319 -0.744 -0.0 -0.308 -0.593 -0.768 -0.0 -0.595 0.238 0.727 -0.0 -0.344 -0.594 0.795 0.0 -0.535 0.287 
0.989 -0.147 0.003 0.007 -0.942 -0.0 -0.319 -0.101 -0.967 0.0 0.125 -0.223 0.967 -0.0 -0.251 -0.039 0.938 0.0 0.138 -0.319 -0.744 -0.0 -0.309 -0.592 -0.768 -0.0 -0.594 0.24 0.727 -0.0 -0.345 -0.594 0.794 0.0 -0.534 0.289 
0.989 -0.148 0.003 0.007 -0.943 -0.0 -0.32 -0.092 -0.967 -0.0 0.127 -0.221 0.968 0.0 -0.251 -0.03 0.938 -0.0 0.14 -0.317 -0.744 -0.0 -0.311 -0.592 -0.768 -0.0 -0.594 0.24 0.727 0.0 -0.346 -0.593 0.794 0.0 -0.534 0.29 
0.989 -0.149 0.003 0.007 -0.944 0.0 -0.32 -0.083 -0.967 -0.0 0.127 -0.221 0.968 0.0 -0.25 -0.022 0.938 -0.0 0.143 -0.315 -0.744 -0.0 -0.312 -0.591 -0.768 -0.0 -0.593 0.241 0.727 0.0 -0.347 -0.592 0.794 0.0 -0.533 0.291 
0.989 -0.15 0.003 0.007 -0.944 0.0 -0.321 -0.074 -0.967 -0.0 0.129 -0.22 0.968 0.0 -0.249 -0.013 0.938 0.0 0.145 -0.314 -0.744 -0.0 -0.313 -0.59 -0.768 -0.0 -0.593 0.243 0.727 0.0 -0.349 -0.592 0.794 0.0 -0.533 0.292 
0.989 -0.151 0.003 0.007 -0.945 -0.0 -0.32 -0.065 -0.967 -0.0 0.13 -0.219 0.969 0.0 -0.248 -0.005 0.939 -0.0 0.147 -0.312 -0.744 -0.0 -0.314 -0.589 -0.768 -0.0 -0.592 0.244 0.727 0.0 -0.35 -0.591 0.794 -0.0 -0.532 0.293 
0.988 -0.152 0.003 0.007 -0.946 -0.0 -0.32 -0.056 -0.967 -0.0 0.132 -0.218 0.969 0.0 -0.247 0.003 0.939 0.0 0.15 -0.31 -0.745 -0.0 -0.315 -0.588 -0.768 0.0 -0.592 0.245 0.727 0.0 -0.351 -0.59 0.794 0.0 -0.532 0.294 
0.988 -0.153 0.003 0.008 -0.947 -0.0 -0.319 -0.047 -0.967 -0.0 0.134 -0.217 0.969 0.0 -0.245 0.01 0.939 0.0 0.153 -0.308 -0.745 -0.0 -0.317 -0.587 -0.768 -0.0 -0.591 0.246 0.727 0.0 -0.353 -0.59 0.794 0.0 -0.531 0.296 
0.988 -0.154 0.002 0.008 -0.947 -0.0 -0.318 -0.039 -0.967 -0.0 0.137 -0.217 0.97 0.0 -0.243 0.018 0.939 0.0 0.157 -0.306 -0.745 -0.0 -0.318 -0.586 -0.768 0.0 -0.591 0.247 0.726 0.0 -0.354 -0.589 0.794 0.0 -0.53 0.297 
0.988 -0.155 0.002 0.007 -0.948 -0.0 -0.317 -0.031 -0.966 -0.0 0.14 -0.217 0.97 0.0 -0.241 0.027 0.939 0.0 0.161 -0.304 -0.744 0.0 -0.319 -0.586 -0.768 -0.0 -0.59 0.249 0.727 0.0 -0.355 -0.588 0.794 0.0 -0.53 0.298 
0.988 -0.156 0.002 0.008 -0.949 0.0 -0.314 -0.022 -0.966 -0.0 0.142 -0.216 0.971 0.0 -0.238 0.034 0.939 0.0 0.164 -0.302 -0.745 0.0 -0.321 -0.585 -0.768 0.0 -0.59 0.25 0.727 0.0 -0.356 -0.587 0.794 0.0 -0.529 0.299 
0.987 -0.157 0.002 0.007 -0.95 -0.0 -0.312 -0.014 -0.966 -0.0 0.145 -0.215 0.971 0.0 -0.236 0.041 0.939 0.0 0.168 -0.301 -0.745 -0.0 -0.322 -0.585 -0.768 -0.0 -0.589 0.252 0.727 0.0 -0.357 -0.586 0.794 0.0 -0.528 0.3 
0.987 -0.159 0.002 0.008 -0.951 -0.0 -0.31 -0.007 -0.966 -0.0 0.148 -0.213 0.971 0.0 -0.233 0.048 0.939 0.0 0.173 -0.298 -0.745 -0.0 -0.323 -0.584 -0.768 -0.0 -0.589 0.253 0.727 0.0 -0.359 -0.586 0.794 0.0 -0.528 0.301 
0.987 -0.16 0.002 0.008 -0.952 -0.0 -0.306 0.0 -0.965 -0.0 0.151 -0.212 0.972 0.0 -0.23 0.055 0.939 0.0 0.177 -0.295 -0.744 -0.0 -0.324 -0.584 -0.768 0.0 -0.588 0.254 0.727 0.0 -0.36 -0.585 0.794 0.0 -0.527 0.302 
0.987 -0.161 0.002 0.008 -0.953 0.0 -0.303 0.006 -0.965 -0.0 0.154 -0.211 0.972 0.0 -0.226 0.061 0.939 -0.0 0.181 -0.293 -0.744 -0.0 -0.326 -0.583 -0.767 -0.0 -0.588 0.257 0.727 0.0 -0.361 -0.584 0.794 0.0 -0.527 0.303 
0.987 -0.162 0.002 0.008 -0.954 -0.0 -0.299 0.012 -0.965 -0.0 0.156 -0.209 0.973 0.0 -0.223 0.067 0.939 -0.0 0.184 -0.29 -0.744 -0.0 -0.327 -0.582 -0.768 0.0 -0.587 0.258 0.727 0.0 -0.363 -0.583 0.794 0.0 -0.526 0.304 
0.987 -0.163 0.002 0.008 -0.956 -0.0 -0.294 0.017 -0.966 -0.0 0.16 -0.206 0.973 0.0 -0.218 0.072 0.939 -0.0 0.187 -0.287 -0.744 -0.0 -0.328 -0.581 -0.768 0.0 -0.586 0.259 0.727 0.0 -0.364 -0.582 0.794 0.0 -0.525 0.305 
0.986 -0.164 0.003 0.008 -0.957 -0.0 -0.289 0.022 -0.965 -0.0 0.162 -0.204 0.974 0.0 -0.213 0.077 0.94 0.0 0.191 -0.283 -0.745 -0.0 -0.33 -0.581 -0.767 -0.0 -0.586 0.261 0.727 0.0 -0.365 -0.581 0.794 0.0 -0.525 0.306 
0.986 -0.165 0.002 0.008 -0.958 -0.0 -0.284 0.027 -0.965 -0.0 0.166 -0.203 0.975 0.0 -0.208 0.082 0.94 0.0 0.194 -0.28 -0.744 0.0 -0.331 -0.58 -0.767 -0.0 -0.586 0.262 0.727 0.0 -0.366 -0.58 0.794 0.0 -0.524 0.307 
0.986 -0.166 0.003 0.008 -0.96 -0.0 -0.279 0.031 -0.965 -0.0 0.169 -0.202 0.975 0.0 -0.203 0.086 0.941 -0.0 0.197 -0.277 -0.744 -0.0 -0.332 -0.58 -0.767 0.0 -0.585 0.263 0.727 0.0 -0.368 -0.579 0.794 0.0 -0.524 0.308 
0.986 -0.167 0.003 0.008 -0.961 -0.0 -0.273 0.034 -0.965 -0.0 0.172 -0.2 0.976 0.0 -0.197 0.089 0.941 0.0 0.199 -0.274 -0.744 0.0 -0.333 -0.579 -0.767 -0.0 -0.584 0.265 0.728 0.0 -0.369 -0.578 0.794 0.0 -0.523 0.309 
0.986 -0.168 0.003 0.008 -0.963 0.0 -0.267 0.037 -0.964 -0.0 0.176 -0.199 0.977 0.0 -0.191 0.093 0.941 0.0 0.201 -0.271 -0.744 -0.0 -0.334 -0.578 -0.767 -0.0 -0.584 0.266 0.727 -0.0 -0.37 -0.578 0.794 -0.0 -0.523 0.309 
0.986 -0.169 0.003 0.008 -0.964 -0.0 -0.262 0.04 -0.963 -0.0 0.18 -0.199 0.978 0.0 -0.185 0.096 0.942 0.0 0.203 -0.268 -0.744 -0.0 -0.335 -0.578 -0.767 -0.0 -0.583 0.267 0.728 0.0 -0.371 -0.577 0.795 0.0 -0.522 0.31 
0.985 -0.17 0.003 0.008 -0.966 -0.0 -0.257 0.041 -0.963 -0.0 0.185 -0.197 0.979 0.0 -0.178 0.098 0.942 0.0 0.206 -0.265 -0.744 0.0 -0.336 -0.577 -0.767 -0.0 -0.583 0.268 0.728 0.0 -0.373 -0.576 0.795 0.0 -0.521 0.312 
0.985 -0.171 0.003 0.008 -0.967 -0.0 -0.251 0.043 -0.962 0.0 0.188 -0.198 0.98 -0.0 -0.173 0.099 0.942 0.0 0.21 -0.262 -0.744 -0.0 -0.337 -0.577 -0.767 -0.0 -0.582 0.27 0.728 -0.0 -0.374 -0.575 0.795 0.0 -0.52 0.312 
0.985 -0.172 0.004 0.008 -0.969 -0.0 -0.245 0.044 -0.961 -0.0 0.193 -0.197 0.981 0.0 -0.168 0.099 0.942 -0.0 0.218 -0.256 -0.744 -0.0 -0.338 -0.576 -0.767 -0.0 -0.582 0.272 0.728 0.0 -0.375 -0.574 0.795 0.0 -0.52 0.313 
0.985 -0.173 0.004 0.007 -0.97 -0.0 -0.239 0.044 -0.96 -0.0 0.196 -0.198 0.982 0.0 -0.162 0.1 0.941 0.0 0.223 -0.253 -0.744 -0.0 -0.339 -0.576 -0.767 -0.0 -0.582 0.272 0.728 0.0 -0.376 -0.573 0.795 -0.0 -0.519 0.314 
0.985 -0.174 0.004 0.007 -0.972 0.0 -0.233 0.043 -0.96 -0.0 0.201 -0.197 0.983 0.0 -0.157 0.1 0.941 -0.0 0.227 -0.252 -0.744 -0.0 -0.34 -0.575 -0.767 -0.0 -0.581 0.273 0.728 0.0 -0.377 -0.572 0.795 -0.0 -0.519 0.315 
0.985 -0.174 0.004 0.007 -0.973 -0.0 -0.226 0.043 -0.959 -0.0 0.204 -0.198 0.984 0.0 -0.151 0.1 0.94 0.0 0.232 -0.25 -0.744 -0.0 -0.341 -0.575 -0.766 -0.0 -0.58 0.275 0.728 0.0 -0.378 -0.572 0.795 0.0 -0.518 0.316 
0.984 -0.175 0.004 0.007 -0.975 -0.0 -0.22 0.041 -0.958 -0.0 0.209 -0.198 0.985 0.0 -0.145 0.098 0.939 0.0 0.237 -0.248 -0.744 -0.0 -0.342 -0.574 -0.767 0.0 -0.58 0.275 0.728 0.0 -0.38 -0.571 0.795 -0.0 -0.518 0.316 
0.984 -0.176 0.004 0.007 -0.976 -0.0 -0.213 0.039 -0.957 0.0 0.213 -0.198 0.985 0.0 -0.139 0.097 0.939 0.0 0.242 -0.246 -0.744 0.0 -0.343 -0.574 -0.767 0.0 -0.579 0.277 0.728 0.0 -0.381 -0.57 0.795 -0.0 -0.517 0.317 
0.984 -0.177 0.005 0.007 -0.978 -0.0 -0.207 0.036 -0.956 0.0 0.218 -0.198 0.987 0.0 -0.134 0.094 0.938 0.0 0.247 -0.244 -0.744 -0.0 -0.344 -0.573 -0.767 0.0 -0.579 0.278 0.728 0.0 -0.382 -0.569 0.795 0.0 -0.516 0.318 
0.984 -0.178 0.005 0.006 -0.979 -0.0 -0.2 0.032 -0.955 -0.0 0.222 -0.199 0.988 -0.0 -0.128 0.092 0.937 0.0 0.252 -0.243 -0.744 0.0 -0.345 -0.573 -0.766 -0.0 -0.579 0.279 0.728 0.0 -0.382 -0.568 0.795 0.0 -0.516 0.319 
0.984 -0.179 0.005 0.006 -0.981 -0.0 -0.193 0.029 -0.954 -0.0 0.226 -0.2 0.989 -0.0 -0.121 0.088 0.936 0.0 0.256 -0.241 -0.744 -0.0 -0.346 -0.572 -0.766 -0.0 -0.578 0.279 0.728 0.0 -0.384 -0.568 0.795 0.0 -0.515 0.32 
0.984 -0.179 0.005 0.006 -0.982 -0.0 -0.187 0.024 -0.953 -0.0 0.228 -0.202 0.99 0.0 -0.115 0.084 0.935 0.0 0.26 -0.24 -0.743 0.0 -0.347 -0.572 -0.767 0.0 -0.578 0.28 0.729 0.0 -0.384 -0.567 0.795 -0.0 -0.514 0.321 
0.984 -0.18 0.005 0.006 -0.983 -0.0 -0.18 0.019 -0.952 -0.0 0.231 -0.202 0.991 0.0 -0.109 0.08 0.935 0.0 0.263 -0.239 -0.743 -0.0 -0.347 -0.572 -0.766 -0.0 -0.578 0.281 0.728 0.0 -0.386 -0.566 0.795 -0.0 -0.514 0.322 
0.984 -0.18 0.006 0.006 -0.985 -0.0 -0.173 0.014 -0.951 -0.0 0.235 -0.203 0.992 0.0 -0.103 0.075 0.934 -0.0 0.266 -0.239 -0.744 0.0 -0.348 -0.571 -0.766 0.0 -0.578 0.282 0.729 0.0 -0.386 -0.566 0.795 -0.0 -0.514 0.322 
0.983 -0.181 0.006 0.005 -0.986 -0.0 -0.167 0.009 -0.95 -0.0 0.238 -0.204 0.993 0.0 -0.096 0.069 0.933 0.0 0.269 -0.238 -0.743 -0.0 -0.348 -0.571 -0.766 0.0 -0.577 0.282 0.729 0.0 -0.387 -0.565 0.795 -0.0 -0.513 0.323 
0.983 -0.181 0.006 0.006 -0.987 -0.0 -0.16 0.004 -0.949 -0.0 0.24 -0.207 0.994 -0.0 -0.089 0.065 0.932 0.0 0.269 -0.241 -0.744 -0.0 -0.348 -0.571 -0.766 -0.0 -0.577 0.282 0.729 0.0 -0.387 -0.565 0.795 0.0 -0.513 0.323 
0.983 -0.182 0.006 0.005 -0.988 -0.0 -0.154 -0.003 -0.947 -0.0 0.245 -0.207 0.995 0.0 -0.083 0.059 0.932 0.0 0.272 -0.242 -0.743 -0.0 -0.349 -0.571 -0.766 -0.0 -0.577 0.284 0.729 0.0 -0.388 -0.564 0.796 -0.0 -0.513 0.323 
0.983 -0.182 0.006 0.005 -0.989 -0.0 -0.148 -0.009 -0.946 -0.0 0.247 -0.209 0.996 0.0 -0.076 0.053 0.931 0.0 0.273 -0.242 -0.744 -0.0 -0.349 -0.57 -0.766 -0.0 -0.577 0.283 0.729 0.0 -0.388 -0.564 0.796 0.0 -0.513 0.323 
0.983 -0.182 0.006 0.005 -0.99 -0.0 -0.142 -0.016 -0.945 -0.0 0.25 -0.21 0.996 0.0 -0.071 0.046 0.93 0.0 0.277 -0.242 -0.744 0.0 -0.349 -0.57 -0.766 0.0 -0.577 0.283 0.728 0.0 -0.388 -0.564 0.796 0.0 -0.512 0.323 
0.983 -0.182 0.006 0.005 -0.99 -0.0 -0.136 -0.023 -0.944 -0.0 0.252 -0.212 0.997 0.0 -0.067 0.039 0.929 0.0 0.281 -0.242 -0.744 0.0 -0.349 -0.57 -0.767 -0.0 -0.577 0.283 0.729 0.0 -0.389 -0.564 0.796 0.0 -0.512 0.324 
0.983 -0.182 0.006 0.005 -0.991 0.0 -0.131 -0.03 -0.943 -0.0 0.255 -0.213 0.998 0.0 -0.062 0.032 0.928 0.0 0.285 -0.242 -0.744 -0.0 -0.35 -0.57 -0.767 0.0 -0.576 0.283 0.729 0.0 -0.389 -0.564 0.796 0.0 -0.512 0.324 
0.983 -0.182 0.007 0.005 -0.991 0.0 -0.125 -0.037 -0.942 -0.0 0.257 -0.215 0.998 0.0 -0.058 0.024 0.926 0.0 0.287 -0.244 -0.744 0.0 -0.349 -0.57 -0.766 -0.0 -0.577 0.282 0.729 0.0 -0.389 -0.564 0.796 0.0 -0.512 0.324 
0.983 -0.182 0.007 0.005 -0.992 -0.0 -0.12 -0.044 -0.941 0.0 0.259 -0.217 0.998 0.0 -0.053 0.017 0.925 0.0 0.289 -0.245 -0.744 -0.0 -0.349 -0.57 -0.766 -0.0 -0.577 0.282 0.729 -0.0 -0.388 -0.564 0.796 0.0 -0.512 0.323 
0.983 -0.181 0.007 0.005 -0.992 -0.0 -0.114 -0.052 -0.94 -0.0 0.261 -0.218 0.999 0.0 -0.049 0.009 0.924 0.0 0.292 -0.247 -0.744 -0.0 -0.349 -0.57 -0.767 -0.0 -0.577 0.281 0.729 0.0 -0.388 -0.564 0.796 0.0 -0.512 0.323 
0.983 -0.181 0.007 0.005 -0.992 -0.0 -0.109 -0.06 -0.94 -0.0 0.263 -0.219 0.999 0.0 -0.046 0.001 0.923 0.0 0.294 -0.248 -0.744 -0.0 -0.349 -0.57 -0.767 0.0 -0.577 0.281 0.729 0.0 -0.388 -0.564 0.796 0.0 -0.512 0.323 
0.984 -0.181 0.007 0.005 -0.992 -0.0 -0.104 -0.067 -0.939 -0.0 0.264 -0.221 0.999 0.0 -0.042 -0.006 0.922 0.0 0.296 -0.25 -0.744 0.0 -0.348 -0.571 -0.767 -0.0 -0.578 0.28 0.728 0.0 -0.387 -0.565 0.795 0.0 -0.514 0.323 
0.984 -0.18 0.007 0.005 -0.992 -0.0 -0.099 -0.075 -0.938 -0.0 0.265 -0.222 0.999 0.0 -0.038 -0.014 0.921 0.0 0.297 -0.254 -0.744 0.0 -0.348 -0.571 -0.767 0.0 -0.578 0.279 0.729 0.0 -0.387 -0.565 0.796 0.0 -0.513 0.322 
0.984 -0.18 0.007 0.005 -0.992 -0.0 -0.094 -0.084 -0.938 -0.0 0.266 -0.222 0.999 0.0 -0.035 -0.022 0.919 0.0 0.298 -0.257 -0.744 -0.0 -0.347 -0.571 -0.767 0.0 -0.578 0.279 0.729 -0.0 -0.386 -0.565 0.796 0.0 -0.513 0.321 
0.984 -0.179 0.006 0.005 -0.992 -0.0 -0.09 -0.092 -0.938 -0.0 0.265 -0.222 0.999 0.0 -0.032 -0.029 0.918 -0.0 0.299 -0.26 -0.744 0.0 -0.346 -0.571 -0.767 -0.0 -0.579 0.278 0.729 0.0 -0.386 -0.566 0.796 0.0 -0.514 0.321 
0.984 -0.179 0.006 0.005 -0.991 -0.0 -0.086 -0.101 -0.938 -0.0 0.266 -0.223 0.999 0.0 -0.029 -0.037 0.917 0.0 0.299 -0.264 -0.744 -0.0 -0.346 -0.572 -0.767 0.0 -0.579 0.277 0.729 0.0 -0.385 -0.566 0.796 -0.0 -0.514 0.32 
0.984 -0.178 0.006 0.005 -0.991 -0.0 -0.082 -0.109 -0.938 -0.0 0.266 -0.223 0.999 0.0 -0.027 -0.046 0.916 -0.0 0.3 -0.268 -0.744 -0.0 -0.345 -0.572 -0.767 -0.0 -0.579 0.277 0.729 0.0 -0.384 -0.567 0.796 0.0 -0.515 0.319 
0.984 -0.177 0.006 0.005 -0.99 -0.0 -0.079 -0.117 -0.938 0.0 0.267 -0.224 0.998 0.0 -0.025 -0.054 0.915 0.0 0.3 -0.272 -0.744 0.0 -0.345 -0.573 -0.767 -0.0 -0.579 0.276 0.729 0.0 -0.384 -0.567 0.796 0.0 -0.515 0.319 
0.984 -0.177 0.006 0.005 -0.989 -0.0 -0.077 -0.126 -0.937 -0.0 0.268 -0.223 0.998 0.0 -0.022 -0.061 0.913 0.0 0.299 -0.276 -0.744 -0.0 -0.343 -0.573 -0.767 -0.0 -0.58 0.275 0.729 0.0 -0.383 -0.568 0.796 0.0 -0.515 0.318 
0.984 -0.176 0.006 0.005 -0.988 -0.0 -0.074 -0.135 -0.937 -0.0 0.268 -0.223 0.997 0.0 -0.02 -0.069 0.912 0.0 0.299 -0.28 -0.744 -0.0 -0.343 -0.574 -0.767 -0.0 -0.58 0.275 0.729 0.0 -0.382 -0.568 0.796 -0.0 -0.516 0.317 
0.984 -0.175 0.006 0.006 -0.987 -0.0 -0.073 -0.144 -0.937 -0.0 0.268 -0.223 0.997 0.0 -0.019 -0.076 0.911 0.0 0.299 -0.284 -0.744 -0.0 -0.342 -0.574 -0.767 0.0 -0.58 0.274 0.729 0.0 -0.381 -0.569 0.796 0.0 -0.516 0.317 
0.985 -0.174 0.006 0.006 -0.986 0.0 -0.072 -0.152 -0.937 -0.0 0.269 -0.224 0.996 0.0 -0.018 -0.084 0.91 -0.0 0.298 -0.288 -0.744 0.0 -0.341 -0.574 -0.767 0.0 -0.581 0.273 0.729 0.0 -0.38 -0.57 0.796 0.0 -0.517 0.315 
0.985 -0.174 0.006 0.006 -0.985 -0.0 -0.072 -0.16 -0.937 -0.0 0.269 -0.224 0.996 -0.0 -0.017 -0.092 0.909 0.0 0.296 -0.292 -0.744 0.0 -0.341 -0.575 -0.767 -0.0 -0.581 0.272 0.729 0.0 -0.379 -0.57 0.796 -0.0 -0.517 0.315 
0.985 -0.173 0.005 0.006 -0.983 -0.0 -0.07 -0.167 -0.937 -0.0 0.268 -0.226 0.995 0.0 -0.017 -0.101 0.909 -0.0 0.295 -0.296 -0.744 -0.0 -0.34 -0.575 -0.767 -0.0 -0.581 0.271 0.729 0.0 -0.378 -0.571 0.796 0.0 -0.518 0.314 
0.985 -0.172 0.005 0.006 -0.982 -0.0 -0.07 -0.174 -0.937 -0.0 0.267 -0.227 0.994 0.0 -0.016 -0.108 0.908 0.0 0.293 -0.301 -0.744 -0.0 -0.339 -0.576 -0.767 0.0 -0.582 0.27 0.729 -0.0 -0.377 -0.572 0.796 0.0 -0.518 0.313 
0.985 -0.171 0.005 0.006 -0.981 0.0 -0.07 -0.181 -0.937 -0.0 0.265 -0.229 0.993 0.0 -0.017 -0.115 0.907 0.0 0.29 -0.305 -0.744 -0.0 -0.338 -0.576 -0.767 0.0 -0.582 0.27 0.729 -0.0 -0.376 -0.572 0.796 0.0 -0.519 0.311 
0.985 -0.17 0.005 0.006 -0.98 0.0 -0.07 -0.189 -0.937 -0.0 0.264 -0.23 0.992 0.0 -0.018 -0.123 0.906 0.0 0.288 -0.31 -0.744 -0.0 -0.337 -0.577 -0.767 -0.0 -0.583 0.269 0.729 0.0 -0.375 -0.573 0.796 0.0 -0.52 0.31 
0.986 -0.169 0.005 0.007 -0.978 -0.0 -0.071 -0.196 -0.937 -0.0 0.263 -0.232 0.991 0.0 -0.019 -0.13 0.906 -0.0 0.285 -0.314 -0.744 -0.0 -0.336 -0.578 -0.767 -0.0 -0.583 0.268 0.729 0.0 -0.374 -0.574 0.796 0.0 -0.52 0.31 
0.986 -0.168 0.005 0.007 -0.976 -0.0 -0.072 -0.203 -0.937 0.0 0.262 -0.232 0.99 0.0 -0.02 -0.137 0.905 0.0 0.282 -0.318 -0.744 -0.0 -0.335 -0.578 -0.767 0.0 -0.584 0.267 0.729 0.0 -0.373 -0.574 0.796 0.0 -0.521 0.308 
0.986 -0.168 0.005 0.007 -0.975 -0.0 -0.073 -0.21 -0.937 0.0 0.258 -0.234 0.989 0.0 -0.022 -0.144 0.905 0.0 0.277 -0.323 -0.744 0.0 -0.334 -0.579 -0.767 -0.0 -0.584 0.266 0.729 0.0 -0.372 -0.575 0.796 -0.0 -0.521 0.308 
0.986 -0.167 0.005 0.007 -0.973 -0.0 -0.074 -0.218 -0.938 -0.0 0.256 -0.235 0.988 0.0 -0.023 -0.15 0.905 0.0 0.273 -0.327 -0.744 -0.0 -0.333 -0.58 -0.767 -0.0 -0.584 0.265 0.729 0.0 -0.371 -0.575 0.796 0.0 -0.522 0.307 
0.986 -0.166 0.005 0.007 -0.972 -0.0 -0.076 -0.224 -0.938 -0.0 0.253 -0.237 0.987 0.0 -0.025 -0.156 0.905 0.0 0.268 -0.33 -0.744 -0.0 -0.332 -0.581 -0.767 -0.0 -0.585 0.264 0.729 0.0 -0.37 -0.576 0.796 -0.0 -0.522 0.305 
0.986 -0.165 0.005 0.007 -0.97 -0.0 -0.078 -0.23 -0.938 -0.0 0.251 -0.239 0.986 0.0 -0.027 -0.163 0.905 -0.0 0.262 -0.334 -0.744 -0.0 -0.331 -0.581 -0.767 0.0 -0.585 0.263 0.729 0.0 -0.369 -0.577 0.796 0.0 -0.523 0.304 
0.986 -0.164 0.005 0.007 -0.968 -0.0 -0.081 -0.236 -0.938 -0.0 0.248 -0.24 0.985 0.0 -0.03 -0.168 0.906 0.0 0.255 -0.338 -0.743 -0.0 -0.329 -0.582 -0.767 -0.0 -0.586 0.262 0.729 0.0 -0.368 -0.578 0.796 0.0 -0.524 0.303 
0.987 -0.163 0.005 0.006 -0.966 -0.0 -0.084 -0.243 -0.939 -0.0 0.245 -0.242 0.984 0.0 -0.033 -0.175 0.906 0.0 0.25 -0.34 -0.743 -0.0 -0.328 -0.583 -0.767 -0.0 -0.586 0.261 0.729 -0.0 -0.366 -0.578 0.796 0.0 -0.524 0.302 
0.987 -0.162 0.005 0.006 -0.965 -0.0 -0.087 -0.247 -0.939 -0.0 0.242 -0.245 0.983 0.0 -0.035 -0.18 0.907 0.0 0.244 -0.343 -0.743 -0.0 -0.327 -0.584 -0.767 -0.0 -0.587 0.259 0.729 -0.0 -0.365 -0.579 0.796 -0.0 -0.525 0.301 
0.987 -0.161 0.005 0.006 -0.963 0.0 -0.09 -0.252 -0.939 -0.0 0.239 -0.247 0.982 0.0 -0.039 -0.185 0.908 -0.0 0.238 -0.346 -0.743 -0.0 -0.326 -0.584 -0.767 0.0 -0.587 0.258 0.729 0.0 -0.364 -0.58 0.796 0.0 -0.526 0.3 
0.987 -0.16 0.005 0.006 -0.962 -0.0 -0.094 -0.257 -0.94 0.0 0.236 -0.248 0.981 0.0 -0.043 -0.19 0.908 0.0 0.233 -0.348 -0.743 0.0 -0.325 -0.585 -0.767 -0.0 -0.588 0.257 0.729 0.0 -0.363 -0.581 0.796 0.0 -0.526 0.299 
0.987 -0.159 0.005 0.006 -0.96 -0.0 -0.098 -0.262 -0.94 0.0 0.232 -0.248 0.98 0.0 -0.047 -0.194 0.909 0.0 0.227 -0.35 -0.743 -0.0 -0.323 -0.586 -0.767 0.0 -0.588 0.255 0.729 0.0 -0.361 -0.582 0.796 0.0 -0.527 0.298 
0.987 -0.158 0.005 0.006 -0.959 -0.0 -0.102 -0.266 -0.941 -0.0 0.228 -0.25 0.979 0.0 -0.052 -0.199 0.91 0.0 0.221 -0.351 -0.743 -0.0 -0.322 -0.586 -0.767 -0.0 -0.589 0.254 0.729 -0.0 -0.36 -0.583 0.796 0.0 -0.528 0.297 
0.988 -0.157 0.005 0.006 -0.957 -0.0 -0.107 -0.27 -0.942 -0.0 0.226 -0.25 0.978 0.0 -0.057 -0.203 0.911 0.0 0.215 -0.352 -0.743 -0.0 -0.321 -0.587 -0.767 -0.0 -0.59 0.253 0.729 0.0 -0.359 -0.583 0.796 0.0 -0.528 0.296 
0.988 -0.156 0.005 0.006 -0.955 -0.0 -0.112 -0.274 -0.942 0.0 0.223 -0.25 0.976 -0.0 -0.062 -0.206 0.911 0.0 0.211 -0.353 -0.743 -0.0 -0.32 -0.588 -0.767 -0.0 -0.59 0.251 0.729 0.0 -0.358 -0.584 0.796 0.0 -0.528 0.296 
0.988 -0.155 0.005 0.006 -0.954 -0.0 -0.117 -0.277 -0.943 -0.0 0.22 -0.251 0.975 0.0 -0.068 -0.21 0.912 0.0 0.206 -0.355 -0.743 0.0 -0.318 -0.588 -0.767 -0.0 -0.59 0.25 0.728 -0.0 -0.356 -0.585 0.796 -0.0 -0.529 0.295 
0.988 -0.154 0.005 0.006 -0.952 -0.0 -0.123 -0.28 -0.943 -0.0 0.218 -0.251 0.974 0.0 -0.074 -0.213 0.913 0.0 0.203 -0.354 -0.743 -0.0 -0.317 -0.589 -0.767 0.0 -0.591 0.248 0.728 0.0 -0.355 -0.586 0.796 -0.0 -0.53 0.294 
0.988 -0.153 0.005 0.006 -0.951 -0.0 -0.129 -0.281 -0.944 -0.0 0.215 -0.252 0.973 0.0 -0.08 -0.215 0.914 -0.0 0.199 -0.354 -0.744 -0.0 -0.316 -0.589 -0.768 -0.0 -0.592 0.247 0.728 0.0 -0.354 -0.587 0.796 0.0 -0.53 0.293 
0.988 -0.152 0.005 0.006 -0.949 -0.0 -0.136 -0.283 -0.944 0.0 0.213 -0.253 0.972 0.0 -0.086 -0.217 0.914 0.0 0.195 -0.355 -0.744 -0.0 -0.315 -0.59 -0.768 -0.0 -0.592 0.246 0.728 -0.0 -0.353 -0.588 0.796 0.0 -0.53 0.293 
0.989 -0.151 0.005 0.006 -0.948 -0.0 -0.143 -0.285 -0.944 -0.0 0.21 -0.253 0.971 -0.0 -0.093 -0.218 0.915 0.0 0.191 -0.356 -0.744 0.0 -0.314 -0.59 -0.768 -0.0 -0.592 0.244 0.728 0.0 -0.352 -0.589 0.796 0.0 -0.531 0.292 
0.989 -0.15 0.005 0.006 -0.947 0.0 -0.149 -0.286 -0.945 -0.0 0.208 -0.253 0.971 0.0 -0.099 -0.22 0.916 -0.0 0.187 -0.355 -0.744 -0.0 -0.313 -0.591 -0.768 0.0 -0.593 0.243 0.728 0.0 -0.35 -0.589 0.795 0.0 -0.532 0.291 
0.989 -0.149 0.004 0.006 -0.945 -0.0 -0.156 -0.286 -0.945 -0.0 0.204 -0.254 0.97 0.0 -0.105 -0.22 0.917 -0.0 0.182 -0.356 -0.744 -0.0 -0.312 -0.591 -0.768 -0.0 -0.593 0.242 0.728 0.0 -0.349 -0.59 0.795 -0.0 -0.532 0.29 
0.989 -0.148 0.004 0.006 -0.944 -0.0 -0.162 -0.286 -0.946 -0.0 0.201 -0.254 0.969 -0.0 -0.111 -0.221 0.917 0.0 0.18 -0.355 -0.744 0.0 -0.311 -0.592 -0.768 -0.0 -0.593 0.241 0.728 -0.0 -0.349 -0.591 0.795 -0.0 -0.532 0.29 
0.989 -0.148 0.004 0.006 -0.943 -0.0 -0.169 -0.286 -0.947 0.0 0.198 -0.254 0.968 0.0 -0.118 -0.221 0.918 -0.0 0.176 -0.355 -0.744 -0.0 -0.31 -0.592 -0.768 -0.0 -0.594 0.24 0.728 0.0 -0.348 -0.591 0.795 0.0 -0.533 0.289 
0.989 -0.147 0.004 0.006 -0.942 -0.0 -0.175 -0.285 -0.947 -0.0 0.195 -0.255 0.967 0.0 -0.124 -0.22 0.919 0.0 0.172 -0.354 -0.744 -0.0 -0.309 -0.593 -0.768 -0.0 -0.594 0.239 0.728 -0.0 -0.346 -0.592 0.797 0.0 -0.534 0.284 
0.989 -0.146 0.004 0.006 -0.941 -0.0 -0.182 -0.284 -0.948 -0.0 0.191 -0.254 0.967 0.0 -0.131 -0.219 0.92 0.0 0.167 -0.354 -0.744 -0.0 -0.308 -0.593 -0.768 -0.0 -0.595 0.237 0.728 -0.0 -0.345 -0.593 0.795 0.0 -0.534 0.287 
0.989 -0.145 0.004 0.006 -0.941 -0.0 -0.188 -0.283 -0.948 0.0 0.188 -0.255 0.966 0.0 -0.137 -0.218 0.921 0.0 0.163 -0.354 -0.744 -0.0 -0.307 -0.594 -0.768 -0.0 -0.595 0.237 0.728 0.0 -0.345 -0.593 0.795 0.0 -0.534 0.286 
0.99 -0.144 0.004 0.006 -0.94 -0.0 -0.195 -0.281 -0.949 0.0 0.186 -0.256 0.966 0.0 -0.143 -0.216 0.922 0.0 0.159 -0.354 -0.744 -0.0 -0.306 -0.594 -0.768 -0.0 -0.595 0.236 0.727 0.0 -0.344 -0.594 0.795 -0.0 -0.535 0.285 
0.99 -0.144 0.004 0.006 -0.939 -0.0 -0.202 -0.278 -0.95 -0.0 0.183 -0.255 0.965 -0.0 -0.149 -0.214 0.923 0.0 0.155 -0.353 -0.744 -0.0 -0.306 -0.594 -0.768 -0.0 -0.596 0.235 0.728 0.0 -0.343 -0.594 0.795 0.0 -0.535 0.285 
0.99 -0.143 0.004 0.006 -0.939 -0.0 -0.207 -0.276 -0.95 -0.0 0.178 -0.255 0.965 0.0 -0.155 -0.211 0.923 0.0 0.151 -0.353 -0.744 0.0 -0.305 -0.595 -0.768 -0.0 -0.596 0.234 0.728 0.0 -0.342 -0.595 0.795 0.0 -0.536 0.284 
0.99 -0.142 0.004 0.006 -0.938 -0.0 -0.213 -0.272 -0.951 -0.0 0.175 -0.255 0.965 0.0 -0.161 -0.208 0.924 -0.0 0.148 -0.352 -0.744 -0.0 -0.304 -0.595 -0.768 -0.0 -0.596 0.233 0.728 0.0 -0.341 -0.595 0.795 0.0 -0.536 0.283 
0.99 -0.142 0.004 0.006 -0.938 0.0 -0.219 -0.268 -0.952 -0.0 0.171 -0.255 0.965 0.0 -0.166 -0.205 0.925 0.0 0.144 -0.352 -0.744 0.0 -0.304 -0.595 -0.768 -0.0 -0.597 0.233 0.728 -0.0 -0.341 -0.596 0.795 -0.0 -0.536 0.283 
0.99 -0.141 0.004 0.006 -0.938 0.0 -0.225 -0.264 -0.952 -0.0 0.167 -0.255 0.964 0.0 -0.172 -0.201 0.926 -0.0 0.141 -0.351 -0.744 -0.0 -0.303 -0.596 -0.768 -0.0 -0.597 0.232 0.728 0.0 -0.34 -0.596 0.795 0.0 -0.537 0.282 
0.99 -0.141 0.004 0.006 -0.938 -0.0 -0.231 -0.26 -0.953 -0.0 0.164 -0.254 0.964 0.0 -0.177 -0.197 0.926 0.0 0.138 -0.35 -0.744 0.0 -0.302 -0.596 -0.768 -0.0 -0.597 0.232 0.728 -0.0 -0.339 -0.596 0.795 0.0 -0.537 0.282 
0.99 -0.141 0.004 0.007 -0.938 -0.0 -0.236 -0.255 -0.954 -0.0 0.161 -0.253 0.964 0.0 -0.182 -0.192 0.927 0.0 0.136 -0.349 -0.744 -0.0 -0.302 -0.596 -0.768 -0.0 -0.597 0.232 0.728 0.0 -0.339 -0.597 0.795 0.0 -0.537 0.281 
0.99 -0.141 0.004 0.007 -0.938 -0.0 -0.242 -0.25 -0.954 0.0 0.158 -0.253 0.964 0.0 -0.187 -0.188 0.928 0.0 0.132 -0.348 -0.744 -0.0 -0.302 -0.597 -0.768 -0.0 -0.597 0.231 0.727 0.0 -0.338 -0.597 0.795 0.0 -0.537 0.281 
0.99 -0.14 0.004 0.007 -0.938 -0.0 -0.247 -0.244 -0.955 -0.0 0.156 -0.253 0.964 0.0 -0.192 -0.183 0.929 0.0 0.131 -0.347 -0.744 -0.0 -0.301 -0.597 -0.768 -0.0 -0.598 0.231 0.728 -0.0 -0.338 -0.597 0.795 0.0 -0.537 0.281 
0.99 -0.14 0.004 0.007 -0.938 0.0 -0.253 -0.238 -0.955 0.0 0.154 -0.253 0.964 0.0 -0.197 -0.177 0.929 0.0 0.128 -0.347 -0.744 -0.0 -0.301 -0.597 -0.768 -0.0 -0.598 0.231 0.727 0.0 -0.338 -0.597 0.795 0.0 -0.538 0.28 
0.99 -0.14 0.004 0.007 -0.938 -0.0 -0.258 -0.231 -0.955 -0.0 0.153 -0.253 0.964 0.0 -0.201 -0.171 0.93 0.0 0.126 -0.345 -0.744 0.0 -0.301 -0.597 -0.768 -0.0 -0.598 0.231 0.728 0.0 -0.338 -0.597 0.795 0.0 -0.538 0.28 
0.99 -0.14 0.004 0.007 -0.938 -0.0 -0.264 -0.224 -0.956 -0.0 0.152 -0.253 0.965 0.0 -0.206 -0.165 0.931 0.0 0.124 -0.344 -0.744 0.0 -0.301 -0.597 -0.768 -0.0 -0.598 0.231 0.727 0.0 -0.338 -0.597 0.795 -0.0 -0.538 0.28 
0.99 -0.14 0.004 0.007 -0.938 -0.0 -0.27 -0.217 -0.956 -0.0 0.151 -0.253 0.965 0.0 -0.21 -0.159 0.931 0.0 0.122 -0.343 -0.744 0.0 -0.301 -0.597 -0.768 -0.0 -0.597 0.231 0.727 0.0 -0.338 -0.597 0.795 -0.0 -0.538 0.28 
0.99 -0.14 0.004 0.007 -0.939 0.0 -0.274 -0.209 -0.956 -0.0 0.151 -0.253 0.965 0.0 -0.214 -0.152 0.932 0.0 0.12 -0.342 -0.744 -0.0 -0.301 -0.597 -0.768 0.0 -0.597 0.231 0.727 -0.0 -0.338 -0.597 0.795 0.0 -0.538 0.28 
0.99 -0.141 0.004 0.007 -0.939 0.0 -0.279 -0.201 -0.956 0.0 0.15 -0.253 0.965 0.0 -0.217 -0.145 0.932 0.0 0.12 -0.341 -0.744 -0.0 -0.302 -0.596 -0.768 -0.0 -0.597 0.232 0.727 0.0 -0.338 -0.597 0.795 -0.0 -0.538 0.28 
0.99 -0.141 0.003 0.007 -0.939 -0.0 -0.284 -0.193 -0.955 0.0 0.15 -0.254 0.965 0.0 -0.221 -0.138 0.933 -0.0 0.119 -0.34 -0.744 -0.0 -0.302 -0.596 -0.768 -0.0 -0.597 0.232 0.727 0.0 -0.339 -0.597 0.795 -0.0 -0.538 0.28 
0.99 -0.142 0.003 0.007 -0.939 -0.0 -0.289 -0.185 -0.955 -0.0 0.151 -0.254 0.966 0.0 -0.225 -0.131 0.933 0.0 0.119 -0.339 -0.744 -0.0 -0.303 -0.596 -0.768 -0.0 -0.597 0.233 0.727 0.0 -0.339 -0.597 0.795 0.0 -0.537 0.281 
0.99 -0.142 0.003 0.007 -0.94 -0.0 -0.293 -0.177 -0.955 0.0 0.151 -0.255 0.966 0.0 -0.228 -0.123 0.933 0.0 0.119 -0.339 -0.744 0.0 -0.303 -0.596 -0.768 -0.0 -0.597 0.233 0.727 0.0 -0.34 -0.596 0.795 -0.0 -0.537 0.282 
0.99 -0.143 0.003 0.007 -0.94 -0.0 -0.297 -0.168 -0.955 0.0 0.151 -0.256 0.966 0.0 -0.231 -0.115 0.933 0.0 0.12 -0.338 -0.744 -0.0 -0.304 -0.595 -0.768 -0.0 -0.596 0.234 0.727 0.0 -0.34 -0.596 0.795 -0.0 -0.536 0.283 
0.99 -0.143 0.003 0.008 -0.941 -0.0 -0.3 -0.159 -0.955 0.0 0.151 -0.255 0.966 0.0 -0.234 -0.106 0.934 -0.0 0.121 -0.337 -0.744 0.0 -0.305 -0.595 -0.768 -0.0 -0.596 0.234 0.727 0.0 -0.341 -0.596 0.795 0.0 -0.536 0.283 
0.99 -0.144 0.003 0.007 -0.941 -0.0 -0.303 -0.151 -0.955 -0.0 0.153 -0.254 0.967 0.0 -0.237 -0.098 0.934 0.0 0.123 -0.336 -0.744 -0.0 -0.306 -0.594 -0.768 -0.0 -0.596 0.236 0.727 0.0 -0.342 -0.595 0.795 0.0 -0.536 0.284 
0.989 -0.145 0.003 0.008 -0.941 -0.0 -0.306 -0.142 -0.955 -0.0 0.154 -0.254 0.967 0.0 -0.239 -0.09 0.934 0.0 0.124 -0.335 -0.744 0.0 -0.307 -0.594 -0.768 -0.0 -0.595 0.236 0.727 0.0 -0.343 -0.595 0.795 -0.0 -0.536 0.284 
0.989 -0.145 0.003 0.008 -0.942 -0.0 -0.308 -0.132 -0.954 -0.0 0.156 -0.255 0.967 0.0 -0.241 -0.081 0.934 0.0 0.125 -0.334 -0.744 -0.0 -0.307 -0.593 -0.768 -0.0 -0.595 0.237 0.727 0.0 -0.343 -0.594 0.795 0.0 -0.535 0.285 
0.989 -0.146 0.003 0.007 -0.943 -0.0 -0.31 -0.123 -0.954 0.0 0.157 -0.255 0.968 0.0 -0.242 -0.073 0.934 0.0 0.126 -0.333 -0.744 -0.0 -0.308 -0.593 -0.768 -0.0 -0.595 0.238 0.727 0.0 -0.344 -0.594 0.795 0.0 -0.535 0.286 
0.989 -0.147 0.003 0.007 -0.943 -0.0 -0.312 -0.114 -0.954 -0.0 0.158 -0.256 0.968 0.0 -0.243 -0.064 0.935 0.0 0.128 -0.332 -0.744 -0.0 -0.31 -0.592 -0.768 -0.0 -0.594 0.239 0.727 0.0 -0.346 -0.593 0.795 -0.0 -0.534 0.287 
0.989 -0.148 0.003 0.007 -0.944 -0.0 -0.313 -0.105 -0.953 -0.0 0.16 -0.256 0.968 0.0 -0.244 -0.056 0.935 0.0 0.13 -0.331 -0.744 0.0 -0.311 -0.592 -0.768 -0.0 -0.594 0.24 0.727 0.0 -0.347 -0.592 0.795 0.0 -0.534 0.288 
0.989 -0.149 0.003 0.008 -0.945 -0.0 -0.314 -0.096 -0.953 -0.0 0.162 -0.255 0.969 -0.0 -0.244 -0.047 0.935 0.0 0.132 -0.33 -0.744 0.0 -0.312 -0.591 -0.768 0.0 -0.594 0.241 0.727 -0.0 -0.348 -0.592 0.795 -0.0 -0.533 0.289 
0.989 -0.15 0.003 0.007 -0.946 0.0 -0.314 -0.088 -0.953 -0.0 0.163 -0.256 0.969 -0.0 -0.244 -0.038 0.935 0.0 0.134 -0.329 -0.744 -0.0 -0.313 -0.59 -0.768 -0.0 -0.593 0.242 0.727 0.0 -0.349 -0.591 0.795 0.0 -0.533 0.29 
0.988 -0.151 0.003 0.007 -0.946 -0.0 -0.313 -0.08 -0.953 -0.0 0.164 -0.255 0.969 0.0 -0.244 -0.029 0.935 -0.0 0.137 -0.328 -0.744 0.0 -0.314 -0.589 -0.768 -0.0 -0.593 0.243 0.727 -0.0 -0.35 -0.59 0.795 0.0 -0.532 0.292 
0.988 -0.152 0.003 0.007 -0.947 -0.0 -0.312 -0.071 -0.953 -0.0 0.166 -0.255 0.97 0.0 -0.243 -0.021 0.935 -0.0 0.14 -0.327 -0.744 0.0 -0.316 -0.589 -0.768 -0.0 -0.592 0.245 0.727 0.0 -0.352 -0.589 0.795 0.0 -0.532 0.293 
0.988 -0.153 0.003 0.007 -0.948 0.0 -0.311 -0.064 -0.952 -0.0 0.168 -0.254 0.97 0.0 -0.242 -0.012 0.934 0.0 0.144 -0.326 -0.744 -0.0 -0.317 -0.588 -0.768 0.0 -0.592 0.246 0.727 0.0 -0.353 -0.589 0.795 -0.0 -0.531 0.294 
0.988 -0.154 0.003 0.007 -0.949 -0.0 -0.309 -0.056 -0.952 -0.0 0.17 -0.254 0.971 0.0 -0.241 -0.004 0.934 0.0 0.148 -0.325 -0.744 -0.0 -0.318 -0.587 -0.768 -0.0 -0.591 0.247 0.727 0.0 -0.354 -0.588 0.795 -0.0 -0.53 0.296 
0.988 -0.155 0.003 0.007 -0.95 -0.0 -0.308 -0.048 -0.952 0.0 0.173 -0.253 0.971 0.0 -0.24 0.005 0.934 0.0 0.152 -0.324 -0.744 -0.0 -0.319 -0.587 -0.768 -0.0 -0.591 0.248 0.727 0.0 -0.355 -0.587 0.795 0.0 -0.53 0.296 
0.988 -0.157 0.003 0.007 -0.951 -0.0 -0.306 -0.041 -0.951 -0.0 0.176 -0.253 0.971 0.0 -0.238 0.013 0.933 -0.0 0.157 -0.323 -0.744 -0.0 -0.321 -0.586 -0.768 -0.0 -0.59 0.249 0.727 -0.0 -0.357 -0.586 0.795 0.0 -0.529 0.298 
0.987 -0.158 0.003 0.007 -0.952 0.0 -0.304 -0.033 -0.951 0.0 0.179 -0.253 0.971 0.0 -0.236 0.021 0.933 0.0 0.162 -0.322 -0.744 -0.0 -0.322 -0.585 -0.768 -0.0 -0.59 0.251 0.727 0.0 -0.358 -0.586 0.795 0.0 -0.528 0.299 
0.987 -0.159 0.003 0.007 -0.953 -0.0 -0.301 -0.027 -0.95 -0.0 0.183 -0.253 0.972 0.0 -0.234 0.029 0.932 0.0 0.167 -0.321 -0.744 -0.0 -0.323 -0.584 -0.768 -0.0 -0.589 0.252 0.727 0.0 -0.36 -0.585 0.795 -0.0 -0.528 0.3 
0.987 -0.16 0.003 0.007 -0.954 -0.0 -0.299 -0.02 -0.949 -0.0 0.187 -0.253 0.972 0.0 -0.233 0.036 0.931 0.0 0.173 -0.32 -0.744 0.0 -0.325 -0.583 -0.768 -0.0 -0.589 0.253 0.727 0.0 -0.361 -0.584 0.794 0.0 -0.527 0.302 
0.987 -0.161 0.004 0.007 -0.955 -0.0 -0.295 -0.014 -0.949 -0.0 0.189 -0.253 0.972 0.0 -0.23 0.043 0.931 0.0 0.179 -0.319 -0.744 -0.0 -0.326 -0.583 -0.768 -0.0 -0.588 0.255 0.727 0.0 -0.363 -0.583 0.795 0.0 -0.526 0.303 
0.987 -0.162 0.004 0.007 -0.957 -0.0 -0.292 -0.007 -0.948 -0.0 0.193 -0.252 0.973 0.0 -0.228 0.05 0.93 0.0 0.184 -0.318 -0.744 -0.0 -0.327 -0.582 -0.768 -0.0 -0.587 0.256 0.727 0.0 -0.364 -0.582 0.795 -0.0 -0.526 0.304 
0.986 -0.164 0.004 0.007 -0.958 -0.0 -0.288 -0.002 -0.948 -0.0 0.196 -0.252 0.973 -0.0 -0.224 0.056 0.929 0.0 0.187 -0.318 -0.744 -0.0 -0.329 -0.581 -0.768 -0.0 -0.587 0.258 0.727 0.0 -0.366 -0.581 0.795 0.0 -0.525 0.306 
0.986 -0.165 0.004 0.007 -0.959 -0.0 -0.283 0.002 -0.948 0.0 0.198 -0.251 0.973 -0.0 -0.22 0.061 0.929 0.0 0.192 -0.317 -0.744 -0.0 -0.331 -0.58 -0.768 -0.0 -0.586 0.259 0.727 0.0 -0.367 -0.58 0.795 0.0 -0.524 0.307 
0.986 -0.166 0.004 0.007 -0.96 -0.0 -0.278 0.006 -0.947 -0.0 0.201 -0.25 0.974 0.0 -0.216 0.066 0.929 -0.0 0.195 -0.315 -0.744 -0.0 -0.332 -0.579 -0.768 0.0 -0.585 0.261 0.728 0.0 -0.369 -0.578 0.795 -0.0 -0.523 0.308 
0.986 -0.168 0.004 0.007 -0.962 -0.0 -0.274 0.009 -0.947 0.0 0.204 -0.248 0.975 0.0 -0.211 0.071 0.929 0.0 0.199 -0.313 -0.744 0.0 -0.334 -0.578 -0.768 -0.0 -0.585 0.263 0.728 0.0 -0.37 -0.577 0.795 0.0 -0.522 0.31 
0.986 -0.169 0.004 0.006 -0.963 -0.0 -0.268 0.013 -0.947 0.0 0.207 -0.247 0.976 0.0 -0.206 0.074 0.929 0.0 0.202 -0.311 -0.744 -0.0 -0.335 -0.578 -0.768 -0.0 -0.584 0.264 0.728 0.0 -0.372 -0.576 0.795 0.0 -0.521 0.311 
0.985 -0.17 0.004 0.007 -0.965 -0.0 -0.263 0.015 -0.947 -0.0 0.21 -0.245 0.977 0.0 -0.2 0.077 0.929 0.0 0.205 -0.309 -0.744 -0.0 -0.336 -0.577 -0.768 0.0 -0.583 0.266 0.728 0.0 -0.373 -0.575 0.795 0.0 -0.52 0.312 
0.985 -0.171 0.004 0.006 -0.966 -0.0 -0.257 0.018 -0.946 -0.0 0.212 -0.245 0.978 -0.0 -0.194 0.08 0.93 0.0 0.207 -0.305 -0.744 -0.0 -0.338 -0.576 -0.767 0.0 -0.583 0.267 0.728 0.0 -0.375 -0.574 0.795 0.0 -0.52 0.313 
0.985 -0.172 0.004 0.006 -0.968 -0.0 -0.252 0.019 -0.946 -0.0 0.216 -0.243 0.979 0.0 -0.189 0.081 0.93 0.0 0.211 -0.302 -0.744 0.0 -0.339 -0.576 -0.767 -0.0 -0.582 0.269 0.728 0.0 -0.376 -0.573 0.795 0.0 -0.519 0.314 
0.985 -0.173 0.004 0.006 -0.969 0.0 -0.246 0.02 -0.945 -0.0 0.22 -0.241 0.98 0.0 -0.183 0.082 0.93 -0.0 0.215 -0.298 -0.744 0.0 -0.34 -0.575 -0.767 0.0 -0.582 0.27 0.728 0.0 -0.377 -0.572 0.795 -0.0 -0.519 0.315 
0.985 -0.174 0.005 0.006 -0.97 -0.0 -0.24 0.02 -0.945 -0.0 0.223 -0.24 0.981 -0.0 -0.178 0.083 0.93 -0.0 0.22 -0.294 -0.744 -0.0 -0.341 -0.575 -0.767 -0.0 -0.581 0.271 0.728 0.0 -0.379 -0.571 0.795 -0.0 -0.518 0.316 
0.985 -0.175 0.005 0.006 -0.972 -0.0 -0.234 0.02 -0.945 -0.0 0.225 -0.238 0.982 0.0 -0.172 0.083 0.93 0.0 0.225 -0.292 -0.744 -0.0 -0.342 -0.574 -0.767 -0.0 -0.581 0.273 0.729 0.0 -0.38 -0.57 0.795 -0.0 -0.517 0.316 
0.984 -0.176 0.005 0.006 -0.973 -0.0 -0.228 0.018 -0.945 -0.0 0.229 -0.235 0.983 0.0 -0.164 0.084 0.93 0.0 0.225 -0.291 -0.744 -0.0 -0.343 -0.574 -0.767 -0.0 -0.58 0.274 0.729 0.0 -0.381 -0.569 0.795 -0.0 -0.517 0.317 
0.984 -0.177 0.005 0.006 -0.975 -0.0 -0.222 0.017 -0.944 -0.0 0.233 -0.233 0.984 0.0 -0.159 0.083 0.93 0.0 0.232 -0.286 -0.744 0.0 -0.344 -0.573 -0.767 -0.0 -0.58 0.275 0.729 0.0 -0.382 -0.568 0.795 0.0 -0.516 0.318 
0.984 -0.177 0.005 0.006 -0.976 -0.0 -0.215 0.015 -0.944 -0.0 0.236 -0.232 0.985 0.0 -0.152 0.081 0.93 0.0 0.236 -0.283 -0.744 -0.0 -0.345 -0.573 -0.767 -0.0 -0.58 0.276 0.729 0.0 -0.383 -0.568 0.795 0.0 -0.516 0.318 
0.984 -0.178 0.005 0.006 -0.978 0.0 -0.209 0.012 -0.943 -0.0 0.239 -0.23 0.986 0.0 -0.146 0.079 0.93 0.0 0.24 -0.28 -0.744 -0.0 -0.345 -0.572 -0.767 -0.0 -0.579 0.277 0.729 0.0 -0.384 -0.567 0.795 -0.0 -0.515 0.319 
0.984 -0.179 0.006 0.006 -0.979 -0.0 -0.202 0.009 -0.943 -0.0 0.242 -0.23 0.987 0.0 -0.139 0.077 0.929 0.0 0.243 -0.278 -0.744 -0.0 -0.346 -0.572 -0.767 -0.0 -0.579 0.278 0.729 -0.0 -0.384 -0.566 0.796 0.0 -0.515 0.32 
0.984 -0.179 0.006 0.006 -0.981 -0.0 -0.195 0.006 -0.942 -0.0 0.245 -0.229 0.988 0.0 -0.132 0.074 0.929 0.0 0.247 -0.276 -0.744 0.0 -0.347 -0.572 -0.767 0.0 -0.578 0.279 0.729 0.0 -0.385 -0.566 0.796 0.0 -0.515 0.32 
0.984 -0.18 0.006 0.006 -0.982 -0.0 -0.188 0.002 -0.942 -0.0 0.248 -0.228 0.99 0.0 -0.125 0.071 0.929 0.0 0.25 -0.274 -0.744 0.0 -0.347 -0.571 -0.767 0.0 -0.578 0.279 0.729 0.0 -0.386 -0.565 0.796 -0.0 -0.514 0.321 
0.984 -0.181 0.006 0.005 -0.983 -0.0 -0.182 -0.002 -0.941 0.0 0.25 -0.228 0.991 0.0 -0.118 0.068 0.928 0.0 0.253 -0.273 -0.743 0.0 -0.348 -0.571 -0.767 0.0 -0.578 0.28 0.729 -0.0 -0.387 -0.565 0.796 0.0 -0.514 0.321 
0.983 -0.181 0.006 0.005 -0.984 -0.0 -0.175 -0.006 -0.94 -0.0 0.252 -0.228 0.992 -0.0 -0.111 0.063 0.928 0.0 0.256 -0.271 -0.743 0.0 -0.349 -0.571 -0.767 -0.0 -0.578 0.281 0.729 -0.0 -0.387 -0.564 0.796 -0.0 -0.513 0.322 
0.983 -0.182 0.006 0.005 -0.986 0.0 -0.169 -0.011 -0.94 0.0 0.256 -0.227 0.993 0.0 -0.104 0.058 0.928 0.0 0.259 -0.268 -0.743 -0.0 -0.349 -0.57 -0.767 -0.0 -0.577 0.281 0.729 0.0 -0.388 -0.564 0.796 0.0 -0.513 0.322 
0.983 -0.182 0.006 0.005 -0.987 0.0 -0.162 -0.016 -0.939 -0.0 0.259 -0.226 0.994 0.0 -0.098 0.053 0.927 0.0 0.262 -0.267 -0.744 0.0 -0.35 -0.57 -0.767 -0.0 -0.577 0.282 0.729 0.0 -0.388 -0.563 0.796 0.0 -0.513 0.322 
0.983 -0.182 0.006 0.005 -0.988 0.0 -0.156 -0.022 -0.938 -0.0 0.262 -0.225 0.995 0.0 -0.091 0.047 0.927 0.0 0.265 -0.265 -0.743 0.0 -0.35 -0.57 -0.767 -0.0 -0.577 0.282 0.729 0.0 -0.389 -0.563 0.796 0.0 -0.512 0.323 
0.983 -0.183 0.006 0.005 -0.988 -0.0 -0.15 -0.028 -0.938 -0.0 0.264 -0.225 0.995 0.0 -0.086 0.041 0.926 -0.0 0.27 -0.263 -0.743 -0.0 -0.351 -0.57 -0.767 -0.0 -0.577 0.283 0.729 0.0 -0.389 -0.563 0.796 0.0 -0.512 0.323 
0.983 -0.183 0.006 0.005 -0.989 0.0 -0.144 -0.033 -0.937 -0.0 0.267 -0.225 0.996 0.0 -0.079 0.034 0.926 0.0 0.272 -0.261 -0.744 -0.0 -0.351 -0.569 -0.767 -0.0 -0.576 0.283 0.729 0.0 -0.39 -0.563 0.796 0.0 -0.512 0.323 
0.983 -0.183 0.006 0.005 -0.99 -0.0 -0.137 -0.04 -0.937 -0.0 0.268 -0.225 0.997 0.0 -0.073 0.028 0.926 0.0 0.275 -0.26 -0.743 -0.0 -0.351 -0.569 -0.767 0.0 -0.576 0.283 0.729 0.0 -0.39 -0.562 0.796 0.0 -0.512 0.324 
0.983 -0.183 0.006 0.005 -0.99 0.0 -0.131 -0.046 -0.936 -0.0 0.27 -0.224 0.998 0.0 -0.068 0.02 0.925 0.0 0.277 -0.259 -0.744 -0.0 -0.351 -0.569 -0.767 -0.0 -0.576 0.283 0.729 0.0 -0.39 -0.562 0.796 0.0 -0.512 0.324 
0.983 -0.183 0.006 0.005 -0.991 -0.0 -0.125 -0.053 -0.936 -0.0 0.272 -0.224 0.998 -0.0 -0.061 0.015 0.925 -0.0 0.278 -0.26 -0.744 -0.0 -0.351 -0.569 -0.767 -0.0 -0.576 0.283 0.729 0.0 -0.39 -0.562 0.796 -0.0 -0.512 0.324 
0.983 -0.183 0.006 0.005 -0.991 -0.0 -0.12 -0.06 -0.935 -0.0 0.274 -0.223 0.998 0.0 -0.055 0.008 0.924 0.0 0.279 -0.259 -0.743 -0.0 -0.351 -0.569 -0.767 -0.0 -0.576 0.283 0.729 0.0 -0.39 -0.562 0.796 0.0 -0.512 0.324 
0.983 -0.183 0.006 0.005 -0.991 -0.0 -0.114 -0.067 -0.935 0.0 0.276 -0.224 0.999 0.0 -0.05 -0.0 0.924 -0.0 0.281 -0.259 -0.743 0.0 -0.351 -0.569 -0.767 0.0 -0.576 0.283 0.729 -0.0 -0.39 -0.562 0.796 0.0 -0.511 0.324 
0.983 -0.183 0.006 0.005 -0.991 0.0 -0.109 -0.074 -0.934 -0.0 0.277 -0.225 0.999 0.0 -0.045 -0.008 0.924 0.0 0.282 -0.26 -0.744 -0.0 -0.351 -0.569 -0.767 0.0 -0.576 0.283 0.729 0.0 -0.39 -0.563 0.796 0.0 -0.512 0.324 
0.983 -0.183 0.006 0.005 -0.991 -0.0 -0.104 -0.081 -0.934 -0.0 0.279 -0.225 0.999 0.0 -0.04 -0.015 0.923 -0.0 0.282 -0.261 -0.744 0.0 -0.351 -0.569 -0.767 0.0 -0.576 0.283 0.729 0.0 -0.39 -0.563 0.796 0.0 -0.512 0.324 
0.983 -0.183 0.006 0.005 -0.991 -0.0 -0.1 -0.089 -0.933 -0.0 0.28 -0.225 0.999 0.0 -0.035 -0.023 0.923 0.0 0.282 -0.262 -0.744 -0.0 -0.351 -0.569 -0.767 -0.0 -0.576 0.282 0.729 0.0 -0.389 -0.563 0.796 -0.0 -0.512 0.324 
0.983 -0.182 0.006 0.005 -0.991 -0.0 -0.096 -0.096 -0.933 -0.0 0.28 -0.226 0.999 0.0 -0.032 -0.031 0.923 0.0 0.282 -0.263 -0.744 -0.0 -0.351 -0.569 -0.767 0.0 -0.576 0.282 0.729 0.0 -0.389 -0.563 0.796 0.0 -0.512 0.324 
0.983 -0.182 0.006 0.005 -0.99 -0.0 -0.092 -0.104 -0.932 -0.0 0.281 -0.227 0.999 -0.0 -0.028 -0.038 0.922 -0.0 0.282 -0.265 -0.744 -0.0 -0.35 -0.569 -0.767 0.0 -0.577 0.282 0.729 0.0 -0.389 -0.563 0.796 -0.0 -0.512 0.323 
0.983 -0.182 0.006 0.005 -0.99 -0.0 -0.088 -0.112 -0.932 -0.0 0.282 -0.228 0.999 -0.0 -0.025 -0.046 0.922 0.0 0.282 -0.266 -0.744 -0.0 -0.35 -0.569 -0.767 -0.0 -0.576 0.282 0.729 -0.0 -0.389 -0.564 0.796 -0.0 -0.512 0.323 
0.983 -0.181 0.006 0.005 -0.989 0.0 -0.085 -0.118 -0.931 0.0 0.282 -0.23 0.998 0.0 -0.022 -0.054 0.921 -0.0 0.282 -0.268 -0.744 -0.0 -0.35 -0.569 -0.767 0.0 -0.577 0.281 0.729 0.0 -0.388 -0.564 0.796 0.0 -0.512 0.323 
0.983 -0.181 0.006 0.006 -0.989 0.0 -0.082 -0.127 -0.931 0.0 0.283 -0.23 0.998 0.0 -0.018 -0.061 0.921 0.0 0.281 -0.271 -0.744 -0.0 -0.349 -0.57 -0.767 -0.0 -0.577 0.28 0.729 0.0 -0.388 -0.564 0.796 0.0 -0.513 0.322 
0.984 -0.18 0.006 0.006 -0.988 -0.0 -0.08 -0.135 -0.931 -0.0 0.282 -0.231 0.998 0.0 -0.016 -0.069 0.92 0.0 0.281 -0.273 -0.744 -0.0 -0.349 -0.57 -0.767 -0.0 -0.577 0.28 0.729 0.0 -0.387 -0.565 0.796 0.0 -0.513 0.322 
0.984 -0.18 0.005 0.006 -0.987 -0.0 -0.078 -0.142 -0.931 -0.0 0.282 -0.233 0.997 0.0 -0.014 -0.077 0.919 -0.0 0.28 -0.276 -0.744 -0.0 -0.348 -0.57 -0.767 -0.0 -0.577 0.279 0.729 0.0 -0.386 -0.565 0.796 0.0 -0.513 0.321 
0.984 -0.179 0.005 0.006 -0.986 -0.0 -0.076 -0.15 -0.931 -0.0 0.281 -0.234 0.996 0.0 -0.013 -0.084 0.919 0.0 0.28 -0.279 -0.744 -0.0 -0.347 -0.571 -0.767 0.0 -0.578 0.279 0.729 -0.0 -0.386 -0.566 0.796 -0.0 -0.514 0.32 
0.984 -0.179 0.005 0.006 -0.985 -0.0 -0.074 -0.157 -0.931 -0.0 0.28 -0.235 0.996 0.0 -0.011 -0.091 0.918 -0.0 0.279 -0.283 -0.744 0.0 -0.347 -0.571 -0.767 -0.0 -0.578 0.278 0.729 0.0 -0.385 -0.566 0.796 -0.0 -0.514 0.32 
0.984 -0.178 0.005 0.006 -0.984 -0.0 -0.073 -0.164 -0.931 -0.0 0.279 -0.237 0.995 0.0 -0.011 -0.099 0.917 -0.0 0.278 -0.285 -0.744 -0.0 -0.346 -0.572 -0.767 -0.0 -0.579 0.277 0.729 -0.0 -0.384 -0.567 0.796 0.0 -0.515 0.319 
0.984 -0.177 0.005 0.006 -0.982 -0.0 -0.072 -0.172 -0.931 -0.0 0.277 -0.238 0.994 0.0 -0.011 -0.106 0.917 0.0 0.277 -0.288 -0.744 0.0 -0.345 -0.572 -0.767 -0.0 -0.579 0.276 0.729 0.0 -0.383 -0.568 0.796 -0.0 -0.515 0.318 
0.984 -0.177 0.005 0.006 -0.981 0.0 -0.072 -0.179 -0.931 -0.0 0.275 -0.241 0.993 0.0 -0.011 -0.114 0.916 -0.0 0.275 -0.291 -0.744 -0.0 -0.344 -0.573 -0.767 -0.0 -0.579 0.275 0.729 -0.0 -0.382 -0.568 0.796 0.0 -0.516 0.317 
0.984 -0.176 0.005 0.006 -0.98 -0.0 -0.072 -0.185 -0.931 -0.0 0.271 -0.244 0.993 0.0 -0.011 -0.121 0.916 0.0 0.273 -0.294 -0.744 0.0 -0.343 -0.573 -0.767 -0.0 -0.58 0.274 0.729 0.0 -0.382 -0.569 0.796 0.0 -0.516 0.317 
0.985 -0.175 0.005 0.006 -0.979 0.0 -0.072 -0.191 -0.931 -0.0 0.269 -0.246 0.992 -0.0 -0.013 -0.128 0.915 -0.0 0.272 -0.298 -0.744 0.0 -0.342 -0.574 -0.767 0.0 -0.58 0.274 0.729 0.0 -0.381 -0.569 0.796 0.0 -0.517 0.315 
0.985 -0.174 0.005 0.006 -0.978 -0.0 -0.073 -0.198 -0.931 0.0 0.266 -0.248 0.991 0.0 -0.015 -0.136 0.915 0.0 0.27 -0.301 -0.744 -0.0 -0.342 -0.574 -0.767 0.0 -0.581 0.273 0.729 0.0 -0.38 -0.57 0.796 0.0 -0.517 0.315 
0.985 -0.173 0.005 0.006 -0.976 -0.0 -0.074 -0.204 -0.931 0.0 0.264 -0.25 0.99 0.0 -0.017 -0.143 0.914 0.0 0.268 -0.304 -0.744 -0.0 -0.341 -0.575 -0.767 0.0 -0.581 0.272 0.729 0.0 -0.379 -0.571 0.796 -0.0 -0.518 0.314 
0.985 -0.172 0.005 0.006 -0.975 0.0 -0.075 -0.21 -0.932 -0.0 0.26 -0.253 0.989 0.0 -0.019 -0.15 0.914 0.0 0.265 -0.307 -0.744 -0.0 -0.339 -0.576 -0.767 -0.0 -0.581 0.271 0.729 0.0 -0.378 -0.571 0.796 0.0 -0.518 0.313 
0.985 -0.172 0.005 0.006 -0.973 -0.0 -0.077 -0.217 -0.933 -0.0 0.256 -0.255 0.987 0.0 -0.022 -0.157 0.914 0.0 0.263 -0.31 -0.744 -0.0 -0.339 -0.576 -0.767 -0.0 -0.582 0.27 0.729 0.0 -0.377 -0.572 0.796 0.0 -0.519 0.312 
0.985 -0.171 0.005 0.006 -0.971 -0.0 -0.08 -0.224 -0.933 -0.0 0.252 -0.256 0.986 0.0 -0.025 -0.163 0.913 0.0 0.26 -0.314 -0.744 -0.0 -0.338 -0.577 -0.767 0.0 -0.582 0.269 0.729 0.0 -0.376 -0.572 0.796 -0.0 -0.519 0.311 
0.985 -0.17 0.005 0.006 -0.97 0.0 -0.082 -0.23 -0.934 -0.0 0.248 -0.257 0.985 0.0 -0.029 -0.17 0.913 -0.0 0.257 -0.316 -0.744 0.0 -0.337 -0.577 -0.767 0.0 -0.583 0.268 0.729 0.0 -0.375 -0.573 0.796 0.0 -0.52 0.31 
0.986 -0.169 0.005 0.006 -0.968 -0.0 -0.085 -0.236 -0.935 -0.0 0.244 -0.258 0.984 0.0 -0.033 -0.176 0.913 0.0 0.254 -0.319 -0.744 -0.0 -0.335 -0.578 -0.767 -0.0 -0.583 0.267 0.729 0.0 -0.373 -0.574 0.796 -0.0 -0.52 0.309 
0.986 -0.168 0.005 0.006 -0.966 -0.0 -0.089 -0.242 -0.935 -0.0 0.24 -0.259 0.983 0.0 -0.037 -0.182 0.913 0.0 0.249 -0.322 -0.744 -0.0 -0.334 -0.579 -0.767 -0.0 -0.584 0.265 0.729 0.0 -0.372 -0.575 0.796 0.0 -0.521 0.308 
0.986 -0.166 0.005 0.006 -0.965 -0.0 -0.093 -0.247 -0.936 -0.0 0.236 -0.261 0.981 0.0 -0.041 -0.187 0.914 0.0 0.246 -0.324 -0.744 0.0 -0.333 -0.58 -0.767 -0.0 -0.585 0.264 0.729 0.0 -0.37 -0.576 0.796 0.0 -0.522 0.307 
0.986 -0.165 0.005 0.006 -0.963 0.0 -0.097 -0.252 -0.937 -0.0 0.232 -0.262 0.98 0.0 -0.046 -0.193 0.914 0.0 0.241 -0.327 -0.743 0.0 -0.331 -0.581 -0.767 -0.0 -0.585 0.263 0.729 0.0 -0.369 -0.577 0.796 0.0 -0.523 0.305 
0.986 -0.164 0.005 0.006 -0.961 -0.0 -0.101 -0.256 -0.938 0.0 0.229 -0.262 0.979 -0.0 -0.052 -0.198 0.914 0.0 0.238 -0.329 -0.744 -0.0 -0.33 -0.582 -0.767 -0.0 -0.586 0.261 0.729 0.0 -0.367 -0.578 0.796 -0.0 -0.524 0.304 
0.987 -0.163 0.005 0.006 -0.96 -0.0 -0.106 -0.261 -0.938 -0.0 0.225 -0.263 0.977 -0.0 -0.058 -0.203 0.914 0.0 0.233 -0.331 -0.743 -0.0 -0.328 -0.583 -0.767 0.0 -0.586 0.259 0.729 0.0 -0.366 -0.579 0.796 0.0 -0.524 0.303 
0.987 -0.161 0.005 0.006 -0.958 -0.0 -0.112 -0.265 -0.938 -0.0 0.224 -0.263 0.976 -0.0 -0.063 -0.208 0.915 0.0 0.228 -0.334 -0.744 0.0 -0.327 -0.583 -0.767 -0.0 -0.587 0.258 0.729 0.0 -0.364 -0.58 0.796 0.0 -0.525 0.301 
