# T   LUA LFA RUA RFA LT  LS  RT  RS  
0.999 -0.015 0.037 -0.011 -0.77 -0.0 -0.637 0.041 -0.988 -0.0 -0.031 -0.153 0.731 0.0 -0.669 -0.133 0.789 0.0 -0.456 -0.412 -0.719 -0.0 -0.695 0.012 -0.993 -0.0 0.057 0.103 0.683 0.0 -0.731 0.015 0.993 0.0 0.025 0.111 
0.999 -0.015 0.037 -0.011 -0.77 -0.0 -0.637 0.041 -0.988 0.0 -0.031 -0.152 0.731 0.0 -0.669 -0.133 0.789 0.0 -0.456 -0.412 -0.719 -0.0 -0.695 0.012 -0.993 -0.0 0.057 0.103 0.683 0.0 -0.731 0.015 0.993 0.0 0.025 0.111 
0.999 -0.014 0.037 -0.01 -0.77 -0.0 -0.637 0.04 -0.988 0.0 -0.031 -0.152 0.731 0.0 -0.669 -0.133 0.789 0.0 -0.457 -0.411 -0.719 -0.0 -0.695 0.011 -0.993 -0.0 0.057 0.103 0.683 0.0 -0.731 0.012 0.993 0.0 0.025 0.113 
0.999 -0.015 0.037 -0.011 -0.77 0.0 -0.637 0.04 -0.988 -0.0 -0.031 -0.152 0.731 0.0 -0.67 -0.132 0.789 0.0 -0.456 -0.412 -0.719 -0.0 -0.695 0.012 -0.993 -0.0 0.058 0.103 0.683 0.0 -0.731 0.014 0.993 0.0 0.025 0.112 
0.999 -0.015 0.037 -0.011 -0.77 -0.0 -0.637 0.04 -0.988 -0.0 -0.031 -0.151 0.731 -0.0 -0.67 -0.131 0.789 0.0 -0.457 -0.412 -0.719 -0.0 -0.695 0.012 -0.993 -0.0 0.057 0.103 0.683 0.0 -0.731 0.014 0.993 0.0 0.025 0.112 
0.999 -0.015 0.037 -0.01 -0.77 -0.0 -0.637 0.04 -0.988 -0.0 -0.031 -0.151 0.731 0.0 -0.67 -0.132 0.789 -0.0 -0.456 -0.412 -0.719 -0.0 -0.695 0.012 -0.993 -0.0 0.057 0.103 0.682 0.0 -0.731 0.014 0.993 0.0 0.025 0.112 
0.999 -0.015 0.037 -0.01 -0.77 -0.0 -0.637 0.04 -0.988 -0.0 -0.031 -0.15 0.731 0.0 -0.67 -0.132 0.789 0.0 -0.457 -0.412 -0.719 -0.0 -0.695 0.012 -0.993 -0.0 0.057 0.103 0.683 0.0 -0.731 0.014 0.993 0.0 0.025 0.112 
0.999 -0.015 0.038 -0.01 -0.77 -0.0 -0.636 0.04 -0.988 0.0 -0.032 -0.15 0.731 0.0 -0.67 -0.132 0.789 -0.0 -0.456 -0.412 -0.719 -0.0 -0.695 0.012 -0.993 -0.0 0.058 0.103 0.682 0.0 -0.731 0.014 0.993 -0.0 0.025 0.112 
0.999 -0.015 0.037 -0.01 -0.77 0.0 -0.637 0.04 -0.988 -0.0 -0.031 -0.149 0.731 0.0 -0.669 -0.132 0.789 0.0 -0.456 -0.412 -0.719 -0.0 -0.695 0.012 -0.993 -0.0 0.057 0.104 0.682 0.0 -0.731 0.014 0.993 0.0 0.025 0.112 
0.999 -0.015 0.037 -0.01 -0.77 0.0 -0.637 0.04 -0.988 -0.0 -0.032 -0.15 0.731 0.0 -0.669 -0.133 0.789 0.0 -0.456 -0.412 -0.719 -0.0 -0.695 0.012 -0.993 -0.0 0.057 0.104 0.682 0.0 -0.731 0.014 0.993 0.0 0.025 0.112 
0.999 -0.015 0.038 -0.009 -0.77 -0.0 -0.637 0.04 -0.988 -0.0 -0.032 -0.148 0.731 0.0 -0.669 -0.132 0.789 0.0 -0.456 -0.412 -0.719 -0.0 -0.695 0.012 -0.993 -0.0 0.057 0.104 0.682 0.0 -0.731 0.014 0.993 0.0 0.025 0.112 
0.999 -0.015 0.037 -0.009 -0.77 -0.0 -0.637 0.04 -0.989 -0.0 -0.032 -0.148 0.731 0.0 -0.669 -0.133 0.789 0.0 -0.456 -0.412 -0.719 0.0 -0.695 0.012 -0.993 0.0 0.057 0.104 0.682 0.0 -0.731 0.013 0.993 0.0 0.025 0.112 
0.999 -0.015 0.038 -0.009 -0.77 -0.0 -0.637 0.04 -0.988 0.0 -0.031 -0.148 0.731 -0.0 -0.669 -0.133 0.789 0.0 -0.456 -0.412 -0.719 0.0 -0.695 0.012 -0.993 -0.0 0.057 0.104 0.682 0.0 -0.731 0.014 0.993 0.0 0.025 0.112 
0.999 -0.015 0.038 -0.009 -0.77 -0.0 -0.637 0.04 -0.989 -0.0 -0.031 -0.147 0.731 0.0 -0.669 -0.133 0.789 0.0 -0.457 -0.412 -0.719 -0.0 -0.695 0.012 -0.993 -0.0 0.057 0.104 0.682 0.0 -0.731 0.013 0.993 0.0 0.025 0.112 
0.999 -0.015 0.038 -0.008 -0.77 -0.0 -0.637 0.04 -0.989 -0.0 -0.031 -0.146 0.731 -0.0 -0.669 -0.133 0.789 0.0 -0.457 -0.412 -0.719 -0.0 -0.695 0.012 -0.993 -0.0 0.057 0.104 0.682 0.0 -0.731 0.013 0.993 0.0 0.025 0.112 
0.999 -0.015 0.038 -0.008 -0.77 -0.0 -0.637 0.04 -0.989 -0.0 -0.031 -0.146 0.731 0.0 -0.669 -0.132 0.788 0.0 -0.456 -0.412 -0.719 -0.0 -0.695 0.012 -0.993 -0.0 0.057 0.104 0.682 0.0 -0.731 0.013 0.993 0.0 0.025 0.112 
0.999 -0.015 0.038 -0.008 -0.771 -0.0 -0.636 0.04 -0.989 -0.0 -0.032 -0.145 0.731 0.0 -0.669 -0.132 0.788 0.0 -0.456 -0.412 -0.719 -0.0 -0.695 0.013 -0.993 -0.0 0.057 0.104 0.683 0.0 -0.731 0.013 0.993 0.0 0.025 0.112 
0.999 -0.015 0.037 -0.008 -0.77 -0.0 -0.637 0.04 -0.989 -0.0 -0.031 -0.145 0.731 0.0 -0.669 -0.132 0.788 0.0 -0.456 -0.413 -0.719 -0.0 -0.695 0.013 -0.993 -0.0 0.057 0.104 0.682 -0.0 -0.731 0.014 0.993 0.0 0.025 0.112 
0.999 -0.015 0.038 -0.008 -0.77 -0.0 -0.637 0.04 -0.989 -0.0 -0.031 -0.145 0.731 0.0 -0.669 -0.132 0.788 0.0 -0.456 -0.413 -0.719 -0.0 -0.695 0.013 -0.993 -0.0 0.057 0.104 0.682 -0.0 -0.731 0.013 0.993 0.0 0.025 0.113 
0.999 -0.015 0.038 -0.008 -0.77 -0.0 -0.637 0.04 -0.989 -0.0 -0.03 -0.144 0.732 0.0 -0.669 -0.133 0.788 0.0 -0.457 -0.413 -0.719 -0.0 -0.695 0.013 -0.993 -0.0 0.057 0.104 0.682 0.0 -0.731 0.013 0.993 -0.0 0.025 0.113 
0.999 -0.015 0.038 -0.008 -0.77 -0.0 -0.636 0.041 -0.989 -0.0 -0.031 -0.144 0.732 0.0 -0.669 -0.133 0.788 0.0 -0.456 -0.413 -0.719 -0.0 -0.695 0.013 -0.993 -0.0 0.057 0.104 0.682 0.0 -0.731 0.013 0.993 0.0 0.025 0.112 
0.999 -0.016 0.038 -0.008 -0.77 -0.0 -0.636 0.041 -0.989 0.0 -0.03 -0.144 0.732 0.0 -0.669 -0.132 0.788 0.0 -0.456 -0.414 -0.719 -0.0 -0.695 0.013 -0.993 0.0 0.057 0.105 0.682 0.0 -0.731 0.014 0.993 0.0 0.025 0.112 
0.999 -0.016 0.038 -0.008 -0.771 -0.0 -0.636 0.041 -0.989 -0.0 -0.031 -0.143 0.732 0.0 -0.668 -0.133 0.788 0.0 -0.456 -0.414 -0.719 -0.0 -0.695 0.013 -0.993 -0.0 0.057 0.104 0.682 0.0 -0.731 0.014 0.993 0.0 0.025 0.112 
0.999 -0.016 0.038 -0.007 -0.77 0.0 -0.636 0.041 -0.989 -0.0 -0.031 -0.144 0.732 0.0 -0.668 -0.133 0.788 0.0 -0.456 -0.414 -0.719 -0.0 -0.695 0.013 -0.993 -0.0 0.057 0.105 0.682 0.0 -0.731 0.014 0.993 0.0 0.025 0.112 
0.999 -0.016 0.038 -0.007 -0.77 -0.0 -0.636 0.042 -0.989 -0.0 -0.031 -0.144 0.732 0.0 -0.668 -0.133 0.788 0.0 -0.455 -0.414 -0.719 -0.0 -0.695 0.013 -0.993 -0.0 0.057 0.105 0.682 -0.0 -0.731 0.014 0.993 0.0 0.025 0.112 
0.999 -0.016 0.038 -0.007 -0.77 -0.0 -0.636 0.042 -0.989 -0.0 -0.031 -0.144 0.732 0.0 -0.668 -0.133 0.788 0.0 -0.455 -0.415 -0.719 -0.0 -0.695 0.013 -0.993 -0.0 0.057 0.105 0.682 0.0 -0.731 0.014 0.993 0.0 0.025 0.112 
0.999 -0.016 0.038 -0.007 -0.77 -0.0 -0.636 0.042 -0.989 -0.0 -0.031 -0.144 0.732 0.0 -0.668 -0.133 0.788 0.0 -0.455 -0.415 -0.719 -0.0 -0.695 0.013 -0.993 -0.0 0.057 0.105 0.682 0.0 -0.731 0.014 0.993 0.0 0.025 0.112 
0.999 -0.016 0.038 -0.007 -0.77 -0.0 -0.636 0.042 -0.989 -0.0 -0.031 -0.144 0.732 -0.0 -0.668 -0.133 0.788 0.0 -0.455 -0.415 -0.719 0.0 -0.695 0.013 -0.993 -0.0 0.057 0.105 0.683 0.0 -0.73 0.014 0.993 0.0 0.024 0.112 
0.999 -0.016 0.038 -0.007 -0.77 -0.0 -0.636 0.042 -0.989 0.0 -0.031 -0.144 0.733 0.0 -0.667 -0.134 0.788 0.0 -0.454 -0.415 -0.719 -0.0 -0.695 0.013 -0.993 -0.0 0.057 0.105 0.682 0.0 -0.731 0.013 0.993 0.0 0.025 0.112 
0.999 -0.016 0.038 -0.007 -0.77 -0.0 -0.636 0.042 -0.989 -0.0 -0.031 -0.143 0.733 0.0 -0.667 -0.134 0.788 0.0 -0.454 -0.415 -0.719 -0.0 -0.695 0.013 -0.993 0.0 0.057 0.105 0.682 -0.0 -0.731 0.013 0.993 0.0 0.025 0.113 
0.999 -0.016 0.038 -0.007 -0.77 -0.0 -0.636 0.042 -0.989 -0.0 -0.031 -0.143 0.733 0.0 -0.667 -0.134 0.788 0.0 -0.454 -0.416 -0.719 0.0 -0.695 0.012 -0.993 -0.0 0.057 0.106 0.682 0.0 -0.731 0.013 0.993 0.0 0.025 0.113 
0.999 -0.016 0.038 -0.006 -0.77 -0.0 -0.636 0.042 -0.989 0.0 -0.031 -0.143 0.732 0.0 -0.668 -0.133 0.789 0.0 -0.453 -0.416 -0.719 -0.0 -0.695 0.012 -0.993 -0.0 0.057 0.106 0.684 0.0 -0.73 0.012 0.993 0.0 0.021 0.114 
0.999 -0.016 0.038 -0.006 -0.77 -0.0 -0.636 0.042 -0.989 -0.0 -0.031 -0.143 0.732 0.0 -0.668 -0.132 0.788 -0.0 -0.453 -0.416 -0.719 -0.0 -0.695 0.012 -0.993 -0.0 0.056 0.106 0.684 0.0 -0.73 0.012 0.993 -0.0 0.021 0.114 
0.999 -0.016 0.038 -0.006 -0.77 -0.0 -0.636 0.042 -0.989 0.0 -0.031 -0.143 0.732 0.0 -0.668 -0.133 0.788 0.0 -0.453 -0.416 -0.719 -0.0 -0.695 0.012 -0.993 -0.0 0.056 0.107 0.684 0.0 -0.73 0.012 0.993 0.0 0.021 0.114 
0.999 -0.016 0.038 -0.006 -0.77 -0.0 -0.636 0.042 -0.989 -0.0 -0.031 -0.143 0.732 0.0 -0.668 -0.132 0.788 0.0 -0.453 -0.416 -0.719 -0.0 -0.695 0.012 -0.993 -0.0 0.056 0.107 0.684 0.0 -0.73 0.012 0.993 -0.0 0.021 0.114 
0.999 -0.016 0.038 -0.006 -0.77 -0.0 -0.636 0.042 -0.989 -0.0 -0.031 -0.143 0.732 -0.0 -0.668 -0.132 0.788 0.0 -0.453 -0.417 -0.719 -0.0 -0.695 0.011 -0.993 -0.0 0.056 0.107 0.684 0.0 -0.73 0.012 0.993 -0.0 0.021 0.114 
0.999 -0.016 0.038 -0.006 -0.77 -0.0 -0.636 0.042 -0.989 -0.0 -0.031 -0.143 0.732 -0.0 -0.668 -0.132 0.788 0.0 -0.452 -0.417 -0.719 -0.0 -0.695 0.011 -0.993 0.0 0.056 0.108 0.683 0.0 -0.731 0.012 0.993 -0.0 0.025 0.113 
0.999 -0.016 0.038 -0.005 -0.77 -0.0 -0.636 0.042 -0.989 -0.0 -0.031 -0.143 0.732 0.0 -0.668 -0.132 0.789 0.0 -0.452 -0.417 -0.719 -0.0 -0.695 0.011 -0.993 -0.0 0.056 0.108 0.684 -0.0 -0.73 0.011 0.993 -0.0 0.021 0.114 
0.999 -0.016 0.037 -0.004 -0.77 -0.0 -0.637 0.042 -0.989 -0.0 -0.03 -0.143 0.732 0.0 -0.668 -0.133 0.789 0.0 -0.452 -0.417 -0.719 -0.0 -0.695 0.01 -0.993 -0.0 0.055 0.108 0.684 0.0 -0.73 0.009 0.993 0.0 0.021 0.116 
0.999 -0.016 0.037 -0.004 -0.77 -0.0 -0.637 0.042 -0.989 -0.0 -0.03 -0.143 0.732 0.0 -0.668 -0.133 0.789 0.0 -0.451 -0.417 -0.719 -0.0 -0.695 0.01 -0.993 -0.0 0.055 0.109 0.684 0.0 -0.73 0.009 0.993 0.0 0.021 0.116 
0.999 -0.016 0.038 -0.005 -0.77 -0.0 -0.636 0.042 -0.989 -0.0 -0.031 -0.143 0.732 0.0 -0.668 -0.132 0.789 0.0 -0.45 -0.418 -0.719 -0.0 -0.695 0.011 -0.993 -0.0 0.055 0.109 0.683 -0.0 -0.73 0.012 0.993 0.0 0.023 0.113 
0.999 -0.016 0.037 -0.004 -0.77 -0.0 -0.637 0.042 -0.989 -0.0 -0.03 -0.143 0.732 0.0 -0.668 -0.133 0.79 0.0 -0.449 -0.419 -0.719 -0.0 -0.695 0.01 -0.993 -0.0 0.055 0.109 0.684 0.0 -0.73 0.009 0.993 0.0 0.021 0.116 
0.999 -0.016 0.037 -0.004 -0.77 -0.0 -0.637 0.042 -0.989 -0.0 -0.03 -0.143 0.732 0.0 -0.669 -0.133 0.79 0.0 -0.447 -0.419 -0.719 -0.0 -0.695 0.01 -0.993 -0.0 0.055 0.109 0.684 0.0 -0.729 0.009 0.993 0.0 0.021 0.116 
0.999 -0.016 0.037 -0.004 -0.77 -0.0 -0.637 0.042 -0.989 -0.0 -0.03 -0.143 0.732 0.0 -0.669 -0.133 0.79 0.0 -0.447 -0.421 -0.719 -0.0 -0.695 0.01 -0.993 -0.0 0.054 0.109 0.684 -0.0 -0.729 0.009 0.993 0.0 0.021 0.116 
0.999 -0.016 0.037 -0.004 -0.77 -0.0 -0.637 0.042 -0.989 -0.0 -0.03 -0.144 0.731 0.0 -0.669 -0.133 0.79 0.0 -0.445 -0.422 -0.719 -0.0 -0.695 0.01 -0.992 -0.0 0.054 0.11 0.684 -0.0 -0.729 0.009 0.993 0.0 0.021 0.116 
0.999 -0.016 0.037 -0.003 -0.77 -0.0 -0.637 0.042 -0.989 -0.0 -0.03 -0.143 0.731 -0.0 -0.669 -0.133 0.79 0.0 -0.443 -0.423 -0.719 -0.0 -0.695 0.01 -0.992 -0.0 0.054 0.11 0.683 0.0 -0.73 0.009 0.993 0.0 0.023 0.115 
0.999 -0.017 0.037 -0.003 -0.77 -0.0 -0.637 0.043 -0.989 -0.0 -0.03 -0.143 0.731 0.0 -0.669 -0.134 0.791 0.0 -0.44 -0.426 -0.719 -0.0 -0.695 0.011 -0.992 -0.0 0.055 0.11 0.684 -0.0 -0.729 0.01 0.993 0.0 0.021 0.116 
0.999 -0.016 0.037 -0.003 -0.77 -0.0 -0.637 0.042 -0.989 -0.0 -0.03 -0.144 0.731 -0.0 -0.67 -0.132 0.79 0.0 -0.439 -0.427 -0.719 -0.0 -0.695 0.01 -0.992 -0.0 0.054 0.11 0.683 -0.0 -0.73 0.009 0.993 0.0 0.023 0.115 
0.999 -0.017 0.037 -0.003 -0.77 -0.0 -0.637 0.043 -0.989 -0.0 -0.03 -0.144 0.731 0.0 -0.67 -0.132 0.791 0.0 -0.435 -0.43 -0.719 -0.0 -0.695 0.011 -0.992 -0.0 0.054 0.11 0.684 0.0 -0.729 0.01 0.993 -0.0 0.021 0.116 
0.999 -0.017 0.037 -0.003 -0.77 -0.0 -0.637 0.043 -0.989 -0.0 -0.03 -0.144 0.73 0.0 -0.67 -0.132 0.792 0.0 -0.433 -0.431 -0.719 -0.0 -0.695 0.011 -0.992 -0.0 0.054 0.11 0.684 -0.0 -0.729 0.01 0.993 -0.0 0.021 0.116 
0.999 -0.017 0.038 -0.004 -0.77 0.0 -0.636 0.043 -0.989 -0.0 -0.031 -0.144 0.73 -0.0 -0.671 -0.129 0.792 0.0 -0.431 -0.433 -0.72 -0.0 -0.694 0.012 -0.992 -0.0 0.055 0.109 0.684 0.0 -0.729 0.012 0.993 0.0 0.021 0.115 
0.999 -0.017 0.037 -0.003 -0.77 -0.0 -0.637 0.042 -0.989 -0.0 -0.03 -0.145 0.73 -0.0 -0.671 -0.13 0.792 -0.0 -0.429 -0.435 -0.719 -0.0 -0.695 0.011 -0.992 -0.0 0.055 0.11 0.684 0.0 -0.729 0.009 0.993 0.0 0.021 0.116 
0.999 -0.017 0.037 -0.003 -0.77 -0.0 -0.637 0.042 -0.989 -0.0 -0.03 -0.144 0.73 -0.0 -0.671 -0.128 0.792 0.0 -0.426 -0.437 -0.719 -0.0 -0.694 0.011 -0.993 0.0 0.054 0.109 0.684 0.0 -0.729 0.009 0.993 0.0 0.021 0.116 
0.999 -0.017 0.037 -0.003 -0.77 -0.0 -0.637 0.042 -0.989 -0.0 -0.03 -0.145 0.73 0.0 -0.671 -0.128 0.792 0.0 -0.424 -0.439 -0.719 -0.0 -0.695 0.011 -0.992 0.0 0.055 0.11 0.683 0.0 -0.73 0.01 0.993 0.0 0.023 0.116 
0.999 -0.018 0.038 -0.004 -0.77 -0.0 -0.637 0.043 -0.989 0.0 -0.031 -0.144 0.73 0.0 -0.671 -0.128 0.793 -0.0 -0.418 -0.443 -0.72 -0.0 -0.694 0.013 -0.992 -0.0 0.055 0.109 0.684 0.0 -0.729 0.013 0.993 0.0 0.021 0.115 
0.999 -0.018 0.037 -0.003 -0.77 -0.0 -0.637 0.043 -0.989 -0.0 -0.031 -0.144 0.73 0.0 -0.671 -0.128 0.793 0.0 -0.415 -0.445 -0.719 -0.0 -0.694 0.013 -0.993 -0.0 0.055 0.109 0.684 0.0 -0.729 0.011 0.993 0.0 0.021 0.117 
0.999 -0.019 0.038 -0.004 -0.77 -0.0 -0.637 0.043 -0.989 -0.0 -0.031 -0.144 0.73 0.0 -0.671 -0.127 0.793 0.0 -0.411 -0.449 -0.72 -0.0 -0.694 0.013 -0.992 -0.0 0.055 0.109 0.684 0.0 -0.729 0.013 0.993 0.0 0.02 0.116 
0.999 -0.019 0.038 -0.004 -0.77 -0.0 -0.637 0.044 -0.989 -0.0 -0.031 -0.145 0.73 0.0 -0.672 -0.126 0.793 0.0 -0.408 -0.452 -0.72 -0.0 -0.694 0.013 -0.993 -0.0 0.055 0.109 0.684 0.0 -0.729 0.013 0.993 0.0 0.021 0.115 
0.999 -0.019 0.038 -0.005 -0.77 -0.0 -0.637 0.043 -0.989 -0.0 -0.031 -0.144 0.73 0.0 -0.672 -0.124 0.793 0.0 -0.404 -0.456 -0.72 -0.0 -0.694 0.013 -0.993 -0.0 0.055 0.109 0.684 0.0 -0.729 0.013 0.993 0.0 0.02 0.115 
0.999 -0.018 0.037 -0.003 -0.77 -0.0 -0.637 0.043 -0.989 -0.0 -0.031 -0.144 0.73 0.0 -0.672 -0.122 0.793 0.0 -0.401 -0.459 -0.719 -0.0 -0.694 0.013 -0.993 -0.0 0.055 0.109 0.684 0.0 -0.729 0.011 0.993 0.0 0.021 0.117 
0.999 -0.018 0.038 -0.005 -0.77 -0.0 -0.637 0.042 -0.989 -0.0 -0.031 -0.144 0.73 0.0 -0.673 -0.118 0.792 0.0 -0.397 -0.464 -0.72 -0.0 -0.694 0.013 -0.993 0.0 0.055 0.109 0.684 0.0 -0.729 0.013 0.993 0.0 0.02 0.115 
0.999 -0.019 0.038 -0.004 -0.77 -0.0 -0.637 0.042 -0.989 -0.0 -0.031 -0.144 0.73 0.0 -0.674 -0.116 0.792 0.0 -0.393 -0.467 -0.72 -0.0 -0.694 0.013 -0.993 -0.0 0.055 0.109 0.684 0.0 -0.729 0.013 0.993 0.0 0.02 0.116 
0.999 -0.018 0.037 -0.003 -0.769 -0.0 -0.637 0.042 -0.989 -0.0 -0.03 -0.144 0.73 -0.0 -0.674 -0.114 0.792 0.0 -0.389 -0.471 -0.719 -0.0 -0.695 0.013 -0.993 -0.0 0.055 0.109 0.684 -0.0 -0.729 0.01 0.993 0.0 0.02 0.117 
0.999 -0.018 0.037 -0.003 -0.769 -0.0 -0.637 0.042 -0.989 -0.0 -0.03 -0.144 0.729 0.0 -0.675 -0.111 0.792 0.0 -0.384 -0.475 -0.719 -0.0 -0.695 0.012 -0.993 -0.0 0.055 0.109 0.685 0.0 -0.729 0.01 0.993 0.0 0.02 0.117 
0.999 -0.019 0.037 -0.003 -0.769 -0.0 -0.637 0.042 -0.989 -0.0 -0.03 -0.144 0.729 0.0 -0.675 -0.11 0.793 0.0 -0.379 -0.478 -0.719 -0.0 -0.695 0.013 -0.993 -0.0 0.055 0.109 0.684 -0.0 -0.729 0.011 0.993 0.0 0.02 0.117 
0.999 -0.019 0.038 -0.004 -0.77 -0.0 -0.637 0.042 -0.989 -0.0 -0.031 -0.144 0.729 0.0 -0.676 -0.106 0.792 0.0 -0.372 -0.484 -0.72 -0.0 -0.694 0.014 -0.993 -0.0 0.055 0.109 0.684 -0.0 -0.73 0.015 0.993 0.0 0.022 0.114 
0.999 -0.019 0.038 -0.005 -0.77 -0.0 -0.637 0.042 -0.989 -0.0 -0.031 -0.144 0.729 -0.0 -0.677 -0.102 0.792 -0.0 -0.366 -0.488 -0.72 -0.0 -0.694 0.014 -0.993 0.0 0.055 0.109 0.684 0.0 -0.729 0.014 0.993 0.0 0.02 0.115 
0.999 -0.019 0.038 -0.004 -0.77 -0.0 -0.637 0.042 -0.989 -0.0 -0.031 -0.144 0.728 0.0 -0.678 -0.099 0.792 0.0 -0.36 -0.493 -0.72 -0.0 -0.694 0.014 -0.993 -0.0 0.055 0.109 0.684 0.0 -0.729 0.014 0.993 0.0 0.02 0.115 
0.999 -0.019 0.037 -0.003 -0.769 -0.0 -0.637 0.042 -0.989 -0.0 -0.03 -0.144 0.728 0.0 -0.679 -0.096 0.791 0.0 -0.355 -0.498 -0.719 -0.0 -0.695 0.014 -0.993 -0.0 0.055 0.109 0.685 -0.0 -0.729 0.012 0.993 -0.0 0.02 0.116 
0.999 -0.02 0.038 -0.004 -0.77 0.0 -0.637 0.042 -0.989 -0.0 -0.031 -0.144 0.728 -0.0 -0.68 -0.092 0.791 0.0 -0.348 -0.504 -0.72 -0.0 -0.694 0.015 -0.993 -0.0 0.055 0.108 0.684 0.0 -0.73 0.015 0.993 0.0 0.022 0.114 
0.999 -0.02 0.038 -0.003 -0.77 -0.0 -0.637 0.042 -0.989 0.0 -0.031 -0.145 0.728 0.0 -0.68 -0.089 0.79 -0.0 -0.342 -0.509 -0.719 -0.0 -0.694 0.014 -0.993 -0.0 0.055 0.109 0.684 -0.0 -0.729 0.013 0.993 0.0 0.02 0.116 
0.999 -0.02 0.038 -0.005 -0.77 -0.0 -0.637 0.043 -0.989 -0.0 -0.031 -0.145 0.728 0.0 -0.681 -0.085 0.79 -0.0 -0.334 -0.515 -0.72 -0.0 -0.694 0.016 -0.993 -0.0 0.056 0.108 0.684 0.0 -0.729 0.016 0.993 0.0 0.021 0.115 
0.999 -0.021 0.038 -0.005 -0.77 0.0 -0.637 0.043 -0.989 -0.0 -0.031 -0.145 0.727 0.0 -0.681 -0.082 0.789 0.0 -0.326 -0.52 -0.72 -0.0 -0.694 0.016 -0.993 -0.0 0.056 0.108 0.684 0.0 -0.729 0.017 0.993 0.0 0.021 0.114 
0.999 -0.02 0.038 -0.004 -0.77 -0.0 -0.637 0.043 -0.989 -0.0 -0.031 -0.145 0.727 -0.0 -0.682 -0.078 0.788 0.0 -0.321 -0.525 -0.72 -0.0 -0.694 0.016 -0.993 -0.0 0.055 0.108 0.684 0.0 -0.73 0.016 0.993 0.0 0.023 0.114 
0.999 -0.02 0.038 -0.003 -0.77 0.0 -0.637 0.043 -0.989 -0.0 -0.031 -0.145 0.727 0.0 -0.682 -0.077 0.789 0.0 -0.313 -0.528 -0.719 -0.0 -0.694 0.016 -0.993 -0.0 0.055 0.109 0.685 0.0 -0.729 0.013 0.993 -0.0 0.02 0.117 
0.999 -0.021 0.038 -0.003 -0.77 -0.0 -0.637 0.043 -0.989 -0.0 -0.031 -0.145 0.727 0.0 -0.683 -0.075 0.789 -0.0 -0.305 -0.533 -0.719 -0.0 -0.694 0.016 -0.993 -0.0 0.055 0.108 0.685 0.0 -0.729 0.014 0.993 0.0 0.02 0.117 
0.999 -0.021 0.037 -0.003 -0.77 -0.0 -0.637 0.043 -0.989 -0.0 -0.031 -0.145 0.727 0.0 -0.683 -0.072 0.789 -0.0 -0.297 -0.537 -0.719 -0.0 -0.694 0.017 -0.993 -0.0 0.055 0.108 0.684 0.0 -0.729 0.015 0.993 -0.0 0.023 0.116 
0.999 -0.021 0.038 -0.003 -0.77 -0.0 -0.637 0.044 -0.989 -0.0 -0.031 -0.145 0.727 0.0 -0.684 -0.069 0.789 0.0 -0.29 -0.541 -0.719 -0.0 -0.694 0.017 -0.993 -0.0 0.055 0.108 0.685 0.0 -0.729 0.015 0.993 0.0 0.02 0.117 
0.999 -0.022 0.038 -0.003 -0.77 -0.0 -0.637 0.044 -0.989 0.0 -0.031 -0.145 0.727 0.0 -0.684 -0.068 0.79 0.0 -0.281 -0.545 -0.719 0.0 -0.694 0.018 -0.993 -0.0 0.055 0.108 0.685 0.0 -0.729 0.015 0.993 0.0 0.02 0.117 
0.999 -0.022 0.038 -0.003 -0.77 -0.0 -0.637 0.045 -0.989 -0.0 -0.032 -0.145 0.726 0.0 -0.684 -0.067 0.791 0.0 -0.271 -0.549 -0.719 0.0 -0.694 0.019 -0.993 -0.0 0.055 0.108 0.685 0.0 -0.729 0.016 0.993 0.0 0.021 0.117 
0.999 -0.023 0.038 -0.003 -0.77 -0.0 -0.637 0.045 -0.989 0.0 -0.032 -0.145 0.726 0.0 -0.685 -0.063 0.791 -0.0 -0.263 -0.552 -0.719 0.0 -0.694 0.019 -0.993 -0.0 0.056 0.108 0.684 0.0 -0.729 0.018 0.993 0.0 0.023 0.115 
0.999 -0.023 0.038 -0.003 -0.77 -0.0 -0.637 0.046 -0.989 -0.0 -0.032 -0.144 0.726 -0.0 -0.685 -0.061 0.791 0.0 -0.254 -0.556 -0.719 -0.0 -0.694 0.02 -0.993 -0.0 0.056 0.107 0.685 0.0 -0.728 0.017 0.993 0.0 0.021 0.116 
0.999 -0.023 0.038 -0.003 -0.77 0.0 -0.637 0.046 -0.989 0.0 -0.032 -0.144 0.726 0.0 -0.686 -0.058 0.791 0.0 -0.248 -0.56 -0.719 0.0 -0.694 0.02 -0.993 -0.0 0.056 0.107 0.685 0.0 -0.729 0.018 0.993 0.0 0.021 0.116 
0.999 -0.023 0.038 -0.003 -0.77 0.0 -0.637 0.046 -0.989 0.0 -0.032 -0.144 0.726 -0.0 -0.686 -0.055 0.791 -0.0 -0.24 -0.563 -0.719 -0.0 -0.694 0.021 -0.993 -0.0 0.056 0.107 0.685 0.0 -0.728 0.018 0.993 0.0 0.021 0.117 
0.999 -0.023 0.038 -0.003 -0.77 -0.0 -0.637 0.046 -0.989 -0.0 -0.032 -0.144 0.726 0.0 -0.685 -0.054 0.791 0.0 -0.232 -0.566 -0.719 0.0 -0.694 0.021 -0.993 -0.0 0.056 0.107 0.685 0.0 -0.728 0.018 0.993 0.0 0.021 0.116 
0.999 -0.024 0.038 -0.003 -0.77 0.0 -0.636 0.046 -0.989 -0.0 -0.032 -0.144 0.728 0.0 -0.684 -0.052 0.791 0.0 -0.227 -0.568 -0.719 0.0 -0.694 0.021 -0.993 -0.0 0.056 0.107 0.685 -0.0 -0.729 0.018 0.993 -0.0 0.021 0.117 
0.999 -0.024 0.038 -0.003 -0.77 -0.0 -0.636 0.046 -0.989 0.0 -0.032 -0.143 0.728 0.0 -0.684 -0.049 0.791 0.0 -0.221 -0.57 -0.719 -0.0 -0.694 0.022 -0.993 -0.0 0.056 0.107 0.684 -0.0 -0.729 0.02 0.993 0.0 0.024 0.115 
0.999 -0.024 0.038 -0.004 -0.77 -0.0 -0.636 0.046 -0.989 -0.0 -0.032 -0.143 0.729 0.0 -0.683 -0.047 0.791 0.0 -0.214 -0.573 -0.719 -0.0 -0.694 0.023 -0.993 -0.0 0.057 0.107 0.685 0.0 -0.729 0.02 0.993 0.0 0.021 0.116 
0.999 -0.024 0.038 -0.003 -0.77 -0.0 -0.636 0.047 -0.989 -0.0 -0.032 -0.143 0.729 0.0 -0.683 -0.045 0.792 0.0 -0.205 -0.576 -0.719 -0.0 -0.695 0.023 -0.993 -0.0 0.057 0.107 0.685 -0.0 -0.729 0.02 0.993 0.0 0.021 0.116 
0.999 -0.025 0.038 -0.003 -0.77 -0.0 -0.636 0.047 -0.989 -0.0 -0.032 -0.143 0.729 0.0 -0.683 -0.042 0.791 0.0 -0.198 -0.578 -0.719 -0.0 -0.694 0.023 -0.993 -0.0 0.056 0.107 0.684 0.0 -0.729 0.021 0.993 0.0 0.024 0.115 
0.999 -0.025 0.038 -0.003 -0.77 0.0 -0.636 0.047 -0.989 0.0 -0.032 -0.143 0.729 0.0 -0.683 -0.04 0.792 -0.0 -0.189 -0.581 -0.719 -0.0 -0.695 0.024 -0.993 -0.0 0.057 0.107 0.685 0.0 -0.728 0.021 0.993 0.0 0.022 0.116 
0.999 -0.025 0.038 -0.003 -0.77 -0.0 -0.636 0.047 -0.989 -0.0 -0.032 -0.142 0.73 0.0 -0.683 -0.037 0.792 -0.0 -0.182 -0.583 -0.719 0.0 -0.695 0.024 -0.993 -0.0 0.057 0.107 0.685 0.0 -0.728 0.021 0.993 -0.0 0.022 0.116 
0.999 -0.025 0.038 -0.003 -0.77 -0.0 -0.636 0.047 -0.989 0.0 -0.032 -0.142 0.73 0.0 -0.683 -0.034 0.791 0.0 -0.172 -0.587 -0.719 -0.0 -0.695 0.024 -0.993 0.0 0.057 0.107 0.684 0.0 -0.729 0.022 0.993 0.0 0.024 0.115 
0.999 -0.026 0.038 -0.003 -0.77 -0.0 -0.636 0.048 -0.989 0.0 -0.032 -0.142 0.729 -0.0 -0.683 -0.034 0.793 0.0 -0.163 -0.587 -0.719 -0.0 -0.695 0.025 -0.993 -0.0 0.057 0.106 0.684 0.0 -0.729 0.023 0.993 0.0 0.024 0.115 
0.999 -0.026 0.038 -0.003 -0.77 0.0 -0.636 0.048 -0.989 -0.0 -0.032 -0.142 0.73 0.0 -0.682 -0.032 0.793 0.0 -0.151 -0.59 -0.719 -0.0 -0.695 0.026 -0.993 -0.0 0.057 0.107 0.684 0.0 -0.729 0.023 0.993 0.0 0.024 0.115 
0.999 -0.026 0.038 -0.003 -0.77 0.0 -0.636 0.048 -0.989 -0.0 -0.032 -0.142 0.73 0.0 -0.683 -0.029 0.793 0.0 -0.142 -0.593 -0.719 -0.0 -0.695 0.026 -0.993 -0.0 0.057 0.107 0.685 0.0 -0.728 0.023 0.993 0.0 0.022 0.116 
0.999 -0.026 0.038 -0.003 -0.77 -0.0 -0.636 0.048 -0.989 0.0 -0.032 -0.142 0.73 0.0 -0.683 -0.026 0.792 0.0 -0.133 -0.596 -0.719 -0.0 -0.695 0.026 -0.993 -0.0 0.057 0.106 0.685 0.0 -0.728 0.023 0.993 -0.0 0.022 0.116 
0.999 -0.027 0.038 -0.003 -0.77 -0.0 -0.636 0.048 -0.99 -0.0 -0.032 -0.141 0.731 0.0 -0.682 -0.022 0.791 0.0 -0.125 -0.599 -0.719 -0.0 -0.695 0.027 -0.993 0.0 0.057 0.106 0.684 0.0 -0.729 0.024 0.993 0.0 0.024 0.115 
0.999 -0.027 0.038 -0.002 -0.77 -0.0 -0.636 0.048 -0.99 0.0 -0.032 -0.141 0.731 0.0 -0.682 -0.019 0.792 0.0 -0.114 -0.599 -0.719 -0.0 -0.695 0.027 -0.993 -0.0 0.057 0.106 0.685 0.0 -0.728 0.024 0.993 0.0 0.022 0.116 
0.999 -0.027 0.038 -0.002 -0.77 -0.0 -0.636 0.048 -0.989 -0.0 -0.032 -0.142 0.73 0.0 -0.683 -0.016 0.792 0.0 -0.104 -0.602 -0.719 -0.0 -0.695 0.027 -0.993 -0.0 0.057 0.106 0.685 0.0 -0.728 0.024 0.993 0.0 0.022 0.116 
0.999 -0.027 0.038 -0.002 -0.77 -0.0 -0.636 0.048 -0.989 -0.0 -0.032 -0.142 0.73 0.0 -0.684 -0.012 0.792 0.0 -0.092 -0.604 -0.719 0.0 -0.695 0.027 -0.993 -0.0 0.057 0.106 0.685 0.0 -0.728 0.024 0.993 0.0 0.022 0.116 
0.999 -0.027 0.038 -0.002 -0.77 -0.0 -0.636 0.048 -0.989 -0.0 -0.032 -0.142 0.729 -0.0 -0.685 -0.008 0.792 0.0 -0.081 -0.605 -0.719 -0.0 -0.694 0.028 -0.993 -0.0 0.057 0.106 0.684 0.0 -0.729 0.024 0.993 0.0 0.023 0.116 
0.999 -0.027 0.038 -0.002 -0.77 -0.0 -0.636 0.048 -0.989 -0.0 -0.032 -0.142 0.728 -0.0 -0.685 -0.005 0.791 -0.0 -0.07 -0.607 -0.719 -0.0 -0.695 0.028 -0.993 -0.0 0.057 0.106 0.684 0.0 -0.729 0.025 0.993 0.0 0.025 0.116 
0.999 -0.027 0.038 -0.002 -0.77 -0.0 -0.636 0.048 -0.989 -0.0 -0.032 -0.142 0.728 0.0 -0.685 -0.002 0.791 0.0 -0.056 -0.609 -0.719 0.0 -0.695 0.028 -0.993 -0.0 0.057 0.106 0.684 0.0 -0.729 0.026 0.993 0.0 0.026 0.115 
0.999 -0.028 0.038 -0.003 -0.771 -0.0 -0.635 0.048 -0.989 -0.0 -0.033 -0.142 0.727 -0.0 -0.686 0.002 0.791 0.0 -0.037 -0.611 -0.719 -0.0 -0.694 0.029 -0.993 -0.0 0.057 0.106 0.685 0.0 -0.728 0.028 0.993 0.0 0.023 0.115 
0.999 -0.028 0.038 -0.003 -0.771 -0.0 -0.635 0.049 -0.989 -0.0 -0.033 -0.142 0.727 0.0 -0.687 0.005 0.793 0.0 -0.031 -0.609 -0.719 -0.0 -0.694 0.03 -0.993 -0.0 0.057 0.106 0.684 0.0 -0.729 0.029 0.993 0.0 0.025 0.114 
0.999 -0.028 0.038 -0.004 -0.771 -0.0 -0.635 0.049 -0.989 -0.0 -0.033 -0.142 0.727 0.0 -0.687 0.007 0.793 0.0 -0.02 -0.609 -0.719 -0.0 -0.694 0.03 -0.993 0.0 0.058 0.106 0.685 0.0 -0.728 0.028 0.993 0.0 0.023 0.115 
0.999 -0.029 0.038 -0.004 -0.771 -0.0 -0.635 0.049 -0.989 -0.0 -0.033 -0.142 0.725 0.0 -0.688 0.009 0.792 0.0 -0.007 -0.611 -0.719 -0.0 -0.694 0.03 -0.993 -0.0 0.058 0.106 0.685 0.0 -0.728 0.029 0.993 0.0 0.023 0.115 
0.999 -0.029 0.038 -0.004 -0.771 -0.0 -0.635 0.049 -0.989 -0.0 -0.033 -0.142 0.725 0.0 -0.689 0.011 0.791 -0.0 0.006 -0.612 -0.719 -0.0 -0.694 0.03 -0.993 -0.0 0.058 0.106 0.684 0.0 -0.729 0.029 0.993 0.0 0.025 0.114 
0.999 -0.029 0.038 -0.004 -0.771 -0.0 -0.635 0.049 -0.989 0.0 -0.034 -0.142 0.726 0.0 -0.688 0.021 0.787 0.0 0.008 -0.617 -0.719 -0.0 -0.694 0.031 -0.993 0.0 0.057 0.106 0.685 0.0 -0.728 0.029 0.993 0.0 0.023 0.115 
0.999 -0.029 0.038 -0.004 -0.771 -0.0 -0.635 0.049 -0.989 -0.0 -0.034 -0.142 0.725 -0.0 -0.688 0.023 0.787 -0.0 0.02 -0.616 -0.719 0.0 -0.694 0.031 -0.993 -0.0 0.058 0.106 0.685 0.0 -0.728 0.029 0.993 0.0 0.023 0.115 
0.999 -0.029 0.038 -0.004 -0.771 -0.0 -0.635 0.049 -0.989 -0.0 -0.033 -0.143 0.724 0.0 -0.689 0.026 0.787 -0.0 0.032 -0.617 -0.719 0.0 -0.694 0.031 -0.993 -0.0 0.058 0.106 0.685 0.0 -0.728 0.029 0.993 0.0 0.023 0.115 
0.999 -0.029 0.038 -0.004 -0.771 -0.0 -0.635 0.049 -0.989 -0.0 -0.033 -0.143 0.723 -0.0 -0.69 0.027 0.786 0.0 0.044 -0.617 -0.719 -0.0 -0.694 0.031 -0.993 0.0 0.058 0.106 0.685 0.0 -0.728 0.03 0.993 0.0 0.023 0.115 
0.999 -0.029 0.038 -0.004 -0.771 -0.0 -0.635 0.049 -0.989 -0.0 -0.034 -0.143 0.723 0.0 -0.691 0.03 0.786 0.0 0.057 -0.616 -0.719 -0.0 -0.694 0.031 -0.993 0.0 0.058 0.106 0.685 0.0 -0.728 0.03 0.993 -0.0 0.023 0.115 
0.999 -0.029 0.038 -0.004 -0.771 -0.0 -0.635 0.048 -0.989 -0.0 -0.033 -0.143 0.722 0.0 -0.691 0.033 0.784 0.0 0.067 -0.617 -0.719 -0.0 -0.694 0.03 -0.993 -0.0 0.057 0.106 0.685 0.0 -0.728 0.029 0.993 0.0 0.023 0.115 
0.999 -0.029 0.038 -0.004 -0.771 -0.0 -0.635 0.048 -0.989 -0.0 -0.033 -0.142 0.721 0.0 -0.692 0.035 0.784 -0.0 0.078 -0.616 -0.719 -0.0 -0.694 0.03 -0.993 -0.0 0.057 0.106 0.685 -0.0 -0.728 0.029 0.993 0.0 0.023 0.115 
0.999 -0.029 0.038 -0.004 -0.771 -0.0 -0.635 0.047 -0.989 -0.0 -0.033 -0.142 0.721 -0.0 -0.692 0.034 0.785 0.0 0.093 -0.613 -0.719 -0.0 -0.694 0.03 -0.993 -0.0 0.057 0.106 0.685 0.0 -0.728 0.029 0.993 0.0 0.023 0.115 
0.999 -0.028 0.038 -0.002 -0.771 0.0 -0.635 0.047 -0.989 -0.0 -0.033 -0.142 0.721 0.0 -0.693 0.035 0.785 0.0 0.103 -0.611 -0.719 -0.0 -0.695 0.029 -0.993 0.0 0.057 0.107 0.685 0.0 -0.728 0.026 0.993 0.0 0.023 0.117 
0.999 -0.028 0.039 -0.004 -0.771 -0.0 -0.635 0.047 -0.989 -0.0 -0.033 -0.142 0.72 0.0 -0.693 0.038 0.784 0.0 0.114 -0.611 -0.719 -0.0 -0.694 0.03 -0.993 -0.0 0.057 0.107 0.685 -0.0 -0.728 0.028 0.993 0.0 0.023 0.116 
0.999 -0.029 0.039 -0.004 -0.771 -0.0 -0.635 0.048 -0.989 -0.0 -0.034 -0.142 0.719 0.0 -0.694 0.04 0.783 -0.0 0.127 -0.609 -0.719 -0.0 -0.694 0.03 -0.993 -0.0 0.057 0.107 0.685 0.0 -0.728 0.03 0.993 0.0 0.023 0.115 
0.999 -0.029 0.038 -0.004 -0.771 -0.0 -0.635 0.048 -0.989 -0.0 -0.034 -0.142 0.719 0.0 -0.694 0.04 0.783 -0.0 0.14 -0.606 -0.719 -0.0 -0.694 0.031 -0.993 -0.0 0.057 0.106 0.685 0.0 -0.728 0.03 0.993 0.0 0.023 0.115 
0.999 -0.029 0.039 -0.004 -0.771 -0.0 -0.635 0.048 -0.989 -0.0 -0.034 -0.142 0.718 0.0 -0.695 0.041 0.783 0.0 0.15 -0.604 -0.719 -0.0 -0.694 0.031 -0.993 -0.0 0.057 0.107 0.684 0.0 -0.729 0.031 0.993 0.0 0.025 0.114 
0.999 -0.029 0.039 -0.004 -0.772 -0.0 -0.634 0.048 -0.989 -0.0 -0.035 -0.141 0.718 0.0 -0.695 0.042 0.782 0.0 0.163 -0.602 -0.719 -0.0 -0.694 0.031 -0.993 -0.0 0.057 0.107 0.685 -0.0 -0.728 0.03 0.993 -0.0 0.023 0.115 
0.999 -0.029 0.038 -0.004 -0.771 -0.0 -0.635 0.048 -0.989 -0.0 -0.034 -0.142 0.718 0.0 -0.695 0.045 0.781 -0.0 0.172 -0.601 -0.719 -0.0 -0.694 0.031 -0.993 -0.0 0.057 0.107 0.684 0.0 -0.729 0.031 0.993 -0.0 0.026 0.113 
0.999 -0.029 0.038 -0.004 -0.771 -0.0 -0.635 0.048 -0.989 -0.0 -0.034 -0.142 0.718 0.0 -0.695 0.047 0.78 0.0 0.182 -0.598 -0.719 -0.0 -0.694 0.031 -0.993 0.0 0.057 0.107 0.684 -0.0 -0.729 0.031 0.993 0.0 0.026 0.113 
0.999 -0.029 0.038 -0.003 -0.771 -0.0 -0.635 0.047 -0.989 -0.0 -0.034 -0.142 0.717 0.0 -0.695 0.05 0.779 -0.0 0.187 -0.598 -0.719 -0.0 -0.694 0.03 -0.993 -0.0 0.057 0.107 0.685 0.0 -0.728 0.03 0.993 0.0 0.023 0.114 
0.999 -0.029 0.039 -0.003 -0.771 -0.0 -0.635 0.047 -0.989 -0.0 -0.034 -0.142 0.717 -0.0 -0.695 0.051 0.779 0.0 0.196 -0.596 -0.719 -0.0 -0.694 0.03 -0.993 -0.0 0.057 0.107 0.685 0.0 -0.728 0.029 0.993 0.0 0.023 0.114 
0.999 -0.029 0.039 -0.003 -0.771 -0.0 -0.635 0.047 -0.989 -0.0 -0.034 -0.142 0.717 0.0 -0.695 0.051 0.779 0.0 0.208 -0.592 -0.719 -0.0 -0.694 0.031 -0.993 -0.0 0.057 0.107 0.685 0.0 -0.728 0.03 0.993 0.0 0.024 0.114 
0.999 -0.029 0.039 -0.003 -0.771 -0.0 -0.635 0.047 -0.989 -0.0 -0.034 -0.142 0.717 0.0 -0.695 0.052 0.779 0.0 0.218 -0.588 -0.719 0.0 -0.694 0.031 -0.993 -0.0 0.057 0.107 0.685 0.0 -0.728 0.03 0.993 0.0 0.023 0.114 
0.999 -0.029 0.039 -0.003 -0.771 -0.0 -0.635 0.047 -0.989 0.0 -0.034 -0.142 0.717 0.0 -0.695 0.054 0.778 0.0 0.228 -0.586 -0.719 -0.0 -0.694 0.031 -0.993 -0.0 0.057 0.107 0.685 0.0 -0.728 0.03 0.993 0.0 0.024 0.114 
0.999 -0.029 0.039 -0.002 -0.771 -0.0 -0.635 0.047 -0.989 -0.0 -0.034 -0.142 0.716 0.0 -0.696 0.054 0.776 0.0 0.24 -0.583 -0.719 -0.0 -0.694 0.031 -0.993 -0.0 0.057 0.107 0.685 0.0 -0.728 0.031 0.993 0.0 0.024 0.114 
0.999 -0.029 0.039 -0.002 -0.771 -0.0 -0.635 0.047 -0.989 -0.0 -0.034 -0.142 0.716 0.0 -0.696 0.056 0.775 0.0 0.251 -0.58 -0.719 -0.0 -0.694 0.032 -0.993 -0.0 0.057 0.107 0.685 0.0 -0.728 0.03 0.993 0.0 0.024 0.114 
0.999 -0.029 0.039 -0.002 -0.771 -0.0 -0.635 0.047 -0.989 -0.0 -0.034 -0.141 0.716 0.0 -0.696 0.057 0.774 -0.0 0.262 -0.577 -0.719 -0.0 -0.694 0.032 -0.993 -0.0 0.057 0.107 0.685 0.0 -0.728 0.031 0.993 0.0 0.024 0.114 
0.999 -0.029 0.039 -0.002 -0.771 -0.0 -0.635 0.047 -0.989 -0.0 -0.034 -0.141 0.715 0.0 -0.697 0.06 0.772 -0.0 0.273 -0.574 -0.719 -0.0 -0.694 0.032 -0.993 -0.0 0.057 0.107 0.684 -0.0 -0.729 0.032 0.993 0.0 0.027 0.113 
0.999 -0.029 0.039 -0.002 -0.772 -0.0 -0.634 0.047 -0.989 -0.0 -0.035 -0.141 0.715 0.0 -0.697 0.061 0.771 0.0 0.284 -0.569 -0.719 -0.0 -0.694 0.033 -0.993 -0.0 0.057 0.107 0.685 0.0 -0.728 0.031 0.993 0.0 0.024 0.114 
0.999 -0.029 0.039 -0.002 -0.771 -0.0 -0.635 0.047 -0.989 -0.0 -0.034 -0.141 0.715 0.0 -0.696 0.063 0.771 0.0 0.295 -0.565 -0.719 0.0 -0.694 0.033 -0.993 -0.0 0.057 0.107 0.685 0.0 -0.728 0.031 0.993 0.0 0.024 0.114 
0.999 -0.03 0.039 -0.001 -0.771 -0.0 -0.635 0.047 -0.989 -0.0 -0.034 -0.142 0.715 0.0 -0.696 0.064 0.771 0.0 0.305 -0.56 -0.719 -0.0 -0.694 0.033 -0.993 -0.0 0.057 0.107 0.684 -0.0 -0.729 0.032 0.993 0.0 0.026 0.112 
0.999 -0.03 0.039 -0.002 -0.771 -0.0 -0.635 0.047 -0.989 -0.0 -0.034 -0.142 0.715 0.0 -0.696 0.065 0.771 -0.0 0.315 -0.554 -0.719 -0.0 -0.694 0.033 -0.993 -0.0 0.057 0.107 0.685 -0.0 -0.728 0.032 0.993 0.0 0.024 0.113 
0.999 -0.03 0.039 -0.002 -0.771 -0.0 -0.635 0.047 -0.989 -0.0 -0.034 -0.143 0.716 0.0 -0.695 0.066 0.77 -0.0 0.325 -0.548 -0.719 -0.0 -0.694 0.033 -0.993 -0.0 0.057 0.107 0.685 0.0 -0.728 0.032 0.993 -0.0 0.025 0.113 
0.999 -0.03 0.039 -0.002 -0.771 -0.0 -0.635 0.048 -0.989 -0.0 -0.035 -0.143 0.716 0.0 -0.695 0.066 0.771 0.0 0.335 -0.542 -0.719 -0.0 -0.694 0.034 -0.993 -0.0 0.057 0.106 0.685 0.0 -0.728 0.032 0.993 -0.0 0.024 0.113 
0.999 -0.03 0.039 -0.002 -0.771 -0.0 -0.635 0.048 -0.989 -0.0 -0.035 -0.143 0.717 0.0 -0.694 0.067 0.771 -0.0 0.345 -0.536 -0.719 -0.0 -0.694 0.034 -0.993 -0.0 0.057 0.106 0.684 0.0 -0.729 0.034 0.993 0.0 0.027 0.112 
0.999 -0.03 0.039 -0.002 -0.771 -0.0 -0.635 0.048 -0.989 -0.0 -0.035 -0.143 0.717 0.0 -0.693 0.068 0.771 0.0 0.354 -0.53 -0.719 0.0 -0.694 0.034 -0.993 -0.0 0.057 0.106 0.684 0.0 -0.729 0.034 0.993 0.0 0.027 0.112 
0.999 -0.031 0.038 -0.002 -0.771 -0.0 -0.635 0.048 -0.989 -0.0 -0.035 -0.142 0.718 0.0 -0.693 0.069 0.771 0.0 0.365 -0.523 -0.719 -0.0 -0.695 0.035 -0.993 -0.0 0.058 0.106 0.684 0.0 -0.729 0.035 0.993 0.0 0.027 0.112 
0.999 -0.031 0.039 -0.003 -0.771 -0.0 -0.634 0.049 -0.989 -0.0 -0.036 -0.143 0.719 -0.0 -0.692 0.07 0.77 0.0 0.375 -0.516 -0.719 -0.0 -0.694 0.035 -0.993 -0.0 0.058 0.106 0.684 0.0 -0.729 0.035 0.993 0.0 0.027 0.112 
0.999 -0.031 0.038 -0.003 -0.772 -0.0 -0.634 0.049 -0.989 -0.0 -0.037 -0.142 0.719 0.0 -0.691 0.071 0.77 0.0 0.386 -0.508 -0.719 -0.0 -0.695 0.036 -0.993 -0.0 0.058 0.106 0.684 0.0 -0.729 0.036 0.993 0.0 0.027 0.112 
0.999 -0.031 0.038 -0.003 -0.772 -0.0 -0.634 0.049 -0.989 0.0 -0.037 -0.142 0.72 0.0 -0.69 0.072 0.77 0.0 0.395 -0.501 -0.719 -0.0 -0.694 0.035 -0.993 -0.0 0.058 0.106 0.684 0.0 -0.729 0.036 0.993 0.0 0.027 0.112 
0.999 -0.031 0.038 -0.004 -0.772 -0.0 -0.634 0.05 -0.989 -0.0 -0.038 -0.142 0.72 0.0 -0.69 0.074 0.769 0.0 0.403 -0.496 -0.719 -0.0 -0.695 0.036 -0.993 -0.0 0.058 0.105 0.685 -0.0 -0.728 0.036 0.993 0.0 0.025 0.113 
0.999 -0.031 0.039 -0.004 -0.772 -0.0 -0.633 0.05 -0.989 -0.0 -0.038 -0.142 0.721 0.0 -0.69 0.073 0.77 0.0 0.414 -0.486 -0.719 0.0 -0.694 0.036 -0.993 -0.0 0.058 0.106 0.685 -0.0 -0.728 0.036 0.993 0.0 0.025 0.113 
0.999 -0.032 0.038 -0.005 -0.772 -0.0 -0.633 0.05 -0.989 0.0 -0.039 -0.142 0.721 0.0 -0.689 0.073 0.77 0.0 0.423 -0.477 -0.719 0.0 -0.694 0.036 -0.993 -0.0 0.058 0.105 0.685 -0.0 -0.728 0.037 0.993 0.0 0.024 0.113 
0.999 -0.032 0.038 -0.005 -0.772 -0.0 -0.634 0.051 -0.989 -0.0 -0.038 -0.142 0.722 0.0 -0.689 0.072 0.771 0.0 0.431 -0.469 -0.719 -0.0 -0.694 0.037 -0.993 -0.0 0.058 0.105 0.685 0.0 -0.728 0.037 0.993 0.0 0.025 0.113 
0.999 -0.032 0.038 -0.005 -0.772 -0.0 -0.634 0.051 -0.989 -0.0 -0.039 -0.142 0.722 -0.0 -0.688 0.075 0.77 0.0 0.437 -0.465 -0.719 -0.0 -0.694 0.037 -0.993 -0.0 0.058 0.105 0.685 0.0 -0.728 0.037 0.993 0.0 0.025 0.113 
0.999 -0.032 0.038 -0.005 -0.772 0.0 -0.633 0.051 -0.989 -0.0 -0.038 -0.142 0.722 -0.0 -0.688 0.076 0.77 0.0 0.445 -0.458 -0.719 -0.0 -0.694 0.037 -0.993 0.0 0.058 0.105 0.685 0.0 -0.727 0.038 0.993 0.0 0.025 0.113 
0.999 -0.033 0.038 -0.005 -0.772 -0.0 -0.633 0.052 -0.989 -0.0 -0.039 -0.142 0.725 0.0 -0.685 0.076 0.772 0.0 0.45 -0.449 -0.719 -0.0 -0.694 0.038 -0.993 0.0 0.058 0.105 0.685 0.0 -0.727 0.039 0.993 0.0 0.025 0.113 
0.999 -0.033 0.038 -0.006 -0.772 0.0 -0.633 0.052 -0.989 -0.0 -0.039 -0.142 0.725 0.0 -0.685 0.075 0.772 0.0 0.458 -0.44 -0.719 0.0 -0.694 0.038 -0.993 0.0 0.059 0.104 0.685 0.0 -0.727 0.04 0.993 0.0 0.024 0.113 
0.999 -0.033 0.038 -0.006 -0.772 0.0 -0.633 0.052 -0.989 -0.0 -0.04 -0.141 0.726 0.0 -0.684 0.076 0.773 0.0 0.464 -0.432 -0.718 0.0 -0.694 0.039 -0.993 -0.0 0.059 0.104 0.685 0.0 -0.727 0.04 0.993 -0.0 0.025 0.112 
0.999 -0.033 0.038 -0.006 -0.773 -0.0 -0.633 0.053 -0.989 -0.0 -0.04 -0.141 0.726 0.0 -0.684 0.074 0.773 -0.0 0.473 -0.422 -0.719 -0.0 -0.694 0.039 -0.993 -0.0 0.059 0.104 0.684 -0.0 -0.728 0.041 0.993 -0.0 0.027 0.112 
0.999 -0.033 0.038 -0.006 -0.773 -0.0 -0.632 0.052 -0.989 -0.0 -0.041 -0.141 0.726 0.0 -0.684 0.076 0.773 -0.0 0.478 -0.416 -0.719 -0.0 -0.694 0.04 -0.993 -0.0 0.059 0.104 0.685 0.0 -0.727 0.041 0.993 0.0 0.025 0.113 
0.999 -0.034 0.038 -0.006 -0.773 -0.0 -0.632 0.053 -0.989 0.0 -0.041 -0.14 0.726 0.0 -0.684 0.077 0.773 0.0 0.484 -0.41 -0.719 -0.0 -0.694 0.04 -0.993 -0.0 0.059 0.104 0.685 -0.0 -0.727 0.041 0.993 0.0 0.025 0.113 
0.999 -0.034 0.038 -0.006 -0.773 0.0 -0.632 0.054 -0.989 -0.0 -0.041 -0.14 0.726 0.0 -0.683 0.077 0.774 0.0 0.489 -0.403 -0.719 0.0 -0.694 0.041 -0.993 -0.0 0.059 0.103 0.684 0.0 -0.728 0.042 0.993 0.0 0.027 0.111 
0.999 -0.034 0.038 -0.006 -0.773 -0.0 -0.632 0.054 -0.989 -0.0 -0.041 -0.14 0.726 0.0 -0.683 0.079 0.774 0.0 0.494 -0.397 -0.718 -0.0 -0.694 0.041 -0.993 -0.0 0.059 0.103 0.684 0.0 -0.728 0.042 0.993 0.0 0.027 0.112 
0.999 -0.034 0.038 -0.006 -0.773 -0.0 -0.632 0.054 -0.989 -0.0 -0.041 -0.141 0.726 0.0 -0.683 0.08 0.774 0.0 0.498 -0.39 -0.718 -0.0 -0.694 0.041 -0.993 -0.0 0.059 0.103 0.684 0.0 -0.728 0.042 0.993 0.0 0.028 0.112 
0.999 -0.034 0.038 -0.006 -0.774 -0.0 -0.631 0.055 -0.989 -0.0 -0.041 -0.139 0.726 0.0 -0.683 0.083 0.774 -0.0 0.5 -0.388 -0.719 0.0 -0.694 0.042 -0.993 -0.0 0.059 0.103 0.684 0.0 -0.728 0.043 0.993 0.0 0.027 0.112 
0.999 -0.035 0.038 -0.006 -0.774 -0.0 -0.631 0.054 -0.989 0.0 -0.041 -0.14 0.726 0.0 -0.683 0.085 0.775 -0.0 0.503 -0.384 -0.719 -0.0 -0.694 0.042 -0.993 -0.0 0.059 0.103 0.685 0.0 -0.728 0.042 0.993 0.0 0.026 0.113 
0.999 -0.035 0.038 -0.005 -0.774 -0.0 -0.631 0.055 -0.989 0.0 -0.041 -0.14 0.726 0.0 -0.683 0.085 0.776 0.0 0.507 -0.376 -0.719 -0.0 -0.694 0.042 -0.993 -0.0 0.059 0.103 0.685 0.0 -0.728 0.042 0.993 0.0 0.026 0.113 
0.999 -0.035 0.038 -0.005 -0.774 -0.0 -0.631 0.055 -0.99 0.0 -0.04 -0.138 0.726 -0.0 -0.683 0.086 0.776 0.0 0.509 -0.372 -0.719 -0.0 -0.694 0.043 -0.993 -0.0 0.06 0.103 0.684 0.0 -0.728 0.044 0.993 -0.0 0.028 0.112 
0.999 -0.035 0.038 -0.005 -0.774 -0.0 -0.631 0.055 -0.989 -0.0 -0.041 -0.139 0.726 -0.0 -0.682 0.09 0.776 0.0 0.509 -0.372 -0.719 -0.0 -0.694 0.044 -0.993 -0.0 0.06 0.103 0.684 0.0 -0.728 0.044 0.993 0.0 0.028 0.111 
0.999 -0.035 0.038 -0.005 -0.774 -0.0 -0.631 0.056 -0.989 -0.0 -0.041 -0.141 0.726 -0.0 -0.682 0.089 0.778 0.0 0.512 -0.365 -0.719 -0.0 -0.694 0.044 -0.993 -0.0 0.06 0.103 0.684 0.0 -0.728 0.045 0.993 0.0 0.028 0.111 
0.999 -0.036 0.038 -0.005 -0.774 -0.0 -0.631 0.056 -0.989 -0.0 -0.041 -0.14 0.726 0.0 -0.682 0.091 0.779 0.0 0.512 -0.363 -0.719 0.0 -0.694 0.044 -0.993 -0.0 0.06 0.103 0.684 0.0 -0.728 0.045 0.993 0.0 0.028 0.112 
0.999 -0.036 0.038 -0.005 -0.774 -0.0 -0.631 0.057 -0.989 -0.0 -0.041 -0.14 0.726 -0.0 -0.682 0.092 0.779 -0.0 0.514 -0.359 -0.719 -0.0 -0.694 0.045 -0.993 -0.0 0.06 0.103 0.685 0.0 -0.728 0.045 0.993 0.0 0.026 0.113 
0.999 -0.036 0.038 -0.005 -0.774 0.0 -0.63 0.057 -0.989 -0.0 -0.042 -0.14 0.725 0.0 -0.682 0.093 0.779 -0.0 0.516 -0.356 -0.719 -0.0 -0.694 0.045 -0.993 0.0 0.06 0.103 0.684 -0.0 -0.728 0.046 0.993 0.0 0.029 0.112 
0.999 -0.036 0.038 -0.004 -0.774 0.0 -0.63 0.058 -0.989 -0.0 -0.042 -0.141 0.725 0.0 -0.682 0.097 0.779 0.0 0.516 -0.356 -0.719 -0.0 -0.694 0.046 -0.993 -0.0 0.06 0.103 0.684 0.0 -0.728 0.046 0.993 -0.0 0.029 0.112 
0.999 -0.036 0.038 -0.004 -0.774 -0.0 -0.631 0.059 -0.989 -0.0 -0.042 -0.141 0.725 0.0 -0.682 0.096 0.78 0.0 0.519 -0.35 -0.719 -0.0 -0.694 0.046 -0.993 -0.0 0.06 0.103 0.684 0.0 -0.728 0.046 0.993 0.0 0.029 0.111 
0.999 -0.037 0.038 -0.004 -0.774 -0.0 -0.63 0.059 -0.989 -0.0 -0.042 -0.14 0.725 0.0 -0.682 0.097 0.781 0.0 0.519 -0.348 -0.719 -0.0 -0.694 0.047 -0.993 -0.0 0.061 0.102 0.683 0.0 -0.728 0.047 0.993 0.0 0.029 0.111 
0.999 -0.037 0.038 -0.004 -0.774 -0.0 -0.63 0.06 -0.989 -0.0 -0.043 -0.142 0.725 0.0 -0.682 0.098 0.781 0.0 0.519 -0.347 -0.719 -0.0 -0.694 0.048 -0.993 -0.0 0.06 0.102 0.683 0.0 -0.729 0.047 0.993 0.0 0.029 0.111 
0.999 -0.037 0.038 -0.003 -0.774 -0.0 -0.63 0.06 -0.989 0.0 -0.043 -0.141 0.724 0.0 -0.683 0.099 0.782 0.0 0.519 -0.346 -0.719 -0.0 -0.694 0.048 -0.993 0.0 0.06 0.102 0.683 0.0 -0.729 0.048 0.993 0.0 0.029 0.111 
0.999 -0.037 0.038 -0.003 -0.774 -0.0 -0.63 0.06 -0.989 -0.0 -0.043 -0.142 0.723 0.0 -0.684 0.098 0.782 -0.0 0.52 -0.342 -0.719 -0.0 -0.693 0.049 -0.993 -0.0 0.061 0.102 0.684 0.0 -0.728 0.047 0.993 0.0 0.027 0.113 
0.999 -0.038 0.038 -0.003 -0.774 -0.0 -0.63 0.061 -0.989 -0.0 -0.044 -0.141 0.723 0.0 -0.684 0.097 0.783 -0.0 0.52 -0.34 -0.719 0.0 -0.693 0.049 -0.993 -0.0 0.061 0.102 0.684 0.0 -0.728 0.047 0.993 -0.0 0.027 0.112 
0.999 -0.038 0.038 -0.003 -0.774 -0.0 -0.63 0.061 -0.989 -0.0 -0.044 -0.141 0.723 0.0 -0.684 0.098 0.784 0.0 0.519 -0.34 -0.719 -0.0 -0.693 0.05 -0.993 -0.0 0.061 0.102 0.684 0.0 -0.728 0.048 0.993 0.0 0.027 0.112 
0.999 -0.038 0.038 -0.002 -0.774 -0.0 -0.63 0.062 -0.989 -0.0 -0.045 -0.14 0.722 0.0 -0.685 0.098 0.784 0.0 0.519 -0.339 -0.719 -0.0 -0.693 0.05 -0.993 -0.0 0.061 0.102 0.683 0.0 -0.729 0.049 0.993 0.0 0.029 0.111 
0.999 -0.038 0.039 -0.002 -0.774 -0.0 -0.63 0.062 -0.989 -0.0 -0.046 -0.139 0.722 0.0 -0.685 0.098 0.785 0.0 0.519 -0.339 -0.719 -0.0 -0.693 0.05 -0.993 -0.0 0.062 0.102 0.684 0.0 -0.728 0.048 0.993 0.0 0.027 0.112 
0.999 -0.038 0.039 -0.002 -0.774 -0.0 -0.63 0.062 -0.989 -0.0 -0.046 -0.138 0.721 0.0 -0.686 0.097 0.786 0.0 0.518 -0.338 -0.719 -0.0 -0.693 0.051 -0.993 -0.0 0.062 0.102 0.684 -0.0 -0.728 0.048 0.993 0.0 0.027 0.112 
0.999 -0.038 0.039 -0.001 -0.774 -0.0 -0.63 0.062 -0.989 -0.0 -0.047 -0.138 0.721 0.0 -0.686 0.097 0.786 0.0 0.518 -0.338 -0.719 -0.0 -0.693 0.051 -0.993 -0.0 0.062 0.102 0.684 0.0 -0.728 0.048 0.993 0.0 0.027 0.112 
0.999 -0.038 0.039 -0.001 -0.774 -0.0 -0.63 0.062 -0.989 -0.0 -0.048 -0.137 0.721 0.0 -0.686 0.096 0.787 0.0 0.517 -0.338 -0.719 -0.0 -0.693 0.052 -0.993 -0.0 0.062 0.102 0.684 0.0 -0.728 0.048 0.993 0.0 0.027 0.112 
0.999 -0.038 0.039 0.0 -0.774 -0.0 -0.63 0.063 -0.989 -0.0 -0.048 -0.137 0.721 0.0 -0.687 0.096 0.787 -0.0 0.516 -0.338 -0.719 -0.0 -0.693 0.052 -0.993 -0.0 0.062 0.102 0.683 0.0 -0.728 0.048 0.993 0.0 0.027 0.112 
0.999 -0.038 0.039 0.001 -0.774 0.0 -0.63 0.063 -0.989 -0.0 -0.048 -0.137 0.721 0.0 -0.687 0.096 0.787 -0.0 0.515 -0.339 -0.719 0.0 -0.693 0.052 -0.993 0.0 0.062 0.102 0.683 0.0 -0.729 0.047 0.993 0.0 0.027 0.112 
0.999 -0.038 0.039 0.001 -0.774 -0.0 -0.63 0.062 -0.99 -0.0 -0.048 -0.136 0.721 0.0 -0.687 0.096 0.787 -0.0 0.514 -0.341 -0.719 -0.0 -0.693 0.052 -0.993 -0.0 0.062 0.102 0.683 -0.0 -0.729 0.047 0.993 -0.0 0.027 0.112 
0.999 -0.038 0.039 0.002 -0.774 0.0 -0.63 0.062 -0.99 -0.0 -0.049 -0.136 0.721 0.0 -0.687 0.095 0.788 -0.0 0.514 -0.34 -0.719 -0.0 -0.693 0.052 -0.993 -0.0 0.062 0.102 0.683 0.0 -0.729 0.047 0.993 0.0 0.027 0.112 
0.998 -0.038 0.039 0.003 -0.774 -0.0 -0.63 0.063 -0.99 -0.0 -0.049 -0.136 0.721 0.0 -0.687 0.093 0.788 0.0 0.513 -0.34 -0.719 -0.0 -0.693 0.053 -0.993 -0.0 0.062 0.102 0.683 0.0 -0.729 0.047 0.993 0.0 0.028 0.112 
0.998 -0.038 0.039 0.004 -0.774 -0.0 -0.631 0.063 -0.99 0.0 -0.049 -0.136 0.721 0.0 -0.687 0.092 0.788 -0.0 0.512 -0.34 -0.719 -0.0 -0.693 0.053 -0.993 -0.0 0.062 0.102 0.682 0.0 -0.73 0.048 0.993 0.0 0.03 0.111 
0.998 -0.038 0.039 0.005 -0.773 -0.0 -0.631 0.062 -0.99 0.0 -0.048 -0.135 0.721 0.0 -0.687 0.091 0.789 0.0 0.512 -0.34 -0.719 -0.0 -0.693 0.053 -0.993 0.0 0.062 0.102 0.683 0.0 -0.729 0.047 0.993 0.0 0.028 0.112 
0.998 -0.039 0.039 0.006 -0.773 -0.0 -0.631 0.062 -0.99 -0.0 -0.049 -0.134 0.721 -0.0 -0.687 0.089 0.789 -0.0 0.511 -0.34 -0.719 -0.0 -0.693 0.054 -0.993 -0.0 0.062 0.102 0.683 0.0 -0.729 0.047 0.993 -0.0 0.028 0.112 
0.998 -0.038 0.039 0.006 -0.773 0.0 -0.631 0.062 -0.99 -0.0 -0.049 -0.134 0.72 0.0 -0.688 0.089 0.789 -0.0 0.511 -0.34 -0.719 -0.0 -0.693 0.053 -0.993 -0.0 0.062 0.103 0.683 0.0 -0.729 0.046 0.993 0.0 0.028 0.112 
0.998 -0.038 0.039 0.007 -0.773 -0.0 -0.631 0.062 -0.99 -0.0 -0.049 -0.135 0.721 0.0 -0.688 0.087 0.789 0.0 0.511 -0.341 -0.719 -0.0 -0.693 0.053 -0.993 -0.0 0.062 0.103 0.682 0.0 -0.73 0.047 0.993 0.0 0.03 0.11 
0.998 -0.038 0.04 0.008 -0.773 -0.0 -0.632 0.062 -0.99 -0.0 -0.049 -0.135 0.721 0.0 -0.688 0.087 0.789 0.0 0.511 -0.341 -0.719 -0.0 -0.693 0.053 -0.993 -0.0 0.062 0.103 0.683 -0.0 -0.729 0.046 0.993 0.0 0.028 0.112 
0.998 -0.038 0.04 0.008 -0.773 0.0 -0.631 0.061 -0.99 -0.0 -0.049 -0.133 0.721 0.0 -0.688 0.086 0.789 -0.0 0.51 -0.341 -0.719 -0.0 -0.693 0.054 -0.993 -0.0 0.062 0.104 0.682 -0.0 -0.73 0.046 0.993 -0.0 0.03 0.11 
0.998 -0.039 0.04 0.009 -0.773 -0.0 -0.632 0.06 -0.99 -0.0 -0.049 -0.133 0.721 0.0 -0.688 0.085 0.789 0.0 0.51 -0.342 -0.719 -0.0 -0.693 0.054 -0.993 -0.0 0.061 0.104 0.683 0.0 -0.729 0.046 0.993 0.0 0.028 0.111 
0.998 -0.038 0.04 0.01 -0.772 -0.0 -0.632 0.06 -0.99 -0.0 -0.048 -0.134 0.721 0.0 -0.688 0.084 0.789 0.0 0.509 -0.343 -0.719 0.0 -0.693 0.054 -0.993 -0.0 0.061 0.104 0.682 0.0 -0.73 0.046 0.993 0.0 0.031 0.11 
0.998 -0.038 0.04 0.011 -0.772 -0.0 -0.632 0.06 -0.99 -0.0 -0.048 -0.135 0.721 0.0 -0.688 0.084 0.789 0.0 0.509 -0.344 -0.719 -0.0 -0.692 0.054 -0.993 -0.0 0.061 0.104 0.682 0.0 -0.73 0.045 0.993 0.0 0.03 0.11 
0.998 -0.039 0.04 0.011 -0.772 -0.0 -0.633 0.06 -0.99 -0.0 -0.049 -0.135 0.722 -0.0 -0.687 0.084 0.789 0.0 0.508 -0.345 -0.719 -0.0 -0.693 0.054 -0.993 -0.0 0.061 0.105 0.682 0.0 -0.73 0.046 0.993 0.0 0.031 0.11 
0.998 -0.038 0.04 0.011 -0.772 -0.0 -0.633 0.06 -0.99 -0.0 -0.048 -0.136 0.722 0.0 -0.687 0.084 0.788 0.0 0.508 -0.348 -0.719 0.0 -0.693 0.054 -0.993 -0.0 0.061 0.105 0.682 -0.0 -0.73 0.045 0.993 0.0 0.031 0.11 
0.998 -0.038 0.04 0.012 -0.772 -0.0 -0.633 0.06 -0.989 0.0 -0.049 -0.137 0.722 0.0 -0.687 0.083 0.788 -0.0 0.508 -0.347 -0.719 -0.0 -0.693 0.054 -0.993 0.0 0.061 0.105 0.683 0.0 -0.729 0.044 0.993 -0.0 0.029 0.111 
0.998 -0.039 0.04 0.012 -0.772 -0.0 -0.633 0.06 -0.989 -0.0 -0.049 -0.138 0.723 0.0 -0.686 0.082 0.789 0.0 0.507 -0.347 -0.719 0.0 -0.693 0.054 -0.993 -0.0 0.061 0.105 0.682 0.0 -0.73 0.045 0.993 0.0 0.031 0.11 
0.998 -0.038 0.039 0.012 -0.772 -0.0 -0.633 0.059 -0.989 0.0 -0.049 -0.139 0.723 0.0 -0.686 0.083 0.788 0.0 0.507 -0.351 -0.719 -0.0 -0.693 0.054 -0.993 -0.0 0.06 0.105 0.682 0.0 -0.73 0.045 0.993 0.0 0.031 0.11 
0.998 -0.038 0.039 0.012 -0.772 -0.0 -0.633 0.059 -0.989 -0.0 -0.049 -0.14 0.724 0.0 -0.685 0.083 0.788 -0.0 0.506 -0.351 -0.719 -0.0 -0.693 0.054 -0.993 -0.0 0.06 0.105 0.683 0.0 -0.729 0.044 0.993 -0.0 0.029 0.111 
0.998 -0.038 0.039 0.012 -0.772 -0.0 -0.633 0.059 -0.989 -0.0 -0.05 -0.14 0.724 0.0 -0.685 0.082 0.787 -0.0 0.507 -0.35 -0.719 -0.0 -0.693 0.054 -0.993 -0.0 0.06 0.105 0.683 0.0 -0.729 0.044 0.993 0.0 0.029 0.111 
0.998 -0.038 0.039 0.012 -0.772 -0.0 -0.633 0.058 -0.989 -0.0 -0.05 -0.142 0.724 -0.0 -0.685 0.082 0.787 -0.0 0.507 -0.352 -0.719 -0.0 -0.693 0.053 -0.993 -0.0 0.06 0.105 0.683 0.0 -0.729 0.044 0.993 0.0 0.029 0.111 
0.998 -0.038 0.039 0.012 -0.772 -0.0 -0.633 0.058 -0.989 -0.0 -0.05 -0.141 0.724 0.0 -0.685 0.081 0.787 0.0 0.508 -0.351 -0.719 -0.0 -0.693 0.053 -0.993 0.0 0.06 0.105 0.683 0.0 -0.729 0.044 0.993 0.0 0.029 0.111 
0.998 -0.038 0.039 0.012 -0.772 -0.0 -0.634 0.058 -0.988 -0.0 -0.051 -0.143 0.724 0.0 -0.685 0.081 0.786 0.0 0.508 -0.352 -0.719 -0.0 -0.693 0.053 -0.993 0.0 0.06 0.105 0.683 0.0 -0.729 0.044 0.993 0.0 0.029 0.112 
0.998 -0.038 0.039 0.012 -0.771 -0.0 -0.634 0.058 -0.988 -0.0 -0.051 -0.144 0.724 0.0 -0.685 0.081 0.786 0.0 0.508 -0.353 -0.719 -0.0 -0.693 0.053 -0.993 -0.0 0.06 0.105 0.683 0.0 -0.729 0.043 0.993 0.0 0.029 0.112 
0.998 -0.038 0.039 0.012 -0.771 -0.0 -0.634 0.057 -0.988 -0.0 -0.051 -0.144 0.724 0.0 -0.685 0.08 0.785 0.0 0.509 -0.352 -0.719 -0.0 -0.693 0.053 -0.993 -0.0 0.06 0.105 0.683 0.0 -0.729 0.043 0.993 0.0 0.029 0.112 
0.998 -0.038 0.039 0.012 -0.771 0.0 -0.634 0.057 -0.988 -0.0 -0.051 -0.145 0.724 0.0 -0.685 0.08 0.784 0.0 0.509 -0.354 -0.719 -0.0 -0.693 0.052 -0.993 -0.0 0.06 0.105 0.683 0.0 -0.729 0.043 0.993 0.0 0.029 0.112 
0.998 -0.038 0.039 0.011 -0.771 -0.0 -0.634 0.057 -0.988 -0.0 -0.051 -0.145 0.724 0.0 -0.685 0.08 0.784 0.0 0.51 -0.354 -0.719 -0.0 -0.693 0.052 -0.993 -0.0 0.06 0.105 0.683 -0.0 -0.729 0.043 0.993 0.0 0.029 0.112 
0.998 -0.038 0.039 0.011 -0.771 -0.0 -0.634 0.056 -0.988 -0.0 -0.051 -0.146 0.724 0.0 -0.685 0.08 0.784 0.0 0.51 -0.354 -0.719 0.0 -0.693 0.052 -0.993 0.0 0.06 0.105 0.683 0.0 -0.729 0.043 0.993 0.0 0.028 0.112 
0.998 -0.038 0.039 0.011 -0.771 -0.0 -0.634 0.056 -0.988 0.0 -0.052 -0.146 0.724 -0.0 -0.685 0.081 0.783 0.0 0.51 -0.355 -0.719 -0.0 -0.693 0.052 -0.993 -0.0 0.06 0.105 0.684 0.0 -0.729 0.043 0.993 0.0 0.029 0.112 
0.998 -0.038 0.039 0.011 -0.771 -0.0 -0.634 0.056 -0.988 -0.0 -0.052 -0.147 0.723 0.0 -0.686 0.08 0.784 -0.0 0.51 -0.355 -0.719 -0.0 -0.693 0.051 -0.993 -0.0 0.06 0.105 0.684 0.0 -0.729 0.042 0.993 0.0 0.028 0.112 
0.998 -0.038 0.039 0.01 -0.771 -0.0 -0.634 0.055 -0.988 0.0 -0.052 -0.147 0.724 0.0 -0.685 0.081 0.783 0.0 0.51 -0.356 -0.719 -0.0 -0.693 0.052 -0.993 -0.0 0.06 0.105 0.684 0.0 -0.729 0.042 0.993 0.0 0.028 0.112 
0.998 -0.038 0.039 0.01 -0.772 -0.0 -0.634 0.054 -0.988 -0.0 -0.053 -0.147 0.724 0.0 -0.685 0.081 0.783 0.0 0.51 -0.357 -0.719 -0.0 -0.693 0.052 -0.993 -0.0 0.06 0.104 0.684 0.0 -0.729 0.043 0.993 0.0 0.028 0.112 
0.998 -0.038 0.039 0.01 -0.771 0.0 -0.634 0.054 -0.988 -0.0 -0.052 -0.148 0.724 0.0 -0.685 0.081 0.783 0.0 0.51 -0.356 -0.719 0.0 -0.693 0.051 -0.993 0.0 0.06 0.104 0.684 0.0 -0.729 0.042 0.993 -0.0 0.028 0.112 
0.998 -0.038 0.039 0.009 -0.771 -0.0 -0.634 0.054 -0.988 -0.0 -0.053 -0.148 0.724 0.0 -0.685 0.081 0.783 0.0 0.51 -0.357 -0.719 0.0 -0.693 0.051 -0.993 -0.0 0.06 0.104 0.684 0.0 -0.729 0.042 0.993 -0.0 0.028 0.112 
0.998 -0.038 0.039 0.009 -0.771 0.0 -0.634 0.054 -0.987 -0.0 -0.053 -0.149 0.724 -0.0 -0.685 0.081 0.783 0.0 0.51 -0.357 -0.719 0.0 -0.693 0.051 -0.993 -0.0 0.06 0.104 0.684 -0.0 -0.729 0.042 0.993 0.0 0.028 0.112 
0.998 -0.038 0.039 0.009 -0.771 -0.0 -0.634 0.054 -0.987 -0.0 -0.053 -0.15 0.724 -0.0 -0.685 0.081 0.783 0.0 0.51 -0.357 -0.719 0.0 -0.693 0.051 -0.993 -0.0 0.06 0.104 0.684 -0.0 -0.729 0.042 0.993 0.0 0.028 0.112 
0.998 -0.037 0.039 0.009 -0.772 0.0 -0.634 0.055 -0.987 -0.0 -0.053 -0.15 0.724 0.0 -0.685 0.082 0.783 0.0 0.508 -0.359 -0.719 -0.0 -0.693 0.05 -0.993 -0.0 0.06 0.104 0.684 0.0 -0.729 0.042 0.993 -0.0 0.028 0.112 
0.998 -0.037 0.039 0.008 -0.772 -0.0 -0.633 0.054 -0.987 -0.0 -0.053 -0.15 0.724 0.0 -0.685 0.082 0.783 0.0 0.508 -0.36 -0.719 -0.0 -0.693 0.05 -0.993 -0.0 0.06 0.104 0.684 0.0 -0.729 0.042 0.993 0.0 0.028 0.112 
0.998 -0.037 0.039 0.008 -0.772 -0.0 -0.634 0.055 -0.987 -0.0 -0.053 -0.15 0.724 0.0 -0.685 0.082 0.782 0.0 0.508 -0.36 -0.719 -0.0 -0.693 0.05 -0.993 -0.0 0.06 0.104 0.683 0.0 -0.729 0.043 0.993 0.0 0.03 0.111 
0.998 -0.037 0.039 0.008 -0.772 -0.0 -0.634 0.055 -0.987 0.0 -0.053 -0.15 0.724 -0.0 -0.685 0.083 0.782 0.0 0.508 -0.361 -0.719 -0.0 -0.693 0.05 -0.993 -0.0 0.06 0.104 0.684 0.0 -0.729 0.042 0.993 0.0 0.028 0.112 
0.998 -0.037 0.039 0.008 -0.772 -0.0 -0.633 0.055 -0.987 -0.0 -0.053 -0.15 0.723 0.0 -0.686 0.083 0.782 -0.0 0.507 -0.362 -0.719 -0.0 -0.693 0.05 -0.993 0.0 0.06 0.104 0.684 0.0 -0.729 0.042 0.993 0.0 0.028 0.112 
0.999 -0.037 0.039 0.008 -0.772 -0.0 -0.634 0.055 -0.987 -0.0 -0.052 -0.15 0.723 -0.0 -0.686 0.083 0.783 0.0 0.507 -0.361 -0.719 -0.0 -0.693 0.049 -0.993 -0.0 0.06 0.104 0.684 -0.0 -0.729 0.042 0.993 0.0 0.027 0.112 
0.998 -0.037 0.039 0.007 -0.772 -0.0 -0.634 0.055 -0.987 -0.0 -0.052 -0.15 0.724 0.0 -0.685 0.083 0.783 0.0 0.506 -0.362 -0.719 -0.0 -0.693 0.05 -0.993 -0.0 0.06 0.104 0.684 0.0 -0.728 0.042 0.993 0.0 0.028 0.112 
0.999 -0.037 0.039 0.007 -0.772 -0.0 -0.633 0.055 -0.987 -0.0 -0.052 -0.15 0.723 0.0 -0.685 0.083 0.783 0.0 0.506 -0.362 -0.719 -0.0 -0.693 0.049 -0.993 -0.0 0.06 0.104 0.684 -0.0 -0.729 0.042 0.993 0.0 0.027 0.112 
0.999 -0.037 0.039 0.007 -0.772 -0.0 -0.633 0.055 -0.987 -0.0 -0.052 -0.15 0.723 0.0 -0.685 0.085 0.782 0.0 0.505 -0.365 -0.719 0.0 -0.693 0.049 -0.993 -0.0 0.06 0.104 0.683 0.0 -0.729 0.043 0.993 0.0 0.03 0.111 
0.999 -0.037 0.039 0.007 -0.772 -0.0 -0.633 0.056 -0.987 0.0 -0.052 -0.15 0.724 0.0 -0.685 0.085 0.783 0.0 0.504 -0.365 -0.719 -0.0 -0.693 0.049 -0.993 -0.0 0.06 0.104 0.684 0.0 -0.729 0.042 0.993 0.0 0.027 0.112 
0.999 -0.037 0.039 0.007 -0.772 0.0 -0.633 0.056 -0.987 0.0 -0.052 -0.15 0.723 0.0 -0.685 0.085 0.783 -0.0 0.504 -0.365 -0.719 -0.0 -0.693 0.049 -0.993 0.0 0.06 0.104 0.684 0.0 -0.728 0.042 0.993 0.0 0.027 0.112 
0.999 -0.037 0.039 0.007 -0.772 -0.0 -0.633 0.057 -0.987 0.0 -0.051 -0.15 0.723 0.0 -0.685 0.086 0.782 0.0 0.504 -0.367 -0.719 0.0 -0.693 0.049 -0.993 -0.0 0.06 0.104 0.684 0.0 -0.729 0.041 0.993 0.0 0.027 0.112 
0.999 -0.037 0.039 0.006 -0.772 -0.0 -0.633 0.057 -0.988 -0.0 -0.051 -0.149 0.723 0.0 -0.685 0.086 0.782 0.0 0.503 -0.368 -0.719 -0.0 -0.693 0.048 -0.993 -0.0 0.06 0.104 0.684 -0.0 -0.729 0.041 0.993 0.0 0.028 0.112 
0.999 -0.037 0.039 0.006 -0.773 -0.0 -0.632 0.057 -0.987 0.0 -0.051 -0.149 0.723 0.0 -0.685 0.085 0.783 0.0 0.503 -0.367 -0.719 -0.0 -0.693 0.048 -0.993 -0.0 0.06 0.104 0.684 -0.0 -0.729 0.041 0.993 0.0 0.027 0.112 
0.999 -0.037 0.039 0.006 -0.773 0.0 -0.632 0.058 -0.988 -0.0 -0.051 -0.149 0.723 0.0 -0.685 0.086 0.782 -0.0 0.503 -0.368 -0.719 -0.0 -0.693 0.048 -0.993 0.0 0.06 0.104 0.684 0.0 -0.728 0.041 0.993 0.0 0.027 0.112 
0.999 -0.037 0.039 0.006 -0.773 -0.0 -0.632 0.059 -0.988 0.0 -0.051 -0.148 0.723 0.0 -0.685 0.086 0.783 -0.0 0.502 -0.368 -0.719 -0.0 -0.694 0.048 -0.993 -0.0 0.06 0.104 0.684 -0.0 -0.728 0.042 0.993 0.0 0.027 0.112 
0.999 -0.037 0.039 0.006 -0.773 -0.0 -0.632 0.059 -0.988 -0.0 -0.051 -0.147 0.724 0.0 -0.685 0.086 0.783 0.0 0.501 -0.369 -0.719 -0.0 -0.694 0.048 -0.993 -0.0 0.06 0.104 0.684 0.0 -0.728 0.041 0.993 0.0 0.027 0.113 
0.999 -0.037 0.039 0.006 -0.773 0.0 -0.632 0.06 -0.988 -0.0 -0.051 -0.147 0.723 0.0 -0.685 0.086 0.783 -0.0 0.501 -0.369 -0.719 -0.0 -0.693 0.048 -0.993 -0.0 0.06 0.104 0.684 0.0 -0.728 0.041 0.993 0.0 0.027 0.112 
0.999 -0.037 0.039 0.005 -0.773 -0.0 -0.631 0.06 -0.988 0.0 -0.05 -0.146 0.724 0.0 -0.685 0.086 0.783 0.0 0.5 -0.37 -0.719 -0.0 -0.694 0.048 -0.993 -0.0 0.06 0.104 0.684 0.0 -0.728 0.042 0.993 0.0 0.027 0.112 
0.999 -0.037 0.039 0.005 -0.773 -0.0 -0.631 0.061 -0.988 -0.0 -0.051 -0.146 0.724 0.0 -0.685 0.088 0.782 0.0 0.499 -0.374 -0.719 -0.0 -0.694 0.048 -0.993 -0.0 0.06 0.104 0.684 -0.0 -0.728 0.042 0.993 0.0 0.027 0.112 
0.999 -0.037 0.039 0.005 -0.773 -0.0 -0.631 0.062 -0.988 -0.0 -0.05 -0.146 0.723 -0.0 -0.685 0.086 0.783 0.0 0.5 -0.371 -0.719 -0.0 -0.693 0.048 -0.993 0.0 0.06 0.104 0.684 0.0 -0.728 0.042 0.993 0.0 0.027 0.112 
0.999 -0.037 0.039 0.005 -0.773 0.0 -0.631 0.063 -0.988 -0.0 -0.05 -0.145 0.724 -0.0 -0.685 0.087 0.782 -0.0 0.498 -0.374 -0.719 -0.0 -0.694 0.048 -0.993 -0.0 0.06 0.104 0.684 0.0 -0.728 0.041 0.993 0.0 0.027 0.113 
0.999 -0.038 0.039 0.005 -0.774 -0.0 -0.631 0.063 -0.988 -0.0 -0.05 -0.144 0.724 0.0 -0.685 0.086 0.783 0.0 0.498 -0.374 -0.719 0.0 -0.693 0.048 -0.993 -0.0 0.06 0.104 0.684 -0.0 -0.728 0.042 0.993 0.0 0.027 0.112 
0.999 -0.037 0.039 0.005 -0.774 -0.0 -0.63 0.064 -0.988 -0.0 -0.05 -0.144 0.724 0.0 -0.685 0.087 0.782 0.0 0.496 -0.376 -0.719 -0.0 -0.694 0.048 -0.993 -0.0 0.06 0.104 0.684 -0.0 -0.728 0.042 0.993 0.0 0.027 0.113 
0.999 -0.038 0.039 0.005 -0.774 0.0 -0.63 0.065 -0.989 -0.0 -0.05 -0.142 0.724 0.0 -0.685 0.086 0.783 -0.0 0.495 -0.377 -0.719 -0.0 -0.694 0.048 -0.993 -0.0 0.06 0.104 0.684 0.0 -0.728 0.042 0.993 0.0 0.027 0.113 
0.999 -0.037 0.039 0.005 -0.774 -0.0 -0.63 0.065 -0.989 0.0 -0.05 -0.141 0.724 0.0 -0.684 0.087 0.783 0.0 0.494 -0.379 -0.719 -0.0 -0.694 0.048 -0.993 -0.0 0.06 0.104 0.683 0.0 -0.729 0.042 0.993 0.0 0.029 0.112 
0.999 -0.038 0.039 0.005 -0.774 0.0 -0.629 0.066 -0.989 -0.0 -0.051 -0.141 0.724 -0.0 -0.684 0.088 0.782 0.0 0.49 -0.384 -0.719 -0.0 -0.694 0.048 -0.993 -0.0 0.06 0.104 0.684 0.0 -0.728 0.042 0.993 0.0 0.027 0.113 
0.999 -0.038 0.039 0.005 -0.774 -0.0 -0.629 0.066 -0.989 0.0 -0.051 -0.14 0.724 0.0 -0.684 0.088 0.783 0.0 0.488 -0.387 -0.719 -0.0 -0.694 0.049 -0.993 -0.0 0.06 0.104 0.684 -0.0 -0.728 0.041 0.993 0.0 0.027 0.113 
0.999 -0.038 0.039 0.005 -0.774 -0.0 -0.629 0.068 -0.989 -0.0 -0.05 -0.142 0.724 -0.0 -0.684 0.087 0.783 0.0 0.486 -0.389 -0.719 -0.0 -0.694 0.048 -0.993 -0.0 0.06 0.104 0.684 -0.0 -0.728 0.042 0.993 0.0 0.027 0.113 
0.999 -0.038 0.039 0.005 -0.775 -0.0 -0.629 0.068 -0.989 -0.0 -0.051 -0.14 0.724 0.0 -0.684 0.088 0.782 0.0 0.483 -0.394 -0.719 -0.0 -0.694 0.048 -0.993 -0.0 0.06 0.104 0.684 0.0 -0.728 0.041 0.993 -0.0 0.027 0.113 
0.999 -0.038 0.039 0.005 -0.774 -0.0 -0.629 0.07 -0.989 -0.0 -0.05 -0.139 0.724 0.0 -0.685 0.085 0.783 0.0 0.482 -0.392 -0.719 -0.0 -0.694 0.048 -0.993 -0.0 0.06 0.104 0.684 0.0 -0.728 0.041 0.993 0.0 0.027 0.113 
0.999 -0.038 0.039 0.005 -0.774 -0.0 -0.629 0.071 -0.989 -0.0 -0.051 -0.139 0.724 0.0 -0.685 0.084 0.783 0.0 0.48 -0.395 -0.719 -0.0 -0.694 0.048 -0.993 -0.0 0.06 0.104 0.684 0.0 -0.728 0.041 0.993 0.0 0.027 0.113 
0.999 -0.038 0.039 0.005 -0.774 -0.0 -0.629 0.072 -0.989 -0.0 -0.05 -0.139 0.724 0.0 -0.685 0.083 0.783 0.0 0.477 -0.398 -0.719 -0.0 -0.694 0.048 -0.993 -0.0 0.06 0.104 0.684 0.0 -0.728 0.041 0.993 -0.0 0.027 0.113 
0.999 -0.038 0.039 0.006 -0.775 -0.0 -0.628 0.072 -0.989 -0.0 -0.051 -0.139 0.724 0.0 -0.685 0.083 0.783 0.0 0.474 -0.402 -0.719 -0.0 -0.694 0.048 -0.993 -0.0 0.06 0.104 0.684 -0.0 -0.728 0.041 0.993 0.0 0.027 0.113 
0.999 -0.038 0.039 0.006 -0.774 -0.0 -0.628 0.074 -0.989 -0.0 -0.05 -0.138 0.724 0.0 -0.685 0.081 0.783 0.0 0.471 -0.406 -0.719 -0.0 -0.694 0.048 -0.993 -0.0 0.06 0.104 0.684 -0.0 -0.728 0.041 0.993 0.0 0.027 0.113 
0.999 -0.038 0.039 0.006 -0.774 -0.0 -0.628 0.074 -0.989 -0.0 -0.05 -0.137 0.724 0.0 -0.685 0.082 0.783 0.0 0.466 -0.412 -0.719 -0.0 -0.694 0.048 -0.993 0.0 0.06 0.104 0.683 0.0 -0.729 0.042 0.993 -0.0 0.029 0.112 
0.998 -0.038 0.039 0.006 -0.775 -0.0 -0.628 0.075 -0.989 -0.0 -0.05 -0.136 0.724 0.0 -0.685 0.08 0.784 0.0 0.462 -0.415 -0.719 -0.0 -0.694 0.048 -0.993 -0.0 0.06 0.104 0.684 0.0 -0.728 0.041 0.993 0.0 0.027 0.114 
0.998 -0.038 0.039 0.006 -0.774 -0.0 -0.628 0.076 -0.99 -0.0 -0.05 -0.135 0.724 0.0 -0.685 0.078 0.785 0.0 0.457 -0.418 -0.719 -0.0 -0.694 0.049 -0.993 -0.0 0.06 0.104 0.684 0.0 -0.728 0.041 0.993 0.0 0.027 0.114 
0.998 -0.038 0.039 0.007 -0.774 -0.0 -0.628 0.076 -0.99 -0.0 -0.049 -0.134 0.724 0.0 -0.685 0.076 0.785 0.0 0.452 -0.422 -0.719 -0.0 -0.694 0.049 -0.993 -0.0 0.06 0.104 0.684 -0.0 -0.728 0.04 0.993 0.0 0.027 0.114 
0.998 -0.038 0.039 0.007 -0.775 -0.0 -0.628 0.076 -0.99 -0.0 -0.049 -0.134 0.725 0.0 -0.685 0.075 0.786 0.0 0.446 -0.428 -0.719 -0.0 -0.693 0.049 -0.993 -0.0 0.06 0.105 0.684 0.0 -0.728 0.04 0.993 -0.0 0.027 0.114 
0.998 -0.038 0.039 0.007 -0.774 0.0 -0.628 0.077 -0.99 -0.0 -0.048 -0.133 0.725 0.0 -0.685 0.076 0.786 0.0 0.44 -0.435 -0.719 -0.0 -0.693 0.048 -0.993 -0.0 0.06 0.105 0.684 -0.0 -0.729 0.04 0.993 0.0 0.027 0.114 
0.998 -0.038 0.039 0.008 -0.774 0.0 -0.628 0.078 -0.99 -0.0 -0.049 -0.132 0.725 -0.0 -0.685 0.074 0.786 0.0 0.435 -0.44 -0.719 -0.0 -0.694 0.048 -0.993 -0.0 0.06 0.105 0.684 0.0 -0.729 0.04 0.993 -0.0 0.027 0.114 
0.998 -0.038 0.039 0.008 -0.774 -0.0 -0.628 0.079 -0.99 -0.0 -0.048 -0.131 0.724 0.0 -0.685 0.074 0.786 -0.0 0.43 -0.445 -0.719 0.0 -0.693 0.048 -0.993 -0.0 0.06 0.105 0.684 -0.0 -0.729 0.039 0.993 0.0 0.027 0.114 
0.998 -0.038 0.039 0.008 -0.774 -0.0 -0.628 0.079 -0.99 -0.0 -0.048 -0.131 0.724 0.0 -0.686 0.073 0.785 0.0 0.424 -0.451 -0.719 -0.0 -0.693 0.048 -0.993 0.0 0.06 0.105 0.684 0.0 -0.729 0.039 0.993 0.0 0.027 0.114 
0.998 -0.038 0.039 0.008 -0.775 -0.0 -0.628 0.079 -0.99 -0.0 -0.048 -0.131 0.724 -0.0 -0.686 0.072 0.785 0.0 0.419 -0.456 -0.719 -0.0 -0.693 0.048 -0.993 -0.0 0.06 0.105 0.684 -0.0 -0.729 0.039 0.993 0.0 0.027 0.115 
0.998 -0.038 0.039 0.009 -0.774 -0.0 -0.628 0.079 -0.99 -0.0 -0.048 -0.13 0.723 0.0 -0.687 0.071 0.785 0.0 0.413 -0.462 -0.719 -0.0 -0.693 0.048 -0.993 -0.0 0.06 0.105 0.684 0.0 -0.729 0.038 0.993 0.0 0.027 0.115 
0.998 -0.038 0.039 0.008 -0.774 -0.0 -0.628 0.079 -0.99 0.0 -0.048 -0.13 0.723 0.0 -0.687 0.07 0.785 0.0 0.406 -0.468 -0.719 -0.0 -0.694 0.047 -0.993 -0.0 0.06 0.105 0.684 0.0 -0.729 0.038 0.993 0.0 0.027 0.114 
0.998 -0.038 0.039 0.009 -0.774 -0.0 -0.628 0.079 -0.99 0.0 -0.048 -0.13 0.723 0.0 -0.687 0.068 0.786 0.0 0.398 -0.473 -0.719 -0.0 -0.694 0.047 -0.993 -0.0 0.06 0.105 0.684 0.0 -0.729 0.038 0.993 0.0 0.027 0.115 
0.998 -0.037 0.039 0.009 -0.774 -0.0 -0.628 0.079 -0.991 -0.0 -0.048 -0.129 0.724 -0.0 -0.687 0.067 0.786 0.0 0.39 -0.48 -0.719 -0.0 -0.694 0.047 -0.993 -0.0 0.06 0.106 0.684 0.0 -0.729 0.037 0.993 0.0 0.027 0.115 
0.998 -0.037 0.039 0.009 -0.774 -0.0 -0.628 0.079 -0.99 0.0 -0.048 -0.129 0.724 0.0 -0.687 0.066 0.786 0.0 0.382 -0.486 -0.719 -0.0 -0.694 0.047 -0.993 -0.0 0.06 0.106 0.684 0.0 -0.729 0.037 0.993 0.0 0.027 0.115 
0.998 -0.037 0.039 0.009 -0.774 -0.0 -0.628 0.079 -0.991 -0.0 -0.048 -0.128 0.724 -0.0 -0.687 0.064 0.787 0.0 0.374 -0.491 -0.719 -0.0 -0.694 0.046 -0.993 -0.0 0.06 0.106 0.684 0.0 -0.729 0.037 0.993 -0.0 0.027 0.115 
0.999 -0.037 0.039 0.009 -0.774 -0.0 -0.628 0.079 -0.991 -0.0 -0.047 -0.129 0.724 0.0 -0.687 0.062 0.788 -0.0 0.367 -0.494 -0.719 -0.0 -0.694 0.046 -0.993 -0.0 0.059 0.106 0.684 0.0 -0.729 0.037 0.993 0.0 0.027 0.115 
0.999 -0.037 0.039 0.009 -0.774 -0.0 -0.629 0.079 -0.99 0.0 -0.047 -0.129 0.723 -0.0 -0.688 0.061 0.788 0.0 0.36 -0.499 -0.719 -0.0 -0.694 0.045 -0.993 0.0 0.059 0.106 0.684 0.0 -0.729 0.036 0.993 0.0 0.027 0.115 
0.999 -0.037 0.039 0.008 -0.774 -0.0 -0.629 0.079 -0.99 -0.0 -0.047 -0.13 0.723 0.0 -0.689 0.058 0.789 -0.0 0.356 -0.501 -0.719 0.0 -0.694 0.045 -0.993 -0.0 0.059 0.106 0.683 0.0 -0.73 0.037 0.993 0.0 0.029 0.114 
0.999 -0.037 0.039 0.008 -0.774 -0.0 -0.629 0.078 -0.99 -0.0 -0.047 -0.131 0.723 0.0 -0.689 0.057 0.789 -0.0 0.349 -0.506 -0.719 -0.0 -0.694 0.044 -0.993 -0.0 0.059 0.106 0.684 0.0 -0.729 0.035 0.993 0.0 0.027 0.115 
0.999 -0.036 0.039 0.008 -0.774 -0.0 -0.629 0.078 -0.99 -0.0 -0.047 -0.131 0.722 0.0 -0.689 0.056 0.789 0.0 0.341 -0.511 -0.719 0.0 -0.694 0.044 -0.993 -0.0 0.059 0.106 0.684 0.0 -0.729 0.035 0.993 0.0 0.026 0.115 
0.999 -0.036 0.039 0.008 -0.773 -0.0 -0.629 0.078 -0.99 -0.0 -0.047 -0.132 0.722 0.0 -0.69 0.054 0.79 0.0 0.331 -0.516 -0.719 -0.0 -0.694 0.043 -0.993 -0.0 0.059 0.107 0.684 0.0 -0.729 0.034 0.993 -0.0 0.026 0.115 
0.999 -0.036 0.039 0.008 -0.773 0.0 -0.629 0.078 -0.99 -0.0 -0.047 -0.132 0.722 0.0 -0.69 0.053 0.79 0.0 0.322 -0.522 -0.719 -0.0 -0.694 0.043 -0.993 -0.0 0.059 0.107 0.684 0.0 -0.729 0.034 0.993 0.0 0.026 0.115 
0.999 -0.036 0.039 0.008 -0.773 -0.0 -0.629 0.077 -0.99 -0.0 -0.047 -0.133 0.722 0.0 -0.69 0.052 0.79 -0.0 0.312 -0.527 -0.719 -0.0 -0.694 0.042 -0.993 -0.0 0.059 0.107 0.684 -0.0 -0.729 0.033 0.993 0.0 0.026 0.115 
0.999 -0.035 0.039 0.008 -0.773 -0.0 -0.629 0.076 -0.99 -0.0 -0.047 -0.133 0.722 -0.0 -0.69 0.05 0.791 0.0 0.303 -0.532 -0.719 -0.0 -0.694 0.041 -0.993 -0.0 0.059 0.107 0.683 0.0 -0.73 0.034 0.993 0.0 0.028 0.114 
0.999 -0.035 0.039 0.008 -0.773 0.0 -0.63 0.075 -0.99 -0.0 -0.047 -0.134 0.722 0.0 -0.69 0.049 0.791 0.0 0.293 -0.537 -0.719 -0.0 -0.694 0.041 -0.993 -0.0 0.059 0.107 0.684 -0.0 -0.729 0.032 0.993 0.0 0.026 0.115 
0.999 -0.035 0.039 0.007 -0.773 0.0 -0.63 0.075 -0.99 0.0 -0.047 -0.135 0.722 0.0 -0.69 0.048 0.791 0.0 0.284 -0.542 -0.719 -0.0 -0.694 0.04 -0.993 -0.0 0.059 0.107 0.684 0.0 -0.729 0.032 0.993 -0.0 0.026 0.115 
0.999 -0.035 0.039 0.007 -0.773 -0.0 -0.63 0.074 -0.99 0.0 -0.047 -0.136 0.722 0.0 -0.69 0.046 0.792 0.0 0.275 -0.546 -0.719 -0.0 -0.694 0.04 -0.993 -0.0 0.059 0.107 0.684 0.0 -0.729 0.031 0.993 0.0 0.026 0.115 
0.999 -0.034 0.039 0.007 -0.773 -0.0 -0.63 0.074 -0.989 -0.0 -0.047 -0.137 0.722 0.0 -0.69 0.045 0.792 -0.0 0.266 -0.549 -0.719 0.0 -0.694 0.039 -0.993 -0.0 0.059 0.107 0.684 0.0 -0.729 0.031 0.993 0.0 0.025 0.116 
0.999 -0.034 0.039 0.006 -0.773 -0.0 -0.63 0.073 -0.989 -0.0 -0.047 -0.138 0.722 0.0 -0.69 0.044 0.792 -0.0 0.256 -0.554 -0.719 -0.0 -0.694 0.039 -0.993 -0.0 0.059 0.107 0.683 0.0 -0.73 0.031 0.993 0.0 0.027 0.115 
0.999 -0.034 0.039 0.006 -0.774 -0.0 -0.629 0.072 -0.989 -0.0 -0.048 -0.139 0.723 0.0 -0.69 0.042 0.793 -0.0 0.247 -0.557 -0.719 0.0 -0.694 0.038 -0.993 0.0 0.059 0.107 0.683 0.0 -0.73 0.031 0.993 0.0 0.027 0.114 
0.999 -0.034 0.039 0.006 -0.773 -0.0 -0.63 0.072 -0.989 -0.0 -0.047 -0.14 0.722 -0.0 -0.69 0.042 0.792 -0.0 0.238 -0.562 -0.719 -0.0 -0.694 0.037 -0.993 -0.0 0.059 0.107 0.684 0.0 -0.729 0.03 0.993 0.0 0.025 0.116 
0.999 -0.033 0.039 0.005 -0.773 -0.0 -0.63 0.071 -0.989 -0.0 -0.047 -0.14 0.723 0.0 -0.69 0.04 0.793 0.0 0.228 -0.565 -0.719 -0.0 -0.694 0.037 -0.993 -0.0 0.059 0.107 0.684 0.0 -0.729 0.03 0.993 0.0 0.025 0.116 
0.999 -0.033 0.039 0.005 -0.773 -0.0 -0.63 0.07 -0.989 0.0 -0.047 -0.141 0.721 0.0 -0.691 0.04 0.791 0.0 0.223 -0.57 -0.719 -0.0 -0.694 0.036 -0.993 -0.0 0.059 0.106 0.684 0.0 -0.729 0.029 0.993 0.0 0.025 0.116 
0.999 -0.033 0.039 0.004 -0.774 -0.0 -0.63 0.069 -0.989 -0.0 -0.047 -0.141 0.721 0.0 -0.691 0.04 0.79 -0.0 0.212 -0.575 -0.719 -0.0 -0.694 0.035 -0.993 0.0 0.059 0.106 0.684 0.0 -0.729 0.028 0.993 0.0 0.024 0.116 
0.999 -0.032 0.038 0.004 -0.773 -0.0 -0.63 0.068 -0.989 -0.0 -0.047 -0.142 0.721 0.0 -0.692 0.041 0.789 0.0 0.202 -0.58 -0.719 -0.0 -0.694 0.035 -0.993 -0.0 0.059 0.107 0.684 0.0 -0.729 0.028 0.993 0.0 0.024 0.116 
0.999 -0.032 0.038 0.003 -0.773 -0.0 -0.631 0.068 -0.989 -0.0 -0.046 -0.144 0.721 0.0 -0.691 0.039 0.789 0.0 0.192 -0.583 -0.719 0.0 -0.694 0.034 -0.993 -0.0 0.058 0.106 0.684 0.0 -0.729 0.028 0.993 0.0 0.024 0.116 
0.999 -0.032 0.038 0.003 -0.773 -0.0 -0.63 0.067 -0.988 0.0 -0.046 -0.145 0.722 0.0 -0.691 0.039 0.789 0.0 0.182 -0.587 -0.719 -0.0 -0.694 0.034 -0.993 -0.0 0.058 0.106 0.684 -0.0 -0.729 0.027 0.993 0.0 0.024 0.116 
0.999 -0.032 0.038 0.002 -0.774 -0.0 -0.63 0.066 -0.988 -0.0 -0.046 -0.146 0.722 0.0 -0.691 0.038 0.789 0.0 0.17 -0.591 -0.719 -0.0 -0.694 0.033 -0.993 -0.0 0.058 0.106 0.684 0.0 -0.729 0.027 0.993 0.0 0.024 0.116 
0.999 -0.032 0.038 0.002 -0.774 -0.0 -0.63 0.065 -0.988 0.0 -0.046 -0.147 0.723 0.0 -0.69 0.037 0.789 0.0 0.159 -0.594 -0.719 -0.0 -0.694 0.033 -0.993 -0.0 0.058 0.106 0.684 0.0 -0.729 0.027 0.993 0.0 0.024 0.116 
0.999 -0.031 0.038 0.001 -0.773 -0.0 -0.631 0.065 -0.988 -0.0 -0.045 -0.147 0.723 0.0 -0.69 0.036 0.789 0.0 0.148 -0.597 -0.719 0.0 -0.694 0.032 -0.993 0.0 0.058 0.106 0.684 0.0 -0.729 0.027 0.993 0.0 0.023 0.116 
0.999 -0.031 0.038 0.001 -0.773 -0.0 -0.631 0.064 -0.988 -0.0 -0.045 -0.147 0.724 0.0 -0.689 0.034 0.789 0.0 0.136 -0.599 -0.719 -0.0 -0.694 0.031 -0.993 0.0 0.058 0.106 0.684 0.0 -0.729 0.026 0.993 0.0 0.023 0.116 
0.999 -0.031 0.038 -0.0 -0.773 -0.0 -0.631 0.064 -0.988 -0.0 -0.045 -0.149 0.724 -0.0 -0.689 0.033 0.789 -0.0 0.126 -0.601 -0.719 -0.0 -0.694 0.031 -0.993 -0.0 0.058 0.106 0.683 0.0 -0.73 0.026 0.993 0.0 0.025 0.115 
0.999 -0.03 0.038 -0.001 -0.773 -0.0 -0.631 0.063 -0.988 -0.0 -0.045 -0.15 0.725 -0.0 -0.688 0.032 0.788 -0.0 0.116 -0.604 -0.719 -0.0 -0.694 0.03 -0.993 0.0 0.058 0.106 0.684 0.0 -0.729 0.026 0.993 0.0 0.023 0.116 
0.999 -0.03 0.038 -0.001 -0.773 -0.0 -0.631 0.063 -0.988 -0.0 -0.045 -0.15 0.725 -0.0 -0.688 0.03 0.789 0.0 0.107 -0.606 -0.719 0.0 -0.694 0.03 -0.993 -0.0 0.058 0.106 0.684 0.0 -0.729 0.026 0.993 0.0 0.023 0.116 
0.999 -0.03 0.038 -0.002 -0.773 0.0 -0.631 0.062 -0.988 -0.0 -0.045 -0.15 0.725 0.0 -0.688 0.028 0.788 0.0 0.097 -0.608 -0.719 -0.0 -0.694 0.029 -0.993 -0.0 0.058 0.106 0.683 0.0 -0.73 0.026 0.993 -0.0 0.025 0.115 
0.999 -0.03 0.038 -0.002 -0.773 0.0 -0.631 0.061 -0.988 0.0 -0.045 -0.15 0.725 -0.0 -0.688 0.028 0.787 -0.0 0.086 -0.61 -0.719 -0.0 -0.694 0.029 -0.993 0.0 0.058 0.106 0.684 0.0 -0.729 0.025 0.993 -0.0 0.022 0.116 
0.999 -0.029 0.038 -0.003 -0.774 -0.0 -0.631 0.061 -0.988 0.0 -0.044 -0.151 0.725 0.0 -0.688 0.026 0.787 0.0 0.075 -0.612 -0.719 -0.0 -0.694 0.028 -0.993 -0.0 0.058 0.105 0.684 0.0 -0.729 0.024 0.993 0.0 0.022 0.116 
0.999 -0.029 0.038 -0.003 -0.774 -0.0 -0.631 0.06 -0.988 -0.0 -0.045 -0.151 0.726 0.0 -0.688 0.025 0.787 0.0 0.064 -0.613 -0.719 -0.0 -0.694 0.028 -0.993 -0.0 0.058 0.105 0.685 0.0 -0.729 0.025 0.993 0.0 0.022 0.116 
0.999 -0.029 0.038 -0.004 -0.774 0.0 -0.631 0.06 -0.987 -0.0 -0.044 -0.152 0.727 0.0 -0.687 0.023 0.788 0.0 0.051 -0.614 -0.719 -0.0 -0.695 0.028 -0.993 -0.0 0.058 0.105 0.684 0.0 -0.729 0.026 0.993 0.0 0.024 0.115 
0.999 -0.029 0.038 -0.004 -0.774 -0.0 -0.631 0.06 -0.987 -0.0 -0.044 -0.152 0.727 0.0 -0.686 0.024 0.787 0.0 0.037 -0.616 -0.719 -0.0 -0.695 0.027 -0.993 -0.0 0.058 0.105 0.684 0.0 -0.729 0.024 0.993 0.0 0.022 0.116 
0.999 -0.029 0.038 -0.004 -0.774 -0.0 -0.631 0.059 -0.987 0.0 -0.043 -0.152 0.727 0.0 -0.686 0.022 0.787 0.0 0.024 -0.616 -0.719 -0.0 -0.694 0.027 -0.993 -0.0 0.058 0.105 0.684 0.0 -0.729 0.025 0.993 0.0 0.024 0.115 
0.999 -0.029 0.038 -0.005 -0.774 -0.0 -0.631 0.059 -0.987 -0.0 -0.043 -0.152 0.728 0.0 -0.686 0.02 0.787 0.0 0.013 -0.617 -0.719 0.0 -0.695 0.027 -0.993 -0.0 0.058 0.105 0.685 0.0 -0.728 0.025 0.993 0.0 0.021 0.116 
0.999 -0.029 0.037 -0.005 -0.774 0.0 -0.631 0.059 -0.987 -0.0 -0.043 -0.152 0.728 0.0 -0.685 0.018 0.787 0.0 0.001 -0.617 -0.719 -0.0 -0.695 0.027 -0.993 -0.0 0.059 0.105 0.684 0.0 -0.729 0.025 0.993 0.0 0.023 0.115 
0.999 -0.029 0.037 -0.005 -0.774 -0.0 -0.63 0.059 -0.987 -0.0 -0.043 -0.152 0.726 -0.0 -0.688 0.013 0.788 0.0 -0.001 -0.616 -0.719 -0.0 -0.695 0.027 -0.993 -0.0 0.058 0.105 0.684 0.0 -0.729 0.025 0.993 0.0 0.023 0.115 
0.999 -0.029 0.037 -0.005 -0.774 -0.0 -0.631 0.06 -0.987 -0.0 -0.042 -0.152 0.726 0.0 -0.687 0.007 0.79 -0.0 -0.008 -0.613 -0.719 -0.0 -0.695 0.026 -0.993 -0.0 0.058 0.105 0.685 0.0 -0.728 0.024 0.993 0.0 0.021 0.117 
0.999 -0.029 0.037 -0.006 -0.774 -0.0 -0.631 0.059 -0.987 -0.0 -0.041 -0.152 0.728 -0.0 -0.686 0.007 0.789 0.0 -0.019 -0.614 -0.719 -0.0 -0.695 0.026 -0.993 0.0 0.058 0.105 0.684 0.0 -0.729 0.025 0.993 0.0 0.023 0.115 
0.999 -0.028 0.037 -0.006 -0.774 -0.0 -0.631 0.059 -0.988 -0.0 -0.041 -0.152 0.727 0.0 -0.686 0.005 0.789 -0.0 -0.035 -0.614 -0.719 -0.0 -0.695 0.025 -0.993 -0.0 0.058 0.106 0.684 0.0 -0.729 0.024 0.993 0.0 0.023 0.116 
0.999 -0.028 0.037 -0.006 -0.774 -0.0 -0.631 0.059 -0.988 -0.0 -0.041 -0.152 0.727 0.0 -0.687 0.002 0.789 0.0 -0.046 -0.613 -0.719 0.0 -0.695 0.025 -0.993 -0.0 0.058 0.105 0.685 0.0 -0.728 0.023 0.993 0.0 0.021 0.117 
0.999 -0.028 0.037 -0.006 -0.774 -0.0 -0.631 0.059 -0.987 -0.0 -0.041 -0.152 0.727 0.0 -0.687 -0.0 0.789 0.0 -0.056 -0.611 -0.719 -0.0 -0.695 0.025 -0.993 -0.0 0.058 0.106 0.684 0.0 -0.729 0.023 0.993 -0.0 0.021 0.117 
0.999 -0.028 0.037 -0.006 -0.774 0.0 -0.63 0.059 -0.988 -0.0 -0.04 -0.152 0.726 -0.0 -0.688 -0.002 0.789 0.0 -0.068 -0.611 -0.719 0.0 -0.694 0.024 -0.993 -0.0 0.058 0.106 0.684 0.0 -0.729 0.022 0.993 0.0 0.021 0.117 
0.999 -0.027 0.038 -0.006 -0.774 -0.0 -0.63 0.058 -0.988 -0.0 -0.04 -0.151 0.726 0.0 -0.688 -0.004 0.789 0.0 -0.08 -0.609 -0.719 -0.0 -0.694 0.024 -0.993 -0.0 0.058 0.106 0.684 0.0 -0.729 0.022 0.993 -0.0 0.023 0.116 
0.999 -0.027 0.037 -0.006 -0.774 -0.0 -0.63 0.058 -0.988 -0.0 -0.039 -0.151 0.726 0.0 -0.688 -0.006 0.789 0.0 -0.092 -0.607 -0.719 -0.0 -0.694 0.023 -0.993 -0.0 0.058 0.106 0.684 0.0 -0.729 0.022 0.993 0.0 0.023 0.117 
0.999 -0.027 0.037 -0.006 -0.774 0.0 -0.631 0.058 -0.988 -0.0 -0.039 -0.15 0.726 0.0 -0.688 -0.009 0.79 0.0 -0.103 -0.605 -0.719 -0.0 -0.694 0.023 -0.993 -0.0 0.058 0.106 0.684 0.0 -0.729 0.023 0.993 0.0 0.023 0.116 
0.999 -0.027 0.037 -0.006 -0.774 -0.0 -0.631 0.058 -0.988 -0.0 -0.038 -0.15 0.726 0.0 -0.687 -0.013 0.79 0.0 -0.113 -0.602 -0.719 -0.0 -0.694 0.023 -0.993 -0.0 0.058 0.106 0.684 0.0 -0.73 0.022 0.993 0.0 0.023 0.116 
0.999 -0.027 0.037 -0.006 -0.774 -0.0 -0.63 0.059 -0.988 -0.0 -0.038 -0.15 0.727 0.0 -0.687 -0.017 0.791 0.0 -0.123 -0.6 -0.719 -0.0 -0.694 0.023 -0.993 0.0 0.058 0.106 0.684 -0.0 -0.73 0.023 0.993 0.0 0.022 0.116 
0.999 -0.027 0.037 -0.006 -0.774 -0.0 -0.63 0.059 -0.988 -0.0 -0.038 -0.15 0.726 0.0 -0.687 -0.021 0.791 -0.0 -0.133 -0.597 -0.719 -0.0 -0.694 0.023 -0.993 -0.0 0.058 0.106 0.684 0.0 -0.73 0.022 0.993 0.0 0.022 0.116 
0.999 -0.027 0.037 -0.006 -0.774 0.0 -0.63 0.059 -0.988 -0.0 -0.038 -0.149 0.726 0.0 -0.688 -0.026 0.791 0.0 -0.14 -0.595 -0.719 -0.0 -0.694 0.023 -0.993 -0.0 0.058 0.106 0.683 0.0 -0.73 0.022 0.993 0.0 0.022 0.116 
0.999 -0.027 0.037 -0.006 -0.774 -0.0 -0.63 0.059 -0.988 -0.0 -0.037 -0.149 0.726 0.0 -0.688 -0.03 0.791 0.0 -0.149 -0.594 -0.719 -0.0 -0.694 0.023 -0.993 -0.0 0.058 0.106 0.684 -0.0 -0.73 0.021 0.993 0.0 0.022 0.117 
0.999 -0.027 0.037 -0.007 -0.774 -0.0 -0.63 0.059 -0.988 0.0 -0.037 -0.148 0.725 0.0 -0.689 -0.03 0.79 0.0 -0.16 -0.592 -0.719 -0.0 -0.694 0.023 -0.993 -0.0 0.058 0.106 0.683 0.0 -0.73 0.022 0.993 -0.0 0.022 0.116 
0.999 -0.026 0.037 -0.006 -0.774 -0.0 -0.63 0.059 -0.988 -0.0 -0.037 -0.148 0.724 0.0 -0.689 -0.034 0.789 0.0 -0.168 -0.59 -0.719 0.0 -0.694 0.022 -0.993 -0.0 0.058 0.106 0.683 -0.0 -0.73 0.02 0.993 0.0 0.023 0.117 
0.999 -0.026 0.037 -0.006 -0.774 -0.0 -0.631 0.06 -0.988 -0.0 -0.036 -0.148 0.724 0.0 -0.689 -0.035 0.789 -0.0 -0.179 -0.588 -0.719 0.0 -0.694 0.021 -0.993 -0.0 0.058 0.106 0.683 0.0 -0.73 0.02 0.993 -0.0 0.022 0.117 
0.999 -0.026 0.037 -0.006 -0.774 -0.0 -0.631 0.059 -0.988 -0.0 -0.036 -0.147 0.725 0.0 -0.688 -0.036 0.788 -0.0 -0.188 -0.587 -0.719 0.0 -0.694 0.02 -0.993 -0.0 0.058 0.107 0.683 0.0 -0.73 0.019 0.993 -0.0 0.022 0.117 
0.999 -0.025 0.037 -0.006 -0.774 -0.0 -0.631 0.059 -0.989 -0.0 -0.035 -0.146 0.725 0.0 -0.688 -0.039 0.788 0.0 -0.198 -0.583 -0.719 -0.0 -0.694 0.02 -0.993 -0.0 0.058 0.107 0.683 0.0 -0.73 0.019 0.993 0.0 0.022 0.117 
0.999 -0.025 0.037 -0.005 -0.774 -0.0 -0.631 0.058 -0.989 -0.0 -0.035 -0.145 0.724 0.0 -0.688 -0.041 0.787 -0.0 -0.208 -0.58 -0.719 -0.0 -0.695 0.019 -0.993 -0.0 0.058 0.107 0.683 0.0 -0.73 0.015 0.993 0.0 0.022 0.119 
0.999 -0.025 0.037 -0.007 -0.774 -0.0 -0.631 0.059 -0.989 0.0 -0.035 -0.145 0.724 0.0 -0.688 -0.042 0.787 0.0 -0.216 -0.578 -0.719 -0.0 -0.694 0.019 -0.993 -0.0 0.058 0.107 0.684 0.0 -0.73 0.018 0.993 0.0 0.022 0.117 
0.999 -0.025 0.037 -0.005 -0.773 0.0 -0.631 0.059 -0.989 0.0 -0.034 -0.144 0.725 -0.0 -0.688 -0.046 0.787 0.0 -0.225 -0.574 -0.719 -0.0 -0.695 0.019 -0.993 0.0 0.057 0.107 0.684 0.0 -0.729 0.016 0.993 -0.0 0.022 0.119 
0.999 -0.025 0.036 -0.005 -0.773 -0.0 -0.632 0.059 -0.989 0.0 -0.034 -0.144 0.724 0.0 -0.688 -0.049 0.787 0.0 -0.231 -0.573 -0.719 -0.0 -0.695 0.019 -0.993 0.0 0.058 0.107 0.684 -0.0 -0.729 0.016 0.993 0.0 0.022 0.119 
0.999 -0.025 0.037 -0.007 -0.773 -0.0 -0.632 0.06 -0.989 -0.0 -0.034 -0.143 0.724 0.0 -0.688 -0.052 0.786 0.0 -0.239 -0.57 -0.719 -0.0 -0.695 0.02 -0.993 -0.0 0.058 0.107 0.684 0.0 -0.729 0.02 0.993 0.0 0.022 0.117 
0.999 -0.025 0.037 -0.007 -0.773 -0.0 -0.631 0.06 -0.989 0.0 -0.034 -0.143 0.725 0.0 -0.687 -0.055 0.786 -0.0 -0.247 -0.567 -0.719 0.0 -0.695 0.02 -0.993 -0.0 0.058 0.107 0.684 0.0 -0.729 0.019 0.993 0.0 0.021 0.118 
0.999 -0.026 0.037 -0.008 -0.773 -0.0 -0.632 0.061 -0.989 -0.0 -0.034 -0.143 0.726 0.0 -0.685 -0.059 0.785 0.0 -0.256 -0.564 -0.719 -0.0 -0.695 0.02 -0.993 -0.0 0.058 0.107 0.684 0.0 -0.729 0.02 0.993 -0.0 0.022 0.117 
0.999 -0.026 0.037 -0.008 -0.773 -0.0 -0.631 0.062 -0.989 -0.0 -0.034 -0.142 0.727 0.0 -0.683 -0.064 0.785 0.0 -0.267 -0.559 -0.719 -0.0 -0.694 0.021 -0.993 -0.0 0.058 0.106 0.684 0.0 -0.729 0.02 0.993 0.0 0.022 0.117 
0.999 -0.026 0.037 -0.008 -0.773 0.0 -0.632 0.063 -0.989 0.0 -0.034 -0.142 0.728 0.0 -0.682 -0.068 0.785 0.0 -0.277 -0.554 -0.719 -0.0 -0.695 0.021 -0.993 -0.0 0.058 0.106 0.684 0.0 -0.729 0.021 0.993 0.0 0.022 0.117 
0.999 -0.026 0.037 -0.008 -0.773 0.0 -0.632 0.064 -0.989 0.0 -0.034 -0.142 0.729 0.0 -0.68 -0.073 0.785 0.0 -0.286 -0.55 -0.719 -0.0 -0.694 0.021 -0.993 -0.0 0.058 0.106 0.685 0.0 -0.728 0.02 0.993 -0.0 0.019 0.118 
0.999 -0.027 0.037 -0.009 -0.773 0.0 -0.632 0.065 -0.989 -0.0 -0.034 -0.142 0.73 0.0 -0.679 -0.077 0.785 0.0 -0.295 -0.544 -0.719 -0.0 -0.695 0.022 -0.993 -0.0 0.059 0.106 0.685 0.0 -0.729 0.022 0.993 0.0 0.02 0.118 
0.999 -0.027 0.037 -0.01 -0.773 -0.0 -0.632 0.065 -0.989 0.0 -0.034 -0.142 0.731 0.0 -0.677 -0.08 0.785 0.0 -0.305 -0.539 -0.719 0.0 -0.694 0.022 -0.993 -0.0 0.059 0.106 0.683 0.0 -0.73 0.024 0.993 0.0 0.022 0.116 
0.999 -0.027 0.037 -0.01 -0.773 -0.0 -0.631 0.065 -0.989 -0.0 -0.034 -0.141 0.732 0.0 -0.676 -0.085 0.785 0.0 -0.313 -0.534 -0.719 -0.0 -0.694 0.022 -0.993 -0.0 0.059 0.106 0.683 0.0 -0.73 0.023 0.993 -0.0 0.022 0.117 
0.999 -0.026 0.037 -0.009 -0.773 -0.0 -0.631 0.065 -0.989 0.0 -0.034 -0.141 0.733 0.0 -0.675 -0.089 0.785 -0.0 -0.323 -0.528 -0.719 -0.0 -0.694 0.022 -0.993 -0.0 0.059 0.106 0.684 -0.0 -0.73 0.022 0.993 0.0 0.022 0.117 
0.999 -0.026 0.037 -0.01 -0.773 -0.0 -0.631 0.066 -0.989 -0.0 -0.034 -0.141 0.734 0.0 -0.673 -0.093 0.786 0.0 -0.333 -0.521 -0.719 -0.0 -0.694 0.022 -0.993 -0.0 0.058 0.106 0.683 0.0 -0.73 0.022 0.993 0.0 0.022 0.117 
0.999 -0.026 0.037 -0.01 -0.772 -0.0 -0.632 0.066 -0.99 -0.0 -0.034 -0.14 0.734 0.0 -0.672 -0.096 0.786 0.0 -0.342 -0.516 -0.719 -0.0 -0.694 0.021 -0.993 -0.0 0.058 0.106 0.684 0.0 -0.729 0.021 0.993 -0.0 0.022 0.117 
0.999 -0.026 0.037 -0.01 -0.773 -0.0 -0.632 0.065 -0.99 -0.0 -0.034 -0.14 0.735 0.0 -0.671 -0.101 0.786 0.0 -0.351 -0.508 -0.719 -0.0 -0.694 0.021 -0.993 -0.0 0.058 0.106 0.684 0.0 -0.729 0.021 0.993 0.0 0.022 0.118 
0.999 -0.025 0.037 -0.01 -0.772 -0.0 -0.632 0.066 -0.99 -0.0 -0.034 -0.14 0.735 0.0 -0.67 -0.104 0.787 0.0 -0.361 -0.501 -0.719 -0.0 -0.694 0.021 -0.993 -0.0 0.058 0.106 0.684 0.0 -0.729 0.02 0.993 0.0 0.019 0.119 
0.999 -0.025 0.037 -0.01 -0.772 -0.0 -0.632 0.065 -0.99 -0.0 -0.034 -0.139 0.735 0.0 -0.669 -0.108 0.788 0.0 -0.37 -0.493 -0.719 -0.0 -0.694 0.02 -0.993 -0.0 0.058 0.106 0.685 0.0 -0.729 0.02 0.993 0.0 0.019 0.119 
0.999 -0.025 0.037 -0.01 -0.772 -0.0 -0.632 0.066 -0.99 -0.0 -0.034 -0.139 0.735 0.0 -0.668 -0.113 0.789 0.0 -0.377 -0.484 -0.719 -0.0 -0.694 0.02 -0.993 -0.0 0.058 0.106 0.684 0.0 -0.73 0.021 0.993 0.0 0.022 0.118 
0.999 -0.025 0.037 -0.01 -0.772 -0.0 -0.632 0.065 -0.99 -0.0 -0.033 -0.138 0.735 0.0 -0.668 -0.115 0.79 0.0 -0.387 -0.476 -0.719 -0.0 -0.694 0.02 -0.993 -0.0 0.058 0.106 0.684 0.0 -0.729 0.019 0.993 0.0 0.019 0.119 
0.999 -0.024 0.037 -0.009 -0.772 -0.0 -0.632 0.064 -0.99 -0.0 -0.033 -0.138 0.735 0.0 -0.668 -0.118 0.79 0.0 -0.396 -0.467 -0.719 0.0 -0.694 0.019 -0.993 -0.0 0.058 0.106 0.685 0.0 -0.729 0.019 0.993 0.0 0.019 0.119 
0.999 -0.024 0.037 -0.009 -0.772 -0.0 -0.633 0.064 -0.99 -0.0 -0.032 -0.137 0.735 0.0 -0.667 -0.12 0.791 0.0 -0.404 -0.459 -0.719 -0.0 -0.694 0.019 -0.993 -0.0 0.058 0.106 0.685 0.0 -0.729 0.018 0.993 0.0 0.019 0.119 
0.999 -0.024 0.037 -0.009 -0.772 -0.0 -0.633 0.063 -0.99 -0.0 -0.032 -0.137 0.735 0.0 -0.667 -0.122 0.792 0.0 -0.412 -0.451 -0.719 -0.0 -0.694 0.019 -0.993 -0.0 0.058 0.106 0.685 0.0 -0.729 0.018 0.993 -0.0 0.019 0.119 
0.999 -0.024 0.037 -0.009 -0.772 0.0 -0.633 0.063 -0.99 -0.0 -0.032 -0.137 0.734 0.0 -0.667 -0.125 0.792 0.0 -0.42 -0.443 -0.719 -0.0 -0.694 0.018 -0.993 0.0 0.058 0.107 0.684 0.0 -0.729 0.018 0.993 -0.0 0.021 0.118 
0.999 -0.023 0.037 -0.009 -0.772 -0.0 -0.633 0.062 -0.99 -0.0 -0.032 -0.137 0.734 0.0 -0.667 -0.125 0.792 0.0 -0.428 -0.435 -0.719 -0.0 -0.694 0.018 -0.993 -0.0 0.058 0.107 0.684 -0.0 -0.73 0.018 0.993 0.0 0.021 0.118 
0.999 -0.023 0.037 -0.009 -0.771 -0.0 -0.633 0.061 -0.99 -0.0 -0.031 -0.137 0.734 0.0 -0.668 -0.126 0.793 -0.0 -0.435 -0.427 -0.719 -0.0 -0.695 0.017 -0.993 0.0 0.058 0.107 0.684 0.0 -0.73 0.017 0.993 -0.0 0.021 0.118 
0.999 -0.023 0.037 -0.009 -0.772 -0.0 -0.633 0.061 -0.99 -0.0 -0.031 -0.137 0.733 0.0 -0.668 -0.127 0.793 0.0 -0.441 -0.42 -0.719 -0.0 -0.694 0.017 -0.993 -0.0 0.058 0.107 0.684 0.0 -0.729 0.016 0.993 0.0 0.019 0.119 
0.999 -0.022 0.037 -0.009 -0.772 -0.0 -0.633 0.06 -0.99 0.0 -0.031 -0.137 0.733 -0.0 -0.668 -0.128 0.794 0.0 -0.446 -0.413 -0.719 -0.0 -0.694 0.017 -0.993 -0.0 0.058 0.107 0.684 -0.0 -0.73 0.017 0.993 0.0 0.021 0.118 
0.999 -0.022 0.037 -0.009 -0.771 -0.0 -0.634 0.06 -0.99 -0.0 -0.03 -0.137 0.732 0.0 -0.669 -0.128 0.795 0.0 -0.45 -0.407 -0.719 -0.0 -0.694 0.016 -0.993 -0.0 0.057 0.107 0.684 0.0 -0.73 0.016 0.993 0.0 0.021 0.118 
0.999 -0.022 0.037 -0.009 -0.771 -0.0 -0.634 0.059 -0.99 -0.0 -0.03 -0.137 0.732 0.0 -0.669 -0.127 0.796 0.0 -0.452 -0.403 -0.719 0.0 -0.694 0.017 -0.993 -0.0 0.057 0.107 0.684 0.0 -0.73 0.016 0.993 -0.0 0.021 0.118 
0.999 -0.022 0.037 -0.009 -0.771 -0.0 -0.634 0.058 -0.99 -0.0 -0.03 -0.137 0.732 0.0 -0.67 -0.125 0.797 -0.0 -0.453 -0.4 -0.719 -0.0 -0.695 0.016 -0.993 -0.0 0.058 0.107 0.684 0.0 -0.73 0.016 0.993 -0.0 0.021 0.118 
0.999 -0.021 0.037 -0.009 -0.771 0.0 -0.634 0.058 -0.99 -0.0 -0.03 -0.138 0.732 0.0 -0.67 -0.124 0.797 0.0 -0.453 -0.399 -0.719 -0.0 -0.695 0.015 -0.993 -0.0 0.058 0.107 0.684 0.0 -0.73 0.015 0.993 0.0 0.021 0.118 
0.999 -0.021 0.037 -0.009 -0.771 0.0 -0.634 0.057 -0.99 -0.0 -0.03 -0.138 0.732 0.0 -0.671 -0.123 0.797 0.0 -0.453 -0.4 -0.719 -0.0 -0.694 0.015 -0.993 -0.0 0.058 0.107 0.684 0.0 -0.73 0.015 0.993 -0.0 0.021 0.118 
0.999 -0.021 0.037 -0.009 -0.771 -0.0 -0.634 0.057 -0.99 -0.0 -0.03 -0.139 0.732 -0.0 -0.67 -0.122 0.797 0.0 -0.452 -0.402 -0.719 -0.0 -0.695 0.015 -0.993 -0.0 0.058 0.107 0.684 -0.0 -0.73 0.015 0.993 0.0 0.021 0.118 
0.999 -0.021 0.037 -0.009 -0.771 -0.0 -0.634 0.057 -0.99 -0.0 -0.03 -0.139 0.732 0.0 -0.67 -0.122 0.796 0.0 -0.451 -0.403 -0.719 -0.0 -0.695 0.015 -0.993 -0.0 0.058 0.107 0.685 -0.0 -0.729 0.014 0.993 0.0 0.018 0.119 
0.999 -0.021 0.037 -0.009 -0.771 -0.0 -0.634 0.056 -0.99 -0.0 -0.03 -0.14 0.733 0.0 -0.67 -0.122 0.796 -0.0 -0.45 -0.405 -0.719 0.0 -0.695 0.015 -0.993 -0.0 0.058 0.107 0.684 0.0 -0.729 0.015 0.993 0.0 0.019 0.119 
0.999 -0.021 0.037 -0.01 -0.772 -0.0 -0.634 0.056 -0.99 -0.0 -0.031 -0.141 0.733 0.0 -0.669 -0.122 0.795 0.0 -0.449 -0.407 -0.719 -0.0 -0.695 0.015 -0.993 -0.0 0.058 0.107 0.684 0.0 -0.73 0.015 0.993 0.0 0.021 0.118 
0.999 -0.021 0.037 -0.01 -0.772 0.0 -0.634 0.056 -0.989 -0.0 -0.031 -0.142 0.733 0.0 -0.669 -0.123 0.795 0.0 -0.448 -0.409 -0.719 -0.0 -0.695 0.015 -0.993 -0.0 0.057 0.107 0.684 0.0 -0.73 0.016 0.993 0.0 0.021 0.118 
0.999 -0.022 0.037 -0.01 -0.772 -0.0 -0.633 0.056 -0.989 -0.0 -0.032 -0.142 0.734 0.0 -0.668 -0.124 0.795 0.0 -0.447 -0.41 -0.719 -0.0 -0.694 0.015 -0.993 -0.0 0.058 0.107 0.684 0.0 -0.729 0.016 0.993 0.0 0.018 0.119 
0.999 -0.022 0.037 -0.011 -0.771 -0.0 -0.634 0.057 -0.989 -0.0 -0.031 -0.143 0.734 0.0 -0.668 -0.125 0.795 0.0 -0.445 -0.411 -0.719 -0.0 -0.694 0.015 -0.993 -0.0 0.057 0.107 0.684 0.0 -0.73 0.017 0.993 0.0 0.021 0.117 
0.999 -0.022 0.037 -0.011 -0.772 -0.0 -0.633 0.057 -0.989 -0.0 -0.032 -0.144 0.734 0.0 -0.667 -0.126 0.795 0.0 -0.445 -0.412 -0.719 -0.0 -0.694 0.016 -0.993 -0.0 0.057 0.106 0.684 0.0 -0.729 0.017 0.993 0.0 0.019 0.118 
0.999 -0.023 0.037 -0.011 -0.772 -0.0 -0.633 0.058 -0.989 -0.0 -0.032 -0.145 0.734 -0.0 -0.667 -0.127 0.795 0.0 -0.444 -0.413 -0.719 0.0 -0.694 0.017 -0.993 -0.0 0.057 0.106 0.683 0.0 -0.73 0.018 0.993 0.0 0.022 0.117 
0.999 -0.023 0.037 -0.012 -0.772 0.0 -0.633 0.058 -0.989 -0.0 -0.033 -0.146 0.734 0.0 -0.667 -0.128 0.796 0.0 -0.443 -0.413 -0.719 -0.0 -0.694 0.017 -0.993 -0.0 0.057 0.106 0.684 0.0 -0.729 0.019 0.993 0.0 0.021 0.117 
0.999 -0.022 0.036 -0.011 -0.771 -0.0 -0.634 0.057 -0.989 -0.0 -0.032 -0.147 0.734 -0.0 -0.667 -0.129 0.796 0.0 -0.443 -0.413 -0.719 0.0 -0.695 0.016 -0.993 -0.0 0.057 0.106 0.685 -0.0 -0.729 0.016 0.993 0.0 0.019 0.119 
0.999 -0.022 0.036 -0.011 -0.771 -0.0 -0.634 0.057 -0.989 0.0 -0.032 -0.146 0.733 -0.0 -0.668 -0.128 0.796 -0.0 -0.443 -0.413 -0.719 -0.0 -0.695 0.016 -0.993 -0.0 0.057 0.106 0.683 0.0 -0.73 0.017 0.993 0.0 0.023 0.118 
0.999 -0.022 0.037 -0.013 -0.772 0.0 -0.633 0.056 -0.989 -0.0 -0.032 -0.147 0.733 0.0 -0.669 -0.126 0.795 0.0 -0.442 -0.415 -0.719 -0.0 -0.695 0.016 -0.993 -0.0 0.058 0.106 0.683 -0.0 -0.73 0.018 0.993 0.0 0.022 0.117 
0.999 -0.022 0.036 -0.013 -0.772 0.0 -0.634 0.055 -0.989 -0.0 -0.032 -0.147 0.733 0.0 -0.669 -0.125 0.795 0.0 -0.442 -0.414 -0.719 -0.0 -0.695 0.016 -0.993 -0.0 0.058 0.106 0.683 0.0 -0.73 0.018 0.993 0.0 0.022 0.117 
0.999 -0.022 0.037 -0.013 -0.772 -0.0 -0.633 0.054 -0.989 -0.0 -0.033 -0.147 0.732 0.0 -0.669 -0.124 0.795 0.0 -0.443 -0.414 -0.719 0.0 -0.695 0.016 -0.993 -0.0 0.058 0.105 0.683 -0.0 -0.73 0.018 0.993 0.0 0.022 0.117 
0.999 -0.022 0.037 -0.013 -0.772 -0.0 -0.634 0.054 -0.989 -0.0 -0.032 -0.147 0.732 -0.0 -0.67 -0.124 0.796 0.0 -0.443 -0.414 -0.719 -0.0 -0.695 0.015 -0.993 -0.0 0.058 0.106 0.683 0.0 -0.73 0.018 0.993 0.0 0.022 0.117 
0.999 -0.022 0.036 -0.013 -0.772 -0.0 -0.634 0.053 -0.989 -0.0 -0.032 -0.146 0.732 0.0 -0.67 -0.123 0.795 0.0 -0.443 -0.414 -0.719 -0.0 -0.695 0.015 -0.993 -0.0 0.058 0.106 0.684 -0.0 -0.73 0.017 0.993 -0.0 0.022 0.117 
0.999 -0.021 0.036 -0.013 -0.772 -0.0 -0.634 0.052 -0.989 -0.0 -0.031 -0.146 0.732 0.0 -0.67 -0.123 0.795 0.0 -0.443 -0.414 -0.719 -0.0 -0.695 0.015 -0.993 -0.0 0.058 0.106 0.684 0.0 -0.73 0.017 0.993 -0.0 0.021 0.118 
0.999 -0.021 0.037 -0.013 -0.772 -0.0 -0.634 0.052 -0.989 -0.0 -0.031 -0.146 0.732 0.0 -0.67 -0.123 0.795 0.0 -0.443 -0.413 -0.719 0.0 -0.695 0.015 -0.993 -0.0 0.058 0.106 0.684 0.0 -0.73 0.017 0.993 -0.0 0.022 0.118 
0.999 -0.021 0.037 -0.012 -0.772 -0.0 -0.634 0.052 -0.989 0.0 -0.031 -0.146 0.732 0.0 -0.67 -0.123 0.795 0.0 -0.443 -0.413 -0.719 0.0 -0.695 0.015 -0.993 -0.0 0.058 0.106 0.684 0.0 -0.73 0.017 0.993 0.0 0.022 0.118 
0.999 -0.021 0.037 -0.012 -0.772 -0.0 -0.634 0.051 -0.989 -0.0 -0.031 -0.146 0.732 0.0 -0.67 -0.123 0.795 0.0 -0.444 -0.413 -0.719 -0.0 -0.695 0.015 -0.993 -0.0 0.058 0.106 0.685 0.0 -0.728 0.016 0.993 0.0 0.018 0.119 
0.999 -0.022 0.037 -0.012 -0.772 0.0 -0.634 0.051 -0.989 -0.0 -0.031 -0.146 0.732 0.0 -0.67 -0.123 0.795 0.0 -0.443 -0.413 -0.719 -0.0 -0.695 0.015 -0.993 -0.0 0.058 0.106 0.684 0.0 -0.729 0.017 0.993 -0.0 0.02 0.118 
0.999 -0.021 0.037 -0.012 -0.772 -0.0 -0.634 0.051 -0.989 -0.0 -0.031 -0.147 0.733 0.0 -0.669 -0.123 0.795 0.0 -0.444 -0.413 -0.719 -0.0 -0.695 0.015 -0.993 -0.0 0.058 0.106 0.684 -0.0 -0.729 0.016 0.993 -0.0 0.02 0.118 
0.999 -0.022 0.036 -0.012 -0.772 -0.0 -0.634 0.051 -0.989 -0.0 -0.031 -0.147 0.733 -0.0 -0.669 -0.124 0.795 0.0 -0.444 -0.413 -0.719 -0.0 -0.695 0.015 -0.993 -0.0 0.058 0.107 0.684 -0.0 -0.729 0.017 0.993 -0.0 0.02 0.118 
0.999 -0.022 0.036 -0.012 -0.772 -0.0 -0.634 0.05 -0.989 -0.0 -0.031 -0.147 0.733 0.0 -0.669 -0.123 0.795 0.0 -0.444 -0.413 -0.719 -0.0 -0.695 0.015 -0.993 -0.0 0.057 0.107 0.685 -0.0 -0.728 0.016 0.993 0.0 0.018 0.119 
