# T   LUA LFA RUA RFA LT  LS  RT  RS  
-0.69 0.048 -0.073 -0.719 -0.834 -0.0 0.395 -0.385 -0.957 -0.0 0.281 -0.067 0.855 0.0 0.38 -0.353 0.952 -0.0 0.289 -0.102 -0.709 -0.0 -0.678 0.195 -1.0 -0.0 0.017 -0.005 0.684 0.0 -0.721 0.112 0.996 -0.0 0.071 0.051 
-0.689 0.048 -0.073 -0.719 -0.832 0.0 0.394 -0.392 -0.957 -0.0 0.281 -0.07 0.852 0.0 0.38 -0.36 0.952 0.0 0.288 -0.104 -0.708 -0.0 -0.678 0.196 -1.0 -0.0 0.017 -0.005 0.684 0.0 -0.72 0.112 0.996 0.0 0.07 0.051 
-0.689 0.048 -0.072 -0.719 -0.829 -0.0 0.395 -0.397 -0.958 -0.0 0.276 -0.074 0.849 0.0 0.381 -0.367 0.952 0.0 0.286 -0.105 -0.708 0.0 -0.679 0.195 -1.0 -0.0 0.017 -0.005 0.684 0.0 -0.721 0.11 0.996 0.0 0.071 0.052 
-0.689 0.048 -0.072 -0.719 -0.826 -0.0 0.393 -0.405 -0.958 -0.0 0.277 -0.075 0.846 0.0 0.381 -0.374 0.953 0.0 0.285 -0.105 -0.709 -0.0 -0.678 0.194 -1.0 -0.0 0.016 -0.005 0.685 0.0 -0.721 0.11 0.996 0.0 0.07 0.052 
-0.689 0.048 -0.072 -0.72 -0.823 -0.0 0.39 -0.412 -0.958 -0.0 0.274 -0.08 0.843 0.0 0.38 -0.381 0.953 0.0 0.282 -0.107 -0.708 -0.0 -0.679 0.195 -1.0 -0.0 0.016 -0.006 0.684 0.0 -0.721 0.109 0.996 -0.0 0.068 0.054 
-0.689 0.048 -0.072 -0.72 -0.821 -0.0 0.389 -0.419 -0.959 -0.0 0.273 -0.082 0.84 0.0 0.38 -0.388 0.954 -0.0 0.279 -0.109 -0.708 0.0 -0.679 0.195 -1.0 -0.0 0.016 -0.006 0.685 0.0 -0.721 0.108 0.996 0.0 0.07 0.054 
-0.689 0.048 -0.072 -0.72 -0.818 -0.0 0.386 -0.425 -0.959 -0.0 0.269 -0.086 0.837 -0.0 0.379 -0.395 0.954 0.0 0.277 -0.109 -0.708 -0.0 -0.679 0.194 -1.0 -0.0 0.016 -0.006 0.685 0.0 -0.721 0.107 0.996 0.0 0.07 0.054 
-0.688 0.047 -0.072 -0.72 -0.816 -0.0 0.383 -0.432 -0.959 -0.0 0.269 -0.088 0.834 0.0 0.378 -0.402 0.955 0.0 0.275 -0.11 -0.708 -0.0 -0.679 0.194 -1.0 0.0 0.016 -0.006 0.685 0.0 -0.721 0.106 0.996 -0.0 0.069 0.054 
-0.688 0.047 -0.072 -0.721 -0.814 -0.0 0.381 -0.439 -0.959 0.0 0.267 -0.09 0.831 0.0 0.376 -0.41 0.956 -0.0 0.271 -0.112 -0.708 -0.0 -0.679 0.194 -1.0 0.0 0.016 -0.006 0.684 0.0 -0.722 0.103 0.996 0.0 0.069 0.058 
-0.688 0.047 -0.072 -0.721 -0.811 -0.0 0.378 -0.446 -0.96 -0.0 0.263 -0.094 0.828 0.0 0.375 -0.416 0.957 0.0 0.269 -0.113 -0.708 0.0 -0.679 0.193 -1.0 -0.0 0.017 -0.006 0.685 0.0 -0.721 0.105 0.996 0.0 0.069 0.055 
-0.688 0.047 -0.072 -0.721 -0.809 -0.0 0.374 -0.453 -0.961 -0.0 0.261 -0.096 0.826 0.0 0.373 -0.423 0.957 0.0 0.267 -0.114 -0.708 -0.0 -0.679 0.193 -1.0 -0.0 0.016 -0.006 0.684 0.0 -0.722 0.102 0.996 0.0 0.07 0.058 
-0.688 0.047 -0.071 -0.721 -0.807 -0.0 0.37 -0.46 -0.961 -0.0 0.26 -0.098 0.823 0.0 0.37 -0.43 0.957 0.0 0.264 -0.116 -0.708 -0.0 -0.679 0.193 -1.0 -0.0 0.016 -0.006 0.684 0.0 -0.722 0.102 0.996 0.0 0.07 0.058 
-0.688 0.046 -0.071 -0.721 -0.806 -0.0 0.368 -0.464 -0.961 0.0 0.256 -0.102 0.821 -0.0 0.368 -0.436 0.958 0.0 0.261 -0.117 -0.708 0.0 -0.679 0.192 -1.0 -0.0 0.017 -0.006 0.684 0.0 -0.722 0.101 0.996 0.0 0.07 0.057 
-0.687 0.046 -0.071 -0.721 -0.804 -0.0 0.363 -0.47 -0.961 -0.0 0.255 -0.105 0.819 0.0 0.365 -0.443 0.959 0.0 0.259 -0.119 -0.708 -0.0 -0.68 0.192 -1.0 0.0 0.017 -0.006 0.685 0.0 -0.722 0.101 0.996 0.0 0.07 0.058 
-0.687 0.046 -0.071 -0.722 -0.803 -0.0 0.359 -0.476 -0.961 -0.0 0.254 -0.106 0.817 0.0 0.362 -0.45 0.959 0.0 0.257 -0.119 -0.708 -0.0 -0.68 0.191 -1.0 -0.0 0.018 -0.006 0.685 0.0 -0.722 0.1 0.996 0.0 0.069 0.057 
-0.687 0.046 -0.071 -0.722 -0.801 -0.0 0.355 -0.482 -0.962 -0.0 0.252 -0.109 0.814 0.0 0.359 -0.456 0.96 0.0 0.252 -0.122 -0.708 -0.0 -0.68 0.191 -1.0 0.0 0.018 -0.006 0.685 0.0 -0.722 0.1 0.996 0.0 0.069 0.057 
-0.687 0.045 -0.071 -0.722 -0.8 -0.0 0.349 -0.488 -0.962 0.0 0.251 -0.111 0.813 0.0 0.354 -0.463 0.96 0.0 0.251 -0.123 -0.708 -0.0 -0.68 0.191 -1.0 -0.0 0.018 -0.006 0.685 0.0 -0.722 0.1 0.996 0.0 0.069 0.057 
-0.687 0.045 -0.07 -0.722 -0.799 0.0 0.345 -0.493 -0.962 -0.0 0.248 -0.113 0.811 0.0 0.349 -0.469 0.96 0.0 0.251 -0.124 -0.708 -0.0 -0.681 0.19 -1.0 -0.0 0.018 -0.006 0.685 0.0 -0.722 0.1 0.996 0.0 0.067 0.055 
-0.687 0.045 -0.07 -0.722 -0.798 -0.0 0.339 -0.499 -0.962 0.0 0.248 -0.116 0.809 0.0 0.347 -0.474 0.961 0.0 0.245 -0.126 -0.707 -0.0 -0.681 0.19 -1.0 -0.0 0.019 -0.005 0.685 0.0 -0.721 0.101 0.996 0.0 0.068 0.054 
-0.687 0.045 -0.07 -0.722 -0.797 -0.0 0.334 -0.504 -0.963 -0.0 0.243 -0.118 0.808 0.0 0.341 -0.48 0.961 0.0 0.245 -0.128 -0.707 -0.0 -0.681 0.189 -1.0 -0.0 0.019 -0.005 0.685 0.0 -0.722 0.1 0.996 0.0 0.068 0.054 
-0.686 0.045 -0.07 -0.722 -0.795 0.0 0.328 -0.51 -0.963 -0.0 0.241 -0.119 0.807 0.0 0.336 -0.486 0.961 0.0 0.244 -0.129 -0.707 -0.0 -0.681 0.189 -1.0 -0.0 0.019 -0.005 0.685 0.0 -0.722 0.1 0.996 0.0 0.068 0.055 
-0.686 0.045 -0.07 -0.723 -0.795 -0.0 0.322 -0.514 -0.963 -0.0 0.24 -0.121 0.806 0.0 0.331 -0.491 0.961 0.0 0.241 -0.131 -0.707 -0.0 -0.681 0.189 -1.0 -0.0 0.019 -0.005 0.685 0.0 -0.722 0.099 0.996 0.0 0.068 0.055 
-0.686 0.045 -0.07 -0.723 -0.794 -0.0 0.316 -0.519 -0.965 -0.0 0.231 -0.121 0.805 0.0 0.327 -0.496 0.962 0.0 0.24 -0.133 -0.707 0.0 -0.682 0.188 -1.0 -0.0 0.019 -0.005 0.685 -0.0 -0.722 0.099 0.996 0.0 0.068 0.054 
-0.686 0.045 -0.069 -0.723 -0.794 -0.0 0.312 -0.523 -0.966 -0.0 0.229 -0.122 0.804 0.0 0.323 -0.499 0.962 0.0 0.235 -0.135 -0.707 -0.0 -0.682 0.188 -1.0 0.0 0.019 -0.005 0.685 0.0 -0.722 0.098 0.996 -0.0 0.068 0.055 
-0.686 0.044 -0.069 -0.723 -0.792 -0.0 0.304 -0.529 -0.966 -0.0 0.23 -0.121 0.804 0.0 0.317 -0.504 0.962 0.0 0.236 -0.137 -0.707 -0.0 -0.682 0.187 -1.0 -0.0 0.019 -0.004 0.685 0.0 -0.722 0.098 0.996 -0.0 0.068 0.055 
-0.686 0.044 -0.069 -0.723 -0.793 0.0 0.301 -0.529 -0.964 -0.0 0.235 -0.126 0.803 -0.0 0.311 -0.508 0.962 0.0 0.234 -0.139 -0.707 -0.0 -0.682 0.186 -1.0 -0.0 0.019 -0.004 0.685 0.0 -0.722 0.097 0.996 -0.0 0.068 0.056 
-0.686 0.044 -0.069 -0.723 -0.793 -0.0 0.294 -0.533 -0.964 -0.0 0.235 -0.127 0.804 -0.0 0.306 -0.511 0.962 0.0 0.233 -0.14 -0.707 -0.0 -0.682 0.186 -1.0 -0.0 0.019 -0.004 0.685 0.0 -0.723 0.096 0.996 0.0 0.069 0.056 
-0.686 0.044 -0.069 -0.723 -0.793 -0.0 0.289 -0.536 -0.964 -0.0 0.233 -0.129 0.803 0.0 0.302 -0.513 0.963 -0.0 0.23 -0.143 -0.707 -0.0 -0.682 0.185 -1.0 -0.0 0.019 -0.004 0.684 0.0 -0.723 0.095 0.996 0.0 0.069 0.056 
-0.686 0.044 -0.068 -0.723 -0.794 -0.0 0.283 -0.538 -0.964 -0.0 0.232 -0.13 0.803 -0.0 0.297 -0.516 0.963 0.0 0.228 -0.145 -0.708 -0.0 -0.682 0.185 -1.0 0.0 0.018 -0.004 0.684 0.0 -0.723 0.094 0.996 -0.0 0.069 0.056 
-0.686 0.044 -0.068 -0.723 -0.794 -0.0 0.277 -0.541 -0.964 -0.0 0.231 -0.132 0.804 -0.0 0.291 -0.518 0.963 0.0 0.228 -0.146 -0.708 0.0 -0.682 0.185 -1.0 0.0 0.018 -0.004 0.685 0.0 -0.723 0.094 0.996 -0.0 0.067 0.056 
-0.686 0.043 -0.068 -0.723 -0.795 -0.0 0.272 -0.542 -0.964 -0.0 0.229 -0.133 0.805 0.0 0.286 -0.52 0.963 0.0 0.225 -0.148 -0.708 -0.0 -0.682 0.184 -1.0 -0.0 0.018 -0.004 0.685 0.0 -0.723 0.093 0.996 0.0 0.068 0.057 
-0.686 0.043 -0.068 -0.723 -0.796 -0.0 0.266 -0.544 -0.964 0.0 0.231 -0.134 0.805 0.0 0.281 -0.522 0.963 0.0 0.224 -0.149 -0.708 0.0 -0.682 0.184 -1.0 -0.0 0.018 -0.004 0.684 0.0 -0.723 0.093 0.996 0.0 0.068 0.057 
-0.686 0.043 -0.068 -0.724 -0.797 -0.0 0.263 -0.544 -0.964 -0.0 0.228 -0.135 0.806 0.0 0.276 -0.523 0.963 0.0 0.223 -0.15 -0.708 0.0 -0.682 0.183 -1.0 -0.0 0.018 -0.004 0.685 0.0 -0.723 0.091 0.996 0.0 0.068 0.058 
-0.686 0.043 -0.068 -0.724 -0.798 -0.0 0.257 -0.544 -0.964 -0.0 0.227 -0.137 0.808 -0.0 0.27 -0.524 0.963 0.0 0.223 -0.152 -0.708 -0.0 -0.682 0.183 -1.0 -0.0 0.018 -0.004 0.685 -0.0 -0.723 0.092 0.996 0.0 0.066 0.057 
-0.686 0.043 -0.067 -0.724 -0.8 -0.0 0.251 -0.545 -0.964 -0.0 0.227 -0.137 0.809 0.0 0.265 -0.525 0.963 0.0 0.223 -0.152 -0.708 0.0 -0.682 0.183 -1.0 -0.0 0.018 -0.004 0.685 0.0 -0.723 0.091 0.996 -0.0 0.067 0.059 
-0.686 0.042 -0.066 -0.724 -0.801 -0.0 0.248 -0.545 -0.965 -0.0 0.225 -0.137 0.81 0.0 0.266 -0.522 0.963 0.0 0.221 -0.154 -0.708 0.0 -0.683 0.181 -1.0 0.0 0.018 -0.004 0.685 -0.0 -0.723 0.089 0.996 0.0 0.065 0.058 
-0.686 0.042 -0.066 -0.724 -0.803 -0.0 0.242 -0.545 -0.964 -0.0 0.226 -0.137 0.812 0.0 0.26 -0.522 0.963 0.0 0.222 -0.155 -0.708 -0.0 -0.683 0.181 -1.0 -0.0 0.018 -0.003 0.685 0.0 -0.723 0.088 0.996 0.0 0.065 0.059 
-0.686 0.042 -0.066 -0.724 -0.804 -0.0 0.236 -0.545 -0.964 -0.0 0.227 -0.137 0.814 -0.0 0.255 -0.522 0.963 0.0 0.22 -0.156 -0.708 0.0 -0.683 0.18 -1.0 0.0 0.018 -0.003 0.685 0.0 -0.723 0.088 0.996 0.0 0.064 0.059 
-0.685 0.041 -0.066 -0.724 -0.806 -0.0 0.232 -0.544 -0.965 -0.0 0.225 -0.137 0.816 -0.0 0.25 -0.521 0.963 0.0 0.221 -0.157 -0.708 -0.0 -0.683 0.18 -1.0 -0.0 0.019 -0.003 0.686 0.0 -0.723 0.087 0.996 0.0 0.064 0.059 
-0.685 0.041 -0.066 -0.724 -0.809 -0.0 0.228 -0.542 -0.964 -0.0 0.226 -0.137 0.818 0.0 0.245 -0.52 0.963 0.0 0.221 -0.156 -0.708 -0.0 -0.683 0.18 -1.0 -0.0 0.019 -0.003 0.685 -0.0 -0.723 0.087 0.996 0.0 0.064 0.059 
-0.686 0.041 -0.066 -0.724 -0.81 -0.0 0.224 -0.541 -0.964 -0.0 0.226 -0.137 0.82 0.0 0.24 -0.519 0.963 0.0 0.221 -0.157 -0.708 0.0 -0.683 0.18 -1.0 -0.0 0.019 -0.003 0.685 -0.0 -0.723 0.087 0.996 0.0 0.064 0.059 
-0.685 0.041 -0.066 -0.724 -0.812 -0.0 0.22 -0.54 -0.965 -0.0 0.223 -0.136 0.822 0.0 0.235 -0.518 0.963 0.0 0.219 -0.158 -0.708 -0.0 -0.683 0.18 -1.0 -0.0 0.019 -0.003 0.685 -0.0 -0.723 0.087 0.996 0.0 0.064 0.059 
-0.685 0.041 -0.066 -0.724 -0.814 -0.0 0.216 -0.539 -0.966 -0.0 0.221 -0.136 0.824 -0.0 0.231 -0.517 0.963 0.0 0.218 -0.158 -0.707 -0.0 -0.684 0.18 -1.0 -0.0 0.019 -0.003 0.685 0.0 -0.723 0.087 0.996 0.0 0.064 0.059 
-0.685 0.041 -0.066 -0.724 -0.817 -0.0 0.212 -0.537 -0.966 0.0 0.222 -0.135 0.827 0.0 0.227 -0.515 0.964 -0.0 0.215 -0.158 -0.707 0.0 -0.683 0.18 -1.0 -0.0 0.019 -0.003 0.685 0.0 -0.723 0.088 0.996 0.0 0.063 0.059 
-0.686 0.041 -0.066 -0.724 -0.819 0.0 0.209 -0.535 -0.966 -0.0 0.22 -0.134 0.829 0.0 0.223 -0.512 0.964 0.0 0.216 -0.158 -0.708 0.0 -0.683 0.18 -1.0 -0.0 0.019 -0.003 0.685 0.0 -0.723 0.088 0.996 0.0 0.063 0.058 
-0.686 0.041 -0.066 -0.724 -0.821 0.0 0.206 -0.533 -0.967 -0.0 0.219 -0.132 0.832 0.0 0.22 -0.51 0.964 0.0 0.214 -0.159 -0.707 -0.0 -0.684 0.18 -1.0 0.0 0.02 -0.003 0.685 0.0 -0.723 0.088 0.996 0.0 0.064 0.058 
-0.686 0.041 -0.066 -0.724 -0.823 0.0 0.203 -0.53 -0.967 -0.0 0.217 -0.132 0.834 0.0 0.217 -0.506 0.964 0.0 0.212 -0.159 -0.707 0.0 -0.684 0.18 -1.0 -0.0 0.02 -0.003 0.685 0.0 -0.723 0.088 0.996 0.0 0.064 0.059 
-0.686 0.041 -0.066 -0.724 -0.826 -0.0 0.2 -0.527 -0.968 -0.0 0.216 -0.13 0.837 0.0 0.214 -0.503 0.964 0.0 0.211 -0.159 -0.708 -0.0 -0.683 0.18 -1.0 -0.0 0.02 -0.003 0.685 0.0 -0.723 0.088 0.996 0.0 0.064 0.059 
-0.686 0.041 -0.066 -0.724 -0.828 -0.0 0.197 -0.525 -0.968 -0.0 0.216 -0.127 0.84 0.0 0.211 -0.5 0.965 0.0 0.21 -0.159 -0.707 0.0 -0.683 0.18 -1.0 -0.0 0.02 -0.003 0.685 0.0 -0.723 0.088 0.996 0.0 0.064 0.058 
-0.686 0.041 -0.066 -0.723 -0.831 0.0 0.194 -0.521 -0.968 0.0 0.215 -0.127 0.843 0.0 0.208 -0.496 0.965 0.0 0.209 -0.159 -0.707 -0.0 -0.683 0.18 -1.0 -0.0 0.02 -0.003 0.685 0.0 -0.723 0.089 0.996 -0.0 0.064 0.058 
-0.686 0.041 -0.066 -0.723 -0.833 -0.0 0.191 -0.519 -0.969 -0.0 0.212 -0.125 0.846 -0.0 0.206 -0.492 0.965 0.0 0.207 -0.159 -0.708 -0.0 -0.683 0.18 -1.0 -0.0 0.02 -0.003 0.685 0.0 -0.723 0.089 0.996 0.0 0.064 0.058 
-0.686 0.041 -0.066 -0.723 -0.836 -0.0 0.189 -0.515 -0.969 -0.0 0.213 -0.122 0.849 0.0 0.203 -0.488 0.965 0.0 0.207 -0.16 -0.708 -0.0 -0.683 0.18 -1.0 0.0 0.02 -0.003 0.685 0.0 -0.723 0.09 0.996 -0.0 0.064 0.058 
-0.686 0.041 -0.066 -0.723 -0.838 -0.0 0.188 -0.512 -0.97 0.0 0.211 -0.121 0.852 0.0 0.199 -0.483 0.965 0.0 0.208 -0.159 -0.708 -0.0 -0.683 0.18 -1.0 -0.0 0.019 -0.003 0.685 0.0 -0.723 0.09 0.996 0.0 0.064 0.058 
-0.687 0.041 -0.066 -0.723 -0.841 0.0 0.186 -0.508 -0.97 -0.0 0.215 -0.118 0.855 -0.0 0.197 -0.479 0.965 0.0 0.207 -0.16 -0.708 -0.0 -0.683 0.18 -1.0 -0.0 0.019 -0.003 0.685 0.0 -0.723 0.09 0.996 0.0 0.064 0.057 
-0.687 0.041 -0.066 -0.723 -0.844 -0.0 0.184 -0.504 -0.97 0.0 0.213 -0.116 0.859 -0.0 0.195 -0.474 0.966 0.0 0.206 -0.159 -0.708 -0.0 -0.683 0.18 -1.0 -0.0 0.019 -0.003 0.685 0.0 -0.723 0.091 0.996 0.0 0.064 0.057 
-0.687 0.042 -0.066 -0.723 -0.847 -0.0 0.182 -0.499 -0.97 -0.0 0.217 -0.113 0.862 0.0 0.192 -0.469 0.965 0.0 0.207 -0.159 -0.708 -0.0 -0.683 0.18 -1.0 -0.0 0.019 -0.003 0.685 -0.0 -0.723 0.091 0.996 0.0 0.064 0.057 
-0.687 0.042 -0.066 -0.722 -0.85 -0.0 0.18 -0.495 -0.971 0.0 0.21 -0.113 0.865 0.0 0.19 -0.465 0.966 0.0 0.206 -0.159 -0.708 -0.0 -0.683 0.18 -1.0 -0.0 0.019 -0.003 0.685 0.0 -0.723 0.091 0.996 0.0 0.066 0.058 
-0.687 0.041 -0.066 -0.722 -0.853 -0.0 0.179 -0.49 -0.972 -0.0 0.209 -0.111 0.869 0.0 0.19 -0.457 0.966 0.0 0.206 -0.157 -0.708 -0.0 -0.683 0.18 -1.0 -0.0 0.019 -0.003 0.685 0.0 -0.723 0.09 0.996 -0.0 0.064 0.058 
-0.687 0.042 -0.066 -0.722 -0.855 -0.0 0.177 -0.487 -0.971 0.0 0.214 -0.107 0.871 0.0 0.188 -0.453 0.966 -0.0 0.205 -0.157 -0.708 -0.0 -0.683 0.18 -1.0 -0.0 0.019 -0.003 0.685 0.0 -0.723 0.091 0.996 0.0 0.064 0.058 
-0.688 0.042 -0.066 -0.722 -0.858 -0.0 0.175 -0.483 -0.972 -0.0 0.208 -0.106 0.874 0.0 0.185 -0.449 0.967 0.0 0.205 -0.154 -0.708 0.0 -0.683 0.181 -1.0 -0.0 0.019 -0.003 0.685 0.0 -0.723 0.092 0.996 0.0 0.064 0.057 
-0.688 0.042 -0.066 -0.722 -0.861 -0.0 0.174 -0.478 -0.973 -0.0 0.208 -0.104 0.877 0.0 0.184 -0.444 0.967 0.0 0.204 -0.155 -0.708 0.0 -0.683 0.181 -1.0 -0.0 0.018 -0.003 0.685 0.0 -0.723 0.092 0.996 0.0 0.064 0.058 
-0.687 0.042 -0.066 -0.722 -0.864 -0.0 0.172 -0.473 -0.972 -0.0 0.214 -0.1 0.88 0.0 0.182 -0.439 0.967 0.0 0.204 -0.153 -0.708 -0.0 -0.682 0.183 -1.0 -0.0 0.018 -0.004 0.685 0.0 -0.723 0.092 0.996 -0.0 0.064 0.058 
-0.687 0.042 -0.067 -0.722 -0.867 -0.0 0.17 -0.468 -0.972 -0.0 0.215 -0.097 0.882 0.0 0.18 -0.434 0.967 0.0 0.204 -0.151 -0.708 -0.0 -0.682 0.183 -1.0 -0.0 0.018 -0.004 0.685 0.0 -0.723 0.091 0.996 0.0 0.066 0.062 
-0.687 0.043 -0.067 -0.722 -0.87 0.0 0.17 -0.463 -0.973 -0.0 0.208 -0.098 0.885 0.0 0.179 -0.43 0.968 0.0 0.205 -0.149 -0.708 -0.0 -0.682 0.184 -1.0 -0.0 0.018 -0.004 0.685 0.0 -0.723 0.092 0.996 0.0 0.066 0.06 
-0.687 0.043 -0.067 -0.722 -0.873 -0.0 0.168 -0.458 -0.974 -0.0 0.207 -0.096 0.888 -0.0 0.177 -0.425 0.968 0.0 0.205 -0.147 -0.708 -0.0 -0.682 0.184 -1.0 -0.0 0.018 -0.004 0.685 0.0 -0.722 0.094 0.996 0.0 0.065 0.058 
-0.687 0.043 -0.067 -0.722 -0.875 0.0 0.167 -0.454 -0.974 -0.0 0.205 -0.094 0.89 0.0 0.175 -0.421 0.968 0.0 0.205 -0.145 -0.708 -0.0 -0.681 0.185 -1.0 -0.0 0.018 -0.004 0.685 -0.0 -0.722 0.095 0.996 0.0 0.065 0.058 
-0.687 0.043 -0.067 -0.722 -0.879 -0.0 0.166 -0.448 -0.974 -0.0 0.208 -0.092 0.893 0.0 0.174 -0.415 0.968 0.0 0.206 -0.143 -0.708 -0.0 -0.681 0.186 -1.0 -0.0 0.017 -0.004 0.685 0.0 -0.722 0.096 0.996 0.0 0.064 0.06 
-0.687 0.044 -0.068 -0.722 -0.882 -0.0 0.164 -0.443 -0.974 -0.0 0.209 -0.09 0.895 0.0 0.173 -0.411 0.969 0.0 0.206 -0.14 -0.708 -0.0 -0.681 0.187 -1.0 -0.0 0.017 -0.004 0.685 0.0 -0.722 0.096 0.996 -0.0 0.065 0.058 
-0.687 0.044 -0.068 -0.722 -0.884 -0.0 0.163 -0.438 -0.974 -0.0 0.207 -0.088 0.898 0.0 0.172 -0.406 0.969 0.0 0.206 -0.138 -0.708 -0.0 -0.681 0.188 -1.0 0.0 0.017 -0.004 0.685 0.0 -0.722 0.097 0.996 0.0 0.065 0.057 
-0.687 0.044 -0.068 -0.722 -0.887 -0.0 0.162 -0.432 -0.974 -0.0 0.21 -0.085 0.9 0.0 0.17 -0.401 0.969 0.0 0.206 -0.137 -0.708 -0.0 -0.68 0.189 -1.0 -0.0 0.018 -0.004 0.685 0.0 -0.722 0.098 0.996 0.0 0.065 0.057 
-0.687 0.044 -0.068 -0.722 -0.89 -0.0 0.16 -0.427 -0.975 -0.0 0.208 -0.083 0.904 0.0 0.172 -0.392 0.969 0.0 0.202 -0.142 -0.708 -0.0 -0.681 0.189 -1.0 -0.0 0.018 -0.004 0.685 -0.0 -0.722 0.098 0.996 0.0 0.065 0.058 
-0.687 0.045 -0.069 -0.722 -0.893 -0.0 0.16 -0.421 -0.975 -0.0 0.206 -0.081 0.906 0.0 0.171 -0.387 0.969 0.0 0.203 -0.14 -0.708 -0.0 -0.681 0.19 -1.0 0.0 0.018 -0.004 0.685 0.0 -0.722 0.1 0.996 0.0 0.066 0.057 
-0.687 0.045 -0.069 -0.722 -0.895 0.0 0.158 -0.417 -0.975 -0.0 0.208 -0.078 0.907 0.0 0.168 -0.387 0.97 0.0 0.207 -0.13 -0.708 -0.0 -0.68 0.191 -1.0 -0.0 0.019 -0.004 0.685 -0.0 -0.722 0.1 0.996 0.0 0.066 0.057 
-0.687 0.045 -0.069 -0.722 -0.898 -0.0 0.157 -0.411 -0.975 -0.0 0.208 -0.075 0.909 0.0 0.167 -0.382 0.97 -0.0 0.207 -0.129 -0.707 -0.0 -0.68 0.192 -1.0 0.0 0.019 -0.005 0.685 0.0 -0.722 0.101 0.996 0.0 0.066 0.057 
-0.687 0.046 -0.069 -0.722 -0.9 0.0 0.155 -0.407 -0.975 -0.0 0.211 -0.071 0.911 0.0 0.166 -0.376 0.97 -0.0 0.208 -0.127 -0.707 -0.0 -0.68 0.193 -1.0 0.0 0.02 -0.005 0.685 -0.0 -0.721 0.103 0.996 0.0 0.066 0.056 
-0.686 0.046 -0.07 -0.723 -0.903 -0.0 0.155 -0.4 -0.976 -0.0 0.208 -0.07 0.915 0.0 0.168 -0.368 0.97 -0.0 0.204 -0.132 -0.707 -0.0 -0.68 0.194 -1.0 0.0 0.019 -0.006 0.685 0.0 -0.721 0.102 0.996 0.0 0.066 0.057 
-0.686 0.046 -0.07 -0.722 -0.905 -0.0 0.154 -0.396 -0.975 -0.0 0.21 -0.066 0.917 -0.0 0.167 -0.362 0.97 0.0 0.205 -0.13 -0.707 -0.0 -0.68 0.195 -1.0 -0.0 0.019 -0.006 0.685 0.0 -0.721 0.104 0.996 0.0 0.066 0.056 
-0.686 0.046 -0.07 -0.722 -0.908 -0.0 0.154 -0.39 -0.976 -0.0 0.21 -0.064 0.919 0.0 0.166 -0.357 0.97 0.0 0.206 -0.129 -0.707 -0.0 -0.68 0.196 -1.0 -0.0 0.02 -0.006 0.685 0.0 -0.721 0.105 0.996 0.0 0.066 0.056 
-0.686 0.046 -0.071 -0.722 -0.911 -0.0 0.152 -0.384 -0.976 -0.0 0.211 -0.062 0.921 0.0 0.166 -0.352 0.97 0.0 0.207 -0.128 -0.707 -0.0 -0.679 0.197 -1.0 -0.0 0.019 -0.006 0.685 0.0 -0.721 0.105 0.996 0.0 0.066 0.056 
-0.686 0.047 -0.071 -0.722 -0.913 -0.0 0.152 -0.379 -0.976 -0.0 0.207 -0.062 0.923 0.0 0.165 -0.348 0.97 -0.0 0.208 -0.126 -0.707 0.0 -0.679 0.197 -1.0 0.0 0.019 -0.007 0.685 0.0 -0.721 0.106 0.996 0.0 0.067 0.056 
-0.686 0.047 -0.071 -0.722 -0.915 -0.0 0.152 -0.373 -0.976 -0.0 0.208 -0.058 0.925 0.0 0.165 -0.342 0.97 0.0 0.208 -0.125 -0.707 0.0 -0.679 0.198 -1.0 -0.0 0.019 -0.007 0.685 0.0 -0.721 0.107 0.996 0.0 0.067 0.055 
-0.686 0.047 -0.071 -0.723 -0.917 -0.0 0.152 -0.368 -0.977 -0.0 0.204 -0.057 0.927 -0.0 0.165 -0.337 0.97 0.0 0.209 -0.124 -0.706 -0.0 -0.679 0.2 -1.0 -0.0 0.02 -0.007 0.685 0.0 -0.721 0.108 0.996 0.0 0.067 0.055 
-0.686 0.047 -0.071 -0.722 -0.919 -0.0 0.153 -0.362 -0.978 -0.0 0.202 -0.055 0.929 0.0 0.165 -0.332 0.97 0.0 0.21 -0.123 -0.707 -0.0 -0.679 0.2 -1.0 -0.0 0.019 -0.007 0.685 -0.0 -0.72 0.109 0.996 0.0 0.067 0.055 
-0.686 0.048 -0.071 -0.722 -0.921 0.0 0.154 -0.357 -0.978 -0.0 0.202 -0.05 0.931 -0.0 0.165 -0.326 0.97 0.0 0.21 -0.123 -0.707 -0.0 -0.679 0.2 -1.0 -0.0 0.019 -0.007 0.685 0.0 -0.721 0.109 0.996 0.0 0.067 0.055 
-0.686 0.048 -0.072 -0.722 -0.923 -0.0 0.155 -0.352 -0.979 -0.0 0.201 -0.048 0.933 0.0 0.165 -0.321 0.97 -0.0 0.212 -0.122 -0.707 -0.0 -0.678 0.201 -1.0 -0.0 0.019 -0.007 0.685 0.0 -0.72 0.109 0.996 0.0 0.067 0.055 
-0.687 0.048 -0.072 -0.722 -0.925 -0.0 0.156 -0.347 -0.979 -0.0 0.196 -0.047 0.934 -0.0 0.164 -0.316 0.969 0.0 0.214 -0.121 -0.707 -0.0 -0.678 0.201 -1.0 -0.0 0.019 -0.008 0.685 0.0 -0.72 0.11 0.996 0.0 0.067 0.054 
-0.687 0.048 -0.072 -0.722 -0.926 -0.0 0.157 -0.342 -0.979 -0.0 0.197 -0.043 0.936 0.0 0.164 -0.312 0.969 -0.0 0.216 -0.118 -0.707 -0.0 -0.678 0.202 -1.0 -0.0 0.019 -0.007 0.685 0.0 -0.72 0.111 0.996 0.0 0.067 0.054 
-0.687 0.048 -0.072 -0.722 -0.928 -0.0 0.158 -0.338 -0.98 -0.0 0.193 -0.041 0.937 0.0 0.165 -0.307 0.97 0.0 0.215 -0.117 -0.707 -0.0 -0.678 0.202 -1.0 -0.0 0.019 -0.007 0.685 0.0 -0.72 0.111 0.996 0.0 0.068 0.055 
-0.687 0.048 -0.072 -0.722 -0.929 0.0 0.16 -0.333 -0.98 -0.0 0.193 -0.037 0.939 -0.0 0.166 -0.302 0.97 0.0 0.216 -0.115 -0.707 -0.0 -0.678 0.202 -1.0 -0.0 0.019 -0.007 0.685 -0.0 -0.72 0.112 0.996 -0.0 0.068 0.055 
-0.687 0.049 -0.072 -0.721 -0.931 -0.0 0.161 -0.329 -0.981 -0.0 0.19 -0.035 0.94 0.0 0.167 -0.298 0.97 0.0 0.216 -0.113 -0.707 -0.0 -0.678 0.203 -1.0 -0.0 0.019 -0.007 0.685 0.0 -0.72 0.113 0.996 0.0 0.068 0.055 
-0.687 0.049 -0.072 -0.721 -0.932 -0.0 0.162 -0.324 -0.981 -0.0 0.189 -0.033 0.941 0.0 0.168 -0.294 0.97 0.0 0.217 -0.112 -0.707 -0.0 -0.677 0.203 -1.0 -0.0 0.018 -0.008 0.684 0.0 -0.72 0.112 0.996 0.0 0.069 0.054 
-0.687 0.049 -0.073 -0.721 -0.933 -0.0 0.163 -0.32 -0.982 0.0 0.188 -0.031 0.942 0.0 0.17 -0.29 0.97 0.0 0.217 -0.108 -0.707 -0.0 -0.677 0.204 -1.0 -0.0 0.018 -0.008 0.684 0.0 -0.72 0.113 0.996 0.0 0.069 0.054 
-0.687 0.049 -0.073 -0.721 -0.935 -0.0 0.164 -0.316 -0.982 -0.0 0.189 -0.027 0.943 0.0 0.17 -0.286 0.97 0.0 0.219 -0.106 -0.707 -0.0 -0.677 0.204 -1.0 0.0 0.018 -0.008 0.684 0.0 -0.721 0.113 0.996 0.0 0.069 0.054 
-0.687 0.049 -0.073 -0.721 -0.936 0.0 0.165 -0.312 -0.982 -0.0 0.188 -0.025 0.944 0.0 0.172 -0.283 0.97 0.0 0.22 -0.103 -0.707 -0.0 -0.677 0.205 -1.0 -0.0 0.019 -0.009 0.684 0.0 -0.72 0.114 0.996 0.0 0.069 0.054 
-0.687 0.049 -0.073 -0.721 -0.937 -0.0 0.167 -0.308 -0.982 0.0 0.187 -0.024 0.945 0.0 0.173 -0.279 0.97 0.0 0.221 -0.101 -0.707 -0.0 -0.677 0.205 -1.0 0.0 0.018 -0.008 0.684 0.0 -0.721 0.114 0.996 0.0 0.069 0.056 
-0.687 0.049 -0.073 -0.721 -0.938 -0.0 0.168 -0.305 -0.982 -0.0 0.187 -0.021 0.945 0.0 0.175 -0.275 0.97 -0.0 0.222 -0.099 -0.708 -0.0 -0.677 0.204 -1.0 -0.0 0.018 -0.007 0.684 0.0 -0.72 0.114 0.996 0.0 0.069 0.054 
-0.687 0.049 -0.073 -0.721 -0.939 -0.0 0.17 -0.3 -0.982 -0.0 0.186 -0.02 0.946 0.0 0.177 -0.272 0.97 0.0 0.223 -0.096 -0.708 -0.0 -0.677 0.204 -1.0 -0.0 0.018 -0.007 0.684 0.0 -0.72 0.114 0.996 -0.0 0.069 0.054 
-0.687 0.049 -0.073 -0.721 -0.94 0.0 0.172 -0.296 -0.982 -0.0 0.186 -0.019 0.946 -0.0 0.179 -0.269 0.97 0.0 0.223 -0.094 -0.707 -0.0 -0.677 0.205 -1.0 -0.0 0.019 -0.007 0.684 0.0 -0.72 0.115 0.996 0.0 0.069 0.054 
-0.687 0.05 -0.074 -0.721 -0.94 -0.0 0.174 -0.293 -0.982 -0.0 0.186 -0.017 0.947 -0.0 0.182 -0.266 0.97 -0.0 0.224 -0.092 -0.707 -0.0 -0.677 0.205 -1.0 0.0 0.019 -0.008 0.684 0.0 -0.72 0.115 0.996 0.0 0.069 0.055 
-0.687 0.05 -0.074 -0.721 -0.941 0.0 0.177 -0.29 -0.983 -0.0 0.184 -0.017 0.947 0.0 0.185 -0.263 0.97 -0.0 0.225 -0.09 -0.707 -0.0 -0.677 0.206 -1.0 -0.0 0.019 -0.008 0.684 0.0 -0.72 0.116 0.996 -0.0 0.069 0.053 
-0.687 0.05 -0.074 -0.721 -0.941 0.0 0.179 -0.286 -0.983 -0.0 0.185 -0.015 0.947 0.0 0.188 -0.26 0.97 -0.0 0.227 -0.085 -0.707 -0.0 -0.677 0.206 -1.0 -0.0 0.019 -0.007 0.684 0.0 -0.72 0.116 0.996 0.0 0.069 0.053 
-0.687 0.05 -0.074 -0.721 -0.942 0.0 0.182 -0.284 -0.983 -0.0 0.184 -0.014 0.947 0.0 0.191 -0.257 0.97 0.0 0.228 -0.082 -0.707 -0.0 -0.677 0.205 -1.0 -0.0 0.019 -0.006 0.684 0.0 -0.72 0.116 0.996 0.0 0.069 0.053 
-0.687 0.05 -0.074 -0.721 -0.942 0.0 0.186 -0.279 -0.983 -0.0 0.182 -0.014 0.948 -0.0 0.194 -0.254 0.97 0.0 0.23 -0.08 -0.707 -0.0 -0.677 0.205 -1.0 -0.0 0.019 -0.007 0.684 0.0 -0.721 0.114 0.996 -0.0 0.07 0.055 
-0.687 0.05 -0.074 -0.721 -0.942 -0.0 0.189 -0.277 -0.983 0.0 0.183 -0.012 0.948 -0.0 0.198 -0.251 0.97 0.0 0.231 -0.078 -0.707 -0.0 -0.677 0.205 -1.0 -0.0 0.019 -0.007 0.684 0.0 -0.72 0.115 0.996 0.0 0.072 0.056 
-0.687 0.05 -0.074 -0.721 -0.942 -0.0 0.192 -0.274 -0.983 0.0 0.183 -0.011 0.947 0.0 0.201 -0.249 0.97 -0.0 0.231 -0.077 -0.707 -0.0 -0.677 0.205 -1.0 -0.0 0.019 -0.006 0.684 0.0 -0.72 0.117 0.996 0.0 0.069 0.053 
-0.688 0.05 -0.074 -0.721 -0.942 0.0 0.195 -0.272 -0.982 -0.0 0.187 -0.007 0.948 0.0 0.205 -0.245 0.97 0.0 0.228 -0.08 -0.707 -0.0 -0.677 0.205 -1.0 -0.0 0.019 -0.006 0.685 0.0 -0.719 0.117 0.996 0.0 0.068 0.053 
-0.688 0.05 -0.074 -0.72 -0.942 -0.0 0.199 -0.269 -0.982 -0.0 0.187 -0.007 0.948 -0.0 0.209 -0.242 0.97 0.0 0.229 -0.082 -0.707 -0.0 -0.677 0.205 -1.0 -0.0 0.019 -0.007 0.685 0.0 -0.719 0.118 0.996 0.0 0.068 0.053 
-0.688 0.05 -0.074 -0.72 -0.942 0.0 0.202 -0.267 -0.982 -0.0 0.186 -0.008 0.948 0.0 0.213 -0.238 0.97 0.0 0.229 -0.084 -0.707 -0.0 -0.677 0.205 -1.0 0.0 0.019 -0.006 0.685 0.0 -0.719 0.117 0.996 0.0 0.068 0.053 
-0.688 0.05 -0.074 -0.72 -0.942 -0.0 0.205 -0.265 -0.982 -0.0 0.187 -0.007 0.948 0.0 0.217 -0.235 0.97 0.0 0.229 -0.084 -0.707 -0.0 -0.677 0.206 -1.0 -0.0 0.02 -0.007 0.684 0.0 -0.72 0.116 0.996 0.0 0.07 0.057 
-0.688 0.051 -0.074 -0.72 -0.942 -0.0 0.209 -0.262 -0.982 -0.0 0.187 -0.008 0.947 0.0 0.22 -0.232 0.969 -0.0 0.231 -0.085 -0.707 -0.0 -0.677 0.206 -1.0 -0.0 0.019 -0.007 0.685 0.0 -0.719 0.119 0.996 0.0 0.069 0.053 
-0.689 0.051 -0.074 -0.72 -0.942 -0.0 0.212 -0.262 -0.982 -0.0 0.188 -0.006 0.947 0.0 0.225 -0.228 0.969 0.0 0.233 -0.086 -0.707 -0.0 -0.677 0.205 -1.0 -0.0 0.019 -0.007 0.685 0.0 -0.719 0.119 0.996 -0.0 0.069 0.053 
-0.689 0.051 -0.074 -0.719 -0.941 -0.0 0.217 -0.26 -0.982 0.0 0.188 -0.006 0.947 0.0 0.228 -0.225 0.968 0.0 0.235 -0.088 -0.707 -0.0 -0.677 0.205 -1.0 -0.0 0.019 -0.006 0.684 0.0 -0.72 0.118 0.996 0.0 0.07 0.055 
-0.689 0.051 -0.075 -0.719 -0.94 0.0 0.222 -0.258 -0.982 -0.0 0.189 -0.005 0.947 0.0 0.232 -0.221 0.968 0.0 0.236 -0.089 -0.707 -0.0 -0.677 0.206 -1.0 0.0 0.019 -0.006 0.684 0.0 -0.72 0.118 0.996 0.0 0.07 0.056 
-0.69 0.052 -0.075 -0.719 -0.94 -0.0 0.226 -0.257 -0.982 -0.0 0.19 -0.006 0.947 0.0 0.236 -0.219 0.967 0.0 0.239 -0.09 -0.707 -0.0 -0.676 0.206 -1.0 0.0 0.019 -0.006 0.685 -0.0 -0.719 0.12 0.996 0.0 0.069 0.052 
-0.69 0.052 -0.074 -0.718 -0.939 -0.0 0.231 -0.255 -0.981 0.0 0.192 -0.006 0.947 0.0 0.239 -0.215 0.966 0.0 0.242 -0.09 -0.707 -0.0 -0.676 0.205 -1.0 0.0 0.019 -0.006 0.684 0.0 -0.719 0.12 0.996 0.0 0.069 0.053 
-0.69 0.052 -0.074 -0.718 -0.938 -0.0 0.235 -0.254 -0.981 -0.0 0.195 -0.007 0.946 -0.0 0.243 -0.212 0.965 0.0 0.245 -0.091 -0.707 -0.0 -0.677 0.205 -1.0 0.0 0.019 -0.006 0.685 0.0 -0.719 0.12 0.996 -0.0 0.069 0.053 
-0.691 0.052 -0.074 -0.717 -0.938 -0.0 0.238 -0.253 -0.98 -0.0 0.199 -0.007 0.946 0.0 0.247 -0.209 0.964 0.0 0.249 -0.093 -0.707 -0.0 -0.677 0.205 -1.0 0.0 0.018 -0.006 0.684 0.0 -0.719 0.121 0.996 0.0 0.069 0.054 
-0.691 0.052 -0.074 -0.717 -0.937 -0.0 0.242 -0.251 -0.979 -0.0 0.202 -0.009 0.946 -0.0 0.25 -0.207 0.963 0.0 0.252 -0.094 -0.707 -0.0 -0.677 0.204 -1.0 0.0 0.018 -0.005 0.684 0.0 -0.719 0.122 0.996 0.0 0.07 0.052 
-0.692 0.052 -0.074 -0.717 -0.937 -0.0 0.246 -0.249 -0.978 -0.0 0.207 -0.009 0.946 0.0 0.253 -0.204 0.961 0.0 0.258 -0.094 -0.707 0.0 -0.677 0.204 -1.0 0.0 0.018 -0.005 0.684 0.0 -0.719 0.122 0.996 0.0 0.07 0.052 
-0.692 0.052 -0.074 -0.716 -0.936 0.0 0.25 -0.248 -0.978 -0.0 0.21 -0.012 0.945 0.0 0.256 -0.201 0.96 0.0 0.262 -0.096 -0.708 -0.0 -0.677 0.203 -1.0 -0.0 0.018 -0.005 0.684 0.0 -0.719 0.122 0.996 -0.0 0.07 0.052 
-0.692 0.052 -0.074 -0.716 -0.935 -0.0 0.254 -0.246 -0.977 -0.0 0.215 -0.013 0.945 -0.0 0.259 -0.198 0.959 0.0 0.267 -0.096 -0.708 0.0 -0.677 0.203 -1.0 -0.0 0.017 -0.005 0.684 0.0 -0.719 0.122 0.996 -0.0 0.07 0.054 
-0.693 0.052 -0.075 -0.715 -0.935 -0.0 0.257 -0.246 -0.976 -0.0 0.219 -0.014 0.944 -0.0 0.262 -0.199 0.957 0.0 0.273 -0.095 -0.708 -0.0 -0.676 0.203 -1.0 -0.0 0.017 -0.004 0.684 0.0 -0.719 0.123 0.996 -0.0 0.071 0.054 
-0.693 0.053 -0.074 -0.715 -0.934 0.0 0.261 -0.244 -0.974 -0.0 0.224 -0.016 0.944 0.0 0.265 -0.197 0.956 0.0 0.278 -0.096 -0.708 0.0 -0.676 0.203 -1.0 -0.0 0.017 -0.004 0.684 0.0 -0.719 0.123 0.996 0.0 0.071 0.052 
-0.693 0.052 -0.074 -0.715 -0.933 -0.0 0.265 -0.242 -0.974 -0.0 0.228 -0.017 0.944 0.0 0.269 -0.193 0.954 0.0 0.284 -0.096 -0.708 -0.0 -0.677 0.202 -1.0 -0.0 0.017 -0.004 0.684 0.0 -0.719 0.122 0.996 -0.0 0.071 0.051 
-0.693 0.052 -0.074 -0.715 -0.932 -0.0 0.269 -0.242 -0.972 -0.0 0.233 -0.017 0.943 -0.0 0.272 -0.194 0.953 -0.0 0.288 -0.094 -0.708 0.0 -0.676 0.202 -1.0 0.0 0.017 -0.004 0.684 0.0 -0.719 0.122 0.996 0.0 0.071 0.052 
-0.693 0.052 -0.074 -0.715 -0.931 -0.0 0.273 -0.241 -0.971 -0.0 0.237 -0.018 0.942 0.0 0.275 -0.193 0.952 0.0 0.293 -0.093 -0.708 -0.0 -0.676 0.202 -1.0 -0.0 0.017 -0.004 0.683 0.0 -0.72 0.123 0.996 0.0 0.072 0.053 
-0.694 0.052 -0.074 -0.715 -0.93 0.0 0.28 -0.237 -0.971 -0.0 0.239 -0.02 0.941 0.0 0.276 -0.198 0.95 -0.0 0.301 -0.081 -0.708 0.0 -0.677 0.201 -1.0 -0.0 0.017 -0.004 0.683 -0.0 -0.72 0.122 0.996 0.0 0.072 0.053 
-0.694 0.052 -0.074 -0.715 -0.929 -0.0 0.283 -0.238 -0.97 -0.0 0.242 -0.022 0.94 0.0 0.279 -0.197 0.949 0.0 0.304 -0.081 -0.708 -0.0 -0.677 0.201 -1.0 -0.0 0.017 -0.004 0.683 0.0 -0.72 0.121 0.996 0.0 0.073 0.053 
-0.694 0.052 -0.074 -0.715 -0.928 -0.0 0.288 -0.237 -0.969 -0.0 0.246 -0.02 0.939 0.0 0.283 -0.195 0.948 0.0 0.307 -0.082 -0.709 -0.0 -0.677 0.2 -1.0 -0.0 0.017 -0.004 0.683 0.0 -0.721 0.12 0.996 0.0 0.073 0.053 
-0.694 0.052 -0.074 -0.715 -0.926 -0.0 0.292 -0.237 -0.968 0.0 0.25 -0.02 0.938 0.0 0.287 -0.195 0.948 0.0 0.309 -0.08 -0.708 -0.0 -0.677 0.2 -1.0 -0.0 0.017 -0.004 0.683 0.0 -0.72 0.121 0.996 0.0 0.072 0.052 
-0.694 0.051 -0.073 -0.714 -0.925 -0.0 0.299 -0.235 -0.968 -0.0 0.251 -0.022 0.937 0.0 0.291 -0.195 0.947 0.0 0.311 -0.078 -0.708 -0.0 -0.677 0.199 -1.0 -0.0 0.017 -0.004 0.683 0.0 -0.721 0.119 0.996 0.0 0.073 0.054 
-0.694 0.051 -0.074 -0.715 -0.924 -0.0 0.303 -0.235 -0.967 0.0 0.253 -0.024 0.935 -0.0 0.294 -0.199 0.946 0.0 0.314 -0.076 -0.708 -0.0 -0.677 0.199 -1.0 -0.0 0.018 -0.004 0.683 0.0 -0.72 0.121 0.996 0.0 0.072 0.052 
-0.694 0.051 -0.073 -0.715 -0.922 0.0 0.307 -0.236 -0.964 -0.0 0.266 -0.011 0.934 0.0 0.298 -0.199 0.946 -0.0 0.316 -0.075 -0.708 -0.0 -0.677 0.199 -1.0 -0.0 0.018 -0.004 0.683 0.0 -0.72 0.12 0.996 0.0 0.072 0.052 
-0.694 0.051 -0.073 -0.714 -0.92 -0.0 0.311 -0.238 -0.963 -0.0 0.271 -0.01 0.932 0.0 0.301 -0.2 0.945 -0.0 0.318 -0.075 -0.708 -0.0 -0.677 0.198 -1.0 -0.0 0.018 -0.003 0.683 0.0 -0.72 0.12 0.996 0.0 0.072 0.052 
-0.694 0.052 -0.074 -0.714 -0.918 -0.0 0.313 -0.243 -0.962 -0.0 0.274 -0.009 0.931 0.0 0.304 -0.201 0.946 -0.0 0.317 -0.074 -0.708 -0.0 -0.677 0.199 -1.0 0.0 0.018 -0.003 0.683 0.0 -0.721 0.12 0.996 0.0 0.073 0.056 
-0.694 0.052 -0.074 -0.714 -0.916 -0.0 0.317 -0.245 -0.963 -0.0 0.267 -0.021 0.93 0.0 0.31 -0.198 0.945 0.0 0.318 -0.08 -0.708 -0.0 -0.677 0.199 -1.0 0.0 0.018 -0.004 0.683 0.0 -0.72 0.121 0.996 0.0 0.071 0.054 
-0.694 0.052 -0.074 -0.714 -0.914 -0.0 0.323 -0.247 -0.963 -0.0 0.267 -0.022 0.928 0.0 0.313 -0.201 0.944 -0.0 0.319 -0.078 -0.708 -0.0 -0.677 0.199 -1.0 -0.0 0.018 -0.003 0.683 0.0 -0.72 0.121 0.996 0.0 0.072 0.053 
-0.694 0.052 -0.074 -0.714 -0.911 -0.0 0.328 -0.249 -0.963 0.0 0.268 -0.021 0.926 0.0 0.318 -0.202 0.944 0.0 0.319 -0.079 -0.708 -0.0 -0.678 0.199 -1.0 -0.0 0.019 -0.003 0.683 0.0 -0.72 0.12 0.996 -0.0 0.071 0.053 
-0.694 0.052 -0.074 -0.714 -0.908 0.0 0.334 -0.252 -0.963 -0.0 0.268 -0.022 0.925 0.0 0.322 -0.202 0.944 0.0 0.32 -0.079 -0.708 -0.0 -0.678 0.198 -1.0 -0.0 0.018 -0.003 0.684 0.0 -0.72 0.12 0.996 0.0 0.071 0.053 
-0.694 0.052 -0.074 -0.714 -0.906 -0.0 0.339 -0.255 -0.964 -0.0 0.266 -0.023 0.923 0.0 0.326 -0.206 0.944 0.0 0.32 -0.079 -0.708 -0.0 -0.678 0.199 -1.0 -0.0 0.019 -0.004 0.684 0.0 -0.72 0.12 0.996 -0.0 0.071 0.053 
-0.694 0.052 -0.074 -0.714 -0.903 -0.0 0.343 -0.258 -0.963 -0.0 0.267 -0.023 0.921 0.0 0.329 -0.209 0.944 0.0 0.321 -0.079 -0.708 -0.0 -0.678 0.199 -1.0 -0.0 0.019 -0.004 0.684 0.0 -0.72 0.12 0.996 0.0 0.071 0.053 
-0.694 0.052 -0.074 -0.714 -0.9 0.0 0.348 -0.263 -0.963 -0.0 0.269 -0.023 0.919 0.0 0.332 -0.213 0.944 0.0 0.318 -0.083 -0.708 -0.0 -0.677 0.2 -1.0 -0.0 0.019 -0.004 0.684 0.0 -0.72 0.121 0.996 0.0 0.071 0.053 
-0.694 0.052 -0.074 -0.714 -0.897 -0.0 0.353 -0.265 -0.963 -0.0 0.269 -0.024 0.917 0.0 0.336 -0.215 0.943 0.0 0.322 -0.079 -0.708 -0.0 -0.678 0.199 -1.0 -0.0 0.019 -0.004 0.684 -0.0 -0.72 0.12 0.996 -0.0 0.07 0.053 
-0.694 0.052 -0.075 -0.714 -0.894 -0.0 0.358 -0.269 -0.963 -0.0 0.269 -0.024 0.915 0.0 0.34 -0.218 0.944 0.0 0.319 -0.085 -0.708 -0.0 -0.677 0.199 -1.0 -0.0 0.018 -0.004 0.684 0.0 -0.72 0.12 0.996 0.0 0.07 0.053 
-0.694 0.052 -0.074 -0.714 -0.891 -0.0 0.363 -0.272 -0.963 -0.0 0.268 -0.026 0.913 0.0 0.343 -0.221 0.944 0.0 0.319 -0.086 -0.708 -0.0 -0.677 0.199 -1.0 0.0 0.018 -0.004 0.684 0.0 -0.72 0.12 0.996 0.0 0.072 0.054 
-0.694 0.052 -0.075 -0.714 -0.888 -0.0 0.368 -0.275 -0.963 -0.0 0.27 -0.026 0.911 -0.0 0.346 -0.226 0.943 -0.0 0.323 -0.082 -0.708 -0.0 -0.677 0.199 -1.0 -0.0 0.018 -0.004 0.684 0.0 -0.72 0.121 0.996 0.0 0.07 0.053 
-0.694 0.053 -0.075 -0.714 -0.885 -0.0 0.371 -0.279 -0.963 0.0 0.268 -0.03 0.908 0.0 0.349 -0.23 0.944 0.0 0.319 -0.088 -0.708 -0.0 -0.677 0.2 -1.0 -0.0 0.018 -0.004 0.684 0.0 -0.72 0.121 0.996 0.0 0.072 0.053 
-0.694 0.053 -0.075 -0.715 -0.882 -0.0 0.376 -0.283 -0.963 -0.0 0.269 -0.03 0.906 0.0 0.352 -0.234 0.942 0.0 0.323 -0.085 -0.708 0.0 -0.677 0.2 -1.0 0.0 0.018 -0.004 0.684 0.0 -0.72 0.121 0.996 0.0 0.07 0.053 
-0.694 0.053 -0.075 -0.715 -0.879 -0.0 0.379 -0.289 -0.962 -0.0 0.27 -0.031 0.904 0.0 0.355 -0.239 0.943 0.0 0.321 -0.09 -0.708 -0.0 -0.677 0.2 -1.0 -0.0 0.018 -0.004 0.683 -0.0 -0.72 0.12 0.996 0.0 0.073 0.055 
-0.693 0.053 -0.076 -0.715 -0.876 -0.0 0.382 -0.293 -0.963 -0.0 0.268 -0.035 0.902 0.0 0.357 -0.244 0.943 0.0 0.321 -0.091 -0.708 -0.0 -0.677 0.201 -1.0 -0.0 0.018 -0.004 0.683 0.0 -0.721 0.118 0.996 0.0 0.074 0.058 
-0.693 0.053 -0.075 -0.715 -0.873 -0.0 0.386 -0.297 -0.963 -0.0 0.269 -0.036 0.899 0.0 0.36 -0.248 0.942 0.0 0.323 -0.088 -0.708 0.0 -0.677 0.201 -1.0 -0.0 0.018 -0.004 0.684 0.0 -0.719 0.122 0.996 0.0 0.072 0.053 
-0.693 0.053 -0.076 -0.715 -0.87 -0.0 0.39 -0.301 -0.963 -0.0 0.267 -0.04 0.897 0.0 0.363 -0.253 0.943 0.0 0.322 -0.09 -0.708 -0.0 -0.676 0.201 -1.0 0.0 0.018 -0.004 0.684 0.0 -0.719 0.122 0.996 0.0 0.072 0.053 
-0.693 0.053 -0.076 -0.715 -0.867 0.0 0.393 -0.306 -0.963 -0.0 0.266 -0.043 0.894 0.0 0.365 -0.258 0.943 -0.0 0.32 -0.092 -0.708 -0.0 -0.676 0.201 -1.0 -0.0 0.018 -0.004 0.684 0.0 -0.719 0.122 0.996 0.0 0.071 0.053 
-0.693 0.053 -0.076 -0.715 -0.864 -0.0 0.396 -0.311 -0.963 0.0 0.266 -0.045 0.891 0.0 0.365 -0.269 0.943 0.0 0.322 -0.086 -0.708 -0.0 -0.676 0.202 -1.0 -0.0 0.018 -0.004 0.684 0.0 -0.719 0.123 0.996 0.0 0.071 0.053 
-0.693 0.054 -0.076 -0.715 -0.861 -0.0 0.399 -0.317 -0.963 -0.0 0.265 -0.048 0.889 0.0 0.37 -0.269 0.944 0.0 0.316 -0.099 -0.708 -0.0 -0.676 0.202 -1.0 -0.0 0.018 -0.004 0.683 0.0 -0.72 0.121 0.996 0.0 0.073 0.055 
-0.692 0.054 -0.077 -0.715 -0.857 -0.0 0.401 -0.322 -0.963 -0.0 0.266 -0.049 0.887 -0.0 0.372 -0.275 0.944 0.0 0.316 -0.097 -0.708 -0.0 -0.676 0.203 -1.0 -0.0 0.018 -0.004 0.684 0.0 -0.719 0.123 0.996 0.0 0.072 0.053 
-0.692 0.054 -0.077 -0.715 -0.854 -0.0 0.402 -0.329 -0.962 -0.0 0.267 -0.051 0.884 -0.0 0.372 -0.285 0.944 0.0 0.318 -0.093 -0.708 -0.0 -0.676 0.203 -1.0 -0.0 0.018 -0.004 0.684 0.0 -0.719 0.123 0.996 0.0 0.072 0.053 
-0.692 0.054 -0.077 -0.716 -0.851 -0.0 0.404 -0.334 -0.963 -0.0 0.264 -0.055 0.882 0.0 0.375 -0.286 0.944 0.0 0.313 -0.104 -0.708 -0.0 -0.676 0.203 -1.0 -0.0 0.018 -0.004 0.684 0.0 -0.719 0.123 0.996 0.0 0.072 0.053 
-0.692 0.054 -0.077 -0.716 -0.848 -0.0 0.406 -0.34 -0.963 -0.0 0.264 -0.058 0.879 0.0 0.376 -0.293 0.944 0.0 0.311 -0.107 -0.708 -0.0 -0.676 0.203 -1.0 -0.0 0.018 -0.004 0.684 0.0 -0.719 0.123 0.996 0.0 0.072 0.053 
-0.692 0.054 -0.077 -0.716 -0.845 -0.0 0.407 -0.346 -0.963 -0.0 0.264 -0.06 0.877 0.0 0.377 -0.298 0.944 0.0 0.312 -0.106 -0.708 -0.0 -0.676 0.204 -1.0 -0.0 0.018 -0.004 0.684 0.0 -0.719 0.123 0.996 0.0 0.072 0.053 
-0.692 0.055 -0.077 -0.716 -0.842 -0.0 0.408 -0.352 -0.962 0.0 0.265 -0.061 0.874 0.0 0.376 -0.308 0.944 0.0 0.312 -0.106 -0.708 0.0 -0.676 0.204 -1.0 0.0 0.018 -0.004 0.684 0.0 -0.719 0.123 0.996 0.0 0.072 0.053 
-0.692 0.055 -0.077 -0.716 -0.839 -0.0 0.408 -0.359 -0.962 -0.0 0.266 -0.064 0.871 0.0 0.377 -0.314 0.944 0.0 0.312 -0.105 -0.708 -0.0 -0.676 0.204 -1.0 -0.0 0.018 -0.004 0.684 0.0 -0.719 0.123 0.996 0.0 0.072 0.053 
-0.692 0.055 -0.077 -0.716 -0.837 -0.0 0.408 -0.365 -0.962 -0.0 0.265 -0.066 0.869 0.0 0.377 -0.321 0.945 0.0 0.31 -0.108 -0.708 -0.0 -0.676 0.204 -1.0 0.0 0.018 -0.004 0.684 0.0 -0.719 0.124 0.996 -0.0 0.072 0.053 
-0.692 0.055 -0.077 -0.716 -0.834 -0.0 0.408 -0.372 -0.962 -0.0 0.265 -0.069 0.866 0.0 0.377 -0.327 0.945 0.0 0.307 -0.113 -0.708 -0.0 -0.676 0.204 -1.0 -0.0 0.018 -0.004 0.684 0.0 -0.718 0.123 0.996 0.0 0.072 0.053 
-0.692 0.055 -0.077 -0.716 -0.831 -0.0 0.408 -0.378 -0.962 -0.0 0.264 -0.071 0.864 0.0 0.378 -0.333 0.946 0.0 0.304 -0.115 -0.707 -0.0 -0.677 0.204 -1.0 0.0 0.019 -0.004 0.684 0.0 -0.719 0.123 0.996 0.0 0.072 0.054 
-0.692 0.055 -0.078 -0.716 -0.828 -0.0 0.407 -0.386 -0.962 -0.0 0.264 -0.073 0.861 0.0 0.378 -0.339 0.946 0.0 0.304 -0.114 -0.708 0.0 -0.676 0.205 -1.0 -0.0 0.018 -0.004 0.684 0.0 -0.719 0.122 0.996 0.0 0.071 0.055 
-0.691 0.055 -0.078 -0.716 -0.825 0.0 0.405 -0.394 -0.962 0.0 0.262 -0.076 0.859 0.0 0.378 -0.346 0.947 0.0 0.299 -0.119 -0.708 -0.0 -0.676 0.205 -1.0 -0.0 0.018 -0.003 0.684 -0.0 -0.719 0.124 0.996 0.0 0.072 0.054 
-0.691 0.055 -0.078 -0.716 -0.822 0.0 0.404 -0.401 -0.961 -0.0 0.264 -0.077 0.856 0.0 0.378 -0.353 0.947 0.0 0.297 -0.122 -0.707 -0.0 -0.677 0.205 -1.0 0.0 0.019 -0.003 0.685 0.0 -0.718 0.123 0.996 -0.0 0.072 0.054 
-0.691 0.055 -0.078 -0.716 -0.819 0.0 0.403 -0.408 -0.962 0.0 0.262 -0.079 0.854 0.0 0.376 -0.36 0.948 0.0 0.295 -0.124 -0.707 -0.0 -0.676 0.205 -1.0 0.0 0.018 -0.003 0.684 -0.0 -0.719 0.123 0.996 -0.0 0.073 0.054 
-0.691 0.056 -0.077 -0.716 -0.817 -0.0 0.402 -0.414 -0.962 0.0 0.262 -0.08 0.851 0.0 0.376 -0.366 0.948 0.0 0.293 -0.124 -0.707 -0.0 -0.677 0.205 -1.0 -0.0 0.019 -0.003 0.684 0.0 -0.719 0.123 0.996 0.0 0.073 0.054 
-0.691 0.056 -0.078 -0.716 -0.813 -0.0 0.399 -0.423 -0.962 -0.0 0.261 -0.082 0.849 -0.0 0.374 -0.373 0.948 0.0 0.291 -0.126 -0.707 -0.0 -0.677 0.205 -1.0 -0.0 0.019 -0.003 0.684 0.0 -0.719 0.123 0.996 0.0 0.073 0.054 
-0.691 0.056 -0.078 -0.716 -0.811 -0.0 0.396 -0.431 -0.962 -0.0 0.26 -0.084 0.846 0.0 0.373 -0.38 0.949 0.0 0.287 -0.129 -0.707 -0.0 -0.677 0.205 -1.0 0.0 0.019 -0.003 0.684 0.0 -0.719 0.123 0.996 -0.0 0.071 0.053 
-0.691 0.056 -0.078 -0.716 -0.808 -0.0 0.393 -0.438 -0.962 -0.0 0.261 -0.085 0.844 0.0 0.371 -0.387 0.95 0.0 0.284 -0.13 -0.707 -0.0 -0.677 0.205 -1.0 -0.0 0.019 -0.003 0.684 0.0 -0.72 0.12 0.995 0.0 0.076 0.059 
-0.691 0.056 -0.078 -0.716 -0.806 -0.0 0.39 -0.446 -0.962 -0.0 0.258 -0.087 0.842 -0.0 0.369 -0.394 0.95 0.0 0.282 -0.133 -0.707 -0.0 -0.677 0.205 -1.0 0.0 0.019 -0.003 0.683 0.0 -0.72 0.12 0.995 0.0 0.076 0.059 
-0.691 0.056 -0.078 -0.716 -0.803 -0.0 0.387 -0.453 -0.962 -0.0 0.257 -0.089 0.84 0.0 0.367 -0.4 0.951 0.0 0.28 -0.135 -0.707 -0.0 -0.677 0.205 -1.0 -0.0 0.019 -0.003 0.684 0.0 -0.719 0.124 0.996 0.0 0.074 0.054 
-0.691 0.056 -0.078 -0.716 -0.801 -0.0 0.384 -0.46 -0.962 -0.0 0.258 -0.09 0.838 0.0 0.366 -0.406 0.951 0.0 0.276 -0.137 -0.707 -0.0 -0.677 0.205 -1.0 0.0 0.019 -0.003 0.684 0.0 -0.719 0.124 0.996 0.0 0.074 0.054 
-0.691 0.056 -0.078 -0.716 -0.798 -0.0 0.381 -0.466 -0.962 -0.0 0.255 -0.092 0.836 0.0 0.363 -0.412 0.952 0.0 0.274 -0.139 -0.707 -0.0 -0.677 0.205 -1.0 -0.0 0.019 -0.003 0.684 0.0 -0.719 0.124 0.996 0.0 0.075 0.053 
-0.691 0.056 -0.078 -0.716 -0.796 0.0 0.377 -0.473 -0.962 -0.0 0.256 -0.094 0.834 -0.0 0.361 -0.418 0.952 0.0 0.272 -0.141 -0.707 -0.0 -0.677 0.205 -1.0 -0.0 0.019 -0.003 0.684 0.0 -0.719 0.124 0.996 0.0 0.075 0.054 
-0.691 0.056 -0.077 -0.716 -0.795 0.0 0.374 -0.478 -0.962 -0.0 0.255 -0.096 0.832 -0.0 0.36 -0.422 0.953 0.0 0.266 -0.144 -0.706 -0.0 -0.678 0.204 -1.0 -0.0 0.019 -0.003 0.684 0.0 -0.719 0.123 0.996 0.0 0.073 0.053 
-0.691 0.056 -0.077 -0.716 -0.793 -0.0 0.37 -0.485 -0.962 -0.0 0.255 -0.097 0.83 0.0 0.358 -0.428 0.954 -0.0 0.263 -0.146 -0.706 -0.0 -0.678 0.204 -1.0 -0.0 0.019 -0.003 0.684 0.0 -0.719 0.122 0.996 0.0 0.073 0.055 
-0.691 0.056 -0.077 -0.716 -0.791 0.0 0.366 -0.491 -0.963 -0.0 0.252 -0.1 0.829 0.0 0.355 -0.433 0.954 -0.0 0.261 -0.148 -0.706 -0.0 -0.678 0.204 -1.0 0.0 0.019 -0.003 0.684 0.0 -0.719 0.122 0.996 -0.0 0.076 0.054 
-0.691 0.056 -0.077 -0.716 -0.789 0.0 0.362 -0.496 -0.963 -0.0 0.252 -0.101 0.827 -0.0 0.351 -0.439 0.954 -0.0 0.259 -0.15 -0.706 -0.0 -0.678 0.204 -1.0 0.0 0.018 -0.003 0.684 0.0 -0.72 0.12 0.995 0.0 0.077 0.056 
-0.691 0.056 -0.076 -0.716 -0.787 -0.0 0.361 -0.5 -0.963 0.0 0.25 -0.102 0.826 0.0 0.349 -0.443 0.955 0.0 0.257 -0.151 -0.706 -0.0 -0.678 0.203 -1.0 0.0 0.019 -0.003 0.684 0.0 -0.72 0.119 0.995 0.0 0.077 0.057 
-0.691 0.056 -0.076 -0.716 -0.786 -0.0 0.358 -0.504 -0.963 -0.0 0.249 -0.104 0.825 -0.0 0.345 -0.448 0.955 0.0 0.255 -0.153 -0.706 -0.0 -0.679 0.202 -1.0 0.0 0.019 -0.002 0.684 0.0 -0.72 0.118 0.996 -0.0 0.076 0.056 
-0.691 0.055 -0.076 -0.717 -0.785 0.0 0.356 -0.507 -0.963 -0.0 0.247 -0.107 0.823 0.0 0.343 -0.452 0.956 0.0 0.25 -0.155 -0.706 -0.0 -0.679 0.201 -1.0 -0.0 0.019 -0.002 0.684 0.0 -0.72 0.118 0.996 0.0 0.077 0.056 
-0.691 0.055 -0.076 -0.717 -0.784 -0.0 0.351 -0.512 -0.963 -0.0 0.245 -0.109 0.822 0.0 0.339 -0.457 0.956 -0.0 0.248 -0.157 -0.706 -0.0 -0.679 0.201 -1.0 0.0 0.019 -0.002 0.684 0.0 -0.72 0.118 0.995 0.0 0.077 0.056 
-0.691 0.055 -0.076 -0.717 -0.783 0.0 0.342 -0.52 -0.963 -0.0 0.245 -0.111 0.822 0.0 0.335 -0.461 0.956 0.0 0.248 -0.159 -0.706 -0.0 -0.679 0.202 -1.0 -0.0 0.019 -0.003 0.684 -0.0 -0.72 0.116 0.995 -0.0 0.077 0.058 
-0.691 0.055 -0.076 -0.717 -0.782 -0.0 0.338 -0.524 -0.963 -0.0 0.245 -0.113 0.821 0.0 0.331 -0.465 0.956 0.0 0.246 -0.16 -0.706 -0.0 -0.679 0.201 -1.0 -0.0 0.019 -0.002 0.684 0.0 -0.72 0.115 0.995 0.0 0.076 0.058 
-0.691 0.055 -0.076 -0.717 -0.781 -0.0 0.333 -0.529 -0.963 -0.0 0.244 -0.115 0.82 0.0 0.327 -0.469 0.956 0.0 0.245 -0.162 -0.706 -0.0 -0.679 0.2 -1.0 -0.0 0.019 -0.002 0.684 -0.0 -0.72 0.115 0.995 0.0 0.075 0.058 
-0.691 0.055 -0.075 -0.717 -0.78 -0.0 0.333 -0.53 -0.963 -0.0 0.241 -0.116 0.82 0.0 0.324 -0.472 0.956 0.0 0.242 -0.163 -0.706 -0.0 -0.68 0.199 -1.0 -0.0 0.019 -0.002 0.684 0.0 -0.721 0.113 0.995 0.0 0.075 0.059 
-0.691 0.055 -0.075 -0.717 -0.78 -0.0 0.325 -0.534 -0.963 -0.0 0.242 -0.119 0.819 0.0 0.32 -0.476 0.957 0.0 0.241 -0.165 -0.706 -0.0 -0.68 0.199 -1.0 0.0 0.019 -0.002 0.684 0.0 -0.72 0.115 0.995 0.0 0.076 0.057 
-0.691 0.054 -0.075 -0.717 -0.779 -0.0 0.319 -0.54 -0.963 -0.0 0.242 -0.119 0.819 0.0 0.316 -0.479 0.957 0.0 0.236 -0.167 -0.706 -0.0 -0.68 0.199 -1.0 -0.0 0.018 -0.002 0.684 0.0 -0.721 0.113 0.995 0.0 0.078 0.059 
-0.691 0.054 -0.075 -0.717 -0.779 0.0 0.316 -0.542 -0.964 -0.0 0.238 -0.122 0.818 0.0 0.312 -0.483 0.958 -0.0 0.234 -0.167 -0.706 -0.0 -0.68 0.198 -1.0 -0.0 0.018 -0.002 0.684 0.0 -0.72 0.114 0.995 0.0 0.076 0.057 
-0.691 0.054 -0.075 -0.717 -0.778 -0.0 0.31 -0.546 -0.964 -0.0 0.238 -0.122 0.818 -0.0 0.308 -0.485 0.958 0.0 0.232 -0.168 -0.706 -0.0 -0.68 0.198 -1.0 -0.0 0.018 -0.002 0.684 0.0 -0.721 0.111 0.995 -0.0 0.077 0.06 
-0.691 0.054 -0.074 -0.717 -0.779 -0.0 0.307 -0.547 -0.964 -0.0 0.235 -0.124 0.818 0.0 0.304 -0.488 0.958 0.0 0.23 -0.169 -0.706 -0.0 -0.68 0.197 -1.0 -0.0 0.018 -0.002 0.684 0.0 -0.721 0.111 0.995 0.0 0.077 0.059 
-0.69 0.053 -0.074 -0.718 -0.779 -0.0 0.302 -0.549 -0.964 -0.0 0.234 -0.125 0.818 0.0 0.3 -0.49 0.958 0.0 0.233 -0.168 -0.706 -0.0 -0.68 0.197 -1.0 -0.0 0.018 -0.002 0.684 0.0 -0.721 0.111 0.995 0.0 0.076 0.058 
-0.69 0.053 -0.074 -0.718 -0.78 -0.0 0.297 -0.551 -0.964 -0.0 0.234 -0.126 0.818 0.0 0.295 -0.493 0.958 0.0 0.232 -0.169 -0.706 -0.0 -0.68 0.196 -1.0 -0.0 0.018 -0.002 0.684 -0.0 -0.721 0.11 0.995 0.0 0.077 0.059 
-0.69 0.053 -0.074 -0.718 -0.78 -0.0 0.293 -0.553 -0.965 -0.0 0.229 -0.128 0.819 0.0 0.291 -0.495 0.958 -0.0 0.231 -0.169 -0.706 -0.0 -0.68 0.196 -1.0 0.0 0.018 -0.002 0.684 0.0 -0.721 0.111 0.996 0.0 0.076 0.057 
-0.69 0.053 -0.074 -0.718 -0.781 -0.0 0.287 -0.555 -0.964 -0.0 0.231 -0.129 0.819 0.0 0.287 -0.497 0.958 0.0 0.23 -0.169 -0.706 0.0 -0.68 0.196 -1.0 -0.0 0.018 -0.002 0.684 0.0 -0.721 0.111 0.996 0.0 0.075 0.057 
-0.69 0.052 -0.074 -0.718 -0.782 -0.0 0.283 -0.556 -0.965 0.0 0.228 -0.131 0.819 0.0 0.282 -0.499 0.958 -0.0 0.229 -0.17 -0.706 0.0 -0.68 0.195 -1.0 -0.0 0.019 -0.002 0.684 0.0 -0.721 0.109 0.995 0.0 0.076 0.058 
-0.69 0.052 -0.074 -0.718 -0.782 -0.0 0.277 -0.558 -0.965 0.0 0.229 -0.131 0.82 0.0 0.278 -0.5 0.959 0.0 0.228 -0.17 -0.706 -0.0 -0.681 0.194 -1.0 -0.0 0.018 -0.002 0.684 0.0 -0.721 0.108 0.995 0.0 0.076 0.058 
-0.69 0.052 -0.073 -0.718 -0.783 -0.0 0.274 -0.559 -0.966 -0.0 0.224 -0.132 0.821 0.0 0.274 -0.5 0.959 0.0 0.228 -0.17 -0.706 -0.0 -0.681 0.194 -1.0 -0.0 0.019 -0.001 0.684 0.0 -0.721 0.108 0.995 0.0 0.076 0.058 
-0.69 0.052 -0.073 -0.719 -0.785 -0.0 0.268 -0.559 -0.965 0.0 0.226 -0.134 0.822 0.0 0.27 -0.501 0.959 0.0 0.227 -0.17 -0.706 -0.0 -0.681 0.193 -1.0 -0.0 0.019 -0.001 0.684 0.0 -0.721 0.107 0.996 0.0 0.073 0.058 
-0.69 0.051 -0.073 -0.719 -0.786 -0.0 0.264 -0.559 -0.965 -0.0 0.223 -0.135 0.823 -0.0 0.266 -0.502 0.959 0.0 0.226 -0.169 -0.706 -0.0 -0.682 0.192 -1.0 -0.0 0.019 -0.001 0.684 0.0 -0.721 0.106 0.995 0.0 0.075 0.059 
-0.69 0.051 -0.073 -0.719 -0.787 -0.0 0.258 -0.56 -0.965 -0.0 0.224 -0.136 0.825 0.0 0.261 -0.502 0.959 0.0 0.225 -0.169 -0.706 0.0 -0.682 0.192 -1.0 -0.0 0.019 -0.001 0.684 0.0 -0.721 0.106 0.995 0.0 0.075 0.059 
-0.69 0.051 -0.073 -0.719 -0.788 -0.0 0.255 -0.56 -0.966 -0.0 0.222 -0.136 0.826 0.0 0.256 -0.502 0.96 0.0 0.225 -0.168 -0.706 -0.0 -0.682 0.19 -1.0 0.0 0.02 -0.0 0.685 0.0 -0.721 0.105 0.995 0.0 0.075 0.059 
-0.69 0.05 -0.072 -0.719 -0.79 0.0 0.25 -0.56 -0.965 -0.0 0.222 -0.137 0.828 0.0 0.258 -0.498 0.96 -0.0 0.222 -0.168 -0.706 0.0 -0.683 0.188 -1.0 -0.0 0.02 0.0 0.684 0.0 -0.722 0.103 0.995 0.0 0.075 0.059 
-0.69 0.05 -0.072 -0.718 -0.792 0.0 0.246 -0.559 -0.966 -0.0 0.22 -0.136 0.829 0.0 0.254 -0.498 0.961 -0.0 0.219 -0.168 -0.706 -0.0 -0.683 0.188 -1.0 0.0 0.02 0.0 0.685 0.0 -0.722 0.102 0.995 0.0 0.075 0.06 
-0.69 0.05 -0.071 -0.718 -0.794 -0.0 0.241 -0.559 -0.966 -0.0 0.219 -0.137 0.831 0.0 0.25 -0.497 0.961 0.0 0.218 -0.168 -0.706 -0.0 -0.683 0.187 -1.0 -0.0 0.02 0.0 0.685 0.0 -0.722 0.102 0.995 0.0 0.075 0.06 
-0.69 0.05 -0.071 -0.718 -0.796 -0.0 0.236 -0.558 -0.966 -0.0 0.219 -0.138 0.833 0.0 0.246 -0.496 0.962 0.0 0.218 -0.167 -0.706 -0.0 -0.683 0.187 -1.0 -0.0 0.02 0.0 0.685 0.0 -0.722 0.101 0.995 -0.0 0.075 0.06 
-0.69 0.05 -0.071 -0.718 -0.798 -0.0 0.231 -0.556 -0.966 -0.0 0.218 -0.139 0.835 0.0 0.243 -0.494 0.962 0.0 0.216 -0.167 -0.706 -0.0 -0.683 0.186 -1.0 -0.0 0.019 0.0 0.684 0.0 -0.722 0.101 0.995 0.0 0.075 0.06 
-0.69 0.049 -0.071 -0.718 -0.801 -0.0 0.227 -0.555 -0.966 -0.0 0.219 -0.139 0.837 0.0 0.239 -0.492 0.962 0.0 0.216 -0.166 -0.706 -0.0 -0.684 0.185 -1.0 0.0 0.02 0.0 0.684 0.0 -0.722 0.1 0.995 0.0 0.075 0.06 
-0.69 0.049 -0.071 -0.719 -0.803 -0.0 0.222 -0.553 -0.966 -0.0 0.217 -0.139 0.839 0.0 0.236 -0.49 0.962 0.0 0.215 -0.166 -0.705 -0.0 -0.684 0.186 -1.0 0.0 0.02 -0.0 0.684 0.0 -0.722 0.1 0.995 0.0 0.075 0.061 
-0.691 0.049 -0.07 -0.718 -0.805 0.0 0.219 -0.551 -0.966 -0.0 0.216 -0.139 0.842 0.0 0.233 -0.487 0.963 0.0 0.214 -0.165 -0.706 -0.0 -0.684 0.184 -1.0 -0.0 0.019 0.0 0.684 0.0 -0.722 0.099 0.995 0.0 0.075 0.06 
-0.691 0.049 -0.07 -0.718 -0.808 -0.0 0.214 -0.549 -0.966 0.0 0.218 -0.139 0.844 -0.0 0.229 -0.485 0.963 0.0 0.213 -0.164 -0.706 -0.0 -0.684 0.183 -1.0 -0.0 0.019 0.001 0.684 -0.0 -0.722 0.098 0.995 0.0 0.075 0.061 
-0.691 0.049 -0.07 -0.718 -0.81 -0.0 0.209 -0.547 -0.966 -0.0 0.218 -0.139 0.847 0.0 0.226 -0.482 0.963 0.0 0.213 -0.164 -0.706 -0.0 -0.684 0.183 -1.0 -0.0 0.019 0.001 0.685 0.0 -0.722 0.098 0.995 0.0 0.075 0.061 
-0.692 0.049 -0.069 -0.717 -0.813 -0.0 0.204 -0.545 -0.966 -0.0 0.217 -0.139 0.849 0.0 0.223 -0.479 0.964 0.0 0.211 -0.162 -0.706 -0.0 -0.685 0.182 -1.0 -0.0 0.019 0.001 0.685 0.0 -0.722 0.099 0.995 -0.0 0.074 0.059 
-0.692 0.048 -0.069 -0.717 -0.816 -0.0 0.2 -0.542 -0.967 -0.0 0.216 -0.138 0.851 -0.0 0.22 -0.476 0.964 0.0 0.21 -0.161 -0.706 -0.0 -0.685 0.181 -1.0 -0.0 0.019 0.001 0.684 0.0 -0.723 0.097 0.995 0.0 0.075 0.061 
-0.692 0.048 -0.069 -0.717 -0.819 -0.0 0.197 -0.539 -0.966 -0.0 0.217 -0.138 0.854 -0.0 0.217 -0.473 0.964 0.0 0.211 -0.159 -0.706 -0.0 -0.685 0.181 -1.0 0.0 0.019 0.0 0.684 0.0 -0.723 0.096 0.995 0.0 0.076 0.061 
-0.692 0.048 -0.069 -0.717 -0.823 -0.0 0.193 -0.535 -0.967 -0.0 0.215 -0.138 0.856 0.0 0.215 -0.47 0.965 0.0 0.211 -0.158 -0.706 0.0 -0.685 0.18 -1.0 0.0 0.019 -0.0 0.685 0.0 -0.723 0.096 0.995 0.0 0.075 0.061 
-0.692 0.048 -0.068 -0.717 -0.825 -0.0 0.188 -0.532 -0.967 -0.0 0.215 -0.136 0.859 0.0 0.212 -0.466 0.966 0.0 0.208 -0.156 -0.706 -0.0 -0.685 0.18 -1.0 -0.0 0.018 -0.001 0.685 0.0 -0.723 0.096 0.995 0.0 0.075 0.061 
-0.692 0.048 -0.068 -0.717 -0.828 0.0 0.183 -0.53 -0.967 -0.0 0.218 -0.134 0.862 -0.0 0.207 -0.462 0.964 0.0 0.212 -0.158 -0.706 0.0 -0.685 0.18 -1.0 -0.0 0.018 -0.001 0.685 0.0 -0.722 0.097 0.995 0.0 0.074 0.059 
-0.693 0.048 -0.068 -0.717 -0.832 -0.0 0.179 -0.525 -0.967 -0.0 0.216 -0.133 0.865 -0.0 0.205 -0.458 0.965 0.0 0.209 -0.156 -0.706 -0.0 -0.685 0.18 -1.0 -0.0 0.018 -0.001 0.685 0.0 -0.722 0.097 0.996 0.0 0.074 0.059 
-0.693 0.048 -0.068 -0.716 -0.835 0.0 0.175 -0.522 -0.968 -0.0 0.216 -0.131 0.868 0.0 0.201 -0.454 0.965 0.0 0.211 -0.153 -0.706 0.0 -0.685 0.179 -1.0 0.0 0.018 -0.001 0.685 -0.0 -0.722 0.096 0.995 0.0 0.074 0.059 
-0.693 0.047 -0.067 -0.716 -0.838 -0.0 0.171 -0.518 -0.967 0.0 0.222 -0.127 0.871 -0.0 0.202 -0.448 0.966 0.0 0.209 -0.154 -0.706 -0.0 -0.685 0.178 -1.0 -0.0 0.017 -0.001 0.685 0.0 -0.723 0.093 0.995 0.0 0.075 0.061 
-0.693 0.047 -0.067 -0.716 -0.841 -0.0 0.169 -0.513 -0.968 -0.0 0.215 -0.126 0.874 0.0 0.201 -0.444 0.967 0.0 0.207 -0.152 -0.706 0.0 -0.685 0.177 -1.0 0.0 0.017 -0.001 0.685 0.0 -0.722 0.094 0.996 0.0 0.074 0.059 
-0.693 0.046 -0.067 -0.716 -0.844 -0.0 0.165 -0.51 -0.969 -0.0 0.215 -0.124 0.876 -0.0 0.198 -0.439 0.967 0.0 0.206 -0.15 -0.707 -0.0 -0.685 0.177 -1.0 -0.0 0.017 -0.002 0.685 0.0 -0.723 0.092 0.995 0.0 0.075 0.061 
-0.693 0.046 -0.066 -0.716 -0.848 -0.0 0.161 -0.505 -0.969 0.0 0.216 -0.121 0.879 0.0 0.195 -0.435 0.967 -0.0 0.205 -0.149 -0.706 0.0 -0.685 0.176 -1.0 -0.0 0.017 -0.002 0.685 -0.0 -0.722 0.093 0.996 -0.0 0.074 0.059 
-0.694 0.046 -0.066 -0.716 -0.851 0.0 0.158 -0.501 -0.969 -0.0 0.216 -0.118 0.882 0.0 0.193 -0.43 0.968 0.0 0.204 -0.147 -0.707 -0.0 -0.685 0.176 -1.0 -0.0 0.016 -0.001 0.685 0.0 -0.722 0.093 0.995 0.0 0.074 0.059 
-0.694 0.046 -0.066 -0.716 -0.854 -0.0 0.154 -0.496 -0.97 -0.0 0.213 -0.116 0.885 0.0 0.191 -0.425 0.968 0.0 0.203 -0.145 -0.707 -0.0 -0.685 0.176 -1.0 -0.0 0.016 -0.002 0.685 0.0 -0.723 0.093 0.995 0.0 0.074 0.059 
-0.694 0.046 -0.066 -0.716 -0.859 -0.0 0.15 -0.49 -0.97 0.0 0.215 -0.115 0.888 0.0 0.189 -0.42 0.969 0.0 0.203 -0.143 -0.707 -0.0 -0.686 0.175 -1.0 -0.0 0.016 -0.002 0.685 0.0 -0.723 0.092 0.995 0.0 0.074 0.06 
-0.694 0.046 -0.066 -0.716 -0.862 -0.0 0.147 -0.486 -0.97 -0.0 0.214 -0.111 0.89 0.0 0.187 -0.415 0.969 0.0 0.203 -0.142 -0.706 -0.0 -0.686 0.175 -1.0 -0.0 0.016 -0.002 0.685 -0.0 -0.723 0.09 0.995 0.0 0.075 0.061 
-0.694 0.046 -0.066 -0.716 -0.865 -0.0 0.144 -0.48 -0.971 -0.0 0.213 -0.109 0.893 -0.0 0.185 -0.41 0.969 0.0 0.202 -0.139 -0.707 -0.0 -0.686 0.175 -1.0 -0.0 0.016 -0.002 0.684 0.0 -0.724 0.088 0.995 0.0 0.075 0.064 
-0.694 0.046 -0.066 -0.716 -0.869 -0.0 0.141 -0.474 -0.971 0.0 0.212 -0.106 0.896 0.0 0.183 -0.405 0.97 -0.0 0.202 -0.137 -0.707 -0.0 -0.686 0.174 -1.0 -0.0 0.016 -0.001 0.685 0.0 -0.723 0.089 0.995 0.0 0.075 0.061 
-0.694 0.045 -0.065 -0.716 -0.873 0.0 0.138 -0.468 -0.972 -0.0 0.212 -0.104 0.898 0.0 0.182 -0.4 0.97 0.0 0.201 -0.136 -0.706 -0.0 -0.686 0.174 -1.0 -0.0 0.016 -0.001 0.685 0.0 -0.723 0.091 0.996 0.0 0.072 0.059 
-0.694 0.045 -0.065 -0.716 -0.876 -0.0 0.134 -0.463 -0.972 -0.0 0.212 -0.102 0.901 0.0 0.181 -0.394 0.971 -0.0 0.2 -0.134 -0.707 -0.0 -0.686 0.173 -1.0 -0.0 0.016 -0.001 0.685 0.0 -0.723 0.091 0.996 0.0 0.074 0.059 
-0.694 0.045 -0.065 -0.716 -0.88 -0.0 0.129 -0.458 -0.972 0.0 0.213 -0.099 0.904 -0.0 0.18 -0.388 0.971 0.0 0.199 -0.132 -0.707 0.0 -0.686 0.173 -1.0 0.0 0.016 -0.001 0.685 0.0 -0.723 0.089 0.995 0.0 0.075 0.061 
-0.694 0.045 -0.065 -0.716 -0.884 0.0 0.126 -0.45 -0.973 0.0 0.211 -0.098 0.906 0.0 0.179 -0.383 0.972 0.0 0.198 -0.13 -0.707 -0.0 -0.686 0.173 -1.0 -0.0 0.016 -0.001 0.685 0.0 -0.723 0.089 0.995 -0.0 0.075 0.061 
-0.694 0.045 -0.065 -0.716 -0.888 -0.0 0.123 -0.443 -0.973 -0.0 0.211 -0.095 0.909 0.0 0.179 -0.377 0.972 0.0 0.197 -0.129 -0.706 -0.0 -0.687 0.172 -1.0 -0.0 0.016 -0.001 0.685 0.0 -0.723 0.088 0.995 0.0 0.074 0.061 
-0.694 0.045 -0.065 -0.716 -0.892 -0.0 0.12 -0.437 -0.973 0.0 0.211 -0.094 0.912 -0.0 0.178 -0.37 0.972 0.0 0.199 -0.128 -0.706 -0.0 -0.687 0.171 -1.0 -0.0 0.016 -0.001 0.685 0.0 -0.723 0.088 0.996 0.0 0.072 0.061 
-0.694 0.045 -0.065 -0.716 -0.895 -0.0 0.117 -0.43 -0.974 -0.0 0.207 -0.092 0.915 0.0 0.176 -0.363 0.972 0.0 0.2 -0.126 -0.707 -0.0 -0.687 0.171 -1.0 0.0 0.016 -0.001 0.685 0.0 -0.723 0.088 0.996 0.0 0.072 0.06 
-0.694 0.045 -0.065 -0.716 -0.899 -0.0 0.114 -0.423 -0.974 -0.0 0.208 -0.09 0.917 -0.0 0.173 -0.36 0.972 0.0 0.202 -0.123 -0.707 -0.0 -0.686 0.172 -1.0 -0.0 0.016 -0.001 0.685 0.0 -0.723 0.088 0.995 0.0 0.073 0.061 
-0.694 0.045 -0.065 -0.716 -0.902 -0.0 0.111 -0.417 -0.974 -0.0 0.209 -0.088 0.92 0.0 0.17 -0.353 0.971 0.0 0.204 -0.122 -0.707 -0.0 -0.687 0.171 -1.0 -0.0 0.017 -0.0 0.685 0.0 -0.723 0.088 0.995 0.0 0.074 0.062 
-0.694 0.044 -0.064 -0.716 -0.906 0.0 0.109 -0.41 -0.974 -0.0 0.209 -0.084 0.924 -0.0 0.171 -0.343 0.971 0.0 0.204 -0.122 -0.706 -0.0 -0.687 0.171 -1.0 -0.0 0.017 -0.001 0.685 0.0 -0.723 0.086 0.995 0.0 0.073 0.062 
-0.694 0.044 -0.064 -0.716 -0.909 0.0 0.106 -0.403 -0.975 -0.0 0.206 -0.084 0.926 0.0 0.17 -0.336 0.971 0.0 0.205 -0.121 -0.706 -0.0 -0.687 0.17 -1.0 -0.0 0.017 -0.001 0.685 0.0 -0.723 0.085 0.995 0.0 0.073 0.064 
-0.694 0.044 -0.064 -0.716 -0.912 -0.0 0.103 -0.396 -0.975 -0.0 0.206 -0.082 0.929 0.0 0.169 -0.329 0.971 -0.0 0.206 -0.12 -0.706 -0.0 -0.687 0.169 -1.0 -0.0 0.017 -0.001 0.685 0.0 -0.723 0.085 0.995 0.0 0.072 0.063 
-0.694 0.044 -0.064 -0.715 -0.916 -0.0 0.1 -0.389 -0.975 -0.0 0.209 -0.078 0.932 -0.0 0.165 -0.323 0.971 -0.0 0.208 -0.119 -0.706 -0.0 -0.687 0.17 -1.0 0.0 0.017 -0.001 0.685 0.0 -0.723 0.085 0.996 0.0 0.071 0.062 
-0.694 0.044 -0.064 -0.715 -0.919 -0.0 0.098 -0.382 -0.975 -0.0 0.205 -0.079 0.934 0.0 0.164 -0.316 0.971 0.0 0.21 -0.118 -0.706 0.0 -0.687 0.17 -1.0 -0.0 0.017 -0.001 0.685 -0.0 -0.723 0.085 0.995 0.0 0.072 0.063 
-0.695 0.044 -0.064 -0.715 -0.922 -0.0 0.095 -0.375 -0.976 -0.0 0.206 -0.077 0.937 0.0 0.163 -0.309 0.971 -0.0 0.211 -0.117 -0.706 -0.0 -0.687 0.17 -1.0 0.0 0.017 -0.002 0.685 0.0 -0.723 0.085 0.995 -0.0 0.073 0.063 
-0.695 0.044 -0.063 -0.715 -0.925 -0.0 0.093 -0.368 -0.975 -0.0 0.208 -0.074 0.94 0.0 0.162 -0.302 0.97 -0.0 0.211 -0.116 -0.706 -0.0 -0.688 0.169 -1.0 -0.0 0.018 -0.002 0.685 0.0 -0.723 0.084 0.996 0.0 0.07 0.063 
-0.695 0.043 -0.063 -0.715 -0.928 -0.0 0.091 -0.36 -0.976 -0.0 0.204 -0.074 0.942 0.0 0.16 -0.295 0.97 0.0 0.212 -0.115 -0.706 -0.0 -0.688 0.169 -1.0 0.0 0.018 -0.002 0.686 0.0 -0.723 0.084 0.995 0.0 0.072 0.063 
-0.695 0.043 -0.063 -0.715 -0.932 -0.0 0.089 -0.352 -0.976 -0.0 0.203 -0.072 0.944 -0.0 0.16 -0.288 0.97 0.0 0.213 -0.114 -0.706 -0.0 -0.687 0.169 -1.0 -0.0 0.017 -0.002 0.686 0.0 -0.723 0.084 0.995 0.0 0.072 0.063 
-0.695 0.043 -0.063 -0.715 -0.934 -0.0 0.088 -0.345 -0.977 -0.0 0.203 -0.071 0.947 0.0 0.159 -0.281 0.97 0.0 0.214 -0.112 -0.706 0.0 -0.688 0.168 -1.0 -0.0 0.017 -0.002 0.685 0.0 -0.723 0.084 0.996 0.0 0.071 0.062 
-0.695 0.043 -0.063 -0.715 -0.937 -0.0 0.087 -0.337 -0.977 -0.0 0.202 -0.07 0.949 0.0 0.158 -0.274 0.97 0.0 0.215 -0.11 -0.706 -0.0 -0.688 0.168 -1.0 0.0 0.017 -0.002 0.685 0.0 -0.724 0.082 0.995 0.0 0.073 0.066 
-0.695 0.043 -0.062 -0.715 -0.94 -0.0 0.086 -0.329 -0.977 -0.0 0.202 -0.068 0.951 0.0 0.157 -0.266 0.97 0.0 0.216 -0.11 -0.707 0.0 -0.688 0.167 -1.0 -0.0 0.017 -0.001 0.686 0.0 -0.723 0.084 0.995 -0.0 0.072 0.063 
-0.695 0.043 -0.062 -0.715 -0.943 0.0 0.084 -0.321 -0.977 -0.0 0.202 -0.067 0.953 -0.0 0.156 -0.259 0.97 0.0 0.217 -0.109 -0.707 0.0 -0.688 0.167 -1.0 -0.0 0.017 -0.001 0.685 0.0 -0.723 0.084 0.995 0.0 0.072 0.062 
-0.695 0.042 -0.062 -0.715 -0.946 -0.0 0.084 -0.313 -0.977 -0.0 0.202 -0.066 0.956 0.0 0.156 -0.25 0.97 0.0 0.217 -0.111 -0.707 -0.0 -0.688 0.166 -1.0 -0.0 0.016 -0.001 0.685 -0.0 -0.723 0.083 0.995 0.0 0.072 0.062 
-0.695 0.042 -0.062 -0.715 -0.949 -0.0 0.082 -0.305 -0.977 -0.0 0.203 -0.065 0.957 0.0 0.154 -0.245 0.97 0.0 0.22 -0.108 -0.707 -0.0 -0.688 0.167 -1.0 0.0 0.016 -0.002 0.685 0.0 -0.724 0.081 0.995 0.0 0.073 0.065 
-0.695 0.042 -0.062 -0.715 -0.952 -0.0 0.081 -0.296 -0.977 -0.0 0.205 -0.066 0.959 0.0 0.153 -0.238 0.969 -0.0 0.221 -0.106 -0.707 -0.0 -0.688 0.167 -1.0 0.0 0.016 -0.002 0.685 0.0 -0.724 0.082 0.995 0.0 0.072 0.063 
-0.695 0.042 -0.061 -0.715 -0.955 -0.0 0.079 -0.287 -0.976 -0.0 0.209 -0.066 0.961 0.0 0.152 -0.232 0.969 0.0 0.224 -0.103 -0.707 -0.0 -0.688 0.166 -1.0 -0.0 0.016 -0.002 0.685 -0.0 -0.724 0.081 0.995 0.0 0.072 0.063 
-0.695 0.042 -0.061 -0.715 -0.957 0.0 0.078 -0.28 -0.976 -0.0 0.209 -0.066 0.962 0.0 0.152 -0.226 0.969 -0.0 0.224 -0.101 -0.707 -0.0 -0.687 0.166 -1.0 -0.0 0.016 -0.002 0.685 0.0 -0.724 0.081 0.995 0.0 0.072 0.063 
-0.695 0.041 -0.061 -0.715 -0.959 -0.0 0.078 -0.272 -0.975 -0.0 0.211 -0.066 0.964 0.0 0.155 -0.217 0.969 0.0 0.223 -0.102 -0.707 -0.0 -0.687 0.165 -1.0 0.0 0.015 -0.001 0.685 0.0 -0.724 0.08 0.995 0.0 0.072 0.063 
-0.695 0.041 -0.061 -0.716 -0.962 -0.0 0.078 -0.263 -0.975 -0.0 0.213 -0.065 0.965 0.0 0.154 -0.213 0.969 0.0 0.225 -0.099 -0.707 -0.0 -0.687 0.166 -1.0 -0.0 0.015 -0.002 0.685 -0.0 -0.724 0.08 0.995 0.0 0.072 0.064 
-0.694 0.041 -0.061 -0.716 -0.964 -0.0 0.079 -0.254 -0.975 -0.0 0.212 -0.068 0.966 -0.0 0.155 -0.206 0.969 0.0 0.226 -0.099 -0.707 -0.0 -0.687 0.166 -1.0 0.0 0.015 -0.003 0.685 0.0 -0.724 0.079 0.995 0.0 0.072 0.064 
-0.694 0.041 -0.061 -0.716 -0.966 -0.0 0.08 -0.246 -0.975 -0.0 0.213 -0.067 0.967 0.0 0.156 -0.2 0.969 0.0 0.227 -0.1 -0.707 -0.0 -0.687 0.166 -1.0 -0.0 0.015 -0.003 0.685 0.0 -0.725 0.078 0.995 0.0 0.072 0.064 
-0.694 0.04 -0.061 -0.717 -0.967 -0.0 0.082 -0.24 -0.975 -0.0 0.213 -0.065 0.968 0.0 0.159 -0.193 0.968 0.0 0.229 -0.099 -0.707 -0.0 -0.687 0.165 -1.0 -0.0 0.015 -0.003 0.685 0.0 -0.725 0.077 0.996 0.0 0.07 0.064 
-0.693 0.04 -0.061 -0.717 -0.969 -0.0 0.083 -0.233 -0.975 -0.0 0.213 -0.063 0.969 0.0 0.159 -0.189 0.968 -0.0 0.232 -0.097 -0.707 -0.0 -0.687 0.166 -1.0 -0.0 0.016 -0.003 0.685 0.0 -0.725 0.078 0.995 0.0 0.072 0.064 
-0.693 0.039 -0.061 -0.717 -0.97 -0.0 0.086 -0.226 -0.975 -0.0 0.214 -0.06 0.97 0.0 0.163 -0.181 0.967 -0.0 0.234 -0.098 -0.707 -0.0 -0.687 0.165 -1.0 0.0 0.016 -0.003 0.685 -0.0 -0.725 0.076 0.995 0.0 0.072 0.064 
-0.692 0.039 -0.061 -0.718 -0.972 -0.0 0.087 -0.219 -0.975 -0.0 0.216 -0.056 0.971 0.0 0.165 -0.176 0.966 0.0 0.238 -0.098 -0.707 -0.0 -0.687 0.167 -1.0 0.0 0.016 -0.004 0.684 0.0 -0.725 0.077 0.995 0.0 0.072 0.064 
-0.692 0.039 -0.061 -0.718 -0.973 -0.0 0.09 -0.212 -0.975 -0.0 0.215 -0.055 0.971 0.0 0.168 -0.171 0.966 0.0 0.24 -0.097 -0.707 -0.0 -0.687 0.167 -1.0 -0.0 0.017 -0.004 0.684 0.0 -0.725 0.076 0.996 0.0 0.07 0.063 
-0.692 0.039 -0.061 -0.718 -0.973 -0.0 0.093 -0.209 -0.975 -0.0 0.216 -0.051 0.972 0.0 0.171 -0.162 0.965 0.0 0.242 -0.104 -0.707 0.0 -0.687 0.168 -1.0 -0.0 0.017 -0.004 0.685 -0.0 -0.724 0.078 0.996 0.0 0.071 0.063 
-0.691 0.039 -0.061 -0.719 -0.974 -0.0 0.097 -0.203 -0.975 -0.0 0.216 -0.048 0.972 -0.0 0.176 -0.154 0.964 0.0 0.242 -0.114 -0.707 -0.0 -0.687 0.167 -1.0 -0.0 0.017 -0.004 0.685 0.0 -0.724 0.078 0.996 0.0 0.07 0.061 
-0.691 0.039 -0.061 -0.719 -0.975 -0.0 0.101 -0.198 -0.975 0.0 0.217 -0.044 0.972 -0.0 0.178 -0.155 0.963 0.0 0.25 -0.104 -0.707 -0.0 -0.688 0.167 -1.0 -0.0 0.017 -0.003 0.685 0.0 -0.724 0.078 0.996 0.0 0.07 0.061 
-0.691 0.039 -0.061 -0.72 -0.976 -0.0 0.105 -0.193 -0.975 -0.0 0.218 -0.043 0.972 0.0 0.182 -0.152 0.962 -0.0 0.253 -0.102 -0.707 0.0 -0.688 0.167 -1.0 -0.0 0.018 -0.004 0.685 0.0 -0.724 0.078 0.996 0.0 0.067 0.062 
-0.69 0.039 -0.061 -0.72 -0.976 -0.0 0.109 -0.189 -0.975 -0.0 0.219 -0.041 0.971 -0.0 0.186 -0.149 0.961 0.0 0.257 -0.101 -0.706 -0.0 -0.688 0.167 -1.0 -0.0 0.018 -0.004 0.685 0.0 -0.724 0.078 0.996 0.0 0.067 0.06 
-0.69 0.039 -0.061 -0.72 -0.976 -0.0 0.114 -0.184 -0.974 -0.0 0.221 -0.04 0.971 0.0 0.191 -0.142 0.96 -0.0 0.257 -0.109 -0.706 0.0 -0.688 0.168 -1.0 0.0 0.018 -0.004 0.686 0.0 -0.724 0.078 0.996 0.0 0.067 0.06 
-0.69 0.039 -0.061 -0.721 -0.976 -0.0 0.118 -0.181 -0.974 -0.0 0.225 -0.036 0.97 0.0 0.194 -0.143 0.96 -0.0 0.263 -0.1 -0.706 -0.0 -0.688 0.168 -1.0 -0.0 0.018 -0.004 0.686 0.0 -0.724 0.078 0.996 0.0 0.069 0.061 
-0.689 0.039 -0.061 -0.721 -0.976 -0.0 0.124 -0.176 -0.973 -0.0 0.227 -0.035 0.97 -0.0 0.199 -0.141 0.959 0.0 0.266 -0.099 -0.706 -0.0 -0.688 0.168 -1.0 -0.0 0.018 -0.003 0.685 0.0 -0.724 0.076 0.996 0.0 0.07 0.063 
-0.689 0.039 -0.061 -0.721 -0.976 -0.0 0.13 -0.172 -0.973 -0.0 0.23 -0.032 0.969 -0.0 0.204 -0.139 0.958 0.0 0.268 -0.099 -0.707 -0.0 -0.687 0.168 -1.0 -0.0 0.018 -0.003 0.685 -0.0 -0.724 0.076 0.996 0.0 0.069 0.063 
-0.689 0.039 -0.061 -0.721 -0.976 -0.0 0.134 -0.17 -0.972 0.0 0.235 -0.03 0.968 0.0 0.209 -0.137 0.958 0.0 0.27 -0.097 -0.707 -0.0 -0.687 0.169 -1.0 0.0 0.018 -0.003 0.686 0.0 -0.724 0.078 0.996 0.0 0.066 0.06 
-0.688 0.039 -0.061 -0.722 -0.976 -0.0 0.14 -0.168 -0.971 -0.0 0.24 -0.027 0.967 0.0 0.214 -0.135 0.957 0.0 0.275 -0.096 -0.707 -0.0 -0.687 0.169 -1.0 0.0 0.017 -0.003 0.686 0.0 -0.723 0.078 0.996 0.0 0.066 0.06 
-0.688 0.039 -0.062 -0.722 -0.975 -0.0 0.145 -0.166 -0.969 -0.0 0.245 -0.024 0.966 0.0 0.22 -0.134 0.956 -0.0 0.277 -0.1 -0.707 -0.0 -0.687 0.17 -1.0 -0.0 0.017 -0.003 0.686 0.0 -0.724 0.077 0.996 0.0 0.067 0.062 
-0.688 0.039 -0.062 -0.722 -0.975 -0.0 0.15 -0.164 -0.968 -0.0 0.25 -0.022 0.965 0.0 0.225 -0.133 0.955 0.0 0.282 -0.096 -0.707 0.0 -0.686 0.17 -1.0 -0.0 0.017 -0.002 0.685 0.0 -0.724 0.077 0.996 0.0 0.069 0.063 
-0.687 0.039 -0.062 -0.723 -0.974 -0.0 0.155 -0.162 -0.967 -0.0 0.256 -0.02 0.964 0.0 0.23 -0.134 0.954 0.0 0.286 -0.094 -0.707 -0.0 -0.686 0.171 -1.0 -0.0 0.017 -0.002 0.686 0.0 -0.723 0.08 0.996 0.0 0.068 0.06 
-0.687 0.04 -0.063 -0.723 -0.974 0.0 0.16 -0.162 -0.965 -0.0 0.261 -0.019 0.963 0.0 0.235 -0.133 0.953 0.0 0.289 -0.093 -0.707 0.0 -0.686 0.172 -1.0 -0.0 0.017 -0.002 0.686 0.0 -0.723 0.081 0.996 0.0 0.066 0.058 
-0.686 0.04 -0.063 -0.723 -0.973 -0.0 0.166 -0.161 -0.964 -0.0 0.266 -0.016 0.962 0.0 0.242 -0.13 0.952 0.0 0.29 -0.101 -0.707 -0.0 -0.686 0.174 -1.0 -0.0 0.017 -0.003 0.686 0.0 -0.723 0.082 0.996 0.0 0.066 0.058 
-0.686 0.04 -0.063 -0.724 -0.972 -0.0 0.171 -0.16 -0.962 -0.0 0.272 -0.014 0.96 0.0 0.246 -0.137 0.95 0.0 0.298 -0.091 -0.707 -0.0 -0.685 0.175 -1.0 0.0 0.017 -0.003 0.686 0.0 -0.723 0.082 0.996 0.0 0.068 0.059 
-0.685 0.04 -0.064 -0.725 -0.971 -0.0 0.178 -0.159 -0.961 -0.0 0.277 -0.013 0.958 -0.0 0.251 -0.139 0.95 -0.0 0.3 -0.089 -0.707 0.0 -0.685 0.178 -1.0 -0.0 0.016 -0.005 0.686 0.0 -0.723 0.083 0.996 0.0 0.066 0.059 
-0.684 0.041 -0.064 -0.725 -0.97 -0.0 0.184 -0.16 -0.959 -0.0 0.282 -0.011 0.956 -0.0 0.256 -0.14 0.949 0.0 0.302 -0.09 -0.707 -0.0 -0.685 0.179 -1.0 -0.0 0.017 -0.005 0.686 0.0 -0.723 0.084 0.996 0.0 0.066 0.059 
-0.684 0.041 -0.065 -0.725 -0.968 -0.0 0.19 -0.161 -0.958 -0.0 0.288 -0.01 0.955 0.0 0.262 -0.138 0.948 0.0 0.304 -0.092 -0.707 -0.0 -0.684 0.18 -1.0 -0.0 0.017 -0.005 0.685 0.0 -0.724 0.085 0.996 -0.0 0.068 0.057 
-0.684 0.041 -0.065 -0.725 -0.967 -0.0 0.196 -0.162 -0.956 -0.0 0.292 -0.008 0.953 0.0 0.266 -0.143 0.947 0.0 0.309 -0.086 -0.707 -0.0 -0.684 0.181 -1.0 -0.0 0.017 -0.005 0.685 0.0 -0.724 0.086 0.996 -0.0 0.07 0.057 
-0.684 0.041 -0.066 -0.726 -0.966 -0.0 0.202 -0.163 -0.955 -0.0 0.298 -0.008 0.952 0.0 0.272 -0.144 0.947 0.0 0.311 -0.087 -0.707 -0.0 -0.684 0.182 -1.0 -0.0 0.017 -0.005 0.685 -0.0 -0.724 0.086 0.996 0.0 0.067 0.057 
-0.684 0.041 -0.066 -0.726 -0.964 -0.0 0.208 -0.163 -0.952 0.0 0.305 -0.007 0.95 0.0 0.277 -0.146 0.946 0.0 0.313 -0.086 -0.707 -0.0 -0.684 0.182 -1.0 -0.0 0.018 -0.005 0.684 -0.0 -0.724 0.085 0.996 -0.0 0.071 0.06 
-0.683 0.042 -0.066 -0.726 -0.963 -0.0 0.214 -0.165 -0.951 -0.0 0.309 -0.011 0.948 0.0 0.283 -0.148 0.945 0.0 0.314 -0.087 -0.706 0.0 -0.684 0.183 -1.0 -0.0 0.018 -0.005 0.685 0.0 -0.723 0.087 0.996 -0.0 0.067 0.057 
-0.683 0.042 -0.067 -0.726 -0.961 0.0 0.219 -0.169 -0.949 -0.0 0.316 -0.007 0.945 0.0 0.287 -0.155 0.945 0.0 0.318 -0.079 -0.707 0.0 -0.683 0.183 -1.0 -0.0 0.019 -0.005 0.685 0.0 -0.724 0.088 0.996 0.0 0.068 0.057 
-0.683 0.042 -0.067 -0.726 -0.959 0.0 0.226 -0.17 -0.947 -0.0 0.32 -0.01 0.943 0.0 0.292 -0.157 0.944 0.0 0.319 -0.079 -0.706 -0.0 -0.683 0.184 -1.0 -0.0 0.019 -0.005 0.684 0.0 -0.724 0.089 0.996 0.0 0.069 0.057 
-0.683 0.042 -0.067 -0.726 -0.957 -0.0 0.232 -0.172 -0.946 -0.0 0.324 -0.011 0.941 0.0 0.298 -0.161 0.944 0.0 0.32 -0.078 -0.706 0.0 -0.684 0.185 -1.0 -0.0 0.019 -0.005 0.684 0.0 -0.724 0.087 0.996 -0.0 0.069 0.06 
-0.683 0.043 -0.068 -0.726 -0.955 -0.0 0.238 -0.176 -0.944 -0.0 0.329 -0.012 0.938 -0.0 0.304 -0.165 0.944 -0.0 0.32 -0.078 -0.706 -0.0 -0.683 0.186 -1.0 -0.0 0.02 -0.005 0.684 0.0 -0.724 0.088 0.996 -0.0 0.07 0.06 
-0.683 0.043 -0.068 -0.726 -0.953 -0.0 0.244 -0.18 -0.943 -0.0 0.333 -0.013 0.936 0.0 0.31 -0.169 0.944 0.0 0.32 -0.08 -0.706 -0.0 -0.683 0.187 -1.0 -0.0 0.02 -0.005 0.685 0.0 -0.723 0.089 0.996 -0.0 0.069 0.059 
-0.682 0.044 -0.069 -0.726 -0.951 -0.0 0.251 -0.183 -0.94 -0.0 0.342 -0.005 0.933 -0.0 0.314 -0.174 0.945 0.0 0.318 -0.077 -0.705 -0.0 -0.683 0.189 -1.0 0.0 0.022 -0.005 0.685 -0.0 -0.723 0.09 0.996 0.0 0.069 0.059 
-0.682 0.044 -0.069 -0.726 -0.948 -0.0 0.258 -0.187 -0.941 -0.0 0.338 -0.016 0.93 0.0 0.32 -0.179 0.945 0.0 0.318 -0.075 -0.705 0.0 -0.683 0.19 -1.0 -0.0 0.022 -0.006 0.685 0.0 -0.722 0.093 0.996 0.0 0.068 0.057 
-0.683 0.045 -0.07 -0.726 -0.945 -0.0 0.264 -0.192 -0.938 -0.0 0.345 -0.01 0.928 -0.0 0.325 -0.183 0.945 0.0 0.317 -0.078 -0.705 -0.0 -0.683 0.191 -1.0 -0.0 0.022 -0.006 0.684 0.0 -0.723 0.093 0.996 0.0 0.07 0.06 
-0.683 0.045 -0.07 -0.726 -0.942 -0.0 0.27 -0.197 -0.939 -0.0 0.343 -0.021 0.925 0.0 0.33 -0.188 0.945 -0.0 0.317 -0.078 -0.706 0.0 -0.682 0.192 -1.0 0.0 0.021 -0.006 0.684 0.0 -0.723 0.094 0.996 0.0 0.069 0.061 
-0.683 0.045 -0.071 -0.726 -0.94 -0.0 0.277 -0.201 -0.937 -0.0 0.35 -0.016 0.923 0.0 0.335 -0.189 0.945 0.0 0.316 -0.089 -0.705 -0.0 -0.682 0.193 -1.0 -0.0 0.022 -0.006 0.684 0.0 -0.723 0.095 0.996 -0.0 0.069 0.06 
-0.683 0.046 -0.071 -0.726 -0.937 -0.0 0.284 -0.206 -0.938 -0.0 0.344 -0.028 0.92 -0.0 0.338 -0.199 0.944 0.0 0.32 -0.078 -0.705 -0.0 -0.682 0.194 -1.0 -0.0 0.022 -0.006 0.684 0.0 -0.723 0.097 0.996 0.0 0.07 0.058 
-0.683 0.047 -0.072 -0.725 -0.933 -0.0 0.289 -0.213 -0.938 -0.0 0.346 -0.032 0.917 -0.0 0.341 -0.208 0.944 -0.0 0.319 -0.081 -0.705 -0.0 -0.682 0.195 -1.0 -0.0 0.022 -0.005 0.685 0.0 -0.722 0.1 0.996 0.0 0.069 0.057 
-0.683 0.047 -0.072 -0.725 -0.93 -0.0 0.295 -0.219 -0.934 -0.0 0.355 -0.023 0.914 0.0 0.346 -0.21 0.944 0.0 0.319 -0.083 -0.705 -0.0 -0.682 0.195 -1.0 -0.0 0.022 -0.005 0.684 0.0 -0.722 0.101 0.996 0.0 0.07 0.056 
-0.683 0.047 -0.072 -0.725 -0.927 -0.0 0.302 -0.222 -0.938 -0.0 0.345 -0.042 0.911 0.0 0.35 -0.217 0.944 -0.0 0.319 -0.083 -0.705 -0.0 -0.681 0.196 -1.0 -0.0 0.022 -0.005 0.684 0.0 -0.722 0.102 0.996 0.0 0.069 0.056 
-0.684 0.047 -0.073 -0.724 -0.923 -0.0 0.308 -0.229 -0.937 -0.0 0.345 -0.045 0.909 0.0 0.355 -0.219 0.944 0.0 0.317 -0.091 -0.705 -0.0 -0.681 0.196 -1.0 -0.0 0.022 -0.005 0.684 0.0 -0.722 0.104 0.996 0.0 0.069 0.056 
-0.684 0.048 -0.074 -0.724 -0.92 -0.0 0.313 -0.235 -0.935 -0.0 0.354 -0.037 0.905 0.0 0.356 -0.232 0.944 0.0 0.319 -0.085 -0.706 -0.0 -0.681 0.197 -1.0 -0.0 0.022 -0.004 0.684 -0.0 -0.722 0.105 0.996 0.0 0.07 0.055 
-0.684 0.049 -0.074 -0.724 -0.916 0.0 0.318 -0.243 -0.938 -0.0 0.343 -0.054 0.902 0.0 0.362 -0.233 0.944 0.0 0.316 -0.094 -0.706 -0.0 -0.68 0.198 -1.0 -0.0 0.022 -0.004 0.684 -0.0 -0.722 0.106 0.996 0.0 0.071 0.056 
-0.685 0.049 -0.074 -0.724 -0.913 -0.0 0.324 -0.249 -0.938 -0.0 0.342 -0.057 0.899 0.0 0.364 -0.243 0.944 0.0 0.319 -0.088 -0.706 -0.0 -0.68 0.198 -1.0 -0.0 0.022 -0.003 0.684 0.0 -0.722 0.107 0.996 -0.0 0.071 0.055 
-0.684 0.049 -0.074 -0.724 -0.909 -0.0 0.332 -0.251 -0.939 0.0 0.338 -0.064 0.896 0.0 0.367 -0.25 0.944 0.0 0.318 -0.09 -0.706 -0.0 -0.679 0.199 -1.0 -0.0 0.021 -0.004 0.684 0.0 -0.722 0.108 0.996 0.0 0.07 0.055 
-0.685 0.05 -0.075 -0.723 -0.905 -0.0 0.336 -0.261 -0.939 -0.0 0.337 -0.065 0.893 0.0 0.369 -0.257 0.943 0.0 0.318 -0.093 -0.706 -0.0 -0.679 0.2 -1.0 -0.0 0.021 -0.003 0.683 0.0 -0.722 0.108 0.996 0.0 0.073 0.057 
-0.685 0.05 -0.075 -0.723 -0.901 -0.0 0.343 -0.265 -0.941 -0.0 0.332 -0.069 0.89 0.0 0.372 -0.263 0.943 0.0 0.318 -0.095 -0.706 -0.0 -0.679 0.2 -1.0 -0.0 0.021 -0.003 0.683 -0.0 -0.722 0.11 0.996 -0.0 0.071 0.055 
-0.685 0.05 -0.075 -0.723 -0.898 -0.0 0.348 -0.271 -0.939 -0.0 0.339 -0.06 0.887 0.0 0.375 -0.269 0.943 0.0 0.317 -0.098 -0.706 -0.0 -0.679 0.2 -1.0 0.0 0.021 -0.003 0.683 0.0 -0.722 0.11 0.996 0.0 0.071 0.054 
-0.685 0.05 -0.075 -0.723 -0.894 -0.0 0.353 -0.278 -0.942 -0.0 0.327 -0.074 0.884 0.0 0.377 -0.275 0.943 0.0 0.316 -0.1 -0.706 -0.0 -0.679 0.2 -1.0 -0.0 0.022 -0.003 0.683 0.0 -0.722 0.111 0.996 0.0 0.071 0.054 
-0.685 0.05 -0.075 -0.723 -0.889 -0.0 0.358 -0.285 -0.943 -0.0 0.322 -0.078 0.881 0.0 0.379 -0.282 0.943 0.0 0.316 -0.103 -0.706 -0.0 -0.679 0.2 -1.0 -0.0 0.022 -0.002 0.683 0.0 -0.722 0.111 0.996 0.0 0.072 0.056 
-0.686 0.051 -0.076 -0.722 -0.885 -0.0 0.364 -0.291 -0.946 -0.0 0.313 -0.082 0.879 -0.0 0.381 -0.288 0.943 0.0 0.315 -0.106 -0.706 -0.0 -0.679 0.2 -1.0 0.0 0.022 -0.002 0.683 -0.0 -0.722 0.112 0.996 0.0 0.072 0.055 
-0.686 0.051 -0.076 -0.722 -0.881 0.0 0.365 -0.302 -0.945 -0.0 0.317 -0.078 0.875 0.0 0.382 -0.296 0.943 0.0 0.314 -0.109 -0.706 -0.0 -0.679 0.2 -1.0 0.0 0.022 -0.0 0.682 0.0 -0.723 0.109 0.995 -0.0 0.076 0.06 
-0.686 0.051 -0.076 -0.722 -0.876 -0.0 0.367 -0.312 -0.946 -0.0 0.314 -0.079 0.872 0.0 0.383 -0.303 0.943 0.0 0.313 -0.111 -0.706 -0.0 -0.679 0.201 -1.0 -0.0 0.023 -0.001 0.682 0.0 -0.722 0.113 0.996 -0.0 0.073 0.055 
-0.686 0.052 -0.076 -0.722 -0.872 -0.0 0.369 -0.32 -0.947 -0.0 0.31 -0.081 0.87 0.0 0.384 -0.31 0.943 0.0 0.311 -0.113 -0.706 -0.0 -0.679 0.2 -1.0 -0.0 0.022 0.0 0.682 0.0 -0.722 0.113 0.996 0.0 0.074 0.057 
-0.686 0.052 -0.077 -0.721 -0.869 0.0 0.367 -0.333 -0.949 -0.0 0.305 -0.084 0.867 0.0 0.385 -0.317 0.944 0.0 0.309 -0.117 -0.706 -0.0 -0.679 0.201 -1.0 -0.0 0.023 -0.0 0.682 0.0 -0.722 0.115 0.996 0.0 0.075 0.057 
-0.687 0.053 -0.077 -0.721 -0.865 -0.0 0.369 -0.342 -0.949 -0.0 0.302 -0.086 0.864 0.0 0.386 -0.324 0.944 0.0 0.307 -0.12 -0.705 -0.0 -0.68 0.202 -1.0 -0.0 0.024 -0.001 0.682 0.0 -0.723 0.114 0.995 0.0 0.076 0.058 
-0.687 0.052 -0.077 -0.721 -0.86 0.0 0.374 -0.347 -0.951 -0.0 0.296 -0.087 0.861 0.0 0.386 -0.33 0.944 0.0 0.305 -0.122 -0.706 -0.0 -0.68 0.201 -1.0 -0.0 0.024 -0.001 0.682 0.0 -0.722 0.114 0.996 0.0 0.075 0.056 
-0.687 0.052 -0.076 -0.721 -0.856 -0.0 0.374 -0.356 -0.952 -0.0 0.294 -0.087 0.858 0.0 0.386 -0.337 0.945 0.0 0.304 -0.124 -0.706 -0.0 -0.68 0.2 -1.0 -0.0 0.024 -0.001 0.682 0.0 -0.723 0.112 0.995 -0.0 0.077 0.059 
-0.688 0.052 -0.076 -0.72 -0.853 -0.0 0.374 -0.364 -0.953 0.0 0.29 -0.088 0.856 0.0 0.386 -0.344 0.945 0.0 0.302 -0.126 -0.705 -0.0 -0.68 0.199 -1.0 -0.0 0.024 -0.0 0.681 0.0 -0.723 0.112 0.995 0.0 0.078 0.058 
-0.688 0.052 -0.076 -0.719 -0.849 -0.0 0.37 -0.377 -0.953 0.0 0.289 -0.088 0.853 0.0 0.385 -0.352 0.945 0.0 0.3 -0.129 -0.706 -0.0 -0.68 0.198 -1.0 0.0 0.024 0.001 0.682 0.0 -0.723 0.113 0.995 0.0 0.076 0.06 
-0.689 0.052 -0.076 -0.719 -0.845 -0.0 0.373 -0.384 -0.954 -0.0 0.288 -0.087 0.851 0.0 0.384 -0.358 0.945 -0.0 0.298 -0.131 -0.706 -0.0 -0.68 0.196 -1.0 -0.0 0.023 0.002 0.682 0.0 -0.723 0.112 0.995 -0.0 0.076 0.059 
-0.689 0.052 -0.076 -0.719 -0.841 -0.0 0.371 -0.394 -0.955 0.0 0.284 -0.088 0.848 0.0 0.384 -0.365 0.946 0.0 0.296 -0.133 -0.706 -0.0 -0.681 0.197 -1.0 -0.0 0.023 0.001 0.682 0.0 -0.723 0.111 0.995 -0.0 0.077 0.059 
-0.689 0.052 -0.076 -0.719 -0.838 0.0 0.371 -0.401 -0.955 -0.0 0.282 -0.088 0.846 -0.0 0.382 -0.372 0.946 0.0 0.294 -0.135 -0.706 -0.0 -0.681 0.195 -1.0 -0.0 0.023 0.002 0.682 -0.0 -0.723 0.111 0.995 0.0 0.076 0.059 
-0.689 0.052 -0.076 -0.719 -0.834 0.0 0.369 -0.41 -0.956 -0.0 0.277 -0.091 0.843 0.0 0.381 -0.379 0.947 0.0 0.29 -0.137 -0.706 -0.0 -0.681 0.196 -1.0 0.0 0.023 0.001 0.682 0.0 -0.723 0.111 0.995 -0.0 0.076 0.06 
-0.689 0.052 -0.076 -0.719 -0.831 -0.0 0.367 -0.418 -0.956 -0.0 0.278 -0.092 0.841 0.0 0.379 -0.386 0.948 0.0 0.288 -0.138 -0.706 -0.0 -0.681 0.196 -1.0 0.0 0.024 0.001 0.682 0.0 -0.723 0.111 0.995 0.0 0.076 0.059 
-0.69 0.052 -0.075 -0.718 -0.828 0.0 0.364 -0.426 -0.957 -0.0 0.274 -0.093 0.838 0.0 0.378 -0.392 0.948 0.0 0.284 -0.141 -0.705 -0.0 -0.682 0.195 -1.0 -0.0 0.024 0.002 0.682 0.0 -0.723 0.111 0.995 -0.0 0.076 0.059 
-0.69 0.052 -0.075 -0.718 -0.825 -0.0 0.362 -0.434 -0.957 -0.0 0.274 -0.094 0.836 0.0 0.376 -0.399 0.949 0.0 0.282 -0.143 -0.705 -0.0 -0.682 0.194 -1.0 -0.0 0.024 0.001 0.683 0.0 -0.722 0.11 0.995 -0.0 0.076 0.059 
-0.69 0.052 -0.075 -0.718 -0.822 -0.0 0.359 -0.441 -0.958 -0.0 0.27 -0.097 0.834 0.0 0.375 -0.404 0.949 0.0 0.279 -0.145 -0.705 -0.0 -0.682 0.193 -1.0 -0.0 0.024 0.002 0.683 0.0 -0.722 0.111 0.996 0.0 0.074 0.058 
-0.69 0.051 -0.075 -0.718 -0.82 -0.0 0.356 -0.447 -0.959 0.0 0.267 -0.1 0.832 0.0 0.374 -0.41 0.95 0.0 0.275 -0.147 -0.705 -0.0 -0.682 0.193 -1.0 0.0 0.024 0.001 0.682 0.0 -0.723 0.108 0.995 0.0 0.076 0.061 
-0.69 0.051 -0.074 -0.718 -0.818 -0.0 0.353 -0.454 -0.958 -0.0 0.267 -0.101 0.83 0.0 0.372 -0.415 0.95 0.0 0.273 -0.15 -0.705 -0.0 -0.682 0.192 -1.0 -0.0 0.024 0.001 0.682 -0.0 -0.723 0.107 0.995 0.0 0.076 0.059 
-0.69 0.051 -0.074 -0.718 -0.815 -0.0 0.347 -0.464 -0.958 0.0 0.267 -0.103 0.829 0.0 0.37 -0.42 0.951 -0.0 0.27 -0.152 -0.705 0.0 -0.683 0.191 -1.0 -0.0 0.024 0.002 0.683 0.0 -0.723 0.109 0.995 0.0 0.076 0.058 
-0.691 0.051 -0.074 -0.717 -0.813 -0.0 0.344 -0.47 -0.959 -0.0 0.264 -0.105 0.828 0.0 0.368 -0.423 0.951 0.0 0.269 -0.155 -0.706 -0.0 -0.683 0.188 -1.0 -0.0 0.024 0.004 0.682 0.0 -0.724 0.103 0.995 0.0 0.078 0.064 
-0.691 0.05 -0.073 -0.717 -0.811 -0.0 0.34 -0.476 -0.959 -0.0 0.263 -0.107 0.826 0.0 0.366 -0.428 0.951 -0.0 0.266 -0.157 -0.705 -0.0 -0.684 0.186 -1.0 -0.0 0.024 0.004 0.683 0.0 -0.724 0.103 0.995 0.0 0.076 0.063 
-0.691 0.05 -0.073 -0.717 -0.809 -0.0 0.337 -0.481 -0.959 -0.0 0.261 -0.109 0.825 0.0 0.365 -0.431 0.952 0.0 0.262 -0.16 -0.706 0.0 -0.684 0.185 -1.0 -0.0 0.023 0.004 0.682 0.0 -0.724 0.102 0.995 0.0 0.076 0.063 
-0.691 0.05 -0.072 -0.717 -0.807 -0.0 0.333 -0.487 -0.959 -0.0 0.26 -0.111 0.824 0.0 0.363 -0.435 0.952 0.0 0.26 -0.162 -0.705 -0.0 -0.685 0.184 -1.0 -0.0 0.024 0.004 0.682 0.0 -0.725 0.098 0.995 0.0 0.078 0.065 
-0.691 0.049 -0.072 -0.717 -0.806 -0.0 0.329 -0.492 -0.96 -0.0 0.257 -0.114 0.823 0.0 0.36 -0.438 0.952 0.0 0.258 -0.164 -0.706 -0.0 -0.685 0.182 -1.0 0.0 0.022 0.004 0.683 0.0 -0.724 0.1 0.995 0.0 0.076 0.061 
-0.692 0.049 -0.071 -0.717 -0.805 -0.0 0.325 -0.496 -0.96 -0.0 0.256 -0.116 0.823 -0.0 0.358 -0.442 0.952 0.0 0.256 -0.165 -0.706 -0.0 -0.685 0.18 -1.0 -0.0 0.022 0.005 0.682 0.0 -0.725 0.097 0.995 0.0 0.077 0.063 
-0.692 0.048 -0.07 -0.717 -0.803 -0.0 0.322 -0.501 -0.96 -0.0 0.254 -0.116 0.822 0.0 0.356 -0.445 0.953 0.0 0.253 -0.166 -0.706 0.0 -0.686 0.178 -1.0 -0.0 0.022 0.005 0.682 0.0 -0.725 0.095 0.995 -0.0 0.076 0.065 
-0.692 0.048 -0.07 -0.717 -0.803 -0.0 0.318 -0.505 -0.96 -0.0 0.253 -0.119 0.821 0.0 0.352 -0.45 0.953 0.0 0.251 -0.167 -0.705 0.0 -0.686 0.177 -1.0 -0.0 0.022 0.005 0.682 0.0 -0.725 0.094 0.995 -0.0 0.077 0.063 
-0.691 0.047 -0.069 -0.718 -0.802 0.0 0.313 -0.508 -0.96 -0.0 0.252 -0.121 0.82 0.0 0.349 -0.454 0.954 0.0 0.248 -0.169 -0.705 -0.0 -0.687 0.176 -1.0 -0.0 0.023 0.004 0.683 0.0 -0.725 0.094 0.995 0.0 0.077 0.061 
-0.692 0.047 -0.069 -0.717 -0.802 0.0 0.307 -0.513 -0.96 -0.0 0.252 -0.122 0.82 0.0 0.346 -0.457 0.954 0.0 0.246 -0.17 -0.705 -0.0 -0.687 0.174 -1.0 -0.0 0.022 0.005 0.682 -0.0 -0.725 0.091 0.995 0.0 0.077 0.062 
-0.692 0.046 -0.068 -0.717 -0.801 -0.0 0.303 -0.517 -0.961 -0.0 0.25 -0.122 0.819 0.0 0.343 -0.46 0.955 0.0 0.243 -0.17 -0.705 -0.0 -0.688 0.173 -1.0 -0.0 0.023 0.005 0.682 0.0 -0.725 0.09 0.995 0.0 0.077 0.064 
-0.692 0.046 -0.068 -0.717 -0.8 0.0 0.297 -0.521 -0.961 -0.0 0.249 -0.123 0.819 0.0 0.339 -0.463 0.955 0.0 0.241 -0.171 -0.705 -0.0 -0.688 0.171 -1.0 -0.0 0.022 0.005 0.683 0.0 -0.725 0.09 0.995 -0.0 0.076 0.063 
-0.692 0.045 -0.067 -0.717 -0.8 -0.0 0.293 -0.523 -0.961 -0.0 0.245 -0.125 0.819 0.0 0.336 -0.465 0.956 0.0 0.239 -0.172 -0.705 -0.0 -0.689 0.169 -1.0 -0.0 0.022 0.005 0.682 0.0 -0.726 0.087 0.995 0.0 0.078 0.062 
-0.693 0.045 -0.067 -0.717 -0.8 -0.0 0.287 -0.527 -0.962 0.0 0.244 -0.126 0.82 0.0 0.331 -0.468 0.956 0.0 0.237 -0.173 -0.706 -0.0 -0.688 0.168 -1.0 -0.0 0.021 0.006 0.684 0.0 -0.724 0.089 0.995 -0.0 0.076 0.06 
-0.692 0.045 -0.066 -0.717 -0.801 -0.0 0.283 -0.528 -0.962 -0.0 0.241 -0.127 0.819 -0.0 0.328 -0.471 0.956 0.0 0.235 -0.173 -0.705 -0.0 -0.689 0.167 -1.0 0.0 0.021 0.006 0.683 0.0 -0.726 0.085 0.995 0.0 0.078 0.062 
-0.692 0.044 -0.066 -0.718 -0.801 -0.0 0.277 -0.53 -0.962 0.0 0.242 -0.128 0.819 -0.0 0.323 -0.473 0.957 -0.0 0.233 -0.174 -0.706 -0.0 -0.689 0.166 -1.0 -0.0 0.02 0.005 0.683 0.0 -0.726 0.083 0.995 -0.0 0.077 0.064 
-0.691 0.044 -0.066 -0.718 -0.802 -0.0 0.273 -0.532 -0.962 -0.0 0.238 -0.13 0.82 0.0 0.319 -0.476 0.957 0.0 0.231 -0.174 -0.705 -0.0 -0.689 0.166 -1.0 -0.0 0.02 0.004 0.683 0.0 -0.726 0.082 0.995 0.0 0.076 0.064 
-0.691 0.043 -0.065 -0.718 -0.802 -0.0 0.267 -0.534 -0.962 -0.0 0.239 -0.13 0.82 0.0 0.315 -0.478 0.958 0.0 0.229 -0.174 -0.705 -0.0 -0.69 0.165 -1.0 0.0 0.02 0.005 0.683 -0.0 -0.726 0.082 0.995 0.0 0.077 0.061 
-0.691 0.043 -0.065 -0.719 -0.803 -0.0 0.262 -0.535 -0.962 0.0 0.238 -0.131 0.821 0.0 0.311 -0.479 0.958 0.0 0.227 -0.174 -0.705 -0.0 -0.69 0.164 -1.0 0.0 0.02 0.005 0.683 0.0 -0.726 0.079 0.995 0.0 0.078 0.063 
-0.691 0.042 -0.064 -0.719 -0.805 -0.0 0.257 -0.535 -0.963 -0.0 0.234 -0.133 0.822 0.0 0.307 -0.481 0.958 0.0 0.226 -0.176 -0.705 0.0 -0.69 0.162 -1.0 -0.0 0.019 0.005 0.683 0.0 -0.726 0.076 0.995 0.0 0.077 0.064 
-0.691 0.042 -0.064 -0.719 -0.805 -0.0 0.252 -0.537 -0.963 -0.0 0.233 -0.133 0.822 0.0 0.303 -0.482 0.959 0.0 0.223 -0.176 -0.705 -0.0 -0.69 0.161 -1.0 -0.0 0.02 0.004 0.683 -0.0 -0.727 0.075 0.995 0.0 0.076 0.066 
-0.691 0.041 -0.063 -0.719 -0.807 -0.0 0.247 -0.536 -0.963 -0.0 0.233 -0.134 0.824 0.0 0.303 -0.479 0.959 0.0 0.22 -0.178 -0.705 -0.0 -0.691 0.159 -1.0 -0.0 0.02 0.004 0.683 0.0 -0.727 0.072 0.995 -0.0 0.077 0.065 
-0.691 0.04 -0.062 -0.719 -0.809 0.0 0.242 -0.536 -0.963 -0.0 0.234 -0.135 0.825 -0.0 0.296 -0.48 0.959 0.0 0.223 -0.178 -0.706 -0.0 -0.691 0.157 -1.0 -0.0 0.019 0.005 0.683 0.0 -0.727 0.071 0.995 0.0 0.077 0.065 
-0.69 0.04 -0.061 -0.72 -0.811 -0.0 0.237 -0.535 -0.963 -0.0 0.233 -0.137 0.827 0.0 0.292 -0.481 0.959 0.0 0.222 -0.178 -0.705 0.0 -0.692 0.156 -1.0 0.0 0.019 0.005 0.684 0.0 -0.726 0.07 0.995 0.0 0.075 0.064 
-0.69 0.04 -0.061 -0.72 -0.812 0.0 0.232 -0.535 -0.963 -0.0 0.231 -0.138 0.828 0.0 0.288 -0.48 0.959 0.0 0.218 -0.179 -0.705 -0.0 -0.692 0.155 -1.0 -0.0 0.019 0.005 0.683 0.0 -0.727 0.067 0.995 0.0 0.075 0.067 
-0.69 0.039 -0.061 -0.72 -0.815 -0.0 0.227 -0.534 -0.963 -0.0 0.23 -0.14 0.831 0.0 0.282 -0.48 0.959 0.0 0.22 -0.18 -0.705 -0.0 -0.692 0.153 -1.0 -0.0 0.019 0.005 0.683 0.0 -0.727 0.065 0.995 0.0 0.075 0.068 
-0.69 0.039 -0.06 -0.72 -0.817 -0.0 0.221 -0.533 -0.963 -0.0 0.23 -0.141 0.832 0.0 0.279 -0.479 0.959 0.0 0.217 -0.181 -0.705 -0.0 -0.693 0.152 -1.0 0.0 0.019 0.006 0.684 0.0 -0.727 0.064 0.995 0.0 0.076 0.067 
-0.69 0.038 -0.06 -0.72 -0.819 -0.0 0.216 -0.531 -0.962 -0.0 0.232 -0.142 0.834 0.0 0.274 -0.479 0.959 0.0 0.216 -0.181 -0.705 0.0 -0.693 0.151 -1.0 -0.0 0.019 0.006 0.684 0.0 -0.727 0.062 0.995 0.0 0.076 0.068 
-0.69 0.038 -0.059 -0.72 -0.821 -0.0 0.211 -0.53 -0.962 0.0 0.232 -0.143 0.836 0.0 0.269 -0.478 0.96 -0.0 0.215 -0.182 -0.705 -0.0 -0.693 0.149 -1.0 -0.0 0.019 0.006 0.684 0.0 -0.727 0.061 0.995 0.0 0.075 0.068 
-0.69 0.038 -0.059 -0.721 -0.824 -0.0 0.206 -0.528 -0.962 -0.0 0.232 -0.144 0.838 -0.0 0.264 -0.477 0.96 0.0 0.214 -0.181 -0.705 -0.0 -0.693 0.148 -1.0 0.0 0.019 0.006 0.684 0.0 -0.727 0.06 0.995 0.0 0.074 0.069 
-0.69 0.037 -0.058 -0.721 -0.825 -0.0 0.202 -0.527 -0.962 -0.0 0.231 -0.143 0.84 0.0 0.26 -0.476 0.96 -0.0 0.214 -0.181 -0.705 -0.0 -0.693 0.147 -1.0 -0.0 0.019 0.006 0.684 0.0 -0.727 0.058 0.995 0.0 0.075 0.069 
-0.69 0.037 -0.058 -0.721 -0.828 0.0 0.197 -0.524 -0.962 -0.0 0.23 -0.144 0.843 0.0 0.255 -0.474 0.96 0.0 0.214 -0.182 -0.706 -0.0 -0.694 0.146 -1.0 -0.0 0.018 0.007 0.684 0.0 -0.727 0.056 0.995 0.0 0.073 0.068 
-0.69 0.036 -0.058 -0.721 -0.832 -0.0 0.193 -0.521 -0.962 -0.0 0.232 -0.146 0.845 0.0 0.248 -0.473 0.959 -0.0 0.217 -0.181 -0.706 -0.0 -0.694 0.145 -1.0 -0.0 0.018 0.007 0.684 0.0 -0.727 0.058 0.995 0.0 0.074 0.066 
-0.689 0.036 -0.057 -0.721 -0.835 -0.0 0.189 -0.518 -0.962 -0.0 0.232 -0.146 0.848 -0.0 0.245 -0.471 0.96 0.0 0.214 -0.18 -0.706 -0.0 -0.694 0.144 -1.0 -0.0 0.018 0.007 0.685 0.0 -0.727 0.056 0.995 -0.0 0.073 0.067 
-0.689 0.036 -0.057 -0.721 -0.837 0.0 0.184 -0.515 -0.962 -0.0 0.233 -0.145 0.85 0.0 0.239 -0.469 0.96 0.0 0.213 -0.18 -0.706 -0.0 -0.694 0.143 -1.0 -0.0 0.018 0.007 0.685 -0.0 -0.727 0.056 0.995 0.0 0.073 0.066 
-0.689 0.035 -0.057 -0.721 -0.84 0.0 0.179 -0.512 -0.962 -0.0 0.232 -0.145 0.852 0.0 0.235 -0.467 0.961 0.0 0.213 -0.178 -0.706 -0.0 -0.694 0.142 -1.0 0.0 0.018 0.007 0.685 0.0 -0.727 0.055 0.995 0.0 0.072 0.066 
-0.689 0.035 -0.057 -0.722 -0.843 -0.0 0.174 -0.509 -0.962 -0.0 0.232 -0.144 0.855 0.0 0.23 -0.465 0.961 0.0 0.21 -0.177 -0.706 -0.0 -0.694 0.142 -1.0 -0.0 0.017 0.006 0.685 -0.0 -0.727 0.055 0.995 0.0 0.072 0.066 
-0.689 0.035 -0.057 -0.722 -0.846 0.0 0.169 -0.506 -0.963 -0.0 0.229 -0.143 0.857 0.0 0.225 -0.463 0.961 0.0 0.212 -0.177 -0.706 -0.0 -0.694 0.142 -1.0 -0.0 0.017 0.006 0.685 0.0 -0.727 0.054 0.995 0.0 0.072 0.065 
-0.689 0.035 -0.056 -0.722 -0.849 -0.0 0.165 -0.503 -0.963 -0.0 0.23 -0.141 0.86 -0.0 0.219 -0.46 0.961 0.0 0.214 -0.177 -0.706 -0.0 -0.694 0.141 -1.0 0.0 0.017 0.006 0.685 0.0 -0.727 0.054 0.995 0.0 0.071 0.065 
-0.688 0.034 -0.056 -0.723 -0.851 -0.0 0.16 -0.499 -0.964 -0.0 0.228 -0.139 0.863 -0.0 0.214 -0.458 0.961 0.0 0.214 -0.176 -0.706 -0.0 -0.694 0.141 -1.0 -0.0 0.017 0.006 0.685 0.0 -0.727 0.053 0.995 0.0 0.071 0.065 
-0.688 0.034 -0.056 -0.722 -0.855 -0.0 0.156 -0.494 -0.964 -0.0 0.228 -0.14 0.866 0.0 0.209 -0.454 0.961 0.0 0.214 -0.173 -0.706 -0.0 -0.694 0.14 -1.0 -0.0 0.017 0.006 0.685 0.0 -0.727 0.052 0.995 0.0 0.07 0.065 
-0.688 0.034 -0.056 -0.722 -0.858 -0.0 0.152 -0.491 -0.963 -0.0 0.23 -0.138 0.869 -0.0 0.204 -0.451 0.961 0.0 0.214 -0.174 -0.706 -0.0 -0.694 0.139 -1.0 -0.0 0.017 0.007 0.685 0.0 -0.727 0.052 0.995 0.0 0.07 0.065 
-0.688 0.033 -0.055 -0.723 -0.861 -0.0 0.149 -0.486 -0.964 -0.0 0.23 -0.136 0.872 0.0 0.201 -0.446 0.962 -0.0 0.214 -0.173 -0.706 -0.0 -0.694 0.138 -1.0 -0.0 0.017 0.007 0.685 0.0 -0.727 0.051 0.995 0.0 0.07 0.065 
-0.688 0.033 -0.055 -0.723 -0.864 -0.0 0.145 -0.482 -0.964 -0.0 0.229 -0.134 0.875 0.0 0.196 -0.443 0.962 -0.0 0.212 -0.171 -0.707 -0.0 -0.694 0.137 -1.0 -0.0 0.017 0.006 0.685 0.0 -0.727 0.05 0.995 0.0 0.069 0.064 
-0.688 0.033 -0.055 -0.723 -0.867 -0.0 0.141 -0.478 -0.965 0.0 0.225 -0.132 0.877 0.0 0.192 -0.44 0.963 0.0 0.212 -0.168 -0.707 -0.0 -0.694 0.137 -1.0 -0.0 0.017 0.006 0.685 0.0 -0.727 0.05 0.996 0.0 0.069 0.065 
-0.688 0.032 -0.055 -0.723 -0.87 0.0 0.139 -0.473 -0.965 -0.0 0.226 -0.13 0.88 0.0 0.188 -0.436 0.963 -0.0 0.21 -0.166 -0.707 0.0 -0.694 0.136 -1.0 0.0 0.018 0.006 0.685 0.0 -0.727 0.049 0.996 -0.0 0.069 0.065 
-0.688 0.032 -0.055 -0.723 -0.873 -0.0 0.136 -0.469 -0.966 0.0 0.224 -0.127 0.883 -0.0 0.184 -0.432 0.964 0.0 0.209 -0.162 -0.707 -0.0 -0.694 0.137 -1.0 -0.0 0.017 0.006 0.685 0.0 -0.726 0.048 0.996 0.0 0.068 0.065 
-0.688 0.032 -0.055 -0.723 -0.875 -0.0 0.133 -0.465 -0.967 -0.0 0.222 -0.124 0.886 -0.0 0.18 -0.427 0.964 0.0 0.21 -0.161 -0.707 -0.0 -0.694 0.137 -1.0 -0.0 0.018 0.005 0.685 0.0 -0.727 0.046 0.995 0.0 0.069 0.067 
-0.688 0.032 -0.055 -0.723 -0.879 -0.0 0.13 -0.459 -0.968 -0.0 0.218 -0.123 0.889 0.0 0.176 -0.424 0.965 0.0 0.209 -0.159 -0.707 0.0 -0.694 0.137 -1.0 0.0 0.018 0.005 0.685 0.0 -0.727 0.046 0.995 0.0 0.069 0.067 
-0.688 0.032 -0.055 -0.723 -0.882 0.0 0.127 -0.455 -0.969 0.0 0.217 -0.12 0.891 -0.0 0.17 -0.421 0.965 -0.0 0.209 -0.156 -0.707 -0.0 -0.694 0.137 -1.0 0.0 0.018 0.005 0.685 0.0 -0.727 0.047 0.995 0.0 0.069 0.067 
-0.688 0.032 -0.055 -0.723 -0.885 -0.0 0.123 -0.449 -0.969 0.0 0.217 -0.119 0.894 0.0 0.166 -0.417 0.966 -0.0 0.208 -0.155 -0.707 0.0 -0.694 0.137 -1.0 -0.0 0.018 0.005 0.686 0.0 -0.726 0.048 0.996 0.0 0.067 0.065 
-0.688 0.032 -0.055 -0.723 -0.888 -0.0 0.12 -0.443 -0.969 -0.0 0.216 -0.118 0.897 0.0 0.163 -0.412 0.966 0.0 0.208 -0.151 -0.707 -0.0 -0.694 0.137 -1.0 -0.0 0.018 0.004 0.686 0.0 -0.726 0.047 0.996 0.0 0.066 0.066 
-0.688 0.032 -0.054 -0.723 -0.891 -0.0 0.117 -0.438 -0.969 -0.0 0.22 -0.115 0.9 0.0 0.161 -0.405 0.967 -0.0 0.206 -0.152 -0.707 -0.0 -0.694 0.137 -1.0 -0.0 0.018 0.004 0.686 0.0 -0.726 0.047 0.996 0.0 0.066 0.066 
-0.688 0.032 -0.054 -0.723 -0.894 -0.0 0.113 -0.433 -0.969 0.0 0.217 -0.114 0.903 0.0 0.158 -0.4 0.968 0.0 0.205 -0.148 -0.707 0.0 -0.694 0.137 -1.0 -0.0 0.018 0.004 0.686 0.0 -0.726 0.047 0.996 0.0 0.066 0.066 
-0.688 0.032 -0.054 -0.723 -0.898 -0.0 0.11 -0.427 -0.97 -0.0 0.217 -0.113 0.907 0.0 0.158 -0.391 0.968 -0.0 0.199 -0.152 -0.707 -0.0 -0.694 0.137 -1.0 -0.0 0.018 0.003 0.686 0.0 -0.726 0.047 0.996 -0.0 0.065 0.066 
-0.688 0.032 -0.054 -0.723 -0.901 -0.0 0.108 -0.42 -0.969 -0.0 0.219 -0.111 0.91 0.0 0.156 -0.385 0.968 0.0 0.197 -0.153 -0.707 0.0 -0.694 0.137 -1.0 -0.0 0.018 0.004 0.687 0.0 -0.726 0.046 0.996 -0.0 0.065 0.067 
-0.688 0.032 -0.055 -0.723 -0.904 -0.0 0.105 -0.415 -0.97 -0.0 0.217 -0.11 0.912 0.0 0.152 -0.381 0.969 0.0 0.196 -0.151 -0.707 -0.0 -0.694 0.138 -1.0 -0.0 0.018 0.003 0.687 0.0 -0.725 0.047 0.996 0.0 0.064 0.067 
-0.689 0.032 -0.055 -0.722 -0.907 -0.0 0.102 -0.409 -0.97 -0.0 0.219 -0.108 0.914 0.0 0.151 -0.376 0.97 0.0 0.194 -0.148 -0.707 0.0 -0.694 0.138 -1.0 -0.0 0.017 0.003 0.687 0.0 -0.726 0.047 0.996 0.0 0.064 0.066 
-0.689 0.032 -0.054 -0.722 -0.91 0.0 0.1 -0.403 -0.97 0.0 0.217 -0.107 0.917 0.0 0.151 -0.37 0.97 0.0 0.192 -0.146 -0.707 -0.0 -0.694 0.138 -1.0 -0.0 0.017 0.002 0.687 0.0 -0.725 0.048 0.996 0.0 0.064 0.066 
-0.689 0.032 -0.054 -0.722 -0.913 0.0 0.097 -0.397 -0.97 -0.0 0.219 -0.105 0.919 0.0 0.149 -0.364 0.971 0.0 0.193 -0.143 -0.707 -0.0 -0.694 0.138 -1.0 -0.0 0.018 0.002 0.687 0.0 -0.725 0.048 0.996 -0.0 0.064 0.066 
-0.689 0.032 -0.054 -0.722 -0.916 -0.0 0.095 -0.391 -0.97 -0.0 0.218 -0.103 0.922 0.0 0.15 -0.356 0.971 0.0 0.192 -0.142 -0.707 -0.0 -0.694 0.137 -1.0 -0.0 0.017 0.002 0.686 0.0 -0.726 0.046 0.996 0.0 0.065 0.068 
-0.689 0.032 -0.054 -0.722 -0.919 -0.0 0.092 -0.384 -0.97 -0.0 0.219 -0.102 0.925 0.0 0.147 -0.351 0.971 0.0 0.193 -0.14 -0.707 0.0 -0.694 0.138 -1.0 0.0 0.017 0.002 0.686 -0.0 -0.726 0.048 0.996 -0.0 0.064 0.066 
-0.689 0.032 -0.054 -0.722 -0.922 -0.0 0.09 -0.378 -0.97 -0.0 0.22 -0.1 0.927 -0.0 0.148 -0.344 0.971 -0.0 0.192 -0.139 -0.707 0.0 -0.693 0.138 -1.0 -0.0 0.017 0.002 0.686 0.0 -0.726 0.049 0.996 0.0 0.064 0.065 
-0.689 0.032 -0.054 -0.722 -0.924 -0.0 0.087 -0.372 -0.97 -0.0 0.225 -0.096 0.93 -0.0 0.147 -0.337 0.972 0.0 0.194 -0.137 -0.707 -0.0 -0.693 0.138 -1.0 -0.0 0.017 0.002 0.686 0.0 -0.726 0.049 0.996 0.0 0.064 0.065 
-0.689 0.032 -0.055 -0.722 -0.927 -0.0 0.086 -0.365 -0.971 -0.0 0.221 -0.096 0.932 -0.0 0.144 -0.332 0.971 0.0 0.196 -0.135 -0.707 -0.0 -0.693 0.139 -1.0 0.0 0.017 0.002 0.686 0.0 -0.725 0.049 0.996 0.0 0.064 0.065 
-0.689 0.032 -0.055 -0.722 -0.93 -0.0 0.084 -0.358 -0.971 -0.0 0.221 -0.095 0.934 -0.0 0.143 -0.326 0.971 0.0 0.198 -0.133 -0.707 -0.0 -0.693 0.139 -1.0 -0.0 0.017 0.002 0.686 0.0 -0.726 0.048 0.996 -0.0 0.065 0.068 
-0.689 0.033 -0.055 -0.722 -0.932 -0.0 0.082 -0.353 -0.97 -0.0 0.223 -0.092 0.937 0.0 0.142 -0.32 0.971 -0.0 0.2 -0.132 -0.707 -0.0 -0.693 0.14 -1.0 -0.0 0.017 0.001 0.686 0.0 -0.726 0.048 0.996 0.0 0.066 0.068 
-0.689 0.033 -0.055 -0.722 -0.935 -0.0 0.08 -0.346 -0.97 -0.0 0.225 -0.089 0.939 0.0 0.141 -0.314 0.971 0.0 0.203 -0.13 -0.707 -0.0 -0.693 0.14 -1.0 -0.0 0.017 0.002 0.686 0.0 -0.725 0.05 0.996 0.0 0.065 0.066 
-0.689 0.033 -0.055 -0.722 -0.937 0.0 0.078 -0.34 -0.97 -0.0 0.229 -0.086 0.941 0.0 0.14 -0.308 0.97 0.0 0.205 -0.129 -0.707 -0.0 -0.693 0.141 -1.0 -0.0 0.017 0.001 0.686 0.0 -0.725 0.051 0.996 0.0 0.065 0.066 
-0.689 0.033 -0.055 -0.722 -0.94 0.0 0.077 -0.332 -0.97 -0.0 0.227 -0.087 0.943 0.0 0.139 -0.302 0.97 0.0 0.208 -0.129 -0.707 -0.0 -0.693 0.142 -1.0 -0.0 0.017 0.001 0.686 0.0 -0.726 0.051 0.996 0.0 0.065 0.066 
-0.69 0.033 -0.056 -0.721 -0.943 -0.0 0.076 -0.325 -0.97 -0.0 0.228 -0.086 0.945 -0.0 0.139 -0.295 0.969 0.0 0.21 -0.128 -0.707 -0.0 -0.693 0.142 -1.0 -0.0 0.017 0.001 0.686 0.0 -0.726 0.052 0.996 0.0 0.065 0.066 
-0.689 0.033 -0.056 -0.721 -0.944 0.0 0.076 -0.32 -0.97 -0.0 0.231 -0.081 0.947 -0.0 0.14 -0.288 0.969 -0.0 0.212 -0.127 -0.707 -0.0 -0.693 0.143 -1.0 0.0 0.017 0.001 0.686 -0.0 -0.725 0.052 0.996 -0.0 0.065 0.066 
-0.689 0.033 -0.056 -0.722 -0.947 -0.0 0.075 -0.313 -0.97 0.0 0.23 -0.081 0.949 0.0 0.14 -0.283 0.969 0.0 0.214 -0.126 -0.707 -0.0 -0.693 0.144 -1.0 0.0 0.017 0.0 0.686 0.0 -0.726 0.052 0.996 0.0 0.066 0.066 
-0.689 0.033 -0.056 -0.722 -0.949 -0.0 0.075 -0.306 -0.97 -0.0 0.23 -0.08 0.951 -0.0 0.14 -0.276 0.968 0.0 0.216 -0.124 -0.707 0.0 -0.692 0.144 -1.0 -0.0 0.017 -0.0 0.686 0.0 -0.726 0.053 0.996 0.0 0.066 0.066 
-0.689 0.034 -0.056 -0.722 -0.951 0.0 0.075 -0.299 -0.97 -0.0 0.232 -0.078 0.952 0.0 0.142 -0.27 0.969 0.0 0.217 -0.123 -0.707 -0.0 -0.692 0.145 -1.0 -0.0 0.017 -0.0 0.686 0.0 -0.726 0.053 0.996 0.0 0.066 0.066 
-0.689 0.034 -0.056 -0.722 -0.953 0.0 0.075 -0.292 -0.969 -0.0 0.235 -0.075 0.954 0.0 0.143 -0.262 0.968 0.0 0.217 -0.126 -0.707 -0.0 -0.692 0.146 -1.0 0.0 0.017 -0.001 0.686 0.0 -0.726 0.053 0.996 0.0 0.066 0.066 
-0.689 0.034 -0.057 -0.722 -0.956 -0.0 0.075 -0.284 -0.969 -0.0 0.237 -0.075 0.955 0.0 0.146 -0.257 0.968 0.0 0.217 -0.124 -0.707 0.0 -0.692 0.148 -1.0 -0.0 0.017 -0.002 0.686 0.0 -0.726 0.054 0.996 0.0 0.067 0.066 
