# T   LUA LFA RUA RFA LT  LS  RT  RS  
-0.691 0.042 -0.063 -0.719 -0.849 -0.0 0.114 -0.516 -0.962 -0.0 0.229 -0.148 0.857 -0.0 0.15 -0.493 0.959 0.0 0.214 -0.186 -0.706 -0.0 -0.692 0.151 -1.0 0.0 0.013 0.001 0.692 0.0 -0.719 0.064 0.996 0.0 0.059 0.063 
-0.691 0.042 -0.062 -0.718 -0.851 -0.0 0.111 -0.513 -0.962 -0.0 0.229 -0.147 0.859 0.0 0.147 -0.49 0.959 0.0 0.213 -0.185 -0.706 0.0 -0.692 0.151 -1.0 -0.0 0.013 0.001 0.692 0.0 -0.719 0.06 0.996 -0.0 0.058 0.068 
-0.692 0.042 -0.062 -0.718 -0.853 -0.0 0.108 -0.51 -0.962 -0.0 0.229 -0.145 0.861 0.0 0.144 -0.487 0.96 0.0 0.212 -0.184 -0.706 -0.0 -0.692 0.15 -1.0 -0.0 0.013 0.001 0.692 0.0 -0.719 0.064 0.996 0.0 0.058 0.064 
-0.692 0.042 -0.062 -0.718 -0.856 -0.0 0.106 -0.507 -0.963 -0.0 0.227 -0.144 0.864 0.0 0.141 -0.483 0.96 -0.0 0.211 -0.183 -0.706 -0.0 -0.692 0.15 -1.0 0.0 0.013 0.001 0.692 0.0 -0.72 0.059 0.996 -0.0 0.058 0.068 
-0.692 0.042 -0.062 -0.718 -0.858 -0.0 0.104 -0.503 -0.963 -0.0 0.228 -0.143 0.866 0.0 0.139 -0.48 0.96 0.0 0.211 -0.182 -0.706 -0.0 -0.692 0.149 -1.0 -0.0 0.013 0.001 0.69 0.0 -0.722 0.056 0.995 0.0 0.062 0.072 
-0.692 0.042 -0.062 -0.718 -0.861 -0.0 0.102 -0.499 -0.963 -0.0 0.228 -0.143 0.869 -0.0 0.136 -0.476 0.961 0.0 0.21 -0.181 -0.706 -0.0 -0.692 0.149 -1.0 -0.0 0.013 0.001 0.69 0.0 -0.722 0.056 0.995 -0.0 0.062 0.072 
-0.692 0.041 -0.061 -0.718 -0.864 -0.0 0.1 -0.494 -0.964 -0.0 0.227 -0.142 0.871 -0.0 0.134 -0.472 0.961 0.0 0.209 -0.179 -0.706 -0.0 -0.692 0.148 -1.0 0.0 0.013 0.001 0.69 0.0 -0.722 0.055 0.995 0.0 0.062 0.072 
-0.692 0.041 -0.061 -0.718 -0.866 -0.0 0.098 -0.491 -0.964 -0.0 0.227 -0.14 0.873 0.0 0.132 -0.469 0.962 -0.0 0.209 -0.178 -0.706 -0.0 -0.692 0.148 -1.0 -0.0 0.013 0.001 0.69 0.0 -0.722 0.055 0.995 0.0 0.062 0.072 
-0.692 0.041 -0.061 -0.718 -0.868 0.0 0.096 -0.486 -0.964 -0.0 0.227 -0.139 0.876 0.0 0.13 -0.464 0.962 0.0 0.208 -0.176 -0.706 -0.0 -0.692 0.148 -1.0 -0.0 0.013 0.001 0.69 0.0 -0.722 0.055 0.995 0.0 0.062 0.073 
-0.693 0.041 -0.061 -0.717 -0.871 -0.0 0.094 -0.482 -0.963 -0.0 0.229 -0.138 0.879 0.0 0.127 -0.46 0.962 0.0 0.208 -0.175 -0.706 -0.0 -0.692 0.148 -1.0 -0.0 0.012 0.001 0.69 0.0 -0.722 0.055 0.995 0.0 0.063 0.072 
-0.691 0.041 -0.06 -0.719 -0.875 -0.0 0.092 -0.475 -0.964 -0.0 0.229 -0.137 0.881 0.0 0.126 -0.457 0.962 0.0 0.208 -0.174 -0.706 -0.0 -0.693 0.147 -1.0 0.0 0.012 0.0 0.69 -0.0 -0.722 0.05 0.995 0.0 0.063 0.074 
-0.691 0.041 -0.06 -0.719 -0.878 -0.0 0.091 -0.47 -0.963 -0.0 0.231 -0.136 0.884 0.0 0.125 -0.451 0.963 0.0 0.208 -0.174 -0.706 -0.0 -0.693 0.147 -1.0 0.0 0.012 0.0 0.69 0.0 -0.722 0.05 0.995 0.0 0.063 0.076 
-0.691 0.041 -0.06 -0.719 -0.88 -0.0 0.09 -0.466 -0.964 -0.0 0.229 -0.135 0.886 0.0 0.124 -0.447 0.963 0.0 0.207 -0.171 -0.706 0.0 -0.693 0.147 -1.0 -0.0 0.012 0.0 0.69 0.0 -0.722 0.05 0.995 0.0 0.063 0.076 
-0.692 0.041 -0.06 -0.718 -0.883 -0.0 0.089 -0.461 -0.964 -0.0 0.23 -0.133 0.889 0.0 0.122 -0.442 0.963 0.0 0.207 -0.17 -0.706 0.0 -0.693 0.146 -1.0 -0.0 0.012 0.0 0.69 0.0 -0.722 0.05 0.995 0.0 0.063 0.074 
-0.692 0.041 -0.06 -0.718 -0.886 -0.0 0.087 -0.455 -0.964 -0.0 0.23 -0.132 0.892 0.0 0.12 -0.436 0.964 0.0 0.208 -0.169 -0.706 -0.0 -0.693 0.146 -1.0 -0.0 0.012 0.0 0.69 0.0 -0.722 0.05 0.995 -0.0 0.063 0.074 
-0.692 0.041 -0.06 -0.718 -0.889 -0.0 0.086 -0.45 -0.964 -0.0 0.233 -0.13 0.895 -0.0 0.118 -0.431 0.964 0.0 0.208 -0.167 -0.706 -0.0 -0.693 0.146 -1.0 -0.0 0.011 -0.0 0.689 0.0 -0.723 0.05 0.995 0.0 0.063 0.074 
-0.692 0.041 -0.06 -0.718 -0.892 -0.0 0.085 -0.445 -0.963 0.0 0.235 -0.129 0.897 -0.0 0.116 -0.426 0.964 0.0 0.208 -0.165 -0.707 0.0 -0.692 0.146 -1.0 -0.0 0.011 -0.001 0.69 0.0 -0.722 0.05 0.995 -0.0 0.063 0.075 
-0.693 0.041 -0.06 -0.717 -0.895 -0.0 0.084 -0.439 -0.964 -0.0 0.234 -0.128 0.9 0.0 0.115 -0.42 0.964 0.0 0.208 -0.163 -0.707 0.0 -0.692 0.144 -1.0 -0.0 0.011 0.001 0.689 0.0 -0.723 0.05 0.995 0.0 0.063 0.076 
-0.693 0.041 -0.06 -0.717 -0.897 -0.0 0.083 -0.434 -0.964 -0.0 0.233 -0.126 0.903 -0.0 0.113 -0.414 0.965 0.0 0.208 -0.162 -0.707 -0.0 -0.692 0.145 -1.0 0.0 0.01 0.0 0.689 0.0 -0.723 0.05 0.995 0.0 0.063 0.074 
-0.692 0.041 -0.06 -0.718 -0.9 -0.0 0.082 -0.428 -0.964 0.0 0.234 -0.125 0.905 0.0 0.11 -0.41 0.964 0.0 0.21 -0.16 -0.707 -0.0 -0.692 0.147 -1.0 -0.0 0.011 -0.001 0.689 0.0 -0.723 0.051 0.995 0.0 0.064 0.075 
-0.695 0.041 -0.061 -0.716 -0.902 -0.0 0.081 -0.424 -0.964 -0.0 0.234 -0.124 0.909 0.0 0.108 -0.402 0.965 0.0 0.21 -0.158 -0.708 -0.0 -0.691 0.146 -1.0 -0.0 0.01 -0.0 0.69 0.0 -0.722 0.056 0.996 -0.0 0.063 0.07 
-0.694 0.042 -0.061 -0.716 -0.905 0.0 0.08 -0.418 -0.965 -0.0 0.234 -0.122 0.911 0.0 0.106 -0.398 0.965 0.0 0.21 -0.156 -0.707 0.0 -0.691 0.149 -1.0 -0.0 0.01 -0.002 0.69 0.0 -0.722 0.057 0.996 0.0 0.063 0.07 
-0.694 0.042 -0.061 -0.716 -0.908 -0.0 0.08 -0.412 -0.965 -0.0 0.234 -0.12 0.914 -0.0 0.105 -0.392 0.965 0.0 0.211 -0.154 -0.707 -0.0 -0.691 0.149 -1.0 -0.0 0.01 -0.002 0.69 -0.0 -0.722 0.058 0.996 0.0 0.063 0.069 
-0.695 0.042 -0.061 -0.716 -0.91 -0.0 0.079 -0.407 -0.965 -0.0 0.235 -0.117 0.917 0.0 0.103 -0.386 0.965 -0.0 0.211 -0.153 -0.708 0.0 -0.691 0.148 -1.0 -0.0 0.01 -0.001 0.69 0.0 -0.722 0.058 0.996 0.0 0.063 0.069 
-0.694 0.042 -0.061 -0.716 -0.913 -0.0 0.078 -0.4 -0.965 -0.0 0.234 -0.116 0.919 0.0 0.103 -0.38 0.966 0.0 0.211 -0.152 -0.707 -0.0 -0.691 0.15 -1.0 -0.0 0.01 -0.002 0.69 0.0 -0.722 0.059 0.996 -0.0 0.063 0.069 
-0.694 0.042 -0.062 -0.716 -0.916 -0.0 0.078 -0.394 -0.965 -0.0 0.237 -0.112 0.922 0.0 0.101 -0.375 0.966 0.0 0.212 -0.149 -0.707 -0.0 -0.691 0.15 -1.0 -0.0 0.01 -0.002 0.69 0.0 -0.722 0.059 0.996 0.0 0.063 0.07 
-0.694 0.042 -0.062 -0.716 -0.918 -0.0 0.077 -0.388 -0.966 -0.0 0.234 -0.111 0.924 0.0 0.1 -0.369 0.966 0.0 0.213 -0.148 -0.707 -0.0 -0.691 0.151 -1.0 -0.0 0.01 -0.002 0.69 0.0 -0.722 0.06 0.996 -0.0 0.063 0.069 
-0.694 0.042 -0.062 -0.716 -0.921 -0.0 0.077 -0.382 -0.966 -0.0 0.235 -0.108 0.923 0.0 0.093 -0.373 0.966 0.0 0.225 -0.128 -0.707 -0.0 -0.69 0.151 -1.0 -0.0 0.01 -0.002 0.69 -0.0 -0.721 0.06 0.996 0.0 0.063 0.068 
-0.694 0.042 -0.062 -0.716 -0.923 -0.0 0.077 -0.376 -0.966 -0.0 0.236 -0.106 0.925 0.0 0.092 -0.368 0.966 0.0 0.226 -0.126 -0.707 -0.0 -0.69 0.152 -1.0 -0.0 0.01 -0.002 0.69 0.0 -0.722 0.061 0.996 0.0 0.063 0.068 
-0.694 0.043 -0.062 -0.716 -0.926 -0.0 0.076 -0.37 -0.967 -0.0 0.234 -0.104 0.928 -0.0 0.091 -0.362 0.966 0.0 0.226 -0.126 -0.707 -0.0 -0.69 0.152 -1.0 -0.0 0.011 -0.002 0.69 0.0 -0.721 0.061 0.996 0.0 0.063 0.069 
-0.694 0.043 -0.062 -0.716 -0.928 -0.0 0.076 -0.364 -0.967 -0.0 0.234 -0.102 0.93 0.0 0.092 -0.355 0.966 0.0 0.226 -0.124 -0.707 -0.0 -0.69 0.152 -1.0 0.0 0.01 -0.002 0.69 0.0 -0.721 0.061 0.996 0.0 0.062 0.069 
-0.694 0.043 -0.062 -0.716 -0.931 -0.0 0.076 -0.357 -0.967 -0.0 0.234 -0.1 0.933 0.0 0.091 -0.349 0.966 0.0 0.227 -0.123 -0.707 -0.0 -0.69 0.152 -1.0 -0.0 0.011 -0.002 0.69 0.0 -0.721 0.062 0.996 0.0 0.062 0.069 
-0.694 0.043 -0.062 -0.716 -0.933 -0.0 0.076 -0.351 -0.967 -0.0 0.234 -0.098 0.935 0.0 0.09 -0.343 0.966 0.0 0.228 -0.122 -0.707 -0.0 -0.69 0.152 -1.0 -0.0 0.011 -0.002 0.69 0.0 -0.721 0.062 0.996 0.0 0.062 0.068 
-0.694 0.043 -0.062 -0.716 -0.936 -0.0 0.076 -0.345 -0.967 -0.0 0.236 -0.094 0.937 0.0 0.089 -0.338 0.966 0.0 0.23 -0.121 -0.707 -0.0 -0.691 0.152 -1.0 -0.0 0.011 -0.002 0.69 0.0 -0.722 0.06 0.996 0.0 0.063 0.07 
-0.694 0.043 -0.062 -0.716 -0.937 0.0 0.077 -0.339 -0.968 -0.0 0.235 -0.093 0.939 0.0 0.09 -0.331 0.966 0.0 0.231 -0.118 -0.707 0.0 -0.69 0.153 -1.0 -0.0 0.011 -0.002 0.69 0.0 -0.721 0.062 0.996 0.0 0.062 0.069 
-0.694 0.043 -0.062 -0.716 -0.94 0.0 0.077 -0.332 -0.968 -0.0 0.235 -0.091 0.941 0.0 0.089 -0.326 0.965 0.0 0.233 -0.116 -0.707 -0.0 -0.691 0.153 -1.0 -0.0 0.011 -0.002 0.69 -0.0 -0.721 0.061 0.996 0.0 0.062 0.07 
-0.695 0.043 -0.063 -0.715 -0.942 0.0 0.078 -0.326 -0.967 -0.0 0.238 -0.089 0.943 0.0 0.089 -0.319 0.965 0.0 0.235 -0.115 -0.707 0.0 -0.69 0.153 -1.0 -0.0 0.011 -0.002 0.69 0.0 -0.721 0.063 0.996 0.0 0.062 0.069 
-0.694 0.043 -0.062 -0.716 -0.944 -0.0 0.078 -0.319 -0.967 -0.0 0.237 -0.088 0.945 0.0 0.089 -0.314 0.965 0.0 0.235 -0.115 -0.707 0.0 -0.691 0.153 -1.0 0.0 0.011 -0.002 0.69 -0.0 -0.721 0.061 0.996 0.0 0.062 0.07 
-0.694 0.043 -0.062 -0.716 -0.946 -0.0 0.079 -0.313 -0.967 0.0 0.24 -0.085 0.949 0.0 0.093 -0.301 0.965 0.0 0.23 -0.125 -0.707 -0.0 -0.691 0.153 -1.0 0.0 0.012 -0.002 0.69 0.0 -0.721 0.061 0.996 0.0 0.062 0.07 
-0.694 0.043 -0.062 -0.716 -0.948 -0.0 0.08 -0.307 -0.967 0.0 0.239 -0.084 0.951 0.0 0.094 -0.295 0.965 -0.0 0.231 -0.123 -0.707 -0.0 -0.691 0.153 -1.0 -0.0 0.011 -0.002 0.69 0.0 -0.721 0.062 0.996 0.0 0.062 0.071 
-0.694 0.043 -0.063 -0.716 -0.95 -0.0 0.082 -0.3 -0.967 -0.0 0.239 -0.083 0.953 0.0 0.093 -0.29 0.965 0.0 0.233 -0.121 -0.707 -0.0 -0.691 0.153 -1.0 -0.0 0.012 -0.002 0.69 0.0 -0.721 0.062 0.996 0.0 0.061 0.07 
-0.694 0.044 -0.063 -0.715 -0.952 -0.0 0.084 -0.294 -0.968 0.0 0.238 -0.081 0.954 0.0 0.094 -0.284 0.965 0.0 0.234 -0.12 -0.707 0.0 -0.69 0.154 -1.0 -0.0 0.011 -0.002 0.69 0.0 -0.721 0.062 0.996 0.0 0.061 0.072 
-0.695 0.044 -0.063 -0.715 -0.954 -0.0 0.087 -0.287 -0.968 -0.0 0.237 -0.08 0.956 0.0 0.095 -0.278 0.965 -0.0 0.235 -0.118 -0.707 -0.0 -0.69 0.154 -1.0 0.0 0.011 -0.003 0.691 0.0 -0.721 0.062 0.996 0.0 0.061 0.072 
-0.695 0.043 -0.062 -0.715 -0.955 -0.0 0.09 -0.281 -0.968 0.0 0.237 -0.077 0.957 -0.0 0.098 -0.272 0.965 0.0 0.235 -0.118 -0.707 0.0 -0.69 0.154 -1.0 -0.0 0.011 -0.003 0.691 -0.0 -0.721 0.062 0.996 0.0 0.061 0.072 
-0.695 0.043 -0.062 -0.715 -0.957 -0.0 0.093 -0.275 -0.969 -0.0 0.237 -0.074 0.959 0.0 0.099 -0.266 0.965 0.0 0.236 -0.115 -0.707 -0.0 -0.69 0.154 -1.0 0.0 0.011 -0.003 0.69 0.0 -0.721 0.062 0.996 0.0 0.061 0.072 
-0.695 0.043 -0.062 -0.715 -0.958 -0.0 0.096 -0.27 -0.969 -0.0 0.237 -0.071 0.96 -0.0 0.101 -0.261 0.965 -0.0 0.238 -0.113 -0.707 0.0 -0.69 0.153 -1.0 -0.0 0.011 -0.002 0.691 0.0 -0.721 0.062 0.996 0.0 0.061 0.07 
-0.696 0.043 -0.062 -0.714 -0.959 -0.0 0.099 -0.264 -0.969 -0.0 0.238 -0.068 0.962 0.0 0.103 -0.254 0.965 0.0 0.237 -0.112 -0.707 0.0 -0.69 0.152 -1.0 -0.0 0.011 -0.002 0.691 0.0 -0.72 0.061 0.996 0.0 0.06 0.072 
-0.696 0.043 -0.062 -0.714 -0.961 -0.0 0.103 -0.258 -0.969 -0.0 0.239 -0.064 0.963 0.0 0.106 -0.248 0.965 0.0 0.242 -0.103 -0.707 -0.0 -0.691 0.151 -1.0 -0.0 0.011 -0.003 0.691 0.0 -0.721 0.06 0.996 -0.0 0.061 0.071 
-0.696 0.043 -0.061 -0.714 -0.962 -0.0 0.107 -0.252 -0.97 -0.0 0.236 -0.062 0.964 0.0 0.108 -0.244 0.965 0.0 0.238 -0.108 -0.707 -0.0 -0.69 0.152 -1.0 -0.0 0.011 -0.003 0.691 0.0 -0.721 0.06 0.996 0.0 0.061 0.071 
-0.696 0.043 -0.061 -0.714 -0.963 -0.0 0.113 -0.246 -0.97 -0.0 0.234 -0.059 0.965 0.0 0.111 -0.237 0.965 0.0 0.24 -0.107 -0.707 -0.0 -0.691 0.151 -1.0 -0.0 0.011 -0.004 0.691 0.0 -0.721 0.059 0.996 -0.0 0.061 0.071 
-0.696 0.042 -0.061 -0.714 -0.963 -0.0 0.118 -0.24 -0.971 -0.0 0.232 -0.055 0.966 0.0 0.113 -0.231 0.965 -0.0 0.24 -0.106 -0.707 -0.0 -0.691 0.151 -1.0 -0.0 0.01 -0.004 0.691 0.0 -0.721 0.059 0.996 0.0 0.061 0.071 
-0.696 0.042 -0.061 -0.714 -0.964 -0.0 0.123 -0.236 -0.972 -0.0 0.23 -0.051 0.967 0.0 0.116 -0.226 0.965 0.0 0.242 -0.105 -0.707 -0.0 -0.691 0.15 -1.0 0.0 0.01 -0.004 0.691 0.0 -0.721 0.058 0.996 0.0 0.06 0.071 
-0.696 0.042 -0.061 -0.714 -0.965 -0.0 0.128 -0.23 -0.972 -0.0 0.232 -0.045 0.968 0.0 0.118 -0.221 0.965 0.0 0.243 -0.103 -0.707 -0.0 -0.691 0.15 -1.0 -0.0 0.01 -0.004 0.691 0.0 -0.721 0.058 0.996 0.0 0.06 0.073 
-0.696 0.042 -0.06 -0.714 -0.965 -0.0 0.134 -0.225 -0.973 -0.0 0.228 -0.044 0.969 0.0 0.121 -0.217 0.964 0.0 0.244 -0.102 -0.707 -0.0 -0.691 0.15 -1.0 0.0 0.01 -0.005 0.691 0.0 -0.721 0.057 0.996 0.0 0.06 0.072 
-0.696 0.042 -0.06 -0.714 -0.966 0.0 0.139 -0.219 -0.973 -0.0 0.228 -0.04 0.969 0.0 0.124 -0.212 0.964 0.0 0.246 -0.101 -0.707 -0.0 -0.691 0.15 -1.0 -0.0 0.01 -0.005 0.691 0.0 -0.721 0.057 0.995 0.0 0.06 0.074 
-0.696 0.042 -0.06 -0.714 -0.966 -0.0 0.143 -0.214 -0.973 -0.0 0.23 -0.037 0.97 0.0 0.127 -0.208 0.963 0.0 0.249 -0.099 -0.707 -0.0 -0.691 0.149 -1.0 0.0 0.01 -0.005 0.691 0.0 -0.721 0.056 0.996 0.0 0.06 0.073 
-0.696 0.041 -0.06 -0.714 -0.967 -0.0 0.148 -0.209 -0.973 0.0 0.23 -0.033 0.97 0.0 0.13 -0.203 0.963 0.0 0.251 -0.099 -0.707 -0.0 -0.691 0.149 -1.0 -0.0 0.01 -0.005 0.691 0.0 -0.721 0.055 0.995 0.0 0.059 0.074 
-0.696 0.041 -0.059 -0.714 -0.967 -0.0 0.152 -0.204 -0.973 -0.0 0.23 -0.03 0.971 0.0 0.133 -0.199 0.962 0.0 0.254 -0.097 -0.707 -0.0 -0.691 0.148 -1.0 -0.0 0.01 -0.005 0.691 0.0 -0.721 0.054 0.995 0.0 0.059 0.074 
-0.696 0.041 -0.059 -0.714 -0.967 -0.0 0.157 -0.199 -0.973 -0.0 0.231 -0.027 0.971 0.0 0.136 -0.196 0.962 -0.0 0.256 -0.095 -0.707 -0.0 -0.691 0.148 -1.0 -0.0 0.01 -0.005 0.691 0.0 -0.721 0.054 0.996 0.0 0.059 0.073 
-0.696 0.041 -0.059 -0.714 -0.967 -0.0 0.162 -0.195 -0.973 -0.0 0.232 -0.024 0.971 0.0 0.139 -0.194 0.961 0.0 0.26 -0.091 -0.707 0.0 -0.691 0.148 -1.0 0.0 0.009 -0.006 0.692 0.0 -0.72 0.053 0.996 0.0 0.059 0.073 
-0.696 0.041 -0.059 -0.715 -0.967 -0.0 0.167 -0.191 -0.972 0.0 0.232 -0.02 0.971 0.0 0.143 -0.19 0.961 0.0 0.262 -0.093 -0.707 -0.0 -0.691 0.148 -1.0 0.0 0.009 -0.006 0.691 0.0 -0.721 0.052 0.995 0.0 0.059 0.075 
-0.695 0.041 -0.059 -0.715 -0.967 -0.0 0.171 -0.187 -0.972 -0.0 0.234 -0.017 0.971 0.0 0.145 -0.188 0.96 -0.0 0.265 -0.091 -0.707 -0.0 -0.691 0.149 -1.0 -0.0 0.009 -0.007 0.691 0.0 -0.721 0.052 0.996 0.0 0.059 0.074 
-0.695 0.041 -0.059 -0.716 -0.967 -0.0 0.175 -0.184 -0.972 0.0 0.236 -0.014 0.971 0.0 0.149 -0.185 0.959 0.0 0.268 -0.091 -0.707 -0.0 -0.691 0.149 -1.0 0.0 0.009 -0.007 0.691 0.0 -0.721 0.051 0.995 0.0 0.059 0.076 
-0.694 0.04 -0.059 -0.716 -0.967 0.0 0.179 -0.18 -0.971 -0.0 0.238 -0.011 0.971 0.0 0.152 -0.183 0.958 0.0 0.271 -0.088 -0.707 -0.0 -0.691 0.149 -1.0 -0.0 0.009 -0.006 0.691 0.0 -0.721 0.051 0.995 0.0 0.06 0.076 
-0.694 0.04 -0.059 -0.716 -0.967 -0.0 0.183 -0.177 -0.971 0.0 0.24 -0.008 0.97 0.0 0.153 -0.189 0.958 0.0 0.279 -0.073 -0.708 -0.0 -0.691 0.149 -1.0 -0.0 0.009 -0.007 0.691 0.0 -0.721 0.051 0.995 0.0 0.059 0.075 
-0.694 0.04 -0.059 -0.717 -0.967 -0.0 0.188 -0.174 -0.97 -0.0 0.242 -0.005 0.971 0.0 0.159 -0.18 0.957 0.0 0.276 -0.086 -0.707 -0.0 -0.691 0.149 -1.0 -0.0 0.009 -0.007 0.691 0.0 -0.721 0.05 0.996 0.0 0.059 0.074 
-0.693 0.04 -0.059 -0.717 -0.966 -0.0 0.192 -0.172 -0.97 -0.0 0.244 -0.002 0.97 0.0 0.163 -0.179 0.957 -0.0 0.279 -0.083 -0.708 -0.0 -0.691 0.15 -1.0 -0.0 0.009 -0.007 0.691 0.0 -0.721 0.05 0.995 0.0 0.059 0.076 
-0.692 0.04 -0.059 -0.718 -0.966 0.0 0.198 -0.169 -0.97 -0.0 0.245 0.001 0.97 0.0 0.167 -0.178 0.956 0.0 0.281 -0.082 -0.708 0.0 -0.69 0.15 -1.0 -0.0 0.009 -0.007 0.691 0.0 -0.721 0.05 0.995 -0.0 0.059 0.075 
-0.692 0.04 -0.059 -0.718 -0.965 -0.0 0.202 -0.167 -0.969 0.0 0.246 0.004 0.968 0.0 0.169 -0.185 0.956 0.0 0.287 -0.067 -0.708 0.0 -0.69 0.15 -1.0 -0.0 0.009 -0.007 0.691 0.0 -0.721 0.05 0.995 0.0 0.06 0.074 
-0.691 0.04 -0.059 -0.719 -0.964 -0.0 0.207 -0.165 -0.969 -0.0 0.247 0.007 0.968 0.0 0.176 -0.177 0.956 -0.0 0.284 -0.078 -0.707 -0.0 -0.69 0.151 -1.0 -0.0 0.009 -0.007 0.691 0.0 -0.721 0.05 0.996 -0.0 0.058 0.074 
-0.691 0.04 -0.059 -0.719 -0.963 -0.0 0.212 -0.164 -0.969 -0.0 0.247 0.01 0.967 0.0 0.18 -0.178 0.955 0.0 0.286 -0.075 -0.707 -0.0 -0.69 0.151 -1.0 -0.0 0.009 -0.007 0.691 0.0 -0.721 0.05 0.996 0.0 0.058 0.075 
-0.691 0.04 -0.06 -0.72 -0.963 0.0 0.216 -0.163 -0.969 -0.0 0.248 0.013 0.966 0.0 0.183 -0.184 0.955 0.0 0.291 -0.062 -0.707 -0.0 -0.69 0.152 -1.0 -0.0 0.01 -0.007 0.691 0.0 -0.721 0.05 0.996 0.0 0.058 0.074 
-0.69 0.04 -0.06 -0.72 -0.961 -0.0 0.222 -0.163 -0.969 -0.0 0.248 0.016 0.966 0.0 0.19 -0.177 0.955 -0.0 0.287 -0.073 -0.707 -0.0 -0.691 0.152 -1.0 -0.0 0.01 -0.007 0.691 0.0 -0.721 0.05 0.996 -0.0 0.057 0.074 
-0.69 0.04 -0.06 -0.72 -0.96 -0.0 0.226 -0.163 -0.968 -0.0 0.249 0.019 0.964 0.0 0.193 -0.185 0.954 0.0 0.292 -0.06 -0.707 -0.0 -0.691 0.152 -1.0 -0.0 0.01 -0.007 0.691 0.0 -0.721 0.05 0.996 0.0 0.057 0.074 
-0.69 0.04 -0.06 -0.72 -0.959 -0.0 0.232 -0.164 -0.968 -0.0 0.248 0.024 0.963 0.0 0.197 -0.185 0.954 0.0 0.294 -0.058 -0.707 0.0 -0.691 0.152 -1.0 -0.0 0.01 -0.007 0.692 0.0 -0.72 0.05 0.996 0.0 0.058 0.073 
-0.69 0.04 -0.06 -0.721 -0.957 -0.0 0.238 -0.165 -0.969 -0.0 0.247 0.026 0.962 0.0 0.204 -0.179 0.954 0.0 0.292 -0.07 -0.707 -0.0 -0.691 0.152 -1.0 -0.0 0.011 -0.007 0.692 0.0 -0.72 0.05 0.996 -0.0 0.057 0.073 
-0.69 0.04 -0.06 -0.721 -0.956 -0.0 0.244 -0.165 -0.969 -0.0 0.246 0.029 0.961 0.0 0.209 -0.18 0.954 0.0 0.293 -0.07 -0.707 -0.0 -0.691 0.152 -1.0 -0.0 0.011 -0.007 0.692 -0.0 -0.72 0.05 0.996 0.0 0.056 0.074 
-0.689 0.04 -0.06 -0.721 -0.954 -0.0 0.249 -0.166 -0.969 -0.0 0.246 0.031 0.96 0.0 0.214 -0.181 0.953 -0.0 0.294 -0.071 -0.707 -0.0 -0.691 0.153 -1.0 -0.0 0.011 -0.007 0.692 -0.0 -0.72 0.05 0.996 0.0 0.056 0.072 
-0.689 0.04 -0.06 -0.721 -0.952 -0.0 0.254 -0.168 -0.969 -0.0 0.246 0.031 0.959 0.0 0.218 -0.183 0.953 0.0 0.295 -0.07 -0.707 -0.0 -0.691 0.153 -1.0 -0.0 0.011 -0.007 0.692 0.0 -0.72 0.051 0.996 0.0 0.055 0.073 
-0.689 0.04 -0.06 -0.721 -0.951 0.0 0.259 -0.171 -0.967 -0.0 0.251 0.041 0.957 0.0 0.224 -0.183 0.952 0.0 0.298 -0.068 -0.707 0.0 -0.691 0.153 -1.0 0.0 0.011 -0.007 0.692 0.0 -0.72 0.051 0.996 0.0 0.057 0.073 
-0.69 0.04 -0.061 -0.721 -0.949 -0.0 0.264 -0.174 -0.969 -0.0 0.246 0.033 0.956 0.0 0.228 -0.186 0.952 0.0 0.299 -0.067 -0.707 -0.0 -0.69 0.154 -1.0 -0.0 0.011 -0.007 0.692 0.0 -0.72 0.052 0.996 0.0 0.056 0.073 
-0.689 0.04 -0.061 -0.721 -0.947 0.0 0.269 -0.175 -0.969 -0.0 0.247 0.033 0.954 0.0 0.233 -0.188 0.951 0.0 0.302 -0.066 -0.707 -0.0 -0.691 0.154 -1.0 0.0 0.011 -0.007 0.693 0.0 -0.719 0.052 0.996 0.0 0.054 0.073 
-0.69 0.04 -0.061 -0.72 -0.945 0.0 0.274 -0.177 -0.968 -0.0 0.248 0.034 0.953 0.0 0.238 -0.19 0.951 0.0 0.304 -0.066 -0.707 -0.0 -0.69 0.154 -1.0 -0.0 0.011 -0.007 0.693 0.0 -0.719 0.052 0.996 0.0 0.056 0.074 
-0.69 0.04 -0.061 -0.72 -0.943 -0.0 0.28 -0.18 -0.966 -0.0 0.253 0.042 0.951 0.0 0.242 -0.193 0.95 0.0 0.305 -0.066 -0.707 -0.0 -0.69 0.154 -1.0 -0.0 0.011 -0.008 0.693 0.0 -0.719 0.052 0.996 0.0 0.054 0.073 
-0.69 0.041 -0.061 -0.72 -0.941 -0.0 0.284 -0.184 -0.968 0.0 0.249 0.033 0.949 0.0 0.248 -0.195 0.95 0.0 0.307 -0.066 -0.707 -0.0 -0.69 0.155 -1.0 -0.0 0.011 -0.008 0.693 0.0 -0.719 0.053 0.996 0.0 0.056 0.073 
-0.69 0.041 -0.061 -0.72 -0.939 -0.0 0.29 -0.186 -0.968 -0.0 0.249 0.031 0.947 0.0 0.253 -0.197 0.949 0.0 0.307 -0.066 -0.707 -0.0 -0.69 0.155 -1.0 -0.0 0.011 -0.008 0.693 0.0 -0.719 0.053 0.996 0.0 0.056 0.073 
-0.69 0.041 -0.061 -0.72 -0.937 -0.0 0.294 -0.19 -0.968 -0.0 0.25 0.03 0.945 0.0 0.259 -0.2 0.949 -0.0 0.307 -0.066 -0.707 0.0 -0.69 0.155 -1.0 -0.0 0.011 -0.008 0.692 0.0 -0.72 0.054 0.996 0.0 0.055 0.072 
-0.69 0.041 -0.062 -0.72 -0.934 -0.0 0.3 -0.192 -0.968 -0.0 0.251 0.028 0.943 0.0 0.262 -0.206 0.949 0.0 0.309 -0.066 -0.707 -0.0 -0.69 0.156 -1.0 -0.0 0.011 -0.008 0.692 0.0 -0.72 0.055 0.996 -0.0 0.056 0.073 
-0.691 0.041 -0.062 -0.719 -0.932 -0.0 0.305 -0.196 -0.967 -0.0 0.253 0.026 0.941 0.0 0.266 -0.209 0.948 0.0 0.311 -0.066 -0.707 -0.0 -0.69 0.156 -1.0 -0.0 0.011 -0.007 0.692 0.0 -0.72 0.055 0.996 -0.0 0.055 0.073 
-0.691 0.041 -0.062 -0.719 -0.93 -0.0 0.309 -0.199 -0.967 0.0 0.254 0.023 0.938 0.0 0.269 -0.218 0.947 0.0 0.316 -0.056 -0.708 0.0 -0.689 0.156 -1.0 -0.0 0.011 -0.007 0.692 0.0 -0.72 0.056 0.996 0.0 0.056 0.071 
-0.691 0.041 -0.062 -0.719 -0.928 -0.0 0.314 -0.203 -0.967 -0.0 0.255 0.02 0.936 0.0 0.274 -0.222 0.947 0.0 0.316 -0.06 -0.708 0.0 -0.689 0.156 -1.0 -0.0 0.011 -0.008 0.691 0.0 -0.72 0.057 0.996 0.0 0.058 0.072 
-0.691 0.041 -0.062 -0.719 -0.925 -0.0 0.318 -0.208 -0.964 -0.0 0.265 0.029 0.933 0.0 0.279 -0.225 0.946 0.0 0.318 -0.059 -0.708 0.0 -0.689 0.157 -1.0 -0.0 0.01 -0.008 0.691 0.0 -0.72 0.058 0.996 -0.0 0.056 0.072 
-0.692 0.042 -0.063 -0.718 -0.923 -0.0 0.321 -0.213 -0.966 -0.0 0.26 0.015 0.931 0.0 0.283 -0.229 0.945 0.0 0.32 -0.06 -0.708 -0.0 -0.689 0.157 -1.0 -0.0 0.01 -0.008 0.691 0.0 -0.72 0.059 0.996 0.0 0.057 0.071 
-0.692 0.042 -0.063 -0.718 -0.92 -0.0 0.325 -0.219 -0.965 -0.0 0.262 0.012 0.93 0.0 0.289 -0.228 0.945 0.0 0.318 -0.071 -0.708 -0.0 -0.688 0.158 -1.0 -0.0 0.01 -0.008 0.691 0.0 -0.72 0.06 0.996 0.0 0.059 0.071 
-0.692 0.042 -0.063 -0.718 -0.917 -0.0 0.329 -0.224 -0.965 -0.0 0.263 0.009 0.927 0.0 0.293 -0.232 0.945 0.0 0.319 -0.071 -0.708 -0.0 -0.689 0.158 -1.0 -0.0 0.011 -0.008 0.691 0.0 -0.721 0.06 0.996 0.0 0.058 0.069 
-0.692 0.042 -0.063 -0.717 -0.915 -0.0 0.332 -0.23 -0.962 -0.0 0.274 0.019 0.925 0.0 0.297 -0.236 0.946 0.0 0.316 -0.074 -0.708 -0.0 -0.688 0.158 -1.0 -0.0 0.011 -0.008 0.691 -0.0 -0.721 0.061 0.996 0.0 0.06 0.07 
-0.693 0.043 -0.064 -0.717 -0.912 -0.0 0.334 -0.239 -0.963 0.0 0.269 0.004 0.923 0.0 0.301 -0.241 0.945 0.0 0.317 -0.076 -0.708 0.0 -0.688 0.159 -1.0 -0.0 0.011 -0.008 0.69 0.0 -0.721 0.063 0.996 -0.0 0.06 0.07 
-0.693 0.043 -0.064 -0.717 -0.909 -0.0 0.336 -0.245 -0.963 -0.0 0.27 0.0 0.92 0.0 0.305 -0.246 0.945 0.0 0.318 -0.074 -0.708 -0.0 -0.688 0.159 -1.0 -0.0 0.011 -0.008 0.69 0.0 -0.721 0.064 0.996 0.0 0.059 0.07 
-0.694 0.043 -0.064 -0.716 -0.907 -0.0 0.339 -0.252 -0.962 -0.0 0.272 -0.004 0.917 0.0 0.309 -0.251 0.945 0.0 0.318 -0.079 -0.708 0.0 -0.688 0.159 -1.0 -0.0 0.011 -0.007 0.69 0.0 -0.721 0.065 0.996 0.0 0.061 0.069 
-0.694 0.043 -0.065 -0.716 -0.904 -0.0 0.341 -0.258 -0.962 -0.0 0.274 -0.008 0.915 0.0 0.312 -0.257 0.944 -0.0 0.318 -0.081 -0.708 -0.0 -0.688 0.16 -1.0 -0.0 0.011 -0.007 0.69 -0.0 -0.721 0.065 0.996 -0.0 0.06 0.069 
-0.694 0.043 -0.065 -0.716 -0.901 -0.0 0.344 -0.265 -0.961 -0.0 0.276 -0.013 0.912 0.0 0.316 -0.262 0.944 0.0 0.318 -0.083 -0.708 -0.0 -0.688 0.16 -1.0 -0.0 0.012 -0.007 0.69 -0.0 -0.721 0.066 0.996 0.0 0.062 0.069 
-0.694 0.044 -0.065 -0.715 -0.898 0.0 0.345 -0.272 -0.958 -0.0 0.288 -0.005 0.909 0.0 0.319 -0.268 0.944 0.0 0.318 -0.084 -0.708 0.0 -0.688 0.16 -1.0 -0.0 0.012 -0.007 0.689 0.0 -0.721 0.067 0.996 0.0 0.063 0.068 
-0.695 0.044 -0.065 -0.715 -0.895 -0.0 0.347 -0.28 -0.96 -0.0 0.279 -0.021 0.906 0.0 0.323 -0.273 0.944 0.0 0.318 -0.086 -0.708 -0.0 -0.688 0.16 -1.0 0.0 0.012 -0.006 0.689 -0.0 -0.721 0.068 0.996 0.0 0.063 0.068 
-0.695 0.044 -0.065 -0.715 -0.892 -0.0 0.349 -0.287 -0.96 -0.0 0.28 -0.026 0.903 0.0 0.326 -0.28 0.944 0.0 0.317 -0.088 -0.708 -0.0 -0.688 0.16 -1.0 -0.0 0.012 -0.006 0.689 0.0 -0.721 0.069 0.996 0.0 0.063 0.068 
-0.695 0.044 -0.065 -0.715 -0.889 -0.0 0.349 -0.295 -0.956 -0.0 0.292 -0.018 0.9 0.0 0.328 -0.286 0.944 -0.0 0.318 -0.087 -0.708 -0.0 -0.688 0.16 -1.0 -0.0 0.012 -0.006 0.689 0.0 -0.722 0.069 0.996 0.0 0.064 0.068 
-0.695 0.044 -0.066 -0.714 -0.886 0.0 0.351 -0.302 -0.958 -0.0 0.283 -0.036 0.898 -0.0 0.33 -0.293 0.944 0.0 0.318 -0.091 -0.708 -0.0 -0.688 0.16 -1.0 -0.0 0.012 -0.006 0.688 -0.0 -0.722 0.07 0.996 0.0 0.065 0.068 
-0.696 0.045 -0.066 -0.714 -0.883 -0.0 0.352 -0.31 -0.958 -0.0 0.283 -0.041 0.895 0.0 0.332 -0.3 0.944 -0.0 0.318 -0.09 -0.708 -0.0 -0.688 0.161 -1.0 -0.0 0.012 -0.006 0.688 0.0 -0.722 0.07 0.996 0.0 0.065 0.068 
-0.696 0.045 -0.066 -0.714 -0.88 -0.0 0.354 -0.317 -0.958 -0.0 0.285 -0.044 0.892 0.0 0.333 -0.306 0.944 0.0 0.317 -0.093 -0.708 0.0 -0.688 0.161 -1.0 -0.0 0.012 -0.006 0.688 -0.0 -0.722 0.071 0.996 0.0 0.064 0.066 
-0.696 0.045 -0.066 -0.714 -0.877 -0.0 0.354 -0.325 -0.958 -0.0 0.282 -0.053 0.889 -0.0 0.335 -0.313 0.944 0.0 0.316 -0.095 -0.708 -0.0 -0.688 0.161 -1.0 0.0 0.012 -0.006 0.688 0.0 -0.722 0.072 0.996 0.0 0.067 0.066 
-0.696 0.045 -0.066 -0.714 -0.874 0.0 0.354 -0.332 -0.958 -0.0 0.281 -0.059 0.886 0.0 0.336 -0.319 0.944 0.0 0.315 -0.098 -0.708 -0.0 -0.688 0.161 -1.0 0.0 0.012 -0.005 0.688 0.0 -0.722 0.072 0.996 0.0 0.066 0.067 
-0.696 0.045 -0.066 -0.713 -0.871 -0.0 0.354 -0.341 -0.957 -0.0 0.285 -0.061 0.883 0.0 0.337 -0.326 0.944 0.0 0.313 -0.1 -0.708 -0.0 -0.688 0.16 -1.0 -0.0 0.012 -0.004 0.688 0.0 -0.722 0.073 0.996 0.0 0.067 0.066 
-0.696 0.045 -0.066 -0.713 -0.868 -0.0 0.353 -0.348 -0.957 -0.0 0.281 -0.069 0.88 0.0 0.338 -0.333 0.945 0.0 0.311 -0.102 -0.708 -0.0 -0.688 0.161 -1.0 0.0 0.013 -0.004 0.688 0.0 -0.722 0.074 0.996 0.0 0.065 0.065 
-0.696 0.045 -0.067 -0.713 -0.865 0.0 0.353 -0.356 -0.957 -0.0 0.282 -0.072 0.877 0.0 0.338 -0.341 0.945 0.0 0.31 -0.103 -0.708 -0.0 -0.688 0.161 -1.0 -0.0 0.013 -0.004 0.687 0.0 -0.723 0.074 0.996 -0.0 0.066 0.065 
-0.696 0.045 -0.067 -0.713 -0.862 -0.0 0.351 -0.365 -0.957 -0.0 0.28 -0.079 0.874 0.0 0.338 -0.349 0.945 0.0 0.309 -0.106 -0.708 -0.0 -0.688 0.161 -1.0 -0.0 0.013 -0.004 0.687 0.0 -0.722 0.075 0.996 0.0 0.066 0.065 
-0.696 0.046 -0.067 -0.713 -0.859 -0.0 0.349 -0.374 -0.956 -0.0 0.281 -0.082 0.872 -0.0 0.338 -0.355 0.946 0.0 0.307 -0.108 -0.708 -0.0 -0.688 0.161 -1.0 -0.0 0.013 -0.004 0.688 0.0 -0.722 0.075 0.996 -0.0 0.066 0.066 
-0.696 0.046 -0.067 -0.713 -0.856 0.0 0.348 -0.382 -0.957 -0.0 0.278 -0.089 0.869 0.0 0.337 -0.363 0.946 0.0 0.305 -0.111 -0.708 -0.0 -0.688 0.161 -1.0 -0.0 0.013 -0.004 0.687 0.0 -0.722 0.075 0.996 0.0 0.068 0.065 
-0.696 0.046 -0.067 -0.713 -0.854 -0.0 0.345 -0.391 -0.956 -0.0 0.278 -0.092 0.866 0.0 0.334 -0.374 0.945 0.0 0.307 -0.109 -0.708 0.0 -0.688 0.162 -1.0 -0.0 0.013 -0.004 0.687 0.0 -0.722 0.076 0.996 0.0 0.066 0.065 
-0.696 0.045 -0.067 -0.713 -0.851 -0.0 0.346 -0.396 -0.956 -0.0 0.276 -0.097 0.863 -0.0 0.333 -0.381 0.946 -0.0 0.306 -0.111 -0.708 -0.0 -0.688 0.161 -1.0 -0.0 0.013 -0.003 0.687 0.0 -0.722 0.075 0.996 0.0 0.066 0.065 
-0.696 0.045 -0.066 -0.713 -0.848 -0.0 0.345 -0.402 -0.957 -0.0 0.271 -0.104 0.86 0.0 0.332 -0.387 0.946 0.0 0.303 -0.114 -0.708 -0.0 -0.688 0.16 -1.0 -0.0 0.014 -0.003 0.687 -0.0 -0.723 0.075 0.996 0.0 0.066 0.065 
-0.696 0.045 -0.066 -0.713 -0.845 -0.0 0.341 -0.411 -0.956 -0.0 0.272 -0.107 0.858 0.0 0.329 -0.395 0.947 -0.0 0.3 -0.117 -0.707 -0.0 -0.688 0.161 -1.0 -0.0 0.014 -0.003 0.687 0.0 -0.722 0.075 0.996 0.0 0.068 0.066 
-0.696 0.045 -0.067 -0.713 -0.843 -0.0 0.338 -0.419 -0.956 0.0 0.27 -0.112 0.855 0.0 0.328 -0.402 0.947 0.0 0.296 -0.121 -0.707 -0.0 -0.688 0.161 -1.0 -0.0 0.014 -0.003 0.687 0.0 -0.722 0.074 0.996 0.0 0.066 0.065 
-0.696 0.045 -0.067 -0.713 -0.84 -0.0 0.335 -0.427 -0.957 -0.0 0.266 -0.117 0.853 0.0 0.325 -0.409 0.948 -0.0 0.294 -0.123 -0.707 -0.0 -0.688 0.161 -1.0 0.0 0.014 -0.003 0.687 -0.0 -0.722 0.074 0.996 0.0 0.067 0.066 
-0.696 0.046 -0.067 -0.713 -0.837 -0.0 0.33 -0.436 -0.957 -0.0 0.265 -0.12 0.85 0.0 0.321 -0.417 0.948 0.0 0.293 -0.125 -0.707 -0.0 -0.688 0.161 -1.0 -0.0 0.014 -0.003 0.688 0.0 -0.722 0.075 0.996 -0.0 0.066 0.066 
-0.696 0.046 -0.067 -0.713 -0.834 -0.0 0.323 -0.447 -0.956 -0.0 0.265 -0.123 0.848 0.0 0.318 -0.424 0.949 0.0 0.289 -0.129 -0.707 -0.0 -0.688 0.162 -1.0 -0.0 0.014 -0.003 0.688 0.0 -0.722 0.075 0.996 0.0 0.066 0.066 
-0.696 0.046 -0.067 -0.714 -0.832 0.0 0.318 -0.455 -0.956 -0.0 0.264 -0.126 0.846 0.0 0.314 -0.431 0.949 0.0 0.287 -0.131 -0.707 0.0 -0.688 0.163 -1.0 -0.0 0.014 -0.003 0.688 0.0 -0.722 0.075 0.995 0.0 0.067 0.068 
-0.696 0.046 -0.067 -0.714 -0.829 -0.0 0.314 -0.463 -0.956 -0.0 0.261 -0.13 0.843 0.0 0.311 -0.438 0.949 0.0 0.284 -0.134 -0.707 -0.0 -0.688 0.163 -1.0 -0.0 0.014 -0.003 0.688 -0.0 -0.722 0.075 0.996 0.0 0.066 0.066 
-0.695 0.046 -0.067 -0.714 -0.827 -0.0 0.309 -0.47 -0.957 -0.0 0.259 -0.133 0.841 0.0 0.307 -0.445 0.95 0.0 0.281 -0.137 -0.707 -0.0 -0.688 0.163 -1.0 -0.0 0.014 -0.003 0.688 0.0 -0.722 0.075 0.996 0.0 0.066 0.067 
-0.695 0.046 -0.067 -0.714 -0.824 -0.0 0.304 -0.477 -0.957 0.0 0.255 -0.136 0.84 -0.0 0.302 -0.451 0.95 -0.0 0.279 -0.14 -0.707 -0.0 -0.688 0.163 -1.0 -0.0 0.014 -0.003 0.687 0.0 -0.722 0.074 0.995 0.0 0.068 0.068 
-0.695 0.046 -0.067 -0.714 -0.823 -0.0 0.3 -0.483 -0.958 -0.0 0.252 -0.14 0.838 0.0 0.297 -0.459 0.95 -0.0 0.279 -0.142 -0.707 -0.0 -0.688 0.163 -1.0 0.0 0.014 -0.003 0.688 0.0 -0.722 0.074 0.996 0.0 0.066 0.067 
-0.695 0.046 -0.067 -0.715 -0.821 -0.0 0.293 -0.491 -0.957 -0.0 0.252 -0.142 0.836 -0.0 0.291 -0.465 0.95 0.0 0.277 -0.146 -0.707 -0.0 -0.688 0.163 -1.0 -0.0 0.014 -0.003 0.688 -0.0 -0.722 0.074 0.995 0.0 0.067 0.069 
-0.694 0.046 -0.067 -0.715 -0.819 -0.0 0.287 -0.498 -0.957 0.0 0.25 -0.143 0.835 0.0 0.287 -0.47 0.95 0.0 0.273 -0.149 -0.707 -0.0 -0.688 0.163 -1.0 -0.0 0.014 -0.002 0.688 0.0 -0.722 0.073 0.995 0.0 0.068 0.068 
-0.694 0.046 -0.067 -0.715 -0.817 0.0 0.28 -0.504 -0.957 0.0 0.25 -0.146 0.833 0.0 0.283 -0.476 0.951 -0.0 0.269 -0.151 -0.707 -0.0 -0.688 0.163 -1.0 0.0 0.014 -0.002 0.687 0.0 -0.723 0.073 0.995 0.0 0.068 0.069 
-0.694 0.046 -0.067 -0.716 -0.816 -0.0 0.275 -0.509 -0.958 -0.0 0.246 -0.148 0.832 0.0 0.277 -0.481 0.951 0.0 0.269 -0.154 -0.707 -0.0 -0.688 0.162 -1.0 -0.0 0.014 -0.002 0.688 0.0 -0.723 0.072 0.995 0.0 0.068 0.069 
-0.694 0.045 -0.066 -0.716 -0.815 0.0 0.268 -0.514 -0.958 0.0 0.245 -0.15 0.83 -0.0 0.277 -0.484 0.952 0.0 0.262 -0.156 -0.707 -0.0 -0.689 0.161 -1.0 -0.0 0.014 -0.002 0.687 -0.0 -0.723 0.07 0.995 0.0 0.068 0.069 
-0.693 0.045 -0.066 -0.716 -0.813 -0.0 0.263 -0.52 -0.958 -0.0 0.242 -0.152 0.829 0.0 0.272 -0.489 0.953 0.0 0.258 -0.159 -0.707 0.0 -0.689 0.16 -1.0 0.0 0.015 -0.002 0.687 0.0 -0.723 0.069 0.995 0.0 0.068 0.07 
-0.693 0.045 -0.066 -0.717 -0.812 -0.0 0.254 -0.525 -0.958 0.0 0.241 -0.154 0.828 0.0 0.265 -0.494 0.953 -0.0 0.257 -0.161 -0.707 -0.0 -0.689 0.161 -1.0 -0.0 0.015 -0.002 0.687 0.0 -0.723 0.068 0.995 0.0 0.068 0.07 
-0.692 0.045 -0.066 -0.717 -0.811 0.0 0.247 -0.53 -0.958 0.0 0.241 -0.155 0.827 0.0 0.259 -0.499 0.953 0.0 0.255 -0.164 -0.706 -0.0 -0.689 0.162 -1.0 -0.0 0.015 -0.003 0.687 0.0 -0.723 0.068 0.995 0.0 0.068 0.07 
-0.692 0.044 -0.066 -0.718 -0.811 -0.0 0.24 -0.534 -0.958 -0.0 0.239 -0.157 0.826 0.0 0.253 -0.503 0.953 0.0 0.255 -0.166 -0.706 -0.0 -0.689 0.162 -1.0 -0.0 0.016 -0.003 0.687 0.0 -0.723 0.068 0.995 -0.0 0.068 0.07 
-0.691 0.044 -0.066 -0.718 -0.81 -0.0 0.234 -0.538 -0.958 -0.0 0.241 -0.157 0.826 0.0 0.247 -0.507 0.953 -0.0 0.252 -0.168 -0.706 -0.0 -0.689 0.161 -1.0 0.0 0.016 -0.002 0.687 0.0 -0.723 0.066 0.995 0.0 0.068 0.071 
-0.691 0.044 -0.066 -0.719 -0.81 -0.0 0.227 -0.541 -0.958 0.0 0.239 -0.159 0.825 0.0 0.24 -0.511 0.953 0.0 0.25 -0.17 -0.706 -0.0 -0.689 0.161 -1.0 -0.0 0.016 -0.003 0.687 0.0 -0.723 0.066 0.995 0.0 0.068 0.071 
-0.69 0.044 -0.066 -0.719 -0.81 0.0 0.221 -0.543 -0.958 0.0 0.238 -0.16 0.825 -0.0 0.234 -0.514 0.953 0.0 0.25 -0.172 -0.706 -0.0 -0.689 0.161 -1.0 -0.0 0.016 -0.002 0.687 0.0 -0.723 0.065 0.995 0.0 0.068 0.071 
-0.69 0.043 -0.065 -0.719 -0.809 -0.0 0.214 -0.547 -0.958 -0.0 0.237 -0.161 0.825 0.0 0.228 -0.517 0.953 0.0 0.248 -0.174 -0.706 -0.0 -0.69 0.16 -1.0 -0.0 0.016 -0.002 0.688 0.0 -0.723 0.064 0.995 -0.0 0.067 0.072 
-0.69 0.043 -0.065 -0.72 -0.811 -0.0 0.207 -0.548 -0.958 -0.0 0.236 -0.165 0.825 0.0 0.222 -0.52 0.953 0.0 0.246 -0.175 -0.706 -0.0 -0.69 0.16 -1.0 0.0 0.016 -0.002 0.688 0.0 -0.723 0.064 0.995 0.0 0.067 0.071 
-0.689 0.043 -0.065 -0.72 -0.811 -0.0 0.201 -0.55 -0.958 -0.0 0.234 -0.165 0.825 0.0 0.217 -0.522 0.954 0.0 0.243 -0.176 -0.706 0.0 -0.69 0.16 -1.0 -0.0 0.016 -0.002 0.687 0.0 -0.724 0.061 0.995 0.0 0.068 0.074 
-0.689 0.042 -0.065 -0.72 -0.812 -0.0 0.195 -0.551 -0.958 -0.0 0.234 -0.166 0.825 0.0 0.212 -0.524 0.954 0.0 0.24 -0.178 -0.706 -0.0 -0.69 0.159 -1.0 0.0 0.017 -0.002 0.688 0.0 -0.723 0.061 0.995 0.0 0.067 0.072 
-0.689 0.042 -0.064 -0.721 -0.812 -0.0 0.19 -0.551 -0.958 -0.0 0.232 -0.167 0.825 -0.0 0.208 -0.525 0.955 0.0 0.236 -0.178 -0.706 0.0 -0.69 0.158 -1.0 0.0 0.017 -0.002 0.688 0.0 -0.724 0.06 0.995 0.0 0.067 0.072 
-0.689 0.042 -0.065 -0.721 -0.813 0.0 0.182 -0.553 -0.958 -0.0 0.231 -0.168 0.825 0.0 0.196 -0.53 0.955 0.0 0.236 -0.178 -0.706 -0.0 -0.69 0.159 -1.0 -0.0 0.017 -0.002 0.688 0.0 -0.723 0.061 0.995 0.0 0.066 0.072 
-0.688 0.042 -0.064 -0.721 -0.814 -0.0 0.177 -0.553 -0.959 0.0 0.227 -0.169 0.826 0.0 0.191 -0.531 0.955 0.0 0.235 -0.179 -0.706 -0.0 -0.69 0.158 -1.0 0.0 0.017 -0.002 0.688 0.0 -0.723 0.06 0.995 0.0 0.066 0.071 
-0.688 0.042 -0.064 -0.721 -0.815 -0.0 0.171 -0.554 -0.959 -0.0 0.227 -0.169 0.827 0.0 0.186 -0.531 0.956 0.0 0.233 -0.18 -0.706 0.0 -0.691 0.157 -1.0 0.0 0.017 -0.002 0.688 0.0 -0.723 0.059 0.995 -0.0 0.066 0.072 
-0.688 0.041 -0.064 -0.722 -0.816 -0.0 0.166 -0.553 -0.96 -0.0 0.226 -0.169 0.827 -0.0 0.181 -0.532 0.956 -0.0 0.231 -0.18 -0.706 -0.0 -0.691 0.157 -1.0 0.0 0.017 -0.002 0.688 0.0 -0.723 0.059 0.995 0.0 0.066 0.071 
-0.688 0.041 -0.063 -0.722 -0.818 -0.0 0.16 -0.553 -0.959 -0.0 0.226 -0.169 0.828 0.0 0.175 -0.532 0.956 0.0 0.23 -0.18 -0.706 0.0 -0.691 0.156 -1.0 -0.0 0.017 -0.001 0.688 0.0 -0.723 0.057 0.995 0.0 0.065 0.072 
-0.688 0.041 -0.063 -0.722 -0.819 0.0 0.156 -0.552 -0.96 0.0 0.224 -0.168 0.83 0.0 0.171 -0.531 0.956 0.0 0.23 -0.181 -0.706 0.0 -0.691 0.154 -1.0 0.0 0.017 -0.001 0.688 0.0 -0.723 0.056 0.995 0.0 0.065 0.072 
-0.688 0.04 -0.063 -0.722 -0.821 0.0 0.149 -0.551 -0.959 -0.0 0.225 -0.169 0.831 -0.0 0.167 -0.53 0.957 -0.0 0.228 -0.181 -0.706 0.0 -0.692 0.153 -1.0 -0.0 0.017 -0.001 0.688 0.0 -0.723 0.055 0.995 0.0 0.065 0.072 
-0.688 0.039 -0.062 -0.722 -0.823 0.0 0.146 -0.55 -0.96 -0.0 0.225 -0.169 0.834 0.0 0.166 -0.526 0.957 0.0 0.226 -0.182 -0.706 -0.0 -0.692 0.151 -1.0 -0.0 0.017 -0.001 0.688 0.0 -0.724 0.053 0.995 0.0 0.064 0.073 
-0.688 0.039 -0.061 -0.722 -0.824 -0.0 0.141 -0.548 -0.96 -0.0 0.225 -0.168 0.836 -0.0 0.162 -0.524 0.957 0.0 0.224 -0.182 -0.706 -0.0 -0.692 0.15 -1.0 0.0 0.017 -0.001 0.688 0.0 -0.723 0.052 0.995 0.0 0.064 0.072 
-0.688 0.038 -0.061 -0.722 -0.827 -0.0 0.138 -0.546 -0.96 0.0 0.224 -0.168 0.838 -0.0 0.159 -0.522 0.958 0.0 0.223 -0.182 -0.706 -0.0 -0.692 0.149 -1.0 -0.0 0.017 -0.001 0.688 0.0 -0.723 0.051 0.995 0.0 0.064 0.072 
-0.688 0.038 -0.061 -0.722 -0.829 -0.0 0.134 -0.543 -0.96 -0.0 0.224 -0.167 0.84 -0.0 0.154 -0.521 0.958 0.0 0.221 -0.181 -0.706 -0.0 -0.693 0.148 -1.0 -0.0 0.017 -0.001 0.689 0.0 -0.723 0.05 0.995 -0.0 0.063 0.072 
-0.688 0.038 -0.06 -0.722 -0.831 0.0 0.131 -0.541 -0.96 0.0 0.223 -0.167 0.842 0.0 0.15 -0.519 0.959 0.0 0.22 -0.18 -0.706 -0.0 -0.693 0.148 -1.0 -0.0 0.017 -0.001 0.689 0.0 -0.723 0.049 0.995 0.0 0.063 0.072 
-0.688 0.038 -0.06 -0.722 -0.833 -0.0 0.127 -0.538 -0.961 0.0 0.223 -0.166 0.844 0.0 0.147 -0.516 0.959 -0.0 0.218 -0.18 -0.706 -0.0 -0.693 0.147 -1.0 -0.0 0.017 -0.001 0.689 -0.0 -0.723 0.049 0.995 0.0 0.063 0.072 
-0.688 0.037 -0.06 -0.722 -0.835 -0.0 0.123 -0.536 -0.961 -0.0 0.223 -0.164 0.846 0.0 0.144 -0.513 0.96 0.0 0.216 -0.18 -0.706 0.0 -0.693 0.147 -1.0 0.0 0.017 -0.001 0.689 0.0 -0.723 0.048 0.995 0.0 0.063 0.072 
-0.688 0.037 -0.059 -0.722 -0.838 -0.0 0.12 -0.533 -0.961 -0.0 0.221 -0.163 0.848 0.0 0.141 -0.51 0.96 0.0 0.215 -0.179 -0.706 -0.0 -0.693 0.146 -1.0 -0.0 0.016 -0.002 0.689 0.0 -0.723 0.047 0.995 0.0 0.063 0.072 
-0.688 0.037 -0.059 -0.722 -0.84 0.0 0.117 -0.53 -0.962 -0.0 0.222 -0.161 0.851 0.0 0.138 -0.507 0.96 0.0 0.214 -0.179 -0.706 0.0 -0.693 0.146 -1.0 0.0 0.016 -0.002 0.689 0.0 -0.723 0.047 0.995 0.0 0.063 0.072 
-0.688 0.037 -0.058 -0.722 -0.843 -0.0 0.115 -0.526 -0.962 -0.0 0.221 -0.16 0.854 -0.0 0.134 -0.503 0.96 0.0 0.215 -0.179 -0.706 -0.0 -0.693 0.145 -1.0 -0.0 0.016 -0.002 0.689 0.0 -0.723 0.046 0.995 0.0 0.063 0.073 
-0.689 0.036 -0.058 -0.722 -0.846 -0.0 0.112 -0.522 -0.962 -0.0 0.221 -0.159 0.856 0.0 0.132 -0.499 0.961 0.0 0.213 -0.178 -0.706 -0.0 -0.693 0.144 -1.0 -0.0 0.015 -0.002 0.689 0.0 -0.723 0.045 0.995 0.0 0.062 0.073 
-0.689 0.036 -0.058 -0.722 -0.848 -0.0 0.109 -0.519 -0.962 0.0 0.223 -0.158 0.859 0.0 0.129 -0.495 0.961 0.0 0.212 -0.177 -0.706 0.0 -0.693 0.144 -1.0 -0.0 0.015 -0.002 0.689 0.0 -0.723 0.044 0.995 0.0 0.062 0.073 
-0.689 0.036 -0.058 -0.722 -0.851 -0.0 0.106 -0.515 -0.962 -0.0 0.222 -0.157 0.862 0.0 0.127 -0.491 0.961 0.0 0.211 -0.177 -0.707 -0.0 -0.693 0.143 -1.0 -0.0 0.014 -0.002 0.689 0.0 -0.723 0.044 0.995 0.0 0.062 0.073 
-0.689 0.036 -0.057 -0.722 -0.854 -0.0 0.104 -0.51 -0.963 0.0 0.222 -0.155 0.865 0.0 0.125 -0.487 0.962 0.0 0.21 -0.176 -0.707 -0.0 -0.693 0.143 -1.0 -0.0 0.014 -0.003 0.689 -0.0 -0.723 0.043 0.995 0.0 0.062 0.073 
-0.689 0.036 -0.057 -0.721 -0.857 -0.0 0.102 -0.506 -0.963 -0.0 0.223 -0.155 0.868 0.0 0.122 -0.482 0.962 0.0 0.209 -0.177 -0.707 0.0 -0.693 0.143 -1.0 -0.0 0.013 -0.003 0.689 0.0 -0.723 0.043 0.995 0.0 0.062 0.073 
-0.689 0.035 -0.057 -0.721 -0.86 -0.0 0.1 -0.501 -0.963 -0.0 0.222 -0.153 0.871 0.0 0.12 -0.477 0.962 0.0 0.209 -0.175 -0.707 -0.0 -0.693 0.143 -1.0 -0.0 0.013 -0.004 0.69 0.0 -0.723 0.042 0.995 -0.0 0.061 0.073 
-0.689 0.035 -0.057 -0.721 -0.863 -0.0 0.099 -0.495 -0.963 0.0 0.223 -0.153 0.874 0.0 0.119 -0.472 0.962 0.0 0.208 -0.177 -0.707 -0.0 -0.692 0.143 -1.0 -0.0 0.012 -0.004 0.69 -0.0 -0.723 0.042 0.995 0.0 0.061 0.073 
-0.69 0.035 -0.057 -0.721 -0.866 -0.0 0.097 -0.49 -0.963 -0.0 0.224 -0.152 0.876 0.0 0.118 -0.467 0.963 0.0 0.206 -0.174 -0.707 -0.0 -0.692 0.143 -1.0 -0.0 0.012 -0.005 0.69 0.0 -0.723 0.042 0.995 0.0 0.061 0.073 
-0.69 0.035 -0.056 -0.721 -0.87 -0.0 0.096 -0.484 -0.963 -0.0 0.223 -0.15 0.881 0.0 0.116 -0.459 0.962 0.0 0.205 -0.178 -0.707 -0.0 -0.692 0.143 -1.0 -0.0 0.012 -0.005 0.689 0.0 -0.723 0.042 0.995 0.0 0.061 0.073 
-0.69 0.035 -0.056 -0.721 -0.873 0.0 0.095 -0.479 -0.964 -0.0 0.221 -0.149 0.884 0.0 0.114 -0.453 0.963 0.0 0.205 -0.176 -0.708 -0.0 -0.692 0.143 -1.0 -0.0 0.011 -0.005 0.689 0.0 -0.723 0.043 0.996 0.0 0.061 0.072 
-0.69 0.034 -0.056 -0.721 -0.876 -0.0 0.095 -0.473 -0.964 -0.0 0.221 -0.148 0.888 0.0 0.115 -0.446 0.963 0.0 0.203 -0.178 -0.708 -0.0 -0.692 0.142 -1.0 -0.0 0.011 -0.006 0.689 0.0 -0.723 0.042 0.996 -0.0 0.061 0.072 
-0.69 0.035 -0.056 -0.721 -0.879 -0.0 0.093 -0.469 -0.964 -0.0 0.224 -0.145 0.89 0.0 0.112 -0.442 0.963 0.0 0.204 -0.175 -0.708 0.0 -0.692 0.143 -1.0 0.0 0.011 -0.006 0.689 0.0 -0.723 0.043 0.996 0.0 0.061 0.071 
-0.69 0.035 -0.056 -0.721 -0.882 -0.0 0.092 -0.463 -0.964 -0.0 0.223 -0.144 0.891 0.0 0.109 -0.44 0.964 0.0 0.207 -0.168 -0.708 -0.0 -0.692 0.144 -1.0 -0.0 0.011 -0.006 0.689 0.0 -0.723 0.044 0.996 0.0 0.061 0.071 
-0.691 0.035 -0.056 -0.72 -0.885 -0.0 0.092 -0.457 -0.964 -0.0 0.223 -0.143 0.895 -0.0 0.108 -0.434 0.964 0.0 0.208 -0.167 -0.708 -0.0 -0.691 0.143 -1.0 0.0 0.01 -0.006 0.689 0.0 -0.723 0.044 0.996 0.0 0.061 0.071 
-0.691 0.035 -0.056 -0.72 -0.888 -0.0 0.091 -0.451 -0.964 -0.0 0.225 -0.142 0.898 -0.0 0.106 -0.428 0.964 0.0 0.209 -0.166 -0.708 -0.0 -0.691 0.143 -1.0 -0.0 0.01 -0.006 0.689 0.0 -0.723 0.044 0.996 -0.0 0.061 0.071 
-0.691 0.035 -0.056 -0.72 -0.891 -0.0 0.09 -0.444 -0.964 -0.0 0.226 -0.142 0.902 -0.0 0.107 -0.419 0.964 0.0 0.205 -0.17 -0.708 -0.0 -0.691 0.144 -1.0 -0.0 0.011 -0.007 0.689 0.0 -0.723 0.045 0.996 0.0 0.059 0.07 
-0.691 0.035 -0.056 -0.72 -0.895 -0.0 0.089 -0.438 -0.963 0.0 0.229 -0.14 0.905 0.0 0.106 -0.413 0.964 0.0 0.205 -0.169 -0.708 -0.0 -0.691 0.145 -1.0 0.0 0.011 -0.008 0.689 0.0 -0.723 0.045 0.996 -0.0 0.062 0.07 
-0.691 0.035 -0.056 -0.72 -0.898 -0.0 0.088 -0.432 -0.963 -0.0 0.229 -0.14 0.908 0.0 0.105 -0.406 0.964 0.0 0.206 -0.168 -0.708 -0.0 -0.691 0.144 -1.0 -0.0 0.011 -0.007 0.689 0.0 -0.723 0.046 0.996 0.0 0.062 0.07 
-0.691 0.035 -0.057 -0.72 -0.901 -0.0 0.088 -0.426 -0.963 -0.0 0.231 -0.139 0.91 0.0 0.104 -0.4 0.964 0.0 0.206 -0.166 -0.707 -0.0 -0.692 0.146 -1.0 -0.0 0.012 -0.008 0.689 0.0 -0.723 0.046 0.996 0.0 0.062 0.07 
-0.691 0.035 -0.057 -0.719 -0.903 -0.0 0.088 -0.42 -0.963 0.0 0.233 -0.137 0.913 0.0 0.103 -0.394 0.964 -0.0 0.208 -0.165 -0.708 -0.0 -0.692 0.145 -1.0 -0.0 0.012 -0.007 0.689 0.0 -0.723 0.047 0.996 0.0 0.062 0.07 
-0.691 0.035 -0.057 -0.719 -0.907 -0.0 0.087 -0.413 -0.962 -0.0 0.235 -0.136 0.916 -0.0 0.102 -0.388 0.964 0.0 0.209 -0.163 -0.707 -0.0 -0.691 0.146 -1.0 -0.0 0.012 -0.008 0.689 0.0 -0.723 0.048 0.996 0.0 0.062 0.07 
-0.692 0.035 -0.057 -0.719 -0.909 -0.0 0.087 -0.407 -0.962 -0.0 0.236 -0.135 0.919 0.0 0.102 -0.382 0.964 0.0 0.21 -0.162 -0.707 -0.0 -0.692 0.147 -1.0 -0.0 0.013 -0.007 0.689 0.0 -0.723 0.049 0.996 0.0 0.063 0.07 
-0.692 0.035 -0.057 -0.719 -0.912 -0.0 0.087 -0.4 -0.962 0.0 0.238 -0.134 0.921 0.0 0.102 -0.375 0.965 -0.0 0.209 -0.161 -0.707 0.0 -0.692 0.147 -1.0 -0.0 0.013 -0.007 0.689 0.0 -0.723 0.049 0.996 -0.0 0.063 0.069 
-0.692 0.035 -0.057 -0.719 -0.915 -0.0 0.087 -0.394 -0.962 -0.0 0.238 -0.133 0.924 0.0 0.101 -0.369 0.965 0.0 0.21 -0.16 -0.707 -0.0 -0.692 0.147 -1.0 -0.0 0.013 -0.007 0.689 -0.0 -0.724 0.05 0.996 0.0 0.063 0.069 
-0.692 0.036 -0.057 -0.719 -0.918 -0.0 0.087 -0.387 -0.962 -0.0 0.24 -0.131 0.926 0.0 0.101 -0.363 0.965 0.0 0.211 -0.158 -0.707 -0.0 -0.692 0.147 -1.0 -0.0 0.013 -0.006 0.689 0.0 -0.723 0.051 0.996 0.0 0.063 0.07 
-0.692 0.036 -0.058 -0.718 -0.921 0.0 0.087 -0.38 -0.961 -0.0 0.243 -0.129 0.929 -0.0 0.102 -0.357 0.965 -0.0 0.212 -0.156 -0.707 -0.0 -0.692 0.147 -1.0 -0.0 0.014 -0.006 0.689 0.0 -0.723 0.051 0.996 -0.0 0.063 0.069 
-0.692 0.036 -0.058 -0.718 -0.923 -0.0 0.088 -0.374 -0.962 0.0 0.243 -0.128 0.931 0.0 0.102 -0.351 0.965 0.0 0.213 -0.154 -0.707 -0.0 -0.691 0.148 -1.0 -0.0 0.014 -0.006 0.689 0.0 -0.723 0.052 0.996 0.0 0.063 0.069 
-0.692 0.036 -0.058 -0.719 -0.926 -0.0 0.089 -0.367 -0.961 -0.0 0.244 -0.126 0.933 0.0 0.102 -0.345 0.965 -0.0 0.214 -0.152 -0.707 -0.0 -0.691 0.149 -1.0 -0.0 0.014 -0.007 0.688 -0.0 -0.723 0.053 0.996 0.0 0.063 0.069 
-0.692 0.037 -0.058 -0.719 -0.929 -0.0 0.089 -0.36 -0.961 -0.0 0.25 -0.122 0.935 0.0 0.103 -0.34 0.965 0.0 0.215 -0.149 -0.707 -0.0 -0.691 0.151 -1.0 -0.0 0.014 -0.007 0.688 0.0 -0.723 0.054 0.996 0.0 0.064 0.069 
-0.692 0.037 -0.059 -0.719 -0.931 -0.0 0.09 -0.353 -0.96 -0.0 0.252 -0.119 0.937 -0.0 0.103 -0.334 0.965 0.0 0.215 -0.147 -0.707 -0.0 -0.691 0.152 -1.0 -0.0 0.014 -0.008 0.688 0.0 -0.723 0.055 0.996 -0.0 0.062 0.068 
-0.692 0.037 -0.059 -0.719 -0.934 -0.0 0.09 -0.347 -0.961 -0.0 0.251 -0.119 0.939 0.0 0.104 -0.328 0.966 -0.0 0.216 -0.144 -0.707 -0.0 -0.691 0.153 -1.0 -0.0 0.014 -0.008 0.688 0.0 -0.723 0.056 0.996 -0.0 0.064 0.069 
-0.691 0.037 -0.059 -0.719 -0.936 0.0 0.092 -0.34 -0.961 -0.0 0.252 -0.116 0.941 -0.0 0.106 -0.322 0.966 0.0 0.217 -0.142 -0.707 0.0 -0.69 0.154 -1.0 -0.0 0.014 -0.007 0.688 0.0 -0.723 0.056 0.996 0.0 0.064 0.069 
-0.692 0.038 -0.059 -0.719 -0.938 -0.0 0.093 -0.334 -0.961 0.0 0.253 -0.113 0.942 0.0 0.108 -0.316 0.966 0.0 0.217 -0.139 -0.707 -0.0 -0.69 0.154 -1.0 -0.0 0.014 -0.007 0.688 0.0 -0.723 0.057 0.996 0.0 0.064 0.069 
-0.692 0.038 -0.059 -0.719 -0.94 -0.0 0.095 -0.328 -0.96 -0.0 0.257 -0.107 0.944 0.0 0.11 -0.311 0.967 0.0 0.216 -0.136 -0.707 -0.0 -0.69 0.155 -1.0 -0.0 0.014 -0.007 0.688 0.0 -0.723 0.058 0.996 0.0 0.064 0.069 
-0.692 0.038 -0.059 -0.719 -0.942 -0.0 0.097 -0.321 -0.961 -0.0 0.258 -0.105 0.946 0.0 0.114 -0.305 0.967 0.0 0.215 -0.135 -0.707 -0.0 -0.69 0.155 -1.0 -0.0 0.013 -0.007 0.688 0.0 -0.723 0.058 0.996 0.0 0.064 0.069 
-0.692 0.038 -0.06 -0.719 -0.944 -0.0 0.099 -0.316 -0.961 -0.0 0.256 -0.102 0.947 0.0 0.116 -0.298 0.968 0.0 0.215 -0.133 -0.707 0.0 -0.69 0.156 -1.0 -0.0 0.013 -0.006 0.688 0.0 -0.723 0.059 0.996 0.0 0.064 0.068 
-0.692 0.039 -0.06 -0.718 -0.945 -0.0 0.102 -0.31 -0.962 0.0 0.256 -0.098 0.949 -0.0 0.119 -0.293 0.968 0.0 0.215 -0.129 -0.707 -0.0 -0.69 0.156 -1.0 -0.0 0.013 -0.006 0.688 0.0 -0.723 0.06 0.996 0.0 0.064 0.068 
-0.692 0.039 -0.06 -0.718 -0.947 -0.0 0.106 -0.305 -0.962 -0.0 0.256 -0.093 0.951 0.0 0.124 -0.285 0.968 0.0 0.215 -0.128 -0.707 0.0 -0.69 0.155 -1.0 -0.0 0.014 -0.006 0.689 0.0 -0.723 0.06 0.996 0.0 0.062 0.068 
-0.692 0.039 -0.06 -0.719 -0.948 -0.0 0.11 -0.299 -0.963 -0.0 0.255 -0.088 0.952 -0.0 0.127 -0.279 0.968 0.0 0.215 -0.126 -0.707 -0.0 -0.69 0.156 -1.0 -0.0 0.014 -0.006 0.689 -0.0 -0.723 0.06 0.996 0.0 0.064 0.069 
-0.692 0.039 -0.06 -0.719 -0.949 -0.0 0.113 -0.294 -0.963 0.0 0.256 -0.083 0.953 0.0 0.13 -0.274 0.969 0.0 0.215 -0.122 -0.707 0.0 -0.69 0.157 -1.0 -0.0 0.013 -0.006 0.688 0.0 -0.723 0.061 0.996 0.0 0.063 0.068 
-0.692 0.039 -0.061 -0.718 -0.95 -0.0 0.117 -0.289 -0.964 -0.0 0.256 -0.077 0.954 0.0 0.133 -0.268 0.969 -0.0 0.217 -0.119 -0.707 0.0 -0.689 0.158 -1.0 -0.0 0.013 -0.006 0.688 0.0 -0.723 0.062 0.996 0.0 0.063 0.068 
-0.692 0.039 -0.061 -0.719 -0.951 -0.0 0.121 -0.283 -0.964 -0.0 0.256 -0.072 0.955 0.0 0.136 -0.263 0.969 0.0 0.218 -0.117 -0.707 -0.0 -0.689 0.158 -1.0 -0.0 0.014 -0.006 0.688 0.0 -0.723 0.062 0.996 -0.0 0.063 0.068 
-0.692 0.039 -0.061 -0.719 -0.953 -0.0 0.124 -0.278 -0.965 -0.0 0.255 -0.066 0.956 0.0 0.14 -0.258 0.969 0.0 0.218 -0.114 -0.707 -0.0 -0.689 0.159 -1.0 -0.0 0.014 -0.006 0.688 0.0 -0.723 0.063 0.996 0.0 0.063 0.069 
-0.692 0.04 -0.061 -0.718 -0.953 -0.0 0.128 -0.273 -0.965 0.0 0.255 -0.062 0.957 -0.0 0.145 -0.253 0.97 -0.0 0.218 -0.11 -0.707 -0.0 -0.689 0.16 -1.0 -0.0 0.014 -0.006 0.689 0.0 -0.722 0.064 0.996 0.0 0.063 0.067 
-0.691 0.04 -0.061 -0.719 -0.955 -0.0 0.133 -0.267 -0.965 0.0 0.254 -0.057 0.957 0.0 0.149 -0.248 0.97 0.0 0.217 -0.108 -0.706 -0.0 -0.689 0.161 -1.0 -0.0 0.014 -0.007 0.688 0.0 -0.723 0.064 0.996 0.0 0.064 0.068 
-0.692 0.04 -0.061 -0.719 -0.955 -0.0 0.138 -0.263 -0.966 -0.0 0.254 -0.05 0.958 -0.0 0.154 -0.241 0.97 0.0 0.217 -0.109 -0.707 -0.0 -0.689 0.161 -1.0 0.0 0.014 -0.007 0.688 0.0 -0.723 0.064 0.995 0.0 0.066 0.069 
-0.691 0.04 -0.061 -0.719 -0.956 -0.0 0.143 -0.258 -0.966 0.0 0.253 -0.045 0.959 0.0 0.159 -0.236 0.97 0.0 0.219 -0.106 -0.706 -0.0 -0.689 0.161 -1.0 -0.0 0.014 -0.007 0.688 0.0 -0.723 0.064 0.996 -0.0 0.064 0.068 
-0.691 0.04 -0.061 -0.719 -0.956 -0.0 0.148 -0.253 -0.967 -0.0 0.253 -0.039 0.959 0.0 0.163 -0.233 0.97 0.0 0.222 -0.1 -0.707 0.0 -0.689 0.162 -1.0 0.0 0.013 -0.007 0.688 0.0 -0.723 0.064 0.995 0.0 0.066 0.069 
-0.691 0.04 -0.061 -0.719 -0.957 0.0 0.153 -0.248 -0.967 -0.0 0.252 -0.035 0.959 0.0 0.166 -0.23 0.97 0.0 0.225 -0.095 -0.706 -0.0 -0.689 0.162 -1.0 -0.0 0.014 -0.007 0.688 0.0 -0.723 0.064 0.996 -0.0 0.065 0.068 
-0.691 0.04 -0.061 -0.719 -0.957 -0.0 0.158 -0.244 -0.968 -0.0 0.25 -0.03 0.959 0.0 0.171 -0.224 0.97 0.0 0.227 -0.093 -0.706 0.0 -0.689 0.162 -1.0 -0.0 0.013 -0.008 0.688 0.0 -0.723 0.064 0.996 0.0 0.065 0.069 
-0.691 0.04 -0.061 -0.719 -0.957 -0.0 0.163 -0.24 -0.968 -0.0 0.251 -0.024 0.96 0.0 0.176 -0.22 0.969 0.0 0.228 -0.09 -0.706 -0.0 -0.689 0.162 -1.0 -0.0 0.013 -0.008 0.688 0.0 -0.723 0.065 0.996 0.0 0.065 0.067 
-0.691 0.04 -0.061 -0.719 -0.957 0.0 0.168 -0.235 -0.968 0.0 0.25 -0.019 0.96 0.0 0.18 -0.216 0.969 0.0 0.23 -0.089 -0.707 -0.0 -0.689 0.163 -1.0 0.0 0.013 -0.008 0.688 0.0 -0.723 0.065 0.995 0.0 0.067 0.068 
-0.691 0.04 -0.061 -0.719 -0.957 -0.0 0.173 -0.232 -0.968 -0.0 0.25 -0.015 0.96 0.0 0.185 -0.212 0.969 0.0 0.232 -0.086 -0.706 0.0 -0.689 0.163 -1.0 -0.0 0.013 -0.008 0.688 0.0 -0.722 0.066 0.996 0.0 0.066 0.068 
-0.691 0.04 -0.061 -0.719 -0.957 -0.0 0.178 -0.229 -0.968 -0.0 0.251 -0.01 0.96 0.0 0.19 -0.208 0.969 0.0 0.234 -0.083 -0.707 -0.0 -0.689 0.163 -1.0 -0.0 0.013 -0.008 0.688 0.0 -0.722 0.066 0.996 0.0 0.066 0.067 
-0.691 0.04 -0.062 -0.719 -0.957 -0.0 0.182 -0.225 -0.968 -0.0 0.251 -0.007 0.959 0.0 0.195 -0.204 0.968 0.0 0.236 -0.081 -0.707 -0.0 -0.688 0.163 -1.0 -0.0 0.012 -0.008 0.688 0.0 -0.722 0.066 0.996 0.0 0.066 0.067 
-0.691 0.04 -0.061 -0.719 -0.957 -0.0 0.189 -0.221 -0.968 0.0 0.25 -0.003 0.959 -0.0 0.2 -0.2 0.968 0.0 0.237 -0.08 -0.707 -0.0 -0.688 0.163 -1.0 0.0 0.012 -0.008 0.689 0.0 -0.722 0.067 0.996 0.0 0.064 0.066 
-0.691 0.041 -0.061 -0.719 -0.957 -0.0 0.194 -0.218 -0.968 0.0 0.25 0.0 0.959 0.0 0.205 -0.196 0.968 0.0 0.238 -0.079 -0.707 -0.0 -0.688 0.163 -1.0 -0.0 0.012 -0.008 0.689 0.0 -0.722 0.067 0.996 0.0 0.064 0.066 
-0.691 0.041 -0.062 -0.719 -0.956 0.0 0.2 -0.215 -0.969 -0.0 0.248 0.004 0.958 -0.0 0.21 -0.193 0.968 0.0 0.239 -0.077 -0.707 -0.0 -0.688 0.163 -1.0 -0.0 0.012 -0.008 0.689 0.0 -0.722 0.067 0.996 0.0 0.065 0.067 
-0.691 0.041 -0.062 -0.719 -0.955 -0.0 0.206 -0.214 -0.969 -0.0 0.247 0.01 0.958 -0.0 0.216 -0.19 0.968 0.0 0.24 -0.075 -0.707 -0.0 -0.688 0.164 -1.0 -0.0 0.011 -0.008 0.689 0.0 -0.722 0.068 0.996 0.0 0.065 0.066 
-0.691 0.041 -0.062 -0.719 -0.954 -0.0 0.212 -0.214 -0.97 -0.0 0.244 0.015 0.957 0.0 0.221 -0.187 0.967 0.0 0.243 -0.074 -0.707 -0.0 -0.688 0.165 -1.0 -0.0 0.011 -0.008 0.689 -0.0 -0.722 0.068 0.996 0.0 0.065 0.066 
-0.691 0.041 -0.062 -0.719 -0.952 -0.0 0.22 -0.212 -0.971 -0.0 0.239 0.017 0.956 0.0 0.225 -0.187 0.968 0.0 0.243 -0.07 -0.707 0.0 -0.687 0.165 -1.0 -0.0 0.011 -0.007 0.689 0.0 -0.722 0.069 0.996 0.0 0.065 0.066 
-0.691 0.042 -0.063 -0.719 -0.951 -0.0 0.228 -0.211 -0.972 -0.0 0.234 0.019 0.955 0.0 0.232 -0.185 0.968 -0.0 0.244 -0.068 -0.707 -0.0 -0.687 0.166 -1.0 -0.0 0.011 -0.007 0.689 0.0 -0.722 0.07 0.996 0.0 0.065 0.067 
-0.691 0.042 -0.063 -0.719 -0.949 -0.0 0.235 -0.21 -0.973 -0.0 0.229 0.023 0.954 -0.0 0.238 -0.184 0.968 0.0 0.243 -0.066 -0.707 0.0 -0.687 0.167 -1.0 0.0 0.011 -0.008 0.689 0.0 -0.722 0.07 0.996 0.0 0.066 0.067 
-0.691 0.043 -0.063 -0.719 -0.947 -0.0 0.242 -0.21 -0.974 -0.0 0.224 0.025 0.952 0.0 0.244 -0.184 0.968 0.0 0.242 -0.063 -0.707 0.0 -0.687 0.167 -1.0 -0.0 0.01 -0.008 0.689 0.0 -0.721 0.071 0.996 0.0 0.065 0.067 
-0.691 0.043 -0.063 -0.718 -0.945 0.0 0.25 -0.209 -0.975 -0.0 0.219 0.026 0.951 -0.0 0.251 -0.183 0.969 0.0 0.24 -0.061 -0.707 0.0 -0.687 0.168 -1.0 -0.0 0.01 -0.008 0.689 0.0 -0.721 0.071 0.996 0.0 0.065 0.067 
-0.691 0.043 -0.064 -0.718 -0.943 -0.0 0.258 -0.209 -0.975 -0.0 0.221 0.035 0.949 0.0 0.258 -0.182 0.969 0.0 0.238 -0.059 -0.707 -0.0 -0.686 0.168 -1.0 0.0 0.01 -0.008 0.689 -0.0 -0.721 0.072 0.996 0.0 0.065 0.067 
-0.691 0.043 -0.064 -0.718 -0.941 -0.0 0.264 -0.21 -0.977 0.0 0.213 0.027 0.947 -0.0 0.264 -0.182 0.97 -0.0 0.238 -0.057 -0.707 -0.0 -0.686 0.169 -1.0 -0.0 0.01 -0.008 0.689 0.0 -0.721 0.072 0.996 0.0 0.065 0.067 
-0.691 0.043 -0.064 -0.718 -0.939 -0.0 0.271 -0.21 -0.977 -0.0 0.211 0.027 0.945 0.0 0.27 -0.183 0.97 0.0 0.238 -0.052 -0.708 -0.0 -0.686 0.17 -1.0 -0.0 0.01 -0.008 0.689 0.0 -0.721 0.073 0.996 0.0 0.064 0.067 
-0.692 0.044 -0.064 -0.718 -0.937 0.0 0.278 -0.21 -0.977 -0.0 0.21 0.027 0.944 0.0 0.275 -0.183 0.97 0.0 0.239 -0.052 -0.708 -0.0 -0.686 0.17 -1.0 -0.0 0.01 -0.009 0.689 0.0 -0.721 0.073 0.996 -0.0 0.064 0.067 
-0.692 0.044 -0.065 -0.718 -0.935 -0.0 0.284 -0.213 -0.977 -0.0 0.212 0.031 0.941 0.0 0.279 -0.191 0.969 0.0 0.244 -0.036 -0.708 -0.0 -0.685 0.172 -1.0 -0.0 0.01 -0.009 0.689 0.0 -0.72 0.075 0.996 0.0 0.064 0.067 
-0.692 0.044 -0.065 -0.718 -0.933 0.0 0.294 -0.208 -0.978 -0.0 0.208 0.025 0.939 -0.0 0.286 -0.192 0.969 0.0 0.245 -0.033 -0.708 -0.0 -0.685 0.171 -1.0 -0.0 0.01 -0.009 0.689 0.0 -0.721 0.075 0.996 0.0 0.064 0.067 
-0.692 0.044 -0.065 -0.718 -0.931 -0.0 0.3 -0.209 -0.978 -0.0 0.209 0.023 0.937 -0.0 0.291 -0.194 0.969 0.0 0.246 -0.032 -0.708 -0.0 -0.685 0.172 -1.0 -0.0 0.01 -0.01 0.689 0.0 -0.721 0.076 0.996 -0.0 0.064 0.066 
-0.692 0.044 -0.065 -0.718 -0.928 -0.0 0.306 -0.211 -0.977 -0.0 0.211 0.023 0.935 0.0 0.297 -0.195 0.969 0.0 0.247 -0.031 -0.708 0.0 -0.685 0.173 -1.0 0.0 0.011 -0.01 0.689 0.0 -0.72 0.077 0.996 -0.0 0.064 0.066 
-0.692 0.044 -0.066 -0.718 -0.926 -0.0 0.312 -0.214 -0.976 -0.0 0.215 0.023 0.932 0.0 0.303 -0.198 0.968 -0.0 0.247 -0.03 -0.708 -0.0 -0.684 0.175 -1.0 0.0 0.011 -0.01 0.689 0.0 -0.72 0.078 0.996 0.0 0.064 0.066 
-0.692 0.045 -0.067 -0.718 -0.923 0.0 0.317 -0.216 -0.976 -0.0 0.218 0.022 0.93 0.0 0.311 -0.194 0.969 0.0 0.246 -0.039 -0.708 -0.0 -0.684 0.176 -1.0 -0.0 0.011 -0.01 0.689 0.0 -0.721 0.079 0.996 0.0 0.064 0.066 
-0.692 0.045 -0.067 -0.717 -0.921 0.0 0.322 -0.22 -0.975 -0.0 0.22 0.019 0.928 0.0 0.317 -0.196 0.968 0.0 0.247 -0.039 -0.708 -0.0 -0.684 0.177 -1.0 -0.0 0.011 -0.01 0.689 0.0 -0.72 0.081 0.996 0.0 0.064 0.066 
-0.692 0.046 -0.068 -0.717 -0.918 -0.0 0.328 -0.224 -0.975 -0.0 0.223 0.019 0.926 -0.0 0.322 -0.198 0.969 0.0 0.245 -0.037 -0.708 -0.0 -0.684 0.177 -1.0 -0.0 0.012 -0.01 0.689 0.0 -0.72 0.083 0.996 0.0 0.063 0.063 
-0.692 0.046 -0.068 -0.717 -0.915 -0.0 0.334 -0.227 -0.974 -0.0 0.225 0.018 0.923 0.0 0.328 -0.202 0.968 0.0 0.246 -0.037 -0.708 -0.0 -0.683 0.178 -1.0 0.0 0.012 -0.01 0.689 -0.0 -0.72 0.084 0.996 0.0 0.064 0.065 
-0.693 0.047 -0.069 -0.716 -0.911 -0.0 0.34 -0.233 -0.974 -0.0 0.228 0.018 0.92 0.0 0.334 -0.205 0.967 0.0 0.25 -0.042 -0.708 -0.0 -0.683 0.179 -1.0 -0.0 0.012 -0.01 0.689 0.0 -0.72 0.087 0.996 0.0 0.064 0.062 
-0.693 0.047 -0.069 -0.716 -0.908 -0.0 0.346 -0.235 -0.973 -0.0 0.229 0.015 0.918 0.0 0.339 -0.207 0.967 -0.0 0.252 -0.043 -0.708 -0.0 -0.683 0.18 -1.0 -0.0 0.012 -0.009 0.689 0.0 -0.72 0.088 0.996 0.0 0.064 0.062 
-0.693 0.047 -0.069 -0.716 -0.905 -0.0 0.353 -0.238 -0.973 -0.0 0.23 0.013 0.915 0.0 0.345 -0.211 0.968 0.0 0.25 -0.038 -0.708 0.0 -0.683 0.18 -1.0 -0.0 0.012 -0.009 0.688 0.0 -0.72 0.089 0.996 0.0 0.063 0.061 
-0.693 0.047 -0.07 -0.716 -0.901 -0.0 0.359 -0.241 -0.971 -0.0 0.24 0.023 0.912 0.0 0.35 -0.214 0.967 0.0 0.251 -0.043 -0.708 -0.0 -0.683 0.181 -1.0 -0.0 0.013 -0.009 0.688 -0.0 -0.72 0.09 0.996 0.0 0.065 0.062 
-0.693 0.048 -0.07 -0.716 -0.898 -0.0 0.364 -0.247 -0.972 -0.0 0.234 0.009 0.909 0.0 0.355 -0.218 0.967 0.0 0.253 -0.044 -0.708 -0.0 -0.682 0.181 -1.0 0.0 0.013 -0.009 0.688 0.0 -0.72 0.091 0.996 0.0 0.063 0.061 
-0.693 0.048 -0.07 -0.715 -0.894 -0.0 0.37 -0.251 -0.972 -0.0 0.235 0.006 0.906 0.0 0.359 -0.222 0.966 -0.0 0.255 -0.046 -0.708 -0.0 -0.682 0.182 -1.0 -0.0 0.013 -0.009 0.688 0.0 -0.72 0.092 0.996 -0.0 0.065 0.062 
-0.693 0.049 -0.071 -0.715 -0.89 0.0 0.376 -0.256 -0.969 -0.0 0.245 0.019 0.903 0.0 0.365 -0.227 0.965 0.0 0.257 -0.046 -0.708 -0.0 -0.682 0.183 -1.0 -0.0 0.013 -0.009 0.688 0.0 -0.72 0.093 0.996 0.0 0.064 0.061 
-0.694 0.049 -0.071 -0.715 -0.887 -0.0 0.383 -0.26 -0.971 -0.0 0.237 0.003 0.9 0.0 0.369 -0.23 0.965 -0.0 0.258 -0.049 -0.708 -0.0 -0.682 0.183 -1.0 0.0 0.013 -0.009 0.687 0.0 -0.72 0.093 0.996 0.0 0.066 0.062 
-0.694 0.049 -0.071 -0.715 -0.883 -0.0 0.388 -0.266 -0.971 -0.0 0.24 0.002 0.897 0.0 0.373 -0.235 0.964 0.0 0.26 -0.051 -0.709 -0.0 -0.681 0.183 -1.0 -0.0 0.012 -0.008 0.687 0.0 -0.72 0.094 0.996 0.0 0.064 0.063 
-0.694 0.05 -0.072 -0.715 -0.879 -0.0 0.393 -0.271 -0.968 -0.0 0.249 0.011 0.894 0.0 0.377 -0.241 0.964 0.0 0.262 -0.052 -0.709 -0.0 -0.681 0.184 -1.0 -0.0 0.013 -0.008 0.687 0.0 -0.72 0.096 0.996 0.0 0.064 0.06 
-0.694 0.05 -0.072 -0.715 -0.875 -0.0 0.397 -0.278 -0.969 -0.0 0.247 -0.0 0.891 0.0 0.382 -0.245 0.963 0.0 0.263 -0.055 -0.709 -0.0 -0.681 0.184 -1.0 -0.0 0.013 -0.007 0.687 0.0 -0.72 0.097 0.996 -0.0 0.064 0.061 
-0.694 0.05 -0.072 -0.715 -0.87 -0.0 0.402 -0.284 -0.969 -0.0 0.247 -0.004 0.888 -0.0 0.385 -0.251 0.963 0.0 0.264 -0.057 -0.709 -0.0 -0.681 0.185 -1.0 0.0 0.013 -0.007 0.687 0.0 -0.72 0.097 0.996 0.0 0.065 0.061 
-0.694 0.05 -0.073 -0.715 -0.867 0.0 0.407 -0.289 -0.969 -0.0 0.246 -0.011 0.885 0.0 0.388 -0.258 0.962 0.0 0.265 -0.059 -0.709 -0.0 -0.68 0.185 -1.0 -0.0 0.013 -0.006 0.686 0.0 -0.721 0.095 0.996 -0.0 0.066 0.063 
-0.694 0.05 -0.073 -0.715 -0.863 0.0 0.411 -0.294 -0.969 -0.0 0.248 -0.013 0.882 -0.0 0.392 -0.263 0.962 0.0 0.265 -0.062 -0.709 -0.0 -0.68 0.185 -1.0 -0.0 0.013 -0.006 0.686 0.0 -0.721 0.095 0.996 0.0 0.066 0.064 
-0.693 0.05 -0.073 -0.715 -0.859 -0.0 0.415 -0.299 -0.968 -0.0 0.249 -0.016 0.878 0.0 0.394 -0.273 0.961 0.0 0.269 -0.057 -0.709 -0.0 -0.68 0.185 -1.0 -0.0 0.013 -0.006 0.686 0.0 -0.721 0.096 0.996 0.0 0.068 0.065 
-0.693 0.051 -0.074 -0.716 -0.855 -0.0 0.419 -0.305 -0.968 -0.0 0.252 -0.018 0.875 0.0 0.399 -0.274 0.961 0.0 0.269 -0.071 -0.709 -0.0 -0.68 0.187 -1.0 -0.0 0.014 -0.007 0.686 0.0 -0.721 0.096 0.996 0.0 0.068 0.064 
-0.693 0.051 -0.074 -0.716 -0.851 -0.0 0.422 -0.313 -0.968 0.0 0.25 -0.023 0.871 0.0 0.4 -0.286 0.961 0.0 0.269 -0.063 -0.709 -0.0 -0.68 0.187 -1.0 -0.0 0.014 -0.007 0.686 0.0 -0.721 0.098 0.996 0.0 0.066 0.063 
-0.692 0.051 -0.074 -0.716 -0.848 0.0 0.424 -0.318 -0.967 -0.0 0.252 -0.027 0.868 -0.0 0.404 -0.288 0.961 0.0 0.267 -0.072 -0.709 -0.0 -0.68 0.188 -1.0 -0.0 0.015 -0.007 0.686 0.0 -0.721 0.099 0.996 0.0 0.066 0.062 
-0.692 0.051 -0.075 -0.716 -0.844 -0.0 0.427 -0.324 -0.967 -0.0 0.254 -0.028 0.864 -0.0 0.405 -0.298 0.961 0.0 0.269 -0.068 -0.709 -0.0 -0.68 0.188 -1.0 -0.0 0.015 -0.007 0.686 -0.0 -0.721 0.099 0.996 -0.0 0.068 0.062 
-0.691 0.051 -0.075 -0.717 -0.84 -0.0 0.431 -0.329 -0.967 -0.0 0.253 -0.032 0.861 0.0 0.407 -0.304 0.961 0.0 0.268 -0.071 -0.709 -0.0 -0.68 0.189 -1.0 -0.0 0.015 -0.007 0.685 0.0 -0.722 0.097 0.996 0.0 0.069 0.064 
-0.691 0.051 -0.075 -0.717 -0.836 -0.0 0.434 -0.336 -0.968 -0.0 0.25 -0.036 0.858 0.0 0.409 -0.311 0.961 0.0 0.268 -0.073 -0.709 -0.0 -0.68 0.189 -1.0 -0.0 0.016 -0.007 0.685 -0.0 -0.722 0.098 0.996 0.0 0.069 0.063 
-0.691 0.051 -0.075 -0.717 -0.833 -0.0 0.436 -0.342 -0.967 -0.0 0.252 -0.038 0.854 -0.0 0.411 -0.318 0.961 0.0 0.266 -0.075 -0.709 -0.0 -0.68 0.189 -1.0 -0.0 0.016 -0.007 0.685 0.0 -0.722 0.098 0.996 0.0 0.069 0.063 
-0.69 0.051 -0.075 -0.718 -0.829 0.0 0.437 -0.349 -0.967 -0.0 0.251 -0.04 0.851 0.0 0.412 -0.325 0.961 0.0 0.267 -0.077 -0.708 -0.0 -0.68 0.189 -1.0 -0.0 0.017 -0.007 0.685 0.0 -0.722 0.098 0.996 -0.0 0.068 0.063 
-0.69 0.051 -0.075 -0.718 -0.825 -0.0 0.439 -0.355 -0.967 -0.0 0.25 -0.044 0.848 0.0 0.413 -0.332 0.96 0.0 0.268 -0.083 -0.708 -0.0 -0.68 0.189 -1.0 0.0 0.017 -0.006 0.685 -0.0 -0.722 0.098 0.996 0.0 0.068 0.062 
-0.69 0.051 -0.075 -0.718 -0.822 -0.0 0.439 -0.363 -0.967 -0.0 0.249 -0.046 0.845 0.0 0.415 -0.338 0.961 0.0 0.263 -0.082 -0.708 -0.0 -0.68 0.189 -1.0 0.0 0.018 -0.006 0.685 0.0 -0.722 0.097 0.996 0.0 0.068 0.063 
-0.689 0.051 -0.075 -0.719 -0.819 -0.0 0.438 -0.37 -0.967 -0.0 0.251 -0.047 0.841 0.0 0.416 -0.345 0.962 0.0 0.261 -0.084 -0.708 -0.0 -0.68 0.189 -1.0 0.0 0.018 -0.006 0.685 0.0 -0.722 0.096 0.996 0.0 0.068 0.065 
-0.689 0.051 -0.075 -0.719 -0.816 0.0 0.437 -0.379 -0.967 -0.0 0.25 -0.049 0.838 0.0 0.416 -0.353 0.962 -0.0 0.26 -0.086 -0.708 -0.0 -0.68 0.19 -1.0 -0.0 0.018 -0.006 0.685 0.0 -0.722 0.097 0.996 0.0 0.067 0.063 
-0.689 0.051 -0.075 -0.719 -0.813 -0.0 0.437 -0.386 -0.967 -0.0 0.249 -0.051 0.835 0.0 0.416 -0.36 0.962 -0.0 0.258 -0.088 -0.708 -0.0 -0.681 0.189 -1.0 -0.0 0.019 -0.006 0.686 0.0 -0.721 0.098 0.996 0.0 0.066 0.061 
-0.688 0.051 -0.075 -0.72 -0.809 -0.0 0.435 -0.394 -0.968 -0.0 0.247 -0.053 0.832 0.0 0.416 -0.367 0.962 0.0 0.256 -0.09 -0.708 -0.0 -0.681 0.189 -1.0 -0.0 0.019 -0.005 0.686 0.0 -0.721 0.098 0.996 0.0 0.066 0.061 
-0.688 0.051 -0.075 -0.72 -0.806 -0.0 0.433 -0.403 -0.968 -0.0 0.247 -0.053 0.829 0.0 0.414 -0.375 0.963 0.0 0.255 -0.091 -0.708 -0.0 -0.681 0.189 -1.0 -0.0 0.019 -0.005 0.686 0.0 -0.721 0.097 0.996 0.0 0.066 0.062 
-0.688 0.051 -0.075 -0.72 -0.803 -0.0 0.431 -0.411 -0.968 -0.0 0.246 -0.055 0.826 0.0 0.413 -0.382 0.963 0.0 0.253 -0.093 -0.708 -0.0 -0.681 0.188 -1.0 -0.0 0.019 -0.005 0.686 0.0 -0.721 0.097 0.996 0.0 0.065 0.062 
-0.687 0.051 -0.075 -0.721 -0.801 -0.0 0.428 -0.419 -0.968 -0.0 0.245 -0.057 0.824 0.0 0.411 -0.39 0.963 0.0 0.253 -0.095 -0.708 -0.0 -0.681 0.188 -1.0 0.0 0.019 -0.005 0.686 0.0 -0.721 0.094 0.996 0.0 0.066 0.064 
-0.687 0.051 -0.075 -0.721 -0.798 -0.0 0.425 -0.427 -0.968 -0.0 0.245 -0.059 0.821 0.0 0.409 -0.397 0.963 0.0 0.252 -0.096 -0.708 -0.0 -0.681 0.188 -1.0 -0.0 0.019 -0.005 0.686 0.0 -0.721 0.094 0.996 0.0 0.065 0.065 
-0.687 0.051 -0.075 -0.721 -0.796 -0.0 0.422 -0.434 -0.967 -0.0 0.246 -0.06 0.819 0.0 0.407 -0.404 0.963 -0.0 0.25 -0.097 -0.708 -0.0 -0.681 0.188 -1.0 -0.0 0.018 -0.004 0.686 0.0 -0.721 0.093 0.996 0.0 0.065 0.065 
-0.687 0.051 -0.075 -0.721 -0.794 -0.0 0.418 -0.442 -0.968 0.0 0.243 -0.063 0.816 0.0 0.405 -0.412 0.964 -0.0 0.248 -0.099 -0.708 -0.0 -0.68 0.188 -1.0 -0.0 0.018 -0.005 0.686 -0.0 -0.721 0.093 0.996 0.0 0.065 0.065 
-0.687 0.051 -0.075 -0.721 -0.792 -0.0 0.414 -0.449 -0.968 -0.0 0.244 -0.064 0.815 0.0 0.402 -0.418 0.964 0.0 0.247 -0.101 -0.708 -0.0 -0.68 0.187 -1.0 -0.0 0.018 -0.005 0.686 0.0 -0.722 0.092 0.996 0.0 0.065 0.066 
-0.686 0.05 -0.075 -0.722 -0.79 -0.0 0.41 -0.456 -0.968 -0.0 0.241 -0.068 0.812 0.0 0.399 -0.425 0.964 -0.0 0.245 -0.103 -0.709 0.0 -0.68 0.187 -1.0 -0.0 0.018 -0.005 0.686 0.0 -0.722 0.091 0.996 0.0 0.065 0.066 
-0.686 0.05 -0.075 -0.722 -0.789 -0.0 0.404 -0.463 -0.968 -0.0 0.243 -0.069 0.81 0.0 0.397 -0.431 0.964 0.0 0.242 -0.105 -0.709 -0.0 -0.68 0.187 -1.0 -0.0 0.017 -0.005 0.686 0.0 -0.722 0.09 0.996 -0.0 0.065 0.066 
-0.686 0.05 -0.075 -0.722 -0.787 0.0 0.401 -0.469 -0.968 -0.0 0.24 -0.071 0.808 0.0 0.392 -0.439 0.964 0.0 0.243 -0.106 -0.709 -0.0 -0.68 0.186 -1.0 -0.0 0.018 -0.004 0.686 0.0 -0.722 0.089 0.996 -0.0 0.065 0.066 
-0.685 0.05 -0.075 -0.723 -0.785 -0.0 0.396 -0.476 -0.968 -0.0 0.24 -0.073 0.807 -0.0 0.389 -0.445 0.965 0.0 0.24 -0.108 -0.709 -0.0 -0.68 0.186 -1.0 -0.0 0.017 -0.005 0.686 0.0 -0.722 0.089 0.996 0.0 0.064 0.066 
-0.685 0.05 -0.074 -0.723 -0.784 -0.0 0.391 -0.482 -0.969 -0.0 0.236 -0.076 0.805 0.0 0.384 -0.451 0.965 0.0 0.24 -0.11 -0.709 -0.0 -0.68 0.186 -1.0 -0.0 0.017 -0.005 0.686 0.0 -0.722 0.088 0.996 0.0 0.064 0.066 
-0.685 0.049 -0.074 -0.723 -0.783 -0.0 0.385 -0.488 -0.969 -0.0 0.236 -0.078 0.804 0.0 0.379 -0.458 0.965 0.0 0.239 -0.112 -0.709 -0.0 -0.68 0.186 -1.0 -0.0 0.017 -0.005 0.686 0.0 -0.722 0.087 0.996 0.0 0.064 0.066 
-0.684 0.049 -0.074 -0.724 -0.782 0.0 0.38 -0.494 -0.969 -0.0 0.234 -0.081 0.802 0.0 0.376 -0.463 0.965 0.0 0.235 -0.114 -0.709 -0.0 -0.68 0.185 -1.0 -0.0 0.017 -0.005 0.686 0.0 -0.722 0.086 0.996 0.0 0.063 0.067 
-0.684 0.049 -0.074 -0.724 -0.782 -0.0 0.373 -0.499 -0.968 0.0 0.236 -0.083 0.802 0.0 0.37 -0.469 0.965 0.0 0.236 -0.115 -0.709 0.0 -0.68 0.186 -1.0 -0.0 0.017 -0.006 0.686 -0.0 -0.722 0.086 0.996 -0.0 0.063 0.067 
-0.684 0.049 -0.074 -0.724 -0.781 -0.0 0.368 -0.505 -0.969 -0.0 0.232 -0.085 0.801 0.0 0.365 -0.475 0.965 0.0 0.234 -0.117 -0.709 -0.0 -0.681 0.185 -1.0 -0.0 0.017 -0.006 0.687 0.0 -0.722 0.085 0.996 -0.0 0.063 0.066 
-0.683 0.048 -0.074 -0.725 -0.78 -0.0 0.361 -0.51 -0.969 0.0 0.231 -0.088 0.8 0.0 0.359 -0.48 0.965 0.0 0.233 -0.12 -0.709 -0.0 -0.681 0.185 -1.0 -0.0 0.017 -0.006 0.687 0.0 -0.722 0.084 0.996 0.0 0.063 0.066 
-0.683 0.048 -0.073 -0.725 -0.78 -0.0 0.355 -0.515 -0.969 -0.0 0.229 -0.091 0.8 0.0 0.355 -0.484 0.965 0.0 0.232 -0.122 -0.709 -0.0 -0.681 0.185 -1.0 -0.0 0.017 -0.006 0.687 0.0 -0.722 0.083 0.996 0.0 0.063 0.066 
-0.683 0.048 -0.073 -0.725 -0.78 -0.0 0.348 -0.52 -0.969 -0.0 0.227 -0.094 0.8 0.0 0.349 -0.489 0.965 0.0 0.23 -0.124 -0.709 -0.0 -0.681 0.184 -1.0 -0.0 0.017 -0.006 0.687 0.0 -0.721 0.085 0.996 0.0 0.061 0.064 
-0.683 0.048 -0.073 -0.725 -0.78 0.0 0.342 -0.524 -0.97 -0.0 0.225 -0.096 0.799 0.0 0.346 -0.492 0.966 0.0 0.225 -0.125 -0.708 -0.0 -0.681 0.184 -1.0 -0.0 0.018 -0.006 0.687 0.0 -0.721 0.084 0.996 0.0 0.06 0.064 
-0.683 0.048 -0.072 -0.726 -0.78 -0.0 0.337 -0.527 -0.97 -0.0 0.222 -0.099 0.799 0.0 0.34 -0.496 0.966 -0.0 0.224 -0.128 -0.708 -0.0 -0.682 0.183 -1.0 -0.0 0.018 -0.006 0.688 0.0 -0.721 0.083 0.996 0.0 0.06 0.064 
-0.683 0.047 -0.072 -0.726 -0.78 0.0 0.331 -0.531 -0.97 0.0 0.22 -0.102 0.799 -0.0 0.334 -0.499 0.966 0.0 0.222 -0.13 -0.708 -0.0 -0.682 0.182 -1.0 0.0 0.018 -0.006 0.687 -0.0 -0.722 0.081 0.996 -0.0 0.061 0.066 
-0.683 0.047 -0.072 -0.726 -0.78 0.0 0.325 -0.535 -0.97 -0.0 0.218 -0.103 0.8 -0.0 0.327 -0.503 0.966 0.0 0.223 -0.131 -0.708 -0.0 -0.682 0.182 -1.0 -0.0 0.019 -0.006 0.687 0.0 -0.722 0.08 0.996 0.0 0.061 0.067 
-0.683 0.047 -0.072 -0.726 -0.781 0.0 0.318 -0.538 -0.971 -0.0 0.216 -0.105 0.801 0.0 0.321 -0.506 0.966 0.0 0.222 -0.133 -0.708 -0.0 -0.682 0.182 -1.0 -0.0 0.019 -0.005 0.687 0.0 -0.722 0.08 0.996 0.0 0.061 0.067 
-0.682 0.047 -0.071 -0.726 -0.782 0.0 0.315 -0.538 -0.971 -0.0 0.213 -0.108 0.801 -0.0 0.318 -0.508 0.967 0.0 0.217 -0.134 -0.708 -0.0 -0.683 0.18 -1.0 0.0 0.019 -0.005 0.687 -0.0 -0.722 0.079 0.996 0.0 0.061 0.067 
-0.682 0.047 -0.071 -0.726 -0.783 -0.0 0.307 -0.541 -0.97 -0.0 0.215 -0.11 0.802 -0.0 0.31 -0.51 0.966 0.0 0.219 -0.136 -0.708 0.0 -0.683 0.18 -1.0 -0.0 0.019 -0.005 0.688 0.0 -0.721 0.08 0.996 0.0 0.059 0.065 
-0.683 0.046 -0.071 -0.726 -0.783 -0.0 0.3 -0.545 -0.971 -0.0 0.214 -0.112 0.803 0.0 0.306 -0.511 0.967 0.0 0.215 -0.138 -0.708 -0.0 -0.683 0.179 -1.0 -0.0 0.019 -0.005 0.687 0.0 -0.722 0.077 0.996 0.0 0.06 0.069 
-0.683 0.046 -0.071 -0.726 -0.784 -0.0 0.294 -0.546 -0.971 -0.0 0.211 -0.114 0.805 0.0 0.3 -0.512 0.967 0.0 0.214 -0.139 -0.708 -0.0 -0.683 0.179 -1.0 -0.0 0.019 -0.004 0.687 -0.0 -0.723 0.076 0.996 0.0 0.061 0.07 
-0.683 0.046 -0.071 -0.726 -0.785 0.0 0.285 -0.549 -0.97 0.0 0.212 -0.116 0.806 0.0 0.294 -0.513 0.967 0.0 0.214 -0.141 -0.708 -0.0 -0.683 0.179 -1.0 -0.0 0.019 -0.004 0.688 -0.0 -0.722 0.078 0.996 0.0 0.06 0.067 
-0.683 0.046 -0.071 -0.726 -0.787 -0.0 0.28 -0.551 -0.97 -0.0 0.212 -0.117 0.807 0.0 0.29 -0.514 0.967 -0.0 0.212 -0.141 -0.708 -0.0 -0.683 0.178 -1.0 -0.0 0.019 -0.004 0.688 0.0 -0.722 0.077 0.996 0.0 0.06 0.068 
-0.683 0.046 -0.07 -0.726 -0.788 -0.0 0.276 -0.55 -0.971 -0.0 0.209 -0.119 0.809 0.0 0.286 -0.514 0.968 0.0 0.21 -0.141 -0.708 -0.0 -0.684 0.177 -1.0 -0.0 0.019 -0.003 0.687 0.0 -0.723 0.073 0.996 -0.0 0.061 0.071 
-0.683 0.045 -0.07 -0.726 -0.79 -0.0 0.27 -0.551 -0.97 -0.0 0.209 -0.121 0.81 0.0 0.282 -0.514 0.968 -0.0 0.209 -0.142 -0.708 -0.0 -0.684 0.176 -1.0 0.0 0.019 -0.003 0.687 0.0 -0.723 0.072 0.996 0.0 0.061 0.072 
-0.683 0.045 -0.07 -0.726 -0.792 0.0 0.264 -0.551 -0.97 -0.0 0.209 -0.123 0.812 0.0 0.277 -0.514 0.968 0.0 0.208 -0.142 -0.709 0.0 -0.683 0.176 -1.0 0.0 0.019 -0.004 0.686 0.0 -0.724 0.072 0.996 0.0 0.062 0.071 
-0.682 0.045 -0.07 -0.726 -0.794 0.0 0.26 -0.55 -0.971 -0.0 0.206 -0.124 0.814 0.0 0.273 -0.513 0.968 0.0 0.207 -0.142 -0.709 -0.0 -0.683 0.175 -1.0 -0.0 0.019 -0.003 0.686 0.0 -0.724 0.071 0.996 -0.0 0.061 0.072 
-0.682 0.044 -0.069 -0.727 -0.796 -0.0 0.255 -0.549 -0.97 -0.0 0.208 -0.125 0.816 -0.0 0.269 -0.512 0.967 0.0 0.208 -0.147 -0.709 -0.0 -0.683 0.174 -1.0 0.0 0.019 -0.003 0.686 0.0 -0.724 0.07 0.996 0.0 0.061 0.072 
-0.682 0.044 -0.069 -0.726 -0.798 -0.0 0.251 -0.547 -0.97 -0.0 0.207 -0.126 0.818 -0.0 0.266 -0.51 0.968 -0.0 0.206 -0.143 -0.709 -0.0 -0.684 0.173 -1.0 0.0 0.019 -0.003 0.686 0.0 -0.724 0.069 0.995 0.0 0.061 0.073 
-0.682 0.044 -0.069 -0.727 -0.8 0.0 0.245 -0.547 -0.97 -0.0 0.208 -0.125 0.82 -0.0 0.262 -0.508 0.968 0.0 0.206 -0.143 -0.709 -0.0 -0.684 0.173 -1.0 -0.0 0.019 -0.003 0.686 -0.0 -0.724 0.068 0.995 -0.0 0.061 0.073 
-0.682 0.044 -0.069 -0.727 -0.802 -0.0 0.239 -0.547 -0.97 0.0 0.209 -0.125 0.823 0.0 0.258 -0.507 0.968 0.0 0.206 -0.143 -0.709 -0.0 -0.684 0.174 -1.0 -0.0 0.019 -0.003 0.687 0.0 -0.724 0.071 0.996 0.0 0.06 0.07 
-0.682 0.043 -0.069 -0.727 -0.805 -0.0 0.236 -0.545 -0.97 -0.0 0.207 -0.126 0.825 0.0 0.254 -0.505 0.968 0.0 0.206 -0.143 -0.709 0.0 -0.684 0.173 -1.0 -0.0 0.018 -0.003 0.687 0.0 -0.724 0.07 0.996 -0.0 0.06 0.07 
-0.682 0.043 -0.069 -0.727 -0.807 0.0 0.231 -0.543 -0.97 -0.0 0.207 -0.125 0.828 -0.0 0.25 -0.502 0.968 0.0 0.205 -0.142 -0.709 -0.0 -0.684 0.173 -1.0 -0.0 0.018 -0.003 0.686 0.0 -0.724 0.067 0.995 0.0 0.061 0.072 
-0.682 0.043 -0.068 -0.727 -0.81 0.0 0.227 -0.541 -0.97 -0.0 0.208 -0.125 0.83 0.0 0.246 -0.5 0.968 0.0 0.205 -0.142 -0.709 -0.0 -0.684 0.173 -1.0 0.0 0.019 -0.003 0.686 0.0 -0.724 0.067 0.995 0.0 0.061 0.073 
-0.682 0.043 -0.068 -0.727 -0.813 -0.0 0.222 -0.539 -0.97 0.0 0.207 -0.124 0.833 0.0 0.243 -0.498 0.969 0.0 0.204 -0.142 -0.709 -0.0 -0.684 0.173 -1.0 -0.0 0.019 -0.003 0.686 0.0 -0.724 0.067 0.996 0.0 0.061 0.072 
-0.681 0.043 -0.068 -0.727 -0.815 -0.0 0.217 -0.537 -0.97 -0.0 0.207 -0.123 0.835 0.0 0.24 -0.495 0.969 0.0 0.204 -0.141 -0.709 -0.0 -0.684 0.173 -1.0 -0.0 0.019 -0.004 0.687 -0.0 -0.724 0.07 0.996 0.0 0.06 0.069 
-0.681 0.043 -0.068 -0.727 -0.818 -0.0 0.213 -0.534 -0.97 -0.0 0.211 -0.121 0.838 0.0 0.236 -0.492 0.969 0.0 0.204 -0.14 -0.709 0.0 -0.684 0.173 -1.0 -0.0 0.019 -0.004 0.687 0.0 -0.724 0.07 0.996 0.0 0.06 0.069 
-0.681 0.042 -0.068 -0.728 -0.821 -0.0 0.21 -0.531 -0.97 -0.0 0.209 -0.121 0.841 0.0 0.232 -0.489 0.968 -0.0 0.206 -0.14 -0.709 0.0 -0.684 0.173 -1.0 -0.0 0.019 -0.004 0.686 0.0 -0.724 0.068 0.996 0.0 0.06 0.071 
-0.681 0.042 -0.068 -0.727 -0.824 -0.0 0.205 -0.529 -0.971 0.0 0.207 -0.119 0.844 0.0 0.229 -0.486 0.969 0.0 0.205 -0.139 -0.709 -0.0 -0.684 0.173 -1.0 -0.0 0.019 -0.004 0.687 0.0 -0.723 0.07 0.996 0.0 0.059 0.068 
-0.681 0.042 -0.068 -0.728 -0.826 -0.0 0.201 -0.527 -0.971 -0.0 0.208 -0.116 0.846 0.0 0.227 -0.482 0.969 0.0 0.203 -0.138 -0.709 -0.0 -0.684 0.173 -1.0 -0.0 0.019 -0.004 0.687 0.0 -0.723 0.07 0.996 0.0 0.059 0.068 
-0.681 0.042 -0.068 -0.727 -0.829 -0.0 0.197 -0.523 -0.97 -0.0 0.213 -0.114 0.849 0.0 0.223 -0.479 0.969 0.0 0.204 -0.138 -0.709 -0.0 -0.684 0.174 -1.0 0.0 0.019 -0.004 0.687 0.0 -0.723 0.071 0.996 0.0 0.059 0.068 
-0.681 0.042 -0.068 -0.728 -0.832 -0.0 0.193 -0.52 -0.971 -0.0 0.213 -0.111 0.852 0.0 0.22 -0.475 0.969 0.0 0.204 -0.136 -0.708 -0.0 -0.684 0.174 -1.0 -0.0 0.019 -0.004 0.687 0.0 -0.724 0.069 0.996 0.0 0.06 0.07 
-0.682 0.042 -0.068 -0.727 -0.835 -0.0 0.19 -0.517 -0.971 0.0 0.213 -0.108 0.855 0.0 0.217 -0.471 0.97 0.0 0.203 -0.135 -0.709 0.0 -0.684 0.173 -1.0 -0.0 0.018 -0.003 0.687 0.0 -0.724 0.069 0.996 -0.0 0.06 0.071 
-0.682 0.042 -0.068 -0.727 -0.837 -0.0 0.186 -0.514 -0.973 0.0 0.206 -0.106 0.858 0.0 0.214 -0.467 0.97 0.0 0.204 -0.135 -0.708 -0.0 -0.684 0.174 -1.0 -0.0 0.019 -0.004 0.687 0.0 -0.724 0.07 0.996 0.0 0.06 0.07 
-0.682 0.042 -0.067 -0.727 -0.84 -0.0 0.183 -0.511 -0.973 -0.0 0.206 -0.101 0.862 0.0 0.214 -0.459 0.97 0.0 0.202 -0.136 -0.708 -0.0 -0.684 0.173 -1.0 0.0 0.019 -0.004 0.687 0.0 -0.723 0.068 0.996 0.0 0.06 0.07 
-0.682 0.042 -0.067 -0.727 -0.842 -0.0 0.18 -0.508 -0.973 -0.0 0.211 -0.096 0.865 0.0 0.212 -0.455 0.97 0.0 0.2 -0.134 -0.708 -0.0 -0.684 0.173 -1.0 -0.0 0.019 -0.004 0.687 -0.0 -0.723 0.071 0.996 -0.0 0.059 0.067 
-0.682 0.042 -0.067 -0.727 -0.845 0.0 0.176 -0.504 -0.973 -0.0 0.21 -0.093 0.868 0.0 0.21 -0.451 0.97 0.0 0.203 -0.134 -0.708 -0.0 -0.684 0.174 -1.0 -0.0 0.018 -0.004 0.687 0.0 -0.723 0.069 0.996 0.0 0.06 0.07 
-0.682 0.042 -0.067 -0.727 -0.848 -0.0 0.173 -0.501 -0.974 -0.0 0.21 -0.09 0.871 0.0 0.207 -0.446 0.97 0.0 0.202 -0.133 -0.708 -0.0 -0.684 0.174 -1.0 0.0 0.018 -0.004 0.687 0.0 -0.723 0.069 0.996 0.0 0.06 0.071 
-0.682 0.042 -0.067 -0.727 -0.851 0.0 0.171 -0.497 -0.974 0.0 0.209 -0.088 0.874 0.0 0.205 -0.441 0.971 0.0 0.202 -0.13 -0.708 -0.0 -0.684 0.174 -1.0 -0.0 0.018 -0.004 0.687 -0.0 -0.723 0.069 0.996 0.0 0.06 0.071 
-0.683 0.043 -0.067 -0.727 -0.854 -0.0 0.168 -0.492 -0.975 -0.0 0.204 -0.088 0.877 0.0 0.201 -0.437 0.971 -0.0 0.203 -0.129 -0.708 0.0 -0.684 0.174 -1.0 -0.0 0.018 -0.003 0.687 0.0 -0.723 0.07 0.996 0.0 0.06 0.071 
-0.683 0.042 -0.067 -0.727 -0.858 -0.0 0.166 -0.487 -0.975 -0.0 0.203 -0.087 0.879 0.0 0.2 -0.432 0.971 0.0 0.203 -0.128 -0.708 0.0 -0.684 0.173 -1.0 -0.0 0.018 -0.003 0.688 0.0 -0.722 0.071 0.996 0.0 0.059 0.069 
-0.683 0.043 -0.067 -0.726 -0.861 -0.0 0.164 -0.482 -0.975 -0.0 0.204 -0.085 0.882 0.0 0.198 -0.427 0.971 0.0 0.202 -0.127 -0.708 -0.0 -0.684 0.174 -1.0 0.0 0.017 -0.003 0.688 0.0 -0.722 0.072 0.996 0.0 0.059 0.069 
-0.683 0.043 -0.067 -0.726 -0.863 -0.0 0.162 -0.478 -0.976 -0.0 0.204 -0.082 0.885 0.0 0.195 -0.423 0.971 0.0 0.203 -0.125 -0.708 -0.0 -0.684 0.174 -1.0 -0.0 0.018 -0.003 0.688 0.0 -0.722 0.072 0.996 0.0 0.059 0.07 
-0.683 0.043 -0.067 -0.726 -0.867 -0.0 0.16 -0.473 -0.976 0.0 0.201 -0.08 0.888 0.0 0.193 -0.418 0.971 -0.0 0.203 -0.125 -0.708 -0.0 -0.684 0.175 -1.0 -0.0 0.017 -0.003 0.688 0.0 -0.722 0.072 0.996 0.0 0.06 0.069 
-0.683 0.043 -0.067 -0.726 -0.87 -0.0 0.158 -0.468 -0.977 -0.0 0.2 -0.078 0.891 0.0 0.191 -0.413 0.971 0.0 0.203 -0.122 -0.708 -0.0 -0.684 0.176 -1.0 -0.0 0.017 -0.003 0.688 0.0 -0.722 0.073 0.996 0.0 0.061 0.069 
-0.683 0.043 -0.067 -0.726 -0.873 -0.0 0.156 -0.463 -0.976 -0.0 0.204 -0.075 0.893 0.0 0.189 -0.408 0.972 -0.0 0.203 -0.121 -0.708 -0.0 -0.684 0.176 -1.0 -0.0 0.017 -0.004 0.688 0.0 -0.722 0.074 0.996 0.0 0.061 0.069 
-0.683 0.043 -0.067 -0.726 -0.875 -0.0 0.155 -0.458 -0.977 -0.0 0.199 -0.074 0.896 0.0 0.187 -0.403 0.972 0.0 0.204 -0.119 -0.708 -0.0 -0.684 0.177 -1.0 0.0 0.017 -0.004 0.687 0.0 -0.723 0.074 0.996 0.0 0.062 0.069 
-0.683 0.043 -0.067 -0.726 -0.879 -0.0 0.154 -0.452 -0.977 -0.0 0.199 -0.073 0.898 0.0 0.186 -0.398 0.972 0.0 0.204 -0.118 -0.708 -0.0 -0.684 0.177 -1.0 -0.0 0.017 -0.004 0.687 0.0 -0.723 0.073 0.995 0.0 0.064 0.072 
-0.683 0.044 -0.067 -0.726 -0.882 -0.0 0.152 -0.446 -0.977 -0.0 0.2 -0.071 0.901 0.0 0.184 -0.393 0.972 0.0 0.205 -0.117 -0.708 -0.0 -0.684 0.178 -1.0 -0.0 0.017 -0.004 0.686 0.0 -0.724 0.073 0.995 -0.0 0.065 0.071 
-0.683 0.044 -0.067 -0.726 -0.885 -0.0 0.151 -0.44 -0.977 0.0 0.199 -0.071 0.903 0.0 0.182 -0.388 0.972 -0.0 0.205 -0.115 -0.708 -0.0 -0.684 0.178 -1.0 -0.0 0.018 -0.004 0.686 0.0 -0.723 0.076 0.996 0.0 0.064 0.069 
-0.683 0.044 -0.067 -0.726 -0.888 0.0 0.15 -0.435 -0.977 -0.0 0.202 -0.068 0.906 0.0 0.181 -0.383 0.972 0.0 0.205 -0.114 -0.708 -0.0 -0.683 0.178 -1.0 -0.0 0.017 -0.003 0.686 -0.0 -0.723 0.076 0.996 0.0 0.064 0.069 
-0.683 0.044 -0.068 -0.726 -0.891 0.0 0.149 -0.429 -0.977 -0.0 0.204 -0.066 0.908 0.0 0.18 -0.378 0.972 0.0 0.206 -0.112 -0.708 -0.0 -0.684 0.179 -1.0 -0.0 0.018 -0.004 0.686 0.0 -0.724 0.077 0.996 -0.0 0.065 0.069 
-0.683 0.044 -0.068 -0.726 -0.894 -0.0 0.148 -0.423 -0.977 0.0 0.2 -0.067 0.911 0.0 0.178 -0.373 0.972 0.0 0.207 -0.111 -0.708 0.0 -0.683 0.179 -1.0 -0.0 0.018 -0.004 0.686 0.0 -0.724 0.077 0.995 -0.0 0.066 0.069 
-0.683 0.044 -0.068 -0.726 -0.897 -0.0 0.147 -0.417 -0.977 -0.0 0.202 -0.065 0.913 0.0 0.177 -0.368 0.972 0.0 0.208 -0.11 -0.708 0.0 -0.683 0.18 -1.0 -0.0 0.018 -0.004 0.686 -0.0 -0.724 0.078 0.995 0.0 0.066 0.068 
-0.683 0.044 -0.068 -0.726 -0.9 -0.0 0.146 -0.411 -0.977 -0.0 0.202 -0.064 0.916 0.0 0.175 -0.362 0.972 0.0 0.21 -0.109 -0.708 -0.0 -0.683 0.181 -1.0 -0.0 0.018 -0.004 0.685 0.0 -0.725 0.077 0.995 -0.0 0.068 0.07 
-0.683 0.044 -0.068 -0.726 -0.903 -0.0 0.144 -0.405 -0.977 0.0 0.203 -0.063 0.918 0.0 0.174 -0.357 0.972 0.0 0.211 -0.108 -0.707 0.0 -0.683 0.182 -1.0 -0.0 0.018 -0.005 0.685 0.0 -0.725 0.078 0.995 -0.0 0.068 0.07 
-0.683 0.044 -0.068 -0.726 -0.906 -0.0 0.143 -0.399 -0.977 -0.0 0.206 -0.061 0.92 0.0 0.172 -0.352 0.972 0.0 0.212 -0.105 -0.707 -0.0 -0.683 0.183 -1.0 -0.0 0.018 -0.005 0.685 -0.0 -0.725 0.078 0.995 0.0 0.068 0.07 
-0.682 0.044 -0.069 -0.726 -0.908 0.0 0.143 -0.394 -0.977 -0.0 0.206 -0.059 0.922 -0.0 0.171 -0.348 0.971 0.0 0.214 -0.104 -0.707 -0.0 -0.682 0.184 -1.0 -0.0 0.018 -0.006 0.685 0.0 -0.725 0.079 0.995 0.0 0.069 0.069 
-0.682 0.044 -0.069 -0.726 -0.911 0.0 0.142 -0.388 -0.977 -0.0 0.204 -0.058 0.924 0.0 0.17 -0.343 0.971 0.0 0.215 -0.102 -0.707 -0.0 -0.682 0.185 -1.0 -0.0 0.018 -0.006 0.685 -0.0 -0.724 0.081 0.995 0.0 0.068 0.067 
-0.682 0.044 -0.069 -0.726 -0.913 -0.0 0.142 -0.382 -0.977 -0.0 0.206 -0.058 0.926 0.0 0.168 -0.337 0.971 -0.0 0.217 -0.101 -0.707 0.0 -0.682 0.185 -1.0 0.0 0.018 -0.006 0.685 0.0 -0.724 0.08 0.995 0.0 0.068 0.069 
-0.683 0.044 -0.069 -0.726 -0.915 -0.0 0.142 -0.377 -0.977 -0.0 0.206 -0.056 0.929 0.0 0.167 -0.332 0.971 -0.0 0.219 -0.099 -0.707 -0.0 -0.682 0.185 -1.0 -0.0 0.018 -0.006 0.685 0.0 -0.724 0.08 0.995 -0.0 0.068 0.069 
-0.683 0.044 -0.069 -0.726 -0.918 -0.0 0.141 -0.371 -0.976 -0.0 0.21 -0.053 0.931 0.0 0.166 -0.326 0.971 0.0 0.22 -0.097 -0.708 -0.0 -0.682 0.186 -1.0 -0.0 0.018 -0.006 0.685 0.0 -0.723 0.083 0.996 0.0 0.067 0.066 
-0.683 0.044 -0.069 -0.726 -0.92 -0.0 0.142 -0.366 -0.976 -0.0 0.211 -0.051 0.933 0.0 0.165 -0.321 0.97 -0.0 0.221 -0.096 -0.707 -0.0 -0.682 0.186 -1.0 -0.0 0.018 -0.006 0.685 0.0 -0.724 0.081 0.995 0.0 0.067 0.069 
-0.683 0.044 -0.069 -0.726 -0.922 -0.0 0.142 -0.361 -0.977 -0.0 0.209 -0.05 0.935 0.0 0.165 -0.315 0.971 0.0 0.222 -0.093 -0.707 -0.0 -0.682 0.186 -1.0 -0.0 0.019 -0.006 0.685 -0.0 -0.724 0.082 0.995 0.0 0.067 0.069 
-0.683 0.044 -0.069 -0.726 -0.924 0.0 0.143 -0.355 -0.977 -0.0 0.21 -0.049 0.936 0.0 0.164 -0.31 0.971 0.0 0.222 -0.091 -0.708 0.0 -0.682 0.186 -1.0 -0.0 0.018 -0.006 0.685 0.0 -0.723 0.082 0.995 0.0 0.066 0.068 
-0.683 0.044 -0.069 -0.726 -0.926 -0.0 0.143 -0.349 -0.976 -0.0 0.212 -0.046 0.938 0.0 0.164 -0.305 0.971 0.0 0.221 -0.089 -0.707 -0.0 -0.682 0.187 -1.0 -0.0 0.018 -0.006 0.686 0.0 -0.723 0.083 0.995 0.0 0.066 0.068 
-0.683 0.045 -0.069 -0.725 -0.928 0.0 0.145 -0.344 -0.977 -0.0 0.21 -0.046 0.94 0.0 0.165 -0.299 0.971 0.0 0.221 -0.086 -0.707 -0.0 -0.682 0.187 -1.0 -0.0 0.019 -0.006 0.686 -0.0 -0.723 0.083 0.996 0.0 0.066 0.068 
-0.684 0.045 -0.069 -0.725 -0.93 -0.0 0.146 -0.338 -0.977 -0.0 0.208 -0.046 0.941 -0.0 0.165 -0.294 0.972 0.0 0.22 -0.085 -0.707 -0.0 -0.682 0.187 -1.0 -0.0 0.019 -0.006 0.686 0.0 -0.723 0.083 0.996 0.0 0.065 0.068 
-0.684 0.045 -0.069 -0.725 -0.931 0.0 0.148 -0.333 -0.977 -0.0 0.211 -0.041 0.943 0.0 0.166 -0.288 0.972 0.0 0.219 -0.083 -0.707 -0.0 -0.681 0.188 -1.0 -0.0 0.018 -0.007 0.686 0.0 -0.723 0.084 0.996 0.0 0.065 0.068 
-0.684 0.045 -0.069 -0.725 -0.933 -0.0 0.149 -0.328 -0.977 -0.0 0.209 -0.04 0.944 0.0 0.166 -0.284 0.972 0.0 0.22 -0.082 -0.707 -0.0 -0.682 0.188 -1.0 -0.0 0.019 -0.007 0.686 0.0 -0.722 0.084 0.996 0.0 0.065 0.069 
-0.684 0.045 -0.069 -0.725 -0.934 -0.0 0.151 -0.323 -0.977 -0.0 0.21 -0.036 0.946 0.0 0.166 -0.279 0.972 0.0 0.22 -0.079 -0.707 -0.0 -0.681 0.188 -1.0 -0.0 0.019 -0.007 0.687 0.0 -0.722 0.084 0.996 -0.0 0.064 0.069 
-0.684 0.045 -0.069 -0.724 -0.935 -0.0 0.154 -0.318 -0.978 -0.0 0.206 -0.036 0.947 0.0 0.167 -0.273 0.972 0.0 0.221 -0.078 -0.707 -0.0 -0.682 0.189 -1.0 -0.0 0.019 -0.007 0.687 0.0 -0.722 0.085 0.996 0.0 0.064 0.069 
-0.684 0.045 -0.069 -0.725 -0.936 -0.0 0.158 -0.313 -0.979 -0.0 0.204 -0.031 0.95 0.0 0.17 -0.263 0.972 0.0 0.219 -0.083 -0.707 -0.0 -0.682 0.189 -1.0 -0.0 0.02 -0.007 0.687 -0.0 -0.722 0.084 0.996 0.0 0.064 0.07 
-0.685 0.045 -0.069 -0.724 -0.937 0.0 0.163 -0.309 -0.979 -0.0 0.202 -0.027 0.951 0.0 0.171 -0.258 0.972 0.0 0.22 -0.081 -0.707 -0.0 -0.682 0.188 -1.0 -0.0 0.019 -0.007 0.687 0.0 -0.722 0.085 0.996 -0.0 0.062 0.069 
-0.685 0.045 -0.069 -0.724 -0.938 -0.0 0.166 -0.304 -0.98 0.0 0.197 -0.025 0.952 0.0 0.172 -0.253 0.972 0.0 0.22 -0.079 -0.707 -0.0 -0.682 0.188 -1.0 -0.0 0.02 -0.007 0.687 0.0 -0.722 0.085 0.996 0.0 0.064 0.07 
-0.685 0.045 -0.069 -0.724 -0.939 -0.0 0.17 -0.3 -0.98 -0.0 0.197 -0.021 0.953 0.0 0.175 -0.248 0.972 0.0 0.22 -0.077 -0.707 -0.0 -0.682 0.188 -1.0 -0.0 0.019 -0.007 0.687 0.0 -0.721 0.087 0.996 0.0 0.062 0.067 
-0.685 0.045 -0.069 -0.724 -0.939 -0.0 0.173 -0.296 -0.981 -0.0 0.195 -0.017 0.954 0.0 0.178 -0.242 0.973 -0.0 0.219 -0.075 -0.707 -0.0 -0.682 0.188 -1.0 -0.0 0.019 -0.007 0.687 0.0 -0.722 0.085 0.996 -0.0 0.062 0.069 
-0.686 0.045 -0.068 -0.723 -0.94 -0.0 0.177 -0.291 -0.981 -0.0 0.194 -0.014 0.954 0.0 0.181 -0.237 0.973 0.0 0.218 -0.073 -0.707 -0.0 -0.682 0.188 -1.0 0.0 0.02 -0.007 0.687 -0.0 -0.722 0.086 0.996 0.0 0.063 0.069 
-0.686 0.045 -0.068 -0.723 -0.941 -0.0 0.181 -0.286 -0.981 -0.0 0.193 -0.011 0.955 0.0 0.185 -0.233 0.973 0.0 0.217 -0.072 -0.707 -0.0 -0.682 0.187 -1.0 -0.0 0.019 -0.006 0.688 0.0 -0.721 0.087 0.996 0.0 0.063 0.067 
-0.686 0.045 -0.068 -0.723 -0.941 -0.0 0.185 -0.282 -0.981 0.0 0.193 -0.008 0.955 0.0 0.188 -0.228 0.974 -0.0 0.217 -0.07 -0.707 -0.0 -0.682 0.188 -1.0 -0.0 0.019 -0.006 0.688 0.0 -0.721 0.088 0.996 0.0 0.061 0.066 
-0.686 0.045 -0.068 -0.723 -0.942 -0.0 0.19 -0.277 -0.981 0.0 0.192 -0.006 0.955 0.0 0.192 -0.224 0.973 0.0 0.219 -0.067 -0.707 -0.0 -0.682 0.188 -1.0 -0.0 0.019 -0.006 0.687 -0.0 -0.721 0.086 0.996 0.0 0.063 0.069 
-0.687 0.045 -0.067 -0.723 -0.942 -0.0 0.194 -0.273 -0.982 -0.0 0.19 -0.003 0.956 0.0 0.195 -0.219 0.973 0.0 0.22 -0.066 -0.707 -0.0 -0.682 0.187 -1.0 -0.0 0.018 -0.006 0.687 0.0 -0.721 0.086 0.995 0.0 0.065 0.07 
-0.687 0.045 -0.067 -0.722 -0.942 -0.0 0.198 -0.269 -0.981 -0.0 0.192 0.001 0.956 -0.0 0.198 -0.215 0.973 0.0 0.222 -0.065 -0.707 -0.0 -0.682 0.186 -1.0 -0.0 0.018 -0.006 0.687 -0.0 -0.722 0.086 0.995 0.0 0.066 0.069 
-0.687 0.045 -0.067 -0.722 -0.943 -0.0 0.203 -0.265 -0.982 -0.0 0.191 0.001 0.957 0.0 0.2 -0.213 0.972 0.0 0.226 -0.063 -0.707 -0.0 -0.682 0.187 -1.0 -0.0 0.018 -0.005 0.687 0.0 -0.722 0.086 0.996 0.0 0.064 0.069 
-0.687 0.045 -0.067 -0.722 -0.943 0.0 0.208 -0.259 -0.982 -0.0 0.19 0.001 0.957 0.0 0.203 -0.209 0.972 0.0 0.227 -0.062 -0.707 -0.0 -0.683 0.186 -1.0 0.0 0.018 -0.005 0.687 0.0 -0.721 0.088 0.996 0.0 0.063 0.066 
-0.687 0.045 -0.067 -0.722 -0.943 0.0 0.212 -0.257 -0.981 -0.0 0.193 0.006 0.957 0.0 0.207 -0.205 0.971 0.0 0.23 -0.061 -0.707 -0.0 -0.683 0.186 -1.0 -0.0 0.018 -0.005 0.687 0.0 -0.721 0.088 0.996 0.0 0.065 0.066 
-0.687 0.045 -0.067 -0.722 -0.943 -0.0 0.216 -0.253 -0.981 -0.0 0.194 0.007 0.957 -0.0 0.21 -0.202 0.971 -0.0 0.231 -0.064 -0.707 -0.0 -0.683 0.186 -1.0 -0.0 0.018 -0.004 0.687 0.0 -0.721 0.088 0.996 -0.0 0.065 0.066 
-0.687 0.045 -0.067 -0.722 -0.943 -0.0 0.221 -0.249 -0.981 -0.0 0.194 0.006 0.956 0.0 0.214 -0.199 0.97 -0.0 0.234 -0.064 -0.707 -0.0 -0.683 0.185 -1.0 -0.0 0.018 -0.004 0.687 0.0 -0.722 0.088 0.996 0.0 0.067 0.067 
-0.687 0.045 -0.067 -0.722 -0.943 -0.0 0.226 -0.244 -0.981 -0.0 0.196 0.007 0.956 0.0 0.217 -0.196 0.97 0.0 0.237 -0.059 -0.707 -0.0 -0.683 0.185 -1.0 -0.0 0.018 -0.004 0.686 0.0 -0.722 0.088 0.996 0.0 0.066 0.066 
-0.687 0.044 -0.067 -0.722 -0.943 -0.0 0.231 -0.239 -0.98 -0.0 0.199 0.01 0.956 0.0 0.22 -0.194 0.969 0.0 0.241 -0.058 -0.707 -0.0 -0.683 0.184 -1.0 -0.0 0.018 -0.004 0.686 0.0 -0.722 0.087 0.996 0.0 0.066 0.066 
-0.687 0.045 -0.067 -0.722 -0.943 -0.0 0.234 -0.238 -0.979 -0.0 0.202 0.012 0.956 0.0 0.224 -0.191 0.968 0.0 0.242 -0.061 -0.707 -0.0 -0.683 0.185 -1.0 -0.0 0.017 -0.004 0.686 0.0 -0.722 0.088 0.995 -0.0 0.067 0.067 
-0.687 0.045 -0.067 -0.722 -0.942 -0.0 0.239 -0.234 -0.979 -0.0 0.204 0.014 0.955 0.0 0.226 -0.192 0.967 0.0 0.247 -0.054 -0.707 -0.0 -0.683 0.186 -1.0 0.0 0.017 -0.004 0.686 0.0 -0.722 0.09 0.996 -0.0 0.067 0.065 
-0.687 0.045 -0.067 -0.722 -0.942 -0.0 0.244 -0.231 -0.978 0.0 0.207 0.015 0.955 0.0 0.23 -0.189 0.967 0.0 0.25 -0.054 -0.707 0.0 -0.683 0.185 -1.0 -0.0 0.018 -0.004 0.686 0.0 -0.723 0.087 0.995 0.0 0.068 0.067 
-0.687 0.045 -0.067 -0.722 -0.941 -0.0 0.248 -0.228 -0.978 -0.0 0.209 0.016 0.954 -0.0 0.234 -0.186 0.966 0.0 0.253 -0.057 -0.707 -0.0 -0.683 0.185 -1.0 0.0 0.017 -0.004 0.686 -0.0 -0.722 0.089 0.996 -0.0 0.069 0.065 
-0.687 0.045 -0.067 -0.722 -0.941 -0.0 0.253 -0.225 -0.977 0.0 0.212 0.019 0.954 0.0 0.236 -0.186 0.965 0.0 0.257 -0.055 -0.707 -0.0 -0.683 0.186 -1.0 -0.0 0.017 -0.004 0.686 0.0 -0.722 0.09 0.996 0.0 0.067 0.064 
-0.687 0.045 -0.067 -0.722 -0.94 -0.0 0.258 -0.223 -0.977 -0.0 0.213 0.018 0.953 0.0 0.239 -0.184 0.964 0.0 0.262 -0.051 -0.707 0.0 -0.683 0.186 -1.0 0.0 0.017 -0.004 0.686 0.0 -0.722 0.09 0.996 0.0 0.067 0.064 
-0.687 0.045 -0.067 -0.722 -0.939 0.0 0.262 -0.221 -0.976 -0.0 0.216 0.021 0.953 -0.0 0.242 -0.183 0.963 0.0 0.266 -0.051 -0.707 -0.0 -0.683 0.186 -1.0 -0.0 0.018 -0.004 0.686 0.0 -0.722 0.091 0.996 0.0 0.067 0.065 
-0.687 0.045 -0.067 -0.722 -0.939 -0.0 0.267 -0.219 -0.976 -0.0 0.218 0.021 0.952 0.0 0.246 -0.181 0.962 0.0 0.269 -0.051 -0.707 -0.0 -0.683 0.186 -1.0 -0.0 0.017 -0.005 0.686 -0.0 -0.722 0.091 0.996 0.0 0.067 0.063 
-0.687 0.045 -0.067 -0.722 -0.937 -0.0 0.272 -0.218 -0.975 -0.0 0.221 0.022 0.951 0.0 0.249 -0.181 0.961 0.0 0.272 -0.05 -0.707 -0.0 -0.682 0.187 -1.0 -0.0 0.017 -0.005 0.687 0.0 -0.721 0.091 0.996 0.0 0.066 0.063 
-0.687 0.045 -0.067 -0.722 -0.937 -0.0 0.276 -0.216 -0.974 -0.0 0.224 0.022 0.95 0.0 0.252 -0.182 0.96 0.0 0.274 -0.048 -0.707 -0.0 -0.682 0.187 -1.0 -0.0 0.016 -0.005 0.687 0.0 -0.721 0.092 0.996 0.0 0.068 0.063 
-0.687 0.045 -0.067 -0.722 -0.935 -0.0 0.28 -0.216 -0.974 -0.0 0.227 0.024 0.95 0.0 0.255 -0.181 0.96 0.0 0.276 -0.052 -0.707 -0.0 -0.682 0.188 -1.0 -0.0 0.016 -0.006 0.687 0.0 -0.721 0.093 0.996 0.0 0.065 0.062 
-0.687 0.045 -0.067 -0.722 -0.934 -0.0 0.288 -0.209 -0.974 -0.0 0.226 0.019 0.949 0.0 0.259 -0.181 0.958 0.0 0.281 -0.049 -0.707 -0.0 -0.682 0.188 -1.0 -0.0 0.016 -0.006 0.687 0.0 -0.72 0.093 0.996 0.0 0.067 0.062 
-0.687 0.045 -0.068 -0.722 -0.933 -0.0 0.29 -0.212 -0.973 -0.0 0.231 0.022 0.948 0.0 0.262 -0.182 0.958 0.0 0.283 -0.052 -0.707 -0.0 -0.681 0.189 -1.0 -0.0 0.015 -0.006 0.687 0.0 -0.72 0.094 0.996 0.0 0.067 0.061 
-0.687 0.045 -0.067 -0.722 -0.932 0.0 0.297 -0.208 -0.973 -0.0 0.231 0.02 0.947 0.0 0.265 -0.182 0.956 0.0 0.288 -0.049 -0.707 0.0 -0.681 0.189 -1.0 -0.0 0.015 -0.007 0.687 0.0 -0.72 0.094 0.996 0.0 0.064 0.06 
-0.687 0.045 -0.068 -0.722 -0.931 -0.0 0.301 -0.208 -0.972 -0.0 0.235 0.021 0.946 0.0 0.268 -0.184 0.955 0.0 0.29 -0.052 -0.707 0.0 -0.681 0.19 -1.0 -0.0 0.015 -0.007 0.687 0.0 -0.72 0.095 0.996 -0.0 0.066 0.06 
-0.687 0.045 -0.068 -0.722 -0.929 -0.0 0.306 -0.207 -0.972 0.0 0.236 0.019 0.945 0.0 0.27 -0.185 0.954 0.0 0.295 -0.049 -0.707 -0.0 -0.681 0.19 -1.0 -0.0 0.015 -0.007 0.687 0.0 -0.721 0.093 0.996 0.0 0.067 0.062 
-0.687 0.045 -0.068 -0.722 -0.927 -0.0 0.31 -0.209 -0.97 -0.0 0.24 0.021 0.944 0.0 0.273 -0.187 0.953 0.0 0.299 -0.051 -0.708 -0.0 -0.68 0.191 -1.0 0.0 0.015 -0.007 0.687 0.0 -0.72 0.096 0.996 0.0 0.066 0.059 
-0.687 0.045 -0.069 -0.722 -0.926 -0.0 0.314 -0.21 -0.97 0.0 0.244 0.021 0.943 0.0 0.275 -0.189 0.952 -0.0 0.301 -0.052 -0.708 -0.0 -0.68 0.191 -1.0 -0.0 0.015 -0.007 0.687 0.0 -0.721 0.097 0.996 0.0 0.064 0.058 
-0.687 0.045 -0.069 -0.722 -0.924 -0.0 0.319 -0.21 -0.969 -0.0 0.245 0.02 0.941 0.0 0.278 -0.194 0.951 0.0 0.305 -0.044 -0.708 -0.0 -0.68 0.191 -1.0 -0.0 0.015 -0.007 0.686 0.0 -0.721 0.098 0.996 -0.0 0.066 0.058 
-0.686 0.045 -0.069 -0.723 -0.922 -0.0 0.323 -0.212 -0.969 -0.0 0.248 0.019 0.939 0.0 0.281 -0.196 0.951 0.0 0.307 -0.045 -0.708 -0.0 -0.679 0.192 -1.0 -0.0 0.014 -0.007 0.686 0.0 -0.721 0.098 0.996 0.0 0.066 0.057 
-0.686 0.045 -0.069 -0.723 -0.921 -0.0 0.327 -0.214 -0.968 -0.0 0.252 0.019 0.938 0.0 0.285 -0.198 0.95 0.0 0.308 -0.045 -0.708 -0.0 -0.679 0.192 -1.0 -0.0 0.015 -0.007 0.687 -0.0 -0.72 0.099 0.996 0.0 0.065 0.057 
-0.686 0.045 -0.07 -0.723 -0.918 -0.0 0.332 -0.215 -0.967 -0.0 0.253 0.017 0.936 0.0 0.289 -0.201 0.95 -0.0 0.309 -0.045 -0.708 -0.0 -0.679 0.193 -1.0 -0.0 0.015 -0.008 0.686 0.0 -0.721 0.101 0.996 0.0 0.064 0.055 
-0.686 0.045 -0.07 -0.723 -0.917 0.0 0.336 -0.217 -0.966 0.0 0.257 0.016 0.934 0.0 0.292 -0.205 0.95 0.0 0.31 -0.045 -0.708 0.0 -0.679 0.194 -1.0 -0.0 0.015 -0.007 0.686 0.0 -0.72 0.102 0.996 -0.0 0.066 0.055 
-0.686 0.046 -0.07 -0.723 -0.915 -0.0 0.339 -0.22 -0.965 -0.0 0.261 0.015 0.932 0.0 0.296 -0.208 0.95 0.0 0.308 -0.045 -0.708 -0.0 -0.679 0.194 -1.0 -0.0 0.015 -0.007 0.686 0.0 -0.72 0.103 0.996 0.0 0.066 0.054 
-0.686 0.046 -0.071 -0.723 -0.913 -0.0 0.342 -0.223 -0.965 -0.0 0.263 0.012 0.931 0.0 0.299 -0.211 0.95 0.0 0.309 -0.046 -0.708 -0.0 -0.678 0.195 -1.0 -0.0 0.015 -0.008 0.686 0.0 -0.72 0.102 0.996 0.0 0.066 0.057 
-0.686 0.046 -0.071 -0.723 -0.911 0.0 0.346 -0.226 -0.964 -0.0 0.265 0.01 0.928 0.0 0.302 -0.217 0.949 0.0 0.311 -0.046 -0.708 -0.0 -0.678 0.196 -1.0 -0.0 0.015 -0.007 0.686 -0.0 -0.72 0.104 0.996 0.0 0.067 0.056 
-0.686 0.046 -0.071 -0.723 -0.908 -0.0 0.35 -0.229 -0.963 -0.0 0.269 0.009 0.927 0.0 0.308 -0.214 0.95 -0.0 0.308 -0.056 -0.708 -0.0 -0.678 0.196 -1.0 -0.0 0.016 -0.007 0.686 0.0 -0.72 0.106 0.996 0.0 0.066 0.054 
-0.685 0.047 -0.072 -0.723 -0.906 -0.0 0.353 -0.233 -0.962 0.0 0.272 0.009 0.925 0.0 0.312 -0.218 0.949 0.0 0.309 -0.057 -0.708 -0.0 -0.678 0.197 -1.0 0.0 0.016 -0.007 0.686 0.0 -0.72 0.106 0.996 -0.0 0.066 0.054 
-0.686 0.047 -0.072 -0.723 -0.904 -0.0 0.357 -0.237 -0.962 0.0 0.272 0.005 0.923 0.0 0.316 -0.222 0.949 0.0 0.309 -0.058 -0.708 -0.0 -0.679 0.196 -1.0 0.0 0.017 -0.006 0.686 0.0 -0.72 0.106 0.996 0.0 0.065 0.054 
-0.686 0.047 -0.072 -0.723 -0.901 -0.0 0.36 -0.242 -0.961 0.0 0.276 0.004 0.92 0.0 0.318 -0.229 0.949 -0.0 0.31 -0.058 -0.708 0.0 -0.678 0.197 -1.0 -0.0 0.017 -0.006 0.686 0.0 -0.72 0.108 0.996 0.0 0.065 0.054 
-0.686 0.047 -0.073 -0.723 -0.899 -0.0 0.364 -0.245 -0.961 -0.0 0.276 -0.001 0.918 0.0 0.322 -0.233 0.949 0.0 0.31 -0.059 -0.708 -0.0 -0.678 0.197 -1.0 -0.0 0.017 -0.006 0.686 0.0 -0.719 0.108 0.997 0.0 0.063 0.053 
-0.686 0.048 -0.073 -0.723 -0.896 0.0 0.366 -0.25 -0.96 -0.0 0.28 -0.002 0.915 0.0 0.325 -0.238 0.948 0.0 0.311 -0.061 -0.708 -0.0 -0.678 0.198 -1.0 -0.0 0.018 -0.005 0.686 -0.0 -0.72 0.109 0.996 0.0 0.067 0.054 
-0.686 0.048 -0.073 -0.722 -0.894 -0.0 0.369 -0.255 -0.96 0.0 0.28 -0.005 0.912 -0.0 0.329 -0.243 0.949 0.0 0.31 -0.062 -0.708 -0.0 -0.678 0.198 -1.0 -0.0 0.019 -0.005 0.686 0.0 -0.719 0.109 0.997 0.0 0.064 0.054 
-0.686 0.048 -0.073 -0.722 -0.891 -0.0 0.371 -0.261 -0.959 0.0 0.284 -0.007 0.91 0.0 0.333 -0.248 0.949 0.0 0.31 -0.064 -0.708 -0.0 -0.678 0.198 -1.0 -0.0 0.018 -0.005 0.685 0.0 -0.72 0.108 0.996 0.0 0.066 0.057 
-0.686 0.048 -0.073 -0.722 -0.888 -0.0 0.374 -0.266 -0.958 -0.0 0.285 -0.011 0.907 0.0 0.336 -0.253 0.949 0.0 0.309 -0.066 -0.708 -0.0 -0.678 0.198 -1.0 -0.0 0.018 -0.005 0.685 0.0 -0.72 0.108 0.996 0.0 0.066 0.056 
-0.686 0.048 -0.073 -0.722 -0.885 -0.0 0.377 -0.272 -0.958 -0.0 0.286 -0.012 0.904 0.0 0.34 -0.259 0.948 0.0 0.31 -0.067 -0.707 -0.0 -0.679 0.199 -1.0 -0.0 0.019 -0.005 0.685 0.0 -0.721 0.108 0.996 0.0 0.067 0.056 
-0.686 0.049 -0.074 -0.722 -0.882 -0.0 0.379 -0.279 -0.958 -0.0 0.288 -0.013 0.902 0.0 0.343 -0.263 0.948 0.0 0.309 -0.071 -0.707 -0.0 -0.679 0.199 -1.0 0.0 0.02 -0.005 0.684 0.0 -0.721 0.108 0.996 -0.0 0.068 0.056 
-0.686 0.049 -0.074 -0.722 -0.88 0.0 0.382 -0.283 -0.957 -0.0 0.288 -0.019 0.899 0.0 0.347 -0.267 0.949 0.0 0.308 -0.074 -0.707 -0.0 -0.679 0.199 -1.0 -0.0 0.02 -0.005 0.685 -0.0 -0.72 0.111 0.996 -0.0 0.067 0.054 
-0.687 0.049 -0.074 -0.721 -0.876 -0.0 0.383 -0.292 -0.957 0.0 0.29 -0.021 0.896 0.0 0.35 -0.272 0.949 -0.0 0.307 -0.077 -0.707 -0.0 -0.679 0.199 -1.0 -0.0 0.02 -0.005 0.685 0.0 -0.72 0.112 0.996 -0.0 0.068 0.054 
-0.687 0.049 -0.074 -0.721 -0.874 -0.0 0.386 -0.296 -0.957 -0.0 0.29 -0.026 0.894 0.0 0.353 -0.277 0.948 -0.0 0.307 -0.079 -0.707 -0.0 -0.678 0.199 -1.0 0.0 0.02 -0.005 0.685 0.0 -0.72 0.112 0.996 -0.0 0.069 0.054 
-0.687 0.049 -0.074 -0.721 -0.871 -0.0 0.388 -0.302 -0.956 0.0 0.291 -0.028 0.891 0.0 0.356 -0.283 0.949 0.0 0.305 -0.081 -0.707 -0.0 -0.678 0.199 -1.0 -0.0 0.02 -0.005 0.685 0.0 -0.72 0.113 0.996 -0.0 0.068 0.052 
-0.687 0.049 -0.074 -0.721 -0.868 0.0 0.39 -0.307 -0.956 -0.0 0.29 -0.033 0.888 0.0 0.36 -0.288 0.949 0.0 0.304 -0.083 -0.707 -0.0 -0.678 0.199 -1.0 -0.0 0.02 -0.005 0.684 0.0 -0.72 0.113 0.996 0.0 0.07 0.052 
-0.688 0.049 -0.074 -0.721 -0.865 0.0 0.39 -0.315 -0.956 -0.0 0.292 -0.034 0.885 0.0 0.363 -0.293 0.949 0.0 0.303 -0.086 -0.707 -0.0 -0.679 0.199 -1.0 -0.0 0.02 -0.005 0.684 0.0 -0.721 0.114 0.996 0.0 0.069 0.051 
-0.688 0.049 -0.074 -0.721 -0.862 -0.0 0.392 -0.321 -0.955 -0.0 0.293 -0.038 0.881 0.0 0.366 -0.299 0.949 0.0 0.302 -0.085 -0.707 -0.0 -0.679 0.199 -1.0 0.0 0.02 -0.005 0.684 0.0 -0.721 0.114 0.996 0.0 0.071 0.052 
-0.688 0.049 -0.074 -0.72 -0.859 -0.0 0.394 -0.328 -0.956 -0.0 0.291 -0.041 0.878 -0.0 0.369 -0.304 0.95 0.0 0.298 -0.09 -0.707 -0.0 -0.679 0.198 -1.0 0.0 0.019 -0.004 0.683 0.0 -0.721 0.115 0.996 0.0 0.072 0.051 
-0.688 0.049 -0.074 -0.72 -0.856 -0.0 0.395 -0.335 -0.956 0.0 0.29 -0.044 0.875 -0.0 0.371 -0.309 0.95 0.0 0.298 -0.093 -0.708 -0.0 -0.678 0.198 -1.0 -0.0 0.019 -0.005 0.684 0.0 -0.72 0.115 0.996 0.0 0.071 0.051 
-0.689 0.049 -0.074 -0.72 -0.853 -0.0 0.396 -0.341 -0.956 -0.0 0.289 -0.048 0.873 -0.0 0.374 -0.314 0.95 0.0 0.296 -0.095 -0.708 -0.0 -0.678 0.198 -1.0 -0.0 0.019 -0.004 0.684 -0.0 -0.721 0.115 0.996 0.0 0.071 0.05 
-0.689 0.049 -0.074 -0.72 -0.85 -0.0 0.396 -0.348 -0.956 -0.0 0.287 -0.052 0.87 0.0 0.376 -0.32 0.951 0.0 0.295 -0.096 -0.708 -0.0 -0.678 0.198 -1.0 0.0 0.018 -0.005 0.684 -0.0 -0.721 0.115 0.996 0.0 0.071 0.05 
-0.689 0.049 -0.074 -0.719 -0.847 -0.0 0.397 -0.355 -0.957 -0.0 0.286 -0.055 0.866 0.0 0.376 -0.329 0.951 0.0 0.296 -0.093 -0.708 -0.0 -0.678 0.198 -1.0 -0.0 0.018 -0.006 0.684 -0.0 -0.721 0.115 0.996 0.0 0.071 0.05 
-0.689 0.049 -0.074 -0.719 -0.843 -0.0 0.396 -0.363 -0.956 -0.0 0.287 -0.057 0.863 0.0 0.377 -0.335 0.951 0.0 0.294 -0.096 -0.708 -0.0 -0.678 0.197 -1.0 -0.0 0.017 -0.005 0.684 0.0 -0.721 0.114 0.996 0.0 0.071 0.05 
-0.689 0.048 -0.073 -0.719 -0.84 -0.0 0.396 -0.37 -0.957 -0.0 0.285 -0.061 0.861 -0.0 0.379 -0.34 0.951 0.0 0.292 -0.099 -0.708 -0.0 -0.678 0.196 -1.0 -0.0 0.017 -0.005 0.684 0.0 -0.72 0.114 0.996 0.0 0.071 0.051 
-0.689 0.049 -0.073 -0.719 -0.838 -0.0 0.395 -0.377 -0.957 0.0 0.283 -0.064 0.857 -0.0 0.38 -0.347 0.952 0.0 0.291 -0.101 -0.708 -0.0 -0.678 0.196 -1.0 -0.0 0.017 -0.005 0.684 0.0 -0.721 0.113 0.996 0.0 0.071 0.051 
-0.69 0.048 -0.073 -0.719 -0.834 -0.0 0.395 -0.385 -0.957 -0.0 0.281 -0.067 0.855 0.0 0.38 -0.353 0.952 -0.0 0.289 -0.102 -0.709 -0.0 -0.678 0.195 -1.0 -0.0 0.017 -0.005 0.684 0.0 -0.721 0.112 0.996 -0.0 0.071 0.051 
-0.689 0.048 -0.073 -0.719 -0.832 0.0 0.394 -0.392 -0.957 -0.0 0.281 -0.07 0.852 0.0 0.38 -0.36 0.952 0.0 0.288 -0.104 -0.708 -0.0 -0.678 0.196 -1.0 -0.0 0.017 -0.005 0.684 0.0 -0.72 0.112 0.996 0.0 0.07 0.051 
