# T   LUA LFA RUA RFA LT  LS  RT  RS  
0.999 -0.01 0.013 -0.031 -0.796 -0.0 -0.604 0.045 -0.979 -0.0 -0.059 -0.197 0.971 0.0 -0.152 0.186 0.705 0.0 0.698 -0.128 -0.641 -0.0 -0.758 -0.117 -0.978 -0.0 0.051 0.201 0.615 0.0 -0.783 -0.096 0.984 0.0 0.041 0.176 
0.999 -0.01 0.013 -0.03 -0.796 -0.0 -0.604 0.045 -0.979 -0.0 -0.059 -0.197 0.971 0.0 -0.151 0.184 0.705 0.0 0.697 -0.132 -0.64 -0.0 -0.76 -0.114 -0.978 -0.0 0.055 0.199 0.615 0.0 -0.783 -0.096 0.984 0.0 0.04 0.176 
0.999 -0.01 0.013 -0.03 -0.796 -0.0 -0.604 0.045 -0.978 -0.0 -0.059 -0.198 0.972 -0.0 -0.15 0.183 0.705 0.0 0.697 -0.136 -0.641 0.0 -0.758 -0.117 -0.978 -0.0 0.051 0.202 0.615 0.0 -0.783 -0.096 0.984 0.0 0.039 0.174 
0.999 -0.01 0.012 -0.03 -0.795 -0.0 -0.605 0.045 -0.979 -0.0 -0.059 -0.198 0.973 -0.0 -0.147 0.181 0.706 0.0 0.694 -0.138 -0.641 -0.0 -0.759 -0.116 -0.978 -0.0 0.052 0.201 0.615 0.0 -0.783 -0.096 0.984 0.0 0.041 0.176 
0.999 -0.01 0.012 -0.03 -0.795 -0.0 -0.605 0.046 -0.978 -0.0 -0.059 -0.198 0.973 0.0 -0.146 0.179 0.706 0.0 0.694 -0.142 -0.641 0.0 -0.759 -0.116 -0.978 -0.0 0.051 0.201 0.615 0.0 -0.783 -0.096 0.984 0.0 0.041 0.176 
0.999 -0.01 0.013 -0.03 -0.796 -0.0 -0.604 0.046 -0.978 -0.0 -0.06 -0.198 0.973 0.0 -0.146 0.179 0.704 0.0 0.695 -0.148 -0.641 -0.0 -0.759 -0.116 -0.978 -0.0 0.052 0.201 0.615 0.0 -0.783 -0.096 0.984 0.0 0.041 0.176 
0.999 -0.01 0.013 -0.03 -0.795 -0.0 -0.604 0.046 -0.979 -0.0 -0.059 -0.198 0.974 0.0 -0.143 0.175 0.706 0.0 0.692 -0.152 -0.641 -0.0 -0.758 -0.116 -0.978 0.0 0.051 0.201 0.615 0.0 -0.783 -0.096 0.984 0.0 0.041 0.176 
0.999 -0.01 0.013 -0.029 -0.795 0.0 -0.605 0.046 -0.978 -0.0 -0.059 -0.198 0.974 0.0 -0.142 0.175 0.704 0.0 0.692 -0.16 -0.641 -0.0 -0.758 -0.116 -0.978 -0.0 0.051 0.201 0.615 0.0 -0.783 -0.096 0.984 0.0 0.041 0.176 
0.999 -0.01 0.012 -0.029 -0.795 -0.0 -0.605 0.046 -0.978 -0.0 -0.059 -0.198 0.975 -0.0 -0.14 0.174 0.704 0.0 0.69 -0.167 -0.641 -0.0 -0.759 -0.116 -0.978 0.0 0.051 0.201 0.615 0.0 -0.783 -0.096 0.984 0.0 0.04 0.174 
0.999 -0.01 0.012 -0.029 -0.795 -0.0 -0.605 0.047 -0.978 -0.0 -0.059 -0.198 0.975 0.0 -0.137 0.172 0.705 0.0 0.688 -0.175 -0.64 -0.0 -0.76 -0.113 -0.978 -0.0 0.055 0.199 0.615 0.0 -0.783 -0.096 0.984 0.0 0.04 0.175 
0.999 -0.011 0.012 -0.029 -0.795 -0.0 -0.605 0.047 -0.979 -0.0 -0.059 -0.197 0.976 0.0 -0.135 0.169 0.706 0.0 0.685 -0.181 -0.641 0.0 -0.759 -0.116 -0.978 -0.0 0.051 0.202 0.615 -0.0 -0.783 -0.096 0.984 -0.0 0.041 0.175 
0.999 -0.011 0.012 -0.029 -0.795 -0.0 -0.605 0.047 -0.979 -0.0 -0.06 -0.197 0.978 0.0 -0.131 0.165 0.709 0.0 0.681 -0.186 -0.641 -0.0 -0.759 -0.116 -0.978 -0.0 0.051 0.201 0.615 -0.0 -0.783 -0.096 0.984 -0.0 0.041 0.175 
0.999 -0.011 0.013 -0.028 -0.795 -0.0 -0.605 0.048 -0.978 0.0 -0.06 -0.197 0.978 0.0 -0.13 0.164 0.708 0.0 0.679 -0.196 -0.64 -0.0 -0.76 -0.113 -0.979 -0.0 0.056 0.198 0.615 0.0 -0.783 -0.097 0.984 0.0 0.04 0.175 
0.999 -0.011 0.012 -0.028 -0.794 -0.0 -0.605 0.048 -0.979 -0.0 -0.06 -0.197 0.979 0.0 -0.127 0.161 0.709 -0.0 0.676 -0.203 -0.641 -0.0 -0.759 -0.116 -0.978 0.0 0.051 0.201 0.614 0.0 -0.783 -0.097 0.983 0.0 0.041 0.177 
0.999 -0.011 0.013 -0.028 -0.795 0.0 -0.605 0.048 -0.979 -0.0 -0.06 -0.196 0.979 0.0 -0.125 0.159 0.709 -0.0 0.672 -0.211 -0.641 -0.0 -0.758 -0.115 -0.978 -0.0 0.051 0.201 0.615 0.0 -0.783 -0.097 0.983 0.0 0.041 0.177 
0.999 -0.011 0.013 -0.027 -0.795 -0.0 -0.605 0.048 -0.979 -0.0 -0.061 -0.196 0.98 0.0 -0.122 0.156 0.71 0.0 0.669 -0.219 -0.641 -0.0 -0.759 -0.116 -0.978 -0.0 0.051 0.201 0.615 0.0 -0.783 -0.097 0.983 0.0 0.041 0.176 
1.0 -0.011 0.013 -0.027 -0.794 -0.0 -0.605 0.049 -0.979 -0.0 -0.061 -0.195 0.981 0.0 -0.118 0.154 0.711 0.0 0.665 -0.228 -0.641 -0.0 -0.759 -0.116 -0.978 0.0 0.051 0.201 0.614 -0.0 -0.783 -0.098 0.983 0.0 0.041 0.177 
1.0 -0.01 0.013 -0.026 -0.794 0.0 -0.606 0.048 -0.979 0.0 -0.061 -0.195 0.982 0.0 -0.115 0.151 0.713 0.0 0.661 -0.237 -0.641 -0.0 -0.759 -0.116 -0.978 -0.0 0.051 0.201 0.614 0.0 -0.783 -0.099 0.983 0.0 0.041 0.177 
1.0 -0.01 0.013 -0.026 -0.794 0.0 -0.606 0.048 -0.979 -0.0 -0.061 -0.194 0.982 0.0 -0.112 0.149 0.714 0.0 0.656 -0.246 -0.64 -0.0 -0.76 -0.114 -0.979 -0.0 0.054 0.199 0.614 0.0 -0.783 -0.099 0.983 0.0 0.041 0.177 
1.0 -0.01 0.013 -0.026 -0.794 -0.0 -0.606 0.048 -0.979 -0.0 -0.061 -0.193 0.983 0.0 -0.107 0.146 0.717 0.0 0.65 -0.254 -0.641 -0.0 -0.759 -0.117 -0.978 0.0 0.051 0.201 0.615 0.0 -0.783 -0.099 0.984 0.0 0.04 0.175 
1.0 -0.01 0.013 -0.025 -0.794 -0.0 -0.606 0.048 -0.979 -0.0 -0.061 -0.193 0.984 -0.0 -0.104 0.143 0.718 0.0 0.644 -0.264 -0.64 -0.0 -0.76 -0.114 -0.979 -0.0 0.054 0.199 0.615 0.0 -0.782 -0.1 0.983 0.0 0.041 0.177 
1.0 -0.01 0.013 -0.025 -0.794 -0.0 -0.606 0.048 -0.979 -0.0 -0.061 -0.193 0.985 0.0 -0.1 0.141 0.719 0.0 0.638 -0.274 -0.641 -0.0 -0.758 -0.117 -0.978 -0.0 0.05 0.201 0.615 0.0 -0.782 -0.1 0.983 0.0 0.041 0.177 
1.0 -0.01 0.013 -0.024 -0.794 -0.0 -0.606 0.049 -0.979 -0.0 -0.061 -0.192 0.985 0.0 -0.094 0.142 0.721 -0.0 0.63 -0.29 -0.641 -0.0 -0.758 -0.116 -0.978 -0.0 0.051 0.201 0.616 0.0 -0.782 -0.099 0.983 0.0 0.04 0.177 
1.0 -0.01 0.013 -0.023 -0.794 -0.0 -0.606 0.049 -0.979 -0.0 -0.061 -0.192 0.986 -0.0 -0.091 0.137 0.722 0.0 0.624 -0.299 -0.641 -0.0 -0.759 -0.116 -0.978 -0.0 0.05 0.201 0.614 0.0 -0.783 -0.1 0.984 0.0 0.04 0.176 
1.0 -0.01 0.013 -0.023 -0.794 0.0 -0.606 0.05 -0.979 -0.0 -0.06 -0.193 0.987 0.0 -0.087 0.135 0.724 0.0 0.617 -0.308 -0.641 -0.0 -0.758 -0.116 -0.978 -0.0 0.05 0.2 0.614 0.0 -0.783 -0.101 0.984 -0.0 0.04 0.176 
1.0 -0.01 0.013 -0.022 -0.794 -0.0 -0.606 0.05 -0.979 -0.0 -0.06 -0.193 0.988 0.0 -0.083 0.132 0.725 0.0 0.611 -0.318 -0.641 -0.0 -0.758 -0.117 -0.978 -0.0 0.05 0.201 0.614 0.0 -0.782 -0.101 0.983 0.0 0.041 0.177 
1.0 -0.01 0.013 -0.022 -0.794 -0.0 -0.606 0.05 -0.979 -0.0 -0.06 -0.193 0.988 0.0 -0.08 0.129 0.727 0.0 0.604 -0.327 -0.641 -0.0 -0.758 -0.116 -0.978 0.0 0.05 0.2 0.614 0.0 -0.783 -0.101 0.983 0.0 0.041 0.177 
1.0 -0.01 0.013 -0.021 -0.794 -0.0 -0.606 0.05 -0.979 -0.0 -0.06 -0.193 0.989 0.0 -0.076 0.127 0.728 0.0 0.597 -0.337 -0.642 -0.0 -0.758 -0.117 -0.979 -0.0 0.05 0.2 0.614 0.0 -0.782 -0.102 0.984 -0.0 0.04 0.175 
1.0 -0.01 0.013 -0.021 -0.794 -0.0 -0.606 0.05 -0.979 -0.0 -0.06 -0.193 0.99 -0.0 -0.072 0.124 0.729 0.0 0.591 -0.346 -0.641 -0.0 -0.758 -0.117 -0.979 0.0 0.05 0.2 0.615 0.0 -0.782 -0.103 0.983 0.0 0.04 0.177 
1.0 -0.009 0.013 -0.02 -0.794 -0.0 -0.606 0.051 -0.979 -0.0 -0.06 -0.194 0.99 0.0 -0.069 0.122 0.73 -0.0 0.583 -0.357 -0.642 -0.0 -0.758 -0.117 -0.979 -0.0 0.049 0.199 0.615 0.0 -0.782 -0.103 0.983 0.0 0.04 0.177 
1.0 -0.009 0.013 -0.02 -0.794 -0.0 -0.605 0.051 -0.979 -0.0 -0.06 -0.193 0.991 0.0 -0.065 0.12 0.731 -0.0 0.574 -0.368 -0.642 -0.0 -0.758 -0.117 -0.979 -0.0 0.049 0.199 0.614 0.0 -0.782 -0.103 0.983 0.0 0.041 0.177 
1.0 -0.009 0.013 -0.02 -0.794 0.0 -0.606 0.051 -0.979 -0.0 -0.06 -0.194 0.991 0.0 -0.061 0.117 0.732 0.0 0.565 -0.38 -0.642 0.0 -0.758 -0.118 -0.979 0.0 0.049 0.199 0.615 -0.0 -0.781 -0.104 0.983 0.0 0.04 0.177 
1.0 -0.009 0.013 -0.019 -0.794 -0.0 -0.605 0.051 -0.979 -0.0 -0.06 -0.194 0.992 -0.0 -0.057 0.116 0.734 -0.0 0.555 -0.392 -0.642 -0.0 -0.758 -0.118 -0.979 -0.0 0.049 0.199 0.615 0.0 -0.781 -0.105 0.983 0.0 0.04 0.177 
1.0 -0.009 0.013 -0.019 -0.794 -0.0 -0.605 0.051 -0.979 -0.0 -0.06 -0.194 0.992 0.0 -0.053 0.112 0.735 0.0 0.545 -0.402 -0.642 -0.0 -0.758 -0.118 -0.979 -0.0 0.048 0.199 0.615 -0.0 -0.781 -0.105 0.983 0.0 0.039 0.177 
1.0 -0.009 0.013 -0.018 -0.794 -0.0 -0.605 0.051 -0.979 -0.0 -0.06 -0.194 0.993 0.0 -0.048 0.111 0.737 0.0 0.535 -0.414 -0.642 -0.0 -0.758 -0.119 -0.979 -0.0 0.048 0.199 0.615 0.0 -0.781 -0.106 0.983 0.0 0.039 0.177 
1.0 -0.008 0.013 -0.018 -0.794 -0.0 -0.605 0.051 -0.979 -0.0 -0.059 -0.194 0.993 0.0 -0.044 0.109 0.739 -0.0 0.523 -0.425 -0.642 -0.0 -0.757 -0.12 -0.979 0.0 0.048 0.2 0.615 0.0 -0.781 -0.106 0.983 0.0 0.039 0.177 
1.0 -0.008 0.013 -0.018 -0.794 0.0 -0.605 0.051 -0.979 -0.0 -0.06 -0.194 0.994 -0.0 -0.04 0.107 0.74 0.0 0.511 -0.437 -0.642 -0.0 -0.757 -0.12 -0.979 0.0 0.048 0.2 0.615 0.0 -0.781 -0.107 0.983 0.0 0.039 0.177 
1.0 -0.008 0.013 -0.017 -0.795 -0.0 -0.605 0.051 -0.979 -0.0 -0.06 -0.195 0.994 0.0 -0.035 0.104 0.742 -0.0 0.499 -0.447 -0.642 -0.0 -0.757 -0.12 -0.979 -0.0 0.047 0.2 0.615 0.0 -0.781 -0.108 0.983 0.0 0.039 0.177 
1.0 -0.008 0.013 -0.017 -0.794 -0.0 -0.605 0.051 -0.979 -0.0 -0.059 -0.195 0.994 -0.0 -0.031 0.103 0.742 -0.0 0.486 -0.461 -0.642 -0.0 -0.757 -0.121 -0.979 -0.0 0.047 0.2 0.615 0.0 -0.781 -0.108 0.983 0.0 0.039 0.177 
1.0 -0.008 0.013 -0.017 -0.795 0.0 -0.605 0.05 -0.979 0.0 -0.059 -0.194 0.995 0.0 -0.027 0.099 0.745 -0.0 0.473 -0.47 -0.642 -0.0 -0.757 -0.121 -0.979 -0.0 0.047 0.2 0.615 0.0 -0.781 -0.108 0.984 -0.0 0.038 0.175 
1.0 -0.008 0.013 -0.016 -0.795 -0.0 -0.605 0.05 -0.979 -0.0 -0.059 -0.194 0.995 0.0 -0.022 0.097 0.748 0.0 0.459 -0.48 -0.642 -0.0 -0.757 -0.121 -0.979 0.0 0.047 0.199 0.615 0.0 -0.781 -0.109 0.984 0.0 0.037 0.175 
1.0 -0.008 0.014 -0.016 -0.795 0.0 -0.605 0.05 -0.979 -0.0 -0.059 -0.194 0.995 0.0 -0.019 0.094 0.75 0.0 0.446 -0.488 -0.643 -0.0 -0.756 -0.121 -0.979 -0.0 0.047 0.199 0.616 0.0 -0.78 -0.109 0.984 -0.0 0.038 0.176 
1.0 -0.007 0.013 -0.016 -0.795 -0.0 -0.605 0.05 -0.979 -0.0 -0.059 -0.194 0.996 -0.0 -0.014 0.092 0.751 0.0 0.432 -0.5 -0.642 -0.0 -0.757 -0.121 -0.979 0.0 0.047 0.199 0.616 0.0 -0.78 -0.11 0.984 0.0 0.038 0.177 
1.0 -0.007 0.013 -0.016 -0.795 -0.0 -0.605 0.05 -0.979 0.0 -0.059 -0.194 0.996 0.0 -0.01 0.089 0.754 -0.0 0.418 -0.507 -0.643 -0.0 -0.757 -0.122 -0.979 -0.0 0.046 0.199 0.616 0.0 -0.78 -0.11 0.984 0.0 0.038 0.177 
1.0 -0.007 0.013 -0.015 -0.795 -0.0 -0.605 0.049 -0.979 -0.0 -0.059 -0.194 0.996 0.0 -0.005 0.086 0.756 0.0 0.403 -0.516 -0.643 -0.0 -0.756 -0.122 -0.979 0.0 0.046 0.199 0.615 0.0 -0.78 -0.111 0.984 0.0 0.038 0.177 
1.0 -0.007 0.014 -0.015 -0.795 -0.0 -0.605 0.049 -0.979 -0.0 -0.059 -0.194 0.996 0.0 -0.001 0.084 0.757 0.0 0.389 -0.525 -0.643 -0.0 -0.756 -0.122 -0.979 -0.0 0.046 0.198 0.616 0.0 -0.78 -0.109 0.984 0.0 0.037 0.174 
1.0 -0.007 0.014 -0.015 -0.795 -0.0 -0.605 0.049 -0.979 -0.0 -0.059 -0.194 0.997 -0.0 0.002 0.08 0.76 0.0 0.376 -0.531 -0.643 -0.0 -0.756 -0.122 -0.979 -0.0 0.046 0.198 0.615 0.0 -0.78 -0.112 0.984 0.0 0.037 0.175 
1.0 -0.007 0.013 -0.015 -0.795 -0.0 -0.605 0.049 -0.979 -0.0 -0.059 -0.195 0.997 0.0 0.005 0.077 0.762 -0.0 0.363 -0.537 -0.643 -0.0 -0.756 -0.123 -0.979 -0.0 0.046 0.198 0.616 0.0 -0.78 -0.113 0.983 0.0 0.037 0.177 
1.0 -0.006 0.013 -0.014 -0.795 -0.0 -0.605 0.049 -0.979 -0.0 -0.058 -0.195 0.997 0.0 0.008 0.075 0.763 0.0 0.35 -0.543 -0.643 -0.0 -0.756 -0.123 -0.979 -0.0 0.046 0.198 0.615 0.0 -0.78 -0.113 0.984 -0.0 0.037 0.176 
1.0 -0.006 0.014 -0.014 -0.795 -0.0 -0.605 0.048 -0.979 -0.0 -0.059 -0.195 0.997 0.0 0.01 0.07 0.765 -0.0 0.339 -0.548 -0.643 -0.0 -0.756 -0.124 -0.979 -0.0 0.045 0.198 0.615 0.0 -0.78 -0.114 0.983 -0.0 0.037 0.177 
1.0 -0.006 0.014 -0.014 -0.795 -0.0 -0.605 0.048 -0.979 -0.0 -0.059 -0.195 0.998 0.0 0.012 0.067 0.766 0.0 0.328 -0.552 -0.643 -0.0 -0.756 -0.124 -0.979 0.0 0.045 0.198 0.615 0.0 -0.78 -0.115 0.983 0.0 0.037 0.177 
1.0 -0.006 0.014 -0.014 -0.795 -0.0 -0.605 0.048 -0.979 -0.0 -0.059 -0.195 0.998 -0.0 0.013 0.064 0.768 0.0 0.316 -0.557 -0.643 -0.0 -0.756 -0.125 -0.979 -0.0 0.045 0.199 0.615 -0.0 -0.78 -0.115 0.983 0.0 0.037 0.178 
1.0 -0.006 0.014 -0.013 -0.794 -0.0 -0.605 0.048 -0.979 0.0 -0.058 -0.196 0.998 0.0 0.015 0.061 0.768 0.0 0.305 -0.563 -0.643 -0.0 -0.756 -0.125 -0.979 -0.0 0.045 0.199 0.616 0.0 -0.78 -0.116 0.983 0.0 0.037 0.178 
1.0 -0.005 0.014 -0.013 -0.794 -0.0 -0.605 0.048 -0.979 -0.0 -0.059 -0.196 0.998 0.0 0.015 0.059 0.769 0.0 0.294 -0.568 -0.643 -0.0 -0.756 -0.126 -0.979 -0.0 0.045 0.199 0.616 -0.0 -0.779 -0.116 0.983 -0.0 0.037 0.177 
1.0 -0.005 0.014 -0.013 -0.794 -0.0 -0.606 0.047 -0.979 -0.0 -0.058 -0.196 0.998 0.0 0.017 0.057 0.771 0.0 0.28 -0.572 -0.643 -0.0 -0.756 -0.127 -0.979 -0.0 0.044 0.199 0.616 0.0 -0.779 -0.117 0.983 -0.0 0.037 0.177 
1.0 -0.005 0.014 -0.013 -0.794 -0.0 -0.606 0.047 -0.979 0.0 -0.058 -0.196 0.998 0.0 0.018 0.053 0.773 -0.0 0.269 -0.575 -0.643 -0.0 -0.756 -0.127 -0.979 -0.0 0.044 0.199 0.616 -0.0 -0.779 -0.117 0.983 0.0 0.036 0.178 
1.0 -0.005 0.014 -0.013 -0.794 0.0 -0.606 0.047 -0.979 -0.0 -0.058 -0.197 0.999 0.0 0.017 0.051 0.773 0.0 0.258 -0.579 -0.643 -0.0 -0.755 -0.128 -0.979 -0.0 0.044 0.199 0.616 -0.0 -0.779 -0.118 0.983 0.0 0.036 0.177 
1.0 -0.005 0.014 -0.013 -0.794 0.0 -0.606 0.046 -0.979 -0.0 -0.058 -0.196 0.999 0.0 0.018 0.048 0.774 0.0 0.248 -0.582 -0.643 -0.0 -0.755 -0.129 -0.979 -0.0 0.044 0.2 0.616 0.0 -0.779 -0.118 0.983 0.0 0.036 0.178 
1.0 -0.005 0.014 -0.012 -0.794 0.0 -0.606 0.046 -0.979 0.0 -0.057 -0.197 0.999 0.0 0.018 0.045 0.775 0.0 0.238 -0.585 -0.643 -0.0 -0.755 -0.129 -0.979 -0.0 0.044 0.2 0.616 0.0 -0.779 -0.119 0.984 0.0 0.036 0.177 
1.0 -0.005 0.014 -0.012 -0.794 0.0 -0.606 0.046 -0.979 -0.0 -0.057 -0.197 0.999 -0.0 0.018 0.042 0.777 0.0 0.228 -0.587 -0.643 -0.0 -0.755 -0.129 -0.979 -0.0 0.044 0.2 0.616 0.0 -0.779 -0.119 0.984 0.0 0.036 0.177 
1.0 -0.004 0.014 -0.012 -0.794 -0.0 -0.607 0.046 -0.979 -0.0 -0.057 -0.197 0.999 0.0 0.018 0.04 0.778 0.0 0.219 -0.589 -0.643 0.0 -0.755 -0.13 -0.979 -0.0 0.043 0.2 0.616 0.0 -0.779 -0.12 0.983 0.0 0.036 0.177 
1.0 -0.004 0.014 -0.012 -0.794 -0.0 -0.607 0.046 -0.979 -0.0 -0.057 -0.197 0.999 -0.0 0.017 0.037 0.779 0.0 0.21 -0.591 -0.643 -0.0 -0.755 -0.13 -0.979 -0.0 0.043 0.2 0.616 0.0 -0.779 -0.12 0.983 0.0 0.035 0.177 
1.0 -0.004 0.013 -0.012 -0.793 -0.0 -0.607 0.046 -0.979 -0.0 -0.057 -0.198 0.999 0.0 0.017 0.035 0.78 0.0 0.2 -0.594 -0.643 -0.0 -0.755 -0.131 -0.979 -0.0 0.043 0.2 0.617 -0.0 -0.778 -0.117 0.984 0.0 0.035 0.174 
1.0 -0.004 0.014 -0.012 -0.793 -0.0 -0.607 0.046 -0.979 -0.0 -0.057 -0.198 0.999 0.0 0.016 0.033 0.78 0.0 0.189 -0.596 -0.643 -0.0 -0.755 -0.131 -0.979 -0.0 0.043 0.2 0.616 0.0 -0.779 -0.121 0.984 0.0 0.035 0.177 
1.0 -0.004 0.014 -0.012 -0.793 -0.0 -0.607 0.045 -0.979 -0.0 -0.057 -0.198 0.999 -0.0 0.017 0.032 0.781 0.0 0.178 -0.599 -0.642 0.0 -0.756 -0.129 -0.979 -0.0 0.047 0.197 0.616 0.0 -0.778 -0.121 0.984 0.0 0.035 0.177 
1.0 -0.004 0.014 -0.012 -0.793 -0.0 -0.607 0.045 -0.978 -0.0 -0.057 -0.199 0.999 -0.0 0.016 0.03 0.782 0.0 0.168 -0.601 -0.642 -0.0 -0.756 -0.129 -0.979 -0.0 0.047 0.197 0.616 0.0 -0.778 -0.122 0.984 0.0 0.035 0.177 
1.0 -0.004 0.014 -0.012 -0.793 -0.0 -0.607 0.046 -0.978 -0.0 -0.057 -0.199 1.0 0.0 0.015 0.027 0.783 -0.0 0.158 -0.601 -0.643 -0.0 -0.755 -0.131 -0.979 -0.0 0.043 0.2 0.616 -0.0 -0.778 -0.121 0.984 0.0 0.034 0.177 
1.0 -0.004 0.014 -0.011 -0.793 -0.0 -0.608 0.045 -0.978 -0.0 -0.057 -0.199 1.0 -0.0 0.015 0.024 0.785 0.0 0.149 -0.601 -0.642 -0.0 -0.756 -0.129 -0.979 -0.0 0.047 0.197 0.616 0.0 -0.778 -0.122 0.984 0.0 0.035 0.177 
1.0 -0.004 0.014 -0.011 -0.793 -0.0 -0.608 0.045 -0.978 -0.0 -0.056 -0.199 1.0 0.0 0.013 0.022 0.786 0.0 0.141 -0.602 -0.643 -0.0 -0.755 -0.132 -0.979 -0.0 0.043 0.199 0.616 -0.0 -0.778 -0.122 0.984 0.0 0.035 0.177 
1.0 -0.004 0.014 -0.011 -0.793 0.0 -0.608 0.045 -0.978 -0.0 -0.056 -0.199 1.0 0.0 0.013 0.019 0.788 -0.0 0.132 -0.602 -0.643 -0.0 -0.755 -0.132 -0.979 -0.0 0.043 0.199 0.616 0.0 -0.778 -0.123 0.983 0.0 0.035 0.178 
1.0 -0.004 0.014 -0.011 -0.793 -0.0 -0.608 0.045 -0.978 0.0 -0.057 -0.199 1.0 -0.0 0.012 0.017 0.789 -0.0 0.124 -0.602 -0.643 0.0 -0.755 -0.132 -0.979 -0.0 0.043 0.199 0.616 0.0 -0.778 -0.123 0.984 0.0 0.035 0.177 
1.0 -0.004 0.014 -0.011 -0.793 0.0 -0.608 0.045 -0.978 0.0 -0.057 -0.199 1.0 0.0 0.011 0.014 0.79 -0.0 0.115 -0.602 -0.644 -0.0 -0.753 -0.133 -0.979 0.0 0.039 0.2 0.616 0.0 -0.778 -0.123 0.984 0.0 0.035 0.177 
1.0 -0.004 0.014 -0.011 -0.792 -0.0 -0.608 0.045 -0.979 -0.0 -0.057 -0.197 1.0 0.0 0.01 0.011 0.791 0.0 0.107 -0.602 -0.643 0.0 -0.755 -0.132 -0.979 -0.0 0.043 0.2 0.616 0.0 -0.778 -0.123 0.984 0.0 0.035 0.177 
1.0 -0.004 0.014 -0.011 -0.792 -0.0 -0.608 0.046 -0.979 -0.0 -0.057 -0.197 1.0 0.0 0.009 0.009 0.794 0.0 0.098 -0.6 -0.642 -0.0 -0.756 -0.13 -0.979 -0.0 0.046 0.197 0.616 0.0 -0.778 -0.123 0.983 0.0 0.035 0.178 
1.0 -0.004 0.014 -0.011 -0.792 -0.0 -0.609 0.045 -0.978 -0.0 -0.057 -0.198 1.0 0.0 0.007 0.01 0.793 0.0 0.09 -0.603 -0.642 0.0 -0.756 -0.131 -0.979 0.0 0.046 0.198 0.616 -0.0 -0.778 -0.124 0.983 -0.0 0.035 0.178 
1.0 -0.003 0.014 -0.011 -0.792 -0.0 -0.609 0.045 -0.979 -0.0 -0.057 -0.198 1.0 0.0 0.006 0.008 0.794 0.0 0.082 -0.602 -0.642 0.0 -0.756 -0.131 -0.979 -0.0 0.046 0.198 0.616 0.0 -0.778 -0.125 0.983 -0.0 0.035 0.178 
1.0 -0.003 0.014 -0.011 -0.792 0.0 -0.609 0.045 -0.978 -0.0 -0.057 -0.198 1.0 0.0 0.005 0.008 0.795 0.0 0.073 -0.602 -0.644 -0.0 -0.753 -0.135 -0.979 -0.0 0.039 0.2 0.616 0.0 -0.778 -0.125 0.983 0.0 0.034 0.178 
1.0 -0.003 0.014 -0.011 -0.792 -0.0 -0.609 0.046 -0.978 -0.0 -0.057 -0.198 1.0 0.0 0.004 0.005 0.796 0.0 0.066 -0.601 -0.643 -0.0 -0.754 -0.134 -0.979 -0.0 0.042 0.2 0.616 0.0 -0.778 -0.125 0.983 0.0 0.034 0.178 
1.0 -0.003 0.014 -0.011 -0.792 -0.0 -0.609 0.045 -0.979 -0.0 -0.057 -0.198 1.0 0.0 0.004 0.003 0.798 0.0 0.058 -0.6 -0.643 -0.0 -0.754 -0.135 -0.979 -0.0 0.042 0.201 0.616 0.0 -0.778 -0.126 0.983 0.0 0.034 0.179 
1.0 -0.003 0.014 -0.011 -0.792 -0.0 -0.609 0.046 -0.979 -0.0 -0.057 -0.198 1.0 -0.0 0.004 0.0 0.8 0.0 0.049 -0.599 -0.643 -0.0 -0.754 -0.134 -0.979 -0.0 0.042 0.2 0.616 0.0 -0.778 -0.122 0.984 0.0 0.034 0.175 
1.0 -0.003 0.014 -0.011 -0.792 0.0 -0.609 0.046 -0.979 0.0 -0.057 -0.198 1.0 -0.0 0.003 -0.002 0.801 0.0 0.041 -0.598 -0.643 -0.0 -0.754 -0.134 -0.979 -0.0 0.042 0.2 0.616 0.0 -0.778 -0.125 0.983 0.0 0.034 0.178 
1.0 -0.003 0.014 -0.011 -0.792 -0.0 -0.609 0.046 -0.979 0.0 -0.057 -0.198 1.0 -0.0 0.002 -0.003 0.802 0.0 0.034 -0.597 -0.642 -0.0 -0.755 -0.132 -0.979 -0.0 0.046 0.198 0.616 -0.0 -0.778 -0.125 0.983 0.0 0.034 0.178 
1.0 -0.003 0.014 -0.011 -0.792 -0.0 -0.608 0.046 -0.979 -0.0 -0.058 -0.198 1.0 0.0 0.001 -0.004 0.802 -0.0 0.027 -0.596 -0.644 -0.0 -0.753 -0.135 -0.979 -0.0 0.039 0.2 0.616 0.0 -0.778 -0.126 0.983 0.0 0.034 0.178 
1.0 -0.003 0.014 -0.011 -0.792 -0.0 -0.608 0.047 -0.979 -0.0 -0.057 -0.197 1.0 0.0 0.0 -0.006 0.803 0.0 0.02 -0.595 -0.642 0.0 -0.755 -0.132 -0.979 -0.0 0.046 0.198 0.616 0.0 -0.778 -0.126 0.983 -0.0 0.034 0.178 
1.0 -0.003 0.014 -0.011 -0.792 -0.0 -0.608 0.047 -0.979 -0.0 -0.057 -0.198 1.0 0.0 -0.0 -0.007 0.804 0.0 0.013 -0.595 -0.643 -0.0 -0.754 -0.135 -0.979 -0.0 0.042 0.2 0.616 0.0 -0.778 -0.126 0.983 -0.0 0.034 0.178 
1.0 -0.003 0.014 -0.011 -0.792 -0.0 -0.608 0.048 -0.979 -0.0 -0.058 -0.198 1.0 -0.0 -0.001 -0.011 0.807 0.0 0.007 -0.591 -0.643 0.0 -0.754 -0.135 -0.979 -0.0 0.042 0.2 0.616 0.0 -0.778 -0.126 0.983 0.0 0.034 0.178 
1.0 -0.003 0.014 -0.011 -0.792 -0.0 -0.608 0.047 -0.979 -0.0 -0.057 -0.197 1.0 -0.0 -0.002 -0.012 0.807 0.0 0.002 -0.59 -0.644 0.0 -0.753 -0.136 -0.979 -0.0 0.039 0.201 0.616 0.0 -0.778 -0.126 0.983 0.0 0.034 0.179 
1.0 -0.003 0.014 -0.011 -0.793 -0.0 -0.608 0.048 -0.979 -0.0 -0.057 -0.197 1.0 0.0 -0.003 -0.013 0.808 0.0 -0.003 -0.59 -0.642 -0.0 -0.756 -0.133 -0.979 -0.0 0.046 0.198 0.616 0.0 -0.777 -0.126 0.983 0.0 0.034 0.179 
1.0 -0.003 0.014 -0.011 -0.793 -0.0 -0.608 0.047 -0.979 -0.0 -0.057 -0.196 1.0 0.0 -0.004 -0.014 0.809 0.0 -0.007 -0.588 -0.643 -0.0 -0.754 -0.135 -0.979 -0.0 0.042 0.2 0.616 0.0 -0.778 -0.126 0.983 -0.0 0.034 0.179 
1.0 -0.003 0.014 -0.011 -0.793 -0.0 -0.608 0.047 -0.979 0.0 -0.057 -0.196 1.0 0.0 -0.005 -0.015 0.809 -0.0 -0.011 -0.587 -0.643 -0.0 -0.754 -0.136 -0.979 -0.0 0.041 0.201 0.616 0.0 -0.778 -0.126 0.983 0.0 0.034 0.179 
1.0 -0.003 0.014 -0.011 -0.793 -0.0 -0.607 0.047 -0.979 0.0 -0.057 -0.196 1.0 -0.0 -0.006 -0.016 0.809 -0.0 -0.013 -0.587 -0.643 -0.0 -0.754 -0.136 -0.979 -0.0 0.042 0.201 0.616 0.0 -0.778 -0.126 0.983 -0.0 0.034 0.179 
1.0 -0.003 0.014 -0.011 -0.793 -0.0 -0.607 0.048 -0.979 -0.0 -0.057 -0.196 1.0 -0.0 -0.007 -0.017 0.809 0.0 -0.016 -0.587 -0.643 -0.0 -0.754 -0.136 -0.979 -0.0 0.041 0.201 0.613 0.0 -0.778 -0.134 0.982 0.0 0.036 0.187 
1.0 -0.003 0.014 -0.011 -0.793 -0.0 -0.607 0.048 -0.979 -0.0 -0.057 -0.196 1.0 -0.0 -0.009 -0.018 0.81 0.0 -0.018 -0.586 -0.643 -0.0 -0.754 -0.136 -0.979 -0.0 0.041 0.201 0.616 -0.0 -0.777 -0.127 0.983 0.0 0.034 0.179 
1.0 -0.003 0.014 -0.012 -0.793 -0.0 -0.607 0.048 -0.979 -0.0 -0.057 -0.195 1.0 0.0 -0.01 -0.018 0.81 0.0 -0.019 -0.586 -0.641 0.0 -0.755 -0.134 -0.979 -0.0 0.045 0.199 0.617 0.0 -0.777 -0.124 0.984 0.0 0.034 0.176 
1.0 -0.003 0.014 -0.012 -0.793 -0.0 -0.607 0.049 -0.979 -0.0 -0.057 -0.195 1.0 0.0 -0.011 -0.019 0.811 0.0 -0.021 -0.585 -0.643 0.0 -0.754 -0.136 -0.979 -0.0 0.041 0.201 0.616 0.0 -0.777 -0.127 0.983 0.0 0.034 0.179 
1.0 -0.003 0.014 -0.011 -0.794 -0.0 -0.606 0.049 -0.979 0.0 -0.057 -0.195 1.0 0.0 -0.012 -0.02 0.811 0.0 -0.021 -0.585 -0.643 -0.0 -0.754 -0.137 -0.979 -0.0 0.041 0.201 0.616 0.0 -0.777 -0.127 0.983 -0.0 0.034 0.179 
1.0 -0.003 0.014 -0.011 -0.794 -0.0 -0.606 0.049 -0.979 -0.0 -0.056 -0.196 1.0 0.0 -0.013 -0.02 0.811 0.0 -0.021 -0.584 -0.643 -0.0 -0.754 -0.137 -0.979 -0.0 0.041 0.201 0.617 0.0 -0.777 -0.124 0.984 -0.0 0.034 0.176 
1.0 -0.003 0.014 -0.011 -0.794 -0.0 -0.606 0.049 -0.979 0.0 -0.058 -0.195 1.0 0.0 -0.015 -0.021 0.812 0.0 -0.021 -0.584 -0.643 -0.0 -0.754 -0.137 -0.979 -0.0 0.041 0.201 0.617 0.0 -0.777 -0.125 0.984 0.0 0.033 0.176 
1.0 -0.003 0.014 -0.011 -0.794 -0.0 -0.605 0.049 -0.979 -0.0 -0.058 -0.194 1.0 0.0 -0.016 -0.022 0.812 0.0 -0.02 -0.583 -0.642 -0.0 -0.754 -0.137 -0.979 -0.0 0.041 0.201 0.617 0.0 -0.777 -0.125 0.984 0.0 0.033 0.176 
1.0 -0.003 0.014 -0.011 -0.795 -0.0 -0.605 0.049 -0.979 -0.0 -0.057 -0.194 1.0 0.0 -0.017 -0.022 0.812 0.0 -0.019 -0.583 -0.643 -0.0 -0.754 -0.137 -0.979 -0.0 0.041 0.201 0.617 -0.0 -0.777 -0.124 0.984 0.0 0.033 0.176 
1.0 -0.003 0.014 -0.011 -0.795 -0.0 -0.605 0.049 -0.979 -0.0 -0.057 -0.193 1.0 0.0 -0.019 -0.022 0.812 0.0 -0.018 -0.584 -0.643 0.0 -0.754 -0.137 -0.979 -0.0 0.041 0.201 0.616 0.0 -0.777 -0.127 0.983 0.0 0.033 0.178 
1.0 -0.003 0.014 -0.011 -0.795 -0.0 -0.605 0.049 -0.98 -0.0 -0.057 -0.193 1.0 0.0 -0.019 -0.022 0.812 0.0 -0.016 -0.584 -0.641 -0.0 -0.755 -0.134 -0.979 -0.0 0.045 0.199 0.616 0.0 -0.777 -0.128 0.983 0.0 0.033 0.179 
1.0 -0.003 0.014 -0.011 -0.795 -0.0 -0.605 0.049 -0.98 -0.0 -0.057 -0.193 1.0 0.0 -0.021 -0.022 0.811 0.0 -0.015 -0.584 -0.643 -0.0 -0.754 -0.136 -0.979 -0.0 0.041 0.201 0.617 0.0 -0.777 -0.124 0.984 0.0 0.033 0.176 
1.0 -0.003 0.014 -0.011 -0.795 -0.0 -0.604 0.048 -0.98 0.0 -0.057 -0.193 1.0 0.0 -0.022 -0.022 0.811 0.0 -0.014 -0.585 -0.642 -0.0 -0.754 -0.136 -0.979 -0.0 0.041 0.201 0.617 -0.0 -0.777 -0.124 0.984 0.0 0.033 0.176 
1.0 -0.003 0.014 -0.011 -0.795 -0.0 -0.604 0.049 -0.979 -0.0 -0.057 -0.193 0.999 -0.0 -0.023 -0.022 0.811 0.0 -0.012 -0.585 -0.642 -0.0 -0.754 -0.137 -0.979 -0.0 0.041 0.201 0.617 0.0 -0.777 -0.125 0.984 0.0 0.034 0.177 
1.0 -0.003 0.014 -0.011 -0.795 0.0 -0.604 0.049 -0.979 -0.0 -0.057 -0.193 0.999 0.0 -0.023 -0.021 0.81 0.0 -0.011 -0.586 -0.642 -0.0 -0.754 -0.137 -0.979 -0.0 0.041 0.201 0.617 0.0 -0.777 -0.125 0.984 0.0 0.033 0.176 
1.0 -0.004 0.014 -0.011 -0.795 -0.0 -0.604 0.049 -0.979 0.0 -0.057 -0.194 0.999 0.0 -0.024 -0.022 0.81 -0.0 -0.009 -0.586 -0.642 -0.0 -0.754 -0.137 -0.979 0.0 0.041 0.201 0.617 0.0 -0.777 -0.124 0.984 0.0 0.033 0.176 
1.0 -0.004 0.014 -0.011 -0.795 -0.0 -0.604 0.049 -0.979 -0.0 -0.057 -0.194 0.999 0.0 -0.025 -0.021 0.81 0.0 -0.008 -0.586 -0.641 0.0 -0.756 -0.134 -0.979 -0.0 0.045 0.199 0.614 0.0 -0.778 -0.134 0.982 -0.0 0.036 0.187 
1.0 -0.004 0.014 -0.011 -0.796 -0.0 -0.604 0.05 -0.979 -0.0 -0.057 -0.194 0.999 0.0 -0.025 -0.022 0.811 0.0 -0.006 -0.586 -0.642 0.0 -0.754 -0.136 -0.979 -0.0 0.041 0.201 0.617 0.0 -0.777 -0.124 0.984 0.0 0.033 0.176 
1.0 -0.004 0.014 -0.011 -0.796 -0.0 -0.604 0.049 -0.979 -0.0 -0.056 -0.194 0.999 0.0 -0.026 -0.022 0.81 0.0 -0.004 -0.586 -0.642 -0.0 -0.754 -0.136 -0.979 -0.0 0.041 0.201 0.617 -0.0 -0.777 -0.124 0.984 0.0 0.033 0.176 
1.0 -0.004 0.014 -0.011 -0.796 -0.0 -0.604 0.049 -0.979 -0.0 -0.056 -0.195 0.999 0.0 -0.026 -0.022 0.81 0.0 -0.002 -0.586 -0.642 -0.0 -0.754 -0.137 -0.979 -0.0 0.041 0.201 0.617 0.0 -0.777 -0.128 0.983 0.0 0.033 0.179 
1.0 -0.004 0.014 -0.011 -0.796 0.0 -0.604 0.049 -0.979 0.0 -0.056 -0.195 0.999 0.0 -0.027 -0.022 0.81 0.0 -0.0 -0.586 -0.642 -0.0 -0.754 -0.136 -0.979 -0.0 0.041 0.201 0.617 0.0 -0.777 -0.125 0.984 0.0 0.033 0.176 
1.0 -0.004 0.014 -0.011 -0.796 -0.0 -0.603 0.049 -0.979 -0.0 -0.056 -0.194 0.999 0.0 -0.027 -0.021 0.81 0.0 0.002 -0.586 -0.643 0.0 -0.754 -0.136 -0.979 -0.0 0.041 0.201 0.618 0.0 -0.777 -0.123 0.984 0.0 0.032 0.175 
1.0 -0.004 0.014 -0.011 -0.796 -0.0 -0.603 0.049 -0.979 -0.0 -0.056 -0.195 0.999 0.0 -0.027 -0.021 0.81 0.0 0.004 -0.586 -0.642 -0.0 -0.754 -0.137 -0.979 -0.0 0.041 0.201 0.617 0.0 -0.777 -0.124 0.984 0.0 0.033 0.176 
1.0 -0.004 0.014 -0.011 -0.796 -0.0 -0.603 0.049 -0.979 -0.0 -0.056 -0.195 0.999 0.0 -0.028 -0.021 0.81 0.0 0.007 -0.586 -0.641 -0.0 -0.755 -0.134 -0.979 -0.0 0.045 0.199 0.618 0.0 -0.777 -0.123 0.984 0.0 0.032 0.175 
1.0 -0.004 0.014 -0.011 -0.796 -0.0 -0.603 0.049 -0.979 -0.0 -0.056 -0.195 0.999 0.0 -0.028 -0.021 0.81 0.0 0.011 -0.586 -0.642 -0.0 -0.754 -0.136 -0.979 -0.0 0.041 0.201 0.617 0.0 -0.777 -0.125 0.984 0.0 0.033 0.176 
1.0 -0.004 0.014 -0.011 -0.796 0.0 -0.603 0.049 -0.979 -0.0 -0.056 -0.195 0.999 0.0 -0.029 -0.02 0.81 0.0 0.014 -0.587 -0.642 -0.0 -0.754 -0.136 -0.979 -0.0 0.041 0.201 0.617 0.0 -0.777 -0.126 0.983 0.0 0.033 0.178 
1.0 -0.004 0.014 -0.011 -0.796 -0.0 -0.603 0.049 -0.979 -0.0 -0.056 -0.195 0.999 0.0 -0.029 -0.02 0.809 0.0 0.018 -0.587 -0.643 -0.0 -0.754 -0.136 -0.979 -0.0 0.041 0.201 0.617 0.0 -0.777 -0.127 0.983 0.0 0.033 0.179 
1.0 -0.004 0.014 -0.011 -0.796 -0.0 -0.604 0.049 -0.979 -0.0 -0.056 -0.196 0.999 0.0 -0.029 -0.019 0.809 0.0 0.022 -0.587 -0.642 -0.0 -0.754 -0.136 -0.979 -0.0 0.041 0.201 0.617 0.0 -0.777 -0.127 0.983 -0.0 0.034 0.179 
1.0 -0.004 0.014 -0.011 -0.796 -0.0 -0.603 0.049 -0.979 0.0 -0.056 -0.196 0.999 -0.0 -0.03 -0.018 0.809 0.0 0.027 -0.587 -0.642 -0.0 -0.754 -0.135 -0.979 -0.0 0.042 0.201 0.617 0.0 -0.777 -0.126 0.983 0.0 0.032 0.178 
1.0 -0.004 0.014 -0.011 -0.796 -0.0 -0.604 0.048 -0.979 -0.0 -0.056 -0.196 0.999 0.0 -0.03 -0.018 0.808 0.0 0.033 -0.588 -0.642 -0.0 -0.754 -0.136 -0.979 0.0 0.041 0.201 0.617 0.0 -0.777 -0.127 0.983 0.0 0.034 0.179 
1.0 -0.005 0.014 -0.011 -0.796 -0.0 -0.604 0.048 -0.979 -0.0 -0.057 -0.196 0.999 0.0 -0.031 -0.017 0.808 0.0 0.038 -0.588 -0.642 -0.0 -0.755 -0.135 -0.979 -0.0 0.042 0.2 0.617 0.0 -0.777 -0.123 0.984 0.0 0.034 0.176 
1.0 -0.005 0.014 -0.012 -0.796 0.0 -0.604 0.048 -0.979 -0.0 -0.057 -0.196 0.999 -0.0 -0.032 -0.016 0.807 0.0 0.046 -0.589 -0.641 -0.0 -0.756 -0.133 -0.979 -0.0 0.046 0.198 0.617 0.0 -0.777 -0.123 0.984 0.0 0.033 0.176 
1.0 -0.005 0.014 -0.011 -0.796 -0.0 -0.604 0.048 -0.979 0.0 -0.057 -0.196 0.999 0.0 -0.033 -0.015 0.806 0.0 0.053 -0.589 -0.641 -0.0 -0.756 -0.133 -0.979 -0.0 0.046 0.198 0.617 0.0 -0.777 -0.124 0.984 -0.0 0.034 0.177 
1.0 -0.005 0.014 -0.012 -0.796 -0.0 -0.604 0.048 -0.979 -0.0 -0.057 -0.196 0.999 -0.0 -0.034 -0.014 0.806 0.0 0.061 -0.589 -0.641 -0.0 -0.756 -0.132 -0.979 -0.0 0.046 0.198 0.614 0.0 -0.778 -0.133 0.982 0.0 0.036 0.188 
1.0 -0.005 0.014 -0.012 -0.796 -0.0 -0.604 0.048 -0.979 -0.0 -0.057 -0.197 0.999 0.0 -0.035 -0.013 0.805 0.0 0.069 -0.589 -0.641 -0.0 -0.756 -0.132 -0.979 0.0 0.046 0.198 0.617 0.0 -0.777 -0.126 0.983 0.0 0.034 0.179 
1.0 -0.005 0.014 -0.012 -0.795 -0.0 -0.604 0.048 -0.979 -0.0 -0.057 -0.196 0.999 -0.0 -0.036 -0.011 0.804 -0.0 0.077 -0.589 -0.642 0.0 -0.755 -0.135 -0.979 -0.0 0.042 0.201 0.614 -0.0 -0.778 -0.133 0.982 0.0 0.037 0.188 
1.0 -0.005 0.014 -0.012 -0.796 -0.0 -0.604 0.048 -0.979 -0.0 -0.057 -0.196 0.999 0.0 -0.038 -0.01 0.804 0.0 0.085 -0.589 -0.643 -0.0 -0.754 -0.134 -0.979 -0.0 0.042 0.2 0.617 0.0 -0.777 -0.125 0.983 0.0 0.033 0.179 
1.0 -0.005 0.014 -0.012 -0.796 0.0 -0.604 0.048 -0.979 -0.0 -0.057 -0.197 0.999 0.0 -0.04 -0.008 0.802 0.0 0.094 -0.59 -0.641 -0.0 -0.756 -0.132 -0.979 -0.0 0.046 0.198 0.617 0.0 -0.777 -0.125 0.983 -0.0 0.034 0.179 
1.0 -0.006 0.014 -0.012 -0.795 -0.0 -0.605 0.048 -0.979 -0.0 -0.057 -0.197 0.999 -0.0 -0.042 -0.006 0.8 0.0 0.104 -0.59 -0.642 -0.0 -0.755 -0.134 -0.979 -0.0 0.042 0.201 0.617 0.0 -0.777 -0.122 0.984 0.0 0.034 0.176 
1.0 -0.006 0.014 -0.012 -0.795 -0.0 -0.605 0.048 -0.979 0.0 -0.057 -0.197 0.999 -0.0 -0.044 -0.005 0.8 0.0 0.114 -0.589 -0.642 -0.0 -0.755 -0.134 -0.979 0.0 0.042 0.2 0.617 0.0 -0.777 -0.122 0.984 0.0 0.034 0.176 
1.0 -0.006 0.014 -0.012 -0.795 -0.0 -0.605 0.047 -0.979 0.0 -0.057 -0.197 0.999 -0.0 -0.046 -0.003 0.798 -0.0 0.125 -0.59 -0.641 -0.0 -0.756 -0.132 -0.979 -0.0 0.046 0.198 0.614 0.0 -0.778 -0.132 0.982 0.0 0.037 0.188 
1.0 -0.006 0.014 -0.012 -0.795 -0.0 -0.605 0.047 -0.979 -0.0 -0.057 -0.197 0.999 0.0 -0.048 -0.002 0.796 -0.0 0.136 -0.59 -0.642 0.0 -0.755 -0.133 -0.979 -0.0 0.042 0.201 0.617 0.0 -0.777 -0.121 0.984 0.0 0.034 0.176 
1.0 -0.006 0.014 -0.012 -0.795 -0.0 -0.605 0.047 -0.979 -0.0 -0.057 -0.197 0.999 -0.0 -0.049 0.0 0.793 0.0 0.146 -0.591 -0.641 -0.0 -0.756 -0.131 -0.979 -0.0 0.046 0.198 0.617 -0.0 -0.777 -0.121 0.984 0.0 0.034 0.176 
1.0 -0.006 0.014 -0.012 -0.795 -0.0 -0.605 0.047 -0.979 -0.0 -0.057 -0.197 0.999 0.0 -0.052 0.001 0.792 0.0 0.158 -0.59 -0.642 -0.0 -0.755 -0.133 -0.979 -0.0 0.043 0.2 0.616 0.0 -0.778 -0.124 0.983 0.0 0.034 0.179 
1.0 -0.006 0.014 -0.012 -0.795 -0.0 -0.605 0.047 -0.979 -0.0 -0.057 -0.197 0.999 0.0 -0.054 0.003 0.79 0.0 0.169 -0.589 -0.642 -0.0 -0.755 -0.133 -0.979 0.0 0.043 0.201 0.616 0.0 -0.778 -0.123 0.983 0.0 0.035 0.179 
1.0 -0.006 0.014 -0.012 -0.795 -0.0 -0.605 0.047 -0.979 -0.0 -0.057 -0.197 0.998 0.0 -0.057 0.005 0.788 0.0 0.181 -0.588 -0.642 -0.0 -0.755 -0.133 -0.979 -0.0 0.042 0.201 0.614 0.0 -0.778 -0.131 0.982 0.0 0.036 0.188 
1.0 -0.006 0.014 -0.012 -0.794 -0.0 -0.606 0.047 -0.979 -0.0 -0.057 -0.197 0.998 0.0 -0.059 0.007 0.786 0.0 0.193 -0.587 -0.642 -0.0 -0.755 -0.133 -0.979 0.0 0.042 0.201 0.616 0.0 -0.778 -0.123 0.983 0.0 0.035 0.179 
1.0 -0.006 0.014 -0.012 -0.794 -0.0 -0.606 0.047 -0.979 -0.0 -0.057 -0.197 0.998 0.0 -0.06 0.011 0.783 0.0 0.205 -0.588 -0.641 -0.0 -0.756 -0.13 -0.979 0.0 0.046 0.198 0.614 0.0 -0.778 -0.131 0.982 0.0 0.037 0.188 
1.0 -0.007 0.014 -0.012 -0.794 -0.0 -0.606 0.047 -0.979 -0.0 -0.058 -0.197 0.998 -0.0 -0.063 0.012 0.78 0.0 0.217 -0.587 -0.642 -0.0 -0.755 -0.133 -0.979 0.0 0.042 0.201 0.617 0.0 -0.778 -0.12 0.984 0.0 0.035 0.176 
1.0 -0.007 0.014 -0.012 -0.794 -0.0 -0.606 0.047 -0.979 -0.0 -0.057 -0.197 0.998 -0.0 -0.065 0.015 0.777 0.0 0.231 -0.585 -0.642 -0.0 -0.755 -0.133 -0.979 -0.0 0.042 0.201 0.617 0.0 -0.778 -0.121 0.984 0.0 0.034 0.177 
1.0 -0.006 0.014 -0.012 -0.794 -0.0 -0.606 0.047 -0.979 0.0 -0.057 -0.197 0.998 0.0 -0.068 0.018 0.774 -0.0 0.245 -0.583 -0.643 -0.0 -0.754 -0.134 -0.979 -0.0 0.039 0.201 0.614 -0.0 -0.778 -0.131 0.982 0.0 0.036 0.188 
1.0 -0.006 0.014 -0.013 -0.794 -0.0 -0.607 0.047 -0.979 -0.0 -0.058 -0.197 0.997 0.0 -0.071 0.02 0.771 0.0 0.258 -0.582 -0.642 -0.0 -0.755 -0.133 -0.979 -0.0 0.042 0.201 0.616 -0.0 -0.778 -0.124 0.983 0.0 0.034 0.18 
1.0 -0.006 0.014 -0.013 -0.793 -0.0 -0.607 0.046 -0.979 -0.0 -0.058 -0.197 0.997 0.0 -0.073 0.022 0.769 0.0 0.273 -0.578 -0.642 -0.0 -0.755 -0.135 -0.978 -0.0 0.042 0.202 0.617 0.0 -0.777 -0.124 0.983 0.0 0.034 0.18 
1.0 -0.006 0.014 -0.013 -0.793 0.0 -0.607 0.046 -0.979 -0.0 -0.058 -0.197 0.997 0.0 -0.076 0.024 0.766 0.0 0.288 -0.575 -0.642 0.0 -0.755 -0.135 -0.978 -0.0 0.042 0.202 0.616 0.0 -0.777 -0.124 0.983 0.0 0.034 0.18 
1.0 -0.006 0.014 -0.013 -0.793 0.0 -0.607 0.046 -0.979 -0.0 -0.058 -0.197 0.997 0.0 -0.079 0.027 0.762 0.0 0.302 -0.573 -0.642 -0.0 -0.755 -0.135 -0.978 0.0 0.042 0.202 0.617 0.0 -0.777 -0.125 0.983 0.0 0.034 0.18 
1.0 -0.006 0.014 -0.013 -0.793 -0.0 -0.607 0.046 -0.979 0.0 -0.058 -0.197 0.996 0.0 -0.081 0.029 0.759 0.0 0.317 -0.569 -0.642 -0.0 -0.755 -0.135 -0.978 -0.0 0.042 0.202 0.617 0.0 -0.777 -0.121 0.984 0.0 0.034 0.177 
1.0 -0.006 0.014 -0.014 -0.793 0.0 -0.607 0.046 -0.979 0.0 -0.058 -0.197 0.996 -0.0 -0.084 0.032 0.755 0.0 0.331 -0.566 -0.641 -0.0 -0.756 -0.132 -0.979 -0.0 0.046 0.2 0.616 0.0 -0.778 -0.124 0.983 0.0 0.034 0.18 
1.0 -0.006 0.014 -0.014 -0.793 0.0 -0.607 0.046 -0.979 -0.0 -0.058 -0.197 0.996 -0.0 -0.087 0.034 0.752 -0.0 0.344 -0.563 -0.641 -0.0 -0.756 -0.132 -0.979 -0.0 0.046 0.2 0.616 0.0 -0.778 -0.124 0.983 0.0 0.034 0.18 
1.0 -0.006 0.014 -0.014 -0.793 -0.0 -0.607 0.046 -0.979 -0.0 -0.058 -0.197 0.996 0.0 -0.088 0.035 0.75 0.0 0.357 -0.557 -0.641 -0.0 -0.756 -0.132 -0.979 0.0 0.046 0.2 0.617 0.0 -0.777 -0.122 0.984 0.0 0.033 0.176 
1.0 -0.006 0.014 -0.014 -0.793 -0.0 -0.607 0.046 -0.979 -0.0 -0.058 -0.196 0.995 0.0 -0.09 0.037 0.747 0.0 0.371 -0.552 -0.641 -0.0 -0.756 -0.132 -0.979 -0.0 0.046 0.199 0.617 0.0 -0.777 -0.123 0.983 0.0 0.034 0.179 
1.0 -0.006 0.014 -0.014 -0.793 -0.0 -0.607 0.046 -0.979 -0.0 -0.058 -0.196 0.995 0.0 -0.093 0.039 0.743 0.0 0.384 -0.547 -0.641 -0.0 -0.756 -0.132 -0.979 -0.0 0.046 0.199 0.617 0.0 -0.777 -0.125 0.983 -0.0 0.034 0.18 
1.0 -0.006 0.014 -0.014 -0.793 -0.0 -0.607 0.046 -0.979 0.0 -0.058 -0.196 0.995 0.0 -0.095 0.042 0.74 0.0 0.398 -0.543 -0.642 -0.0 -0.755 -0.135 -0.978 -0.0 0.042 0.202 0.617 0.0 -0.777 -0.125 0.983 0.0 0.033 0.18 
1.0 -0.006 0.014 -0.014 -0.793 -0.0 -0.607 0.046 -0.979 -0.0 -0.058 -0.196 0.994 0.0 -0.098 0.044 0.736 0.0 0.412 -0.537 -0.642 -0.0 -0.755 -0.135 -0.979 -0.0 0.042 0.202 0.617 0.0 -0.777 -0.125 0.983 0.0 0.034 0.18 
1.0 -0.006 0.014 -0.014 -0.793 -0.0 -0.607 0.046 -0.979 -0.0 -0.058 -0.196 0.994 0.0 -0.102 0.045 0.734 0.0 0.428 -0.528 -0.642 -0.0 -0.755 -0.136 -0.978 -0.0 0.042 0.202 0.617 0.0 -0.777 -0.125 0.983 0.0 0.034 0.18 
1.0 -0.006 0.014 -0.015 -0.793 0.0 -0.607 0.046 -0.979 -0.0 -0.058 -0.196 0.993 0.0 -0.104 0.047 0.73 0.0 0.44 -0.523 -0.642 -0.0 -0.755 -0.135 -0.979 0.0 0.042 0.202 0.617 0.0 -0.777 -0.125 0.983 0.0 0.034 0.18 
1.0 -0.006 0.014 -0.015 -0.793 -0.0 -0.607 0.046 -0.979 0.0 -0.058 -0.196 0.993 0.0 -0.107 0.048 0.728 -0.0 0.453 -0.515 -0.642 -0.0 -0.755 -0.135 -0.978 -0.0 0.042 0.202 0.617 0.0 -0.777 -0.121 0.984 0.0 0.034 0.176 
1.0 -0.006 0.014 -0.015 -0.793 -0.0 -0.607 0.046 -0.979 -0.0 -0.058 -0.196 0.993 -0.0 -0.109 0.051 0.725 0.0 0.465 -0.508 -0.642 -0.0 -0.755 -0.136 -0.979 -0.0 0.042 0.202 0.617 0.0 -0.777 -0.121 0.984 0.0 0.034 0.176 
1.0 -0.006 0.014 -0.015 -0.793 -0.0 -0.607 0.046 -0.979 0.0 -0.058 -0.195 0.992 0.0 -0.111 0.052 0.722 0.0 0.478 -0.5 -0.642 0.0 -0.755 -0.136 -0.978 0.0 0.042 0.202 0.617 0.0 -0.777 -0.121 0.984 0.0 0.034 0.176 
1.0 -0.006 0.014 -0.015 -0.793 -0.0 -0.607 0.046 -0.979 -0.0 -0.058 -0.196 0.992 -0.0 -0.113 0.054 0.719 0.0 0.488 -0.494 -0.641 -0.0 -0.756 -0.133 -0.979 -0.0 0.046 0.2 0.617 0.0 -0.777 -0.122 0.984 0.0 0.033 0.177 
1.0 -0.006 0.014 -0.015 -0.793 -0.0 -0.607 0.046 -0.979 0.0 -0.058 -0.196 0.992 0.0 -0.114 0.056 0.716 0.0 0.5 -0.487 -0.642 -0.0 -0.755 -0.136 -0.978 -0.0 0.042 0.202 0.617 0.0 -0.777 -0.124 0.983 0.0 0.033 0.179 
1.0 -0.006 0.014 -0.016 -0.794 -0.0 -0.607 0.046 -0.979 -0.0 -0.058 -0.196 0.991 0.0 -0.117 0.059 0.713 0.0 0.511 -0.48 -0.642 -0.0 -0.754 -0.136 -0.979 -0.0 0.042 0.202 0.617 0.0 -0.777 -0.124 0.983 -0.0 0.033 0.178 
1.0 -0.006 0.014 -0.016 -0.794 -0.0 -0.606 0.046 -0.979 -0.0 -0.057 -0.196 0.991 0.0 -0.119 0.061 0.711 0.0 0.522 -0.472 -0.642 -0.0 -0.754 -0.135 -0.979 -0.0 0.042 0.202 0.616 0.0 -0.778 -0.123 0.983 -0.0 0.034 0.179 
1.0 -0.006 0.013 -0.016 -0.793 -0.0 -0.607 0.046 -0.979 -0.0 -0.058 -0.196 0.991 0.0 -0.12 0.062 0.708 0.0 0.533 -0.464 -0.642 -0.0 -0.755 -0.136 -0.979 -0.0 0.042 0.202 0.617 0.0 -0.777 -0.124 0.983 0.0 0.033 0.179 
1.0 -0.006 0.014 -0.016 -0.793 -0.0 -0.607 0.046 -0.979 -0.0 -0.057 -0.196 0.99 0.0 -0.122 0.065 0.705 -0.0 0.543 -0.456 -0.641 -0.0 -0.756 -0.133 -0.979 -0.0 0.046 0.199 0.617 0.0 -0.777 -0.124 0.983 0.0 0.034 0.179 
1.0 -0.006 0.014 -0.016 -0.793 -0.0 -0.607 0.047 -0.979 -0.0 -0.057 -0.196 0.99 0.0 -0.124 0.067 0.702 -0.0 0.553 -0.449 -0.642 -0.0 -0.755 -0.136 -0.978 -0.0 0.042 0.202 0.617 0.0 -0.777 -0.121 0.984 0.0 0.033 0.176 
1.0 -0.006 0.014 -0.017 -0.793 -0.0 -0.607 0.047 -0.979 -0.0 -0.057 -0.196 0.99 0.0 -0.127 0.069 0.699 0.0 0.563 -0.44 -0.642 -0.0 -0.755 -0.135 -0.979 0.0 0.042 0.202 0.616 0.0 -0.778 -0.123 0.983 0.0 0.035 0.179 
1.0 -0.006 0.013 -0.017 -0.793 -0.0 -0.607 0.047 -0.979 -0.0 -0.057 -0.196 0.989 0.0 -0.129 0.07 0.697 0.0 0.573 -0.431 -0.642 -0.0 -0.755 -0.136 -0.979 0.0 0.042 0.202 0.617 0.0 -0.777 -0.123 0.983 0.0 0.034 0.179 
1.0 -0.006 0.013 -0.017 -0.793 -0.0 -0.607 0.047 -0.979 0.0 -0.057 -0.196 0.989 0.0 -0.131 0.072 0.694 0.0 0.584 -0.422 -0.642 -0.0 -0.755 -0.136 -0.978 -0.0 0.043 0.202 0.617 0.0 -0.777 -0.123 0.983 0.0 0.034 0.179 
1.0 -0.006 0.014 -0.018 -0.794 -0.0 -0.607 0.047 -0.979 -0.0 -0.057 -0.196 0.988 0.0 -0.133 0.077 0.69 0.0 0.592 -0.416 -0.642 0.0 -0.754 -0.136 -0.978 -0.0 0.043 0.202 0.616 0.0 -0.778 -0.123 0.983 0.0 0.034 0.18 
1.0 -0.006 0.014 -0.018 -0.793 -0.0 -0.607 0.047 -0.979 -0.0 -0.057 -0.196 0.988 -0.0 -0.135 0.077 0.689 0.0 0.602 -0.405 -0.642 0.0 -0.755 -0.135 -0.978 -0.0 0.043 0.202 0.616 0.0 -0.778 -0.123 0.983 0.0 0.034 0.18 
1.0 -0.006 0.014 -0.018 -0.793 0.0 -0.607 0.047 -0.979 -0.0 -0.057 -0.196 0.987 -0.0 -0.137 0.079 0.686 0.0 0.611 -0.395 -0.642 0.0 -0.755 -0.136 -0.978 -0.0 0.043 0.202 0.616 0.0 -0.778 -0.123 0.983 0.0 0.034 0.18 
1.0 -0.006 0.013 -0.018 -0.793 -0.0 -0.608 0.047 -0.979 -0.0 -0.057 -0.196 0.987 0.0 -0.139 0.081 0.683 0.0 0.62 -0.387 -0.642 -0.0 -0.755 -0.136 -0.978 -0.0 0.043 0.202 0.617 0.0 -0.777 -0.124 0.983 -0.0 0.033 0.18 
1.0 -0.006 0.013 -0.018 -0.793 0.0 -0.608 0.047 -0.979 -0.0 -0.057 -0.197 0.986 0.0 -0.142 0.084 0.68 0.0 0.629 -0.377 -0.642 -0.0 -0.755 -0.136 -0.978 0.0 0.043 0.203 0.617 -0.0 -0.777 -0.121 0.984 0.0 0.033 0.177 
1.0 -0.006 0.013 -0.019 -0.793 -0.0 -0.608 0.047 -0.979 -0.0 -0.057 -0.197 0.986 0.0 -0.144 0.085 0.677 0.0 0.638 -0.367 -0.642 -0.0 -0.755 -0.136 -0.978 -0.0 0.043 0.203 0.617 0.0 -0.777 -0.121 0.984 -0.0 0.033 0.178 
1.0 -0.006 0.014 -0.019 -0.793 -0.0 -0.608 0.047 -0.979 -0.0 -0.057 -0.196 0.985 -0.0 -0.147 0.089 0.674 0.0 0.647 -0.357 -0.642 0.0 -0.755 -0.136 -0.978 -0.0 0.043 0.203 0.616 0.0 -0.778 -0.121 0.984 0.0 0.033 0.176 
1.0 -0.006 0.013 -0.019 -0.792 0.0 -0.608 0.047 -0.979 -0.0 -0.057 -0.196 0.985 0.0 -0.149 0.09 0.672 -0.0 0.654 -0.348 -0.642 0.0 -0.755 -0.136 -0.978 -0.0 0.043 0.202 0.616 0.0 -0.778 -0.124 0.983 0.0 0.034 0.181 
1.0 -0.006 0.013 -0.019 -0.792 -0.0 -0.609 0.047 -0.979 -0.0 -0.056 -0.197 0.984 0.0 -0.152 0.094 0.669 -0.0 0.662 -0.337 -0.641 -0.0 -0.755 -0.136 -0.978 -0.0 0.043 0.203 0.616 -0.0 -0.778 -0.124 0.983 0.0 0.033 0.181 
1.0 -0.006 0.014 -0.02 -0.792 0.0 -0.608 0.047 -0.979 -0.0 -0.057 -0.196 0.983 -0.0 -0.155 0.096 0.666 0.0 0.67 -0.327 -0.642 -0.0 -0.755 -0.136 -0.978 -0.0 0.043 0.203 0.616 0.0 -0.778 -0.124 0.983 0.0 0.033 0.179 
1.0 -0.006 0.014 -0.02 -0.793 -0.0 -0.608 0.047 -0.979 -0.0 -0.057 -0.197 0.983 -0.0 -0.158 0.098 0.664 0.0 0.678 -0.316 -0.642 -0.0 -0.755 -0.136 -0.978 0.0 0.043 0.203 0.616 0.0 -0.778 -0.123 0.983 0.0 0.034 0.18 
1.0 -0.006 0.014 -0.02 -0.792 -0.0 -0.608 0.047 -0.979 -0.0 -0.057 -0.197 0.982 -0.0 -0.161 0.101 0.661 0.0 0.686 -0.304 -0.642 0.0 -0.754 -0.136 -0.978 -0.0 0.043 0.202 0.616 -0.0 -0.778 -0.123 0.983 0.0 0.033 0.179 
1.0 -0.006 0.014 -0.021 -0.792 -0.0 -0.608 0.047 -0.979 -0.0 -0.057 -0.197 0.981 -0.0 -0.163 0.103 0.66 0.0 0.691 -0.296 -0.642 -0.0 -0.755 -0.136 -0.978 -0.0 0.043 0.202 0.616 0.0 -0.778 -0.123 0.983 -0.0 0.033 0.179 
1.0 -0.006 0.013 -0.021 -0.792 0.0 -0.609 0.047 -0.979 -0.0 -0.056 -0.197 0.981 -0.0 -0.165 0.106 0.657 0.0 0.698 -0.285 -0.64 -0.0 -0.756 -0.134 -0.979 -0.0 0.047 0.2 0.617 0.0 -0.778 -0.121 0.984 0.0 0.032 0.177 
1.0 -0.006 0.013 -0.022 -0.792 0.0 -0.609 0.047 -0.979 -0.0 -0.056 -0.198 0.98 -0.0 -0.167 0.109 0.655 -0.0 0.704 -0.274 -0.642 -0.0 -0.755 -0.136 -0.978 0.0 0.043 0.203 0.616 0.0 -0.778 -0.12 0.983 0.0 0.034 0.178 
1.0 -0.006 0.013 -0.022 -0.792 0.0 -0.609 0.047 -0.979 0.0 -0.056 -0.198 0.979 0.0 -0.17 0.111 0.654 0.0 0.71 -0.262 -0.641 -0.0 -0.755 -0.137 -0.978 -0.0 0.043 0.203 0.616 0.0 -0.778 -0.123 0.983 0.0 0.034 0.181 
1.0 -0.006 0.013 -0.022 -0.792 -0.0 -0.609 0.047 -0.979 0.0 -0.057 -0.198 0.979 0.0 -0.172 0.113 0.653 -0.0 0.714 -0.252 -0.642 -0.0 -0.755 -0.137 -0.978 0.0 0.043 0.203 0.616 0.0 -0.778 -0.121 0.983 0.0 0.034 0.178 
1.0 -0.006 0.014 -0.023 -0.792 0.0 -0.609 0.048 -0.979 -0.0 -0.057 -0.198 0.978 0.0 -0.174 0.116 0.652 0.0 0.718 -0.244 -0.642 0.0 -0.754 -0.136 -0.978 -0.0 0.043 0.202 0.616 0.0 -0.778 -0.123 0.983 -0.0 0.033 0.179 
1.0 -0.006 0.014 -0.023 -0.792 -0.0 -0.609 0.048 -0.979 -0.0 -0.056 -0.198 0.977 0.0 -0.178 0.119 0.65 0.0 0.723 -0.234 -0.642 -0.0 -0.755 -0.137 -0.978 0.0 0.044 0.203 0.616 -0.0 -0.778 -0.122 0.983 0.0 0.034 0.18 
1.0 -0.006 0.014 -0.024 -0.792 -0.0 -0.609 0.048 -0.979 -0.0 -0.057 -0.198 0.977 0.0 -0.178 0.121 0.651 0.0 0.725 -0.223 -0.642 -0.0 -0.755 -0.137 -0.978 -0.0 0.044 0.202 0.616 0.0 -0.779 -0.122 0.983 0.0 0.033 0.179 
1.0 -0.006 0.014 -0.024 -0.792 -0.0 -0.609 0.048 -0.979 -0.0 -0.057 -0.198 0.976 -0.0 -0.181 0.123 0.65 0.0 0.729 -0.214 -0.642 0.0 -0.754 -0.137 -0.978 -0.0 0.044 0.203 0.616 0.0 -0.778 -0.122 0.983 0.0 0.033 0.179 
1.0 -0.006 0.013 -0.024 -0.791 0.0 -0.61 0.048 -0.979 -0.0 -0.057 -0.198 0.975 0.0 -0.183 0.123 0.649 0.0 0.733 -0.201 -0.641 -0.0 -0.755 -0.137 -0.978 -0.0 0.044 0.203 0.615 0.0 -0.779 -0.122 0.983 0.0 0.034 0.179 
1.0 -0.006 0.013 -0.025 -0.791 0.0 -0.61 0.048 -0.979 -0.0 -0.057 -0.198 0.975 0.0 -0.185 0.125 0.65 0.0 0.735 -0.192 -0.64 0.0 -0.756 -0.134 -0.979 -0.0 0.047 0.2 0.616 0.0 -0.779 -0.122 0.983 0.0 0.033 0.179 
1.0 -0.006 0.013 -0.025 -0.791 -0.0 -0.609 0.048 -0.979 -0.0 -0.057 -0.198 0.974 0.0 -0.186 0.127 0.651 0.0 0.736 -0.185 -0.64 -0.0 -0.756 -0.134 -0.979 -0.0 0.048 0.2 0.616 0.0 -0.779 -0.122 0.983 0.0 0.034 0.18 
1.0 -0.006 0.013 -0.025 -0.791 -0.0 -0.61 0.048 -0.979 -0.0 -0.057 -0.198 0.974 0.0 -0.187 0.129 0.653 -0.0 0.736 -0.178 -0.64 -0.0 -0.756 -0.134 -0.979 -0.0 0.048 0.2 0.616 0.0 -0.779 -0.121 0.983 -0.0 0.034 0.18 
1.0 -0.006 0.014 -0.026 -0.792 -0.0 -0.609 0.048 -0.979 -0.0 -0.057 -0.198 0.973 0.0 -0.189 0.131 0.654 0.0 0.737 -0.17 -0.641 -0.0 -0.756 -0.134 -0.979 -0.0 0.048 0.2 0.616 0.0 -0.779 -0.121 0.983 0.0 0.034 0.18 
1.0 -0.006 0.014 -0.026 -0.791 0.0 -0.609 0.048 -0.979 -0.0 -0.057 -0.197 0.973 0.0 -0.19 0.131 0.656 0.0 0.737 -0.162 -0.642 -0.0 -0.755 -0.136 -0.978 0.0 0.044 0.203 0.616 0.0 -0.779 -0.121 0.983 0.0 0.033 0.178 
1.0 -0.006 0.014 -0.026 -0.791 -0.0 -0.609 0.048 -0.979 -0.0 -0.057 -0.197 0.973 -0.0 -0.19 0.132 0.658 0.0 0.736 -0.156 -0.642 -0.0 -0.755 -0.136 -0.978 -0.0 0.044 0.203 0.616 0.0 -0.779 -0.12 0.983 0.0 0.034 0.179 
1.0 -0.006 0.013 -0.026 -0.791 0.0 -0.61 0.048 -0.979 -0.0 -0.057 -0.197 0.973 -0.0 -0.19 0.134 0.661 0.0 0.736 -0.15 -0.64 -0.0 -0.756 -0.134 -0.979 -0.0 0.048 0.2 0.616 0.0 -0.779 -0.121 0.983 0.0 0.034 0.178 
1.0 -0.006 0.014 -0.026 -0.791 -0.0 -0.609 0.049 -0.979 -0.0 -0.057 -0.197 0.972 0.0 -0.191 0.135 0.663 0.0 0.734 -0.146 -0.642 -0.0 -0.755 -0.136 -0.978 -0.0 0.044 0.202 0.616 0.0 -0.779 -0.12 0.983 -0.0 0.034 0.18 
1.0 -0.006 0.013 -0.026 -0.791 0.0 -0.61 0.049 -0.979 -0.0 -0.057 -0.197 0.972 0.0 -0.19 0.137 0.666 0.0 0.732 -0.143 -0.641 -0.0 -0.755 -0.136 -0.978 0.0 0.044 0.202 0.616 0.0 -0.779 -0.12 0.983 -0.0 0.035 0.18 
1.0 -0.006 0.013 -0.026 -0.791 -0.0 -0.61 0.049 -0.979 -0.0 -0.057 -0.197 0.972 0.0 -0.19 0.138 0.669 0.0 0.73 -0.14 -0.64 -0.0 -0.757 -0.133 -0.979 -0.0 0.048 0.2 0.616 0.0 -0.779 -0.12 0.983 0.0 0.034 0.178 
1.0 -0.006 0.013 -0.026 -0.791 -0.0 -0.61 0.049 -0.979 -0.0 -0.057 -0.197 0.972 0.0 -0.189 0.14 0.671 0.0 0.728 -0.139 -0.641 0.0 -0.755 -0.135 -0.978 -0.0 0.044 0.202 0.616 0.0 -0.779 -0.12 0.983 0.0 0.034 0.18 
1.0 -0.006 0.013 -0.026 -0.791 -0.0 -0.61 0.049 -0.979 0.0 -0.057 -0.196 0.972 0.0 -0.189 0.14 0.675 0.0 0.725 -0.137 -0.641 -0.0 -0.755 -0.134 -0.978 -0.0 0.044 0.202 0.616 0.0 -0.779 -0.119 0.983 0.0 0.035 0.18 
1.0 -0.006 0.014 -0.026 -0.791 0.0 -0.609 0.049 -0.979 -0.0 -0.058 -0.196 0.972 0.0 -0.189 0.139 0.679 0.0 0.722 -0.132 -0.641 -0.0 -0.757 -0.132 -0.979 0.0 0.049 0.199 0.616 0.0 -0.779 -0.119 0.983 0.0 0.034 0.18 
1.0 -0.006 0.014 -0.026 -0.791 -0.0 -0.609 0.049 -0.979 -0.0 -0.058 -0.196 0.972 0.0 -0.189 0.14 0.682 0.0 0.719 -0.13 -0.641 -0.0 -0.757 -0.131 -0.979 0.0 0.049 0.199 0.616 0.0 -0.779 -0.119 0.983 0.0 0.035 0.18 
1.0 -0.007 0.014 -0.026 -0.791 0.0 -0.609 0.049 -0.979 -0.0 -0.058 -0.196 0.971 0.0 -0.189 0.143 0.683 0.0 0.718 -0.132 -0.641 -0.0 -0.757 -0.131 -0.979 -0.0 0.049 0.199 0.616 0.0 -0.779 -0.118 0.983 0.0 0.035 0.18 
1.0 -0.007 0.014 -0.026 -0.791 0.0 -0.609 0.049 -0.979 -0.0 -0.058 -0.195 0.971 0.0 -0.189 0.144 0.686 0.0 0.715 -0.132 -0.641 -0.0 -0.757 -0.13 -0.979 0.0 0.048 0.199 0.616 -0.0 -0.779 -0.118 0.983 0.0 0.035 0.18 
1.0 -0.007 0.014 -0.026 -0.791 -0.0 -0.609 0.049 -0.979 -0.0 -0.058 -0.195 0.971 0.0 -0.189 0.145 0.688 0.0 0.714 -0.132 -0.642 -0.0 -0.755 -0.133 -0.978 -0.0 0.045 0.201 0.616 0.0 -0.779 -0.118 0.983 -0.0 0.034 0.178 
1.0 -0.007 0.013 -0.025 -0.791 -0.0 -0.61 0.049 -0.979 -0.0 -0.057 -0.195 0.971 0.0 -0.188 0.145 0.691 0.0 0.711 -0.131 -0.64 -0.0 -0.757 -0.13 -0.979 -0.0 0.049 0.199 0.616 0.0 -0.779 -0.118 0.983 0.0 0.035 0.18 
1.0 -0.007 0.013 -0.025 -0.791 -0.0 -0.61 0.049 -0.979 -0.0 -0.058 -0.195 0.971 0.0 -0.188 0.146 0.693 0.0 0.709 -0.131 -0.64 -0.0 -0.757 -0.13 -0.979 -0.0 0.049 0.199 0.616 0.0 -0.779 -0.118 0.983 0.0 0.035 0.178 
1.0 -0.007 0.013 -0.025 -0.791 -0.0 -0.61 0.049 -0.979 -0.0 -0.058 -0.195 0.971 -0.0 -0.188 0.146 0.696 -0.0 0.706 -0.131 -0.641 -0.0 -0.756 -0.133 -0.978 -0.0 0.045 0.202 0.616 0.0 -0.779 -0.118 0.983 0.0 0.035 0.18 
1.0 -0.007 0.013 -0.025 -0.791 -0.0 -0.61 0.049 -0.979 -0.0 -0.057 -0.195 0.971 0.0 -0.187 0.147 0.698 0.0 0.704 -0.132 -0.641 0.0 -0.756 -0.132 -0.978 0.0 0.045 0.202 0.616 0.0 -0.779 -0.117 0.983 -0.0 0.036 0.18 
1.0 -0.007 0.014 -0.024 -0.792 -0.0 -0.609 0.049 -0.979 -0.0 -0.058 -0.195 0.971 0.0 -0.188 0.148 0.7 0.0 0.702 -0.134 -0.641 -0.0 -0.757 -0.129 -0.979 0.0 0.049 0.199 0.616 0.0 -0.779 -0.117 0.983 0.0 0.035 0.18 
