# T   LUA LFA RUA RFA LT  LS  RT  RS  
0.997 -0.046 -0.05 -0.03 -0.692 -0.0 -0.718 0.075 -0.968 -0.0 0.015 -0.25 0.999 0.0 -0.039 0.026 0.701 0.0 0.689 -0.183 -0.656 -0.0 -0.751 0.075 -0.994 -0.0 0.095 0.056 0.714 0.0 -0.69 0.116 0.994 0.0 0.106 0.034 
0.997 -0.046 -0.05 -0.029 -0.692 0.0 -0.718 0.075 -0.969 -0.0 0.015 -0.248 0.999 0.0 -0.038 0.026 0.701 0.0 0.689 -0.185 -0.656 -0.0 -0.751 0.075 -0.994 -0.0 0.095 0.056 0.714 0.0 -0.69 0.116 0.994 -0.0 0.106 0.034 
0.997 -0.046 -0.049 -0.029 -0.692 -0.0 -0.718 0.075 -0.968 -0.0 0.015 -0.25 0.999 0.0 -0.038 0.025 0.701 0.0 0.689 -0.187 -0.656 0.0 -0.751 0.076 -0.994 0.0 0.095 0.056 0.714 0.0 -0.69 0.116 0.994 0.0 0.102 0.034 
0.997 -0.046 -0.049 -0.029 -0.692 -0.0 -0.718 0.075 -0.968 -0.0 0.015 -0.249 0.999 0.0 -0.038 0.024 0.7 0.0 0.688 -0.189 -0.656 -0.0 -0.751 0.076 -0.994 0.0 0.095 0.056 0.714 0.0 -0.69 0.116 0.994 0.0 0.106 0.034 
0.997 -0.047 -0.049 -0.028 -0.692 -0.0 -0.718 0.075 -0.968 -0.0 0.015 -0.249 0.999 0.0 -0.037 0.024 0.7 0.0 0.688 -0.192 -0.656 -0.0 -0.751 0.076 -0.994 -0.0 0.095 0.056 0.714 0.0 -0.69 0.116 0.994 0.0 0.106 0.034 
0.997 -0.047 -0.049 -0.028 -0.692 0.0 -0.718 0.074 -0.968 -0.0 0.015 -0.249 0.999 0.0 -0.037 0.023 0.7 0.0 0.687 -0.193 -0.656 -0.0 -0.751 0.077 -0.994 -0.0 0.095 0.056 0.714 0.0 -0.69 0.116 0.994 0.0 0.106 0.034 
0.997 -0.047 -0.049 -0.028 -0.692 -0.0 -0.718 0.074 -0.968 -0.0 0.016 -0.249 0.999 0.0 -0.036 0.022 0.7 0.0 0.686 -0.198 -0.656 -0.0 -0.751 0.077 -0.994 -0.0 0.095 0.056 0.714 0.0 -0.69 0.116 0.994 0.0 0.106 0.033 
0.997 -0.047 -0.049 -0.028 -0.692 0.0 -0.718 0.074 -0.968 -0.0 0.016 -0.249 0.999 0.0 -0.035 0.022 0.701 0.0 0.685 -0.2 -0.656 0.0 -0.751 0.077 -0.994 -0.0 0.095 0.056 0.714 0.0 -0.69 0.116 0.994 0.0 0.106 0.033 
0.997 -0.047 -0.049 -0.027 -0.692 -0.0 -0.718 0.073 -0.968 -0.0 0.017 -0.249 0.999 0.0 -0.035 0.022 0.7 0.0 0.685 -0.203 -0.656 -0.0 -0.751 0.078 -0.994 -0.0 0.095 0.055 0.714 0.0 -0.69 0.117 0.994 0.0 0.106 0.033 
0.997 -0.047 -0.049 -0.026 -0.692 -0.0 -0.718 0.073 -0.968 0.0 0.017 -0.249 0.999 -0.0 -0.035 0.018 0.699 0.0 0.685 -0.205 -0.656 -0.0 -0.751 0.078 -0.994 -0.0 0.095 0.056 0.714 0.0 -0.69 0.115 0.994 0.0 0.106 0.035 
0.997 -0.048 -0.049 -0.027 -0.692 -0.0 -0.718 0.073 -0.968 -0.0 0.017 -0.249 0.999 0.0 -0.034 0.019 0.7 -0.0 0.683 -0.209 -0.656 -0.0 -0.75 0.079 -0.994 -0.0 0.095 0.055 0.714 0.0 -0.69 0.117 0.994 0.0 0.106 0.033 
0.997 -0.048 -0.049 -0.026 -0.692 -0.0 -0.718 0.072 -0.968 -0.0 0.019 -0.248 0.999 0.0 -0.033 0.018 0.699 0.0 0.683 -0.211 -0.656 -0.0 -0.751 0.079 -0.994 -0.0 0.095 0.055 0.714 0.0 -0.69 0.115 0.994 0.0 0.106 0.034 
0.997 -0.048 -0.05 -0.026 -0.692 -0.0 -0.718 0.073 -0.968 -0.0 0.018 -0.249 0.999 0.0 -0.033 0.014 0.699 0.0 0.682 -0.214 -0.656 -0.0 -0.75 0.08 -0.994 -0.0 0.095 0.055 0.714 0.0 -0.69 0.116 0.994 0.0 0.103 0.034 
0.997 -0.048 -0.049 -0.026 -0.692 0.0 -0.718 0.072 -0.968 -0.0 0.019 -0.249 0.999 0.0 -0.033 0.013 0.698 0.0 0.682 -0.216 -0.656 -0.0 -0.75 0.08 -0.994 -0.0 0.095 0.055 0.714 0.0 -0.69 0.116 0.994 0.0 0.106 0.034 
0.997 -0.048 -0.049 -0.026 -0.692 -0.0 -0.718 0.072 -0.968 -0.0 0.019 -0.249 0.999 0.0 -0.033 0.013 0.698 0.0 0.682 -0.219 -0.656 -0.0 -0.751 0.08 -0.994 0.0 0.095 0.055 0.714 0.0 -0.69 0.117 0.994 -0.0 0.103 0.034 
0.997 -0.049 -0.049 -0.026 -0.692 -0.0 -0.718 0.071 -0.968 -0.0 0.019 -0.249 0.999 0.0 -0.032 0.013 0.698 0.0 0.681 -0.222 -0.656 -0.0 -0.75 0.08 -0.994 -0.0 0.095 0.055 0.714 0.0 -0.69 0.116 0.994 0.0 0.107 0.034 
0.997 -0.049 -0.049 -0.026 -0.692 -0.0 -0.718 0.071 -0.968 -0.0 0.019 -0.25 0.999 0.0 -0.031 0.013 0.698 -0.0 0.68 -0.225 -0.656 -0.0 -0.75 0.08 -0.994 0.0 0.095 0.055 0.714 0.0 -0.69 0.117 0.994 -0.0 0.106 0.034 
0.997 -0.049 -0.049 -0.026 -0.692 -0.0 -0.719 0.07 -0.968 -0.0 0.02 -0.249 0.999 0.0 -0.03 0.013 0.698 0.0 0.679 -0.228 -0.656 -0.0 -0.75 0.079 -0.994 -0.0 0.095 0.056 0.714 0.0 -0.69 0.117 0.994 -0.0 0.107 0.034 
0.997 -0.048 -0.049 -0.026 -0.692 -0.0 -0.718 0.07 -0.968 -0.0 0.019 -0.251 0.999 0.0 -0.029 0.013 0.697 0.0 0.679 -0.231 -0.656 -0.0 -0.751 0.079 -0.994 -0.0 0.095 0.056 0.714 0.0 -0.69 0.116 0.994 0.0 0.106 0.034 
0.997 -0.049 -0.049 -0.026 -0.692 0.0 -0.718 0.07 -0.968 -0.0 0.019 -0.251 1.0 0.0 -0.028 0.013 0.697 0.0 0.678 -0.235 -0.656 -0.0 -0.75 0.079 -0.994 -0.0 0.095 0.056 0.714 0.0 -0.69 0.116 0.994 -0.0 0.103 0.035 
0.997 -0.049 -0.049 -0.026 -0.692 -0.0 -0.719 0.069 -0.968 -0.0 0.02 -0.25 1.0 0.0 -0.028 0.013 0.697 0.0 0.677 -0.238 -0.656 -0.0 -0.75 0.079 -0.994 -0.0 0.095 0.056 0.714 0.0 -0.69 0.116 0.994 0.0 0.106 0.035 
0.997 -0.049 -0.049 -0.027 -0.692 -0.0 -0.718 0.069 -0.968 0.0 0.019 -0.251 1.0 0.0 -0.028 0.012 0.696 0.0 0.676 -0.242 -0.656 -0.0 -0.75 0.079 -0.994 -0.0 0.095 0.056 0.714 0.0 -0.69 0.117 0.994 0.0 0.106 0.035 
0.997 -0.049 -0.049 -0.027 -0.692 -0.0 -0.719 0.069 -0.968 0.0 0.019 -0.251 1.0 0.0 -0.026 0.013 0.697 0.0 0.673 -0.248 -0.656 -0.0 -0.75 0.079 -0.994 -0.0 0.095 0.056 0.714 0.0 -0.69 0.117 0.994 -0.0 0.106 0.035 
0.997 -0.049 -0.049 -0.028 -0.692 -0.0 -0.719 0.069 -0.968 -0.0 0.019 -0.252 1.0 -0.0 -0.025 0.013 0.697 0.0 0.672 -0.251 -0.656 -0.0 -0.75 0.08 -0.994 -0.0 0.095 0.056 0.714 0.0 -0.69 0.119 0.994 0.0 0.102 0.033 
0.997 -0.049 -0.049 -0.027 -0.692 -0.0 -0.719 0.069 -0.968 -0.0 0.019 -0.252 1.0 0.0 -0.024 0.01 0.697 0.0 0.67 -0.255 -0.656 -0.0 -0.75 0.079 -0.994 -0.0 0.095 0.056 0.714 0.0 -0.69 0.117 0.994 0.0 0.106 0.035 
0.997 -0.05 -0.05 -0.028 -0.692 0.0 -0.719 0.069 -0.968 -0.0 0.019 -0.252 1.0 0.0 -0.023 0.009 0.697 -0.0 0.669 -0.259 -0.656 -0.0 -0.75 0.08 -0.994 -0.0 0.095 0.056 0.714 0.0 -0.69 0.118 0.994 0.0 0.105 0.035 
0.997 -0.05 -0.049 -0.028 -0.692 -0.0 -0.719 0.069 -0.968 -0.0 0.019 -0.252 1.0 0.0 -0.023 0.008 0.697 0.0 0.667 -0.264 -0.656 0.0 -0.75 0.08 -0.994 -0.0 0.095 0.056 0.714 -0.0 -0.69 0.118 0.994 0.0 0.105 0.034 
0.997 -0.05 -0.049 -0.029 -0.692 -0.0 -0.719 0.069 -0.967 0.0 0.018 -0.252 1.0 0.0 -0.022 0.01 0.698 0.0 0.664 -0.27 -0.657 -0.0 -0.75 0.08 -0.994 -0.0 0.095 0.055 0.714 0.0 -0.69 0.119 0.994 0.0 0.106 0.035 
0.997 -0.05 -0.049 -0.029 -0.692 0.0 -0.719 0.068 -0.968 -0.0 0.019 -0.252 1.0 0.0 -0.022 0.009 0.697 -0.0 0.663 -0.273 -0.656 -0.0 -0.75 0.08 -0.994 -0.0 0.096 0.056 0.714 0.0 -0.69 0.12 0.994 0.0 0.103 0.034 
0.997 -0.05 -0.049 -0.03 -0.692 -0.0 -0.719 0.068 -0.968 -0.0 0.019 -0.252 1.0 -0.0 -0.021 0.008 0.697 0.0 0.661 -0.278 -0.657 -0.0 -0.75 0.079 -0.994 -0.0 0.095 0.056 0.714 0.0 -0.69 0.119 0.994 -0.0 0.103 0.034 
0.997 -0.05 -0.049 -0.03 -0.692 -0.0 -0.719 0.069 -0.967 -0.0 0.018 -0.252 1.0 0.0 -0.02 0.007 0.697 -0.0 0.659 -0.283 -0.657 -0.0 -0.75 0.079 -0.994 -0.0 0.095 0.057 0.714 0.0 -0.69 0.119 0.994 0.0 0.103 0.035 
0.997 -0.05 -0.049 -0.03 -0.692 -0.0 -0.719 0.069 -0.967 -0.0 0.018 -0.252 1.0 0.0 -0.019 0.007 0.697 0.0 0.656 -0.289 -0.657 0.0 -0.75 0.079 -0.994 -0.0 0.096 0.057 0.714 0.0 -0.69 0.119 0.994 0.0 0.106 0.035 
0.997 -0.05 -0.049 -0.03 -0.691 -0.0 -0.719 0.069 -0.967 -0.0 0.018 -0.253 1.0 0.0 -0.019 0.005 0.697 0.0 0.655 -0.293 -0.657 -0.0 -0.75 0.078 -0.994 -0.0 0.095 0.057 0.714 0.0 -0.69 0.119 0.994 -0.0 0.106 0.036 
0.997 -0.05 -0.049 -0.03 -0.691 -0.0 -0.719 0.069 -0.967 -0.0 0.018 -0.252 1.0 0.0 -0.018 0.004 0.696 0.0 0.653 -0.298 -0.657 0.0 -0.75 0.078 -0.994 -0.0 0.095 0.058 0.714 0.0 -0.69 0.119 0.994 0.0 0.106 0.036 
0.997 -0.05 -0.049 -0.03 -0.691 -0.0 -0.719 0.069 -0.967 0.0 0.018 -0.252 1.0 0.0 -0.018 0.003 0.696 0.0 0.652 -0.301 -0.657 -0.0 -0.75 0.078 -0.994 0.0 0.095 0.058 0.714 0.0 -0.69 0.119 0.994 0.0 0.103 0.036 
0.997 -0.05 -0.049 -0.029 -0.691 -0.0 -0.719 0.069 -0.967 0.0 0.018 -0.253 1.0 0.0 -0.018 0.001 0.695 0.0 0.651 -0.306 -0.657 -0.0 -0.75 0.077 -0.994 -0.0 0.095 0.059 0.714 0.0 -0.69 0.116 0.994 0.0 0.104 0.038 
0.997 -0.05 -0.049 -0.03 -0.691 -0.0 -0.719 0.07 -0.967 -0.0 0.018 -0.253 1.0 -0.0 -0.018 0.001 0.694 0.0 0.649 -0.31 -0.657 0.0 -0.75 0.077 -0.994 -0.0 0.095 0.059 0.714 0.0 -0.69 0.118 0.994 0.0 0.105 0.037 
0.997 -0.05 -0.049 -0.029 -0.691 -0.0 -0.719 0.069 -0.967 -0.0 0.018 -0.252 1.0 0.0 -0.018 -0.001 0.693 0.0 0.649 -0.314 -0.657 0.0 -0.75 0.076 -0.994 -0.0 0.094 0.06 0.714 0.0 -0.69 0.115 0.994 0.0 0.105 0.038 
0.997 -0.05 -0.049 -0.029 -0.691 -0.0 -0.72 0.069 -0.968 -0.0 0.019 -0.252 1.0 0.0 -0.018 -0.002 0.692 0.0 0.647 -0.319 -0.657 -0.0 -0.75 0.075 -0.994 0.0 0.094 0.061 0.714 -0.0 -0.69 0.115 0.994 0.0 0.104 0.038 
0.997 -0.05 -0.049 -0.029 -0.691 -0.0 -0.719 0.07 -0.968 -0.0 0.019 -0.251 1.0 0.0 -0.018 -0.003 0.691 -0.0 0.646 -0.324 -0.657 0.0 -0.75 0.075 -0.994 -0.0 0.094 0.061 0.714 0.0 -0.69 0.115 0.994 0.0 0.103 0.038 
0.997 -0.05 -0.049 -0.028 -0.691 -0.0 -0.72 0.07 -0.968 -0.0 0.019 -0.251 1.0 0.0 -0.018 -0.004 0.691 0.0 0.644 -0.328 -0.657 -0.0 -0.75 0.074 -0.994 -0.0 0.094 0.061 0.714 0.0 -0.69 0.114 0.994 0.0 0.1 0.039 
0.997 -0.05 -0.049 -0.028 -0.691 -0.0 -0.72 0.07 -0.968 -0.0 0.02 -0.25 1.0 0.0 -0.018 -0.005 0.691 -0.0 0.64 -0.335 -0.657 -0.0 -0.75 0.074 -0.994 -0.0 0.093 0.062 0.714 0.0 -0.691 0.113 0.994 0.0 0.1 0.039 
0.997 -0.05 -0.049 -0.028 -0.691 -0.0 -0.72 0.07 -0.968 -0.0 0.02 -0.25 1.0 0.0 -0.017 -0.005 0.692 0.0 0.636 -0.341 -0.658 -0.0 -0.75 0.074 -0.994 -0.0 0.093 0.062 0.714 0.0 -0.69 0.115 0.994 0.0 0.103 0.038 
0.997 -0.05 -0.049 -0.027 -0.691 -0.0 -0.72 0.071 -0.968 -0.0 0.02 -0.25 1.0 0.0 -0.016 -0.007 0.692 0.0 0.632 -0.347 -0.658 0.0 -0.75 0.073 -0.994 -0.0 0.093 0.063 0.714 0.0 -0.691 0.112 0.994 0.0 0.103 0.04 
0.997 -0.05 -0.049 -0.027 -0.691 -0.0 -0.72 0.07 -0.968 -0.0 0.02 -0.249 1.0 0.0 -0.016 -0.008 0.693 0.0 0.629 -0.353 -0.658 -0.0 -0.75 0.073 -0.994 -0.0 0.093 0.063 0.714 0.0 -0.69 0.114 0.994 0.0 0.103 0.038 
0.997 -0.049 -0.049 -0.026 -0.69 -0.0 -0.72 0.071 -0.968 -0.0 0.021 -0.249 1.0 0.0 -0.014 -0.01 0.694 -0.0 0.624 -0.36 -0.658 -0.0 -0.75 0.072 -0.994 -0.0 0.093 0.064 0.715 0.0 -0.691 0.111 0.994 0.0 0.099 0.04 
0.997 -0.05 -0.048 -0.026 -0.691 -0.0 -0.72 0.071 -0.969 -0.0 0.021 -0.248 1.0 0.0 -0.014 -0.011 0.694 0.0 0.62 -0.366 -0.658 0.0 -0.75 0.073 -0.994 -0.0 0.093 0.063 0.715 -0.0 -0.69 0.113 0.994 0.0 0.102 0.039 
0.997 -0.05 -0.048 -0.026 -0.691 0.0 -0.72 0.071 -0.969 0.0 0.021 -0.248 1.0 0.0 -0.013 -0.012 0.694 -0.0 0.615 -0.373 -0.658 -0.0 -0.75 0.073 -0.994 -0.0 0.093 0.064 0.715 0.0 -0.69 0.112 0.994 -0.0 0.102 0.039 
0.997 -0.05 -0.048 -0.025 -0.691 -0.0 -0.72 0.071 -0.969 -0.0 0.022 -0.247 1.0 0.0 -0.012 -0.014 0.695 0.0 0.611 -0.38 -0.658 -0.0 -0.75 0.072 -0.994 -0.0 0.093 0.064 0.715 0.0 -0.69 0.112 0.994 0.0 0.102 0.039 
0.997 -0.05 -0.048 -0.025 -0.691 -0.0 -0.72 0.072 -0.969 -0.0 0.022 -0.247 1.0 0.0 -0.01 -0.015 0.695 0.0 0.606 -0.387 -0.658 0.0 -0.749 0.072 -0.994 0.0 0.092 0.065 0.715 -0.0 -0.69 0.112 0.994 0.0 0.102 0.039 
0.997 -0.05 -0.048 -0.023 -0.69 -0.0 -0.72 0.071 -0.969 -0.0 0.022 -0.246 1.0 0.0 -0.008 -0.017 0.696 0.0 0.6 -0.394 -0.658 -0.0 -0.75 0.072 -0.994 0.0 0.092 0.065 0.715 0.0 -0.691 0.109 0.994 0.0 0.101 0.041 
0.997 -0.05 -0.048 -0.023 -0.691 -0.0 -0.72 0.071 -0.969 -0.0 0.022 -0.246 1.0 0.0 -0.007 -0.018 0.697 0.0 0.594 -0.402 -0.658 -0.0 -0.749 0.072 -0.994 -0.0 0.092 0.066 0.714 0.0 -0.691 0.109 0.994 0.0 0.099 0.04 
0.997 -0.05 -0.048 -0.023 -0.69 -0.0 -0.72 0.072 -0.969 -0.0 0.022 -0.246 1.0 -0.0 -0.005 -0.019 0.698 0.0 0.588 -0.409 -0.658 -0.0 -0.749 0.072 -0.994 -0.0 0.092 0.066 0.714 0.0 -0.691 0.109 0.994 -0.0 0.103 0.041 
0.997 -0.05 -0.048 -0.022 -0.691 -0.0 -0.72 0.072 -0.969 -0.0 0.022 -0.246 1.0 0.0 -0.004 -0.02 0.698 0.0 0.582 -0.417 -0.658 -0.0 -0.749 0.072 -0.994 -0.0 0.092 0.066 0.714 0.0 -0.691 0.109 0.994 0.0 0.099 0.041 
0.997 -0.05 -0.048 -0.023 -0.691 -0.0 -0.719 0.072 -0.969 0.0 0.022 -0.246 1.0 0.0 -0.002 -0.02 0.7 0.0 0.575 -0.424 -0.659 -0.0 -0.749 0.072 -0.994 -0.0 0.091 0.066 0.715 0.0 -0.691 0.11 0.994 0.0 0.098 0.039 
0.997 -0.05 -0.048 -0.022 -0.691 -0.0 -0.72 0.072 -0.969 -0.0 0.023 -0.246 1.0 0.0 -0.0 -0.023 0.7 -0.0 0.569 -0.431 -0.658 -0.0 -0.749 0.072 -0.994 -0.0 0.091 0.066 0.715 0.0 -0.691 0.108 0.994 0.0 0.098 0.041 
0.997 -0.05 -0.048 -0.022 -0.691 -0.0 -0.719 0.073 -0.969 -0.0 0.022 -0.246 1.0 0.0 0.002 -0.022 0.701 0.0 0.562 -0.438 -0.659 -0.0 -0.749 0.072 -0.994 -0.0 0.091 0.066 0.715 0.0 -0.691 0.11 0.994 -0.0 0.101 0.04 
0.997 -0.05 -0.048 -0.021 -0.691 -0.0 -0.719 0.073 -0.969 -0.0 0.022 -0.246 1.0 0.0 0.004 -0.024 0.703 0.0 0.555 -0.446 -0.658 0.0 -0.749 0.072 -0.994 -0.0 0.092 0.066 0.715 0.0 -0.691 0.107 0.994 -0.0 0.098 0.041 
0.997 -0.05 -0.048 -0.021 -0.691 -0.0 -0.719 0.073 -0.969 -0.0 0.022 -0.246 1.0 0.0 0.007 -0.025 0.704 0.0 0.547 -0.453 -0.658 -0.0 -0.749 0.072 -0.994 -0.0 0.092 0.066 0.715 0.0 -0.691 0.107 0.994 0.0 0.102 0.042 
0.997 -0.05 -0.048 -0.022 -0.691 0.0 -0.719 0.073 -0.969 -0.0 0.022 -0.247 1.0 0.0 0.01 -0.024 0.705 0.0 0.539 -0.46 -0.658 -0.0 -0.749 0.072 -0.994 -0.0 0.092 0.065 0.715 0.0 -0.691 0.109 0.994 0.0 0.1 0.041 
0.997 -0.05 -0.048 -0.021 -0.691 -0.0 -0.719 0.073 -0.969 -0.0 0.022 -0.247 1.0 0.0 0.013 -0.025 0.707 -0.0 0.531 -0.468 -0.658 -0.0 -0.749 0.071 -0.994 -0.0 0.092 0.066 0.714 -0.0 -0.692 0.106 0.994 0.0 0.098 0.042 
0.997 -0.05 -0.047 -0.022 -0.691 0.0 -0.719 0.074 -0.969 -0.0 0.022 -0.247 1.0 0.0 0.017 -0.025 0.708 0.0 0.522 -0.476 -0.658 0.0 -0.749 0.072 -0.994 -0.0 0.092 0.066 0.714 0.0 -0.691 0.108 0.994 0.0 0.098 0.041 
0.997 -0.05 -0.047 -0.022 -0.691 -0.0 -0.719 0.074 -0.969 -0.0 0.021 -0.248 0.999 0.0 0.021 -0.025 0.71 0.0 0.512 -0.483 -0.659 -0.0 -0.749 0.072 -0.994 -0.0 0.092 0.066 0.714 0.0 -0.691 0.108 0.994 0.0 0.098 0.042 
0.997 -0.05 -0.047 -0.022 -0.691 -0.0 -0.719 0.074 -0.969 -0.0 0.021 -0.248 0.999 -0.0 0.025 -0.025 0.712 0.0 0.501 -0.492 -0.658 -0.0 -0.749 0.071 -0.994 -0.0 0.092 0.066 0.714 0.0 -0.691 0.108 0.994 0.0 0.098 0.041 
0.997 -0.05 -0.048 -0.021 -0.691 -0.0 -0.719 0.075 -0.969 -0.0 0.022 -0.248 0.999 0.0 0.03 -0.027 0.716 -0.0 0.488 -0.5 -0.658 -0.0 -0.749 0.071 -0.994 0.0 0.092 0.066 0.714 0.0 -0.692 0.106 0.994 0.0 0.102 0.043 
0.997 -0.05 -0.047 -0.023 -0.691 0.0 -0.719 0.075 -0.968 -0.0 0.02 -0.248 0.999 0.0 0.033 -0.028 0.718 -0.0 0.476 -0.507 -0.659 -0.0 -0.749 0.071 -0.994 -0.0 0.092 0.066 0.714 0.0 -0.691 0.108 0.994 0.0 0.101 0.042 
0.997 -0.05 -0.047 -0.022 -0.691 -0.0 -0.719 0.075 -0.969 -0.0 0.021 -0.248 0.999 0.0 0.038 -0.029 0.722 0.0 0.464 -0.514 -0.658 -0.0 -0.749 0.071 -0.994 -0.0 0.092 0.066 0.714 -0.0 -0.692 0.106 0.994 0.0 0.098 0.044 
0.997 -0.05 -0.047 -0.023 -0.691 -0.0 -0.719 0.075 -0.969 -0.0 0.02 -0.248 0.999 0.0 0.042 -0.029 0.724 -0.0 0.452 -0.521 -0.659 -0.0 -0.749 0.071 -0.994 -0.0 0.092 0.066 0.714 0.0 -0.692 0.107 0.994 0.0 0.101 0.042 
0.997 -0.05 -0.047 -0.023 -0.691 -0.0 -0.718 0.075 -0.968 -0.0 0.02 -0.248 0.998 -0.0 0.046 -0.031 0.727 0.0 0.44 -0.528 -0.659 -0.0 -0.749 0.071 -0.994 -0.0 0.092 0.066 0.714 -0.0 -0.692 0.107 0.994 0.0 0.101 0.043 
0.997 -0.05 -0.047 -0.023 -0.692 -0.0 -0.718 0.075 -0.969 -0.0 0.019 -0.248 0.998 -0.0 0.05 -0.031 0.728 0.0 0.43 -0.534 -0.659 0.0 -0.749 0.07 -0.994 -0.0 0.092 0.066 0.714 0.0 -0.692 0.107 0.994 0.0 0.101 0.042 
0.997 -0.05 -0.047 -0.023 -0.692 -0.0 -0.718 0.075 -0.969 -0.0 0.02 -0.248 0.998 0.0 0.054 -0.033 0.729 0.0 0.421 -0.54 -0.659 -0.0 -0.749 0.07 -0.994 -0.0 0.092 0.066 0.714 0.0 -0.692 0.107 0.994 0.0 0.101 0.042 
0.997 -0.05 -0.047 -0.023 -0.692 0.0 -0.718 0.075 -0.969 -0.0 0.02 -0.248 0.998 0.0 0.058 -0.033 0.73 0.0 0.411 -0.546 -0.659 -0.0 -0.749 0.07 -0.994 -0.0 0.091 0.066 0.714 -0.0 -0.692 0.107 0.994 0.0 0.101 0.043 
0.997 -0.05 -0.047 -0.023 -0.692 -0.0 -0.718 0.075 -0.969 -0.0 0.02 -0.248 0.998 0.0 0.061 -0.034 0.733 -0.0 0.398 -0.552 -0.659 -0.0 -0.749 0.069 -0.994 -0.0 0.091 0.067 0.714 0.0 -0.692 0.107 0.994 0.0 0.102 0.043 
0.997 -0.05 -0.048 -0.023 -0.692 -0.0 -0.718 0.075 -0.969 -0.0 0.019 -0.248 0.997 0.0 0.064 -0.036 0.735 -0.0 0.387 -0.557 -0.659 -0.0 -0.749 0.069 -0.994 -0.0 0.091 0.066 0.714 0.0 -0.692 0.107 0.994 0.0 0.102 0.042 
0.997 -0.05 -0.048 -0.023 -0.692 -0.0 -0.718 0.074 -0.969 0.0 0.02 -0.248 0.997 0.0 0.068 -0.037 0.737 0.0 0.376 -0.562 -0.659 -0.0 -0.749 0.068 -0.994 -0.0 0.091 0.067 0.714 -0.0 -0.692 0.105 0.994 0.0 0.102 0.043 
0.997 -0.05 -0.048 -0.024 -0.692 -0.0 -0.718 0.074 -0.969 -0.0 0.02 -0.248 0.997 0.0 0.07 -0.039 0.74 0.0 0.364 -0.566 -0.659 -0.0 -0.749 0.069 -0.994 -0.0 0.091 0.067 0.714 0.0 -0.692 0.107 0.994 -0.0 0.102 0.042 
0.997 -0.05 -0.048 -0.022 -0.692 -0.0 -0.718 0.073 -0.969 -0.0 0.021 -0.248 0.996 0.0 0.074 -0.041 0.743 0.0 0.351 -0.57 -0.659 -0.0 -0.749 0.068 -0.994 0.0 0.091 0.067 0.714 0.0 -0.692 0.105 0.994 -0.0 0.102 0.043 
0.997 -0.05 -0.048 -0.022 -0.692 -0.0 -0.718 0.073 -0.969 -0.0 0.021 -0.248 0.996 -0.0 0.076 -0.043 0.746 0.0 0.339 -0.574 -0.659 -0.0 -0.749 0.068 -0.994 -0.0 0.091 0.067 0.714 0.0 -0.692 0.105 0.994 0.0 0.102 0.043 
0.997 -0.05 -0.048 -0.022 -0.692 0.0 -0.718 0.073 -0.969 0.0 0.022 -0.248 0.996 -0.0 0.079 -0.044 0.748 0.0 0.326 -0.577 -0.659 -0.0 -0.749 0.068 -0.994 -0.0 0.091 0.067 0.714 0.0 -0.692 0.105 0.994 0.0 0.102 0.043 
0.997 -0.05 -0.048 -0.022 -0.692 -0.0 -0.718 0.073 -0.969 -0.0 0.022 -0.248 0.996 0.0 0.081 -0.047 0.751 0.0 0.315 -0.58 -0.659 0.0 -0.749 0.068 -0.994 -0.0 0.09 0.068 0.714 0.0 -0.692 0.105 0.994 -0.0 0.102 0.043 
0.997 -0.05 -0.048 -0.022 -0.693 0.0 -0.718 0.073 -0.968 -0.0 0.022 -0.248 0.995 0.0 0.082 -0.049 0.754 0.0 0.304 -0.583 -0.659 -0.0 -0.749 0.068 -0.994 -0.0 0.09 0.068 0.714 0.0 -0.692 0.105 0.994 0.0 0.102 0.043 
0.997 -0.05 -0.048 -0.022 -0.692 -0.0 -0.718 0.073 -0.968 -0.0 0.022 -0.248 0.995 0.0 0.084 -0.053 0.755 0.0 0.294 -0.586 -0.659 0.0 -0.749 0.068 -0.994 -0.0 0.09 0.068 0.714 -0.0 -0.692 0.105 0.994 0.0 0.103 0.043 
0.997 -0.05 -0.048 -0.022 -0.693 -0.0 -0.718 0.073 -0.968 -0.0 0.022 -0.249 0.995 0.0 0.085 -0.055 0.756 0.0 0.285 -0.589 -0.659 -0.0 -0.749 0.068 -0.994 -0.0 0.09 0.068 0.714 0.0 -0.692 0.104 0.994 0.0 0.103 0.043 
0.997 -0.05 -0.048 -0.022 -0.692 -0.0 -0.718 0.073 -0.968 -0.0 0.022 -0.249 0.995 -0.0 0.085 -0.056 0.757 -0.0 0.276 -0.592 -0.659 -0.0 -0.749 0.067 -0.994 -0.0 0.09 0.068 0.714 0.0 -0.692 0.104 0.994 0.0 0.102 0.043 
0.997 -0.05 -0.048 -0.023 -0.692 -0.0 -0.718 0.073 -0.968 0.0 0.022 -0.249 0.995 0.0 0.086 -0.057 0.758 0.0 0.267 -0.595 -0.659 -0.0 -0.749 0.068 -0.994 -0.0 0.09 0.068 0.714 0.0 -0.692 0.106 0.994 0.0 0.102 0.042 
0.997 -0.05 -0.048 -0.021 -0.692 0.0 -0.718 0.072 -0.968 -0.0 0.022 -0.249 0.994 0.0 0.086 -0.061 0.76 -0.0 0.258 -0.597 -0.659 -0.0 -0.749 0.067 -0.994 -0.0 0.09 0.068 0.714 0.0 -0.692 0.103 0.994 -0.0 0.102 0.044 
0.997 -0.05 -0.048 -0.021 -0.692 -0.0 -0.718 0.072 -0.968 -0.0 0.023 -0.249 0.994 0.0 0.087 -0.063 0.762 0.0 0.248 -0.598 -0.659 0.0 -0.749 0.067 -0.994 -0.0 0.09 0.068 0.714 -0.0 -0.692 0.103 0.994 0.0 0.102 0.044 
0.997 -0.05 -0.048 -0.021 -0.692 -0.0 -0.718 0.072 -0.968 -0.0 0.024 -0.249 0.994 0.0 0.087 -0.065 0.764 0.0 0.237 -0.6 -0.659 -0.0 -0.749 0.067 -0.994 -0.0 0.09 0.068 0.714 0.0 -0.692 0.103 0.994 0.0 0.099 0.044 
0.997 -0.051 -0.048 -0.021 -0.692 -0.0 -0.718 0.071 -0.968 -0.0 0.024 -0.25 0.994 0.0 0.088 -0.067 0.767 0.0 0.226 -0.6 -0.659 0.0 -0.749 0.067 -0.994 -0.0 0.09 0.068 0.714 0.0 -0.692 0.103 0.994 0.0 0.102 0.044 
0.997 -0.051 -0.047 -0.022 -0.692 -0.0 -0.719 0.072 -0.968 -0.0 0.024 -0.25 0.994 0.0 0.088 -0.069 0.77 -0.0 0.214 -0.601 -0.659 -0.0 -0.749 0.068 -0.994 -0.0 0.091 0.068 0.714 0.0 -0.692 0.105 0.994 0.0 0.098 0.043 
0.997 -0.051 -0.047 -0.021 -0.692 -0.0 -0.719 0.071 -0.968 -0.0 0.024 -0.249 0.993 0.0 0.088 -0.072 0.772 0.0 0.204 -0.602 -0.659 0.0 -0.749 0.068 -0.994 -0.0 0.091 0.068 0.714 0.0 -0.692 0.104 0.994 0.0 0.101 0.043 
0.997 -0.051 -0.047 -0.021 -0.691 0.0 -0.719 0.071 -0.968 -0.0 0.024 -0.25 0.993 0.0 0.089 -0.075 0.775 0.0 0.193 -0.602 -0.659 -0.0 -0.749 0.068 -0.994 -0.0 0.091 0.068 0.714 0.0 -0.692 0.104 0.994 -0.0 0.101 0.043 
0.997 -0.051 -0.047 -0.021 -0.691 -0.0 -0.719 0.071 -0.968 -0.0 0.024 -0.25 0.993 0.0 0.089 -0.077 0.776 0.0 0.183 -0.604 -0.659 -0.0 -0.749 0.068 -0.994 -0.0 0.091 0.068 0.714 0.0 -0.692 0.104 0.994 -0.0 0.101 0.044 
0.997 -0.051 -0.047 -0.022 -0.691 0.0 -0.719 0.071 -0.968 -0.0 0.024 -0.25 0.993 0.0 0.088 -0.079 0.778 0.0 0.174 -0.604 -0.66 -0.0 -0.749 0.067 -0.993 -0.0 0.091 0.068 0.714 0.0 -0.692 0.104 0.994 0.0 0.097 0.044 
0.997 -0.051 -0.047 -0.021 -0.691 -0.0 -0.719 0.071 -0.968 0.0 0.024 -0.25 0.993 0.0 0.088 -0.081 0.779 0.0 0.164 -0.606 -0.659 -0.0 -0.749 0.067 -0.993 -0.0 0.092 0.068 0.714 0.0 -0.692 0.103 0.994 0.0 0.1 0.044 
0.997 -0.051 -0.047 -0.022 -0.691 -0.0 -0.719 0.071 -0.968 -0.0 0.024 -0.25 0.993 0.0 0.087 -0.083 0.78 0.0 0.156 -0.606 -0.659 -0.0 -0.749 0.067 -0.993 -0.0 0.092 0.068 0.714 0.0 -0.692 0.103 0.994 0.0 0.1 0.044 
0.997 -0.051 -0.047 -0.022 -0.691 -0.0 -0.719 0.071 -0.968 -0.0 0.024 -0.25 0.993 0.0 0.087 -0.084 0.781 0.0 0.146 -0.607 -0.659 0.0 -0.749 0.067 -0.993 -0.0 0.092 0.067 0.715 -0.0 -0.692 0.103 0.994 0.0 0.1 0.045 
0.997 -0.051 -0.047 -0.022 -0.691 -0.0 -0.72 0.071 -0.968 -0.0 0.024 -0.25 0.993 0.0 0.087 -0.086 0.782 0.0 0.136 -0.608 -0.659 -0.0 -0.749 0.067 -0.993 -0.0 0.092 0.067 0.714 0.0 -0.692 0.103 0.994 0.0 0.097 0.045 
0.997 -0.051 -0.047 -0.022 -0.691 -0.0 -0.72 0.071 -0.968 -0.0 0.024 -0.25 0.992 -0.0 0.086 -0.087 0.784 0.0 0.125 -0.608 -0.659 -0.0 -0.749 0.067 -0.994 -0.0 0.092 0.067 0.714 -0.0 -0.692 0.103 0.994 -0.0 0.097 0.045 
0.997 -0.051 -0.047 -0.022 -0.691 -0.0 -0.72 0.071 -0.968 -0.0 0.023 -0.25 0.992 0.0 0.086 -0.089 0.786 0.0 0.115 -0.608 -0.659 -0.0 -0.749 0.067 -0.994 -0.0 0.091 0.067 0.714 -0.0 -0.692 0.102 0.994 -0.0 0.099 0.046 
0.997 -0.05 -0.047 -0.021 -0.69 -0.0 -0.72 0.07 -0.968 -0.0 0.025 -0.25 0.992 0.0 0.086 -0.091 0.788 -0.0 0.104 -0.607 -0.659 -0.0 -0.749 0.066 -0.994 -0.0 0.091 0.067 0.714 -0.0 -0.693 0.1 0.994 0.0 0.097 0.047 
0.997 -0.05 -0.047 -0.022 -0.69 -0.0 -0.72 0.07 -0.968 -0.0 0.025 -0.25 0.992 0.0 0.086 -0.093 0.789 -0.0 0.093 -0.607 -0.659 -0.0 -0.749 0.066 -0.994 0.0 0.091 0.067 0.714 0.0 -0.693 0.1 0.994 0.0 0.1 0.047 
0.997 -0.05 -0.047 -0.022 -0.69 0.0 -0.721 0.07 -0.968 -0.0 0.025 -0.25 0.992 -0.0 0.087 -0.094 0.791 0.0 0.08 -0.606 -0.659 -0.0 -0.749 0.065 -0.994 -0.0 0.091 0.067 0.714 0.0 -0.693 0.1 0.994 0.0 0.097 0.047 
0.997 -0.05 -0.047 -0.022 -0.69 -0.0 -0.72 0.071 -0.968 -0.0 0.024 -0.25 0.992 0.0 0.087 -0.095 0.793 0.0 0.069 -0.606 -0.659 -0.0 -0.749 0.065 -0.994 -0.0 0.091 0.067 0.714 -0.0 -0.693 0.1 0.994 0.0 0.097 0.047 
0.997 -0.05 -0.047 -0.022 -0.69 -0.0 -0.721 0.071 -0.968 -0.0 0.024 -0.25 0.992 0.0 0.086 -0.097 0.794 0.0 0.059 -0.605 -0.659 0.0 -0.749 0.065 -0.994 -0.0 0.091 0.067 0.714 0.0 -0.693 0.099 0.994 -0.0 0.097 0.047 
0.997 -0.05 -0.047 -0.023 -0.69 0.0 -0.721 0.07 -0.968 -0.0 0.025 -0.25 0.991 0.0 0.085 -0.099 0.796 0.0 0.048 -0.604 -0.659 -0.0 -0.749 0.065 -0.994 -0.0 0.091 0.067 0.714 0.0 -0.693 0.099 0.994 -0.0 0.097 0.047 
0.997 -0.05 -0.047 -0.023 -0.69 -0.0 -0.721 0.07 -0.968 -0.0 0.024 -0.25 0.991 0.0 0.085 -0.099 0.796 0.0 0.037 -0.604 -0.659 -0.0 -0.749 0.064 -0.994 -0.0 0.091 0.067 0.714 0.0 -0.693 0.099 0.994 0.0 0.1 0.047 
0.997 -0.05 -0.048 -0.023 -0.689 -0.0 -0.721 0.071 -0.968 -0.0 0.024 -0.25 0.991 -0.0 0.084 -0.1 0.797 0.0 0.026 -0.603 -0.659 -0.0 -0.749 0.064 -0.994 -0.0 0.091 0.067 0.714 0.0 -0.693 0.099 0.994 -0.0 0.097 0.048 
0.997 -0.05 -0.048 -0.024 -0.689 -0.0 -0.721 0.071 -0.968 0.0 0.024 -0.25 0.991 0.0 0.083 -0.102 0.798 0.0 0.015 -0.602 -0.659 -0.0 -0.749 0.064 -0.994 -0.0 0.091 0.067 0.714 -0.0 -0.693 0.099 0.994 -0.0 0.096 0.048 
0.997 -0.05 -0.048 -0.024 -0.689 -0.0 -0.721 0.071 -0.968 0.0 0.025 -0.25 0.991 0.0 0.083 -0.103 0.8 0.0 0.004 -0.6 -0.659 -0.0 -0.749 0.064 -0.994 -0.0 0.091 0.067 0.714 -0.0 -0.693 0.099 0.994 0.0 0.096 0.048 
0.997 -0.05 -0.048 -0.024 -0.689 -0.0 -0.721 0.071 -0.968 -0.0 0.024 -0.25 0.991 0.0 0.082 -0.104 0.8 0.0 -0.006 -0.599 -0.659 -0.0 -0.749 0.063 -0.994 -0.0 0.091 0.067 0.714 0.0 -0.693 0.099 0.994 0.0 0.096 0.048 
0.997 -0.05 -0.048 -0.024 -0.689 -0.0 -0.721 0.072 -0.968 0.0 0.024 -0.251 0.991 0.0 0.081 -0.107 0.802 -0.0 -0.015 -0.597 -0.659 -0.0 -0.749 0.063 -0.994 -0.0 0.092 0.067 0.714 0.0 -0.693 0.099 0.994 0.0 0.096 0.048 
0.997 -0.05 -0.048 -0.025 -0.689 -0.0 -0.721 0.072 -0.968 0.0 0.024 -0.25 0.991 -0.0 0.08 -0.107 0.803 0.0 -0.024 -0.596 -0.659 -0.0 -0.749 0.063 -0.994 -0.0 0.091 0.067 0.714 0.0 -0.693 0.098 0.994 -0.0 0.096 0.048 
0.997 -0.05 -0.048 -0.025 -0.689 -0.0 -0.722 0.071 -0.968 -0.0 0.024 -0.25 0.991 0.0 0.078 -0.108 0.803 0.0 -0.033 -0.595 -0.659 -0.0 -0.749 0.062 -0.994 -0.0 0.091 0.067 0.714 0.0 -0.693 0.098 0.994 0.0 0.1 0.048 
0.997 -0.049 -0.048 -0.026 -0.689 -0.0 -0.722 0.072 -0.968 -0.0 0.025 -0.25 0.991 -0.0 0.077 -0.109 0.803 0.0 -0.041 -0.594 -0.659 0.0 -0.749 0.062 -0.994 -0.0 0.091 0.067 0.714 0.0 -0.693 0.098 0.994 0.0 0.096 0.049 
0.997 -0.049 -0.048 -0.026 -0.688 -0.0 -0.722 0.072 -0.968 -0.0 0.025 -0.249 0.991 0.0 0.076 -0.108 0.803 -0.0 -0.049 -0.594 -0.659 -0.0 -0.75 0.061 -0.994 -0.0 0.091 0.067 0.714 0.0 -0.693 0.098 0.994 0.0 0.096 0.049 
0.997 -0.049 -0.048 -0.026 -0.688 -0.0 -0.722 0.072 -0.968 -0.0 0.024 -0.25 0.991 0.0 0.074 -0.109 0.804 -0.0 -0.056 -0.593 -0.659 -0.0 -0.75 0.061 -0.994 -0.0 0.091 0.067 0.714 0.0 -0.693 0.098 0.994 0.0 0.096 0.049 
0.997 -0.049 -0.048 -0.027 -0.688 -0.0 -0.722 0.072 -0.968 -0.0 0.024 -0.25 0.991 0.0 0.072 -0.109 0.804 0.0 -0.063 -0.592 -0.659 -0.0 -0.75 0.06 -0.994 0.0 0.091 0.067 0.714 0.0 -0.693 0.097 0.994 0.0 0.096 0.049 
0.997 -0.049 -0.048 -0.027 -0.688 -0.0 -0.722 0.073 -0.968 -0.0 0.024 -0.25 0.991 -0.0 0.071 -0.11 0.804 0.0 -0.069 -0.591 -0.659 -0.0 -0.75 0.06 -0.994 -0.0 0.091 0.067 0.714 0.0 -0.693 0.097 0.994 0.0 0.096 0.049 
0.997 -0.049 -0.048 -0.027 -0.688 -0.0 -0.722 0.073 -0.968 0.0 0.024 -0.25 0.992 0.0 0.069 -0.11 0.804 0.0 -0.074 -0.59 -0.659 -0.0 -0.75 0.06 -0.994 0.0 0.091 0.068 0.714 0.0 -0.693 0.097 0.994 0.0 0.096 0.049 
0.997 -0.049 -0.048 -0.028 -0.688 -0.0 -0.722 0.074 -0.968 -0.0 0.024 -0.25 0.992 0.0 0.067 -0.11 0.804 0.0 -0.078 -0.589 -0.659 -0.0 -0.75 0.059 -0.994 -0.0 0.091 0.068 0.714 0.0 -0.693 0.097 0.994 0.0 0.096 0.05 
0.997 -0.049 -0.048 -0.029 -0.688 -0.0 -0.721 0.074 -0.968 -0.0 0.023 -0.25 0.992 -0.0 0.065 -0.109 0.804 0.0 -0.082 -0.589 -0.659 -0.0 -0.749 0.059 -0.994 -0.0 0.091 0.067 0.714 0.0 -0.693 0.099 0.994 -0.0 0.095 0.048 
0.997 -0.049 -0.048 -0.029 -0.688 -0.0 -0.722 0.075 -0.968 -0.0 0.023 -0.25 0.992 0.0 0.063 -0.109 0.804 0.0 -0.085 -0.589 -0.659 -0.0 -0.749 0.059 -0.994 -0.0 0.091 0.068 0.714 -0.0 -0.693 0.099 0.994 0.0 0.095 0.048 
0.997 -0.049 -0.048 -0.028 -0.688 -0.0 -0.722 0.075 -0.968 -0.0 0.024 -0.249 0.992 0.0 0.061 -0.11 0.804 0.0 -0.087 -0.589 -0.659 -0.0 -0.75 0.058 -0.994 -0.0 0.091 0.068 0.714 -0.0 -0.693 0.096 0.994 0.0 0.096 0.05 
0.997 -0.048 -0.048 -0.029 -0.688 -0.0 -0.722 0.075 -0.968 -0.0 0.024 -0.249 0.992 0.0 0.059 -0.109 0.803 0.0 -0.09 -0.589 -0.659 -0.0 -0.75 0.058 -0.994 -0.0 0.091 0.068 0.714 -0.0 -0.693 0.096 0.994 0.0 0.096 0.05 
0.997 -0.048 -0.048 -0.029 -0.688 -0.0 -0.721 0.075 -0.968 0.0 0.023 -0.249 0.992 -0.0 0.057 -0.109 0.803 -0.0 -0.093 -0.588 -0.659 -0.0 -0.75 0.057 -0.994 -0.0 0.091 0.068 0.714 0.0 -0.693 0.096 0.994 0.0 0.096 0.049 
0.997 -0.048 -0.048 -0.029 -0.688 0.0 -0.722 0.076 -0.968 -0.0 0.023 -0.25 0.993 -0.0 0.055 -0.108 0.803 0.0 -0.095 -0.588 -0.659 -0.0 -0.75 0.057 -0.994 -0.0 0.091 0.068 0.714 0.0 -0.693 0.096 0.994 0.0 0.096 0.049 
0.997 -0.048 -0.048 -0.029 -0.688 -0.0 -0.721 0.076 -0.968 0.0 0.023 -0.249 0.993 0.0 0.054 -0.108 0.803 0.0 -0.098 -0.587 -0.659 -0.0 -0.75 0.057 -0.994 0.0 0.091 0.068 0.714 0.0 -0.693 0.096 0.994 0.0 0.096 0.05 
0.997 -0.048 -0.048 -0.03 -0.689 -0.0 -0.721 0.077 -0.968 -0.0 0.023 -0.248 0.993 0.0 0.052 -0.108 0.804 0.0 -0.1 -0.586 -0.659 -0.0 -0.75 0.057 -0.994 0.0 0.091 0.068 0.714 0.0 -0.693 0.096 0.994 0.0 0.096 0.049 
0.997 -0.048 -0.048 -0.03 -0.688 0.0 -0.721 0.077 -0.968 -0.0 0.024 -0.248 0.993 0.0 0.051 -0.108 0.804 0.0 -0.102 -0.586 -0.659 -0.0 -0.75 0.056 -0.994 -0.0 0.091 0.068 0.714 0.0 -0.693 0.096 0.994 0.0 0.096 0.049 
0.997 -0.048 -0.048 -0.03 -0.688 -0.0 -0.721 0.077 -0.968 -0.0 0.023 -0.248 0.993 0.0 0.051 -0.107 0.804 0.0 -0.105 -0.585 -0.659 -0.0 -0.75 0.056 -0.994 0.0 0.091 0.068 0.714 0.0 -0.693 0.095 0.994 0.0 0.096 0.05 
0.997 -0.048 -0.048 -0.03 -0.689 -0.0 -0.721 0.078 -0.968 -0.0 0.022 -0.248 0.993 0.0 0.049 -0.107 0.804 0.0 -0.107 -0.585 -0.659 -0.0 -0.75 0.056 -0.994 0.0 0.091 0.068 0.714 0.0 -0.694 0.095 0.994 0.0 0.096 0.05 
0.997 -0.047 -0.048 -0.03 -0.689 -0.0 -0.721 0.078 -0.969 -0.0 0.022 -0.248 0.993 0.0 0.048 -0.107 0.804 0.0 -0.107 -0.585 -0.659 -0.0 -0.75 0.055 -0.994 0.0 0.091 0.068 0.714 0.0 -0.693 0.095 0.994 0.0 0.096 0.05 
0.997 -0.047 -0.048 -0.03 -0.689 -0.0 -0.721 0.078 -0.969 -0.0 0.023 -0.248 0.993 0.0 0.047 -0.107 0.804 -0.0 -0.108 -0.585 -0.659 -0.0 -0.75 0.055 -0.994 -0.0 0.091 0.068 0.714 0.0 -0.693 0.095 0.994 0.0 0.096 0.049 
0.997 -0.047 -0.048 -0.031 -0.689 -0.0 -0.72 0.078 -0.969 -0.0 0.023 -0.247 0.993 0.0 0.045 -0.107 0.804 0.0 -0.11 -0.585 -0.659 -0.0 -0.75 0.055 -0.994 -0.0 0.091 0.068 0.714 -0.0 -0.694 0.095 0.994 0.0 0.096 0.05 
0.997 -0.047 -0.048 -0.031 -0.689 0.0 -0.72 0.079 -0.969 -0.0 0.022 -0.247 0.993 0.0 0.043 -0.107 0.804 0.0 -0.11 -0.585 -0.659 -0.0 -0.75 0.055 -0.994 -0.0 0.091 0.068 0.714 0.0 -0.693 0.095 0.994 -0.0 0.096 0.049 
0.997 -0.047 -0.048 -0.032 -0.69 -0.0 -0.72 0.08 -0.969 -0.0 0.022 -0.247 0.994 0.0 0.042 -0.105 0.804 0.0 -0.111 -0.585 -0.659 -0.0 -0.75 0.055 -0.994 -0.0 0.091 0.067 0.714 0.0 -0.693 0.097 0.994 0.0 0.095 0.048 
0.997 -0.047 -0.048 -0.031 -0.69 0.0 -0.72 0.08 -0.969 -0.0 0.022 -0.247 0.994 0.0 0.041 -0.106 0.804 0.0 -0.112 -0.584 -0.659 -0.0 -0.75 0.054 -0.994 -0.0 0.091 0.068 0.714 0.0 -0.693 0.095 0.994 0.0 0.096 0.05 
0.997 -0.047 -0.048 -0.032 -0.69 0.0 -0.719 0.081 -0.969 -0.0 0.022 -0.247 0.994 0.0 0.04 -0.105 0.804 0.0 -0.111 -0.584 -0.659 -0.0 -0.75 0.054 -0.994 -0.0 0.091 0.067 0.714 -0.0 -0.693 0.097 0.994 -0.0 0.095 0.048 
0.997 -0.047 -0.048 -0.032 -0.69 0.0 -0.719 0.082 -0.969 -0.0 0.022 -0.247 0.994 0.0 0.038 -0.104 0.804 0.0 -0.111 -0.584 -0.659 -0.0 -0.75 0.054 -0.994 -0.0 0.091 0.068 0.714 0.0 -0.693 0.096 0.994 -0.0 0.095 0.048 
0.997 -0.047 -0.048 -0.033 -0.69 -0.0 -0.719 0.081 -0.969 -0.0 0.022 -0.247 0.994 -0.0 0.037 -0.104 0.804 0.0 -0.112 -0.584 -0.659 -0.0 -0.75 0.053 -0.994 -0.0 0.091 0.068 0.714 0.0 -0.693 0.096 0.994 0.0 0.095 0.048 
0.997 -0.047 -0.048 -0.033 -0.69 -0.0 -0.719 0.082 -0.969 -0.0 0.022 -0.247 0.994 -0.0 0.036 -0.104 0.804 0.0 -0.111 -0.584 -0.659 -0.0 -0.75 0.054 -0.994 0.0 0.091 0.068 0.715 0.0 -0.693 0.097 0.994 0.0 0.095 0.048 
0.997 -0.047 -0.048 -0.033 -0.691 -0.0 -0.718 0.082 -0.969 -0.0 0.021 -0.247 0.994 0.0 0.034 -0.104 0.803 0.0 -0.11 -0.585 -0.659 -0.0 -0.75 0.053 -0.994 -0.0 0.091 0.068 0.714 0.0 -0.693 0.096 0.994 0.0 0.095 0.048 
0.997 -0.046 -0.048 -0.033 -0.691 -0.0 -0.718 0.082 -0.969 -0.0 0.021 -0.247 0.994 0.0 0.033 -0.103 0.803 0.0 -0.108 -0.586 -0.659 -0.0 -0.75 0.052 -0.994 -0.0 0.091 0.068 0.714 0.0 -0.693 0.096 0.994 -0.0 0.095 0.048 
0.997 -0.046 -0.049 -0.032 -0.691 -0.0 -0.718 0.082 -0.969 0.0 0.022 -0.246 0.994 0.0 0.032 -0.104 0.803 0.0 -0.107 -0.586 -0.659 -0.0 -0.751 0.052 -0.994 -0.0 0.091 0.068 0.715 0.0 -0.693 0.094 0.994 0.0 0.096 0.05 
0.997 -0.046 -0.049 -0.033 -0.691 -0.0 -0.718 0.083 -0.969 -0.0 0.022 -0.246 0.994 0.0 0.03 -0.103 0.803 0.0 -0.107 -0.586 -0.659 -0.0 -0.75 0.052 -0.994 0.0 0.091 0.068 0.715 0.0 -0.693 0.096 0.994 0.0 0.095 0.048 
0.997 -0.046 -0.049 -0.033 -0.692 -0.0 -0.717 0.082 -0.969 -0.0 0.022 -0.246 0.994 0.0 0.028 -0.102 0.803 0.0 -0.105 -0.586 -0.659 0.0 -0.75 0.052 -0.994 -0.0 0.091 0.068 0.715 0.0 -0.693 0.096 0.994 0.0 0.095 0.048 
0.997 -0.046 -0.049 -0.033 -0.692 0.0 -0.717 0.083 -0.969 -0.0 0.022 -0.246 0.994 0.0 0.028 -0.102 0.803 0.0 -0.104 -0.587 -0.659 -0.0 -0.75 0.053 -0.994 -0.0 0.091 0.068 0.715 0.0 -0.693 0.096 0.994 0.0 0.095 0.048 
0.997 -0.046 -0.049 -0.033 -0.692 -0.0 -0.717 0.082 -0.969 -0.0 0.022 -0.245 0.994 0.0 0.026 -0.102 0.803 0.0 -0.103 -0.587 -0.659 -0.0 -0.75 0.053 -0.994 0.0 0.091 0.068 0.715 0.0 -0.693 0.096 0.994 0.0 0.095 0.048 
0.997 -0.046 -0.049 -0.033 -0.692 -0.0 -0.717 0.083 -0.969 -0.0 0.023 -0.245 0.994 0.0 0.026 -0.102 0.803 0.0 -0.101 -0.588 -0.659 -0.0 -0.75 0.053 -0.994 -0.0 0.091 0.068 0.715 0.0 -0.693 0.096 0.994 0.0 0.095 0.048 
0.997 -0.046 -0.049 -0.033 -0.693 -0.0 -0.716 0.083 -0.969 -0.0 0.022 -0.245 0.994 0.0 0.025 -0.102 0.803 0.0 -0.099 -0.588 -0.659 -0.0 -0.75 0.053 -0.994 -0.0 0.091 0.068 0.715 -0.0 -0.693 0.096 0.994 0.0 0.095 0.048 
0.997 -0.046 -0.048 -0.033 -0.693 -0.0 -0.716 0.083 -0.969 -0.0 0.022 -0.245 0.995 0.0 0.024 -0.101 0.802 -0.0 -0.098 -0.589 -0.659 -0.0 -0.75 0.051 -0.994 0.0 0.09 0.069 0.715 -0.0 -0.693 0.095 0.994 -0.0 0.095 0.049 
0.997 -0.046 -0.049 -0.033 -0.693 -0.0 -0.716 0.083 -0.969 0.0 0.022 -0.245 0.994 0.0 0.023 -0.102 0.802 0.0 -0.096 -0.589 -0.659 -0.0 -0.751 0.053 -0.994 -0.0 0.091 0.068 0.715 0.0 -0.693 0.096 0.994 -0.0 0.095 0.048 
0.997 -0.046 -0.049 -0.033 -0.693 0.0 -0.716 0.084 -0.969 -0.0 0.022 -0.246 0.994 0.0 0.023 -0.102 0.802 0.0 -0.095 -0.589 -0.659 -0.0 -0.751 0.052 -0.994 -0.0 0.091 0.068 0.715 0.0 -0.693 0.095 0.994 0.0 0.095 0.049 
0.997 -0.046 -0.049 -0.033 -0.693 -0.0 -0.716 0.083 -0.969 -0.0 0.023 -0.245 0.995 0.0 0.022 -0.102 0.802 0.0 -0.094 -0.59 -0.659 -0.0 -0.75 0.052 -0.994 -0.0 0.091 0.068 0.715 0.0 -0.693 0.095 0.994 0.0 0.095 0.049 
0.997 -0.046 -0.049 -0.033 -0.694 0.0 -0.716 0.083 -0.969 -0.0 0.022 -0.246 0.994 0.0 0.022 -0.102 0.803 0.0 -0.095 -0.589 -0.659 -0.0 -0.751 0.052 -0.994 -0.0 0.091 0.068 0.715 0.0 -0.693 0.095 0.994 0.0 0.095 0.049 
0.997 -0.046 -0.049 -0.033 -0.694 -0.0 -0.715 0.083 -0.969 -0.0 0.022 -0.245 0.994 0.0 0.022 -0.103 0.803 0.0 -0.094 -0.589 -0.659 -0.0 -0.751 0.052 -0.994 -0.0 0.091 0.068 0.715 -0.0 -0.693 0.095 0.994 0.0 0.095 0.049 
0.997 -0.046 -0.049 -0.033 -0.694 -0.0 -0.715 0.083 -0.969 -0.0 0.021 -0.246 0.994 0.0 0.022 -0.103 0.803 0.0 -0.094 -0.588 -0.659 -0.0 -0.751 0.052 -0.994 -0.0 0.091 0.068 0.715 0.0 -0.693 0.095 0.994 -0.0 0.095 0.048 
0.997 -0.045 -0.049 -0.033 -0.694 -0.0 -0.715 0.083 -0.969 -0.0 0.022 -0.246 0.994 0.0 0.023 -0.103 0.803 0.0 -0.095 -0.588 -0.659 -0.0 -0.75 0.051 -0.994 -0.0 0.09 0.069 0.715 0.0 -0.693 0.094 0.994 0.0 0.095 0.049 
0.997 -0.046 -0.049 -0.033 -0.695 -0.0 -0.714 0.083 -0.969 -0.0 0.022 -0.246 0.994 0.0 0.023 -0.103 0.804 0.0 -0.095 -0.588 -0.659 -0.0 -0.751 0.052 -0.994 0.0 0.091 0.068 0.715 0.0 -0.693 0.095 0.994 0.0 0.095 0.049 
0.997 -0.046 -0.049 -0.033 -0.695 -0.0 -0.714 0.083 -0.969 -0.0 0.022 -0.246 0.994 0.0 0.024 -0.104 0.804 0.0 -0.097 -0.587 -0.659 -0.0 -0.751 0.052 -0.994 -0.0 0.091 0.068 0.715 0.0 -0.693 0.095 0.994 0.0 0.095 0.049 
0.997 -0.045 -0.049 -0.032 -0.695 0.0 -0.715 0.082 -0.969 -0.0 0.023 -0.247 0.994 -0.0 0.025 -0.105 0.804 0.0 -0.097 -0.587 -0.659 -0.0 -0.751 0.052 -0.994 -0.0 0.09 0.068 0.715 0.0 -0.693 0.093 0.994 0.0 0.096 0.05 
0.997 -0.045 -0.049 -0.032 -0.695 -0.0 -0.714 0.081 -0.969 -0.0 0.022 -0.246 0.994 -0.0 0.025 -0.105 0.804 0.0 -0.098 -0.587 -0.659 -0.0 -0.751 0.052 -0.994 -0.0 0.09 0.068 0.715 0.0 -0.693 0.093 0.994 0.0 0.096 0.05 
0.997 -0.045 -0.049 -0.033 -0.695 -0.0 -0.714 0.081 -0.969 -0.0 0.023 -0.246 0.994 0.0 0.026 -0.104 0.804 0.0 -0.099 -0.586 -0.659 -0.0 -0.751 0.052 -0.994 -0.0 0.091 0.068 0.715 -0.0 -0.693 0.095 0.994 0.0 0.095 0.049 
0.997 -0.045 -0.049 -0.033 -0.695 -0.0 -0.714 0.081 -0.969 0.0 0.023 -0.246 0.994 0.0 0.026 -0.104 0.804 0.0 -0.1 -0.586 -0.659 -0.0 -0.751 0.052 -0.994 -0.0 0.091 0.067 0.715 0.0 -0.693 0.095 0.994 0.0 0.095 0.048 
0.997 -0.045 -0.049 -0.033 -0.696 0.0 -0.714 0.08 -0.969 -0.0 0.023 -0.246 0.994 0.0 0.026 -0.104 0.804 -0.0 -0.101 -0.586 -0.659 -0.0 -0.751 0.052 -0.994 0.0 0.091 0.067 0.715 0.0 -0.693 0.095 0.994 0.0 0.095 0.048 
0.997 -0.045 -0.049 -0.032 -0.695 0.0 -0.714 0.08 -0.969 -0.0 0.024 -0.247 0.994 0.0 0.026 -0.105 0.804 -0.0 -0.099 -0.586 -0.658 -0.0 -0.751 0.051 -0.994 -0.0 0.091 0.068 0.715 0.0 -0.693 0.093 0.994 -0.0 0.096 0.05 
0.997 -0.045 -0.049 -0.033 -0.696 -0.0 -0.714 0.08 -0.969 -0.0 0.023 -0.246 0.994 -0.0 0.026 -0.103 0.804 0.0 -0.099 -0.586 -0.659 -0.0 -0.751 0.052 -0.994 -0.0 0.091 0.068 0.715 -0.0 -0.693 0.095 0.994 0.0 0.096 0.048 
0.997 -0.045 -0.049 -0.032 -0.696 0.0 -0.714 0.079 -0.969 -0.0 0.024 -0.247 0.994 -0.0 0.026 -0.104 0.804 0.0 -0.097 -0.586 -0.658 -0.0 -0.751 0.052 -0.994 0.0 0.09 0.067 0.715 -0.0 -0.693 0.093 0.994 0.0 0.096 0.05 
0.997 -0.045 -0.049 -0.032 -0.695 -0.0 -0.714 0.079 -0.969 -0.0 0.024 -0.248 0.994 0.0 0.026 -0.103 0.804 0.0 -0.096 -0.587 -0.658 -0.0 -0.751 0.051 -0.994 -0.0 0.091 0.068 0.715 0.0 -0.693 0.093 0.994 -0.0 0.096 0.049 
0.997 -0.045 -0.049 -0.033 -0.696 -0.0 -0.714 0.079 -0.969 -0.0 0.024 -0.248 0.994 0.0 0.026 -0.102 0.804 -0.0 -0.094 -0.587 -0.659 -0.0 -0.751 0.052 -0.994 -0.0 0.09 0.067 0.715 0.0 -0.693 0.095 0.994 0.0 0.096 0.048 
0.997 -0.045 -0.049 -0.033 -0.696 -0.0 -0.714 0.079 -0.968 -0.0 0.024 -0.249 0.995 0.0 0.026 -0.101 0.804 0.0 -0.093 -0.588 -0.659 -0.0 -0.751 0.052 -0.994 -0.0 0.09 0.067 0.715 0.0 -0.693 0.095 0.994 -0.0 0.096 0.048 
0.997 -0.045 -0.049 -0.034 -0.696 -0.0 -0.714 0.078 -0.968 -0.0 0.024 -0.248 0.995 0.0 0.026 -0.101 0.804 0.0 -0.091 -0.588 -0.658 -0.0 -0.751 0.052 -0.994 -0.0 0.091 0.068 0.715 0.0 -0.693 0.096 0.994 0.0 0.096 0.048 
0.997 -0.045 -0.049 -0.034 -0.696 0.0 -0.714 0.077 -0.968 -0.0 0.024 -0.249 0.995 0.0 0.025 -0.1 0.804 0.0 -0.088 -0.588 -0.658 -0.0 -0.751 0.052 -0.994 -0.0 0.091 0.068 0.715 0.0 -0.693 0.096 0.994 -0.0 0.096 0.048 
0.997 -0.045 -0.049 -0.033 -0.696 -0.0 -0.714 0.076 -0.968 -0.0 0.025 -0.248 0.995 0.0 0.025 -0.101 0.804 0.0 -0.086 -0.588 -0.658 -0.0 -0.751 0.052 -0.994 -0.0 0.09 0.068 0.715 -0.0 -0.693 0.094 0.994 0.0 0.096 0.049 
0.997 -0.045 -0.049 -0.034 -0.696 0.0 -0.714 0.076 -0.968 0.0 0.024 -0.248 0.995 0.0 0.024 -0.1 0.804 -0.0 -0.084 -0.589 -0.658 -0.0 -0.751 0.052 -0.994 -0.0 0.091 0.067 0.715 0.0 -0.693 0.096 0.994 -0.0 0.096 0.048 
0.997 -0.045 -0.049 -0.033 -0.695 0.0 -0.715 0.076 -0.968 -0.0 0.025 -0.249 0.995 0.0 0.024 -0.1 0.804 0.0 -0.081 -0.59 -0.658 -0.0 -0.751 0.051 -0.994 0.0 0.09 0.068 0.715 0.0 -0.693 0.094 0.994 0.0 0.101 0.049 
0.997 -0.045 -0.049 -0.034 -0.696 -0.0 -0.714 0.075 -0.968 0.0 0.025 -0.249 0.995 0.0 0.023 -0.098 0.803 0.0 -0.079 -0.59 -0.658 -0.0 -0.751 0.052 -0.994 -0.0 0.091 0.067 0.715 0.0 -0.693 0.096 0.994 -0.0 0.1 0.048 
0.997 -0.045 -0.049 -0.034 -0.696 -0.0 -0.714 0.075 -0.968 -0.0 0.025 -0.249 0.995 0.0 0.023 -0.097 0.803 -0.0 -0.076 -0.591 -0.658 -0.0 -0.751 0.052 -0.994 -0.0 0.091 0.067 0.715 0.0 -0.693 0.096 0.994 -0.0 0.1 0.048 
0.997 -0.045 -0.049 -0.033 -0.695 0.0 -0.715 0.075 -0.968 -0.0 0.026 -0.249 0.995 -0.0 0.022 -0.098 0.803 0.0 -0.073 -0.592 -0.658 -0.0 -0.751 0.052 -0.994 0.0 0.091 0.067 0.715 0.0 -0.693 0.094 0.994 0.0 0.101 0.049 
0.997 -0.045 -0.049 -0.033 -0.696 -0.0 -0.715 0.074 -0.968 -0.0 0.025 -0.25 0.995 0.0 0.022 -0.097 0.802 0.0 -0.07 -0.593 -0.658 -0.0 -0.751 0.052 -0.994 -0.0 0.091 0.067 0.715 0.0 -0.693 0.094 0.994 -0.0 0.096 0.049 
0.997 -0.044 -0.049 -0.033 -0.695 -0.0 -0.715 0.074 -0.968 -0.0 0.026 -0.25 0.995 0.0 0.021 -0.096 0.802 0.0 -0.067 -0.594 -0.658 -0.0 -0.751 0.052 -0.994 -0.0 0.091 0.067 0.715 0.0 -0.693 0.094 0.994 -0.0 0.096 0.048 
0.997 -0.044 -0.049 -0.033 -0.695 -0.0 -0.715 0.074 -0.968 0.0 0.025 -0.25 0.995 0.0 0.021 -0.095 0.801 0.0 -0.064 -0.595 -0.658 -0.0 -0.751 0.052 -0.994 -0.0 0.091 0.067 0.715 0.0 -0.693 0.094 0.994 -0.0 0.101 0.048 
0.997 -0.045 -0.049 -0.035 -0.696 -0.0 -0.714 0.073 -0.968 -0.0 0.025 -0.25 0.995 0.0 0.02 -0.093 0.801 0.0 -0.062 -0.595 -0.659 -0.0 -0.75 0.052 -0.994 0.0 0.091 0.067 0.714 0.0 -0.693 0.097 0.994 0.0 0.096 0.047 
0.997 -0.045 -0.049 -0.035 -0.696 0.0 -0.715 0.073 -0.968 -0.0 0.025 -0.249 0.996 0.0 0.02 -0.092 0.801 0.0 -0.06 -0.596 -0.659 -0.0 -0.75 0.052 -0.994 -0.0 0.091 0.066 0.715 0.0 -0.693 0.097 0.994 0.0 0.1 0.047 
0.997 -0.044 -0.049 -0.034 -0.695 -0.0 -0.715 0.073 -0.968 -0.0 0.026 -0.25 0.995 0.0 0.019 -0.093 0.8 0.0 -0.057 -0.597 -0.658 -0.0 -0.751 0.052 -0.994 -0.0 0.091 0.066 0.715 0.0 -0.693 0.095 0.994 0.0 0.097 0.048 
0.997 -0.044 -0.049 -0.034 -0.695 -0.0 -0.715 0.073 -0.968 0.0 0.026 -0.249 0.996 0.0 0.018 -0.093 0.801 0.0 -0.053 -0.597 -0.658 0.0 -0.751 0.052 -0.994 -0.0 0.091 0.066 0.715 0.0 -0.693 0.095 0.994 0.0 0.101 0.048 
0.997 -0.044 -0.049 -0.033 -0.695 0.0 -0.715 0.072 -0.968 -0.0 0.025 -0.25 0.996 0.0 0.017 -0.092 0.8 0.0 -0.051 -0.598 -0.658 -0.0 -0.751 0.053 -0.994 -0.0 0.091 0.066 0.715 0.0 -0.693 0.095 0.994 -0.0 0.096 0.048 
0.997 -0.044 -0.049 -0.034 -0.695 -0.0 -0.715 0.072 -0.968 0.0 0.025 -0.25 0.996 0.0 0.017 -0.091 0.8 0.0 -0.047 -0.598 -0.658 -0.0 -0.751 0.052 -0.994 -0.0 0.091 0.066 0.715 0.0 -0.693 0.095 0.994 0.0 0.101 0.048 
0.997 -0.044 -0.049 -0.035 -0.695 -0.0 -0.715 0.072 -0.968 -0.0 0.024 -0.25 0.996 -0.0 0.016 -0.089 0.799 0.0 -0.044 -0.6 -0.658 -0.0 -0.751 0.053 -0.994 -0.0 0.092 0.065 0.715 0.0 -0.693 0.097 0.994 0.0 0.1 0.047 
0.997 -0.044 -0.049 -0.035 -0.695 -0.0 -0.715 0.072 -0.968 -0.0 0.024 -0.25 0.996 0.0 0.015 -0.088 0.798 -0.0 -0.041 -0.601 -0.658 -0.0 -0.751 0.053 -0.994 0.0 0.091 0.065 0.715 0.0 -0.693 0.097 0.994 0.0 0.101 0.047 
0.997 -0.044 -0.049 -0.035 -0.695 -0.0 -0.715 0.072 -0.968 -0.0 0.024 -0.25 0.996 0.0 0.015 -0.087 0.798 -0.0 -0.037 -0.602 -0.658 0.0 -0.751 0.053 -0.994 0.0 0.091 0.065 0.715 0.0 -0.693 0.097 0.994 -0.0 0.096 0.047 
0.997 -0.044 -0.049 -0.034 -0.695 -0.0 -0.716 0.072 -0.968 0.0 0.024 -0.25 0.996 0.0 0.015 -0.087 0.797 0.0 -0.032 -0.604 -0.658 -0.0 -0.751 0.053 -0.994 -0.0 0.091 0.065 0.715 -0.0 -0.693 0.095 0.994 0.0 0.101 0.048 
0.997 -0.044 -0.049 -0.033 -0.695 -0.0 -0.716 0.072 -0.968 0.0 0.025 -0.25 0.996 0.0 0.014 -0.086 0.795 0.0 -0.027 -0.605 -0.658 -0.0 -0.751 0.053 -0.994 0.0 0.091 0.065 0.715 0.0 -0.693 0.095 0.994 0.0 0.097 0.047 
0.997 -0.044 -0.049 -0.033 -0.695 -0.0 -0.716 0.071 -0.968 -0.0 0.024 -0.249 0.996 0.0 0.014 -0.085 0.794 0.0 -0.022 -0.607 -0.658 -0.0 -0.751 0.053 -0.994 -0.0 0.091 0.065 0.715 0.0 -0.693 0.095 0.994 0.0 0.097 0.047 
0.997 -0.044 -0.049 -0.033 -0.695 -0.0 -0.716 0.071 -0.968 -0.0 0.024 -0.249 0.996 -0.0 0.012 -0.084 0.793 0.0 -0.017 -0.608 -0.658 -0.0 -0.751 0.053 -0.994 -0.0 0.091 0.065 0.715 -0.0 -0.693 0.095 0.994 -0.0 0.101 0.047 
0.997 -0.044 -0.049 -0.034 -0.695 -0.0 -0.715 0.071 -0.968 -0.0 0.023 -0.25 0.997 0.0 0.011 -0.081 0.792 0.0 -0.01 -0.61 -0.658 -0.0 -0.751 0.053 -0.994 0.0 0.091 0.065 0.714 0.0 -0.693 0.097 0.994 0.0 0.097 0.045 
0.997 -0.043 -0.049 -0.033 -0.694 -0.0 -0.716 0.071 -0.968 0.0 0.024 -0.25 0.997 0.0 0.011 -0.08 0.791 0.0 -0.004 -0.612 -0.658 -0.0 -0.751 0.053 -0.994 0.0 0.091 0.065 0.714 0.0 -0.693 0.095 0.994 0.0 0.097 0.046 
0.997 -0.044 -0.049 -0.034 -0.695 -0.0 -0.716 0.07 -0.968 0.0 0.022 -0.249 0.997 0.0 0.009 -0.078 0.79 0.0 0.004 -0.613 -0.658 -0.0 -0.751 0.054 -0.994 -0.0 0.092 0.064 0.714 0.0 -0.693 0.097 0.994 0.0 0.096 0.045 
0.997 -0.043 -0.049 -0.033 -0.695 0.0 -0.716 0.07 -0.968 -0.0 0.023 -0.249 0.997 0.0 0.008 -0.077 0.788 0.0 0.012 -0.615 -0.658 -0.0 -0.751 0.053 -0.994 -0.0 0.091 0.064 0.714 0.0 -0.693 0.095 0.994 0.0 0.101 0.046 
0.997 -0.043 -0.049 -0.033 -0.695 -0.0 -0.716 0.071 -0.968 -0.0 0.022 -0.25 0.997 -0.0 0.007 -0.075 0.787 -0.0 0.021 -0.616 -0.658 -0.0 -0.751 0.054 -0.994 0.0 0.091 0.064 0.714 0.0 -0.693 0.097 0.994 0.0 0.097 0.044 
0.997 -0.043 -0.049 -0.032 -0.694 0.0 -0.716 0.07 -0.968 -0.0 0.024 -0.249 0.997 -0.0 0.006 -0.075 0.786 0.0 0.03 -0.618 -0.658 -0.0 -0.751 0.054 -0.994 -0.0 0.091 0.064 0.714 0.0 -0.693 0.095 0.994 0.0 0.097 0.046 
0.997 -0.043 -0.049 -0.033 -0.694 -0.0 -0.716 0.07 -0.968 -0.0 0.024 -0.249 0.997 0.0 0.004 -0.072 0.784 0.0 0.04 -0.619 -0.658 -0.0 -0.751 0.054 -0.994 -0.0 0.091 0.064 0.714 -0.0 -0.693 0.097 0.994 0.0 0.097 0.044 
0.997 -0.043 -0.049 -0.033 -0.694 -0.0 -0.716 0.071 -0.968 -0.0 0.024 -0.249 0.997 0.0 0.003 -0.071 0.783 0.0 0.05 -0.62 -0.658 0.0 -0.751 0.054 -0.994 -0.0 0.091 0.064 0.714 0.0 -0.693 0.097 0.994 0.0 0.097 0.044 
0.997 -0.043 -0.049 -0.032 -0.694 -0.0 -0.717 0.071 -0.968 0.0 0.024 -0.25 0.998 0.0 0.002 -0.07 0.781 0.0 0.061 -0.621 -0.658 0.0 -0.751 0.054 -0.994 -0.0 0.091 0.064 0.715 -0.0 -0.693 0.095 0.994 0.0 0.097 0.045 
0.997 -0.043 -0.049 -0.031 -0.694 -0.0 -0.717 0.07 -0.968 -0.0 0.024 -0.249 0.998 0.0 -0.0 -0.068 0.78 0.0 0.072 -0.622 -0.658 -0.0 -0.751 0.054 -0.994 -0.0 0.091 0.064 0.714 -0.0 -0.693 0.095 0.994 0.0 0.097 0.045 
0.997 -0.043 -0.049 -0.032 -0.694 -0.0 -0.716 0.07 -0.968 -0.0 0.024 -0.249 0.998 -0.0 -0.004 -0.066 0.778 0.0 0.085 -0.623 -0.658 -0.0 -0.751 0.054 -0.994 -0.0 0.091 0.063 0.714 -0.0 -0.693 0.096 0.994 0.0 0.097 0.044 
0.997 -0.043 -0.049 -0.032 -0.694 -0.0 -0.717 0.071 -0.968 -0.0 0.024 -0.25 0.998 0.0 -0.005 -0.065 0.777 0.0 0.097 -0.622 -0.658 -0.0 -0.751 0.055 -0.994 -0.0 0.091 0.063 0.714 0.0 -0.693 0.096 0.994 0.0 0.097 0.044 
0.997 -0.042 -0.049 -0.032 -0.694 0.0 -0.717 0.07 -0.968 -0.0 0.023 -0.25 0.998 0.0 -0.007 -0.063 0.775 0.0 0.108 -0.623 -0.658 -0.0 -0.751 0.055 -0.994 -0.0 0.091 0.063 0.714 0.0 -0.693 0.096 0.994 -0.0 0.097 0.044 
0.997 -0.042 -0.049 -0.03 -0.694 -0.0 -0.717 0.07 -0.968 -0.0 0.024 -0.25 0.998 -0.0 -0.009 -0.063 0.774 0.0 0.12 -0.622 -0.658 -0.0 -0.751 0.054 -0.994 -0.0 0.091 0.063 0.714 0.0 -0.693 0.094 0.994 -0.0 0.098 0.045 
0.997 -0.043 -0.049 -0.031 -0.694 -0.0 -0.716 0.07 -0.968 -0.0 0.023 -0.249 0.998 0.0 -0.01 -0.06 0.772 0.0 0.131 -0.622 -0.658 -0.0 -0.751 0.055 -0.994 -0.0 0.091 0.062 0.715 0.0 -0.693 0.096 0.994 0.0 0.097 0.044 
0.997 -0.042 -0.049 -0.03 -0.694 -0.0 -0.716 0.07 -0.968 -0.0 0.023 -0.249 0.998 0.0 -0.01 -0.061 0.771 -0.0 0.141 -0.62 -0.658 -0.0 -0.751 0.055 -0.994 0.0 0.092 0.062 0.715 0.0 -0.693 0.094 0.994 0.0 0.097 0.045 
0.997 -0.042 -0.049 -0.031 -0.694 -0.0 -0.717 0.071 -0.968 -0.0 0.023 -0.249 0.998 0.0 -0.011 -0.059 0.771 0.0 0.148 -0.619 -0.658 -0.0 -0.751 0.056 -0.994 -0.0 0.092 0.062 0.715 0.0 -0.693 0.096 0.994 -0.0 0.097 0.044 
0.997 -0.043 -0.049 -0.031 -0.694 -0.0 -0.716 0.07 -0.968 -0.0 0.023 -0.249 0.998 -0.0 -0.011 -0.058 0.771 0.0 0.157 -0.617 -0.658 -0.0 -0.751 0.056 -0.994 -0.0 0.092 0.061 0.715 0.0 -0.693 0.096 0.994 -0.0 0.097 0.044 
0.997 -0.042 -0.049 -0.03 -0.694 -0.0 -0.716 0.07 -0.968 -0.0 0.023 -0.248 0.998 -0.0 -0.011 -0.059 0.771 -0.0 0.166 -0.615 -0.657 -0.0 -0.751 0.056 -0.994 -0.0 0.092 0.061 0.715 0.0 -0.693 0.094 0.994 0.0 0.101 0.045 
0.997 -0.042 -0.049 -0.031 -0.695 0.0 -0.716 0.07 -0.968 -0.0 0.022 -0.249 0.998 0.0 -0.012 -0.057 0.77 0.0 0.175 -0.614 -0.658 -0.0 -0.751 0.057 -0.994 -0.0 0.092 0.061 0.715 -0.0 -0.693 0.097 0.994 0.0 0.097 0.043 
0.997 -0.042 -0.049 -0.031 -0.695 -0.0 -0.716 0.07 -0.968 -0.0 0.022 -0.249 0.998 0.0 -0.012 -0.056 0.769 0.0 0.184 -0.613 -0.658 -0.0 -0.751 0.057 -0.994 -0.0 0.092 0.061 0.715 0.0 -0.693 0.097 0.994 0.0 0.098 0.043 
0.997 -0.042 -0.049 -0.03 -0.695 -0.0 -0.716 0.07 -0.968 -0.0 0.022 -0.248 0.998 0.0 -0.012 -0.057 0.768 -0.0 0.194 -0.61 -0.657 -0.0 -0.751 0.057 -0.994 -0.0 0.092 0.061 0.715 0.0 -0.693 0.095 0.994 0.0 0.098 0.044 
0.997 -0.042 -0.049 -0.03 -0.695 -0.0 -0.716 0.07 -0.968 -0.0 0.023 -0.249 0.998 0.0 -0.013 -0.055 0.767 -0.0 0.205 -0.608 -0.657 -0.0 -0.752 0.057 -0.994 -0.0 0.092 0.061 0.714 -0.0 -0.693 0.095 0.994 -0.0 0.099 0.044 
0.997 -0.042 -0.049 -0.03 -0.695 -0.0 -0.716 0.07 -0.968 -0.0 0.022 -0.248 0.998 0.0 -0.013 -0.054 0.765 0.0 0.215 -0.607 -0.657 -0.0 -0.752 0.057 -0.994 -0.0 0.092 0.06 0.714 0.0 -0.693 0.095 0.994 0.0 0.099 0.043 
0.997 -0.042 -0.049 -0.03 -0.695 0.0 -0.716 0.069 -0.969 -0.0 0.023 -0.248 0.999 0.0 -0.013 -0.053 0.764 0.0 0.226 -0.604 -0.657 -0.0 -0.752 0.057 -0.994 -0.0 0.092 0.06 0.714 0.0 -0.693 0.095 0.994 0.0 0.099 0.043 
0.997 -0.042 -0.049 -0.03 -0.695 -0.0 -0.716 0.069 -0.969 -0.0 0.023 -0.248 0.999 0.0 -0.014 -0.052 0.763 0.0 0.238 -0.601 -0.657 -0.0 -0.752 0.057 -0.994 -0.0 0.092 0.06 0.714 0.0 -0.693 0.095 0.994 0.0 0.099 0.043 
0.997 -0.042 -0.049 -0.03 -0.695 -0.0 -0.716 0.069 -0.969 -0.0 0.023 -0.248 0.999 0.0 -0.015 -0.051 0.761 0.0 0.25 -0.599 -0.657 -0.0 -0.752 0.057 -0.994 -0.0 0.092 0.06 0.714 0.0 -0.693 0.095 0.994 -0.0 0.103 0.044 
0.997 -0.042 -0.049 -0.031 -0.695 -0.0 -0.716 0.069 -0.969 -0.0 0.022 -0.248 0.999 0.0 -0.016 -0.048 0.759 -0.0 0.261 -0.596 -0.657 0.0 -0.752 0.058 -0.994 -0.0 0.092 0.06 0.714 -0.0 -0.693 0.097 0.994 0.0 0.099 0.042 
0.997 -0.042 -0.049 -0.031 -0.695 -0.0 -0.715 0.069 -0.969 0.0 0.022 -0.248 0.999 0.0 -0.016 -0.047 0.758 -0.0 0.273 -0.592 -0.657 -0.0 -0.751 0.058 -0.994 -0.0 0.092 0.06 0.714 0.0 -0.693 0.097 0.994 0.0 0.099 0.042 
0.997 -0.042 -0.049 -0.031 -0.696 -0.0 -0.715 0.069 -0.968 -0.0 0.023 -0.248 0.999 0.0 -0.017 -0.047 0.756 0.0 0.287 -0.588 -0.657 -0.0 -0.752 0.057 -0.994 0.0 0.092 0.06 0.714 0.0 -0.693 0.097 0.994 0.0 0.099 0.042 
0.997 -0.042 -0.049 -0.031 -0.696 -0.0 -0.715 0.069 -0.968 -0.0 0.022 -0.249 0.999 0.0 -0.018 -0.046 0.755 -0.0 0.299 -0.584 -0.657 -0.0 -0.752 0.057 -0.994 0.0 0.092 0.06 0.715 0.0 -0.693 0.097 0.994 0.0 0.102 0.042 
0.997 -0.041 -0.049 -0.031 -0.696 -0.0 -0.715 0.069 -0.968 0.0 0.023 -0.249 0.999 0.0 -0.018 -0.044 0.752 0.0 0.312 -0.58 -0.657 -0.0 -0.752 0.057 -0.994 -0.0 0.092 0.06 0.715 0.0 -0.693 0.097 0.994 0.0 0.099 0.042 
0.997 -0.041 -0.049 -0.031 -0.696 -0.0 -0.715 0.068 -0.968 -0.0 0.022 -0.249 0.999 0.0 -0.02 -0.043 0.75 0.0 0.325 -0.576 -0.657 -0.0 -0.752 0.057 -0.994 -0.0 0.091 0.06 0.715 0.0 -0.693 0.097 0.994 0.0 0.103 0.042 
0.997 -0.041 -0.05 -0.031 -0.696 -0.0 -0.714 0.068 -0.968 -0.0 0.022 -0.249 0.999 0.0 -0.021 -0.042 0.748 0.0 0.34 -0.571 -0.657 -0.0 -0.752 0.057 -0.994 -0.0 0.092 0.06 0.715 0.0 -0.693 0.097 0.994 0.0 0.099 0.042 
0.997 -0.041 -0.05 -0.03 -0.697 0.0 -0.714 0.067 -0.968 -0.0 0.022 -0.249 0.999 0.0 -0.022 -0.041 0.745 0.0 0.354 -0.566 -0.657 -0.0 -0.752 0.056 -0.994 -0.0 0.091 0.061 0.715 0.0 -0.693 0.095 0.994 0.0 0.103 0.043 
0.997 -0.041 -0.05 -0.031 -0.697 0.0 -0.714 0.067 -0.968 -0.0 0.022 -0.249 0.999 0.0 -0.023 -0.038 0.742 0.0 0.366 -0.562 -0.657 -0.0 -0.752 0.056 -0.994 -0.0 0.091 0.06 0.715 -0.0 -0.693 0.097 0.994 0.0 0.103 0.042 
0.997 -0.041 -0.05 -0.032 -0.697 0.0 -0.714 0.067 -0.968 -0.0 0.021 -0.249 0.999 0.0 -0.024 -0.037 0.74 -0.0 0.379 -0.555 -0.657 -0.0 -0.752 0.056 -0.994 0.0 0.091 0.061 0.715 0.0 -0.692 0.097 0.994 -0.0 0.102 0.042 
0.997 -0.04 -0.05 -0.031 -0.697 -0.0 -0.714 0.066 -0.968 -0.0 0.022 -0.249 0.999 -0.0 -0.025 -0.037 0.738 0.0 0.393 -0.549 -0.657 -0.0 -0.752 0.056 -0.994 -0.0 0.091 0.061 0.715 0.0 -0.693 0.096 0.994 0.0 0.103 0.043 
0.997 -0.041 -0.05 -0.032 -0.697 -0.0 -0.714 0.066 -0.968 -0.0 0.023 -0.249 0.999 0.0 -0.027 -0.036 0.735 0.0 0.407 -0.542 -0.657 -0.0 -0.752 0.056 -0.994 -0.0 0.091 0.061 0.715 -0.0 -0.692 0.098 0.994 0.0 0.103 0.041 
0.997 -0.04 -0.05 -0.032 -0.697 0.0 -0.714 0.066 -0.968 -0.0 0.023 -0.249 0.999 -0.0 -0.029 -0.035 0.732 0.0 0.422 -0.536 -0.657 0.0 -0.752 0.056 -0.994 -0.0 0.091 0.061 0.715 0.0 -0.692 0.098 0.994 0.0 0.099 0.041 
0.997 -0.04 -0.05 -0.032 -0.698 -0.0 -0.714 0.065 -0.968 -0.0 0.023 -0.249 0.999 0.0 -0.03 -0.032 0.728 0.0 0.436 -0.529 -0.656 -0.0 -0.752 0.056 -0.994 -0.0 0.092 0.06 0.715 0.0 -0.692 0.098 0.994 0.0 0.103 0.041 
0.997 -0.04 -0.05 -0.031 -0.697 -0.0 -0.714 0.065 -0.968 -0.0 0.024 -0.249 0.999 0.0 -0.032 -0.034 0.725 -0.0 0.451 -0.521 -0.656 -0.0 -0.752 0.056 -0.994 -0.0 0.091 0.061 0.715 0.0 -0.693 0.096 0.994 0.0 0.1 0.042 
0.997 -0.04 -0.05 -0.032 -0.697 0.0 -0.714 0.064 -0.968 -0.0 0.024 -0.249 0.999 0.0 -0.033 -0.032 0.722 0.0 0.464 -0.514 -0.656 0.0 -0.752 0.055 -0.994 -0.0 0.091 0.061 0.715 -0.0 -0.692 0.097 0.994 -0.0 0.103 0.042 
0.997 -0.04 -0.05 -0.032 -0.698 -0.0 -0.714 0.063 -0.968 -0.0 0.025 -0.249 0.999 0.0 -0.035 -0.031 0.718 0.0 0.479 -0.506 -0.656 -0.0 -0.753 0.055 -0.994 0.0 0.092 0.061 0.715 0.0 -0.692 0.097 0.994 0.0 0.103 0.042 
0.997 -0.04 -0.05 -0.032 -0.697 -0.0 -0.714 0.063 -0.968 -0.0 0.025 -0.249 0.999 0.0 -0.036 -0.03 0.714 0.0 0.493 -0.497 -0.656 0.0 -0.753 0.055 -0.994 -0.0 0.091 0.061 0.715 0.0 -0.692 0.097 0.994 -0.0 0.103 0.041 
0.997 -0.039 -0.05 -0.032 -0.698 -0.0 -0.714 0.063 -0.968 -0.0 0.025 -0.25 0.999 0.0 -0.037 -0.028 0.711 0.0 0.504 -0.49 -0.656 -0.0 -0.753 0.055 -0.994 -0.0 0.091 0.061 0.715 0.0 -0.692 0.097 0.994 0.0 0.103 0.041 
0.997 -0.039 -0.05 -0.034 -0.698 -0.0 -0.714 0.062 -0.968 -0.0 0.025 -0.249 0.999 -0.0 -0.039 -0.025 0.707 0.0 0.519 -0.481 -0.656 -0.0 -0.752 0.055 -0.994 -0.0 0.091 0.06 0.715 0.0 -0.692 0.099 0.994 0.0 0.103 0.04 
0.997 -0.039 -0.05 -0.034 -0.698 -0.0 -0.714 0.062 -0.968 -0.0 0.025 -0.25 0.999 0.0 -0.04 -0.024 0.703 0.0 0.532 -0.472 -0.656 -0.0 -0.753 0.055 -0.994 -0.0 0.091 0.06 0.715 0.0 -0.692 0.099 0.994 0.0 0.101 0.04 
0.997 -0.039 -0.051 -0.034 -0.698 0.0 -0.714 0.062 -0.968 -0.0 0.025 -0.25 0.999 0.0 -0.041 -0.023 0.701 0.0 0.543 -0.463 -0.656 -0.0 -0.752 0.055 -0.994 -0.0 0.091 0.06 0.715 0.0 -0.692 0.1 0.994 -0.0 0.103 0.039 
0.997 -0.039 -0.051 -0.033 -0.698 0.0 -0.714 0.061 -0.968 -0.0 0.026 -0.25 0.999 0.0 -0.041 -0.023 0.698 0.0 0.554 -0.452 -0.656 -0.0 -0.753 0.054 -0.994 -0.0 0.091 0.06 0.715 0.0 -0.692 0.097 0.994 0.0 0.103 0.041 
0.997 -0.039 -0.051 -0.034 -0.697 -0.0 -0.714 0.061 -0.968 -0.0 0.026 -0.25 0.999 0.0 -0.042 -0.022 0.696 0.0 0.565 -0.442 -0.656 -0.0 -0.753 0.054 -0.994 -0.0 0.091 0.06 0.715 -0.0 -0.692 0.098 0.994 -0.0 0.1 0.04 
0.997 -0.039 -0.051 -0.034 -0.697 -0.0 -0.714 0.06 -0.968 -0.0 0.026 -0.25 0.999 0.0 -0.043 -0.021 0.694 -0.0 0.575 -0.433 -0.656 -0.0 -0.753 0.054 -0.994 0.0 0.092 0.06 0.715 -0.0 -0.692 0.097 0.994 -0.0 0.104 0.041 
0.997 -0.038 -0.051 -0.034 -0.697 0.0 -0.714 0.06 -0.968 -0.0 0.027 -0.25 0.999 0.0 -0.044 -0.021 0.692 0.0 0.586 -0.422 -0.656 -0.0 -0.753 0.054 -0.994 -0.0 0.092 0.06 0.715 0.0 -0.692 0.097 0.994 0.0 0.104 0.041 
0.997 -0.039 -0.051 -0.035 -0.697 -0.0 -0.714 0.06 -0.968 -0.0 0.026 -0.25 0.999 0.0 -0.045 -0.019 0.689 -0.0 0.596 -0.412 -0.656 -0.0 -0.753 0.055 -0.994 -0.0 0.092 0.06 0.715 0.0 -0.692 0.1 0.994 0.0 0.103 0.04 
0.997 -0.039 -0.051 -0.035 -0.697 -0.0 -0.715 0.059 -0.968 -0.0 0.027 -0.25 0.999 0.0 -0.045 -0.02 0.687 0.0 0.605 -0.403 -0.656 -0.0 -0.753 0.055 -0.994 -0.0 0.091 0.06 0.715 0.0 -0.692 0.098 0.994 0.0 0.104 0.04 
0.997 -0.038 -0.051 -0.035 -0.697 -0.0 -0.715 0.059 -0.968 -0.0 0.028 -0.25 0.999 0.0 -0.046 -0.02 0.684 0.0 0.615 -0.393 -0.656 -0.0 -0.753 0.055 -0.994 -0.0 0.092 0.059 0.715 0.0 -0.692 0.098 0.994 0.0 0.103 0.041 
0.997 -0.038 -0.051 -0.035 -0.697 -0.0 -0.715 0.059 -0.968 -0.0 0.028 -0.25 0.999 0.0 -0.046 -0.019 0.682 -0.0 0.623 -0.383 -0.656 -0.0 -0.753 0.055 -0.994 -0.0 0.092 0.06 0.715 0.0 -0.692 0.098 0.994 0.0 0.103 0.041 
0.997 -0.038 -0.051 -0.035 -0.697 -0.0 -0.715 0.059 -0.968 -0.0 0.028 -0.25 0.999 0.0 -0.047 -0.019 0.679 0.0 0.632 -0.374 -0.656 -0.0 -0.753 0.055 -0.994 -0.0 0.092 0.059 0.715 0.0 -0.692 0.099 0.994 0.0 0.103 0.04 
0.997 -0.038 -0.051 -0.035 -0.697 -0.0 -0.715 0.058 -0.968 -0.0 0.028 -0.25 0.999 0.0 -0.047 -0.019 0.676 -0.0 0.64 -0.364 -0.656 -0.0 -0.753 0.055 -0.994 -0.0 0.092 0.059 0.715 0.0 -0.692 0.099 0.994 0.0 0.103 0.04 
0.997 -0.038 -0.051 -0.036 -0.696 -0.0 -0.715 0.058 -0.968 -0.0 0.028 -0.249 0.999 -0.0 -0.048 -0.018 0.675 0.0 0.648 -0.354 -0.656 -0.0 -0.753 0.055 -0.994 -0.0 0.092 0.059 0.715 -0.0 -0.692 0.1 0.994 0.0 0.103 0.04 
0.997 -0.038 -0.051 -0.036 -0.696 0.0 -0.716 0.058 -0.968 -0.0 0.028 -0.249 0.999 0.0 -0.048 -0.018 0.673 0.0 0.655 -0.344 -0.656 -0.0 -0.753 0.056 -0.994 -0.0 0.092 0.059 0.715 0.0 -0.692 0.1 0.994 0.0 0.103 0.04 
0.997 -0.038 -0.051 -0.036 -0.696 -0.0 -0.716 0.058 -0.968 0.0 0.028 -0.249 0.999 -0.0 -0.048 -0.018 0.672 0.0 0.662 -0.332 -0.656 0.0 -0.753 0.055 -0.994 0.0 0.092 0.059 0.715 0.0 -0.692 0.1 0.994 0.0 0.105 0.041 
0.997 -0.038 -0.051 -0.036 -0.696 -0.0 -0.716 0.058 -0.968 -0.0 0.028 -0.249 0.999 -0.0 -0.048 -0.017 0.671 0.0 0.668 -0.322 -0.656 -0.0 -0.753 0.056 -0.994 -0.0 0.092 0.059 0.715 0.0 -0.692 0.1 0.994 0.0 0.103 0.04 
0.997 -0.039 -0.051 -0.036 -0.695 -0.0 -0.716 0.058 -0.968 0.0 0.028 -0.249 0.999 0.0 -0.048 -0.018 0.67 -0.0 0.674 -0.311 -0.656 -0.0 -0.753 0.056 -0.994 -0.0 0.092 0.059 0.715 -0.0 -0.692 0.101 0.994 0.0 0.103 0.04 
0.997 -0.039 -0.051 -0.038 -0.695 -0.0 -0.716 0.058 -0.968 -0.0 0.028 -0.249 0.999 0.0 -0.048 -0.015 0.669 -0.0 0.68 -0.301 -0.656 -0.0 -0.753 0.056 -0.994 -0.0 0.092 0.059 0.715 0.0 -0.691 0.103 0.994 0.0 0.103 0.038 
0.997 -0.039 -0.051 -0.038 -0.695 -0.0 -0.717 0.058 -0.968 -0.0 0.028 -0.249 0.999 0.0 -0.048 -0.015 0.668 0.0 0.686 -0.29 -0.656 -0.0 -0.753 0.056 -0.994 0.0 0.093 0.059 0.715 0.0 -0.692 0.103 0.994 0.0 0.106 0.039 
0.997 -0.039 -0.051 -0.038 -0.695 -0.0 -0.717 0.058 -0.968 -0.0 0.028 -0.249 0.999 0.0 -0.048 -0.016 0.667 0.0 0.691 -0.279 -0.656 -0.0 -0.753 0.056 -0.994 -0.0 0.092 0.059 0.715 -0.0 -0.691 0.104 0.994 0.0 0.103 0.038 
0.997 -0.039 -0.051 -0.038 -0.695 -0.0 -0.717 0.058 -0.968 -0.0 0.028 -0.249 0.999 0.0 -0.048 -0.015 0.667 0.0 0.696 -0.268 -0.656 -0.0 -0.753 0.056 -0.994 0.0 0.093 0.059 0.715 -0.0 -0.691 0.104 0.994 -0.0 0.104 0.038 
0.997 -0.039 -0.051 -0.037 -0.694 -0.0 -0.717 0.058 -0.968 0.0 0.029 -0.249 0.999 0.0 -0.048 -0.015 0.666 0.0 0.701 -0.256 -0.656 -0.0 -0.753 0.056 -0.994 -0.0 0.092 0.059 0.715 -0.0 -0.692 0.102 0.994 0.0 0.104 0.039 
0.997 -0.039 -0.051 -0.038 -0.694 0.0 -0.717 0.059 -0.968 -0.0 0.028 -0.249 0.999 0.0 -0.048 -0.015 0.666 0.0 0.705 -0.245 -0.656 -0.0 -0.753 0.057 -0.994 -0.0 0.092 0.059 0.715 0.0 -0.691 0.104 0.994 0.0 0.104 0.038 
0.997 -0.039 -0.051 -0.039 -0.694 0.0 -0.717 0.059 -0.968 -0.0 0.028 -0.249 0.999 0.0 -0.048 -0.014 0.665 0.0 0.709 -0.233 -0.656 -0.0 -0.753 0.057 -0.994 -0.0 0.093 0.059 0.715 0.0 -0.691 0.105 0.994 -0.0 0.104 0.038 
0.997 -0.039 -0.051 -0.039 -0.694 0.0 -0.718 0.058 -0.968 -0.0 0.028 -0.249 0.999 -0.0 -0.048 -0.013 0.665 0.0 0.713 -0.222 -0.656 0.0 -0.753 0.057 -0.994 -0.0 0.092 0.059 0.715 0.0 -0.691 0.105 0.994 0.0 0.105 0.038 
0.997 -0.039 -0.051 -0.038 -0.694 -0.0 -0.718 0.058 -0.968 0.0 0.028 -0.249 0.999 0.0 -0.048 -0.014 0.663 0.0 0.718 -0.21 -0.656 -0.0 -0.753 0.057 -0.994 0.0 0.092 0.059 0.715 0.0 -0.691 0.104 0.994 0.0 0.104 0.039 
0.997 -0.039 -0.051 -0.039 -0.694 -0.0 -0.718 0.059 -0.968 0.0 0.028 -0.249 0.999 0.0 -0.049 -0.012 0.663 0.0 0.722 -0.199 -0.656 -0.0 -0.753 0.057 -0.994 -0.0 0.093 0.059 0.715 0.0 -0.691 0.106 0.994 0.0 0.104 0.038 
0.997 -0.039 -0.051 -0.04 -0.693 0.0 -0.719 0.059 -0.968 -0.0 0.029 -0.249 0.999 0.0 -0.048 -0.011 0.662 0.0 0.725 -0.188 -0.655 -0.0 -0.753 0.057 -0.994 -0.0 0.093 0.059 0.716 0.0 -0.69 0.106 0.994 0.0 0.102 0.038 
0.997 -0.039 -0.052 -0.04 -0.693 -0.0 -0.719 0.058 -0.968 0.0 0.029 -0.248 0.999 0.0 -0.048 -0.011 0.661 0.0 0.729 -0.177 -0.655 0.0 -0.753 0.057 -0.994 -0.0 0.093 0.059 0.716 0.0 -0.69 0.106 0.994 -0.0 0.105 0.038 
0.997 -0.039 -0.052 -0.04 -0.692 -0.0 -0.719 0.059 -0.968 -0.0 0.029 -0.248 0.999 0.0 -0.048 -0.01 0.66 -0.0 0.732 -0.165 -0.655 -0.0 -0.753 0.058 -0.994 -0.0 0.093 0.058 0.716 0.0 -0.69 0.107 0.994 0.0 0.105 0.038 
0.997 -0.039 -0.052 -0.041 -0.692 -0.0 -0.719 0.059 -0.968 0.0 0.029 -0.249 0.999 0.0 -0.049 -0.009 0.66 0.0 0.736 -0.154 -0.655 -0.0 -0.753 0.057 -0.994 -0.0 0.093 0.058 0.716 0.0 -0.69 0.107 0.994 0.0 0.105 0.038 
0.997 -0.039 -0.052 -0.041 -0.692 -0.0 -0.719 0.059 -0.968 -0.0 0.029 -0.249 0.999 -0.0 -0.049 -0.008 0.659 0.0 0.739 -0.144 -0.655 -0.0 -0.753 0.057 -0.994 0.0 0.093 0.058 0.716 -0.0 -0.69 0.107 0.994 0.0 0.105 0.038 
0.997 -0.039 -0.052 -0.041 -0.692 -0.0 -0.72 0.059 -0.968 -0.0 0.03 -0.248 0.999 0.0 -0.049 -0.007 0.658 0.0 0.741 -0.134 -0.655 -0.0 -0.753 0.058 -0.994 -0.0 0.093 0.058 0.716 0.0 -0.69 0.108 0.994 0.0 0.105 0.038 
0.997 -0.04 -0.052 -0.042 -0.692 0.0 -0.72 0.06 -0.968 -0.0 0.03 -0.248 0.999 0.0 -0.049 -0.008 0.657 0.0 0.744 -0.125 -0.655 -0.0 -0.753 0.058 -0.994 -0.0 0.093 0.058 0.716 -0.0 -0.69 0.109 0.994 0.0 0.103 0.037 
0.997 -0.04 -0.052 -0.042 -0.691 -0.0 -0.72 0.06 -0.968 -0.0 0.03 -0.248 0.999 0.0 -0.05 -0.008 0.656 -0.0 0.746 -0.117 -0.655 -0.0 -0.753 0.058 -0.994 -0.0 0.093 0.058 0.716 0.0 -0.69 0.109 0.994 -0.0 0.103 0.037 
0.997 -0.039 -0.052 -0.042 -0.691 -0.0 -0.72 0.059 -0.968 -0.0 0.03 -0.248 0.999 0.0 -0.049 -0.004 0.656 0.0 0.747 -0.106 -0.655 0.0 -0.753 0.058 -0.994 -0.0 0.093 0.058 0.716 0.0 -0.69 0.109 0.994 0.0 0.105 0.037 
0.997 -0.039 -0.052 -0.042 -0.691 -0.0 -0.72 0.059 -0.968 -0.0 0.03 -0.248 0.999 0.0 -0.049 -0.002 0.655 0.0 0.749 -0.098 -0.655 0.0 -0.753 0.057 -0.994 -0.0 0.093 0.058 0.716 0.0 -0.69 0.109 0.994 0.0 0.105 0.037 
0.997 -0.039 -0.052 -0.043 -0.691 -0.0 -0.721 0.06 -0.968 -0.0 0.03 -0.247 0.999 -0.0 -0.048 -0.0 0.655 0.0 0.75 -0.091 -0.655 0.0 -0.753 0.058 -0.994 -0.0 0.093 0.058 0.716 0.0 -0.69 0.109 0.994 0.0 0.105 0.037 
0.997 -0.039 -0.052 -0.043 -0.691 -0.0 -0.721 0.06 -0.969 -0.0 0.03 -0.247 0.999 0.0 -0.048 0.001 0.655 -0.0 0.751 -0.085 -0.655 -0.0 -0.753 0.058 -0.994 -0.0 0.093 0.058 0.716 0.0 -0.69 0.11 0.994 0.0 0.104 0.036 
0.997 -0.039 -0.052 -0.043 -0.69 -0.0 -0.721 0.059 -0.969 -0.0 0.031 -0.247 0.999 -0.0 -0.049 0.002 0.654 -0.0 0.753 -0.077 -0.655 -0.0 -0.753 0.058 -0.994 -0.0 0.093 0.058 0.716 -0.0 -0.69 0.11 0.994 0.0 0.104 0.036 
0.997 -0.039 -0.052 -0.043 -0.69 -0.0 -0.721 0.06 -0.969 0.0 0.031 -0.246 0.999 0.0 -0.049 0.003 0.653 0.0 0.754 -0.071 -0.655 -0.0 -0.753 0.058 -0.994 -0.0 0.093 0.058 0.716 0.0 -0.689 0.11 0.994 0.0 0.105 0.036 
0.997 -0.039 -0.052 -0.043 -0.69 -0.0 -0.721 0.06 -0.969 -0.0 0.03 -0.246 0.999 -0.0 -0.048 0.005 0.654 0.0 0.753 -0.068 -0.655 -0.0 -0.753 0.058 -0.994 -0.0 0.093 0.058 0.716 0.0 -0.689 0.11 0.994 0.0 0.105 0.036 
0.997 -0.04 -0.053 -0.042 -0.69 -0.0 -0.721 0.061 -0.969 -0.0 0.031 -0.246 0.999 0.0 -0.048 0.005 0.654 0.0 0.754 -0.064 -0.655 -0.0 -0.753 0.06 -0.994 -0.0 0.093 0.057 0.716 0.0 -0.689 0.111 0.994 -0.0 0.105 0.036 
0.997 -0.039 -0.052 -0.043 -0.69 -0.0 -0.721 0.06 -0.969 -0.0 0.031 -0.246 0.999 -0.0 -0.048 0.008 0.654 0.0 0.754 -0.061 -0.655 -0.0 -0.753 0.059 -0.994 -0.0 0.093 0.058 0.716 0.0 -0.689 0.111 0.994 -0.0 0.104 0.036 
0.997 -0.04 -0.052 -0.043 -0.69 -0.0 -0.721 0.061 -0.969 -0.0 0.03 -0.246 0.999 0.0 -0.047 0.009 0.654 0.0 0.754 -0.058 -0.655 -0.0 -0.753 0.059 -0.994 -0.0 0.093 0.058 0.716 0.0 -0.689 0.112 0.994 0.0 0.104 0.036 
0.997 -0.04 -0.052 -0.043 -0.69 -0.0 -0.722 0.061 -0.969 -0.0 0.031 -0.245 0.999 0.0 -0.047 0.01 0.654 0.0 0.755 -0.056 -0.655 -0.0 -0.753 0.06 -0.994 -0.0 0.093 0.057 0.716 0.0 -0.689 0.112 0.994 0.0 0.104 0.035 
0.997 -0.04 -0.052 -0.043 -0.69 0.0 -0.722 0.061 -0.969 -0.0 0.031 -0.244 0.999 -0.0 -0.047 0.011 0.654 0.0 0.755 -0.055 -0.655 -0.0 -0.753 0.06 -0.994 -0.0 0.093 0.057 0.716 0.0 -0.689 0.113 0.994 -0.0 0.104 0.035 
0.997 -0.04 -0.052 -0.043 -0.69 -0.0 -0.722 0.061 -0.969 -0.0 0.031 -0.244 0.999 0.0 -0.046 0.012 0.655 0.0 0.754 -0.055 -0.655 -0.0 -0.753 0.061 -0.994 -0.0 0.093 0.057 0.716 0.0 -0.689 0.113 0.994 0.0 0.105 0.035 
0.997 -0.041 -0.052 -0.043 -0.689 -0.0 -0.722 0.061 -0.969 -0.0 0.031 -0.244 0.999 0.0 -0.046 0.013 0.654 0.0 0.754 -0.054 -0.655 -0.0 -0.753 0.061 -0.994 -0.0 0.094 0.057 0.716 0.0 -0.689 0.113 0.994 -0.0 0.104 0.035 
0.997 -0.041 -0.052 -0.043 -0.689 -0.0 -0.722 0.062 -0.969 -0.0 0.031 -0.244 0.999 0.0 -0.047 0.013 0.653 0.0 0.756 -0.052 -0.655 -0.0 -0.753 0.061 -0.994 -0.0 0.094 0.057 0.715 0.0 -0.689 0.114 0.994 0.0 0.106 0.035 
0.997 -0.041 -0.052 -0.043 -0.689 -0.0 -0.722 0.062 -0.969 -0.0 0.031 -0.244 0.999 0.0 -0.046 0.014 0.653 0.0 0.755 -0.053 -0.655 -0.0 -0.753 0.062 -0.994 -0.0 0.094 0.057 0.715 0.0 -0.689 0.114 0.994 0.0 0.104 0.035 
0.997 -0.041 -0.052 -0.043 -0.689 0.0 -0.722 0.062 -0.969 -0.0 0.03 -0.244 0.999 0.0 -0.046 0.016 0.653 0.0 0.755 -0.054 -0.655 -0.0 -0.753 0.062 -0.994 0.0 0.094 0.057 0.715 0.0 -0.689 0.114 0.994 0.0 0.104 0.035 
