# T   LUA LFA RUA RFA LT  LS  RT  RS  
0.997 -0.052 -0.048 -0.018 -0.695 -0.0 -0.716 0.067 -0.968 -0.0 0.001 -0.251 0.996 -0.0 -0.085 0.037 0.626 0.0 0.779 -0.029 -0.658 -0.0 -0.749 0.075 -0.993 -0.0 0.092 0.07 0.714 -0.0 -0.691 0.111 0.994 0.0 0.099 0.042 
0.997 -0.051 -0.048 -0.018 -0.695 -0.0 -0.716 0.067 -0.968 -0.0 0.001 -0.252 0.996 0.0 -0.083 0.036 0.626 0.0 0.779 -0.032 -0.658 -0.0 -0.749 0.075 -0.993 -0.0 0.091 0.07 0.714 -0.0 -0.691 0.111 0.994 0.0 0.099 0.042 
0.997 -0.051 -0.048 -0.018 -0.695 -0.0 -0.716 0.068 -0.968 -0.0 0.001 -0.252 0.996 0.0 -0.081 0.037 0.628 0.0 0.777 -0.039 -0.658 0.0 -0.749 0.074 -0.993 -0.0 0.091 0.07 0.714 0.0 -0.691 0.111 0.994 0.0 0.099 0.041 
0.997 -0.051 -0.048 -0.018 -0.695 -0.0 -0.716 0.068 -0.967 -0.0 0.001 -0.253 0.996 0.0 -0.08 0.037 0.628 -0.0 0.777 -0.044 -0.658 -0.0 -0.749 0.074 -0.993 -0.0 0.091 0.07 0.714 0.0 -0.691 0.111 0.994 0.0 0.103 0.041 
0.997 -0.051 -0.048 -0.018 -0.695 -0.0 -0.716 0.068 -0.968 -0.0 0.001 -0.253 0.996 0.0 -0.078 0.033 0.628 -0.0 0.777 -0.046 -0.658 0.0 -0.749 0.074 -0.993 -0.0 0.091 0.07 0.714 0.0 -0.691 0.111 0.994 0.0 0.1 0.041 
0.997 -0.051 -0.048 -0.018 -0.694 -0.0 -0.716 0.068 -0.968 0.0 0.002 -0.252 0.996 0.0 -0.077 0.033 0.627 0.0 0.777 -0.051 -0.658 0.0 -0.749 0.074 -0.993 -0.0 0.091 0.07 0.714 0.0 -0.691 0.11 0.994 0.0 0.099 0.041 
0.997 -0.051 -0.048 -0.019 -0.694 -0.0 -0.716 0.069 -0.968 -0.0 0.0 -0.253 0.997 0.0 -0.075 0.031 0.628 0.0 0.776 -0.056 -0.658 -0.0 -0.749 0.073 -0.993 -0.0 0.091 0.07 0.714 0.0 -0.691 0.11 0.994 -0.0 0.1 0.041 
0.997 -0.051 -0.048 -0.019 -0.694 -0.0 -0.716 0.07 -0.968 -0.0 0.0 -0.252 0.997 0.0 -0.072 0.032 0.629 -0.0 0.775 -0.065 -0.658 -0.0 -0.749 0.074 -0.993 -0.0 0.091 0.07 0.714 0.0 -0.691 0.11 0.994 0.0 0.1 0.041 
0.997 -0.051 -0.048 -0.019 -0.694 -0.0 -0.716 0.07 -0.968 0.0 -0.001 -0.252 0.997 0.0 -0.071 0.029 0.628 -0.0 0.775 -0.067 -0.658 0.0 -0.749 0.074 -0.993 -0.0 0.091 0.07 0.714 0.0 -0.691 0.11 0.994 -0.0 0.102 0.042 
0.997 -0.051 -0.048 -0.019 -0.694 -0.0 -0.716 0.07 -0.968 -0.0 -0.001 -0.252 0.997 0.0 -0.07 0.028 0.628 -0.0 0.775 -0.076 -0.658 -0.0 -0.749 0.073 -0.993 -0.0 0.092 0.069 0.714 -0.0 -0.691 0.109 0.994 0.0 0.099 0.042 
0.997 -0.051 -0.048 -0.019 -0.694 0.0 -0.717 0.07 -0.968 -0.0 -0.0 -0.253 0.997 -0.0 -0.068 0.028 0.627 0.0 0.774 -0.083 -0.658 -0.0 -0.75 0.073 -0.993 -0.0 0.092 0.069 0.714 0.0 -0.691 0.109 0.994 0.0 0.099 0.042 
0.997 -0.051 -0.048 -0.019 -0.694 -0.0 -0.717 0.071 -0.968 -0.0 -0.001 -0.252 0.997 0.0 -0.066 0.027 0.629 0.0 0.772 -0.093 -0.658 -0.0 -0.75 0.073 -0.993 -0.0 0.092 0.069 0.715 0.0 -0.691 0.109 0.994 0.0 0.099 0.042 
0.997 -0.051 -0.048 -0.019 -0.694 -0.0 -0.717 0.071 -0.968 -0.0 -0.001 -0.253 0.998 -0.0 -0.065 0.024 0.627 0.0 0.772 -0.099 -0.658 0.0 -0.75 0.073 -0.993 -0.0 0.092 0.068 0.714 0.0 -0.691 0.109 0.994 0.0 0.102 0.043 
0.997 -0.05 -0.048 -0.02 -0.694 -0.0 -0.717 0.072 -0.968 -0.0 -0.001 -0.252 0.998 -0.0 -0.063 0.023 0.627 0.0 0.771 -0.107 -0.658 -0.0 -0.75 0.073 -0.993 -0.0 0.092 0.068 0.714 0.0 -0.691 0.109 0.994 -0.0 0.1 0.042 
0.997 -0.05 -0.048 -0.02 -0.693 0.0 -0.717 0.072 -0.968 -0.0 -0.001 -0.252 0.998 0.0 -0.061 0.022 0.627 0.0 0.77 -0.116 -0.658 -0.0 -0.75 0.073 -0.993 -0.0 0.092 0.068 0.715 0.0 -0.691 0.108 0.994 0.0 0.099 0.042 
0.997 -0.05 -0.048 -0.02 -0.693 -0.0 -0.717 0.072 -0.968 -0.0 -0.001 -0.252 0.998 -0.0 -0.059 0.024 0.628 -0.0 0.768 -0.126 -0.658 -0.0 -0.75 0.073 -0.994 0.0 0.092 0.067 0.714 0.0 -0.691 0.108 0.994 0.0 0.1 0.043 
0.997 -0.05 -0.048 -0.02 -0.693 -0.0 -0.717 0.072 -0.968 -0.0 -0.001 -0.251 0.998 0.0 -0.058 0.021 0.627 0.0 0.768 -0.133 -0.658 -0.0 -0.75 0.073 -0.994 -0.0 0.092 0.067 0.714 0.0 -0.691 0.108 0.994 -0.0 0.1 0.043 
0.997 -0.05 -0.048 -0.02 -0.693 -0.0 -0.717 0.072 -0.968 -0.0 -0.001 -0.251 0.998 0.0 -0.056 0.019 0.628 0.0 0.765 -0.144 -0.658 0.0 -0.75 0.074 -0.994 -0.0 0.092 0.067 0.714 0.0 -0.691 0.108 0.994 0.0 0.103 0.043 
0.997 -0.05 -0.048 -0.02 -0.693 -0.0 -0.717 0.073 -0.968 0.0 -0.002 -0.251 0.998 0.0 -0.054 0.019 0.627 0.0 0.764 -0.152 -0.658 -0.0 -0.75 0.074 -0.994 -0.0 0.092 0.066 0.714 0.0 -0.691 0.108 0.994 0.0 0.1 0.043 
0.997 -0.05 -0.048 -0.02 -0.693 -0.0 -0.717 0.073 -0.968 0.0 -0.001 -0.251 0.998 0.0 -0.052 0.017 0.627 0.0 0.761 -0.163 -0.658 -0.0 -0.75 0.074 -0.994 -0.0 0.092 0.065 0.714 0.0 -0.691 0.108 0.994 0.0 0.099 0.043 
0.997 -0.05 -0.048 -0.021 -0.693 -0.0 -0.717 0.073 -0.968 -0.0 -0.001 -0.251 0.999 0.0 -0.05 0.019 0.629 -0.0 0.758 -0.176 -0.658 -0.0 -0.75 0.074 -0.994 0.0 0.092 0.065 0.714 -0.0 -0.691 0.108 0.994 -0.0 0.099 0.043 
0.997 -0.05 -0.048 -0.021 -0.693 -0.0 -0.717 0.073 -0.968 -0.0 -0.001 -0.251 0.999 0.0 -0.048 0.016 0.628 0.0 0.756 -0.185 -0.658 -0.0 -0.75 0.074 -0.994 -0.0 0.092 0.065 0.714 0.0 -0.692 0.107 0.994 0.0 0.099 0.043 
0.997 -0.05 -0.048 -0.021 -0.693 -0.0 -0.717 0.073 -0.968 -0.0 -0.001 -0.25 0.999 0.0 -0.045 0.016 0.629 0.0 0.752 -0.197 -0.657 -0.0 -0.75 0.073 -0.994 -0.0 0.093 0.065 0.714 0.0 -0.692 0.108 0.994 0.0 0.099 0.043 
0.997 -0.05 -0.048 -0.021 -0.693 -0.0 -0.717 0.073 -0.968 -0.0 -0.001 -0.25 0.999 0.0 -0.043 0.015 0.629 0.0 0.748 -0.211 -0.657 -0.0 -0.75 0.074 -0.994 -0.0 0.093 0.065 0.714 0.0 -0.691 0.108 0.994 0.0 0.099 0.042 
0.997 -0.049 -0.048 -0.021 -0.693 -0.0 -0.717 0.073 -0.969 -0.0 -0.001 -0.249 0.999 0.0 -0.041 0.016 0.629 0.0 0.744 -0.224 -0.658 0.0 -0.75 0.074 -0.994 -0.0 0.092 0.064 0.714 0.0 -0.692 0.107 0.994 0.0 0.099 0.043 
0.997 -0.05 -0.048 -0.021 -0.693 0.0 -0.717 0.073 -0.969 -0.0 -0.001 -0.248 0.999 0.0 -0.037 0.017 0.631 0.0 0.738 -0.241 -0.658 -0.0 -0.75 0.075 -0.994 -0.0 0.092 0.064 0.714 0.0 -0.691 0.108 0.994 -0.0 0.099 0.042 
0.997 -0.051 -0.048 -0.022 -0.693 -0.0 -0.716 0.076 -0.968 -0.0 -0.002 -0.25 0.999 0.0 -0.035 0.012 0.632 -0.0 0.73 -0.258 -0.658 -0.0 -0.749 0.077 -0.994 -0.0 0.093 0.063 0.714 0.0 -0.691 0.112 0.994 0.0 0.099 0.041 
0.997 -0.051 -0.048 -0.023 -0.693 -0.0 -0.717 0.076 -0.969 -0.0 -0.001 -0.249 0.999 -0.0 -0.032 0.013 0.633 0.0 0.724 -0.273 -0.658 -0.0 -0.749 0.077 -0.994 -0.0 0.093 0.063 0.714 0.0 -0.691 0.112 0.994 0.0 0.099 0.041 
0.997 -0.05 -0.048 -0.022 -0.693 -0.0 -0.717 0.075 -0.968 0.0 -0.0 -0.25 0.999 0.0 -0.029 0.012 0.633 0.0 0.72 -0.285 -0.658 -0.0 -0.749 0.076 -0.994 -0.0 0.093 0.063 0.714 0.0 -0.691 0.109 0.994 0.0 0.099 0.042 
0.997 -0.05 -0.048 -0.023 -0.694 -0.0 -0.716 0.075 -0.968 -0.0 -0.001 -0.25 1.0 0.0 -0.025 0.017 0.634 0.0 0.711 -0.303 -0.658 -0.0 -0.749 0.076 -0.994 -0.0 0.093 0.063 0.714 0.0 -0.691 0.112 0.994 0.0 0.102 0.04 
0.997 -0.051 -0.048 -0.023 -0.694 -0.0 -0.716 0.076 -0.968 -0.0 -0.001 -0.25 1.0 0.0 -0.023 0.014 0.635 0.0 0.704 -0.318 -0.658 -0.0 -0.749 0.076 -0.994 -0.0 0.093 0.063 0.714 0.0 -0.691 0.112 0.994 0.0 0.099 0.041 
0.997 -0.051 -0.048 -0.023 -0.694 -0.0 -0.716 0.077 -0.968 0.0 -0.001 -0.251 1.0 0.0 -0.02 0.015 0.635 0.0 0.697 -0.333 -0.658 -0.0 -0.749 0.076 -0.994 -0.0 0.093 0.063 0.714 0.0 -0.691 0.112 0.994 0.0 0.099 0.04 
0.997 -0.051 -0.048 -0.024 -0.694 0.0 -0.716 0.077 -0.968 -0.0 -0.001 -0.251 1.0 0.0 -0.016 0.015 0.637 0.0 0.687 -0.35 -0.658 0.0 -0.749 0.076 -0.994 0.0 0.093 0.063 0.714 0.0 -0.691 0.112 0.994 -0.0 0.099 0.04 
0.997 -0.051 -0.048 -0.024 -0.694 -0.0 -0.716 0.077 -0.968 -0.0 -0.001 -0.251 1.0 0.0 -0.013 0.016 0.638 -0.0 0.677 -0.366 -0.658 -0.0 -0.749 0.076 -0.994 -0.0 0.093 0.063 0.714 0.0 -0.691 0.113 0.994 0.0 0.099 0.04 
0.997 -0.051 -0.048 -0.023 -0.694 -0.0 -0.716 0.077 -0.968 -0.0 -0.0 -0.251 1.0 0.0 -0.008 0.015 0.64 0.0 0.666 -0.383 -0.658 -0.0 -0.75 0.076 -0.994 -0.0 0.093 0.063 0.714 0.0 -0.692 0.11 0.994 -0.0 0.102 0.042 
0.997 -0.051 -0.048 -0.024 -0.694 -0.0 -0.716 0.077 -0.968 -0.0 -0.001 -0.251 1.0 0.0 -0.006 0.016 0.642 0.0 0.655 -0.399 -0.658 0.0 -0.749 0.076 -0.994 -0.0 0.093 0.063 0.714 0.0 -0.691 0.113 0.994 0.0 0.099 0.04 
0.997 -0.051 -0.048 -0.024 -0.694 0.0 -0.716 0.078 -0.968 -0.0 -0.0 -0.252 1.0 0.0 -0.002 0.017 0.643 0.0 0.644 -0.415 -0.658 -0.0 -0.749 0.076 -0.994 0.0 0.093 0.063 0.714 0.0 -0.691 0.113 0.994 0.0 0.103 0.04 
0.997 -0.051 -0.048 -0.024 -0.694 -0.0 -0.716 0.078 -0.967 -0.0 -0.0 -0.253 1.0 -0.0 0.001 0.016 0.644 0.0 0.633 -0.43 -0.658 -0.0 -0.749 0.076 -0.994 -0.0 0.093 0.063 0.714 0.0 -0.692 0.111 0.994 0.0 0.1 0.041 
0.997 -0.051 -0.048 -0.025 -0.694 -0.0 -0.716 0.078 -0.968 -0.0 -0.0 -0.253 1.0 0.0 0.005 0.017 0.645 0.0 0.62 -0.446 -0.658 0.0 -0.749 0.076 -0.994 -0.0 0.093 0.063 0.714 -0.0 -0.691 0.113 0.994 -0.0 0.103 0.04 
0.997 -0.051 -0.048 -0.025 -0.694 -0.0 -0.716 0.079 -0.968 -0.0 -0.0 -0.253 1.0 0.0 0.009 0.017 0.648 0.0 0.605 -0.463 -0.658 -0.0 -0.749 0.077 -0.994 -0.0 0.093 0.063 0.714 -0.0 -0.691 0.113 0.994 0.0 0.103 0.041 
0.997 -0.051 -0.048 -0.025 -0.694 0.0 -0.716 0.079 -0.968 -0.0 -0.0 -0.253 1.0 0.0 0.012 0.018 0.649 0.0 0.592 -0.479 -0.658 -0.0 -0.749 0.076 -0.994 -0.0 0.093 0.063 0.714 0.0 -0.691 0.113 0.994 0.0 0.103 0.041 
0.997 -0.052 -0.048 -0.025 -0.694 -0.0 -0.715 0.08 -0.967 -0.0 -0.001 -0.253 1.0 0.0 0.016 0.017 0.651 0.0 0.576 -0.494 -0.658 -0.0 -0.749 0.077 -0.994 -0.0 0.093 0.063 0.714 0.0 -0.691 0.114 0.994 0.0 0.103 0.041 
0.997 -0.052 -0.048 -0.025 -0.694 0.0 -0.716 0.08 -0.968 -0.0 0.0 -0.253 1.0 0.0 0.019 0.016 0.654 0.0 0.56 -0.509 -0.658 -0.0 -0.749 0.077 -0.994 -0.0 0.093 0.063 0.714 0.0 -0.691 0.114 0.994 0.0 0.103 0.041 
0.997 -0.052 -0.048 -0.025 -0.694 -0.0 -0.715 0.079 -0.968 -0.0 0.0 -0.252 1.0 0.0 0.022 0.014 0.656 -0.0 0.545 -0.522 -0.658 -0.0 -0.749 0.077 -0.994 -0.0 0.093 0.063 0.714 0.0 -0.691 0.114 0.994 0.0 0.099 0.041 
0.997 -0.052 -0.048 -0.025 -0.694 -0.0 -0.715 0.079 -0.968 -0.0 0.001 -0.252 1.0 0.0 0.025 0.013 0.659 0.0 0.527 -0.536 -0.658 -0.0 -0.749 0.077 -0.994 -0.0 0.093 0.063 0.714 0.0 -0.691 0.114 0.994 0.0 0.105 0.041 
0.997 -0.052 -0.048 -0.025 -0.694 -0.0 -0.715 0.08 -0.968 -0.0 0.001 -0.252 1.0 0.0 0.028 0.011 0.662 0.0 0.51 -0.549 -0.658 -0.0 -0.749 0.077 -0.994 -0.0 0.093 0.063 0.713 0.0 -0.691 0.114 0.994 -0.0 0.099 0.041 
0.997 -0.052 -0.048 -0.024 -0.694 0.0 -0.715 0.08 -0.968 -0.0 0.001 -0.251 0.999 0.0 0.031 0.009 0.665 -0.0 0.493 -0.562 -0.658 0.0 -0.749 0.076 -0.994 0.0 0.093 0.063 0.713 0.0 -0.692 0.112 0.994 0.0 0.1 0.042 
0.997 -0.052 -0.048 -0.024 -0.694 -0.0 -0.716 0.081 -0.968 -0.0 0.002 -0.251 0.999 0.0 0.034 0.007 0.667 -0.0 0.477 -0.572 -0.658 -0.0 -0.749 0.077 -0.994 -0.0 0.093 0.063 0.713 0.0 -0.692 0.112 0.994 0.0 0.103 0.042 
0.997 -0.052 -0.048 -0.025 -0.694 -0.0 -0.715 0.081 -0.968 -0.0 0.001 -0.251 0.999 0.0 0.036 0.006 0.669 0.0 0.459 -0.584 -0.658 -0.0 -0.749 0.077 -0.994 0.0 0.093 0.063 0.713 0.0 -0.691 0.114 0.994 0.0 0.103 0.041 
0.997 -0.052 -0.048 -0.024 -0.694 0.0 -0.715 0.081 -0.968 -0.0 0.001 -0.252 0.999 0.0 0.039 0.006 0.672 0.0 0.44 -0.596 -0.659 -0.0 -0.748 0.077 -0.994 -0.0 0.093 0.063 0.713 -0.0 -0.691 0.114 0.994 0.0 0.099 0.041 
0.997 -0.052 -0.048 -0.023 -0.694 -0.0 -0.715 0.081 -0.968 -0.0 0.002 -0.251 0.999 0.0 0.042 0.002 0.674 0.0 0.423 -0.605 -0.658 -0.0 -0.749 0.077 -0.994 -0.0 0.093 0.064 0.713 0.0 -0.692 0.112 0.994 -0.0 0.1 0.042 
0.997 -0.052 -0.048 -0.023 -0.694 -0.0 -0.715 0.081 -0.968 -0.0 0.002 -0.251 0.999 0.0 0.043 0.0 0.676 0.0 0.407 -0.614 -0.659 -0.0 -0.749 0.077 -0.994 -0.0 0.093 0.063 0.713 0.0 -0.692 0.112 0.994 0.0 0.103 0.042 
0.997 -0.052 -0.048 -0.023 -0.694 -0.0 -0.715 0.082 -0.968 -0.0 0.002 -0.251 0.999 0.0 0.045 -0.002 0.678 0.0 0.39 -0.623 -0.659 -0.0 -0.748 0.077 -0.994 -0.0 0.093 0.063 0.713 0.0 -0.692 0.112 0.994 0.0 0.1 0.042 
0.997 -0.052 -0.048 -0.022 -0.694 -0.0 -0.715 0.082 -0.968 0.0 0.002 -0.251 0.999 0.0 0.047 -0.004 0.68 0.0 0.373 -0.631 -0.659 -0.0 -0.748 0.077 -0.994 -0.0 0.093 0.063 0.713 0.0 -0.692 0.112 0.994 0.0 0.102 0.043 
0.997 -0.052 -0.048 -0.022 -0.694 -0.0 -0.715 0.082 -0.968 -0.0 0.002 -0.251 0.999 0.0 0.047 -0.007 0.682 0.0 0.358 -0.638 -0.659 0.0 -0.748 0.077 -0.994 0.0 0.093 0.064 0.713 0.0 -0.692 0.111 0.994 0.0 0.099 0.042 
0.997 -0.052 -0.048 -0.022 -0.694 -0.0 -0.715 0.082 -0.968 -0.0 0.002 -0.251 0.999 0.0 0.05 -0.006 0.683 0.0 0.339 -0.647 -0.659 0.0 -0.748 0.077 -0.994 -0.0 0.093 0.064 0.713 0.0 -0.692 0.111 0.994 0.0 0.103 0.043 
0.997 -0.052 -0.048 -0.022 -0.695 0.0 -0.715 0.082 -0.968 0.0 0.002 -0.251 0.999 0.0 0.049 -0.011 0.686 0.0 0.327 -0.65 -0.659 -0.0 -0.748 0.078 -0.994 -0.0 0.093 0.063 0.713 0.0 -0.692 0.113 0.994 0.0 0.099 0.041 
0.997 -0.052 -0.048 -0.021 -0.694 0.0 -0.715 0.083 -0.968 -0.0 0.002 -0.251 0.999 -0.0 0.05 -0.016 0.688 -0.0 0.312 -0.655 -0.659 -0.0 -0.748 0.077 -0.994 -0.0 0.093 0.063 0.714 0.0 -0.692 0.11 0.994 -0.0 0.102 0.043 
0.997 -0.052 -0.048 -0.021 -0.694 -0.0 -0.715 0.082 -0.968 -0.0 0.003 -0.251 0.999 0.0 0.05 -0.018 0.691 0.0 0.297 -0.659 -0.659 0.0 -0.748 0.077 -0.994 -0.0 0.093 0.063 0.714 0.0 -0.692 0.11 0.994 0.0 0.102 0.043 
0.997 -0.052 -0.047 -0.021 -0.695 0.0 -0.715 0.083 -0.968 -0.0 0.002 -0.251 0.999 -0.0 0.049 -0.022 0.694 0.0 0.283 -0.662 -0.659 -0.0 -0.748 0.077 -0.994 -0.0 0.093 0.063 0.713 0.0 -0.692 0.111 0.994 0.0 0.097 0.042 
0.997 -0.051 -0.047 -0.02 -0.694 -0.0 -0.715 0.083 -0.968 0.0 0.003 -0.251 0.998 0.0 0.049 -0.027 0.696 -0.0 0.268 -0.666 -0.659 -0.0 -0.748 0.077 -0.994 -0.0 0.093 0.064 0.713 0.0 -0.692 0.109 0.994 0.0 0.098 0.043 
0.997 -0.052 -0.047 -0.021 -0.694 -0.0 -0.715 0.083 -0.968 -0.0 0.003 -0.25 0.998 0.0 0.048 -0.029 0.698 0.0 0.256 -0.669 -0.66 -0.0 -0.748 0.077 -0.994 -0.0 0.093 0.063 0.713 0.0 -0.692 0.11 0.994 0.0 0.097 0.042 
0.997 -0.051 -0.047 -0.02 -0.694 0.0 -0.715 0.083 -0.968 0.0 0.002 -0.251 0.998 0.0 0.047 -0.032 0.7 0.0 0.245 -0.671 -0.66 -0.0 -0.748 0.077 -0.994 -0.0 0.093 0.064 0.713 0.0 -0.692 0.11 0.994 0.0 0.097 0.042 
0.997 -0.051 -0.047 -0.02 -0.694 -0.0 -0.715 0.083 -0.968 -0.0 0.003 -0.25 0.998 -0.0 0.045 -0.036 0.701 0.0 0.235 -0.673 -0.66 -0.0 -0.747 0.077 -0.994 -0.0 0.093 0.063 0.713 0.0 -0.692 0.11 0.994 0.0 0.097 0.042 
0.997 -0.051 -0.047 -0.02 -0.694 -0.0 -0.715 0.083 -0.968 -0.0 0.003 -0.249 0.998 0.0 0.044 -0.039 0.702 0.0 0.225 -0.676 -0.66 -0.0 -0.747 0.077 -0.994 -0.0 0.093 0.064 0.713 0.0 -0.692 0.109 0.994 0.0 0.1 0.042 
0.997 -0.051 -0.047 -0.019 -0.694 -0.0 -0.715 0.084 -0.968 -0.0 0.002 -0.251 0.998 0.0 0.043 -0.043 0.703 0.0 0.215 -0.678 -0.66 -0.0 -0.747 0.077 -0.994 -0.0 0.093 0.063 0.713 0.0 -0.692 0.109 0.994 0.0 0.097 0.042 
0.997 -0.051 -0.047 -0.018 -0.694 -0.0 -0.715 0.083 -0.968 0.0 0.003 -0.251 0.998 0.0 0.042 -0.047 0.703 0.0 0.206 -0.68 -0.66 -0.0 -0.747 0.077 -0.994 -0.0 0.093 0.064 0.713 0.0 -0.693 0.107 0.994 0.0 0.097 0.043 
0.997 -0.051 -0.047 -0.018 -0.694 -0.0 -0.715 0.083 -0.968 -0.0 0.003 -0.25 0.998 0.0 0.04 -0.049 0.705 0.0 0.195 -0.682 -0.66 0.0 -0.747 0.077 -0.994 -0.0 0.093 0.063 0.713 0.0 -0.693 0.109 0.994 0.0 0.097 0.042 
0.997 -0.051 -0.047 -0.018 -0.693 0.0 -0.716 0.083 -0.968 0.0 0.003 -0.25 0.998 -0.0 0.04 -0.051 0.706 0.0 0.184 -0.684 -0.66 0.0 -0.747 0.077 -0.994 -0.0 0.093 0.063 0.713 0.0 -0.693 0.108 0.994 0.0 0.097 0.042 
0.998 -0.05 -0.047 -0.016 -0.693 -0.0 -0.716 0.082 -0.968 0.0 0.004 -0.25 0.998 0.0 0.04 -0.055 0.708 0.0 0.171 -0.685 -0.66 -0.0 -0.747 0.077 -0.994 0.0 0.093 0.063 0.713 0.0 -0.693 0.106 0.994 0.0 0.097 0.043 
0.998 -0.05 -0.047 -0.016 -0.693 -0.0 -0.716 0.082 -0.968 -0.0 0.004 -0.25 0.998 0.0 0.039 -0.058 0.71 0.0 0.158 -0.686 -0.66 -0.0 -0.747 0.077 -0.994 -0.0 0.093 0.063 0.713 0.0 -0.693 0.106 0.994 0.0 0.097 0.043 
0.998 -0.05 -0.047 -0.016 -0.693 -0.0 -0.716 0.082 -0.968 -0.0 0.004 -0.25 0.997 0.0 0.038 -0.06 0.712 0.0 0.146 -0.687 -0.66 -0.0 -0.747 0.076 -0.994 0.0 0.093 0.063 0.713 0.0 -0.693 0.105 0.994 0.0 0.097 0.043 
0.998 -0.05 -0.047 -0.015 -0.693 -0.0 -0.716 0.082 -0.968 -0.0 0.005 -0.25 0.997 0.0 0.039 -0.065 0.716 0.0 0.131 -0.686 -0.66 -0.0 -0.747 0.077 -0.994 -0.0 0.093 0.063 0.713 0.0 -0.693 0.105 0.994 0.0 0.097 0.042 
0.998 -0.05 -0.047 -0.015 -0.693 -0.0 -0.716 0.081 -0.968 -0.0 0.005 -0.25 0.997 -0.0 0.039 -0.068 0.718 0.0 0.117 -0.686 -0.66 -0.0 -0.747 0.077 -0.994 -0.0 0.093 0.063 0.713 0.0 -0.693 0.105 0.994 0.0 0.097 0.043 
0.998 -0.05 -0.046 -0.014 -0.693 -0.0 -0.716 0.081 -0.968 -0.0 0.005 -0.25 0.997 0.0 0.038 -0.072 0.72 0.0 0.105 -0.686 -0.66 -0.0 -0.747 0.076 -0.994 -0.0 0.093 0.063 0.713 0.0 -0.693 0.104 0.994 0.0 0.097 0.043 
0.998 -0.049 -0.046 -0.014 -0.693 -0.0 -0.717 0.081 -0.968 -0.0 0.006 -0.25 0.997 0.0 0.037 -0.074 0.721 0.0 0.093 -0.687 -0.66 0.0 -0.747 0.077 -0.994 -0.0 0.093 0.063 0.713 0.0 -0.693 0.104 0.994 -0.0 0.097 0.042 
0.998 -0.049 -0.047 -0.014 -0.692 0.0 -0.717 0.081 -0.968 0.0 0.005 -0.251 0.996 -0.0 0.037 -0.077 0.722 0.0 0.081 -0.687 -0.66 -0.0 -0.748 0.077 -0.994 0.0 0.094 0.063 0.714 -0.0 -0.693 0.104 0.994 -0.0 0.096 0.042 
0.998 -0.049 -0.046 -0.013 -0.693 -0.0 -0.717 0.081 -0.968 0.0 0.005 -0.25 0.996 0.0 0.037 -0.081 0.724 -0.0 0.07 -0.686 -0.66 -0.0 -0.747 0.077 -0.994 -0.0 0.093 0.062 0.714 0.0 -0.693 0.104 0.994 0.0 0.096 0.042 
0.998 -0.049 -0.046 -0.013 -0.693 0.0 -0.717 0.08 -0.968 -0.0 0.005 -0.252 0.996 0.0 0.036 -0.084 0.725 0.0 0.058 -0.686 -0.66 -0.0 -0.747 0.077 -0.994 -0.0 0.093 0.062 0.714 0.0 -0.693 0.104 0.994 0.0 0.096 0.042 
0.998 -0.049 -0.047 -0.013 -0.692 -0.0 -0.717 0.08 -0.968 0.0 0.005 -0.252 0.996 0.0 0.035 -0.087 0.727 0.0 0.046 -0.685 -0.66 -0.0 -0.748 0.077 -0.994 -0.0 0.094 0.062 0.714 -0.0 -0.693 0.104 0.995 0.0 0.096 0.041 
0.998 -0.049 -0.047 -0.013 -0.692 -0.0 -0.717 0.08 -0.968 -0.0 0.005 -0.252 0.995 0.0 0.036 -0.089 0.729 0.0 0.032 -0.684 -0.66 -0.0 -0.748 0.077 -0.994 -0.0 0.094 0.062 0.714 0.0 -0.693 0.104 0.994 0.0 0.098 0.042 
0.998 -0.049 -0.047 -0.012 -0.692 -0.0 -0.718 0.08 -0.968 -0.0 0.006 -0.252 0.995 0.0 0.035 -0.092 0.732 0.0 0.02 -0.681 -0.66 -0.0 -0.748 0.077 -0.994 -0.0 0.094 0.062 0.714 -0.0 -0.693 0.104 0.994 -0.0 0.096 0.041 
0.998 -0.049 -0.047 -0.012 -0.692 -0.0 -0.718 0.08 -0.968 0.0 0.006 -0.253 0.995 0.0 0.035 -0.095 0.734 0.0 0.008 -0.679 -0.66 -0.0 -0.748 0.077 -0.994 -0.0 0.093 0.062 0.714 0.0 -0.693 0.104 0.994 0.0 0.097 0.041 
0.998 -0.049 -0.047 -0.013 -0.692 -0.0 -0.718 0.08 -0.968 -0.0 0.006 -0.253 0.995 0.0 0.033 -0.095 0.736 -0.0 -0.004 -0.677 -0.66 -0.0 -0.748 0.078 -0.994 0.0 0.094 0.062 0.714 0.0 -0.692 0.106 0.994 0.0 0.098 0.041 
0.998 -0.049 -0.047 -0.012 -0.692 -0.0 -0.718 0.079 -0.968 -0.0 0.007 -0.253 0.994 -0.0 0.033 -0.1 0.739 0.0 -0.015 -0.674 -0.659 -0.0 -0.748 0.078 -0.994 -0.0 0.094 0.062 0.714 -0.0 -0.693 0.104 0.994 -0.0 0.097 0.041 
0.998 -0.049 -0.047 -0.012 -0.691 -0.0 -0.718 0.079 -0.968 -0.0 0.007 -0.253 0.994 -0.0 0.032 -0.102 0.741 0.0 -0.026 -0.671 -0.659 -0.0 -0.748 0.078 -0.994 -0.0 0.093 0.062 0.714 0.0 -0.693 0.104 0.994 -0.0 0.099 0.042 
0.998 -0.049 -0.047 -0.012 -0.691 -0.0 -0.718 0.079 -0.967 0.0 0.008 -0.253 0.994 0.0 0.03 -0.104 0.742 0.0 -0.036 -0.669 -0.659 -0.0 -0.748 0.078 -0.994 -0.0 0.093 0.062 0.714 0.0 -0.693 0.103 0.994 0.0 0.097 0.041 
0.998 -0.049 -0.047 -0.013 -0.691 -0.0 -0.718 0.078 -0.968 0.0 0.007 -0.253 0.994 0.0 0.029 -0.105 0.743 0.0 -0.045 -0.667 -0.66 -0.0 -0.748 0.078 -0.994 -0.0 0.094 0.061 0.714 -0.0 -0.692 0.106 0.995 0.0 0.096 0.04 
0.998 -0.049 -0.047 -0.012 -0.691 -0.0 -0.719 0.077 -0.968 0.0 0.008 -0.251 0.994 0.0 0.028 -0.108 0.745 0.0 -0.054 -0.665 -0.659 -0.0 -0.748 0.077 -0.994 -0.0 0.094 0.062 0.714 -0.0 -0.693 0.104 0.994 0.0 0.097 0.041 
0.998 -0.049 -0.047 -0.012 -0.691 -0.0 -0.719 0.077 -0.968 -0.0 0.008 -0.252 0.994 0.0 0.026 -0.11 0.746 0.0 -0.062 -0.663 -0.659 0.0 -0.748 0.078 -0.994 -0.0 0.093 0.062 0.714 -0.0 -0.693 0.104 0.994 0.0 0.099 0.041 
0.998 -0.049 -0.047 -0.012 -0.691 -0.0 -0.719 0.078 -0.968 -0.0 0.008 -0.252 0.993 0.0 0.025 -0.112 0.748 0.0 -0.07 -0.66 -0.659 -0.0 -0.748 0.078 -0.994 -0.0 0.093 0.062 0.714 0.0 -0.692 0.104 0.994 0.0 0.097 0.041 
0.998 -0.049 -0.047 -0.012 -0.691 -0.0 -0.719 0.077 -0.968 -0.0 0.009 -0.25 0.993 0.0 0.024 -0.114 0.749 0.0 -0.078 -0.658 -0.659 -0.0 -0.748 0.078 -0.994 -0.0 0.094 0.062 0.714 0.0 -0.692 0.104 0.994 0.0 0.097 0.041 
0.998 -0.049 -0.047 -0.012 -0.691 -0.0 -0.719 0.077 -0.968 -0.0 0.008 -0.251 0.993 0.0 0.023 -0.115 0.751 0.0 -0.084 -0.655 -0.659 -0.0 -0.748 0.078 -0.994 -0.0 0.093 0.062 0.714 0.0 -0.692 0.104 0.994 -0.0 0.097 0.041 
0.998 -0.049 -0.047 -0.013 -0.691 0.0 -0.719 0.076 -0.968 -0.0 0.008 -0.251 0.993 0.0 0.02 -0.115 0.752 -0.0 -0.09 -0.653 -0.659 -0.0 -0.748 0.078 -0.994 0.0 0.094 0.062 0.714 0.0 -0.692 0.104 0.994 -0.0 0.099 0.041 
0.998 -0.049 -0.047 -0.013 -0.691 -0.0 -0.719 0.077 -0.967 -0.0 0.008 -0.253 0.993 0.0 0.019 -0.116 0.753 0.0 -0.096 -0.651 -0.659 0.0 -0.748 0.078 -0.994 -0.0 0.093 0.062 0.714 -0.0 -0.692 0.104 0.994 0.0 0.099 0.042 
0.998 -0.049 -0.047 -0.013 -0.691 0.0 -0.719 0.076 -0.968 -0.0 0.008 -0.252 0.993 0.0 0.019 -0.117 0.754 0.0 -0.102 -0.649 -0.659 -0.0 -0.748 0.078 -0.994 -0.0 0.093 0.062 0.714 0.0 -0.692 0.104 0.994 0.0 0.097 0.041 
0.998 -0.049 -0.047 -0.013 -0.691 -0.0 -0.719 0.077 -0.968 0.0 0.008 -0.252 0.993 0.0 0.018 -0.118 0.755 -0.0 -0.107 -0.646 -0.659 0.0 -0.748 0.078 -0.994 -0.0 0.093 0.062 0.714 0.0 -0.692 0.105 0.994 0.0 0.097 0.04 
0.998 -0.049 -0.047 -0.013 -0.691 -0.0 -0.719 0.076 -0.968 -0.0 0.008 -0.251 0.993 0.0 0.016 -0.118 0.757 0.0 -0.111 -0.644 -0.659 -0.0 -0.748 0.077 -0.994 -0.0 0.093 0.062 0.714 -0.0 -0.693 0.105 0.994 0.0 0.097 0.04 
0.998 -0.048 -0.047 -0.013 -0.691 -0.0 -0.719 0.077 -0.968 -0.0 0.007 -0.252 0.993 0.0 0.015 -0.118 0.758 -0.0 -0.115 -0.643 -0.659 -0.0 -0.748 0.077 -0.994 -0.0 0.094 0.062 0.714 0.0 -0.692 0.105 0.994 0.0 0.099 0.041 
0.998 -0.049 -0.047 -0.014 -0.691 -0.0 -0.719 0.076 -0.968 -0.0 0.007 -0.251 0.993 -0.0 0.013 -0.117 0.758 0.0 -0.118 -0.641 -0.659 -0.0 -0.748 0.078 -0.994 -0.0 0.094 0.062 0.714 0.0 -0.692 0.107 0.994 -0.0 0.099 0.04 
0.998 -0.048 -0.047 -0.014 -0.691 -0.0 -0.719 0.076 -0.968 -0.0 0.007 -0.251 0.993 0.0 0.012 -0.119 0.759 -0.0 -0.121 -0.64 -0.659 -0.0 -0.748 0.077 -0.994 0.0 0.094 0.062 0.714 0.0 -0.692 0.105 0.994 0.0 0.097 0.04 
0.998 -0.049 -0.047 -0.015 -0.692 -0.0 -0.718 0.076 -0.967 -0.0 0.006 -0.253 0.993 0.0 0.01 -0.118 0.759 0.0 -0.124 -0.639 -0.659 -0.0 -0.748 0.078 -0.994 -0.0 0.094 0.061 0.714 -0.0 -0.692 0.107 0.995 0.0 0.097 0.039 
0.998 -0.049 -0.047 -0.015 -0.692 -0.0 -0.718 0.076 -0.968 -0.0 0.007 -0.252 0.993 -0.0 0.009 -0.118 0.76 -0.0 -0.125 -0.638 -0.659 0.0 -0.748 0.078 -0.994 -0.0 0.094 0.061 0.714 0.0 -0.692 0.107 0.994 0.0 0.099 0.04 
0.998 -0.049 -0.047 -0.015 -0.692 -0.0 -0.718 0.076 -0.968 -0.0 0.007 -0.252 0.993 0.0 0.007 -0.118 0.76 0.0 -0.127 -0.637 -0.659 -0.0 -0.748 0.078 -0.994 -0.0 0.094 0.061 0.714 0.0 -0.692 0.107 0.995 0.0 0.097 0.039 
0.998 -0.048 -0.047 -0.014 -0.692 -0.0 -0.718 0.075 -0.968 -0.0 0.007 -0.252 0.993 0.0 0.006 -0.118 0.76 -0.0 -0.128 -0.637 -0.659 -0.0 -0.749 0.077 -0.994 -0.0 0.094 0.061 0.714 0.0 -0.692 0.105 0.994 0.0 0.101 0.04 
0.998 -0.048 -0.047 -0.015 -0.692 -0.0 -0.718 0.076 -0.968 0.0 0.007 -0.252 0.993 0.0 0.004 -0.117 0.761 0.0 -0.13 -0.636 -0.659 -0.0 -0.748 0.078 -0.994 -0.0 0.093 0.061 0.714 0.0 -0.692 0.107 0.995 0.0 0.097 0.039 
0.998 -0.048 -0.047 -0.015 -0.692 -0.0 -0.718 0.075 -0.968 -0.0 0.007 -0.252 0.993 0.0 0.003 -0.117 0.761 0.0 -0.131 -0.635 -0.659 -0.0 -0.748 0.077 -0.994 -0.0 0.094 0.061 0.714 0.0 -0.692 0.107 0.994 0.0 0.099 0.04 
0.998 -0.048 -0.047 -0.014 -0.692 -0.0 -0.718 0.075 -0.968 0.0 0.008 -0.252 0.993 0.0 0.003 -0.118 0.762 0.0 -0.132 -0.634 -0.658 -0.0 -0.749 0.078 -0.994 -0.0 0.094 0.061 0.714 0.0 -0.692 0.106 0.994 0.0 0.1 0.04 
0.998 -0.048 -0.047 -0.015 -0.692 -0.0 -0.718 0.076 -0.968 -0.0 0.007 -0.253 0.993 0.0 0.003 -0.118 0.762 0.0 -0.133 -0.633 -0.658 -0.0 -0.749 0.077 -0.994 -0.0 0.093 0.061 0.714 0.0 -0.692 0.106 0.994 0.0 0.1 0.041 
0.998 -0.048 -0.047 -0.016 -0.693 -0.0 -0.717 0.076 -0.968 -0.0 0.007 -0.252 0.993 0.0 0.002 -0.117 0.763 0.0 -0.135 -0.632 -0.659 0.0 -0.749 0.078 -0.994 -0.0 0.094 0.061 0.714 0.0 -0.692 0.108 0.994 0.0 0.098 0.038 
0.998 -0.048 -0.047 -0.016 -0.693 -0.0 -0.717 0.076 -0.968 0.0 0.007 -0.252 0.993 0.0 0.002 -0.116 0.763 -0.0 -0.135 -0.632 -0.659 0.0 -0.749 0.078 -0.994 -0.0 0.093 0.061 0.714 0.0 -0.692 0.108 0.994 0.0 0.1 0.039 
0.998 -0.048 -0.047 -0.016 -0.693 0.0 -0.717 0.076 -0.968 -0.0 0.006 -0.252 0.993 0.0 0.001 -0.116 0.764 0.0 -0.136 -0.631 -0.658 -0.0 -0.749 0.077 -0.994 -0.0 0.094 0.061 0.714 -0.0 -0.692 0.108 0.994 -0.0 0.098 0.038 
0.998 -0.048 -0.047 -0.015 -0.693 -0.0 -0.717 0.076 -0.968 -0.0 0.007 -0.252 0.993 0.0 0.001 -0.118 0.765 -0.0 -0.137 -0.63 -0.658 -0.0 -0.749 0.077 -0.994 -0.0 0.093 0.061 0.714 -0.0 -0.692 0.106 0.994 0.0 0.101 0.04 
0.998 -0.048 -0.047 -0.016 -0.694 -0.0 -0.716 0.076 -0.968 -0.0 0.006 -0.252 0.993 0.0 0.001 -0.117 0.765 0.0 -0.138 -0.629 -0.658 -0.0 -0.749 0.077 -0.994 -0.0 0.094 0.061 0.714 0.0 -0.692 0.107 0.994 0.0 0.098 0.038 
0.998 -0.048 -0.047 -0.016 -0.694 0.0 -0.716 0.076 -0.968 -0.0 0.006 -0.252 0.993 -0.0 0.001 -0.117 0.765 -0.0 -0.138 -0.629 -0.658 -0.0 -0.749 0.077 -0.994 -0.0 0.093 0.061 0.714 0.0 -0.692 0.107 0.994 0.0 0.1 0.039 
0.998 -0.048 -0.048 -0.015 -0.694 -0.0 -0.716 0.076 -0.968 -0.0 0.007 -0.252 0.993 -0.0 0.001 -0.118 0.765 -0.0 -0.139 -0.629 -0.658 -0.0 -0.749 0.077 -0.994 -0.0 0.093 0.061 0.714 0.0 -0.692 0.105 0.994 0.0 0.1 0.04 
0.998 -0.047 -0.048 -0.015 -0.694 0.0 -0.716 0.076 -0.968 -0.0 0.007 -0.252 0.993 -0.0 0.001 -0.117 0.765 -0.0 -0.139 -0.629 -0.658 -0.0 -0.749 0.077 -0.994 -0.0 0.093 0.061 0.714 0.0 -0.692 0.105 0.994 0.0 0.1 0.04 
0.998 -0.047 -0.048 -0.015 -0.695 0.0 -0.715 0.076 -0.968 -0.0 0.007 -0.251 0.993 0.0 0.0 -0.117 0.765 0.0 -0.139 -0.628 -0.658 -0.0 -0.749 0.077 -0.994 -0.0 0.093 0.061 0.714 -0.0 -0.692 0.106 0.994 0.0 0.101 0.04 
0.998 -0.047 -0.048 -0.016 -0.695 0.0 -0.715 0.076 -0.968 -0.0 0.006 -0.251 0.993 0.0 -0.0 -0.116 0.765 0.0 -0.14 -0.628 -0.658 -0.0 -0.749 0.077 -0.994 -0.0 0.093 0.061 0.714 -0.0 -0.692 0.107 0.994 0.0 0.1 0.039 
0.998 -0.047 -0.048 -0.016 -0.695 -0.0 -0.715 0.076 -0.968 -0.0 0.006 -0.251 0.993 0.0 -0.001 -0.116 0.765 -0.0 -0.139 -0.628 -0.658 -0.0 -0.749 0.077 -0.994 -0.0 0.093 0.061 0.714 0.0 -0.692 0.107 0.994 -0.0 0.098 0.038 
0.998 -0.047 -0.048 -0.015 -0.695 -0.0 -0.715 0.076 -0.968 -0.0 0.007 -0.251 0.993 0.0 -0.001 -0.116 0.765 0.0 -0.139 -0.629 -0.658 -0.0 -0.749 0.076 -0.994 -0.0 0.093 0.061 0.714 0.0 -0.692 0.105 0.994 0.0 0.101 0.04 
0.998 -0.047 -0.048 -0.016 -0.696 -0.0 -0.714 0.077 -0.968 -0.0 0.006 -0.251 0.993 0.0 -0.001 -0.115 0.765 0.0 -0.138 -0.629 -0.658 -0.0 -0.749 0.077 -0.994 0.0 0.093 0.061 0.715 0.0 -0.691 0.107 0.994 0.0 0.1 0.039 
0.998 -0.047 -0.048 -0.015 -0.696 -0.0 -0.714 0.077 -0.967 -0.0 0.006 -0.253 0.993 0.0 -0.002 -0.116 0.765 -0.0 -0.137 -0.629 -0.658 -0.0 -0.749 0.076 -0.994 -0.0 0.093 0.061 0.714 0.0 -0.692 0.105 0.994 0.0 0.099 0.039 
0.998 -0.047 -0.048 -0.015 -0.696 -0.0 -0.714 0.077 -0.967 -0.0 0.006 -0.253 0.993 0.0 -0.003 -0.115 0.765 -0.0 -0.136 -0.63 -0.658 -0.0 -0.749 0.076 -0.994 -0.0 0.093 0.061 0.714 0.0 -0.692 0.104 0.994 0.0 0.101 0.04 
0.998 -0.047 -0.048 -0.015 -0.696 -0.0 -0.713 0.077 -0.967 -0.0 0.006 -0.253 0.993 0.0 -0.004 -0.114 0.764 0.0 -0.135 -0.631 -0.658 0.0 -0.749 0.076 -0.994 -0.0 0.093 0.061 0.714 0.0 -0.692 0.104 0.994 0.0 0.101 0.04 
0.998 -0.047 -0.048 -0.015 -0.697 -0.0 -0.713 0.077 -0.967 -0.0 0.006 -0.253 0.993 0.0 -0.004 -0.114 0.764 0.0 -0.133 -0.631 -0.658 -0.0 -0.749 0.076 -0.994 -0.0 0.093 0.061 0.715 0.0 -0.692 0.104 0.994 0.0 0.101 0.04 
0.998 -0.047 -0.048 -0.015 -0.697 -0.0 -0.713 0.077 -0.967 -0.0 0.006 -0.253 0.994 -0.0 -0.006 -0.112 0.763 -0.0 -0.132 -0.633 -0.658 0.0 -0.749 0.076 -0.994 -0.0 0.093 0.061 0.715 0.0 -0.692 0.106 0.994 -0.0 0.1 0.039 
0.998 -0.046 -0.048 -0.014 -0.697 -0.0 -0.713 0.077 -0.967 -0.0 0.007 -0.253 0.994 0.0 -0.006 -0.113 0.763 0.0 -0.13 -0.633 -0.658 -0.0 -0.749 0.076 -0.994 -0.0 0.093 0.061 0.714 0.0 -0.692 0.104 0.994 0.0 0.101 0.04 
0.998 -0.047 -0.048 -0.015 -0.697 0.0 -0.713 0.077 -0.967 -0.0 0.007 -0.253 0.994 0.0 -0.007 -0.112 0.763 0.0 -0.128 -0.634 -0.658 -0.0 -0.749 0.076 -0.994 -0.0 0.093 0.061 0.715 -0.0 -0.691 0.106 0.994 0.0 0.1 0.039 
0.998 -0.047 -0.048 -0.015 -0.697 -0.0 -0.713 0.077 -0.968 -0.0 0.006 -0.253 0.994 -0.0 -0.009 -0.11 0.762 0.0 -0.127 -0.635 -0.658 -0.0 -0.749 0.076 -0.994 -0.0 0.093 0.061 0.715 0.0 -0.691 0.106 0.994 0.0 0.1 0.039 
0.998 -0.046 -0.048 -0.014 -0.697 -0.0 -0.713 0.077 -0.967 -0.0 0.007 -0.253 0.994 0.0 -0.008 -0.112 0.762 0.0 -0.125 -0.635 -0.658 -0.0 -0.749 0.076 -0.994 -0.0 0.093 0.061 0.715 0.0 -0.692 0.104 0.994 0.0 0.101 0.04 
0.998 -0.046 -0.048 -0.014 -0.697 -0.0 -0.713 0.077 -0.967 0.0 0.007 -0.253 0.994 0.0 -0.009 -0.111 0.762 0.0 -0.124 -0.636 -0.658 -0.0 -0.75 0.076 -0.994 0.0 0.093 0.061 0.715 0.0 -0.692 0.104 0.994 0.0 0.099 0.039 
0.998 -0.046 -0.048 -0.015 -0.698 -0.0 -0.712 0.077 -0.967 -0.0 0.007 -0.253 0.994 0.0 -0.01 -0.11 0.762 0.0 -0.122 -0.636 -0.658 -0.0 -0.749 0.076 -0.994 0.0 0.093 0.06 0.715 -0.0 -0.691 0.106 0.994 0.0 0.1 0.039 
0.998 -0.046 -0.048 -0.014 -0.697 -0.0 -0.713 0.077 -0.967 0.0 0.007 -0.253 0.994 0.0 -0.01 -0.11 0.761 -0.0 -0.121 -0.637 -0.658 -0.0 -0.75 0.076 -0.994 -0.0 0.093 0.06 0.715 -0.0 -0.692 0.104 0.994 0.0 0.101 0.04 
0.998 -0.046 -0.048 -0.015 -0.698 -0.0 -0.712 0.077 -0.968 -0.0 0.006 -0.252 0.994 0.0 -0.011 -0.109 0.761 0.0 -0.121 -0.638 -0.658 -0.0 -0.749 0.076 -0.994 0.0 0.093 0.06 0.715 0.0 -0.692 0.106 0.994 0.0 0.1 0.039 
0.998 -0.046 -0.048 -0.014 -0.698 -0.0 -0.712 0.077 -0.967 -0.0 0.007 -0.253 0.994 0.0 -0.011 -0.11 0.761 0.0 -0.12 -0.638 -0.658 -0.0 -0.75 0.076 -0.994 -0.0 0.093 0.06 0.715 0.0 -0.692 0.103 0.994 0.0 0.099 0.039 
0.998 -0.046 -0.048 -0.014 -0.697 -0.0 -0.713 0.077 -0.968 0.0 0.007 -0.252 0.994 0.0 -0.012 -0.109 0.76 0.0 -0.119 -0.638 -0.658 -0.0 -0.75 0.076 -0.994 -0.0 0.093 0.06 0.715 0.0 -0.692 0.104 0.994 0.0 0.101 0.04 
0.998 -0.046 -0.048 -0.014 -0.698 -0.0 -0.712 0.077 -0.968 -0.0 0.006 -0.252 0.994 0.0 -0.012 -0.109 0.76 0.0 -0.118 -0.639 -0.658 -0.0 -0.75 0.076 -0.994 -0.0 0.093 0.06 0.715 0.0 -0.692 0.104 0.994 0.0 0.101 0.04 
0.998 -0.046 -0.048 -0.014 -0.698 -0.0 -0.712 0.077 -0.968 -0.0 0.007 -0.251 0.994 0.0 -0.012 -0.109 0.76 0.0 -0.118 -0.64 -0.658 -0.0 -0.75 0.076 -0.994 -0.0 0.093 0.06 0.715 0.0 -0.692 0.104 0.994 0.0 0.101 0.04 
0.998 -0.046 -0.048 -0.014 -0.698 -0.0 -0.712 0.077 -0.968 -0.0 0.006 -0.252 0.994 0.0 -0.013 -0.109 0.76 0.0 -0.117 -0.64 -0.657 0.0 -0.75 0.076 -0.994 -0.0 0.093 0.06 0.715 -0.0 -0.692 0.104 0.994 0.0 0.101 0.04 
0.998 -0.046 -0.048 -0.014 -0.697 -0.0 -0.713 0.077 -0.968 -0.0 0.006 -0.251 0.994 0.0 -0.013 -0.108 0.759 -0.0 -0.117 -0.64 -0.657 -0.0 -0.75 0.076 -0.994 -0.0 0.093 0.06 0.715 0.0 -0.692 0.104 0.994 0.0 0.101 0.04 
0.998 -0.046 -0.048 -0.014 -0.697 -0.0 -0.712 0.078 -0.968 -0.0 0.006 -0.252 0.994 0.0 -0.013 -0.108 0.759 0.0 -0.116 -0.641 -0.657 -0.0 -0.75 0.076 -0.994 -0.0 0.093 0.06 0.715 0.0 -0.692 0.103 0.994 0.0 0.101 0.04 
0.998 -0.046 -0.048 -0.014 -0.697 -0.0 -0.713 0.077 -0.968 0.0 0.006 -0.252 0.994 0.0 -0.013 -0.108 0.759 0.0 -0.117 -0.641 -0.658 -0.0 -0.75 0.076 -0.994 -0.0 0.093 0.06 0.715 0.0 -0.692 0.103 0.994 0.0 0.1 0.04 
0.998 -0.046 -0.048 -0.014 -0.697 -0.0 -0.713 0.077 -0.968 -0.0 0.006 -0.252 0.994 0.0 -0.013 -0.108 0.758 0.0 -0.116 -0.642 -0.658 -0.0 -0.749 0.076 -0.994 -0.0 0.093 0.06 0.715 0.0 -0.692 0.103 0.994 -0.0 0.101 0.04 
0.998 -0.046 -0.048 -0.014 -0.697 -0.0 -0.713 0.077 -0.968 -0.0 0.006 -0.252 0.994 0.0 -0.013 -0.108 0.758 0.0 -0.115 -0.642 -0.657 -0.0 -0.75 0.076 -0.994 -0.0 0.093 0.06 0.715 0.0 -0.692 0.103 0.994 0.0 0.101 0.04 
0.998 -0.046 -0.048 -0.014 -0.697 -0.0 -0.713 0.077 -0.968 -0.0 0.006 -0.25 0.994 0.0 -0.013 -0.108 0.757 0.0 -0.115 -0.643 -0.657 -0.0 -0.75 0.076 -0.994 -0.0 0.093 0.06 0.715 0.0 -0.692 0.103 0.994 -0.0 0.101 0.04 
0.998 -0.046 -0.048 -0.013 -0.697 -0.0 -0.713 0.077 -0.968 0.0 0.007 -0.251 0.994 0.0 -0.013 -0.108 0.757 0.0 -0.113 -0.644 -0.657 -0.0 -0.75 0.076 -0.994 -0.0 0.093 0.06 0.715 0.0 -0.692 0.103 0.994 0.0 0.101 0.04 
0.998 -0.046 -0.048 -0.013 -0.697 0.0 -0.713 0.077 -0.968 -0.0 0.006 -0.25 0.994 0.0 -0.014 -0.108 0.757 0.0 -0.112 -0.644 -0.657 -0.0 -0.75 0.077 -0.994 -0.0 0.093 0.06 0.715 0.0 -0.692 0.103 0.994 0.0 0.101 0.04 
0.998 -0.046 -0.048 -0.013 -0.697 0.0 -0.713 0.077 -0.968 -0.0 0.006 -0.249 0.994 0.0 -0.014 -0.107 0.757 0.0 -0.111 -0.645 -0.657 0.0 -0.75 0.077 -0.994 -0.0 0.093 0.06 0.715 0.0 -0.692 0.103 0.994 0.0 0.101 0.04 
0.998 -0.046 -0.048 -0.013 -0.696 -0.0 -0.714 0.077 -0.968 -0.0 0.006 -0.249 0.994 0.0 -0.014 -0.107 0.756 -0.0 -0.108 -0.645 -0.658 -0.0 -0.749 0.077 -0.994 -0.0 0.093 0.06 0.715 0.0 -0.692 0.103 0.994 -0.0 0.101 0.04 
0.998 -0.046 -0.048 -0.013 -0.696 -0.0 -0.714 0.076 -0.968 -0.0 0.006 -0.249 0.994 0.0 -0.014 -0.106 0.756 0.0 -0.106 -0.646 -0.657 -0.0 -0.75 0.077 -0.994 -0.0 0.093 0.06 0.715 0.0 -0.692 0.103 0.994 0.0 0.101 0.04 
0.998 -0.045 -0.048 -0.013 -0.696 0.0 -0.714 0.076 -0.968 -0.0 0.007 -0.251 0.994 0.0 -0.014 -0.106 0.755 0.0 -0.104 -0.647 -0.657 -0.0 -0.75 0.077 -0.994 -0.0 0.093 0.06 0.715 0.0 -0.692 0.103 0.994 0.0 0.101 0.04 
0.998 -0.045 -0.048 -0.013 -0.696 -0.0 -0.714 0.077 -0.968 -0.0 0.006 -0.25 0.994 -0.0 -0.014 -0.106 0.755 0.0 -0.101 -0.648 -0.657 -0.0 -0.75 0.077 -0.994 -0.0 0.093 0.06 0.715 -0.0 -0.692 0.103 0.994 -0.0 0.101 0.04 
0.998 -0.045 -0.048 -0.013 -0.696 0.0 -0.714 0.076 -0.968 -0.0 0.006 -0.251 0.994 0.0 -0.014 -0.105 0.754 0.0 -0.098 -0.65 -0.657 -0.0 -0.75 0.077 -0.994 0.0 0.093 0.06 0.715 0.0 -0.692 0.103 0.994 0.0 0.101 0.04 
0.998 -0.046 -0.048 -0.012 -0.696 -0.0 -0.714 0.076 -0.968 -0.0 0.006 -0.251 0.994 0.0 -0.014 -0.105 0.754 0.0 -0.095 -0.65 -0.657 0.0 -0.75 0.078 -0.994 -0.0 0.093 0.059 0.715 0.0 -0.692 0.103 0.994 0.0 0.101 0.039 
0.998 -0.045 -0.048 -0.012 -0.696 0.0 -0.714 0.076 -0.968 -0.0 0.006 -0.251 0.994 -0.0 -0.015 -0.104 0.753 -0.0 -0.091 -0.652 -0.657 -0.0 -0.75 0.077 -0.994 -0.0 0.093 0.059 0.715 0.0 -0.692 0.103 0.994 0.0 0.101 0.04 
0.998 -0.045 -0.048 -0.012 -0.695 -0.0 -0.715 0.077 -0.968 -0.0 0.005 -0.252 0.995 0.0 -0.015 -0.103 0.752 0.0 -0.086 -0.653 -0.657 -0.0 -0.75 0.077 -0.994 -0.0 0.093 0.059 0.715 -0.0 -0.692 0.103 0.994 0.0 0.101 0.04 
0.998 -0.045 -0.048 -0.012 -0.695 -0.0 -0.715 0.076 -0.968 -0.0 0.006 -0.25 0.995 0.0 -0.015 -0.103 0.752 0.0 -0.082 -0.654 -0.657 -0.0 -0.75 0.078 -0.994 0.0 0.093 0.059 0.715 0.0 -0.692 0.103 0.994 -0.0 0.101 0.04 
0.998 -0.045 -0.048 -0.012 -0.695 -0.0 -0.715 0.076 -0.968 -0.0 0.006 -0.25 0.995 0.0 -0.015 -0.101 0.75 0.0 -0.076 -0.657 -0.657 -0.0 -0.75 0.077 -0.994 -0.0 0.093 0.06 0.715 -0.0 -0.692 0.103 0.994 -0.0 0.101 0.04 
0.998 -0.045 -0.048 -0.012 -0.695 -0.0 -0.715 0.076 -0.968 -0.0 0.006 -0.251 0.995 0.0 -0.015 -0.1 0.749 -0.0 -0.071 -0.658 -0.657 -0.0 -0.75 0.078 -0.994 -0.0 0.093 0.059 0.715 0.0 -0.692 0.103 0.994 0.0 0.101 0.039 
0.998 -0.045 -0.048 -0.012 -0.695 -0.0 -0.715 0.076 -0.968 -0.0 0.005 -0.251 0.995 0.0 -0.015 -0.099 0.748 0.0 -0.064 -0.661 -0.657 -0.0 -0.75 0.078 -0.994 -0.0 0.093 0.059 0.715 -0.0 -0.692 0.103 0.994 0.0 0.101 0.039 
0.998 -0.045 -0.048 -0.012 -0.695 -0.0 -0.715 0.076 -0.968 -0.0 0.005 -0.252 0.995 -0.0 -0.016 -0.098 0.747 0.0 -0.056 -0.663 -0.657 -0.0 -0.75 0.078 -0.994 -0.0 0.093 0.059 0.715 -0.0 -0.691 0.103 0.994 -0.0 0.101 0.04 
0.998 -0.046 -0.048 -0.013 -0.695 -0.0 -0.715 0.075 -0.968 0.0 0.004 -0.252 0.995 0.0 -0.017 -0.096 0.745 0.0 -0.047 -0.666 -0.657 -0.0 -0.749 0.078 -0.994 -0.0 0.093 0.059 0.715 0.0 -0.691 0.105 0.994 0.0 0.1 0.038 
0.998 -0.045 -0.048 -0.011 -0.694 0.0 -0.716 0.075 -0.968 0.0 0.004 -0.252 0.995 0.0 -0.017 -0.095 0.743 0.0 -0.038 -0.668 -0.657 -0.0 -0.75 0.078 -0.994 -0.0 0.093 0.059 0.715 0.0 -0.692 0.103 0.994 0.0 0.101 0.04 
0.998 -0.045 -0.048 -0.011 -0.694 -0.0 -0.716 0.075 -0.968 -0.0 0.004 -0.252 0.995 0.0 -0.018 -0.094 0.741 -0.0 -0.028 -0.671 -0.657 0.0 -0.75 0.078 -0.994 -0.0 0.093 0.059 0.715 0.0 -0.692 0.103 0.994 0.0 0.101 0.04 
0.998 -0.045 -0.048 -0.011 -0.694 0.0 -0.716 0.075 -0.967 -0.0 0.004 -0.253 0.996 0.0 -0.019 -0.092 0.74 0.0 -0.017 -0.673 -0.657 -0.0 -0.75 0.078 -0.994 -0.0 0.093 0.059 0.715 0.0 -0.692 0.102 0.994 0.0 0.101 0.04 
0.998 -0.045 -0.048 -0.012 -0.694 -0.0 -0.716 0.074 -0.968 -0.0 0.004 -0.252 0.996 0.0 -0.02 -0.089 0.738 0.0 -0.006 -0.675 -0.657 -0.0 -0.75 0.078 -0.994 -0.0 0.093 0.059 0.715 0.0 -0.691 0.104 0.994 0.0 0.1 0.039 
0.998 -0.045 -0.048 -0.011 -0.694 -0.0 -0.716 0.074 -0.968 -0.0 0.005 -0.253 0.996 -0.0 -0.02 -0.089 0.737 0.0 0.005 -0.676 -0.657 -0.0 -0.75 0.078 -0.994 -0.0 0.093 0.059 0.715 0.0 -0.692 0.103 0.994 -0.0 0.1 0.04 
0.998 -0.045 -0.048 -0.011 -0.694 0.0 -0.717 0.073 -0.968 0.0 0.004 -0.252 0.996 0.0 -0.021 -0.087 0.735 0.0 0.017 -0.678 -0.657 -0.0 -0.75 0.078 -0.994 -0.0 0.093 0.059 0.715 -0.0 -0.692 0.102 0.994 0.0 0.101 0.04 
0.998 -0.045 -0.048 -0.012 -0.694 -0.0 -0.716 0.074 -0.968 -0.0 0.003 -0.252 0.996 0.0 -0.022 -0.084 0.733 -0.0 0.029 -0.679 -0.657 -0.0 -0.749 0.078 -0.994 -0.0 0.093 0.059 0.715 0.0 -0.691 0.104 0.994 0.0 0.1 0.039 
0.998 -0.045 -0.048 -0.012 -0.694 -0.0 -0.717 0.074 -0.968 -0.0 0.003 -0.252 0.996 -0.0 -0.022 -0.082 0.732 -0.0 0.041 -0.68 -0.657 -0.0 -0.75 0.078 -0.994 0.0 0.093 0.059 0.715 0.0 -0.691 0.105 0.994 -0.0 0.1 0.038 
0.998 -0.045 -0.048 -0.012 -0.693 -0.0 -0.717 0.073 -0.968 -0.0 0.005 -0.253 0.996 0.0 -0.025 -0.082 0.73 0.0 0.056 -0.681 -0.657 -0.0 -0.75 0.077 -0.994 -0.0 0.093 0.059 0.715 0.0 -0.692 0.102 0.994 0.0 0.101 0.04 
0.998 -0.045 -0.048 -0.013 -0.693 -0.0 -0.717 0.073 -0.967 -0.0 0.004 -0.253 0.997 0.0 -0.026 -0.079 0.729 0.0 0.069 -0.681 -0.657 -0.0 -0.75 0.078 -0.994 -0.0 0.093 0.059 0.715 0.0 -0.691 0.104 0.994 0.0 0.1 0.039 
0.998 -0.045 -0.048 -0.012 -0.693 -0.0 -0.717 0.073 -0.967 -0.0 0.004 -0.253 0.997 0.0 -0.026 -0.079 0.728 0.0 0.082 -0.681 -0.657 -0.0 -0.75 0.077 -0.994 -0.0 0.093 0.059 0.715 0.0 -0.692 0.102 0.994 0.0 0.101 0.04 
0.998 -0.045 -0.048 -0.012 -0.693 0.0 -0.717 0.072 -0.967 -0.0 0.004 -0.253 0.997 0.0 -0.028 -0.077 0.726 0.0 0.095 -0.681 -0.657 -0.0 -0.75 0.077 -0.994 -0.0 0.093 0.059 0.715 0.0 -0.692 0.102 0.994 0.0 0.101 0.04 
0.998 -0.045 -0.048 -0.012 -0.693 -0.0 -0.717 0.072 -0.968 0.0 0.004 -0.252 0.997 0.0 -0.028 -0.076 0.725 0.0 0.107 -0.68 -0.657 -0.0 -0.75 0.077 -0.994 0.0 0.093 0.059 0.715 0.0 -0.692 0.102 0.994 0.0 0.101 0.04 
0.998 -0.045 -0.048 -0.013 -0.694 -0.0 -0.717 0.072 -0.968 -0.0 0.002 -0.252 0.997 0.0 -0.03 -0.073 0.724 -0.0 0.12 -0.68 -0.657 -0.0 -0.75 0.077 -0.994 -0.0 0.093 0.059 0.715 0.0 -0.691 0.104 0.994 -0.0 0.1 0.038 
0.998 -0.044 -0.048 -0.012 -0.694 0.0 -0.717 0.071 -0.968 -0.0 0.002 -0.252 0.997 0.0 -0.031 -0.073 0.723 0.0 0.132 -0.678 -0.657 -0.0 -0.75 0.076 -0.994 -0.0 0.093 0.06 0.715 0.0 -0.692 0.102 0.994 0.0 0.101 0.04 
0.998 -0.044 -0.048 -0.013 -0.694 -0.0 -0.717 0.071 -0.968 -0.0 0.002 -0.252 0.997 0.0 -0.031 -0.072 0.721 0.0 0.144 -0.677 -0.657 0.0 -0.75 0.076 -0.994 -0.0 0.093 0.06 0.715 0.0 -0.692 0.102 0.994 0.0 0.101 0.04 
0.998 -0.045 -0.048 -0.014 -0.694 -0.0 -0.717 0.071 -0.968 0.0 0.001 -0.251 0.997 0.0 -0.032 -0.069 0.719 0.0 0.156 -0.677 -0.657 -0.0 -0.75 0.076 -0.994 0.0 0.093 0.059 0.715 0.0 -0.691 0.104 0.994 0.0 0.1 0.038 
0.998 -0.044 -0.048 -0.013 -0.694 -0.0 -0.717 0.071 -0.968 -0.0 0.001 -0.251 0.997 0.0 -0.032 -0.07 0.719 0.0 0.167 -0.674 -0.657 -0.0 -0.75 0.076 -0.994 -0.0 0.093 0.06 0.715 0.0 -0.691 0.103 0.994 0.0 0.101 0.039 
0.998 -0.044 -0.048 -0.013 -0.694 -0.0 -0.717 0.071 -0.968 -0.0 0.001 -0.252 0.997 0.0 -0.033 -0.069 0.719 0.0 0.176 -0.673 -0.657 0.0 -0.75 0.076 -0.994 -0.0 0.093 0.059 0.715 0.0 -0.691 0.103 0.994 0.0 0.101 0.04 
0.998 -0.044 -0.048 -0.013 -0.694 -0.0 -0.717 0.07 -0.968 -0.0 0.001 -0.252 0.997 -0.0 -0.035 -0.068 0.717 0.0 0.188 -0.672 -0.657 -0.0 -0.75 0.076 -0.994 -0.0 0.093 0.059 0.715 0.0 -0.691 0.103 0.994 0.0 0.101 0.039 
0.998 -0.044 -0.048 -0.013 -0.694 -0.0 -0.717 0.07 -0.968 -0.0 0.001 -0.251 0.997 0.0 -0.036 -0.067 0.715 0.0 0.198 -0.67 -0.657 -0.0 -0.75 0.076 -0.994 -0.0 0.093 0.06 0.715 0.0 -0.691 0.103 0.994 0.0 0.104 0.039 
0.998 -0.044 -0.048 -0.014 -0.694 -0.0 -0.717 0.069 -0.968 -0.0 0.001 -0.251 0.997 0.0 -0.037 -0.066 0.714 0.0 0.21 -0.668 -0.657 0.0 -0.75 0.076 -0.994 -0.0 0.093 0.06 0.715 0.0 -0.691 0.103 0.994 0.0 0.104 0.039 
0.998 -0.044 -0.048 -0.014 -0.694 -0.0 -0.716 0.069 -0.968 -0.0 0.001 -0.252 0.997 -0.0 -0.038 -0.065 0.712 0.0 0.221 -0.666 -0.657 0.0 -0.75 0.076 -0.994 -0.0 0.093 0.06 0.715 -0.0 -0.691 0.103 0.994 0.0 0.104 0.039 
0.998 -0.044 -0.048 -0.014 -0.694 -0.0 -0.716 0.069 -0.968 -0.0 0.001 -0.252 0.997 0.0 -0.039 -0.065 0.71 0.0 0.233 -0.664 -0.657 -0.0 -0.75 0.076 -0.994 -0.0 0.093 0.059 0.715 -0.0 -0.691 0.103 0.994 0.0 0.101 0.04 
0.998 -0.044 -0.048 -0.014 -0.694 -0.0 -0.716 0.069 -0.968 -0.0 0.001 -0.252 0.997 0.0 -0.04 -0.064 0.708 0.0 0.245 -0.662 -0.657 -0.0 -0.75 0.076 -0.994 -0.0 0.093 0.06 0.715 0.0 -0.691 0.103 0.994 0.0 0.101 0.04 
0.998 -0.044 -0.048 -0.014 -0.695 -0.0 -0.716 0.068 -0.968 -0.0 0.001 -0.251 0.997 0.0 -0.041 -0.062 0.707 0.0 0.256 -0.66 -0.657 -0.0 -0.75 0.076 -0.994 -0.0 0.093 0.06 0.715 -0.0 -0.691 0.103 0.994 0.0 0.101 0.04 
0.998 -0.044 -0.048 -0.014 -0.695 -0.0 -0.716 0.068 -0.968 -0.0 0.001 -0.251 0.997 0.0 -0.043 -0.061 0.704 -0.0 0.268 -0.657 -0.657 -0.0 -0.75 0.075 -0.994 -0.0 0.093 0.06 0.715 0.0 -0.692 0.102 0.994 0.0 0.101 0.04 
0.998 -0.044 -0.048 -0.014 -0.695 -0.0 -0.716 0.068 -0.968 -0.0 0.001 -0.252 0.997 0.0 -0.044 -0.06 0.702 0.0 0.28 -0.654 -0.657 -0.0 -0.75 0.076 -0.994 -0.0 0.093 0.059 0.715 0.0 -0.691 0.103 0.994 0.0 0.101 0.04 
0.998 -0.044 -0.048 -0.015 -0.695 -0.0 -0.716 0.068 -0.968 -0.0 0.0 -0.252 0.997 0.0 -0.045 -0.058 0.701 0.0 0.291 -0.651 -0.657 0.0 -0.75 0.076 -0.994 -0.0 0.093 0.059 0.715 0.0 -0.691 0.104 0.994 0.0 0.1 0.039 
0.998 -0.044 -0.048 -0.015 -0.695 -0.0 -0.716 0.068 -0.968 -0.0 0.0 -0.252 0.997 0.0 -0.046 -0.057 0.699 -0.0 0.303 -0.648 -0.657 -0.0 -0.75 0.076 -0.994 0.0 0.093 0.059 0.715 -0.0 -0.691 0.104 0.994 0.0 0.1 0.039 
0.998 -0.044 -0.048 -0.015 -0.695 0.0 -0.716 0.067 -0.968 -0.0 0.0 -0.252 0.997 0.0 -0.047 -0.056 0.697 0.0 0.314 -0.644 -0.657 -0.0 -0.75 0.076 -0.994 -0.0 0.093 0.059 0.715 0.0 -0.691 0.104 0.994 -0.0 0.1 0.039 
0.998 -0.044 -0.048 -0.015 -0.695 -0.0 -0.716 0.067 -0.968 -0.0 0.0 -0.252 0.997 0.0 -0.048 -0.055 0.695 0.0 0.327 -0.641 -0.657 -0.0 -0.75 0.076 -0.994 -0.0 0.093 0.059 0.715 0.0 -0.691 0.104 0.994 0.0 0.1 0.039 
0.998 -0.044 -0.048 -0.016 -0.695 -0.0 -0.716 0.067 -0.968 -0.0 0.001 -0.252 0.997 0.0 -0.049 -0.053 0.692 -0.0 0.339 -0.637 -0.657 -0.0 -0.75 0.076 -0.994 -0.0 0.093 0.059 0.715 0.0 -0.691 0.104 0.994 -0.0 0.1 0.039 
0.998 -0.043 -0.048 -0.016 -0.696 0.0 -0.715 0.067 -0.968 -0.0 0.0 -0.253 0.997 0.0 -0.05 -0.051 0.69 0.0 0.351 -0.633 -0.657 0.0 -0.75 0.076 -0.994 -0.0 0.093 0.059 0.715 -0.0 -0.691 0.104 0.994 0.0 0.1 0.039 
0.998 -0.043 -0.048 -0.016 -0.696 -0.0 -0.715 0.067 -0.967 -0.0 -0.0 -0.253 0.998 0.0 -0.051 -0.049 0.687 -0.0 0.362 -0.63 -0.657 0.0 -0.75 0.076 -0.994 -0.0 0.093 0.059 0.715 -0.0 -0.691 0.104 0.994 0.0 0.1 0.039 
0.998 -0.043 -0.048 -0.016 -0.696 0.0 -0.715 0.066 -0.968 -0.0 0.0 -0.252 0.997 0.0 -0.054 -0.051 0.685 -0.0 0.378 -0.622 -0.657 -0.0 -0.75 0.075 -0.994 0.0 0.093 0.059 0.715 0.0 -0.691 0.105 0.994 0.0 0.1 0.038 
0.998 -0.043 -0.048 -0.016 -0.696 -0.0 -0.715 0.066 -0.968 -0.0 0.0 -0.252 0.997 0.0 -0.055 -0.05 0.683 -0.0 0.391 -0.617 -0.657 -0.0 -0.75 0.075 -0.994 -0.0 0.093 0.058 0.715 0.0 -0.691 0.104 0.994 0.0 0.1 0.038 
0.998 -0.043 -0.048 -0.016 -0.696 -0.0 -0.715 0.066 -0.968 0.0 0.0 -0.252 0.997 0.0 -0.056 -0.048 0.681 0.0 0.403 -0.612 -0.657 -0.0 -0.75 0.075 -0.994 -0.0 0.093 0.059 0.715 0.0 -0.691 0.104 0.994 0.0 0.1 0.038 
0.998 -0.043 -0.048 -0.016 -0.696 -0.0 -0.715 0.065 -0.968 -0.0 -0.0 -0.252 0.997 0.0 -0.057 -0.047 0.679 0.0 0.415 -0.606 -0.657 -0.0 -0.75 0.075 -0.994 -0.0 0.094 0.058 0.715 0.0 -0.691 0.104 0.994 0.0 0.1 0.038 
0.998 -0.043 -0.048 -0.016 -0.696 -0.0 -0.715 0.065 -0.968 0.0 0.0 -0.252 0.997 0.0 -0.058 -0.046 0.677 0.0 0.427 -0.599 -0.657 -0.0 -0.75 0.075 -0.994 -0.0 0.093 0.058 0.715 0.0 -0.691 0.104 0.994 0.0 0.1 0.038 
0.998 -0.042 -0.049 -0.016 -0.696 -0.0 -0.715 0.065 -0.968 -0.0 0.0 -0.252 0.997 0.0 -0.058 -0.046 0.676 -0.0 0.438 -0.593 -0.657 -0.0 -0.75 0.074 -0.994 -0.0 0.093 0.058 0.715 -0.0 -0.692 0.102 0.994 -0.0 0.101 0.039 
0.998 -0.042 -0.048 -0.017 -0.696 -0.0 -0.715 0.065 -0.968 -0.0 -0.0 -0.253 0.997 0.0 -0.06 -0.044 0.673 -0.0 0.451 -0.586 -0.657 -0.0 -0.75 0.074 -0.994 -0.0 0.093 0.058 0.715 -0.0 -0.692 0.104 0.994 0.0 0.1 0.038 
0.998 -0.042 -0.049 -0.016 -0.696 -0.0 -0.715 0.064 -0.968 -0.0 0.001 -0.252 0.997 0.0 -0.06 -0.044 0.673 0.0 0.461 -0.579 -0.657 -0.0 -0.75 0.074 -0.994 0.0 0.093 0.058 0.715 0.0 -0.692 0.102 0.994 0.0 0.101 0.039 
0.998 -0.042 -0.048 -0.017 -0.696 -0.0 -0.715 0.064 -0.968 0.0 0.0 -0.252 0.997 0.0 -0.062 -0.044 0.671 0.0 0.474 -0.571 -0.657 -0.0 -0.75 0.074 -0.994 -0.0 0.094 0.058 0.715 0.0 -0.692 0.104 0.994 0.0 0.101 0.037 
0.998 -0.042 -0.049 -0.016 -0.696 0.0 -0.715 0.064 -0.968 -0.0 0.001 -0.252 0.997 0.0 -0.062 -0.042 0.669 -0.0 0.483 -0.565 -0.657 -0.0 -0.75 0.073 -0.994 0.0 0.093 0.058 0.715 -0.0 -0.692 0.102 0.994 0.0 0.101 0.038 
0.998 -0.042 -0.048 -0.017 -0.696 -0.0 -0.715 0.064 -0.968 -0.0 0.001 -0.252 0.997 -0.0 -0.064 -0.042 0.668 -0.0 0.495 -0.556 -0.657 -0.0 -0.75 0.074 -0.994 -0.0 0.094 0.058 0.715 0.0 -0.692 0.104 0.994 0.0 0.101 0.037 
0.998 -0.041 -0.049 -0.016 -0.696 -0.0 -0.715 0.064 -0.968 -0.0 0.001 -0.253 0.997 -0.0 -0.065 -0.043 0.666 0.0 0.505 -0.549 -0.657 0.0 -0.75 0.073 -0.994 -0.0 0.093 0.058 0.715 -0.0 -0.692 0.102 0.994 0.0 0.101 0.038 
0.998 -0.042 -0.048 -0.017 -0.696 -0.0 -0.715 0.064 -0.968 -0.0 0.001 -0.252 0.997 0.0 -0.065 -0.042 0.665 0.0 0.514 -0.542 -0.657 -0.0 -0.75 0.074 -0.994 -0.0 0.093 0.057 0.715 0.0 -0.692 0.104 0.994 0.0 0.1 0.037 
0.998 -0.041 -0.048 -0.017 -0.696 0.0 -0.715 0.064 -0.967 -0.0 0.001 -0.254 0.997 0.0 -0.067 -0.041 0.663 0.0 0.524 -0.534 -0.657 -0.0 -0.75 0.074 -0.994 -0.0 0.094 0.057 0.715 -0.0 -0.692 0.104 0.994 -0.0 0.1 0.037 
0.998 -0.041 -0.049 -0.016 -0.696 -0.0 -0.716 0.064 -0.968 -0.0 0.002 -0.253 0.997 -0.0 -0.067 -0.041 0.661 0.0 0.534 -0.527 -0.657 -0.0 -0.75 0.073 -0.994 -0.0 0.093 0.057 0.715 0.0 -0.692 0.102 0.994 -0.0 0.101 0.038 
0.998 -0.041 -0.049 -0.016 -0.695 -0.0 -0.716 0.063 -0.968 -0.0 0.002 -0.252 0.997 0.0 -0.068 -0.04 0.659 0.0 0.544 -0.519 -0.657 0.0 -0.75 0.073 -0.994 -0.0 0.093 0.057 0.715 0.0 -0.692 0.102 0.994 0.0 0.101 0.038 
0.998 -0.041 -0.048 -0.017 -0.696 -0.0 -0.716 0.064 -0.968 -0.0 0.002 -0.252 0.997 -0.0 -0.069 -0.038 0.658 -0.0 0.553 -0.511 -0.657 -0.0 -0.75 0.073 -0.994 -0.0 0.094 0.057 0.715 0.0 -0.692 0.103 0.994 -0.0 0.1 0.037 
0.998 -0.041 -0.048 -0.017 -0.696 -0.0 -0.716 0.064 -0.968 -0.0 0.001 -0.252 0.997 0.0 -0.07 -0.037 0.657 -0.0 0.561 -0.504 -0.657 -0.0 -0.75 0.073 -0.994 -0.0 0.093 0.057 0.715 0.0 -0.692 0.104 0.994 0.0 0.104 0.036 
0.998 -0.04 -0.049 -0.016 -0.695 -0.0 -0.716 0.063 -0.968 0.0 0.002 -0.252 0.997 0.0 -0.07 -0.037 0.655 0.0 0.57 -0.496 -0.657 -0.0 -0.751 0.072 -0.994 -0.0 0.094 0.057 0.715 0.0 -0.692 0.101 0.994 0.0 0.104 0.037 
0.998 -0.041 -0.049 -0.017 -0.695 -0.0 -0.716 0.064 -0.968 0.0 0.002 -0.252 0.997 0.0 -0.071 -0.035 0.654 -0.0 0.579 -0.488 -0.657 -0.0 -0.75 0.073 -0.994 -0.0 0.093 0.057 0.715 -0.0 -0.692 0.103 0.994 0.0 0.1 0.036 
0.998 -0.04 -0.049 -0.017 -0.695 -0.0 -0.716 0.064 -0.968 -0.0 0.002 -0.252 0.997 0.0 -0.072 -0.033 0.653 0.0 0.585 -0.481 -0.657 -0.0 -0.75 0.072 -0.994 -0.0 0.093 0.057 0.715 0.0 -0.692 0.103 0.994 -0.0 0.104 0.036 
0.998 -0.04 -0.049 -0.016 -0.695 -0.0 -0.716 0.063 -0.968 -0.0 0.003 -0.253 0.997 -0.0 -0.072 -0.033 0.651 0.0 0.595 -0.471 -0.657 -0.0 -0.751 0.072 -0.994 -0.0 0.093 0.058 0.715 0.0 -0.692 0.101 0.994 0.0 0.101 0.038 
0.998 -0.04 -0.049 -0.017 -0.695 -0.0 -0.716 0.064 -0.968 -0.0 0.003 -0.253 0.997 0.0 -0.074 -0.031 0.649 0.0 0.604 -0.463 -0.657 -0.0 -0.75 0.072 -0.994 -0.0 0.093 0.058 0.715 0.0 -0.692 0.102 0.994 0.0 0.101 0.037 
0.998 -0.04 -0.049 -0.017 -0.694 -0.0 -0.717 0.064 -0.967 0.0 0.003 -0.254 0.997 0.0 -0.075 -0.03 0.647 -0.0 0.613 -0.453 -0.657 -0.0 -0.751 0.072 -0.994 0.0 0.093 0.058 0.715 0.0 -0.692 0.102 0.994 0.0 0.104 0.037 
0.998 -0.04 -0.049 -0.017 -0.694 -0.0 -0.717 0.064 -0.968 -0.0 0.003 -0.253 0.997 0.0 -0.077 -0.031 0.644 0.0 0.623 -0.443 -0.657 0.0 -0.75 0.072 -0.994 -0.0 0.093 0.058 0.715 -0.0 -0.692 0.102 0.994 0.0 0.1 0.037 
0.998 -0.04 -0.049 -0.017 -0.694 -0.0 -0.717 0.064 -0.968 -0.0 0.003 -0.253 0.996 0.0 -0.078 -0.03 0.642 0.0 0.631 -0.434 -0.657 -0.0 -0.75 0.072 -0.994 -0.0 0.093 0.058 0.715 0.0 -0.692 0.102 0.994 0.0 0.104 0.036 
0.998 -0.04 -0.049 -0.016 -0.694 -0.0 -0.717 0.064 -0.968 -0.0 0.003 -0.253 0.996 -0.0 -0.079 -0.03 0.64 0.0 0.639 -0.425 -0.657 -0.0 -0.751 0.071 -0.994 -0.0 0.093 0.058 0.715 0.0 -0.692 0.1 0.994 0.0 0.104 0.037 
0.998 -0.039 -0.049 -0.016 -0.694 -0.0 -0.717 0.064 -0.968 -0.0 0.003 -0.253 0.996 0.0 -0.081 -0.029 0.638 0.0 0.647 -0.417 -0.657 -0.0 -0.751 0.071 -0.994 -0.0 0.093 0.058 0.715 0.0 -0.692 0.1 0.994 0.0 0.104 0.038 
0.998 -0.04 -0.049 -0.017 -0.694 -0.0 -0.717 0.064 -0.968 0.0 0.003 -0.253 0.996 -0.0 -0.082 -0.027 0.636 0.0 0.654 -0.408 -0.657 -0.0 -0.75 0.071 -0.994 -0.0 0.093 0.058 0.715 0.0 -0.692 0.102 0.994 0.0 0.1 0.036 
0.998 -0.039 -0.049 -0.016 -0.693 -0.0 -0.718 0.064 -0.968 -0.0 0.004 -0.252 0.996 0.0 -0.083 -0.025 0.635 0.0 0.66 -0.402 -0.657 -0.0 -0.751 0.071 -0.994 -0.0 0.093 0.058 0.715 0.0 -0.692 0.1 0.994 0.0 0.101 0.038 
0.998 -0.039 -0.049 -0.017 -0.693 -0.0 -0.718 0.064 -0.968 -0.0 0.003 -0.252 0.996 -0.0 -0.084 -0.023 0.633 0.0 0.667 -0.393 -0.657 -0.0 -0.751 0.071 -0.994 0.0 0.093 0.058 0.715 -0.0 -0.692 0.102 0.994 0.0 0.1 0.037 
0.998 -0.039 -0.049 -0.017 -0.693 -0.0 -0.718 0.064 -0.968 -0.0 0.003 -0.252 0.996 0.0 -0.086 -0.023 0.63 0.0 0.675 -0.383 -0.657 0.0 -0.751 0.071 -0.994 -0.0 0.093 0.058 0.715 0.0 -0.692 0.102 0.994 0.0 0.1 0.036 
0.998 -0.039 -0.049 -0.017 -0.693 -0.0 -0.718 0.064 -0.968 -0.0 0.003 -0.252 0.996 -0.0 -0.087 -0.022 0.629 0.0 0.682 -0.374 -0.657 -0.0 -0.751 0.071 -0.994 -0.0 0.093 0.058 0.715 0.0 -0.692 0.102 0.994 -0.0 0.104 0.036 
0.998 -0.039 -0.049 -0.017 -0.693 -0.0 -0.718 0.065 -0.968 -0.0 0.002 -0.252 0.996 0.0 -0.089 -0.021 0.627 -0.0 0.688 -0.365 -0.657 -0.0 -0.751 0.071 -0.994 -0.0 0.093 0.058 0.715 0.0 -0.692 0.102 0.994 0.0 0.1 0.036 
0.998 -0.039 -0.049 -0.016 -0.692 -0.0 -0.719 0.065 -0.968 -0.0 0.003 -0.252 0.996 -0.0 -0.09 -0.021 0.626 0.0 0.694 -0.356 -0.657 -0.0 -0.751 0.07 -0.994 -0.0 0.093 0.058 0.715 0.0 -0.692 0.1 0.994 0.0 0.104 0.038 
0.998 -0.039 -0.049 -0.016 -0.692 -0.0 -0.719 0.065 -0.968 -0.0 0.003 -0.252 0.996 0.0 -0.091 -0.02 0.624 0.0 0.7 -0.348 -0.657 -0.0 -0.751 0.07 -0.994 -0.0 0.093 0.058 0.715 0.0 -0.692 0.1 0.994 0.0 0.101 0.038 
0.998 -0.039 -0.049 -0.017 -0.692 -0.0 -0.719 0.066 -0.968 -0.0 0.002 -0.252 0.996 0.0 -0.092 -0.018 0.623 0.0 0.705 -0.34 -0.657 -0.0 -0.751 0.071 -0.994 0.0 0.093 0.058 0.715 0.0 -0.692 0.102 0.994 0.0 0.104 0.037 
0.998 -0.039 -0.049 -0.017 -0.692 -0.0 -0.719 0.066 -0.968 0.0 0.001 -0.253 0.995 0.0 -0.093 -0.017 0.622 0.0 0.71 -0.331 -0.657 -0.0 -0.751 0.071 -0.994 -0.0 0.093 0.058 0.715 0.0 -0.692 0.102 0.994 0.0 0.103 0.036 
0.998 -0.039 -0.049 -0.017 -0.692 -0.0 -0.719 0.066 -0.968 -0.0 0.001 -0.253 0.995 -0.0 -0.095 -0.015 0.62 0.0 0.715 -0.322 -0.657 -0.0 -0.751 0.07 -0.994 -0.0 0.093 0.058 0.715 0.0 -0.692 0.102 0.994 0.0 0.104 0.036 
0.998 -0.039 -0.049 -0.018 -0.692 0.0 -0.719 0.066 -0.968 -0.0 0.001 -0.252 0.995 0.0 -0.096 -0.014 0.619 0.0 0.72 -0.313 -0.657 -0.0 -0.751 0.07 -0.994 -0.0 0.093 0.058 0.715 0.0 -0.692 0.102 0.994 0.0 0.1 0.036 
0.998 -0.038 -0.049 -0.017 -0.691 -0.0 -0.72 0.066 -0.968 -0.0 0.001 -0.252 0.995 0.0 -0.097 -0.014 0.618 0.0 0.725 -0.304 -0.657 -0.0 -0.751 0.07 -0.994 -0.0 0.093 0.058 0.715 0.0 -0.692 0.1 0.994 0.0 0.101 0.038 
0.998 -0.039 -0.049 -0.018 -0.691 -0.0 -0.72 0.067 -0.968 -0.0 0.0 -0.252 0.995 0.0 -0.099 -0.012 0.617 0.0 0.73 -0.295 -0.657 -0.0 -0.751 0.07 -0.994 -0.0 0.093 0.058 0.715 0.0 -0.692 0.102 0.994 0.0 0.1 0.036 
0.998 -0.038 -0.049 -0.018 -0.691 0.0 -0.72 0.067 -0.968 -0.0 0.0 -0.252 0.995 -0.0 -0.1 -0.011 0.616 0.0 0.734 -0.286 -0.657 -0.0 -0.751 0.07 -0.994 -0.0 0.093 0.058 0.715 0.0 -0.692 0.102 0.994 0.0 0.103 0.036 
0.998 -0.038 -0.049 -0.017 -0.691 0.0 -0.72 0.067 -0.968 0.0 0.0 -0.252 0.995 0.0 -0.101 -0.011 0.616 0.0 0.738 -0.277 -0.657 -0.0 -0.751 0.069 -0.994 -0.0 0.093 0.058 0.715 0.0 -0.692 0.1 0.994 0.0 0.104 0.037 
0.998 -0.038 -0.049 -0.017 -0.69 -0.0 -0.72 0.067 -0.968 -0.0 0.0 -0.252 0.995 0.0 -0.101 -0.008 0.616 0.0 0.741 -0.268 -0.657 -0.0 -0.751 0.069 -0.994 -0.0 0.093 0.058 0.715 0.0 -0.692 0.1 0.994 0.0 0.104 0.037 
0.998 -0.038 -0.049 -0.017 -0.69 -0.0 -0.721 0.067 -0.968 -0.0 0.0 -0.251 0.995 -0.0 -0.103 -0.008 0.614 0.0 0.747 -0.255 -0.657 -0.0 -0.751 0.069 -0.994 -0.0 0.093 0.058 0.715 0.0 -0.692 0.1 0.994 0.0 0.104 0.037 
0.998 -0.038 -0.049 -0.017 -0.69 0.0 -0.72 0.067 -0.968 -0.0 -0.001 -0.251 0.995 0.0 -0.104 -0.007 0.615 0.0 0.749 -0.247 -0.657 -0.0 -0.751 0.069 -0.994 -0.0 0.093 0.058 0.715 -0.0 -0.692 0.1 0.994 0.0 0.101 0.038 
0.998 -0.038 -0.049 -0.018 -0.69 -0.0 -0.721 0.068 -0.968 0.0 -0.001 -0.251 0.994 0.0 -0.105 -0.005 0.615 0.0 0.752 -0.237 -0.657 -0.0 -0.751 0.07 -0.994 -0.0 0.093 0.057 0.715 0.0 -0.692 0.102 0.994 0.0 0.1 0.036 
0.998 -0.038 -0.049 -0.018 -0.69 -0.0 -0.721 0.067 -0.968 -0.0 -0.001 -0.25 0.994 0.0 -0.106 -0.005 0.615 0.0 0.755 -0.226 -0.657 -0.0 -0.751 0.069 -0.994 -0.0 0.093 0.058 0.715 0.0 -0.692 0.1 0.994 0.0 0.101 0.037 
0.998 -0.038 -0.049 -0.018 -0.69 -0.0 -0.721 0.068 -0.968 0.0 -0.001 -0.25 0.994 0.0 -0.107 -0.004 0.615 0.0 0.758 -0.216 -0.657 -0.0 -0.751 0.069 -0.994 -0.0 0.093 0.057 0.715 0.0 -0.692 0.1 0.994 0.0 0.104 0.037 
0.998 -0.038 -0.049 -0.018 -0.689 -0.0 -0.721 0.068 -0.968 -0.0 -0.001 -0.251 0.994 0.0 -0.108 -0.001 0.616 0.0 0.76 -0.207 -0.657 -0.0 -0.751 0.069 -0.994 -0.0 0.093 0.057 0.715 0.0 -0.692 0.1 0.994 0.0 0.101 0.037 
0.998 -0.038 -0.049 -0.018 -0.689 -0.0 -0.721 0.068 -0.968 -0.0 -0.001 -0.25 0.994 0.0 -0.109 -0.001 0.616 0.0 0.763 -0.195 -0.657 -0.0 -0.751 0.069 -0.994 0.0 0.093 0.057 0.715 -0.0 -0.692 0.1 0.994 0.0 0.101 0.038 
0.998 -0.038 -0.049 -0.018 -0.689 -0.0 -0.721 0.069 -0.968 -0.0 -0.002 -0.251 0.994 0.0 -0.111 -0.001 0.616 0.0 0.765 -0.186 -0.657 -0.0 -0.751 0.069 -0.994 -0.0 0.093 0.058 0.715 0.0 -0.692 0.1 0.994 0.0 0.101 0.037 
0.998 -0.038 -0.049 -0.018 -0.689 -0.0 -0.721 0.069 -0.968 -0.0 -0.002 -0.251 0.994 0.0 -0.112 -0.001 0.617 0.0 0.767 -0.177 -0.657 -0.0 -0.751 0.069 -0.994 -0.0 0.093 0.057 0.715 0.0 -0.692 0.101 0.994 0.0 0.101 0.037 
0.998 -0.037 -0.049 -0.019 -0.689 -0.0 -0.721 0.068 -0.968 -0.0 -0.002 -0.25 0.994 0.0 -0.113 0.002 0.617 0.0 0.769 -0.165 -0.657 -0.0 -0.751 0.069 -0.994 -0.0 0.093 0.057 0.715 0.0 -0.692 0.1 0.994 0.0 0.101 0.037 
0.998 -0.037 -0.049 -0.019 -0.689 -0.0 -0.721 0.068 -0.968 -0.0 -0.002 -0.251 0.993 0.0 -0.114 0.005 0.618 0.0 0.771 -0.155 -0.657 -0.0 -0.751 0.068 -0.994 -0.0 0.093 0.058 0.715 -0.0 -0.692 0.099 0.994 -0.0 0.104 0.037 
0.998 -0.037 -0.049 -0.019 -0.689 -0.0 -0.721 0.067 -0.968 0.0 -0.002 -0.25 0.993 0.0 -0.116 0.009 0.619 0.0 0.772 -0.145 -0.657 -0.0 -0.751 0.068 -0.994 -0.0 0.092 0.058 0.715 0.0 -0.692 0.099 0.994 0.0 0.101 0.038 
0.998 -0.037 -0.049 -0.019 -0.689 0.0 -0.722 0.067 -0.968 -0.0 -0.002 -0.25 0.993 0.0 -0.117 0.007 0.619 0.0 0.774 -0.133 -0.657 -0.0 -0.751 0.068 -0.994 -0.0 0.092 0.058 0.715 0.0 -0.692 0.1 0.994 0.0 0.101 0.038 
0.998 -0.037 -0.049 -0.019 -0.689 -0.0 -0.722 0.067 -0.968 0.0 -0.002 -0.25 0.993 0.0 -0.119 0.009 0.62 0.0 0.775 -0.122 -0.657 -0.0 -0.751 0.067 -0.994 0.0 0.093 0.058 0.715 0.0 -0.692 0.099 0.994 0.0 0.101 0.038 
0.998 -0.037 -0.049 -0.019 -0.689 -0.0 -0.722 0.067 -0.968 -0.0 -0.001 -0.25 0.993 0.0 -0.12 0.009 0.621 0.0 0.775 -0.114 -0.657 -0.0 -0.751 0.068 -0.994 -0.0 0.092 0.058 0.715 0.0 -0.692 0.1 0.994 0.0 0.104 0.037 
0.998 -0.037 -0.049 -0.02 -0.689 -0.0 -0.721 0.067 -0.968 -0.0 -0.002 -0.25 0.992 0.0 -0.122 0.011 0.622 -0.0 0.776 -0.103 -0.657 -0.0 -0.751 0.068 -0.994 -0.0 0.093 0.058 0.715 0.0 -0.691 0.102 0.994 0.0 0.104 0.036 
0.998 -0.037 -0.049 -0.02 -0.689 -0.0 -0.722 0.067 -0.968 -0.0 -0.002 -0.25 0.992 0.0 -0.123 0.012 0.624 0.0 0.776 -0.094 -0.657 -0.0 -0.751 0.068 -0.994 -0.0 0.093 0.057 0.715 0.0 -0.692 0.102 0.994 0.0 0.1 0.036 
0.998 -0.037 -0.049 -0.02 -0.689 -0.0 -0.722 0.066 -0.968 -0.0 -0.001 -0.25 0.992 -0.0 -0.125 0.014 0.624 -0.0 0.777 -0.086 -0.657 -0.0 -0.751 0.068 -0.994 -0.0 0.093 0.057 0.715 0.0 -0.692 0.102 0.994 0.0 0.104 0.036 
0.998 -0.037 -0.049 -0.02 -0.689 -0.0 -0.722 0.066 -0.968 -0.0 -0.002 -0.25 0.992 0.0 -0.126 0.014 0.626 0.0 0.776 -0.077 -0.657 -0.0 -0.751 0.068 -0.994 -0.0 0.093 0.057 0.715 0.0 -0.692 0.102 0.994 0.0 0.104 0.036 
0.998 -0.037 -0.049 -0.021 -0.689 -0.0 -0.722 0.066 -0.968 0.0 -0.002 -0.251 0.992 0.0 -0.127 0.016 0.627 0.0 0.776 -0.07 -0.657 -0.0 -0.751 0.068 -0.994 -0.0 0.093 0.057 0.715 -0.0 -0.691 0.102 0.994 0.0 0.104 0.036 
0.998 -0.037 -0.049 -0.021 -0.689 0.0 -0.722 0.066 -0.968 -0.0 -0.002 -0.251 0.992 0.0 -0.128 0.017 0.629 0.0 0.775 -0.062 -0.657 -0.0 -0.751 0.068 -0.994 -0.0 0.093 0.057 0.715 0.0 -0.691 0.102 0.994 0.0 0.1 0.036 
0.998 -0.037 -0.049 -0.021 -0.689 -0.0 -0.722 0.066 -0.968 -0.0 -0.001 -0.251 0.991 0.0 -0.129 0.019 0.631 0.0 0.774 -0.057 -0.657 -0.0 -0.751 0.068 -0.994 -0.0 0.093 0.057 0.715 0.0 -0.691 0.102 0.994 -0.0 0.1 0.036 
0.998 -0.037 -0.049 -0.021 -0.689 -0.0 -0.722 0.065 -0.968 -0.0 -0.001 -0.251 0.991 0.0 -0.13 0.02 0.632 0.0 0.774 -0.049 -0.657 0.0 -0.751 0.068 -0.994 -0.0 0.093 0.057 0.715 0.0 -0.691 0.102 0.994 0.0 0.104 0.036 
0.998 -0.037 -0.049 -0.021 -0.689 -0.0 -0.721 0.065 -0.968 -0.0 -0.002 -0.25 0.991 0.0 -0.131 0.021 0.633 0.0 0.773 -0.042 -0.657 -0.0 -0.751 0.068 -0.994 -0.0 0.093 0.057 0.715 0.0 -0.691 0.102 0.994 0.0 0.104 0.036 
0.998 -0.037 -0.049 -0.021 -0.689 -0.0 -0.722 0.065 -0.968 -0.0 -0.001 -0.25 0.991 0.0 -0.133 0.021 0.634 0.0 0.772 -0.034 -0.657 -0.0 -0.751 0.068 -0.994 -0.0 0.093 0.057 0.715 0.0 -0.691 0.103 0.994 -0.0 0.1 0.036 
0.998 -0.037 -0.049 -0.021 -0.689 -0.0 -0.721 0.064 -0.968 -0.0 -0.001 -0.251 0.991 0.0 -0.134 0.022 0.636 0.0 0.771 -0.029 -0.657 -0.0 -0.751 0.069 -0.994 -0.0 0.093 0.057 0.715 0.0 -0.691 0.103 0.994 0.0 0.1 0.036 
0.998 -0.037 -0.049 -0.021 -0.69 -0.0 -0.721 0.064 -0.968 -0.0 -0.001 -0.251 0.99 0.0 -0.136 0.026 0.636 0.0 0.771 -0.026 -0.657 -0.0 -0.751 0.068 -0.994 -0.0 0.093 0.057 0.715 -0.0 -0.691 0.103 0.994 0.0 0.1 0.036 
0.998 -0.037 -0.049 -0.021 -0.69 -0.0 -0.721 0.064 -0.968 -0.0 -0.001 -0.251 0.99 0.0 -0.136 0.027 0.637 0.0 0.77 -0.023 -0.657 -0.0 -0.751 0.069 -0.994 -0.0 0.093 0.057 0.715 0.0 -0.691 0.103 0.994 0.0 0.104 0.036 
0.998 -0.037 -0.049 -0.021 -0.69 -0.0 -0.721 0.064 -0.968 -0.0 -0.001 -0.252 0.99 0.0 -0.138 0.029 0.638 0.0 0.769 -0.019 -0.657 0.0 -0.751 0.069 -0.994 0.0 0.093 0.056 0.715 -0.0 -0.691 0.103 0.994 0.0 0.104 0.036 
0.998 -0.038 -0.049 -0.022 -0.69 -0.0 -0.721 0.063 -0.968 -0.0 -0.0 -0.251 0.99 -0.0 -0.138 0.031 0.64 -0.0 0.768 -0.016 -0.657 -0.0 -0.751 0.069 -0.994 -0.0 0.093 0.057 0.715 -0.0 -0.691 0.103 0.994 -0.0 0.1 0.036 
0.998 -0.037 -0.049 -0.022 -0.69 -0.0 -0.721 0.063 -0.968 0.0 -0.001 -0.252 0.99 -0.0 -0.141 0.033 0.641 -0.0 0.768 -0.014 -0.657 -0.0 -0.751 0.069 -0.994 -0.0 0.093 0.057 0.715 0.0 -0.691 0.103 0.994 0.0 0.1 0.036 
0.998 -0.038 -0.049 -0.022 -0.69 -0.0 -0.721 0.063 -0.968 0.0 -0.001 -0.252 0.989 -0.0 -0.141 0.035 0.642 0.0 0.766 -0.013 -0.657 -0.0 -0.751 0.069 -0.994 -0.0 0.093 0.056 0.715 0.0 -0.691 0.104 0.994 0.0 0.1 0.036 
0.998 -0.038 -0.049 -0.022 -0.69 -0.0 -0.721 0.063 -0.968 -0.0 -0.0 -0.251 0.989 0.0 -0.141 0.037 0.643 0.0 0.766 -0.013 -0.657 -0.0 -0.751 0.069 -0.994 -0.0 0.093 0.056 0.715 0.0 -0.691 0.104 0.994 0.0 0.101 0.036 
0.998 -0.038 -0.049 -0.022 -0.69 -0.0 -0.721 0.062 -0.968 -0.0 -0.0 -0.251 0.989 0.0 -0.142 0.04 0.644 0.0 0.765 -0.013 -0.657 -0.0 -0.751 0.07 -0.994 -0.0 0.093 0.056 0.715 0.0 -0.691 0.104 0.994 0.0 0.104 0.036 
0.998 -0.038 -0.049 -0.022 -0.691 0.0 -0.721 0.062 -0.968 -0.0 -0.0 -0.252 0.989 -0.0 -0.142 0.042 0.645 -0.0 0.764 -0.014 -0.657 -0.0 -0.751 0.07 -0.994 -0.0 0.094 0.056 0.715 0.0 -0.691 0.104 0.994 0.0 0.104 0.036 
0.998 -0.038 -0.049 -0.022 -0.691 -0.0 -0.721 0.062 -0.968 -0.0 0.001 -0.252 0.989 0.0 -0.143 0.044 0.646 0.0 0.763 -0.013 -0.657 -0.0 -0.751 0.07 -0.994 -0.0 0.093 0.056 0.715 0.0 -0.691 0.104 0.994 0.0 0.101 0.036 
0.998 -0.038 -0.049 -0.022 -0.691 -0.0 -0.72 0.062 -0.968 -0.0 0.001 -0.253 0.989 0.0 -0.143 0.046 0.647 0.0 0.762 -0.015 -0.657 -0.0 -0.751 0.07 -0.994 -0.0 0.094 0.056 0.715 0.0 -0.691 0.105 0.994 0.0 0.104 0.035 
0.998 -0.039 -0.049 -0.023 -0.691 -0.0 -0.72 0.062 -0.967 0.0 0.001 -0.253 0.988 -0.0 -0.143 0.048 0.648 0.0 0.762 -0.016 -0.657 0.0 -0.751 0.071 -0.994 0.0 0.094 0.056 0.715 0.0 -0.691 0.105 0.994 0.0 0.104 0.035 
0.998 -0.039 -0.049 -0.023 -0.691 0.0 -0.72 0.061 -0.967 -0.0 0.001 -0.253 0.988 0.0 -0.143 0.05 0.648 0.0 0.761 -0.017 -0.657 0.0 -0.751 0.071 -0.994 -0.0 0.094 0.056 0.715 0.0 -0.691 0.106 0.994 0.0 0.101 0.035 
0.998 -0.039 -0.049 -0.023 -0.691 -0.0 -0.72 0.061 -0.967 -0.0 0.001 -0.253 0.988 0.0 -0.144 0.051 0.649 -0.0 0.761 -0.017 -0.657 -0.0 -0.751 0.071 -0.994 -0.0 0.094 0.056 0.715 0.0 -0.691 0.106 0.994 0.0 0.104 0.035 
0.998 -0.039 -0.049 -0.023 -0.692 -0.0 -0.72 0.061 -0.968 -0.0 0.001 -0.252 0.988 0.0 -0.144 0.052 0.649 0.0 0.761 -0.017 -0.657 -0.0 -0.751 0.072 -0.994 -0.0 0.094 0.056 0.715 -0.0 -0.691 0.106 0.994 0.0 0.104 0.035 
0.998 -0.039 -0.049 -0.023 -0.692 -0.0 -0.72 0.06 -0.967 0.0 0.002 -0.253 0.988 0.0 -0.145 0.054 0.649 -0.0 0.761 -0.017 -0.657 -0.0 -0.751 0.072 -0.994 -0.0 0.095 0.055 0.715 0.0 -0.691 0.106 0.994 0.0 0.104 0.035 
0.998 -0.04 -0.049 -0.023 -0.692 -0.0 -0.719 0.06 -0.967 -0.0 0.002 -0.253 0.988 0.0 -0.145 0.054 0.649 -0.0 0.761 -0.016 -0.657 -0.0 -0.751 0.072 -0.994 -0.0 0.094 0.055 0.715 0.0 -0.691 0.107 0.994 0.0 0.101 0.035 
0.998 -0.04 -0.049 -0.023 -0.692 -0.0 -0.719 0.061 -0.968 -0.0 0.002 -0.253 0.988 0.0 -0.145 0.055 0.648 -0.0 0.762 -0.014 -0.657 -0.0 -0.751 0.072 -0.994 -0.0 0.095 0.055 0.715 0.0 -0.691 0.107 0.994 0.0 0.101 0.035 
0.998 -0.04 -0.049 -0.023 -0.692 0.0 -0.719 0.06 -0.967 -0.0 0.002 -0.253 0.988 -0.0 -0.146 0.055 0.648 0.0 0.762 -0.012 -0.657 -0.0 -0.751 0.073 -0.994 -0.0 0.095 0.055 0.715 0.0 -0.691 0.107 0.994 0.0 0.104 0.035 
0.998 -0.04 -0.049 -0.023 -0.693 -0.0 -0.719 0.06 -0.968 -0.0 0.001 -0.253 0.988 -0.0 -0.146 0.055 0.647 -0.0 0.762 -0.012 -0.657 -0.0 -0.751 0.073 -0.994 -0.0 0.095 0.055 0.715 0.0 -0.691 0.108 0.994 -0.0 0.101 0.035 
0.998 -0.04 -0.049 -0.023 -0.693 -0.0 -0.719 0.06 -0.968 -0.0 0.002 -0.252 0.988 0.0 -0.146 0.056 0.646 0.0 0.763 -0.01 -0.657 -0.0 -0.751 0.073 -0.994 -0.0 0.095 0.054 0.715 0.0 -0.691 0.108 0.994 0.0 0.104 0.034 
