0.510 -0.346 0.508 0.602
0.510 -0.345 0.508 0.602
0.510 -0.345 0.508 0.602
0.510 -0.345 0.508 0.602
0.510 -0.345 0.508 0.601
0.510 -0.345 0.509 0.601
0.510 -0.345 0.509 0.601
0.510 -0.346 0.510 0.600
0.510 -0.346 0.511 0.599
0.510 -0.346 0.512 0.598
0.510 -0.347 0.513 0.597
0.510 -0.347 0.514 0.596
0.510 -0.348 0.515 0.595
0.509 -0.348 0.517 0.593
0.509 -0.349 0.518 0.592
0.509 -0.350 0.520 0.590
0.509 -0.350 0.522 0.588
0.508 -0.351 0.524 0.586
0.507 -0.352 0.526 0.585
0.506 -0.354 0.528 0.583
0.505 -0.355 0.530 0.581
0.504 -0.357 0.533 0.578
0.503 -0.358 0.535 0.576
0.502 -0.359 0.538 0.573
0.502 -0.360 0.541 0.571
0.501 -0.362 0.544 0.567
0.501 -0.363 0.546 0.565
0.500 -0.365 0.549 0.561
0.499 -0.368 0.551 0.559
0.498 -0.370 0.553 0.555
0.498 -0.372 0.555 0.552
0.498 -0.375 0.558 0.548
0.498 -0.376 0.561 0.544
0.499 -0.377 0.564 0.539
0.500 -0.378 0.567 0.534
0.501 -0.380 0.570 0.529
0.501 -0.381 0.574 0.524
0.503 -0.383 0.577 0.518
0.504 -0.384 0.581 0.512
0.505 -0.385 0.584 0.506
0.506 -0.386 0.587 0.500
0.507 -0.388 0.591 0.494
0.507 -0.390 0.594 0.488
0.508 -0.392 0.597 0.482
0.509 -0.393 0.600 0.476
0.510 -0.395 0.602 0.471
-0.510 0.397 -0.605 -0.465
-0.511 0.399 -0.607 -0.460
-0.511 0.401 -0.610 -0.455
-0.511 0.403 -0.612 -0.449
-0.512 0.404 -0.614 -0.444
-0.512 0.405 -0.617 -0.439
-0.513 0.406 -0.620 -0.434
-0.513 0.407 -0.623 -0.428
-0.513 0.409 -0.626 -0.423
-0.512 0.411 -0.629 -0.417
-0.511 0.414 -0.631 -0.411
-0.509 0.418 -0.633 -0.407
-0.507 0.423 -0.634 -0.403
-0.505 0.428 -0.635 -0.399
-0.504 0.433 -0.634 -0.396
-0.503 0.436 -0.634 -0.393
-0.504 0.439 -0.634 -0.389
-0.505 0.440 -0.635 -0.386
-0.507 0.439 -0.636 -0.381
-0.509 0.437 -0.638 -0.377
-0.512 0.435 -0.641 -0.372
-0.514 0.432 -0.644 -0.367
-0.515 0.430 -0.647 -0.362
-0.516 0.428 -0.651 -0.357
-0.517 0.427 -0.653 -0.352
-0.517 0.426 -0.655 -0.348
-0.516 0.428 -0.656 -0.346
-0.515 0.430 -0.656 -0.345
-0.513 0.434 -0.656 -0.344
-0.511 0.437 -0.656 -0.344
-0.509 0.439 -0.656 -0.343
-0.508 0.441 -0.656 -0.341
0.508 -0.441 0.657 0.339
0.508 -0.442 0.658 0.337
0.507 -0.442 0.659 0.336
0.507 -0.442 0.660 0.335
0.506 -0.443 0.661 0.333
0.506 -0.443 0.662 0.332
0.506 -0.443 0.663 0.330
0.506 -0.442 0.664 0.327
0.507 -0.441 0.666 0.325
0.507 -0.440 0.667 0.322
0.508 -0.439 0.669 0.319
0.509 -0.437 0.671 0.316
0.509 -0.436 0.673 0.312
0.509 -0.436 0.675 0.310
0.508 -0.436 0.676 0.307
0.507 -0.437 0.677 0.305
0.506 -0.438 0.678 0.304
0.504 -0.440 0.679 0.302
0.502 -0.442 0.680 0.301
0.500 -0.444 0.680 0.300
0.499 -0.446 0.681 0.297
0.498 -0.446 0.683 0.294
0.498 -0.446 0.684 0.290
0.498 -0.446 0.686 0.286
0.499 -0.446 0.688 0.281
0.499 -0.445 0.690 0.276
0.500 -0.444 0.692 0.270
0.501 -0.443 0.695 0.265
0.503 -0.441 0.697 0.259
0.505 -0.439 0.698 0.254
0.507 -0.437 0.700 0.249
0.509 -0.435 0.701 0.244
0.511 -0.433 0.704 0.238
0.513 -0.430 0.706 0.231
0.515 -0.427 0.708 0.225
0.517 -0.425 0.710 0.220
0.518 -0.424 0.711 0.215
0.518 -0.423 0.712 0.212
0.518 -0.424 0.713 0.210
0.517 -0.425 0.713 0.209
0.516 -0.425 0.714 0.208
0.516 -0.425 0.715 0.207
0.516 -0.424 0.715 0.205
0.517 -0.423 0.716 0.202
0.518 -0.421 0.717 0.200
0.519 -0.419 0.718 0.198
0.520 -0.418 0.719 0.196
0.520 -0.417 0.720 0.194
0.521 -0.416 0.720 0.193
0.521 -0.415 0.720 0.194
0.522 -0.414 0.720 0.195
0.522 -0.414 0.719 0.198
0.521 -0.414 0.719 0.201
0.521 -0.413 0.718 0.205
0.521 -0.413 0.717 0.209
0.521 -0.412 0.716 0.213
0.521 -0.411 0.716 0.218
0.522 -0.409 0.715 0.223
0.522 -0.408 0.714 0.228
0.522 -0.406 0.713 0.233
0.522 -0.404 0.712 0.239
0.521 -0.403 0.711 0.246
0.521 -0.402 0.709 0.253
0.520 -0.401 0.708 0.260
0.519 -0.400 0.707 0.267
0.519 -0.398 0.705 0.274
0.519 -0.396 0.704 0.280
0.519 -0.393 0.702 0.287
-0.519 0.392 -0.701 -0.293
-0.519 0.389 -0.699 -0.301
-0.519 0.388 -0.697 -0.308
-0.519 0.386 -0.695 -0.315
-0.518 0.385 -0.692 -0.322
-0.518 0.383 -0.690 -0.330
-0.518 0.381 -0.688 -0.337
-0.518 0.379 -0.685 -0.345
-0.518 0.377 -0.682 -0.352
-0.518 0.375 -0.680 -0.360
-0.518 0.373 -0.677 -0.367
-0.519 0.370 -0.674 -0.374
-0.520 0.367 -0.672 -0.379
-0.521 0.364 -0.669 -0.385
-0.523 0.360 -0.667 -0.390
-0.524 0.357 -0.665 -0.396
-0.525 0.354 -0.662 -0.401
-0.526 0.351 -0.659 -0.407
-0.527 0.349 -0.657 -0.412
-0.528 0.346 -0.653 -0.418
0.529 -0.343 0.651 0.423
0.530 -0.340 0.648 0.429
0.532 -0.336 0.645 0.433
0.535 -0.331 0.643 0.438
0.538 -0.325 0.641 0.441
0.541 -0.319 0.638 0.445
0.545 -0.312 0.636 0.448
0.548 -0.306 0.634 0.451
0.551 -0.300 0.632 0.454
0.554 -0.294 0.630 0.458
0.556 -0.289 0.628 0.462
0.557 -0.285 0.625 0.467
0.559 -0.280 0.622 0.472
0.560 -0.275 0.619 0.477
0.561 -0.271 0.617 0.481
0.562 -0.267 0.614 0.486
0.563 -0.262 0.612 0.489
0.564 -0.258 0.610 0.493
0.565 -0.252 0.609 0.496
0.567 -0.247 0.607 0.499
0.569 -0.242 0.605 0.501
0.571 -0.237 0.604 0.503
0.573 -0.231 0.603 0.505
0.574 -0.227 0.602 0.507
0.575 -0.223 0.601 0.508
0.576 -0.219 0.600 0.510
0.577 -0.216 0.599 0.512
0.577 -0.214 0.597 0.514
0.577 -0.212 0.595 0.517
0.577 -0.212 0.593 0.520
0.577 -0.211 0.591 0.523
0.576 -0.212 0.589 0.525
0.576 -0.212 0.587 0.528
0.575 -0.213 0.585 0.530
0.575 -0.215 0.583 0.533
0.574 -0.217 0.580 0.536
0.573 -0.219 0.577 0.539
0.573 -0.221 0.574 0.542
0.572 -0.223 0.571 0.546
0.570 -0.225 0.568 0.549
0.569 -0.227 0.566 0.552
0.568 -0.229 0.564 0.554
0.567 -0.230 0.563 0.556
0.566 -0.231 0.562 0.557
0.566 -0.232 0.562 0.557
0.566 -0.233 0.561 0.557
0.566 -0.233 0.561 0.557
0.567 -0.233 0.561 0.556
0.568 -0.233 0.562 0.555
0.568 -0.234 0.562 0.554
0.568 -0.234 0.563 0.553
0.568 -0.234 0.564 0.552
0.568 -0.234 0.565 0.551
0.568 -0.234 0.566 0.550
0.568 -0.234 0.568 0.548
0.569 -0.233 0.570 0.546
0.569 -0.231 0.572 0.543
0.570 -0.230 0.575 0.541
0.571 -0.227 0.578 0.537
0.571 -0.225 0.581 0.534
0.572 -0.222 0.585 0.530
0.573 -0.219 0.588 0.527
0.574 -0.217 0.591 0.523
0.575 -0.215 0.594 0.520
0.576 -0.214 0.596 0.517
0.576 -0.214 0.597 0.516
0.576 -0.215 0.597 0.515
0.576 -0.217 0.597 0.514
0.576 -0.219 0.597 0.513
0.576 -0.221 0.597 0.513
0.576 -0.223 0.596 0.512
0.577 -0.225 0.596 0.512
0.577 -0.227 0.596 0.511
0.577 -0.229 0.596 0.510
0.577 -0.231 0.596 0.509
0.577 -0.233 0.595 0.508
0.577 -0.235 0.595 0.508
0.577 -0.238 0.595 0.507
0.577 -0.241 0.594 0.507
0.576 -0.244 0.593 0.507
0.576 -0.246 0.592 0.507
0.576 -0.249 0.592 0.507
0.575 -0.252 0.591 0.506
0.574 -0.254 0.591 0.506
0.573 -0.257 0.591 0.506
0.572 -0.259 0.591 0.506
0.571 -0.262 0.591 0.506
0.571 -0.265 0.591 0.506
0.570 -0.267 0.591 0.505
0.569 -0.269 0.591 0.504
0.569 -0.271 0.591 0.503
0.568 -0.274 0.592 0.501
0.568 -0.276 0.594 0.499
0.567 -0.278 0.595 0.497
0.566 -0.281 0.596 0.495
0.565 -0.284 0.597 0.493
0.564 -0.288 0.598 0.491
0.563 -0.292 0.599 0.489
0.562 -0.295 0.600 0.487
0.561 -0.299 0.601 0.484
0.560 -0.304 0.602 0.482
0.558 -0.308 0.603 0.479
0.557 -0.312 0.605 0.476
0.556 -0.317 0.606 0.473
0.554 -0.321 0.607 0.470
0.553 -0.325 0.609 0.467
0.551 -0.330 0.610 0.464
0.549 -0.335 0.612 0.461
0.546 -0.341 0.613 0.458
0.543 -0.347 0.614 0.455
0.540 -0.353 0.615 0.452
0.538 -0.359 0.616 0.449
0.537 -0.363 0.617 0.446
0.536 -0.367 0.619 0.442
0.536 -0.370 0.620 0.437
-0.536 0.372 -0.623 -0.432
-0.536 0.374 -0.626 -0.426
-0.536 0.375 -0.629 -0.420
-0.535 0.377 -0.632 -0.414
-0.535 0.378 -0.636 -0.408
-0.535 0.379 -0.639 -0.402
-0.534 0.381 -0.642 -0.397
-0.534 0.382 -0.644 -0.392
-0.534 0.383 -0.647 -0.386
-0.535 0.384 -0.650 -0.380
-0.534 0.385 -0.654 -0.373
-0.533 0.387 -0.657 -0.366
-0.532 0.390 -0.660 -0.360
-0.530 0.394 -0.660 -0.356
-0.529 0.399 -0.660 -0.354
-0.528 0.403 -0.660 -0.351
-0.528 0.406 -0.660 -0.347
-0.529 0.408 -0.661 -0.342
-0.529 0.409 -0.664 -0.335
-0.529 0.410 -0.666 -0.329
0.530 -0.411 0.668 0.322
0.531 -0.413 0.670 0.316
0.532 -0.414 0.671 0.309
0.533 -0.415 0.672 0.303
0.534 -0.416 0.673 0.296
0.536 -0.418 0.674 0.290
0.537 -0.418 0.676 0.283
0.538 -0.419 0.678 0.276
0.538 -0.419 0.680 0.268
0.540 -0.419 0.682 0.261
0.541 -0.419 0.684 0.253
0.542 -0.419 0.686 0.246
0.543 -0.419 0.687 0.239
0.543 -0.420 0.688 0.234
0.543 -0.421 0.690 0.229
0.542 -0.423 0.691 0.225
0.541 -0.424 0.692 0.221
0.539 -0.426 0.693 0.218
0.538 -0.428 0.694 0.216
0.535 -0.429 0.695 0.214
0.533 -0.431 0.696 0.213
0.531 -0.433 0.697 0.212
0.529 -0.434 0.699 0.210
0.527 -0.435 0.699 0.209
0.525 -0.437 0.700 0.208
0.525 -0.438 0.700 0.206
0.524 -0.438 0.701 0.204
0.524 -0.438 0.702 0.202
0.525 -0.437 0.703 0.199
0.526 -0.436 0.704 0.196
0.526 -0.434 0.705 0.193
0.527 -0.433 0.706 0.191
0.527 -0.432 0.707 0.188
0.527 -0.431 0.708 0.187
0.526 -0.431 0.709 0.186
0.525 -0.431 0.710 0.185
0.524 -0.431 0.711 0.184
0.523 -0.432 0.711 0.184
0.522 -0.433 0.712 0.184
0.521 -0.433 0.712 0.184
0.521 -0.434 0.712 0.184
0.521 -0.434 0.712 0.183
0.521 -0.434 0.712 0.183
0.521 -0.433 0.712 0.183
0.522 -0.433 0.712 0.184
0.522 -0.433 0.711 0.184
0.522 -0.433 0.711 0.186
0.523 -0.432 0.710 0.187
0.524 -0.432 0.710 0.188
0.525 -0.431 0.709 0.189
0.526 -0.429 0.709 0.191
0.527 -0.428 0.708 0.193
0.528 -0.426 0.708 0.195
0.529 -0.424 0.708 0.198
0.530 -0.422 0.707 0.201
0.530 -0.421 0.707 0.204
0.531 -0.419 0.707 0.208
0.531 -0.418 0.706 0.212
0.531 -0.417 0.705 0.217
0.530 -0.416 0.704 0.222
0.530 -0.415 0.703 0.228
0.530 -0.414 0.702 0.233
0.530 -0.412 0.701 0.239
0.530 -0.411 0.700 0.244
0.530 -0.409 0.699 0.250
0.530 -0.408 0.698 0.256
0.531 -0.406 0.696 0.262
0.531 -0.404 0.695 0.269
0.531 -0.402 0.693 0.276
0.531 -0.401 0.691 0.283
0.531 -0.398 0.689 0.290
0.531 -0.396 0.687 0.298
-0.531 0.394 -0.685 -0.306
-0.532 0.391 -0.683 -0.314
-0.532 0.389 -0.680 -0.322
-0.532 0.386 -0.678 -0.330
-0.532 0.383 -0.675 -0.338
-0.532 0.380 -0.673 -0.346
-0.533 0.376 -0.670 -0.355
-0.534 0.372 -0.667 -0.363
-0.535 0.368 -0.665 -0.371
-0.535 0.363 -0.662 -0.378
-0.536 0.358 -0.659 -0.386
-0.537 0.353 -0.657 -0.394
-0.538 0.348 -0.655 -0.401
-0.539 0.343 -0.652 -0.408
0.541 -0.337 0.650 0.415
0.542 -0.331 0.647 0.422
0.543 -0.325 0.645 0.428
0.544 -0.319 0.643 0.435
0.545 -0.314 0.640 0.441
0.546 -0.308 0.638 0.447
0.547 -0.302 0.636 0.453
0.548 -0.296 0.634 0.459
0.549 -0.291 0.631 0.464
0.550 -0.285 0.629 0.469
0.551 -0.279 0.627 0.474
0.552 -0.274 0.625 0.479
0.553 -0.269 0.623 0.483
0.554 -0.264 0.622 0.486
0.555 -0.259 0.620 0.490
0.556 -0.255 0.618 0.494
0.557 -0.252 0.616 0.497
0.557 -0.249 0.614 0.501
0.557 -0.246 0.612 0.504
0.558 -0.244 0.610 0.507
0.558 -0.242 0.608 0.511
0.557 -0.241 0.606 0.514
0.557 -0.241 0.604 0.517
0.556 -0.241 0.602 0.520
0.556 -0.241 0.599 0.523
0.555 -0.242 0.597 0.526
0.554 -0.243 0.595 0.530
0.553 -0.244 0.592 0.533
0.552 -0.246 0.589 0.536
0.551 -0.248 0.587 0.539
0.550 -0.250 0.584 0.542
0.549 -0.253 0.581 0.544
0.548 -0.255 0.579 0.547
0.547 -0.258 0.576 0.549
0.547 -0.261 0.574 0.552
0.546 -0.264 0.571 0.554
0.545 -0.267 0.568 0.556
0.544 -0.270 0.565 0.558
0.543 -0.273 0.562 0.560
0.542 -0.277 0.560 0.562
0.542 -0.280 0.556 0.564
0.541 -0.283 0.553 0.566
0.541 -0.286 0.550 0.568
0.541 -0.289 0.547 0.570
0.540 -0.292 0.544 0.572
0.540 -0.294 0.542 0.573
0.540 -0.295 0.540 0.574
0.540 -0.297 0.539 0.575
0.540 -0.298 0.537 0.576
0.539 -0.298 0.536 0.577
0.539 -0.299 0.535 0.578
0.539 -0.299 0.534 0.579
0.539 -0.299 0.533 0.580
0.539 -0.298 0.532 0.581
0.538 -0.298 0.532 0.582
0.538 -0.297 0.532 0.583
0.538 -0.296 0.531 0.583
0.538 -0.296 0.531 0.584
0.538 -0.295 0.531 0.585
0.538 -0.294 0.530 0.586
0.538 -0.293 0.530 0.586
0.538 -0.292 0.530 0.586
0.539 -0.292 0.530 0.587
0.539 -0.291 0.529 0.587
0.539 -0.291 0.529 0.588
0.539 -0.290 0.528 0.588
0.540 -0.290 0.528 0.588
0.540 -0.289 0.528 0.588
0.540 -0.289 0.527 0.589
0.541 -0.288 0.527 0.589
0.541 -0.287 0.528 0.589
0.541 -0.287 0.528 0.588
0.541 -0.286 0.529 0.588
0.542 -0.285 0.529 0.588
0.542 -0.285 0.530 0.587
0.542 -0.284 0.530 0.587
0.542 -0.284 0.530 0.586
0.542 -0.285 0.531 0.586
0.542 -0.285 0.531 0.585
0.542 -0.286 0.531 0.585
0.542 -0.287 0.532 0.585
0.541 -0.288 0.532 0.584
0.541 -0.289 0.532 0.584
0.541 -0.290 0.532 0.583
0.540 -0.292 0.532 0.583
0.540 -0.293 0.533 0.582
0.540 -0.295 0.533 0.581
0.540 -0.296 0.533 0.580
0.540 -0.297 0.534 0.580
0.540 -0.298 0.534 0.579
0.540 -0.299 0.534 0.577
0.540 -0.300 0.535 0.576
0.540 -0.301 0.536 0.575
0.540 -0.301 0.537 0.574
0.541 -0.302 0.538 0.572
0.541 -0.302 0.539 0.571
0.540 -0.303 0.540 0.570
0.540 -0.303 0.541 0.569
0.539 -0.305 0.542 0.568
0.539 -0.306 0.543 0.567
0.538 -0.308 0.543 0.567
0.537 -0.309 0.544 0.566
0.536 -0.311 0.544 0.565
0.536 -0.313 0.545 0.564
0.535 -0.314 0.546 0.563
0.536 -0.314 0.547 0.561
0.537 -0.314 0.549 0.559
0.538 -0.313 0.551 0.557
0.538 -0.312 0.553 0.555
0.539 -0.312 0.554 0.553
0.539 -0.312 0.555 0.551
0.539 -0.313 0.556 0.550
0.538 -0.313 0.558 0.549
0.538 -0.314 0.559 0.547
0.538 -0.315 0.560 0.545
0.539 -0.315 0.562 0.543
0.539 -0.315 0.564 0.541
0.539 -0.316 0.566 0.538
0.540 -0.316 0.568 0.535
0.540 -0.316 0.571 0.532
0.540 -0.317 0.573 0.529
0.541 -0.317 0.575 0.525
0.541 -0.318 0.578 0.522
0.541 -0.319 0.580 0.519
0.541 -0.321 0.582 0.515
0.541 -0.322 0.585 0.512
0.540 -0.323 0.587 0.508
0.540 -0.325 0.589 0.505
0.540 -0.327 0.591 0.502
0.539 -0.330 0.593 0.499
0.538 -0.333 0.595 0.496
0.537 -0.335 0.597 0.492
0.537 -0.338 0.599 0.488
0.537 -0.341 0.601 0.484
0.537 -0.343 0.603 0.480
0.537 -0.346 0.605 0.475
0.537 -0.349 0.607 0.470
0.538 -0.351 0.609 0.465
0.539 -0.353 0.611 0.460
0.539 -0.356 0.613 0.455
0.540 -0.357 0.615 0.449
0.540 -0.359 0.618 0.444
0.541 -0.361 0.620 0.439
0.541 -0.363 0.622 0.434
0.541 -0.364 0.625 0.429
-0.541 0.365 -0.628 -0.424
-0.542 0.366 -0.631 -0.418
-0.543 0.366 -0.634 -0.412
-0.544 0.366 -0.638 -0.405
-0.545 0.366 -0.640 -0.399
-0.546 0.366 -0.643 -0.392
-0.548 0.367 -0.646 -0.385
-0.549 0.367 -0.650 -0.376
-0.550 0.368 -0.654 -0.368
-0.551 0.369 -0.658 -0.358
-0.552 0.370 -0.660 -0.349
-0.553 0.372 -0.662 -0.341
-0.555 0.375 -0.663 -0.334
-0.556 0.378 -0.664 -0.328
-0.556 0.382 -0.665 -0.321
0.557 -0.385 0.667 0.313
0.556 -0.389 0.669 0.304
0.556 -0.391 0.671 0.295
0.556 -0.395 0.672 0.287
0.558 -0.397 0.673 0.281
0.559 -0.401 0.672 0.275
0.560 -0.403 0.672 0.269
0.561 -0.405 0.672 0.262
0.562 -0.406 0.674 0.255
0.563 -0.407 0.675 0.247
0.564 -0.408 0.677 0.240
0.564 -0.409 0.678 0.233
0.564 -0.409 0.680 0.227
0.564 -0.411 0.681 0.223
0.563 -0.413 0.682 0.218
0.562 -0.415 0.682 0.214
0.561 -0.417 0.683 0.211
0.560 -0.419 0.684 0.207
0.559 -0.421 0.685 0.204
0.557 -0.422 0.686 0.201
0.556 -0.424 0.687 0.198
0.555 -0.425 0.688 0.194
0.554 -0.427 0.689 0.192
0.552 -0.429 0.689 0.190
0.551 -0.430 0.690 0.188
0.550 -0.432 0.690 0.186
0.549 -0.433 0.691 0.185
0.549 -0.433 0.691 0.182
0.549 -0.433 0.691 0.180
0.550 -0.433 0.692 0.178
0.550 -0.432 0.693 0.175
0.551 -0.431 0.694 0.172
0.551 -0.430 0.695 0.169
0.552 -0.429 0.696 0.166
0.552 -0.428 0.697 0.164
0.552 -0.427 0.698 0.162
0.552 -0.426 0.698 0.160
0.551 -0.426 0.700 0.159
0.551 -0.425 0.701 0.157
0.550 -0.424 0.702 0.156
0.548 -0.424 0.704 0.155
0.547 -0.424 0.705 0.154
0.545 -0.425 0.706 0.154
0.543 -0.426 0.707 0.155
0.541 -0.427 0.707 0.156
0.540 -0.428 0.707 0.157
0.539 -0.428 0.707 0.158
0.539 -0.428 0.708 0.159
0.538 -0.428 0.708 0.160
0.538 -0.427 0.709 0.161
0.538 -0.426 0.709 0.162
0.538 -0.425 0.709 0.164
0.539 -0.423 0.709 0.166
0.540 -0.421 0.709 0.168
0.541 -0.418 0.710 0.170
0.541 -0.415 0.711 0.172
0.541 -0.413 0.711 0.175
0.540 -0.412 0.712 0.179
0.540 -0.411 0.711 0.184
0.540 -0.410 0.710 0.189
0.541 -0.409 0.709 0.195
0.542 -0.407 0.707 0.200
0.544 -0.405 0.706 0.205
0.545 -0.402 0.705 0.210
0.547 -0.398 0.705 0.215
0.548 -0.394 0.704 0.220
0.550 -0.390 0.703 0.225
0.551 -0.386 0.703 0.231
0.553 -0.382 0.702 0.238
0.554 -0.378 0.701 0.244
0.554 -0.374 0.700 0.252
0.554 -0.371 0.699 0.259
0.555 -0.367 0.698 0.266
0.555 -0.364 0.696 0.274
0.555 -0.360 0.695 0.282
-0.555 0.357 -0.693 -0.290
-0.555 0.354 -0.692 -0.298
-0.555 0.350 -0.690 -0.306
-0.555 0.347 -0.688 -0.314
-0.555 0.343 -0.687 -0.322
-0.555 0.339 -0.685 -0.330
-0.554 0.336 -0.682 -0.338
-0.554 0.333 -0.680 -0.346
-0.555 0.330 -0.677 -0.354
-0.555 0.326 -0.674 -0.362
-0.555 0.323 -0.671 -0.370
-0.555 0.320 -0.668 -0.378
0.556 -0.316 0.665 0.386
0.556 -0.313 0.662 0.393
0.556 -0.309 0.660 0.400
0.556 -0.306 0.657 0.407
0.556 -0.303 0.655 0.413
0.556 -0.300 0.652 0.420
0.555 -0.298 0.648 0.427
0.555 -0.296 0.644 0.435
0.555 -0.294 0.640 0.442
0.556 -0.292 0.636 0.449
0.556 -0.289 0.633 0.455
0.557 -0.285 0.630 0.461
0.557 -0.282 0.627 0.465
0.558 -0.278 0.625 0.470
0.559 -0.274 0.623 0.474
0.560 -0.270 0.621 0.477
0.561 -0.266 0.619 0.480
0.562 -0.263 0.617 0.483
0.563 -0.260 0.616 0.486
0.564 -0.258 0.614 0.489
0.564 -0.256 0.612 0.492
0.564 -0.255 0.610 0.495
0.564 -0.255 0.607 0.498
0.563 -0.256 0.605 0.502
0.562 -0.256 0.602 0.505
0.561 -0.257 0.600 0.509
0.560 -0.258 0.598 0.512
0.559 -0.259 0.596 0.515
0.558 -0.260 0.593 0.519
0.556 -0.261 0.591 0.522
0.555 -0.263 0.589 0.525
0.553 -0.264 0.587 0.528
0.551 -0.267 0.585 0.531
0.549 -0.269 0.583 0.535
0.547 -0.272 0.580 0.539
0.545 -0.275 0.577 0.543
0.542 -0.279 0.574 0.547
0.539 -0.282 0.570 0.552
0.537 -0.286 0.566 0.557
0.534 -0.290 0.562 0.562
0.531 -0.293 0.558 0.566
0.529 -0.296 0.555 0.570
0.526 -0.299 0.552 0.574
0.524 -0.302 0.549 0.577
0.523 -0.304 0.546 0.580
0.521 -0.306 0.543 0.583
0.520 -0.307 0.541 0.585
0.519 -0.307 0.539 0.587
0.519 -0.308 0.537 0.589
0.519 -0.308 0.535 0.591
0.519 -0.307 0.534 0.593
0.519 -0.306 0.532 0.595
0.518 -0.305 0.531 0.597
0.518 -0.304 0.530 0.599
0.519 -0.302 0.529 0.600
0.519 -0.300 0.529 0.601
0.519 -0.297 0.529 0.602
0.520 -0.294 0.529 0.602
0.521 -0.291 0.530 0.603
0.521 -0.289 0.530 0.604
0.522 -0.286 0.530 0.604
0.522 -0.284 0.530 0.604
0.523 -0.282 0.530 0.605
0.523 -0.281 0.530 0.605
0.524 -0.280 0.530 0.605
0.524 -0.279 0.530 0.605
0.525 -0.278 0.530 0.605
0.525 -0.278 0.530 0.605
0.526 -0.277 0.529 0.605
0.526 -0.277 0.529 0.605
0.527 -0.277 0.529 0.604
0.527 -0.277 0.530 0.604
0.528 -0.277 0.530 0.603
0.528 -0.277 0.531 0.602
0.528 -0.277 0.531 0.602
0.529 -0.278 0.531 0.601
0.529 -0.279 0.531 0.600
0.529 -0.280 0.532 0.599
0.529 -0.281 0.532 0.598
0.530 -0.282 0.533 0.597
0.530 -0.284 0.533 0.595
0.530 -0.285 0.534 0.594
0.530 -0.287 0.534 0.593
0.529 -0.289 0.535 0.592
0.529 -0.292 0.535 0.591
0.528 -0.295 0.534 0.591
0.527 -0.297 0.534 0.590
0.527 -0.300 0.534 0.590
0.526 -0.303 0.533 0.589
0.526 -0.305 0.533 0.588
0.526 -0.306 0.533 0.588
0.526 -0.308 0.533 0.586
0.527 -0.308 0.534 0.585
0.527 -0.308 0.536 0.583
0.528 -0.308 0.537 0.582
0.528 -0.307 0.538 0.580
0.528 -0.307 0.539 0.579
0.528 -0.308 0.540 0.579
0.527 -0.309 0.540 0.579
0.526 -0.310 0.540 0.579
0.525 -0.312 0.539 0.580
0.524 -0.314 0.537 0.582
0.523 -0.316 0.535 0.583
0.522 -0.318 0.534 0.584
0.521 -0.320 0.532 0.585
0.521 -0.321 0.531 0.586
0.521 -0.322 0.529 0.587
0.521 -0.322 0.528 0.588
0.522 -0.322 0.527 0.588
0.523 -0.322 0.526 0.588
0.524 -0.321 0.526 0.588
0.526 -0.320 0.526 0.588
0.528 -0.318 0.526 0.587
0.530 -0.315 0.527 0.585
0.532 -0.312 0.528 0.584
0.534 -0.309 0.529 0.583
0.536 -0.307 0.530 0.581
0.538 -0.304 0.531 0.580
0.540 -0.301 0.532 0.578
0.542 -0.299 0.533 0.577
0.543 -0.298 0.533 0.577
0.544 -0.296 0.533 0.576
0.545 -0.295 0.533 0.576
0.545 -0.294 0.533 0.576
0.545 -0.293 0.533 0.576
0.545 -0.292 0.534 0.577
0.545 -0.292 0.534 0.578
0.544 -0.291 0.534 0.578
0.543 -0.291 0.534 0.579
0.542 -0.291 0.534 0.580
0.541 -0.291 0.534 0.581
0.540 -0.292 0.533 0.582
0.539 -0.292 0.533 0.583
0.538 -0.293 0.533 0.583
0.537 -0.294 0.533 0.584
0.536 -0.295 0.533 0.585
0.535 -0.296 0.533 0.585
0.534 -0.298 0.533 0.585
0.534 -0.299 0.533 0.585
0.533 -0.300 0.533 0.585
0.532 -0.301 0.533 0.585
0.532 -0.302 0.533 0.585
0.531 -0.303 0.532 0.585
0.530 -0.305 0.532 0.585
0.530 -0.306 0.532 0.585
0.529 -0.307 0.533 0.585
0.528 -0.307 0.533 0.585
0.528 -0.308 0.533 0.585
0.527 -0.309 0.533 0.585
0.527 -0.309 0.533 0.585
0.527 -0.310 0.533 0.585
0.526 -0.311 0.533 0.585
0.526 -0.312 0.533 0.585
0.525 -0.313 0.533 0.585
0.525 -0.314 0.533 0.585
0.525 -0.315 0.533 0.585
0.524 -0.316 0.533 0.585
0.524 -0.317 0.532 0.585
0.524 -0.318 0.532 0.585
0.523 -0.318 0.532 0.584
0.523 -0.319 0.532 0.584
0.523 -0.320 0.532 0.584
0.523 -0.321 0.532 0.584
0.523 -0.322 0.531 0.584
0.522 -0.323 0.531 0.584
0.522 -0.323 0.530 0.584
0.522 -0.324 0.530 0.584
0.522 -0.325 0.530 0.584
0.522 -0.325 0.530 0.584
0.523 -0.325 0.530 0.584
0.523 -0.325 0.530 0.583
0.523 -0.325 0.530 0.583
0.524 -0.324 0.530 0.582
0.524 -0.324 0.531 0.582
0.524 -0.324 0.531 0.582
0.524 -0.324 0.531 0.582
0.524 -0.324 0.531 0.582
0.524 -0.324 0.531 0.582
0.523 -0.324 0.531 0.582
0.523 -0.324 0.532 0.582
0.523 -0.324 0.532 0.582
0.522 -0.324 0.532 0.583
0.522 -0.325 0.532 0.583
0.521 -0.325 0.532 0.583
0.520 -0.326 0.532 0.583
0.520 -0.326 0.532 0.584
0.519 -0.327 0.531 0.584
0.518 -0.328 0.531 0.585
0.517 -0.329 0.531 0.585
0.517 -0.330 0.531 0.585
0.516 -0.331 0.530 0.586
0.515 -0.332 0.530 0.586
0.514 -0.333 0.530 0.587
0.512 -0.334 0.529 0.588
0.511 -0.335 0.529 0.589
0.510 -0.336 0.529 0.589
0.510 -0.336 0.529 0.590
0.509 -0.336 0.530 0.589
0.509 -0.336 0.530 0.589
0.509 -0.336 0.531 0.588
0.509 -0.336 0.532 0.588
0.509 -0.336 0.532 0.588
0.508 -0.337 0.532 0.588
0.508 -0.337 0.531 0.588
0.507 -0.338 0.531 0.589
0.507 -0.339 0.531 0.588
0.507 -0.339 0.531 0.588
0.507 -0.339 0.532 0.587
0.507 -0.339 0.533 0.586
0.507 -0.339 0.534 0.585
0.508 -0.339 0.535 0.584
0.508 -0.339 0.536 0.584
0.507 -0.339 0.536 0.583
0.507 -0.340 0.535 0.583
0.507 -0.341 0.535 0.583
0.507 -0.342 0.535 0.583
0.507 -0.342 0.535 0.582
0.508 -0.342 0.535 0.582
0.508 -0.344 0.534 0.582
0.507 -0.346 0.532 0.583
0.506 -0.349 0.530 0.585
0.505 -0.351 0.528 0.586
0.504 -0.353 0.526 0.587
0.503 -0.356 0.525 0.587
0.502 -0.357 0.524 0.588
0.502 -0.360 0.522 0.589
0.501 -0.362 0.520 0.590
0.500 -0.365 0.518 0.591
0.498 -0.368 0.515 0.593
0.496 -0.372 0.511 0.595
0.494 -0.376 0.506 0.598
0.492 -0.381 0.501 0.602
0.490 -0.385 0.497 0.604
0.487 -0.389 0.492 0.607
0.485 -0.394 0.487 0.611
0.481 -0.400 0.480 0.615
0.477 -0.407 0.471 0.620
0.472 -0.415 0.461 0.626
0.467 -0.423 0.449 0.633
0.461 -0.433 0.435 0.641
0.456 -0.442 0.421 0.648
0.451 -0.450 0.407 0.655
0.447 -0.457 0.391 0.662
0.444 -0.464 0.374 0.669
0.442 -0.469 0.356 0.677
0.440 -0.473 0.338 0.684
0.439 -0.476 0.320 0.691
0.439 -0.480 0.299 0.699
0.439 -0.482 0.276 0.706
0.440 -0.483 0.251 0.714
0.444 -0.482 0.225 0.721
0.449 -0.479 0.198 0.728
0.456 -0.475 0.173 0.733
0.465 -0.469 0.147 0.737
0.476 -0.460 0.123 0.740
0.487 -0.450 0.097 0.742
0.499 -0.439 0.073 0.744
0.512 -0.425 0.048 0.745
0.526 -0.411 0.024 0.745
0.539 -0.394 -0.001 0.744
0.553 -0.377 -0.024 0.743
0.566 -0.359 -0.048 0.741
0.579 -0.339 -0.072 0.738
0.591 -0.319 -0.095 0.734
0.603 -0.299 -0.119 0.730
0.615 -0.277 -0.142 0.725
0.626 -0.254 -0.164 0.719
0.636 -0.230 -0.187 0.713
0.645 -0.206 -0.209 0.706
0.653 -0.183 -0.232 0.698
0.660 -0.158 -0.254 0.689
0.666 -0.132 -0.274 0.681
0.671 -0.104 -0.292 0.673
0.674 -0.077 -0.309 0.666
0.676 -0.050 -0.325 0.659
0.677 -0.023 -0.340 0.652
0.677 0.003 -0.355 0.645
0.676 0.028 -0.370 0.637
0.674 0.050 -0.386 0.628
0.672 0.071 -0.401 0.619
0.669 0.094 -0.414 0.610
0.665 0.116 -0.426 0.602
0.661 0.139 -0.436 0.594
0.656 0.161 -0.446 0.587
0.651 0.181 -0.457 0.579
0.646 0.199 -0.467 0.571
0.640 0.217 -0.476 0.563
0.633 0.234 -0.485 0.556
0.627 0.252 -0.493 0.548
0.619 0.269 -0.499 0.543
0.611 0.288 -0.504 0.538
0.600 0.308 -0.509 0.535
0.589 0.327 -0.514 0.531
0.578 0.345 -0.519 0.527
0.567 0.360 -0.525 0.523
0.557 0.375 -0.531 0.518
0.547 0.387 -0.537 0.513
0.538 0.399 -0.542 0.508
0.529 0.410 -0.547 0.503
0.519 0.421 -0.551 0.499
0.509 0.432 -0.557 0.494
-0.499 -0.441 0.562 -0.490
-0.489 -0.450 0.567 -0.486
-0.480 -0.458 0.571 -0.483
-0.472 -0.466 0.573 -0.481
-0.466 -0.471 0.576 -0.479
-0.461 -0.474 0.579 -0.476
-0.458 -0.476 0.583 -0.473
-0.456 -0.477 0.585 -0.472
-0.453 -0.477 0.587 -0.472
-0.451 -0.478 0.588 -0.472
-0.450 -0.477 0.588 -0.474
-0.450 -0.474 0.586 -0.478
-0.451 -0.471 0.584 -0.483
-0.453 -0.466 0.582 -0.489
-0.457 -0.459 0.580 -0.494
-0.461 -0.451 0.577 -0.501
-0.466 -0.442 0.575 -0.507
-0.471 -0.431 0.572 -0.515
0.477 0.420 -0.568 0.523
0.484 0.407 -0.564 0.532
0.491 0.392 -0.559 0.541
0.497 0.377 -0.553 0.552
0.504 0.361 -0.545 0.565
0.510 0.345 -0.534 0.579
0.517 0.328 -0.522 0.594
0.524 0.310 -0.509 0.609
0.531 0.290 -0.494 0.625
0.539 0.269 -0.477 0.640
0.548 0.246 -0.459 0.655
0.557 0.222 -0.440 0.669
0.566 0.195 -0.420 0.682
0.576 0.165 -0.400 0.694
0.586 0.133 -0.377 0.705
0.595 0.101 -0.351 0.716
0.602 0.073 -0.322 0.727
0.607 0.048 -0.290 0.738
0.612 0.022 -0.259 0.747
0.616 -0.004 -0.225 0.755
0.620 -0.031 -0.188 0.761
0.623 -0.059 -0.150 0.766
0.624 -0.085 -0.115 0.769
0.623 -0.109 -0.083 0.770
0.623 -0.134 -0.051 0.769
0.621 -0.159 -0.019 0.767
0.619 -0.187 0.010 0.763
0.613 -0.217 0.035 0.759
0.605 -0.249 0.055 0.754
0.597 -0.277 0.074 0.750
0.588 -0.301 0.096 0.744
0.581 -0.322 0.122 0.737
0.574 -0.341 0.149 0.729
0.567 -0.361 0.174 0.720
0.556 -0.383 0.191 0.713
0.544 -0.405 0.202 0.706
0.534 -0.425 0.214 0.699
0.527 -0.441 0.228 0.690
0.523 -0.452 0.247 0.679
0.524 -0.457 0.270 0.666
0.527 -0.458 0.295 0.652
0.534 -0.454 0.322 0.636
0.545 -0.445 0.349 0.619
0.557 -0.433 0.376 0.601
0.568 -0.420 0.401 0.583
0.578 -0.407 0.423 0.566
0.586 -0.396 0.443 0.551
0.593 -0.385 0.459 0.538
0.598 -0.374 0.475 0.527
0.602 -0.364 0.488 0.517
0.605 -0.354 0.501 0.508
0.606 -0.347 0.512 0.501
0.607 -0.341 0.521 0.494
0.607 -0.334 0.530 0.489
0.609 -0.328 0.538 0.482
0.612 -0.319 0.546 0.475
0.616 -0.309 0.555 0.467
0.619 -0.297 0.565 0.457
0.624 -0.284 0.576 0.446
0.628 -0.270 0.586 0.434
0.631 -0.258 0.596 0.424
0.633 -0.249 0.604 0.415
0.633 -0.242 0.611 0.408
0.633 -0.238 0.616 0.404
0.631 -0.235 0.621 0.402
0.629 -0.234 0.624 0.401
0.626 -0.234 0.626 0.402
0.623 -0.235 0.628 0.403
0.620 -0.238 0.627 0.407
0.617 -0.242 0.625 0.411
0.616 -0.247 0.622 0.416
0.616 -0.249 0.620 0.417
0.617 -0.251 0.617 0.419
0.616 -0.256 0.611 0.425
0.614 -0.264 0.604 0.434
0.611 -0.273 0.596 0.444
0.608 -0.282 0.588 0.454
0.604 -0.292 0.577 0.465
0.601 -0.302 0.565 0.478
0.598 -0.313 0.551 0.491
0.594 -0.325 0.535 0.505
0.591 -0.337 0.516 0.521
0.588 -0.348 0.494 0.538
0.584 -0.359 0.470 0.555
0.582 -0.368 0.444 0.573
0.581 -0.372 0.418 0.591
0.583 -0.372 0.392 0.606
0.587 -0.367 0.368 0.620
0.593 -0.358 0.345 0.633
0.600 -0.345 0.322 0.645
0.608 -0.329 0.301 0.657
0.617 -0.309 0.280 0.667
0.625 -0.288 0.259 0.678
0.633 -0.267 0.236 0.687
0.640 -0.246 0.212 0.696
0.646 -0.226 0.186 0.705
0.652 -0.207 0.158 0.712
0.657 -0.190 0.128 0.719
0.661 -0.172 0.098 0.724
0.665 -0.154 0.068 0.727
0.669 -0.136 0.037 0.729
0.673 -0.118 0.007 0.730
0.676 -0.101 -0.023 0.730
0.678 -0.082 -0.052 0.729
0.680 -0.061 -0.078 0.727
0.681 -0.040 -0.104 0.724
0.681 -0.016 -0.128 0.721
0.679 0.008 -0.151 0.718
0.677 0.031 -0.173 0.715
0.673 0.052 -0.196 0.711
0.670 0.072 -0.219 0.706
0.666 0.091 -0.242 0.700
0.660 0.111 -0.264 0.694
0.654 0.133 -0.284 0.689
0.647 0.154 -0.303 0.683
0.640 0.172 -0.323 0.676
0.633 0.187 -0.344 0.668
0.627 0.201 -0.364 0.659
0.620 0.215 -0.383 0.650
0.613 0.230 -0.401 0.641
0.605 0.246 -0.417 0.632
0.596 0.263 -0.432 0.624
0.586 0.280 -0.445 0.617
0.575 0.298 -0.457 0.610
0.564 0.315 -0.468 0.602
0.554 0.331 -0.480 0.594
0.546 0.344 -0.491 0.585
0.538 0.355 -0.502 0.577
0.530 0.366 -0.512 0.569
0.520 0.381 -0.519 0.562
0.508 0.397 -0.526 0.556
0.496 0.411 -0.532 0.549
0.485 0.423 -0.539 0.543
0.475 0.434 -0.546 0.537
0.465 0.444 -0.551 0.531
-0.456 -0.453 0.556 -0.527
-0.448 -0.461 0.559 -0.523
-0.442 -0.468 0.563 -0.519
-0.437 -0.472 0.567 -0.515
-0.434 -0.475 0.571 -0.511
-0.431 -0.476 0.575 -0.506
-0.430 -0.477 0.579 -0.503
-0.429 -0.477 0.582 -0.500
-0.428 -0.477 0.584 -0.498
-0.429 -0.476 0.584 -0.498
-0.430 -0.474 0.585 -0.498
-0.433 -0.472 0.585 -0.498
-0.436 -0.468 0.586 -0.498
-0.440 -0.464 0.586 -0.498
-0.444 -0.460 0.586 -0.499
-0.447 -0.456 0.585 -0.500
-0.451 -0.452 0.584 -0.501
-0.455 -0.447 0.583 -0.503
-0.459 -0.443 0.582 -0.505
-0.462 -0.438 0.582 -0.505
-0.466 -0.433 0.582 -0.506
-0.469 -0.429 0.582 -0.507
-0.472 -0.425 0.582 -0.508
-0.474 -0.420 0.582 -0.510
0.476 0.417 -0.581 0.512
0.476 0.416 -0.578 0.515
0.476 0.416 -0.575 0.520
0.475 0.416 -0.571 0.525
0.474 0.416 -0.566 0.530
0.473 0.417 -0.561 0.536
0.471 0.417 -0.556 0.543
0.470 0.417 -0.551 0.550
0.469 0.416 -0.545 0.557
0.468 0.413 -0.538 0.566
0.469 0.408 -0.530 0.576
0.472 0.401 -0.522 0.586
0.475 0.392 -0.515 0.596
0.479 0.381 -0.507 0.606
0.483 0.369 -0.500 0.617
0.487 0.356 -0.493 0.627
0.491 0.342 -0.484 0.638
0.495 0.328 -0.475 0.649
0.499 0.313 -0.463 0.662
0.504 0.297 -0.450 0.675
0.508 0.281 -0.435 0.688
0.513 0.263 -0.419 0.702
0.519 0.242 -0.401 0.715
0.526 0.220 -0.382 0.728
0.532 0.198 -0.360 0.740
0.538 0.176 -0.336 0.753
0.544 0.154 -0.310 0.764
0.550 0.131 -0.284 0.774
0.557 0.107 -0.258 0.783
0.562 0.085 -0.228 0.790
0.567 0.065 -0.195 0.798
0.571 0.045 -0.157 0.805
0.573 0.022 -0.118 0.811
0.575 -0.006 -0.086 0.814
0.577 -0.033 -0.058 0.814
0.580 -0.059 -0.031 0.812
0.581 -0.085 -0.006 0.809
0.582 -0.111 0.019 0.805
0.582 -0.137 0.043 0.800
0.581 -0.166 0.064 0.794
0.579 -0.195 0.083 0.787
0.577 -0.219 0.102 0.780
0.575 -0.237 0.126 0.773
0.575 -0.252 0.151 0.764
0.573 -0.269 0.176 0.754
0.570 -0.291 0.197 0.743
0.564 -0.316 0.214 0.732
0.557 -0.342 0.229 0.722
0.549 -0.365 0.241 0.712
0.544 -0.384 0.256 0.701
0.539 -0.399 0.272 0.690
0.536 -0.412 0.290 0.678
0.534 -0.421 0.310 0.665
0.533 -0.427 0.330 0.652
0.533 -0.431 0.351 0.638
0.534 -0.432 0.371 0.625
0.535 -0.431 0.391 0.612
0.537 -0.428 0.411 0.600
0.539 -0.423 0.430 0.588
0.541 -0.418 0.449 0.576
0.543 -0.411 0.466 0.565
0.545 -0.405 0.482 0.554
0.545 -0.400 0.496 0.545
0.546 -0.396 0.509 0.536
0.546 -0.391 0.520 0.528
0.546 -0.386 0.530 0.521
0.547 -0.380 0.540 0.514
0.554 -0.367 0.552 0.504
0.566 -0.343 0.572 0.484
0.582 -0.314 0.593 0.459
0.599 -0.283 0.611 0.434
0.613 -0.257 0.624 0.412
0.618 -0.248 0.629 0.403
0.617 -0.248 0.629 0.403
0.613 -0.254 0.627 0.408
0.608 -0.264 0.623 0.416
0.604 -0.273 0.618 0.422
0.603 -0.276 0.616 0.425
0.604 -0.276 0.615 0.425
0.604 -0.277 0.614 0.426
0.604 -0.279 0.613 0.427
0.602 -0.282 0.611 0.429
0.601 -0.285 0.609 0.433
0.598 -0.290 0.606 0.437
0.595 -0.295 0.603 0.442
0.592 -0.301 0.599 0.447
0.589 -0.305 0.596 0.452
0.587 -0.309 0.594 0.456
0.585 -0.312 0.592 0.458
0.584 -0.313 0.592 0.458
0.584 -0.313 0.592 0.458
0.585 -0.312 0.592 0.458
0.585 -0.312 0.593 0.457
0.585 -0.313 0.593 0.457
0.584 -0.315 0.592 0.458
0.583 -0.317 0.591 0.459
0.581 -0.321 0.589 0.462
0.579 -0.324 0.587 0.464
0.577 -0.328 0.584 0.467
0.575 -0.333 0.580 0.471
0.573 -0.338 0.576 0.475
0.570 -0.345 0.570 0.481
0.566 -0.354 0.562 0.489
0.560 -0.364 0.552 0.499
0.554 -0.375 0.540 0.511
0.548 -0.386 0.528 0.522
0.540 -0.397 0.515 0.534
0.534 -0.407 0.501 0.547
0.529 -0.414 0.487 0.559
0.524 -0.421 0.471 0.570
0.522 -0.426 0.456 0.582
0.521 -0.427 0.440 0.593
0.523 -0.425 0.427 0.603
0.527 -0.419 0.415 0.612
0.533 -0.411 0.404 0.620
0.539 -0.402 0.392 0.628
0.545 -0.393 0.378 0.636
0.551 -0.385 0.362 0.646
0.557 -0.377 0.344 0.656
0.562 -0.370 0.323 0.666
0.567 -0.363 0.300 0.676
0.572 -0.356 0.276 0.685
0.577 -0.348 0.251 0.695
0.583 -0.339 0.226 0.703
0.589 -0.328 0.202 0.711
0.595 -0.315 0.179 0.717
0.602 -0.300 0.156 0.723
0.609 -0.284 0.136 0.728
0.617 -0.265 0.116 0.732
0.624 -0.245 0.097 0.736
0.631 -0.224 0.078 0.739
0.637 -0.204 0.058 0.741
0.642 -0.184 0.037 0.744
0.646 -0.165 0.014 0.745
0.651 -0.147 -0.008 0.745
0.654 -0.128 -0.031 0.745
0.658 -0.109 -0.054 0.743
0.660 -0.090 -0.077 0.742
0.663 -0.070 -0.099 0.739
0.665 -0.051 -0.122 0.735
0.666 -0.031 -0.144 0.731
0.667 -0.009 -0.165 0.727
0.667 0.012 -0.186 0.722
0.666 0.036 -0.205 0.717
0.663 0.060 -0.224 0.712
0.660 0.083 -0.241 0.706
0.656 0.106 -0.259 0.701
0.652 0.127 -0.277 0.695
0.647 0.146 -0.294 0.688
0.641 0.165 -0.312 0.681
0.635 0.184 -0.329 0.674
0.629 0.203 -0.346 0.666
0.622 0.220 -0.363 0.658
0.615 0.236 -0.379 0.649
0.609 0.251 -0.395 0.641
0.602 0.264 -0.410 0.632
0.596 0.276 -0.426 0.622
0.590 0.288 -0.441 0.612
0.584 0.301 -0.454 0.602
0.577 0.314 -0.466 0.593
0.569 0.328 -0.477 0.584
0.561 0.341 -0.486 0.576
0.554 0.354 -0.496 0.568
0.546 0.366 -0.505 0.560
0.537 0.378 -0.514 0.552
0.527 0.392 -0.522 0.545
0.515 0.407 -0.528 0.539
0.504 0.421 -0.533 0.533
0.494 0.433 -0.539 0.527
0.486 0.443 -0.545 0.520
-0.478 -0.451 0.552 -0.513
-0.469 -0.460 0.558 -0.507
-0.458 -0.469 0.565 -0.501
-0.446 -0.479 0.571 -0.496
-0.435 -0.487 0.575 -0.494
-0.426 -0.494 0.577 -0.492
-0.420 -0.497 0.580 -0.490
-0.415 -0.500 0.584 -0.487
-0.410 -0.501 0.588 -0.485
-0.407 -0.501 0.592 -0.482
-0.406 -0.498 0.597 -0.480
-0.407 -0.495 0.600 -0.479
-0.410 -0.490 0.603 -0.478
-0.414 -0.484 0.606 -0.476
-0.418 -0.479 0.609 -0.475
-0.422 -0.474 0.610 -0.474
-0.426 -0.469 0.611 -0.475
-0.430 -0.465 0.610 -0.477
-0.432 -0.461 0.609 -0.479
-0.435 -0.458 0.608 -0.481
-0.438 -0.455 0.607 -0.483
-0.442 -0.451 0.605 -0.484
-0.446 -0.447 0.604 -0.486
-0.450 -0.444 0.602 -0.488
-0.453 -0.441 0.600 -0.490
-0.456 -0.439 0.598 -0.493
-0.458 -0.437 0.595 -0.496
-0.460 -0.435 0.592 -0.499
-0.463 -0.432 0.589 -0.503
-0.466 -0.428 0.585 -0.506
-0.471 -0.424 0.583 -0.509
-0.475 -0.419 0.581 -0.511
0.480 0.413 -0.579 0.513
0.485 0.408 -0.577 0.515
0.489 0.403 -0.575 0.517
0.492 0.399 -0.572 0.520
0.496 0.395 -0.569 0.524
0.500 0.390 -0.565 0.527
0.505 0.384 -0.562 0.531
0.510 0.378 -0.558 0.534
0.514 0.373 -0.554 0.538
0.519 0.367 -0.550 0.542
0.523 0.361 -0.545 0.547
0.526 0.356 -0.540 0.552
0.529 0.350 -0.535 0.557
0.531 0.345 -0.530 0.564
0.534 0.339 -0.523 0.571
0.538 0.332 -0.516 0.578
0.542 0.323 -0.510 0.585
0.547 0.313 -0.503 0.591
0.553 0.302 -0.495 0.599
0.558 0.290 -0.487 0.606
0.563 0.279 -0.479 0.613
0.567 0.267 -0.470 0.621
0.572 0.255 -0.460 0.629
0.576 0.242 -0.451 0.637
0.581 0.229 -0.440 0.645
0.586 0.215 -0.428 0.654
0.590 0.201 -0.414 0.664
0.593 0.189 -0.398 0.674
0.596 0.177 -0.381 0.684
0.600 0.161 -0.365 0.694
0.604 0.143 -0.349 0.702
0.608 0.125 -0.333 0.710
0.611 0.109 -0.315 0.718
0.611 0.097 -0.295 0.728
0.612 0.087 -0.272 0.737
0.613 0.078 -0.248 0.746
0.614 0.066 -0.223 0.754
0.615 0.052 -0.201 0.760
0.616 0.036 -0.180 0.766
0.615 0.020 -0.161 0.771
0.614 0.002 -0.143 0.777
0.612 -0.017 -0.124 0.781
0.610 -0.038 -0.106 0.784
0.608 -0.061 -0.089 0.787
0.606 -0.081 -0.070 0.788
0.605 -0.098 -0.049 0.789
0.602 -0.112 -0.026 0.790
0.599 -0.126 -0.004 0.791
0.595 -0.143 0.017 0.791
0.590 -0.162 0.035 0.790
0.584 -0.185 0.050 0.789
0.578 -0.207 0.063 0.787
0.573 -0.226 0.078 0.784
0.568 -0.242 0.095 0.781
0.563 -0.256 0.112 0.778
0.558 -0.270 0.129 0.774
0.553 -0.285 0.145 0.769
0.547 -0.300 0.161 0.764
0.542 -0.315 0.178 0.759
0.537 -0.328 0.195 0.752
0.535 -0.337 0.214 0.745
0.535 -0.341 0.237 0.736
0.537 -0.344 0.260 0.726
0.539 -0.344 0.284 0.714
0.543 -0.344 0.308 0.701
0.547 -0.345 0.332 0.687
0.550 -0.345 0.354 0.673
0.553 -0.346 0.377 0.658
0.556 -0.345 0.398 0.643
0.559 -0.344 0.418 0.628
0.561 -0.341 0.438 0.614
0.564 -0.337 0.457 0.600
0.566 -0.331 0.476 0.586
0.569 -0.325 0.494 0.572
0.572 -0.317 0.510 0.558
0.575 -0.311 0.526 0.545
0.577 -0.305 0.539 0.533
0.578 -0.300 0.551 0.522
0.579 -0.296 0.561 0.511
0.580 -0.293 0.571 0.502
0.581 -0.290 0.579 0.494
0.582 -0.288 0.586 0.486
0.582 -0.286 0.592 0.478
0.583 -0.284 0.598 0.472
0.584 -0.282 0.602 0.466
0.584 -0.281 0.606 0.461
0.585 -0.281 0.608 0.457
0.588 -0.276 0.613 0.451
0.594 -0.266 0.620 0.439
0.600 -0.255 0.626 0.428
0.605 -0.247 0.630 0.420
0.607 -0.242 0.633 0.415
0.609 -0.239 0.634 0.413
0.609 -0.238 0.635 0.411
0.611 -0.235 0.636 0.409
0.612 -0.233 0.637 0.407
0.612 -0.230 0.639 0.405
0.613 -0.228 0.640 0.403
0.612 -0.228 0.641 0.403
0.612 -0.228 0.641 0.403
0.612 -0.228 0.641 0.403
0.611 -0.230 0.640 0.404
0.610 -0.232 0.640 0.405
0.610 -0.235 0.638 0.407
0.609 -0.239 0.636 0.410
0.608 -0.244 0.633 0.413
0.606 -0.250 0.628 0.419
0.603 -0.258 0.623 0.426
0.601 -0.266 0.617 0.433
0.599 -0.274 0.611 0.440
0.597 -0.281 0.604 0.447
0.595 -0.288 0.597 0.454
0.593 -0.295 0.590 0.462
0.590 -0.302 0.583 0.470
0.588 -0.308 0.576 0.478
0.586 -0.314 0.568 0.485
0.584 -0.318 0.562 0.491
0.584 -0.320 0.557 0.496
0.585 -0.320 0.553 0.500
0.586 -0.319 0.549 0.503
0.588 -0.316 0.547 0.506
0.589 -0.313 0.544 0.508
0.591 -0.310 0.542 0.511
0.593 -0.307 0.539 0.513
0.595 -0.303 0.538 0.515
0.597 -0.299 0.536 0.516
0.600 -0.295 0.535 0.517
0.602 -0.290 0.533 0.519
0.605 -0.286 0.531 0.520
0.607 -0.281 0.529 0.522
0.609 -0.277 0.526 0.524
0.611 -0.273 0.524 0.527
0.614 -0.268 0.521 0.529
0.616 -0.262 0.519 0.531
0.619 -0.256 0.518 0.532
0.622 -0.248 0.518 0.533
0.624 -0.241 0.518 0.533
0.626 -0.233 0.519 0.533
0.628 -0.227 0.520 0.533
0.629 -0.222 0.520 0.534
0.630 -0.218 0.519 0.535
0.631 -0.215 0.518 0.536
0.632 -0.213 0.516 0.537
0.633 -0.211 0.515 0.538
0.634 -0.209 0.514 0.538
0.635 -0.208 0.514 0.538
0.636 -0.207 0.513 0.538
0.636 -0.208 0.512 0.538
0.636 -0.208 0.512 0.538
0.636 -0.209 0.512 0.537
0.636 -0.211 0.513 0.537
0.635 -0.213 0.514 0.536
0.634 -0.216 0.514 0.535
0.633 -0.220 0.514 0.535
0.631 -0.225 0.514 0.535
0.629 -0.231 0.513 0.536
0.627 -0.239 0.511 0.538
0.624 -0.247 0.509 0.539
0.621 -0.256 0.506 0.541
0.618 -0.266 0.503 0.543
0.614 -0.276 0.499 0.546
0.611 -0.285 0.495 0.548
0.607 -0.294 0.491 0.551
0.604 -0.302 0.487 0.554
0.601 -0.309 0.484 0.556
0.599 -0.315 0.482 0.557
0.597 -0.319 0.481 0.557
0.595 -0.323 0.481 0.557
0.594 -0.325 0.481 0.557
0.594 -0.327 0.480 0.556
0.595 -0.327 0.481 0.555
0.596 -0.326 0.481 0.554
0.599 -0.324 0.482 0.552
0.601 -0.321 0.483 0.549
0.604 -0.317 0.485 0.546
0.608 -0.313 0.488 0.543
0.611 -0.309 0.490 0.540
0.614 -0.304 0.493 0.537
0.617 -0.299 0.496 0.534
0.619 -0.295 0.498 0.531
0.621 -0.291 0.500 0.529
0.622 -0.289 0.501 0.528
0.623 -0.288 0.502 0.526
0.624 -0.287 0.503 0.525
0.624 -0.287 0.504 0.524
0.624 -0.287 0.504 0.523
0.625 -0.288 0.504 0.522
0.626 -0.288 0.505 0.520
0.627 -0.288 0.505 0.518
0.628 -0.288 0.506 0.516
0.630 -0.287 0.507 0.513
0.632 -0.286 0.509 0.510
0.634 -0.284 0.511 0.506
0.636 -0.282 0.513 0.503
0.638 -0.280 0.515 0.499
0.639 -0.279 0.517 0.496
0.641 -0.278 0.518 0.494
0.642 -0.277 0.519 0.491
0.643 -0.276 0.521 0.489
0.644 -0.274 0.522 0.487
0.645 -0.273 0.524 0.484
0.647 -0.272 0.525 0.481
0.648 -0.271 0.527 0.479
0.649 -0.271 0.527 0.477
0.650 -0.271 0.527 0.475
0.651 -0.271 0.527 0.474
0.652 -0.271 0.527 0.473
0.654 -0.270 0.527 0.471
0.656 -0.268 0.527 0.469
0.658 -0.265 0.528 0.467
0.660 -0.261 0.529 0.465
0.662 -0.257 0.531 0.462
0.664 -0.253 0.533 0.459
0.666 -0.251 0.535 0.456
0.667 -0.249 0.536 0.454
0.667 -0.249 0.537 0.453
0.667 -0.250 0.536 0.452
0.667 -0.252 0.535 0.452
0.667 -0.254 0.534 0.452
0.667 -0.257 0.533 0.453
0.667 -0.258 0.532 0.452
0.667 -0.260 0.532 0.452
0.667 -0.262 0.532 0.451
0.666 -0.264 0.533 0.450
0.665 -0.267 0.533 0.450
0.665 -0.270 0.532 0.450
0.664 -0.273 0.531 0.450
0.663 -0.275 0.530 0.451
0.663 -0.277 0.529 0.452
0.662 -0.279 0.528 0.453
0.661 -0.281 0.528 0.454
0.659 -0.284 0.527 0.456
0.656 -0.287 0.527 0.458
0.653 -0.290 0.526 0.460
0.651 -0.293 0.525 0.464
0.648 -0.295 0.523 0.468
0.647 -0.296 0.521 0.472
0.645 -0.296 0.519 0.476
0.644 -0.295 0.517 0.481
0.642 -0.293 0.517 0.485
0.639 -0.291 0.517 0.489
0.636 -0.290 0.518 0.493
0.633 -0.289 0.518 0.498
0.630 -0.289 0.517 0.503
0.627 -0.289 0.516 0.508
0.624 -0.288 0.514 0.514
0.622 -0.286 0.512 0.519
0.620 -0.284 0.509 0.525
0.618 -0.280 0.507 0.531
0.616 -0.277 0.506 0.537
0.613 -0.275 0.505 0.542
0.609 -0.273 0.506 0.546
0.605 -0.273 0.507 0.550
0.601 -0.272 0.509 0.553
0.598 -0.272 0.509 0.556
0.596 -0.272 0.508 0.560
0.594 -0.272 0.505 0.564
0.594 -0.270 0.502 0.567
0.593 -0.269 0.500 0.571
0.593 -0.266 0.499 0.573
0.592 -0.264 0.498 0.576
0.590 -0.261 0.498 0.579
0.587 -0.259 0.498 0.583
0.584 -0.258 0.499 0.586
0.580 -0.257 0.499 0.590
0.576 -0.257 0.499 0.594
0.573 -0.258 0.499 0.597
0.569 -0.259 0.498 0.601
0.566 -0.261 0.496 0.604
0.564 -0.264 0.494 0.607
0.561 -0.267 0.492 0.610
0.559 -0.270 0.490 0.612
0.558 -0.274 0.487 0.614
0.556 -0.278 0.484 0.616
0.555 -0.282 0.480 0.618
0.553 -0.288 0.476 0.620
0.551 -0.293 0.471 0.623
0.549 -0.298 0.467 0.626
0.547 -0.302 0.462 0.629
0.545 -0.307 0.458 0.631
0.544 -0.310 0.455 0.633
0.542 -0.314 0.451 0.635
0.541 -0.317 0.449 0.637
0.540 -0.319 0.447 0.638
0.539 -0.321 0.445 0.639
0.539 -0.322 0.445 0.639
0.540 -0.322 0.444 0.639
0.541 -0.322 0.444 0.638
0.542 -0.321 0.444 0.637
0.543 -0.321 0.444 0.636
0.545 -0.320 0.444 0.635
0.546 -0.320 0.444 0.634
0.548 -0.319 0.444 0.633
0.550 -0.318 0.444 0.632
0.552 -0.317 0.443 0.631
0.554 -0.316 0.443 0.630
0.557 -0.314 0.442 0.629
0.559 -0.312 0.441 0.628
0.562 -0.309 0.441 0.627
0.565 -0.306 0.441 0.626
0.568 -0.302 0.442 0.625
0.571 -0.297 0.443 0.623
0.575 -0.292 0.445 0.622
0.577 -0.287 0.446 0.620
0.580 -0.281 0.449 0.619
0.583 -0.275 0.451 0.617
0.586 -0.270 0.452 0.616
0.589 -0.265 0.454 0.614
0.591 -0.260 0.455 0.613
0.594 -0.256 0.456 0.612
0.596 -0.253 0.455 0.611
0.598 -0.250 0.455 0.610
0.600 -0.249 0.453 0.611
0.601 -0.247 0.452 0.611
0.603 -0.246 0.450 0.611
0.604 -0.245 0.449 0.611
0.605 -0.244 0.449 0.611
0.606 -0.243 0.449 0.610
0.607 -0.242 0.449 0.609
0.608 -0.242 0.450 0.608
0.610 -0.241 0.451 0.606
0.611 -0.240 0.451 0.604
0.613 -0.240 0.452 0.602
0.614 -0.239 0.453 0.600
0.615 -0.240 0.454 0.598
0.616 -0.240 0.455 0.597
0.616 -0.242 0.456 0.595
0.616 -0.244 0.457 0.594
0.615 -0.246 0.457 0.593
0.614 -0.249 0.458 0.593
0.613 -0.253 0.458 0.592
0.612 -0.256 0.458 0.592
0.610 -0.261 0.458 0.592
0.609 -0.265 0.458 0.591
0.607 -0.270 0.458 0.590
0.606 -0.275 0.457 0.590
0.605 -0.280 0.457 0.589
0.604 -0.284 0.456 0.588
0.604 -0.289 0.456 0.587
0.603 -0.294 0.455 0.586
0.603 -0.297 0.454 0.584
0.603 -0.301 0.453 0.583
0.604 -0.303 0.453 0.582
0.604 -0.304 0.454 0.580
0.605 -0.306 0.455 0.578
0.606 -0.306 0.456 0.576
0.607 -0.305 0.457 0.574
0.608 -0.304 0.459 0.572
0.609 -0.303 0.460 0.571
0.610 -0.301 0.461 0.569
0.611 -0.299 0.463 0.568
0.612 -0.297 0.464 0.567
0.613 -0.295 0.465 0.566
0.614 -0.293 0.466 0.566
0.614 -0.293 0.466 0.566
0.614 -0.292 0.466 0.567
0.614 -0.291 0.465 0.567
0.614 -0.290 0.466 0.568
0.614 -0.289 0.466 0.568
0.614 -0.287 0.468 0.567
0.615 -0.284 0.469 0.566
0.616 -0.282 0.471 0.565
0.617 -0.280 0.473 0.563
0.618 -0.278 0.475 0.561
0.619 -0.277 0.477 0.559
0.620 -0.276 0.479 0.557
0.621 -0.275 0.480 0.555
0.622 -0.275 0.481 0.553
0.623 -0.275 0.483 0.551
0.624 -0.274 0.484 0.549
0.626 -0.273 0.486 0.546
0.627 -0.272 0.488 0.543
0.629 -0.271 0.490 0.540
0.631 -0.269 0.492 0.537
0.632 -0.267 0.495 0.533
0.634 -0.265 0.497 0.529
0.636 -0.263 0.500 0.526
0.638 -0.262 0.502 0.522
0.639 -0.261 0.505 0.518
0.640 -0.261 0.507 0.515
0.641 -0.262 0.510 0.511
0.642 -0.263 0.512 0.507
0.642 -0.266 0.514 0.504
0.642 -0.268 0.515 0.500
0.643 -0.271 0.516 0.498
0.643 -0.273 0.517 0.494
0.643 -0.276 0.518 0.491
0.644 -0.278 0.520 0.488
0.643 -0.280 0.523 0.484
0.643 -0.282 0.525 0.480
0.642 -0.286 0.527 0.477
0.642 -0.289 0.529 0.474
0.641 -0.293 0.530 0.471
0.641 -0.297 0.530 0.469
0.641 -0.300 0.530 0.467
0.641 -0.303 0.530 0.465
0.640 -0.306 0.530 0.465
0.640 -0.307 0.531 0.463
0.639 -0.309 0.531 0.463
0.638 -0.311 0.532 0.462
0.637 -0.312 0.532 0.463
0.637 -0.312 0.532 0.463
0.636 -0.311 0.531 0.465
0.637 -0.309 0.531 0.465
0.637 -0.307 0.531 0.467
0.637 -0.304 0.531 0.468
0.637 -0.302 0.531 0.470
0.636 -0.300 0.531 0.472
0.635 -0.298 0.531 0.475
0.635 -0.296 0.530 0.478
0.634 -0.294 0.528 0.482
0.634 -0.290 0.527 0.485
0.634 -0.287 0.526 0.489
0.634 -0.283 0.525 0.492
0.634 -0.278 0.524 0.495
0.635 -0.272 0.524 0.498
0.635 -0.267 0.524 0.501
0.635 -0.260 0.525 0.504
0.634 -0.254 0.526 0.507
0.634 -0.247 0.527 0.509
0.633 -0.241 0.530 0.510
0.633 -0.235 0.532 0.511
0.632 -0.230 0.536 0.511
0.631 -0.225 0.539 0.510
0.630 -0.223 0.542 0.509
0.629 -0.221 0.545 0.508
0.629 -0.220 0.546 0.508
0.628 -0.221 0.546 0.509
0.628 -0.222 0.545 0.510
0.626 -0.225 0.544 0.511
0.625 -0.228 0.543 0.513
0.623 -0.231 0.542 0.515
0.621 -0.235 0.541 0.516
0.619 -0.238 0.540 0.518
0.617 -0.243 0.540 0.519
0.614 -0.247 0.539 0.520
0.612 -0.253 0.539 0.521
0.609 -0.258 0.538 0.522
0.607 -0.264 0.537 0.523
0.604 -0.270 0.535 0.525
0.602 -0.276 0.533 0.527
0.599 -0.283 0.531 0.529
0.596 -0.289 0.528 0.531
0.593 -0.296 0.525 0.534
0.591 -0.301 0.522 0.536
0.588 -0.307 0.519 0.539
0.586 -0.312 0.516 0.541
0.584 -0.316 0.513 0.544
0.582 -0.320 0.511 0.546
0.581 -0.323 0.509 0.548
0.579 -0.325 0.507 0.550
0.578 -0.326 0.505 0.552
0.577 -0.327 0.503 0.554
0.577 -0.327 0.502 0.556
0.576 -0.327 0.501 0.557
0.576 -0.326 0.500 0.559
0.576 -0.325 0.498 0.560
0.577 -0.324 0.497 0.562
0.578 -0.322 0.496 0.563
0.578 -0.321 0.494 0.564
0.579 -0.319 0.493 0.566
0.580 -0.317 0.491 0.568
0.581 -0.314 0.490 0.569
0.582 -0.311 0.488 0.571
0.584 -0.308 0.487 0.572
0.585 -0.305 0.486 0.574
0.586 -0.301 0.485 0.575
0.587 -0.298 0.484 0.576
0.589 -0.294 0.483 0.578
0.590 -0.290 0.482 0.579
0.591 -0.287 0.480 0.581
0.592 -0.284 0.479 0.583
0.593 -0.281 0.477 0.584
0.594 -0.278 0.476 0.585
0.596 -0.275 0.475 0.586
0.598 -0.272 0.474 0.586
0.600 -0.268 0.474 0.586
0.602 -0.264 0.474 0.585
0.605 -0.260 0.475 0.584
0.608 -0.256 0.475 0.583
0.610 -0.252 0.474 0.582
0.613 -0.249 0.474 0.582
0.615 -0.245 0.473 0.581
0.617 -0.242 0.473 0.580
0.619 -0.239 0.473 0.580
0.621 -0.235 0.473 0.579
0.623 -0.232 0.474 0.577
0.625 -0.229 0.475 0.576
0.627 -0.225 0.476 0.574
0.629 -0.222 0.477 0.572
0.631 -0.220 0.479 0.569
0.633 -0.217 0.481 0.567
0.635 -0.215 0.483 0.563
0.636 -0.214 0.485 0.560
0.638 -0.215 0.486 0.557
0.639 -0.216 0.487 0.555
0.639 -0.219 0.488 0.553
0.640 -0.223 0.488 0.551
0.640 -0.227 0.487 0.549
0.639 -0.232 0.487 0.548
0.639 -0.238 0.486 0.547
0.638 -0.244 0.486 0.545
0.637 -0.250 0.486 0.544
0.636 -0.256 0.486 0.542
0.636 -0.262 0.485 0.540
0.635 -0.268 0.485 0.538
0.635 -0.273 0.485 0.535
0.635 -0.278 0.485 0.533
0.635 -0.283 0.485 0.530
0.636 -0.286 0.486 0.527
0.637 -0.289 0.486 0.525
0.637 -0.291 0.487 0.522
0.638 -0.292 0.488 0.519
0.639 -0.293 0.489 0.516
0.640 -0.293 0.489 0.514
0.641 -0.294 0.490 0.512
0.642 -0.294 0.491 0.511
0.642 -0.294 0.491 0.510
0.642 -0.293 0.492 0.509
0.643 -0.292 0.492 0.509
0.644 -0.291 0.492 0.509
0.644 -0.288 0.493 0.509
0.645 -0.286 0.493 0.510
0.645 -0.284 0.493 0.510
0.645 -0.281 0.494 0.511
0.645 -0.279 0.494 0.512
0.644 -0.278 0.494 0.514
0.642 -0.278 0.494 0.516
0.641 -0.277 0.494 0.518
0.640 -0.277 0.494 0.519
0.639 -0.277 0.495 0.520
0.638 -0.277 0.495 0.520
0.638 -0.277 0.496 0.520
0.638 -0.276 0.497 0.519
0.637 -0.276 0.499 0.518
0.637 -0.277 0.500 0.517
0.637 -0.277 0.501 0.516
0.636 -0.278 0.503 0.515
0.636 -0.278 0.504 0.513
0.636 -0.278 0.506 0.512
0.636 -0.279 0.508 0.510
0.636 -0.279 0.509 0.508
0.636 -0.280 0.511 0.506
0.636 -0.280 0.513 0.503
0.636 -0.281 0.515 0.501
0.636 -0.282 0.517 0.499
0.636 -0.282 0.519 0.497
0.636 -0.283 0.520 0.495
0.636 -0.284 0.522 0.493
0.635 -0.285 0.524 0.491
0.635 -0.286 0.526 0.489
0.634 -0.288 0.527 0.487
0.633 -0.290 0.529 0.485
0.633 -0.292 0.530 0.483
0.632 -0.293 0.531 0.482
0.631 -0.295 0.532 0.481
0.631 -0.296 0.533 0.480
0.630 -0.298 0.534 0.478
0.629 -0.300 0.535 0.477
0.628 -0.303 0.536 0.477
0.626 -0.305 0.536 0.476
0.625 -0.308 0.536 0.476
0.624 -0.310 0.536 0.476
0.624 -0.312 0.535 0.476
0.623 -0.313 0.535 0.476
0.623 -0.314 0.535 0.476
0.623 -0.315 0.535 0.476
0.623 -0.315 0.535 0.475
0.624 -0.315 0.535 0.475
0.624 -0.314 0.534 0.475
0.625 -0.313 0.534 0.476
0.626 -0.312 0.533 0.476
0.627 -0.309 0.533 0.476
0.628 -0.307 0.533 0.477
0.629 -0.305 0.533 0.477
0.629 -0.303 0.532 0.479
0.629 -0.302 0.532 0.480
0.628 -0.300 0.531 0.482
0.628 -0.299 0.531 0.484
0.628 -0.297 0.530 0.486
0.628 -0.294 0.530 0.488
0.628 -0.292 0.530 0.490
0.628 -0.290 0.529 0.492
0.627 -0.288 0.529 0.494
0.626 -0.287 0.528 0.497
0.625 -0.286 0.528 0.500
0.623 -0.285 0.527 0.503
0.622 -0.283 0.526 0.506
0.621 -0.282 0.525 0.509
0.619 -0.280 0.525 0.512
0.618 -0.278 0.525 0.514
0.617 -0.276 0.525 0.516
0.616 -0.275 0.526 0.518
0.615 -0.273 0.526 0.519
0.614 -0.272 0.527 0.520
0.612 -0.272 0.528 0.522
0.611 -0.273 0.528 0.523
0.609 -0.274 0.527 0.526
0.607 -0.276 0.526 0.528
0.606 -0.276 0.525 0.531
0.605 -0.277 0.523 0.533
0.604 -0.276 0.522 0.535
0.603 -0.276 0.522 0.537
0.602 -0.275 0.522 0.538
0.600 -0.274 0.523 0.540
0.599 -0.272 0.524 0.541
0.598 -0.271 0.525 0.542
0.596 -0.269 0.526 0.543
0.596 -0.267 0.528 0.544
0.595 -0.264 0.530 0.544
0.594 -0.262 0.532 0.544
0.593 -0.260 0.534 0.544
0.591 -0.260 0.536 0.544
0.589 -0.260 0.537 0.545
0.587 -0.262 0.538 0.546
0.584 -0.264 0.538 0.547
0.582 -0.267 0.538 0.548
0.580 -0.270 0.538 0.549
0.579 -0.272 0.538 0.549
0.578 -0.275 0.538 0.550
0.577 -0.277 0.538 0.550
0.576 -0.279 0.538 0.549
0.575 -0.280 0.538 0.549
0.575 -0.282 0.539 0.548
0.574 -0.283 0.540 0.547
0.574 -0.284 0.540 0.546
0.574 -0.284 0.541 0.545
0.574 -0.285 0.541 0.544
0.575 -0.285 0.542 0.543
0.575 -0.286 0.542 0.542
0.576 -0.286 0.542 0.541
0.577 -0.285 0.542 0.540
0.578 -0.284 0.543 0.539
0.579 -0.282 0.543 0.538
0.581 -0.280 0.544 0.537
0.582 -0.277 0.545 0.536
0.583 -0.275 0.546 0.536
0.585 -0.272 0.546 0.535
0.586 -0.268 0.548 0.534
0.587 -0.265 0.549 0.533
0.589 -0.261 0.550 0.531
0.591 -0.256 0.552 0.530
0.593 -0.251 0.554 0.529
0.595 -0.245 0.556 0.527
0.596 -0.238 0.558 0.525
0.598 -0.230 0.561 0.523
0.600 -0.221 0.565 0.521
0.602 -0.212 0.569 0.518
0.603 -0.204 0.574 0.516
0.604 -0.196 0.577 0.513
0.604 -0.191 0.580 0.512
0.604 -0.188 0.582 0.512
0.603 -0.188 0.581 0.513
0.602 -0.189 0.580 0.516
0.600 -0.192 0.577 0.520
0.599 -0.195 0.573 0.525
0.597 -0.198 0.570 0.530
0.595 -0.200 0.567 0.534
0.593 -0.202 0.564 0.538
0.591 -0.203 0.562 0.542
0.588 -0.204 0.561 0.545
0.587 -0.204 0.560 0.548
0.585 -0.204 0.560 0.550
0.583 -0.203 0.560 0.552
0.582 -0.202 0.561 0.554
0.581 -0.201 0.561 0.555
0.579 -0.201 0.561 0.556
0.578 -0.201 0.561 0.558
0.576 -0.202 0.560 0.560
0.574 -0.204 0.559 0.563
0.571 -0.206 0.558 0.566
0.569 -0.208 0.557 0.568
0.566 -0.211 0.556 0.571
0.564 -0.213 0.554 0.574
0.561 -0.216 0.553 0.577
0.558 -0.219 0.551 0.580
0.555 -0.223 0.549 0.583
0.552 -0.227 0.547 0.587
0.549 -0.231 0.545 0.590
0.546 -0.234 0.544 0.593
0.543 -0.238 0.542 0.596
0.540 -0.242 0.541 0.598
0.536 -0.246 0.540 0.600
0.533 -0.251 0.539 0.601
0.530 -0.257 0.538 0.603
0.527 -0.263 0.536 0.605
0.524 -0.268 0.534 0.607
0.522 -0.274 0.532 0.608
0.519 -0.281 0.531 0.608
0.516 -0.287 0.530 0.608
0.513 -0.294 0.530 0.608
0.510 -0.301 0.529 0.607
0.508 -0.307 0.529 0.607
0.506 -0.314 0.527 0.607
0.504 -0.320 0.525 0.607
0.502 -0.326 0.523 0.607
0.501 -0.331 0.521 0.607
0.499 -0.335 0.520 0.607
0.498 -0.338 0.518 0.607
0.497 -0.342 0.517 0.608
0.495 -0.344 0.516 0.608
0.494 -0.346 0.516 0.608
0.493 -0.347 0.517 0.607
0.493 -0.347 0.518 0.606
0.493 -0.347 0.520 0.605
0.494 -0.347 0.521 0.604
0.495 -0.346 0.522 0.602
0.497 -0.345 0.524 0.599
0.498 -0.344 0.526 0.597
0.500 -0.344 0.528 0.594
0.502 -0.343 0.530 0.592
0.503 -0.343 0.531 0.589
0.505 -0.344 0.532 0.586
0.506 -0.344 0.533 0.584
0.508 -0.345 0.534 0.581
0.510 -0.346 0.535 0.578
0.512 -0.346 0.535 0.576
0.514 -0.347 0.535 0.573
0.516 -0.349 0.535 0.570
0.518 -0.350 0.536 0.567
0.520 -0.351 0.537 0.564
0.521 -0.353 0.538 0.561
0.522 -0.356 0.538 0.558
0.523 -0.358 0.539 0.555
0.524 -0.361 0.538 0.552
0.525 -0.364 0.538 0.550
0.527 -0.366 0.537 0.548
0.528 -0.368 0.536 0.546
0.530 -0.369 0.535 0.545
0.532 -0.369 0.535 0.543
0.534 -0.369 0.535 0.541
0.536 -0.368 0.536 0.539
0.538 -0.366 0.537 0.537
0.540 -0.364 0.538 0.535
0.542 -0.361 0.539 0.534
0.544 -0.358 0.541 0.532
0.546 -0.355 0.542 0.531
0.547 -0.351 0.544 0.530
0.549 -0.347 0.545 0.530
0.550 -0.344 0.547 0.530
0.551 -0.340 0.548 0.530
0.552 -0.336 0.549 0.530
0.552 -0.332 0.551 0.531
0.553 -0.328 0.552 0.531
0.552 -0.325 0.554 0.531
0.552 -0.322 0.555 0.532
0.551 -0.320 0.557 0.533
0.551 -0.318 0.557 0.534
0.550 -0.317 0.557 0.535
0.550 -0.315 0.557 0.536
0.550 -0.314 0.557 0.537
0.549 -0.312 0.558 0.538
0.548 -0.311 0.558 0.540
0.547 -0.311 0.558 0.541
0.545 -0.311 0.559 0.543
0.543 -0.311 0.559 0.545
0.541 -0.311 0.558 0.547
0.539 -0.312 0.557 0.550
0.536 -0.312 0.556 0.553
0.534 -0.313 0.555 0.556
0.531 -0.315 0.553 0.559
0.528 -0.318 0.551 0.563
0.524 -0.320 0.548 0.568
0.521 -0.324 0.543 0.573
0.518 -0.327 0.538 0.579
0.516 -0.329 0.533 0.584
0.515 -0.329 0.528 0.589
0.515 -0.328 0.524 0.593
0.516 -0.326 0.521 0.597
0.517 -0.322 0.520 0.599
0.519 -0.316 0.520 0.600
0.521 -0.309 0.521 0.601
0.524 -0.302 0.523 0.600
0.527 -0.294 0.526 0.599
0.530 -0.286 0.529 0.598
0.533 -0.277 0.532 0.596
0.537 -0.269 0.535 0.594
0.541 -0.261 0.537 0.592
0.545 -0.254 0.539 0.589
0.549 -0.248 0.541 0.587
0.553 -0.243 0.542 0.585
0.556 -0.239 0.542 0.583
0.559 -0.237 0.541 0.582
0.562 -0.235 0.539 0.582
0.564 -0.233 0.538 0.581
0.567 -0.232 0.536 0.580
0.570 -0.231 0.535 0.579
0.574 -0.230 0.534 0.578
0.577 -0.228 0.533 0.575
0.581 -0.226 0.533 0.573
0.584 -0.223 0.533 0.570
0.588 -0.221 0.533 0.567
0.592 -0.219 0.533 0.563
0.595 -0.217 0.534 0.560
0.599 -0.215 0.535 0.556
0.602 -0.213 0.535 0.553
0.605 -0.211 0.535 0.550
0.608 -0.209 0.536 0.547
0.611 -0.208 0.536 0.544
0.614 -0.207 0.537 0.541
0.616 -0.207 0.538 0.538
0.617 -0.207 0.538 0.535
0.618 -0.209 0.539 0.533
0.618 -0.212 0.539 0.531
0.619 -0.215 0.539 0.530
0.619 -0.220 0.538 0.529
0.619 -0.225 0.536 0.528
0.619 -0.230 0.534 0.528
0.619 -0.235 0.531 0.529
0.619 -0.240 0.529 0.529
0.619 -0.244 0.526 0.530
0.618 -0.248 0.524 0.531
0.617 -0.251 0.522 0.532
0.616 -0.254 0.520 0.533
0.616 -0.257 0.519 0.534
0.615 -0.259 0.518 0.535
0.614 -0.260 0.518 0.536
0.613 -0.261 0.518 0.537
0.612 -0.262 0.517 0.538
0.612 -0.263 0.516 0.539
0.611 -0.264 0.515 0.540
0.610 -0.265 0.514 0.541
0.609 -0.266 0.513 0.543
0.608 -0.267 0.512 0.545
0.607 -0.268 0.510 0.547
0.605 -0.269 0.509 0.550
0.604 -0.271 0.507 0.552
0.602 -0.272 0.506 0.555
0.600 -0.273 0.505 0.557
0.598 -0.274 0.505 0.559
0.597 -0.275 0.504 0.561
0.595 -0.276 0.503 0.562
0.593 -0.278 0.503 0.564
0.592 -0.280 0.502 0.565
0.590 -0.282 0.501 0.566
0.589 -0.285 0.500 0.567
0.587 -0.289 0.499 0.569
0.585 -0.293 0.497 0.570
0.583 -0.297 0.495 0.572
0.580 -0.301 0.493 0.574
0.578 -0.306 0.491 0.576
0.575 -0.310 0.489 0.578
0.573 -0.314 0.488 0.579
0.570 -0.317 0.487 0.581
0.567 -0.321 0.486 0.583
0.564 -0.324 0.486 0.584
0.561 -0.327 0.485 0.586
0.559 -0.329 0.485 0.587
0.556 -0.331 0.484 0.588
0.554 -0.334 0.484 0.590
0.551 -0.336 0.484 0.591
0.548 -0.339 0.484 0.592
0.546 -0.341 0.484 0.593
0.543 -0.344 0.485 0.593
0.540 -0.348 0.485 0.594
0.537 -0.351 0.485 0.594
0.535 -0.355 0.484 0.594
0.533 -0.359 0.483 0.595
0.530 -0.362 0.482 0.596
0.528 -0.366 0.482 0.596
0.526 -0.370 0.481 0.596
0.523 -0.374 0.481 0.596
0.520 -0.379 0.481 0.596
0.517 -0.384 0.480 0.596
0.514 -0.389 0.478 0.596
0.512 -0.395 0.476 0.596
0.510 -0.400 0.473 0.597
0.508 -0.405 0.471 0.597
0.507 -0.409 0.469 0.597
0.506 -0.413 0.466 0.597
0.505 -0.416 0.464 0.597
0.504 -0.419 0.462 0.597
0.503 -0.422 0.460 0.598
0.503 -0.425 0.457 0.598
0.503 -0.426 0.455 0.599
0.504 -0.427 0.453 0.599
0.505 -0.427 0.451 0.599
0.507 -0.425 0.449 0.600
0.510 -0.423 0.449 0.600
0.513 -0.420 0.448 0.600
0.516 -0.417 0.449 0.599
0.519 -0.413 0.450 0.598
0.522 -0.409 0.451 0.597
0.526 -0.405 0.452 0.595
0.529 -0.401 0.453 0.594
0.533 -0.396 0.454 0.593
0.537 -0.392 0.455 0.592
0.540 -0.388 0.456 0.591
0.543 -0.384 0.457 0.590
0.546 -0.381 0.458 0.589
0.547 -0.380 0.458 0.588
0.548 -0.379 0.458 0.589
0.548 -0.380 0.457 0.589
0.548 -0.381 0.455 0.590
0.547 -0.382 0.452 0.592
0.547 -0.383 0.448 0.594
0.546 -0.384 0.445 0.597
0.545 -0.386 0.441 0.599
0.544 -0.386 0.438 0.603
0.543 -0.387 0.434 0.606
0.541 -0.386 0.431 0.610
0.540 -0.385 0.428 0.614
0.539 -0.382 0.426 0.618
0.538 -0.379 0.425 0.622
0.538 -0.374 0.425 0.625
0.537 -0.368 0.425 0.629
0.537 -0.361 0.427 0.632
0.537 -0.353 0.429 0.635
0.537 -0.346 0.431 0.637
0.537 -0.338 0.433 0.641
0.536 -0.331 0.435 0.644
0.535 -0.324 0.436 0.647
0.534 -0.318 0.437 0.650
0.533 -0.312 0.438 0.653
0.532 -0.307 0.439 0.656
0.531 -0.302 0.439 0.659
0.531 -0.297 0.440 0.661
0.531 -0.292 0.441 0.662
0.531 -0.287 0.442 0.663
0.532 -0.283 0.444 0.664
0.532 -0.278 0.445 0.664
0.533 -0.273 0.446 0.664
0.534 -0.269 0.448 0.664
0.535 -0.265 0.449 0.665
0.536 -0.260 0.451 0.665
0.536 -0.257 0.452 0.665
0.535 -0.253 0.454 0.666
0.534 -0.251 0.455 0.667
0.532 -0.249 0.456 0.668
0.531 -0.247 0.457 0.669
0.530 -0.247 0.458 0.670
0.529 -0.246 0.459 0.670
0.529 -0.246 0.460 0.669
0.529 -0.246 0.462 0.668
0.531 -0.247 0.464 0.665
0.533 -0.247 0.466 0.662
0.536 -0.248 0.468 0.657
0.540 -0.249 0.470 0.652
0.544 -0.251 0.472 0.647
0.548 -0.253 0.474 0.641
0.552 -0.255 0.476 0.635
0.557 -0.257 0.477 0.630
0.561 -0.259 0.479 0.624
0.565 -0.261 0.481 0.618
0.568 -0.263 0.482 0.612
0.572 -0.266 0.484 0.606
0.576 -0.268 0.486 0.600
0.579 -0.271 0.488 0.594
0.583 -0.274 0.490 0.587
0.587 -0.277 0.491 0.581
0.591 -0.280 0.493 0.574
0.596 -0.283 0.494 0.567
0.600 -0.287 0.495 0.560
0.605 -0.290 0.495 0.552
0.609 -0.292 0.496 0.545
0.614 -0.295 0.497 0.538
0.618 -0.296 0.498 0.531
0.623 -0.297 0.500 0.523
0.627 -0.298 0.501 0.516
0.631 -0.298 0.503 0.509
0.635 -0.298 0.505 0.503
0.639 -0.298 0.506 0.497
0.642 -0.298 0.508 0.491
0.645 -0.297 0.510 0.486
0.647 -0.296 0.511 0.482
0.649 -0.295 0.513 0.478
0.651 -0.294 0.515 0.475
0.652 -0.292 0.517 0.472
0.654 -0.289 0.518 0.470
0.655 -0.286 0.520 0.469
0.656 -0.282 0.522 0.467
0.656 -0.280 0.525 0.466
0.655 -0.277 0.528 0.464
0.654 -0.275 0.530 0.463
0.653 -0.275 0.532 0.463
0.652 -0.275 0.532 0.465
0.650 -0.277 0.531 0.467
0.649 -0.279 0.529 0.471
0.646 -0.282 0.526 0.475
0.644 -0.285 0.523 0.480
0.641 -0.288 0.520 0.486
0.637 -0.291 0.517 0.492
0.634 -0.293 0.514 0.498
0.630 -0.295 0.512 0.503
0.627 -0.297 0.510 0.508
0.624 -0.298 0.508 0.513
0.621 -0.300 0.506 0.517
0.619 -0.301 0.504 0.522
0.617 -0.303 0.501 0.526
0.616 -0.304 0.498 0.530
0.615 -0.305 0.494 0.534
0.614 -0.307 0.490 0.538
0.613 -0.307 0.485 0.543
0.612 -0.307 0.480 0.548
0.611 -0.307 0.476 0.554
0.609 -0.306 0.472 0.559
0.608 -0.304 0.469 0.563
0.607 -0.302 0.467 0.567
0.607 -0.298 0.467 0.571
0.606 -0.294 0.467 0.573
0.606 -0.290 0.467 0.575
0.605 -0.286 0.468 0.577
0.605 -0.282 0.469 0.579
0.604 -0.278 0.469 0.581
0.604 -0.275 0.471 0.582
0.603 -0.272 0.472 0.584
0.601 -0.270 0.473 0.585
0.599 -0.269 0.474 0.587
0.596 -0.270 0.474 0.589
0.593 -0.271 0.475 0.591
0.590 -0.274 0.476 0.592
0.587 -0.276 0.476 0.594
0.583 -0.279 0.477 0.595
0.580 -0.283 0.477 0.597
0.576 -0.287 0.477 0.599
0.572 -0.292 0.477 0.600
0.568 -0.297 0.476 0.602
0.564 -0.301 0.475 0.604
0.560 -0.307 0.474 0.606
0.556 -0.312 0.473 0.608
0.553 -0.316 0.473 0.609
0.549 -0.321 0.472 0.610
0.546 -0.325 0.472 0.611
0.543 -0.329 0.472 0.612
0.540 -0.332 0.472 0.612
0.538 -0.335 0.473 0.612
0.536 -0.337 0.475 0.611
0.535 -0.339 0.476 0.610
0.534 -0.341 0.478 0.609
0.533 -0.342 0.480 0.607
0.532 -0.344 0.482 0.605
0.531 -0.346 0.483 0.603
0.531 -0.349 0.485 0.602
0.530 -0.351 0.486 0.600
0.530 -0.354 0.487 0.598
0.530 -0.357 0.487 0.596
0.529 -0.360 0.487 0.594
0.529 -0.363 0.487 0.592
0.530 -0.366 0.487 0.590
0.531 -0.368 0.487 0.588
0.531 -0.370 0.488 0.585
0.533 -0.372 0.489 0.583
0.534 -0.373 0.489 0.580
0.536 -0.374 0.490 0.576
0.538 -0.375 0.491 0.573
0.541 -0.375 0.492 0.570
0.543 -0.375 0.492 0.567
0.546 -0.374 0.493 0.564
0.550 -0.373 0.494 0.561
0.553 -0.371 0.495 0.558
0.555 -0.368 0.497 0.556
0.558 -0.366 0.499 0.553
0.560 -0.363 0.501 0.551
0.562 -0.361 0.503 0.549
0.564 -0.358 0.505 0.547
0.566 -0.355 0.507 0.545
0.567 -0.352 0.509 0.544
0.569 -0.349 0.511 0.542
0.570 -0.347 0.512 0.541
0.570 -0.346 0.512 0.541
0.571 -0.344 0.512 0.541
0.571 -0.344 0.512 0.542
0.571 -0.343 0.511 0.543
0.570 -0.343 0.511 0.545
0.569 -0.343 0.510 0.547
0.568 -0.342 0.508 0.549
0.567 -0.341 0.507 0.552
0.566 -0.340 0.505 0.555
0.565 -0.338 0.504 0.558
0.564 -0.335 0.504 0.561
0.563 -0.333 0.504 0.564
0.562 -0.329 0.505 0.567
0.561 -0.326 0.505 0.569
0.560 -0.322 0.506 0.572
0.559 -0.319 0.507 0.574
0.558 -0.316 0.508 0.576
0.557 -0.313 0.509 0.577
0.557 -0.310 0.509 0.579
0.556 -0.307 0.509 0.581
0.556 -0.304 0.508 0.583
0.555 -0.301 0.508 0.586
0.555 -0.297 0.507 0.589
0.554 -0.293 0.507 0.592
0.552 -0.289 0.507 0.595
0.550 -0.285 0.507 0.598
0.548 -0.282 0.508 0.602
0.545 -0.279 0.508 0.606
0.541 -0.276 0.508 0.611
0.538 -0.274 0.507 0.615
0.535 -0.272 0.507 0.619
0.532 -0.270 0.506 0.623
0.529 -0.269 0.505 0.627
0.528 -0.268 0.504 0.629
0.526 -0.267 0.504 0.631
0.526 -0.265 0.504 0.631
0.526 -0.264 0.505 0.631
0.527 -0.263 0.505 0.631
0.527 -0.263 0.506 0.630
0.528 -0.263 0.507 0.628
0.529 -0.264 0.507 0.627
0.529 -0.266 0.507 0.626
0.530 -0.268 0.507 0.625
0.530 -0.271 0.507 0.624
0.529 -0.274 0.506 0.623
0.529 -0.278 0.505 0.622
0.529 -0.282 0.504 0.622
0.528 -0.286 0.503 0.621
0.528 -0.291 0.502 0.621
0.527 -0.295 0.500 0.620
0.527 -0.299 0.499 0.619
0.527 -0.303 0.498 0.619
0.527 -0.307 0.497 0.618
0.527 -0.310 0.496 0.617
0.527 -0.313 0.495 0.615
0.528 -0.316 0.495 0.614
0.528 -0.319 0.495 0.612
0.529 -0.322 0.494 0.610
0.530 -0.324 0.494 0.608
0.531 -0.327 0.494 0.606
0.533 -0.329 0.494 0.603
0.534 -0.331 0.494 0.601
0.536 -0.333 0.494 0.599
0.537 -0.334 0.494 0.596
0.539 -0.336 0.494 0.594
0.541 -0.337 0.494 0.592
0.543 -0.338 0.495 0.589
0.544 -0.338 0.495 0.587
0.546 -0.339 0.496 0.584
0.548 -0.339 0.497 0.582
0.549 -0.340 0.497 0.579
0.551 -0.340 0.498 0.577
0.552 -0.340 0.498 0.575
0.553 -0.341 0.499 0.574
0.554 -0.341 0.499 0.572
0.555 -0.342 0.499 0.571
0.555 -0.342 0.499 0.570
0.556 -0.343 0.499 0.570
0.555 -0.344 0.499 0.569
0.555 -0.345 0.499 0.570
0.555 -0.346 0.498 0.570
0.554 -0.347 0.498 0.570
0.554 -0.347 0.497 0.571
0.553 -0.347 0.497 0.571
0.553 -0.347 0.496 0.572
0.553 -0.347 0.496 0.573
0.553 -0.346 0.496 0.573
0.553 -0.345 0.497 0.573
0.552 -0.344 0.497 0.574
0.552 -0.343 0.497 0.575
0.552 -0.342 0.498 0.575
0.552 -0.341 0.498 0.576
0.551 -0.340 0.498 0.577
0.551 -0.339 0.498 0.578
0.550 -0.338 0.498 0.579
0.550 -0.337 0.498 0.580
0.549 -0.335 0.498 0.582
0.548 -0.334 0.498 0.583
0.547 -0.333 0.498 0.584
0.546 -0.332 0.499 0.586
0.545 -0.331 0.499 0.588
0.543 -0.330 0.499 0.589
0.542 -0.329 0.499 0.591
0.540 -0.329 0.499 0.593
0.539 -0.328 0.499 0.594
0.537 -0.327 0.499 0.596
0.536 -0.327 0.499 0.597
0.535 -0.327 0.499 0.599
0.533 -0.326 0.500 0.600
0.532 -0.326 0.500 0.600
0.531 -0.327 0.500 0.601
0.530 -0.327 0.500 0.601
0.529 -0.328 0.501 0.601
0.529 -0.329 0.501 0.601
0.528 -0.330 0.501 0.601
0.528 -0.331 0.501 0.601
0.528 -0.332 0.501 0.600
0.528 -0.333 0.501 0.600
0.528 -0.335 0.501 0.599
0.527 -0.336 0.501 0.599
0.527 -0.337 0.501 0.598
0.527 -0.338 0.501 0.598
0.527 -0.340 0.501 0.597
0.526 -0.341 0.501 0.597
0.526 -0.342 0.501 0.596
0.526 -0.343 0.501 0.596
0.525 -0.343 0.501 0.596
0.525 -0.344 0.501 0.596
0.524 -0.345 0.501 0.595
0.524 -0.346 0.501 0.595
0.524 -0.347 0.501 0.595
0.524 -0.347 0.502 0.595
0.523 -0.347 0.502 0.594
0.523 -0.348 0.503 0.594
0.523 -0.348 0.503 0.594
0.523 -0.348 0.504 0.593
0.523 -0.348 0.504 0.592
0.523 -0.349 0.505 0.592
0.523 -0.349 0.505 0.591
0.522 -0.350 0.505 0.591
0.522 -0.351 0.505 0.591
0.522 -0.352 0.505 0.591
0.521 -0.353 0.505 0.590
0.521 -0.354 0.505 0.590
0.521 -0.355 0.505 0.590
0.520 -0.355 0.505 0.590
0.520 -0.356 0.505 0.589
0.520 -0.357 0.505 0.589
0.520 -0.357 0.506 0.589
0.520 -0.357 0.506 0.588
0.520 -0.358 0.506 0.588
0.520 -0.358 0.506 0.588
0.519 -0.359 0.506 0.588
0.519 -0.359 0.505 0.588
0.519 -0.360 0.505 0.588
0.519 -0.360 0.505 0.588
0.519 -0.361 0.504 0.588
0.519 -0.361 0.504 0.589
0.519 -0.361 0.504 0.589
0.519 -0.361 0.503 0.589
0.519 -0.361 0.503 0.590
0.519 -0.360 0.502 0.590
0.519 -0.360 0.502 0.591
0.520 -0.359 0.502 0.591
0.520 -0.358 0.501 0.592
0.520 -0.357 0.501 0.592
0.521 -0.356 0.500 0.593
0.521 -0.355 0.500 0.594
0.521 -0.354 0.500 0.595
0.521 -0.353 0.499 0.595
0.522 -0.352 0.499 0.596
0.522 -0.350 0.498 0.597
0.522 -0.349 0.498 0.598
0.523 -0.347 0.498 0.599
0.523 -0.346 0.498 0.600
0.523 -0.344 0.497 0.600
0.524 -0.343 0.497 0.601
0.524 -0.341 0.497 0.602
0.524 -0.339 0.497 0.602
