# T   LUA LFA RUA RFA LT  LS  RT  RS  
0.998 -0.065 -0.014 0.006 -0.797 -0.0 -0.604 0.016 -0.71 -0.0 -0.055 -0.702 0.858 0.0 -0.51 -0.066 0.779 0.0 0.063 -0.624 -0.673 -0.0 -0.176 -0.718 -0.72 -0.0 -0.685 0.109 0.688 0.0 -0.207 -0.695 0.743 -0.0 -0.653 0.144 
0.998 -0.066 -0.014 0.006 -0.797 0.0 -0.604 0.016 -0.71 -0.0 -0.055 -0.702 0.858 -0.0 -0.51 -0.066 0.779 0.0 0.063 -0.624 -0.673 -0.0 -0.176 -0.718 -0.72 0.0 -0.685 0.109 0.688 0.0 -0.207 -0.695 0.743 0.0 -0.653 0.144 
0.998 -0.066 -0.014 0.006 -0.797 -0.0 -0.604 0.016 -0.71 -0.0 -0.055 -0.702 0.858 0.0 -0.51 -0.066 0.779 0.0 0.063 -0.624 -0.673 0.0 -0.176 -0.718 -0.721 -0.0 -0.685 0.109 0.688 -0.0 -0.208 -0.695 0.744 0.0 -0.652 0.145 
0.998 -0.065 -0.014 0.006 -0.797 -0.0 -0.604 0.016 -0.71 -0.0 -0.055 -0.702 0.858 0.0 -0.51 -0.066 0.779 0.0 0.063 -0.624 -0.673 -0.0 -0.175 -0.718 -0.721 -0.0 -0.685 0.109 0.688 0.0 -0.207 -0.695 0.743 0.0 -0.653 0.144 
0.998 -0.066 -0.014 0.006 -0.797 -0.0 -0.603 0.016 -0.71 -0.0 -0.055 -0.702 0.858 -0.0 -0.51 -0.066 0.779 0.0 0.063 -0.624 -0.673 -0.0 -0.176 -0.718 -0.72 -0.0 -0.685 0.109 0.688 0.0 -0.207 -0.695 0.743 0.0 -0.653 0.144 
0.998 -0.065 -0.014 0.006 -0.797 -0.0 -0.603 0.016 -0.71 -0.0 -0.055 -0.702 0.858 0.0 -0.51 -0.066 0.779 0.0 0.063 -0.624 -0.673 0.0 -0.176 -0.718 -0.721 -0.0 -0.685 0.109 0.688 0.0 -0.208 -0.695 0.744 -0.0 -0.652 0.145 
0.998 -0.065 -0.014 0.006 -0.797 -0.0 -0.603 0.016 -0.71 -0.0 -0.055 -0.702 0.858 -0.0 -0.51 -0.066 0.779 0.0 0.063 -0.624 -0.673 -0.0 -0.176 -0.718 -0.72 -0.0 -0.685 0.109 0.688 0.0 -0.207 -0.695 0.743 0.0 -0.653 0.144 
0.998 -0.066 -0.014 0.006 -0.797 -0.0 -0.603 0.016 -0.71 -0.0 -0.055 -0.702 0.858 0.0 -0.51 -0.066 0.779 -0.0 0.063 -0.624 -0.673 -0.0 -0.176 -0.718 -0.72 -0.0 -0.685 0.109 0.688 0.0 -0.207 -0.695 0.743 0.0 -0.653 0.144 
0.998 -0.065 -0.014 0.006 -0.797 -0.0 -0.603 0.017 -0.71 -0.0 -0.055 -0.702 0.858 0.0 -0.51 -0.066 0.779 -0.0 0.063 -0.624 -0.673 -0.0 -0.176 -0.718 -0.72 -0.0 -0.685 0.109 0.688 0.0 -0.207 -0.695 0.743 0.0 -0.653 0.144 
0.998 -0.065 -0.014 0.006 -0.797 0.0 -0.603 0.016 -0.71 0.0 -0.055 -0.702 0.858 0.0 -0.51 -0.066 0.779 -0.0 0.063 -0.624 -0.674 0.0 -0.176 -0.718 -0.72 -0.0 -0.685 0.109 0.688 0.0 -0.208 -0.695 0.744 0.0 -0.652 0.145 
0.998 -0.065 -0.014 0.006 -0.797 -0.0 -0.603 0.016 -0.71 0.0 -0.055 -0.702 0.858 -0.0 -0.51 -0.066 0.779 -0.0 0.063 -0.624 -0.673 -0.0 -0.176 -0.718 -0.721 -0.0 -0.685 0.109 0.688 0.0 -0.207 -0.695 0.744 0.0 -0.653 0.144 
0.998 -0.065 -0.014 0.006 -0.797 -0.0 -0.603 0.016 -0.71 -0.0 -0.056 -0.702 0.858 -0.0 -0.51 -0.066 0.779 -0.0 0.063 -0.624 -0.673 -0.0 -0.176 -0.718 -0.721 -0.0 -0.685 0.109 0.688 0.0 -0.208 -0.695 0.744 0.0 -0.652 0.145 
0.998 -0.066 -0.014 0.006 -0.797 -0.0 -0.604 0.017 -0.71 -0.0 -0.055 -0.702 0.858 -0.0 -0.51 -0.066 0.779 0.0 0.063 -0.624 -0.674 -0.0 -0.176 -0.718 -0.72 0.0 -0.685 0.109 0.688 0.0 -0.208 -0.695 0.744 -0.0 -0.652 0.145 
0.998 -0.066 -0.014 0.006 -0.797 0.0 -0.604 0.017 -0.71 -0.0 -0.056 -0.702 0.858 0.0 -0.51 -0.066 0.779 -0.0 0.063 -0.624 -0.673 -0.0 -0.176 -0.718 -0.721 -0.0 -0.685 0.109 0.688 0.0 -0.207 -0.695 0.743 0.0 -0.653 0.144 
0.998 -0.066 -0.014 0.006 -0.797 -0.0 -0.603 0.017 -0.71 -0.0 -0.056 -0.702 0.858 0.0 -0.51 -0.066 0.779 -0.0 0.063 -0.624 -0.673 -0.0 -0.176 -0.718 -0.72 -0.0 -0.685 0.109 0.688 0.0 -0.208 -0.695 0.744 -0.0 -0.652 0.145 
0.998 -0.066 -0.014 0.006 -0.797 0.0 -0.604 0.017 -0.71 -0.0 -0.056 -0.702 0.858 0.0 -0.51 -0.066 0.779 0.0 0.063 -0.624 -0.674 -0.0 -0.176 -0.718 -0.721 -0.0 -0.685 0.109 0.688 0.0 -0.207 -0.695 0.743 0.0 -0.653 0.144 
0.998 -0.065 -0.014 0.006 -0.797 -0.0 -0.603 0.017 -0.71 0.0 -0.057 -0.702 0.858 0.0 -0.51 -0.066 0.779 0.0 0.063 -0.624 -0.673 -0.0 -0.176 -0.718 -0.721 -0.0 -0.685 0.109 0.688 0.0 -0.208 -0.695 0.744 -0.0 -0.652 0.145 
0.998 -0.066 -0.014 0.006 -0.797 -0.0 -0.603 0.017 -0.71 -0.0 -0.057 -0.702 0.858 0.0 -0.51 -0.066 0.779 0.0 0.063 -0.624 -0.673 -0.0 -0.176 -0.718 -0.721 -0.0 -0.685 0.109 0.688 0.0 -0.208 -0.695 0.744 0.0 -0.652 0.145 
0.998 -0.066 -0.014 0.006 -0.797 -0.0 -0.604 0.017 -0.71 -0.0 -0.057 -0.702 0.857 0.0 -0.51 -0.066 0.779 -0.0 0.063 -0.624 -0.674 -0.0 -0.176 -0.718 -0.72 -0.0 -0.685 0.109 0.688 0.0 -0.207 -0.695 0.743 0.0 -0.653 0.144 
0.998 -0.066 -0.014 0.006 -0.797 -0.0 -0.604 0.017 -0.71 -0.0 -0.058 -0.702 0.857 0.0 -0.51 -0.066 0.779 0.0 0.063 -0.624 -0.674 0.0 -0.176 -0.718 -0.72 -0.0 -0.685 0.109 0.688 0.0 -0.207 -0.695 0.744 0.0 -0.653 0.144 
0.998 -0.066 -0.014 0.006 -0.797 -0.0 -0.604 0.017 -0.71 -0.0 -0.058 -0.702 0.858 -0.0 -0.51 -0.066 0.779 0.0 0.063 -0.624 -0.674 -0.0 -0.176 -0.718 -0.72 0.0 -0.685 0.109 0.688 0.0 -0.207 -0.695 0.743 0.0 -0.653 0.144 
0.998 -0.066 -0.014 0.006 -0.797 -0.0 -0.604 0.018 -0.71 0.0 -0.058 -0.702 0.858 0.0 -0.51 -0.066 0.779 0.0 0.063 -0.624 -0.673 -0.0 -0.176 -0.718 -0.72 0.0 -0.685 0.109 0.688 0.0 -0.207 -0.695 0.744 -0.0 -0.653 0.144 
0.998 -0.066 -0.014 0.006 -0.797 -0.0 -0.604 0.018 -0.71 -0.0 -0.059 -0.702 0.858 0.0 -0.51 -0.066 0.779 0.0 0.063 -0.624 -0.673 -0.0 -0.176 -0.718 -0.72 0.0 -0.685 0.109 0.688 0.0 -0.207 -0.695 0.744 0.0 -0.653 0.144 
0.998 -0.066 -0.014 0.006 -0.797 -0.0 -0.604 0.018 -0.71 -0.0 -0.059 -0.701 0.858 -0.0 -0.51 -0.066 0.779 0.0 0.063 -0.624 -0.674 0.0 -0.176 -0.718 -0.72 -0.0 -0.685 0.109 0.688 0.0 -0.208 -0.695 0.744 0.0 -0.652 0.145 
0.998 -0.066 -0.014 0.006 -0.797 -0.0 -0.604 0.018 -0.71 0.0 -0.06 -0.701 0.858 -0.0 -0.51 -0.066 0.779 -0.0 0.063 -0.624 -0.673 -0.0 -0.176 -0.718 -0.72 -0.0 -0.685 0.109 0.688 0.0 -0.207 -0.695 0.744 0.0 -0.653 0.144 
0.998 -0.066 -0.014 0.006 -0.797 -0.0 -0.604 0.018 -0.71 -0.0 -0.06 -0.701 0.857 -0.0 -0.51 -0.066 0.779 0.0 0.063 -0.624 -0.673 -0.0 -0.176 -0.718 -0.721 -0.0 -0.685 0.109 0.688 0.0 -0.208 -0.695 0.744 -0.0 -0.652 0.145 
0.998 -0.066 -0.014 0.006 -0.797 0.0 -0.604 0.018 -0.71 -0.0 -0.061 -0.701 0.857 0.0 -0.51 -0.066 0.779 0.0 0.063 -0.624 -0.674 -0.0 -0.176 -0.718 -0.721 -0.0 -0.685 0.109 0.688 0.0 -0.207 -0.695 0.743 0.0 -0.653 0.144 
0.998 -0.066 -0.014 0.006 -0.797 -0.0 -0.604 0.018 -0.711 -0.0 -0.061 -0.701 0.857 0.0 -0.51 -0.066 0.779 0.0 0.063 -0.623 -0.674 -0.0 -0.176 -0.718 -0.721 0.0 -0.685 0.109 0.688 0.0 -0.207 -0.695 0.743 0.0 -0.653 0.144 
0.998 -0.066 -0.014 0.006 -0.797 -0.0 -0.604 0.018 -0.711 -0.0 -0.062 -0.701 0.857 0.0 -0.51 -0.066 0.779 0.0 0.063 -0.623 -0.674 0.0 -0.176 -0.718 -0.72 0.0 -0.685 0.109 0.688 0.0 -0.209 -0.695 0.744 0.0 -0.652 0.145 
0.998 -0.066 -0.014 0.006 -0.797 0.0 -0.604 0.018 -0.711 -0.0 -0.062 -0.701 0.857 0.0 -0.51 -0.066 0.78 0.0 0.063 -0.623 -0.674 -0.0 -0.176 -0.718 -0.72 -0.0 -0.685 0.109 0.688 0.0 -0.207 -0.695 0.744 0.0 -0.653 0.144 
0.998 -0.066 -0.014 0.006 -0.797 -0.0 -0.604 0.018 -0.711 0.0 -0.063 -0.701 0.857 0.0 -0.51 -0.066 0.779 0.0 0.063 -0.623 -0.674 0.0 -0.176 -0.718 -0.721 -0.0 -0.685 0.109 0.688 -0.0 -0.207 -0.695 0.744 0.0 -0.653 0.144 
0.998 -0.066 -0.014 0.006 -0.797 -0.0 -0.604 0.019 -0.711 -0.0 -0.063 -0.7 0.857 0.0 -0.51 -0.066 0.78 -0.0 0.063 -0.623 -0.674 -0.0 -0.176 -0.718 -0.72 -0.0 -0.685 0.109 0.688 0.0 -0.207 -0.695 0.744 0.0 -0.653 0.144 
0.998 -0.066 -0.014 0.006 -0.796 -0.0 -0.604 0.019 -0.711 -0.0 -0.063 -0.7 0.857 -0.0 -0.51 -0.066 0.78 -0.0 0.063 -0.623 -0.674 -0.0 -0.176 -0.718 -0.72 -0.0 -0.685 0.109 0.688 0.0 -0.207 -0.695 0.744 0.0 -0.653 0.144 
0.998 -0.066 -0.014 0.006 -0.796 -0.0 -0.604 0.019 -0.711 0.0 -0.064 -0.7 0.857 0.0 -0.51 -0.066 0.78 0.0 0.063 -0.623 -0.674 -0.0 -0.176 -0.718 -0.721 0.0 -0.685 0.109 0.688 0.0 -0.207 -0.695 0.744 0.0 -0.653 0.144 
0.998 -0.066 -0.014 0.006 -0.797 -0.0 -0.604 0.019 -0.711 0.0 -0.064 -0.7 0.857 0.0 -0.51 -0.066 0.78 0.0 0.062 -0.623 -0.674 -0.0 -0.176 -0.718 -0.721 0.0 -0.685 0.11 0.688 0.0 -0.207 -0.695 0.744 -0.0 -0.653 0.144 
0.998 -0.066 -0.014 0.006 -0.797 0.0 -0.604 0.018 -0.711 -0.0 -0.065 -0.7 0.857 0.0 -0.51 -0.066 0.78 0.0 0.062 -0.623 -0.674 0.0 -0.176 -0.718 -0.721 -0.0 -0.685 0.109 0.689 0.0 -0.209 -0.695 0.745 -0.0 -0.652 0.145 
0.998 -0.066 -0.014 0.006 -0.796 0.0 -0.604 0.019 -0.711 -0.0 -0.065 -0.7 0.857 -0.0 -0.51 -0.066 0.78 0.0 0.062 -0.623 -0.674 -0.0 -0.176 -0.718 -0.721 -0.0 -0.685 0.109 0.688 0.0 -0.208 -0.695 0.744 -0.0 -0.652 0.145 
0.998 -0.066 -0.014 0.006 -0.797 -0.0 -0.604 0.019 -0.711 -0.0 -0.065 -0.7 0.857 0.0 -0.511 -0.066 0.78 0.0 0.062 -0.623 -0.674 -0.0 -0.176 -0.718 -0.72 -0.0 -0.685 0.109 0.689 0.0 -0.207 -0.695 0.744 -0.0 -0.653 0.144 
0.998 -0.066 -0.014 0.006 -0.797 -0.0 -0.604 0.018 -0.711 -0.0 -0.065 -0.7 0.857 -0.0 -0.511 -0.066 0.78 0.0 0.062 -0.623 -0.674 -0.0 -0.176 -0.718 -0.721 -0.0 -0.685 0.109 0.689 0.0 -0.209 -0.695 0.744 0.0 -0.652 0.145 
0.998 -0.066 -0.014 0.006 -0.797 -0.0 -0.604 0.018 -0.711 -0.0 -0.066 -0.7 0.857 0.0 -0.511 -0.066 0.78 -0.0 0.061 -0.623 -0.673 -0.0 -0.176 -0.718 -0.721 -0.0 -0.685 0.11 0.689 0.0 -0.207 -0.695 0.744 0.0 -0.653 0.144 
0.998 -0.066 -0.014 0.006 -0.797 -0.0 -0.604 0.018 -0.711 0.0 -0.066 -0.7 0.857 -0.0 -0.511 -0.066 0.78 0.0 0.062 -0.623 -0.673 -0.0 -0.176 -0.718 -0.72 -0.0 -0.685 0.109 0.689 0.0 -0.207 -0.695 0.744 0.0 -0.653 0.144 
0.998 -0.066 -0.014 0.006 -0.797 -0.0 -0.604 0.018 -0.711 0.0 -0.066 -0.7 0.857 0.0 -0.511 -0.066 0.78 0.0 0.062 -0.623 -0.674 -0.0 -0.176 -0.718 -0.72 -0.0 -0.685 0.109 0.689 0.0 -0.208 -0.695 0.744 -0.0 -0.652 0.145 
0.998 -0.066 -0.014 0.006 -0.797 -0.0 -0.604 0.018 -0.712 -0.0 -0.066 -0.699 0.857 0.0 -0.511 -0.066 0.78 0.0 0.062 -0.623 -0.673 -0.0 -0.176 -0.718 -0.72 -0.0 -0.685 0.109 0.689 -0.0 -0.208 -0.694 0.745 -0.0 -0.652 0.145 
0.998 -0.066 -0.014 0.006 -0.797 0.0 -0.604 0.018 -0.712 0.0 -0.066 -0.7 0.857 0.0 -0.511 -0.066 0.78 0.0 0.062 -0.623 -0.674 -0.0 -0.176 -0.718 -0.72 -0.0 -0.685 0.109 0.689 0.0 -0.207 -0.695 0.744 0.0 -0.653 0.144 
0.998 -0.066 -0.014 0.006 -0.797 -0.0 -0.604 0.018 -0.711 -0.0 -0.067 -0.7 0.857 0.0 -0.511 -0.066 0.78 0.0 0.061 -0.623 -0.674 -0.0 -0.176 -0.718 -0.72 -0.0 -0.685 0.109 0.689 0.0 -0.207 -0.695 0.744 -0.0 -0.653 0.143 
0.998 -0.066 -0.014 0.006 -0.797 0.0 -0.604 0.018 -0.711 -0.0 -0.067 -0.7 0.857 0.0 -0.511 -0.066 0.78 0.0 0.062 -0.623 -0.674 -0.0 -0.176 -0.718 -0.72 -0.0 -0.685 0.109 0.689 0.0 -0.207 -0.695 0.744 -0.0 -0.653 0.143 
0.998 -0.066 -0.014 0.006 -0.797 -0.0 -0.604 0.018 -0.711 -0.0 -0.067 -0.7 0.857 0.0 -0.511 -0.066 0.78 0.0 0.062 -0.623 -0.673 -0.0 -0.176 -0.718 -0.72 -0.0 -0.685 0.109 0.689 0.0 -0.208 -0.694 0.745 -0.0 -0.652 0.145 
0.998 -0.066 -0.014 0.006 -0.797 -0.0 -0.604 0.018 -0.711 -0.0 -0.067 -0.7 0.857 0.0 -0.511 -0.066 0.78 0.0 0.062 -0.623 -0.674 0.0 -0.176 -0.718 -0.72 -0.0 -0.685 0.109 0.689 0.0 -0.208 -0.694 0.745 0.0 -0.652 0.144 
0.998 -0.066 -0.014 0.006 -0.797 -0.0 -0.604 0.018 -0.711 -0.0 -0.067 -0.7 0.857 0.0 -0.512 -0.066 0.78 0.0 0.062 -0.623 -0.674 0.0 -0.176 -0.718 -0.72 -0.0 -0.685 0.109 0.689 0.0 -0.208 -0.694 0.744 0.0 -0.652 0.144 
0.998 -0.066 -0.014 0.006 -0.797 -0.0 -0.604 0.018 -0.711 -0.0 -0.067 -0.7 0.857 0.0 -0.512 -0.066 0.78 0.0 0.062 -0.623 -0.674 -0.0 -0.176 -0.718 -0.72 -0.0 -0.685 0.109 0.689 0.0 -0.208 -0.694 0.745 0.0 -0.652 0.144 
0.998 -0.066 -0.014 0.006 -0.797 0.0 -0.604 0.018 -0.711 -0.0 -0.066 -0.7 0.857 0.0 -0.512 -0.066 0.78 -0.0 0.062 -0.623 -0.674 -0.0 -0.176 -0.718 -0.72 -0.0 -0.685 0.109 0.689 0.0 -0.206 -0.695 0.743 -0.0 -0.654 0.142 
0.998 -0.066 -0.014 0.006 -0.797 -0.0 -0.604 0.017 -0.711 -0.0 -0.066 -0.7 0.857 -0.0 -0.512 -0.066 0.78 0.0 0.062 -0.623 -0.674 -0.0 -0.176 -0.718 -0.721 0.0 -0.685 0.109 0.689 0.0 -0.207 -0.694 0.744 0.0 -0.653 0.143 
0.998 -0.066 -0.014 0.006 -0.797 -0.0 -0.604 0.017 -0.712 -0.0 -0.066 -0.7 0.856 -0.0 -0.512 -0.066 0.78 -0.0 0.062 -0.623 -0.674 -0.0 -0.176 -0.718 -0.72 -0.0 -0.685 0.109 0.689 0.0 -0.206 -0.694 0.743 0.0 -0.654 0.142 
0.998 -0.066 -0.014 0.006 -0.797 -0.0 -0.604 0.017 -0.711 -0.0 -0.066 -0.7 0.856 -0.0 -0.512 -0.066 0.78 0.0 0.062 -0.623 -0.674 -0.0 -0.176 -0.718 -0.72 -0.0 -0.685 0.109 0.689 0.0 -0.208 -0.694 0.744 0.0 -0.652 0.144 
0.998 -0.066 -0.014 0.006 -0.797 -0.0 -0.604 0.017 -0.711 -0.0 -0.066 -0.7 0.856 0.0 -0.512 -0.066 0.78 0.0 0.062 -0.623 -0.674 -0.0 -0.176 -0.718 -0.72 -0.0 -0.685 0.109 0.689 0.0 -0.206 -0.695 0.743 -0.0 -0.654 0.142 
0.998 -0.066 -0.014 0.006 -0.797 -0.0 -0.604 0.017 -0.712 0.0 -0.066 -0.7 0.856 0.0 -0.512 -0.065 0.78 0.0 0.062 -0.623 -0.673 0.0 -0.176 -0.718 -0.72 -0.0 -0.685 0.109 0.689 0.0 -0.206 -0.695 0.743 -0.0 -0.654 0.142 
0.998 -0.066 -0.014 0.006 -0.797 -0.0 -0.603 0.017 -0.712 -0.0 -0.065 -0.7 0.856 0.0 -0.512 -0.065 0.78 -0.0 0.062 -0.623 -0.674 -0.0 -0.176 -0.718 -0.72 -0.0 -0.685 0.109 0.689 0.0 -0.206 -0.695 0.743 -0.0 -0.654 0.142 
0.998 -0.066 -0.014 0.006 -0.797 -0.0 -0.604 0.017 -0.711 -0.0 -0.065 -0.7 0.856 0.0 -0.512 -0.065 0.78 -0.0 0.062 -0.623 -0.674 -0.0 -0.176 -0.718 -0.721 -0.0 -0.685 0.109 0.689 0.0 -0.207 -0.695 0.744 0.0 -0.653 0.143 
0.998 -0.066 -0.014 0.006 -0.797 -0.0 -0.603 0.017 -0.712 -0.0 -0.065 -0.7 0.856 0.0 -0.512 -0.065 0.779 0.0 0.062 -0.623 -0.674 -0.0 -0.176 -0.718 -0.721 -0.0 -0.685 0.109 0.689 0.0 -0.206 -0.694 0.743 0.0 -0.654 0.142 
0.998 -0.066 -0.014 0.006 -0.797 -0.0 -0.603 0.016 -0.711 0.0 -0.065 -0.7 0.856 0.0 -0.512 -0.065 0.779 0.0 0.061 -0.623 -0.674 -0.0 -0.176 -0.718 -0.721 0.0 -0.685 0.109 0.689 0.0 -0.208 -0.694 0.745 0.0 -0.652 0.144 
0.998 -0.066 -0.014 0.006 -0.797 0.0 -0.603 0.016 -0.711 -0.0 -0.065 -0.7 0.857 0.0 -0.512 -0.065 0.78 0.0 0.062 -0.623 -0.673 0.0 -0.176 -0.718 -0.72 -0.0 -0.685 0.109 0.689 0.0 -0.208 -0.694 0.745 0.0 -0.652 0.144 
0.998 -0.066 -0.014 0.006 -0.797 -0.0 -0.603 0.016 -0.711 -0.0 -0.065 -0.7 0.857 0.0 -0.512 -0.066 0.779 0.0 0.062 -0.623 -0.674 -0.0 -0.176 -0.718 -0.72 -0.0 -0.685 0.109 0.689 0.0 -0.206 -0.695 0.743 0.0 -0.654 0.142 
0.998 -0.066 -0.014 0.006 -0.798 -0.0 -0.603 0.016 -0.711 -0.0 -0.065 -0.7 0.857 0.0 -0.512 -0.065 0.779 0.0 0.061 -0.624 -0.674 -0.0 -0.176 -0.718 -0.72 0.0 -0.685 0.109 0.689 0.0 -0.208 -0.694 0.745 0.0 -0.652 0.144 
0.998 -0.066 -0.014 0.006 -0.797 0.0 -0.603 0.016 -0.711 -0.0 -0.065 -0.7 0.857 -0.0 -0.512 -0.064 0.779 0.0 0.061 -0.624 -0.674 -0.0 -0.176 -0.718 -0.72 0.0 -0.685 0.109 0.689 0.0 -0.208 -0.694 0.745 -0.0 -0.652 0.144 
0.998 -0.066 -0.014 0.006 -0.798 -0.0 -0.603 0.016 -0.711 -0.0 -0.065 -0.7 0.857 0.0 -0.512 -0.064 0.779 -0.0 0.061 -0.625 -0.674 -0.0 -0.176 -0.718 -0.72 0.0 -0.685 0.109 0.689 0.0 -0.207 -0.695 0.744 0.0 -0.653 0.143 
0.998 -0.066 -0.014 0.006 -0.798 -0.0 -0.603 0.016 -0.711 -0.0 -0.065 -0.7 0.857 0.0 -0.512 -0.064 0.779 0.0 0.061 -0.624 -0.674 -0.0 -0.176 -0.718 -0.721 0.0 -0.685 0.109 0.689 0.0 -0.207 -0.695 0.744 0.0 -0.653 0.143 
0.998 -0.066 -0.014 0.006 -0.798 -0.0 -0.603 0.016 -0.711 -0.0 -0.065 -0.7 0.857 -0.0 -0.512 -0.065 0.779 0.0 0.061 -0.624 -0.674 -0.0 -0.176 -0.718 -0.72 -0.0 -0.685 0.109 0.689 0.0 -0.207 -0.695 0.744 0.0 -0.653 0.143 
0.998 -0.066 -0.014 0.006 -0.798 -0.0 -0.603 0.015 -0.711 -0.0 -0.065 -0.7 0.857 -0.0 -0.512 -0.064 0.779 0.0 0.061 -0.624 -0.674 0.0 -0.176 -0.718 -0.721 -0.0 -0.685 0.109 0.689 0.0 -0.207 -0.695 0.744 0.0 -0.653 0.143 
0.998 -0.066 -0.014 0.006 -0.798 -0.0 -0.603 0.015 -0.711 -0.0 -0.064 -0.7 0.857 -0.0 -0.511 -0.065 0.779 -0.0 0.061 -0.624 -0.674 -0.0 -0.176 -0.718 -0.72 -0.0 -0.685 0.109 0.688 0.0 -0.207 -0.695 0.745 -0.0 -0.651 0.144 
0.998 -0.066 -0.014 0.006 -0.798 -0.0 -0.603 0.015 -0.711 -0.0 -0.064 -0.7 0.857 0.0 -0.512 -0.064 0.779 0.0 0.061 -0.624 -0.674 -0.0 -0.176 -0.718 -0.72 -0.0 -0.685 0.109 0.688 0.0 -0.207 -0.695 0.745 -0.0 -0.651 0.144 
0.998 -0.066 -0.014 0.006 -0.798 -0.0 -0.603 0.015 -0.711 -0.0 -0.064 -0.7 0.857 0.0 -0.511 -0.065 0.779 0.0 0.061 -0.624 -0.674 -0.0 -0.176 -0.718 -0.72 -0.0 -0.685 0.109 0.688 0.0 -0.208 -0.695 0.745 -0.0 -0.651 0.144 
0.998 -0.066 -0.014 0.006 -0.798 -0.0 -0.603 0.015 -0.711 -0.0 -0.064 -0.7 0.857 -0.0 -0.511 -0.065 0.779 -0.0 0.061 -0.624 -0.674 0.0 -0.176 -0.718 -0.72 -0.0 -0.685 0.109 0.689 0.0 -0.207 -0.695 0.744 -0.0 -0.653 0.144 
0.998 -0.066 -0.014 0.006 -0.798 -0.0 -0.603 0.015 -0.711 0.0 -0.064 -0.7 0.857 0.0 -0.511 -0.065 0.779 0.0 0.061 -0.624 -0.674 -0.0 -0.176 -0.718 -0.72 -0.0 -0.685 0.109 0.689 0.0 -0.207 -0.695 0.744 0.0 -0.653 0.144 
0.998 -0.066 -0.014 0.006 -0.798 -0.0 -0.603 0.015 -0.712 -0.0 -0.064 -0.7 0.857 -0.0 -0.511 -0.064 0.779 -0.0 0.061 -0.625 -0.674 -0.0 -0.176 -0.718 -0.72 0.0 -0.685 0.109 0.689 0.0 -0.207 -0.695 0.744 0.0 -0.653 0.144 
0.998 -0.066 -0.014 0.006 -0.798 -0.0 -0.603 0.015 -0.711 -0.0 -0.064 -0.7 0.857 0.0 -0.511 -0.065 0.779 0.0 0.062 -0.624 -0.674 0.0 -0.176 -0.718 -0.72 -0.0 -0.685 0.109 0.688 -0.0 -0.208 -0.695 0.745 -0.0 -0.651 0.145 
0.998 -0.066 -0.014 0.006 -0.798 -0.0 -0.603 0.015 -0.711 -0.0 -0.064 -0.7 0.857 0.0 -0.511 -0.065 0.779 -0.0 0.061 -0.624 -0.674 -0.0 -0.176 -0.718 -0.72 -0.0 -0.685 0.109 0.688 0.0 -0.207 -0.695 0.744 0.0 -0.653 0.144 
0.998 -0.066 -0.014 0.006 -0.798 -0.0 -0.603 0.015 -0.711 -0.0 -0.063 -0.7 0.857 0.0 -0.511 -0.064 0.778 -0.0 0.061 -0.625 -0.674 -0.0 -0.176 -0.718 -0.721 -0.0 -0.685 0.109 0.689 0.0 -0.207 -0.695 0.744 0.0 -0.653 0.144 
0.998 -0.066 -0.014 0.006 -0.798 0.0 -0.603 0.014 -0.711 0.0 -0.063 -0.7 0.857 0.0 -0.511 -0.064 0.778 0.0 0.061 -0.625 -0.674 -0.0 -0.176 -0.718 -0.721 -0.0 -0.685 0.109 0.688 -0.0 -0.207 -0.695 0.744 0.0 -0.653 0.144 
0.998 -0.066 -0.014 0.006 -0.798 -0.0 -0.603 0.015 -0.711 -0.0 -0.064 -0.7 0.857 0.0 -0.511 -0.064 0.778 0.0 0.061 -0.625 -0.674 0.0 -0.176 -0.718 -0.721 -0.0 -0.685 0.109 0.689 -0.0 -0.207 -0.695 0.744 0.0 -0.653 0.144 
0.998 -0.066 -0.014 0.006 -0.798 -0.0 -0.603 0.014 -0.711 -0.0 -0.063 -0.7 0.857 0.0 -0.511 -0.065 0.779 0.0 0.062 -0.624 -0.674 0.0 -0.176 -0.718 -0.72 -0.0 -0.685 0.109 0.688 0.0 -0.208 -0.695 0.745 -0.0 -0.652 0.145 
0.998 -0.066 -0.014 0.006 -0.798 -0.0 -0.603 0.014 -0.711 -0.0 -0.063 -0.7 0.857 0.0 -0.511 -0.065 0.779 0.0 0.062 -0.624 -0.674 -0.0 -0.176 -0.718 -0.72 -0.0 -0.685 0.109 0.688 0.0 -0.208 -0.695 0.745 0.0 -0.651 0.145 
0.998 -0.066 -0.014 0.006 -0.798 -0.0 -0.603 0.014 -0.711 -0.0 -0.064 -0.7 0.857 -0.0 -0.511 -0.064 0.778 0.0 0.062 -0.625 -0.674 -0.0 -0.176 -0.718 -0.72 -0.0 -0.685 0.109 0.689 0.0 -0.209 -0.694 0.745 0.0 -0.651 0.145 
0.998 -0.066 -0.014 0.006 -0.798 -0.0 -0.603 0.014 -0.711 -0.0 -0.063 -0.7 0.857 -0.0 -0.511 -0.065 0.779 0.0 0.062 -0.624 -0.674 0.0 -0.176 -0.718 -0.72 -0.0 -0.685 0.109 0.688 0.0 -0.208 -0.695 0.745 -0.0 -0.651 0.145 
0.998 -0.066 -0.014 0.006 -0.798 -0.0 -0.603 0.014 -0.711 -0.0 -0.063 -0.7 0.857 0.0 -0.511 -0.065 0.779 -0.0 0.062 -0.624 -0.674 -0.0 -0.176 -0.718 -0.72 -0.0 -0.685 0.109 0.688 0.0 -0.207 -0.695 0.744 -0.0 -0.653 0.144 
0.998 -0.066 -0.014 0.006 -0.798 -0.0 -0.603 0.014 -0.712 0.0 -0.063 -0.7 0.857 0.0 -0.511 -0.065 0.779 -0.0 0.062 -0.624 -0.674 0.0 -0.176 -0.718 -0.72 -0.0 -0.685 0.109 0.688 0.0 -0.208 -0.695 0.745 0.0 -0.651 0.145 
0.998 -0.066 -0.014 0.006 -0.798 -0.0 -0.603 0.014 -0.712 -0.0 -0.063 -0.7 0.857 0.0 -0.511 -0.065 0.779 -0.0 0.062 -0.624 -0.674 -0.0 -0.176 -0.718 -0.72 -0.0 -0.685 0.109 0.689 0.0 -0.207 -0.695 0.744 0.0 -0.653 0.144 
0.998 -0.066 -0.014 0.006 -0.798 0.0 -0.603 0.014 -0.712 -0.0 -0.064 -0.7 0.857 0.0 -0.511 -0.064 0.778 0.0 0.062 -0.625 -0.674 -0.0 -0.177 -0.718 -0.72 -0.0 -0.685 0.11 0.689 0.0 -0.207 -0.695 0.744 -0.0 -0.653 0.144 
0.998 -0.066 -0.014 0.006 -0.798 -0.0 -0.603 0.014 -0.712 0.0 -0.064 -0.7 0.857 0.0 -0.511 -0.064 0.779 0.0 0.062 -0.624 -0.674 -0.0 -0.177 -0.718 -0.72 -0.0 -0.685 0.109 0.689 0.0 -0.209 -0.694 0.745 -0.0 -0.651 0.145 
0.998 -0.066 -0.014 0.006 -0.798 -0.0 -0.603 0.014 -0.712 -0.0 -0.064 -0.7 0.857 -0.0 -0.511 -0.065 0.779 0.0 0.062 -0.624 -0.674 -0.0 -0.177 -0.718 -0.72 0.0 -0.685 0.11 0.689 0.0 -0.207 -0.695 0.744 -0.0 -0.652 0.144 
0.998 -0.066 -0.014 0.006 -0.798 -0.0 -0.603 0.014 -0.712 -0.0 -0.064 -0.699 0.857 -0.0 -0.511 -0.064 0.778 0.0 0.062 -0.625 -0.674 -0.0 -0.177 -0.718 -0.72 0.0 -0.685 0.109 0.688 0.0 -0.207 -0.695 0.744 0.0 -0.652 0.145 
0.998 -0.066 -0.014 0.006 -0.798 -0.0 -0.602 0.014 -0.712 0.0 -0.064 -0.699 0.857 -0.0 -0.511 -0.064 0.778 0.0 0.062 -0.625 -0.674 -0.0 -0.177 -0.718 -0.721 -0.0 -0.685 0.11 0.688 0.0 -0.207 -0.695 0.744 0.0 -0.652 0.144 
0.998 -0.066 -0.014 0.006 -0.798 -0.0 -0.602 0.014 -0.712 -0.0 -0.065 -0.699 0.857 0.0 -0.511 -0.064 0.778 0.0 0.062 -0.625 -0.674 -0.0 -0.177 -0.718 -0.72 -0.0 -0.685 0.109 0.689 -0.0 -0.209 -0.694 0.745 0.0 -0.651 0.145 
0.998 -0.066 -0.014 0.006 -0.798 -0.0 -0.602 0.014 -0.712 -0.0 -0.065 -0.699 0.857 0.0 -0.511 -0.064 0.778 0.0 0.062 -0.625 -0.674 -0.0 -0.177 -0.718 -0.721 -0.0 -0.685 0.11 0.688 0.0 -0.208 -0.695 0.745 0.0 -0.651 0.145 
0.998 -0.066 -0.014 0.006 -0.798 -0.0 -0.602 0.014 -0.712 -0.0 -0.065 -0.699 0.857 0.0 -0.511 -0.064 0.778 0.0 0.062 -0.625 -0.674 -0.0 -0.177 -0.718 -0.72 -0.0 -0.685 0.11 0.688 0.0 -0.207 -0.695 0.744 -0.0 -0.653 0.144 
0.998 -0.066 -0.014 0.006 -0.798 0.0 -0.602 0.014 -0.712 0.0 -0.065 -0.699 0.857 0.0 -0.511 -0.064 0.778 0.0 0.062 -0.625 -0.674 -0.0 -0.177 -0.718 -0.72 -0.0 -0.685 0.109 0.689 0.0 -0.209 -0.694 0.745 0.0 -0.651 0.145 
0.998 -0.066 -0.014 0.006 -0.798 -0.0 -0.602 0.014 -0.712 -0.0 -0.065 -0.699 0.857 -0.0 -0.511 -0.064 0.778 0.0 0.062 -0.625 -0.674 -0.0 -0.177 -0.718 -0.72 -0.0 -0.685 0.11 0.688 0.0 -0.207 -0.695 0.744 0.0 -0.653 0.144 
0.998 -0.066 -0.014 0.006 -0.798 -0.0 -0.602 0.014 -0.712 -0.0 -0.065 -0.699 0.857 -0.0 -0.511 -0.065 0.779 -0.0 0.062 -0.624 -0.674 -0.0 -0.177 -0.718 -0.72 -0.0 -0.685 0.109 0.689 0.0 -0.209 -0.694 0.745 -0.0 -0.651 0.145 
0.998 -0.066 -0.014 0.006 -0.798 -0.0 -0.602 0.013 -0.713 -0.0 -0.065 -0.699 0.857 0.0 -0.511 -0.064 0.779 0.0 0.062 -0.624 -0.674 -0.0 -0.177 -0.718 -0.72 -0.0 -0.685 0.11 0.688 -0.0 -0.207 -0.695 0.744 0.0 -0.653 0.144 
0.998 -0.066 -0.014 0.006 -0.798 -0.0 -0.602 0.013 -0.713 -0.0 -0.065 -0.698 0.857 0.0 -0.511 -0.064 0.779 0.0 0.062 -0.624 -0.674 -0.0 -0.177 -0.718 -0.721 -0.0 -0.685 0.11 0.689 0.0 -0.209 -0.694 0.745 0.0 -0.651 0.145 
0.998 -0.066 -0.014 0.006 -0.798 0.0 -0.602 0.013 -0.713 -0.0 -0.066 -0.698 0.857 0.0 -0.511 -0.064 0.779 -0.0 0.061 -0.624 -0.674 -0.0 -0.177 -0.718 -0.72 -0.0 -0.685 0.11 0.689 0.0 -0.209 -0.694 0.745 -0.0 -0.651 0.146 
0.998 -0.066 -0.014 0.006 -0.798 -0.0 -0.602 0.013 -0.713 0.0 -0.066 -0.698 0.857 0.0 -0.511 -0.064 0.779 0.0 0.061 -0.624 -0.674 -0.0 -0.177 -0.718 -0.721 0.0 -0.684 0.11 0.689 0.0 -0.208 -0.695 0.744 0.0 -0.653 0.144 
0.998 -0.066 -0.014 0.006 -0.799 -0.0 -0.602 0.013 -0.713 -0.0 -0.065 -0.698 0.857 0.0 -0.511 -0.064 0.779 0.0 0.061 -0.624 -0.674 -0.0 -0.177 -0.717 -0.72 -0.0 -0.685 0.11 0.689 -0.0 -0.209 -0.694 0.745 0.0 -0.651 0.146 
0.998 -0.066 -0.014 0.006 -0.799 -0.0 -0.602 0.013 -0.713 -0.0 -0.065 -0.698 0.857 -0.0 -0.512 -0.064 0.779 0.0 0.061 -0.624 -0.674 -0.0 -0.177 -0.718 -0.72 -0.0 -0.685 0.11 0.688 -0.0 -0.208 -0.695 0.745 0.0 -0.652 0.146 
0.998 -0.066 -0.014 0.006 -0.799 -0.0 -0.602 0.013 -0.713 -0.0 -0.065 -0.698 0.857 -0.0 -0.512 -0.064 0.779 -0.0 0.061 -0.624 -0.674 -0.0 -0.177 -0.718 -0.72 0.0 -0.685 0.11 0.688 0.0 -0.208 -0.695 0.745 0.0 -0.651 0.146 
0.998 -0.066 -0.014 0.006 -0.799 -0.0 -0.602 0.012 -0.713 -0.0 -0.065 -0.698 0.857 0.0 -0.512 -0.064 0.779 0.0 0.061 -0.624 -0.674 -0.0 -0.177 -0.717 -0.721 -0.0 -0.684 0.11 0.689 0.0 -0.208 -0.695 0.744 0.0 -0.652 0.145 
0.998 -0.066 -0.014 0.006 -0.799 0.0 -0.602 0.012 -0.713 -0.0 -0.065 -0.698 0.857 0.0 -0.512 -0.064 0.779 0.0 0.061 -0.624 -0.674 -0.0 -0.177 -0.718 -0.72 -0.0 -0.685 0.11 0.689 0.0 -0.209 -0.694 0.745 -0.0 -0.651 0.145 
0.998 -0.066 -0.014 0.006 -0.799 -0.0 -0.602 0.012 -0.713 -0.0 -0.065 -0.698 0.857 -0.0 -0.512 -0.064 0.779 0.0 0.061 -0.624 -0.674 -0.0 -0.177 -0.717 -0.721 -0.0 -0.685 0.11 0.689 0.0 -0.208 -0.695 0.744 -0.0 -0.653 0.144 
0.998 -0.066 -0.014 0.006 -0.799 -0.0 -0.601 0.012 -0.713 -0.0 -0.065 -0.698 0.857 -0.0 -0.512 -0.064 0.779 0.0 0.061 -0.624 -0.674 -0.0 -0.177 -0.718 -0.72 -0.0 -0.685 0.11 0.689 0.0 -0.207 -0.695 0.744 0.0 -0.653 0.144 
0.998 -0.066 -0.014 0.006 -0.799 -0.0 -0.601 0.012 -0.713 -0.0 -0.065 -0.699 0.856 0.0 -0.512 -0.064 0.779 -0.0 0.061 -0.624 -0.674 0.0 -0.177 -0.718 -0.72 -0.0 -0.685 0.11 0.689 0.0 -0.207 -0.695 0.744 0.0 -0.653 0.144 
0.998 -0.066 -0.014 0.006 -0.799 -0.0 -0.601 0.012 -0.713 -0.0 -0.065 -0.698 0.856 0.0 -0.512 -0.064 0.779 0.0 0.06 -0.624 -0.674 -0.0 -0.177 -0.718 -0.72 -0.0 -0.685 0.11 0.689 0.0 -0.207 -0.695 0.744 -0.0 -0.653 0.144 
0.998 -0.066 -0.014 0.006 -0.799 -0.0 -0.601 0.012 -0.713 -0.0 -0.065 -0.698 0.856 0.0 -0.512 -0.064 0.779 0.0 0.061 -0.624 -0.674 -0.0 -0.177 -0.718 -0.72 -0.0 -0.685 0.11 0.689 0.0 -0.208 -0.695 0.744 -0.0 -0.653 0.144 
0.998 -0.067 -0.014 0.006 -0.799 -0.0 -0.601 0.012 -0.713 -0.0 -0.065 -0.699 0.856 0.0 -0.512 -0.064 0.779 0.0 0.06 -0.624 -0.674 -0.0 -0.177 -0.718 -0.72 -0.0 -0.685 0.11 0.689 -0.0 -0.209 -0.694 0.745 -0.0 -0.651 0.145 
0.998 -0.066 -0.014 0.006 -0.799 0.0 -0.601 0.012 -0.713 -0.0 -0.064 -0.698 0.856 0.0 -0.513 -0.064 0.779 -0.0 0.06 -0.624 -0.674 -0.0 -0.177 -0.718 -0.72 -0.0 -0.685 0.11 0.689 0.0 -0.206 -0.694 0.743 -0.0 -0.654 0.142 
0.998 -0.066 -0.014 0.006 -0.799 0.0 -0.601 0.011 -0.713 -0.0 -0.064 -0.698 0.856 0.0 -0.513 -0.064 0.779 0.0 0.06 -0.624 -0.674 -0.0 -0.177 -0.718 -0.72 -0.0 -0.685 0.11 0.689 0.0 -0.207 -0.695 0.744 -0.0 -0.653 0.144 
0.998 -0.067 -0.014 0.006 -0.799 -0.0 -0.601 0.012 -0.713 -0.0 -0.064 -0.699 0.856 -0.0 -0.513 -0.064 0.779 0.0 0.06 -0.624 -0.674 0.0 -0.177 -0.717 -0.72 -0.0 -0.685 0.11 0.689 0.0 -0.206 -0.694 0.743 0.0 -0.654 0.143 
0.998 -0.066 -0.014 0.006 -0.799 -0.0 -0.601 0.011 -0.713 -0.0 -0.063 -0.699 0.856 0.0 -0.513 -0.064 0.779 0.0 0.06 -0.624 -0.674 -0.0 -0.177 -0.717 -0.72 -0.0 -0.685 0.11 0.689 0.0 -0.206 -0.695 0.743 0.0 -0.654 0.142 
0.998 -0.066 -0.014 0.006 -0.799 -0.0 -0.601 0.011 -0.713 -0.0 -0.063 -0.698 0.856 0.0 -0.513 -0.064 0.779 0.0 0.06 -0.624 -0.674 0.0 -0.177 -0.717 -0.72 -0.0 -0.685 0.11 0.689 0.0 -0.206 -0.695 0.743 0.0 -0.654 0.142 
0.998 -0.067 -0.014 0.006 -0.799 -0.0 -0.601 0.011 -0.713 -0.0 -0.063 -0.699 0.856 0.0 -0.513 -0.065 0.779 -0.0 0.061 -0.624 -0.674 0.0 -0.177 -0.718 -0.72 -0.0 -0.685 0.11 0.689 0.0 -0.206 -0.694 0.743 0.0 -0.654 0.143 
0.998 -0.066 -0.014 0.006 -0.799 -0.0 -0.601 0.011 -0.713 0.0 -0.062 -0.699 0.856 -0.0 -0.513 -0.065 0.779 0.0 0.06 -0.624 -0.674 -0.0 -0.177 -0.718 -0.721 -0.0 -0.685 0.11 0.69 0.0 -0.208 -0.694 0.744 0.0 -0.652 0.143 
0.998 -0.066 -0.014 0.006 -0.799 -0.0 -0.601 0.011 -0.713 -0.0 -0.062 -0.699 0.856 0.0 -0.513 -0.065 0.779 0.0 0.061 -0.624 -0.674 -0.0 -0.177 -0.717 -0.72 -0.0 -0.685 0.11 0.689 0.0 -0.206 -0.694 0.743 -0.0 -0.654 0.142 
0.998 -0.066 -0.014 0.007 -0.799 -0.0 -0.601 0.011 -0.713 -0.0 -0.062 -0.699 0.856 0.0 -0.513 -0.065 0.779 0.0 0.06 -0.624 -0.674 -0.0 -0.177 -0.717 -0.721 -0.0 -0.685 0.11 0.689 0.0 -0.206 -0.695 0.743 0.0 -0.654 0.143 
0.998 -0.066 -0.014 0.006 -0.799 -0.0 -0.601 0.01 -0.713 -0.0 -0.062 -0.699 0.856 -0.0 -0.513 -0.065 0.779 0.0 0.061 -0.624 -0.674 -0.0 -0.177 -0.718 -0.721 -0.0 -0.685 0.11 0.689 -0.0 -0.206 -0.695 0.743 0.0 -0.654 0.142 
0.998 -0.066 -0.014 0.006 -0.799 -0.0 -0.601 0.01 -0.713 0.0 -0.062 -0.699 0.856 0.0 -0.513 -0.065 0.779 0.0 0.061 -0.624 -0.674 -0.0 -0.177 -0.718 -0.72 -0.0 -0.685 0.11 0.689 -0.0 -0.206 -0.694 0.743 0.0 -0.654 0.142 
0.998 -0.066 -0.014 0.006 -0.799 -0.0 -0.601 0.01 -0.713 -0.0 -0.061 -0.699 0.856 0.0 -0.513 -0.065 0.779 0.0 0.061 -0.624 -0.674 -0.0 -0.177 -0.717 -0.72 -0.0 -0.685 0.11 0.689 0.0 -0.208 -0.694 0.744 -0.0 -0.652 0.143 
0.998 -0.066 -0.014 0.006 -0.799 -0.0 -0.601 0.01 -0.713 -0.0 -0.061 -0.699 0.856 -0.0 -0.513 -0.065 0.779 -0.0 0.061 -0.624 -0.674 -0.0 -0.177 -0.718 -0.72 0.0 -0.685 0.11 0.689 0.0 -0.206 -0.694 0.743 0.0 -0.654 0.142 
0.998 -0.066 -0.014 0.006 -0.799 -0.0 -0.601 0.01 -0.713 -0.0 -0.061 -0.699 0.856 0.0 -0.513 -0.065 0.779 0.0 0.061 -0.624 -0.674 -0.0 -0.177 -0.718 -0.721 -0.0 -0.685 0.11 0.689 0.0 -0.206 -0.695 0.743 0.0 -0.654 0.142 
0.998 -0.066 -0.014 0.007 -0.799 0.0 -0.601 0.01 -0.713 0.0 -0.061 -0.699 0.856 0.0 -0.513 -0.065 0.779 -0.0 0.061 -0.624 -0.674 -0.0 -0.177 -0.718 -0.72 -0.0 -0.685 0.109 0.689 0.0 -0.206 -0.695 0.743 0.0 -0.654 0.142 
0.998 -0.066 -0.014 0.006 -0.799 -0.0 -0.601 0.01 -0.713 -0.0 -0.061 -0.699 0.856 0.0 -0.513 -0.065 0.779 0.0 0.061 -0.624 -0.674 -0.0 -0.177 -0.718 -0.72 -0.0 -0.685 0.11 0.69 0.0 -0.208 -0.694 0.744 0.0 -0.653 0.143 
0.998 -0.066 -0.014 0.006 -0.799 -0.0 -0.601 0.01 -0.713 -0.0 -0.061 -0.699 0.856 -0.0 -0.513 -0.065 0.779 0.0 0.061 -0.624 -0.674 0.0 -0.177 -0.718 -0.72 -0.0 -0.685 0.109 0.689 0.0 -0.206 -0.695 0.743 0.0 -0.654 0.142 
0.998 -0.066 -0.014 0.006 -0.799 -0.0 -0.601 0.01 -0.713 -0.0 -0.061 -0.699 0.856 0.0 -0.513 -0.065 0.779 0.0 0.061 -0.624 -0.674 0.0 -0.177 -0.718 -0.72 -0.0 -0.685 0.109 0.689 0.0 -0.206 -0.695 0.743 0.0 -0.654 0.142 
0.998 -0.066 -0.014 0.007 -0.799 -0.0 -0.601 0.01 -0.713 -0.0 -0.061 -0.699 0.856 0.0 -0.513 -0.065 0.779 0.0 0.061 -0.624 -0.674 0.0 -0.177 -0.717 -0.72 -0.0 -0.685 0.109 0.689 0.0 -0.206 -0.695 0.743 0.0 -0.654 0.142 
0.998 -0.066 -0.014 0.006 -0.799 -0.0 -0.601 0.01 -0.713 -0.0 -0.061 -0.699 0.856 0.0 -0.513 -0.065 0.779 0.0 0.061 -0.624 -0.674 -0.0 -0.177 -0.718 -0.721 -0.0 -0.685 0.11 0.689 -0.0 -0.206 -0.695 0.743 -0.0 -0.654 0.142 
0.998 -0.066 -0.014 0.006 -0.799 -0.0 -0.601 0.01 -0.713 0.0 -0.061 -0.699 0.856 0.0 -0.513 -0.066 0.779 0.0 0.062 -0.624 -0.674 -0.0 -0.177 -0.717 -0.72 -0.0 -0.685 0.109 0.689 0.0 -0.207 -0.694 0.744 0.0 -0.653 0.143 
0.998 -0.066 -0.014 0.006 -0.8 -0.0 -0.601 0.01 -0.713 -0.0 -0.061 -0.698 0.856 0.0 -0.513 -0.066 0.779 0.0 0.062 -0.624 -0.674 -0.0 -0.177 -0.718 -0.721 0.0 -0.685 0.109 0.689 0.0 -0.207 -0.694 0.744 0.0 -0.653 0.143 
0.998 -0.066 -0.014 0.006 -0.8 -0.0 -0.601 0.01 -0.713 0.0 -0.061 -0.698 0.856 0.0 -0.513 -0.066 0.779 0.0 0.062 -0.624 -0.674 -0.0 -0.176 -0.718 -0.721 -0.0 -0.685 0.109 0.689 0.0 -0.206 -0.695 0.743 0.0 -0.654 0.142 
0.998 -0.066 -0.014 0.006 -0.8 -0.0 -0.601 0.009 -0.713 -0.0 -0.061 -0.698 0.856 0.0 -0.513 -0.066 0.779 0.0 0.062 -0.624 -0.674 0.0 -0.177 -0.717 -0.72 -0.0 -0.685 0.109 0.689 0.0 -0.206 -0.695 0.743 -0.0 -0.654 0.142 
0.998 -0.066 -0.014 0.006 -0.8 -0.0 -0.601 0.009 -0.713 -0.0 -0.061 -0.698 0.856 0.0 -0.513 -0.066 0.779 0.0 0.062 -0.624 -0.674 -0.0 -0.177 -0.718 -0.72 -0.0 -0.685 0.109 0.689 0.0 -0.206 -0.695 0.743 -0.0 -0.654 0.142 
0.998 -0.066 -0.014 0.006 -0.8 -0.0 -0.6 0.009 -0.713 0.0 -0.061 -0.698 0.856 -0.0 -0.513 -0.066 0.779 0.0 0.062 -0.624 -0.674 -0.0 -0.177 -0.718 -0.72 -0.0 -0.685 0.109 0.689 0.0 -0.206 -0.695 0.743 0.0 -0.654 0.142 
0.998 -0.066 -0.014 0.006 -0.8 -0.0 -0.6 0.009 -0.714 0.0 -0.061 -0.698 0.856 0.0 -0.513 -0.066 0.779 0.0 0.062 -0.624 -0.674 -0.0 -0.177 -0.718 -0.721 -0.0 -0.685 0.109 0.689 0.0 -0.207 -0.694 0.744 0.0 -0.653 0.143 
0.998 -0.066 -0.014 0.006 -0.8 -0.0 -0.6 0.009 -0.714 -0.0 -0.061 -0.698 0.856 0.0 -0.513 -0.066 0.779 0.0 0.062 -0.624 -0.674 -0.0 -0.177 -0.718 -0.721 -0.0 -0.685 0.11 0.689 0.0 -0.206 -0.695 0.743 -0.0 -0.654 0.142 
0.998 -0.066 -0.014 0.007 -0.8 0.0 -0.6 0.009 -0.714 0.0 -0.061 -0.698 0.856 -0.0 -0.513 -0.066 0.779 0.0 0.062 -0.624 -0.674 -0.0 -0.177 -0.717 -0.72 -0.0 -0.685 0.109 0.689 0.0 -0.206 -0.695 0.743 0.0 -0.654 0.142 
0.998 -0.066 -0.014 0.006 -0.8 -0.0 -0.6 0.009 -0.714 -0.0 -0.061 -0.698 0.856 0.0 -0.513 -0.067 0.779 -0.0 0.062 -0.624 -0.674 -0.0 -0.177 -0.718 -0.72 -0.0 -0.685 0.109 0.689 0.0 -0.206 -0.695 0.743 0.0 -0.654 0.142 
0.998 -0.066 -0.014 0.006 -0.8 -0.0 -0.6 0.009 -0.714 -0.0 -0.061 -0.697 0.856 0.0 -0.513 -0.066 0.779 0.0 0.063 -0.624 -0.674 -0.0 -0.177 -0.718 -0.72 -0.0 -0.685 0.109 0.689 0.0 -0.206 -0.695 0.743 0.0 -0.654 0.142 
0.998 -0.066 -0.014 0.006 -0.8 -0.0 -0.6 0.009 -0.714 -0.0 -0.061 -0.697 0.856 -0.0 -0.513 -0.067 0.779 0.0 0.062 -0.623 -0.674 -0.0 -0.177 -0.717 -0.721 -0.0 -0.685 0.11 0.689 0.0 -0.206 -0.695 0.743 0.0 -0.654 0.142 
0.998 -0.066 -0.014 0.006 -0.8 0.0 -0.6 0.008 -0.714 -0.0 -0.06 -0.697 0.856 0.0 -0.513 -0.067 0.779 0.0 0.062 -0.624 -0.674 -0.0 -0.177 -0.718 -0.72 -0.0 -0.685 0.109 0.689 0.0 -0.206 -0.695 0.743 0.0 -0.654 0.142 
0.998 -0.066 -0.014 0.006 -0.8 -0.0 -0.6 0.008 -0.714 -0.0 -0.061 -0.697 0.856 0.0 -0.513 -0.067 0.779 0.0 0.063 -0.623 -0.674 -0.0 -0.177 -0.718 -0.721 0.0 -0.685 0.11 0.689 0.0 -0.206 -0.695 0.743 0.0 -0.654 0.142 
0.998 -0.066 -0.014 0.006 -0.8 -0.0 -0.6 0.008 -0.714 -0.0 -0.06 -0.697 0.856 0.0 -0.513 -0.066 0.779 0.0 0.062 -0.624 -0.674 -0.0 -0.177 -0.718 -0.72 -0.0 -0.685 0.109 0.689 0.0 -0.206 -0.695 0.743 0.0 -0.654 0.142 
0.998 -0.066 -0.014 0.006 -0.8 -0.0 -0.6 0.008 -0.714 -0.0 -0.06 -0.697 0.856 0.0 -0.513 -0.067 0.779 0.0 0.063 -0.623 -0.674 -0.0 -0.177 -0.718 -0.721 0.0 -0.685 0.11 0.689 0.0 -0.207 -0.694 0.744 0.0 -0.653 0.143 
0.998 -0.066 -0.014 0.006 -0.8 -0.0 -0.6 0.008 -0.714 0.0 -0.06 -0.697 0.856 0.0 -0.513 -0.067 0.779 0.0 0.063 -0.623 -0.674 -0.0 -0.177 -0.718 -0.72 -0.0 -0.685 0.109 0.689 0.0 -0.206 -0.695 0.743 -0.0 -0.654 0.142 
0.998 -0.066 -0.014 0.006 -0.8 0.0 -0.601 0.008 -0.714 0.0 -0.06 -0.697 0.856 0.0 -0.513 -0.066 0.779 0.0 0.062 -0.624 -0.674 0.0 -0.177 -0.718 -0.72 -0.0 -0.685 0.109 0.69 0.0 -0.208 -0.694 0.744 0.0 -0.653 0.143 
0.998 -0.066 -0.014 0.006 -0.8 -0.0 -0.601 0.008 -0.715 -0.0 -0.06 -0.697 0.856 0.0 -0.513 -0.066 0.779 0.0 0.063 -0.623 -0.674 0.0 -0.177 -0.718 -0.72 -0.0 -0.685 0.11 0.689 0.0 -0.206 -0.694 0.743 0.0 -0.654 0.142 
0.998 -0.066 -0.014 0.006 -0.799 -0.0 -0.601 0.008 -0.715 -0.0 -0.059 -0.697 0.856 0.0 -0.513 -0.066 0.779 -0.0 0.063 -0.623 -0.674 -0.0 -0.177 -0.718 -0.721 -0.0 -0.685 0.11 0.689 0.0 -0.206 -0.695 0.743 0.0 -0.654 0.142 
0.998 -0.066 -0.014 0.006 -0.799 -0.0 -0.601 0.008 -0.715 0.0 -0.059 -0.697 0.856 -0.0 -0.513 -0.066 0.779 -0.0 0.062 -0.624 -0.674 0.0 -0.177 -0.718 -0.72 -0.0 -0.685 0.109 0.689 0.0 -0.207 -0.694 0.744 0.0 -0.653 0.143 
0.998 -0.066 -0.014 0.007 -0.799 0.0 -0.601 0.008 -0.715 -0.0 -0.059 -0.697 0.856 -0.0 -0.513 -0.066 0.779 0.0 0.062 -0.623 -0.674 0.0 -0.177 -0.717 -0.721 0.0 -0.684 0.11 0.689 0.0 -0.206 -0.695 0.743 0.0 -0.655 0.142 
0.998 -0.066 -0.014 0.007 -0.799 -0.0 -0.601 0.008 -0.715 -0.0 -0.059 -0.697 0.856 -0.0 -0.513 -0.066 0.779 -0.0 0.062 -0.624 -0.674 -0.0 -0.177 -0.717 -0.721 -0.0 -0.684 0.11 0.689 0.0 -0.206 -0.695 0.743 -0.0 -0.654 0.142 
0.998 -0.066 -0.015 0.007 -0.799 -0.0 -0.601 0.007 -0.715 -0.0 -0.059 -0.697 0.856 0.0 -0.513 -0.066 0.779 0.0 0.062 -0.624 -0.674 -0.0 -0.177 -0.717 -0.72 -0.0 -0.685 0.109 0.689 -0.0 -0.206 -0.695 0.743 0.0 -0.654 0.142 
0.998 -0.066 -0.014 0.006 -0.799 -0.0 -0.601 0.007 -0.715 -0.0 -0.059 -0.697 0.856 -0.0 -0.513 -0.066 0.779 0.0 0.062 -0.624 -0.674 0.0 -0.177 -0.717 -0.721 -0.0 -0.684 0.11 0.689 0.0 -0.206 -0.695 0.743 -0.0 -0.654 0.142 
0.998 -0.066 -0.014 0.006 -0.799 -0.0 -0.601 0.008 -0.715 -0.0 -0.059 -0.697 0.856 0.0 -0.513 -0.066 0.779 -0.0 0.063 -0.623 -0.674 -0.0 -0.177 -0.718 -0.721 -0.0 -0.685 0.11 0.689 -0.0 -0.206 -0.695 0.743 -0.0 -0.654 0.142 
0.998 -0.066 -0.014 0.006 -0.799 0.0 -0.602 0.008 -0.715 -0.0 -0.058 -0.697 0.856 -0.0 -0.513 -0.066 0.779 -0.0 0.062 -0.624 -0.674 0.0 -0.177 -0.717 -0.72 -0.0 -0.685 0.11 0.689 0.0 -0.206 -0.695 0.743 -0.0 -0.654 0.142 
0.998 -0.066 -0.014 0.006 -0.799 -0.0 -0.602 0.008 -0.714 -0.0 -0.058 -0.697 0.856 0.0 -0.513 -0.066 0.779 -0.0 0.062 -0.624 -0.674 -0.0 -0.177 -0.718 -0.721 -0.0 -0.684 0.11 0.689 0.0 -0.206 -0.695 0.743 0.0 -0.654 0.142 
0.998 -0.066 -0.015 0.006 -0.799 -0.0 -0.602 0.008 -0.714 0.0 -0.058 -0.697 0.856 0.0 -0.513 -0.066 0.779 -0.0 0.062 -0.624 -0.674 -0.0 -0.177 -0.717 -0.72 -0.0 -0.685 0.11 0.689 0.0 -0.206 -0.695 0.743 -0.0 -0.654 0.142 
0.998 -0.066 -0.015 0.007 -0.798 0.0 -0.602 0.008 -0.714 -0.0 -0.058 -0.697 0.856 0.0 -0.513 -0.066 0.779 0.0 0.062 -0.624 -0.674 -0.0 -0.177 -0.717 -0.72 -0.0 -0.685 0.109 0.689 0.0 -0.206 -0.695 0.743 0.0 -0.654 0.142 
0.998 -0.066 -0.015 0.007 -0.798 -0.0 -0.602 0.008 -0.714 0.0 -0.058 -0.697 0.855 0.0 -0.514 -0.065 0.779 0.0 0.062 -0.624 -0.674 -0.0 -0.177 -0.717 -0.72 0.0 -0.685 0.11 0.689 0.0 -0.206 -0.695 0.743 -0.0 -0.654 0.142 
0.998 -0.066 -0.015 0.007 -0.798 -0.0 -0.602 0.008 -0.714 -0.0 -0.058 -0.697 0.855 0.0 -0.514 -0.066 0.779 0.0 0.062 -0.623 -0.674 -0.0 -0.177 -0.717 -0.72 -0.0 -0.685 0.11 0.689 0.0 -0.206 -0.695 0.743 0.0 -0.654 0.142 
0.998 -0.066 -0.014 0.006 -0.798 0.0 -0.602 0.008 -0.715 -0.0 -0.058 -0.697 0.855 0.0 -0.514 -0.066 0.779 0.0 0.062 -0.623 -0.674 -0.0 -0.177 -0.717 -0.72 -0.0 -0.685 0.11 0.689 0.0 -0.208 -0.694 0.744 -0.0 -0.653 0.143 
0.998 -0.066 -0.015 0.006 -0.798 -0.0 -0.602 0.008 -0.714 -0.0 -0.058 -0.697 0.855 0.0 -0.514 -0.066 0.779 -0.0 0.062 -0.623 -0.674 -0.0 -0.177 -0.717 -0.72 -0.0 -0.685 0.11 0.689 0.0 -0.206 -0.695 0.743 0.0 -0.654 0.142 
0.998 -0.066 -0.014 0.006 -0.798 -0.0 -0.603 0.008 -0.714 -0.0 -0.058 -0.697 0.855 -0.0 -0.514 -0.066 0.78 0.0 0.062 -0.623 -0.674 -0.0 -0.177 -0.717 -0.72 -0.0 -0.685 0.11 0.689 0.0 -0.206 -0.695 0.743 -0.0 -0.654 0.142 
0.998 -0.066 -0.014 0.007 -0.798 -0.0 -0.603 0.009 -0.714 -0.0 -0.058 -0.697 0.855 -0.0 -0.514 -0.066 0.779 0.0 0.062 -0.624 -0.674 0.0 -0.177 -0.717 -0.72 -0.0 -0.685 0.11 0.689 0.0 -0.206 -0.695 0.743 0.0 -0.654 0.142 
0.998 -0.066 -0.014 0.007 -0.798 -0.0 -0.603 0.009 -0.714 -0.0 -0.059 -0.697 0.855 0.0 -0.514 -0.066 0.779 0.0 0.062 -0.624 -0.674 -0.0 -0.177 -0.718 -0.72 -0.0 -0.685 0.11 0.689 0.0 -0.206 -0.695 0.743 0.0 -0.654 0.142 
0.998 -0.066 -0.014 0.006 -0.798 -0.0 -0.603 0.009 -0.714 -0.0 -0.059 -0.697 0.855 0.0 -0.514 -0.065 0.779 0.0 0.062 -0.624 -0.674 -0.0 -0.177 -0.718 -0.72 -0.0 -0.685 0.11 0.689 -0.0 -0.206 -0.695 0.743 -0.0 -0.654 0.142 
0.998 -0.066 -0.014 0.006 -0.798 -0.0 -0.603 0.009 -0.714 -0.0 -0.059 -0.697 0.855 0.0 -0.514 -0.065 0.779 0.0 0.062 -0.624 -0.674 -0.0 -0.177 -0.718 -0.72 -0.0 -0.685 0.11 0.689 0.0 -0.208 -0.694 0.744 0.0 -0.653 0.143 
0.998 -0.066 -0.015 0.007 -0.798 -0.0 -0.603 0.009 -0.714 -0.0 -0.059 -0.697 0.855 0.0 -0.514 -0.066 0.779 0.0 0.062 -0.624 -0.674 -0.0 -0.177 -0.718 -0.72 -0.0 -0.685 0.11 0.689 0.0 -0.206 -0.695 0.743 -0.0 -0.654 0.142 
0.998 -0.067 -0.014 0.006 -0.798 0.0 -0.603 0.009 -0.715 -0.0 -0.06 -0.697 0.855 0.0 -0.514 -0.065 0.779 0.0 0.062 -0.624 -0.674 -0.0 -0.177 -0.718 -0.721 -0.0 -0.685 0.11 0.689 0.0 -0.206 -0.694 0.743 -0.0 -0.654 0.142 
0.998 -0.067 -0.014 0.006 -0.798 0.0 -0.603 0.009 -0.715 -0.0 -0.06 -0.697 0.855 0.0 -0.514 -0.066 0.779 0.0 0.062 -0.624 -0.674 -0.0 -0.177 -0.718 -0.72 -0.0 -0.685 0.11 0.689 0.0 -0.206 -0.695 0.743 0.0 -0.654 0.142 
0.998 -0.067 -0.014 0.006 -0.798 -0.0 -0.603 0.009 -0.715 -0.0 -0.06 -0.697 0.855 0.0 -0.515 -0.066 0.779 0.0 0.062 -0.624 -0.674 0.0 -0.177 -0.718 -0.72 0.0 -0.685 0.11 0.689 -0.0 -0.206 -0.695 0.743 -0.0 -0.654 0.142 
0.998 -0.067 -0.014 0.006 -0.798 0.0 -0.603 0.009 -0.715 0.0 -0.06 -0.697 0.855 0.0 -0.514 -0.065 0.779 0.0 0.062 -0.624 -0.673 0.0 -0.177 -0.718 -0.72 -0.0 -0.685 0.11 0.689 0.0 -0.207 -0.695 0.743 -0.0 -0.654 0.142 
0.998 -0.067 -0.014 0.006 -0.798 -0.0 -0.603 0.009 -0.715 -0.0 -0.06 -0.697 0.855 -0.0 -0.515 -0.065 0.779 0.0 0.062 -0.624 -0.674 -0.0 -0.177 -0.718 -0.72 -0.0 -0.685 0.11 0.689 0.0 -0.206 -0.695 0.743 0.0 -0.654 0.142 
0.998 -0.067 -0.014 0.006 -0.798 -0.0 -0.603 0.009 -0.715 -0.0 -0.06 -0.697 0.855 -0.0 -0.515 -0.066 0.779 0.0 0.062 -0.624 -0.674 -0.0 -0.177 -0.718 -0.72 -0.0 -0.685 0.11 0.689 0.0 -0.206 -0.695 0.743 -0.0 -0.654 0.142 
0.998 -0.067 -0.014 0.006 -0.798 -0.0 -0.603 0.009 -0.715 -0.0 -0.06 -0.697 0.855 0.0 -0.515 -0.065 0.779 0.0 0.062 -0.624 -0.674 0.0 -0.177 -0.718 -0.72 -0.0 -0.685 0.11 0.689 0.0 -0.206 -0.695 0.743 -0.0 -0.654 0.143 
0.998 -0.067 -0.014 0.006 -0.798 -0.0 -0.603 0.009 -0.715 -0.0 -0.061 -0.697 0.855 0.0 -0.515 -0.066 0.779 0.0 0.063 -0.624 -0.674 -0.0 -0.177 -0.718 -0.721 -0.0 -0.684 0.11 0.689 0.0 -0.207 -0.695 0.743 0.0 -0.654 0.143 
0.998 -0.067 -0.014 0.006 -0.798 -0.0 -0.603 0.009 -0.715 0.0 -0.061 -0.697 0.855 0.0 -0.515 -0.066 0.779 0.0 0.062 -0.624 -0.674 0.0 -0.177 -0.718 -0.72 -0.0 -0.685 0.11 0.689 0.0 -0.206 -0.695 0.743 -0.0 -0.654 0.143 
0.998 -0.067 -0.014 0.006 -0.798 -0.0 -0.603 0.009 -0.715 -0.0 -0.061 -0.697 0.855 -0.0 -0.515 -0.065 0.779 -0.0 0.063 -0.624 -0.674 0.0 -0.177 -0.717 -0.72 0.0 -0.685 0.11 0.689 0.0 -0.206 -0.695 0.743 0.0 -0.654 0.143 
0.998 -0.067 -0.014 0.006 -0.798 -0.0 -0.603 0.009 -0.715 -0.0 -0.061 -0.697 0.855 0.0 -0.515 -0.065 0.779 -0.0 0.063 -0.624 -0.674 -0.0 -0.177 -0.718 -0.72 0.0 -0.685 0.11 0.689 0.0 -0.207 -0.695 0.743 0.0 -0.654 0.143 
0.998 -0.067 -0.014 0.006 -0.798 -0.0 -0.603 0.009 -0.715 0.0 -0.061 -0.697 0.855 0.0 -0.515 -0.065 0.779 -0.0 0.063 -0.624 -0.674 -0.0 -0.177 -0.718 -0.721 -0.0 -0.684 0.11 0.689 -0.0 -0.208 -0.694 0.744 0.0 -0.653 0.144 
0.998 -0.067 -0.014 0.006 -0.798 0.0 -0.603 0.009 -0.715 -0.0 -0.061 -0.697 0.855 0.0 -0.515 -0.065 0.779 -0.0 0.063 -0.624 -0.674 -0.0 -0.177 -0.718 -0.721 -0.0 -0.684 0.11 0.689 0.0 -0.207 -0.695 0.743 0.0 -0.654 0.143 
0.998 -0.067 -0.014 0.006 -0.798 -0.0 -0.603 0.009 -0.715 -0.0 -0.061 -0.697 0.854 -0.0 -0.515 -0.065 0.779 -0.0 0.063 -0.624 -0.674 -0.0 -0.178 -0.717 -0.721 -0.0 -0.684 0.111 0.689 0.0 -0.207 -0.694 0.743 -0.0 -0.654 0.143 
0.998 -0.067 -0.014 0.006 -0.798 -0.0 -0.603 0.01 -0.715 -0.0 -0.06 -0.697 0.854 0.0 -0.515 -0.065 0.779 0.0 0.063 -0.624 -0.673 -0.0 -0.177 -0.718 -0.72 -0.0 -0.685 0.11 0.689 0.0 -0.207 -0.695 0.743 0.0 -0.654 0.143 
0.998 -0.067 -0.014 0.006 -0.798 -0.0 -0.603 0.009 -0.715 -0.0 -0.06 -0.697 0.854 0.0 -0.515 -0.065 0.779 0.0 0.063 -0.624 -0.674 -0.0 -0.178 -0.717 -0.72 -0.0 -0.685 0.11 0.689 -0.0 -0.208 -0.694 0.744 0.0 -0.653 0.144 
0.998 -0.067 -0.014 0.006 -0.798 -0.0 -0.603 0.009 -0.715 -0.0 -0.06 -0.697 0.854 -0.0 -0.516 -0.065 0.779 -0.0 0.063 -0.624 -0.674 -0.0 -0.178 -0.717 -0.72 0.0 -0.685 0.11 0.689 0.0 -0.207 -0.695 0.743 0.0 -0.654 0.143 
0.998 -0.067 -0.014 0.006 -0.798 0.0 -0.603 0.009 -0.715 -0.0 -0.06 -0.697 0.854 0.0 -0.516 -0.065 0.779 0.0 0.063 -0.624 -0.674 0.0 -0.178 -0.718 -0.72 -0.0 -0.685 0.11 0.689 0.0 -0.207 -0.694 0.743 -0.0 -0.654 0.143 
0.998 -0.067 -0.014 0.006 -0.798 -0.0 -0.603 0.009 -0.715 -0.0 -0.06 -0.697 0.854 0.0 -0.516 -0.065 0.779 -0.0 0.064 -0.624 -0.674 -0.0 -0.178 -0.717 -0.72 -0.0 -0.685 0.111 0.689 0.0 -0.209 -0.694 0.744 0.0 -0.653 0.144 
0.998 -0.067 -0.014 0.006 -0.798 0.0 -0.603 0.01 -0.714 -0.0 -0.06 -0.697 0.854 -0.0 -0.516 -0.065 0.779 -0.0 0.064 -0.624 -0.673 0.0 -0.178 -0.718 -0.72 -0.0 -0.685 0.111 0.689 -0.0 -0.209 -0.694 0.744 0.0 -0.653 0.144 
0.998 -0.067 -0.014 0.006 -0.798 -0.0 -0.603 0.009 -0.715 -0.0 -0.059 -0.697 0.854 0.0 -0.516 -0.065 0.779 0.0 0.064 -0.624 -0.674 -0.0 -0.178 -0.718 -0.72 -0.0 -0.685 0.11 0.689 0.0 -0.207 -0.694 0.743 -0.0 -0.654 0.143 
0.998 -0.067 -0.014 0.006 -0.798 -0.0 -0.603 0.009 -0.714 -0.0 -0.059 -0.697 0.854 -0.0 -0.516 -0.065 0.779 -0.0 0.064 -0.624 -0.673 -0.0 -0.178 -0.718 -0.721 0.0 -0.684 0.111 0.689 0.0 -0.209 -0.694 0.744 0.0 -0.653 0.144 
0.998 -0.067 -0.014 0.006 -0.798 -0.0 -0.603 0.009 -0.714 -0.0 -0.059 -0.697 0.854 0.0 -0.516 -0.065 0.779 0.0 0.064 -0.624 -0.673 0.0 -0.178 -0.718 -0.721 -0.0 -0.684 0.111 0.689 0.0 -0.207 -0.694 0.743 0.0 -0.654 0.143 
0.998 -0.067 -0.014 0.006 -0.798 -0.0 -0.603 0.009 -0.714 -0.0 -0.059 -0.697 0.854 0.0 -0.516 -0.065 0.779 0.0 0.064 -0.624 -0.674 -0.0 -0.178 -0.717 -0.72 -0.0 -0.685 0.111 0.689 0.0 -0.207 -0.694 0.743 0.0 -0.654 0.143 
0.998 -0.067 -0.014 0.006 -0.798 -0.0 -0.603 0.009 -0.714 -0.0 -0.059 -0.697 0.854 -0.0 -0.517 -0.065 0.779 0.0 0.064 -0.624 -0.673 0.0 -0.178 -0.718 -0.721 -0.0 -0.684 0.111 0.689 0.0 -0.207 -0.694 0.743 0.0 -0.654 0.143 
0.998 -0.067 -0.014 0.006 -0.798 -0.0 -0.603 0.009 -0.714 -0.0 -0.059 -0.697 0.854 0.0 -0.517 -0.065 0.779 -0.0 0.064 -0.624 -0.673 -0.0 -0.178 -0.718 -0.721 -0.0 -0.684 0.111 0.689 0.0 -0.209 -0.694 0.744 0.0 -0.653 0.144 
0.998 -0.067 -0.014 0.006 -0.798 0.0 -0.603 0.009 -0.714 -0.0 -0.059 -0.697 0.854 0.0 -0.517 -0.064 0.779 0.0 0.063 -0.624 -0.673 -0.0 -0.178 -0.718 -0.72 -0.0 -0.685 0.111 0.689 0.0 -0.207 -0.694 0.743 0.0 -0.654 0.143 
0.998 -0.067 -0.014 0.006 -0.798 0.0 -0.602 0.009 -0.715 -0.0 -0.058 -0.697 0.854 0.0 -0.517 -0.064 0.779 0.0 0.063 -0.624 -0.673 -0.0 -0.178 -0.718 -0.72 -0.0 -0.685 0.111 0.689 0.0 -0.207 -0.694 0.743 -0.0 -0.654 0.143 
0.998 -0.067 -0.014 0.006 -0.798 -0.0 -0.602 0.009 -0.715 -0.0 -0.058 -0.697 0.854 0.0 -0.517 -0.064 0.779 0.0 0.063 -0.624 -0.673 0.0 -0.178 -0.717 -0.72 0.0 -0.685 0.111 0.689 0.0 -0.207 -0.694 0.743 0.0 -0.654 0.143 
0.998 -0.067 -0.014 0.006 -0.798 -0.0 -0.603 0.009 -0.715 0.0 -0.058 -0.697 0.854 0.0 -0.517 -0.064 0.779 0.0 0.063 -0.624 -0.673 -0.0 -0.178 -0.717 -0.721 -0.0 -0.684 0.111 0.689 -0.0 -0.208 -0.694 0.743 -0.0 -0.654 0.143 
0.998 -0.067 -0.014 0.006 -0.798 -0.0 -0.602 0.009 -0.715 -0.0 -0.058 -0.697 0.853 0.0 -0.517 -0.064 0.779 0.0 0.063 -0.624 -0.673 -0.0 -0.178 -0.718 -0.721 0.0 -0.684 0.111 0.689 0.0 -0.207 -0.694 0.743 0.0 -0.654 0.143 
0.998 -0.067 -0.014 0.006 -0.798 -0.0 -0.602 0.009 -0.715 -0.0 -0.057 -0.697 0.853 -0.0 -0.517 -0.064 0.779 -0.0 0.063 -0.624 -0.673 -0.0 -0.178 -0.717 -0.721 0.0 -0.684 0.111 0.689 -0.0 -0.207 -0.694 0.743 -0.0 -0.654 0.143 
0.998 -0.067 -0.014 0.006 -0.798 -0.0 -0.603 0.009 -0.715 -0.0 -0.058 -0.697 0.853 0.0 -0.517 -0.064 0.779 0.0 0.063 -0.624 -0.673 0.0 -0.178 -0.718 -0.72 -0.0 -0.685 0.111 0.689 0.0 -0.207 -0.694 0.743 0.0 -0.654 0.143 
0.998 -0.067 -0.014 0.006 -0.798 -0.0 -0.603 0.009 -0.715 -0.0 -0.057 -0.697 0.853 0.0 -0.517 -0.064 0.779 0.0 0.063 -0.624 -0.673 -0.0 -0.178 -0.718 -0.72 0.0 -0.685 0.111 0.689 0.0 -0.207 -0.694 0.743 0.0 -0.654 0.143 
0.998 -0.067 -0.014 0.006 -0.798 -0.0 -0.603 0.009 -0.714 -0.0 -0.058 -0.697 0.853 0.0 -0.517 -0.064 0.779 -0.0 0.063 -0.624 -0.673 -0.0 -0.178 -0.717 -0.72 -0.0 -0.685 0.111 0.689 0.0 -0.208 -0.694 0.743 -0.0 -0.654 0.144 
0.998 -0.067 -0.014 0.006 -0.798 -0.0 -0.603 0.009 -0.714 -0.0 -0.057 -0.697 0.853 0.0 -0.517 -0.064 0.779 0.0 0.063 -0.624 -0.673 -0.0 -0.178 -0.717 -0.721 -0.0 -0.684 0.111 0.689 0.0 -0.207 -0.695 0.743 0.0 -0.654 0.143 
0.998 -0.067 -0.014 0.006 -0.798 -0.0 -0.603 0.009 -0.715 -0.0 -0.057 -0.697 0.853 0.0 -0.518 -0.064 0.779 0.0 0.062 -0.624 -0.673 -0.0 -0.178 -0.717 -0.72 -0.0 -0.685 0.111 0.689 0.0 -0.208 -0.694 0.743 -0.0 -0.654 0.143 
0.998 -0.067 -0.014 0.006 -0.798 0.0 -0.602 0.009 -0.714 -0.0 -0.058 -0.697 0.853 -0.0 -0.518 -0.065 0.779 0.0 0.063 -0.624 -0.673 -0.0 -0.178 -0.717 -0.72 -0.0 -0.685 0.111 0.689 0.0 -0.208 -0.694 0.743 0.0 -0.654 0.143 
0.998 -0.067 -0.014 0.006 -0.798 -0.0 -0.603 0.009 -0.714 -0.0 -0.057 -0.697 0.853 0.0 -0.518 -0.064 0.779 0.0 0.062 -0.624 -0.673 0.0 -0.178 -0.717 -0.721 -0.0 -0.684 0.111 0.689 -0.0 -0.208 -0.694 0.743 0.0 -0.654 0.143 
0.998 -0.067 -0.014 0.006 -0.798 -0.0 -0.603 0.009 -0.714 0.0 -0.058 -0.697 0.853 0.0 -0.518 -0.064 0.779 -0.0 0.063 -0.624 -0.673 0.0 -0.178 -0.718 -0.72 -0.0 -0.684 0.111 0.689 0.0 -0.208 -0.694 0.743 0.0 -0.654 0.143 
0.998 -0.067 -0.014 0.006 -0.798 -0.0 -0.603 0.009 -0.714 0.0 -0.058 -0.697 0.853 0.0 -0.518 -0.065 0.779 0.0 0.063 -0.624 -0.673 -0.0 -0.178 -0.718 -0.72 -0.0 -0.685 0.111 0.689 0.0 -0.208 -0.694 0.743 0.0 -0.654 0.143 
0.998 -0.067 -0.014 0.006 -0.798 -0.0 -0.603 0.009 -0.714 0.0 -0.057 -0.697 0.853 0.0 -0.518 -0.064 0.779 -0.0 0.063 -0.624 -0.673 -0.0 -0.178 -0.718 -0.72 -0.0 -0.685 0.111 0.689 0.0 -0.209 -0.694 0.744 0.0 -0.653 0.144 
0.998 -0.067 -0.014 0.006 -0.798 -0.0 -0.603 0.009 -0.715 -0.0 -0.058 -0.697 0.853 0.0 -0.517 -0.065 0.779 0.0 0.063 -0.624 -0.673 -0.0 -0.178 -0.718 -0.721 -0.0 -0.684 0.111 0.689 0.0 -0.207 -0.694 0.743 0.0 -0.654 0.143 
0.998 -0.067 -0.014 0.006 -0.798 -0.0 -0.603 0.009 -0.714 -0.0 -0.058 -0.697 0.853 0.0 -0.517 -0.064 0.779 0.0 0.063 -0.624 -0.673 -0.0 -0.178 -0.718 -0.72 0.0 -0.685 0.111 0.689 0.0 -0.208 -0.694 0.743 -0.0 -0.654 0.143 
0.998 -0.067 -0.014 0.007 -0.798 -0.0 -0.603 0.009 -0.714 -0.0 -0.058 -0.697 0.853 0.0 -0.518 -0.064 0.779 0.0 0.063 -0.624 -0.673 0.0 -0.178 -0.717 -0.721 -0.0 -0.684 0.111 0.689 0.0 -0.207 -0.694 0.743 0.0 -0.654 0.143 
0.998 -0.067 -0.014 0.006 -0.798 -0.0 -0.603 0.009 -0.715 -0.0 -0.058 -0.697 0.853 -0.0 -0.518 -0.064 0.779 0.0 0.063 -0.624 -0.673 0.0 -0.178 -0.718 -0.72 0.0 -0.685 0.111 0.689 0.0 -0.207 -0.694 0.742 0.0 -0.654 0.143 
0.998 -0.067 -0.014 0.006 -0.798 -0.0 -0.603 0.009 -0.714 -0.0 -0.058 -0.697 0.853 -0.0 -0.518 -0.064 0.779 0.0 0.063 -0.624 -0.673 -0.0 -0.178 -0.718 -0.72 -0.0 -0.685 0.111 0.689 0.0 -0.209 -0.694 0.744 0.0 -0.653 0.144 
0.998 -0.067 -0.014 0.006 -0.798 -0.0 -0.603 0.009 -0.714 -0.0 -0.058 -0.697 0.853 0.0 -0.518 -0.064 0.779 -0.0 0.063 -0.624 -0.673 -0.0 -0.178 -0.718 -0.721 -0.0 -0.684 0.111 0.689 0.0 -0.209 -0.694 0.744 0.0 -0.653 0.144 
0.998 -0.067 -0.014 0.006 -0.798 -0.0 -0.603 0.009 -0.715 -0.0 -0.058 -0.697 0.853 0.0 -0.518 -0.063 0.778 0.0 0.063 -0.625 -0.673 -0.0 -0.178 -0.718 -0.721 -0.0 -0.684 0.111 0.689 0.0 -0.207 -0.694 0.743 0.0 -0.654 0.143 
0.998 -0.067 -0.014 0.006 -0.798 -0.0 -0.603 0.009 -0.715 -0.0 -0.058 -0.697 0.853 0.0 -0.518 -0.064 0.779 -0.0 0.063 -0.624 -0.673 0.0 -0.178 -0.718 -0.72 -0.0 -0.685 0.111 0.689 0.0 -0.208 -0.694 0.743 -0.0 -0.654 0.143 
0.998 -0.067 -0.014 0.006 -0.798 -0.0 -0.603 0.009 -0.715 -0.0 -0.058 -0.697 0.853 -0.0 -0.518 -0.064 0.779 -0.0 0.063 -0.624 -0.673 -0.0 -0.178 -0.718 -0.72 -0.0 -0.685 0.111 0.689 0.0 -0.207 -0.694 0.743 -0.0 -0.654 0.143 
0.998 -0.067 -0.014 0.006 -0.798 -0.0 -0.603 0.009 -0.715 -0.0 -0.058 -0.697 0.853 0.0 -0.518 -0.064 0.779 -0.0 0.063 -0.624 -0.673 -0.0 -0.178 -0.718 -0.72 0.0 -0.685 0.111 0.689 0.0 -0.207 -0.694 0.743 -0.0 -0.654 0.143 
0.998 -0.067 -0.014 0.006 -0.798 -0.0 -0.603 0.009 -0.715 0.0 -0.058 -0.697 0.853 0.0 -0.517 -0.064 0.779 0.0 0.063 -0.624 -0.673 -0.0 -0.178 -0.718 -0.72 -0.0 -0.685 0.111 0.689 0.0 -0.207 -0.694 0.743 0.0 -0.654 0.143 
0.998 -0.067 -0.014 0.006 -0.798 -0.0 -0.603 0.009 -0.715 -0.0 -0.058 -0.697 0.853 0.0 -0.518 -0.063 0.779 -0.0 0.063 -0.624 -0.673 -0.0 -0.178 -0.718 -0.721 -0.0 -0.684 0.111 0.689 -0.0 -0.207 -0.694 0.743 0.0 -0.654 0.143 
0.998 -0.067 -0.014 0.006 -0.798 -0.0 -0.603 0.009 -0.715 -0.0 -0.058 -0.697 0.853 0.0 -0.517 -0.064 0.779 0.0 0.063 -0.624 -0.673 -0.0 -0.178 -0.718 -0.721 -0.0 -0.684 0.111 0.689 0.0 -0.207 -0.694 0.743 0.0 -0.654 0.143 
0.998 -0.067 -0.014 0.006 -0.798 0.0 -0.603 0.009 -0.715 -0.0 -0.058 -0.697 0.853 -0.0 -0.517 -0.064 0.779 0.0 0.063 -0.624 -0.673 0.0 -0.178 -0.718 -0.72 -0.0 -0.685 0.111 0.689 0.0 -0.209 -0.694 0.744 0.0 -0.653 0.144 
0.998 -0.067 -0.014 0.006 -0.798 0.0 -0.603 0.009 -0.715 -0.0 -0.058 -0.697 0.853 0.0 -0.518 -0.064 0.779 0.0 0.063 -0.624 -0.673 -0.0 -0.178 -0.718 -0.721 0.0 -0.684 0.111 0.689 0.0 -0.209 -0.694 0.744 0.0 -0.652 0.145 
0.998 -0.067 -0.014 0.006 -0.798 -0.0 -0.603 0.009 -0.715 -0.0 -0.058 -0.697 0.853 0.0 -0.517 -0.064 0.779 0.0 0.063 -0.624 -0.673 -0.0 -0.178 -0.718 -0.72 -0.0 -0.685 0.111 0.689 0.0 -0.209 -0.694 0.744 0.0 -0.652 0.145 
0.998 -0.067 -0.014 0.006 -0.798 -0.0 -0.603 0.009 -0.715 -0.0 -0.058 -0.697 0.853 0.0 -0.517 -0.064 0.779 0.0 0.063 -0.624 -0.673 -0.0 -0.178 -0.718 -0.72 -0.0 -0.685 0.111 0.689 0.0 -0.207 -0.694 0.743 0.0 -0.654 0.143 
0.998 -0.067 -0.014 0.006 -0.798 -0.0 -0.603 0.009 -0.715 -0.0 -0.058 -0.697 0.853 0.0 -0.517 -0.064 0.779 0.0 0.063 -0.624 -0.673 -0.0 -0.178 -0.718 -0.721 -0.0 -0.684 0.111 0.689 0.0 -0.207 -0.694 0.743 0.0 -0.654 0.143 
0.998 -0.067 -0.014 0.006 -0.798 -0.0 -0.603 0.009 -0.715 -0.0 -0.058 -0.697 0.853 0.0 -0.517 -0.064 0.779 0.0 0.063 -0.624 -0.673 0.0 -0.178 -0.718 -0.72 0.0 -0.685 0.111 0.689 -0.0 -0.208 -0.694 0.743 0.0 -0.654 0.143 
0.998 -0.067 -0.014 0.006 -0.798 -0.0 -0.603 0.009 -0.715 0.0 -0.058 -0.697 0.853 0.0 -0.517 -0.064 0.779 -0.0 0.063 -0.624 -0.673 -0.0 -0.178 -0.718 -0.72 -0.0 -0.685 0.111 0.689 0.0 -0.208 -0.694 0.743 0.0 -0.654 0.144 
0.998 -0.067 -0.014 0.006 -0.798 -0.0 -0.603 0.008 -0.715 -0.0 -0.058 -0.697 0.853 0.0 -0.517 -0.064 0.779 0.0 0.063 -0.624 -0.673 -0.0 -0.178 -0.718 -0.721 -0.0 -0.684 0.111 0.689 0.0 -0.208 -0.694 0.743 0.0 -0.654 0.144 
0.998 -0.068 -0.014 0.006 -0.798 -0.0 -0.603 0.008 -0.715 -0.0 -0.059 -0.697 0.853 0.0 -0.517 -0.064 0.779 0.0 0.063 -0.624 -0.673 -0.0 -0.178 -0.718 -0.721 -0.0 -0.684 0.112 0.689 0.0 -0.208 -0.694 0.743 0.0 -0.654 0.143 
0.998 -0.068 -0.014 0.006 -0.798 -0.0 -0.603 0.008 -0.715 -0.0 -0.059 -0.697 0.853 -0.0 -0.518 -0.064 0.779 0.0 0.063 -0.624 -0.673 -0.0 -0.178 -0.718 -0.72 -0.0 -0.685 0.111 0.689 0.0 -0.208 -0.694 0.743 0.0 -0.654 0.144 
0.998 -0.068 -0.014 0.006 -0.798 0.0 -0.603 0.008 -0.715 -0.0 -0.059 -0.696 0.853 0.0 -0.517 -0.064 0.779 0.0 0.063 -0.624 -0.673 -0.0 -0.178 -0.718 -0.72 -0.0 -0.685 0.111 0.689 0.0 -0.208 -0.694 0.743 0.0 -0.654 0.144 
0.998 -0.068 -0.014 0.006 -0.798 0.0 -0.603 0.007 -0.715 0.0 -0.06 -0.696 0.853 0.0 -0.518 -0.063 0.779 0.0 0.064 -0.624 -0.673 -0.0 -0.179 -0.718 -0.72 0.0 -0.685 0.112 0.689 0.0 -0.208 -0.694 0.743 0.0 -0.654 0.144 
0.998 -0.068 -0.014 0.006 -0.798 -0.0 -0.603 0.007 -0.716 -0.0 -0.06 -0.696 0.853 0.0 -0.518 -0.063 0.778 0.0 0.063 -0.624 -0.673 -0.0 -0.179 -0.718 -0.72 -0.0 -0.684 0.112 0.689 0.0 -0.208 -0.694 0.743 0.0 -0.654 0.144 
0.998 -0.068 -0.014 0.006 -0.798 -0.0 -0.603 0.007 -0.716 -0.0 -0.061 -0.696 0.853 0.0 -0.518 -0.063 0.779 0.0 0.064 -0.624 -0.673 0.0 -0.179 -0.717 -0.72 -0.0 -0.685 0.112 0.689 0.0 -0.21 -0.693 0.744 -0.0 -0.652 0.145 
0.998 -0.068 -0.014 0.006 -0.798 -0.0 -0.603 0.007 -0.716 -0.0 -0.061 -0.696 0.853 -0.0 -0.518 -0.064 0.779 -0.0 0.064 -0.624 -0.673 -0.0 -0.178 -0.718 -0.72 -0.0 -0.684 0.111 0.689 0.0 -0.208 -0.694 0.743 0.0 -0.654 0.144 
0.998 -0.068 -0.014 0.006 -0.798 -0.0 -0.603 0.007 -0.716 0.0 -0.062 -0.695 0.853 -0.0 -0.518 -0.064 0.779 0.0 0.064 -0.624 -0.673 -0.0 -0.178 -0.718 -0.72 0.0 -0.685 0.111 0.689 0.0 -0.208 -0.694 0.743 0.0 -0.654 0.144 
0.998 -0.068 -0.014 0.006 -0.798 -0.0 -0.603 0.007 -0.716 -0.0 -0.063 -0.695 0.853 0.0 -0.518 -0.064 0.779 0.0 0.064 -0.623 -0.673 -0.0 -0.178 -0.718 -0.72 -0.0 -0.685 0.111 0.689 0.0 -0.21 -0.694 0.744 -0.0 -0.652 0.145 
0.998 -0.068 -0.014 0.006 -0.798 -0.0 -0.602 0.007 -0.716 0.0 -0.063 -0.695 0.853 0.0 -0.518 -0.064 0.779 -0.0 0.064 -0.624 -0.673 0.0 -0.178 -0.718 -0.72 -0.0 -0.685 0.111 0.689 0.0 -0.208 -0.694 0.743 0.0 -0.654 0.144 
0.998 -0.068 -0.014 0.006 -0.798 0.0 -0.603 0.007 -0.716 0.0 -0.063 -0.695 0.853 0.0 -0.518 -0.064 0.779 0.0 0.064 -0.624 -0.673 -0.0 -0.178 -0.717 -0.72 -0.0 -0.685 0.112 0.689 0.0 -0.208 -0.694 0.743 0.0 -0.654 0.144 
0.998 -0.068 -0.014 0.006 -0.798 -0.0 -0.603 0.007 -0.716 -0.0 -0.064 -0.695 0.853 0.0 -0.518 -0.064 0.779 0.0 0.064 -0.624 -0.673 0.0 -0.179 -0.717 -0.72 -0.0 -0.685 0.111 0.689 0.0 -0.208 -0.694 0.743 0.0 -0.654 0.144 
0.998 -0.068 -0.014 0.006 -0.798 0.0 -0.603 0.006 -0.716 0.0 -0.064 -0.695 0.853 0.0 -0.518 -0.065 0.779 -0.0 0.064 -0.623 -0.673 0.0 -0.178 -0.718 -0.721 -0.0 -0.684 0.112 0.689 0.0 -0.208 -0.694 0.743 -0.0 -0.654 0.144 
0.998 -0.068 -0.014 0.006 -0.798 -0.0 -0.603 0.006 -0.716 -0.0 -0.065 -0.695 0.853 -0.0 -0.518 -0.064 0.779 -0.0 0.064 -0.623 -0.673 -0.0 -0.179 -0.718 -0.72 -0.0 -0.685 0.111 0.689 0.0 -0.208 -0.694 0.743 0.0 -0.654 0.144 
0.998 -0.068 -0.014 0.006 -0.798 -0.0 -0.603 0.006 -0.716 -0.0 -0.065 -0.695 0.853 0.0 -0.518 -0.064 0.779 0.0 0.064 -0.624 -0.673 -0.0 -0.179 -0.718 -0.72 -0.0 -0.685 0.111 0.689 0.0 -0.209 -0.694 0.744 0.0 -0.653 0.145 
0.998 -0.068 -0.014 0.006 -0.798 -0.0 -0.603 0.007 -0.716 -0.0 -0.065 -0.695 0.853 -0.0 -0.518 -0.065 0.78 0.0 0.065 -0.623 -0.673 0.0 -0.179 -0.718 -0.72 -0.0 -0.685 0.111 0.689 0.0 -0.208 -0.694 0.743 -0.0 -0.654 0.144 
0.998 -0.068 -0.014 0.006 -0.798 -0.0 -0.603 0.007 -0.716 -0.0 -0.065 -0.695 0.853 0.0 -0.518 -0.065 0.779 0.0 0.064 -0.623 -0.673 0.0 -0.179 -0.717 -0.72 -0.0 -0.685 0.111 0.689 0.0 -0.208 -0.694 0.743 0.0 -0.654 0.144 
0.998 -0.068 -0.014 0.006 -0.797 -0.0 -0.603 0.007 -0.716 -0.0 -0.065 -0.695 0.853 0.0 -0.518 -0.065 0.779 0.0 0.065 -0.623 -0.673 -0.0 -0.179 -0.717 -0.72 0.0 -0.685 0.111 0.689 0.0 -0.208 -0.694 0.743 0.0 -0.654 0.144 
0.998 -0.068 -0.014 0.006 -0.797 -0.0 -0.604 0.007 -0.716 -0.0 -0.065 -0.695 0.853 0.0 -0.518 -0.065 0.779 -0.0 0.065 -0.623 -0.673 -0.0 -0.178 -0.717 -0.72 0.0 -0.685 0.111 0.689 0.0 -0.208 -0.694 0.743 0.0 -0.654 0.144 
0.998 -0.068 -0.014 0.006 -0.797 -0.0 -0.604 0.006 -0.717 -0.0 -0.065 -0.695 0.853 -0.0 -0.518 -0.065 0.779 0.0 0.065 -0.623 -0.673 -0.0 -0.179 -0.718 -0.72 -0.0 -0.685 0.112 0.689 0.0 -0.208 -0.694 0.743 -0.0 -0.654 0.144 
0.998 -0.068 -0.014 0.006 -0.797 0.0 -0.604 0.007 -0.717 0.0 -0.065 -0.695 0.853 0.0 -0.518 -0.065 0.779 0.0 0.065 -0.623 -0.673 -0.0 -0.179 -0.717 -0.72 -0.0 -0.685 0.111 0.689 0.0 -0.209 -0.694 0.744 -0.0 -0.652 0.145 
0.998 -0.068 -0.014 0.006 -0.797 -0.0 -0.604 0.007 -0.716 -0.0 -0.065 -0.695 0.853 0.0 -0.518 -0.065 0.779 0.0 0.065 -0.623 -0.673 -0.0 -0.179 -0.717 -0.72 -0.0 -0.685 0.111 0.689 0.0 -0.208 -0.694 0.743 0.0 -0.654 0.144 
0.998 -0.068 -0.014 0.007 -0.797 -0.0 -0.604 0.007 -0.717 0.0 -0.065 -0.695 0.853 -0.0 -0.518 -0.065 0.779 -0.0 0.065 -0.624 -0.673 -0.0 -0.178 -0.717 -0.72 -0.0 -0.685 0.111 0.689 0.0 -0.208 -0.694 0.743 0.0 -0.654 0.144 
0.998 -0.068 -0.014 0.007 -0.797 -0.0 -0.604 0.007 -0.716 -0.0 -0.065 -0.695 0.853 0.0 -0.518 -0.065 0.779 0.0 0.065 -0.624 -0.673 -0.0 -0.178 -0.717 -0.72 -0.0 -0.685 0.111 0.689 0.0 -0.208 -0.694 0.743 0.0 -0.654 0.144 
0.998 -0.068 -0.014 0.007 -0.797 -0.0 -0.604 0.007 -0.716 -0.0 -0.065 -0.695 0.853 0.0 -0.518 -0.066 0.779 0.0 0.065 -0.623 -0.673 -0.0 -0.179 -0.717 -0.721 -0.0 -0.684 0.112 0.689 0.0 -0.209 -0.694 0.744 -0.0 -0.653 0.145 
0.998 -0.068 -0.014 0.006 -0.797 -0.0 -0.604 0.007 -0.716 -0.0 -0.065 -0.695 0.853 0.0 -0.518 -0.066 0.779 0.0 0.066 -0.623 -0.673 -0.0 -0.179 -0.717 -0.721 -0.0 -0.684 0.112 0.689 0.0 -0.21 -0.693 0.744 0.0 -0.652 0.145 
0.998 -0.068 -0.014 0.006 -0.797 -0.0 -0.605 0.007 -0.716 -0.0 -0.065 -0.695 0.853 0.0 -0.518 -0.066 0.779 0.0 0.066 -0.623 -0.673 -0.0 -0.178 -0.718 -0.72 -0.0 -0.685 0.111 0.689 0.0 -0.209 -0.694 0.744 -0.0 -0.653 0.145 
0.998 -0.068 -0.014 0.006 -0.796 0.0 -0.605 0.007 -0.716 -0.0 -0.065 -0.695 0.853 0.0 -0.518 -0.066 0.779 0.0 0.066 -0.623 -0.673 -0.0 -0.179 -0.718 -0.72 0.0 -0.685 0.112 0.689 0.0 -0.21 -0.694 0.744 0.0 -0.652 0.145 
0.998 -0.068 -0.014 0.007 -0.796 -0.0 -0.605 0.007 -0.716 -0.0 -0.065 -0.695 0.853 0.0 -0.518 -0.066 0.779 -0.0 0.066 -0.623 -0.673 -0.0 -0.179 -0.718 -0.721 -0.0 -0.684 0.112 0.689 0.0 -0.208 -0.694 0.743 -0.0 -0.654 0.144 
0.998 -0.068 -0.014 0.006 -0.796 -0.0 -0.605 0.007 -0.717 -0.0 -0.065 -0.694 0.853 0.0 -0.518 -0.066 0.779 -0.0 0.066 -0.623 -0.673 -0.0 -0.179 -0.718 -0.72 0.0 -0.685 0.112 0.689 0.0 -0.21 -0.693 0.744 -0.0 -0.652 0.145 
0.998 -0.068 -0.014 0.006 -0.796 -0.0 -0.605 0.007 -0.716 -0.0 -0.065 -0.695 0.853 0.0 -0.518 -0.066 0.779 0.0 0.067 -0.623 -0.673 -0.0 -0.179 -0.718 -0.72 0.0 -0.685 0.112 0.689 0.0 -0.208 -0.694 0.743 -0.0 -0.654 0.144 
0.998 -0.068 -0.014 0.006 -0.796 0.0 -0.605 0.007 -0.716 0.0 -0.066 -0.695 0.853 0.0 -0.518 -0.066 0.779 -0.0 0.067 -0.623 -0.673 0.0 -0.178 -0.718 -0.72 -0.0 -0.684 0.112 0.689 0.0 -0.208 -0.694 0.743 0.0 -0.654 0.144 
0.998 -0.068 -0.014 0.006 -0.796 0.0 -0.605 0.007 -0.717 -0.0 -0.066 -0.694 0.853 0.0 -0.518 -0.066 0.779 -0.0 0.067 -0.623 -0.673 -0.0 -0.178 -0.718 -0.72 -0.0 -0.685 0.111 0.689 0.0 -0.21 -0.694 0.744 0.0 -0.652 0.145 
0.998 -0.068 -0.014 0.006 -0.796 -0.0 -0.605 0.007 -0.717 -0.0 -0.066 -0.694 0.853 -0.0 -0.518 -0.066 0.779 0.0 0.067 -0.623 -0.673 -0.0 -0.179 -0.718 -0.72 0.0 -0.684 0.112 0.689 0.0 -0.208 -0.694 0.743 0.0 -0.654 0.144 
0.998 -0.068 -0.014 0.006 -0.796 0.0 -0.605 0.007 -0.717 -0.0 -0.066 -0.694 0.852 -0.0 -0.519 -0.066 0.779 0.0 0.067 -0.623 -0.673 -0.0 -0.179 -0.718 -0.72 -0.0 -0.685 0.112 0.689 -0.0 -0.208 -0.694 0.743 0.0 -0.654 0.144 
0.998 -0.068 -0.014 0.006 -0.796 -0.0 -0.605 0.006 -0.717 -0.0 -0.066 -0.694 0.852 -0.0 -0.519 -0.066 0.779 0.0 0.068 -0.623 -0.673 -0.0 -0.179 -0.718 -0.72 -0.0 -0.685 0.112 0.689 0.0 -0.21 -0.694 0.744 0.0 -0.653 0.145 
0.998 -0.068 -0.014 0.006 -0.796 -0.0 -0.605 0.006 -0.717 -0.0 -0.066 -0.694 0.852 0.0 -0.519 -0.066 0.779 0.0 0.068 -0.623 -0.673 0.0 -0.179 -0.718 -0.72 -0.0 -0.685 0.112 0.689 -0.0 -0.208 -0.694 0.743 -0.0 -0.654 0.144 
0.998 -0.068 -0.014 0.006 -0.796 -0.0 -0.605 0.006 -0.717 -0.0 -0.067 -0.694 0.852 -0.0 -0.519 -0.066 0.779 -0.0 0.068 -0.623 -0.673 0.0 -0.179 -0.718 -0.72 -0.0 -0.685 0.111 0.689 0.0 -0.208 -0.694 0.743 -0.0 -0.654 0.144 
0.998 -0.068 -0.014 0.006 -0.796 0.0 -0.606 0.006 -0.717 -0.0 -0.067 -0.694 0.852 0.0 -0.519 -0.067 0.779 -0.0 0.068 -0.623 -0.673 -0.0 -0.178 -0.718 -0.72 -0.0 -0.684 0.112 0.689 -0.0 -0.208 -0.694 0.743 -0.0 -0.654 0.144 
0.998 -0.068 -0.014 0.006 -0.796 -0.0 -0.606 0.006 -0.717 -0.0 -0.067 -0.694 0.852 0.0 -0.519 -0.067 0.779 0.0 0.068 -0.623 -0.673 -0.0 -0.179 -0.717 -0.72 -0.0 -0.684 0.112 0.689 -0.0 -0.208 -0.694 0.743 0.0 -0.654 0.144 
0.998 -0.068 -0.014 0.006 -0.796 0.0 -0.606 0.006 -0.717 -0.0 -0.067 -0.694 0.852 0.0 -0.519 -0.066 0.779 0.0 0.068 -0.623 -0.673 -0.0 -0.179 -0.718 -0.72 -0.0 -0.685 0.112 0.689 0.0 -0.208 -0.694 0.743 0.0 -0.654 0.144 
0.998 -0.068 -0.014 0.006 -0.796 -0.0 -0.606 0.006 -0.717 -0.0 -0.067 -0.694 0.852 0.0 -0.519 -0.067 0.779 0.0 0.068 -0.623 -0.673 0.0 -0.179 -0.718 -0.72 -0.0 -0.685 0.112 0.689 0.0 -0.208 -0.694 0.743 0.0 -0.654 0.144 
0.998 -0.068 -0.014 0.006 -0.796 -0.0 -0.606 0.006 -0.717 -0.0 -0.067 -0.694 0.852 0.0 -0.519 -0.066 0.779 -0.0 0.068 -0.623 -0.673 -0.0 -0.179 -0.717 -0.72 -0.0 -0.684 0.112 0.689 0.0 -0.208 -0.694 0.743 0.0 -0.654 0.144 
0.998 -0.068 -0.014 0.006 -0.795 -0.0 -0.606 0.006 -0.717 -0.0 -0.067 -0.694 0.852 0.0 -0.519 -0.066 0.779 0.0 0.068 -0.623 -0.673 0.0 -0.179 -0.718 -0.72 -0.0 -0.685 0.112 0.689 0.0 -0.208 -0.694 0.743 0.0 -0.654 0.144 
0.998 -0.068 -0.014 0.006 -0.795 -0.0 -0.606 0.006 -0.717 0.0 -0.067 -0.694 0.852 0.0 -0.519 -0.066 0.779 0.0 0.068 -0.623 -0.673 -0.0 -0.179 -0.717 -0.72 -0.0 -0.685 0.112 0.689 0.0 -0.208 -0.694 0.743 -0.0 -0.654 0.144 
0.998 -0.068 -0.014 0.006 -0.795 -0.0 -0.606 0.006 -0.717 -0.0 -0.067 -0.694 0.852 -0.0 -0.519 -0.066 0.779 0.0 0.068 -0.623 -0.673 -0.0 -0.179 -0.718 -0.72 0.0 -0.685 0.112 0.689 -0.0 -0.208 -0.694 0.743 0.0 -0.654 0.144 
0.998 -0.068 -0.014 0.006 -0.795 -0.0 -0.606 0.006 -0.717 -0.0 -0.067 -0.694 0.852 0.0 -0.519 -0.066 0.779 -0.0 0.068 -0.623 -0.673 -0.0 -0.179 -0.717 -0.72 -0.0 -0.685 0.112 0.689 0.0 -0.21 -0.693 0.744 0.0 -0.652 0.145 
0.998 -0.068 -0.014 0.006 -0.795 -0.0 -0.606 0.006 -0.717 0.0 -0.067 -0.694 0.852 0.0 -0.519 -0.066 0.779 0.0 0.068 -0.623 -0.673 -0.0 -0.179 -0.718 -0.72 -0.0 -0.684 0.112 0.689 0.0 -0.208 -0.694 0.743 0.0 -0.654 0.144 
0.998 -0.068 -0.014 0.006 -0.795 -0.0 -0.606 0.006 -0.717 0.0 -0.067 -0.694 0.852 -0.0 -0.519 -0.066 0.779 0.0 0.068 -0.623 -0.673 -0.0 -0.179 -0.717 -0.721 -0.0 -0.684 0.112 0.689 -0.0 -0.208 -0.694 0.743 0.0 -0.654 0.144 
0.998 -0.068 -0.014 0.007 -0.795 -0.0 -0.607 0.006 -0.717 -0.0 -0.066 -0.694 0.852 -0.0 -0.519 -0.066 0.779 0.0 0.068 -0.623 -0.673 -0.0 -0.179 -0.717 -0.72 -0.0 -0.685 0.112 0.689 0.0 -0.208 -0.694 0.743 0.0 -0.654 0.144 
0.998 -0.068 -0.014 0.006 -0.795 -0.0 -0.607 0.006 -0.716 0.0 -0.066 -0.695 0.852 0.0 -0.519 -0.066 0.779 0.0 0.068 -0.623 -0.673 -0.0 -0.179 -0.717 -0.72 -0.0 -0.684 0.112 0.689 0.0 -0.208 -0.694 0.743 0.0 -0.654 0.144 
0.998 -0.068 -0.014 0.006 -0.795 -0.0 -0.607 0.006 -0.716 -0.0 -0.066 -0.695 0.852 0.0 -0.519 -0.066 0.779 0.0 0.068 -0.623 -0.673 -0.0 -0.179 -0.717 -0.72 -0.0 -0.685 0.112 0.689 0.0 -0.208 -0.694 0.743 0.0 -0.654 0.144 
0.998 -0.068 -0.014 0.006 -0.795 -0.0 -0.607 0.006 -0.716 -0.0 -0.066 -0.695 0.852 -0.0 -0.519 -0.066 0.779 0.0 0.068 -0.623 -0.673 -0.0 -0.179 -0.717 -0.72 -0.0 -0.685 0.112 0.689 0.0 -0.21 -0.693 0.744 0.0 -0.653 0.145 
0.998 -0.068 -0.014 0.006 -0.795 -0.0 -0.607 0.006 -0.716 -0.0 -0.066 -0.695 0.852 0.0 -0.519 -0.066 0.779 0.0 0.068 -0.623 -0.673 -0.0 -0.179 -0.717 -0.72 0.0 -0.685 0.112 0.689 0.0 -0.209 -0.694 0.743 0.0 -0.654 0.144 
0.998 -0.068 -0.014 0.007 -0.795 -0.0 -0.607 0.006 -0.716 -0.0 -0.065 -0.695 0.852 0.0 -0.519 -0.066 0.779 0.0 0.068 -0.623 -0.673 -0.0 -0.179 -0.717 -0.721 -0.0 -0.684 0.113 0.689 0.0 -0.209 -0.694 0.743 0.0 -0.654 0.144 
0.998 -0.068 -0.014 0.006 -0.795 -0.0 -0.607 0.006 -0.716 -0.0 -0.065 -0.695 0.852 0.0 -0.519 -0.066 0.779 0.0 0.068 -0.623 -0.673 -0.0 -0.179 -0.717 -0.72 0.0 -0.685 0.112 0.689 0.0 -0.208 -0.694 0.743 0.0 -0.654 0.144 
0.998 -0.068 -0.014 0.006 -0.794 0.0 -0.607 0.006 -0.716 -0.0 -0.065 -0.695 0.852 0.0 -0.519 -0.065 0.779 0.0 0.068 -0.623 -0.673 -0.0 -0.179 -0.717 -0.72 -0.0 -0.685 0.112 0.689 0.0 -0.209 -0.694 0.743 0.0 -0.654 0.145 
0.998 -0.068 -0.014 0.006 -0.794 -0.0 -0.607 0.006 -0.716 0.0 -0.065 -0.695 0.852 0.0 -0.519 -0.065 0.779 0.0 0.068 -0.623 -0.673 -0.0 -0.179 -0.717 -0.72 -0.0 -0.685 0.112 0.689 0.0 -0.21 -0.693 0.744 -0.0 -0.653 0.146 
0.998 -0.068 -0.014 0.007 -0.794 -0.0 -0.607 0.007 -0.716 -0.0 -0.065 -0.695 0.852 0.0 -0.519 -0.066 0.779 0.0 0.068 -0.623 -0.673 0.0 -0.179 -0.717 -0.72 -0.0 -0.685 0.112 0.689 0.0 -0.21 -0.694 0.743 0.0 -0.653 0.146 
0.998 -0.068 -0.014 0.007 -0.794 -0.0 -0.608 0.007 -0.716 -0.0 -0.065 -0.695 0.852 0.0 -0.519 -0.065 0.779 0.0 0.068 -0.624 -0.673 -0.0 -0.18 -0.717 -0.72 -0.0 -0.685 0.113 0.689 0.0 -0.209 -0.694 0.743 -0.0 -0.654 0.145 
0.998 -0.068 -0.014 0.006 -0.794 0.0 -0.608 0.007 -0.716 -0.0 -0.065 -0.695 0.852 -0.0 -0.519 -0.064 0.779 0.0 0.068 -0.624 -0.673 0.0 -0.179 -0.717 -0.72 0.0 -0.685 0.112 0.689 0.0 -0.209 -0.694 0.743 0.0 -0.654 0.145 
0.998 -0.068 -0.014 0.006 -0.794 -0.0 -0.608 0.007 -0.716 -0.0 -0.065 -0.695 0.852 -0.0 -0.519 -0.064 0.779 -0.0 0.068 -0.624 -0.673 0.0 -0.18 -0.717 -0.72 -0.0 -0.685 0.113 0.689 0.0 -0.209 -0.694 0.743 0.0 -0.654 0.145 
0.998 -0.068 -0.014 0.006 -0.794 -0.0 -0.608 0.007 -0.716 -0.0 -0.065 -0.695 0.852 0.0 -0.519 -0.064 0.779 0.0 0.068 -0.624 -0.673 -0.0 -0.179 -0.717 -0.72 -0.0 -0.685 0.113 0.689 -0.0 -0.209 -0.694 0.743 0.0 -0.654 0.144 
0.998 -0.069 -0.014 0.006 -0.794 0.0 -0.608 0.007 -0.716 0.0 -0.066 -0.695 0.852 0.0 -0.519 -0.064 0.779 -0.0 0.068 -0.623 -0.673 -0.0 -0.18 -0.717 -0.72 -0.0 -0.685 0.113 0.689 0.0 -0.209 -0.694 0.743 0.0 -0.654 0.145 
0.998 -0.068 -0.014 0.006 -0.794 -0.0 -0.608 0.007 -0.716 -0.0 -0.066 -0.695 0.852 0.0 -0.519 -0.064 0.779 0.0 0.068 -0.623 -0.673 -0.0 -0.18 -0.717 -0.72 -0.0 -0.685 0.113 0.689 0.0 -0.211 -0.693 0.744 -0.0 -0.652 0.146 
0.998 -0.068 -0.014 0.006 -0.794 -0.0 -0.608 0.007 -0.716 -0.0 -0.066 -0.695 0.852 -0.0 -0.519 -0.064 0.779 -0.0 0.068 -0.623 -0.673 0.0 -0.18 -0.717 -0.72 -0.0 -0.685 0.112 0.689 0.0 -0.209 -0.694 0.743 0.0 -0.654 0.145 
0.998 -0.068 -0.014 0.006 -0.794 0.0 -0.608 0.008 -0.716 -0.0 -0.066 -0.695 0.852 0.0 -0.519 -0.064 0.779 0.0 0.068 -0.623 -0.673 -0.0 -0.18 -0.717 -0.72 0.0 -0.685 0.113 0.689 0.0 -0.209 -0.694 0.743 0.0 -0.654 0.145 
0.998 -0.069 -0.014 0.006 -0.794 -0.0 -0.608 0.008 -0.716 -0.0 -0.066 -0.695 0.852 -0.0 -0.519 -0.064 0.779 0.0 0.068 -0.623 -0.673 -0.0 -0.18 -0.717 -0.72 -0.0 -0.685 0.113 0.689 0.0 -0.211 -0.693 0.744 -0.0 -0.652 0.146 
0.998 -0.068 -0.014 0.006 -0.794 0.0 -0.608 0.008 -0.716 -0.0 -0.067 -0.695 0.852 0.0 -0.519 -0.064 0.779 -0.0 0.068 -0.623 -0.673 0.0 -0.18 -0.717 -0.72 0.0 -0.685 0.113 0.689 -0.0 -0.209 -0.694 0.743 0.0 -0.654 0.145 
0.998 -0.069 -0.014 0.006 -0.794 -0.0 -0.608 0.008 -0.716 -0.0 -0.067 -0.695 0.852 -0.0 -0.519 -0.064 0.779 0.0 0.068 -0.623 -0.673 -0.0 -0.18 -0.717 -0.72 0.0 -0.685 0.113 0.689 0.0 -0.211 -0.693 0.744 0.0 -0.652 0.146 
0.998 -0.069 -0.014 0.006 -0.794 0.0 -0.608 0.008 -0.716 0.0 -0.067 -0.695 0.852 -0.0 -0.519 -0.064 0.779 0.0 0.068 -0.623 -0.673 -0.0 -0.18 -0.717 -0.72 -0.0 -0.685 0.113 0.689 0.0 -0.211 -0.693 0.744 -0.0 -0.652 0.146 
0.998 -0.068 -0.014 0.006 -0.794 0.0 -0.608 0.008 -0.716 -0.0 -0.067 -0.695 0.852 0.0 -0.519 -0.063 0.779 0.0 0.068 -0.623 -0.673 -0.0 -0.18 -0.717 -0.72 0.0 -0.685 0.113 0.689 0.0 -0.209 -0.694 0.743 0.0 -0.654 0.145 
0.998 -0.068 -0.014 0.006 -0.794 -0.0 -0.608 0.008 -0.716 -0.0 -0.068 -0.695 0.852 0.0 -0.519 -0.063 0.779 0.0 0.068 -0.623 -0.673 -0.0 -0.18 -0.717 -0.72 -0.0 -0.685 0.113 0.689 0.0 -0.211 -0.693 0.744 -0.0 -0.652 0.146 
0.998 -0.069 -0.014 0.006 -0.794 -0.0 -0.608 0.009 -0.716 -0.0 -0.068 -0.695 0.852 0.0 -0.519 -0.063 0.779 0.0 0.068 -0.623 -0.673 -0.0 -0.18 -0.717 -0.72 0.0 -0.684 0.113 0.689 0.0 -0.209 -0.694 0.743 -0.0 -0.654 0.145 
0.998 -0.069 -0.014 0.006 -0.794 -0.0 -0.608 0.009 -0.716 -0.0 -0.068 -0.695 0.852 -0.0 -0.519 -0.063 0.779 0.0 0.068 -0.623 -0.673 -0.0 -0.18 -0.717 -0.72 -0.0 -0.685 0.113 0.689 0.0 -0.211 -0.693 0.744 -0.0 -0.652 0.146 
0.998 -0.069 -0.014 0.006 -0.794 -0.0 -0.608 0.009 -0.716 -0.0 -0.068 -0.694 0.852 0.0 -0.519 -0.063 0.779 0.0 0.068 -0.623 -0.673 -0.0 -0.18 -0.717 -0.72 0.0 -0.685 0.113 0.689 0.0 -0.211 -0.693 0.744 0.0 -0.652 0.146 
0.998 -0.069 -0.014 0.006 -0.794 -0.0 -0.608 0.009 -0.716 -0.0 -0.068 -0.694 0.852 0.0 -0.519 -0.063 0.779 0.0 0.068 -0.623 -0.673 -0.0 -0.18 -0.717 -0.72 -0.0 -0.685 0.113 0.689 0.0 -0.209 -0.694 0.743 0.0 -0.654 0.145 
0.998 -0.069 -0.014 0.006 -0.794 -0.0 -0.608 0.009 -0.716 -0.0 -0.069 -0.695 0.852 0.0 -0.519 -0.063 0.779 0.0 0.068 -0.623 -0.673 -0.0 -0.18 -0.717 -0.72 -0.0 -0.685 0.113 0.689 0.0 -0.209 -0.694 0.743 0.0 -0.654 0.145 
0.998 -0.069 -0.014 0.006 -0.794 -0.0 -0.608 0.009 -0.716 0.0 -0.068 -0.694 0.853 -0.0 -0.519 -0.063 0.779 0.0 0.068 -0.623 -0.673 0.0 -0.18 -0.717 -0.72 0.0 -0.684 0.113 0.689 -0.0 -0.209 -0.694 0.743 0.0 -0.654 0.145 
0.998 -0.069 -0.014 0.006 -0.794 -0.0 -0.608 0.009 -0.716 -0.0 -0.068 -0.694 0.853 -0.0 -0.519 -0.063 0.779 0.0 0.068 -0.623 -0.673 -0.0 -0.18 -0.717 -0.72 0.0 -0.685 0.113 0.689 0.0 -0.209 -0.694 0.743 -0.0 -0.654 0.145 
0.998 -0.069 -0.014 0.006 -0.794 -0.0 -0.608 0.009 -0.716 0.0 -0.068 -0.694 0.853 0.0 -0.519 -0.062 0.779 0.0 0.067 -0.623 -0.673 -0.0 -0.18 -0.717 -0.72 -0.0 -0.685 0.113 0.689 0.0 -0.211 -0.693 0.744 -0.0 -0.652 0.146 
0.998 -0.069 -0.014 0.006 -0.794 -0.0 -0.608 0.009 -0.716 -0.0 -0.068 -0.694 0.853 0.0 -0.519 -0.063 0.779 0.0 0.068 -0.623 -0.673 -0.0 -0.18 -0.717 -0.72 0.0 -0.684 0.114 0.689 0.0 -0.21 -0.694 0.743 0.0 -0.653 0.145 
0.998 -0.069 -0.014 0.006 -0.794 -0.0 -0.608 0.009 -0.716 -0.0 -0.068 -0.694 0.853 -0.0 -0.519 -0.063 0.779 0.0 0.068 -0.623 -0.673 -0.0 -0.18 -0.717 -0.72 0.0 -0.685 0.113 0.689 0.0 -0.211 -0.693 0.744 0.0 -0.652 0.146 
0.998 -0.069 -0.014 0.006 -0.794 0.0 -0.608 0.01 -0.716 -0.0 -0.068 -0.694 0.853 0.0 -0.519 -0.063 0.779 0.0 0.068 -0.623 -0.673 0.0 -0.18 -0.717 -0.72 -0.0 -0.685 0.113 0.689 0.0 -0.209 -0.694 0.743 0.0 -0.654 0.145 
0.998 -0.069 -0.014 0.006 -0.794 -0.0 -0.608 0.01 -0.716 -0.0 -0.068 -0.694 0.853 0.0 -0.519 -0.062 0.779 -0.0 0.067 -0.624 -0.673 -0.0 -0.18 -0.717 -0.72 -0.0 -0.684 0.113 0.689 0.0 -0.21 -0.694 0.743 -0.0 -0.654 0.145 
0.998 -0.069 -0.014 0.006 -0.794 -0.0 -0.608 0.01 -0.716 -0.0 -0.068 -0.694 0.853 0.0 -0.519 -0.062 0.779 0.0 0.068 -0.624 -0.673 -0.0 -0.18 -0.717 -0.72 -0.0 -0.685 0.113 0.689 0.0 -0.21 -0.694 0.743 0.0 -0.654 0.145 
0.998 -0.069 -0.014 0.006 -0.794 -0.0 -0.608 0.01 -0.716 -0.0 -0.068 -0.694 0.853 0.0 -0.519 -0.062 0.779 0.0 0.067 -0.624 -0.673 0.0 -0.18 -0.717 -0.72 -0.0 -0.684 0.114 0.689 0.0 -0.211 -0.693 0.744 -0.0 -0.652 0.146 
0.998 -0.069 -0.014 0.006 -0.794 -0.0 -0.608 0.01 -0.716 -0.0 -0.068 -0.695 0.853 0.0 -0.519 -0.062 0.779 0.0 0.067 -0.624 -0.673 0.0 -0.18 -0.717 -0.72 -0.0 -0.684 0.113 0.689 0.0 -0.209 -0.694 0.743 0.0 -0.654 0.145 
0.997 -0.069 -0.014 0.006 -0.794 -0.0 -0.608 0.01 -0.716 -0.0 -0.068 -0.695 0.853 0.0 -0.519 -0.062 0.779 0.0 0.067 -0.624 -0.673 -0.0 -0.18 -0.717 -0.72 -0.0 -0.685 0.113 0.689 0.0 -0.21 -0.694 0.743 -0.0 -0.654 0.146 
0.997 -0.069 -0.014 0.006 -0.794 -0.0 -0.608 0.01 -0.716 0.0 -0.068 -0.695 0.853 0.0 -0.519 -0.062 0.779 0.0 0.067 -0.624 -0.673 -0.0 -0.18 -0.717 -0.72 -0.0 -0.685 0.113 0.689 -0.0 -0.21 -0.694 0.742 0.0 -0.654 0.146 
0.997 -0.069 -0.014 0.006 -0.794 -0.0 -0.608 0.01 -0.716 -0.0 -0.067 -0.695 0.853 0.0 -0.519 -0.062 0.778 0.0 0.067 -0.624 -0.673 -0.0 -0.18 -0.717 -0.721 -0.0 -0.684 0.114 0.689 0.0 -0.211 -0.693 0.744 0.0 -0.652 0.147 
0.997 -0.069 -0.014 0.006 -0.794 -0.0 -0.608 0.01 -0.716 -0.0 -0.067 -0.695 0.853 0.0 -0.519 -0.062 0.779 0.0 0.067 -0.624 -0.673 -0.0 -0.18 -0.717 -0.721 -0.0 -0.684 0.114 0.689 0.0 -0.21 -0.694 0.743 0.0 -0.654 0.146 
0.997 -0.069 -0.014 0.006 -0.794 -0.0 -0.608 0.01 -0.716 -0.0 -0.067 -0.695 0.853 0.0 -0.519 -0.062 0.778 0.0 0.067 -0.624 -0.673 0.0 -0.18 -0.717 -0.72 -0.0 -0.685 0.113 0.689 0.0 -0.211 -0.693 0.744 -0.0 -0.652 0.147 
0.997 -0.069 -0.014 0.006 -0.794 0.0 -0.608 0.01 -0.716 0.0 -0.067 -0.695 0.853 0.0 -0.519 -0.062 0.778 -0.0 0.067 -0.624 -0.673 -0.0 -0.18 -0.717 -0.72 -0.0 -0.685 0.113 0.689 0.0 -0.21 -0.694 0.743 -0.0 -0.654 0.145 
0.997 -0.069 -0.014 0.006 -0.794 -0.0 -0.608 0.01 -0.716 -0.0 -0.067 -0.695 0.853 -0.0 -0.519 -0.062 0.779 -0.0 0.067 -0.624 -0.673 -0.0 -0.181 -0.717 -0.721 0.0 -0.684 0.114 0.689 0.0 -0.211 -0.693 0.744 0.0 -0.652 0.147 
0.997 -0.069 -0.014 0.007 -0.794 -0.0 -0.608 0.011 -0.716 -0.0 -0.067 -0.695 0.853 0.0 -0.519 -0.062 0.778 0.0 0.067 -0.624 -0.673 -0.0 -0.18 -0.717 -0.72 0.0 -0.684 0.113 0.689 0.0 -0.211 -0.693 0.744 0.0 -0.652 0.146 
0.997 -0.069 -0.014 0.007 -0.794 -0.0 -0.608 0.011 -0.716 0.0 -0.067 -0.695 0.853 0.0 -0.519 -0.062 0.779 0.0 0.068 -0.624 -0.673 -0.0 -0.18 -0.717 -0.72 0.0 -0.685 0.113 0.689 0.0 -0.211 -0.693 0.744 0.0 -0.652 0.147 
0.997 -0.069 -0.014 0.007 -0.794 -0.0 -0.608 0.011 -0.716 -0.0 -0.067 -0.695 0.853 0.0 -0.519 -0.062 0.778 0.0 0.067 -0.624 -0.673 -0.0 -0.18 -0.717 -0.72 -0.0 -0.685 0.113 0.689 0.0 -0.211 -0.693 0.744 0.0 -0.652 0.147 
0.997 -0.069 -0.014 0.006 -0.794 -0.0 -0.608 0.011 -0.716 -0.0 -0.067 -0.695 0.853 -0.0 -0.519 -0.062 0.778 0.0 0.067 -0.624 -0.673 -0.0 -0.181 -0.717 -0.721 -0.0 -0.684 0.114 0.689 0.0 -0.21 -0.694 0.743 0.0 -0.654 0.146 
0.997 -0.069 -0.014 0.007 -0.794 -0.0 -0.608 0.011 -0.716 -0.0 -0.067 -0.695 0.853 0.0 -0.519 -0.062 0.779 -0.0 0.067 -0.624 -0.673 -0.0 -0.181 -0.717 -0.72 -0.0 -0.685 0.114 0.689 0.0 -0.21 -0.694 0.743 0.0 -0.654 0.146 
0.997 -0.069 -0.014 0.006 -0.794 -0.0 -0.608 0.011 -0.716 -0.0 -0.067 -0.695 0.853 -0.0 -0.518 -0.062 0.779 0.0 0.067 -0.624 -0.673 -0.0 -0.181 -0.717 -0.72 -0.0 -0.685 0.113 0.689 0.0 -0.211 -0.693 0.744 0.0 -0.652 0.147 
