# T   LUA LFA RUA RFA LT  LS  RT  RS  
0.999 -0.037 -0.034 -0.013 -0.708 -0.0 -0.701 -0.086 -1.0 -0.0 0.0 0.0 0.947 0.0 -0.105 -0.305 0.444 0.0 0.543 -0.713 -0.688 0.0 -0.72 0.097 -0.999 -0.0 -0.005 0.033 0.744 0.0 -0.666 0.06 0.996 0.0 -0.007 0.093 
0.999 -0.038 -0.035 -0.014 -0.708 -0.0 -0.701 -0.087 -1.0 -0.0 0.0 -0.0 0.948 -0.0 -0.106 -0.301 0.445 -0.0 0.544 -0.711 -0.688 -0.0 -0.72 0.097 -0.999 -0.0 -0.005 0.033 0.744 0.0 -0.666 0.06 0.996 0.0 -0.007 0.094 
0.999 -0.038 -0.035 -0.015 -0.708 -0.0 -0.701 -0.088 -1.0 -0.0 -0.0 0.0 0.949 0.0 -0.108 -0.297 0.447 0.0 0.545 -0.709 -0.688 -0.0 -0.719 0.097 -0.999 -0.0 -0.006 0.033 0.744 0.0 -0.666 0.061 0.996 -0.0 -0.006 0.093 
0.999 -0.038 -0.035 -0.016 -0.707 -0.0 -0.701 -0.089 -1.0 -0.0 -0.0 0.0 0.95 0.0 -0.11 -0.293 0.45 0.0 0.546 -0.707 -0.688 -0.0 -0.719 0.097 -0.999 0.0 -0.007 0.033 0.744 0.0 -0.666 0.062 0.996 -0.0 -0.006 0.093 
0.998 -0.039 -0.035 -0.018 -0.707 -0.0 -0.701 -0.09 -1.0 0.0 -0.0 0.0 0.951 -0.0 -0.112 -0.288 0.454 0.0 0.546 -0.704 -0.688 -0.0 -0.719 0.097 -0.999 -0.0 -0.007 0.033 0.744 0.0 -0.666 0.063 0.996 0.0 -0.006 0.094 
0.998 -0.039 -0.035 -0.019 -0.708 -0.0 -0.701 -0.091 -1.0 -0.0 0.0 -0.0 0.952 0.0 -0.115 -0.284 0.458 0.0 0.547 -0.701 -0.689 -0.0 -0.719 0.098 -0.999 -0.0 -0.009 0.033 0.743 0.0 -0.666 0.064 0.996 -0.0 -0.005 0.094 
0.998 -0.039 -0.035 -0.021 -0.708 0.0 -0.701 -0.092 -1.0 0.0 -0.0 -0.0 0.953 0.0 -0.118 -0.279 0.462 0.0 0.548 -0.698 -0.689 0.0 -0.718 0.098 -0.999 -0.0 -0.01 0.034 0.743 0.0 -0.666 0.065 0.996 0.0 -0.005 0.093 
0.998 -0.04 -0.035 -0.022 -0.708 -0.0 -0.7 -0.094 -1.0 -0.0 0.0 0.0 0.954 0.0 -0.121 -0.274 0.467 0.0 0.548 -0.694 -0.689 -0.0 -0.718 0.098 -0.999 0.0 -0.011 0.034 0.743 0.0 -0.666 0.066 0.996 0.0 -0.004 0.094 
0.998 -0.04 -0.035 -0.023 -0.707 0.0 -0.7 -0.094 -1.0 -0.0 -0.0 0.0 0.955 0.0 -0.123 -0.27 0.471 0.0 0.548 -0.691 -0.689 -0.0 -0.718 0.098 -0.999 -0.0 -0.011 0.034 0.743 -0.0 -0.666 0.067 0.996 0.0 -0.004 0.094 
0.998 -0.041 -0.035 -0.025 -0.707 0.0 -0.7 -0.095 -1.0 -0.0 0.0 -0.0 0.956 0.0 -0.126 -0.265 0.476 -0.0 0.549 -0.687 -0.69 -0.0 -0.717 0.098 -0.999 0.0 -0.011 0.034 0.743 0.0 -0.666 0.068 0.996 0.0 -0.003 0.094 
0.998 -0.041 -0.035 -0.027 -0.707 -0.0 -0.7 -0.097 -1.0 0.0 -0.0 0.0 0.957 0.0 -0.129 -0.261 0.481 0.0 0.55 -0.683 -0.69 -0.0 -0.718 0.096 -0.999 0.0 -0.011 0.035 0.742 0.0 -0.667 0.068 0.996 0.0 -0.003 0.094 
0.998 -0.041 -0.035 -0.028 -0.707 0.0 -0.7 -0.098 -1.0 -0.0 -0.0 0.0 0.958 -0.0 -0.131 -0.257 0.486 0.0 0.551 -0.679 -0.69 -0.0 -0.718 0.096 -0.999 0.0 -0.011 0.035 0.742 0.0 -0.667 0.069 0.996 0.0 -0.003 0.094 
0.998 -0.041 -0.035 -0.029 -0.707 -0.0 -0.7 -0.098 -1.0 -0.0 0.0 0.0 0.958 0.0 -0.133 -0.254 0.491 0.0 0.551 -0.675 -0.69 -0.0 -0.718 0.097 -0.999 -0.0 -0.011 0.035 0.742 0.0 -0.667 0.069 0.996 0.0 -0.002 0.094 
0.998 -0.042 -0.035 -0.03 -0.707 -0.0 -0.7 -0.099 -1.0 -0.0 -0.0 0.0 0.958 0.0 -0.135 -0.252 0.496 -0.0 0.551 -0.671 -0.69 -0.0 -0.717 0.097 -0.999 0.0 -0.012 0.036 0.742 0.0 -0.667 0.07 0.996 0.0 -0.002 0.094 
0.998 -0.042 -0.035 -0.03 -0.707 -0.0 -0.7 -0.099 -1.0 -0.0 0.0 0.0 0.958 -0.0 -0.137 -0.251 0.501 0.0 0.552 -0.667 -0.69 -0.0 -0.717 0.097 -0.999 -0.0 -0.013 0.035 0.742 0.0 -0.667 0.07 0.996 0.0 -0.002 0.094 
0.998 -0.042 -0.036 -0.031 -0.707 -0.0 -0.7 -0.098 -1.0 -0.0 -0.0 -0.0 0.958 0.0 -0.138 -0.251 0.506 0.0 0.551 -0.664 -0.691 0.0 -0.717 0.098 -0.999 0.0 -0.013 0.035 0.742 -0.0 -0.667 0.071 0.996 0.0 -0.001 0.094 
0.998 -0.043 -0.036 -0.03 -0.707 -0.0 -0.701 -0.097 -1.0 -0.0 0.0 -0.0 0.958 0.0 -0.139 -0.252 0.51 0.0 0.551 -0.661 -0.691 0.0 -0.716 0.1 -0.999 -0.0 -0.014 0.035 0.742 -0.0 -0.667 0.072 0.996 0.0 -0.001 0.094 
0.998 -0.043 -0.036 -0.03 -0.707 0.0 -0.701 -0.097 -1.0 0.0 0.0 -0.0 0.957 0.0 -0.14 -0.253 0.513 -0.0 0.551 -0.658 -0.691 -0.0 -0.716 0.1 -0.999 -0.0 -0.014 0.035 0.742 0.0 -0.666 0.072 0.996 0.0 -0.001 0.094 
0.998 -0.043 -0.036 -0.03 -0.707 0.0 -0.701 -0.096 -1.0 -0.0 0.0 0.0 0.957 -0.0 -0.14 -0.254 0.517 0.0 0.55 -0.656 -0.691 -0.0 -0.716 0.101 -0.999 0.0 -0.015 0.035 0.742 -0.0 -0.667 0.072 0.996 0.0 -0.001 0.094 
0.998 -0.044 -0.036 -0.029 -0.707 -0.0 -0.701 -0.094 -1.0 0.0 -0.0 0.0 0.956 -0.0 -0.14 -0.256 0.519 0.0 0.551 -0.654 -0.691 -0.0 -0.716 0.101 -0.999 -0.0 -0.015 0.034 0.742 0.0 -0.667 0.072 0.996 0.0 -0.001 0.094 
0.998 -0.044 -0.036 -0.029 -0.707 -0.0 -0.701 -0.093 -1.0 -0.0 -0.0 0.0 0.956 0.0 -0.14 -0.259 0.52 0.0 0.551 -0.653 -0.691 -0.0 -0.716 0.102 -0.999 -0.0 -0.014 0.034 0.742 0.0 -0.667 0.072 0.996 0.0 -0.001 0.094 
0.998 -0.044 -0.036 -0.028 -0.707 -0.0 -0.701 -0.092 -1.0 -0.0 0.0 0.0 0.955 0.0 -0.139 -0.262 0.52 0.0 0.552 -0.652 -0.691 -0.0 -0.716 0.101 -0.999 -0.0 -0.014 0.035 0.742 -0.0 -0.667 0.071 0.996 -0.0 -0.001 0.094 
0.998 -0.043 -0.035 -0.027 -0.707 -0.0 -0.702 -0.091 -1.0 -0.0 -0.0 0.0 0.954 -0.0 -0.139 -0.265 0.519 0.0 0.552 -0.652 -0.691 -0.0 -0.716 0.101 -0.999 -0.0 -0.014 0.035 0.742 0.0 -0.667 0.071 0.996 0.0 -0.001 0.094 
0.998 -0.043 -0.035 -0.026 -0.707 -0.0 -0.702 -0.089 -1.0 -0.0 -0.0 0.0 0.953 0.0 -0.138 -0.269 0.518 0.0 0.553 -0.653 -0.691 -0.0 -0.716 0.1 -0.999 -0.0 -0.013 0.035 0.742 0.0 -0.667 0.07 0.996 0.0 -0.002 0.094 
0.998 -0.043 -0.035 -0.025 -0.707 -0.0 -0.702 -0.088 -1.0 -0.0 -0.0 0.0 0.953 0.0 -0.136 -0.272 0.515 0.0 0.554 -0.654 -0.691 -0.0 -0.716 0.1 -0.999 -0.0 -0.013 0.035 0.742 -0.0 -0.667 0.069 0.996 -0.0 -0.002 0.094 
0.998 -0.043 -0.035 -0.024 -0.707 -0.0 -0.702 -0.087 -1.0 -0.0 0.0 0.0 0.951 0.0 -0.135 -0.276 0.511 0.0 0.555 -0.656 -0.69 -0.0 -0.717 0.1 -0.999 -0.0 -0.013 0.035 0.742 0.0 -0.666 0.068 0.996 0.0 -0.003 0.094 
0.998 -0.042 -0.035 -0.022 -0.707 -0.0 -0.702 -0.086 -1.0 -0.0 0.0 0.0 0.951 0.0 -0.134 -0.28 0.508 0.0 0.555 -0.659 -0.69 -0.0 -0.717 0.1 -0.999 -0.0 -0.012 0.035 0.743 0.0 -0.666 0.067 0.996 0.0 -0.003 0.094 
0.998 -0.042 -0.035 -0.021 -0.707 -0.0 -0.702 -0.085 -1.0 -0.0 -0.0 0.0 0.95 0.0 -0.133 -0.284 0.503 0.0 0.555 -0.663 -0.69 -0.0 -0.717 0.099 -0.999 0.0 -0.012 0.035 0.743 0.0 -0.666 0.067 0.996 0.0 -0.004 0.094 
0.998 -0.042 -0.034 -0.02 -0.708 -0.0 -0.702 -0.084 -1.0 -0.0 0.0 -0.0 0.949 0.0 -0.131 -0.288 0.499 0.0 0.554 -0.667 -0.69 -0.0 -0.717 0.099 -0.999 -0.0 -0.011 0.035 0.743 0.0 -0.666 0.066 0.996 0.0 -0.004 0.094 
0.998 -0.042 -0.034 -0.019 -0.708 -0.0 -0.702 -0.084 -1.0 -0.0 0.0 -0.0 0.948 0.0 -0.13 -0.291 0.494 -0.0 0.553 -0.671 -0.69 -0.0 -0.717 0.099 -0.999 -0.0 -0.01 0.035 0.743 -0.0 -0.666 0.065 0.996 0.0 -0.005 0.094 
0.998 -0.041 -0.034 -0.018 -0.708 -0.0 -0.701 -0.083 -1.0 0.0 0.0 0.0 0.947 0.0 -0.128 -0.294 0.488 0.0 0.553 -0.675 -0.689 -0.0 -0.718 0.098 -0.999 -0.0 -0.009 0.035 0.743 0.0 -0.666 0.064 0.996 0.0 -0.006 0.094 
0.998 -0.041 -0.034 -0.016 -0.708 -0.0 -0.701 -0.082 -1.0 -0.0 0.0 0.0 0.946 0.0 -0.127 -0.297 0.483 -0.0 0.552 -0.68 -0.689 -0.0 -0.718 0.098 -0.999 -0.0 -0.008 0.035 0.743 0.0 -0.666 0.063 0.996 0.0 -0.006 0.094 
0.998 -0.041 -0.034 -0.015 -0.708 0.0 -0.701 -0.082 -1.0 -0.0 -0.0 0.0 0.946 0.0 -0.125 -0.3 0.478 -0.0 0.551 -0.684 -0.689 -0.0 -0.718 0.098 -0.999 0.0 -0.007 0.035 0.743 0.0 -0.666 0.063 0.996 0.0 -0.007 0.094 
0.998 -0.041 -0.034 -0.015 -0.709 -0.0 -0.701 -0.082 -1.0 -0.0 -0.0 0.0 0.945 0.0 -0.124 -0.302 0.473 0.0 0.55 -0.688 -0.688 -0.0 -0.719 0.098 -0.999 -0.0 -0.006 0.035 0.744 0.0 -0.666 0.062 0.996 0.0 -0.007 0.094 
0.999 -0.04 -0.034 -0.014 -0.709 -0.0 -0.701 -0.081 -1.0 0.0 -0.0 -0.0 0.945 0.0 -0.122 -0.303 0.468 0.0 0.55 -0.692 -0.688 -0.0 -0.719 0.098 -0.999 -0.0 -0.005 0.035 0.744 0.0 -0.666 0.062 0.996 0.0 -0.007 0.094 
0.999 -0.04 -0.033 -0.014 -0.709 -0.0 -0.7 -0.081 -1.0 -0.0 -0.0 0.0 0.945 0.0 -0.121 -0.304 0.464 0.0 0.549 -0.696 -0.688 -0.0 -0.719 0.097 -0.999 -0.0 -0.005 0.035 0.744 0.0 -0.666 0.061 0.996 0.0 -0.007 0.094 
0.999 -0.04 -0.033 -0.013 -0.71 -0.0 -0.7 -0.081 -1.0 -0.0 -0.0 0.0 0.945 0.0 -0.121 -0.304 0.46 0.0 0.548 -0.699 -0.688 -0.0 -0.72 0.097 -0.999 -0.0 -0.004 0.034 0.744 0.0 -0.666 0.061 0.996 -0.0 -0.008 0.094 
0.999 -0.04 -0.033 -0.013 -0.71 0.0 -0.7 -0.08 -1.0 -0.0 0.0 0.0 0.945 0.0 -0.12 -0.304 0.456 0.0 0.548 -0.701 -0.688 -0.0 -0.72 0.097 -0.999 0.0 -0.004 0.034 0.744 0.0 -0.666 0.06 0.996 0.0 -0.008 0.094 
0.999 -0.04 -0.033 -0.013 -0.71 -0.0 -0.7 -0.08 -1.0 -0.0 -0.0 0.0 0.945 0.0 -0.121 -0.303 0.454 0.0 0.548 -0.703 -0.688 -0.0 -0.72 0.097 -0.999 0.0 -0.004 0.034 0.744 0.0 -0.666 0.06 0.996 0.0 -0.008 0.094 
0.999 -0.04 -0.033 -0.013 -0.71 -0.0 -0.699 -0.079 -1.0 -0.0 0.0 0.0 0.946 0.0 -0.121 -0.302 0.452 0.0 0.547 -0.705 -0.687 -0.0 -0.72 0.097 -0.999 -0.0 -0.004 0.034 0.744 0.0 -0.666 0.06 0.996 -0.0 -0.007 0.093 
0.999 -0.039 -0.033 -0.013 -0.71 -0.0 -0.699 -0.079 -1.0 -0.0 -0.0 0.0 0.946 0.0 -0.122 -0.3 0.451 0.0 0.547 -0.705 -0.688 -0.0 -0.719 0.097 -0.999 -0.0 -0.005 0.034 0.744 0.0 -0.666 0.06 0.996 0.0 -0.008 0.094 
0.999 -0.04 -0.034 -0.014 -0.71 -0.0 -0.699 -0.078 -1.0 -0.0 -0.0 0.0 0.947 0.0 -0.122 -0.298 0.451 0.0 0.546 -0.706 -0.688 -0.0 -0.72 0.097 -0.999 -0.0 -0.005 0.033 0.744 0.0 -0.666 0.06 0.996 -0.0 -0.007 0.093 
0.999 -0.039 -0.034 -0.014 -0.711 -0.0 -0.699 -0.078 -1.0 -0.0 -0.0 0.0 0.947 0.0 -0.124 -0.296 0.451 0.0 0.545 -0.706 -0.688 -0.0 -0.719 0.097 -0.999 0.0 -0.005 0.033 0.744 -0.0 -0.666 0.06 0.996 0.0 -0.007 0.094 
0.999 -0.039 -0.034 -0.015 -0.711 0.0 -0.699 -0.078 -1.0 0.0 0.0 0.0 0.948 -0.0 -0.125 -0.293 0.452 0.0 0.546 -0.705 -0.688 -0.0 -0.719 0.096 -0.999 -0.0 -0.005 0.033 0.744 0.0 -0.666 0.06 0.996 0.0 -0.007 0.094 
0.999 -0.04 -0.034 -0.016 -0.711 -0.0 -0.699 -0.078 -1.0 -0.0 0.0 -0.0 0.949 0.0 -0.127 -0.29 0.453 0.0 0.546 -0.705 -0.688 0.0 -0.72 0.096 -0.999 -0.0 -0.005 0.034 0.743 0.0 -0.666 0.061 0.996 0.0 -0.007 0.093 
0.999 -0.04 -0.034 -0.016 -0.711 -0.0 -0.699 -0.077 -1.0 0.0 0.0 0.0 0.949 0.0 -0.128 -0.286 0.455 -0.0 0.546 -0.703 -0.688 -0.0 -0.72 0.096 -0.999 -0.0 -0.006 0.034 0.743 0.0 -0.666 0.061 0.996 -0.0 -0.006 0.094 
0.998 -0.04 -0.034 -0.018 -0.711 -0.0 -0.699 -0.078 -1.0 -0.0 -0.0 0.0 0.95 0.0 -0.13 -0.282 0.458 0.0 0.547 -0.701 -0.688 -0.0 -0.719 0.096 -0.999 -0.0 -0.006 0.034 0.743 0.0 -0.666 0.062 0.996 0.0 -0.006 0.094 
0.998 -0.04 -0.034 -0.019 -0.711 -0.0 -0.699 -0.078 -1.0 -0.0 -0.0 0.0 0.951 0.0 -0.132 -0.279 0.461 0.0 0.548 -0.698 -0.689 -0.0 -0.719 0.096 -0.999 -0.0 -0.008 0.034 0.743 0.0 -0.666 0.062 0.996 0.0 -0.006 0.094 
0.998 -0.04 -0.034 -0.02 -0.711 -0.0 -0.699 -0.078 -1.0 -0.0 0.0 -0.0 0.952 0.0 -0.135 -0.275 0.465 0.0 0.547 -0.696 -0.689 -0.0 -0.719 0.096 -0.999 -0.0 -0.009 0.034 0.743 0.0 -0.666 0.063 0.996 -0.0 -0.005 0.094 
0.998 -0.04 -0.034 -0.021 -0.711 -0.0 -0.699 -0.078 -1.0 -0.0 0.0 0.0 0.952 0.0 -0.137 -0.272 0.47 0.0 0.547 -0.693 -0.688 -0.0 -0.719 0.096 -0.999 -0.0 -0.007 0.034 0.743 0.0 -0.666 0.063 0.996 0.0 -0.005 0.094 
0.998 -0.041 -0.034 -0.022 -0.711 -0.0 -0.699 -0.078 -1.0 -0.0 0.0 -0.0 0.953 -0.0 -0.14 -0.268 0.474 0.0 0.546 -0.691 -0.689 0.0 -0.718 0.096 -0.999 -0.0 -0.009 0.035 0.743 0.0 -0.666 0.064 0.996 0.0 -0.005 0.094 
0.998 -0.041 -0.034 -0.023 -0.711 -0.0 -0.699 -0.078 -1.0 -0.0 -0.0 0.0 0.954 0.0 -0.142 -0.264 0.479 0.0 0.546 -0.688 -0.689 -0.0 -0.718 0.097 -0.999 -0.0 -0.009 0.034 0.743 0.0 -0.666 0.065 0.996 0.0 -0.004 0.093 
0.998 -0.041 -0.034 -0.024 -0.711 -0.0 -0.699 -0.078 -1.0 -0.0 -0.0 0.0 0.955 0.0 -0.144 -0.261 0.483 0.0 0.546 -0.684 -0.69 -0.0 -0.718 0.097 -0.999 -0.0 -0.011 0.035 0.743 0.0 -0.666 0.066 0.996 0.0 -0.004 0.093 
0.998 -0.042 -0.035 -0.025 -0.711 -0.0 -0.699 -0.078 -1.0 0.0 -0.0 -0.0 0.955 0.0 -0.145 -0.259 0.488 0.0 0.546 -0.681 -0.689 -0.0 -0.718 0.097 -0.999 -0.0 -0.011 0.035 0.743 0.0 -0.666 0.067 0.996 0.0 -0.003 0.093 
0.998 -0.042 -0.035 -0.026 -0.711 -0.0 -0.699 -0.078 -1.0 -0.0 -0.0 0.0 0.955 -0.0 -0.147 -0.257 0.493 0.0 0.546 -0.677 -0.69 -0.0 -0.718 0.097 -0.999 -0.0 -0.011 0.035 0.743 -0.0 -0.666 0.067 0.996 0.0 -0.003 0.093 
0.998 -0.042 -0.035 -0.026 -0.711 -0.0 -0.699 -0.078 -1.0 -0.0 0.0 -0.0 0.955 0.0 -0.148 -0.256 0.498 0.0 0.546 -0.674 -0.69 -0.0 -0.718 0.098 -0.999 -0.0 -0.012 0.035 0.742 0.0 -0.666 0.068 0.996 0.0 -0.003 0.094 
0.998 -0.042 -0.035 -0.027 -0.711 -0.0 -0.699 -0.077 -1.0 -0.0 0.0 0.0 0.955 -0.0 -0.149 -0.255 0.502 0.0 0.546 -0.67 -0.69 -0.0 -0.717 0.098 -0.999 -0.0 -0.012 0.035 0.743 -0.0 -0.665 0.068 0.996 0.0 -0.005 0.094 
0.998 -0.043 -0.035 -0.027 -0.711 0.0 -0.699 -0.077 -1.0 0.0 0.0 -0.0 0.955 0.0 -0.149 -0.255 0.507 0.0 0.546 -0.667 -0.69 -0.0 -0.717 0.098 -0.999 -0.0 -0.012 0.035 0.742 0.0 -0.667 0.069 0.996 -0.0 -0.002 0.094 
0.998 -0.043 -0.035 -0.027 -0.711 -0.0 -0.699 -0.076 -1.0 -0.0 -0.0 0.0 0.955 0.0 -0.149 -0.256 0.51 -0.0 0.546 -0.665 -0.69 -0.0 -0.717 0.098 -0.999 -0.0 -0.013 0.035 0.742 -0.0 -0.667 0.069 0.996 -0.0 -0.002 0.094 
0.998 -0.043 -0.035 -0.027 -0.711 -0.0 -0.699 -0.075 -1.0 -0.0 -0.0 -0.0 0.955 0.0 -0.148 -0.257 0.513 0.0 0.546 -0.663 -0.69 -0.0 -0.717 0.098 -0.999 -0.0 -0.013 0.035 0.743 0.0 -0.666 0.069 0.996 -0.0 -0.005 0.095 
0.998 -0.043 -0.035 -0.027 -0.711 -0.0 -0.7 -0.074 -1.0 0.0 0.0 -0.0 0.955 0.0 -0.148 -0.259 0.515 -0.0 0.546 -0.661 -0.69 -0.0 -0.717 0.098 -0.999 -0.0 -0.013 0.035 0.743 0.0 -0.666 0.068 0.995 0.0 -0.005 0.095 
0.998 -0.043 -0.035 -0.026 -0.711 0.0 -0.7 -0.073 -1.0 -0.0 -0.0 0.0 0.954 -0.0 -0.147 -0.261 0.517 0.0 0.547 -0.659 -0.69 -0.0 -0.717 0.098 -0.999 -0.0 -0.013 0.035 0.743 0.0 -0.666 0.068 0.995 0.0 -0.005 0.095 
0.998 -0.043 -0.035 -0.026 -0.711 -0.0 -0.7 -0.072 -1.0 -0.0 -0.0 -0.0 0.953 0.0 -0.145 -0.264 0.517 0.0 0.547 -0.659 -0.69 -0.0 -0.717 0.099 -0.999 -0.0 -0.012 0.035 0.743 0.0 -0.666 0.068 0.995 -0.0 -0.005 0.095 
0.998 -0.043 -0.034 -0.025 -0.711 -0.0 -0.7 -0.071 -1.0 0.0 -0.0 -0.0 0.953 0.0 -0.144 -0.268 0.517 0.0 0.546 -0.659 -0.69 -0.0 -0.717 0.098 -0.999 -0.0 -0.012 0.036 0.743 0.0 -0.666 0.067 0.995 0.0 -0.005 0.095 
0.998 -0.043 -0.034 -0.024 -0.711 -0.0 -0.7 -0.07 -1.0 -0.0 -0.0 0.0 0.952 0.0 -0.142 -0.271 0.516 0.0 0.546 -0.66 -0.69 -0.0 -0.717 0.098 -0.999 0.0 -0.012 0.036 0.742 0.0 -0.667 0.067 0.996 -0.0 -0.003 0.094 
0.998 -0.043 -0.034 -0.023 -0.711 -0.0 -0.7 -0.069 -1.0 -0.0 -0.0 0.0 0.951 0.0 -0.14 -0.276 0.514 -0.0 0.546 -0.661 -0.69 0.0 -0.717 0.098 -0.999 0.0 -0.011 0.036 0.742 0.0 -0.667 0.067 0.996 0.0 -0.003 0.094 
0.998 -0.042 -0.034 -0.022 -0.711 0.0 -0.7 -0.069 -1.0 -0.0 0.0 -0.0 0.95 0.0 -0.139 -0.28 0.511 0.0 0.546 -0.664 -0.69 -0.0 -0.717 0.098 -0.999 0.0 -0.011 0.036 0.743 0.0 -0.666 0.066 0.996 0.0 -0.004 0.095 
0.998 -0.042 -0.034 -0.021 -0.711 -0.0 -0.7 -0.068 -1.0 -0.0 0.0 -0.0 0.949 -0.0 -0.137 -0.285 0.508 0.0 0.545 -0.667 -0.69 -0.0 -0.717 0.098 -0.999 -0.0 -0.011 0.035 0.743 0.0 -0.667 0.065 0.996 0.0 -0.004 0.094 
0.998 -0.042 -0.034 -0.02 -0.711 -0.0 -0.7 -0.067 -1.0 0.0 -0.0 -0.0 0.948 0.0 -0.135 -0.289 0.504 0.0 0.545 -0.67 -0.69 -0.0 -0.718 0.098 -0.999 -0.0 -0.01 0.035 0.743 0.0 -0.666 0.064 0.995 0.0 -0.005 0.095 
0.998 -0.042 -0.034 -0.018 -0.711 -0.0 -0.7 -0.067 -1.0 -0.0 0.0 -0.0 0.947 0.0 -0.133 -0.293 0.499 0.0 0.544 -0.674 -0.689 -0.0 -0.718 0.098 -0.999 -0.0 -0.01 0.035 0.743 0.0 -0.666 0.063 0.995 -0.0 -0.005 0.095 
0.998 -0.041 -0.033 -0.017 -0.711 -0.0 -0.7 -0.067 -1.0 0.0 -0.0 -0.0 0.946 0.0 -0.13 -0.298 0.494 0.0 0.544 -0.678 -0.689 -0.0 -0.718 0.097 -0.999 -0.0 -0.008 0.035 0.744 -0.0 -0.665 0.062 0.995 0.0 -0.008 0.095 
0.998 -0.041 -0.033 -0.016 -0.711 -0.0 -0.7 -0.067 -1.0 -0.0 -0.0 0.0 0.945 0.0 -0.128 -0.301 0.488 0.0 0.544 -0.682 -0.688 -0.0 -0.719 0.098 -0.999 -0.0 -0.007 0.035 0.743 -0.0 -0.666 0.062 0.995 0.0 -0.006 0.095 
0.999 -0.041 -0.033 -0.015 -0.711 -0.0 -0.7 -0.066 -1.0 0.0 -0.0 0.0 0.944 0.0 -0.126 -0.305 0.483 0.0 0.544 -0.686 -0.688 0.0 -0.719 0.097 -0.999 -0.0 -0.006 0.035 0.743 0.0 -0.666 0.061 0.995 -0.0 -0.006 0.095 
0.999 -0.041 -0.033 -0.014 -0.711 -0.0 -0.7 -0.067 -1.0 -0.0 -0.0 -0.0 0.943 0.0 -0.123 -0.308 0.478 0.0 0.543 -0.69 -0.688 -0.0 -0.719 0.097 -0.999 -0.0 -0.006 0.035 0.744 0.0 -0.666 0.061 0.996 0.0 -0.007 0.094 
0.999 -0.04 -0.033 -0.013 -0.712 -0.0 -0.699 -0.067 -1.0 -0.0 0.0 0.0 0.943 0.0 -0.12 -0.31 0.472 0.0 0.543 -0.694 -0.688 -0.0 -0.72 0.097 -0.999 -0.0 -0.005 0.035 0.744 0.0 -0.666 0.06 0.996 0.0 -0.007 0.095 
0.999 -0.04 -0.033 -0.012 -0.712 -0.0 -0.699 -0.067 -1.0 -0.0 0.0 0.0 0.942 0.0 -0.118 -0.313 0.467 0.0 0.543 -0.698 -0.687 0.0 -0.72 0.096 -0.999 0.0 -0.005 0.035 0.744 0.0 -0.666 0.059 0.996 0.0 -0.007 0.094 
0.999 -0.04 -0.033 -0.011 -0.712 -0.0 -0.699 -0.068 -1.0 -0.0 0.0 -0.0 0.942 0.0 -0.117 -0.315 0.463 0.0 0.542 -0.701 -0.687 -0.0 -0.72 0.096 -0.999 0.0 -0.004 0.035 0.744 0.0 -0.666 0.059 0.996 0.0 -0.007 0.094 
0.999 -0.039 -0.033 -0.011 -0.712 0.0 -0.699 -0.068 -1.0 -0.0 -0.0 -0.0 0.942 0.0 -0.115 -0.316 0.459 0.0 0.542 -0.704 -0.687 -0.0 -0.72 0.095 -0.999 -0.0 -0.004 0.035 0.744 0.0 -0.666 0.058 0.996 0.0 -0.008 0.094 
0.999 -0.039 -0.033 -0.011 -0.712 -0.0 -0.699 -0.069 -1.0 0.0 -0.0 0.0 0.942 -0.0 -0.114 -0.317 0.456 0.0 0.542 -0.706 -0.687 -0.0 -0.72 0.095 -0.999 -0.0 -0.004 0.035 0.744 0.0 -0.666 0.058 0.996 0.0 -0.007 0.094 
0.999 -0.039 -0.033 -0.011 -0.712 -0.0 -0.699 -0.07 -1.0 -0.0 0.0 -0.0 0.942 0.0 -0.114 -0.316 0.453 -0.0 0.543 -0.708 -0.687 -0.0 -0.72 0.095 -0.999 -0.0 -0.003 0.035 0.744 0.0 -0.666 0.058 0.996 0.0 -0.007 0.093 
0.999 -0.039 -0.033 -0.011 -0.712 -0.0 -0.699 -0.071 -1.0 -0.0 0.0 0.0 0.942 -0.0 -0.113 -0.316 0.45 0.0 0.543 -0.709 -0.687 -0.0 -0.721 0.095 -0.999 -0.0 -0.003 0.034 0.744 0.0 -0.666 0.057 0.996 0.0 -0.007 0.094 
0.999 -0.039 -0.033 -0.011 -0.712 -0.0 -0.699 -0.072 -1.0 -0.0 0.0 0.0 0.943 0.0 -0.113 -0.314 0.448 0.0 0.543 -0.71 -0.687 -0.0 -0.72 0.094 -0.999 -0.0 -0.004 0.034 0.744 0.0 -0.666 0.057 0.996 0.0 -0.007 0.094 
0.999 -0.039 -0.033 -0.012 -0.712 -0.0 -0.699 -0.073 -1.0 -0.0 -0.0 0.0 0.943 0.0 -0.114 -0.312 0.447 0.0 0.543 -0.711 -0.687 0.0 -0.72 0.094 -0.999 -0.0 -0.004 0.034 0.744 0.0 -0.666 0.057 0.996 0.0 -0.007 0.094 
0.999 -0.039 -0.033 -0.012 -0.712 -0.0 -0.699 -0.074 -1.0 -0.0 0.0 0.0 0.944 0.0 -0.114 -0.309 0.446 0.0 0.544 -0.711 -0.687 -0.0 -0.72 0.095 -0.999 -0.0 -0.004 0.034 0.744 0.0 -0.666 0.057 0.996 0.0 -0.007 0.094 
0.999 -0.039 -0.033 -0.013 -0.712 -0.0 -0.699 -0.075 -1.0 -0.0 0.0 0.0 0.945 0.0 -0.115 -0.306 0.447 0.0 0.544 -0.71 -0.687 -0.0 -0.72 0.094 -0.999 0.0 -0.005 0.034 0.744 0.0 -0.666 0.058 0.996 -0.0 -0.007 0.094 
0.999 -0.039 -0.033 -0.014 -0.712 -0.0 -0.698 -0.076 -1.0 -0.0 -0.0 0.0 0.946 0.0 -0.116 -0.303 0.448 0.0 0.545 -0.709 -0.687 -0.0 -0.72 0.094 -0.999 -0.0 -0.005 0.034 0.745 0.0 -0.665 0.058 0.995 0.0 -0.01 0.094 
0.999 -0.039 -0.033 -0.015 -0.711 -0.0 -0.698 -0.078 -1.0 -0.0 -0.0 -0.0 0.947 0.0 -0.118 -0.299 0.45 0.0 0.545 -0.707 -0.687 -0.0 -0.72 0.094 -0.999 -0.0 -0.005 0.034 0.745 0.0 -0.665 0.059 0.996 0.0 -0.009 0.094 
0.999 -0.039 -0.034 -0.017 -0.711 -0.0 -0.698 -0.079 -1.0 -0.0 0.0 0.0 0.948 0.0 -0.12 -0.295 0.452 0.0 0.546 -0.705 -0.687 -0.0 -0.72 0.094 -0.999 -0.0 -0.006 0.034 0.745 -0.0 -0.665 0.059 0.995 0.0 -0.009 0.094 
0.998 -0.039 -0.034 -0.018 -0.711 0.0 -0.698 -0.081 -1.0 -0.0 0.0 0.0 0.949 -0.0 -0.122 -0.291 0.456 0.0 0.546 -0.703 -0.688 -0.0 -0.72 0.094 -0.999 -0.0 -0.007 0.034 0.745 0.0 -0.665 0.06 0.995 0.0 -0.009 0.095 
0.998 -0.04 -0.034 -0.019 -0.711 -0.0 -0.698 -0.082 -1.0 0.0 -0.0 -0.0 0.95 0.0 -0.125 -0.288 0.46 -0.0 0.546 -0.7 -0.688 -0.0 -0.72 0.095 -0.999 -0.0 -0.007 0.034 0.745 0.0 -0.665 0.06 0.995 -0.0 -0.008 0.095 
0.998 -0.04 -0.034 -0.02 -0.711 -0.0 -0.698 -0.083 -1.0 -0.0 -0.0 0.0 0.95 0.0 -0.127 -0.284 0.463 0.0 0.546 -0.698 -0.688 -0.0 -0.719 0.094 -0.999 -0.0 -0.008 0.035 0.744 0.0 -0.665 0.061 0.995 0.0 -0.008 0.095 
0.998 -0.04 -0.034 -0.021 -0.711 -0.0 -0.698 -0.085 -1.0 -0.0 -0.0 -0.0 0.951 0.0 -0.13 -0.28 0.467 0.0 0.546 -0.696 -0.688 -0.0 -0.719 0.095 -0.999 0.0 -0.009 0.035 0.744 0.0 -0.665 0.062 0.995 0.0 -0.007 0.095 
0.998 -0.041 -0.034 -0.022 -0.711 -0.0 -0.698 -0.086 -1.0 0.0 0.0 -0.0 0.952 -0.0 -0.132 -0.276 0.472 -0.0 0.546 -0.693 -0.689 -0.0 -0.719 0.095 -0.999 -0.0 -0.01 0.035 0.744 0.0 -0.665 0.063 0.995 0.0 -0.007 0.095 
0.998 -0.041 -0.034 -0.023 -0.711 -0.0 -0.697 -0.087 -1.0 -0.0 0.0 -0.0 0.953 0.0 -0.135 -0.272 0.475 0.0 0.547 -0.689 -0.689 -0.0 -0.718 0.096 -0.999 -0.0 -0.011 0.035 0.744 0.0 -0.665 0.064 0.995 0.0 -0.007 0.095 
0.998 -0.041 -0.034 -0.024 -0.711 -0.0 -0.697 -0.088 -1.0 -0.0 0.0 -0.0 0.953 0.0 -0.137 -0.269 0.48 -0.0 0.546 -0.687 -0.689 0.0 -0.718 0.096 -0.999 -0.0 -0.011 0.035 0.744 0.0 -0.665 0.065 0.995 -0.0 -0.006 0.095 
0.998 -0.042 -0.034 -0.025 -0.711 -0.0 -0.697 -0.089 -1.0 -0.0 -0.0 0.0 0.954 -0.0 -0.14 -0.266 0.484 0.0 0.547 -0.683 -0.689 -0.0 -0.718 0.096 -0.999 -0.0 -0.012 0.035 0.743 0.0 -0.666 0.066 0.996 0.0 -0.005 0.094 
0.998 -0.042 -0.034 -0.026 -0.711 -0.0 -0.697 -0.089 -1.0 -0.0 -0.0 0.0 0.954 -0.0 -0.142 -0.264 0.489 -0.0 0.547 -0.679 -0.69 0.0 -0.718 0.097 -0.999 0.0 -0.012 0.035 0.743 -0.0 -0.666 0.067 0.996 0.0 -0.004 0.094 
0.998 -0.042 -0.034 -0.027 -0.711 0.0 -0.697 -0.09 -1.0 -0.0 0.0 -0.0 0.954 0.0 -0.143 -0.263 0.494 0.0 0.547 -0.676 -0.69 -0.0 -0.718 0.097 -0.999 -0.0 -0.013 0.035 0.743 -0.0 -0.666 0.067 0.995 0.0 -0.004 0.095 
0.998 -0.042 -0.034 -0.027 -0.711 -0.0 -0.697 -0.09 -1.0 0.0 0.0 0.0 0.954 0.0 -0.145 -0.263 0.498 0.0 0.548 -0.672 -0.69 -0.0 -0.717 0.097 -0.999 0.0 -0.013 0.035 0.743 0.0 -0.666 0.067 0.995 0.0 -0.004 0.095 
0.998 -0.042 -0.034 -0.027 -0.711 0.0 -0.697 -0.091 -1.0 -0.0 0.0 0.0 0.954 0.0 -0.146 -0.263 0.502 0.0 0.549 -0.669 -0.69 -0.0 -0.717 0.097 -0.999 -0.0 -0.013 0.035 0.743 0.0 -0.666 0.067 0.995 0.0 -0.004 0.095 
0.998 -0.043 -0.035 -0.027 -0.711 -0.0 -0.698 -0.091 -1.0 -0.0 -0.0 0.0 0.953 0.0 -0.146 -0.264 0.505 0.0 0.549 -0.666 -0.69 -0.0 -0.717 0.097 -0.999 -0.0 -0.013 0.036 0.743 -0.0 -0.665 0.067 0.995 0.0 -0.005 0.095 
0.998 -0.043 -0.035 -0.026 -0.711 -0.0 -0.698 -0.09 -1.0 0.0 0.0 0.0 0.953 0.0 -0.146 -0.265 0.508 0.0 0.549 -0.664 -0.69 -0.0 -0.717 0.097 -0.999 0.0 -0.014 0.036 0.744 0.0 -0.665 0.067 0.995 0.0 -0.005 0.095 
0.998 -0.043 -0.035 -0.026 -0.71 -0.0 -0.698 -0.09 -1.0 -0.0 0.0 0.0 0.953 0.0 -0.146 -0.267 0.51 -0.0 0.549 -0.662 -0.69 0.0 -0.717 0.097 -0.999 -0.0 -0.013 0.036 0.744 0.0 -0.665 0.067 0.995 0.0 -0.005 0.095 
0.998 -0.043 -0.034 -0.025 -0.71 -0.0 -0.698 -0.09 -1.0 -0.0 0.0 -0.0 0.952 0.0 -0.145 -0.27 0.512 0.0 0.55 -0.66 -0.69 -0.0 -0.717 0.098 -0.999 -0.0 -0.014 0.036 0.744 0.0 -0.665 0.067 0.995 0.0 -0.005 0.095 
0.998 -0.043 -0.034 -0.025 -0.71 0.0 -0.698 -0.089 -1.0 -0.0 -0.0 0.0 0.951 0.0 -0.145 -0.274 0.512 0.0 0.55 -0.659 -0.69 -0.0 -0.717 0.098 -0.999 -0.0 -0.014 0.036 0.744 0.0 -0.665 0.066 0.995 0.0 -0.005 0.095 
0.998 -0.043 -0.034 -0.024 -0.71 -0.0 -0.698 -0.089 -1.0 0.0 0.0 -0.0 0.95 0.0 -0.144 -0.279 0.512 -0.0 0.552 -0.658 -0.69 -0.0 -0.717 0.098 -0.999 0.0 -0.012 0.036 0.744 0.0 -0.665 0.066 0.995 0.0 -0.006 0.095 
0.998 -0.043 -0.034 -0.023 -0.71 -0.0 -0.699 -0.088 -1.0 -0.0 -0.0 0.0 0.949 0.0 -0.143 -0.281 0.511 -0.0 0.551 -0.659 -0.69 -0.0 -0.718 0.097 -0.999 -0.0 -0.012 0.036 0.743 -0.0 -0.666 0.065 0.995 0.0 -0.003 0.095 
0.998 -0.042 -0.034 -0.021 -0.71 -0.0 -0.699 -0.088 -1.0 -0.0 -0.0 0.0 0.948 -0.0 -0.141 -0.286 0.51 -0.0 0.551 -0.661 -0.689 -0.0 -0.718 0.097 -0.999 -0.0 -0.011 0.036 0.744 -0.0 -0.665 0.064 0.995 0.0 -0.007 0.096 
0.998 -0.042 -0.034 -0.02 -0.71 0.0 -0.699 -0.088 -1.0 0.0 0.0 0.0 0.947 0.0 -0.139 -0.291 0.507 0.0 0.553 -0.662 -0.689 -0.0 -0.718 0.097 -0.999 -0.0 -0.011 0.036 0.744 0.0 -0.665 0.063 0.995 0.0 -0.007 0.096 
0.998 -0.042 -0.034 -0.019 -0.71 -0.0 -0.699 -0.087 -1.0 -0.0 -0.0 -0.0 0.946 -0.0 -0.137 -0.294 0.504 0.0 0.552 -0.665 -0.689 -0.0 -0.718 0.097 -0.999 -0.0 -0.01 0.036 0.743 -0.0 -0.666 0.063 0.995 0.0 -0.005 0.095 
0.998 -0.042 -0.034 -0.018 -0.71 -0.0 -0.699 -0.087 -1.0 -0.0 -0.0 -0.0 0.945 0.0 -0.135 -0.298 0.5 0.0 0.551 -0.668 -0.689 -0.0 -0.718 0.097 -0.999 0.0 -0.01 0.035 0.744 0.0 -0.665 0.062 0.995 0.0 -0.008 0.096 
0.998 -0.041 -0.033 -0.017 -0.71 -0.0 -0.699 -0.086 -1.0 -0.0 -0.0 -0.0 0.944 0.0 -0.132 -0.302 0.496 -0.0 0.551 -0.671 -0.689 -0.0 -0.718 0.097 -0.999 -0.0 -0.009 0.035 0.744 0.0 -0.665 0.061 0.995 0.0 -0.008 0.096 
0.998 -0.041 -0.033 -0.016 -0.71 -0.0 -0.699 -0.086 -1.0 -0.0 -0.0 0.0 0.943 0.0 -0.13 -0.305 0.491 0.0 0.551 -0.674 -0.689 -0.0 -0.719 0.097 -0.999 -0.0 -0.008 0.035 0.744 0.0 -0.665 0.061 0.995 0.0 -0.009 0.096 
0.999 -0.041 -0.033 -0.015 -0.71 -0.0 -0.699 -0.085 -1.0 0.0 0.0 -0.0 0.943 0.0 -0.127 -0.309 0.486 0.0 0.551 -0.679 -0.688 -0.0 -0.719 0.097 -0.999 -0.0 -0.006 0.035 0.744 0.0 -0.666 0.06 0.995 0.0 -0.007 0.095 
0.999 -0.041 -0.033 -0.014 -0.71 0.0 -0.699 -0.085 -1.0 -0.0 0.0 0.0 0.942 -0.0 -0.124 -0.312 0.48 0.0 0.551 -0.683 -0.688 0.0 -0.72 0.096 -0.999 -0.0 -0.006 0.035 0.744 0.0 -0.666 0.06 0.995 -0.0 -0.007 0.095 
0.999 -0.04 -0.033 -0.013 -0.71 -0.0 -0.699 -0.085 -1.0 -0.0 -0.0 0.0 0.941 0.0 -0.122 -0.315 0.475 0.0 0.551 -0.687 -0.688 -0.0 -0.72 0.096 -0.999 -0.0 -0.005 0.035 0.744 0.0 -0.666 0.059 0.995 0.0 -0.007 0.095 
0.999 -0.04 -0.033 -0.012 -0.71 -0.0 -0.699 -0.085 -1.0 -0.0 -0.0 0.0 0.941 0.0 -0.119 -0.317 0.469 -0.0 0.55 -0.691 -0.688 -0.0 -0.72 0.096 -0.999 -0.0 -0.005 0.035 0.744 0.0 -0.666 0.059 0.995 0.0 -0.007 0.095 
0.999 -0.04 -0.033 -0.012 -0.71 0.0 -0.699 -0.084 -1.0 -0.0 -0.0 0.0 0.941 0.0 -0.116 -0.318 0.463 0.0 0.55 -0.695 -0.687 -0.0 -0.72 0.096 -0.999 -0.0 -0.005 0.034 0.744 0.0 -0.666 0.058 0.995 0.0 -0.008 0.095 
0.999 -0.04 -0.033 -0.012 -0.71 -0.0 -0.699 -0.084 -1.0 -0.0 0.0 0.0 0.94 0.0 -0.114 -0.32 0.459 -0.0 0.551 -0.697 -0.687 -0.0 -0.72 0.095 -0.999 -0.0 -0.004 0.034 0.744 0.0 -0.666 0.058 0.996 -0.0 -0.008 0.094 
0.999 -0.039 -0.033 -0.012 -0.71 -0.0 -0.699 -0.085 -1.0 -0.0 -0.0 -0.0 0.941 0.0 -0.112 -0.32 0.454 -0.0 0.551 -0.7 -0.687 -0.0 -0.72 0.095 -0.999 -0.0 -0.004 0.034 0.744 0.0 -0.666 0.057 0.996 0.0 -0.008 0.094 
0.999 -0.039 -0.033 -0.012 -0.71 -0.0 -0.699 -0.084 -1.0 -0.0 -0.0 0.0 0.941 0.0 -0.111 -0.32 0.45 0.0 0.552 -0.702 -0.687 -0.0 -0.72 0.095 -0.999 0.0 -0.004 0.034 0.744 0.0 -0.665 0.058 0.996 0.0 -0.008 0.094 
0.999 -0.039 -0.033 -0.012 -0.71 -0.0 -0.699 -0.084 -1.0 -0.0 0.0 0.0 0.942 0.0 -0.109 -0.318 0.447 0.0 0.551 -0.704 -0.687 -0.0 -0.72 0.094 -0.999 -0.0 -0.004 0.034 0.745 0.0 -0.665 0.057 0.995 -0.0 -0.01 0.094 
0.999 -0.039 -0.033 -0.013 -0.71 0.0 -0.699 -0.084 -1.0 -0.0 0.0 0.0 0.942 0.0 -0.109 -0.317 0.445 0.0 0.552 -0.706 -0.687 -0.0 -0.72 0.095 -0.999 -0.0 -0.005 0.033 0.744 0.0 -0.666 0.057 0.996 0.0 -0.007 0.094 
0.999 -0.039 -0.033 -0.013 -0.71 -0.0 -0.699 -0.084 -1.0 -0.0 -0.0 0.0 0.943 0.0 -0.109 -0.315 0.443 0.0 0.552 -0.706 -0.687 -0.0 -0.72 0.094 -0.999 -0.0 -0.006 0.033 0.744 -0.0 -0.666 0.057 0.996 0.0 -0.007 0.094 
0.999 -0.039 -0.033 -0.014 -0.71 -0.0 -0.699 -0.084 -1.0 -0.0 -0.0 0.0 0.944 0.0 -0.11 -0.312 0.441 0.0 0.553 -0.707 -0.688 -0.0 -0.72 0.094 -0.999 -0.0 -0.006 0.034 0.745 0.0 -0.665 0.057 0.995 0.0 -0.01 0.094 
0.999 -0.039 -0.033 -0.015 -0.711 0.0 -0.699 -0.085 -1.0 -0.0 0.0 0.0 0.945 0.0 -0.111 -0.308 0.441 0.0 0.554 -0.706 -0.688 -0.0 -0.72 0.094 -0.999 -0.0 -0.007 0.033 0.745 0.0 -0.665 0.058 0.995 0.0 -0.009 0.094 
0.999 -0.039 -0.034 -0.016 -0.711 0.0 -0.698 -0.085 -1.0 -0.0 -0.0 0.0 0.946 0.0 -0.112 -0.304 0.44 0.0 0.556 -0.705 -0.688 -0.0 -0.72 0.094 -0.999 -0.0 -0.007 0.034 0.744 0.0 -0.666 0.058 0.996 0.0 -0.006 0.094 
0.999 -0.039 -0.034 -0.017 -0.711 -0.0 -0.698 -0.085 -1.0 0.0 0.0 -0.0 0.947 0.0 -0.114 -0.3 0.441 0.0 0.557 -0.704 -0.688 -0.0 -0.72 0.094 -0.999 0.0 -0.008 0.034 0.744 0.0 -0.666 0.059 0.996 0.0 -0.006 0.094 
0.999 -0.039 -0.034 -0.018 -0.711 0.0 -0.698 -0.086 -1.0 -0.0 0.0 0.0 0.948 -0.0 -0.116 -0.295 0.443 0.0 0.558 -0.702 -0.688 -0.0 -0.72 0.094 -0.999 -0.0 -0.007 0.034 0.744 0.0 -0.666 0.059 0.996 0.0 -0.006 0.094 
0.998 -0.039 -0.034 -0.019 -0.711 -0.0 -0.698 -0.086 -1.0 -0.0 0.0 0.0 0.949 0.0 -0.119 -0.291 0.445 0.0 0.56 -0.699 -0.688 -0.0 -0.72 0.093 -0.999 -0.0 -0.008 0.034 0.744 0.0 -0.666 0.06 0.996 -0.0 -0.005 0.094 
0.998 -0.039 -0.034 -0.02 -0.711 0.0 -0.698 -0.086 -1.0 -0.0 0.0 -0.0 0.95 0.0 -0.122 -0.287 0.448 0.0 0.56 -0.697 -0.689 -0.0 -0.719 0.093 -0.999 0.0 -0.009 0.034 0.744 -0.0 -0.666 0.06 0.996 0.0 -0.005 0.094 
0.998 -0.04 -0.034 -0.021 -0.711 -0.0 -0.698 -0.086 -1.0 -0.0 0.0 -0.0 0.951 0.0 -0.125 -0.283 0.452 0.0 0.561 -0.694 -0.689 -0.0 -0.719 0.094 -0.999 -0.0 -0.011 0.034 0.744 0.0 -0.665 0.061 0.995 0.0 -0.007 0.095 
0.998 -0.04 -0.034 -0.022 -0.711 -0.0 -0.698 -0.087 -1.0 0.0 -0.0 0.0 0.952 0.0 -0.128 -0.279 0.455 0.0 0.562 -0.691 -0.689 0.0 -0.718 0.094 -0.999 -0.0 -0.011 0.034 0.743 0.0 -0.666 0.061 0.996 0.0 -0.004 0.094 
0.998 -0.04 -0.034 -0.023 -0.711 -0.0 -0.698 -0.087 -1.0 -0.0 -0.0 0.0 0.952 0.0 -0.131 -0.275 0.459 0.0 0.563 -0.688 -0.689 -0.0 -0.719 0.094 -0.999 -0.0 -0.012 0.034 0.744 0.0 -0.665 0.062 0.995 0.0 -0.007 0.095 
0.998 -0.04 -0.034 -0.024 -0.711 -0.0 -0.697 -0.087 -1.0 -0.0 -0.0 0.0 0.953 0.0 -0.134 -0.271 0.463 0.0 0.564 -0.684 -0.689 -0.0 -0.718 0.094 -0.999 -0.0 -0.012 0.034 0.744 0.0 -0.665 0.063 0.996 0.0 -0.006 0.094 
0.998 -0.041 -0.035 -0.025 -0.711 -0.0 -0.697 -0.087 -1.0 -0.0 -0.0 0.0 0.954 0.0 -0.137 -0.268 0.468 0.0 0.565 -0.68 -0.689 -0.0 -0.718 0.095 -0.999 0.0 -0.013 0.034 0.744 -0.0 -0.665 0.064 0.996 0.0 -0.005 0.094 
0.998 -0.041 -0.035 -0.026 -0.711 -0.0 -0.697 -0.087 -1.0 -0.0 0.0 0.0 0.954 -0.0 -0.14 -0.265 0.472 0.0 0.567 -0.676 -0.69 -0.0 -0.718 0.095 -0.999 -0.0 -0.013 0.035 0.744 0.0 -0.665 0.064 0.995 0.0 -0.006 0.095 
0.998 -0.041 -0.035 -0.026 -0.711 -0.0 -0.697 -0.087 -1.0 0.0 -0.0 0.0 0.954 0.0 -0.142 -0.263 0.476 -0.0 0.567 -0.672 -0.69 -0.0 -0.718 0.095 -0.999 0.0 -0.013 0.035 0.744 0.0 -0.665 0.065 0.995 0.0 -0.006 0.095 
0.998 -0.042 -0.035 -0.027 -0.712 -0.0 -0.697 -0.086 -1.0 -0.0 -0.0 -0.0 0.954 0.0 -0.145 -0.262 0.481 -0.0 0.568 -0.668 -0.69 -0.0 -0.718 0.095 -0.999 -0.0 -0.013 0.035 0.744 0.0 -0.665 0.065 0.995 0.0 -0.005 0.095 
0.998 -0.042 -0.035 -0.027 -0.711 -0.0 -0.697 -0.086 -1.0 -0.0 -0.0 0.0 0.954 0.0 -0.147 -0.261 0.486 0.0 0.568 -0.664 -0.69 -0.0 -0.717 0.095 -0.999 -0.0 -0.014 0.035 0.744 0.0 -0.665 0.065 0.995 -0.0 -0.005 0.095 
0.998 -0.042 -0.035 -0.027 -0.711 -0.0 -0.698 -0.085 -1.0 -0.0 -0.0 -0.0 0.954 0.0 -0.148 -0.261 0.49 0.0 0.568 -0.661 -0.69 -0.0 -0.717 0.096 -0.999 -0.0 -0.014 0.035 0.744 0.0 -0.665 0.066 0.995 0.0 -0.005 0.095 
0.998 -0.042 -0.034 -0.027 -0.711 0.0 -0.698 -0.084 -1.0 -0.0 -0.0 0.0 0.953 -0.0 -0.149 -0.262 0.494 0.0 0.569 -0.658 -0.69 -0.0 -0.717 0.096 -0.999 0.0 -0.014 0.035 0.744 0.0 -0.665 0.066 0.995 0.0 -0.005 0.095 
0.998 -0.042 -0.034 -0.026 -0.712 -0.0 -0.698 -0.083 -1.0 -0.0 0.0 -0.0 0.953 -0.0 -0.149 -0.264 0.497 0.0 0.569 -0.655 -0.69 -0.0 -0.717 0.096 -0.999 -0.0 -0.014 0.035 0.744 0.0 -0.665 0.065 0.995 0.0 -0.006 0.095 
0.998 -0.042 -0.034 -0.026 -0.712 -0.0 -0.698 -0.082 -1.0 0.0 0.0 0.0 0.952 0.0 -0.149 -0.266 0.5 -0.0 0.57 -0.653 -0.69 -0.0 -0.717 0.096 -0.999 -0.0 -0.013 0.035 0.744 -0.0 -0.666 0.065 0.995 0.0 -0.006 0.095 
0.998 -0.042 -0.034 -0.025 -0.712 -0.0 -0.698 -0.08 -1.0 -0.0 0.0 -0.0 0.952 0.0 -0.149 -0.269 0.502 0.0 0.57 -0.651 -0.69 0.0 -0.717 0.095 -0.999 -0.0 -0.013 0.036 0.744 -0.0 -0.666 0.064 0.995 -0.0 -0.006 0.095 
0.998 -0.042 -0.034 -0.024 -0.712 -0.0 -0.698 -0.079 -1.0 -0.0 -0.0 0.0 0.951 -0.0 -0.148 -0.272 0.503 0.0 0.57 -0.65 -0.69 0.0 -0.717 0.096 -0.999 -0.0 -0.013 0.035 0.744 0.0 -0.666 0.064 0.995 0.0 -0.006 0.095 
0.998 -0.042 -0.034 -0.022 -0.712 -0.0 -0.698 -0.078 -1.0 -0.0 -0.0 0.0 0.949 0.0 -0.147 -0.277 0.504 0.0 0.571 -0.649 -0.69 -0.0 -0.717 0.096 -0.999 -0.0 -0.012 0.036 0.744 0.0 -0.665 0.063 0.995 0.0 -0.007 0.095 
0.998 -0.042 -0.034 -0.021 -0.712 -0.0 -0.698 -0.077 -1.0 -0.0 0.0 0.0 0.949 0.0 -0.146 -0.28 0.503 0.0 0.569 -0.651 -0.69 -0.0 -0.717 0.096 -0.999 -0.0 -0.012 0.036 0.744 -0.0 -0.666 0.063 0.996 -0.0 -0.006 0.094 
0.998 -0.041 -0.034 -0.02 -0.712 0.0 -0.698 -0.076 -1.0 -0.0 -0.0 0.0 0.948 -0.0 -0.144 -0.285 0.503 0.0 0.568 -0.651 -0.69 0.0 -0.717 0.096 -0.999 -0.0 -0.011 0.035 0.744 -0.0 -0.665 0.062 0.995 -0.0 -0.007 0.095 
0.998 -0.041 -0.033 -0.019 -0.712 0.0 -0.698 -0.075 -1.0 -0.0 -0.0 -0.0 0.946 0.0 -0.143 -0.29 0.501 -0.0 0.568 -0.652 -0.69 -0.0 -0.718 0.096 -0.999 0.0 -0.01 0.035 0.743 -0.0 -0.666 0.062 0.995 -0.0 -0.005 0.095 
0.998 -0.041 -0.033 -0.018 -0.712 -0.0 -0.698 -0.075 -1.0 -0.0 0.0 0.0 0.946 0.0 -0.14 -0.293 0.499 0.0 0.568 -0.655 -0.689 -0.0 -0.718 0.095 -0.999 -0.0 -0.01 0.036 0.743 0.0 -0.666 0.061 0.995 0.0 -0.006 0.095 
0.998 -0.041 -0.033 -0.016 -0.712 -0.0 -0.698 -0.074 -1.0 -0.0 0.0 -0.0 0.944 0.0 -0.138 -0.298 0.496 0.0 0.567 -0.658 -0.689 -0.0 -0.718 0.096 -0.999 -0.0 -0.009 0.035 0.743 0.0 -0.666 0.06 0.995 0.0 -0.006 0.095 
0.999 -0.04 -0.033 -0.015 -0.713 0.0 -0.698 -0.073 -1.0 -0.0 0.0 -0.0 0.943 0.0 -0.136 -0.302 0.493 0.0 0.566 -0.661 -0.689 -0.0 -0.718 0.096 -0.999 -0.0 -0.009 0.035 0.743 0.0 -0.666 0.06 0.996 0.0 -0.007 0.095 
0.999 -0.04 -0.033 -0.013 -0.713 -0.0 -0.698 -0.073 -1.0 -0.0 0.0 -0.0 0.942 0.0 -0.134 -0.306 0.489 0.0 0.565 -0.665 -0.689 -0.0 -0.719 0.096 -0.999 0.0 -0.008 0.034 0.744 0.0 -0.666 0.059 0.996 0.0 -0.007 0.094 
0.999 -0.04 -0.033 -0.012 -0.713 -0.0 -0.698 -0.072 -1.0 -0.0 0.0 -0.0 0.942 -0.0 -0.132 -0.31 0.485 0.0 0.564 -0.669 -0.689 -0.0 -0.719 0.096 -0.999 -0.0 -0.007 0.034 0.744 0.0 -0.666 0.058 0.996 0.0 -0.007 0.094 
0.999 -0.04 -0.033 -0.011 -0.713 -0.0 -0.697 -0.072 -1.0 -0.0 0.0 -0.0 0.941 0.0 -0.129 -0.314 0.481 0.0 0.563 -0.673 -0.688 -0.0 -0.719 0.096 -0.999 -0.0 -0.005 0.034 0.744 0.0 -0.666 0.058 0.996 0.0 -0.008 0.094 
0.999 -0.04 -0.033 -0.01 -0.713 0.0 -0.697 -0.072 -1.0 -0.0 0.0 0.0 0.94 0.0 -0.127 -0.316 0.476 -0.0 0.561 -0.677 -0.688 -0.0 -0.719 0.096 -0.999 -0.0 -0.006 0.034 0.744 0.0 -0.666 0.058 0.996 0.0 -0.008 0.094 
0.999 -0.039 -0.032 -0.009 -0.713 -0.0 -0.697 -0.071 -1.0 -0.0 0.0 -0.0 0.94 0.0 -0.124 -0.318 0.471 0.0 0.561 -0.681 -0.688 -0.0 -0.719 0.095 -0.999 -0.0 -0.005 0.034 0.744 0.0 -0.666 0.057 0.996 0.0 -0.008 0.093 
0.999 -0.039 -0.032 -0.009 -0.713 -0.0 -0.697 -0.072 -1.0 -0.0 0.0 0.0 0.939 0.0 -0.122 -0.321 0.466 -0.0 0.56 -0.685 -0.688 -0.0 -0.72 0.095 -0.999 -0.0 -0.004 0.034 0.744 0.0 -0.666 0.056 0.996 0.0 -0.009 0.093 
0.999 -0.039 -0.033 -0.009 -0.714 -0.0 -0.697 -0.072 -1.0 -0.0 0.0 0.0 0.939 -0.0 -0.12 -0.322 0.461 0.0 0.56 -0.688 -0.688 -0.0 -0.72 0.095 -0.999 -0.0 -0.004 0.034 0.744 0.0 -0.666 0.056 0.996 0.0 -0.009 0.093 
0.999 -0.038 -0.033 -0.008 -0.714 -0.0 -0.697 -0.072 -1.0 -0.0 0.0 -0.0 0.939 0.0 -0.119 -0.324 0.457 0.0 0.56 -0.691 -0.688 -0.0 -0.72 0.094 -0.999 0.0 -0.004 0.034 0.744 0.0 -0.666 0.056 0.996 0.0 -0.009 0.093 
0.999 -0.038 -0.033 -0.009 -0.714 -0.0 -0.697 -0.072 -1.0 -0.0 -0.0 0.0 0.939 0.0 -0.118 -0.324 0.453 0.0 0.559 -0.694 -0.688 0.0 -0.72 0.094 -0.999 -0.0 -0.004 0.034 0.744 0.0 -0.666 0.056 0.996 0.0 -0.009 0.093 
0.999 -0.038 -0.033 -0.009 -0.714 -0.0 -0.696 -0.073 -1.0 -0.0 0.0 -0.0 0.938 0.0 -0.117 -0.326 0.449 -0.0 0.561 -0.696 -0.688 -0.0 -0.72 0.094 -0.999 -0.0 -0.004 0.034 0.744 0.0 -0.666 0.055 0.996 0.0 -0.009 0.093 
0.999 -0.038 -0.033 -0.009 -0.714 0.0 -0.696 -0.073 -1.0 0.0 0.0 0.0 0.938 0.0 -0.117 -0.325 0.446 0.0 0.562 -0.697 -0.688 -0.0 -0.72 0.093 -0.999 0.0 -0.004 0.034 0.744 0.0 -0.666 0.055 0.996 -0.0 -0.009 0.093 
0.999 -0.038 -0.033 -0.01 -0.714 -0.0 -0.696 -0.073 -1.0 -0.0 -0.0 -0.0 0.939 0.0 -0.118 -0.323 0.443 0.0 0.562 -0.698 -0.688 -0.0 -0.72 0.093 -0.999 -0.0 -0.004 0.034 0.744 0.0 -0.666 0.055 0.996 0.0 -0.009 0.093 
0.999 -0.038 -0.033 -0.01 -0.714 -0.0 -0.696 -0.074 -1.0 -0.0 -0.0 0.0 0.94 0.0 -0.118 -0.32 0.441 0.0 0.562 -0.7 -0.688 -0.0 -0.72 0.093 -0.999 0.0 -0.005 0.034 0.744 0.0 -0.666 0.055 0.996 0.0 -0.008 0.093 
0.999 -0.037 -0.033 -0.011 -0.714 -0.0 -0.696 -0.074 -1.0 -0.0 0.0 0.0 0.941 0.0 -0.12 -0.317 0.439 0.0 0.563 -0.7 -0.688 -0.0 -0.72 0.093 -0.999 0.0 -0.005 0.033 0.744 0.0 -0.666 0.055 0.996 0.0 -0.008 0.093 
0.999 -0.037 -0.033 -0.012 -0.714 -0.0 -0.696 -0.075 -1.0 -0.0 -0.0 -0.0 0.941 0.0 -0.121 -0.315 0.438 0.0 0.565 -0.699 -0.688 -0.0 -0.72 0.093 -0.999 -0.0 -0.006 0.033 0.744 0.0 -0.666 0.056 0.996 0.0 -0.008 0.093 
0.999 -0.037 -0.033 -0.013 -0.714 -0.0 -0.695 -0.076 -1.0 -0.0 -0.0 0.0 0.942 0.0 -0.123 -0.311 0.438 0.0 0.566 -0.698 -0.688 -0.0 -0.72 0.092 -0.999 -0.0 -0.007 0.034 0.744 0.0 -0.666 0.056 0.996 0.0 -0.008 0.093 
0.999 -0.037 -0.033 -0.014 -0.715 -0.0 -0.695 -0.077 -1.0 -0.0 0.0 -0.0 0.943 -0.0 -0.126 -0.307 0.438 0.0 0.568 -0.697 -0.688 -0.0 -0.72 0.092 -0.999 -0.0 -0.007 0.034 0.744 0.0 -0.666 0.057 0.996 0.0 -0.007 0.093 
0.999 -0.037 -0.033 -0.016 -0.715 -0.0 -0.695 -0.078 -1.0 -0.0 -0.0 0.0 0.944 0.0 -0.128 -0.303 0.439 0.0 0.569 -0.695 -0.688 -0.0 -0.72 0.092 -0.999 -0.0 -0.007 0.034 0.744 0.0 -0.666 0.057 0.996 0.0 -0.007 0.093 
0.999 -0.038 -0.034 -0.017 -0.715 -0.0 -0.695 -0.08 -1.0 -0.0 -0.0 0.0 0.945 0.0 -0.131 -0.298 0.441 0.0 0.57 -0.693 -0.689 -0.0 -0.719 0.091 -0.999 -0.0 -0.008 0.035 0.744 0.0 -0.666 0.057 0.996 0.0 -0.007 0.093 
0.999 -0.038 -0.034 -0.018 -0.715 -0.0 -0.695 -0.081 -1.0 -0.0 -0.0 0.0 0.946 -0.0 -0.134 -0.296 0.443 -0.0 0.571 -0.691 -0.688 -0.0 -0.719 0.092 -0.999 -0.0 -0.008 0.034 0.744 0.0 -0.666 0.058 0.996 0.0 -0.007 0.094 
0.998 -0.038 -0.034 -0.02 -0.715 0.0 -0.695 -0.082 -1.0 -0.0 -0.0 0.0 0.946 -0.0 -0.138 -0.292 0.447 0.0 0.571 -0.689 -0.689 -0.0 -0.719 0.092 -0.999 -0.0 -0.01 0.034 0.744 0.0 -0.665 0.059 0.996 0.0 -0.009 0.094 
0.998 -0.039 -0.034 -0.021 -0.715 -0.0 -0.694 -0.083 -1.0 -0.0 -0.0 0.0 0.947 -0.0 -0.141 -0.288 0.449 0.0 0.572 -0.686 -0.689 -0.0 -0.719 0.092 -0.999 -0.0 -0.011 0.034 0.744 0.0 -0.665 0.06 0.996 0.0 -0.008 0.094 
0.998 -0.039 -0.034 -0.022 -0.715 0.0 -0.694 -0.084 -1.0 -0.0 0.0 -0.0 0.948 -0.0 -0.145 -0.284 0.453 0.0 0.572 -0.684 -0.69 -0.0 -0.718 0.093 -0.999 -0.0 -0.012 0.035 0.743 0.0 -0.666 0.061 0.996 -0.0 -0.005 0.093 
0.998 -0.039 -0.034 -0.024 -0.715 -0.0 -0.694 -0.085 -1.0 -0.0 -0.0 -0.0 0.949 0.0 -0.148 -0.28 0.457 0.0 0.573 -0.681 -0.69 -0.0 -0.718 0.093 -0.999 -0.0 -0.012 0.035 0.744 -0.0 -0.665 0.062 0.996 0.0 -0.007 0.094 
0.998 -0.04 -0.035 -0.025 -0.715 -0.0 -0.694 -0.086 -1.0 -0.0 0.0 0.0 0.949 0.0 -0.151 -0.275 0.461 -0.0 0.573 -0.677 -0.69 -0.0 -0.718 0.093 -0.999 -0.0 -0.012 0.035 0.744 0.0 -0.665 0.063 0.996 0.0 -0.007 0.094 
0.998 -0.04 -0.035 -0.026 -0.715 -0.0 -0.694 -0.087 -1.0 0.0 -0.0 0.0 0.95 0.0 -0.154 -0.272 0.465 0.0 0.575 -0.673 -0.69 -0.0 -0.718 0.094 -0.999 -0.0 -0.013 0.035 0.744 0.0 -0.665 0.065 0.996 0.0 -0.006 0.094 
0.998 -0.04 -0.035 -0.027 -0.715 -0.0 -0.694 -0.088 -1.0 -0.0 0.0 -0.0 0.95 0.0 -0.156 -0.269 0.469 0.0 0.575 -0.671 -0.69 0.0 -0.717 0.094 -0.999 -0.0 -0.014 0.035 0.744 0.0 -0.666 0.065 0.996 0.0 -0.006 0.094 
0.998 -0.041 -0.035 -0.028 -0.715 -0.0 -0.694 -0.088 -1.0 -0.0 -0.0 0.0 0.951 -0.0 -0.158 -0.267 0.473 0.0 0.575 -0.668 -0.69 -0.0 -0.717 0.094 -0.999 -0.0 -0.014 0.035 0.742 0.0 -0.667 0.066 0.996 0.0 -0.002 0.093 
0.998 -0.041 -0.035 -0.029 -0.714 -0.0 -0.694 -0.089 -1.0 0.0 -0.0 -0.0 0.951 0.0 -0.16 -0.265 0.478 0.0 0.574 -0.665 -0.69 -0.0 -0.717 0.095 -0.999 -0.0 -0.014 0.035 0.742 -0.0 -0.667 0.067 0.996 0.0 -0.002 0.094 
0.998 -0.041 -0.035 -0.03 -0.714 -0.0 -0.694 -0.089 -1.0 -0.0 0.0 0.0 0.951 0.0 -0.161 -0.264 0.482 0.0 0.574 -0.662 -0.691 -0.0 -0.717 0.095 -0.999 -0.0 -0.015 0.035 0.742 0.0 -0.667 0.067 0.996 0.0 -0.001 0.094 
0.998 -0.041 -0.035 -0.03 -0.714 -0.0 -0.694 -0.089 -1.0 -0.0 -0.0 0.0 0.951 -0.0 -0.162 -0.263 0.487 0.0 0.573 -0.659 -0.691 -0.0 -0.717 0.095 -0.999 -0.0 -0.015 0.035 0.743 0.0 -0.666 0.068 0.996 0.0 -0.004 0.094 
0.998 -0.041 -0.035 -0.031 -0.714 -0.0 -0.694 -0.089 -1.0 -0.0 -0.0 0.0 0.951 0.0 -0.163 -0.264 0.491 0.0 0.573 -0.656 -0.691 -0.0 -0.717 0.095 -0.999 -0.0 -0.015 0.036 0.743 0.0 -0.666 0.068 0.996 0.0 -0.004 0.094 
0.998 -0.042 -0.035 -0.031 -0.714 -0.0 -0.694 -0.089 -1.0 -0.0 0.0 0.0 0.95 0.0 -0.163 -0.265 0.494 0.0 0.573 -0.654 -0.691 -0.0 -0.717 0.095 -0.999 0.0 -0.015 0.036 0.742 0.0 -0.667 0.068 0.996 0.0 -0.001 0.094 
0.998 -0.042 -0.035 -0.031 -0.714 -0.0 -0.694 -0.088 -1.0 -0.0 0.0 0.0 0.95 -0.0 -0.163 -0.267 0.498 -0.0 0.572 -0.652 -0.691 -0.0 -0.717 0.095 -0.999 -0.0 -0.015 0.036 0.742 0.0 -0.667 0.068 0.996 0.0 -0.001 0.094 
0.998 -0.042 -0.035 -0.031 -0.714 -0.0 -0.695 -0.088 -1.0 -0.0 -0.0 -0.0 0.95 -0.0 -0.162 -0.269 0.499 0.0 0.572 -0.651 -0.691 -0.0 -0.717 0.095 -0.999 0.0 -0.015 0.036 0.742 0.0 -0.667 0.068 0.996 0.0 -0.001 0.094 
0.998 -0.041 -0.035 -0.03 -0.714 -0.0 -0.695 -0.088 -1.0 -0.0 0.0 0.0 0.949 0.0 -0.161 -0.272 0.5 -0.0 0.572 -0.65 -0.691 -0.0 -0.716 0.095 -0.999 -0.0 -0.016 0.036 0.742 0.0 -0.667 0.068 0.996 0.0 -0.001 0.094 
0.998 -0.041 -0.035 -0.03 -0.714 0.0 -0.695 -0.087 -1.0 -0.0 0.0 -0.0 0.948 0.0 -0.159 -0.275 0.5 0.0 0.572 -0.65 -0.691 -0.0 -0.717 0.095 -0.999 -0.0 -0.015 0.036 0.743 0.0 -0.666 0.067 0.995 0.0 -0.004 0.095 
0.998 -0.041 -0.035 -0.029 -0.714 -0.0 -0.695 -0.086 -1.0 -0.0 0.0 -0.0 0.947 0.0 -0.158 -0.279 0.5 0.0 0.572 -0.651 -0.691 -0.0 -0.717 0.095 -0.999 0.0 -0.015 0.036 0.742 -0.0 -0.667 0.067 0.996 0.0 -0.002 0.095 
0.998 -0.041 -0.035 -0.029 -0.714 0.0 -0.695 -0.086 -1.0 0.0 -0.0 0.0 0.946 0.0 -0.156 -0.283 0.498 0.0 0.571 -0.652 -0.691 -0.0 -0.717 0.095 -0.999 0.0 -0.015 0.036 0.742 0.0 -0.667 0.067 0.996 0.0 -0.002 0.094 
0.998 -0.041 -0.035 -0.028 -0.714 -0.0 -0.695 -0.086 -1.0 0.0 -0.0 -0.0 0.945 0.0 -0.155 -0.287 0.497 0.0 0.571 -0.653 -0.691 -0.0 -0.717 0.095 -0.999 -0.0 -0.014 0.036 0.743 0.0 -0.666 0.066 0.995 0.0 -0.005 0.095 
0.998 -0.041 -0.035 -0.027 -0.714 -0.0 -0.695 -0.085 -1.0 -0.0 0.0 0.0 0.944 0.0 -0.153 -0.291 0.494 -0.0 0.571 -0.656 -0.69 0.0 -0.717 0.095 -0.999 0.0 -0.014 0.036 0.743 0.0 -0.666 0.066 0.996 0.0 -0.005 0.095 
0.998 -0.041 -0.035 -0.026 -0.713 -0.0 -0.695 -0.085 -1.0 -0.0 0.0 -0.0 0.943 0.0 -0.151 -0.296 0.491 -0.0 0.57 -0.658 -0.69 -0.0 -0.717 0.095 -0.999 -0.0 -0.013 0.036 0.743 0.0 -0.667 0.066 0.996 0.0 -0.003 0.094 
0.998 -0.04 -0.035 -0.025 -0.713 -0.0 -0.696 -0.085 -1.0 -0.0 -0.0 -0.0 0.942 0.0 -0.148 -0.301 0.488 0.0 0.57 -0.661 -0.69 -0.0 -0.717 0.095 -0.999 -0.0 -0.013 0.036 0.743 0.0 -0.666 0.065 0.996 0.0 -0.003 0.094 
0.998 -0.04 -0.035 -0.024 -0.714 -0.0 -0.695 -0.085 -1.0 -0.0 0.0 -0.0 0.941 0.0 -0.146 -0.304 0.483 0.0 0.569 -0.665 -0.69 -0.0 -0.718 0.094 -0.999 -0.0 -0.012 0.036 0.743 0.0 -0.667 0.065 0.996 0.0 -0.003 0.094 
0.998 -0.04 -0.035 -0.023 -0.714 -0.0 -0.695 -0.085 -1.0 -0.0 0.0 -0.0 0.941 0.0 -0.143 -0.308 0.479 -0.0 0.569 -0.668 -0.69 -0.0 -0.718 0.094 -0.999 -0.0 -0.012 0.036 0.743 -0.0 -0.666 0.064 0.996 0.0 -0.004 0.094 
0.998 -0.04 -0.035 -0.023 -0.714 0.0 -0.695 -0.085 -1.0 -0.0 0.0 0.0 0.94 0.0 -0.141 -0.312 0.474 0.0 0.568 -0.673 -0.69 0.0 -0.718 0.094 -0.999 -0.0 -0.011 0.036 0.743 0.0 -0.666 0.064 0.996 0.0 -0.004 0.093 
0.998 -0.039 -0.035 -0.022 -0.714 -0.0 -0.695 -0.085 -1.0 -0.0 -0.0 -0.0 0.939 0.0 -0.139 -0.315 0.468 0.0 0.567 -0.678 -0.69 -0.0 -0.718 0.094 -0.999 -0.0 -0.011 0.036 0.743 -0.0 -0.666 0.063 0.996 -0.0 -0.004 0.094 
0.998 -0.039 -0.035 -0.021 -0.714 -0.0 -0.695 -0.084 -1.0 -0.0 -0.0 -0.0 0.938 0.0 -0.137 -0.318 0.462 -0.0 0.567 -0.682 -0.69 0.0 -0.718 0.094 -0.999 -0.0 -0.011 0.035 0.743 -0.0 -0.666 0.063 0.996 0.0 -0.004 0.093 
0.998 -0.039 -0.035 -0.021 -0.714 -0.0 -0.695 -0.084 -1.0 -0.0 -0.0 -0.0 0.937 0.0 -0.135 -0.321 0.457 0.0 0.567 -0.686 -0.689 -0.0 -0.718 0.094 -0.999 -0.0 -0.011 0.035 0.743 0.0 -0.666 0.063 0.996 0.0 -0.004 0.093 
0.998 -0.039 -0.035 -0.02 -0.714 -0.0 -0.695 -0.084 -1.0 0.0 0.0 -0.0 0.937 0.0 -0.132 -0.323 0.451 -0.0 0.567 -0.689 -0.689 -0.0 -0.719 0.094 -0.999 0.0 -0.01 0.035 0.743 -0.0 -0.666 0.062 0.996 -0.0 -0.005 0.093 
0.998 -0.038 -0.035 -0.02 -0.714 0.0 -0.695 -0.084 -1.0 0.0 -0.0 0.0 0.937 -0.0 -0.13 -0.325 0.447 -0.0 0.568 -0.691 -0.689 -0.0 -0.719 0.093 -0.999 -0.0 -0.01 0.035 0.743 0.0 -0.666 0.061 0.996 0.0 -0.004 0.093 
0.998 -0.038 -0.035 -0.02 -0.714 -0.0 -0.695 -0.084 -1.0 -0.0 0.0 -0.0 0.936 0.0 -0.128 -0.327 0.444 0.0 0.569 -0.692 -0.689 -0.0 -0.719 0.093 -0.999 -0.0 -0.01 0.034 0.743 0.0 -0.666 0.061 0.996 0.0 -0.005 0.093 
0.998 -0.038 -0.035 -0.02 -0.715 -0.0 -0.694 -0.084 -1.0 0.0 -0.0 0.0 0.936 0.0 -0.126 -0.328 0.441 0.0 0.569 -0.695 -0.689 -0.0 -0.719 0.093 -0.999 -0.0 -0.009 0.035 0.743 0.0 -0.666 0.061 0.996 0.0 -0.005 0.093 
0.998 -0.037 -0.035 -0.02 -0.715 -0.0 -0.694 -0.084 -1.0 -0.0 -0.0 0.0 0.936 0.0 -0.126 -0.329 0.438 0.0 0.569 -0.696 -0.689 -0.0 -0.719 0.093 -0.999 -0.0 -0.009 0.034 0.743 0.0 -0.666 0.06 0.996 0.0 -0.005 0.093 
0.998 -0.037 -0.035 -0.02 -0.715 -0.0 -0.694 -0.084 -1.0 0.0 0.0 0.0 0.936 0.0 -0.126 -0.329 0.436 -0.0 0.57 -0.696 -0.689 -0.0 -0.719 0.092 -0.999 -0.0 -0.009 0.034 0.743 -0.0 -0.666 0.06 0.996 -0.0 -0.005 0.093 
0.998 -0.037 -0.035 -0.021 -0.715 -0.0 -0.694 -0.084 -1.0 0.0 0.0 0.0 0.936 0.0 -0.126 -0.329 0.435 0.0 0.57 -0.697 -0.689 -0.0 -0.719 0.092 -0.999 -0.0 -0.009 0.034 0.743 0.0 -0.666 0.06 0.996 0.0 -0.004 0.093 
0.998 -0.037 -0.035 -0.021 -0.715 -0.0 -0.694 -0.084 -1.0 -0.0 -0.0 0.0 0.936 0.0 -0.127 -0.328 0.434 -0.0 0.571 -0.697 -0.689 -0.0 -0.719 0.092 -0.999 -0.0 -0.01 0.034 0.743 0.0 -0.666 0.06 0.996 0.0 -0.005 0.093 
0.998 -0.037 -0.035 -0.022 -0.715 0.0 -0.694 -0.084 -1.0 -0.0 0.0 -0.0 0.937 0.0 -0.127 -0.325 0.434 0.0 0.572 -0.696 -0.689 0.0 -0.719 0.092 -0.999 -0.0 -0.01 0.034 0.743 0.0 -0.667 0.06 0.996 0.0 -0.004 0.093 
0.998 -0.037 -0.035 -0.022 -0.715 -0.0 -0.694 -0.084 -1.0 -0.0 0.0 0.0 0.938 0.0 -0.128 -0.323 0.435 0.0 0.572 -0.695 -0.689 -0.0 -0.719 0.091 -0.999 -0.0 -0.01 0.034 0.743 0.0 -0.666 0.06 0.996 -0.0 -0.004 0.093 
0.998 -0.037 -0.035 -0.023 -0.715 -0.0 -0.694 -0.085 -1.0 -0.0 -0.0 0.0 0.938 0.0 -0.13 -0.321 0.436 0.0 0.573 -0.694 -0.689 -0.0 -0.719 0.091 -0.999 0.0 -0.011 0.034 0.743 -0.0 -0.666 0.061 0.996 -0.0 -0.004 0.093 
0.998 -0.037 -0.035 -0.024 -0.715 0.0 -0.694 -0.085 -1.0 -0.0 0.0 0.0 0.939 0.0 -0.132 -0.317 0.437 0.0 0.574 -0.692 -0.689 -0.0 -0.719 0.091 -0.999 -0.0 -0.011 0.034 0.743 0.0 -0.667 0.061 0.996 0.0 -0.004 0.093 
0.998 -0.037 -0.035 -0.025 -0.715 -0.0 -0.694 -0.086 -1.0 -0.0 -0.0 0.0 0.94 -0.0 -0.134 -0.314 0.44 0.0 0.575 -0.69 -0.689 -0.0 -0.719 0.091 -0.999 0.0 -0.012 0.034 0.743 0.0 -0.667 0.061 0.996 0.0 -0.004 0.093 
0.998 -0.037 -0.036 -0.026 -0.715 -0.0 -0.694 -0.086 -1.0 -0.0 -0.0 -0.0 0.941 0.0 -0.137 -0.311 0.443 0.0 0.575 -0.688 -0.69 -0.0 -0.718 0.092 -0.999 0.0 -0.012 0.034 0.743 -0.0 -0.667 0.062 0.996 0.0 -0.003 0.093 
0.998 -0.037 -0.036 -0.027 -0.715 -0.0 -0.694 -0.087 -1.0 -0.0 0.0 -0.0 0.941 -0.0 -0.14 -0.307 0.446 0.0 0.575 -0.685 -0.69 -0.0 -0.718 0.091 -0.999 -0.0 -0.013 0.034 0.743 0.0 -0.667 0.063 0.996 -0.0 -0.003 0.093 
0.998 -0.037 -0.036 -0.028 -0.715 -0.0 -0.694 -0.088 -1.0 0.0 -0.0 0.0 0.942 0.0 -0.142 -0.303 0.45 0.0 0.575 -0.683 -0.69 -0.0 -0.718 0.092 -0.999 -0.0 -0.013 0.034 0.742 0.0 -0.667 0.064 0.996 0.0 -0.003 0.093 
0.998 -0.038 -0.036 -0.029 -0.714 -0.0 -0.694 -0.088 -1.0 -0.0 0.0 0.0 0.943 0.0 -0.145 -0.3 0.455 0.0 0.575 -0.681 -0.69 -0.0 -0.718 0.092 -0.999 -0.0 -0.013 0.035 0.742 -0.0 -0.667 0.064 0.996 0.0 -0.002 0.093 
0.998 -0.038 -0.036 -0.03 -0.714 -0.0 -0.694 -0.089 -1.0 -0.0 -0.0 0.0 0.944 0.0 -0.148 -0.296 0.458 -0.0 0.575 -0.678 -0.69 -0.0 -0.718 0.092 -0.999 -0.0 -0.013 0.035 0.743 -0.0 -0.666 0.065 0.996 -0.0 -0.005 0.093 
0.998 -0.038 -0.036 -0.031 -0.714 0.0 -0.694 -0.09 -1.0 -0.0 0.0 0.0 0.945 0.0 -0.151 -0.291 0.463 0.0 0.574 -0.676 -0.69 -0.0 -0.718 0.092 -0.999 -0.0 -0.014 0.034 0.742 0.0 -0.667 0.065 0.996 0.0 -0.002 0.093 
0.998 -0.038 -0.036 -0.031 -0.714 -0.0 -0.694 -0.09 -1.0 -0.0 -0.0 0.0 0.945 -0.0 -0.154 -0.288 0.467 0.0 0.573 -0.673 -0.69 -0.0 -0.717 0.092 -0.999 -0.0 -0.015 0.034 0.742 0.0 -0.667 0.066 0.996 -0.0 -0.001 0.093 
0.998 -0.038 -0.036 -0.032 -0.714 -0.0 -0.694 -0.09 -1.0 -0.0 0.0 0.0 0.946 0.0 -0.156 -0.284 0.471 0.0 0.573 -0.67 -0.691 -0.0 -0.717 0.092 -0.999 -0.0 -0.015 0.035 0.742 0.0 -0.667 0.066 0.996 0.0 -0.001 0.093 
0.998 -0.038 -0.036 -0.033 -0.714 -0.0 -0.694 -0.09 -1.0 0.0 0.0 -0.0 0.947 0.0 -0.159 -0.281 0.475 0.0 0.573 -0.668 -0.691 -0.0 -0.717 0.092 -0.999 -0.0 -0.015 0.035 0.743 0.0 -0.666 0.066 0.996 0.0 -0.004 0.093 
0.998 -0.038 -0.036 -0.034 -0.714 -0.0 -0.694 -0.09 -1.0 -0.0 0.0 0.0 0.947 0.0 -0.16 -0.278 0.479 -0.0 0.573 -0.665 -0.691 -0.0 -0.717 0.092 -0.999 -0.0 -0.015 0.034 0.742 0.0 -0.667 0.067 0.996 0.0 -0.004 0.093 
0.998 -0.038 -0.036 -0.035 -0.714 -0.0 -0.694 -0.089 -1.0 -0.0 0.0 0.0 0.948 0.0 -0.162 -0.275 0.483 0.0 0.572 -0.663 -0.691 -0.0 -0.717 0.092 -0.999 0.0 -0.015 0.035 0.742 0.0 -0.667 0.067 0.996 -0.0 -0.003 0.093 
0.998 -0.038 -0.036 -0.035 -0.714 -0.0 -0.695 -0.088 -1.0 -0.0 0.0 -0.0 0.948 0.0 -0.163 -0.273 0.487 0.0 0.573 -0.66 -0.691 -0.0 -0.717 0.092 -0.999 -0.0 -0.015 0.035 0.741 -0.0 -0.668 0.068 0.996 -0.0 -0.0 0.092 
0.998 -0.038 -0.036 -0.036 -0.714 -0.0 -0.695 -0.087 -1.0 -0.0 0.0 0.0 0.948 0.0 -0.164 -0.273 0.49 0.0 0.572 -0.657 -0.691 -0.0 -0.717 0.091 -0.999 -0.0 -0.015 0.035 0.741 0.0 -0.668 0.068 0.996 -0.0 -0.0 0.092 
0.998 -0.038 -0.036 -0.036 -0.714 -0.0 -0.695 -0.086 -1.0 -0.0 0.0 -0.0 0.948 -0.0 -0.164 -0.273 0.493 0.0 0.573 -0.655 -0.691 -0.0 -0.717 0.091 -0.999 -0.0 -0.015 0.035 0.742 -0.0 -0.667 0.068 0.996 0.0 -0.003 0.093 
0.998 -0.038 -0.036 -0.036 -0.714 -0.0 -0.695 -0.084 -1.0 -0.0 -0.0 -0.0 0.948 0.0 -0.164 -0.274 0.495 0.0 0.573 -0.653 -0.691 -0.0 -0.717 0.091 -0.999 0.0 -0.016 0.035 0.741 0.0 -0.668 0.068 0.996 0.0 -0.0 0.092 
