# T   LUA LFA RUA RFA LT  LS  RT  RS  
0.685 -0.082 -0.001 -0.724 -0.766 -0.0 -0.637 0.094 -0.985 -0.0 -0.065 -0.158 0.715 0.0 -0.677 0.176 0.959 -0.0 -0.096 -0.267 -0.689 0.0 -0.711 0.14 -0.996 -0.0 0.067 0.054 0.601 0.0 -0.8 0.009 0.987 0.0 0.061 0.149 
0.686 -0.082 -0.003 -0.723 -0.766 0.0 -0.636 0.096 -0.985 -0.0 -0.067 -0.158 0.715 0.0 -0.677 0.177 0.959 0.0 -0.096 -0.267 -0.689 -0.0 -0.711 0.141 -0.996 -0.0 0.068 0.056 0.6 -0.0 -0.8 0.013 0.987 -0.0 0.062 0.148 
0.686 -0.081 -0.003 -0.723 -0.766 -0.0 -0.636 0.098 -0.985 -0.0 -0.068 -0.157 0.715 0.0 -0.676 0.178 0.959 0.0 -0.096 -0.267 -0.688 -0.0 -0.711 0.142 -0.996 -0.0 0.068 0.059 0.6 0.0 -0.8 0.017 0.987 -0.0 0.064 0.148 
0.687 -0.081 -0.004 -0.722 -0.766 0.0 -0.635 0.1 -0.985 0.0 -0.069 -0.157 0.715 0.0 -0.676 0.178 0.959 -0.0 -0.096 -0.267 -0.689 -0.0 -0.711 0.142 -0.996 -0.0 0.069 0.061 0.6 0.0 -0.8 0.019 0.987 0.0 0.065 0.147 
0.688 -0.081 -0.005 -0.721 -0.766 -0.0 -0.635 0.101 -0.985 0.0 -0.069 -0.157 0.715 0.0 -0.676 0.179 0.959 0.0 -0.096 -0.267 -0.689 -0.0 -0.711 0.142 -0.995 -0.0 0.069 0.065 0.6 0.0 -0.8 0.021 0.987 0.0 0.066 0.147 
0.69 -0.081 -0.006 -0.719 -0.766 -0.0 -0.634 0.103 -0.985 0.0 -0.07 -0.156 0.715 0.0 -0.675 0.179 0.959 0.0 -0.098 -0.267 -0.688 -0.0 -0.712 0.144 -0.995 -0.0 0.07 0.067 0.6 0.0 -0.8 0.025 0.987 0.0 0.068 0.147 
0.692 -0.081 -0.006 -0.717 -0.766 -0.0 -0.634 0.104 -0.985 -0.0 -0.069 -0.156 0.716 0.0 -0.675 0.179 0.959 0.0 -0.098 -0.267 -0.688 0.0 -0.712 0.143 -0.995 -0.0 0.071 0.072 0.599 0.0 -0.8 0.026 0.987 0.0 0.069 0.148 
0.693 -0.081 -0.007 -0.716 -0.766 -0.0 -0.634 0.106 -0.985 -0.0 -0.068 -0.157 0.715 0.0 -0.675 0.18 0.958 -0.0 -0.098 -0.268 -0.688 0.0 -0.712 0.141 -0.995 -0.0 0.071 0.077 0.599 -0.0 -0.8 0.029 0.987 -0.0 0.07 0.147 
0.695 -0.081 -0.008 -0.715 -0.766 -0.0 -0.634 0.108 -0.985 -0.0 -0.068 -0.157 0.716 0.0 -0.675 0.18 0.958 0.0 -0.099 -0.268 -0.687 0.0 -0.713 0.14 -0.994 -0.0 0.071 0.082 0.599 0.0 -0.8 0.032 0.987 0.0 0.071 0.147 
0.696 -0.081 -0.008 -0.713 -0.766 -0.0 -0.633 0.11 -0.985 -0.0 -0.068 -0.158 0.716 0.0 -0.675 0.181 0.958 0.0 -0.1 -0.268 -0.687 -0.0 -0.713 0.139 -0.993 0.0 0.072 0.088 0.599 0.0 -0.8 0.035 0.987 0.0 0.073 0.146 
0.697 -0.081 -0.009 -0.712 -0.766 -0.0 -0.633 0.112 -0.985 0.0 -0.067 -0.159 0.716 0.0 -0.674 0.181 0.958 0.0 -0.1 -0.268 -0.687 -0.0 -0.714 0.136 -0.993 -0.0 0.073 0.095 0.598 0.0 -0.8 0.038 0.987 0.0 0.074 0.145 
0.698 -0.081 -0.01 -0.711 -0.766 -0.0 -0.633 0.114 -0.985 -0.0 -0.067 -0.159 0.716 0.0 -0.674 0.182 0.958 0.0 -0.1 -0.268 -0.687 -0.0 -0.714 0.132 -0.992 -0.0 0.073 0.103 0.599 0.0 -0.8 0.042 0.987 0.0 0.075 0.144 
0.7 -0.081 -0.011 -0.71 -0.766 -0.0 -0.633 0.115 -0.985 -0.0 -0.066 -0.159 0.716 0.0 -0.674 0.182 0.958 0.0 -0.102 -0.268 -0.687 -0.0 -0.715 0.129 -0.991 -0.0 0.074 0.111 0.599 0.0 -0.8 0.045 0.987 0.0 0.076 0.143 
0.701 -0.081 -0.011 -0.708 -0.766 -0.0 -0.632 0.117 -0.985 -0.0 -0.065 -0.161 0.716 0.0 -0.674 0.183 0.958 0.0 -0.102 -0.267 -0.687 -0.0 -0.716 0.125 -0.99 -0.0 0.074 0.12 0.599 0.0 -0.799 0.049 0.987 0.0 0.077 0.142 
0.702 -0.081 -0.012 -0.707 -0.766 -0.0 -0.632 0.118 -0.985 -0.0 -0.064 -0.161 0.716 0.0 -0.674 0.184 0.958 0.0 -0.103 -0.267 -0.687 -0.0 -0.716 0.12 -0.989 -0.0 0.073 0.129 0.599 0.0 -0.799 0.053 0.987 0.0 0.078 0.14 
0.704 -0.081 -0.013 -0.705 -0.766 -0.0 -0.632 0.119 -0.985 -0.0 -0.063 -0.161 0.716 -0.0 -0.673 0.184 0.958 0.0 -0.104 -0.267 -0.687 -0.0 -0.717 0.116 -0.988 0.0 0.073 0.138 0.599 -0.0 -0.799 0.057 0.987 0.0 0.079 0.139 
0.705 -0.081 -0.014 -0.704 -0.766 -0.0 -0.631 0.12 -0.985 -0.0 -0.062 -0.162 0.716 0.0 -0.673 0.185 0.958 0.0 -0.105 -0.267 -0.687 -0.0 -0.718 0.111 -0.986 -0.0 0.073 0.148 0.599 0.0 -0.798 0.061 0.987 0.0 0.08 0.137 
0.707 -0.081 -0.014 -0.703 -0.766 -0.0 -0.631 0.121 -0.985 -0.0 -0.061 -0.163 0.716 0.0 -0.673 0.185 0.958 -0.0 -0.106 -0.266 -0.687 -0.0 -0.719 0.105 -0.985 -0.0 0.072 0.159 0.599 0.0 -0.798 0.064 0.987 0.0 0.08 0.136 
0.708 -0.081 -0.015 -0.701 -0.766 -0.0 -0.631 0.121 -0.985 0.0 -0.06 -0.163 0.716 0.0 -0.673 0.186 0.958 -0.0 -0.107 -0.266 -0.688 -0.0 -0.719 0.099 -0.983 -0.0 0.071 0.17 0.599 -0.0 -0.798 0.067 0.987 0.0 0.082 0.135 
0.71 -0.081 -0.016 -0.7 -0.767 -0.0 -0.63 0.122 -0.985 -0.0 -0.06 -0.163 0.716 0.0 -0.672 0.186 0.958 0.0 -0.108 -0.265 -0.688 -0.0 -0.72 0.092 -0.981 0.0 0.069 0.182 0.599 0.0 -0.797 0.07 0.987 -0.0 0.083 0.134 
0.711 -0.081 -0.016 -0.698 -0.766 -0.0 -0.631 0.122 -0.985 -0.0 -0.058 -0.163 0.717 0.0 -0.672 0.186 0.958 0.0 -0.108 -0.265 -0.688 -0.0 -0.72 0.083 -0.979 0.0 0.066 0.195 0.6 0.0 -0.797 0.072 0.987 -0.0 0.083 0.134 
0.712 -0.081 -0.016 -0.697 -0.767 -0.0 -0.63 0.122 -0.985 -0.0 -0.057 -0.164 0.716 -0.0 -0.672 0.186 0.958 0.0 -0.109 -0.264 -0.69 0.0 -0.72 0.074 -0.976 -0.0 0.062 0.21 0.599 0.0 -0.797 0.075 0.987 0.0 0.084 0.133 
0.714 -0.081 -0.017 -0.695 -0.767 -0.0 -0.63 0.122 -0.985 -0.0 -0.057 -0.165 0.717 -0.0 -0.672 0.186 0.958 0.0 -0.11 -0.263 -0.691 0.0 -0.72 0.064 -0.973 -0.0 0.057 0.224 0.6 0.0 -0.797 0.077 0.987 0.0 0.084 0.134 
0.715 -0.08 -0.017 -0.694 -0.767 -0.0 -0.629 0.124 -0.984 -0.0 -0.056 -0.168 0.717 -0.0 -0.672 0.185 0.958 0.0 -0.111 -0.263 -0.692 -0.0 -0.72 0.053 -0.97 -0.0 0.051 0.239 0.6 0.0 -0.796 0.078 0.987 0.0 0.085 0.134 
0.716 -0.081 -0.017 -0.693 -0.768 0.0 -0.629 0.122 -0.984 -0.0 -0.055 -0.167 0.716 0.0 -0.673 0.186 0.959 0.0 -0.111 -0.262 -0.694 -0.0 -0.719 0.044 -0.966 0.0 0.045 0.254 0.6 0.0 -0.796 0.081 0.987 0.0 0.085 0.133 
0.718 -0.08 -0.017 -0.691 -0.768 -0.0 -0.628 0.124 -0.984 -0.0 -0.056 -0.17 0.716 0.0 -0.673 0.186 0.959 0.0 -0.113 -0.262 -0.695 -0.0 -0.718 0.033 -0.963 -0.0 0.038 0.268 0.6 0.0 -0.796 0.082 0.987 -0.0 0.086 0.133 
0.719 -0.08 -0.017 -0.69 -0.769 0.0 -0.628 0.125 -0.984 -0.0 -0.056 -0.172 0.716 0.0 -0.673 0.186 0.958 0.0 -0.114 -0.262 -0.697 -0.0 -0.717 0.023 -0.959 -0.0 0.031 0.283 0.599 0.0 -0.796 0.084 0.987 0.0 0.086 0.133 
0.72 -0.08 -0.018 -0.689 -0.769 0.0 -0.627 0.124 -0.983 -0.0 -0.055 -0.172 0.716 0.0 -0.672 0.187 0.958 0.0 -0.115 -0.261 -0.698 -0.0 -0.716 0.013 -0.955 -0.0 0.024 0.296 0.6 0.0 -0.796 0.086 0.987 0.0 0.086 0.134 
0.721 -0.08 -0.018 -0.688 -0.77 -0.0 -0.626 0.124 -0.983 0.0 -0.056 -0.173 0.716 0.0 -0.672 0.187 0.958 0.0 -0.116 -0.261 -0.699 -0.0 -0.715 0.002 -0.95 -0.0 0.017 0.311 0.599 0.0 -0.796 0.088 0.987 0.0 0.087 0.134 
0.722 -0.08 -0.018 -0.687 -0.77 -0.0 -0.626 0.124 -0.983 -0.0 -0.056 -0.175 0.715 0.0 -0.673 0.188 0.958 0.0 -0.114 -0.261 -0.7 -0.0 -0.714 -0.01 -0.946 -0.0 0.009 0.325 0.6 0.0 -0.795 0.089 0.987 0.0 0.087 0.135 
0.723 -0.08 -0.018 -0.686 -0.77 -0.0 -0.625 0.124 -0.983 -0.0 -0.056 -0.177 0.716 0.0 -0.672 0.188 0.958 -0.0 -0.117 -0.26 -0.701 0.0 -0.713 -0.021 -0.941 -0.0 0.001 0.339 0.599 0.0 -0.795 0.091 0.987 0.0 0.087 0.135 
0.724 -0.08 -0.018 -0.685 -0.771 -0.0 -0.625 0.123 -0.982 -0.0 -0.056 -0.178 0.715 0.0 -0.673 0.189 0.958 0.0 -0.116 -0.261 -0.702 0.0 -0.712 -0.032 -0.936 0.0 -0.007 0.353 0.599 0.0 -0.795 0.093 0.987 0.0 0.088 0.136 
0.724 -0.08 -0.019 -0.684 -0.771 -0.0 -0.624 0.123 -0.982 -0.0 -0.056 -0.18 0.716 0.0 -0.672 0.189 0.958 0.0 -0.119 -0.26 -0.703 -0.0 -0.71 -0.044 -0.931 -0.0 -0.016 0.365 0.599 0.0 -0.795 0.094 0.987 0.0 0.088 0.137 
0.725 -0.081 -0.019 -0.684 -0.772 -0.0 -0.624 0.122 -0.982 -0.0 -0.057 -0.181 0.715 0.0 -0.673 0.19 0.959 0.0 -0.117 -0.26 -0.704 -0.0 -0.708 -0.055 -0.926 -0.0 -0.025 0.376 0.599 0.0 -0.795 0.096 0.987 0.0 0.089 0.137 
0.725 -0.081 -0.019 -0.684 -0.772 -0.0 -0.624 0.122 -0.981 -0.0 -0.057 -0.183 0.715 0.0 -0.673 0.191 0.959 0.0 -0.117 -0.26 -0.705 -0.0 -0.707 -0.065 -0.922 -0.0 -0.034 0.386 0.599 0.0 -0.795 0.097 0.986 0.0 0.089 0.138 
0.726 -0.081 -0.019 -0.683 -0.773 -0.0 -0.623 0.122 -0.981 -0.0 -0.058 -0.185 0.715 0.0 -0.673 0.191 0.959 0.0 -0.118 -0.259 -0.706 -0.0 -0.705 -0.075 -0.918 -0.0 -0.042 0.394 0.599 0.0 -0.795 0.099 0.986 0.0 0.089 0.138 
0.726 -0.081 -0.02 -0.682 -0.773 0.0 -0.623 0.119 -0.981 -0.0 -0.058 -0.184 0.715 0.0 -0.672 0.192 0.959 0.0 -0.118 -0.258 -0.707 -0.0 -0.703 -0.083 -0.915 -0.0 -0.05 0.4 0.599 0.0 -0.795 0.101 0.986 -0.0 0.09 0.139 
0.727 -0.08 -0.02 -0.682 -0.773 -0.0 -0.623 0.12 -0.981 -0.0 -0.058 -0.188 0.715 -0.0 -0.672 0.192 0.959 0.0 -0.118 -0.258 -0.708 -0.0 -0.701 -0.092 -0.913 -0.0 -0.058 0.405 0.599 0.0 -0.794 0.102 0.986 0.0 0.089 0.14 
0.727 -0.08 -0.02 -0.681 -0.773 -0.0 -0.623 0.12 -0.98 -0.0 -0.059 -0.19 0.715 -0.0 -0.672 0.191 0.959 -0.0 -0.118 -0.257 -0.708 -0.0 -0.699 -0.099 -0.911 -0.0 -0.064 0.407 0.599 0.0 -0.794 0.103 0.986 0.0 0.09 0.141 
0.728 -0.08 -0.021 -0.681 -0.773 0.0 -0.623 0.12 -0.98 -0.0 -0.059 -0.191 0.716 0.0 -0.672 0.192 0.959 0.0 -0.118 -0.256 -0.709 -0.0 -0.697 -0.106 -0.91 -0.0 -0.071 0.409 0.6 0.0 -0.793 0.105 0.986 0.0 0.09 0.141 
0.729 -0.08 -0.022 -0.68 -0.772 -0.0 -0.624 0.12 -0.979 -0.0 -0.058 -0.193 0.716 0.0 -0.671 0.192 0.96 0.0 -0.119 -0.255 -0.71 -0.0 -0.696 -0.111 -0.91 0.0 -0.076 0.409 0.6 0.0 -0.792 0.107 0.986 0.0 0.091 0.142 
0.73 -0.079 -0.023 -0.678 -0.772 -0.0 -0.624 0.12 -0.979 -0.0 -0.058 -0.195 0.717 0.0 -0.67 0.192 0.96 0.0 -0.118 -0.254 -0.71 -0.0 -0.695 -0.116 -0.91 -0.0 -0.079 0.406 0.601 0.0 -0.792 0.108 0.986 0.0 0.091 0.143 
0.731 -0.079 -0.023 -0.678 -0.772 0.0 -0.624 0.12 -0.979 -0.0 -0.059 -0.196 0.717 0.0 -0.67 0.192 0.96 -0.0 -0.118 -0.253 -0.71 -0.0 -0.693 -0.124 -0.909 -0.0 -0.086 0.407 0.602 0.0 -0.791 0.11 0.986 0.0 0.092 0.143 
0.732 -0.078 -0.024 -0.677 -0.771 -0.0 -0.625 0.12 -0.979 -0.0 -0.059 -0.197 0.718 0.0 -0.669 0.192 0.96 0.0 -0.119 -0.252 -0.71 -0.0 -0.692 -0.129 -0.911 -0.0 -0.09 0.404 0.603 -0.0 -0.79 0.112 0.985 0.0 0.092 0.143 
0.733 -0.077 -0.025 -0.676 -0.771 -0.0 -0.626 0.12 -0.978 -0.0 -0.06 -0.199 0.718 0.0 -0.669 0.192 0.961 0.0 -0.118 -0.252 -0.711 0.0 -0.691 -0.134 -0.911 -0.0 -0.092 0.401 0.604 0.0 -0.789 0.114 0.985 0.0 0.092 0.143 
0.734 -0.077 -0.026 -0.675 -0.77 -0.0 -0.626 0.121 -0.978 -0.0 -0.06 -0.2 0.719 0.0 -0.668 0.192 0.961 0.0 -0.118 -0.251 -0.71 0.0 -0.69 -0.139 -0.913 -0.0 -0.094 0.398 0.604 -0.0 -0.788 0.117 0.985 0.0 0.093 0.143 
0.735 -0.076 -0.027 -0.674 -0.77 -0.0 -0.627 0.121 -0.978 0.0 -0.06 -0.202 0.72 0.0 -0.667 0.192 0.961 0.0 -0.119 -0.25 -0.71 -0.0 -0.69 -0.142 -0.915 -0.0 -0.093 0.394 0.605 -0.0 -0.787 0.119 0.985 0.0 0.094 0.142 
0.736 -0.076 -0.028 -0.672 -0.769 -0.0 -0.627 0.121 -0.977 -0.0 -0.06 -0.202 0.72 0.0 -0.667 0.192 0.961 0.0 -0.119 -0.249 -0.71 0.0 -0.688 -0.148 -0.915 -0.0 -0.097 0.391 0.606 0.0 -0.786 0.121 0.985 0.0 0.095 0.142 
0.737 -0.075 -0.029 -0.671 -0.769 -0.0 -0.628 0.121 -0.977 -0.0 -0.061 -0.204 0.721 0.0 -0.666 0.192 0.961 0.0 -0.119 -0.249 -0.71 0.0 -0.688 -0.153 -0.917 -0.0 -0.098 0.386 0.607 -0.0 -0.785 0.123 0.985 -0.0 0.095 0.142 
0.738 -0.074 -0.029 -0.67 -0.769 -0.0 -0.628 0.121 -0.977 -0.0 -0.061 -0.205 0.722 0.0 -0.665 0.192 0.961 0.0 -0.12 -0.248 -0.709 -0.0 -0.687 -0.157 -0.92 -0.0 -0.098 0.38 0.608 0.0 -0.784 0.125 0.985 0.0 0.096 0.142 
0.739 -0.074 -0.03 -0.669 -0.768 -0.0 -0.629 0.121 -0.977 -0.0 -0.061 -0.207 0.722 0.0 -0.664 0.192 0.961 0.0 -0.121 -0.248 -0.709 -0.0 -0.686 -0.161 -0.922 -0.0 -0.099 0.373 0.609 0.0 -0.783 0.127 0.985 0.0 0.097 0.142 
0.741 -0.073 -0.031 -0.667 -0.768 -0.0 -0.629 0.121 -0.976 -0.0 -0.062 -0.208 0.723 0.0 -0.664 0.192 0.961 0.0 -0.122 -0.247 -0.709 -0.0 -0.685 -0.165 -0.925 -0.0 -0.099 0.367 0.61 0.0 -0.782 0.129 0.985 0.0 0.098 0.142 
0.742 -0.073 -0.032 -0.666 -0.767 -0.0 -0.63 0.121 -0.976 0.0 -0.062 -0.209 0.724 0.0 -0.663 0.192 0.961 0.0 -0.123 -0.247 -0.709 0.0 -0.685 -0.168 -0.928 -0.0 -0.098 0.36 0.611 -0.0 -0.781 0.131 0.985 0.0 0.099 0.141 
0.743 -0.072 -0.032 -0.665 -0.767 -0.0 -0.63 0.121 -0.976 -0.0 -0.062 -0.21 0.725 0.0 -0.662 0.192 0.961 0.0 -0.124 -0.246 -0.709 -0.0 -0.684 -0.171 -0.931 -0.0 -0.097 0.352 0.612 0.0 -0.78 0.133 0.985 0.0 0.1 0.142 
0.744 -0.072 -0.033 -0.663 -0.767 -0.0 -0.63 0.119 -0.976 -0.0 -0.062 -0.209 0.726 0.0 -0.661 0.192 0.961 0.0 -0.126 -0.246 -0.709 -0.0 -0.683 -0.174 -0.934 -0.0 -0.095 0.344 0.612 0.0 -0.779 0.135 0.985 -0.0 0.101 0.142 
0.746 -0.071 -0.033 -0.662 -0.767 -0.0 -0.631 0.121 -0.975 -0.0 -0.063 -0.212 0.727 0.0 -0.66 0.191 0.961 0.0 -0.127 -0.245 -0.709 -0.0 -0.682 -0.178 -0.937 -0.0 -0.094 0.335 0.613 0.0 -0.778 0.136 0.985 0.0 0.102 0.142 
0.747 -0.07 -0.034 -0.661 -0.766 -0.0 -0.631 0.122 -0.975 -0.0 -0.063 -0.214 0.727 0.0 -0.659 0.191 0.961 0.0 -0.128 -0.245 -0.709 -0.0 -0.682 -0.18 -0.941 -0.0 -0.091 0.327 0.613 0.0 -0.778 0.138 0.985 0.0 0.103 0.142 
0.748 -0.07 -0.034 -0.659 -0.766 -0.0 -0.631 0.122 -0.975 -0.0 -0.064 -0.214 0.728 0.0 -0.659 0.19 0.961 0.0 -0.129 -0.244 -0.709 -0.0 -0.681 -0.183 -0.944 -0.0 -0.089 0.318 0.614 0.0 -0.777 0.14 0.984 0.0 0.104 0.142 
0.749 -0.07 -0.035 -0.658 -0.766 -0.0 -0.631 0.12 -0.975 -0.0 -0.064 -0.213 0.729 0.0 -0.658 0.191 0.961 0.0 -0.13 -0.244 -0.709 -0.0 -0.68 -0.184 -0.947 -0.0 -0.085 0.309 0.615 0.0 -0.776 0.143 0.984 -0.0 0.105 0.142 
0.749 -0.069 -0.035 -0.658 -0.766 -0.0 -0.631 0.121 -0.974 -0.0 -0.065 -0.215 0.729 -0.0 -0.658 0.19 0.961 0.0 -0.131 -0.244 -0.71 -0.0 -0.679 -0.188 -0.95 0.0 -0.083 0.3 0.615 -0.0 -0.775 0.144 0.984 0.0 0.106 0.142 
0.75 -0.069 -0.035 -0.657 -0.766 -0.0 -0.631 0.122 -0.974 -0.0 -0.065 -0.217 0.73 0.0 -0.657 0.189 0.961 0.0 -0.134 -0.242 -0.709 -0.0 -0.679 -0.19 -0.953 0.0 -0.079 0.291 0.615 0.0 -0.775 0.146 0.984 -0.0 0.107 0.142 
0.751 -0.069 -0.035 -0.656 -0.766 -0.0 -0.631 0.122 -0.974 0.0 -0.065 -0.217 0.731 -0.0 -0.656 0.188 0.961 0.0 -0.135 -0.242 -0.71 -0.0 -0.678 -0.193 -0.956 0.0 -0.075 0.282 0.615 0.0 -0.774 0.147 0.984 -0.0 0.108 0.142 
0.751 -0.068 -0.035 -0.656 -0.766 -0.0 -0.632 0.122 -0.974 -0.0 -0.066 -0.217 0.73 0.0 -0.657 0.188 0.961 0.0 -0.133 -0.243 -0.709 -0.0 -0.677 -0.195 -0.959 -0.0 -0.071 0.273 0.616 -0.0 -0.774 0.149 0.984 0.0 0.108 0.143 
0.751 -0.068 -0.035 -0.655 -0.766 -0.0 -0.632 0.121 -0.974 -0.0 -0.065 -0.217 0.731 -0.0 -0.656 0.187 0.961 0.0 -0.135 -0.242 -0.709 -0.0 -0.676 -0.198 -0.962 -0.0 -0.068 0.265 0.616 0.0 -0.773 0.151 0.984 0.0 0.109 0.143 
0.752 -0.069 -0.035 -0.655 -0.766 -0.0 -0.632 0.12 -0.974 -0.0 -0.066 -0.215 0.732 0.0 -0.655 0.188 0.961 0.0 -0.136 -0.242 -0.71 -0.0 -0.676 -0.2 -0.964 -0.0 -0.064 0.257 0.616 0.0 -0.772 0.154 0.984 0.0 0.109 0.143 
0.752 -0.068 -0.035 -0.655 -0.766 -0.0 -0.632 0.122 -0.974 -0.0 -0.066 -0.217 0.732 0.0 -0.655 0.187 0.961 0.0 -0.136 -0.242 -0.71 -0.0 -0.674 -0.204 -0.967 -0.0 -0.061 0.248 0.616 -0.0 -0.772 0.155 0.983 -0.0 0.11 0.144 
0.752 -0.068 -0.035 -0.654 -0.766 -0.0 -0.632 0.122 -0.974 -0.0 -0.066 -0.218 0.732 0.0 -0.655 0.186 0.961 0.0 -0.136 -0.243 -0.71 -0.0 -0.673 -0.207 -0.969 -0.0 -0.057 0.24 0.616 0.0 -0.772 0.156 0.983 0.0 0.111 0.145 
0.753 -0.068 -0.034 -0.654 -0.766 -0.0 -0.631 0.122 -0.974 0.0 -0.067 -0.216 0.731 0.0 -0.656 0.186 0.961 -0.0 -0.134 -0.244 -0.71 -0.0 -0.672 -0.21 -0.971 -0.0 -0.053 0.233 0.616 -0.0 -0.772 0.158 0.983 -0.0 0.111 0.146 
0.753 -0.068 -0.034 -0.654 -0.766 -0.0 -0.631 0.122 -0.974 -0.0 -0.067 -0.218 0.732 0.0 -0.655 0.186 0.96 -0.0 -0.136 -0.243 -0.71 -0.0 -0.671 -0.213 -0.973 -0.0 -0.05 0.224 0.616 0.0 -0.772 0.159 0.983 -0.0 0.112 0.147 
0.753 -0.068 -0.034 -0.653 -0.766 0.0 -0.631 0.122 -0.974 0.0 -0.066 -0.217 0.733 0.0 -0.655 0.186 0.96 0.0 -0.136 -0.243 -0.71 0.0 -0.671 -0.215 -0.975 -0.0 -0.045 0.216 0.616 0.0 -0.771 0.16 0.983 0.0 0.113 0.148 
0.753 -0.068 -0.034 -0.653 -0.766 -0.0 -0.631 0.122 -0.974 -0.0 -0.067 -0.216 0.732 0.0 -0.655 0.186 0.96 0.0 -0.135 -0.245 -0.71 -0.0 -0.67 -0.217 -0.977 -0.0 -0.041 0.207 0.616 -0.0 -0.771 0.162 0.982 0.0 0.113 0.149 
0.754 -0.068 -0.033 -0.653 -0.766 -0.0 -0.632 0.122 -0.974 -0.0 -0.066 -0.216 0.732 0.0 -0.655 0.186 0.96 0.0 -0.134 -0.245 -0.71 -0.0 -0.669 -0.219 -0.979 -0.0 -0.037 0.198 0.616 0.0 -0.771 0.163 0.982 0.0 0.114 0.15 
0.754 -0.068 -0.033 -0.653 -0.766 -0.0 -0.632 0.123 -0.974 0.0 -0.067 -0.216 0.733 0.0 -0.655 0.186 0.96 0.0 -0.134 -0.246 -0.71 -0.0 -0.669 -0.22 -0.981 -0.0 -0.033 0.19 0.616 0.0 -0.77 0.164 0.982 0.0 0.114 0.152 
0.754 -0.068 -0.033 -0.652 -0.765 -0.0 -0.632 0.123 -0.974 -0.0 -0.066 -0.215 0.733 -0.0 -0.655 0.186 0.96 0.0 -0.134 -0.246 -0.71 0.0 -0.668 -0.221 -0.983 -0.0 -0.03 0.181 0.616 -0.0 -0.77 0.166 0.981 -0.0 0.115 0.153 
0.754 -0.067 -0.033 -0.652 -0.765 -0.0 -0.632 0.123 -0.974 -0.0 -0.067 -0.215 0.733 -0.0 -0.654 0.186 0.96 0.0 -0.134 -0.247 -0.71 -0.0 -0.668 -0.223 -0.985 -0.0 -0.027 0.173 0.616 -0.0 -0.77 0.167 0.981 -0.0 0.116 0.155 
0.755 -0.067 -0.033 -0.652 -0.765 -0.0 -0.632 0.124 -0.975 -0.0 -0.067 -0.214 0.733 -0.0 -0.654 0.186 0.96 0.0 -0.134 -0.247 -0.711 -0.0 -0.667 -0.224 -0.986 -0.0 -0.024 0.165 0.617 0.0 -0.769 0.168 0.981 0.0 0.116 0.156 
0.755 -0.067 -0.033 -0.652 -0.765 -0.0 -0.632 0.124 -0.975 -0.0 -0.067 -0.214 0.733 0.0 -0.654 0.186 0.96 0.0 -0.134 -0.247 -0.711 -0.0 -0.666 -0.225 -0.987 -0.0 -0.021 0.157 0.617 0.0 -0.769 0.17 0.981 -0.0 0.117 0.157 
0.755 -0.068 -0.033 -0.652 -0.765 -0.0 -0.632 0.123 -0.975 -0.0 -0.067 -0.211 0.734 0.0 -0.653 0.187 0.96 0.0 -0.134 -0.247 -0.711 -0.0 -0.666 -0.225 -0.989 0.0 -0.018 0.15 0.617 0.0 -0.768 0.172 0.98 0.0 0.117 0.159 
0.755 -0.068 -0.032 -0.651 -0.765 -0.0 -0.632 0.124 -0.975 -0.0 -0.067 -0.211 0.734 0.0 -0.653 0.188 0.96 0.0 -0.134 -0.248 -0.712 -0.0 -0.665 -0.226 -0.99 -0.0 -0.016 0.142 0.617 0.0 -0.767 0.173 0.98 0.0 0.118 0.161 
0.756 -0.067 -0.032 -0.651 -0.765 -0.0 -0.632 0.125 -0.975 -0.0 -0.068 -0.212 0.734 -0.0 -0.653 0.187 0.96 0.0 -0.134 -0.248 -0.712 -0.0 -0.664 -0.228 -0.991 0.0 -0.013 0.136 0.618 0.0 -0.767 0.174 0.98 0.0 0.118 0.162 
0.756 -0.067 -0.031 -0.65 -0.765 -0.0 -0.632 0.126 -0.975 -0.0 -0.069 -0.211 0.734 0.0 -0.652 0.188 0.959 0.0 -0.135 -0.248 -0.712 -0.0 -0.663 -0.23 -0.991 -0.0 -0.012 0.131 0.618 0.0 -0.766 0.175 0.979 0.0 0.118 0.164 
0.757 -0.068 -0.031 -0.65 -0.765 0.0 -0.632 0.124 -0.976 -0.0 -0.069 -0.208 0.734 0.0 -0.652 0.189 0.959 0.0 -0.135 -0.248 -0.713 -0.0 -0.662 -0.231 -0.992 -0.0 -0.01 0.126 0.618 0.0 -0.766 0.177 0.979 0.0 0.119 0.165 
0.757 -0.068 -0.031 -0.649 -0.765 -0.0 -0.631 0.125 -0.976 -0.0 -0.069 -0.208 0.735 -0.0 -0.651 0.19 0.959 0.0 -0.137 -0.248 -0.713 -0.0 -0.662 -0.233 -0.992 -0.0 -0.007 0.123 0.618 0.0 -0.765 0.179 0.979 0.0 0.12 0.167 
0.758 -0.068 -0.03 -0.648 -0.766 -0.0 -0.631 0.126 -0.976 -0.0 -0.069 -0.207 0.735 -0.0 -0.651 0.19 0.959 -0.0 -0.137 -0.248 -0.713 -0.0 -0.66 -0.236 -0.993 -0.0 -0.006 0.12 0.618 0.0 -0.765 0.18 0.978 -0.0 0.121 0.168 
0.759 -0.068 -0.029 -0.647 -0.765 -0.0 -0.631 0.127 -0.976 -0.0 -0.07 -0.206 0.735 0.0 -0.65 0.191 0.959 0.0 -0.139 -0.248 -0.713 -0.0 -0.659 -0.238 -0.993 -0.0 -0.004 0.117 0.618 0.0 -0.765 0.182 0.978 0.0 0.122 0.169 
0.76 -0.068 -0.029 -0.646 -0.765 -0.0 -0.631 0.127 -0.976 -0.0 -0.069 -0.205 0.735 0.0 -0.65 0.192 0.958 0.0 -0.141 -0.248 -0.713 0.0 -0.658 -0.24 -0.993 -0.0 -0.003 0.115 0.619 -0.0 -0.764 0.183 0.978 0.0 0.123 0.17 
0.76 -0.068 -0.028 -0.645 -0.765 -0.0 -0.631 0.128 -0.976 -0.0 -0.069 -0.205 0.736 0.0 -0.649 0.192 0.958 0.0 -0.142 -0.248 -0.713 0.0 -0.657 -0.244 -0.994 -0.0 -0.002 0.114 0.619 0.0 -0.764 0.185 0.977 0.0 0.124 0.171 
0.761 -0.068 -0.028 -0.644 -0.765 0.0 -0.631 0.129 -0.976 0.0 -0.069 -0.205 0.736 0.0 -0.648 0.193 0.958 0.0 -0.144 -0.248 -0.713 0.0 -0.656 -0.245 -0.994 -0.0 -0.0 0.112 0.619 0.0 -0.763 0.188 0.977 -0.0 0.125 0.171 
0.762 -0.068 -0.027 -0.643 -0.765 -0.0 -0.631 0.129 -0.977 -0.0 -0.069 -0.204 0.737 0.0 -0.648 0.194 0.958 -0.0 -0.145 -0.248 -0.713 -0.0 -0.656 -0.247 -0.994 -0.0 0.003 0.11 0.62 0.0 -0.762 0.189 0.977 0.0 0.126 0.172 
0.764 -0.067 -0.027 -0.642 -0.763 -0.0 -0.631 0.136 -0.975 -0.0 -0.067 -0.214 0.737 0.0 -0.647 0.195 0.958 0.0 -0.146 -0.247 -0.713 -0.0 -0.655 -0.25 -0.994 -0.0 0.002 0.109 0.62 0.0 -0.761 0.192 0.977 -0.0 0.128 0.172 
0.765 -0.067 -0.026 -0.641 -0.764 -0.0 -0.632 0.131 -0.976 -0.0 -0.067 -0.206 0.738 0.0 -0.646 0.195 0.958 0.0 -0.148 -0.247 -0.713 -0.0 -0.654 -0.252 -0.994 -0.0 0.003 0.108 0.621 0.0 -0.76 0.193 0.977 0.0 0.128 0.173 
0.766 -0.067 -0.025 -0.639 -0.764 0.0 -0.632 0.132 -0.976 -0.0 -0.066 -0.206 0.739 0.0 -0.645 0.195 0.958 -0.0 -0.15 -0.246 -0.714 -0.0 -0.653 -0.253 -0.994 -0.0 0.004 0.106 0.622 0.0 -0.759 0.195 0.976 -0.0 0.13 0.173 
0.767 -0.066 -0.024 -0.637 -0.764 -0.0 -0.631 0.133 -0.977 -0.0 -0.066 -0.205 0.739 0.0 -0.644 0.196 0.957 0.0 -0.152 -0.245 -0.713 0.0 -0.654 -0.253 -0.995 -0.0 0.007 0.104 0.622 0.0 -0.758 0.197 0.976 0.0 0.131 0.173 
0.769 -0.066 -0.023 -0.636 -0.764 0.0 -0.632 0.133 -0.977 -0.0 -0.066 -0.202 0.74 0.0 -0.644 0.196 0.957 0.0 -0.153 -0.245 -0.714 -0.0 -0.652 -0.255 -0.995 -0.0 0.007 0.103 0.623 0.0 -0.757 0.199 0.976 0.0 0.132 0.173 
0.77 -0.066 -0.022 -0.634 -0.763 -0.0 -0.632 0.134 -0.977 -0.0 -0.064 -0.202 0.741 -0.0 -0.643 0.196 0.957 0.0 -0.156 -0.243 -0.714 -0.0 -0.652 -0.255 -0.995 -0.0 0.01 0.1 0.623 0.0 -0.756 0.201 0.976 -0.0 0.133 0.173 
0.771 -0.065 -0.021 -0.633 -0.763 -0.0 -0.632 0.135 -0.977 -0.0 -0.063 -0.202 0.741 0.0 -0.642 0.195 0.957 0.0 -0.158 -0.242 -0.715 -0.0 -0.651 -0.257 -0.995 -0.0 0.009 0.1 0.624 0.0 -0.755 0.202 0.976 0.0 0.135 0.173 
0.773 -0.065 -0.02 -0.631 -0.763 -0.0 -0.632 0.135 -0.977 -0.0 -0.062 -0.202 0.742 0.0 -0.642 0.195 0.957 -0.0 -0.159 -0.241 -0.714 -0.0 -0.651 -0.256 -0.995 -0.0 0.012 0.097 0.625 0.0 -0.754 0.204 0.976 -0.0 0.135 0.173 
0.774 -0.065 -0.019 -0.629 -0.762 0.0 -0.633 0.136 -0.978 -0.0 -0.061 -0.201 0.742 0.0 -0.641 0.195 0.957 0.0 -0.161 -0.24 -0.715 0.0 -0.65 -0.258 -0.995 -0.0 0.011 0.097 0.626 0.0 -0.752 0.206 0.975 0.0 0.136 0.173 
0.775 -0.064 -0.018 -0.628 -0.762 0.0 -0.633 0.137 -0.978 -0.0 -0.06 -0.201 0.743 0.0 -0.641 0.194 0.958 0.0 -0.161 -0.239 -0.714 -0.0 -0.651 -0.258 -0.995 0.0 0.014 0.095 0.627 0.0 -0.751 0.208 0.975 0.0 0.136 0.173 
0.777 -0.064 -0.016 -0.627 -0.761 -0.0 -0.633 0.138 -0.978 -0.0 -0.058 -0.201 0.743 0.0 -0.641 0.194 0.958 0.0 -0.162 -0.238 -0.714 -0.0 -0.651 -0.257 -0.996 -0.0 0.015 0.093 0.628 0.0 -0.75 0.21 0.975 0.0 0.137 0.173 
0.778 -0.063 -0.015 -0.625 -0.761 0.0 -0.634 0.139 -0.978 -0.0 -0.058 -0.2 0.743 0.0 -0.64 0.193 0.958 0.0 -0.163 -0.237 -0.715 0.0 -0.65 -0.258 -0.996 -0.0 0.016 0.092 0.629 0.0 -0.749 0.211 0.975 0.0 0.137 0.173 
0.779 -0.063 -0.013 -0.624 -0.761 -0.0 -0.633 0.14 -0.978 -0.0 -0.057 -0.199 0.744 0.0 -0.64 0.193 0.958 0.0 -0.164 -0.236 -0.715 -0.0 -0.65 -0.258 -0.996 0.0 0.016 0.091 0.63 0.0 -0.747 0.212 0.975 0.0 0.138 0.173 
0.779 -0.063 -0.012 -0.624 -0.761 -0.0 -0.633 0.142 -0.978 0.0 -0.056 -0.199 0.743 0.0 -0.64 0.194 0.958 0.0 -0.164 -0.236 -0.714 -0.0 -0.651 -0.257 -0.996 0.0 0.017 0.09 0.631 0.0 -0.745 0.217 0.976 0.0 0.138 0.171 
0.78 -0.063 -0.011 -0.622 -0.761 -0.0 -0.633 0.143 -0.978 -0.0 -0.055 -0.2 0.743 -0.0 -0.64 0.194 0.958 0.0 -0.164 -0.235 -0.715 -0.0 -0.651 -0.256 -0.996 0.0 0.017 0.089 0.632 0.0 -0.744 0.219 0.976 0.0 0.138 0.171 
0.781 -0.063 -0.009 -0.621 -0.76 -0.0 -0.633 0.145 -0.979 0.0 -0.055 -0.198 0.743 0.0 -0.64 0.194 0.958 -0.0 -0.165 -0.234 -0.715 -0.0 -0.651 -0.255 -0.996 0.0 0.017 0.089 0.633 0.0 -0.742 0.221 0.975 0.0 0.138 0.171 
0.782 -0.062 -0.007 -0.62 -0.76 -0.0 -0.633 0.146 -0.979 -0.0 -0.054 -0.197 0.744 0.0 -0.64 0.193 0.958 0.0 -0.165 -0.234 -0.715 -0.0 -0.651 -0.255 -0.996 0.0 0.018 0.089 0.634 0.0 -0.741 0.222 0.975 0.0 0.138 0.172 
0.784 -0.062 -0.005 -0.618 -0.76 0.0 -0.633 0.148 -0.979 0.0 -0.054 -0.197 0.743 0.0 -0.641 0.193 0.958 0.0 -0.165 -0.233 -0.715 -0.0 -0.651 -0.254 -0.996 -0.0 0.018 0.09 0.635 0.0 -0.74 0.223 0.975 0.0 0.139 0.173 
0.787 -0.06 -0.003 -0.615 -0.759 -0.0 -0.635 0.148 -0.979 0.0 -0.052 -0.197 0.744 0.0 -0.64 0.19 0.958 0.0 -0.166 -0.233 -0.716 -0.0 -0.651 -0.254 -0.996 -0.0 0.017 0.09 0.636 0.0 -0.74 0.218 0.974 -0.0 0.14 0.177 
0.788 -0.06 -0.002 -0.613 -0.758 0.0 -0.635 0.15 -0.979 -0.0 -0.05 -0.197 0.745 -0.0 -0.64 0.19 0.958 -0.0 -0.167 -0.232 -0.715 -0.0 -0.652 -0.253 -0.996 -0.0 0.017 0.091 0.638 0.0 -0.738 0.219 0.974 -0.0 0.141 0.178 
0.789 -0.059 -0.0 -0.611 -0.757 0.0 -0.636 0.152 -0.979 -0.0 -0.05 -0.196 0.745 -0.0 -0.639 0.189 0.958 -0.0 -0.167 -0.232 -0.715 -0.0 -0.653 -0.251 -0.996 -0.0 0.018 0.091 0.639 0.0 -0.738 0.219 0.973 0.0 0.142 0.181 
0.79 -0.059 0.001 -0.61 -0.756 -0.0 -0.636 0.154 -0.98 -0.0 -0.049 -0.195 0.746 0.0 -0.639 0.189 0.958 0.0 -0.167 -0.231 -0.714 -0.0 -0.654 -0.249 -0.996 -0.0 0.02 0.092 0.64 0.0 -0.736 0.218 0.973 0.0 0.142 0.184 
0.791 -0.058 0.003 -0.608 -0.755 -0.0 -0.637 0.156 -0.98 -0.0 -0.049 -0.195 0.746 0.0 -0.639 0.188 0.958 0.0 -0.168 -0.231 -0.714 -0.0 -0.655 -0.248 -0.995 -0.0 0.018 0.094 0.642 0.0 -0.735 0.218 0.972 0.0 0.143 0.187 
0.792 -0.058 0.004 -0.607 -0.755 -0.0 -0.637 0.159 -0.98 0.0 -0.049 -0.195 0.746 0.0 -0.638 0.188 0.958 0.0 -0.167 -0.231 -0.713 -0.0 -0.658 -0.244 -0.996 -0.0 0.023 0.092 0.643 0.0 -0.735 0.218 0.971 -0.0 0.144 0.191 
0.793 -0.058 0.005 -0.606 -0.754 -0.0 -0.638 0.161 -0.98 -0.0 -0.048 -0.194 0.747 0.0 -0.637 0.188 0.958 0.0 -0.167 -0.231 -0.712 0.0 -0.66 -0.24 -0.996 -0.0 0.026 0.091 0.644 0.0 -0.734 0.216 0.97 0.0 0.145 0.195 
0.794 -0.057 0.006 -0.605 -0.753 -0.0 -0.638 0.163 -0.98 0.0 -0.048 -0.194 0.748 -0.0 -0.637 0.188 0.958 0.0 -0.167 -0.232 -0.712 -0.0 -0.662 -0.237 -0.996 0.0 0.025 0.091 0.646 -0.0 -0.733 0.215 0.969 0.0 0.146 0.201 
0.794 -0.057 0.006 -0.605 -0.751 -0.0 -0.639 0.165 -0.98 -0.0 -0.046 -0.193 0.748 0.0 -0.636 0.189 0.958 0.0 -0.167 -0.232 -0.711 -0.0 -0.663 -0.233 -0.995 -0.0 0.025 0.092 0.647 0.0 -0.732 0.213 0.967 -0.0 0.146 0.207 
0.795 -0.057 0.007 -0.604 -0.75 -0.0 -0.64 0.166 -0.98 -0.0 -0.047 -0.191 0.749 -0.0 -0.635 0.189 0.958 0.0 -0.167 -0.232 -0.71 0.0 -0.665 -0.23 -0.995 -0.0 0.025 0.092 0.649 0.0 -0.731 0.211 0.966 0.0 0.147 0.214 
0.795 -0.056 0.006 -0.604 -0.749 -0.0 -0.641 0.168 -0.981 -0.0 -0.046 -0.19 0.75 -0.0 -0.633 0.189 0.958 0.0 -0.166 -0.233 -0.711 -0.0 -0.666 -0.227 -0.995 -0.0 0.021 0.094 0.651 0.0 -0.73 0.208 0.964 0.0 0.148 0.222 
0.795 -0.056 0.006 -0.604 -0.747 -0.0 -0.643 0.168 -0.981 -0.0 -0.045 -0.188 0.752 0.0 -0.632 0.189 0.958 0.0 -0.165 -0.233 -0.709 -0.0 -0.669 -0.223 -0.995 0.0 0.02 0.094 0.653 0.0 -0.729 0.204 0.961 0.0 0.148 0.232 
0.795 -0.055 0.005 -0.605 -0.746 -0.0 -0.645 0.169 -0.981 -0.0 -0.045 -0.186 0.753 0.0 -0.63 0.189 0.959 0.0 -0.163 -0.234 -0.708 0.0 -0.671 -0.22 -0.995 -0.0 0.017 0.096 0.656 0.0 -0.728 0.199 0.959 0.0 0.147 0.242 
0.794 -0.054 0.004 -0.606 -0.744 -0.0 -0.647 0.169 -0.982 -0.0 -0.044 -0.184 0.754 0.0 -0.629 0.189 0.959 0.0 -0.161 -0.234 -0.706 -0.0 -0.674 -0.218 -0.995 -0.0 0.015 0.098 0.659 0.0 -0.727 0.194 0.956 -0.0 0.145 0.254 
0.793 -0.052 0.002 -0.607 -0.742 0.0 -0.649 0.169 -0.982 -0.0 -0.044 -0.182 0.755 -0.0 -0.628 0.189 0.959 0.0 -0.158 -0.235 -0.704 -0.0 -0.676 -0.218 -0.995 -0.0 0.013 0.102 0.662 0.0 -0.726 0.186 0.953 -0.0 0.142 0.268 
0.79 -0.053 0.001 -0.611 -0.741 -0.0 -0.649 0.169 -0.983 -0.0 -0.045 -0.178 0.755 0.0 -0.627 0.191 0.959 -0.0 -0.155 -0.237 -0.702 -0.0 -0.679 -0.215 -0.994 -0.0 0.012 0.105 0.664 0.0 -0.725 0.184 0.95 0.0 0.139 0.28 
0.789 -0.052 -0.0 -0.613 -0.74 -0.0 -0.651 0.168 -0.983 0.0 -0.045 -0.176 0.756 0.0 -0.626 0.191 0.959 0.0 -0.152 -0.237 -0.699 -0.0 -0.682 -0.215 -0.994 -0.0 0.009 0.109 0.667 0.0 -0.724 0.174 0.946 -0.0 0.133 0.296 
0.787 -0.05 -0.001 -0.615 -0.738 -0.0 -0.653 0.171 -0.983 -0.0 -0.044 -0.181 0.756 0.0 -0.626 0.191 0.96 0.0 -0.149 -0.239 -0.697 -0.0 -0.684 -0.215 -0.993 -0.0 0.005 0.114 0.67 0.0 -0.724 0.164 0.941 0.0 0.128 0.314 
0.786 -0.049 -0.002 -0.617 -0.738 -0.0 -0.654 0.165 -0.984 -0.0 -0.045 -0.173 0.757 -0.0 -0.625 0.191 0.96 0.0 -0.146 -0.241 -0.695 -0.0 -0.686 -0.214 -0.993 -0.0 0.004 0.118 0.673 0.0 -0.724 0.153 0.936 0.0 0.121 0.332 
0.786 -0.047 -0.002 -0.616 -0.736 -0.0 -0.656 0.166 -0.983 -0.0 -0.042 -0.178 0.758 0.0 -0.624 0.187 0.959 0.0 -0.145 -0.242 -0.693 -0.0 -0.688 -0.216 -0.993 0.0 0.001 0.122 0.676 0.0 -0.724 0.134 0.928 0.0 0.113 0.354 
0.785 -0.046 -0.002 -0.618 -0.737 -0.0 -0.657 0.16 -0.984 -0.0 -0.042 -0.171 0.758 -0.0 -0.625 0.187 0.959 0.0 -0.143 -0.244 -0.692 -0.0 -0.69 -0.215 -0.992 -0.0 0.0 0.124 0.678 0.0 -0.725 0.121 0.922 0.0 0.105 0.373 
0.783 -0.046 -0.002 -0.62 -0.737 0.0 -0.658 0.157 -0.984 -0.0 -0.041 -0.171 0.758 0.0 -0.625 0.187 0.959 -0.0 -0.142 -0.246 -0.69 -0.0 -0.691 -0.213 -0.992 -0.0 -0.001 0.126 0.68 0.0 -0.725 0.107 0.915 0.0 0.095 0.393 
0.782 -0.045 -0.002 -0.621 -0.737 -0.0 -0.658 0.155 -0.984 -0.0 -0.041 -0.172 0.758 -0.0 -0.625 0.186 0.958 0.0 -0.141 -0.249 -0.689 -0.0 -0.693 -0.211 -0.992 -0.0 -0.001 0.128 0.682 -0.0 -0.725 0.093 0.907 0.0 0.084 0.412 
0.781 -0.046 -0.001 -0.623 -0.739 -0.0 -0.657 0.149 -0.985 -0.0 -0.041 -0.169 0.757 -0.0 -0.626 0.188 0.958 0.0 -0.141 -0.251 -0.689 0.0 -0.695 -0.207 -0.992 0.0 -0.0 0.129 0.683 0.0 -0.726 0.08 0.9 0.0 0.073 0.43 
0.78 -0.046 -0.0 -0.625 -0.74 -0.0 -0.657 0.147 -0.985 0.0 -0.04 -0.17 0.757 0.0 -0.626 0.187 0.957 0.0 -0.142 -0.254 -0.688 0.0 -0.696 -0.204 -0.992 -0.0 0.0 0.13 0.684 0.0 -0.727 0.064 0.892 0.0 0.061 0.448 
0.779 -0.047 0.001 -0.626 -0.741 -0.0 -0.656 0.145 -0.984 -0.0 -0.04 -0.172 0.757 0.0 -0.627 0.185 0.956 0.0 -0.143 -0.257 -0.688 -0.0 -0.698 -0.201 -0.992 -0.0 0.001 0.13 0.684 0.0 -0.728 0.049 0.884 0.0 0.048 0.464 
0.778 -0.047 0.002 -0.627 -0.741 -0.0 -0.656 0.147 -0.983 -0.0 -0.039 -0.181 0.756 0.0 -0.628 0.184 0.955 0.0 -0.144 -0.26 -0.687 -0.0 -0.699 -0.198 -0.991 -0.0 0.001 0.13 0.684 -0.0 -0.728 0.034 0.877 0.0 0.035 0.479 
0.777 -0.047 0.003 -0.627 -0.743 -0.0 -0.655 0.14 -0.983 -0.0 -0.04 -0.177 0.756 0.0 -0.628 0.183 0.954 0.0 -0.145 -0.263 -0.687 -0.0 -0.701 -0.193 -0.992 -0.0 0.003 0.129 0.685 -0.0 -0.729 0.018 0.87 0.0 0.021 0.493 
0.776 -0.047 0.003 -0.629 -0.744 -0.0 -0.654 0.138 -0.983 -0.0 -0.041 -0.18 0.756 0.0 -0.629 0.181 0.953 0.0 -0.146 -0.265 -0.686 -0.0 -0.702 -0.19 -0.992 -0.0 0.004 0.129 0.685 -0.0 -0.729 0.004 0.863 0.0 0.007 0.505 
0.776 -0.048 0.005 -0.629 -0.745 -0.0 -0.653 0.136 -0.982 -0.0 -0.042 -0.182 0.756 0.0 -0.629 0.179 0.952 0.0 -0.148 -0.268 -0.686 0.0 -0.704 -0.185 -0.992 -0.0 0.005 0.129 0.685 0.0 -0.729 -0.011 0.857 0.0 -0.009 0.516 
0.775 -0.048 0.005 -0.63 -0.747 -0.0 -0.652 0.133 -0.982 -0.0 -0.043 -0.185 0.756 -0.0 -0.63 0.177 0.951 0.0 -0.15 -0.271 -0.686 -0.0 -0.705 -0.181 -0.992 -0.0 0.006 0.128 0.685 0.0 -0.728 -0.025 0.851 0.0 -0.023 0.525 
0.774 -0.048 0.006 -0.631 -0.748 -0.0 -0.651 0.13 -0.981 -0.0 -0.043 -0.187 0.756 0.0 -0.63 0.176 0.95 0.0 -0.152 -0.274 -0.685 -0.0 -0.706 -0.177 -0.992 0.0 0.006 0.128 0.685 0.0 -0.728 -0.038 0.845 0.0 -0.037 0.533 
0.773 -0.049 0.007 -0.633 -0.75 -0.0 -0.65 0.127 -0.981 -0.0 -0.045 -0.189 0.756 0.0 -0.631 0.174 0.948 0.0 -0.153 -0.278 -0.685 -0.0 -0.707 -0.174 -0.992 -0.0 0.007 0.128 0.685 0.0 -0.727 -0.051 0.841 -0.0 -0.053 0.539 
0.772 -0.049 0.007 -0.634 -0.751 0.0 -0.648 0.123 -0.981 -0.0 -0.045 -0.19 0.756 0.0 -0.632 0.173 0.947 -0.0 -0.155 -0.282 -0.685 -0.0 -0.708 -0.17 -0.992 -0.0 0.007 0.129 0.684 0.0 -0.727 -0.062 0.837 0.0 -0.067 0.543 
0.771 -0.05 0.007 -0.635 -0.752 -0.0 -0.647 0.123 -0.979 0.0 -0.046 -0.196 0.756 0.0 -0.632 0.172 0.945 0.0 -0.157 -0.286 -0.685 -0.0 -0.709 -0.165 -0.992 -0.0 0.008 0.129 0.684 0.0 -0.725 -0.073 0.834 -0.0 -0.081 0.546 
0.77 -0.05 0.007 -0.636 -0.754 -0.0 -0.647 0.117 -0.98 -0.0 -0.045 -0.195 0.756 0.0 -0.632 0.172 0.944 -0.0 -0.158 -0.29 -0.684 -0.0 -0.711 -0.16 -0.992 -0.0 0.01 0.128 0.685 0.0 -0.724 -0.083 0.831 0.0 -0.093 0.548 
0.769 -0.051 0.008 -0.638 -0.755 -0.0 -0.646 0.113 -0.98 -0.0 -0.044 -0.194 0.755 -0.0 -0.633 0.17 0.942 0.0 -0.16 -0.295 -0.684 -0.0 -0.712 -0.156 -0.992 -0.0 0.01 0.127 0.685 0.0 -0.723 -0.093 0.83 0.0 -0.105 0.547 
0.767 -0.052 0.008 -0.639 -0.756 -0.0 -0.645 0.108 -0.98 -0.0 -0.044 -0.193 0.755 0.0 -0.634 0.17 0.941 -0.0 -0.161 -0.299 -0.684 0.0 -0.714 -0.15 -0.992 -0.0 0.012 0.125 0.685 0.0 -0.722 -0.101 0.83 0.0 -0.116 0.546 
0.766 -0.053 0.008 -0.641 -0.758 -0.0 -0.644 0.1 -0.981 -0.0 -0.042 -0.189 0.754 0.0 -0.635 0.17 0.939 0.0 -0.162 -0.303 -0.684 -0.0 -0.716 -0.143 -0.992 -0.0 0.014 0.123 0.685 0.0 -0.721 -0.108 0.83 -0.0 -0.125 0.544 
0.765 -0.053 0.008 -0.641 -0.759 -0.0 -0.644 0.095 -0.982 -0.0 -0.04 -0.187 0.753 0.0 -0.636 0.168 0.938 0.0 -0.162 -0.307 -0.683 -0.0 -0.717 -0.137 -0.993 -0.0 0.016 0.121 0.685 0.0 -0.719 -0.117 0.83 0.0 -0.135 0.541 
0.764 -0.055 0.008 -0.643 -0.761 -0.0 -0.643 0.09 -0.982 -0.0 -0.038 -0.184 0.753 0.0 -0.637 0.168 0.937 0.0 -0.163 -0.31 -0.683 -0.0 -0.718 -0.131 -0.993 0.0 0.017 0.12 0.685 0.0 -0.718 -0.124 0.832 0.0 -0.143 0.537 
0.763 -0.056 0.007 -0.644 -0.762 -0.0 -0.642 0.083 -0.983 -0.0 -0.036 -0.179 0.752 -0.0 -0.637 0.169 0.935 0.0 -0.163 -0.314 -0.683 0.0 -0.72 -0.122 -0.993 -0.0 0.02 0.116 0.686 0.0 -0.717 -0.126 0.834 0.0 -0.148 0.532 
0.763 -0.058 0.007 -0.644 -0.763 -0.0 -0.641 0.079 -0.984 -0.0 -0.033 -0.177 0.751 0.0 -0.639 0.168 0.934 0.0 -0.164 -0.317 -0.682 -0.0 -0.722 -0.112 -0.993 -0.0 0.023 0.112 0.685 0.0 -0.716 -0.131 0.837 0.0 -0.151 0.526 
0.762 -0.059 0.007 -0.645 -0.764 -0.0 -0.641 0.074 -0.984 -0.0 -0.03 -0.174 0.751 0.0 -0.639 0.167 0.933 0.0 -0.165 -0.32 -0.682 -0.0 -0.724 -0.104 -0.994 -0.0 0.025 0.109 0.686 0.0 -0.715 -0.135 0.84 0.0 -0.154 0.521 
0.761 -0.06 0.006 -0.646 -0.765 -0.0 -0.64 0.067 -0.985 -0.0 -0.026 -0.17 0.75 0.0 -0.64 0.166 0.932 -0.0 -0.165 -0.323 -0.681 -0.0 -0.726 -0.095 -0.994 -0.0 0.027 0.106 0.686 0.0 -0.714 -0.138 0.843 0.0 -0.157 0.514 
0.76 -0.061 0.006 -0.647 -0.766 -0.0 -0.64 0.062 -0.986 -0.0 -0.023 -0.167 0.749 0.0 -0.641 0.165 0.931 0.0 -0.164 -0.326 -0.68 -0.0 -0.728 -0.088 -0.994 -0.0 0.03 0.102 0.686 0.0 -0.714 -0.142 0.847 0.0 -0.159 0.507 
0.759 -0.062 0.005 -0.648 -0.766 -0.0 -0.64 0.058 -0.986 -0.0 -0.021 -0.165 0.749 0.0 -0.642 0.163 0.93 0.0 -0.164 -0.328 -0.68 -0.0 -0.729 -0.081 -0.995 -0.0 0.031 0.099 0.686 0.0 -0.713 -0.145 0.851 0.0 -0.161 0.5 
0.758 -0.063 0.005 -0.649 -0.767 -0.0 -0.64 0.053 -0.986 -0.0 -0.018 -0.163 0.749 0.0 -0.643 0.162 0.929 -0.0 -0.164 -0.331 -0.68 -0.0 -0.73 -0.073 -0.995 -0.0 0.033 0.095 0.686 0.0 -0.713 -0.148 0.856 0.0 -0.161 0.492 
0.757 -0.063 0.004 -0.65 -0.767 -0.0 -0.639 0.049 -0.987 -0.0 -0.015 -0.161 0.748 -0.0 -0.644 0.16 0.929 0.0 -0.163 -0.333 -0.679 -0.0 -0.731 -0.065 -0.995 -0.0 0.034 0.092 0.685 0.0 -0.713 -0.15 0.86 0.0 -0.159 0.485 
0.755 -0.064 0.005 -0.652 -0.769 -0.0 -0.638 0.043 -0.987 -0.0 -0.013 -0.159 0.747 0.0 -0.646 0.159 0.928 -0.0 -0.161 -0.337 -0.679 -0.0 -0.731 -0.061 -0.995 -0.0 0.035 0.091 0.684 0.0 -0.713 -0.153 0.865 0.0 -0.161 0.475 
0.754 -0.066 0.005 -0.654 -0.77 0.0 -0.637 0.037 -0.988 -0.0 -0.01 -0.157 0.746 -0.0 -0.647 0.157 0.927 0.0 -0.16 -0.339 -0.679 -0.0 -0.732 -0.055 -0.995 -0.0 0.037 0.088 0.684 0.0 -0.713 -0.155 0.87 0.0 -0.159 0.467 
0.753 -0.067 0.005 -0.655 -0.771 -0.0 -0.636 0.033 -0.988 -0.0 -0.009 -0.155 0.746 0.0 -0.647 0.156 0.926 0.0 -0.16 -0.341 -0.679 -0.0 -0.733 -0.047 -0.996 -0.0 0.039 0.085 0.682 0.0 -0.714 -0.156 0.875 0.0 -0.156 0.458 
0.751 -0.068 0.004 -0.656 -0.772 -0.0 -0.635 0.028 -0.988 -0.0 -0.007 -0.153 0.746 -0.0 -0.648 0.154 0.926 0.0 -0.16 -0.342 -0.678 0.0 -0.734 -0.04 -0.996 -0.0 0.041 0.083 0.681 0.0 -0.716 -0.155 0.881 0.0 -0.152 0.448 
0.752 -0.068 0.004 -0.655 -0.772 -0.0 -0.635 0.023 -0.988 -0.0 -0.005 -0.152 0.746 0.0 -0.648 0.151 0.925 -0.0 -0.161 -0.343 -0.678 -0.0 -0.734 -0.034 -0.996 -0.0 0.041 0.08 0.68 0.0 -0.716 -0.16 0.885 0.0 -0.148 0.441 
0.751 -0.07 0.004 -0.657 -0.773 -0.0 -0.634 0.018 -0.989 -0.0 -0.003 -0.151 0.746 0.0 -0.649 0.15 0.925 -0.0 -0.161 -0.345 -0.678 -0.0 -0.735 -0.028 -0.996 0.0 0.043 0.077 0.678 0.0 -0.717 -0.158 0.891 0.0 -0.143 0.431 
0.748 -0.072 0.003 -0.66 -0.775 -0.0 -0.632 0.012 -0.989 -0.0 -0.003 -0.148 0.746 0.0 -0.649 0.149 0.925 0.0 -0.16 -0.346 -0.678 -0.0 -0.735 -0.021 -0.996 -0.0 0.044 0.076 0.677 0.0 -0.719 -0.155 0.897 0.0 -0.137 0.42 
0.745 -0.073 0.003 -0.663 -0.776 -0.0 -0.631 0.006 -0.989 -0.0 -0.002 -0.146 0.745 -0.0 -0.65 0.148 0.925 0.0 -0.159 -0.346 -0.678 -0.0 -0.735 -0.017 -0.996 -0.0 0.045 0.075 0.676 0.0 -0.721 -0.152 0.903 0.0 -0.133 0.408 
0.743 -0.074 0.004 -0.665 -0.776 -0.0 -0.63 0.003 -0.989 -0.0 -0.001 -0.146 0.745 0.0 -0.651 0.146 0.924 -0.0 -0.159 -0.347 -0.678 -0.0 -0.735 -0.012 -0.996 0.0 0.047 0.074 0.675 0.0 -0.723 -0.149 0.91 0.0 -0.127 0.395 
0.741 -0.076 0.003 -0.668 -0.778 -0.0 -0.629 -0.004 -0.99 0.0 -0.001 -0.144 0.745 0.0 -0.651 0.145 0.924 0.0 -0.158 -0.348 -0.678 0.0 -0.735 -0.007 -0.996 0.0 0.048 0.073 0.673 0.0 -0.725 -0.145 0.916 0.0 -0.121 0.383 
0.738 -0.077 0.003 -0.671 -0.778 -0.0 -0.628 -0.01 -0.99 -0.0 -0.001 -0.143 0.745 0.0 -0.652 0.144 0.924 0.0 -0.158 -0.348 -0.679 -0.0 -0.734 -0.003 -0.996 -0.0 0.049 0.073 0.672 -0.0 -0.727 -0.141 0.921 -0.0 -0.115 0.371 
0.735 -0.078 0.004 -0.673 -0.779 -0.0 -0.627 -0.013 -0.989 -0.0 -0.0 -0.145 0.745 0.0 -0.652 0.143 0.924 0.0 -0.156 -0.348 -0.679 -0.0 -0.734 -0.0 -0.996 0.0 0.05 0.073 0.671 -0.0 -0.729 -0.137 0.927 0.0 -0.109 0.359 
0.732 -0.079 0.003 -0.676 -0.78 -0.0 -0.626 -0.019 -0.99 -0.0 -0.001 -0.143 0.745 0.0 -0.652 0.142 0.924 0.0 -0.155 -0.348 -0.68 -0.0 -0.734 0.004 -0.996 -0.0 0.051 0.073 0.669 0.0 -0.731 -0.133 0.932 0.0 -0.102 0.348 
0.73 -0.08 0.004 -0.679 -0.78 -0.0 -0.625 -0.023 -0.99 0.0 -0.001 -0.144 0.745 0.0 -0.652 0.14 0.925 0.0 -0.154 -0.348 -0.68 -0.0 -0.733 0.006 -0.996 0.0 0.052 0.074 0.668 0.0 -0.733 -0.13 0.937 0.0 -0.097 0.337 
0.727 -0.081 0.003 -0.681 -0.781 -0.0 -0.624 -0.028 -0.99 -0.0 -0.001 -0.144 0.745 0.0 -0.652 0.139 0.925 0.0 -0.153 -0.347 -0.68 0.0 -0.733 0.01 -0.996 -0.0 0.053 0.074 0.666 0.0 -0.735 -0.125 0.941 0.0 -0.091 0.326 
0.725 -0.082 0.003 -0.684 -0.782 -0.0 -0.623 -0.031 -0.989 -0.0 -0.002 -0.146 0.745 0.0 -0.653 0.137 0.926 0.0 -0.152 -0.346 -0.68 -0.0 -0.733 0.013 -0.996 -0.0 0.054 0.074 0.664 0.0 -0.737 -0.123 0.945 0.0 -0.085 0.317 
0.723 -0.083 0.003 -0.686 -0.782 0.0 -0.622 -0.037 -0.989 -0.0 -0.002 -0.146 0.746 0.0 -0.652 0.136 0.926 0.0 -0.152 -0.344 -0.68 -0.0 -0.733 0.016 -0.996 -0.0 0.055 0.075 0.662 0.0 -0.74 -0.119 0.948 0.0 -0.079 0.308 
0.72 -0.084 0.002 -0.689 -0.782 -0.0 -0.622 -0.039 -0.989 -0.0 -0.003 -0.15 0.746 0.0 -0.652 0.134 0.927 -0.0 -0.151 -0.343 -0.68 -0.0 -0.733 0.018 -0.996 -0.0 0.056 0.076 0.66 0.0 -0.742 -0.116 0.952 -0.0 -0.073 0.299 
0.718 -0.085 0.002 -0.691 -0.783 0.0 -0.621 -0.044 -0.989 -0.0 -0.004 -0.15 0.746 0.0 -0.652 0.133 0.928 0.0 -0.15 -0.341 -0.68 -0.0 -0.733 0.022 -0.995 -0.0 0.057 0.076 0.658 0.0 -0.744 -0.114 0.954 0.0 -0.068 0.292 
0.716 -0.086 0.001 -0.693 -0.783 -0.0 -0.62 -0.047 -0.988 -0.0 -0.005 -0.152 0.748 0.0 -0.651 0.131 0.929 0.0 -0.151 -0.338 -0.68 -0.0 -0.732 0.025 -0.995 0.0 0.057 0.078 0.656 0.0 -0.746 -0.112 0.956 0.0 -0.062 0.286 
0.715 -0.086 0.001 -0.694 -0.784 -0.0 -0.619 -0.049 -0.988 -0.0 -0.005 -0.156 0.748 -0.0 -0.651 0.128 0.93 0.0 -0.15 -0.336 -0.681 -0.0 -0.732 0.026 -0.995 0.0 0.058 0.079 0.654 0.0 -0.748 -0.112 0.958 0.0 -0.058 0.28 
0.713 -0.087 0.001 -0.696 -0.784 -0.0 -0.619 -0.051 -0.987 -0.0 -0.005 -0.159 0.749 0.0 -0.65 0.126 0.931 0.0 -0.15 -0.334 -0.68 -0.0 -0.732 0.028 -0.995 0.0 0.059 0.08 0.652 0.0 -0.75 -0.111 0.96 0.0 -0.053 0.276 
0.712 -0.088 -0.0 -0.697 -0.784 -0.0 -0.618 -0.055 -0.987 -0.0 -0.006 -0.16 0.75 0.0 -0.65 0.125 0.932 0.0 -0.149 -0.331 -0.68 -0.0 -0.732 0.032 -0.995 0.0 0.059 0.08 0.651 0.0 -0.751 -0.11 0.961 0.0 -0.049 0.272 
0.711 -0.088 -0.0 -0.698 -0.785 -0.0 -0.617 -0.056 -0.986 -0.0 -0.007 -0.165 0.75 0.0 -0.65 0.122 0.933 0.0 -0.149 -0.328 -0.681 -0.0 -0.732 0.034 -0.995 -0.0 0.059 0.081 0.648 -0.0 -0.753 -0.111 0.962 -0.0 -0.044 0.268 
0.709 -0.088 -0.001 -0.699 -0.785 -0.0 -0.617 -0.057 -0.985 -0.0 -0.009 -0.17 0.751 0.0 -0.649 0.12 0.934 0.0 -0.148 -0.325 -0.681 -0.0 -0.732 0.036 -0.995 -0.0 0.06 0.082 0.647 0.0 -0.755 -0.111 0.963 0.0 -0.041 0.265 
0.706 -0.088 -0.001 -0.703 -0.785 -0.0 -0.616 -0.061 -0.985 -0.0 -0.01 -0.173 0.752 0.0 -0.649 0.118 0.935 0.0 -0.145 -0.323 -0.681 -0.0 -0.731 0.034 -0.995 -0.0 0.06 0.085 0.646 0.0 -0.755 -0.112 0.964 0.0 -0.039 0.262 
0.705 -0.088 -0.001 -0.704 -0.785 0.0 -0.616 -0.062 -0.984 -0.0 -0.011 -0.178 0.752 0.0 -0.649 0.116 0.936 0.0 -0.145 -0.321 -0.681 0.0 -0.731 0.037 -0.995 -0.0 0.06 0.085 0.644 0.0 -0.757 -0.111 0.965 0.0 -0.036 0.259 
0.703 -0.089 -0.002 -0.706 -0.785 -0.0 -0.616 -0.062 -0.983 -0.0 -0.013 -0.183 0.753 -0.0 -0.648 0.115 0.937 0.0 -0.143 -0.318 -0.681 -0.0 -0.731 0.039 -0.994 -0.0 0.061 0.085 0.643 0.0 -0.758 -0.11 0.966 0.0 -0.033 0.257 
0.701 -0.089 -0.003 -0.707 -0.786 -0.0 -0.616 -0.063 -0.982 -0.0 -0.014 -0.187 0.754 0.0 -0.647 0.113 0.938 0.0 -0.143 -0.314 -0.681 -0.0 -0.731 0.043 -0.994 -0.0 0.062 0.085 0.642 0.0 -0.759 -0.109 0.967 0.0 -0.03 0.255 
0.699 -0.09 -0.004 -0.709 -0.786 -0.0 -0.615 -0.064 -0.981 -0.0 -0.016 -0.192 0.754 0.0 -0.647 0.112 0.94 0.0 -0.142 -0.312 -0.681 -0.0 -0.731 0.045 -0.994 -0.0 0.062 0.085 0.64 0.0 -0.761 -0.107 0.967 0.0 -0.027 0.253 
0.698 -0.09 -0.004 -0.711 -0.786 0.0 -0.615 -0.063 -0.98 -0.0 -0.018 -0.197 0.754 0.0 -0.647 0.111 0.941 0.0 -0.141 -0.309 -0.681 -0.0 -0.73 0.049 -0.994 -0.0 0.063 0.084 0.639 0.0 -0.762 -0.106 0.968 0.0 -0.025 0.251 
0.696 -0.09 -0.005 -0.712 -0.786 0.0 -0.615 -0.063 -0.979 0.0 -0.021 -0.202 0.755 -0.0 -0.646 0.11 0.942 0.0 -0.139 -0.306 -0.681 -0.0 -0.731 0.052 -0.994 -0.0 0.064 0.084 0.638 0.0 -0.763 -0.104 0.968 0.0 -0.022 0.25 
0.694 -0.091 -0.006 -0.714 -0.786 -0.0 -0.615 -0.063 -0.978 -0.0 -0.022 -0.206 0.756 -0.0 -0.646 0.11 0.943 0.0 -0.138 -0.304 -0.681 -0.0 -0.73 0.055 -0.994 -0.0 0.064 0.084 0.638 0.0 -0.764 -0.102 0.968 0.0 -0.021 0.249 
0.692 -0.092 -0.007 -0.716 -0.786 -0.0 -0.615 -0.063 -0.978 -0.0 -0.023 -0.209 0.755 0.0 -0.646 0.11 0.944 0.0 -0.136 -0.302 -0.681 -0.0 -0.73 0.059 -0.994 -0.0 0.065 0.083 0.636 -0.0 -0.766 -0.099 0.969 0.0 -0.018 0.248 
0.689 -0.092 -0.008 -0.719 -0.785 -0.0 -0.616 -0.063 -0.977 -0.0 -0.025 -0.213 0.756 0.0 -0.645 0.109 0.944 0.0 -0.135 -0.3 -0.681 -0.0 -0.73 0.062 -0.994 -0.0 0.066 0.083 0.634 0.0 -0.767 -0.097 0.969 0.0 -0.016 0.247 
0.688 -0.092 -0.009 -0.72 -0.785 -0.0 -0.616 -0.063 -0.976 0.0 -0.027 -0.217 0.756 -0.0 -0.645 0.109 0.945 0.0 -0.134 -0.297 -0.681 -0.0 -0.73 0.066 -0.994 -0.0 0.066 0.081 0.634 0.0 -0.768 -0.093 0.969 0.0 -0.014 0.246 
0.685 -0.093 -0.01 -0.723 -0.785 -0.0 -0.617 -0.062 -0.975 -0.0 -0.029 -0.22 0.756 0.0 -0.645 0.11 0.946 -0.0 -0.131 -0.296 -0.681 -0.0 -0.729 0.069 -0.994 -0.0 0.067 0.081 0.633 0.0 -0.769 -0.09 0.969 0.0 -0.012 0.245 
0.683 -0.093 -0.011 -0.724 -0.784 0.0 -0.618 -0.062 -0.974 -0.0 -0.03 -0.223 0.757 0.0 -0.644 0.11 0.947 -0.0 -0.131 -0.293 -0.68 0.0 -0.729 0.074 -0.995 -0.0 0.068 0.079 0.632 0.0 -0.77 -0.086 0.97 0.0 -0.01 0.245 
0.681 -0.093 -0.012 -0.726 -0.783 -0.0 -0.619 -0.062 -0.974 -0.0 -0.032 -0.225 0.757 -0.0 -0.644 0.111 0.948 0.0 -0.129 -0.292 -0.68 0.0 -0.729 0.078 -0.995 -0.0 0.068 0.078 0.631 0.0 -0.771 -0.082 0.97 0.0 -0.008 0.244 
0.679 -0.094 -0.013 -0.728 -0.783 -0.0 -0.62 -0.061 -0.973 -0.0 -0.033 -0.227 0.757 -0.0 -0.644 0.112 0.949 -0.0 -0.128 -0.29 -0.68 -0.0 -0.728 0.083 -0.995 -0.0 0.069 0.076 0.631 0.0 -0.772 -0.077 0.97 0.0 -0.006 0.243 
0.677 -0.094 -0.015 -0.729 -0.782 -0.0 -0.621 -0.06 -0.973 -0.0 -0.034 -0.229 0.757 0.0 -0.643 0.113 0.949 0.0 -0.127 -0.288 -0.68 -0.0 -0.728 0.088 -0.995 -0.0 0.069 0.074 0.63 0.0 -0.773 -0.072 0.97 0.0 -0.003 0.242 
0.677 -0.095 -0.016 -0.73 -0.781 0.0 -0.622 -0.059 -0.972 0.0 -0.034 -0.231 0.758 0.0 -0.643 0.113 0.95 -0.0 -0.127 -0.286 -0.68 -0.0 -0.728 0.092 -0.995 -0.0 0.069 0.072 0.63 0.0 -0.773 -0.068 0.97 0.0 -0.001 0.243 
0.675 -0.095 -0.018 -0.731 -0.78 -0.0 -0.623 -0.059 -0.972 0.0 -0.036 -0.232 0.759 0.0 -0.642 0.114 0.95 0.0 -0.126 -0.284 -0.679 -0.0 -0.728 0.098 -0.995 -0.0 0.07 0.07 0.631 0.0 -0.774 -0.063 0.97 0.0 0.001 0.242 
0.675 -0.095 -0.019 -0.732 -0.779 -0.0 -0.624 -0.057 -0.972 -0.0 -0.036 -0.233 0.759 0.0 -0.641 0.116 0.951 -0.0 -0.125 -0.283 -0.678 -0.0 -0.728 0.104 -0.995 -0.0 0.07 0.068 0.63 0.0 -0.775 -0.056 0.971 0.0 0.007 0.24 
0.674 -0.095 -0.021 -0.732 -0.778 -0.0 -0.626 -0.056 -0.971 -0.0 -0.036 -0.234 0.76 0.0 -0.64 0.117 0.951 0.0 -0.125 -0.281 -0.677 -0.0 -0.728 0.11 -0.995 -0.0 0.07 0.065 0.63 0.0 -0.775 -0.05 0.971 0.0 0.011 0.238 
0.673 -0.095 -0.023 -0.733 -0.777 -0.0 -0.627 -0.054 -0.971 -0.0 -0.037 -0.235 0.76 0.0 -0.639 0.118 0.952 0.0 -0.125 -0.28 -0.677 -0.0 -0.727 0.116 -0.996 -0.0 0.069 0.062 0.629 0.0 -0.776 -0.043 0.972 -0.0 0.015 0.236 
0.673 -0.095 -0.025 -0.733 -0.776 0.0 -0.629 -0.052 -0.971 -0.0 -0.038 -0.236 0.761 0.0 -0.638 0.119 0.952 -0.0 -0.125 -0.278 -0.676 -0.0 -0.727 0.122 -0.996 -0.0 0.069 0.06 0.629 -0.0 -0.776 -0.036 0.972 -0.0 0.02 0.234 
0.672 -0.096 -0.028 -0.734 -0.775 -0.0 -0.63 -0.05 -0.971 -0.0 -0.038 -0.236 0.761 0.0 -0.637 0.121 0.953 -0.0 -0.125 -0.277 -0.675 -0.0 -0.726 0.13 -0.996 -0.0 0.069 0.057 0.629 0.0 -0.777 -0.028 0.972 0.0 0.025 0.232 
0.67 -0.097 -0.03 -0.736 -0.774 -0.0 -0.631 -0.048 -0.971 -0.0 -0.04 -0.235 0.761 0.0 -0.637 0.123 0.953 0.0 -0.124 -0.275 -0.675 -0.0 -0.725 0.136 -0.996 -0.0 0.069 0.054 0.628 -0.0 -0.778 -0.019 0.973 0.0 0.029 0.228 
0.669 -0.097 -0.031 -0.736 -0.773 -0.0 -0.632 -0.046 -0.971 -0.0 -0.042 -0.235 0.761 0.0 -0.637 0.124 0.954 0.0 -0.123 -0.273 -0.675 -0.0 -0.724 0.143 -0.996 0.0 0.069 0.052 0.629 0.0 -0.778 -0.012 0.973 0.0 0.032 0.227 
0.668 -0.098 -0.033 -0.737 -0.773 -0.0 -0.632 -0.045 -0.971 -0.0 -0.043 -0.234 0.761 0.0 -0.637 0.126 0.955 0.0 -0.123 -0.271 -0.675 -0.0 -0.723 0.148 -0.996 -0.0 0.069 0.05 0.628 0.0 -0.778 -0.004 0.974 0.0 0.036 0.224 
0.669 -0.1 -0.035 -0.736 -0.773 -0.0 -0.633 -0.041 -0.972 -0.0 -0.044 -0.233 0.76 0.0 -0.637 0.127 0.955 0.0 -0.123 -0.269 -0.674 -0.0 -0.721 0.157 -0.996 -0.0 0.069 0.047 0.627 -0.0 -0.779 0.004 0.974 0.0 0.041 0.221 
0.669 -0.1 -0.036 -0.736 -0.773 -0.0 -0.634 -0.039 -0.972 -0.0 -0.044 -0.231 0.76 0.0 -0.637 0.128 0.956 0.0 -0.122 -0.267 -0.674 -0.0 -0.721 0.161 -0.997 0.0 0.069 0.046 0.627 0.0 -0.779 0.011 0.975 0.0 0.045 0.218 
0.668 -0.102 -0.038 -0.736 -0.773 -0.0 -0.634 -0.038 -0.972 -0.0 -0.044 -0.229 0.76 0.0 -0.638 0.128 0.957 0.0 -0.121 -0.265 -0.674 0.0 -0.72 0.166 -0.997 -0.0 0.07 0.045 0.626 0.0 -0.779 0.018 0.975 0.0 0.047 0.216 
0.668 -0.103 -0.039 -0.736 -0.772 -0.0 -0.635 -0.034 -0.973 0.0 -0.044 -0.227 0.759 0.0 -0.638 0.129 0.957 0.0 -0.12 -0.263 -0.674 -0.0 -0.718 0.171 -0.997 -0.0 0.07 0.044 0.626 0.0 -0.78 0.025 0.976 0.0 0.051 0.212 
0.668 -0.104 -0.04 -0.736 -0.772 -0.0 -0.635 -0.032 -0.974 -0.0 -0.044 -0.224 0.758 0.0 -0.639 0.13 0.958 0.0 -0.119 -0.26 -0.675 -0.0 -0.717 0.174 -0.996 -0.0 0.071 0.044 0.625 0.0 -0.78 0.031 0.976 0.0 0.053 0.21 
0.667 -0.105 -0.041 -0.736 -0.772 -0.0 -0.635 -0.03 -0.974 -0.0 -0.045 -0.221 0.757 0.0 -0.64 0.131 0.959 0.0 -0.118 -0.259 -0.675 -0.0 -0.717 0.177 -0.996 0.0 0.072 0.045 0.625 0.0 -0.78 0.037 0.977 0.0 0.055 0.207 
0.666 -0.106 -0.041 -0.737 -0.772 -0.0 -0.635 -0.027 -0.975 -0.0 -0.045 -0.219 0.756 0.0 -0.641 0.131 0.959 0.0 -0.117 -0.257 -0.675 0.0 -0.716 0.178 -0.996 -0.0 0.073 0.046 0.624 -0.0 -0.78 0.042 0.977 0.0 0.057 0.205 
0.666 -0.106 -0.042 -0.737 -0.771 -0.0 -0.636 -0.023 -0.975 -0.0 -0.044 -0.217 0.755 0.0 -0.643 0.131 0.96 0.0 -0.115 -0.256 -0.675 0.0 -0.716 0.18 -0.996 -0.0 0.075 0.046 0.624 0.0 -0.78 0.046 0.978 0.0 0.058 0.202 
0.666 -0.107 -0.042 -0.737 -0.771 -0.0 -0.636 -0.022 -0.976 0.0 -0.044 -0.212 0.754 0.0 -0.643 0.132 0.96 -0.0 -0.113 -0.255 -0.675 -0.0 -0.715 0.181 -0.996 -0.0 0.076 0.048 0.623 0.0 -0.781 0.052 0.978 0.0 0.06 0.199 
0.666 -0.108 -0.043 -0.737 -0.771 0.0 -0.636 -0.019 -0.977 -0.0 -0.043 -0.21 0.753 0.0 -0.645 0.133 0.961 0.0 -0.111 -0.254 -0.675 -0.0 -0.715 0.182 -0.996 0.0 0.078 0.048 0.622 0.0 -0.781 0.056 0.979 0.0 0.061 0.196 
0.665 -0.108 -0.043 -0.738 -0.771 0.0 -0.637 -0.016 -0.978 -0.0 -0.043 -0.206 0.752 -0.0 -0.646 0.134 0.961 0.0 -0.109 -0.253 -0.675 -0.0 -0.715 0.182 -0.996 0.0 0.079 0.051 0.622 0.0 -0.781 0.062 0.979 0.0 0.062 0.193 
0.665 -0.108 -0.042 -0.738 -0.77 -0.0 -0.638 -0.012 -0.978 -0.0 -0.042 -0.205 0.751 0.0 -0.647 0.134 0.962 0.0 -0.107 -0.253 -0.675 -0.0 -0.715 0.182 -0.995 -0.0 0.08 0.051 0.621 0.0 -0.781 0.066 0.98 0.0 0.064 0.189 
0.664 -0.109 -0.043 -0.739 -0.77 0.0 -0.638 -0.01 -0.979 -0.0 -0.041 -0.2 0.749 0.0 -0.648 0.136 0.962 0.0 -0.105 -0.252 -0.675 -0.0 -0.715 0.183 -0.995 -0.0 0.082 0.053 0.62 0.0 -0.781 0.072 0.981 -0.0 0.066 0.185 
0.663 -0.109 -0.042 -0.739 -0.769 -0.0 -0.639 -0.006 -0.979 0.0 -0.04 -0.198 0.748 0.0 -0.649 0.136 0.962 0.0 -0.104 -0.252 -0.675 -0.0 -0.715 0.182 -0.995 -0.0 0.083 0.054 0.62 0.0 -0.781 0.075 0.981 0.0 0.067 0.181 
0.663 -0.109 -0.042 -0.74 -0.769 -0.0 -0.639 -0.003 -0.98 -0.0 -0.039 -0.194 0.747 0.0 -0.651 0.137 0.962 -0.0 -0.102 -0.252 -0.676 0.0 -0.714 0.181 -0.995 0.0 0.084 0.055 0.619 0.0 -0.782 0.079 0.982 0.0 0.068 0.177 
0.662 -0.11 -0.042 -0.74 -0.769 -0.0 -0.639 -0.002 -0.981 0.0 -0.037 -0.19 0.746 0.0 -0.652 0.138 0.962 -0.0 -0.101 -0.252 -0.676 -0.0 -0.715 0.18 -0.995 -0.0 0.086 0.057 0.618 0.0 -0.782 0.084 0.982 0.0 0.069 0.174 
0.662 -0.109 -0.041 -0.74 -0.769 0.0 -0.639 0.002 -0.982 -0.0 -0.036 -0.188 0.744 0.0 -0.653 0.138 0.963 0.0 -0.1 -0.252 -0.676 -0.0 -0.715 0.179 -0.995 -0.0 0.087 0.058 0.617 -0.0 -0.783 0.086 0.983 0.0 0.07 0.17 
0.662 -0.11 -0.041 -0.74 -0.769 -0.0 -0.639 0.004 -0.983 -0.0 -0.034 -0.183 0.743 0.0 -0.654 0.139 0.963 0.0 -0.098 -0.252 -0.676 -0.0 -0.715 0.179 -0.994 -0.0 0.088 0.059 0.616 0.0 -0.783 0.09 0.983 -0.0 0.072 0.167 
0.662 -0.109 -0.04 -0.741 -0.768 -0.0 -0.64 0.007 -0.983 -0.0 -0.033 -0.181 0.742 0.0 -0.656 0.138 0.963 0.0 -0.096 -0.252 -0.677 -0.0 -0.715 0.175 -0.994 -0.0 0.089 0.062 0.615 0.0 -0.783 0.091 0.984 0.0 0.072 0.164 
0.662 -0.109 -0.04 -0.74 -0.769 -0.0 -0.639 0.009 -0.984 -0.0 -0.031 -0.176 0.741 -0.0 -0.657 0.14 0.963 0.0 -0.095 -0.252 -0.677 -0.0 -0.714 0.177 -0.994 -0.0 0.089 0.061 0.614 0.0 -0.783 0.096 0.984 -0.0 0.074 0.16 
0.662 -0.109 -0.039 -0.74 -0.769 -0.0 -0.64 0.012 -0.984 -0.0 -0.029 -0.174 0.74 0.0 -0.658 0.139 0.963 -0.0 -0.094 -0.252 -0.677 -0.0 -0.715 0.175 -0.994 -0.0 0.09 0.063 0.614 0.0 -0.784 0.097 0.985 0.0 0.074 0.157 
0.663 -0.109 -0.038 -0.74 -0.769 -0.0 -0.639 0.013 -0.985 -0.0 -0.028 -0.169 0.739 0.0 -0.659 0.14 0.963 0.0 -0.095 -0.251 -0.678 0.0 -0.714 0.175 -0.994 -0.0 0.09 0.063 0.613 0.0 -0.784 0.101 0.985 -0.0 0.075 0.154 
0.663 -0.108 -0.037 -0.74 -0.769 0.0 -0.639 0.019 -0.985 -0.0 -0.025 -0.169 0.738 0.0 -0.66 0.139 0.963 0.0 -0.094 -0.251 -0.678 -0.0 -0.714 0.174 -0.994 0.0 0.09 0.063 0.613 0.0 -0.784 0.102 0.986 0.0 0.075 0.151 
0.664 -0.108 -0.037 -0.739 -0.769 -0.0 -0.639 0.02 -0.986 -0.0 -0.024 -0.164 0.737 0.0 -0.661 0.14 0.964 0.0 -0.094 -0.251 -0.678 -0.0 -0.714 0.174 -0.994 -0.0 0.089 0.064 0.612 0.0 -0.784 0.105 0.986 0.0 0.075 0.147 
0.665 -0.107 -0.036 -0.739 -0.769 0.0 -0.639 0.024 -0.986 -0.0 -0.022 -0.163 0.736 -0.0 -0.662 0.139 0.964 0.0 -0.093 -0.251 -0.679 -0.0 -0.713 0.174 -0.994 0.0 0.089 0.063 0.612 0.0 -0.784 0.106 0.987 0.0 0.076 0.145 
0.665 -0.107 -0.036 -0.738 -0.77 0.0 -0.638 0.026 -0.987 -0.0 -0.02 -0.159 0.736 0.0 -0.663 0.14 0.964 0.0 -0.093 -0.251 -0.679 -0.0 -0.713 0.175 -0.994 -0.0 0.089 0.062 0.612 0.0 -0.784 0.109 0.987 -0.0 0.077 0.142 
0.666 -0.106 -0.035 -0.737 -0.77 -0.0 -0.638 0.03 -0.987 -0.0 -0.019 -0.157 0.735 -0.0 -0.664 0.139 0.964 -0.0 -0.093 -0.25 -0.679 -0.0 -0.713 0.174 -0.994 0.0 0.089 0.063 0.611 -0.0 -0.784 0.109 0.987 0.0 0.078 0.14 
0.668 -0.106 -0.036 -0.735 -0.77 -0.0 -0.638 0.031 -0.988 0.0 -0.018 -0.152 0.735 0.0 -0.664 0.14 0.964 0.0 -0.094 -0.25 -0.678 -0.0 -0.713 0.177 -0.994 -0.0 0.087 0.061 0.611 0.0 -0.784 0.111 0.987 0.0 0.079 0.139 
