# T   LUA LFA RUA RFA LT  LS  RT  RS  
-0.611 0.028 -0.073 -0.788 -0.764 -0.0 -0.645 -0.014 -0.987 0.0 -0.069 -0.147 0.974 0.0 0.081 -0.211 0.518 -0.0 0.705 -0.484 -0.7 -0.0 -0.692 0.175 -1.0 0.0 0.021 0.017 0.683 0.0 -0.73 0.04 0.996 0.0 0.007 0.09 
-0.611 0.028 -0.073 -0.787 -0.764 -0.0 -0.645 -0.013 -0.986 -0.0 -0.072 -0.147 0.974 0.0 0.08 -0.21 0.519 0.0 0.701 -0.49 -0.7 -0.0 -0.692 0.175 -1.0 -0.0 0.021 0.018 0.683 0.0 -0.73 0.04 0.996 0.0 0.007 0.091 
-0.612 0.028 -0.073 -0.787 -0.764 -0.0 -0.645 -0.014 -0.986 -0.0 -0.072 -0.148 0.975 0.0 0.08 -0.209 0.52 0.0 0.694 -0.498 -0.7 -0.0 -0.692 0.175 -1.0 0.0 0.021 0.018 0.683 0.0 -0.73 0.04 0.996 0.0 0.007 0.091 
-0.612 0.028 -0.073 -0.787 -0.763 -0.0 -0.646 -0.014 -0.986 -0.0 -0.072 -0.149 0.975 0.0 0.079 -0.207 0.52 0.0 0.689 -0.505 -0.7 -0.0 -0.692 0.175 -1.0 -0.0 0.021 0.018 0.683 -0.0 -0.73 0.04 0.996 0.0 0.007 0.091 
-0.612 0.028 -0.073 -0.787 -0.763 -0.0 -0.646 -0.014 -0.986 0.0 -0.073 -0.149 0.976 0.0 0.078 -0.205 0.521 0.0 0.683 -0.512 -0.7 -0.0 -0.692 0.175 -1.0 -0.0 0.021 0.018 0.683 0.0 -0.73 0.04 0.996 0.0 0.007 0.091 
-0.612 0.028 -0.073 -0.787 -0.762 -0.0 -0.648 -0.014 -0.986 -0.0 -0.071 -0.15 0.976 0.0 0.077 -0.204 0.522 -0.0 0.677 -0.519 -0.7 0.0 -0.692 0.175 -1.0 -0.0 0.021 0.018 0.683 0.0 -0.73 0.04 0.996 -0.0 0.007 0.091 
-0.612 0.028 -0.073 -0.787 -0.762 -0.0 -0.647 -0.013 -0.986 -0.0 -0.073 -0.151 0.976 0.0 0.077 -0.202 0.523 -0.0 0.671 -0.526 -0.7 0.0 -0.692 0.175 -1.0 0.0 0.021 0.018 0.683 0.0 -0.73 0.04 0.996 -0.0 0.007 0.091 
-0.612 0.029 -0.073 -0.787 -0.762 -0.0 -0.648 -0.013 -0.986 -0.0 -0.074 -0.151 0.977 0.0 0.076 -0.2 0.523 -0.0 0.666 -0.532 -0.7 0.0 -0.692 0.175 -1.0 -0.0 0.021 0.018 0.683 -0.0 -0.73 0.04 0.996 0.0 0.008 0.091 
-0.613 0.029 -0.073 -0.786 -0.761 -0.0 -0.648 -0.012 -0.986 -0.0 -0.075 -0.152 0.977 0.0 0.074 -0.198 0.524 0.0 0.661 -0.538 -0.7 -0.0 -0.692 0.175 -1.0 -0.0 0.021 0.018 0.683 0.0 -0.73 0.04 0.996 0.0 0.008 0.091 
-0.613 0.029 -0.073 -0.786 -0.761 -0.0 -0.649 -0.012 -0.985 -0.0 -0.075 -0.153 0.978 -0.0 0.073 -0.196 0.524 0.0 0.657 -0.542 -0.7 0.0 -0.692 0.174 -1.0 -0.0 0.021 0.018 0.683 0.0 -0.729 0.04 0.996 0.0 0.008 0.091 
-0.613 0.029 -0.073 -0.786 -0.76 -0.0 -0.649 -0.012 -0.985 -0.0 -0.076 -0.154 0.978 0.0 0.072 -0.193 0.524 0.0 0.654 -0.546 -0.7 -0.0 -0.692 0.174 -1.0 0.0 0.021 0.018 0.683 0.0 -0.73 0.04 0.996 0.0 0.008 0.091 
-0.613 0.029 -0.073 -0.786 -0.759 -0.0 -0.651 -0.012 -0.985 -0.0 -0.074 -0.154 0.979 -0.0 0.071 -0.191 0.524 0.0 0.65 -0.55 -0.7 -0.0 -0.693 0.174 -1.0 -0.0 0.021 0.018 0.683 -0.0 -0.729 0.04 0.996 0.0 0.008 0.091 
-0.614 0.029 -0.073 -0.786 -0.759 -0.0 -0.651 -0.012 -0.985 -0.0 -0.075 -0.154 0.98 0.0 0.07 -0.188 0.524 0.0 0.648 -0.553 -0.7 -0.0 -0.693 0.173 -1.0 -0.0 0.02 0.018 0.683 0.0 -0.729 0.04 0.996 0.0 0.008 0.091 
-0.614 0.029 -0.073 -0.785 -0.758 -0.0 -0.652 -0.012 -0.985 -0.0 -0.075 -0.155 0.98 0.0 0.068 -0.187 0.524 0.0 0.646 -0.555 -0.7 -0.0 -0.693 0.173 -1.0 -0.0 0.02 0.018 0.683 0.0 -0.729 0.04 0.996 0.0 0.008 0.091 
-0.614 0.029 -0.073 -0.785 -0.758 -0.0 -0.652 -0.011 -0.985 0.0 -0.076 -0.155 0.981 0.0 0.068 -0.184 0.524 -0.0 0.643 -0.558 -0.7 -0.0 -0.693 0.172 -1.0 -0.0 0.02 0.018 0.683 0.0 -0.729 0.039 0.996 -0.0 0.008 0.091 
-0.615 0.029 -0.072 -0.785 -0.757 0.0 -0.653 -0.011 -0.985 0.0 -0.076 -0.156 0.981 0.0 0.066 -0.182 0.523 0.0 0.642 -0.561 -0.7 -0.0 -0.693 0.172 -1.0 0.0 0.02 0.018 0.683 -0.0 -0.729 0.039 0.996 0.0 0.008 0.09 
-0.615 0.029 -0.072 -0.785 -0.758 -0.0 -0.652 -0.01 -0.984 -0.0 -0.08 -0.157 0.982 -0.0 0.065 -0.179 0.523 0.0 0.639 -0.564 -0.7 -0.0 -0.693 0.171 -1.0 -0.0 0.02 0.018 0.683 0.0 -0.729 0.039 0.996 0.0 0.007 0.091 
-0.615 0.029 -0.072 -0.784 -0.758 -0.0 -0.653 -0.009 -0.984 -0.0 -0.08 -0.157 0.982 -0.0 0.064 -0.177 0.523 -0.0 0.639 -0.564 -0.7 -0.0 -0.693 0.171 -1.0 -0.0 0.02 0.018 0.683 0.0 -0.729 0.039 0.996 0.0 0.007 0.091 
-0.616 0.029 -0.072 -0.784 -0.757 -0.0 -0.653 -0.009 -0.984 0.0 -0.081 -0.157 0.983 0.0 0.063 -0.175 0.523 0.0 0.637 -0.566 -0.7 -0.0 -0.693 0.171 -1.0 -0.0 0.02 0.018 0.683 0.0 -0.729 0.039 0.996 0.0 0.007 0.091 
-0.616 0.029 -0.072 -0.784 -0.757 -0.0 -0.654 -0.009 -0.984 -0.0 -0.081 -0.157 0.983 0.0 0.062 -0.172 0.523 0.0 0.637 -0.566 -0.7 -0.0 -0.693 0.171 -1.0 -0.0 0.02 0.018 0.683 0.0 -0.729 0.039 0.996 0.0 0.008 0.09 
-0.616 0.028 -0.072 -0.784 -0.756 -0.0 -0.654 -0.008 -0.984 -0.0 -0.082 -0.157 0.984 0.0 0.06 -0.169 0.523 0.0 0.638 -0.565 -0.7 -0.0 -0.693 0.17 -1.0 -0.0 0.02 0.018 0.683 -0.0 -0.729 0.039 0.996 0.0 0.008 0.09 
-0.616 0.028 -0.072 -0.784 -0.756 -0.0 -0.655 -0.008 -0.984 -0.0 -0.082 -0.157 0.984 0.0 0.059 -0.167 0.522 0.0 0.639 -0.564 -0.7 0.0 -0.693 0.17 -1.0 0.0 0.02 0.017 0.683 -0.0 -0.729 0.038 0.996 0.0 0.008 0.09 
-0.617 0.028 -0.072 -0.783 -0.755 0.0 -0.655 -0.007 -0.984 -0.0 -0.082 -0.157 0.985 0.0 0.058 -0.164 0.523 0.0 0.64 -0.563 -0.7 -0.0 -0.693 0.17 -1.0 -0.0 0.019 0.017 0.683 0.0 -0.729 0.038 0.996 -0.0 0.008 0.09 
-0.617 0.028 -0.071 -0.783 -0.755 -0.0 -0.656 -0.007 -0.984 -0.0 -0.083 -0.157 0.985 0.0 0.056 -0.161 0.523 0.0 0.642 -0.56 -0.701 0.0 -0.693 0.169 -1.0 -0.0 0.019 0.017 0.683 -0.0 -0.729 0.038 0.996 0.0 0.008 0.09 
-0.617 0.028 -0.071 -0.783 -0.755 -0.0 -0.656 -0.007 -0.984 0.0 -0.083 -0.156 0.986 0.0 0.055 -0.159 0.524 0.0 0.643 -0.558 -0.701 0.0 -0.693 0.169 -1.0 0.0 0.019 0.017 0.683 0.0 -0.729 0.038 0.996 0.0 0.008 0.09 
-0.618 0.028 -0.071 -0.783 -0.755 -0.0 -0.656 -0.007 -0.984 0.0 -0.083 -0.155 0.986 0.0 0.053 -0.157 0.524 -0.0 0.646 -0.554 -0.701 -0.0 -0.693 0.169 -1.0 -0.0 0.019 0.017 0.683 0.0 -0.729 0.038 0.996 0.0 0.008 0.09 
-0.618 0.028 -0.071 -0.783 -0.754 0.0 -0.657 -0.006 -0.984 -0.0 -0.083 -0.155 0.987 -0.0 0.052 -0.155 0.525 -0.0 0.649 -0.551 -0.701 -0.0 -0.693 0.168 -1.0 -0.0 0.019 0.017 0.683 0.0 -0.729 0.037 0.996 0.0 0.008 0.09 
-0.618 0.028 -0.071 -0.783 -0.754 0.0 -0.657 -0.006 -0.984 -0.0 -0.084 -0.155 0.987 0.0 0.05 -0.154 0.525 0.0 0.653 -0.546 -0.701 -0.0 -0.693 0.168 -1.0 -0.0 0.018 0.017 0.683 0.0 -0.729 0.037 0.996 0.0 0.008 0.09 
-0.618 0.028 -0.071 -0.782 -0.754 -0.0 -0.657 -0.005 -0.984 -0.0 -0.084 -0.154 0.987 0.0 0.049 -0.151 0.525 0.0 0.657 -0.542 -0.701 -0.0 -0.693 0.168 -1.0 -0.0 0.018 0.017 0.683 -0.0 -0.729 0.037 0.996 0.0 0.008 0.09 
-0.618 0.028 -0.071 -0.782 -0.754 0.0 -0.657 -0.005 -0.985 0.0 -0.084 -0.154 0.988 0.0 0.048 -0.15 0.525 0.0 0.662 -0.535 -0.701 0.0 -0.693 0.167 -1.0 -0.0 0.018 0.017 0.683 0.0 -0.729 0.037 0.996 0.0 0.008 0.09 
-0.618 0.028 -0.071 -0.782 -0.754 -0.0 -0.657 -0.005 -0.985 -0.0 -0.084 -0.153 0.988 0.0 0.046 -0.148 0.525 0.0 0.666 -0.529 -0.701 -0.0 -0.693 0.167 -1.0 -0.0 0.018 0.017 0.683 -0.0 -0.729 0.037 0.996 0.0 0.008 0.09 
-0.618 0.028 -0.071 -0.782 -0.753 0.0 -0.658 -0.004 -0.985 -0.0 -0.083 -0.153 0.988 0.0 0.045 -0.147 0.525 0.0 0.672 -0.522 -0.701 -0.0 -0.693 0.167 -1.0 -0.0 0.018 0.017 0.683 -0.0 -0.729 0.036 0.996 -0.0 0.008 0.09 
-0.618 0.028 -0.071 -0.782 -0.753 -0.0 -0.658 -0.004 -0.985 0.0 -0.083 -0.152 0.988 0.0 0.044 -0.146 0.525 0.0 0.678 -0.515 -0.701 -0.0 -0.693 0.167 -1.0 -0.0 0.018 0.017 0.683 -0.0 -0.729 0.036 0.996 0.0 0.008 0.09 
-0.618 0.028 -0.071 -0.782 -0.753 -0.0 -0.658 -0.003 -0.985 -0.0 -0.084 -0.152 0.989 0.0 0.042 -0.144 0.524 0.0 0.683 -0.508 -0.701 -0.0 -0.693 0.167 -1.0 -0.0 0.018 0.017 0.683 0.0 -0.729 0.036 0.996 0.0 0.008 0.09 
-0.618 0.028 -0.07 -0.782 -0.753 -0.0 -0.658 -0.003 -0.985 -0.0 -0.084 -0.151 0.989 0.0 0.041 -0.144 0.524 0.0 0.69 -0.499 -0.701 -0.0 -0.694 0.166 -1.0 -0.0 0.018 0.017 0.683 0.0 -0.729 0.036 0.996 0.0 0.007 0.091 
-0.618 0.028 -0.07 -0.782 -0.753 -0.0 -0.657 -0.002 -0.985 -0.0 -0.084 -0.15 0.989 -0.0 0.04 -0.143 0.524 0.0 0.696 -0.49 -0.701 0.0 -0.694 0.166 -1.0 -0.0 0.018 0.017 0.683 0.0 -0.729 0.036 0.996 0.0 0.007 0.09 
-0.618 0.028 -0.07 -0.782 -0.753 -0.0 -0.657 -0.002 -0.985 -0.0 -0.083 -0.15 0.989 0.0 0.039 -0.143 0.522 0.0 0.703 -0.483 -0.701 -0.0 -0.694 0.166 -1.0 -0.0 0.018 0.018 0.683 0.0 -0.729 0.035 0.996 0.0 0.007 0.091 
-0.618 0.027 -0.07 -0.782 -0.753 -0.0 -0.658 -0.002 -0.986 -0.0 -0.08 -0.149 0.989 0.0 0.039 -0.142 0.521 0.0 0.71 -0.474 -0.701 -0.0 -0.694 0.165 -1.0 -0.0 0.018 0.018 0.683 0.0 -0.729 0.035 0.996 0.0 0.007 0.091 
-0.618 0.027 -0.07 -0.782 -0.753 -0.0 -0.658 -0.001 -0.986 -0.0 -0.08 -0.149 0.989 0.0 0.038 -0.142 0.52 0.0 0.716 -0.466 -0.701 -0.0 -0.694 0.165 -1.0 0.0 0.018 0.018 0.683 -0.0 -0.729 0.035 0.996 0.0 0.007 0.091 
-0.618 0.027 -0.07 -0.783 -0.753 -0.0 -0.658 -0.0 -0.986 -0.0 -0.08 -0.149 0.989 0.0 0.037 -0.142 0.519 0.0 0.723 -0.456 -0.701 -0.0 -0.694 0.165 -1.0 -0.0 0.019 0.018 0.683 0.0 -0.729 0.034 0.996 0.0 0.007 0.091 
-0.618 0.027 -0.07 -0.783 -0.753 -0.0 -0.658 -0.0 -0.986 -0.0 -0.08 -0.148 0.989 0.0 0.037 -0.142 0.518 0.0 0.73 -0.446 -0.701 0.0 -0.694 0.165 -1.0 -0.0 0.019 0.018 0.684 -0.0 -0.729 0.034 0.996 0.0 0.007 0.091 
-0.618 0.027 -0.07 -0.783 -0.753 -0.0 -0.657 0.0 -0.986 -0.0 -0.079 -0.148 0.989 0.0 0.037 -0.14 0.516 0.0 0.738 -0.436 -0.701 -0.0 -0.694 0.164 -1.0 -0.0 0.019 0.018 0.684 0.0 -0.729 0.034 0.996 0.0 0.007 0.091 
-0.618 0.027 -0.07 -0.783 -0.754 -0.0 -0.656 0.001 -0.986 -0.0 -0.081 -0.148 0.989 0.0 0.037 -0.14 0.514 0.0 0.745 -0.425 -0.701 -0.0 -0.694 0.164 -1.0 -0.0 0.019 0.018 0.684 0.0 -0.729 0.033 0.996 0.0 0.007 0.091 
-0.618 0.027 -0.07 -0.783 -0.755 -0.0 -0.656 0.001 -0.986 -0.0 -0.081 -0.147 0.989 -0.0 0.037 -0.141 0.513 -0.0 0.752 -0.414 -0.701 -0.0 -0.694 0.163 -1.0 -0.0 0.019 0.019 0.684 0.0 -0.729 0.033 0.996 0.0 0.006 0.091 
-0.618 0.027 -0.07 -0.783 -0.755 -0.0 -0.656 0.002 -0.986 0.0 -0.08 -0.146 0.989 0.0 0.037 -0.141 0.512 0.0 0.758 -0.403 -0.701 0.0 -0.694 0.163 -1.0 -0.0 0.019 0.019 0.684 -0.0 -0.729 0.033 0.996 -0.0 0.006 0.092 
-0.618 0.027 -0.069 -0.783 -0.755 0.0 -0.656 0.002 -0.986 -0.0 -0.08 -0.146 0.989 0.0 0.037 -0.142 0.511 0.0 0.765 -0.393 -0.701 -0.0 -0.695 0.163 -1.0 0.0 0.019 0.019 0.684 -0.0 -0.729 0.033 0.996 0.0 0.006 0.091 
-0.617 0.027 -0.069 -0.783 -0.755 0.0 -0.655 0.002 -0.986 -0.0 -0.08 -0.146 0.989 0.0 0.038 -0.143 0.51 -0.0 0.771 -0.382 -0.701 -0.0 -0.695 0.163 -1.0 -0.0 0.019 0.019 0.684 0.0 -0.729 0.032 0.996 0.0 0.006 0.091 
-0.617 0.027 -0.069 -0.783 -0.756 -0.0 -0.655 0.003 -0.986 -0.0 -0.079 -0.146 0.989 0.0 0.038 -0.144 0.508 0.0 0.776 -0.374 -0.701 -0.0 -0.695 0.163 -1.0 -0.0 0.019 0.019 0.684 -0.0 -0.729 0.032 0.996 0.0 0.006 0.092 
-0.617 0.027 -0.069 -0.783 -0.756 -0.0 -0.654 0.003 -0.986 -0.0 -0.079 -0.145 0.989 0.0 0.04 -0.145 0.508 0.0 0.782 -0.362 -0.701 -0.0 -0.695 0.163 -1.0 -0.0 0.019 0.019 0.684 0.0 -0.729 0.032 0.996 0.0 0.006 0.092 
-0.617 0.027 -0.069 -0.783 -0.756 -0.0 -0.655 0.003 -0.987 -0.0 -0.076 -0.144 0.988 0.0 0.041 -0.147 0.506 0.0 0.787 -0.352 -0.701 -0.0 -0.695 0.162 -1.0 -0.0 0.019 0.019 0.684 0.0 -0.729 0.031 0.996 0.0 0.006 0.092 
-0.617 0.027 -0.069 -0.783 -0.756 -0.0 -0.655 0.003 -0.987 -0.0 -0.076 -0.144 0.988 0.0 0.042 -0.149 0.505 0.0 0.793 -0.342 -0.701 0.0 -0.695 0.162 -1.0 -0.0 0.019 0.019 0.684 0.0 -0.729 0.031 0.996 0.0 0.006 0.092 
-0.617 0.027 -0.069 -0.783 -0.756 0.0 -0.654 0.003 -0.987 -0.0 -0.075 -0.143 0.988 0.0 0.043 -0.15 0.506 0.0 0.797 -0.33 -0.701 -0.0 -0.695 0.162 -1.0 0.0 0.018 0.019 0.684 0.0 -0.729 0.031 0.996 0.0 0.006 0.092 
-0.617 0.027 -0.069 -0.783 -0.757 -0.0 -0.654 0.003 -0.987 -0.0 -0.075 -0.143 0.987 0.0 0.045 -0.151 0.504 0.0 0.802 -0.32 -0.701 -0.0 -0.695 0.162 -1.0 -0.0 0.018 0.019 0.684 0.0 -0.729 0.031 0.996 0.0 0.005 0.092 
-0.617 0.027 -0.069 -0.784 -0.757 0.0 -0.653 0.003 -0.987 0.0 -0.074 -0.142 0.987 0.0 0.047 -0.154 0.503 -0.0 0.807 -0.311 -0.701 0.0 -0.695 0.162 -1.0 0.0 0.018 0.018 0.684 0.0 -0.729 0.03 0.996 0.0 0.005 0.092 
-0.617 0.027 -0.069 -0.784 -0.758 0.0 -0.652 0.004 -0.987 -0.0 -0.076 -0.142 0.987 0.0 0.049 -0.156 0.502 0.0 0.811 -0.302 -0.701 0.0 -0.695 0.162 -1.0 0.0 0.018 0.019 0.684 0.0 -0.728 0.03 0.996 0.0 0.005 0.092 
-0.617 0.027 -0.069 -0.784 -0.759 -0.0 -0.652 0.004 -0.987 -0.0 -0.076 -0.142 0.986 0.0 0.05 -0.158 0.5 0.0 0.815 -0.294 -0.701 -0.0 -0.695 0.162 -1.0 -0.0 0.018 0.018 0.684 0.0 -0.728 0.03 0.996 0.0 0.005 0.093 
-0.617 0.027 -0.069 -0.784 -0.759 -0.0 -0.651 0.004 -0.987 -0.0 -0.075 -0.141 0.986 0.0 0.053 -0.16 0.499 0.0 0.818 -0.286 -0.701 -0.0 -0.695 0.162 -1.0 -0.0 0.018 0.019 0.684 0.0 -0.728 0.03 0.996 0.0 0.005 0.093 
-0.617 0.027 -0.069 -0.784 -0.759 0.0 -0.651 0.004 -0.987 0.0 -0.074 -0.14 0.985 0.0 0.055 -0.162 0.498 0.0 0.821 -0.277 -0.701 -0.0 -0.695 0.162 -1.0 0.0 0.018 0.019 0.685 0.0 -0.728 0.03 0.996 0.0 0.005 0.093 
-0.617 0.027 -0.069 -0.784 -0.759 -0.0 -0.651 0.003 -0.987 -0.0 -0.074 -0.14 0.985 0.0 0.057 -0.164 0.498 -0.0 0.824 -0.27 -0.701 0.0 -0.695 0.162 -1.0 -0.0 0.018 0.018 0.685 -0.0 -0.728 0.03 0.996 0.0 0.005 0.093 
-0.617 0.027 -0.069 -0.784 -0.76 0.0 -0.65 0.003 -0.988 0.0 -0.073 -0.139 0.984 0.0 0.06 -0.166 0.497 0.0 0.827 -0.265 -0.701 -0.0 -0.695 0.162 -1.0 0.0 0.018 0.019 0.685 0.0 -0.728 0.03 0.996 0.0 0.005 0.093 
-0.617 0.027 -0.069 -0.784 -0.76 0.0 -0.65 0.003 -0.988 -0.0 -0.072 -0.139 0.984 0.0 0.062 -0.168 0.496 -0.0 0.829 -0.258 -0.701 -0.0 -0.695 0.162 -1.0 -0.0 0.018 0.018 0.685 -0.0 -0.728 0.03 0.996 -0.0 0.005 0.093 
-0.617 0.027 -0.069 -0.784 -0.76 -0.0 -0.65 0.003 -0.988 0.0 -0.072 -0.139 0.983 0.0 0.064 -0.172 0.496 0.0 0.831 -0.253 -0.701 0.0 -0.695 0.162 -1.0 -0.0 0.018 0.018 0.685 0.0 -0.728 0.03 0.996 0.0 0.005 0.094 
-0.617 0.027 -0.069 -0.784 -0.761 0.0 -0.649 0.003 -0.988 0.0 -0.071 -0.138 0.982 0.0 0.068 -0.175 0.495 0.0 0.832 -0.248 -0.701 0.0 -0.695 0.162 -1.0 -0.0 0.018 0.018 0.685 0.0 -0.728 0.03 0.996 0.0 0.005 0.093 
-0.617 0.027 -0.069 -0.784 -0.761 -0.0 -0.649 0.003 -0.988 -0.0 -0.07 -0.138 0.982 0.0 0.07 -0.177 0.495 0.0 0.834 -0.244 -0.701 0.0 -0.695 0.162 -1.0 -0.0 0.018 0.018 0.685 0.0 -0.728 0.03 0.996 0.0 0.005 0.094 
-0.617 0.027 -0.069 -0.784 -0.761 -0.0 -0.649 0.002 -0.988 -0.0 -0.07 -0.137 0.981 0.0 0.072 -0.179 0.494 0.0 0.835 -0.241 -0.701 -0.0 -0.694 0.162 -1.0 -0.0 0.017 0.018 0.685 0.0 -0.728 0.029 0.996 0.0 0.005 0.094 
-0.617 0.027 -0.069 -0.784 -0.761 0.0 -0.648 0.002 -0.988 -0.0 -0.069 -0.137 0.981 -0.0 0.074 -0.181 0.494 0.0 0.836 -0.238 -0.701 -0.0 -0.694 0.162 -1.0 -0.0 0.018 0.018 0.685 0.0 -0.728 0.03 0.995 0.0 0.005 0.095 
-0.616 0.027 -0.069 -0.784 -0.762 -0.0 -0.648 0.001 -0.988 -0.0 -0.069 -0.137 0.98 0.0 0.076 -0.183 0.493 0.0 0.837 -0.236 -0.701 -0.0 -0.694 0.163 -1.0 -0.0 0.018 0.018 0.685 0.0 -0.728 0.03 0.995 0.0 0.005 0.095 
-0.617 0.027 -0.069 -0.784 -0.762 -0.0 -0.648 0.001 -0.988 -0.0 -0.068 -0.137 0.979 0.0 0.08 -0.186 0.493 -0.0 0.838 -0.235 -0.701 -0.0 -0.694 0.163 -1.0 0.0 0.018 0.018 0.685 0.0 -0.728 0.03 0.995 0.0 0.005 0.095 
-0.616 0.027 -0.069 -0.784 -0.762 -0.0 -0.647 0.001 -0.988 -0.0 -0.068 -0.137 0.979 0.0 0.081 -0.19 0.492 0.0 0.839 -0.232 -0.701 -0.0 -0.694 0.163 -1.0 -0.0 0.018 0.018 0.685 0.0 -0.728 0.03 0.995 0.0 0.005 0.095 
-0.616 0.027 -0.069 -0.784 -0.762 0.0 -0.647 0.0 -0.988 0.0 -0.068 -0.137 0.979 0.0 0.083 -0.188 0.492 0.0 0.838 -0.236 -0.701 -0.0 -0.694 0.163 -1.0 0.0 0.018 0.018 0.685 0.0 -0.728 0.03 0.995 0.0 0.005 0.095 
-0.616 0.027 -0.07 -0.784 -0.763 -0.0 -0.647 0.0 -0.988 -0.0 -0.067 -0.137 0.978 0.0 0.085 -0.19 0.492 0.0 0.838 -0.238 -0.701 -0.0 -0.694 0.163 -1.0 0.0 0.018 0.018 0.685 0.0 -0.728 0.03 0.995 0.0 0.005 0.095 
-0.616 0.027 -0.07 -0.784 -0.763 -0.0 -0.647 -0.0 -0.988 -0.0 -0.067 -0.137 0.977 0.0 0.087 -0.193 0.491 0.0 0.838 -0.239 -0.701 -0.0 -0.694 0.163 -1.0 -0.0 0.018 0.018 0.685 0.0 -0.728 0.03 0.995 0.0 0.005 0.095 
-0.616 0.027 -0.07 -0.784 -0.763 -0.0 -0.646 -0.0 -0.988 -0.0 -0.066 -0.137 0.977 0.0 0.089 -0.194 0.492 0.0 0.837 -0.242 -0.701 -0.0 -0.694 0.164 -1.0 0.0 0.018 0.018 0.685 0.0 -0.728 0.031 0.995 0.0 0.005 0.095 
-0.616 0.027 -0.07 -0.784 -0.763 -0.0 -0.646 -0.0 -0.988 -0.0 -0.066 -0.138 0.976 0.0 0.09 -0.197 0.491 0.0 0.836 -0.244 -0.701 -0.0 -0.694 0.164 -1.0 -0.0 0.018 0.018 0.685 -0.0 -0.728 0.031 0.995 -0.0 0.004 0.095 
-0.616 0.027 -0.07 -0.784 -0.763 -0.0 -0.646 -0.001 -0.988 -0.0 -0.066 -0.138 0.976 0.0 0.092 -0.199 0.492 0.0 0.835 -0.248 -0.701 -0.0 -0.694 0.164 -1.0 -0.0 0.018 0.019 0.685 -0.0 -0.728 0.031 0.995 0.0 0.004 0.095 
-0.616 0.028 -0.07 -0.784 -0.763 -0.0 -0.646 -0.001 -0.988 0.0 -0.066 -0.138 0.975 0.0 0.094 -0.2 0.492 0.0 0.833 -0.252 -0.701 -0.0 -0.694 0.164 -1.0 -0.0 0.018 0.018 0.685 0.0 -0.728 0.031 0.995 0.0 0.004 0.095 
-0.616 0.028 -0.07 -0.784 -0.763 -0.0 -0.646 -0.001 -0.988 -0.0 -0.066 -0.139 0.975 0.0 0.094 -0.203 0.492 0.0 0.832 -0.256 -0.701 -0.0 -0.694 0.165 -1.0 -0.0 0.018 0.018 0.685 0.0 -0.728 0.032 0.995 0.0 0.004 0.095 
-0.616 0.028 -0.07 -0.784 -0.763 -0.0 -0.646 -0.001 -0.988 -0.0 -0.066 -0.139 0.974 0.0 0.095 -0.204 0.492 0.0 0.831 -0.26 -0.701 0.0 -0.694 0.165 -1.0 -0.0 0.018 0.018 0.685 0.0 -0.728 0.032 0.995 0.0 0.004 0.096 
-0.616 0.028 -0.07 -0.784 -0.763 -0.0 -0.646 -0.001 -0.988 -0.0 -0.066 -0.14 0.974 0.0 0.097 -0.204 0.493 0.0 0.828 -0.266 -0.701 -0.0 -0.694 0.165 -1.0 -0.0 0.018 0.018 0.685 0.0 -0.728 0.032 0.995 -0.0 0.004 0.096 
-0.616 0.028 -0.071 -0.784 -0.763 -0.0 -0.646 -0.002 -0.988 -0.0 -0.066 -0.14 0.974 0.0 0.098 -0.206 0.494 0.0 0.826 -0.273 -0.701 -0.0 -0.694 0.165 -1.0 -0.0 0.018 0.019 0.685 0.0 -0.728 0.032 0.996 0.0 0.004 0.095 
-0.616 0.028 -0.071 -0.784 -0.763 -0.0 -0.646 -0.002 -0.988 0.0 -0.066 -0.141 0.973 0.0 0.098 -0.207 0.495 0.0 0.823 -0.279 -0.701 -0.0 -0.694 0.166 -1.0 -0.0 0.018 0.019 0.685 -0.0 -0.728 0.032 0.995 0.0 0.004 0.096 
-0.616 0.028 -0.071 -0.784 -0.763 -0.0 -0.646 -0.003 -0.988 -0.0 -0.066 -0.141 0.973 0.0 0.099 -0.208 0.495 -0.0 0.821 -0.284 -0.701 -0.0 -0.694 0.166 -1.0 -0.0 0.018 0.019 0.685 0.0 -0.728 0.032 0.995 0.0 0.004 0.096 
-0.616 0.028 -0.071 -0.784 -0.763 0.0 -0.646 -0.003 -0.988 -0.0 -0.066 -0.141 0.973 -0.0 0.099 -0.209 0.496 0.0 0.818 -0.291 -0.701 -0.0 -0.694 0.166 -1.0 -0.0 0.019 0.019 0.685 0.0 -0.728 0.033 0.995 -0.0 0.004 0.095 
-0.616 0.028 -0.071 -0.784 -0.763 -0.0 -0.647 -0.003 -0.988 -0.0 -0.066 -0.142 0.973 0.0 0.099 -0.209 0.497 0.0 0.815 -0.299 -0.701 -0.0 -0.694 0.166 -1.0 -0.0 0.019 0.019 0.685 0.0 -0.728 0.033 0.995 0.0 0.004 0.096 
-0.616 0.028 -0.071 -0.784 -0.763 -0.0 -0.647 -0.003 -0.988 0.0 -0.065 -0.142 0.973 0.0 0.099 -0.21 0.498 0.0 0.811 -0.306 -0.701 -0.0 -0.694 0.166 -1.0 -0.0 0.019 0.019 0.685 0.0 -0.728 0.033 0.995 0.0 0.004 0.095 
-0.616 0.029 -0.071 -0.784 -0.762 -0.0 -0.647 -0.004 -0.988 -0.0 -0.065 -0.143 0.972 0.0 0.099 -0.212 0.499 0.0 0.808 -0.314 -0.701 -0.0 -0.694 0.167 -1.0 -0.0 0.019 0.019 0.685 0.0 -0.728 0.033 0.995 0.0 0.004 0.095 
-0.616 0.029 -0.071 -0.784 -0.762 0.0 -0.647 -0.004 -0.988 0.0 -0.065 -0.143 0.972 0.0 0.099 -0.212 0.5 0.0 0.804 -0.322 -0.701 -0.0 -0.694 0.167 -1.0 0.0 0.019 0.019 0.685 -0.0 -0.728 0.033 0.995 0.0 0.004 0.097 
-0.616 0.029 -0.072 -0.784 -0.762 -0.0 -0.648 -0.004 -0.987 -0.0 -0.065 -0.144 0.971 0.0 0.1 -0.215 0.501 0.0 0.8 -0.329 -0.701 0.0 -0.694 0.167 -1.0 0.0 0.019 0.019 0.685 0.0 -0.728 0.034 0.995 -0.0 0.004 0.096 
-0.616 0.029 -0.072 -0.784 -0.761 0.0 -0.648 -0.004 -0.987 -0.0 -0.065 -0.144 0.972 0.0 0.098 -0.215 0.503 0.0 0.795 -0.339 -0.701 -0.0 -0.694 0.167 -1.0 -0.0 0.019 0.019 0.685 0.0 -0.728 0.034 0.995 0.0 0.005 0.097 
-0.616 0.029 -0.072 -0.784 -0.761 -0.0 -0.649 -0.005 -0.987 -0.0 -0.065 -0.145 0.972 0.0 0.097 -0.216 0.504 0.0 0.791 -0.348 -0.701 0.0 -0.693 0.168 -1.0 -0.0 0.019 0.018 0.685 0.0 -0.728 0.034 0.995 0.0 0.005 0.097 
-0.616 0.029 -0.072 -0.784 -0.761 0.0 -0.649 -0.005 -0.987 -0.0 -0.065 -0.145 0.971 0.0 0.098 -0.217 0.505 0.0 0.786 -0.357 -0.7 -0.0 -0.694 0.168 -1.0 -0.0 0.02 0.018 0.685 0.0 -0.728 0.034 0.995 0.0 0.005 0.096 
-0.616 0.029 -0.072 -0.784 -0.761 -0.0 -0.649 -0.005 -0.987 -0.0 -0.066 -0.145 0.972 -0.0 0.096 -0.216 0.507 0.0 0.779 -0.368 -0.701 -0.0 -0.693 0.168 -1.0 -0.0 0.019 0.019 0.685 -0.0 -0.728 0.034 0.995 0.0 0.005 0.096 
-0.616 0.029 -0.072 -0.784 -0.76 -0.0 -0.649 -0.005 -0.987 0.0 -0.066 -0.146 0.971 0.0 0.097 -0.217 0.509 0.0 0.773 -0.379 -0.701 -0.0 -0.693 0.169 -1.0 -0.0 0.02 0.018 0.685 -0.0 -0.728 0.035 0.995 0.0 0.005 0.096 
-0.617 0.029 -0.072 -0.783 -0.76 -0.0 -0.65 -0.005 -0.987 -0.0 -0.066 -0.147 0.972 0.0 0.096 -0.217 0.51 0.0 0.767 -0.39 -0.701 -0.0 -0.693 0.169 -1.0 -0.0 0.02 0.018 0.685 0.0 -0.728 0.035 0.995 0.0 0.005 0.096 
-0.617 0.029 -0.072 -0.783 -0.76 -0.0 -0.65 -0.005 -0.987 -0.0 -0.067 -0.147 0.972 0.0 0.094 -0.216 0.511 0.0 0.76 -0.401 -0.701 -0.0 -0.693 0.169 -1.0 -0.0 0.02 0.018 0.685 0.0 -0.728 0.036 0.995 -0.0 0.005 0.097 
-0.617 0.029 -0.072 -0.783 -0.759 -0.0 -0.65 -0.006 -0.987 0.0 -0.067 -0.147 0.972 0.0 0.093 -0.216 0.512 0.0 0.754 -0.412 -0.701 -0.0 -0.693 0.169 -1.0 -0.0 0.02 0.018 0.685 0.0 -0.728 0.036 0.995 0.0 0.005 0.095 
-0.617 0.029 -0.073 -0.783 -0.759 -0.0 -0.651 -0.006 -0.987 -0.0 -0.068 -0.148 0.972 0.0 0.092 -0.216 0.514 -0.0 0.747 -0.423 -0.701 -0.0 -0.693 0.169 -1.0 0.0 0.02 0.018 0.685 0.0 -0.728 0.036 0.995 0.0 0.005 0.095 
-0.617 0.029 -0.073 -0.783 -0.759 -0.0 -0.651 -0.006 -0.987 -0.0 -0.068 -0.149 0.972 0.0 0.091 -0.215 0.515 0.0 0.74 -0.433 -0.701 -0.0 -0.693 0.169 -1.0 -0.0 0.02 0.018 0.685 -0.0 -0.728 0.037 0.995 0.0 0.005 0.095 
-0.617 0.03 -0.073 -0.783 -0.758 -0.0 -0.652 -0.006 -0.986 -0.0 -0.069 -0.149 0.972 -0.0 0.089 -0.216 0.516 0.0 0.733 -0.444 -0.701 -0.0 -0.693 0.17 -1.0 -0.0 0.02 0.018 0.684 0.0 -0.728 0.037 0.995 0.0 0.005 0.095 
-0.618 0.03 -0.073 -0.782 -0.758 -0.0 -0.652 -0.006 -0.986 -0.0 -0.069 -0.149 0.973 0.0 0.088 -0.215 0.517 -0.0 0.727 -0.453 -0.701 -0.0 -0.693 0.17 -1.0 0.0 0.02 0.018 0.684 0.0 -0.728 0.038 0.996 0.0 0.005 0.094 
-0.618 0.03 -0.073 -0.782 -0.758 -0.0 -0.653 -0.006 -0.986 -0.0 -0.069 -0.15 0.973 0.0 0.087 -0.215 0.518 0.0 0.719 -0.463 -0.701 -0.0 -0.693 0.17 -1.0 -0.0 0.02 0.018 0.684 -0.0 -0.728 0.038 0.996 0.0 0.005 0.094 
-0.618 0.03 -0.073 -0.782 -0.757 -0.0 -0.653 -0.006 -0.986 0.0 -0.069 -0.15 0.973 0.0 0.086 -0.214 0.519 -0.0 0.711 -0.474 -0.701 -0.0 -0.693 0.17 -1.0 -0.0 0.02 0.018 0.684 0.0 -0.728 0.039 0.996 0.0 0.005 0.094 
-0.618 0.03 -0.073 -0.782 -0.757 -0.0 -0.654 -0.006 -0.986 -0.0 -0.07 -0.15 0.973 0.0 0.084 -0.214 0.519 0.0 0.704 -0.484 -0.701 -0.0 -0.693 0.17 -1.0 -0.0 0.02 0.018 0.684 0.0 -0.728 0.039 0.996 0.0 0.006 0.094 
-0.618 0.03 -0.073 -0.782 -0.756 -0.0 -0.654 -0.006 -0.986 -0.0 -0.07 -0.151 0.974 0.0 0.083 -0.213 0.52 0.0 0.697 -0.494 -0.701 0.0 -0.693 0.17 -1.0 -0.0 0.02 0.018 0.684 0.0 -0.728 0.039 0.996 0.0 0.006 0.094 
-0.618 0.03 -0.073 -0.782 -0.756 -0.0 -0.655 -0.005 -0.986 0.0 -0.07 -0.151 0.974 0.0 0.081 -0.213 0.521 0.0 0.689 -0.504 -0.701 0.0 -0.693 0.171 -1.0 0.0 0.02 0.018 0.684 -0.0 -0.729 0.04 0.996 0.0 0.006 0.094 
-0.619 0.03 -0.073 -0.782 -0.756 -0.0 -0.655 -0.006 -0.986 -0.0 -0.071 -0.152 0.974 0.0 0.082 -0.209 0.522 0.0 0.684 -0.509 -0.701 -0.0 -0.693 0.17 -1.0 -0.0 0.02 0.018 0.684 0.0 -0.729 0.039 0.996 -0.0 0.006 0.094 
-0.619 0.03 -0.073 -0.782 -0.755 -0.0 -0.655 -0.006 -0.986 -0.0 -0.071 -0.153 0.975 0.0 0.08 -0.208 0.521 0.0 0.678 -0.518 -0.701 -0.0 -0.693 0.17 -1.0 -0.0 0.02 0.018 0.684 0.0 -0.729 0.039 0.996 0.0 0.006 0.093 
-0.619 0.03 -0.073 -0.782 -0.755 -0.0 -0.656 -0.006 -0.986 0.0 -0.072 -0.153 0.975 0.0 0.079 -0.207 0.521 0.0 0.67 -0.529 -0.701 -0.0 -0.693 0.17 -1.0 -0.0 0.02 0.018 0.684 -0.0 -0.729 0.039 0.996 0.0 0.007 0.094 
-0.619 0.03 -0.073 -0.782 -0.755 -0.0 -0.656 -0.006 -0.986 -0.0 -0.072 -0.153 0.975 0.0 0.078 -0.206 0.522 -0.0 0.663 -0.537 -0.701 -0.0 -0.693 0.17 -1.0 0.0 0.02 0.018 0.684 -0.0 -0.729 0.04 0.996 -0.0 0.007 0.093 
-0.619 0.029 -0.072 -0.782 -0.754 0.0 -0.656 -0.006 -0.985 0.0 -0.073 -0.153 0.976 0.0 0.076 -0.203 0.52 0.0 0.659 -0.544 -0.701 -0.0 -0.693 0.17 -1.0 -0.0 0.02 0.018 0.683 0.0 -0.729 0.039 0.996 0.0 0.007 0.093 
-0.619 0.029 -0.072 -0.782 -0.754 -0.0 -0.657 -0.006 -0.985 -0.0 -0.073 -0.154 0.977 0.0 0.074 -0.201 0.52 0.0 0.652 -0.552 -0.701 -0.0 -0.693 0.17 -1.0 -0.0 0.02 0.018 0.683 0.0 -0.729 0.039 0.996 0.0 0.007 0.093 
-0.619 0.029 -0.072 -0.782 -0.754 -0.0 -0.657 -0.006 -0.985 0.0 -0.073 -0.154 0.977 0.0 0.072 -0.2 0.52 0.0 0.646 -0.558 -0.701 -0.0 -0.693 0.169 -1.0 -0.0 0.02 0.018 0.683 0.0 -0.729 0.039 0.996 0.0 0.007 0.093 
-0.619 0.029 -0.072 -0.782 -0.754 -0.0 -0.657 -0.006 -0.985 0.0 -0.074 -0.155 0.978 0.0 0.071 -0.199 0.52 0.0 0.642 -0.564 -0.701 -0.0 -0.693 0.169 -1.0 0.0 0.02 0.018 0.683 0.0 -0.729 0.039 0.996 0.0 0.007 0.093 
-0.619 0.029 -0.072 -0.781 -0.754 -0.0 -0.657 -0.006 -0.985 -0.0 -0.074 -0.155 0.978 0.0 0.069 -0.197 0.52 0.0 0.637 -0.569 -0.701 -0.0 -0.693 0.169 -1.0 0.0 0.02 0.018 0.683 0.0 -0.729 0.039 0.996 0.0 0.007 0.093 
-0.619 0.029 -0.072 -0.781 -0.753 -0.0 -0.658 -0.006 -0.985 -0.0 -0.074 -0.155 0.979 0.0 0.067 -0.195 0.52 -0.0 0.632 -0.575 -0.701 0.0 -0.693 0.169 -1.0 -0.0 0.02 0.018 0.683 0.0 -0.729 0.039 0.996 0.0 0.007 0.093 
-0.619 0.029 -0.072 -0.781 -0.753 -0.0 -0.658 -0.006 -0.985 -0.0 -0.074 -0.155 0.979 0.0 0.065 -0.193 0.521 -0.0 0.627 -0.579 -0.701 -0.0 -0.693 0.169 -1.0 -0.0 0.02 0.018 0.683 0.0 -0.729 0.039 0.996 -0.0 0.006 0.093 
-0.619 0.029 -0.072 -0.781 -0.753 0.0 -0.658 -0.006 -0.985 -0.0 -0.074 -0.155 0.979 0.0 0.063 -0.192 0.521 0.0 0.624 -0.583 -0.701 -0.0 -0.693 0.169 -1.0 -0.0 0.02 0.018 0.683 -0.0 -0.729 0.039 0.996 0.0 0.006 0.094 
-0.619 0.029 -0.072 -0.781 -0.752 -0.0 -0.659 -0.005 -0.985 -0.0 -0.075 -0.155 0.98 0.0 0.061 -0.191 0.521 0.0 0.62 -0.586 -0.701 -0.0 -0.693 0.169 -1.0 -0.0 0.02 0.018 0.683 -0.0 -0.729 0.039 0.996 0.0 0.006 0.093 
-0.619 0.029 -0.072 -0.781 -0.753 -0.0 -0.658 -0.006 -0.985 -0.0 -0.076 -0.154 0.98 0.0 0.059 -0.19 0.522 0.0 0.618 -0.588 -0.701 0.0 -0.693 0.169 -1.0 0.0 0.021 0.018 0.683 -0.0 -0.729 0.039 0.996 0.0 0.006 0.093 
-0.62 0.029 -0.072 -0.781 -0.752 -0.0 -0.659 -0.005 -0.985 -0.0 -0.075 -0.156 0.98 0.0 0.057 -0.188 0.522 -0.0 0.616 -0.589 -0.701 -0.0 -0.693 0.169 -1.0 0.0 0.021 0.018 0.683 0.0 -0.729 0.039 0.996 0.0 0.006 0.093 
-0.62 0.029 -0.072 -0.781 -0.752 -0.0 -0.659 -0.005 -0.985 -0.0 -0.075 -0.156 0.981 -0.0 0.055 -0.187 0.523 0.0 0.615 -0.591 -0.701 -0.0 -0.693 0.169 -1.0 -0.0 0.021 0.018 0.683 0.0 -0.729 0.039 0.996 0.0 0.006 0.093 
-0.62 0.029 -0.072 -0.781 -0.752 -0.0 -0.659 -0.005 -0.985 -0.0 -0.076 -0.156 0.981 0.0 0.053 -0.185 0.523 0.0 0.615 -0.591 -0.701 -0.0 -0.693 0.169 -1.0 -0.0 0.021 0.018 0.683 0.0 -0.729 0.039 0.996 0.0 0.006 0.094 
-0.62 0.029 -0.072 -0.781 -0.752 -0.0 -0.659 -0.005 -0.985 -0.0 -0.076 -0.156 0.982 0.0 0.052 -0.182 0.522 0.0 0.616 -0.59 -0.701 -0.0 -0.693 0.168 -1.0 -0.0 0.021 0.018 0.683 -0.0 -0.729 0.039 0.996 0.0 0.006 0.093 
-0.62 0.029 -0.072 -0.781 -0.752 -0.0 -0.659 -0.004 -0.985 -0.0 -0.076 -0.156 0.982 0.0 0.05 -0.181 0.522 -0.0 0.617 -0.588 -0.701 -0.0 -0.693 0.168 -1.0 -0.0 0.021 0.018 0.683 0.0 -0.729 0.039 0.996 0.0 0.006 0.094 
-0.62 0.029 -0.072 -0.781 -0.752 -0.0 -0.659 -0.004 -0.985 -0.0 -0.076 -0.156 0.983 -0.0 0.048 -0.179 0.522 -0.0 0.618 -0.587 -0.701 -0.0 -0.693 0.168 -1.0 0.0 0.021 0.018 0.683 0.0 -0.729 0.039 0.996 -0.0 0.006 0.094 
-0.621 0.029 -0.072 -0.78 -0.752 0.0 -0.659 -0.004 -0.985 -0.0 -0.076 -0.156 0.983 0.0 0.046 -0.178 0.522 0.0 0.62 -0.585 -0.701 -0.0 -0.693 0.167 -1.0 -0.0 0.021 0.018 0.683 0.0 -0.729 0.039 0.996 0.0 0.006 0.094 
-0.621 0.029 -0.071 -0.78 -0.752 -0.0 -0.659 -0.004 -0.985 -0.0 -0.076 -0.156 0.983 0.0 0.044 -0.176 0.522 -0.0 0.623 -0.583 -0.701 -0.0 -0.693 0.167 -1.0 -0.0 0.021 0.018 0.683 -0.0 -0.729 0.039 0.996 0.0 0.006 0.093 
-0.621 0.029 -0.071 -0.78 -0.752 -0.0 -0.659 -0.004 -0.985 0.0 -0.076 -0.156 0.984 0.0 0.042 -0.175 0.522 0.0 0.626 -0.58 -0.701 -0.0 -0.694 0.167 -1.0 -0.0 0.021 0.018 0.683 0.0 -0.729 0.039 0.996 0.0 0.006 0.093 
-0.621 0.029 -0.071 -0.78 -0.752 -0.0 -0.659 -0.004 -0.985 0.0 -0.076 -0.156 0.984 0.0 0.041 -0.174 0.522 0.0 0.628 -0.577 -0.701 -0.0 -0.694 0.167 -1.0 -0.0 0.021 0.018 0.683 0.0 -0.729 0.04 0.996 0.0 0.006 0.093 
-0.622 0.029 -0.071 -0.78 -0.752 -0.0 -0.659 -0.003 -0.985 -0.0 -0.076 -0.155 0.984 0.0 0.039 -0.173 0.522 0.0 0.631 -0.574 -0.701 -0.0 -0.693 0.167 -1.0 -0.0 0.021 0.018 0.683 0.0 -0.729 0.04 0.996 0.0 0.006 0.093 
-0.622 0.029 -0.072 -0.779 -0.752 -0.0 -0.659 -0.003 -0.985 -0.0 -0.076 -0.155 0.984 0.0 0.037 -0.173 0.522 -0.0 0.634 -0.571 -0.701 -0.0 -0.693 0.168 -1.0 -0.0 0.021 0.018 0.683 -0.0 -0.729 0.041 0.996 0.0 0.006 0.093 
-0.622 0.029 -0.071 -0.779 -0.752 -0.0 -0.659 -0.002 -0.985 0.0 -0.076 -0.154 0.984 0.0 0.036 -0.172 0.522 0.0 0.637 -0.567 -0.701 -0.0 -0.693 0.168 -1.0 -0.0 0.021 0.018 0.683 0.0 -0.729 0.041 0.996 0.0 0.006 0.092 
-0.622 0.029 -0.071 -0.779 -0.753 -0.0 -0.658 -0.002 -0.985 -0.0 -0.075 -0.154 0.985 0.0 0.035 -0.171 0.522 0.0 0.642 -0.562 -0.701 -0.0 -0.693 0.168 -1.0 -0.0 0.021 0.018 0.683 0.0 -0.729 0.041 0.996 0.0 0.006 0.092 
-0.623 0.029 -0.071 -0.779 -0.753 -0.0 -0.658 -0.002 -0.985 0.0 -0.075 -0.153 0.985 0.0 0.034 -0.17 0.521 0.0 0.647 -0.557 -0.701 -0.0 -0.693 0.168 -1.0 -0.0 0.021 0.017 0.683 0.0 -0.729 0.042 0.996 0.0 0.007 0.092 
-0.623 0.029 -0.071 -0.779 -0.753 -0.0 -0.658 -0.002 -0.985 -0.0 -0.075 -0.153 0.985 -0.0 0.033 -0.169 0.521 0.0 0.651 -0.552 -0.701 -0.0 -0.693 0.168 -1.0 -0.0 0.02 0.017 0.683 0.0 -0.729 0.042 0.996 0.0 0.007 0.092 
-0.623 0.029 -0.071 -0.778 -0.753 -0.0 -0.658 -0.002 -0.986 0.0 -0.075 -0.152 0.985 0.0 0.032 -0.169 0.52 0.0 0.657 -0.546 -0.701 -0.0 -0.693 0.168 -1.0 0.0 0.02 0.017 0.683 0.0 -0.729 0.042 0.996 0.0 0.007 0.092 
-0.623 0.029 -0.071 -0.778 -0.753 -0.0 -0.657 -0.002 -0.986 -0.0 -0.074 -0.152 0.985 0.0 0.031 -0.167 0.519 0.0 0.662 -0.541 -0.701 -0.0 -0.693 0.168 -1.0 -0.0 0.02 0.017 0.683 0.0 -0.729 0.042 0.996 0.0 0.007 0.091 
-0.623 0.029 -0.071 -0.778 -0.754 -0.0 -0.657 -0.002 -0.986 -0.0 -0.074 -0.151 0.986 -0.0 0.031 -0.167 0.519 0.0 0.666 -0.536 -0.701 -0.0 -0.693 0.168 -1.0 0.0 0.02 0.017 0.683 -0.0 -0.729 0.042 0.996 0.0 0.007 0.092 
-0.624 0.029 -0.071 -0.778 -0.754 -0.0 -0.657 -0.001 -0.986 -0.0 -0.074 -0.151 0.986 0.0 0.03 -0.166 0.519 -0.0 0.672 -0.529 -0.701 -0.0 -0.693 0.168 -1.0 0.0 0.02 0.017 0.683 0.0 -0.729 0.043 0.996 0.0 0.008 0.091 
-0.624 0.029 -0.071 -0.778 -0.754 0.0 -0.656 -0.001 -0.986 0.0 -0.073 -0.15 0.986 0.0 0.03 -0.166 0.518 -0.0 0.677 -0.523 -0.701 -0.0 -0.693 0.168 -1.0 -0.0 0.02 0.017 0.683 0.0 -0.729 0.043 0.996 0.0 0.008 0.091 
-0.624 0.029 -0.071 -0.778 -0.755 -0.0 -0.656 -0.001 -0.986 -0.0 -0.073 -0.15 0.986 0.0 0.03 -0.165 0.517 0.0 0.683 -0.515 -0.701 -0.0 -0.693 0.168 -1.0 0.0 0.02 0.016 0.683 0.0 -0.729 0.043 0.996 0.0 0.008 0.091 
-0.624 0.029 -0.071 -0.777 -0.755 -0.0 -0.656 -0.001 -0.986 0.0 -0.072 -0.149 0.986 0.0 0.03 -0.163 0.516 -0.0 0.69 -0.507 -0.701 0.0 -0.693 0.168 -1.0 -0.0 0.019 0.016 0.683 0.0 -0.729 0.043 0.996 0.0 0.008 0.091 
-0.625 0.029 -0.071 -0.777 -0.755 -0.0 -0.655 -0.001 -0.986 0.0 -0.072 -0.148 0.986 0.0 0.029 -0.165 0.516 0.0 0.694 -0.502 -0.701 0.0 -0.693 0.169 -1.0 -0.0 0.02 0.016 0.683 0.0 -0.729 0.044 0.996 0.0 0.008 0.091 
-0.625 0.029 -0.071 -0.777 -0.756 -0.0 -0.655 -0.001 -0.986 -0.0 -0.072 -0.148 0.986 0.0 0.029 -0.164 0.515 0.0 0.7 -0.495 -0.701 -0.0 -0.693 0.169 -1.0 -0.0 0.019 0.016 0.683 0.0 -0.729 0.044 0.996 0.0 0.008 0.091 
-0.625 0.03 -0.071 -0.777 -0.756 -0.0 -0.655 -0.001 -0.987 -0.0 -0.071 -0.147 0.986 0.0 0.029 -0.164 0.514 0.0 0.706 -0.488 -0.701 -0.0 -0.693 0.169 -1.0 -0.0 0.019 0.016 0.683 0.0 -0.729 0.044 0.996 0.0 0.008 0.091 
-0.625 0.03 -0.072 -0.777 -0.756 -0.0 -0.654 -0.001 -0.987 -0.0 -0.07 -0.146 0.986 0.0 0.029 -0.164 0.513 0.0 0.712 -0.48 -0.701 -0.0 -0.692 0.169 -1.0 -0.0 0.019 0.016 0.683 0.0 -0.729 0.045 0.996 0.0 0.008 0.091 
-0.625 0.03 -0.072 -0.777 -0.756 -0.0 -0.654 -0.001 -0.987 0.0 -0.069 -0.146 0.986 0.0 0.029 -0.164 0.511 0.0 0.718 -0.472 -0.701 -0.0 -0.692 0.169 -1.0 -0.0 0.019 0.016 0.683 0.0 -0.729 0.045 0.996 0.0 0.009 0.09 
-0.625 0.03 -0.072 -0.776 -0.757 0.0 -0.654 -0.001 -0.987 0.0 -0.069 -0.145 0.986 0.0 0.029 -0.164 0.51 0.0 0.724 -0.465 -0.701 -0.0 -0.692 0.169 -1.0 0.0 0.019 0.016 0.683 0.0 -0.729 0.045 0.996 -0.0 0.009 0.09 
-0.625 0.03 -0.072 -0.776 -0.757 -0.0 -0.653 -0.001 -0.987 -0.0 -0.069 -0.144 0.986 0.0 0.029 -0.165 0.509 0.0 0.73 -0.457 -0.701 0.0 -0.692 0.17 -1.0 -0.0 0.019 0.016 0.683 0.0 -0.729 0.046 0.996 0.0 0.009 0.09 
-0.626 0.03 -0.072 -0.776 -0.757 -0.0 -0.653 -0.001 -0.987 0.0 -0.068 -0.144 0.986 0.0 0.029 -0.165 0.508 0.0 0.735 -0.449 -0.701 -0.0 -0.692 0.17 -1.0 -0.0 0.019 0.016 0.683 -0.0 -0.729 0.046 0.996 -0.0 0.009 0.09 
-0.626 0.03 -0.072 -0.776 -0.758 -0.0 -0.653 -0.001 -0.987 0.0 -0.067 -0.143 0.986 0.0 0.03 -0.166 0.506 -0.0 0.74 -0.442 -0.701 -0.0 -0.692 0.17 -1.0 -0.0 0.019 0.016 0.683 0.0 -0.729 0.046 0.996 -0.0 0.009 0.091 
-0.626 0.03 -0.072 -0.776 -0.758 -0.0 -0.652 -0.0 -0.988 -0.0 -0.067 -0.142 0.985 -0.0 0.03 -0.167 0.506 0.0 0.744 -0.437 -0.701 -0.0 -0.692 0.171 -1.0 -0.0 0.019 0.016 0.683 0.0 -0.729 0.047 0.996 0.0 0.009 0.091 
-0.626 0.031 -0.073 -0.776 -0.758 0.0 -0.652 -0.0 -0.988 -0.0 -0.066 -0.142 0.985 0.0 0.03 -0.169 0.504 0.0 0.749 -0.43 -0.701 0.0 -0.692 0.171 -1.0 -0.0 0.019 0.017 0.683 -0.0 -0.729 0.047 0.996 0.0 0.01 0.091 
-0.626 0.031 -0.073 -0.776 -0.758 -0.0 -0.652 -0.0 -0.988 -0.0 -0.065 -0.141 0.985 -0.0 0.031 -0.169 0.503 -0.0 0.754 -0.423 -0.701 -0.0 -0.692 0.171 -1.0 -0.0 0.019 0.017 0.683 0.0 -0.729 0.048 0.996 0.0 0.01 0.091 
-0.626 0.031 -0.073 -0.776 -0.759 0.0 -0.651 -0.0 -0.988 -0.0 -0.065 -0.14 0.985 0.0 0.032 -0.17 0.502 0.0 0.759 -0.415 -0.701 0.0 -0.692 0.172 -1.0 -0.0 0.02 0.017 0.683 0.0 -0.729 0.048 0.996 0.0 0.01 0.091 
-0.626 0.031 -0.073 -0.776 -0.759 0.0 -0.651 -0.0 -0.988 -0.0 -0.065 -0.14 0.985 0.0 0.033 -0.171 0.501 0.0 0.764 -0.407 -0.701 -0.0 -0.692 0.172 -1.0 -0.0 0.019 0.017 0.683 0.0 -0.729 0.048 0.996 0.0 0.01 0.091 
-0.626 0.031 -0.073 -0.776 -0.759 -0.0 -0.651 -0.0 -0.988 -0.0 -0.064 -0.14 0.985 0.0 0.033 -0.172 0.499 0.0 0.769 -0.4 -0.701 -0.0 -0.692 0.172 -1.0 -0.0 0.02 0.017 0.683 -0.0 -0.729 0.048 0.996 0.0 0.01 0.091 
-0.626 0.031 -0.073 -0.776 -0.76 -0.0 -0.65 -0.0 -0.988 -0.0 -0.064 -0.139 0.984 -0.0 0.034 -0.172 0.498 0.0 0.773 -0.393 -0.701 -0.0 -0.692 0.172 -1.0 0.0 0.02 0.017 0.683 0.0 -0.729 0.048 0.996 0.0 0.01 0.092 
-0.626 0.031 -0.073 -0.776 -0.76 0.0 -0.65 -0.0 -0.988 -0.0 -0.063 -0.139 0.984 0.0 0.035 -0.173 0.496 0.0 0.778 -0.386 -0.701 -0.0 -0.692 0.173 -1.0 0.0 0.02 0.017 0.683 0.0 -0.729 0.049 0.996 0.0 0.009 0.092 
-0.626 0.031 -0.074 -0.776 -0.76 0.0 -0.65 -0.0 -0.988 -0.0 -0.063 -0.139 0.984 0.0 0.036 -0.174 0.495 -0.0 0.782 -0.379 -0.701 -0.0 -0.692 0.173 -1.0 -0.0 0.02 0.017 0.683 -0.0 -0.729 0.049 0.996 0.0 0.009 0.092 
-0.625 0.031 -0.074 -0.776 -0.76 -0.0 -0.649 -0.0 -0.988 -0.0 -0.065 -0.139 0.984 0.0 0.037 -0.176 0.494 -0.0 0.786 -0.371 -0.701 -0.0 -0.691 0.173 -1.0 -0.0 0.02 0.017 0.683 -0.0 -0.729 0.049 0.996 0.0 0.009 0.092 
-0.625 0.032 -0.074 -0.776 -0.761 -0.0 -0.649 -0.0 -0.988 -0.0 -0.065 -0.139 0.983 0.0 0.037 -0.177 0.493 0.0 0.79 -0.364 -0.701 0.0 -0.691 0.174 -1.0 -0.0 0.02 0.017 0.683 0.0 -0.729 0.049 0.996 0.0 0.009 0.092 
-0.625 0.032 -0.074 -0.777 -0.761 -0.0 -0.649 0.0 -0.989 0.0 -0.061 -0.138 0.983 -0.0 0.038 -0.179 0.492 0.0 0.794 -0.358 -0.701 -0.0 -0.691 0.175 -1.0 -0.0 0.02 0.017 0.683 0.0 -0.729 0.05 0.996 0.0 0.009 0.092 
-0.625 0.032 -0.074 -0.777 -0.761 -0.0 -0.649 -0.0 -0.989 -0.0 -0.061 -0.137 0.983 0.0 0.039 -0.181 0.491 0.0 0.797 -0.352 -0.701 -0.0 -0.691 0.175 -1.0 -0.0 0.02 0.017 0.683 0.0 -0.729 0.05 0.996 0.0 0.009 0.092 
-0.624 0.032 -0.075 -0.777 -0.762 -0.0 -0.648 0.0 -0.988 -0.0 -0.064 -0.138 0.982 0.0 0.04 -0.183 0.49 0.0 0.8 -0.346 -0.701 -0.0 -0.691 0.176 -1.0 -0.0 0.02 0.017 0.683 0.0 -0.729 0.051 0.996 -0.0 0.009 0.092 
-0.624 0.032 -0.075 -0.777 -0.762 -0.0 -0.648 0.0 -0.988 -0.0 -0.064 -0.138 0.982 0.0 0.041 -0.185 0.489 0.0 0.803 -0.341 -0.701 -0.0 -0.691 0.176 -1.0 -0.0 0.02 0.017 0.683 0.0 -0.729 0.051 0.996 0.0 0.009 0.092 
-0.624 0.032 -0.075 -0.777 -0.762 -0.0 -0.648 0.001 -0.988 -0.0 -0.064 -0.138 0.982 0.0 0.042 -0.187 0.487 0.0 0.806 -0.336 -0.701 -0.0 -0.691 0.177 -1.0 -0.0 0.02 0.017 0.683 0.0 -0.729 0.051 0.996 0.0 0.009 0.092 
-0.624 0.032 -0.075 -0.777 -0.762 -0.0 -0.647 0.001 -0.988 0.0 -0.064 -0.138 0.981 0.0 0.043 -0.189 0.486 -0.0 0.809 -0.331 -0.701 -0.0 -0.69 0.177 -1.0 -0.0 0.02 0.017 0.683 0.0 -0.729 0.052 0.996 -0.0 0.008 0.092 
-0.624 0.032 -0.075 -0.777 -0.762 -0.0 -0.647 0.001 -0.988 -0.0 -0.064 -0.138 0.981 0.0 0.044 -0.19 0.485 0.0 0.811 -0.329 -0.701 -0.0 -0.69 0.178 -1.0 -0.0 0.021 0.017 0.683 -0.0 -0.729 0.052 0.996 0.0 0.008 0.092 
-0.623 0.032 -0.076 -0.778 -0.763 -0.0 -0.647 0.001 -0.988 0.0 -0.064 -0.138 0.98 0.0 0.045 -0.192 0.484 0.0 0.813 -0.324 -0.701 -0.0 -0.69 0.178 -1.0 -0.0 0.021 0.016 0.683 0.0 -0.729 0.052 0.996 0.0 0.008 0.092 
-0.623 0.032 -0.076 -0.778 -0.763 -0.0 -0.647 0.001 -0.988 -0.0 -0.064 -0.138 0.98 0.0 0.046 -0.195 0.483 0.0 0.815 -0.32 -0.701 0.0 -0.69 0.179 -1.0 0.0 0.021 0.017 0.683 -0.0 -0.729 0.053 0.996 0.0 0.008 0.092 
-0.623 0.032 -0.076 -0.778 -0.763 -0.0 -0.646 0.001 -0.988 -0.0 -0.064 -0.138 0.979 0.0 0.047 -0.197 0.481 -0.0 0.817 -0.317 -0.701 -0.0 -0.69 0.179 -1.0 -0.0 0.021 0.016 0.683 0.0 -0.728 0.053 0.996 0.0 0.008 0.092 
-0.623 0.032 -0.076 -0.778 -0.763 -0.0 -0.646 0.001 -0.988 -0.0 -0.065 -0.138 0.979 -0.0 0.049 -0.198 0.48 0.0 0.818 -0.316 -0.701 -0.0 -0.69 0.179 -1.0 -0.0 0.021 0.016 0.683 0.0 -0.728 0.053 0.996 0.0 0.008 0.092 
-0.622 0.032 -0.076 -0.778 -0.763 -0.0 -0.646 0.001 -0.988 -0.0 -0.065 -0.138 0.979 0.0 0.05 -0.199 0.479 -0.0 0.819 -0.316 -0.701 -0.0 -0.69 0.179 -1.0 -0.0 0.021 0.017 0.683 0.0 -0.728 0.053 0.996 0.0 0.008 0.092 
-0.622 0.032 -0.076 -0.778 -0.763 -0.0 -0.646 0.001 -0.988 -0.0 -0.065 -0.138 0.978 0.0 0.052 -0.201 0.478 0.0 0.82 -0.314 -0.701 -0.0 -0.69 0.179 -1.0 -0.0 0.021 0.017 0.683 0.0 -0.728 0.053 0.996 -0.0 0.007 0.092 
-0.622 0.032 -0.076 -0.778 -0.764 -0.0 -0.646 0.0 -0.988 0.0 -0.065 -0.138 0.978 0.0 0.053 -0.202 0.477 -0.0 0.821 -0.315 -0.701 -0.0 -0.69 0.179 -1.0 -0.0 0.021 0.017 0.683 0.0 -0.728 0.053 0.996 0.0 0.007 0.092 
-0.622 0.032 -0.076 -0.779 -0.764 -0.0 -0.646 0.0 -0.988 -0.0 -0.065 -0.138 0.978 0.0 0.055 -0.203 0.476 0.0 0.821 -0.316 -0.701 -0.0 -0.69 0.179 -1.0 -0.0 0.022 0.017 0.683 0.0 -0.728 0.053 0.996 0.0 0.007 0.092 
-0.622 0.032 -0.076 -0.779 -0.764 -0.0 -0.646 -0.0 -0.988 0.0 -0.066 -0.138 0.977 0.0 0.057 -0.204 0.475 0.0 0.821 -0.318 -0.701 -0.0 -0.69 0.179 -1.0 -0.0 0.022 0.017 0.683 0.0 -0.728 0.053 0.996 -0.0 0.007 0.092 
-0.622 0.032 -0.076 -0.779 -0.764 -0.0 -0.645 -0.0 -0.988 0.0 -0.066 -0.139 0.977 0.0 0.059 -0.205 0.474 0.0 0.821 -0.318 -0.701 -0.0 -0.69 0.179 -1.0 -0.0 0.022 0.017 0.683 0.0 -0.728 0.053 0.996 0.0 0.007 0.092 
-0.622 0.032 -0.076 -0.779 -0.764 -0.0 -0.645 -0.0 -0.988 0.0 -0.066 -0.139 0.976 0.0 0.06 -0.208 0.473 0.0 0.821 -0.32 -0.701 -0.0 -0.69 0.18 -1.0 -0.0 0.022 0.017 0.683 -0.0 -0.728 0.053 0.996 0.0 0.007 0.092 
-0.622 0.032 -0.076 -0.779 -0.764 -0.0 -0.645 -0.001 -0.988 -0.0 -0.067 -0.138 0.976 0.0 0.062 -0.209 0.473 0.0 0.821 -0.321 -0.701 -0.0 -0.69 0.179 -1.0 -0.0 0.022 0.017 0.683 0.0 -0.728 0.052 0.996 -0.0 0.007 0.092 
-0.621 0.032 -0.076 -0.779 -0.764 -0.0 -0.646 -0.001 -0.988 -0.0 -0.067 -0.139 0.975 0.0 0.064 -0.214 0.472 0.0 0.821 -0.321 -0.701 -0.0 -0.69 0.179 -1.0 -0.0 0.022 0.017 0.683 0.0 -0.728 0.052 0.996 0.0 0.006 0.093 
-0.621 0.032 -0.076 -0.779 -0.763 -0.0 -0.646 -0.001 -0.988 0.0 -0.067 -0.139 0.975 0.0 0.065 -0.213 0.471 0.0 0.82 -0.325 -0.701 -0.0 -0.69 0.179 -1.0 -0.0 0.022 0.017 0.684 -0.0 -0.728 0.052 0.996 0.0 0.006 0.093 
-0.621 0.032 -0.076 -0.779 -0.763 -0.0 -0.646 -0.001 -0.988 -0.0 -0.067 -0.139 0.974 -0.0 0.067 -0.217 0.471 0.0 0.82 -0.326 -0.701 0.0 -0.69 0.179 -1.0 -0.0 0.022 0.017 0.684 0.0 -0.728 0.051 0.996 0.0 0.006 0.093 
-0.621 0.032 -0.076 -0.779 -0.763 -0.0 -0.646 -0.001 -0.988 0.0 -0.067 -0.14 0.974 0.0 0.068 -0.218 0.471 0.0 0.818 -0.33 -0.701 -0.0 -0.69 0.179 -1.0 -0.0 0.022 0.017 0.684 0.0 -0.728 0.051 0.996 0.0 0.006 0.094 
-0.621 0.032 -0.076 -0.779 -0.763 0.0 -0.646 -0.001 -0.988 -0.0 -0.064 -0.138 0.973 0.0 0.07 -0.218 0.471 0.0 0.817 -0.334 -0.701 0.0 -0.69 0.179 -1.0 -0.0 0.021 0.017 0.684 0.0 -0.728 0.05 0.996 0.0 0.006 0.094 
-0.621 0.032 -0.076 -0.78 -0.763 -0.0 -0.647 -0.002 -0.988 0.0 -0.064 -0.138 0.973 0.0 0.07 -0.219 0.471 0.0 0.814 -0.339 -0.701 -0.0 -0.69 0.179 -1.0 -0.0 0.021 0.018 0.684 0.0 -0.728 0.05 0.996 0.0 0.006 0.094 
-0.621 0.032 -0.076 -0.78 -0.763 0.0 -0.647 -0.002 -0.988 0.0 -0.067 -0.14 0.972 0.0 0.071 -0.222 0.47 -0.0 0.814 -0.342 -0.701 -0.0 -0.69 0.179 -1.0 0.0 0.021 0.018 0.684 0.0 -0.728 0.05 0.996 0.0 0.006 0.094 
-0.621 0.032 -0.076 -0.78 -0.762 -0.0 -0.647 -0.003 -0.988 -0.0 -0.064 -0.138 0.972 -0.0 0.073 -0.223 0.471 0.0 0.811 -0.347 -0.701 0.0 -0.69 0.179 -1.0 -0.0 0.021 0.017 0.684 0.0 -0.728 0.05 0.996 0.0 0.007 0.094 
-0.621 0.032 -0.076 -0.78 -0.762 0.0 -0.648 -0.003 -0.988 -0.0 -0.064 -0.138 0.971 0.0 0.073 -0.228 0.472 0.0 0.808 -0.353 -0.701 -0.0 -0.69 0.179 -1.0 -0.0 0.021 0.018 0.684 -0.0 -0.728 0.05 0.996 0.0 0.007 0.094 
-0.62 0.032 -0.076 -0.78 -0.762 -0.0 -0.648 -0.004 -0.988 -0.0 -0.064 -0.138 0.971 0.0 0.073 -0.226 0.472 0.0 0.807 -0.356 -0.701 -0.0 -0.69 0.179 -1.0 0.0 0.021 0.018 0.684 0.0 -0.728 0.049 0.995 0.0 0.007 0.095 
-0.62 0.032 -0.076 -0.78 -0.762 -0.0 -0.648 -0.004 -0.988 0.0 -0.064 -0.138 0.971 0.0 0.073 -0.228 0.472 0.0 0.805 -0.36 -0.701 0.0 -0.69 0.179 -1.0 -0.0 0.021 0.018 0.683 0.0 -0.728 0.049 0.995 -0.0 0.007 0.095 
-0.62 0.032 -0.076 -0.78 -0.761 -0.0 -0.648 -0.005 -0.988 -0.0 -0.064 -0.138 0.971 0.0 0.075 -0.228 0.474 0.0 0.801 -0.366 -0.701 -0.0 -0.69 0.179 -1.0 -0.0 0.021 0.018 0.683 0.0 -0.729 0.049 0.995 0.0 0.007 0.095 
-0.62 0.032 -0.076 -0.78 -0.761 -0.0 -0.649 -0.005 -0.988 -0.0 -0.064 -0.139 0.971 0.0 0.074 -0.228 0.474 0.0 0.798 -0.372 -0.701 -0.0 -0.69 0.179 -1.0 -0.0 0.02 0.018 0.683 0.0 -0.729 0.048 0.995 0.0 0.007 0.095 
-0.62 0.032 -0.075 -0.78 -0.761 -0.0 -0.649 -0.006 -0.988 -0.0 -0.064 -0.139 0.971 0.0 0.075 -0.228 0.475 0.0 0.795 -0.376 -0.701 -0.0 -0.69 0.179 -1.0 -0.0 0.021 0.018 0.683 0.0 -0.729 0.048 0.995 0.0 0.007 0.095 
-0.62 0.032 -0.075 -0.781 -0.76 -0.0 -0.65 -0.006 -0.988 -0.0 -0.064 -0.139 0.97 0.0 0.076 -0.229 0.476 0.0 0.792 -0.382 -0.701 0.0 -0.69 0.179 -1.0 -0.0 0.02 0.018 0.683 0.0 -0.729 0.048 0.995 0.0 0.007 0.095 
-0.619 0.032 -0.075 -0.781 -0.76 0.0 -0.65 -0.007 -0.988 -0.0 -0.064 -0.14 0.97 0.0 0.076 -0.231 0.478 0.0 0.787 -0.39 -0.701 -0.0 -0.69 0.179 -1.0 -0.0 0.02 0.017 0.683 0.0 -0.729 0.048 0.995 0.0 0.007 0.095 
-0.619 0.031 -0.075 -0.781 -0.759 -0.0 -0.651 -0.007 -0.988 -0.0 -0.064 -0.14 0.97 0.0 0.077 -0.23 0.479 -0.0 0.784 -0.395 -0.701 -0.0 -0.69 0.179 -1.0 -0.0 0.021 0.017 0.683 0.0 -0.729 0.048 0.995 0.0 0.007 0.095 
-0.619 0.031 -0.075 -0.781 -0.759 0.0 -0.651 -0.008 -0.988 0.0 -0.064 -0.14 0.97 0.0 0.076 -0.231 0.48 -0.0 0.778 -0.405 -0.701 -0.0 -0.69 0.179 -1.0 -0.0 0.021 0.017 0.683 0.0 -0.729 0.048 0.996 -0.0 0.007 0.094 
-0.619 0.031 -0.075 -0.781 -0.759 -0.0 -0.651 -0.008 -0.988 -0.0 -0.064 -0.141 0.97 -0.0 0.076 -0.231 0.482 0.0 0.773 -0.412 -0.701 -0.0 -0.691 0.179 -1.0 -0.0 0.021 0.017 0.683 0.0 -0.729 0.048 0.995 0.0 0.007 0.095 
-0.619 0.031 -0.075 -0.781 -0.758 -0.0 -0.652 -0.008 -0.988 -0.0 -0.065 -0.141 0.97 0.0 0.076 -0.232 0.483 0.0 0.769 -0.419 -0.701 -0.0 -0.69 0.179 -1.0 0.0 0.021 0.017 0.683 0.0 -0.729 0.048 0.996 -0.0 0.007 0.094 
-0.619 0.031 -0.075 -0.781 -0.758 -0.0 -0.652 -0.008 -0.988 -0.0 -0.065 -0.142 0.97 0.0 0.076 -0.233 0.485 0.0 0.763 -0.427 -0.701 -0.0 -0.691 0.179 -1.0 -0.0 0.021 0.017 0.683 0.0 -0.729 0.048 0.996 0.0 0.007 0.094 
-0.619 0.031 -0.075 -0.781 -0.758 -0.0 -0.652 -0.009 -0.988 -0.0 -0.066 -0.143 0.97 0.0 0.076 -0.233 0.487 0.0 0.758 -0.435 -0.701 -0.0 -0.691 0.179 -1.0 -0.0 0.021 0.017 0.683 0.0 -0.729 0.048 0.996 0.0 0.007 0.094 
-0.619 0.031 -0.075 -0.781 -0.757 -0.0 -0.653 -0.009 -0.987 -0.0 -0.066 -0.143 0.97 0.0 0.076 -0.233 0.488 -0.0 0.752 -0.442 -0.701 -0.0 -0.691 0.178 -1.0 0.0 0.021 0.017 0.683 0.0 -0.729 0.047 0.996 -0.0 0.007 0.094 
-0.619 0.031 -0.076 -0.781 -0.757 -0.0 -0.653 -0.008 -0.987 -0.0 -0.067 -0.144 0.969 0.0 0.076 -0.235 0.491 0.0 0.745 -0.452 -0.701 -0.0 -0.691 0.179 -1.0 0.0 0.021 0.017 0.683 0.0 -0.729 0.048 0.996 0.0 0.007 0.094 
-0.619 0.031 -0.075 -0.781 -0.757 -0.0 -0.653 -0.009 -0.987 -0.0 -0.067 -0.145 0.969 0.0 0.076 -0.234 0.493 -0.0 0.739 -0.46 -0.701 0.0 -0.691 0.179 -1.0 -0.0 0.022 0.018 0.683 0.0 -0.729 0.048 0.996 0.0 0.008 0.094 
-0.619 0.031 -0.075 -0.782 -0.757 -0.0 -0.654 -0.009 -0.987 -0.0 -0.068 -0.146 0.969 0.0 0.076 -0.233 0.495 0.0 0.733 -0.467 -0.701 -0.0 -0.691 0.178 -1.0 -0.0 0.021 0.017 0.683 0.0 -0.729 0.047 0.996 0.0 0.008 0.094 
-0.619 0.031 -0.075 -0.781 -0.756 -0.0 -0.654 -0.009 -0.987 -0.0 -0.068 -0.147 0.97 0.0 0.076 -0.233 0.496 0.0 0.726 -0.476 -0.701 -0.0 -0.691 0.178 -1.0 0.0 0.021 0.017 0.683 0.0 -0.729 0.047 0.996 0.0 0.008 0.094 
-0.619 0.031 -0.075 -0.782 -0.756 -0.0 -0.655 -0.009 -0.987 -0.0 -0.069 -0.148 0.97 0.0 0.076 -0.232 0.498 -0.0 0.72 -0.484 -0.701 -0.0 -0.691 0.178 -1.0 -0.0 0.021 0.017 0.683 0.0 -0.729 0.047 0.996 0.0 0.008 0.094 
-0.619 0.031 -0.075 -0.782 -0.756 0.0 -0.655 -0.01 -0.986 -0.0 -0.07 -0.149 0.97 0.0 0.075 -0.229 0.498 0.0 0.715 -0.49 -0.701 -0.0 -0.691 0.177 -1.0 -0.0 0.022 0.017 0.683 0.0 -0.729 0.046 0.996 0.0 0.008 0.094 
-0.619 0.03 -0.074 -0.782 -0.755 -0.0 -0.655 -0.01 -0.986 0.0 -0.07 -0.149 0.971 0.0 0.075 -0.228 0.5 0.0 0.708 -0.499 -0.701 -0.0 -0.691 0.177 -1.0 -0.0 0.022 0.018 0.682 0.0 -0.729 0.046 0.996 -0.0 0.008 0.093 
-0.619 0.03 -0.074 -0.782 -0.755 -0.0 -0.656 -0.01 -0.986 -0.0 -0.071 -0.15 0.971 0.0 0.076 -0.226 0.501 -0.0 0.703 -0.505 -0.701 -0.0 -0.691 0.176 -1.0 -0.0 0.022 0.017 0.682 0.0 -0.73 0.045 0.996 -0.0 0.008 0.093 
-0.619 0.03 -0.074 -0.782 -0.755 -0.0 -0.656 -0.01 -0.986 -0.0 -0.072 -0.151 0.971 0.0 0.076 -0.225 0.503 -0.0 0.696 -0.513 -0.701 -0.0 -0.692 0.176 -1.0 -0.0 0.022 0.017 0.682 0.0 -0.73 0.045 0.996 0.0 0.009 0.094 
-0.619 0.03 -0.074 -0.781 -0.754 -0.0 -0.656 -0.01 -0.986 0.0 -0.072 -0.152 0.971 -0.0 0.076 -0.226 0.505 -0.0 0.688 -0.521 -0.701 -0.0 -0.692 0.176 -1.0 -0.0 0.022 0.017 0.682 0.0 -0.73 0.045 0.996 0.0 0.009 0.093 
-0.619 0.03 -0.074 -0.781 -0.754 -0.0 -0.657 -0.01 -0.986 -0.0 -0.073 -0.152 0.972 0.0 0.075 -0.224 0.507 0.0 0.68 -0.529 -0.701 -0.0 -0.692 0.176 -1.0 -0.0 0.022 0.017 0.682 0.0 -0.73 0.045 0.996 0.0 0.009 0.093 
-0.619 0.03 -0.074 -0.781 -0.754 -0.0 -0.657 -0.01 -0.986 -0.0 -0.073 -0.152 0.972 0.0 0.076 -0.224 0.508 0.0 0.674 -0.536 -0.701 -0.0 -0.692 0.175 -1.0 -0.0 0.022 0.017 0.682 0.0 -0.73 0.045 0.996 0.0 0.009 0.093 
-0.619 0.03 -0.074 -0.781 -0.754 -0.0 -0.657 -0.01 -0.986 0.0 -0.074 -0.153 0.972 0.0 0.075 -0.223 0.509 -0.0 0.668 -0.543 -0.701 -0.0 -0.691 0.175 -1.0 -0.0 0.021 0.017 0.682 0.0 -0.73 0.045 0.996 0.0 0.009 0.093 
-0.619 0.03 -0.074 -0.781 -0.753 -0.0 -0.657 -0.01 -0.985 -0.0 -0.074 -0.153 0.972 -0.0 0.075 -0.221 0.511 0.0 0.663 -0.547 -0.701 -0.0 -0.692 0.175 -1.0 -0.0 0.021 0.017 0.682 0.0 -0.73 0.045 0.996 0.0 0.009 0.092 
-0.619 0.03 -0.074 -0.781 -0.753 -0.0 -0.658 -0.011 -0.985 0.0 -0.075 -0.153 0.973 0.0 0.075 -0.22 0.512 0.0 0.657 -0.554 -0.701 -0.0 -0.692 0.174 -1.0 -0.0 0.021 0.017 0.682 0.0 -0.73 0.045 0.996 0.0 0.009 0.092 
-0.619 0.03 -0.074 -0.781 -0.753 -0.0 -0.658 -0.011 -0.985 -0.0 -0.075 -0.154 0.973 0.0 0.076 -0.219 0.512 -0.0 0.651 -0.56 -0.701 -0.0 -0.692 0.174 -1.0 0.0 0.021 0.017 0.682 0.0 -0.73 0.045 0.996 -0.0 0.009 0.092 
-0.619 0.029 -0.073 -0.781 -0.753 0.0 -0.658 -0.011 -0.985 -0.0 -0.075 -0.154 0.973 0.0 0.076 -0.216 0.513 0.0 0.646 -0.565 -0.701 -0.0 -0.692 0.174 -1.0 -0.0 0.021 0.017 0.682 0.0 -0.73 0.045 0.996 -0.0 0.009 0.092 
-0.62 0.03 -0.074 -0.781 -0.752 -0.0 -0.659 -0.011 -0.985 -0.0 -0.076 -0.154 0.973 0.0 0.075 -0.219 0.516 0.0 0.637 -0.573 -0.701 -0.0 -0.692 0.174 -1.0 0.0 0.021 0.017 0.682 0.0 -0.73 0.045 0.996 0.0 0.009 0.092 
-0.62 0.029 -0.073 -0.781 -0.752 -0.0 -0.659 -0.011 -0.985 -0.0 -0.076 -0.154 0.974 0.0 0.075 -0.214 0.515 0.0 0.635 -0.576 -0.701 0.0 -0.692 0.173 -1.0 -0.0 0.021 0.017 0.682 0.0 -0.73 0.044 0.996 0.0 0.009 0.092 
-0.62 0.029 -0.073 -0.781 -0.752 0.0 -0.659 -0.011 -0.985 0.0 -0.076 -0.155 0.974 0.0 0.075 -0.213 0.516 0.0 0.629 -0.581 -0.701 -0.0 -0.692 0.173 -1.0 -0.0 0.021 0.017 0.682 0.0 -0.73 0.045 0.996 0.0 0.009 0.092 
-0.62 0.029 -0.073 -0.781 -0.752 -0.0 -0.66 -0.011 -0.985 -0.0 -0.076 -0.155 0.975 0.0 0.075 -0.211 0.518 -0.0 0.623 -0.586 -0.701 -0.0 -0.692 0.173 -1.0 -0.0 0.021 0.017 0.682 0.0 -0.73 0.044 0.996 0.0 0.009 0.092 
-0.62 0.029 -0.073 -0.781 -0.751 -0.0 -0.66 -0.012 -0.985 -0.0 -0.076 -0.155 0.975 0.0 0.075 -0.209 0.519 0.0 0.619 -0.59 -0.701 -0.0 -0.692 0.173 -1.0 -0.0 0.021 0.017 0.682 0.0 -0.73 0.044 0.996 0.0 0.009 0.091 
-0.62 0.029 -0.073 -0.781 -0.751 0.0 -0.66 -0.012 -0.985 0.0 -0.076 -0.155 0.975 0.0 0.075 -0.208 0.52 0.0 0.614 -0.594 -0.701 0.0 -0.692 0.173 -1.0 0.0 0.021 0.017 0.682 0.0 -0.73 0.044 0.996 -0.0 0.009 0.091 
-0.62 0.029 -0.073 -0.781 -0.751 -0.0 -0.66 -0.011 -0.985 -0.0 -0.076 -0.155 0.976 0.0 0.075 -0.206 0.521 0.0 0.61 -0.597 -0.701 -0.0 -0.692 0.173 -1.0 -0.0 0.021 0.017 0.682 0.0 -0.73 0.044 0.996 -0.0 0.009 0.091 
-0.62 0.029 -0.073 -0.781 -0.751 -0.0 -0.66 -0.012 -0.985 -0.0 -0.076 -0.155 0.976 0.0 0.074 -0.204 0.522 0.0 0.607 -0.599 -0.701 0.0 -0.692 0.173 -1.0 -0.0 0.021 0.017 0.682 0.0 -0.73 0.044 0.996 -0.0 0.009 0.091 
-0.62 0.029 -0.073 -0.781 -0.751 -0.0 -0.661 -0.012 -0.985 -0.0 -0.076 -0.155 0.976 0.0 0.074 -0.203 0.522 0.0 0.605 -0.601 -0.701 -0.0 -0.692 0.173 -1.0 0.0 0.021 0.017 0.682 -0.0 -0.73 0.044 0.996 0.0 0.009 0.091 
-0.62 0.029 -0.072 -0.78 -0.75 -0.0 -0.661 -0.011 -0.985 -0.0 -0.076 -0.155 0.977 0.0 0.073 -0.201 0.523 -0.0 0.604 -0.602 -0.701 -0.0 -0.692 0.172 -1.0 0.0 0.021 0.017 0.682 0.0 -0.73 0.044 0.996 0.0 0.009 0.091 
-0.621 0.029 -0.072 -0.78 -0.75 0.0 -0.661 -0.011 -0.985 -0.0 -0.076 -0.155 0.977 0.0 0.072 -0.199 0.523 0.0 0.603 -0.603 -0.701 -0.0 -0.692 0.172 -1.0 -0.0 0.021 0.017 0.682 0.0 -0.73 0.044 0.996 0.0 0.009 0.091 
-0.621 0.029 -0.072 -0.78 -0.75 -0.0 -0.661 -0.011 -0.985 -0.0 -0.076 -0.155 0.978 0.0 0.072 -0.198 0.524 0.0 0.602 -0.602 -0.701 -0.0 -0.692 0.172 -1.0 -0.0 0.021 0.017 0.682 0.0 -0.73 0.044 0.996 0.0 0.009 0.091 
-0.621 0.029 -0.072 -0.78 -0.75 -0.0 -0.661 -0.011 -0.985 -0.0 -0.076 -0.155 0.978 0.0 0.071 -0.196 0.524 -0.0 0.603 -0.601 -0.701 -0.0 -0.692 0.172 -1.0 -0.0 0.021 0.017 0.682 0.0 -0.73 0.044 0.996 0.0 0.009 0.091 
-0.621 0.029 -0.072 -0.78 -0.75 0.0 -0.661 -0.011 -0.985 0.0 -0.076 -0.155 0.979 0.0 0.071 -0.193 0.523 -0.0 0.605 -0.6 -0.701 -0.0 -0.693 0.171 -1.0 -0.0 0.021 0.017 0.682 -0.0 -0.73 0.043 0.996 0.0 0.009 0.091 
-0.621 0.028 -0.072 -0.78 -0.75 0.0 -0.661 -0.011 -0.985 -0.0 -0.076 -0.154 0.979 0.0 0.07 -0.191 0.524 0.0 0.607 -0.598 -0.701 -0.0 -0.693 0.17 -1.0 -0.0 0.021 0.017 0.682 0.0 -0.73 0.043 0.996 0.0 0.009 0.091 
-0.621 0.028 -0.072 -0.78 -0.75 -0.0 -0.661 -0.011 -0.985 -0.0 -0.076 -0.154 0.98 -0.0 0.069 -0.189 0.524 0.0 0.609 -0.596 -0.701 0.0 -0.693 0.17 -1.0 -0.0 0.021 0.017 0.682 -0.0 -0.73 0.042 0.996 0.0 0.009 0.091 
-0.621 0.028 -0.072 -0.78 -0.75 -0.0 -0.661 -0.011 -0.985 -0.0 -0.076 -0.154 0.98 0.0 0.067 -0.189 0.524 0.0 0.611 -0.593 -0.701 -0.0 -0.693 0.17 -1.0 -0.0 0.021 0.017 0.682 0.0 -0.73 0.042 0.996 0.0 0.009 0.091 
-0.622 0.028 -0.071 -0.78 -0.75 0.0 -0.661 -0.011 -0.985 -0.0 -0.075 -0.153 0.98 -0.0 0.066 -0.186 0.524 0.0 0.614 -0.591 -0.701 -0.0 -0.693 0.169 -1.0 0.0 0.021 0.017 0.682 0.0 -0.73 0.042 0.996 0.0 0.008 0.091 
-0.622 0.028 -0.071 -0.779 -0.75 -0.0 -0.661 -0.011 -0.985 -0.0 -0.075 -0.153 0.981 0.0 0.065 -0.183 0.523 0.0 0.619 -0.586 -0.701 -0.0 -0.693 0.169 -1.0 -0.0 0.021 0.017 0.682 0.0 -0.73 0.042 0.996 0.0 0.008 0.091 
-0.622 0.028 -0.071 -0.779 -0.751 -0.0 -0.661 -0.011 -0.985 -0.0 -0.075 -0.153 0.981 -0.0 0.064 -0.182 0.523 0.0 0.623 -0.581 -0.701 -0.0 -0.693 0.169 -1.0 -0.0 0.02 0.016 0.682 0.0 -0.73 0.042 0.996 -0.0 0.008 0.091 
-0.622 0.028 -0.071 -0.779 -0.751 -0.0 -0.661 -0.011 -0.986 -0.0 -0.075 -0.152 0.981 0.0 0.062 -0.181 0.523 -0.0 0.628 -0.576 -0.701 -0.0 -0.693 0.169 -1.0 -0.0 0.02 0.017 0.682 0.0 -0.73 0.042 0.996 0.0 0.008 0.09 
-0.622 0.028 -0.071 -0.779 -0.751 -0.0 -0.66 -0.01 -0.986 -0.0 -0.074 -0.151 0.982 0.0 0.061 -0.18 0.523 0.0 0.634 -0.57 -0.701 -0.0 -0.693 0.168 -1.0 -0.0 0.02 0.017 0.682 0.0 -0.73 0.041 0.996 0.0 0.008 0.09 
-0.622 0.028 -0.071 -0.779 -0.751 -0.0 -0.66 -0.01 -0.986 -0.0 -0.074 -0.151 0.982 0.0 0.06 -0.179 0.523 0.0 0.64 -0.563 -0.701 0.0 -0.693 0.168 -1.0 -0.0 0.02 0.017 0.682 -0.0 -0.73 0.041 0.996 0.0 0.008 0.09 
-0.622 0.028 -0.071 -0.779 -0.751 -0.0 -0.66 -0.01 -0.986 -0.0 -0.074 -0.15 0.982 -0.0 0.058 -0.178 0.522 0.0 0.647 -0.556 -0.701 -0.0 -0.693 0.168 -1.0 0.0 0.02 0.017 0.682 -0.0 -0.73 0.041 0.996 0.0 0.009 0.09 
-0.622 0.028 -0.071 -0.779 -0.752 -0.0 -0.66 -0.01 -0.986 -0.0 -0.074 -0.15 0.983 0.0 0.057 -0.177 0.522 0.0 0.654 -0.548 -0.701 -0.0 -0.693 0.168 -1.0 -0.0 0.019 0.017 0.682 0.0 -0.73 0.041 0.996 -0.0 0.009 0.09 
-0.622 0.028 -0.071 -0.779 -0.752 -0.0 -0.659 -0.01 -0.986 0.0 -0.074 -0.149 0.983 0.0 0.055 -0.177 0.521 0.0 0.663 -0.538 -0.701 -0.0 -0.693 0.167 -1.0 0.0 0.02 0.017 0.682 -0.0 -0.73 0.041 0.996 -0.0 0.008 0.09 
-0.622 0.028 -0.071 -0.779 -0.752 0.0 -0.659 -0.01 -0.986 -0.0 -0.073 -0.148 0.983 0.0 0.054 -0.176 0.522 0.0 0.669 -0.53 -0.701 -0.0 -0.693 0.167 -1.0 -0.0 0.019 0.017 0.682 0.0 -0.73 0.041 0.996 0.0 0.008 0.09 
-0.622 0.027 -0.07 -0.779 -0.752 -0.0 -0.659 -0.01 -0.986 -0.0 -0.073 -0.148 0.983 0.0 0.053 -0.175 0.519 0.0 0.676 -0.524 -0.701 -0.0 -0.693 0.167 -1.0 -0.0 0.019 0.016 0.682 0.0 -0.73 0.04 0.996 0.0 0.008 0.09 
-0.622 0.027 -0.07 -0.78 -0.752 -0.0 -0.659 -0.01 -0.987 -0.0 -0.072 -0.147 0.983 0.0 0.052 -0.175 0.518 0.0 0.683 -0.515 -0.701 0.0 -0.693 0.167 -1.0 -0.0 0.019 0.017 0.682 0.0 -0.73 0.04 0.996 0.0 0.008 0.09 
-0.622 0.027 -0.07 -0.78 -0.753 -0.0 -0.659 -0.01 -0.987 -0.0 -0.071 -0.146 0.983 0.0 0.051 -0.175 0.518 -0.0 0.69 -0.506 -0.701 -0.0 -0.693 0.167 -1.0 -0.0 0.019 0.017 0.682 0.0 -0.73 0.04 0.996 0.0 0.008 0.09 
-0.622 0.027 -0.07 -0.78 -0.753 -0.0 -0.658 -0.01 -0.987 -0.0 -0.07 -0.145 0.983 -0.0 0.051 -0.175 0.516 0.0 0.697 -0.498 -0.701 -0.0 -0.693 0.167 -1.0 -0.0 0.019 0.017 0.683 0.0 -0.73 0.04 0.996 0.0 0.008 0.09 
-0.622 0.027 -0.07 -0.78 -0.753 -0.0 -0.658 -0.009 -0.987 -0.0 -0.07 -0.145 0.983 0.0 0.05 -0.174 0.516 0.0 0.704 -0.488 -0.701 -0.0 -0.693 0.166 -1.0 0.0 0.019 0.017 0.683 0.0 -0.73 0.039 0.996 -0.0 0.008 0.089 
-0.621 0.027 -0.07 -0.78 -0.753 0.0 -0.658 -0.009 -0.987 -0.0 -0.069 -0.144 0.983 0.0 0.05 -0.175 0.516 0.0 0.711 -0.478 -0.701 0.0 -0.693 0.166 -1.0 -0.0 0.019 0.017 0.683 -0.0 -0.729 0.039 0.996 0.0 0.008 0.089 
-0.621 0.027 -0.07 -0.78 -0.754 -0.0 -0.657 -0.009 -0.987 -0.0 -0.069 -0.143 0.983 0.0 0.05 -0.175 0.515 0.0 0.717 -0.469 -0.701 -0.0 -0.693 0.166 -1.0 -0.0 0.019 0.017 0.683 0.0 -0.729 0.039 0.996 0.0 0.007 0.09 
-0.621 0.027 -0.07 -0.78 -0.754 -0.0 -0.657 -0.008 -0.987 -0.0 -0.068 -0.143 0.983 0.0 0.05 -0.176 0.516 -0.0 0.721 -0.463 -0.701 -0.0 -0.693 0.167 -1.0 0.0 0.019 0.017 0.683 -0.0 -0.729 0.039 0.996 0.0 0.007 0.09 
-0.621 0.027 -0.07 -0.78 -0.754 0.0 -0.657 -0.008 -0.988 -0.0 -0.068 -0.142 0.983 0.0 0.05 -0.178 0.516 0.0 0.726 -0.455 -0.701 0.0 -0.693 0.167 -1.0 -0.0 0.019 0.017 0.683 0.0 -0.729 0.039 0.996 0.0 0.007 0.09 
-0.621 0.027 -0.07 -0.78 -0.754 -0.0 -0.656 -0.008 -0.988 -0.0 -0.067 -0.141 0.983 0.0 0.05 -0.178 0.517 -0.0 0.732 -0.443 -0.701 -0.0 -0.693 0.167 -1.0 0.0 0.019 0.017 0.684 0.0 -0.729 0.038 0.996 0.0 0.006 0.09 
-0.621 0.027 -0.07 -0.78 -0.755 -0.0 -0.656 -0.007 -0.988 0.0 -0.067 -0.14 0.983 0.0 0.05 -0.179 0.516 0.0 0.738 -0.435 -0.701 -0.0 -0.693 0.167 -1.0 -0.0 0.019 0.017 0.684 -0.0 -0.729 0.038 0.996 -0.0 0.006 0.09 
-0.621 0.027 -0.07 -0.78 -0.755 -0.0 -0.655 -0.007 -0.988 -0.0 -0.067 -0.14 0.982 0.0 0.051 -0.18 0.514 0.0 0.743 -0.428 -0.701 -0.0 -0.693 0.166 -1.0 -0.0 0.019 0.017 0.684 0.0 -0.729 0.038 0.996 0.0 0.006 0.09 
-0.621 0.027 -0.07 -0.78 -0.756 -0.0 -0.655 -0.007 -0.988 -0.0 -0.067 -0.139 0.982 0.0 0.053 -0.181 0.514 0.0 0.748 -0.42 -0.701 -0.0 -0.693 0.167 -1.0 -0.0 0.019 0.017 0.684 0.0 -0.729 0.038 0.996 0.0 0.006 0.09 
-0.621 0.027 -0.07 -0.781 -0.756 -0.0 -0.655 -0.007 -0.988 -0.0 -0.066 -0.138 0.982 0.0 0.053 -0.182 0.513 0.0 0.754 -0.411 -0.701 -0.0 -0.694 0.166 -1.0 -0.0 0.02 0.017 0.684 0.0 -0.729 0.038 0.996 0.0 0.006 0.091 
-0.621 0.027 -0.07 -0.781 -0.756 -0.0 -0.654 -0.007 -0.988 -0.0 -0.066 -0.138 0.982 0.0 0.054 -0.182 0.512 0.0 0.758 -0.404 -0.701 -0.0 -0.694 0.166 -1.0 -0.0 0.019 0.017 0.684 0.0 -0.729 0.038 0.996 0.0 0.006 0.091 
-0.621 0.027 -0.07 -0.781 -0.757 -0.0 -0.654 -0.007 -0.988 -0.0 -0.065 -0.137 0.981 0.0 0.056 -0.183 0.511 0.0 0.763 -0.395 -0.701 -0.0 -0.694 0.166 -1.0 0.0 0.019 0.017 0.684 -0.0 -0.729 0.037 0.996 0.0 0.006 0.091 
-0.62 0.027 -0.07 -0.781 -0.757 -0.0 -0.653 -0.007 -0.988 -0.0 -0.065 -0.137 0.981 0.0 0.057 -0.185 0.51 0.0 0.768 -0.388 -0.701 -0.0 -0.694 0.166 -1.0 -0.0 0.019 0.017 0.684 0.0 -0.729 0.037 0.996 0.0 0.006 0.091 
-0.62 0.027 -0.07 -0.781 -0.757 -0.0 -0.653 -0.006 -0.989 -0.0 -0.065 -0.136 0.981 0.0 0.058 -0.186 0.509 0.0 0.771 -0.382 -0.701 -0.0 -0.694 0.167 -1.0 0.0 0.019 0.017 0.684 0.0 -0.729 0.037 0.996 0.0 0.006 0.092 
-0.62 0.027 -0.07 -0.781 -0.758 -0.0 -0.653 -0.006 -0.989 -0.0 -0.064 -0.136 0.981 0.0 0.059 -0.187 0.508 0.0 0.776 -0.376 -0.701 -0.0 -0.694 0.167 -1.0 -0.0 0.019 0.017 0.684 0.0 -0.729 0.037 0.996 0.0 0.006 0.092 
-0.62 0.027 -0.07 -0.781 -0.758 -0.0 -0.652 -0.006 -0.989 -0.0 -0.064 -0.135 0.98 -0.0 0.061 -0.189 0.507 0.0 0.779 -0.368 -0.701 -0.0 -0.694 0.167 -1.0 0.0 0.019 0.017 0.684 0.0 -0.729 0.037 0.996 0.0 0.006 0.091 
-0.62 0.027 -0.07 -0.781 -0.758 -0.0 -0.652 -0.006 -0.989 -0.0 -0.064 -0.135 0.98 0.0 0.062 -0.19 0.506 0.0 0.783 -0.363 -0.701 -0.0 -0.694 0.167 -1.0 0.0 0.019 0.017 0.684 0.0 -0.729 0.037 0.996 -0.0 0.006 0.092 
-0.62 0.027 -0.07 -0.781 -0.759 -0.0 -0.652 -0.006 -0.989 -0.0 -0.064 -0.134 0.979 -0.0 0.063 -0.192 0.505 0.0 0.786 -0.356 -0.701 -0.0 -0.693 0.167 -1.0 -0.0 0.019 0.016 0.683 0.0 -0.729 0.037 0.996 -0.0 0.006 0.092 
-0.62 0.027 -0.07 -0.781 -0.759 -0.0 -0.651 -0.006 -0.989 -0.0 -0.063 -0.134 0.979 -0.0 0.065 -0.193 0.504 -0.0 0.789 -0.352 -0.701 -0.0 -0.693 0.167 -1.0 -0.0 0.019 0.017 0.683 0.0 -0.729 0.037 0.996 0.0 0.006 0.092 
-0.62 0.027 -0.07 -0.781 -0.759 0.0 -0.651 -0.006 -0.989 -0.0 -0.063 -0.134 0.978 0.0 0.067 -0.196 0.503 -0.0 0.792 -0.346 -0.701 -0.0 -0.693 0.168 -1.0 -0.0 0.019 0.016 0.684 0.0 -0.729 0.037 0.996 0.0 0.006 0.092 
-0.619 0.027 -0.07 -0.781 -0.759 -0.0 -0.651 -0.006 -0.989 -0.0 -0.063 -0.133 0.978 0.0 0.068 -0.197 0.502 0.0 0.794 -0.342 -0.701 -0.0 -0.693 0.168 -1.0 -0.0 0.019 0.016 0.683 0.0 -0.729 0.037 0.996 0.0 0.007 0.092 
-0.619 0.027 -0.07 -0.782 -0.76 -0.0 -0.65 -0.006 -0.989 -0.0 -0.062 -0.133 0.977 0.0 0.071 -0.2 0.502 0.0 0.796 -0.338 -0.701 -0.0 -0.693 0.168 -1.0 -0.0 0.019 0.016 0.683 0.0 -0.729 0.037 0.996 0.0 0.007 0.092 
-0.619 0.027 -0.071 -0.782 -0.76 0.0 -0.65 -0.006 -0.989 -0.0 -0.062 -0.133 0.977 0.0 0.071 -0.201 0.5 0.0 0.798 -0.336 -0.701 -0.0 -0.693 0.169 -1.0 -0.0 0.019 0.016 0.683 0.0 -0.729 0.038 0.996 0.0 0.007 0.092 
-0.619 0.028 -0.071 -0.782 -0.76 -0.0 -0.65 -0.006 -0.989 -0.0 -0.062 -0.133 0.976 0.0 0.072 -0.204 0.499 0.0 0.8 -0.334 -0.701 -0.0 -0.693 0.169 -1.0 -0.0 0.019 0.016 0.684 0.0 -0.729 0.037 0.996 0.0 0.006 0.092 
-0.619 0.028 -0.071 -0.782 -0.76 0.0 -0.65 -0.006 -0.989 -0.0 -0.061 -0.133 0.976 0.0 0.074 -0.205 0.499 0.0 0.801 -0.332 -0.701 -0.0 -0.693 0.169 -1.0 -0.0 0.019 0.016 0.684 -0.0 -0.729 0.038 0.996 -0.0 0.007 0.092 
-0.618 0.028 -0.071 -0.782 -0.76 -0.0 -0.65 -0.006 -0.989 0.0 -0.061 -0.133 0.975 0.0 0.076 -0.207 0.498 0.0 0.801 -0.331 -0.701 -0.0 -0.693 0.169 -1.0 0.0 0.019 0.016 0.683 0.0 -0.729 0.037 0.996 -0.0 0.007 0.092 
-0.618 0.028 -0.071 -0.782 -0.76 -0.0 -0.649 -0.006 -0.989 0.0 -0.061 -0.132 0.975 0.0 0.077 -0.208 0.497 0.0 0.802 -0.331 -0.701 -0.0 -0.693 0.17 -1.0 -0.0 0.019 0.016 0.684 0.0 -0.729 0.037 0.996 -0.0 0.006 0.093 
-0.618 0.028 -0.071 -0.782 -0.76 -0.0 -0.649 -0.006 -0.989 -0.0 -0.061 -0.132 0.975 0.0 0.079 -0.209 0.497 0.0 0.801 -0.333 -0.701 0.0 -0.693 0.17 -1.0 0.0 0.019 0.016 0.684 0.0 -0.729 0.037 0.996 0.0 0.006 0.093 
-0.618 0.028 -0.071 -0.783 -0.76 -0.0 -0.649 -0.006 -0.989 -0.0 -0.061 -0.132 0.974 0.0 0.081 -0.212 0.497 0.0 0.801 -0.334 -0.701 -0.0 -0.693 0.17 -1.0 0.0 0.019 0.017 0.684 0.0 -0.729 0.037 0.996 0.0 0.006 0.093 
-0.617 0.028 -0.071 -0.783 -0.761 -0.0 -0.649 -0.006 -0.989 -0.0 -0.06 -0.133 0.974 0.0 0.082 -0.213 0.496 0.0 0.8 -0.338 -0.7 -0.0 -0.693 0.17 -1.0 -0.0 0.019 0.017 0.684 0.0 -0.729 0.037 0.996 0.0 0.006 0.093 
-0.617 0.028 -0.071 -0.783 -0.761 -0.0 -0.649 -0.006 -0.989 -0.0 -0.06 -0.133 0.973 0.0 0.083 -0.215 0.496 -0.0 0.798 -0.342 -0.701 0.0 -0.693 0.171 -1.0 -0.0 0.019 0.016 0.684 0.0 -0.729 0.037 0.996 0.0 0.006 0.093 
-0.617 0.028 -0.071 -0.783 -0.76 -0.0 -0.649 -0.006 -0.989 -0.0 -0.06 -0.133 0.973 0.0 0.085 -0.216 0.496 0.0 0.796 -0.346 -0.7 -0.0 -0.693 0.171 -1.0 -0.0 0.019 0.017 0.684 0.0 -0.729 0.038 0.996 0.0 0.006 0.093 
-0.617 0.028 -0.071 -0.783 -0.76 0.0 -0.649 -0.007 -0.989 -0.0 -0.06 -0.133 0.972 0.0 0.086 -0.217 0.496 0.0 0.794 -0.35 -0.7 -0.0 -0.693 0.171 -1.0 -0.0 0.02 0.017 0.684 -0.0 -0.729 0.038 0.996 0.0 0.006 0.093 
-0.617 0.028 -0.072 -0.783 -0.76 -0.0 -0.65 -0.007 -0.989 -0.0 -0.06 -0.133 0.972 0.0 0.088 -0.219 0.497 -0.0 0.793 -0.354 -0.7 -0.0 -0.693 0.171 -1.0 -0.0 0.02 0.017 0.684 0.0 -0.729 0.038 0.996 -0.0 0.006 0.093 
-0.616 0.028 -0.072 -0.784 -0.76 -0.0 -0.649 -0.007 -0.989 -0.0 -0.06 -0.133 0.972 -0.0 0.087 -0.22 0.496 0.0 0.79 -0.36 -0.7 -0.0 -0.693 0.172 -1.0 -0.0 0.02 0.017 0.684 0.0 -0.729 0.038 0.996 -0.0 0.006 0.093 
-0.616 0.028 -0.072 -0.784 -0.76 -0.0 -0.65 -0.007 -0.989 -0.0 -0.06 -0.134 0.971 0.0 0.089 -0.22 0.497 0.0 0.788 -0.364 -0.7 0.0 -0.693 0.172 -1.0 -0.0 0.02 0.017 0.684 0.0 -0.729 0.038 0.996 -0.0 0.006 0.093 
-0.616 0.028 -0.072 -0.784 -0.76 -0.0 -0.65 -0.007 -0.989 -0.0 -0.06 -0.134 0.971 -0.0 0.089 -0.221 0.497 -0.0 0.785 -0.37 -0.7 -0.0 -0.693 0.172 -1.0 -0.0 0.02 0.017 0.684 0.0 -0.729 0.038 0.996 0.0 0.006 0.093 
-0.616 0.028 -0.072 -0.784 -0.76 -0.0 -0.65 -0.007 -0.989 -0.0 -0.06 -0.134 0.971 0.0 0.09 -0.222 0.498 0.0 0.781 -0.377 -0.7 0.0 -0.693 0.172 -1.0 -0.0 0.02 0.017 0.684 0.0 -0.729 0.038 0.996 0.0 0.006 0.093 
-0.616 0.028 -0.072 -0.784 -0.76 -0.0 -0.65 -0.008 -0.989 -0.0 -0.06 -0.135 0.971 0.0 0.09 -0.222 0.498 0.0 0.778 -0.383 -0.7 -0.0 -0.693 0.172 -1.0 -0.0 0.02 0.017 0.684 0.0 -0.729 0.038 0.996 0.0 0.006 0.093 
-0.616 0.028 -0.072 -0.784 -0.759 -0.0 -0.651 -0.008 -0.989 -0.0 -0.06 -0.135 0.971 0.0 0.091 -0.222 0.499 0.0 0.774 -0.39 -0.7 -0.0 -0.693 0.172 -1.0 -0.0 0.021 0.017 0.684 0.0 -0.729 0.038 0.996 -0.0 0.006 0.093 
-0.616 0.029 -0.073 -0.784 -0.759 -0.0 -0.651 -0.008 -0.989 -0.0 -0.061 -0.136 0.97 0.0 0.089 -0.225 0.499 0.0 0.768 -0.401 -0.7 -0.0 -0.693 0.173 -1.0 -0.0 0.021 0.017 0.684 0.0 -0.729 0.039 0.996 0.0 0.006 0.093 
-0.615 0.029 -0.073 -0.784 -0.759 -0.0 -0.651 -0.008 -0.989 -0.0 -0.061 -0.136 0.97 0.0 0.089 -0.225 0.5 0.0 0.763 -0.41 -0.7 -0.0 -0.693 0.173 -1.0 -0.0 0.021 0.017 0.684 -0.0 -0.729 0.039 0.996 -0.0 0.006 0.093 
-0.615 0.029 -0.073 -0.784 -0.759 0.0 -0.651 -0.008 -0.989 -0.0 -0.061 -0.137 0.97 -0.0 0.09 -0.225 0.502 0.0 0.757 -0.418 -0.7 -0.0 -0.693 0.174 -1.0 -0.0 0.021 0.017 0.684 0.0 -0.729 0.04 0.996 -0.0 0.006 0.093 
-0.615 0.029 -0.073 -0.784 -0.758 -0.0 -0.652 -0.008 -0.989 -0.0 -0.061 -0.138 0.97 -0.0 0.09 -0.225 0.503 0.0 0.752 -0.426 -0.7 -0.0 -0.693 0.174 -1.0 -0.0 0.021 0.017 0.684 0.0 -0.729 0.04 0.996 0.0 0.006 0.093 
-0.615 0.029 -0.073 -0.784 -0.758 0.0 -0.652 -0.008 -0.988 0.0 -0.062 -0.139 0.97 0.0 0.09 -0.225 0.504 0.0 0.746 -0.435 -0.7 -0.0 -0.693 0.174 -1.0 -0.0 0.021 0.017 0.684 0.0 -0.729 0.04 0.996 0.0 0.006 0.093 
-0.615 0.029 -0.073 -0.784 -0.757 -0.0 -0.653 -0.008 -0.988 -0.0 -0.062 -0.139 0.97 -0.0 0.09 -0.225 0.505 0.0 0.741 -0.443 -0.7 -0.0 -0.692 0.174 -1.0 -0.0 0.021 0.017 0.684 0.0 -0.729 0.04 0.996 0.0 0.006 0.093 
-0.615 0.029 -0.073 -0.784 -0.757 -0.0 -0.653 -0.008 -0.988 0.0 -0.062 -0.14 0.97 0.0 0.089 -0.225 0.507 0.0 0.735 -0.451 -0.7 0.0 -0.692 0.174 -1.0 -0.0 0.021 0.017 0.683 0.0 -0.729 0.04 0.996 0.0 0.006 0.093 
-0.615 0.029 -0.073 -0.784 -0.757 -0.0 -0.654 -0.008 -0.988 0.0 -0.062 -0.141 0.97 -0.0 0.089 -0.225 0.508 0.0 0.73 -0.458 -0.7 -0.0 -0.692 0.174 -1.0 0.0 0.02 0.017 0.683 0.0 -0.729 0.04 0.996 0.0 0.006 0.093 
-0.615 0.029 -0.073 -0.784 -0.756 -0.0 -0.654 -0.009 -0.988 -0.0 -0.063 -0.142 0.971 0.0 0.088 -0.224 0.509 0.0 0.724 -0.466 -0.7 -0.0 -0.692 0.174 -1.0 0.0 0.021 0.017 0.683 0.0 -0.729 0.04 0.996 0.0 0.006 0.093 
-0.615 0.029 -0.073 -0.784 -0.756 -0.0 -0.655 -0.009 -0.988 -0.0 -0.063 -0.142 0.971 0.0 0.088 -0.224 0.51 0.0 0.719 -0.472 -0.7 -0.0 -0.692 0.174 -1.0 -0.0 0.02 0.017 0.683 0.0 -0.729 0.04 0.996 0.0 0.006 0.093 
-0.615 0.029 -0.073 -0.784 -0.755 -0.0 -0.655 -0.009 -0.988 -0.0 -0.063 -0.142 0.971 0.0 0.087 -0.223 0.512 0.0 0.713 -0.478 -0.7 0.0 -0.692 0.174 -1.0 0.0 0.02 0.017 0.683 -0.0 -0.729 0.04 0.996 0.0 0.006 0.093 
-0.615 0.029 -0.073 -0.784 -0.755 -0.0 -0.656 -0.01 -0.988 -0.0 -0.064 -0.143 0.971 0.0 0.087 -0.222 0.513 0.0 0.709 -0.484 -0.7 -0.0 -0.692 0.174 -1.0 -0.0 0.02 0.017 0.683 0.0 -0.729 0.04 0.996 -0.0 0.006 0.093 
-0.615 0.029 -0.073 -0.784 -0.755 0.0 -0.656 -0.009 -0.987 0.0 -0.064 -0.144 0.971 -0.0 0.085 -0.222 0.515 0.0 0.704 -0.49 -0.7 0.0 -0.692 0.174 -1.0 -0.0 0.02 0.017 0.683 0.0 -0.729 0.04 0.996 0.0 0.006 0.093 
-0.615 0.028 -0.073 -0.784 -0.754 -0.0 -0.657 -0.011 -0.987 -0.0 -0.065 -0.145 0.972 0.0 0.087 -0.219 0.516 0.0 0.701 -0.492 -0.7 0.0 -0.692 0.173 -1.0 -0.0 0.02 0.017 0.683 0.0 -0.729 0.039 0.996 0.0 0.006 0.093 
-0.615 0.028 -0.073 -0.784 -0.754 -0.0 -0.657 -0.01 -0.987 -0.0 -0.065 -0.146 0.972 0.0 0.086 -0.219 0.517 0.0 0.697 -0.497 -0.7 0.0 -0.692 0.173 -1.0 -0.0 0.02 0.017 0.683 0.0 -0.729 0.039 0.996 0.0 0.006 0.093 
-0.615 0.028 -0.073 -0.784 -0.754 -0.0 -0.657 -0.011 -0.987 -0.0 -0.066 -0.147 0.972 0.0 0.084 -0.217 0.518 0.0 0.692 -0.503 -0.701 -0.0 -0.692 0.173 -1.0 -0.0 0.02 0.017 0.683 0.0 -0.729 0.039 0.996 0.0 0.006 0.093 
-0.615 0.028 -0.073 -0.784 -0.753 -0.0 -0.658 -0.011 -0.987 -0.0 -0.066 -0.147 0.973 0.0 0.083 -0.217 0.519 0.0 0.687 -0.51 -0.701 -0.0 -0.692 0.173 -1.0 0.0 0.02 0.017 0.683 0.0 -0.729 0.039 0.996 0.0 0.006 0.093 
-0.616 0.028 -0.073 -0.784 -0.753 -0.0 -0.658 -0.011 -0.987 -0.0 -0.067 -0.148 0.973 -0.0 0.082 -0.216 0.519 0.0 0.681 -0.516 -0.701 -0.0 -0.692 0.173 -1.0 -0.0 0.02 0.017 0.683 0.0 -0.729 0.039 0.996 0.0 0.006 0.092 
-0.616 0.028 -0.073 -0.784 -0.752 0.0 -0.659 -0.011 -0.987 -0.0 -0.067 -0.148 0.973 0.0 0.081 -0.215 0.52 0.0 0.676 -0.522 -0.701 -0.0 -0.692 0.173 -1.0 -0.0 0.02 0.017 0.683 0.0 -0.729 0.039 0.996 -0.0 0.006 0.093 
-0.616 0.028 -0.072 -0.784 -0.752 -0.0 -0.659 -0.012 -0.987 -0.0 -0.068 -0.149 0.974 0.0 0.08 -0.212 0.519 0.0 0.673 -0.528 -0.701 -0.0 -0.693 0.172 -1.0 -0.0 0.021 0.017 0.683 0.0 -0.729 0.038 0.996 0.0 0.006 0.092 
-0.616 0.028 -0.073 -0.784 -0.751 -0.0 -0.66 -0.012 -0.986 -0.0 -0.068 -0.15 0.974 0.0 0.079 -0.211 0.519 0.0 0.668 -0.533 -0.701 -0.0 -0.692 0.172 -1.0 -0.0 0.021 0.017 0.683 0.0 -0.729 0.039 0.996 0.0 0.006 0.092 
-0.616 0.028 -0.072 -0.784 -0.751 -0.0 -0.66 -0.012 -0.986 -0.0 -0.068 -0.15 0.975 0.0 0.078 -0.21 0.52 0.0 0.662 -0.539 -0.701 -0.0 -0.692 0.172 -1.0 -0.0 0.021 0.016 0.683 0.0 -0.729 0.039 0.996 0.0 0.006 0.092 
-0.616 0.028 -0.073 -0.784 -0.75 0.0 -0.661 -0.011 -0.986 0.0 -0.069 -0.151 0.974 0.0 0.077 -0.212 0.522 0.0 0.656 -0.545 -0.701 -0.0 -0.692 0.173 -1.0 -0.0 0.02 0.016 0.683 0.0 -0.729 0.039 0.996 -0.0 0.006 0.092 
-0.616 0.028 -0.072 -0.784 -0.75 -0.0 -0.661 -0.012 -0.986 -0.0 -0.069 -0.151 0.975 0.0 0.076 -0.209 0.52 0.0 0.654 -0.549 -0.701 -0.0 -0.693 0.172 -1.0 -0.0 0.021 0.016 0.683 -0.0 -0.729 0.038 0.996 -0.0 0.005 0.092 
-0.616 0.028 -0.072 -0.784 -0.75 -0.0 -0.662 -0.011 -0.986 -0.0 -0.07 -0.152 0.975 0.0 0.076 -0.208 0.521 -0.0 0.65 -0.554 -0.701 -0.0 -0.692 0.172 -1.0 -0.0 0.02 0.016 0.683 0.0 -0.729 0.038 0.996 0.0 0.005 0.092 
-0.616 0.028 -0.072 -0.784 -0.749 0.0 -0.662 -0.011 -0.986 -0.0 -0.07 -0.152 0.975 0.0 0.074 -0.207 0.521 0.0 0.647 -0.557 -0.701 -0.0 -0.693 0.172 -1.0 -0.0 0.02 0.016 0.683 -0.0 -0.729 0.038 0.996 0.0 0.005 0.092 
-0.616 0.028 -0.072 -0.784 -0.749 -0.0 -0.663 -0.011 -0.986 -0.0 -0.071 -0.153 0.976 0.0 0.073 -0.206 0.521 0.0 0.644 -0.561 -0.701 0.0 -0.692 0.172 -1.0 -0.0 0.02 0.016 0.683 0.0 -0.729 0.038 0.996 0.0 0.005 0.092 
