# T   LUA LFA RUA RFA LT  LS  RT  RS  
-0.616 0.028 -0.072 -0.784 -0.749 0.0 -0.662 -0.011 -0.986 -0.0 -0.07 -0.152 0.975 0.0 0.074 -0.207 0.521 0.0 0.647 -0.557 -0.701 -0.0 -0.693 0.172 -1.0 -0.0 0.02 0.016 0.683 -0.0 -0.729 0.038 0.996 0.0 0.005 0.092 
-0.616 0.028 -0.072 -0.784 -0.749 -0.0 -0.663 -0.011 -0.986 -0.0 -0.071 -0.153 0.976 0.0 0.073 -0.206 0.521 0.0 0.644 -0.561 -0.701 0.0 -0.692 0.172 -1.0 -0.0 0.02 0.016 0.683 0.0 -0.729 0.038 0.996 0.0 0.005 0.092 
-0.616 0.028 -0.072 -0.784 -0.749 0.0 -0.663 -0.011 -0.986 -0.0 -0.071 -0.153 0.976 0.0 0.073 -0.205 0.521 0.0 0.642 -0.563 -0.701 -0.0 -0.693 0.172 -1.0 -0.0 0.02 0.016 0.683 0.0 -0.729 0.038 0.996 0.0 0.006 0.092 
-0.616 0.028 -0.072 -0.784 -0.748 -0.0 -0.663 -0.011 -0.986 -0.0 -0.072 -0.153 0.976 -0.0 0.072 -0.204 0.521 -0.0 0.64 -0.565 -0.701 -0.0 -0.693 0.171 -1.0 -0.0 0.02 0.016 0.683 0.0 -0.729 0.038 0.996 0.0 0.006 0.092 
-0.616 0.028 -0.072 -0.784 -0.748 -0.0 -0.664 -0.011 -0.986 -0.0 -0.072 -0.154 0.977 -0.0 0.071 -0.203 0.52 0.0 0.64 -0.566 -0.701 0.0 -0.693 0.171 -1.0 -0.0 0.02 0.016 0.683 0.0 -0.729 0.038 0.996 -0.0 0.006 0.092 
-0.616 0.028 -0.072 -0.784 -0.748 0.0 -0.664 -0.01 -0.985 0.0 -0.072 -0.154 0.977 0.0 0.07 -0.203 0.52 0.0 0.639 -0.567 -0.701 -0.0 -0.693 0.171 -1.0 -0.0 0.02 0.016 0.683 0.0 -0.729 0.038 0.996 0.0 0.006 0.092 
-0.616 0.028 -0.072 -0.784 -0.747 -0.0 -0.664 -0.01 -0.985 -0.0 -0.072 -0.154 0.977 0.0 0.068 -0.202 0.519 0.0 0.639 -0.567 -0.701 -0.0 -0.693 0.171 -1.0 -0.0 0.02 0.016 0.683 0.0 -0.729 0.038 0.996 -0.0 0.006 0.092 
-0.616 0.028 -0.072 -0.784 -0.747 -0.0 -0.664 -0.01 -0.985 -0.0 -0.073 -0.154 0.977 0.0 0.067 -0.201 0.518 -0.0 0.64 -0.567 -0.701 0.0 -0.693 0.171 -1.0 -0.0 0.02 0.016 0.683 0.0 -0.73 0.038 0.996 0.0 0.006 0.091 
-0.616 0.028 -0.072 -0.784 -0.747 0.0 -0.665 -0.01 -0.985 0.0 -0.073 -0.154 0.978 0.0 0.066 -0.2 0.519 0.0 0.64 -0.567 -0.701 -0.0 -0.693 0.17 -1.0 0.0 0.02 0.016 0.683 0.0 -0.73 0.038 0.996 0.0 0.006 0.092 
-0.616 0.027 -0.072 -0.784 -0.747 -0.0 -0.664 -0.01 -0.985 -0.0 -0.074 -0.153 0.978 -0.0 0.065 -0.199 0.518 0.0 0.642 -0.565 -0.701 -0.0 -0.693 0.17 -1.0 -0.0 0.02 0.016 0.683 0.0 -0.73 0.038 0.996 0.0 0.006 0.091 
-0.616 0.027 -0.072 -0.784 -0.747 -0.0 -0.665 -0.009 -0.985 -0.0 -0.073 -0.154 0.978 0.0 0.064 -0.199 0.518 0.0 0.643 -0.564 -0.701 0.0 -0.693 0.17 -1.0 -0.0 0.02 0.016 0.683 -0.0 -0.73 0.037 0.996 0.0 0.006 0.091 
-0.616 0.027 -0.072 -0.784 -0.747 0.0 -0.665 -0.009 -0.985 0.0 -0.074 -0.154 0.978 0.0 0.063 -0.198 0.518 0.0 0.645 -0.562 -0.701 -0.0 -0.693 0.17 -1.0 -0.0 0.02 0.016 0.683 0.0 -0.73 0.037 0.996 0.0 0.006 0.091 
-0.616 0.027 -0.072 -0.784 -0.747 -0.0 -0.665 -0.009 -0.985 -0.0 -0.074 -0.154 0.978 0.0 0.062 -0.198 0.518 0.0 0.647 -0.559 -0.701 -0.0 -0.693 0.17 -1.0 0.0 0.02 0.016 0.683 0.0 -0.73 0.037 0.996 0.0 0.006 0.091 
-0.616 0.027 -0.071 -0.784 -0.747 -0.0 -0.665 -0.008 -0.985 -0.0 -0.074 -0.154 0.978 0.0 0.061 -0.198 0.517 0.0 0.65 -0.557 -0.701 -0.0 -0.693 0.17 -1.0 -0.0 0.02 0.016 0.683 0.0 -0.73 0.037 0.996 -0.0 0.006 0.091 
-0.616 0.027 -0.071 -0.784 -0.747 -0.0 -0.665 -0.008 -0.985 -0.0 -0.074 -0.154 0.979 0.0 0.06 -0.197 0.517 0.0 0.653 -0.553 -0.701 -0.0 -0.693 0.169 -1.0 -0.0 0.02 0.016 0.683 0.0 -0.73 0.037 0.996 0.0 0.006 0.091 
-0.616 0.027 -0.071 -0.784 -0.747 -0.0 -0.665 -0.009 -0.985 -0.0 -0.075 -0.153 0.979 -0.0 0.059 -0.196 0.516 0.0 0.657 -0.55 -0.701 0.0 -0.693 0.17 -1.0 -0.0 0.02 0.016 0.683 0.0 -0.73 0.037 0.996 0.0 0.006 0.091 
-0.616 0.027 -0.071 -0.784 -0.747 -0.0 -0.665 -0.008 -0.985 -0.0 -0.074 -0.154 0.979 0.0 0.058 -0.195 0.515 0.0 0.661 -0.545 -0.701 -0.0 -0.693 0.169 -1.0 -0.0 0.02 0.016 0.683 0.0 -0.73 0.037 0.996 0.0 0.006 0.091 
-0.616 0.027 -0.071 -0.784 -0.747 -0.0 -0.665 -0.007 -0.985 -0.0 -0.074 -0.154 0.979 0.0 0.057 -0.195 0.515 0.0 0.665 -0.541 -0.701 -0.0 -0.693 0.169 -1.0 -0.0 0.02 0.016 0.683 -0.0 -0.73 0.037 0.996 0.0 0.006 0.091 
-0.616 0.027 -0.071 -0.784 -0.747 -0.0 -0.665 -0.007 -0.985 -0.0 -0.074 -0.154 0.979 0.0 0.056 -0.194 0.514 0.0 0.669 -0.537 -0.701 -0.0 -0.693 0.169 -1.0 -0.0 0.02 0.016 0.683 0.0 -0.73 0.037 0.996 0.0 0.006 0.091 
-0.616 0.027 -0.071 -0.784 -0.747 -0.0 -0.665 -0.007 -0.985 -0.0 -0.074 -0.153 0.979 0.0 0.054 -0.195 0.513 0.0 0.674 -0.532 -0.701 0.0 -0.693 0.169 -1.0 -0.0 0.02 0.016 0.683 -0.0 -0.73 0.037 0.996 0.0 0.006 0.09 
-0.617 0.027 -0.071 -0.784 -0.747 -0.0 -0.665 -0.007 -0.985 -0.0 -0.074 -0.153 0.98 0.0 0.054 -0.193 0.513 0.0 0.678 -0.527 -0.701 0.0 -0.693 0.168 -1.0 -0.0 0.02 0.017 0.683 0.0 -0.73 0.036 0.996 -0.0 0.006 0.09 
-0.617 0.027 -0.071 -0.784 -0.747 0.0 -0.665 -0.007 -0.986 -0.0 -0.074 -0.153 0.98 0.0 0.053 -0.193 0.512 0.0 0.683 -0.521 -0.701 -0.0 -0.693 0.168 -1.0 -0.0 0.02 0.016 0.683 0.0 -0.73 0.036 0.996 -0.0 0.006 0.09 
-0.617 0.027 -0.071 -0.784 -0.747 0.0 -0.665 -0.007 -0.986 -0.0 -0.073 -0.152 0.98 0.0 0.052 -0.193 0.511 0.0 0.688 -0.515 -0.701 0.0 -0.693 0.168 -1.0 -0.0 0.02 0.016 0.683 0.0 -0.729 0.037 0.996 -0.0 0.006 0.09 
-0.617 0.027 -0.071 -0.783 -0.747 -0.0 -0.664 -0.007 -0.986 -0.0 -0.073 -0.152 0.98 -0.0 0.051 -0.193 0.51 0.0 0.693 -0.51 -0.701 -0.0 -0.693 0.168 -1.0 -0.0 0.02 0.017 0.683 -0.0 -0.73 0.037 0.996 0.0 0.006 0.09 
-0.617 0.027 -0.071 -0.783 -0.747 -0.0 -0.664 -0.006 -0.986 0.0 -0.073 -0.152 0.98 0.0 0.05 -0.193 0.509 -0.0 0.698 -0.503 -0.701 0.0 -0.693 0.168 -1.0 -0.0 0.02 0.016 0.683 0.0 -0.729 0.037 0.996 -0.0 0.006 0.09 
-0.617 0.027 -0.071 -0.783 -0.748 -0.0 -0.664 -0.006 -0.986 -0.0 -0.072 -0.151 0.98 0.0 0.05 -0.193 0.509 -0.0 0.703 -0.497 -0.701 -0.0 -0.693 0.168 -1.0 -0.0 0.02 0.016 0.683 0.0 -0.729 0.037 0.996 0.0 0.006 0.09 
-0.617 0.027 -0.071 -0.783 -0.748 -0.0 -0.664 -0.006 -0.986 -0.0 -0.072 -0.151 0.98 0.0 0.049 -0.191 0.507 0.0 0.71 -0.489 -0.701 -0.0 -0.693 0.168 -1.0 -0.0 0.019 0.016 0.683 0.0 -0.729 0.036 0.996 0.0 0.006 0.09 
-0.617 0.027 -0.071 -0.783 -0.748 -0.0 -0.664 -0.006 -0.986 0.0 -0.071 -0.151 0.98 0.0 0.048 -0.192 0.505 0.0 0.716 -0.481 -0.701 -0.0 -0.693 0.167 -1.0 -0.0 0.019 0.016 0.683 0.0 -0.729 0.036 0.996 0.0 0.006 0.09 
-0.617 0.027 -0.071 -0.783 -0.748 -0.0 -0.664 -0.006 -0.986 -0.0 -0.071 -0.15 0.98 -0.0 0.048 -0.192 0.505 0.0 0.721 -0.474 -0.701 -0.0 -0.693 0.167 -1.0 -0.0 0.019 0.016 0.683 0.0 -0.729 0.036 0.996 0.0 0.006 0.09 
-0.617 0.027 -0.071 -0.783 -0.749 -0.0 -0.663 -0.007 -0.986 -0.0 -0.071 -0.148 0.98 -0.0 0.047 -0.192 0.503 0.0 0.727 -0.466 -0.701 0.0 -0.693 0.167 -1.0 -0.0 0.019 0.016 0.683 0.0 -0.729 0.037 0.996 0.0 0.006 0.09 
-0.617 0.027 -0.071 -0.783 -0.749 -0.0 -0.663 -0.006 -0.986 -0.0 -0.07 -0.149 0.98 0.0 0.047 -0.192 0.502 0.0 0.732 -0.461 -0.701 -0.0 -0.693 0.167 -1.0 0.0 0.019 0.016 0.683 0.0 -0.729 0.037 0.996 0.0 0.006 0.09 
-0.617 0.027 -0.07 -0.783 -0.749 -0.0 -0.663 -0.006 -0.987 -0.0 -0.069 -0.148 0.98 0.0 0.046 -0.192 0.501 0.0 0.738 -0.452 -0.701 -0.0 -0.693 0.167 -1.0 -0.0 0.019 0.016 0.683 0.0 -0.729 0.037 0.996 0.0 0.006 0.09 
-0.618 0.027 -0.071 -0.783 -0.75 -0.0 -0.662 -0.006 -0.987 -0.0 -0.07 -0.146 0.98 0.0 0.045 -0.194 0.499 0.0 0.743 -0.446 -0.701 -0.0 -0.693 0.168 -1.0 -0.0 0.019 0.016 0.683 -0.0 -0.729 0.037 0.996 0.0 0.006 0.09 
-0.618 0.027 -0.071 -0.783 -0.75 0.0 -0.662 -0.005 -0.987 -0.0 -0.069 -0.147 0.98 0.0 0.045 -0.195 0.497 0.0 0.749 -0.437 -0.701 -0.0 -0.693 0.168 -1.0 -0.0 0.019 0.017 0.683 -0.0 -0.729 0.037 0.996 0.0 0.006 0.09 
-0.618 0.027 -0.071 -0.783 -0.75 -0.0 -0.662 -0.005 -0.987 -0.0 -0.068 -0.146 0.98 0.0 0.044 -0.195 0.496 0.0 0.755 -0.429 -0.701 -0.0 -0.693 0.168 -1.0 -0.0 0.019 0.017 0.683 -0.0 -0.729 0.037 0.996 0.0 0.006 0.09 
-0.618 0.027 -0.071 -0.783 -0.75 0.0 -0.661 -0.005 -0.987 0.0 -0.068 -0.146 0.98 0.0 0.044 -0.196 0.494 0.0 0.761 -0.42 -0.701 -0.0 -0.693 0.168 -1.0 -0.0 0.019 0.017 0.683 0.0 -0.729 0.037 0.996 0.0 0.006 0.09 
-0.618 0.027 -0.071 -0.783 -0.75 -0.0 -0.661 -0.005 -0.987 -0.0 -0.067 -0.145 0.98 0.0 0.044 -0.196 0.492 0.0 0.767 -0.411 -0.701 -0.0 -0.693 0.168 -1.0 -0.0 0.019 0.016 0.683 0.0 -0.729 0.037 0.996 0.0 0.006 0.09 
-0.618 0.027 -0.071 -0.783 -0.751 -0.0 -0.661 -0.005 -0.987 -0.0 -0.066 -0.144 0.979 -0.0 0.043 -0.197 0.49 0.0 0.773 -0.403 -0.701 -0.0 -0.693 0.168 -1.0 0.0 0.019 0.017 0.683 0.0 -0.729 0.037 0.996 0.0 0.006 0.091 
-0.618 0.027 -0.071 -0.783 -0.751 -0.0 -0.66 -0.005 -0.987 -0.0 -0.066 -0.143 0.979 0.0 0.043 -0.198 0.488 0.0 0.778 -0.395 -0.701 -0.0 -0.693 0.168 -1.0 -0.0 0.019 0.017 0.683 0.0 -0.729 0.037 0.996 -0.0 0.006 0.09 
-0.618 0.028 -0.071 -0.783 -0.752 -0.0 -0.66 -0.005 -0.988 -0.0 -0.065 -0.143 0.979 0.0 0.043 -0.199 0.487 0.0 0.784 -0.386 -0.701 0.0 -0.693 0.168 -1.0 -0.0 0.019 0.017 0.683 0.0 -0.729 0.038 0.996 0.0 0.006 0.09 
-0.618 0.028 -0.071 -0.783 -0.752 -0.0 -0.659 -0.005 -0.988 -0.0 -0.064 -0.142 0.979 0.0 0.043 -0.2 0.485 0.0 0.789 -0.377 -0.701 -0.0 -0.693 0.168 -1.0 -0.0 0.019 0.017 0.683 0.0 -0.729 0.038 0.996 0.0 0.006 0.09 
-0.618 0.028 -0.071 -0.782 -0.752 -0.0 -0.659 -0.005 -0.988 -0.0 -0.064 -0.142 0.979 0.0 0.043 -0.202 0.484 0.0 0.794 -0.368 -0.701 -0.0 -0.693 0.168 -1.0 -0.0 0.019 0.017 0.683 0.0 -0.729 0.038 0.996 0.0 0.006 0.09 
-0.618 0.028 -0.071 -0.782 -0.752 -0.0 -0.659 -0.005 -0.988 -0.0 -0.063 -0.141 0.978 0.0 0.043 -0.203 0.482 0.0 0.799 -0.36 -0.701 -0.0 -0.693 0.169 -1.0 -0.0 0.019 0.017 0.684 0.0 -0.729 0.038 0.996 0.0 0.006 0.09 
-0.618 0.028 -0.071 -0.782 -0.753 0.0 -0.658 -0.005 -0.988 -0.0 -0.063 -0.14 0.978 0.0 0.043 -0.203 0.48 -0.0 0.804 -0.35 -0.701 0.0 -0.693 0.169 -1.0 -0.0 0.019 0.017 0.684 0.0 -0.729 0.038 0.996 0.0 0.006 0.09 
-0.618 0.028 -0.071 -0.782 -0.753 -0.0 -0.658 -0.005 -0.988 0.0 -0.062 -0.14 0.978 -0.0 0.043 -0.205 0.479 0.0 0.809 -0.341 -0.701 -0.0 -0.693 0.169 -1.0 -0.0 0.019 0.017 0.684 0.0 -0.729 0.038 0.996 0.0 0.006 0.091 
-0.618 0.028 -0.072 -0.782 -0.754 0.0 -0.657 -0.005 -0.988 0.0 -0.062 -0.14 0.977 0.0 0.043 -0.207 0.477 0.0 0.813 -0.334 -0.701 -0.0 -0.693 0.169 -1.0 -0.0 0.019 0.017 0.684 0.0 -0.729 0.039 0.996 0.0 0.006 0.091 
-0.618 0.028 -0.072 -0.782 -0.754 0.0 -0.657 -0.004 -0.988 -0.0 -0.062 -0.139 0.977 0.0 0.044 -0.209 0.476 0.0 0.817 -0.326 -0.701 -0.0 -0.693 0.169 -1.0 -0.0 0.019 0.017 0.684 0.0 -0.729 0.039 0.996 0.0 0.006 0.091 
-0.618 0.028 -0.072 -0.782 -0.754 -0.0 -0.656 -0.004 -0.988 -0.0 -0.061 -0.139 0.976 0.0 0.044 -0.211 0.475 -0.0 0.82 -0.319 -0.701 -0.0 -0.693 0.17 -1.0 -0.0 0.019 0.017 0.684 0.0 -0.729 0.039 0.996 0.0 0.006 0.091 
-0.619 0.028 -0.072 -0.782 -0.755 0.0 -0.656 -0.004 -0.988 -0.0 -0.061 -0.138 0.976 0.0 0.045 -0.213 0.473 -0.0 0.824 -0.312 -0.701 -0.0 -0.693 0.17 -1.0 -0.0 0.02 0.017 0.684 0.0 -0.729 0.039 0.996 0.0 0.006 0.091 
-0.619 0.029 -0.072 -0.782 -0.755 -0.0 -0.655 -0.004 -0.989 -0.0 -0.061 -0.138 0.976 -0.0 0.046 -0.214 0.472 0.0 0.827 -0.306 -0.701 0.0 -0.693 0.17 -1.0 -0.0 0.02 0.017 0.684 0.0 -0.729 0.04 0.996 -0.0 0.006 0.091 
-0.619 0.029 -0.072 -0.782 -0.756 -0.0 -0.655 -0.004 -0.989 -0.0 -0.061 -0.137 0.975 0.0 0.047 -0.216 0.471 0.0 0.829 -0.3 -0.701 -0.0 -0.693 0.17 -1.0 -0.0 0.02 0.017 0.684 0.0 -0.729 0.04 0.996 -0.0 0.006 0.091 
-0.619 0.029 -0.072 -0.782 -0.756 -0.0 -0.654 -0.004 -0.989 -0.0 -0.061 -0.137 0.975 0.0 0.047 -0.218 0.47 0.0 0.832 -0.295 -0.701 0.0 -0.693 0.17 -1.0 -0.0 0.02 0.017 0.684 0.0 -0.729 0.04 0.996 0.0 0.006 0.091 
-0.619 0.029 -0.072 -0.782 -0.757 0.0 -0.654 -0.004 -0.989 -0.0 -0.061 -0.137 0.975 0.0 0.049 -0.219 0.47 0.0 0.834 -0.29 -0.701 -0.0 -0.692 0.171 -1.0 -0.0 0.019 0.017 0.684 -0.0 -0.729 0.04 0.996 0.0 0.006 0.091 
-0.619 0.029 -0.072 -0.782 -0.757 -0.0 -0.654 -0.004 -0.989 0.0 -0.06 -0.137 0.974 0.0 0.051 -0.222 0.469 -0.0 0.836 -0.285 -0.701 0.0 -0.693 0.171 -1.0 -0.0 0.02 0.017 0.684 0.0 -0.729 0.041 0.996 0.0 0.006 0.091 
-0.619 0.029 -0.073 -0.782 -0.757 -0.0 -0.653 -0.004 -0.989 0.0 -0.06 -0.136 0.974 0.0 0.051 -0.223 0.469 0.0 0.837 -0.284 -0.701 -0.0 -0.692 0.171 -1.0 -0.0 0.019 0.017 0.684 0.0 -0.729 0.041 0.996 0.0 0.006 0.091 
-0.619 0.029 -0.073 -0.782 -0.757 0.0 -0.653 -0.004 -0.989 -0.0 -0.06 -0.136 0.973 0.0 0.052 -0.224 0.468 0.0 0.837 -0.283 -0.701 -0.0 -0.692 0.172 -1.0 -0.0 0.019 0.017 0.684 0.0 -0.728 0.041 0.996 0.0 0.006 0.091 
-0.619 0.029 -0.073 -0.782 -0.758 -0.0 -0.653 -0.004 -0.989 0.0 -0.06 -0.136 0.972 0.0 0.054 -0.228 0.468 -0.0 0.839 -0.279 -0.701 -0.0 -0.692 0.172 -1.0 0.0 0.019 0.017 0.684 0.0 -0.728 0.042 0.996 0.0 0.006 0.091 
-0.619 0.03 -0.073 -0.782 -0.758 -0.0 -0.652 -0.004 -0.989 -0.0 -0.06 -0.136 0.972 0.0 0.056 -0.23 0.468 0.0 0.839 -0.279 -0.701 -0.0 -0.692 0.172 -1.0 0.0 0.019 0.017 0.684 -0.0 -0.728 0.042 0.996 0.0 0.006 0.091 
-0.619 0.03 -0.073 -0.781 -0.758 -0.0 -0.652 -0.004 -0.989 -0.0 -0.06 -0.135 0.971 0.0 0.057 -0.231 0.468 0.0 0.839 -0.279 -0.701 -0.0 -0.692 0.172 -1.0 -0.0 0.019 0.017 0.684 -0.0 -0.728 0.042 0.996 -0.0 0.006 0.092 
-0.619 0.03 -0.073 -0.781 -0.758 -0.0 -0.652 -0.004 -0.989 -0.0 -0.06 -0.135 0.971 -0.0 0.058 -0.233 0.467 0.0 0.839 -0.28 -0.701 0.0 -0.692 0.173 -1.0 -0.0 0.019 0.017 0.684 -0.0 -0.728 0.043 0.996 0.0 0.006 0.091 
-0.619 0.03 -0.074 -0.781 -0.759 -0.0 -0.651 -0.004 -0.989 -0.0 -0.06 -0.135 0.97 -0.0 0.059 -0.235 0.467 0.0 0.838 -0.282 -0.701 -0.0 -0.692 0.173 -1.0 -0.0 0.019 0.017 0.684 0.0 -0.728 0.043 0.996 0.0 0.006 0.092 
-0.619 0.03 -0.074 -0.781 -0.759 -0.0 -0.651 -0.004 -0.989 -0.0 -0.059 -0.135 0.97 0.0 0.06 -0.236 0.467 -0.0 0.837 -0.285 -0.701 -0.0 -0.692 0.173 -1.0 -0.0 0.019 0.017 0.684 -0.0 -0.728 0.043 0.996 0.0 0.007 0.092 
-0.619 0.03 -0.074 -0.781 -0.759 0.0 -0.651 -0.004 -0.989 -0.0 -0.059 -0.135 0.97 0.0 0.061 -0.237 0.468 0.0 0.836 -0.288 -0.701 -0.0 -0.692 0.174 -1.0 -0.0 0.019 0.017 0.684 0.0 -0.728 0.044 0.996 0.0 0.007 0.092 
-0.619 0.03 -0.074 -0.781 -0.759 -0.0 -0.651 -0.004 -0.989 -0.0 -0.062 -0.136 0.969 0.0 0.062 -0.238 0.468 0.0 0.834 -0.293 -0.701 0.0 -0.691 0.174 -1.0 -0.0 0.019 0.017 0.684 0.0 -0.728 0.044 0.996 0.0 0.007 0.092 
-0.619 0.03 -0.074 -0.781 -0.759 -0.0 -0.651 -0.004 -0.989 -0.0 -0.062 -0.137 0.969 0.0 0.063 -0.239 0.469 0.0 0.832 -0.298 -0.701 -0.0 -0.691 0.174 -1.0 -0.0 0.019 0.017 0.684 0.0 -0.728 0.044 0.996 0.0 0.007 0.092 
-0.619 0.031 -0.074 -0.781 -0.759 -0.0 -0.651 -0.004 -0.989 -0.0 -0.061 -0.136 0.968 0.0 0.063 -0.241 0.469 0.0 0.828 -0.305 -0.701 0.0 -0.691 0.175 -1.0 -0.0 0.019 0.017 0.684 0.0 -0.728 0.045 0.996 0.0 0.007 0.092 
-0.619 0.031 -0.075 -0.781 -0.759 -0.0 -0.651 -0.005 -0.989 0.0 -0.059 -0.135 0.968 -0.0 0.065 -0.241 0.471 0.0 0.825 -0.313 -0.701 -0.0 -0.691 0.175 -1.0 -0.0 0.019 0.017 0.684 0.0 -0.728 0.045 0.996 0.0 0.007 0.092 
-0.618 0.031 -0.075 -0.782 -0.759 -0.0 -0.651 -0.005 -0.989 -0.0 -0.061 -0.136 0.968 0.0 0.065 -0.242 0.472 -0.0 0.821 -0.321 -0.701 0.0 -0.691 0.176 -1.0 -0.0 0.019 0.017 0.684 0.0 -0.728 0.045 0.996 0.0 0.007 0.092 
-0.618 0.031 -0.075 -0.782 -0.759 -0.0 -0.651 -0.005 -0.989 -0.0 -0.059 -0.135 0.968 -0.0 0.066 -0.243 0.473 0.0 0.818 -0.329 -0.701 -0.0 -0.691 0.176 -1.0 -0.0 0.02 0.017 0.684 -0.0 -0.728 0.045 0.996 0.0 0.007 0.092 
-0.618 0.031 -0.075 -0.782 -0.759 0.0 -0.651 -0.005 -0.989 -0.0 -0.061 -0.137 0.968 0.0 0.066 -0.244 0.474 0.0 0.813 -0.338 -0.701 0.0 -0.691 0.177 -1.0 -0.0 0.02 0.017 0.684 0.0 -0.728 0.046 0.996 0.0 0.007 0.093 
-0.618 0.031 -0.075 -0.782 -0.759 -0.0 -0.651 -0.006 -0.989 -0.0 -0.061 -0.136 0.967 0.0 0.067 -0.244 0.475 0.0 0.809 -0.346 -0.701 -0.0 -0.691 0.177 -1.0 -0.0 0.02 0.017 0.684 0.0 -0.728 0.046 0.996 0.0 0.007 0.092 
-0.618 0.031 -0.075 -0.782 -0.759 -0.0 -0.651 -0.006 -0.989 -0.0 -0.061 -0.137 0.967 -0.0 0.067 -0.245 0.476 0.0 0.804 -0.355 -0.701 -0.0 -0.691 0.177 -1.0 -0.0 0.02 0.017 0.684 0.0 -0.728 0.046 0.996 0.0 0.007 0.093 
-0.618 0.032 -0.076 -0.782 -0.759 -0.0 -0.651 -0.006 -0.989 0.0 -0.061 -0.137 0.967 0.0 0.067 -0.245 0.478 0.0 0.799 -0.365 -0.701 -0.0 -0.691 0.178 -1.0 -0.0 0.02 0.017 0.684 0.0 -0.728 0.047 0.996 0.0 0.007 0.093 
-0.618 0.032 -0.076 -0.782 -0.759 -0.0 -0.651 -0.006 -0.989 -0.0 -0.058 -0.136 0.967 -0.0 0.068 -0.245 0.479 0.0 0.794 -0.375 -0.701 0.0 -0.691 0.178 -1.0 -0.0 0.02 0.017 0.684 0.0 -0.728 0.047 0.996 0.0 0.007 0.092 
-0.618 0.032 -0.076 -0.781 -0.759 -0.0 -0.651 -0.006 -0.989 -0.0 -0.058 -0.137 0.967 0.0 0.068 -0.245 0.48 0.0 0.788 -0.385 -0.701 0.0 -0.691 0.178 -1.0 -0.0 0.02 0.017 0.684 0.0 -0.728 0.047 0.996 -0.0 0.007 0.092 
-0.618 0.032 -0.076 -0.781 -0.759 -0.0 -0.651 -0.006 -0.989 -0.0 -0.058 -0.137 0.967 0.0 0.068 -0.245 0.482 0.0 0.783 -0.394 -0.701 0.0 -0.691 0.178 -1.0 -0.0 0.02 0.017 0.684 0.0 -0.728 0.048 0.996 0.0 0.007 0.093 
-0.618 0.032 -0.076 -0.782 -0.759 -0.0 -0.651 -0.006 -0.989 -0.0 -0.059 -0.138 0.967 -0.0 0.068 -0.245 0.483 0.0 0.777 -0.404 -0.701 -0.0 -0.691 0.178 -1.0 0.0 0.02 0.017 0.684 0.0 -0.728 0.048 0.996 0.0 0.007 0.093 
-0.618 0.032 -0.076 -0.782 -0.758 -0.0 -0.652 -0.006 -0.989 -0.0 -0.059 -0.139 0.967 0.0 0.068 -0.244 0.484 0.0 0.771 -0.413 -0.701 -0.0 -0.691 0.178 -1.0 -0.0 0.021 0.017 0.684 0.0 -0.728 0.048 0.996 0.0 0.007 0.093 
-0.618 0.032 -0.076 -0.782 -0.758 0.0 -0.652 -0.005 -0.988 -0.0 -0.059 -0.14 0.968 -0.0 0.068 -0.242 0.487 0.0 0.765 -0.423 -0.701 -0.0 -0.691 0.178 -1.0 -0.0 0.02 0.017 0.684 0.0 -0.728 0.048 0.996 0.0 0.007 0.093 
-0.618 0.032 -0.076 -0.782 -0.758 -0.0 -0.652 -0.005 -0.988 -0.0 -0.059 -0.141 0.968 0.0 0.069 -0.241 0.488 0.0 0.759 -0.43 -0.701 0.0 -0.691 0.178 -1.0 0.0 0.021 0.018 0.684 0.0 -0.728 0.047 0.996 0.0 0.007 0.093 
-0.618 0.032 -0.076 -0.781 -0.758 -0.0 -0.652 -0.005 -0.988 -0.0 -0.06 -0.141 0.968 0.0 0.068 -0.24 0.49 -0.0 0.754 -0.438 -0.701 -0.0 -0.691 0.177 -1.0 0.0 0.021 0.018 0.683 0.0 -0.728 0.047 0.996 0.0 0.007 0.093 
-0.619 0.032 -0.076 -0.781 -0.758 -0.0 -0.653 -0.005 -0.988 0.0 -0.06 -0.142 0.969 0.0 0.067 -0.238 0.491 0.0 0.748 -0.446 -0.701 0.0 -0.691 0.177 -1.0 0.0 0.021 0.018 0.683 0.0 -0.728 0.046 0.996 0.0 0.007 0.094 
-0.619 0.032 -0.076 -0.781 -0.758 -0.0 -0.653 -0.004 -0.988 -0.0 -0.06 -0.143 0.969 -0.0 0.066 -0.237 0.493 0.0 0.742 -0.454 -0.701 -0.0 -0.691 0.176 -1.0 -0.0 0.021 0.018 0.683 0.0 -0.729 0.046 0.996 -0.0 0.007 0.094 
-0.619 0.032 -0.075 -0.781 -0.757 -0.0 -0.653 -0.004 -0.988 -0.0 -0.061 -0.143 0.969 0.0 0.066 -0.236 0.495 0.0 0.735 -0.463 -0.701 -0.0 -0.692 0.176 -1.0 0.0 0.021 0.019 0.683 0.0 -0.729 0.046 0.996 0.0 0.007 0.093 
-0.619 0.031 -0.075 -0.781 -0.757 -0.0 -0.653 -0.003 -0.988 -0.0 -0.062 -0.144 0.969 0.0 0.066 -0.236 0.497 0.0 0.729 -0.47 -0.7 0.0 -0.692 0.175 -1.0 -0.0 0.021 0.019 0.683 0.0 -0.729 0.045 0.996 0.0 0.007 0.094 
-0.619 0.031 -0.075 -0.781 -0.757 -0.0 -0.654 -0.003 -0.987 -0.0 -0.063 -0.145 0.97 0.0 0.064 -0.235 0.499 0.0 0.723 -0.478 -0.7 -0.0 -0.692 0.174 -1.0 0.0 0.021 0.019 0.683 0.0 -0.729 0.044 0.995 0.0 0.007 0.095 
-0.619 0.031 -0.074 -0.781 -0.756 -0.0 -0.654 -0.002 -0.987 0.0 -0.064 -0.146 0.97 0.0 0.064 -0.234 0.502 0.0 0.717 -0.484 -0.7 -0.0 -0.692 0.174 -1.0 -0.0 0.021 0.019 0.683 0.0 -0.729 0.043 0.995 0.0 0.007 0.095 
-0.619 0.031 -0.074 -0.781 -0.756 -0.0 -0.655 -0.002 -0.987 -0.0 -0.064 -0.147 0.97 0.0 0.064 -0.233 0.504 0.0 0.711 -0.491 -0.701 -0.0 -0.693 0.172 -1.0 0.0 0.021 0.019 0.684 -0.0 -0.729 0.042 0.995 0.0 0.007 0.095 
-0.619 0.03 -0.073 -0.781 -0.756 -0.0 -0.655 -0.002 -0.987 -0.0 -0.065 -0.147 0.971 0.0 0.063 -0.232 0.506 0.0 0.706 -0.496 -0.701 -0.0 -0.693 0.171 -1.0 -0.0 0.021 0.02 0.684 0.0 -0.729 0.04 0.995 0.0 0.007 0.095 
-0.619 0.03 -0.073 -0.781 -0.756 -0.0 -0.655 -0.001 -0.987 -0.0 -0.066 -0.148 0.971 -0.0 0.061 -0.231 0.508 0.0 0.699 -0.504 -0.701 -0.0 -0.693 0.17 -1.0 -0.0 0.021 0.02 0.684 0.0 -0.729 0.04 0.995 0.0 0.007 0.095 
-0.619 0.03 -0.073 -0.781 -0.755 -0.0 -0.655 -0.001 -0.987 -0.0 -0.067 -0.148 0.971 -0.0 0.06 -0.23 0.51 -0.0 0.694 -0.509 -0.701 -0.0 -0.693 0.169 -1.0 -0.0 0.021 0.02 0.684 -0.0 -0.729 0.039 0.995 0.0 0.007 0.096 
-0.619 0.029 -0.072 -0.781 -0.755 0.0 -0.656 -0.002 -0.987 -0.0 -0.068 -0.147 0.971 0.0 0.059 -0.23 0.513 0.0 0.687 -0.515 -0.701 -0.0 -0.693 0.169 -1.0 -0.0 0.021 0.02 0.684 0.0 -0.729 0.038 0.995 0.0 0.007 0.095 
-0.619 0.029 -0.072 -0.781 -0.755 -0.0 -0.656 -0.002 -0.987 0.0 -0.068 -0.147 0.972 0.0 0.058 -0.229 0.514 0.0 0.681 -0.521 -0.701 -0.0 -0.694 0.168 -1.0 0.0 0.02 0.019 0.684 0.0 -0.729 0.037 0.995 -0.0 0.007 0.095 
-0.619 0.029 -0.071 -0.781 -0.754 -0.0 -0.657 -0.002 -0.987 -0.0 -0.068 -0.147 0.972 0.0 0.056 -0.228 0.516 0.0 0.676 -0.527 -0.701 0.0 -0.694 0.167 -1.0 -0.0 0.02 0.019 0.684 0.0 -0.729 0.037 0.995 0.0 0.006 0.095 
-0.619 0.028 -0.071 -0.781 -0.754 0.0 -0.657 -0.003 -0.987 -0.0 -0.069 -0.146 0.973 0.0 0.056 -0.225 0.517 -0.0 0.672 -0.53 -0.701 -0.0 -0.694 0.166 -1.0 -0.0 0.02 0.019 0.684 0.0 -0.729 0.036 0.995 0.0 0.006 0.095 
-0.619 0.028 -0.071 -0.781 -0.753 -0.0 -0.658 -0.003 -0.987 -0.0 -0.069 -0.145 0.973 0.0 0.054 -0.227 0.519 0.0 0.665 -0.537 -0.701 0.0 -0.694 0.166 -1.0 0.0 0.02 0.019 0.684 0.0 -0.729 0.036 0.996 0.0 0.006 0.095 
-0.62 0.028 -0.07 -0.781 -0.753 0.0 -0.658 -0.004 -0.987 -0.0 -0.069 -0.145 0.973 0.0 0.053 -0.224 0.52 0.0 0.663 -0.539 -0.701 -0.0 -0.694 0.165 -1.0 -0.0 0.02 0.019 0.684 0.0 -0.729 0.035 0.996 0.0 0.006 0.094 
-0.62 0.028 -0.07 -0.781 -0.753 0.0 -0.659 -0.005 -0.987 0.0 -0.069 -0.144 0.973 0.0 0.052 -0.224 0.521 0.0 0.657 -0.545 -0.701 -0.0 -0.694 0.165 -1.0 0.0 0.02 0.019 0.684 0.0 -0.729 0.035 0.996 0.0 0.006 0.094 
-0.62 0.028 -0.07 -0.781 -0.752 -0.0 -0.659 -0.006 -0.987 -0.0 -0.068 -0.143 0.973 0.0 0.05 -0.223 0.522 0.0 0.653 -0.549 -0.701 -0.0 -0.694 0.165 -1.0 -0.0 0.019 0.018 0.684 0.0 -0.729 0.035 0.996 -0.0 0.005 0.094 
-0.62 0.028 -0.07 -0.781 -0.752 0.0 -0.659 -0.008 -0.988 -0.0 -0.068 -0.142 0.974 0.0 0.049 -0.223 0.522 0.0 0.65 -0.552 -0.701 -0.0 -0.693 0.166 -1.0 -0.0 0.019 0.018 0.684 0.0 -0.729 0.035 0.996 0.0 0.005 0.093 
-0.619 0.028 -0.07 -0.781 -0.751 0.0 -0.66 -0.008 -0.988 0.0 -0.067 -0.141 0.973 0.0 0.047 -0.225 0.524 0.0 0.645 -0.556 -0.701 -0.0 -0.693 0.166 -1.0 -0.0 0.019 0.017 0.684 0.0 -0.728 0.036 0.996 0.0 0.005 0.093 
-0.62 0.028 -0.07 -0.781 -0.751 -0.0 -0.66 -0.009 -0.988 -0.0 -0.066 -0.14 0.973 -0.0 0.045 -0.225 0.524 0.0 0.643 -0.559 -0.701 -0.0 -0.693 0.166 -1.0 -0.0 0.019 0.017 0.684 0.0 -0.728 0.036 0.996 0.0 0.005 0.093 
-0.62 0.028 -0.071 -0.781 -0.751 -0.0 -0.661 -0.01 -0.988 -0.0 -0.066 -0.14 0.973 0.0 0.044 -0.225 0.524 0.0 0.642 -0.56 -0.701 -0.0 -0.693 0.167 -1.0 -0.0 0.019 0.017 0.684 0.0 -0.728 0.036 0.996 -0.0 0.004 0.093 
-0.619 0.028 -0.071 -0.781 -0.75 -0.0 -0.661 -0.011 -0.988 -0.0 -0.065 -0.14 0.974 0.0 0.042 -0.225 0.524 -0.0 0.64 -0.562 -0.701 -0.0 -0.693 0.167 -1.0 0.0 0.019 0.016 0.684 0.0 -0.728 0.037 0.996 0.0 0.004 0.092 
-0.619 0.028 -0.071 -0.781 -0.75 0.0 -0.661 -0.011 -0.988 -0.0 -0.065 -0.14 0.974 0.0 0.041 -0.224 0.524 0.0 0.639 -0.562 -0.701 -0.0 -0.693 0.168 -1.0 0.0 0.019 0.016 0.685 0.0 -0.728 0.037 0.996 -0.0 0.003 0.093 
-0.619 0.028 -0.071 -0.781 -0.75 -0.0 -0.661 -0.012 -0.988 -0.0 -0.064 -0.141 0.974 -0.0 0.039 -0.224 0.524 0.0 0.638 -0.564 -0.701 -0.0 -0.693 0.168 -1.0 -0.0 0.019 0.016 0.685 -0.0 -0.728 0.037 0.996 -0.0 0.003 0.093 
-0.619 0.028 -0.071 -0.781 -0.75 -0.0 -0.662 -0.012 -0.988 0.0 -0.063 -0.141 0.974 0.0 0.038 -0.224 0.525 -0.0 0.637 -0.565 -0.702 -0.0 -0.693 0.168 -1.0 -0.0 0.019 0.016 0.685 0.0 -0.728 0.037 0.996 0.0 0.003 0.093 
-0.62 0.028 -0.071 -0.781 -0.75 -0.0 -0.661 -0.013 -0.988 -0.0 -0.064 -0.14 0.974 0.0 0.037 -0.223 0.524 0.0 0.638 -0.565 -0.701 0.0 -0.693 0.168 -1.0 -0.0 0.019 0.016 0.685 0.0 -0.728 0.037 0.996 0.0 0.003 0.093 
-0.62 0.028 -0.071 -0.781 -0.749 -0.0 -0.662 -0.012 -0.988 -0.0 -0.062 -0.142 0.974 0.0 0.036 -0.223 0.524 0.0 0.638 -0.564 -0.701 -0.0 -0.692 0.169 -1.0 -0.0 0.019 0.016 0.685 -0.0 -0.728 0.038 0.996 0.0 0.002 0.093 
-0.62 0.028 -0.071 -0.781 -0.749 0.0 -0.662 -0.012 -0.988 -0.0 -0.062 -0.143 0.974 0.0 0.035 -0.222 0.523 0.0 0.639 -0.563 -0.701 -0.0 -0.693 0.169 -1.0 -0.0 0.019 0.016 0.685 0.0 -0.728 0.038 0.996 0.0 0.002 0.093 
-0.62 0.029 -0.071 -0.781 -0.749 -0.0 -0.662 -0.012 -0.988 0.0 -0.062 -0.145 0.975 0.0 0.034 -0.222 0.523 -0.0 0.641 -0.562 -0.701 0.0 -0.693 0.169 -1.0 -0.0 0.019 0.016 0.685 0.0 -0.728 0.037 0.996 0.0 0.003 0.093 
-0.62 0.028 -0.071 -0.781 -0.749 -0.0 -0.662 -0.011 -0.987 -0.0 -0.062 -0.146 0.975 0.0 0.033 -0.221 0.522 0.0 0.643 -0.56 -0.701 -0.0 -0.693 0.168 -1.0 -0.0 0.019 0.016 0.685 0.0 -0.728 0.037 0.996 0.0 0.003 0.094 
-0.62 0.029 -0.071 -0.781 -0.749 -0.0 -0.663 -0.011 -0.987 -0.0 -0.062 -0.148 0.975 0.0 0.033 -0.221 0.522 -0.0 0.646 -0.558 -0.701 -0.0 -0.693 0.168 -1.0 0.0 0.019 0.016 0.685 -0.0 -0.728 0.038 0.996 0.0 0.003 0.093 
-0.62 0.029 -0.071 -0.781 -0.749 0.0 -0.662 -0.01 -0.987 -0.0 -0.063 -0.149 0.975 0.0 0.032 -0.22 0.521 -0.0 0.649 -0.555 -0.701 -0.0 -0.693 0.168 -1.0 0.0 0.02 0.017 0.685 0.0 -0.728 0.037 0.996 0.0 0.003 0.094 
-0.62 0.029 -0.071 -0.781 -0.749 -0.0 -0.662 -0.01 -0.987 -0.0 -0.064 -0.15 0.975 0.0 0.031 -0.22 0.52 0.0 0.652 -0.552 -0.701 -0.0 -0.693 0.168 -1.0 -0.0 0.02 0.017 0.684 0.0 -0.728 0.037 0.996 0.0 0.004 0.094 
-0.62 0.029 -0.071 -0.781 -0.749 -0.0 -0.662 -0.009 -0.986 -0.0 -0.064 -0.152 0.975 0.0 0.031 -0.219 0.519 -0.0 0.657 -0.547 -0.701 -0.0 -0.693 0.168 -1.0 -0.0 0.02 0.017 0.684 0.0 -0.728 0.037 0.996 0.0 0.004 0.094 
-0.62 0.028 -0.071 -0.781 -0.75 -0.0 -0.662 -0.009 -0.986 0.0 -0.065 -0.153 0.976 -0.0 0.031 -0.217 0.517 0.0 0.662 -0.542 -0.701 -0.0 -0.693 0.167 -1.0 -0.0 0.02 0.017 0.684 0.0 -0.728 0.037 0.996 0.0 0.004 0.094 
-0.62 0.028 -0.071 -0.781 -0.75 -0.0 -0.661 -0.009 -0.986 0.0 -0.066 -0.154 0.976 -0.0 0.03 -0.216 0.516 0.0 0.667 -0.537 -0.701 -0.0 -0.694 0.167 -1.0 0.0 0.02 0.017 0.684 -0.0 -0.729 0.036 0.996 -0.0 0.005 0.094 
-0.621 0.028 -0.071 -0.78 -0.75 -0.0 -0.661 -0.008 -0.986 -0.0 -0.068 -0.155 0.976 0.0 0.029 -0.216 0.515 0.0 0.671 -0.533 -0.701 -0.0 -0.694 0.166 -1.0 -0.0 0.02 0.018 0.684 0.0 -0.729 0.036 0.996 0.0 0.005 0.094 
-0.621 0.028 -0.071 -0.78 -0.751 -0.0 -0.661 -0.008 -0.985 -0.0 -0.069 -0.156 0.976 -0.0 0.029 -0.216 0.514 0.0 0.677 -0.527 -0.701 -0.0 -0.694 0.166 -1.0 -0.0 0.021 0.018 0.684 0.0 -0.729 0.037 0.996 0.0 0.005 0.094 
-0.621 0.028 -0.071 -0.78 -0.751 -0.0 -0.66 -0.007 -0.985 -0.0 -0.07 -0.157 0.976 0.0 0.029 -0.215 0.512 -0.0 0.682 -0.521 -0.701 -0.0 -0.694 0.165 -1.0 -0.0 0.021 0.018 0.684 0.0 -0.729 0.036 0.996 0.0 0.005 0.093 
-0.621 0.028 -0.071 -0.78 -0.751 -0.0 -0.66 -0.007 -0.985 0.0 -0.071 -0.158 0.976 0.0 0.028 -0.216 0.511 0.0 0.687 -0.516 -0.701 -0.0 -0.694 0.165 -1.0 -0.0 0.021 0.018 0.684 0.0 -0.729 0.037 0.996 0.0 0.005 0.093 
-0.621 0.028 -0.07 -0.78 -0.752 -0.0 -0.66 -0.006 -0.985 -0.0 -0.072 -0.158 0.976 0.0 0.028 -0.216 0.509 0.0 0.693 -0.51 -0.701 -0.0 -0.694 0.165 -1.0 -0.0 0.021 0.018 0.684 0.0 -0.729 0.037 0.996 0.0 0.006 0.093 
-0.622 0.028 -0.07 -0.78 -0.752 -0.0 -0.659 -0.006 -0.985 -0.0 -0.073 -0.159 0.976 0.0 0.028 -0.215 0.508 0.0 0.699 -0.504 -0.701 -0.0 -0.694 0.165 -1.0 0.0 0.02 0.018 0.684 0.0 -0.729 0.036 0.996 0.0 0.006 0.093 
-0.622 0.028 -0.07 -0.779 -0.752 -0.0 -0.659 -0.006 -0.985 -0.0 -0.074 -0.159 0.976 0.0 0.028 -0.215 0.506 0.0 0.705 -0.497 -0.701 -0.0 -0.694 0.164 -1.0 -0.0 0.02 0.018 0.683 0.0 -0.729 0.036 0.996 0.0 0.006 0.093 
-0.622 0.028 -0.07 -0.779 -0.752 0.0 -0.659 -0.006 -0.985 -0.0 -0.074 -0.159 0.976 0.0 0.028 -0.215 0.504 0.0 0.711 -0.49 -0.701 -0.0 -0.694 0.164 -1.0 -0.0 0.02 0.018 0.683 0.0 -0.729 0.037 0.996 -0.0 0.006 0.092 
-0.623 0.028 -0.07 -0.779 -0.753 -0.0 -0.658 -0.005 -0.985 -0.0 -0.075 -0.159 0.976 0.0 0.028 -0.215 0.502 0.0 0.717 -0.483 -0.701 0.0 -0.694 0.164 -1.0 -0.0 0.02 0.018 0.683 0.0 -0.729 0.037 0.996 0.0 0.006 0.093 
-0.623 0.028 -0.069 -0.779 -0.753 -0.0 -0.658 -0.005 -0.985 -0.0 -0.075 -0.158 0.976 0.0 0.028 -0.214 0.5 -0.0 0.724 -0.475 -0.701 -0.0 -0.694 0.163 -1.0 -0.0 0.02 0.018 0.683 0.0 -0.729 0.037 0.996 0.0 0.006 0.092 
-0.623 0.027 -0.069 -0.778 -0.753 -0.0 -0.658 -0.005 -0.985 0.0 -0.075 -0.158 0.976 0.0 0.028 -0.214 0.499 0.0 0.729 -0.469 -0.701 -0.0 -0.694 0.163 -1.0 0.0 0.02 0.017 0.683 0.0 -0.73 0.037 0.996 0.0 0.006 0.092 
-0.624 0.027 -0.069 -0.778 -0.753 -0.0 -0.658 -0.006 -0.985 -0.0 -0.075 -0.157 0.976 -0.0 0.028 -0.214 0.497 0.0 0.735 -0.461 -0.701 0.0 -0.694 0.163 -1.0 0.0 0.02 0.017 0.683 0.0 -0.73 0.037 0.996 0.0 0.006 0.092 
-0.624 0.027 -0.069 -0.778 -0.753 -0.0 -0.658 -0.005 -0.985 0.0 -0.074 -0.156 0.976 0.0 0.028 -0.215 0.495 0.0 0.742 -0.452 -0.701 -0.0 -0.694 0.163 -1.0 0.0 0.02 0.017 0.683 0.0 -0.73 0.037 0.996 0.0 0.007 0.092 
-0.624 0.027 -0.069 -0.778 -0.753 -0.0 -0.658 -0.006 -0.985 -0.0 -0.074 -0.156 0.976 -0.0 0.028 -0.215 0.493 0.0 0.748 -0.445 -0.701 -0.0 -0.694 0.163 -1.0 -0.0 0.02 0.017 0.683 0.0 -0.73 0.037 0.996 -0.0 0.007 0.091 
-0.624 0.027 -0.069 -0.778 -0.753 -0.0 -0.658 -0.006 -0.985 -0.0 -0.073 -0.155 0.976 0.0 0.028 -0.215 0.492 0.0 0.754 -0.436 -0.701 -0.0 -0.694 0.163 -1.0 -0.0 0.02 0.016 0.683 0.0 -0.73 0.037 0.996 0.0 0.007 0.091 
-0.625 0.027 -0.069 -0.777 -0.753 -0.0 -0.658 -0.006 -0.985 -0.0 -0.072 -0.154 0.976 0.0 0.028 -0.216 0.489 0.0 0.76 -0.427 -0.701 -0.0 -0.694 0.163 -1.0 -0.0 0.02 0.016 0.683 0.0 -0.73 0.037 0.996 0.0 0.007 0.091 
-0.625 0.027 -0.069 -0.777 -0.753 -0.0 -0.657 -0.006 -0.986 -0.0 -0.071 -0.153 0.976 0.0 0.027 -0.217 0.487 0.0 0.766 -0.419 -0.701 -0.0 -0.694 0.162 -1.0 -0.0 0.02 0.016 0.683 0.0 -0.73 0.037 0.996 0.0 0.007 0.09 
-0.625 0.027 -0.068 -0.777 -0.753 -0.0 -0.657 -0.006 -0.986 -0.0 -0.07 -0.152 0.976 0.0 0.027 -0.217 0.486 0.0 0.772 -0.411 -0.701 0.0 -0.694 0.162 -1.0 -0.0 0.02 0.015 0.682 0.0 -0.73 0.037 0.996 0.0 0.007 0.09 
-0.625 0.027 -0.068 -0.777 -0.754 -0.0 -0.657 -0.006 -0.986 -0.0 -0.069 -0.151 0.976 -0.0 0.027 -0.217 0.484 0.0 0.777 -0.403 -0.701 -0.0 -0.694 0.162 -1.0 -0.0 0.019 0.015 0.683 -0.0 -0.73 0.037 0.996 0.0 0.007 0.09 
-0.626 0.027 -0.068 -0.777 -0.754 -0.0 -0.657 -0.006 -0.986 -0.0 -0.068 -0.15 0.976 -0.0 0.028 -0.217 0.482 0.0 0.782 -0.395 -0.701 -0.0 -0.694 0.162 -1.0 -0.0 0.019 0.015 0.683 -0.0 -0.73 0.037 0.996 0.0 0.007 0.09 
-0.626 0.027 -0.068 -0.777 -0.754 -0.0 -0.657 -0.006 -0.987 -0.0 -0.067 -0.149 0.976 0.0 0.028 -0.217 0.48 0.0 0.787 -0.388 -0.701 -0.0 -0.694 0.161 -1.0 -0.0 0.019 0.015 0.683 0.0 -0.73 0.037 0.996 0.0 0.007 0.09 
-0.626 0.026 -0.068 -0.776 -0.754 -0.0 -0.657 -0.006 -0.987 -0.0 -0.066 -0.148 0.976 0.0 0.029 -0.218 0.479 0.0 0.792 -0.379 -0.702 -0.0 -0.694 0.161 -1.0 -0.0 0.019 0.015 0.683 0.0 -0.73 0.037 0.996 -0.0 0.007 0.09 
-0.626 0.026 -0.068 -0.776 -0.754 -0.0 -0.657 -0.006 -0.987 -0.0 -0.065 -0.148 0.976 0.0 0.029 -0.217 0.477 0.0 0.796 -0.373 -0.702 -0.0 -0.694 0.161 -1.0 -0.0 0.019 0.015 0.682 0.0 -0.73 0.036 0.996 0.0 0.007 0.09 
-0.626 0.026 -0.068 -0.776 -0.754 -0.0 -0.657 -0.006 -0.987 -0.0 -0.065 -0.147 0.976 0.0 0.03 -0.217 0.476 -0.0 0.799 -0.367 -0.702 -0.0 -0.694 0.161 -1.0 -0.0 0.019 0.015 0.683 0.0 -0.73 0.036 0.996 0.0 0.007 0.09 
-0.626 0.026 -0.068 -0.776 -0.754 -0.0 -0.657 -0.006 -0.987 -0.0 -0.064 -0.146 0.976 0.0 0.031 -0.217 0.475 -0.0 0.803 -0.361 -0.702 -0.0 -0.694 0.161 -1.0 0.0 0.019 0.015 0.683 0.0 -0.73 0.036 0.996 -0.0 0.006 0.09 
-0.626 0.026 -0.067 -0.776 -0.754 -0.0 -0.657 -0.005 -0.987 0.0 -0.063 -0.146 0.976 0.0 0.033 -0.217 0.474 0.0 0.805 -0.356 -0.702 -0.0 -0.694 0.161 -1.0 -0.0 0.019 0.015 0.683 0.0 -0.73 0.036 0.996 0.0 0.006 0.09 
-0.626 0.026 -0.067 -0.776 -0.754 -0.0 -0.656 -0.005 -0.987 -0.0 -0.063 -0.145 0.976 0.0 0.035 -0.217 0.473 0.0 0.808 -0.351 -0.702 0.0 -0.694 0.161 -1.0 0.0 0.019 0.014 0.683 0.0 -0.73 0.035 0.996 -0.0 0.006 0.091 
-0.626 0.026 -0.067 -0.776 -0.755 0.0 -0.656 -0.005 -0.988 -0.0 -0.063 -0.144 0.975 -0.0 0.037 -0.217 0.472 0.0 0.81 -0.348 -0.702 -0.0 -0.694 0.16 -1.0 -0.0 0.019 0.015 0.683 -0.0 -0.73 0.035 0.996 0.0 0.006 0.091 
-0.626 0.026 -0.067 -0.776 -0.755 0.0 -0.656 -0.004 -0.988 -0.0 -0.063 -0.144 0.975 0.0 0.039 -0.217 0.472 -0.0 0.811 -0.346 -0.702 -0.0 -0.694 0.16 -1.0 -0.0 0.018 0.015 0.683 0.0 -0.73 0.035 0.996 0.0 0.006 0.091 
-0.626 0.026 -0.067 -0.776 -0.755 -0.0 -0.656 -0.004 -0.988 -0.0 -0.063 -0.143 0.975 0.0 0.041 -0.217 0.472 0.0 0.812 -0.343 -0.702 -0.0 -0.694 0.16 -1.0 -0.0 0.019 0.015 0.683 0.0 -0.73 0.035 0.996 0.0 0.006 0.091 
-0.626 0.026 -0.067 -0.776 -0.755 0.0 -0.655 -0.004 -0.988 0.0 -0.062 -0.143 0.975 0.0 0.043 -0.217 0.471 0.0 0.813 -0.342 -0.702 0.0 -0.694 0.16 -1.0 0.0 0.018 0.015 0.683 0.0 -0.73 0.034 0.996 0.0 0.005 0.091 
-0.626 0.026 -0.067 -0.777 -0.756 -0.0 -0.655 -0.003 -0.988 -0.0 -0.062 -0.142 0.975 0.0 0.045 -0.217 0.471 -0.0 0.814 -0.341 -0.702 0.0 -0.694 0.16 -1.0 0.0 0.019 0.015 0.683 0.0 -0.73 0.034 0.996 0.0 0.005 0.091 
-0.626 0.026 -0.067 -0.777 -0.756 -0.0 -0.655 -0.003 -0.988 -0.0 -0.062 -0.142 0.975 0.0 0.046 -0.218 0.47 -0.0 0.815 -0.34 -0.702 -0.0 -0.694 0.16 -1.0 -0.0 0.019 0.015 0.683 0.0 -0.73 0.034 0.996 0.0 0.005 0.091 
-0.626 0.026 -0.067 -0.777 -0.756 -0.0 -0.654 -0.003 -0.988 -0.0 -0.063 -0.142 0.975 0.0 0.048 -0.218 0.469 0.0 0.815 -0.34 -0.701 -0.0 -0.694 0.16 -1.0 0.0 0.019 0.015 0.683 0.0 -0.73 0.034 0.996 0.0 0.005 0.091 
-0.626 0.026 -0.067 -0.777 -0.757 -0.0 -0.654 -0.002 -0.988 0.0 -0.063 -0.141 0.975 0.0 0.049 -0.219 0.47 0.0 0.814 -0.341 -0.701 0.0 -0.694 0.161 -1.0 -0.0 0.019 0.014 0.683 -0.0 -0.729 0.034 0.996 0.0 0.005 0.091 
-0.626 0.026 -0.067 -0.777 -0.757 0.0 -0.653 -0.002 -0.988 -0.0 -0.063 -0.141 0.974 0.0 0.051 -0.219 0.469 0.0 0.814 -0.342 -0.701 -0.0 -0.694 0.161 -1.0 -0.0 0.02 0.014 0.683 0.0 -0.729 0.035 0.996 0.0 0.005 0.09 
-0.626 0.026 -0.067 -0.777 -0.757 -0.0 -0.653 -0.002 -0.988 0.0 -0.063 -0.14 0.974 0.0 0.052 -0.219 0.469 0.0 0.813 -0.345 -0.701 0.0 -0.694 0.161 -1.0 -0.0 0.019 0.014 0.683 0.0 -0.729 0.035 0.996 0.0 0.005 0.09 
-0.626 0.026 -0.067 -0.777 -0.758 -0.0 -0.653 -0.002 -0.988 -0.0 -0.063 -0.139 0.974 0.0 0.053 -0.22 0.469 0.0 0.812 -0.347 -0.701 -0.0 -0.694 0.161 -1.0 -0.0 0.02 0.014 0.683 -0.0 -0.729 0.036 0.996 -0.0 0.004 0.09 
-0.626 0.026 -0.067 -0.777 -0.758 0.0 -0.652 -0.002 -0.988 -0.0 -0.063 -0.139 0.974 0.0 0.053 -0.221 0.468 -0.0 0.811 -0.35 -0.701 -0.0 -0.694 0.161 -1.0 -0.0 0.02 0.014 0.683 0.0 -0.729 0.036 0.996 0.0 0.004 0.09 
-0.626 0.026 -0.067 -0.777 -0.758 -0.0 -0.652 -0.002 -0.988 -0.0 -0.063 -0.138 0.973 -0.0 0.055 -0.223 0.469 0.0 0.812 -0.349 -0.701 -0.0 -0.694 0.162 -1.0 -0.0 0.02 0.014 0.683 0.0 -0.729 0.036 0.996 0.0 0.004 0.089 
-0.626 0.026 -0.068 -0.777 -0.758 -0.0 -0.652 -0.002 -0.988 -0.0 -0.063 -0.138 0.973 0.0 0.056 -0.223 0.469 0.0 0.81 -0.353 -0.701 -0.0 -0.694 0.162 -1.0 -0.0 0.02 0.014 0.683 0.0 -0.729 0.037 0.996 -0.0 0.004 0.089 
-0.626 0.026 -0.068 -0.777 -0.758 -0.0 -0.652 -0.002 -0.988 0.0 -0.063 -0.138 0.973 0.0 0.057 -0.224 0.469 0.0 0.808 -0.358 -0.701 0.0 -0.694 0.163 -1.0 -0.0 0.02 0.014 0.683 0.0 -0.729 0.038 0.996 0.0 0.004 0.089 
-0.626 0.026 -0.068 -0.777 -0.758 -0.0 -0.652 -0.002 -0.989 0.0 -0.062 -0.137 0.973 0.0 0.057 -0.225 0.469 0.0 0.805 -0.362 -0.701 0.0 -0.694 0.163 -1.0 0.0 0.02 0.014 0.684 -0.0 -0.729 0.039 0.996 0.0 0.004 0.089 
-0.626 0.027 -0.068 -0.777 -0.758 -0.0 -0.652 -0.002 -0.989 -0.0 -0.062 -0.137 0.973 0.0 0.058 -0.225 0.47 0.0 0.802 -0.368 -0.701 -0.0 -0.694 0.164 -1.0 -0.0 0.02 0.014 0.684 0.0 -0.729 0.039 0.996 0.0 0.004 0.089 
-0.626 0.027 -0.069 -0.777 -0.758 0.0 -0.652 -0.002 -0.989 -0.0 -0.061 -0.136 0.972 0.0 0.059 -0.227 0.471 0.0 0.8 -0.372 -0.701 -0.0 -0.694 0.165 -1.0 -0.0 0.02 0.014 0.684 0.0 -0.729 0.04 0.996 0.0 0.004 0.089 
-0.625 0.027 -0.069 -0.777 -0.758 0.0 -0.652 -0.002 -0.989 -0.0 -0.063 -0.137 0.972 0.0 0.06 -0.229 0.473 0.0 0.795 -0.381 -0.701 -0.0 -0.693 0.166 -1.0 0.0 0.02 0.013 0.684 -0.0 -0.729 0.041 0.996 0.0 0.004 0.089 
-0.625 0.027 -0.07 -0.777 -0.759 -0.0 -0.652 -0.002 -0.989 -0.0 -0.063 -0.137 0.971 0.0 0.06 -0.23 0.473 0.0 0.792 -0.386 -0.701 0.0 -0.693 0.167 -1.0 0.0 0.02 0.013 0.684 0.0 -0.729 0.042 0.996 0.0 0.004 0.089 
-0.625 0.028 -0.07 -0.777 -0.759 0.0 -0.652 -0.002 -0.989 -0.0 -0.062 -0.136 0.971 0.0 0.061 -0.231 0.474 -0.0 0.789 -0.392 -0.701 0.0 -0.693 0.168 -1.0 -0.0 0.02 0.014 0.684 0.0 -0.729 0.042 0.996 -0.0 0.004 0.09 
-0.625 0.028 -0.07 -0.777 -0.759 -0.0 -0.652 -0.003 -0.989 -0.0 -0.062 -0.136 0.971 -0.0 0.062 -0.23 0.474 0.0 0.787 -0.395 -0.701 -0.0 -0.693 0.168 -1.0 -0.0 0.019 0.014 0.684 0.0 -0.729 0.043 0.996 0.0 0.005 0.09 
-0.625 0.028 -0.071 -0.777 -0.759 -0.0 -0.651 -0.003 -0.989 0.0 -0.061 -0.136 0.971 0.0 0.062 -0.232 0.475 0.0 0.782 -0.403 -0.701 -0.0 -0.692 0.169 -1.0 -0.0 0.019 0.014 0.684 0.0 -0.729 0.043 0.996 -0.0 0.005 0.09 
-0.625 0.028 -0.071 -0.777 -0.759 0.0 -0.651 -0.003 -0.989 -0.0 -0.061 -0.136 0.971 0.0 0.063 -0.232 0.476 -0.0 0.78 -0.406 -0.702 -0.0 -0.692 0.169 -1.0 -0.0 0.019 0.014 0.683 0.0 -0.729 0.043 0.996 0.0 0.005 0.091 
-0.625 0.029 -0.071 -0.777 -0.759 -0.0 -0.651 -0.003 -0.989 0.0 -0.058 -0.135 0.971 0.0 0.062 -0.233 0.477 0.0 0.775 -0.414 -0.702 -0.0 -0.692 0.17 -1.0 -0.0 0.019 0.015 0.683 0.0 -0.729 0.044 0.996 0.0 0.006 0.091 
-0.625 0.029 -0.071 -0.777 -0.759 -0.0 -0.652 -0.003 -0.989 -0.0 -0.06 -0.137 0.97 0.0 0.064 -0.233 0.477 0.0 0.774 -0.417 -0.701 -0.0 -0.692 0.17 -1.0 -0.0 0.019 0.015 0.683 0.0 -0.729 0.043 0.996 -0.0 0.006 0.092 
-0.624 0.029 -0.071 -0.777 -0.759 -0.0 -0.651 -0.002 -0.989 -0.0 -0.06 -0.138 0.971 0.0 0.064 -0.232 0.478 0.0 0.769 -0.423 -0.701 -0.0 -0.692 0.171 -1.0 -0.0 0.019 0.015 0.683 -0.0 -0.729 0.043 0.996 -0.0 0.006 0.092 
-0.624 0.029 -0.072 -0.778 -0.759 -0.0 -0.651 -0.002 -0.989 -0.0 -0.06 -0.138 0.97 0.0 0.064 -0.233 0.479 0.0 0.766 -0.429 -0.701 -0.0 -0.692 0.171 -1.0 -0.0 0.019 0.015 0.683 0.0 -0.729 0.044 0.996 0.0 0.007 0.093 
-0.624 0.029 -0.072 -0.778 -0.759 -0.0 -0.651 -0.002 -0.988 0.0 -0.061 -0.139 0.97 0.0 0.065 -0.234 0.48 0.0 0.763 -0.433 -0.701 -0.0 -0.692 0.171 -1.0 -0.0 0.02 0.016 0.683 0.0 -0.729 0.044 0.996 0.0 0.007 0.093 
-0.624 0.029 -0.072 -0.778 -0.759 -0.0 -0.651 -0.001 -0.989 0.0 -0.058 -0.139 0.97 -0.0 0.064 -0.235 0.481 0.0 0.76 -0.438 -0.701 -0.0 -0.692 0.171 -1.0 0.0 0.02 0.016 0.683 0.0 -0.729 0.044 0.996 0.0 0.007 0.093 
-0.623 0.03 -0.072 -0.778 -0.759 -0.0 -0.651 -0.001 -0.988 0.0 -0.061 -0.141 0.969 0.0 0.064 -0.237 0.482 -0.0 0.755 -0.444 -0.701 0.0 -0.692 0.172 -1.0 -0.0 0.02 0.016 0.683 0.0 -0.729 0.044 0.996 0.0 0.007 0.093 
-0.623 0.03 -0.072 -0.778 -0.759 0.0 -0.652 -0.0 -0.988 -0.0 -0.059 -0.14 0.969 0.0 0.064 -0.237 0.483 0.0 0.752 -0.448 -0.701 0.0 -0.692 0.172 -1.0 -0.0 0.02 0.016 0.683 0.0 -0.729 0.044 0.996 0.0 0.007 0.094 
-0.623 0.03 -0.073 -0.778 -0.759 -0.0 -0.651 0.0 -0.988 -0.0 -0.062 -0.142 0.97 -0.0 0.063 -0.237 0.484 0.0 0.749 -0.453 -0.701 0.0 -0.692 0.172 -1.0 0.0 0.021 0.017 0.683 0.0 -0.729 0.044 0.996 -0.0 0.007 0.094 
-0.623 0.03 -0.073 -0.779 -0.759 0.0 -0.652 0.0 -0.988 -0.0 -0.062 -0.143 0.969 0.0 0.064 -0.238 0.485 0.0 0.745 -0.457 -0.701 -0.0 -0.692 0.172 -1.0 -0.0 0.021 0.017 0.683 0.0 -0.729 0.044 0.996 0.0 0.007 0.094 
-0.622 0.03 -0.073 -0.779 -0.758 -0.0 -0.652 0.001 -0.988 -0.0 -0.061 -0.143 0.97 0.0 0.063 -0.237 0.486 0.0 0.742 -0.462 -0.701 -0.0 -0.692 0.172 -1.0 -0.0 0.021 0.017 0.683 0.0 -0.729 0.044 0.996 0.0 0.007 0.094 
-0.622 0.03 -0.073 -0.779 -0.758 -0.0 -0.652 0.001 -0.988 -0.0 -0.061 -0.143 0.969 0.0 0.062 -0.237 0.486 0.0 0.739 -0.467 -0.701 -0.0 -0.692 0.172 -1.0 -0.0 0.021 0.017 0.683 0.0 -0.729 0.044 0.996 0.0 0.007 0.094 
-0.622 0.03 -0.073 -0.779 -0.758 -0.0 -0.652 0.001 -0.988 -0.0 -0.062 -0.143 0.97 0.0 0.062 -0.237 0.487 0.0 0.735 -0.472 -0.701 -0.0 -0.692 0.172 -1.0 -0.0 0.022 0.017 0.683 0.0 -0.729 0.044 0.996 0.0 0.007 0.093 
-0.622 0.029 -0.073 -0.779 -0.758 -0.0 -0.652 0.001 -0.988 -0.0 -0.062 -0.143 0.97 0.0 0.061 -0.237 0.488 0.0 0.731 -0.477 -0.701 -0.0 -0.693 0.171 -1.0 -0.0 0.022 0.018 0.683 0.0 -0.729 0.044 0.996 0.0 0.007 0.093 
-0.622 0.029 -0.073 -0.779 -0.758 0.0 -0.652 0.001 -0.988 -0.0 -0.063 -0.144 0.97 0.0 0.061 -0.237 0.489 -0.0 0.726 -0.483 -0.701 0.0 -0.693 0.171 -1.0 -0.0 0.022 0.018 0.683 0.0 -0.729 0.044 0.996 0.0 0.007 0.093 
-0.622 0.029 -0.072 -0.779 -0.758 -0.0 -0.653 0.0 -0.988 -0.0 -0.063 -0.144 0.97 0.0 0.061 -0.237 0.49 0.0 0.722 -0.488 -0.7 -0.0 -0.693 0.171 -1.0 -0.0 0.022 0.018 0.683 0.0 -0.73 0.044 0.996 0.0 0.007 0.093 
-0.622 0.029 -0.072 -0.779 -0.758 -0.0 -0.653 0.0 -0.988 0.0 -0.064 -0.144 0.97 0.0 0.061 -0.237 0.492 0.0 0.717 -0.494 -0.7 -0.0 -0.693 0.171 -1.0 -0.0 0.022 0.018 0.683 0.0 -0.73 0.044 0.996 0.0 0.007 0.093 
-0.622 0.029 -0.072 -0.779 -0.757 -0.0 -0.653 0.0 -0.988 -0.0 -0.064 -0.144 0.97 0.0 0.06 -0.236 0.493 0.0 0.713 -0.499 -0.7 -0.0 -0.693 0.171 -1.0 0.0 0.022 0.018 0.683 0.0 -0.73 0.043 0.996 0.0 0.007 0.093 
-0.622 0.029 -0.072 -0.78 -0.757 0.0 -0.653 -0.0 -0.987 0.0 -0.064 -0.144 0.97 0.0 0.059 -0.235 0.494 0.0 0.708 -0.505 -0.7 0.0 -0.693 0.171 -1.0 -0.0 0.023 0.018 0.683 0.0 -0.73 0.043 0.996 -0.0 0.007 0.093 
-0.621 0.029 -0.072 -0.78 -0.757 -0.0 -0.654 -0.0 -0.987 -0.0 -0.065 -0.144 0.97 0.0 0.059 -0.235 0.495 0.0 0.703 -0.51 -0.7 -0.0 -0.693 0.171 -1.0 0.0 0.022 0.018 0.683 0.0 -0.729 0.043 0.996 0.0 0.007 0.093 
-0.621 0.029 -0.072 -0.78 -0.757 -0.0 -0.654 -0.001 -0.987 -0.0 -0.065 -0.144 0.971 0.0 0.058 -0.234 0.496 -0.0 0.699 -0.515 -0.701 -0.0 -0.693 0.171 -1.0 -0.0 0.022 0.017 0.683 -0.0 -0.729 0.043 0.996 0.0 0.007 0.093 
-0.621 0.029 -0.072 -0.78 -0.756 -0.0 -0.654 -0.001 -0.987 -0.0 -0.064 -0.144 0.971 0.0 0.057 -0.233 0.497 0.0 0.694 -0.521 -0.701 -0.0 -0.693 0.171 -1.0 -0.0 0.022 0.017 0.683 0.0 -0.729 0.043 0.996 0.0 0.007 0.092 
-0.621 0.029 -0.072 -0.78 -0.756 -0.0 -0.655 -0.002 -0.987 -0.0 -0.064 -0.144 0.971 0.0 0.057 -0.232 0.499 0.0 0.689 -0.526 -0.701 -0.0 -0.693 0.171 -1.0 -0.0 0.022 0.017 0.683 0.0 -0.729 0.043 0.996 0.0 0.006 0.092 
-0.622 0.029 -0.072 -0.78 -0.756 -0.0 -0.655 -0.002 -0.987 -0.0 -0.064 -0.144 0.971 -0.0 0.057 -0.231 0.5 -0.0 0.684 -0.531 -0.701 -0.0 -0.693 0.17 -1.0 -0.0 0.022 0.017 0.683 0.0 -0.729 0.043 0.996 -0.0 0.006 0.092 
-0.622 0.029 -0.072 -0.78 -0.755 -0.0 -0.655 -0.003 -0.987 -0.0 -0.064 -0.144 0.972 -0.0 0.056 -0.23 0.501 -0.0 0.679 -0.536 -0.701 -0.0 -0.693 0.17 -1.0 -0.0 0.021 0.017 0.683 0.0 -0.729 0.043 0.996 0.0 0.006 0.092 
-0.622 0.028 -0.072 -0.779 -0.755 -0.0 -0.656 -0.003 -0.988 -0.0 -0.063 -0.144 0.972 0.0 0.056 -0.229 0.502 0.0 0.675 -0.541 -0.701 -0.0 -0.693 0.17 -1.0 -0.0 0.021 0.017 0.683 0.0 -0.729 0.042 0.996 0.0 0.005 0.092 
-0.622 0.028 -0.072 -0.779 -0.755 -0.0 -0.656 -0.004 -0.987 -0.0 -0.064 -0.144 0.972 0.0 0.056 -0.228 0.502 0.0 0.67 -0.546 -0.701 0.0 -0.693 0.17 -1.0 -0.0 0.021 0.016 0.683 0.0 -0.729 0.042 0.996 0.0 0.005 0.092 
-0.622 0.028 -0.072 -0.779 -0.754 -0.0 -0.656 -0.004 -0.987 -0.0 -0.063 -0.144 0.973 0.0 0.055 -0.226 0.503 0.0 0.665 -0.553 -0.701 -0.0 -0.693 0.17 -1.0 -0.0 0.021 0.016 0.683 0.0 -0.729 0.042 0.996 0.0 0.005 0.092 
-0.622 0.028 -0.072 -0.779 -0.754 0.0 -0.657 -0.004 -0.987 -0.0 -0.063 -0.145 0.973 -0.0 0.055 -0.225 0.503 0.0 0.66 -0.558 -0.701 -0.0 -0.692 0.17 -1.0 -0.0 0.021 0.016 0.683 0.0 -0.729 0.042 0.996 0.0 0.005 0.092 
-0.622 0.028 -0.071 -0.779 -0.754 -0.0 -0.657 -0.005 -0.987 -0.0 -0.063 -0.145 0.973 0.0 0.054 -0.224 0.503 0.0 0.656 -0.563 -0.701 -0.0 -0.692 0.17 -1.0 -0.0 0.021 0.016 0.683 -0.0 -0.729 0.042 0.996 0.0 0.004 0.092 
-0.622 0.028 -0.071 -0.779 -0.754 -0.0 -0.657 -0.005 -0.987 -0.0 -0.063 -0.145 0.973 0.0 0.055 -0.223 0.503 -0.0 0.651 -0.568 -0.701 -0.0 -0.692 0.17 -1.0 -0.0 0.02 0.016 0.683 0.0 -0.729 0.042 0.996 0.0 0.004 0.092 
-0.622 0.028 -0.071 -0.779 -0.753 -0.0 -0.658 -0.006 -0.987 -0.0 -0.063 -0.145 0.974 0.0 0.054 -0.222 0.503 -0.0 0.648 -0.572 -0.701 0.0 -0.693 0.169 -1.0 -0.0 0.02 0.016 0.684 -0.0 -0.729 0.041 0.996 0.0 0.004 0.092 
-0.622 0.028 -0.071 -0.779 -0.753 0.0 -0.658 -0.006 -0.987 0.0 -0.063 -0.146 0.974 0.0 0.053 -0.22 0.503 -0.0 0.644 -0.576 -0.701 -0.0 -0.693 0.169 -1.0 -0.0 0.02 0.016 0.684 0.0 -0.729 0.041 0.996 -0.0 0.004 0.092 
-0.622 0.028 -0.071 -0.779 -0.753 0.0 -0.658 -0.006 -0.987 0.0 -0.064 -0.146 0.975 0.0 0.052 -0.217 0.503 0.0 0.64 -0.581 -0.701 -0.0 -0.692 0.169 -1.0 -0.0 0.02 0.015 0.684 0.0 -0.729 0.041 0.996 0.0 0.004 0.092 
-0.622 0.028 -0.071 -0.779 -0.753 0.0 -0.658 -0.007 -0.987 -0.0 -0.065 -0.145 0.975 0.0 0.052 -0.215 0.502 0.0 0.639 -0.583 -0.701 -0.0 -0.693 0.169 -1.0 -0.0 0.02 0.015 0.684 0.0 -0.729 0.04 0.996 0.0 0.004 0.092 
-0.622 0.027 -0.07 -0.779 -0.752 -0.0 -0.659 -0.007 -0.987 0.0 -0.064 -0.147 0.976 -0.0 0.051 -0.212 0.501 0.0 0.638 -0.584 -0.701 -0.0 -0.693 0.168 -1.0 -0.0 0.02 0.015 0.684 0.0 -0.729 0.039 0.996 0.0 0.004 0.092 
-0.622 0.027 -0.07 -0.779 -0.752 -0.0 -0.659 -0.007 -0.987 -0.0 -0.064 -0.147 0.976 0.0 0.051 -0.211 0.501 0.0 0.637 -0.586 -0.701 -0.0 -0.693 0.168 -1.0 -0.0 0.02 0.016 0.684 0.0 -0.729 0.039 0.996 0.0 0.004 0.092 
-0.623 0.027 -0.07 -0.779 -0.752 -0.0 -0.659 -0.007 -0.987 -0.0 -0.064 -0.147 0.977 0.0 0.05 -0.21 0.501 0.0 0.636 -0.586 -0.701 0.0 -0.693 0.167 -1.0 -0.0 0.02 0.016 0.684 0.0 -0.729 0.039 0.996 0.0 0.004 0.092 
-0.623 0.027 -0.07 -0.779 -0.752 0.0 -0.659 -0.008 -0.987 0.0 -0.064 -0.148 0.977 0.0 0.049 -0.208 0.501 0.0 0.637 -0.586 -0.701 -0.0 -0.693 0.167 -1.0 -0.0 0.02 0.016 0.684 0.0 -0.729 0.038 0.996 0.0 0.004 0.092 
-0.623 0.027 -0.07 -0.779 -0.752 -0.0 -0.659 -0.007 -0.987 -0.0 -0.065 -0.148 0.977 0.0 0.048 -0.207 0.5 -0.0 0.637 -0.586 -0.701 -0.0 -0.693 0.167 -1.0 -0.0 0.02 0.016 0.684 -0.0 -0.729 0.038 0.996 0.0 0.004 0.092 
-0.623 0.027 -0.07 -0.779 -0.752 -0.0 -0.659 -0.008 -0.987 -0.0 -0.065 -0.148 0.977 0.0 0.047 -0.207 0.501 0.0 0.637 -0.586 -0.701 -0.0 -0.693 0.167 -1.0 -0.0 0.02 0.016 0.684 0.0 -0.729 0.038 0.996 0.0 0.004 0.093 
-0.623 0.027 -0.07 -0.779 -0.751 -0.0 -0.66 -0.008 -0.987 -0.0 -0.065 -0.148 0.977 0.0 0.046 -0.206 0.501 0.0 0.638 -0.584 -0.701 -0.0 -0.693 0.167 -1.0 -0.0 0.02 0.016 0.684 0.0 -0.729 0.038 0.996 0.0 0.004 0.092 
-0.623 0.027 -0.07 -0.779 -0.751 -0.0 -0.66 -0.008 -0.987 0.0 -0.065 -0.149 0.978 0.0 0.045 -0.205 0.501 0.0 0.641 -0.581 -0.701 -0.0 -0.693 0.166 -1.0 0.0 0.02 0.016 0.684 0.0 -0.729 0.038 0.996 0.0 0.004 0.092 
-0.623 0.027 -0.07 -0.779 -0.751 -0.0 -0.66 -0.008 -0.987 -0.0 -0.066 -0.149 0.978 0.0 0.044 -0.204 0.501 -0.0 0.643 -0.579 -0.701 -0.0 -0.693 0.166 -1.0 0.0 0.02 0.016 0.684 0.0 -0.729 0.038 0.996 -0.0 0.004 0.092 
-0.623 0.027 -0.07 -0.779 -0.752 -0.0 -0.659 -0.009 -0.987 -0.0 -0.067 -0.147 0.978 0.0 0.042 -0.205 0.502 0.0 0.645 -0.577 -0.701 0.0 -0.693 0.166 -1.0 -0.0 0.02 0.015 0.684 -0.0 -0.729 0.038 0.996 0.0 0.004 0.092 
-0.623 0.027 -0.07 -0.779 -0.752 -0.0 -0.659 -0.009 -0.987 -0.0 -0.067 -0.147 0.978 0.0 0.041 -0.203 0.502 0.0 0.648 -0.573 -0.701 -0.0 -0.693 0.166 -1.0 -0.0 0.02 0.015 0.683 0.0 -0.729 0.038 0.996 0.0 0.004 0.092 
-0.623 0.027 -0.07 -0.779 -0.752 -0.0 -0.66 -0.008 -0.987 -0.0 -0.066 -0.149 0.979 0.0 0.04 -0.202 0.502 0.0 0.651 -0.569 -0.701 -0.0 -0.693 0.166 -1.0 -0.0 0.02 0.015 0.683 0.0 -0.729 0.038 0.996 0.0 0.004 0.092 
-0.623 0.027 -0.07 -0.779 -0.752 -0.0 -0.66 -0.009 -0.987 -0.0 -0.067 -0.149 0.979 0.0 0.039 -0.201 0.502 0.0 0.655 -0.565 -0.701 -0.0 -0.693 0.166 -1.0 -0.0 0.02 0.015 0.683 -0.0 -0.729 0.038 0.996 0.0 0.005 0.092 
-0.623 0.027 -0.07 -0.779 -0.752 -0.0 -0.659 -0.01 -0.987 -0.0 -0.067 -0.147 0.979 -0.0 0.039 -0.201 0.502 0.0 0.659 -0.559 -0.701 -0.0 -0.693 0.166 -1.0 -0.0 0.02 0.015 0.683 0.0 -0.729 0.038 0.996 -0.0 0.005 0.092 
-0.623 0.027 -0.07 -0.779 -0.752 0.0 -0.659 -0.009 -0.987 -0.0 -0.067 -0.149 0.979 0.0 0.038 -0.2 0.503 0.0 0.663 -0.555 -0.701 -0.0 -0.693 0.166 -1.0 -0.0 0.02 0.015 0.683 0.0 -0.729 0.038 0.996 -0.0 0.005 0.092 
-0.623 0.027 -0.07 -0.779 -0.752 -0.0 -0.659 -0.009 -0.987 0.0 -0.066 -0.149 0.979 0.0 0.037 -0.2 0.503 0.0 0.667 -0.55 -0.701 -0.0 -0.693 0.167 -1.0 -0.0 0.02 0.015 0.683 0.0 -0.729 0.038 0.996 0.0 0.005 0.092 
-0.623 0.027 -0.07 -0.779 -0.752 -0.0 -0.659 -0.009 -0.987 0.0 -0.066 -0.149 0.979 0.0 0.037 -0.199 0.503 0.0 0.671 -0.544 -0.701 -0.0 -0.693 0.167 -1.0 -0.0 0.02 0.015 0.683 0.0 -0.729 0.038 0.996 0.0 0.005 0.092 
-0.623 0.027 -0.07 -0.779 -0.752 -0.0 -0.659 -0.009 -0.987 -0.0 -0.066 -0.149 0.979 -0.0 0.036 -0.199 0.503 0.0 0.677 -0.538 -0.701 0.0 -0.693 0.167 -1.0 -0.0 0.02 0.015 0.683 0.0 -0.729 0.039 0.996 0.0 0.005 0.092 
-0.623 0.027 -0.07 -0.779 -0.752 -0.0 -0.659 -0.01 -0.987 -0.0 -0.066 -0.149 0.979 0.0 0.035 -0.199 0.502 0.0 0.682 -0.531 -0.701 0.0 -0.693 0.167 -1.0 -0.0 0.02 0.015 0.683 0.0 -0.729 0.039 0.996 0.0 0.005 0.091 
-0.623 0.027 -0.07 -0.779 -0.752 0.0 -0.659 -0.009 -0.987 0.0 -0.066 -0.149 0.979 0.0 0.035 -0.199 0.503 -0.0 0.686 -0.526 -0.701 -0.0 -0.693 0.168 -1.0 -0.0 0.02 0.015 0.683 0.0 -0.729 0.039 0.996 0.0 0.005 0.091 
-0.623 0.027 -0.07 -0.779 -0.753 0.0 -0.658 -0.01 -0.987 -0.0 -0.067 -0.147 0.979 -0.0 0.035 -0.199 0.502 0.0 0.692 -0.519 -0.701 -0.0 -0.693 0.168 -1.0 -0.0 0.02 0.015 0.683 0.0 -0.729 0.04 0.996 0.0 0.005 0.091 
-0.623 0.027 -0.07 -0.779 -0.753 0.0 -0.658 -0.009 -0.987 -0.0 -0.066 -0.149 0.979 0.0 0.035 -0.199 0.502 -0.0 0.697 -0.512 -0.701 -0.0 -0.693 0.168 -1.0 -0.0 0.02 0.015 0.683 0.0 -0.729 0.04 0.996 0.0 0.005 0.091 
-0.623 0.027 -0.07 -0.779 -0.753 0.0 -0.658 -0.009 -0.987 -0.0 -0.065 -0.149 0.98 0.0 0.035 -0.198 0.501 0.0 0.702 -0.505 -0.701 0.0 -0.693 0.168 -1.0 -0.0 0.02 0.014 0.683 -0.0 -0.729 0.04 0.996 -0.0 0.005 0.091 
-0.623 0.027 -0.07 -0.779 -0.753 -0.0 -0.658 -0.009 -0.987 -0.0 -0.065 -0.149 0.98 0.0 0.035 -0.198 0.501 0.0 0.708 -0.497 -0.701 -0.0 -0.693 0.168 -1.0 -0.0 0.02 0.015 0.683 0.0 -0.729 0.041 0.996 0.0 0.005 0.091 
-0.623 0.027 -0.07 -0.779 -0.753 0.0 -0.658 -0.009 -0.987 0.0 -0.065 -0.149 0.98 0.0 0.036 -0.198 0.501 -0.0 0.713 -0.49 -0.701 -0.0 -0.693 0.169 -1.0 -0.0 0.02 0.014 0.683 0.0 -0.729 0.041 0.996 0.0 0.005 0.091 
-0.623 0.027 -0.071 -0.779 -0.753 -0.0 -0.658 -0.009 -0.987 0.0 -0.065 -0.149 0.98 0.0 0.036 -0.198 0.501 0.0 0.718 -0.484 -0.701 -0.0 -0.693 0.169 -1.0 0.0 0.02 0.014 0.683 0.0 -0.729 0.041 0.996 0.0 0.005 0.09 
-0.623 0.027 -0.071 -0.779 -0.754 -0.0 -0.657 -0.009 -0.987 -0.0 -0.065 -0.148 0.98 0.0 0.037 -0.198 0.5 0.0 0.723 -0.477 -0.701 0.0 -0.693 0.169 -1.0 -0.0 0.02 0.014 0.683 0.0 -0.729 0.042 0.996 0.0 0.005 0.09 
-0.623 0.027 -0.071 -0.779 -0.754 -0.0 -0.657 -0.009 -0.987 0.0 -0.064 -0.148 0.98 0.0 0.037 -0.198 0.499 0.0 0.728 -0.469 -0.701 -0.0 -0.693 0.169 -1.0 0.0 0.02 0.014 0.683 0.0 -0.729 0.042 0.996 0.0 0.005 0.09 
-0.623 0.027 -0.071 -0.779 -0.754 -0.0 -0.657 -0.01 -0.987 -0.0 -0.064 -0.148 0.98 -0.0 0.038 -0.198 0.499 -0.0 0.733 -0.462 -0.701 -0.0 -0.693 0.17 -1.0 0.0 0.02 0.014 0.683 0.0 -0.729 0.042 0.996 0.0 0.005 0.09 
-0.623 0.027 -0.071 -0.779 -0.754 -0.0 -0.656 -0.009 -0.987 -0.0 -0.064 -0.148 0.979 0.0 0.038 -0.198 0.498 0.0 0.738 -0.455 -0.701 0.0 -0.692 0.17 -1.0 -0.0 0.02 0.014 0.683 0.0 -0.729 0.043 0.996 0.0 0.006 0.089 
-0.623 0.027 -0.071 -0.779 -0.755 -0.0 -0.656 -0.009 -0.987 0.0 -0.064 -0.148 0.979 -0.0 0.039 -0.199 0.497 -0.0 0.743 -0.447 -0.701 -0.0 -0.692 0.17 -1.0 -0.0 0.02 0.014 0.683 -0.0 -0.729 0.043 0.996 0.0 0.006 0.089 
-0.623 0.027 -0.071 -0.779 -0.755 -0.0 -0.656 -0.009 -0.987 -0.0 -0.064 -0.148 0.979 0.0 0.04 -0.2 0.496 0.0 0.748 -0.441 -0.701 0.0 -0.692 0.171 -1.0 -0.0 0.02 0.014 0.683 0.0 -0.729 0.044 0.996 0.0 0.006 0.089 
-0.623 0.028 -0.071 -0.779 -0.755 -0.0 -0.656 -0.009 -0.987 -0.0 -0.063 -0.148 0.979 0.0 0.041 -0.2 0.496 0.0 0.752 -0.435 -0.701 -0.0 -0.692 0.172 -1.0 0.0 0.02 0.013 0.683 0.0 -0.729 0.044 0.996 0.0 0.006 0.089 
-0.623 0.028 -0.071 -0.779 -0.755 -0.0 -0.655 -0.009 -0.987 0.0 -0.063 -0.147 0.979 -0.0 0.042 -0.201 0.494 0.0 0.757 -0.427 -0.701 -0.0 -0.692 0.172 -1.0 0.0 0.02 0.013 0.683 0.0 -0.729 0.044 0.996 -0.0 0.006 0.089 
-0.622 0.028 -0.072 -0.779 -0.756 -0.0 -0.655 -0.009 -0.987 -0.0 -0.063 -0.147 0.978 -0.0 0.044 -0.202 0.493 0.0 0.762 -0.42 -0.701 -0.0 -0.692 0.173 -1.0 -0.0 0.02 0.013 0.683 -0.0 -0.729 0.045 0.996 0.0 0.006 0.089 
-0.622 0.028 -0.072 -0.779 -0.756 -0.0 -0.655 -0.008 -0.987 -0.0 -0.063 -0.147 0.978 0.0 0.045 -0.203 0.492 0.0 0.767 -0.411 -0.701 -0.0 -0.692 0.173 -1.0 -0.0 0.02 0.013 0.683 0.0 -0.729 0.045 0.996 0.0 0.006 0.089 
-0.622 0.028 -0.072 -0.779 -0.756 0.0 -0.654 -0.008 -0.987 -0.0 -0.063 -0.147 0.978 -0.0 0.046 -0.204 0.491 -0.0 0.772 -0.404 -0.701 -0.0 -0.692 0.173 -1.0 -0.0 0.02 0.013 0.683 0.0 -0.729 0.045 0.996 0.0 0.006 0.089 
-0.622 0.028 -0.072 -0.779 -0.756 -0.0 -0.654 -0.008 -0.987 0.0 -0.063 -0.146 0.978 0.0 0.047 -0.205 0.49 -0.0 0.776 -0.396 -0.701 -0.0 -0.692 0.173 -1.0 -0.0 0.02 0.013 0.683 0.0 -0.729 0.045 0.996 -0.0 0.007 0.089 
-0.622 0.028 -0.072 -0.779 -0.757 -0.0 -0.654 -0.008 -0.987 -0.0 -0.063 -0.146 0.977 0.0 0.049 -0.206 0.489 0.0 0.781 -0.388 -0.701 -0.0 -0.692 0.173 -1.0 -0.0 0.02 0.013 0.683 0.0 -0.729 0.045 0.996 -0.0 0.007 0.09 
-0.622 0.028 -0.072 -0.779 -0.757 -0.0 -0.653 -0.008 -0.987 -0.0 -0.063 -0.146 0.977 0.0 0.05 -0.208 0.488 0.0 0.786 -0.381 -0.701 -0.0 -0.692 0.173 -1.0 -0.0 0.02 0.013 0.683 0.0 -0.729 0.045 0.996 0.0 0.007 0.09 
-0.621 0.028 -0.072 -0.78 -0.757 -0.0 -0.653 -0.007 -0.987 0.0 -0.063 -0.146 0.977 0.0 0.051 -0.209 0.487 0.0 0.79 -0.373 -0.701 0.0 -0.692 0.174 -1.0 -0.0 0.02 0.013 0.683 0.0 -0.729 0.045 0.996 0.0 0.007 0.09 
-0.621 0.028 -0.072 -0.78 -0.758 0.0 -0.653 -0.007 -0.987 -0.0 -0.063 -0.146 0.976 0.0 0.052 -0.211 0.486 0.0 0.795 -0.364 -0.701 -0.0 -0.692 0.174 -1.0 -0.0 0.02 0.013 0.683 0.0 -0.729 0.045 0.996 0.0 0.007 0.09 
-0.621 0.028 -0.072 -0.78 -0.758 -0.0 -0.652 -0.007 -0.987 -0.0 -0.063 -0.145 0.976 0.0 0.054 -0.212 0.485 0.0 0.799 -0.356 -0.701 -0.0 -0.692 0.174 -1.0 -0.0 0.02 0.014 0.683 0.0 -0.729 0.045 0.996 0.0 0.007 0.09 
-0.621 0.028 -0.072 -0.78 -0.758 -0.0 -0.652 -0.007 -0.987 -0.0 -0.062 -0.145 0.975 0.0 0.055 -0.214 0.484 0.0 0.803 -0.348 -0.7 -0.0 -0.692 0.174 -1.0 -0.0 0.02 0.014 0.683 0.0 -0.729 0.044 0.996 0.0 0.007 0.09 
-0.621 0.028 -0.072 -0.78 -0.759 -0.0 -0.652 -0.006 -0.987 -0.0 -0.063 -0.145 0.975 0.0 0.056 -0.215 0.482 0.0 0.807 -0.34 -0.701 0.0 -0.692 0.174 -1.0 -0.0 0.02 0.014 0.683 0.0 -0.729 0.044 0.996 0.0 0.007 0.09 
-0.62 0.028 -0.072 -0.781 -0.759 -0.0 -0.651 -0.006 -0.987 -0.0 -0.063 -0.145 0.974 0.0 0.058 -0.22 0.48 0.0 0.813 -0.329 -0.7 -0.0 -0.692 0.174 -1.0 -0.0 0.02 0.014 0.683 0.0 -0.729 0.044 0.996 0.0 0.007 0.091 
-0.62 0.028 -0.072 -0.781 -0.759 -0.0 -0.651 -0.006 -0.988 0.0 -0.062 -0.145 0.973 -0.0 0.059 -0.221 0.479 0.0 0.817 -0.32 -0.7 -0.0 -0.692 0.175 -1.0 -0.0 0.02 0.014 0.683 0.0 -0.729 0.044 0.996 0.0 0.007 0.09 
-0.62 0.028 -0.072 -0.781 -0.759 -0.0 -0.651 -0.006 -0.988 0.0 -0.062 -0.144 0.973 0.0 0.06 -0.222 0.477 0.0 0.821 -0.312 -0.7 -0.0 -0.692 0.175 -1.0 -0.0 0.021 0.014 0.683 0.0 -0.729 0.044 0.996 0.0 0.007 0.09 
-0.62 0.028 -0.072 -0.781 -0.759 -0.0 -0.651 -0.006 -0.988 -0.0 -0.062 -0.144 0.973 0.0 0.061 -0.223 0.476 0.0 0.825 -0.305 -0.7 0.0 -0.692 0.175 -1.0 -0.0 0.021 0.014 0.683 -0.0 -0.729 0.044 0.996 0.0 0.007 0.09 
-0.619 0.028 -0.072 -0.781 -0.76 -0.0 -0.65 -0.006 -0.988 -0.0 -0.062 -0.144 0.973 0.0 0.062 -0.224 0.475 0.0 0.828 -0.297 -0.7 -0.0 -0.692 0.175 -1.0 -0.0 0.02 0.014 0.683 0.0 -0.729 0.044 0.996 -0.0 0.007 0.09 
-0.619 0.028 -0.072 -0.781 -0.76 -0.0 -0.65 -0.006 -0.988 -0.0 -0.062 -0.144 0.972 0.0 0.063 -0.224 0.474 0.0 0.831 -0.29 -0.7 -0.0 -0.692 0.174 -1.0 -0.0 0.021 0.014 0.683 0.0 -0.729 0.044 0.996 0.0 0.007 0.09 
-0.619 0.028 -0.072 -0.781 -0.76 -0.0 -0.65 -0.006 -0.988 0.0 -0.062 -0.143 0.972 0.0 0.064 -0.225 0.473 0.0 0.834 -0.284 -0.7 -0.0 -0.692 0.174 -1.0 -0.0 0.021 0.014 0.683 0.0 -0.729 0.044 0.996 -0.0 0.007 0.09 
-0.619 0.028 -0.072 -0.781 -0.76 0.0 -0.65 -0.006 -0.988 -0.0 -0.062 -0.143 0.972 0.0 0.065 -0.226 0.472 0.0 0.837 -0.278 -0.7 -0.0 -0.692 0.174 -1.0 -0.0 0.021 0.015 0.683 0.0 -0.729 0.044 0.996 0.0 0.007 0.09 
-0.619 0.028 -0.072 -0.781 -0.76 -0.0 -0.649 -0.006 -0.988 -0.0 -0.062 -0.143 0.972 0.0 0.066 -0.228 0.471 0.0 0.839 -0.273 -0.7 -0.0 -0.692 0.175 -1.0 -0.0 0.02 0.014 0.683 0.0 -0.729 0.044 0.996 0.0 0.007 0.09 
-0.619 0.028 -0.072 -0.781 -0.761 0.0 -0.649 -0.006 -0.988 -0.0 -0.061 -0.143 0.971 0.0 0.067 -0.228 0.471 0.0 0.841 -0.268 -0.7 0.0 -0.692 0.175 -1.0 -0.0 0.021 0.015 0.683 0.0 -0.729 0.044 0.996 0.0 0.007 0.09 
-0.619 0.028 -0.073 -0.781 -0.761 -0.0 -0.649 -0.006 -0.988 -0.0 -0.061 -0.143 0.971 -0.0 0.067 -0.229 0.469 -0.0 0.843 -0.264 -0.7 0.0 -0.692 0.175 -1.0 0.0 0.021 0.015 0.683 0.0 -0.729 0.045 0.996 0.0 0.006 0.09 
-0.619 0.028 -0.073 -0.781 -0.761 -0.0 -0.649 -0.006 -0.988 -0.0 -0.061 -0.143 0.971 -0.0 0.068 -0.229 0.469 0.0 0.844 -0.26 -0.7 -0.0 -0.692 0.175 -1.0 -0.0 0.021 0.015 0.683 -0.0 -0.729 0.045 0.996 -0.0 0.006 0.09 
-0.619 0.028 -0.073 -0.781 -0.761 -0.0 -0.649 -0.006 -0.988 -0.0 -0.061 -0.143 0.971 0.0 0.069 -0.229 0.469 0.0 0.845 -0.258 -0.7 -0.0 -0.692 0.175 -1.0 -0.0 0.02 0.015 0.683 0.0 -0.729 0.045 0.996 -0.0 0.007 0.09 
-0.619 0.028 -0.073 -0.781 -0.761 -0.0 -0.649 -0.006 -0.988 0.0 -0.061 -0.143 0.971 0.0 0.07 -0.23 0.469 0.0 0.846 -0.255 -0.7 -0.0 -0.692 0.175 -1.0 0.0 0.02 0.015 0.683 0.0 -0.729 0.045 0.996 0.0 0.007 0.09 
-0.619 0.028 -0.073 -0.781 -0.761 -0.0 -0.648 -0.006 -0.988 -0.0 -0.061 -0.143 0.971 0.0 0.07 -0.23 0.469 0.0 0.846 -0.253 -0.7 -0.0 -0.692 0.175 -1.0 -0.0 0.02 0.015 0.683 0.0 -0.729 0.046 0.996 0.0 0.007 0.09 
-0.619 0.028 -0.073 -0.781 -0.761 0.0 -0.648 -0.006 -0.988 0.0 -0.061 -0.143 0.971 0.0 0.071 -0.23 0.469 -0.0 0.846 -0.252 -0.7 -0.0 -0.692 0.175 -1.0 -0.0 0.02 0.015 0.683 0.0 -0.729 0.046 0.996 0.0 0.007 0.09 
-0.619 0.028 -0.073 -0.781 -0.761 -0.0 -0.648 -0.006 -0.988 -0.0 -0.06 -0.143 0.971 0.0 0.071 -0.229 0.469 0.0 0.846 -0.254 -0.7 -0.0 -0.692 0.176 -1.0 -0.0 0.02 0.015 0.683 0.0 -0.729 0.046 0.996 0.0 0.007 0.09 
-0.619 0.028 -0.073 -0.781 -0.761 -0.0 -0.648 -0.006 -0.988 0.0 -0.061 -0.143 0.97 0.0 0.072 -0.23 0.469 0.0 0.846 -0.254 -0.7 0.0 -0.692 0.176 -1.0 -0.0 0.02 0.014 0.683 -0.0 -0.729 0.046 0.996 0.0 0.007 0.09 
-0.619 0.028 -0.073 -0.781 -0.762 0.0 -0.648 -0.006 -0.988 -0.0 -0.061 -0.143 0.97 0.0 0.072 -0.23 0.47 0.0 0.845 -0.255 -0.701 -0.0 -0.692 0.176 -1.0 -0.0 0.02 0.014 0.683 0.0 -0.729 0.046 0.996 0.0 0.007 0.09 
-0.619 0.029 -0.073 -0.781 -0.762 0.0 -0.648 -0.006 -0.988 -0.0 -0.061 -0.143 0.97 0.0 0.072 -0.231 0.469 0.0 0.845 -0.258 -0.7 -0.0 -0.692 0.176 -1.0 -0.0 0.02 0.014 0.683 0.0 -0.729 0.046 0.996 0.0 0.007 0.09 
-0.619 0.029 -0.073 -0.781 -0.762 -0.0 -0.648 -0.006 -0.988 0.0 -0.061 -0.143 0.971 0.0 0.072 -0.23 0.47 -0.0 0.843 -0.262 -0.7 -0.0 -0.692 0.176 -1.0 -0.0 0.02 0.015 0.683 0.0 -0.729 0.046 0.996 0.0 0.007 0.09 
-0.619 0.029 -0.073 -0.781 -0.762 -0.0 -0.648 -0.006 -0.988 -0.0 -0.061 -0.143 0.97 0.0 0.072 -0.23 0.47 0.0 0.842 -0.265 -0.7 -0.0 -0.692 0.176 -1.0 -0.0 0.02 0.014 0.683 0.0 -0.729 0.046 0.996 0.0 0.007 0.09 
-0.619 0.029 -0.073 -0.781 -0.762 0.0 -0.648 -0.006 -0.988 -0.0 -0.061 -0.143 0.971 0.0 0.072 -0.23 0.47 0.0 0.84 -0.271 -0.7 -0.0 -0.692 0.176 -1.0 -0.0 0.02 0.014 0.683 0.0 -0.729 0.046 0.996 0.0 0.007 0.09 
-0.619 0.029 -0.073 -0.781 -0.762 -0.0 -0.648 -0.007 -0.988 -0.0 -0.061 -0.143 0.971 -0.0 0.072 -0.229 0.471 0.0 0.838 -0.277 -0.7 -0.0 -0.692 0.176 -1.0 -0.0 0.02 0.015 0.683 0.0 -0.729 0.046 0.996 0.0 0.007 0.09 
-0.619 0.029 -0.073 -0.781 -0.761 -0.0 -0.648 -0.007 -0.988 -0.0 -0.061 -0.143 0.971 0.0 0.072 -0.229 0.471 -0.0 0.835 -0.283 -0.7 -0.0 -0.692 0.176 -1.0 -0.0 0.02 0.015 0.683 0.0 -0.729 0.046 0.996 0.0 0.008 0.091 
-0.619 0.029 -0.073 -0.781 -0.761 0.0 -0.648 -0.007 -0.988 -0.0 -0.062 -0.143 0.971 0.0 0.072 -0.228 0.472 0.0 0.832 -0.291 -0.7 -0.0 -0.692 0.176 -1.0 -0.0 0.02 0.015 0.683 0.0 -0.729 0.046 0.996 0.0 0.007 0.091 
-0.619 0.029 -0.074 -0.781 -0.761 0.0 -0.648 -0.007 -0.988 -0.0 -0.062 -0.144 0.971 0.0 0.072 -0.227 0.473 0.0 0.829 -0.298 -0.7 -0.0 -0.692 0.176 -1.0 -0.0 0.02 0.015 0.683 0.0 -0.729 0.046 0.996 0.0 0.007 0.091 
-0.619 0.029 -0.074 -0.781 -0.761 -0.0 -0.648 -0.007 -0.988 -0.0 -0.062 -0.144 0.971 0.0 0.073 -0.226 0.474 -0.0 0.826 -0.307 -0.7 -0.0 -0.692 0.176 -1.0 -0.0 0.02 0.015 0.683 0.0 -0.729 0.046 0.996 -0.0 0.007 0.091 
-0.619 0.029 -0.074 -0.781 -0.761 -0.0 -0.648 -0.007 -0.988 0.0 -0.062 -0.144 0.971 0.0 0.072 -0.226 0.474 0.0 0.822 -0.314 -0.7 -0.0 -0.692 0.176 -1.0 -0.0 0.02 0.015 0.684 0.0 -0.728 0.046 0.996 0.0 0.007 0.091 
-0.619 0.029 -0.074 -0.781 -0.761 -0.0 -0.649 -0.007 -0.988 -0.0 -0.062 -0.144 0.972 -0.0 0.072 -0.225 0.474 0.0 0.819 -0.323 -0.7 -0.0 -0.692 0.176 -1.0 -0.0 0.019 0.015 0.684 0.0 -0.728 0.046 0.996 0.0 0.007 0.091 
-0.619 0.029 -0.074 -0.781 -0.761 -0.0 -0.649 -0.007 -0.988 -0.0 -0.063 -0.144 0.972 0.0 0.071 -0.225 0.475 0.0 0.815 -0.331 -0.7 -0.0 -0.692 0.176 -1.0 -0.0 0.02 0.015 0.684 -0.0 -0.728 0.046 0.996 0.0 0.007 0.092 
-0.619 0.029 -0.074 -0.781 -0.761 -0.0 -0.649 -0.007 -0.988 -0.0 -0.063 -0.144 0.972 -0.0 0.071 -0.224 0.476 0.0 0.811 -0.341 -0.7 -0.0 -0.692 0.176 -1.0 -0.0 0.019 0.015 0.684 0.0 -0.728 0.046 0.996 0.0 0.007 0.092 
-0.619 0.029 -0.074 -0.781 -0.761 -0.0 -0.649 -0.007 -0.988 -0.0 -0.063 -0.144 0.972 0.0 0.071 -0.223 0.476 0.0 0.807 -0.35 -0.7 0.0 -0.692 0.176 -1.0 -0.0 0.02 0.015 0.684 0.0 -0.728 0.045 0.996 0.0 0.007 0.092 
-0.619 0.029 -0.074 -0.781 -0.761 -0.0 -0.649 -0.007 -0.988 -0.0 -0.063 -0.144 0.973 -0.0 0.07 -0.22 0.478 0.0 0.801 -0.362 -0.7 -0.0 -0.692 0.176 -1.0 -0.0 0.019 0.015 0.684 0.0 -0.728 0.045 0.996 0.0 0.007 0.092 
-0.619 0.029 -0.074 -0.782 -0.761 0.0 -0.649 -0.007 -0.988 -0.0 -0.063 -0.144 0.973 -0.0 0.071 -0.221 0.479 -0.0 0.796 -0.371 -0.7 -0.0 -0.692 0.177 -1.0 -0.0 0.02 0.016 0.684 -0.0 -0.728 0.045 0.996 0.0 0.007 0.092 
-0.619 0.029 -0.074 -0.782 -0.761 -0.0 -0.649 -0.007 -0.987 0.0 -0.063 -0.145 0.973 0.0 0.069 -0.219 0.479 0.0 0.791 -0.381 -0.7 -0.0 -0.692 0.177 -1.0 -0.0 0.02 0.016 0.684 0.0 -0.728 0.045 0.996 0.0 0.007 0.092 
-0.619 0.029 -0.074 -0.782 -0.761 0.0 -0.649 -0.007 -0.987 -0.0 -0.064 -0.145 0.973 -0.0 0.069 -0.219 0.48 0.0 0.785 -0.392 -0.7 -0.0 -0.692 0.177 -1.0 -0.0 0.019 0.016 0.684 0.0 -0.728 0.045 0.996 0.0 0.006 0.092 
-0.619 0.029 -0.074 -0.782 -0.76 -0.0 -0.649 -0.007 -0.987 -0.0 -0.064 -0.145 0.973 0.0 0.069 -0.219 0.481 -0.0 0.779 -0.401 -0.7 -0.0 -0.692 0.176 -1.0 0.0 0.019 0.016 0.684 0.0 -0.728 0.045 0.996 0.0 0.007 0.093 
-0.619 0.029 -0.074 -0.782 -0.76 -0.0 -0.65 -0.007 -0.987 -0.0 -0.065 -0.145 0.974 0.0 0.069 -0.218 0.482 0.0 0.773 -0.412 -0.7 -0.0 -0.692 0.176 -1.0 -0.0 0.02 0.016 0.684 0.0 -0.728 0.045 0.996 0.0 0.006 0.093 
-0.618 0.029 -0.074 -0.782 -0.76 -0.0 -0.65 -0.006 -0.987 0.0 -0.065 -0.145 0.974 0.0 0.067 -0.217 0.483 0.0 0.767 -0.422 -0.7 -0.0 -0.692 0.176 -1.0 -0.0 0.02 0.016 0.684 -0.0 -0.728 0.044 0.996 0.0 0.007 0.093 
-0.618 0.029 -0.074 -0.782 -0.76 -0.0 -0.65 -0.006 -0.987 -0.0 -0.065 -0.145 0.974 0.0 0.066 -0.217 0.485 0.0 0.761 -0.432 -0.7 0.0 -0.692 0.176 -1.0 -0.0 0.02 0.016 0.684 0.0 -0.728 0.045 0.996 0.0 0.006 0.093 
-0.618 0.029 -0.074 -0.782 -0.76 -0.0 -0.65 -0.007 -0.987 0.0 -0.065 -0.145 0.974 -0.0 0.067 -0.216 0.486 -0.0 0.756 -0.44 -0.7 -0.0 -0.692 0.176 -1.0 -0.0 0.02 0.017 0.684 0.0 -0.728 0.044 0.996 0.0 0.007 0.093 
-0.618 0.029 -0.074 -0.782 -0.76 -0.0 -0.65 -0.006 -0.987 -0.0 -0.066 -0.146 0.974 0.0 0.065 -0.215 0.486 0.0 0.749 -0.451 -0.7 -0.0 -0.692 0.176 -1.0 -0.0 0.02 0.017 0.684 0.0 -0.728 0.044 0.996 0.0 0.006 0.093 
-0.618 0.029 -0.074 -0.782 -0.76 -0.0 -0.65 -0.006 -0.987 -0.0 -0.066 -0.146 0.975 0.0 0.065 -0.215 0.488 -0.0 0.741 -0.461 -0.7 0.0 -0.692 0.176 -1.0 -0.0 0.02 0.017 0.684 0.0 -0.728 0.044 0.996 0.0 0.006 0.093 
-0.618 0.029 -0.074 -0.782 -0.76 -0.0 -0.65 -0.006 -0.987 0.0 -0.066 -0.146 0.975 0.0 0.065 -0.214 0.49 0.0 0.734 -0.471 -0.7 -0.0 -0.692 0.176 -1.0 -0.0 0.02 0.017 0.684 0.0 -0.728 0.044 0.996 0.0 0.006 0.093 
-0.618 0.029 -0.074 -0.782 -0.76 -0.0 -0.65 -0.006 -0.987 -0.0 -0.066 -0.146 0.975 0.0 0.065 -0.214 0.491 -0.0 0.727 -0.48 -0.7 -0.0 -0.692 0.176 -1.0 -0.0 0.02 0.017 0.684 0.0 -0.728 0.044 0.996 0.0 0.006 0.093 
-0.618 0.029 -0.074 -0.782 -0.76 0.0 -0.65 -0.006 -0.987 -0.0 -0.067 -0.146 0.975 -0.0 0.064 -0.213 0.492 0.0 0.72 -0.49 -0.7 -0.0 -0.692 0.175 -1.0 -0.0 0.02 0.017 0.684 -0.0 -0.728 0.043 0.996 0.0 0.006 0.093 
-0.618 0.029 -0.074 -0.782 -0.76 -0.0 -0.65 -0.006 -0.987 -0.0 -0.067 -0.146 0.975 0.0 0.064 -0.212 0.493 -0.0 0.712 -0.5 -0.7 -0.0 -0.692 0.175 -1.0 -0.0 0.019 0.017 0.684 0.0 -0.728 0.043 0.996 0.0 0.006 0.093 
-0.617 0.029 -0.074 -0.783 -0.76 0.0 -0.65 -0.006 -0.987 -0.0 -0.067 -0.147 0.975 0.0 0.065 -0.211 0.494 0.0 0.705 -0.509 -0.7 -0.0 -0.692 0.175 -1.0 -0.0 0.02 0.017 0.684 0.0 -0.728 0.043 0.996 -0.0 0.006 0.093 
-0.617 0.029 -0.074 -0.783 -0.76 -0.0 -0.65 -0.006 -0.987 0.0 -0.067 -0.147 0.976 0.0 0.063 -0.21 0.494 0.0 0.698 -0.519 -0.7 -0.0 -0.692 0.175 -1.0 -0.0 0.019 0.017 0.684 0.0 -0.728 0.043 0.996 0.0 0.006 0.093 
-0.617 0.029 -0.074 -0.783 -0.76 -0.0 -0.65 -0.006 -0.987 0.0 -0.067 -0.147 0.976 0.0 0.063 -0.209 0.494 0.0 0.692 -0.527 -0.7 -0.0 -0.692 0.175 -1.0 -0.0 0.02 0.018 0.684 0.0 -0.728 0.042 0.996 0.0 0.006 0.093 
-0.617 0.029 -0.074 -0.783 -0.76 -0.0 -0.65 -0.006 -0.987 -0.0 -0.068 -0.147 0.976 -0.0 0.063 -0.207 0.494 0.0 0.684 -0.537 -0.7 0.0 -0.692 0.175 -1.0 -0.0 0.02 0.017 0.684 0.0 -0.728 0.043 0.996 0.0 0.006 0.093 
-0.617 0.029 -0.074 -0.783 -0.76 0.0 -0.65 -0.006 -0.987 -0.0 -0.068 -0.148 0.976 0.0 0.062 -0.207 0.494 -0.0 0.679 -0.543 -0.7 -0.0 -0.692 0.174 -1.0 -0.0 0.019 0.018 0.685 0.0 -0.728 0.042 0.996 0.0 0.006 0.093 
-0.617 0.029 -0.074 -0.783 -0.76 -0.0 -0.65 -0.006 -0.987 0.0 -0.068 -0.148 0.977 0.0 0.061 -0.205 0.494 -0.0 0.672 -0.551 -0.7 -0.0 -0.692 0.174 -1.0 -0.0 0.019 0.017 0.685 0.0 -0.728 0.042 0.996 0.0 0.005 0.093 
-0.617 0.029 -0.074 -0.783 -0.76 -0.0 -0.65 -0.006 -0.987 -0.0 -0.068 -0.148 0.977 -0.0 0.061 -0.203 0.494 0.0 0.669 -0.556 -0.7 -0.0 -0.693 0.174 -1.0 -0.0 0.019 0.017 0.685 0.0 -0.728 0.042 0.996 0.0 0.005 0.093 
-0.617 0.029 -0.073 -0.783 -0.76 -0.0 -0.65 -0.006 -0.987 0.0 -0.068 -0.148 0.978 0.0 0.06 -0.202 0.494 -0.0 0.664 -0.561 -0.7 -0.0 -0.693 0.174 -1.0 -0.0 0.019 0.017 0.685 0.0 -0.728 0.041 0.996 0.0 0.005 0.093 
-0.617 0.029 -0.073 -0.783 -0.76 -0.0 -0.65 -0.006 -0.987 -0.0 -0.068 -0.149 0.978 0.0 0.059 -0.201 0.493 0.0 0.662 -0.565 -0.7 -0.0 -0.693 0.174 -1.0 -0.0 0.019 0.017 0.685 0.0 -0.727 0.041 0.996 0.0 0.005 0.093 
-0.617 0.029 -0.073 -0.783 -0.76 -0.0 -0.65 -0.006 -0.986 -0.0 -0.068 -0.149 0.978 0.0 0.058 -0.2 0.493 -0.0 0.659 -0.568 -0.7 0.0 -0.693 0.173 -1.0 -0.0 0.019 0.017 0.685 -0.0 -0.727 0.041 0.996 0.0 0.005 0.093 
-0.617 0.029 -0.073 -0.783 -0.76 -0.0 -0.65 -0.006 -0.986 -0.0 -0.068 -0.149 0.978 0.0 0.057 -0.199 0.493 -0.0 0.658 -0.57 -0.7 -0.0 -0.693 0.173 -1.0 -0.0 0.019 0.017 0.685 0.0 -0.727 0.04 0.996 -0.0 0.004 0.093 
-0.617 0.029 -0.073 -0.783 -0.76 -0.0 -0.65 -0.007 -0.986 -0.0 -0.068 -0.149 0.979 -0.0 0.056 -0.198 0.492 0.0 0.657 -0.571 -0.7 -0.0 -0.693 0.173 -1.0 -0.0 0.019 0.017 0.685 0.0 -0.727 0.04 0.996 0.0 0.005 0.092 
-0.618 0.029 -0.073 -0.783 -0.76 -0.0 -0.65 -0.007 -0.986 -0.0 -0.069 -0.15 0.979 -0.0 0.054 -0.197 0.492 0.0 0.656 -0.572 -0.7 -0.0 -0.693 0.173 -1.0 -0.0 0.019 0.017 0.685 -0.0 -0.727 0.04 0.996 0.0 0.005 0.092 
-0.618 0.029 -0.073 -0.783 -0.76 -0.0 -0.65 -0.007 -0.986 0.0 -0.068 -0.15 0.979 0.0 0.053 -0.196 0.491 0.0 0.657 -0.572 -0.7 -0.0 -0.693 0.172 -1.0 -0.0 0.019 0.017 0.685 0.0 -0.727 0.04 0.996 0.0 0.005 0.092 
-0.618 0.028 -0.072 -0.783 -0.76 -0.0 -0.65 -0.007 -0.986 -0.0 -0.068 -0.15 0.98 0.0 0.052 -0.193 0.49 -0.0 0.661 -0.569 -0.7 -0.0 -0.693 0.172 -1.0 -0.0 0.019 0.017 0.685 0.0 -0.727 0.039 0.996 0.0 0.005 0.092 
-0.618 0.028 -0.072 -0.782 -0.76 -0.0 -0.65 -0.007 -0.986 0.0 -0.068 -0.149 0.98 -0.0 0.051 -0.192 0.489 0.0 0.662 -0.568 -0.7 0.0 -0.693 0.171 -1.0 -0.0 0.018 0.017 0.685 0.0 -0.727 0.039 0.996 0.0 0.005 0.092 
-0.618 0.028 -0.072 -0.782 -0.76 -0.0 -0.65 -0.007 -0.986 -0.0 -0.068 -0.149 0.98 0.0 0.049 -0.191 0.488 -0.0 0.665 -0.565 -0.7 -0.0 -0.693 0.171 -1.0 -0.0 0.018 0.017 0.685 0.0 -0.727 0.039 0.996 0.0 0.005 0.092 
-0.618 0.028 -0.072 -0.782 -0.759 -0.0 -0.651 -0.008 -0.986 -0.0 -0.068 -0.149 0.981 0.0 0.048 -0.19 0.488 0.0 0.667 -0.563 -0.7 -0.0 -0.693 0.171 -1.0 -0.0 0.018 0.017 0.685 -0.0 -0.727 0.038 0.996 0.0 0.005 0.092 
-0.618 0.028 -0.072 -0.782 -0.759 -0.0 -0.651 -0.008 -0.986 -0.0 -0.068 -0.149 0.981 0.0 0.046 -0.19 0.488 -0.0 0.669 -0.561 -0.7 -0.0 -0.693 0.17 -1.0 -0.0 0.018 0.016 0.685 0.0 -0.727 0.038 0.996 0.0 0.005 0.092 
-0.618 0.028 -0.071 -0.782 -0.759 0.0 -0.651 -0.008 -0.987 0.0 -0.068 -0.149 0.981 0.0 0.044 -0.189 0.487 0.0 0.672 -0.558 -0.7 -0.0 -0.693 0.17 -1.0 -0.0 0.018 0.016 0.685 0.0 -0.727 0.038 0.996 -0.0 0.005 0.092 
-0.618 0.028 -0.071 -0.782 -0.759 -0.0 -0.651 -0.008 -0.987 0.0 -0.068 -0.149 0.981 0.0 0.043 -0.188 0.487 0.0 0.676 -0.554 -0.7 -0.0 -0.693 0.17 -1.0 0.0 0.018 0.016 0.685 0.0 -0.727 0.037 0.996 0.0 0.005 0.092 
-0.619 0.028 -0.071 -0.782 -0.759 -0.0 -0.651 -0.008 -0.987 -0.0 -0.068 -0.148 0.981 0.0 0.042 -0.187 0.486 0.0 0.68 -0.549 -0.7 -0.0 -0.693 0.17 -1.0 -0.0 0.017 0.016 0.685 0.0 -0.727 0.037 0.996 0.0 0.005 0.092 
-0.619 0.028 -0.071 -0.782 -0.759 -0.0 -0.651 -0.008 -0.987 -0.0 -0.068 -0.148 0.982 0.0 0.04 -0.187 0.486 -0.0 0.684 -0.544 -0.7 0.0 -0.693 0.169 -1.0 -0.0 0.017 0.016 0.685 0.0 -0.727 0.037 0.996 -0.0 0.005 0.092 
-0.619 0.028 -0.071 -0.782 -0.759 -0.0 -0.651 -0.008 -0.987 -0.0 -0.067 -0.148 0.982 -0.0 0.038 -0.187 0.486 0.0 0.687 -0.54 -0.7 -0.0 -0.693 0.17 -1.0 -0.0 0.017 0.016 0.685 0.0 -0.727 0.037 0.996 0.0 0.005 0.092 
-0.619 0.028 -0.071 -0.782 -0.759 -0.0 -0.651 -0.008 -0.987 -0.0 -0.067 -0.148 0.982 0.0 0.037 -0.186 0.485 0.0 0.694 -0.533 -0.7 -0.0 -0.694 0.169 -1.0 -0.0 0.017 0.016 0.685 0.0 -0.727 0.036 0.996 -0.0 0.005 0.092 
-0.619 0.028 -0.071 -0.782 -0.759 -0.0 -0.651 -0.008 -0.987 0.0 -0.067 -0.147 0.982 0.0 0.036 -0.186 0.485 0.0 0.697 -0.528 -0.7 0.0 -0.694 0.169 -1.0 -0.0 0.017 0.016 0.685 0.0 -0.727 0.036 0.996 0.0 0.005 0.093 
-0.619 0.028 -0.07 -0.782 -0.759 -0.0 -0.651 -0.008 -0.987 -0.0 -0.067 -0.147 0.982 0.0 0.035 -0.185 0.484 0.0 0.703 -0.521 -0.7 -0.0 -0.694 0.168 -1.0 -0.0 0.017 0.016 0.686 0.0 -0.727 0.036 0.996 0.0 0.004 0.093 
-0.619 0.028 -0.071 -0.782 -0.759 -0.0 -0.65 -0.008 -0.987 -0.0 -0.067 -0.147 0.982 -0.0 0.033 -0.187 0.484 0.0 0.706 -0.517 -0.7 0.0 -0.694 0.169 -1.0 -0.0 0.017 0.016 0.685 -0.0 -0.727 0.036 0.996 0.0 0.005 0.093 
-0.619 0.027 -0.07 -0.782 -0.759 -0.0 -0.651 -0.008 -0.987 0.0 -0.067 -0.147 0.982 0.0 0.033 -0.185 0.484 0.0 0.713 -0.508 -0.7 -0.0 -0.694 0.168 -1.0 -0.0 0.017 0.016 0.685 -0.0 -0.727 0.035 0.996 0.0 0.004 0.093 
-0.619 0.028 -0.07 -0.782 -0.759 -0.0 -0.65 -0.008 -0.987 -0.0 -0.067 -0.146 0.982 0.0 0.032 -0.187 0.484 0.0 0.716 -0.504 -0.7 -0.0 -0.694 0.168 -1.0 -0.0 0.017 0.016 0.686 -0.0 -0.727 0.036 0.996 0.0 0.005 0.093 
-0.619 0.028 -0.07 -0.782 -0.76 -0.0 -0.65 -0.008 -0.987 -0.0 -0.067 -0.146 0.982 0.0 0.031 -0.187 0.483 0.0 0.722 -0.496 -0.7 -0.0 -0.694 0.168 -1.0 -0.0 0.017 0.016 0.685 0.0 -0.727 0.035 0.996 0.0 0.005 0.093 
-0.619 0.028 -0.07 -0.782 -0.76 -0.0 -0.65 -0.008 -0.987 -0.0 -0.067 -0.146 0.982 -0.0 0.031 -0.188 0.483 0.0 0.726 -0.489 -0.7 -0.0 -0.694 0.168 -1.0 -0.0 0.017 0.016 0.686 0.0 -0.727 0.036 0.996 0.0 0.005 0.093 
-0.619 0.027 -0.07 -0.782 -0.76 0.0 -0.65 -0.008 -0.987 -0.0 -0.066 -0.146 0.982 0.0 0.031 -0.188 0.483 -0.0 0.732 -0.48 -0.7 -0.0 -0.694 0.167 -1.0 -0.0 0.017 0.016 0.685 0.0 -0.727 0.035 0.996 0.0 0.005 0.093 
-0.619 0.027 -0.07 -0.782 -0.76 -0.0 -0.65 -0.008 -0.987 -0.0 -0.066 -0.146 0.981 0.0 0.031 -0.189 0.483 -0.0 0.738 -0.471 -0.7 -0.0 -0.694 0.167 -1.0 -0.0 0.018 0.016 0.685 0.0 -0.727 0.035 0.996 -0.0 0.005 0.092 
-0.619 0.028 -0.07 -0.782 -0.76 -0.0 -0.65 -0.008 -0.987 -0.0 -0.066 -0.145 0.981 0.0 0.03 -0.191 0.484 -0.0 0.742 -0.465 -0.7 0.0 -0.694 0.167 -1.0 -0.0 0.018 0.016 0.685 0.0 -0.727 0.036 0.996 0.0 0.005 0.092 
-0.619 0.028 -0.07 -0.782 -0.76 -0.0 -0.65 -0.008 -0.987 -0.0 -0.066 -0.145 0.981 0.0 0.031 -0.192 0.484 0.0 0.746 -0.458 -0.7 -0.0 -0.694 0.167 -1.0 -0.0 0.017 0.016 0.685 0.0 -0.727 0.036 0.996 0.0 0.005 0.092 
-0.619 0.027 -0.07 -0.782 -0.76 -0.0 -0.65 -0.008 -0.987 -0.0 -0.066 -0.145 0.981 0.0 0.031 -0.193 0.483 -0.0 0.751 -0.449 -0.7 -0.0 -0.694 0.167 -1.0 -0.0 0.018 0.016 0.685 0.0 -0.728 0.036 0.996 0.0 0.006 0.092 
-0.619 0.027 -0.07 -0.782 -0.76 -0.0 -0.65 -0.008 -0.987 -0.0 -0.066 -0.145 0.98 0.0 0.031 -0.194 0.483 -0.0 0.756 -0.441 -0.7 -0.0 -0.694 0.167 -1.0 -0.0 0.018 0.016 0.685 0.0 -0.728 0.036 0.996 0.0 0.006 0.091 
-0.619 0.027 -0.07 -0.782 -0.76 -0.0 -0.65 -0.008 -0.987 -0.0 -0.065 -0.145 0.98 0.0 0.032 -0.196 0.483 0.0 0.762 -0.431 -0.7 -0.0 -0.694 0.167 -1.0 -0.0 0.018 0.016 0.685 0.0 -0.728 0.036 0.996 0.0 0.006 0.091 
-0.618 0.027 -0.07 -0.782 -0.761 -0.0 -0.649 -0.008 -0.987 -0.0 -0.065 -0.145 0.98 -0.0 0.033 -0.197 0.483 0.0 0.766 -0.423 -0.7 -0.0 -0.694 0.167 -1.0 -0.0 0.018 0.016 0.685 0.0 -0.728 0.036 0.996 0.0 0.006 0.091 
-0.618 0.027 -0.07 -0.782 -0.761 0.0 -0.649 -0.008 -0.987 -0.0 -0.065 -0.145 0.979 0.0 0.034 -0.199 0.484 0.0 0.77 -0.416 -0.7 0.0 -0.694 0.167 -1.0 -0.0 0.018 0.016 0.685 0.0 -0.728 0.036 0.996 0.0 0.006 0.091 
-0.618 0.027 -0.07 -0.783 -0.761 0.0 -0.649 -0.008 -0.987 -0.0 -0.065 -0.145 0.979 0.0 0.035 -0.201 0.484 0.0 0.775 -0.407 -0.7 -0.0 -0.694 0.167 -1.0 -0.0 0.018 0.016 0.685 -0.0 -0.728 0.036 0.996 0.0 0.006 0.091 
-0.618 0.027 -0.07 -0.783 -0.761 -0.0 -0.649 -0.008 -0.987 -0.0 -0.064 -0.145 0.979 -0.0 0.037 -0.203 0.484 0.0 0.779 -0.4 -0.7 -0.0 -0.694 0.167 -1.0 0.0 0.018 0.016 0.685 0.0 -0.728 0.035 0.996 0.0 0.006 0.091 
-0.618 0.027 -0.07 -0.783 -0.761 -0.0 -0.649 -0.008 -0.987 0.0 -0.064 -0.145 0.978 0.0 0.038 -0.204 0.484 0.0 0.782 -0.393 -0.7 -0.0 -0.694 0.167 -1.0 0.0 0.018 0.016 0.685 0.0 -0.728 0.035 0.996 0.0 0.006 0.091 
-0.618 0.027 -0.07 -0.783 -0.761 -0.0 -0.649 -0.007 -0.987 -0.0 -0.064 -0.145 0.977 0.0 0.039 -0.207 0.484 0.0 0.786 -0.385 -0.7 -0.0 -0.694 0.167 -1.0 -0.0 0.018 0.016 0.685 0.0 -0.728 0.035 0.996 0.0 0.005 0.09 
-0.618 0.027 -0.07 -0.783 -0.761 -0.0 -0.649 -0.007 -0.987 -0.0 -0.064 -0.144 0.977 0.0 0.042 -0.209 0.485 0.0 0.788 -0.379 -0.7 -0.0 -0.694 0.167 -1.0 -0.0 0.017 0.016 0.685 0.0 -0.727 0.035 0.996 0.0 0.005 0.09 
-0.618 0.027 -0.07 -0.783 -0.761 -0.0 -0.649 -0.007 -0.987 0.0 -0.064 -0.144 0.976 0.0 0.043 -0.212 0.485 0.0 0.791 -0.372 -0.7 -0.0 -0.694 0.167 -1.0 -0.0 0.017 0.016 0.685 0.0 -0.727 0.036 0.996 0.0 0.005 0.09 
-0.617 0.027 -0.07 -0.783 -0.761 -0.0 -0.649 -0.007 -0.988 -0.0 -0.064 -0.144 0.976 0.0 0.044 -0.214 0.484 0.0 0.794 -0.366 -0.7 -0.0 -0.694 0.167 -1.0 -0.0 0.017 0.016 0.685 0.0 -0.727 0.036 0.996 -0.0 0.005 0.09 
-0.617 0.027 -0.07 -0.783 -0.761 -0.0 -0.649 -0.007 -0.988 -0.0 -0.063 -0.144 0.975 -0.0 0.047 -0.216 0.485 0.0 0.797 -0.36 -0.7 -0.0 -0.694 0.167 -1.0 -0.0 0.017 0.016 0.685 0.0 -0.727 0.035 0.996 0.0 0.005 0.09 
-0.617 0.027 -0.07 -0.783 -0.761 -0.0 -0.649 -0.007 -0.988 0.0 -0.063 -0.144 0.975 0.0 0.049 -0.218 0.485 0.0 0.799 -0.355 -0.7 0.0 -0.694 0.167 -1.0 -0.0 0.017 0.016 0.686 -0.0 -0.727 0.035 0.996 0.0 0.004 0.09 
-0.617 0.027 -0.07 -0.783 -0.761 -0.0 -0.649 -0.008 -0.988 -0.0 -0.063 -0.144 0.974 -0.0 0.05 -0.221 0.485 0.0 0.801 -0.35 -0.7 -0.0 -0.694 0.168 -1.0 -0.0 0.017 0.016 0.686 0.0 -0.727 0.035 0.996 0.0 0.004 0.09 
-0.617 0.027 -0.07 -0.783 -0.761 -0.0 -0.649 -0.007 -0.988 0.0 -0.063 -0.144 0.973 0.0 0.053 -0.224 0.485 0.0 0.804 -0.344 -0.7 -0.0 -0.694 0.168 -1.0 -0.0 0.017 0.016 0.686 0.0 -0.727 0.035 0.996 0.0 0.004 0.091 
-0.617 0.027 -0.07 -0.784 -0.761 -0.0 -0.649 -0.008 -0.988 -0.0 -0.063 -0.144 0.973 0.0 0.055 -0.224 0.486 0.0 0.804 -0.342 -0.7 -0.0 -0.694 0.168 -1.0 -0.0 0.017 0.015 0.686 0.0 -0.727 0.035 0.996 0.0 0.004 0.09 
-0.617 0.027 -0.07 -0.784 -0.761 -0.0 -0.649 -0.008 -0.988 -0.0 -0.063 -0.143 0.972 -0.0 0.057 -0.226 0.486 0.0 0.806 -0.338 -0.7 -0.0 -0.694 0.168 -1.0 0.0 0.017 0.015 0.686 0.0 -0.727 0.035 0.996 0.0 0.004 0.091 
-0.617 0.027 -0.07 -0.784 -0.761 -0.0 -0.649 -0.008 -0.988 0.0 -0.063 -0.143 0.971 0.0 0.059 -0.231 0.486 0.0 0.808 -0.334 -0.7 -0.0 -0.694 0.168 -1.0 -0.0 0.017 0.015 0.686 -0.0 -0.727 0.035 0.996 0.0 0.004 0.09 
-0.617 0.027 -0.07 -0.784 -0.761 -0.0 -0.649 -0.008 -0.988 -0.0 -0.063 -0.143 0.971 0.0 0.061 -0.232 0.486 0.0 0.808 -0.333 -0.7 -0.0 -0.694 0.169 -1.0 -0.0 0.017 0.015 0.686 -0.0 -0.727 0.035 0.996 0.0 0.004 0.09 
-0.617 0.027 -0.07 -0.784 -0.761 -0.0 -0.649 -0.008 -0.988 -0.0 -0.063 -0.143 0.97 0.0 0.064 -0.234 0.487 0.0 0.808 -0.331 -0.7 0.0 -0.694 0.169 -1.0 -0.0 0.017 0.015 0.685 0.0 -0.727 0.035 0.996 0.0 0.004 0.09 
-0.617 0.027 -0.07 -0.784 -0.761 -0.0 -0.649 -0.008 -0.988 0.0 -0.063 -0.143 0.97 0.0 0.064 -0.235 0.487 0.0 0.809 -0.331 -0.7 0.0 -0.694 0.169 -1.0 0.0 0.018 0.015 0.685 -0.0 -0.727 0.036 0.996 0.0 0.004 0.09 
-0.617 0.027 -0.07 -0.784 -0.761 -0.0 -0.649 -0.008 -0.988 -0.0 -0.063 -0.143 0.969 0.0 0.067 -0.238 0.487 0.0 0.809 -0.329 -0.7 -0.0 -0.694 0.169 -1.0 -0.0 0.018 0.015 0.685 -0.0 -0.727 0.036 0.996 0.0 0.004 0.09 
-0.617 0.027 -0.07 -0.784 -0.761 -0.0 -0.649 -0.008 -0.988 -0.0 -0.063 -0.144 0.968 -0.0 0.069 -0.24 0.486 -0.0 0.809 -0.329 -0.7 0.0 -0.694 0.169 -1.0 -0.0 0.018 0.015 0.685 0.0 -0.728 0.036 0.996 -0.0 0.005 0.089 
-0.617 0.027 -0.071 -0.784 -0.761 -0.0 -0.649 -0.008 -0.988 -0.0 -0.063 -0.144 0.968 0.0 0.071 -0.241 0.487 0.0 0.809 -0.329 -0.7 -0.0 -0.694 0.169 -1.0 -0.0 0.018 0.015 0.685 0.0 -0.728 0.037 0.996 0.0 0.005 0.089 
-0.616 0.027 -0.071 -0.784 -0.76 -0.0 -0.649 -0.008 -0.988 -0.0 -0.063 -0.144 0.967 0.0 0.073 -0.243 0.487 0.0 0.809 -0.328 -0.7 -0.0 -0.694 0.17 -1.0 -0.0 0.018 0.015 0.685 -0.0 -0.728 0.037 0.996 0.0 0.005 0.09 
-0.617 0.027 -0.071 -0.784 -0.76 0.0 -0.65 -0.008 -0.988 -0.0 -0.063 -0.144 0.967 0.0 0.075 -0.245 0.487 0.0 0.809 -0.329 -0.7 -0.0 -0.694 0.17 -1.0 -0.0 0.018 0.015 0.685 0.0 -0.728 0.037 0.996 0.0 0.005 0.09 
-0.616 0.027 -0.071 -0.784 -0.76 -0.0 -0.65 -0.007 -0.988 -0.0 -0.063 -0.144 0.966 -0.0 0.076 -0.246 0.488 0.0 0.808 -0.33 -0.7 0.0 -0.693 0.171 -1.0 -0.0 0.018 0.015 0.685 0.0 -0.728 0.037 0.996 0.0 0.005 0.09 
-0.616 0.027 -0.071 -0.784 -0.76 -0.0 -0.65 -0.007 -0.988 -0.0 -0.063 -0.144 0.966 0.0 0.078 -0.248 0.488 0.0 0.807 -0.332 -0.7 0.0 -0.694 0.17 -1.0 -0.0 0.018 0.015 0.684 0.0 -0.728 0.038 0.996 0.0 0.005 0.089 
-0.617 0.027 -0.071 -0.784 -0.76 -0.0 -0.65 -0.007 -0.988 0.0 -0.063 -0.144 0.965 0.0 0.079 -0.25 0.489 -0.0 0.806 -0.333 -0.7 -0.0 -0.693 0.171 -1.0 -0.0 0.018 0.015 0.684 0.0 -0.728 0.038 0.996 0.0 0.006 0.09 
