# T   LUA LFA RUA RFA LT  LS  RT  RS  
0.997 -0.058 -0.032 -0.03 -0.749 -0.0 -0.661 0.051 -0.964 -0.0 -0.144 -0.222 0.993 -0.0 -0.115 0.01 0.38 0.0 0.4 -0.834 -0.663 0.0 -0.748 0.03 -0.988 0.0 0.046 0.147 0.709 0.0 -0.704 0.039 0.985 0.0 0.037 0.17 
0.997 -0.058 -0.032 -0.029 -0.749 -0.0 -0.66 0.051 -0.965 -0.0 -0.143 -0.221 0.993 0.0 -0.114 0.005 0.382 0.0 0.402 -0.832 -0.663 -0.0 -0.748 0.03 -0.988 -0.0 0.046 0.147 0.709 0.0 -0.704 0.039 0.985 0.0 0.037 0.17 
0.997 -0.057 -0.032 -0.028 -0.75 -0.0 -0.66 0.05 -0.965 -0.0 -0.142 -0.221 0.994 0.0 -0.112 -0.001 0.384 0.0 0.404 -0.83 -0.663 -0.0 -0.748 0.03 -0.988 -0.0 0.046 0.147 0.709 0.0 -0.704 0.038 0.985 -0.0 0.037 0.17 
0.998 -0.057 -0.031 -0.027 -0.75 -0.0 -0.659 0.05 -0.965 0.0 -0.141 -0.22 0.994 0.0 -0.11 -0.007 0.385 -0.0 0.405 -0.829 -0.663 -0.0 -0.748 0.03 -0.988 -0.0 0.045 0.147 0.709 0.0 -0.704 0.037 0.985 0.0 0.037 0.17 
0.998 -0.057 -0.031 -0.026 -0.751 -0.0 -0.659 0.049 -0.965 -0.0 -0.141 -0.219 0.994 0.0 -0.107 -0.013 0.387 0.0 0.405 -0.828 -0.663 0.0 -0.748 0.03 -0.988 -0.0 0.045 0.147 0.709 0.0 -0.704 0.036 0.985 -0.0 0.037 0.17 
0.998 -0.056 -0.031 -0.024 -0.751 -0.0 -0.658 0.048 -0.966 0.0 -0.14 -0.219 0.994 -0.0 -0.106 -0.02 0.39 -0.0 0.406 -0.826 -0.663 -0.0 -0.748 0.029 -0.988 -0.0 0.045 0.147 0.709 0.0 -0.704 0.034 0.985 0.0 0.037 0.171 
0.998 -0.056 -0.031 -0.023 -0.752 -0.0 -0.658 0.048 -0.966 -0.0 -0.139 -0.219 0.994 0.0 -0.103 -0.027 0.392 0.0 0.407 -0.825 -0.664 -0.0 -0.747 0.029 -0.988 -0.0 0.044 0.147 0.709 0.0 -0.704 0.034 0.985 0.0 0.037 0.17 
0.998 -0.056 -0.031 -0.022 -0.752 -0.0 -0.657 0.047 -0.966 0.0 -0.139 -0.218 0.994 0.0 -0.1 -0.035 0.395 0.0 0.406 -0.824 -0.664 -0.0 -0.747 0.029 -0.988 0.0 0.044 0.147 0.709 0.0 -0.704 0.033 0.985 0.0 0.037 0.171 
0.998 -0.055 -0.031 -0.021 -0.753 -0.0 -0.657 0.046 -0.966 -0.0 -0.138 -0.218 0.994 0.0 -0.097 -0.042 0.397 0.0 0.407 -0.823 -0.664 -0.0 -0.747 0.028 -0.988 0.0 0.043 0.147 0.709 0.0 -0.704 0.032 0.985 0.0 0.037 0.171 
0.998 -0.055 -0.031 -0.02 -0.753 -0.0 -0.656 0.045 -0.966 -0.0 -0.138 -0.217 0.994 -0.0 -0.094 -0.049 0.399 0.0 0.407 -0.822 -0.664 -0.0 -0.747 0.028 -0.988 -0.0 0.043 0.147 0.709 0.0 -0.704 0.03 0.985 0.0 0.037 0.171 
0.998 -0.054 -0.031 -0.019 -0.754 -0.0 -0.656 0.044 -0.966 0.0 -0.137 -0.217 0.994 0.0 -0.09 -0.057 0.401 0.0 0.406 -0.821 -0.664 -0.0 -0.747 0.027 -0.988 -0.0 0.042 0.147 0.709 0.0 -0.705 0.029 0.985 0.0 0.037 0.171 
0.998 -0.054 -0.031 -0.018 -0.754 -0.0 -0.655 0.042 -0.967 -0.0 -0.136 -0.218 0.994 0.0 -0.087 -0.065 0.404 0.0 0.406 -0.819 -0.664 -0.0 -0.747 0.026 -0.988 -0.0 0.042 0.147 0.709 0.0 -0.705 0.028 0.985 -0.0 0.037 0.171 
0.998 -0.053 -0.031 -0.017 -0.754 -0.0 -0.655 0.041 -0.967 -0.0 -0.136 -0.217 0.994 0.0 -0.084 -0.073 0.407 -0.0 0.406 -0.818 -0.665 -0.0 -0.747 0.026 -0.988 0.0 0.042 0.147 0.709 0.0 -0.705 0.027 0.985 -0.0 0.037 0.171 
0.998 -0.053 -0.03 -0.017 -0.755 0.0 -0.655 0.04 -0.967 -0.0 -0.135 -0.218 0.994 -0.0 -0.08 -0.081 0.41 0.0 0.404 -0.818 -0.665 -0.0 -0.747 0.025 -0.988 -0.0 0.041 0.147 0.709 -0.0 -0.705 0.026 0.985 0.0 0.037 0.171 
0.998 -0.052 -0.03 -0.016 -0.755 -0.0 -0.654 0.039 -0.967 -0.0 -0.135 -0.218 0.993 -0.0 -0.077 -0.088 0.412 0.0 0.403 -0.817 -0.665 -0.0 -0.747 0.024 -0.988 -0.0 0.041 0.147 0.709 0.0 -0.705 0.025 0.985 0.0 0.037 0.171 
0.998 -0.052 -0.03 -0.015 -0.756 0.0 -0.654 0.037 -0.966 0.0 -0.135 -0.218 0.993 0.0 -0.073 -0.096 0.415 0.0 0.402 -0.816 -0.665 -0.0 -0.747 0.023 -0.988 -0.0 0.041 0.147 0.709 -0.0 -0.705 0.024 0.985 -0.0 0.037 0.171 
0.998 -0.051 -0.03 -0.015 -0.756 0.0 -0.654 0.036 -0.966 -0.0 -0.135 -0.219 0.992 -0.0 -0.07 -0.103 0.417 0.0 0.4 -0.816 -0.665 -0.0 -0.747 0.023 -0.988 -0.0 0.04 0.147 0.709 0.0 -0.705 0.023 0.985 0.0 0.037 0.171 
0.998 -0.05 -0.03 -0.014 -0.756 -0.0 -0.653 0.035 -0.966 0.0 -0.135 -0.22 0.992 0.0 -0.067 -0.11 0.419 0.0 0.399 -0.816 -0.665 -0.0 -0.747 0.022 -0.988 0.0 0.04 0.148 0.709 0.0 -0.705 0.022 0.985 0.0 0.037 0.171 
0.998 -0.05 -0.03 -0.014 -0.757 -0.0 -0.653 0.034 -0.966 -0.0 -0.134 -0.221 0.991 0.0 -0.064 -0.117 0.421 0.0 0.397 -0.816 -0.665 0.0 -0.746 0.021 -0.988 0.0 0.039 0.148 0.709 0.0 -0.705 0.021 0.985 0.0 0.037 0.171 
0.998 -0.049 -0.03 -0.013 -0.757 -0.0 -0.653 0.032 -0.966 -0.0 -0.134 -0.222 0.99 0.0 -0.06 -0.124 0.423 0.0 0.395 -0.815 -0.665 0.0 -0.746 0.02 -0.988 -0.0 0.039 0.148 0.709 0.0 -0.705 0.019 0.985 0.0 0.036 0.171 
0.998 -0.049 -0.03 -0.013 -0.757 -0.0 -0.653 0.031 -0.966 -0.0 -0.134 -0.222 0.99 0.0 -0.057 -0.13 0.425 0.0 0.394 -0.815 -0.665 -0.0 -0.746 0.019 -0.988 -0.0 0.039 0.148 0.709 -0.0 -0.705 0.018 0.985 0.0 0.036 0.171 
0.998 -0.048 -0.03 -0.012 -0.757 -0.0 -0.653 0.03 -0.965 -0.0 -0.134 -0.223 0.989 -0.0 -0.053 -0.137 0.427 0.0 0.392 -0.815 -0.665 0.0 -0.746 0.018 -0.988 -0.0 0.038 0.148 0.709 0.0 -0.705 0.018 0.985 0.0 0.036 0.171 
0.998 -0.048 -0.03 -0.012 -0.758 -0.0 -0.652 0.028 -0.965 -0.0 -0.135 -0.224 0.989 -0.0 -0.05 -0.142 0.429 -0.0 0.389 -0.815 -0.666 -0.0 -0.746 0.018 -0.988 0.0 0.038 0.148 0.709 0.0 -0.705 0.017 0.985 0.0 0.036 0.171 
0.998 -0.047 -0.03 -0.012 -0.758 0.0 -0.652 0.027 -0.965 -0.0 -0.135 -0.225 0.988 0.0 -0.048 -0.148 0.431 0.0 0.386 -0.816 -0.666 -0.0 -0.746 0.017 -0.988 -0.0 0.038 0.148 0.709 -0.0 -0.705 0.016 0.985 -0.0 0.036 0.171 
0.998 -0.047 -0.03 -0.012 -0.758 -0.0 -0.652 0.026 -0.965 -0.0 -0.135 -0.226 0.987 0.0 -0.045 -0.153 0.432 0.0 0.383 -0.816 -0.666 0.0 -0.746 0.016 -0.988 -0.0 0.037 0.148 0.709 0.0 -0.705 0.015 0.985 0.0 0.036 0.171 
0.998 -0.046 -0.03 -0.012 -0.758 -0.0 -0.652 0.025 -0.964 -0.0 -0.135 -0.228 0.987 0.0 -0.042 -0.157 0.434 0.0 0.38 -0.817 -0.666 -0.0 -0.746 0.016 -0.988 0.0 0.037 0.148 0.709 0.0 -0.705 0.015 0.985 -0.0 0.035 0.171 
0.998 -0.046 -0.03 -0.012 -0.758 -0.0 -0.652 0.024 -0.964 -0.0 -0.136 -0.229 0.986 -0.0 -0.04 -0.162 0.436 0.0 0.376 -0.818 -0.666 -0.0 -0.746 0.015 -0.988 -0.0 0.037 0.148 0.709 0.0 -0.705 0.014 0.985 -0.0 0.035 0.171 
0.998 -0.045 -0.03 -0.011 -0.758 -0.0 -0.652 0.023 -0.964 -0.0 -0.136 -0.23 0.985 0.0 -0.038 -0.166 0.438 0.0 0.372 -0.819 -0.666 -0.0 -0.746 0.015 -0.988 -0.0 0.036 0.147 0.709 -0.0 -0.705 0.014 0.985 0.0 0.035 0.171 
0.998 -0.045 -0.03 -0.012 -0.758 -0.0 -0.652 0.021 -0.963 -0.0 -0.137 -0.231 0.985 0.0 -0.036 -0.169 0.439 0.0 0.368 -0.819 -0.666 -0.0 -0.746 0.013 -0.988 -0.0 0.037 0.148 0.709 0.0 -0.705 0.013 0.985 0.0 0.035 0.171 
0.998 -0.044 -0.03 -0.013 -0.758 -0.0 -0.652 0.019 -0.963 -0.0 -0.137 -0.232 0.985 0.0 -0.034 -0.172 0.44 0.0 0.364 -0.821 -0.666 -0.0 -0.746 0.013 -0.988 -0.0 0.037 0.148 0.709 0.0 -0.705 0.012 0.985 0.0 0.035 0.171 
0.998 -0.044 -0.03 -0.013 -0.758 -0.0 -0.652 0.018 -0.963 -0.0 -0.137 -0.233 0.984 0.0 -0.033 -0.174 0.442 0.0 0.36 -0.822 -0.666 -0.0 -0.746 0.012 -0.988 -0.0 0.037 0.147 0.709 -0.0 -0.706 0.012 0.985 -0.0 0.035 0.171 
0.998 -0.044 -0.03 -0.013 -0.757 0.0 -0.653 0.017 -0.962 -0.0 -0.137 -0.235 0.984 0.0 -0.031 -0.176 0.442 0.0 0.356 -0.823 -0.665 -0.0 -0.746 0.012 -0.988 -0.0 0.037 0.147 0.709 0.0 -0.705 0.012 0.985 0.0 0.034 0.171 
0.998 -0.043 -0.03 -0.014 -0.757 0.0 -0.653 0.016 -0.962 -0.0 -0.138 -0.236 0.984 0.0 -0.031 -0.177 0.443 0.0 0.352 -0.825 -0.666 -0.0 -0.746 0.011 -0.988 -0.0 0.036 0.147 0.709 0.0 -0.705 0.012 0.985 -0.0 0.034 0.171 
0.998 -0.043 -0.03 -0.014 -0.757 -0.0 -0.653 0.016 -0.961 -0.0 -0.139 -0.237 0.984 0.0 -0.03 -0.178 0.444 0.0 0.347 -0.826 -0.666 -0.0 -0.746 0.011 -0.988 -0.0 0.036 0.147 0.709 -0.0 -0.705 0.012 0.985 0.0 0.034 0.171 
0.998 -0.043 -0.031 -0.015 -0.757 -0.0 -0.654 0.015 -0.961 -0.0 -0.14 -0.238 0.983 -0.0 -0.029 -0.179 0.445 0.0 0.343 -0.827 -0.665 -0.0 -0.746 0.011 -0.988 -0.0 0.037 0.147 0.709 0.0 -0.705 0.012 0.985 0.0 0.034 0.171 
0.998 -0.043 -0.031 -0.016 -0.756 -0.0 -0.654 0.014 -0.961 -0.0 -0.14 -0.24 0.984 0.0 -0.029 -0.178 0.446 0.0 0.338 -0.829 -0.665 0.0 -0.746 0.011 -0.988 -0.0 0.037 0.147 0.709 0.0 -0.705 0.012 0.985 0.0 0.034 0.171 
0.998 -0.043 -0.031 -0.016 -0.756 0.0 -0.654 0.014 -0.96 -0.0 -0.141 -0.242 0.984 0.0 -0.029 -0.178 0.446 0.0 0.334 -0.83 -0.665 -0.0 -0.746 0.01 -0.988 -0.0 0.036 0.147 0.709 0.0 -0.705 0.012 0.985 0.0 0.034 0.171 
0.998 -0.043 -0.031 -0.017 -0.756 -0.0 -0.655 0.013 -0.96 -0.0 -0.141 -0.243 0.984 0.0 -0.03 -0.176 0.446 0.0 0.33 -0.832 -0.665 -0.0 -0.746 0.01 -0.988 -0.0 0.037 0.147 0.709 0.0 -0.705 0.012 0.985 0.0 0.033 0.17 
0.998 -0.043 -0.031 -0.018 -0.755 0.0 -0.655 0.012 -0.959 -0.0 -0.142 -0.244 0.984 0.0 -0.03 -0.174 0.446 0.0 0.326 -0.833 -0.665 -0.0 -0.746 0.009 -0.988 -0.0 0.037 0.147 0.709 -0.0 -0.705 0.012 0.985 -0.0 0.033 0.171 
0.998 -0.043 -0.031 -0.018 -0.755 -0.0 -0.656 0.012 -0.959 -0.0 -0.143 -0.245 0.985 0.0 -0.031 -0.171 0.446 0.0 0.322 -0.835 -0.665 -0.0 -0.746 0.009 -0.988 -0.0 0.037 0.147 0.709 0.0 -0.705 0.013 0.985 0.0 0.033 0.17 
0.998 -0.043 -0.031 -0.019 -0.755 0.0 -0.656 0.012 -0.958 0.0 -0.144 -0.246 0.985 0.0 -0.032 -0.169 0.445 0.0 0.319 -0.837 -0.665 -0.0 -0.746 0.009 -0.988 0.0 0.037 0.147 0.709 -0.0 -0.705 0.013 0.985 0.0 0.033 0.17 
0.998 -0.043 -0.031 -0.02 -0.754 -0.0 -0.657 0.011 -0.958 -0.0 -0.144 -0.248 0.986 0.0 -0.033 -0.166 0.444 0.0 0.317 -0.838 -0.665 -0.0 -0.747 0.01 -0.988 0.0 0.037 0.147 0.709 0.0 -0.705 0.013 0.985 0.0 0.033 0.17 
0.998 -0.043 -0.031 -0.021 -0.754 -0.0 -0.657 0.011 -0.958 -0.0 -0.145 -0.249 0.986 0.0 -0.035 -0.162 0.443 0.0 0.314 -0.84 -0.665 -0.0 -0.746 0.009 -0.988 -0.0 0.037 0.147 0.709 0.0 -0.705 0.014 0.985 0.0 0.033 0.17 
0.998 -0.043 -0.031 -0.021 -0.753 -0.0 -0.658 0.011 -0.957 -0.0 -0.145 -0.25 0.987 0.0 -0.036 -0.158 0.442 0.0 0.312 -0.841 -0.665 -0.0 -0.747 0.01 -0.988 -0.0 0.037 0.147 0.709 0.0 -0.705 0.014 0.985 0.0 0.033 0.17 
0.998 -0.043 -0.032 -0.022 -0.753 -0.0 -0.658 0.011 -0.957 -0.0 -0.146 -0.25 0.987 0.0 -0.038 -0.153 0.44 0.0 0.31 -0.843 -0.665 0.0 -0.747 0.01 -0.988 -0.0 0.037 0.147 0.709 0.0 -0.705 0.015 0.985 0.0 0.033 0.17 
0.998 -0.043 -0.032 -0.023 -0.753 0.0 -0.658 0.011 -0.957 -0.0 -0.146 -0.251 0.988 0.0 -0.039 -0.148 0.438 0.0 0.308 -0.844 -0.665 -0.0 -0.747 0.01 -0.988 -0.0 0.038 0.147 0.709 0.0 -0.705 0.016 0.985 0.0 0.033 0.17 
0.998 -0.044 -0.032 -0.023 -0.752 -0.0 -0.659 0.011 -0.957 -0.0 -0.147 -0.252 0.989 0.0 -0.041 -0.144 0.436 0.0 0.307 -0.846 -0.665 -0.0 -0.747 0.01 -0.988 -0.0 0.038 0.147 0.709 0.0 -0.705 0.016 0.985 0.0 0.033 0.17 
0.998 -0.044 -0.032 -0.024 -0.752 -0.0 -0.659 0.011 -0.956 -0.0 -0.147 -0.253 0.99 -0.0 -0.043 -0.138 0.435 0.0 0.306 -0.847 -0.665 -0.0 -0.747 0.011 -0.988 -0.0 0.037 0.147 0.709 0.0 -0.705 0.017 0.985 -0.0 0.033 0.17 
0.998 -0.044 -0.032 -0.025 -0.751 -0.0 -0.66 0.011 -0.956 0.0 -0.148 -0.253 0.99 0.0 -0.046 -0.132 0.432 0.0 0.306 -0.848 -0.665 -0.0 -0.747 0.011 -0.988 -0.0 0.038 0.147 0.709 0.0 -0.705 0.018 0.985 -0.0 0.033 0.17 
0.998 -0.044 -0.032 -0.026 -0.751 -0.0 -0.66 0.012 -0.956 -0.0 -0.149 -0.254 0.991 0.0 -0.048 -0.126 0.43 -0.0 0.305 -0.85 -0.665 -0.0 -0.747 0.011 -0.988 -0.0 0.039 0.147 0.709 0.0 -0.705 0.019 0.985 0.0 0.033 0.17 
0.998 -0.045 -0.032 -0.026 -0.751 -0.0 -0.66 0.012 -0.955 0.0 -0.15 -0.254 0.992 0.0 -0.051 -0.12 0.427 0.0 0.306 -0.851 -0.665 -0.0 -0.747 0.012 -0.988 -0.0 0.039 0.147 0.709 -0.0 -0.705 0.019 0.985 -0.0 0.033 0.17 
0.998 -0.045 -0.032 -0.027 -0.751 0.0 -0.661 0.013 -0.955 -0.0 -0.15 -0.255 0.992 0.0 -0.053 -0.114 0.424 0.0 0.307 -0.852 -0.665 -0.0 -0.747 0.012 -0.988 -0.0 0.039 0.147 0.709 0.0 -0.705 0.02 0.985 0.0 0.033 0.169 
0.998 -0.045 -0.032 -0.028 -0.75 -0.0 -0.661 0.014 -0.955 -0.0 -0.152 -0.255 0.993 0.0 -0.056 -0.107 0.421 0.0 0.308 -0.853 -0.665 -0.0 -0.747 0.012 -0.988 -0.0 0.039 0.147 0.709 0.0 -0.704 0.021 0.985 0.0 0.033 0.169 
0.998 -0.045 -0.032 -0.028 -0.75 -0.0 -0.661 0.015 -0.955 -0.0 -0.153 -0.255 0.993 0.0 -0.058 -0.1 0.418 -0.0 0.31 -0.854 -0.665 -0.0 -0.747 0.013 -0.988 -0.0 0.04 0.147 0.71 0.0 -0.704 0.022 0.985 0.0 0.033 0.169 
0.998 -0.046 -0.033 -0.029 -0.75 -0.0 -0.661 0.015 -0.955 -0.0 -0.153 -0.255 0.994 0.0 -0.061 -0.094 0.415 0.0 0.313 -0.854 -0.665 -0.0 -0.747 0.013 -0.988 -0.0 0.04 0.147 0.709 -0.0 -0.704 0.022 0.985 0.0 0.033 0.169 
0.998 -0.046 -0.033 -0.03 -0.75 -0.0 -0.662 0.016 -0.955 -0.0 -0.154 -0.256 0.994 0.0 -0.064 -0.086 0.411 0.0 0.316 -0.855 -0.665 -0.0 -0.747 0.013 -0.988 -0.0 0.04 0.147 0.71 0.0 -0.704 0.023 0.985 0.0 0.033 0.169 
0.998 -0.046 -0.033 -0.03 -0.75 0.0 -0.662 0.017 -0.954 -0.0 -0.154 -0.255 0.995 0.0 -0.067 -0.079 0.409 0.0 0.319 -0.855 -0.665 -0.0 -0.747 0.014 -0.988 0.0 0.041 0.147 0.71 0.0 -0.704 0.024 0.985 0.0 0.033 0.169 
0.998 -0.047 -0.033 -0.031 -0.75 -0.0 -0.662 0.017 -0.955 -0.0 -0.155 -0.255 0.995 0.0 -0.069 -0.072 0.406 -0.0 0.322 -0.855 -0.664 -0.0 -0.747 0.014 -0.988 -0.0 0.041 0.147 0.71 0.0 -0.704 0.025 0.985 0.0 0.033 0.169 
0.998 -0.047 -0.033 -0.031 -0.749 -0.0 -0.662 0.018 -0.955 0.0 -0.155 -0.255 0.995 -0.0 -0.072 -0.066 0.403 0.0 0.326 -0.855 -0.664 0.0 -0.747 0.015 -0.988 -0.0 0.041 0.147 0.71 0.0 -0.704 0.025 0.985 -0.0 0.033 0.169 
0.998 -0.047 -0.033 -0.032 -0.749 -0.0 -0.662 0.019 -0.955 -0.0 -0.155 -0.254 0.995 0.0 -0.074 -0.059 0.4 0.0 0.331 -0.855 -0.664 -0.0 -0.747 0.015 -0.988 -0.0 0.041 0.147 0.71 0.0 -0.704 0.027 0.985 0.0 0.033 0.168 
0.998 -0.048 -0.033 -0.033 -0.749 0.0 -0.662 0.02 -0.955 -0.0 -0.156 -0.254 0.996 0.0 -0.077 -0.053 0.398 0.0 0.335 -0.854 -0.664 0.0 -0.748 0.016 -0.988 -0.0 0.042 0.147 0.71 0.0 -0.704 0.028 0.985 0.0 0.033 0.169 
0.998 -0.048 -0.034 -0.034 -0.749 -0.0 -0.662 0.021 -0.955 -0.0 -0.156 -0.253 0.996 0.0 -0.079 -0.047 0.395 0.0 0.34 -0.854 -0.664 -0.0 -0.748 0.017 -0.988 -0.0 0.042 0.147 0.71 0.0 -0.704 0.029 0.985 0.0 0.033 0.168 
0.998 -0.049 -0.034 -0.034 -0.749 -0.0 -0.662 0.022 -0.955 -0.0 -0.156 -0.252 0.996 0.0 -0.081 -0.041 0.392 0.0 0.346 -0.852 -0.664 0.0 -0.748 0.017 -0.988 -0.0 0.042 0.147 0.71 0.0 -0.704 0.03 0.985 0.0 0.033 0.168 
0.998 -0.049 -0.034 -0.035 -0.749 -0.0 -0.662 0.022 -0.955 0.0 -0.156 -0.251 0.996 0.0 -0.084 -0.034 0.39 0.0 0.352 -0.851 -0.664 -0.0 -0.748 0.017 -0.988 -0.0 0.043 0.147 0.71 -0.0 -0.704 0.03 0.985 0.0 0.033 0.168 
0.998 -0.049 -0.034 -0.035 -0.749 -0.0 -0.662 0.023 -0.956 -0.0 -0.156 -0.25 0.996 -0.0 -0.086 -0.028 0.387 -0.0 0.357 -0.85 -0.664 -0.0 -0.748 0.018 -0.988 -0.0 0.043 0.146 0.71 0.0 -0.704 0.031 0.985 0.0 0.033 0.168 
0.998 -0.05 -0.034 -0.036 -0.749 -0.0 -0.662 0.024 -0.956 -0.0 -0.156 -0.249 0.996 -0.0 -0.088 -0.023 0.385 0.0 0.363 -0.849 -0.664 -0.0 -0.748 0.018 -0.988 -0.0 0.043 0.146 0.71 0.0 -0.704 0.032 0.985 0.0 0.033 0.168 
0.998 -0.05 -0.034 -0.037 -0.749 -0.0 -0.662 0.024 -0.956 -0.0 -0.156 -0.248 0.996 0.0 -0.091 -0.017 0.383 0.0 0.369 -0.847 -0.664 -0.0 -0.748 0.019 -0.988 0.0 0.043 0.146 0.71 0.0 -0.704 0.033 0.985 0.0 0.033 0.168 
0.997 -0.05 -0.034 -0.037 -0.749 -0.0 -0.662 0.025 -0.956 -0.0 -0.156 -0.247 0.996 0.0 -0.093 -0.012 0.381 0.0 0.374 -0.845 -0.663 0.0 -0.748 0.019 -0.988 -0.0 0.044 0.146 0.71 0.0 -0.703 0.034 0.985 -0.0 0.033 0.168 
0.997 -0.05 -0.034 -0.037 -0.749 -0.0 -0.662 0.026 -0.957 -0.0 -0.156 -0.245 0.995 0.0 -0.095 -0.008 0.379 0.0 0.381 -0.843 -0.663 -0.0 -0.748 0.02 -0.988 -0.0 0.044 0.146 0.71 -0.0 -0.703 0.034 0.985 0.0 0.033 0.168 
0.997 -0.051 -0.034 -0.038 -0.749 -0.0 -0.662 0.026 -0.957 -0.0 -0.155 -0.244 0.995 0.0 -0.096 -0.004 0.377 0.0 0.388 -0.841 -0.663 -0.0 -0.748 0.02 -0.988 -0.0 0.044 0.146 0.71 0.0 -0.703 0.034 0.985 0.0 0.033 0.168 
0.997 -0.051 -0.034 -0.038 -0.75 -0.0 -0.661 0.027 -0.957 -0.0 -0.156 -0.243 0.995 -0.0 -0.097 -0.001 0.376 0.0 0.393 -0.839 -0.663 -0.0 -0.748 0.02 -0.988 -0.0 0.044 0.146 0.71 0.0 -0.703 0.035 0.985 -0.0 0.033 0.168 
0.997 -0.051 -0.034 -0.038 -0.75 -0.0 -0.661 0.027 -0.958 0.0 -0.155 -0.242 0.995 0.0 -0.099 0.002 0.374 -0.0 0.399 -0.837 -0.663 -0.0 -0.748 0.021 -0.988 -0.0 0.044 0.146 0.71 0.0 -0.703 0.035 0.985 0.0 0.033 0.168 
0.997 -0.051 -0.035 -0.039 -0.75 -0.0 -0.661 0.028 -0.958 -0.0 -0.154 -0.24 0.995 0.0 -0.1 0.005 0.374 0.0 0.404 -0.835 -0.663 -0.0 -0.748 0.021 -0.988 -0.0 0.044 0.146 0.71 0.0 -0.703 0.036 0.985 -0.0 0.033 0.168 
0.997 -0.051 -0.035 -0.039 -0.75 -0.0 -0.661 0.028 -0.959 -0.0 -0.154 -0.239 0.995 0.0 -0.101 0.006 0.373 -0.0 0.409 -0.833 -0.663 -0.0 -0.748 0.021 -0.988 -0.0 0.044 0.146 0.71 0.0 -0.703 0.036 0.985 0.0 0.033 0.168 
0.997 -0.052 -0.035 -0.039 -0.75 -0.0 -0.661 0.029 -0.959 -0.0 -0.154 -0.238 0.995 0.0 -0.102 0.006 0.373 0.0 0.412 -0.831 -0.663 0.0 -0.748 0.022 -0.988 -0.0 0.045 0.146 0.71 -0.0 -0.703 0.037 0.985 -0.0 0.033 0.168 
0.997 -0.052 -0.035 -0.038 -0.75 -0.0 -0.661 0.029 -0.96 -0.0 -0.153 -0.236 0.995 0.0 -0.102 0.007 0.373 0.0 0.418 -0.828 -0.663 0.0 -0.748 0.022 -0.988 -0.0 0.044 0.146 0.71 0.0 -0.703 0.037 0.985 0.0 0.034 0.168 
0.997 -0.052 -0.035 -0.038 -0.75 -0.0 -0.66 0.029 -0.96 -0.0 -0.153 -0.234 0.995 -0.0 -0.101 0.007 0.373 0.0 0.423 -0.826 -0.663 -0.0 -0.748 0.022 -0.988 -0.0 0.045 0.146 0.71 0.0 -0.703 0.037 0.985 0.0 0.034 0.168 
0.997 -0.052 -0.034 -0.038 -0.751 -0.0 -0.66 0.029 -0.961 -0.0 -0.152 -0.233 0.995 0.0 -0.101 0.006 0.373 0.0 0.426 -0.824 -0.663 -0.0 -0.748 0.022 -0.988 -0.0 0.044 0.147 0.71 0.0 -0.703 0.037 0.985 0.0 0.034 0.168 
0.997 -0.052 -0.035 -0.038 -0.751 -0.0 -0.66 0.029 -0.961 -0.0 -0.151 -0.231 0.995 0.0 -0.1 0.004 0.374 0.0 0.429 -0.822 -0.663 -0.0 -0.748 0.022 -0.988 -0.0 0.045 0.146 0.71 0.0 -0.703 0.037 0.985 0.0 0.034 0.168 
0.997 -0.052 -0.034 -0.037 -0.751 -0.0 -0.66 0.029 -0.961 -0.0 -0.151 -0.23 0.995 0.0 -0.099 0.002 0.374 0.0 0.432 -0.82 -0.663 -0.0 -0.748 0.023 -0.988 -0.0 0.044 0.146 0.71 0.0 -0.703 0.037 0.985 0.0 0.034 0.168 
0.997 -0.052 -0.035 -0.037 -0.751 -0.0 -0.66 0.03 -0.962 -0.0 -0.15 -0.229 0.995 0.0 -0.099 -0.001 0.376 0.0 0.432 -0.82 -0.663 -0.0 -0.748 0.023 -0.988 -0.0 0.044 0.146 0.71 0.0 -0.703 0.037 0.985 0.0 0.034 0.168 
0.997 -0.052 -0.034 -0.036 -0.751 -0.0 -0.659 0.03 -0.962 -0.0 -0.149 -0.228 0.995 0.0 -0.097 -0.005 0.377 0.0 0.433 -0.819 -0.664 -0.0 -0.748 0.023 -0.988 -0.0 0.044 0.146 0.71 -0.0 -0.703 0.037 0.985 0.0 0.034 0.169 
0.997 -0.052 -0.034 -0.036 -0.752 -0.0 -0.659 0.029 -0.963 -0.0 -0.149 -0.227 0.995 0.0 -0.095 -0.007 0.378 0.0 0.437 -0.817 -0.663 -0.0 -0.748 0.023 -0.988 -0.0 0.044 0.147 0.71 0.0 -0.703 0.036 0.985 0.0 0.034 0.168 
0.998 -0.052 -0.034 -0.034 -0.752 -0.0 -0.658 0.029 -0.963 -0.0 -0.148 -0.226 0.996 0.0 -0.094 -0.013 0.379 0.0 0.437 -0.815 -0.664 -0.0 -0.748 0.023 -0.988 -0.0 0.044 0.146 0.71 0.0 -0.703 0.035 0.985 0.0 0.034 0.169 
0.998 -0.052 -0.034 -0.034 -0.752 -0.0 -0.658 0.029 -0.963 -0.0 -0.148 -0.225 0.996 0.0 -0.092 -0.018 0.381 0.0 0.435 -0.816 -0.664 -0.0 -0.748 0.024 -0.988 -0.0 0.044 0.146 0.71 -0.0 -0.704 0.036 0.985 0.0 0.034 0.169 
0.998 -0.051 -0.034 -0.032 -0.753 -0.0 -0.658 0.029 -0.963 -0.0 -0.147 -0.224 0.996 0.0 -0.09 -0.023 0.382 0.0 0.436 -0.815 -0.664 -0.0 -0.748 0.023 -0.988 -0.0 0.044 0.146 0.71 0.0 -0.704 0.034 0.985 -0.0 0.034 0.169 
0.998 -0.051 -0.034 -0.031 -0.753 -0.0 -0.658 0.028 -0.964 -0.0 -0.146 -0.223 0.996 0.0 -0.087 -0.027 0.384 0.0 0.438 -0.813 -0.664 -0.0 -0.747 0.023 -0.988 -0.0 0.043 0.146 0.71 0.0 -0.704 0.034 0.985 0.0 0.034 0.169 
0.998 -0.051 -0.034 -0.03 -0.753 -0.0 -0.657 0.027 -0.964 -0.0 -0.146 -0.222 0.996 0.0 -0.084 -0.033 0.385 0.0 0.438 -0.812 -0.664 -0.0 -0.747 0.023 -0.988 -0.0 0.043 0.147 0.71 0.0 -0.704 0.033 0.985 0.0 0.034 0.169 
0.998 -0.05 -0.034 -0.03 -0.754 -0.0 -0.657 0.027 -0.964 0.0 -0.146 -0.221 0.996 0.0 -0.081 -0.04 0.387 0.0 0.438 -0.811 -0.664 -0.0 -0.747 0.023 -0.988 -0.0 0.043 0.147 0.71 0.0 -0.704 0.032 0.985 -0.0 0.034 0.17 
0.998 -0.05 -0.034 -0.029 -0.754 -0.0 -0.657 0.026 -0.965 -0.0 -0.145 -0.22 0.996 0.0 -0.078 -0.045 0.389 0.0 0.437 -0.811 -0.664 -0.0 -0.747 0.022 -0.988 0.0 0.042 0.147 0.71 0.0 -0.704 0.032 0.985 0.0 0.035 0.169 
0.998 -0.05 -0.033 -0.028 -0.754 -0.0 -0.656 0.025 -0.965 -0.0 -0.145 -0.219 0.996 0.0 -0.075 -0.052 0.391 0.0 0.436 -0.81 -0.664 -0.0 -0.747 0.022 -0.988 -0.0 0.042 0.147 0.71 0.0 -0.704 0.031 0.985 0.0 0.035 0.169 
0.998 -0.05 -0.033 -0.027 -0.754 -0.0 -0.656 0.025 -0.965 -0.0 -0.144 -0.219 0.996 0.0 -0.071 -0.059 0.394 0.0 0.435 -0.81 -0.665 -0.0 -0.747 0.022 -0.988 -0.0 0.042 0.147 0.71 0.0 -0.704 0.03 0.985 0.0 0.035 0.17 
0.998 -0.049 -0.033 -0.026 -0.754 -0.0 -0.656 0.024 -0.965 -0.0 -0.144 -0.218 0.995 -0.0 -0.068 -0.066 0.396 0.0 0.434 -0.809 -0.665 -0.0 -0.747 0.022 -0.988 -0.0 0.041 0.147 0.709 0.0 -0.704 0.029 0.985 0.0 0.035 0.17 
0.998 -0.049 -0.033 -0.025 -0.755 0.0 -0.656 0.023 -0.965 -0.0 -0.143 -0.218 0.995 0.0 -0.065 -0.073 0.399 0.0 0.433 -0.808 -0.665 -0.0 -0.747 0.022 -0.988 -0.0 0.041 0.147 0.709 0.0 -0.704 0.029 0.985 0.0 0.035 0.17 
0.998 -0.049 -0.033 -0.024 -0.755 0.0 -0.655 0.023 -0.965 -0.0 -0.143 -0.218 0.995 -0.0 -0.062 -0.08 0.401 0.0 0.432 -0.808 -0.665 -0.0 -0.747 0.022 -0.988 0.0 0.041 0.147 0.709 -0.0 -0.704 0.028 0.985 0.0 0.035 0.17 
0.998 -0.048 -0.033 -0.023 -0.755 -0.0 -0.655 0.023 -0.965 0.0 -0.143 -0.219 0.994 0.0 -0.059 -0.087 0.404 0.0 0.431 -0.807 -0.665 -0.0 -0.746 0.021 -0.988 -0.0 0.041 0.147 0.709 0.0 -0.705 0.027 0.985 0.0 0.035 0.17 
0.998 -0.048 -0.033 -0.023 -0.755 -0.0 -0.655 0.022 -0.965 0.0 -0.143 -0.219 0.994 0.0 -0.056 -0.095 0.407 0.0 0.43 -0.806 -0.665 -0.0 -0.746 0.021 -0.988 0.0 0.041 0.147 0.709 0.0 -0.705 0.026 0.985 0.0 0.035 0.17 
0.998 -0.047 -0.032 -0.022 -0.756 0.0 -0.655 0.021 -0.965 -0.0 -0.142 -0.219 0.993 0.0 -0.053 -0.102 0.409 0.0 0.427 -0.807 -0.665 -0.0 -0.746 0.02 -0.988 -0.0 0.04 0.147 0.709 -0.0 -0.705 0.025 0.985 0.0 0.035 0.171 
0.998 -0.047 -0.032 -0.021 -0.756 -0.0 -0.654 0.021 -0.965 -0.0 -0.142 -0.22 0.993 0.0 -0.049 -0.109 0.412 0.0 0.425 -0.806 -0.665 0.0 -0.746 0.02 -0.988 -0.0 0.04 0.147 0.709 0.0 -0.705 0.024 0.985 0.0 0.035 0.171 
0.998 -0.046 -0.032 -0.019 -0.756 -0.0 -0.654 0.02 -0.965 0.0 -0.142 -0.22 0.992 0.0 -0.046 -0.117 0.415 0.0 0.423 -0.806 -0.666 -0.0 -0.746 0.019 -0.988 0.0 0.039 0.147 0.709 -0.0 -0.705 0.022 0.985 0.0 0.035 0.171 
0.998 -0.046 -0.032 -0.018 -0.756 0.0 -0.654 0.019 -0.965 -0.0 -0.141 -0.221 0.991 0.0 -0.044 -0.124 0.417 0.0 0.42 -0.806 -0.666 -0.0 -0.746 0.019 -0.988 -0.0 0.039 0.146 0.709 0.0 -0.705 0.022 0.985 0.0 0.035 0.171 
0.998 -0.046 -0.032 -0.018 -0.756 -0.0 -0.654 0.019 -0.965 -0.0 -0.141 -0.221 0.991 0.0 -0.041 -0.129 0.42 0.0 0.418 -0.806 -0.666 -0.0 -0.746 0.019 -0.988 -0.0 0.039 0.146 0.709 0.0 -0.705 0.021 0.985 0.0 0.035 0.17 
0.998 -0.046 -0.032 -0.017 -0.756 -0.0 -0.654 0.018 -0.965 -0.0 -0.141 -0.222 0.99 -0.0 -0.038 -0.136 0.422 0.0 0.415 -0.806 -0.666 -0.0 -0.746 0.019 -0.988 -0.0 0.039 0.146 0.709 0.0 -0.705 0.021 0.985 0.0 0.035 0.171 
0.998 -0.045 -0.032 -0.017 -0.757 -0.0 -0.654 0.017 -0.965 -0.0 -0.141 -0.222 0.989 0.0 -0.036 -0.142 0.426 0.0 0.411 -0.806 -0.666 -0.0 -0.746 0.019 -0.989 -0.0 0.038 0.146 0.709 0.0 -0.705 0.02 0.985 0.0 0.035 0.171 
0.998 -0.045 -0.032 -0.016 -0.757 -0.0 -0.654 0.016 -0.965 0.0 -0.141 -0.223 0.988 -0.0 -0.033 -0.148 0.428 0.0 0.408 -0.806 -0.666 -0.0 -0.746 0.019 -0.989 -0.0 0.038 0.146 0.709 0.0 -0.705 0.02 0.985 0.0 0.035 0.171 
0.998 -0.045 -0.031 -0.015 -0.757 -0.0 -0.654 0.015 -0.964 -0.0 -0.141 -0.224 0.988 0.0 -0.03 -0.154 0.431 0.0 0.404 -0.807 -0.666 0.0 -0.746 0.019 -0.989 0.0 0.038 0.146 0.709 0.0 -0.705 0.019 0.985 0.0 0.035 0.171 
0.998 -0.044 -0.031 -0.015 -0.757 -0.0 -0.654 0.015 -0.964 -0.0 -0.142 -0.224 0.987 0.0 -0.028 -0.159 0.433 0.0 0.4 -0.807 -0.666 -0.0 -0.746 0.018 -0.989 -0.0 0.038 0.146 0.709 0.0 -0.705 0.018 0.985 0.0 0.035 0.171 
0.998 -0.044 -0.031 -0.015 -0.757 -0.0 -0.654 0.014 -0.964 -0.0 -0.142 -0.225 0.986 0.0 -0.026 -0.163 0.436 0.0 0.396 -0.808 -0.666 -0.0 -0.746 0.018 -0.989 0.0 0.038 0.146 0.708 0.0 -0.705 0.018 0.985 0.0 0.035 0.171 
0.998 -0.044 -0.031 -0.014 -0.756 -0.0 -0.654 0.013 -0.964 -0.0 -0.142 -0.226 0.986 0.0 -0.024 -0.167 0.438 0.0 0.393 -0.809 -0.666 -0.0 -0.746 0.018 -0.989 0.0 0.037 0.146 0.709 0.0 -0.705 0.017 0.985 0.0 0.035 0.171 
0.998 -0.044 -0.031 -0.014 -0.756 -0.0 -0.654 0.012 -0.964 -0.0 -0.142 -0.227 0.985 0.0 -0.022 -0.17 0.44 0.0 0.388 -0.81 -0.666 -0.0 -0.746 0.018 -0.989 0.0 0.038 0.146 0.709 -0.0 -0.705 0.017 0.985 0.0 0.035 0.171 
0.998 -0.044 -0.031 -0.014 -0.756 -0.0 -0.654 0.012 -0.963 -0.0 -0.142 -0.228 0.985 -0.0 -0.021 -0.173 0.442 0.0 0.384 -0.811 -0.666 -0.0 -0.745 0.018 -0.989 -0.0 0.037 0.146 0.708 0.0 -0.706 0.017 0.985 0.0 0.034 0.171 
0.998 -0.044 -0.031 -0.014 -0.756 -0.0 -0.654 0.011 -0.963 -0.0 -0.141 -0.229 0.984 0.0 -0.02 -0.176 0.444 0.0 0.38 -0.812 -0.666 0.0 -0.745 0.018 -0.989 -0.0 0.037 0.146 0.708 0.0 -0.706 0.017 0.985 0.0 0.035 0.171 
0.998 -0.044 -0.031 -0.014 -0.756 -0.0 -0.655 0.011 -0.963 -0.0 -0.142 -0.23 0.984 0.0 -0.02 -0.178 0.445 0.0 0.376 -0.813 -0.666 -0.0 -0.745 0.018 -0.989 -0.0 0.037 0.146 0.709 0.0 -0.705 0.017 0.985 0.0 0.034 0.171 
0.998 -0.044 -0.031 -0.014 -0.756 0.0 -0.655 0.01 -0.963 -0.0 -0.142 -0.231 0.984 0.0 -0.019 -0.179 0.447 0.0 0.371 -0.814 -0.666 -0.0 -0.745 0.018 -0.989 -0.0 0.037 0.146 0.709 0.0 -0.705 0.017 0.985 0.0 0.034 0.171 
0.998 -0.044 -0.031 -0.015 -0.755 -0.0 -0.655 0.01 -0.962 0.0 -0.142 -0.232 0.984 0.0 -0.019 -0.18 0.448 0.0 0.367 -0.815 -0.666 -0.0 -0.745 0.018 -0.989 0.0 0.037 0.146 0.708 0.0 -0.706 0.017 0.985 0.0 0.034 0.171 
0.998 -0.044 -0.031 -0.015 -0.755 -0.0 -0.656 0.009 -0.962 -0.0 -0.142 -0.233 0.983 0.0 -0.018 -0.18 0.449 0.0 0.364 -0.816 -0.666 0.0 -0.745 0.018 -0.989 -0.0 0.036 0.145 0.708 -0.0 -0.706 0.017 0.985 0.0 0.034 0.171 
0.998 -0.044 -0.031 -0.016 -0.754 -0.0 -0.656 0.009 -0.962 -0.0 -0.142 -0.234 0.984 0.0 -0.018 -0.18 0.45 0.0 0.36 -0.817 -0.666 -0.0 -0.746 0.018 -0.989 -0.0 0.038 0.145 0.709 0.0 -0.705 0.018 0.985 0.0 0.035 0.171 
0.998 -0.044 -0.032 -0.016 -0.754 -0.0 -0.657 0.009 -0.962 -0.0 -0.143 -0.235 0.984 0.0 -0.019 -0.179 0.451 0.0 0.356 -0.818 -0.666 -0.0 -0.746 0.018 -0.989 -0.0 0.038 0.146 0.709 -0.0 -0.705 0.018 0.985 -0.0 0.034 0.171 
0.998 -0.044 -0.032 -0.017 -0.754 -0.0 -0.657 0.009 -0.961 -0.0 -0.143 -0.236 0.984 -0.0 -0.02 -0.178 0.452 0.0 0.352 -0.82 -0.666 0.0 -0.746 0.018 -0.989 -0.0 0.038 0.145 0.709 0.0 -0.705 0.018 0.985 0.0 0.034 0.171 
0.998 -0.044 -0.032 -0.018 -0.753 -0.0 -0.658 0.009 -0.961 -0.0 -0.144 -0.237 0.984 -0.0 -0.02 -0.176 0.452 -0.0 0.349 -0.821 -0.666 -0.0 -0.746 0.018 -0.989 -0.0 0.038 0.145 0.709 0.0 -0.705 0.019 0.985 0.0 0.034 0.171 
0.998 -0.044 -0.032 -0.018 -0.753 0.0 -0.658 0.008 -0.961 -0.0 -0.144 -0.238 0.985 -0.0 -0.021 -0.173 0.452 0.0 0.347 -0.822 -0.666 -0.0 -0.746 0.018 -0.989 -0.0 0.038 0.145 0.709 0.0 -0.705 0.019 0.985 0.0 0.034 0.172 
0.998 -0.045 -0.032 -0.019 -0.753 -0.0 -0.659 0.008 -0.96 -0.0 -0.144 -0.239 0.985 0.0 -0.023 -0.171 0.452 -0.0 0.344 -0.823 -0.666 -0.0 -0.746 0.018 -0.989 -0.0 0.038 0.145 0.709 0.0 -0.705 0.02 0.985 0.0 0.034 0.171 
0.998 -0.045 -0.032 -0.02 -0.752 -0.0 -0.659 0.008 -0.96 -0.0 -0.145 -0.239 0.986 0.0 -0.024 -0.168 0.452 0.0 0.342 -0.824 -0.666 0.0 -0.746 0.019 -0.989 -0.0 0.037 0.145 0.709 0.0 -0.705 0.021 0.985 0.0 0.034 0.171 
0.998 -0.045 -0.032 -0.021 -0.752 -0.0 -0.66 0.008 -0.96 -0.0 -0.146 -0.24 0.986 0.0 -0.025 -0.164 0.452 0.0 0.341 -0.824 -0.666 -0.0 -0.746 0.019 -0.989 -0.0 0.038 0.145 0.709 0.0 -0.705 0.021 0.985 -0.0 0.034 0.171 
0.998 -0.046 -0.032 -0.022 -0.751 -0.0 -0.66 0.009 -0.96 -0.0 -0.147 -0.24 0.987 0.0 -0.027 -0.16 0.451 0.0 0.34 -0.825 -0.666 -0.0 -0.746 0.019 -0.989 -0.0 0.039 0.145 0.709 0.0 -0.705 0.022 0.985 0.0 0.034 0.171 
0.998 -0.046 -0.032 -0.023 -0.751 0.0 -0.661 0.009 -0.959 -0.0 -0.147 -0.241 0.987 -0.0 -0.029 -0.156 0.451 0.0 0.339 -0.826 -0.666 -0.0 -0.746 0.019 -0.989 -0.0 0.039 0.145 0.709 0.0 -0.705 0.024 0.985 0.0 0.034 0.171 
0.998 -0.046 -0.032 -0.023 -0.75 -0.0 -0.661 0.01 -0.959 -0.0 -0.148 -0.242 0.988 0.0 -0.031 -0.151 0.45 0.0 0.339 -0.826 -0.666 -0.0 -0.746 0.02 -0.989 0.0 0.039 0.146 0.709 0.0 -0.705 0.024 0.985 -0.0 0.034 0.17 
0.998 -0.047 -0.032 -0.024 -0.75 0.0 -0.662 0.01 -0.959 0.0 -0.148 -0.243 0.989 -0.0 -0.034 -0.146 0.449 0.0 0.338 -0.827 -0.666 -0.0 -0.746 0.02 -0.989 -0.0 0.04 0.145 0.709 0.0 -0.705 0.025 0.985 0.0 0.034 0.17 
0.998 -0.047 -0.032 -0.025 -0.749 0.0 -0.662 0.011 -0.958 -0.0 -0.149 -0.243 0.989 0.0 -0.036 -0.141 0.448 0.0 0.338 -0.828 -0.666 0.0 -0.746 0.02 -0.989 -0.0 0.04 0.146 0.709 0.0 -0.705 0.026 0.985 0.0 0.034 0.17 
0.998 -0.047 -0.033 -0.026 -0.749 -0.0 -0.662 0.012 -0.958 -0.0 -0.149 -0.244 0.99 0.0 -0.039 -0.136 0.447 0.0 0.338 -0.828 -0.666 -0.0 -0.746 0.021 -0.989 0.0 0.04 0.146 0.709 -0.0 -0.705 0.027 0.985 0.0 0.034 0.17 
0.998 -0.048 -0.033 -0.026 -0.749 -0.0 -0.663 0.012 -0.958 -0.0 -0.15 -0.245 0.99 0.0 -0.041 -0.131 0.446 0.0 0.339 -0.829 -0.666 -0.0 -0.746 0.021 -0.989 -0.0 0.039 0.146 0.709 0.0 -0.705 0.028 0.985 0.0 0.034 0.171 
0.998 -0.048 -0.033 -0.027 -0.748 -0.0 -0.663 0.013 -0.958 -0.0 -0.15 -0.245 0.991 0.0 -0.044 -0.126 0.445 0.0 0.34 -0.829 -0.666 -0.0 -0.746 0.022 -0.989 -0.0 0.039 0.146 0.709 0.0 -0.705 0.028 0.985 0.0 0.034 0.171 
0.998 -0.049 -0.033 -0.027 -0.748 -0.0 -0.663 0.014 -0.958 -0.0 -0.151 -0.245 0.992 0.0 -0.047 -0.12 0.443 0.0 0.341 -0.829 -0.666 -0.0 -0.746 0.023 -0.989 -0.0 0.039 0.146 0.709 -0.0 -0.705 0.029 0.985 0.0 0.034 0.17 
0.998 -0.049 -0.033 -0.028 -0.748 -0.0 -0.664 0.015 -0.958 -0.0 -0.151 -0.245 0.992 0.0 -0.049 -0.113 0.44 0.0 0.343 -0.83 -0.666 -0.0 -0.746 0.023 -0.989 -0.0 0.04 0.146 0.709 0.0 -0.705 0.031 0.985 0.0 0.035 0.17 
0.998 -0.05 -0.033 -0.029 -0.747 0.0 -0.664 0.016 -0.958 -0.0 -0.152 -0.245 0.993 0.0 -0.052 -0.107 0.438 0.0 0.346 -0.83 -0.665 0.0 -0.746 0.024 -0.988 -0.0 0.042 0.146 0.709 0.0 -0.704 0.032 0.985 -0.0 0.035 0.17 
0.998 -0.05 -0.033 -0.03 -0.747 -0.0 -0.664 0.017 -0.958 -0.0 -0.153 -0.244 0.993 0.0 -0.055 -0.101 0.435 0.0 0.348 -0.83 -0.665 -0.0 -0.746 0.025 -0.988 -0.0 0.042 0.146 0.709 0.0 -0.704 0.033 0.985 0.0 0.035 0.17 
0.998 -0.051 -0.033 -0.03 -0.747 -0.0 -0.665 0.017 -0.958 -0.0 -0.153 -0.243 0.994 -0.0 -0.058 -0.094 0.433 -0.0 0.351 -0.83 -0.666 -0.0 -0.746 0.025 -0.988 -0.0 0.042 0.146 0.709 0.0 -0.704 0.034 0.985 0.0 0.035 0.17 
0.998 -0.051 -0.033 -0.031 -0.747 -0.0 -0.665 0.018 -0.958 -0.0 -0.154 -0.243 0.994 0.0 -0.06 -0.087 0.43 0.0 0.356 -0.83 -0.665 -0.0 -0.746 0.026 -0.988 0.0 0.041 0.146 0.709 0.0 -0.704 0.035 0.985 0.0 0.035 0.17 
0.998 -0.052 -0.033 -0.031 -0.747 -0.0 -0.665 0.02 -0.958 -0.0 -0.154 -0.242 0.995 0.0 -0.063 -0.081 0.428 0.0 0.359 -0.829 -0.665 -0.0 -0.746 0.027 -0.988 -0.0 0.043 0.146 0.709 0.0 -0.704 0.036 0.985 0.0 0.035 0.17 
0.998 -0.052 -0.033 -0.031 -0.747 -0.0 -0.665 0.02 -0.958 0.0 -0.154 -0.242 0.995 0.0 -0.066 -0.075 0.425 0.0 0.363 -0.829 -0.665 0.0 -0.746 0.027 -0.988 -0.0 0.043 0.146 0.709 0.0 -0.704 0.036 0.985 0.0 0.035 0.17 
0.998 -0.052 -0.033 -0.032 -0.747 -0.0 -0.665 0.022 -0.958 -0.0 -0.155 -0.242 0.995 0.0 -0.068 -0.069 0.423 0.0 0.367 -0.828 -0.665 -0.0 -0.746 0.028 -0.988 -0.0 0.043 0.146 0.709 0.0 -0.704 0.037 0.985 0.0 0.035 0.17 
0.998 -0.053 -0.034 -0.032 -0.747 -0.0 -0.665 0.023 -0.958 -0.0 -0.155 -0.241 0.996 0.0 -0.07 -0.063 0.421 0.0 0.371 -0.828 -0.665 -0.0 -0.746 0.028 -0.988 -0.0 0.044 0.146 0.709 0.0 -0.704 0.038 0.985 0.0 0.035 0.17 
0.997 -0.054 -0.034 -0.032 -0.747 -0.0 -0.665 0.024 -0.958 -0.0 -0.155 -0.241 0.996 0.0 -0.072 -0.057 0.419 0.0 0.375 -0.827 -0.665 -0.0 -0.746 0.029 -0.988 -0.0 0.044 0.146 0.709 0.0 -0.704 0.039 0.985 0.0 0.035 0.17 
0.997 -0.054 -0.034 -0.033 -0.747 -0.0 -0.664 0.025 -0.958 -0.0 -0.155 -0.24 0.996 0.0 -0.074 -0.051 0.416 0.0 0.38 -0.826 -0.665 -0.0 -0.746 0.03 -0.988 -0.0 0.044 0.146 0.709 0.0 -0.704 0.04 0.985 0.0 0.035 0.17 
0.997 -0.055 -0.034 -0.033 -0.747 0.0 -0.664 0.027 -0.958 -0.0 -0.156 -0.239 0.996 0.0 -0.076 -0.046 0.414 -0.0 0.384 -0.825 -0.665 -0.0 -0.746 0.03 -0.988 -0.0 0.045 0.146 0.709 0.0 -0.704 0.04 0.985 0.0 0.035 0.17 
0.997 -0.055 -0.034 -0.033 -0.747 -0.0 -0.664 0.027 -0.959 -0.0 -0.155 -0.238 0.996 0.0 -0.078 -0.041 0.411 0.0 0.389 -0.824 -0.665 -0.0 -0.746 0.031 -0.988 -0.0 0.045 0.146 0.709 0.0 -0.704 0.041 0.985 0.0 0.035 0.171 
0.997 -0.055 -0.034 -0.033 -0.747 0.0 -0.664 0.028 -0.959 0.0 -0.155 -0.237 0.996 0.0 -0.08 -0.035 0.408 0.0 0.395 -0.823 -0.665 -0.0 -0.746 0.031 -0.988 -0.0 0.045 0.146 0.709 0.0 -0.704 0.042 0.985 0.0 0.036 0.171 
0.997 -0.056 -0.034 -0.034 -0.747 -0.0 -0.664 0.029 -0.959 -0.0 -0.155 -0.236 0.996 0.0 -0.082 -0.03 0.406 0.0 0.4 -0.822 -0.665 -0.0 -0.747 0.032 -0.988 -0.0 0.045 0.146 0.709 0.0 -0.704 0.042 0.985 0.0 0.035 0.171 
0.997 -0.056 -0.034 -0.034 -0.747 -0.0 -0.664 0.03 -0.96 -0.0 -0.155 -0.235 0.996 0.0 -0.084 -0.025 0.404 0.0 0.404 -0.821 -0.665 -0.0 -0.747 0.032 -0.988 -0.0 0.045 0.146 0.709 0.0 -0.704 0.043 0.985 0.0 0.036 0.171 
0.997 -0.056 -0.034 -0.034 -0.748 -0.0 -0.663 0.031 -0.96 0.0 -0.155 -0.234 0.996 -0.0 -0.085 -0.021 0.402 0.0 0.41 -0.819 -0.664 -0.0 -0.747 0.033 -0.988 -0.0 0.046 0.146 0.709 0.0 -0.704 0.043 0.985 0.0 0.036 0.171 
0.997 -0.057 -0.034 -0.035 -0.748 -0.0 -0.663 0.032 -0.96 -0.0 -0.155 -0.233 0.996 0.0 -0.086 -0.016 0.399 0.0 0.415 -0.818 -0.664 -0.0 -0.747 0.033 -0.988 -0.0 0.046 0.146 0.709 0.0 -0.703 0.044 0.985 0.0 0.036 0.171 
0.997 -0.057 -0.034 -0.035 -0.748 -0.0 -0.663 0.033 -0.96 -0.0 -0.156 -0.231 0.996 0.0 -0.087 -0.013 0.397 0.0 0.42 -0.816 -0.664 -0.0 -0.747 0.033 -0.988 -0.0 0.046 0.146 0.709 0.0 -0.703 0.044 0.985 0.0 0.036 0.171 
0.997 -0.057 -0.035 -0.035 -0.748 -0.0 -0.663 0.034 -0.961 -0.0 -0.155 -0.23 0.996 0.0 -0.087 -0.01 0.396 0.0 0.424 -0.815 -0.664 -0.0 -0.747 0.034 -0.988 -0.0 0.046 0.146 0.71 -0.0 -0.703 0.045 0.985 0.0 0.036 0.171 
0.997 -0.057 -0.035 -0.035 -0.748 -0.0 -0.663 0.034 -0.961 0.0 -0.155 -0.229 0.996 0.0 -0.088 -0.007 0.394 0.0 0.429 -0.813 -0.664 -0.0 -0.747 0.034 -0.988 -0.0 0.046 0.146 0.71 0.0 -0.703 0.045 0.985 0.0 0.036 0.171 
0.997 -0.058 -0.035 -0.035 -0.748 -0.0 -0.662 0.035 -0.962 -0.0 -0.154 -0.228 0.996 0.0 -0.089 -0.005 0.393 0.0 0.433 -0.811 -0.664 0.0 -0.747 0.035 -0.988 -0.0 0.046 0.146 0.71 0.0 -0.703 0.045 0.985 0.0 0.036 0.171 
0.997 -0.058 -0.035 -0.035 -0.749 -0.0 -0.662 0.035 -0.962 -0.0 -0.154 -0.226 0.996 -0.0 -0.09 -0.003 0.392 0.0 0.437 -0.81 -0.664 -0.0 -0.747 0.036 -0.988 -0.0 0.047 0.146 0.709 0.0 -0.703 0.046 0.985 0.0 0.036 0.171 
0.997 -0.058 -0.035 -0.035 -0.749 -0.0 -0.662 0.036 -0.962 -0.0 -0.153 -0.225 0.996 -0.0 -0.091 -0.002 0.39 0.0 0.44 -0.809 -0.664 -0.0 -0.747 0.036 -0.988 0.0 0.047 0.146 0.71 0.0 -0.703 0.046 0.985 0.0 0.036 0.172 
0.997 -0.058 -0.035 -0.035 -0.749 0.0 -0.661 0.036 -0.963 -0.0 -0.152 -0.224 0.996 0.0 -0.091 -0.001 0.389 0.0 0.444 -0.807 -0.664 0.0 -0.747 0.036 -0.988 -0.0 0.047 0.146 0.709 0.0 -0.703 0.046 0.985 0.0 0.036 0.171 
0.997 -0.058 -0.035 -0.034 -0.749 -0.0 -0.661 0.036 -0.963 -0.0 -0.152 -0.222 0.996 0.0 -0.092 -0.002 0.389 0.0 0.445 -0.807 -0.664 0.0 -0.747 0.036 -0.988 -0.0 0.047 0.146 0.71 0.0 -0.703 0.046 0.984 0.0 0.036 0.172 
0.997 -0.059 -0.035 -0.034 -0.75 -0.0 -0.661 0.036 -0.964 0.0 -0.152 -0.22 0.996 0.0 -0.093 -0.002 0.388 0.0 0.448 -0.805 -0.664 -0.0 -0.747 0.036 -0.988 -0.0 0.045 0.146 0.71 0.0 -0.703 0.046 0.984 0.0 0.036 0.172 
0.997 -0.059 -0.035 -0.034 -0.75 -0.0 -0.661 0.036 -0.964 -0.0 -0.151 -0.219 0.996 -0.0 -0.094 -0.003 0.387 0.0 0.45 -0.805 -0.664 -0.0 -0.747 0.037 -0.988 -0.0 0.047 0.146 0.71 0.0 -0.703 0.046 0.984 0.0 0.036 0.172 
0.997 -0.059 -0.035 -0.033 -0.75 -0.0 -0.661 0.036 -0.964 -0.0 -0.149 -0.218 0.996 -0.0 -0.094 -0.005 0.387 0.0 0.452 -0.804 -0.664 -0.0 -0.747 0.037 -0.988 0.0 0.047 0.146 0.71 0.0 -0.703 0.046 0.984 0.0 0.036 0.172 
0.997 -0.059 -0.035 -0.033 -0.75 -0.0 -0.66 0.036 -0.965 -0.0 -0.149 -0.217 0.996 0.0 -0.094 -0.006 0.387 0.0 0.453 -0.803 -0.664 -0.0 -0.747 0.037 -0.988 -0.0 0.047 0.146 0.71 -0.0 -0.703 0.045 0.984 0.0 0.036 0.172 
0.997 -0.059 -0.035 -0.032 -0.75 0.0 -0.66 0.036 -0.965 -0.0 -0.148 -0.216 0.996 0.0 -0.093 -0.008 0.387 0.0 0.454 -0.803 -0.664 -0.0 -0.747 0.037 -0.988 -0.0 0.046 0.146 0.709 0.0 -0.703 0.045 0.984 0.0 0.037 0.172 
0.997 -0.058 -0.034 -0.032 -0.751 -0.0 -0.66 0.035 -0.966 -0.0 -0.148 -0.214 0.996 0.0 -0.091 -0.009 0.386 0.0 0.458 -0.801 -0.664 0.0 -0.747 0.036 -0.988 0.0 0.046 0.146 0.709 0.0 -0.703 0.044 0.984 0.0 0.036 0.172 
0.997 -0.059 -0.034 -0.031 -0.751 -0.0 -0.66 0.035 -0.966 -0.0 -0.147 -0.213 0.996 0.0 -0.092 -0.013 0.387 -0.0 0.454 -0.802 -0.664 -0.0 -0.747 0.037 -0.988 -0.0 0.046 0.147 0.709 0.0 -0.703 0.044 0.984 -0.0 0.037 0.172 
0.997 -0.058 -0.034 -0.03 -0.751 -0.0 -0.66 0.034 -0.966 -0.0 -0.146 -0.213 0.996 0.0 -0.091 -0.017 0.388 0.0 0.455 -0.802 -0.664 0.0 -0.746 0.037 -0.988 -0.0 0.046 0.147 0.709 0.0 -0.704 0.044 0.984 0.0 0.037 0.173 
0.997 -0.058 -0.034 -0.03 -0.751 -0.0 -0.659 0.034 -0.966 -0.0 -0.146 -0.212 0.996 0.0 -0.089 -0.02 0.388 0.0 0.458 -0.8 -0.665 -0.0 -0.746 0.036 -0.988 -0.0 0.046 0.147 0.709 -0.0 -0.704 0.043 0.984 0.0 0.037 0.173 
0.997 -0.058 -0.034 -0.029 -0.751 -0.0 -0.659 0.033 -0.966 -0.0 -0.146 -0.211 0.996 0.0 -0.088 -0.024 0.388 0.0 0.457 -0.8 -0.665 -0.0 -0.746 0.036 -0.988 -0.0 0.045 0.147 0.709 0.0 -0.704 0.042 0.984 -0.0 0.036 0.173 
0.997 -0.058 -0.034 -0.028 -0.752 -0.0 -0.659 0.033 -0.967 -0.0 -0.145 -0.211 0.996 0.0 -0.086 -0.029 0.389 0.0 0.457 -0.8 -0.665 -0.0 -0.746 0.036 -0.988 -0.0 0.045 0.147 0.709 0.0 -0.704 0.042 0.984 0.0 0.037 0.173 
0.997 -0.058 -0.034 -0.027 -0.752 -0.0 -0.659 0.033 -0.967 -0.0 -0.145 -0.211 0.996 0.0 -0.084 -0.033 0.389 0.0 0.456 -0.8 -0.665 -0.0 -0.746 0.036 -0.988 -0.0 0.045 0.147 0.709 0.0 -0.704 0.041 0.984 0.0 0.037 0.173 
0.997 -0.057 -0.034 -0.026 -0.752 0.0 -0.658 0.032 -0.967 0.0 -0.144 -0.211 0.996 0.0 -0.083 -0.038 0.39 0.0 0.455 -0.801 -0.665 0.0 -0.746 0.036 -0.988 -0.0 0.045 0.147 0.709 -0.0 -0.704 0.04 0.984 0.0 0.037 0.173 
0.997 -0.057 -0.034 -0.025 -0.752 -0.0 -0.658 0.032 -0.967 -0.0 -0.144 -0.211 0.996 0.0 -0.08 -0.043 0.39 0.0 0.453 -0.801 -0.665 -0.0 -0.746 0.036 -0.988 -0.0 0.044 0.147 0.709 0.0 -0.704 0.04 0.984 0.0 0.037 0.173 
0.998 -0.057 -0.033 -0.024 -0.753 -0.0 -0.658 0.032 -0.967 -0.0 -0.144 -0.211 0.996 0.0 -0.078 -0.048 0.391 0.0 0.453 -0.801 -0.665 -0.0 -0.746 0.035 -0.988 0.0 0.044 0.147 0.709 0.0 -0.704 0.039 0.984 -0.0 0.037 0.173 
0.998 -0.057 -0.033 -0.023 -0.753 0.0 -0.658 0.031 -0.967 -0.0 -0.144 -0.212 0.996 0.0 -0.076 -0.054 0.392 0.0 0.451 -0.802 -0.666 -0.0 -0.746 0.035 -0.988 0.0 0.044 0.147 0.709 0.0 -0.705 0.038 0.984 -0.0 0.037 0.173 
0.998 -0.056 -0.033 -0.023 -0.753 -0.0 -0.657 0.03 -0.967 -0.0 -0.144 -0.212 0.996 0.0 -0.073 -0.059 0.394 0.0 0.449 -0.802 -0.666 -0.0 -0.745 0.035 -0.988 -0.0 0.043 0.147 0.709 0.0 -0.705 0.037 0.984 0.0 0.037 0.174 
0.998 -0.056 -0.033 -0.022 -0.753 -0.0 -0.657 0.03 -0.967 -0.0 -0.143 -0.213 0.995 0.0 -0.071 -0.066 0.396 0.0 0.447 -0.802 -0.666 -0.0 -0.745 0.034 -0.988 -0.0 0.043 0.147 0.709 0.0 -0.705 0.036 0.984 0.0 0.037 0.174 
0.998 -0.056 -0.033 -0.021 -0.753 -0.0 -0.657 0.029 -0.966 0.0 -0.143 -0.213 0.995 0.0 -0.068 -0.071 0.397 0.0 0.445 -0.803 -0.666 -0.0 -0.745 0.034 -0.988 -0.0 0.043 0.147 0.708 0.0 -0.705 0.035 0.984 0.0 0.037 0.174 
0.998 -0.055 -0.033 -0.02 -0.754 0.0 -0.657 0.028 -0.966 -0.0 -0.143 -0.213 0.995 0.0 -0.065 -0.077 0.399 0.0 0.442 -0.803 -0.666 0.0 -0.745 0.033 -0.988 -0.0 0.043 0.147 0.708 0.0 -0.705 0.035 0.984 0.0 0.037 0.174 
0.998 -0.055 -0.033 -0.02 -0.754 -0.0 -0.657 0.028 -0.966 -0.0 -0.143 -0.214 0.995 0.0 -0.062 -0.083 0.401 0.0 0.439 -0.804 -0.666 -0.0 -0.745 0.033 -0.988 0.0 0.042 0.147 0.708 0.0 -0.705 0.034 0.984 0.0 0.037 0.174 
0.998 -0.055 -0.033 -0.019 -0.754 -0.0 -0.657 0.027 -0.966 -0.0 -0.143 -0.215 0.994 0.0 -0.058 -0.089 0.403 -0.0 0.437 -0.804 -0.666 -0.0 -0.745 0.032 -0.988 -0.0 0.042 0.147 0.708 0.0 -0.705 0.033 0.984 0.0 0.037 0.174 
0.998 -0.054 -0.032 -0.019 -0.754 -0.0 -0.657 0.027 -0.966 0.0 -0.144 -0.216 0.994 0.0 -0.055 -0.094 0.405 0.0 0.433 -0.805 -0.666 -0.0 -0.745 0.032 -0.988 -0.0 0.042 0.147 0.708 0.0 -0.705 0.033 0.984 0.0 0.037 0.174 
0.998 -0.054 -0.032 -0.019 -0.754 -0.0 -0.656 0.026 -0.966 -0.0 -0.144 -0.217 0.994 0.0 -0.052 -0.1 0.407 0.0 0.43 -0.806 -0.666 0.0 -0.745 0.032 -0.988 -0.0 0.042 0.147 0.708 -0.0 -0.705 0.032 0.984 0.0 0.037 0.174 
0.998 -0.054 -0.032 -0.018 -0.754 -0.0 -0.656 0.026 -0.965 -0.0 -0.144 -0.218 0.993 0.0 -0.049 -0.106 0.409 0.0 0.428 -0.806 -0.667 -0.0 -0.745 0.031 -0.988 -0.0 0.041 0.147 0.708 0.0 -0.706 0.032 0.984 -0.0 0.037 0.174 
0.998 -0.053 -0.032 -0.018 -0.754 -0.0 -0.656 0.025 -0.965 -0.0 -0.145 -0.219 0.993 0.0 -0.045 -0.112 0.411 0.0 0.422 -0.808 -0.667 -0.0 -0.745 0.03 -0.988 -0.0 0.041 0.147 0.708 0.0 -0.706 0.031 0.984 0.0 0.037 0.174 
0.998 -0.053 -0.032 -0.017 -0.754 -0.0 -0.656 0.025 -0.965 0.0 -0.145 -0.22 0.992 0.0 -0.042 -0.117 0.413 0.0 0.419 -0.809 -0.667 -0.0 -0.745 0.03 -0.988 -0.0 0.041 0.147 0.708 0.0 -0.706 0.03 0.984 0.0 0.036 0.174 
0.998 -0.053 -0.032 -0.017 -0.754 -0.0 -0.656 0.024 -0.965 -0.0 -0.145 -0.221 0.992 0.0 -0.039 -0.123 0.415 0.0 0.416 -0.809 -0.667 -0.0 -0.745 0.029 -0.988 -0.0 0.04 0.147 0.708 0.0 -0.706 0.029 0.984 0.0 0.036 0.174 
0.998 -0.052 -0.032 -0.017 -0.754 -0.0 -0.656 0.023 -0.964 -0.0 -0.146 -0.222 0.991 0.0 -0.035 -0.129 0.417 -0.0 0.413 -0.81 -0.667 -0.0 -0.745 0.029 -0.988 -0.0 0.04 0.148 0.708 0.0 -0.706 0.029 0.984 0.0 0.036 0.174 
0.998 -0.052 -0.032 -0.017 -0.754 -0.0 -0.656 0.023 -0.964 -0.0 -0.146 -0.222 0.99 0.0 -0.032 -0.134 0.419 0.0 0.409 -0.81 -0.667 -0.0 -0.745 0.028 -0.988 -0.0 0.04 0.148 0.708 -0.0 -0.706 0.028 0.984 0.0 0.036 0.174 
0.998 -0.052 -0.032 -0.017 -0.754 -0.0 -0.656 0.022 -0.964 -0.0 -0.146 -0.223 0.99 -0.0 -0.029 -0.139 0.421 0.0 0.405 -0.811 -0.667 -0.0 -0.744 0.027 -0.988 -0.0 0.04 0.148 0.708 0.0 -0.706 0.027 0.984 0.0 0.036 0.174 
0.998 -0.051 -0.032 -0.017 -0.755 -0.0 -0.656 0.021 -0.964 -0.0 -0.147 -0.224 0.989 0.0 -0.026 -0.144 0.423 0.0 0.402 -0.812 -0.667 -0.0 -0.744 0.027 -0.988 -0.0 0.04 0.148 0.708 0.0 -0.706 0.027 0.984 0.0 0.036 0.174 
0.998 -0.051 -0.032 -0.017 -0.754 -0.0 -0.656 0.021 -0.963 -0.0 -0.147 -0.224 0.989 0.0 -0.023 -0.148 0.425 0.0 0.397 -0.813 -0.667 -0.0 -0.744 0.026 -0.988 -0.0 0.039 0.148 0.708 0.0 -0.706 0.026 0.984 0.0 0.035 0.174 
0.998 -0.051 -0.032 -0.017 -0.755 -0.0 -0.656 0.02 -0.963 -0.0 -0.147 -0.225 0.988 0.0 -0.021 -0.153 0.427 0.0 0.394 -0.814 -0.667 -0.0 -0.744 0.026 -0.988 -0.0 0.039 0.148 0.708 0.0 -0.706 0.026 0.984 0.0 0.036 0.174 
0.998 -0.05 -0.032 -0.017 -0.754 -0.0 -0.656 0.019 -0.963 -0.0 -0.148 -0.226 0.988 0.0 -0.019 -0.156 0.429 0.0 0.389 -0.815 -0.667 -0.0 -0.744 0.025 -0.988 -0.0 0.039 0.148 0.708 0.0 -0.706 0.025 0.984 0.0 0.036 0.174 
0.998 -0.05 -0.032 -0.017 -0.754 0.0 -0.656 0.018 -0.963 -0.0 -0.148 -0.226 0.987 0.0 -0.017 -0.16 0.431 -0.0 0.385 -0.816 -0.667 -0.0 -0.744 0.025 -0.988 -0.0 0.039 0.148 0.708 0.0 -0.706 0.025 0.984 0.0 0.035 0.174 
0.998 -0.05 -0.032 -0.017 -0.754 -0.0 -0.656 0.018 -0.962 0.0 -0.149 -0.227 0.986 0.0 -0.015 -0.164 0.433 0.0 0.381 -0.817 -0.667 -0.0 -0.744 0.024 -0.988 -0.0 0.039 0.148 0.708 0.0 -0.706 0.025 0.984 0.0 0.035 0.174 
0.998 -0.05 -0.032 -0.017 -0.754 -0.0 -0.657 0.017 -0.962 -0.0 -0.149 -0.228 0.986 0.0 -0.014 -0.167 0.434 0.0 0.377 -0.818 -0.667 -0.0 -0.744 0.024 -0.988 -0.0 0.039 0.148 0.708 0.0 -0.706 0.024 0.984 0.0 0.035 0.174 
0.998 -0.05 -0.032 -0.017 -0.754 -0.0 -0.657 0.017 -0.962 -0.0 -0.149 -0.229 0.985 0.0 -0.012 -0.169 0.436 0.0 0.373 -0.819 -0.667 -0.0 -0.744 0.024 -0.988 0.0 0.039 0.148 0.708 0.0 -0.706 0.024 0.984 0.0 0.035 0.174 
0.998 -0.049 -0.032 -0.018 -0.754 -0.0 -0.657 0.016 -0.962 0.0 -0.149 -0.229 0.985 -0.0 -0.011 -0.171 0.436 0.0 0.369 -0.82 -0.667 -0.0 -0.744 0.024 -0.988 -0.0 0.039 0.148 0.708 -0.0 -0.706 0.024 0.984 -0.0 0.035 0.174 
0.998 -0.049 -0.032 -0.018 -0.754 -0.0 -0.657 0.015 -0.962 0.0 -0.149 -0.229 0.985 0.0 -0.011 -0.172 0.437 0.0 0.366 -0.822 -0.667 -0.0 -0.744 0.023 -0.988 -0.0 0.039 0.148 0.708 0.0 -0.706 0.024 0.984 0.0 0.034 0.174 
0.998 -0.049 -0.032 -0.018 -0.753 -0.0 -0.658 0.015 -0.962 0.0 -0.149 -0.23 0.985 0.0 -0.01 -0.173 0.438 -0.0 0.363 -0.823 -0.667 -0.0 -0.744 0.023 -0.988 0.0 0.039 0.148 0.708 0.0 -0.706 0.024 0.984 0.0 0.034 0.174 
0.998 -0.049 -0.032 -0.018 -0.753 0.0 -0.658 0.015 -0.961 -0.0 -0.15 -0.231 0.985 0.0 -0.01 -0.174 0.438 0.0 0.359 -0.824 -0.667 -0.0 -0.744 0.023 -0.988 -0.0 0.039 0.148 0.708 0.0 -0.706 0.024 0.984 0.0 0.034 0.174 
0.998 -0.049 -0.032 -0.019 -0.753 -0.0 -0.658 0.014 -0.961 -0.0 -0.149 -0.231 0.985 0.0 -0.01 -0.174 0.439 0.0 0.355 -0.826 -0.667 -0.0 -0.744 0.023 -0.988 -0.0 0.039 0.148 0.708 0.0 -0.706 0.024 0.984 0.0 0.035 0.174 
0.998 -0.049 -0.032 -0.019 -0.752 -0.0 -0.659 0.014 -0.961 -0.0 -0.149 -0.232 0.985 0.0 -0.011 -0.174 0.439 -0.0 0.352 -0.827 -0.667 -0.0 -0.744 0.022 -0.988 -0.0 0.039 0.148 0.708 -0.0 -0.706 0.024 0.984 0.0 0.034 0.174 
0.998 -0.049 -0.032 -0.02 -0.752 -0.0 -0.659 0.013 -0.961 -0.0 -0.15 -0.233 0.985 0.0 -0.011 -0.172 0.439 0.0 0.348 -0.828 -0.667 -0.0 -0.744 0.022 -0.988 -0.0 0.039 0.148 0.708 0.0 -0.706 0.024 0.984 0.0 0.034 0.174 
0.998 -0.049 -0.032 -0.02 -0.752 -0.0 -0.659 0.013 -0.961 -0.0 -0.15 -0.233 0.985 0.0 -0.012 -0.171 0.438 0.0 0.345 -0.83 -0.667 -0.0 -0.744 0.022 -0.988 0.0 0.039 0.148 0.708 0.0 -0.706 0.025 0.984 0.0 0.034 0.174 
0.998 -0.049 -0.032 -0.021 -0.751 0.0 -0.66 0.013 -0.961 -0.0 -0.149 -0.234 0.986 -0.0 -0.012 -0.168 0.438 -0.0 0.342 -0.831 -0.667 -0.0 -0.744 0.022 -0.988 -0.0 0.039 0.148 0.708 -0.0 -0.706 0.025 0.984 -0.0 0.034 0.173 
0.998 -0.05 -0.032 -0.022 -0.751 -0.0 -0.66 0.013 -0.96 -0.0 -0.15 -0.234 0.986 -0.0 -0.014 -0.165 0.438 0.0 0.339 -0.833 -0.667 -0.0 -0.744 0.022 -0.988 -0.0 0.04 0.148 0.707 0.0 -0.706 0.026 0.984 0.0 0.034 0.173 
0.998 -0.05 -0.033 -0.022 -0.75 -0.0 -0.661 0.013 -0.96 -0.0 -0.15 -0.235 0.987 0.0 -0.015 -0.162 0.437 0.0 0.337 -0.834 -0.667 -0.0 -0.744 0.022 -0.988 -0.0 0.04 0.148 0.708 0.0 -0.706 0.026 0.984 0.0 0.034 0.173 
0.998 -0.05 -0.033 -0.022 -0.75 -0.0 -0.662 0.013 -0.96 -0.0 -0.15 -0.235 0.987 0.0 -0.017 -0.159 0.436 0.0 0.334 -0.836 -0.667 0.0 -0.744 0.023 -0.988 -0.0 0.04 0.148 0.708 0.0 -0.706 0.026 0.984 -0.0 0.034 0.173 
0.998 -0.05 -0.033 -0.023 -0.749 -0.0 -0.662 0.014 -0.96 -0.0 -0.15 -0.236 0.988 0.0 -0.019 -0.155 0.434 -0.0 0.332 -0.837 -0.667 -0.0 -0.744 0.023 -0.988 -0.0 0.039 0.148 0.708 -0.0 -0.706 0.027 0.984 0.0 0.034 0.173 
0.998 -0.05 -0.033 -0.024 -0.749 -0.0 -0.663 0.014 -0.96 -0.0 -0.15 -0.236 0.988 -0.0 -0.021 -0.15 0.433 0.0 0.33 -0.839 -0.667 -0.0 -0.745 0.023 -0.988 -0.0 0.039 0.148 0.708 0.0 -0.706 0.028 0.984 0.0 0.034 0.173 
0.998 -0.051 -0.033 -0.025 -0.748 -0.0 -0.663 0.015 -0.96 -0.0 -0.15 -0.237 0.989 0.0 -0.024 -0.145 0.431 0.0 0.328 -0.841 -0.667 -0.0 -0.745 0.023 -0.988 0.0 0.039 0.148 0.708 0.0 -0.706 0.029 0.984 0.0 0.034 0.173 
0.998 -0.051 -0.033 -0.025 -0.748 -0.0 -0.664 0.016 -0.96 0.0 -0.151 -0.238 0.99 0.0 -0.026 -0.14 0.43 0.0 0.326 -0.842 -0.667 -0.0 -0.745 0.023 -0.988 0.0 0.041 0.148 0.708 0.0 -0.706 0.029 0.984 0.0 0.034 0.173 
0.998 -0.051 -0.033 -0.026 -0.747 -0.0 -0.664 0.017 -0.96 -0.0 -0.151 -0.237 0.99 -0.0 -0.029 -0.134 0.428 -0.0 0.325 -0.843 -0.667 -0.0 -0.745 0.024 -0.988 -0.0 0.041 0.148 0.708 -0.0 -0.706 0.03 0.984 0.0 0.034 0.173 
0.998 -0.052 -0.033 -0.027 -0.747 -0.0 -0.665 0.018 -0.959 -0.0 -0.152 -0.238 0.991 -0.0 -0.032 -0.129 0.426 -0.0 0.324 -0.844 -0.667 -0.0 -0.745 0.024 -0.988 -0.0 0.041 0.148 0.708 0.0 -0.706 0.031 0.984 0.0 0.034 0.172 
0.998 -0.052 -0.033 -0.028 -0.747 -0.0 -0.665 0.019 -0.959 -0.0 -0.152 -0.238 0.992 -0.0 -0.035 -0.123 0.424 0.0 0.324 -0.846 -0.667 0.0 -0.745 0.024 -0.988 -0.0 0.042 0.148 0.708 0.0 -0.706 0.032 0.984 0.0 0.034 0.172 
0.998 -0.052 -0.033 -0.029 -0.746 -0.0 -0.665 0.019 -0.959 -0.0 -0.153 -0.238 0.992 0.0 -0.038 -0.117 0.423 0.0 0.323 -0.847 -0.667 -0.0 -0.745 0.024 -0.988 -0.0 0.042 0.148 0.708 -0.0 -0.706 0.033 0.984 0.0 0.034 0.172 
0.998 -0.052 -0.033 -0.03 -0.746 -0.0 -0.666 0.02 -0.959 -0.0 -0.153 -0.237 0.993 -0.0 -0.041 -0.11 0.421 0.0 0.323 -0.847 -0.667 -0.0 -0.745 0.025 -0.988 -0.0 0.043 0.148 0.708 0.0 -0.706 0.033 0.984 0.0 0.034 0.172 
0.998 -0.053 -0.034 -0.03 -0.745 -0.0 -0.666 0.021 -0.959 -0.0 -0.153 -0.237 0.994 0.0 -0.044 -0.104 0.419 0.0 0.323 -0.849 -0.667 -0.0 -0.745 0.025 -0.988 0.0 0.043 0.148 0.708 -0.0 -0.706 0.034 0.984 0.0 0.034 0.172 
0.998 -0.053 -0.034 -0.031 -0.745 0.0 -0.667 0.022 -0.959 -0.0 -0.154 -0.237 0.994 0.0 -0.047 -0.097 0.417 0.0 0.324 -0.849 -0.666 -0.0 -0.745 0.025 -0.988 -0.0 0.043 0.148 0.708 0.0 -0.706 0.035 0.985 0.0 0.034 0.172 
0.997 -0.053 -0.034 -0.032 -0.745 0.0 -0.667 0.023 -0.959 -0.0 -0.154 -0.236 0.995 -0.0 -0.051 -0.09 0.414 0.0 0.325 -0.85 -0.666 -0.0 -0.745 0.025 -0.988 0.0 0.043 0.148 0.708 0.0 -0.706 0.035 0.984 0.0 0.034 0.172 
0.997 -0.053 -0.034 -0.032 -0.744 -0.0 -0.667 0.024 -0.96 0.0 -0.154 -0.236 0.995 0.0 -0.054 -0.084 0.412 0.0 0.328 -0.85 -0.666 -0.0 -0.745 0.025 -0.988 -0.0 0.044 0.148 0.708 0.0 -0.706 0.035 0.984 -0.0 0.034 0.172 
0.997 -0.054 -0.034 -0.033 -0.744 -0.0 -0.668 0.025 -0.96 0.0 -0.154 -0.235 0.995 -0.0 -0.057 -0.077 0.41 -0.0 0.33 -0.851 -0.666 -0.0 -0.745 0.026 -0.988 -0.0 0.044 0.148 0.708 0.0 -0.706 0.036 0.984 0.0 0.034 0.172 
0.997 -0.054 -0.034 -0.034 -0.744 -0.0 -0.668 0.026 -0.96 -0.0 -0.155 -0.234 0.996 0.0 -0.061 -0.071 0.407 0.0 0.332 -0.851 -0.666 0.0 -0.745 0.026 -0.988 -0.0 0.044 0.148 0.708 0.0 -0.706 0.037 0.985 0.0 0.034 0.172 
0.997 -0.054 -0.034 -0.035 -0.743 0.0 -0.668 0.027 -0.96 -0.0 -0.155 -0.233 0.996 -0.0 -0.064 -0.064 0.405 0.0 0.335 -0.851 -0.666 -0.0 -0.745 0.027 -0.988 -0.0 0.045 0.148 0.708 0.0 -0.705 0.038 0.985 0.0 0.034 0.172 
0.997 -0.055 -0.034 -0.035 -0.743 -0.0 -0.668 0.029 -0.96 -0.0 -0.156 -0.232 0.996 -0.0 -0.067 -0.058 0.404 0.0 0.338 -0.85 -0.666 -0.0 -0.745 0.027 -0.988 -0.0 0.045 0.148 0.708 0.0 -0.705 0.039 0.985 0.0 0.034 0.172 
0.997 -0.055 -0.034 -0.036 -0.743 0.0 -0.668 0.03 -0.96 -0.0 -0.157 -0.231 0.996 0.0 -0.069 -0.051 0.401 -0.0 0.342 -0.85 -0.666 -0.0 -0.745 0.027 -0.988 -0.0 0.045 0.148 0.708 0.0 -0.705 0.04 0.985 0.0 0.034 0.171 
0.997 -0.055 -0.035 -0.037 -0.743 -0.0 -0.669 0.031 -0.96 -0.0 -0.156 -0.231 0.996 0.0 -0.072 -0.044 0.399 0.0 0.346 -0.849 -0.666 -0.0 -0.746 0.028 -0.988 -0.0 0.046 0.148 0.708 0.0 -0.705 0.041 0.985 0.0 0.034 0.171 
0.997 -0.056 -0.035 -0.037 -0.743 0.0 -0.669 0.032 -0.961 0.0 -0.156 -0.229 0.996 -0.0 -0.075 -0.038 0.397 -0.0 0.351 -0.848 -0.666 -0.0 -0.746 0.028 -0.988 -0.0 0.046 0.148 0.708 0.0 -0.705 0.042 0.985 0.0 0.034 0.171 
0.997 -0.056 -0.035 -0.038 -0.743 -0.0 -0.669 0.034 -0.961 -0.0 -0.156 -0.229 0.996 0.0 -0.078 -0.032 0.395 -0.0 0.355 -0.847 -0.666 -0.0 -0.746 0.028 -0.988 -0.0 0.046 0.148 0.708 0.0 -0.705 0.042 0.985 0.0 0.034 0.171 
0.997 -0.056 -0.035 -0.038 -0.743 -0.0 -0.669 0.034 -0.961 -0.0 -0.156 -0.227 0.996 0.0 -0.081 -0.027 0.393 0.0 0.361 -0.846 -0.666 -0.0 -0.746 0.028 -0.988 -0.0 0.046 0.148 0.708 0.0 -0.705 0.043 0.985 0.0 0.034 0.171 
0.997 -0.056 -0.035 -0.039 -0.743 -0.0 -0.669 0.035 -0.962 -0.0 -0.157 -0.226 0.996 0.0 -0.083 -0.021 0.391 0.0 0.367 -0.844 -0.666 0.0 -0.746 0.028 -0.988 -0.0 0.046 0.149 0.708 0.0 -0.705 0.043 0.985 0.0 0.034 0.171 
0.997 -0.057 -0.035 -0.039 -0.743 -0.0 -0.669 0.036 -0.962 -0.0 -0.156 -0.225 0.996 0.0 -0.087 -0.016 0.388 -0.0 0.373 -0.842 -0.666 -0.0 -0.746 0.028 -0.988 -0.0 0.046 0.149 0.708 0.0 -0.705 0.043 0.985 0.0 0.034 0.171 
0.997 -0.057 -0.035 -0.04 -0.743 -0.0 -0.669 0.037 -0.962 -0.0 -0.156 -0.224 0.996 0.0 -0.09 -0.01 0.386 0.0 0.381 -0.84 -0.666 -0.0 -0.746 0.028 -0.988 0.0 0.046 0.148 0.708 0.0 -0.705 0.043 0.985 0.0 0.034 0.171 
0.997 -0.057 -0.035 -0.04 -0.743 -0.0 -0.669 0.038 -0.962 -0.0 -0.156 -0.223 0.996 0.0 -0.093 -0.005 0.383 0.0 0.388 -0.838 -0.666 0.0 -0.746 0.029 -0.988 -0.0 0.047 0.148 0.708 0.0 -0.705 0.044 0.985 0.0 0.034 0.171 
0.997 -0.057 -0.035 -0.04 -0.743 -0.0 -0.669 0.039 -0.963 -0.0 -0.156 -0.222 0.995 -0.0 -0.096 -0.0 0.381 0.0 0.396 -0.836 -0.665 -0.0 -0.746 0.028 -0.988 -0.0 0.047 0.149 0.708 0.0 -0.705 0.044 0.985 0.0 0.034 0.171 
0.997 -0.057 -0.035 -0.04 -0.743 -0.0 -0.669 0.039 -0.963 0.0 -0.155 -0.22 0.995 0.0 -0.098 0.004 0.379 0.0 0.403 -0.833 -0.665 0.0 -0.746 0.029 -0.988 -0.0 0.047 0.148 0.708 0.0 -0.705 0.044 0.985 -0.0 0.034 0.171 
0.997 -0.057 -0.035 -0.04 -0.743 -0.0 -0.668 0.04 -0.963 -0.0 -0.155 -0.219 0.995 0.0 -0.101 0.007 0.378 0.0 0.41 -0.83 -0.666 -0.0 -0.746 0.029 -0.988 -0.0 0.047 0.148 0.708 0.0 -0.705 0.044 0.985 0.0 0.034 0.171 
0.997 -0.057 -0.035 -0.041 -0.743 0.0 -0.668 0.041 -0.963 0.0 -0.154 -0.219 0.995 0.0 -0.102 0.009 0.377 0.0 0.417 -0.827 -0.665 -0.0 -0.746 0.03 -0.988 -0.0 0.047 0.148 0.708 0.0 -0.705 0.045 0.985 0.0 0.034 0.171 
0.997 -0.057 -0.035 -0.041 -0.743 -0.0 -0.668 0.041 -0.964 0.0 -0.154 -0.218 0.994 0.0 -0.104 0.012 0.376 0.0 0.423 -0.824 -0.665 -0.0 -0.746 0.03 -0.988 -0.0 0.047 0.148 0.708 0.0 -0.705 0.045 0.985 0.0 0.034 0.171 
0.997 -0.058 -0.035 -0.041 -0.743 -0.0 -0.668 0.042 -0.964 -0.0 -0.153 -0.217 0.994 0.0 -0.106 0.013 0.375 0.0 0.43 -0.821 -0.665 -0.0 -0.746 0.03 -0.988 -0.0 0.047 0.148 0.708 0.0 -0.705 0.046 0.985 0.0 0.034 0.171 
0.997 -0.058 -0.035 -0.041 -0.743 -0.0 -0.668 0.042 -0.965 -0.0 -0.153 -0.215 0.994 0.0 -0.107 0.014 0.375 0.0 0.435 -0.819 -0.665 -0.0 -0.746 0.03 -0.988 0.0 0.047 0.148 0.708 0.0 -0.705 0.046 0.985 0.0 0.035 0.171 
0.997 -0.058 -0.035 -0.041 -0.743 -0.0 -0.668 0.043 -0.965 -0.0 -0.152 -0.214 0.994 0.0 -0.108 0.014 0.374 0.0 0.441 -0.816 -0.665 -0.0 -0.746 0.031 -0.988 -0.0 0.047 0.148 0.708 0.0 -0.705 0.046 0.985 0.0 0.035 0.171 
0.997 -0.058 -0.036 -0.04 -0.743 -0.0 -0.668 0.043 -0.965 0.0 -0.152 -0.212 0.994 0.0 -0.108 0.014 0.374 -0.0 0.446 -0.813 -0.665 -0.0 -0.746 0.031 -0.988 -0.0 0.047 0.148 0.708 0.0 -0.705 0.046 0.985 0.0 0.035 0.171 
0.997 -0.058 -0.036 -0.04 -0.743 -0.0 -0.668 0.044 -0.966 -0.0 -0.151 -0.211 0.994 0.0 -0.108 0.013 0.373 0.0 0.451 -0.811 -0.665 0.0 -0.746 0.031 -0.988 -0.0 0.047 0.148 0.708 0.0 -0.705 0.046 0.985 0.0 0.035 0.171 
0.997 -0.058 -0.035 -0.04 -0.743 0.0 -0.667 0.044 -0.966 -0.0 -0.151 -0.21 0.994 0.0 -0.108 0.011 0.374 0.0 0.454 -0.809 -0.665 -0.0 -0.746 0.032 -0.988 -0.0 0.047 0.148 0.708 0.0 -0.705 0.047 0.985 0.0 0.035 0.171 
0.997 -0.058 -0.035 -0.04 -0.744 -0.0 -0.667 0.044 -0.966 -0.0 -0.15 -0.21 0.994 0.0 -0.107 0.01 0.374 0.0 0.457 -0.807 -0.665 -0.0 -0.746 0.032 -0.988 -0.0 0.047 0.148 0.708 0.0 -0.705 0.046 0.985 0.0 0.035 0.172 
0.997 -0.058 -0.035 -0.039 -0.744 -0.0 -0.667 0.045 -0.966 -0.0 -0.149 -0.209 0.994 0.0 -0.106 0.007 0.374 0.0 0.459 -0.806 -0.665 0.0 -0.746 0.032 -0.988 -0.0 0.047 0.148 0.708 0.0 -0.705 0.046 0.985 0.0 0.035 0.172 
0.997 -0.058 -0.035 -0.038 -0.744 -0.0 -0.667 0.044 -0.967 0.0 -0.149 -0.208 0.995 0.0 -0.104 0.005 0.375 0.0 0.461 -0.805 -0.665 0.0 -0.746 0.032 -0.988 -0.0 0.047 0.148 0.708 0.0 -0.704 0.046 0.985 0.0 0.035 0.172 
0.997 -0.059 -0.035 -0.037 -0.744 -0.0 -0.666 0.045 -0.967 -0.0 -0.148 -0.208 0.995 0.0 -0.102 0.001 0.375 0.0 0.461 -0.804 -0.666 -0.0 -0.745 0.034 -0.988 -0.0 0.046 0.147 0.708 0.0 -0.704 0.046 0.985 0.0 0.035 0.172 
0.997 -0.059 -0.035 -0.037 -0.745 -0.0 -0.666 0.045 -0.967 0.0 -0.148 -0.207 0.995 -0.0 -0.1 -0.002 0.376 0.0 0.462 -0.803 -0.666 0.0 -0.745 0.034 -0.988 -0.0 0.046 0.147 0.708 0.0 -0.704 0.046 0.985 0.0 0.036 0.171 
0.997 -0.058 -0.035 -0.036 -0.745 -0.0 -0.666 0.045 -0.967 -0.0 -0.147 -0.206 0.995 0.0 -0.099 -0.007 0.377 0.0 0.463 -0.802 -0.666 -0.0 -0.745 0.034 -0.988 0.0 0.046 0.148 0.708 0.0 -0.705 0.046 0.985 0.0 0.036 0.172 
0.997 -0.058 -0.035 -0.036 -0.745 -0.0 -0.665 0.044 -0.968 0.0 -0.147 -0.206 0.995 0.0 -0.096 -0.011 0.378 0.0 0.463 -0.802 -0.666 -0.0 -0.745 0.034 -0.988 -0.0 0.046 0.148 0.708 0.0 -0.705 0.046 0.984 0.0 0.036 0.172 
0.997 -0.058 -0.035 -0.035 -0.745 -0.0 -0.665 0.044 -0.968 0.0 -0.146 -0.205 0.996 0.0 -0.093 -0.016 0.379 0.0 0.462 -0.802 -0.666 -0.0 -0.745 0.034 -0.988 -0.0 0.046 0.148 0.708 0.0 -0.705 0.046 0.984 0.0 0.036 0.172 
0.997 -0.058 -0.035 -0.035 -0.746 -0.0 -0.665 0.044 -0.968 -0.0 -0.146 -0.205 0.996 0.0 -0.09 -0.021 0.38 0.0 0.462 -0.801 -0.666 -0.0 -0.745 0.034 -0.988 -0.0 0.046 0.148 0.708 0.0 -0.705 0.045 0.985 -0.0 0.036 0.172 
0.997 -0.058 -0.035 -0.034 -0.746 0.0 -0.665 0.043 -0.968 -0.0 -0.146 -0.205 0.996 -0.0 -0.087 -0.026 0.381 0.0 0.461 -0.801 -0.666 0.0 -0.745 0.034 -0.988 -0.0 0.046 0.148 0.708 0.0 -0.705 0.045 0.984 0.0 0.036 0.172 
0.997 -0.058 -0.035 -0.034 -0.746 -0.0 -0.664 0.043 -0.968 -0.0 -0.146 -0.205 0.996 -0.0 -0.083 -0.032 0.383 0.0 0.459 -0.802 -0.666 -0.0 -0.745 0.034 -0.988 -0.0 0.045 0.148 0.708 0.0 -0.705 0.045 0.984 0.0 0.036 0.172 
0.997 -0.058 -0.035 -0.033 -0.747 -0.0 -0.664 0.042 -0.968 0.0 -0.145 -0.205 0.996 0.0 -0.079 -0.038 0.384 0.0 0.458 -0.801 -0.666 -0.0 -0.745 0.034 -0.988 -0.0 0.045 0.148 0.708 0.0 -0.705 0.044 0.984 -0.0 0.036 0.172 
0.997 -0.058 -0.035 -0.032 -0.747 -0.0 -0.664 0.042 -0.968 -0.0 -0.145 -0.205 0.996 -0.0 -0.076 -0.045 0.386 0.0 0.456 -0.802 -0.666 -0.0 -0.745 0.034 -0.988 -0.0 0.045 0.148 0.708 0.0 -0.705 0.044 0.984 0.0 0.036 0.172 
0.997 -0.058 -0.035 -0.032 -0.747 -0.0 -0.663 0.041 -0.968 0.0 -0.144 -0.205 0.996 0.0 -0.072 -0.05 0.387 0.0 0.455 -0.802 -0.666 -0.0 -0.745 0.034 -0.988 -0.0 0.045 0.148 0.708 0.0 -0.705 0.043 0.984 0.0 0.036 0.172 
0.997 -0.057 -0.035 -0.031 -0.747 -0.0 -0.663 0.04 -0.968 -0.0 -0.144 -0.205 0.996 0.0 -0.067 -0.057 0.389 0.0 0.452 -0.803 -0.666 -0.0 -0.745 0.033 -0.988 -0.0 0.045 0.148 0.708 0.0 -0.705 0.043 0.984 -0.0 0.036 0.172 
0.997 -0.057 -0.034 -0.03 -0.748 -0.0 -0.663 0.039 -0.968 0.0 -0.144 -0.205 0.996 0.0 -0.063 -0.064 0.391 -0.0 0.45 -0.803 -0.666 -0.0 -0.745 0.033 -0.988 -0.0 0.045 0.148 0.708 0.0 -0.705 0.042 0.984 0.0 0.036 0.172 
0.997 -0.057 -0.034 -0.03 -0.748 -0.0 -0.663 0.039 -0.968 -0.0 -0.144 -0.206 0.996 0.0 -0.059 -0.071 0.393 0.0 0.447 -0.803 -0.666 -0.0 -0.745 0.033 -0.988 -0.0 0.043 0.148 0.708 0.0 -0.705 0.042 0.984 -0.0 0.036 0.173 
0.997 -0.057 -0.034 -0.029 -0.748 -0.0 -0.662 0.038 -0.968 -0.0 -0.144 -0.206 0.995 0.0 -0.054 -0.078 0.396 0.0 0.445 -0.804 -0.666 -0.0 -0.745 0.033 -0.988 -0.0 0.044 0.148 0.708 0.0 -0.705 0.041 0.984 -0.0 0.036 0.173 
0.997 -0.056 -0.034 -0.028 -0.748 -0.0 -0.662 0.037 -0.968 -0.0 -0.144 -0.207 0.995 0.0 -0.049 -0.086 0.399 0.0 0.441 -0.804 -0.666 -0.0 -0.745 0.033 -0.988 -0.0 0.044 0.148 0.708 0.0 -0.705 0.04 0.984 0.0 0.036 0.173 
0.997 -0.056 -0.034 -0.027 -0.749 -0.0 -0.662 0.037 -0.968 0.0 -0.143 -0.208 0.995 0.0 -0.044 -0.093 0.401 0.0 0.438 -0.805 -0.667 -0.0 -0.745 0.033 -0.988 -0.0 0.043 0.148 0.708 0.0 -0.705 0.039 0.984 0.0 0.036 0.173 
0.998 -0.056 -0.034 -0.027 -0.749 0.0 -0.662 0.036 -0.968 0.0 -0.143 -0.208 0.994 0.0 -0.039 -0.101 0.404 0.0 0.433 -0.806 -0.667 -0.0 -0.745 0.033 -0.988 0.0 0.043 0.148 0.708 0.0 -0.705 0.039 0.984 0.0 0.036 0.174 
0.998 -0.056 -0.034 -0.027 -0.749 -0.0 -0.662 0.035 -0.967 0.0 -0.143 -0.209 0.994 0.0 -0.034 -0.108 0.405 0.0 0.428 -0.808 -0.667 0.0 -0.744 0.033 -0.988 0.0 0.043 0.148 0.708 0.0 -0.705 0.039 0.984 0.0 0.036 0.173 
