# T   LUA LFA RUA RFA LT  LS  RT  RS  
0.997 -0.071 0.001 -0.025 -0.776 0.0 -0.4 -0.487 -0.9 -0.0 0.207 -0.383 0.826 -0.0 -0.215 -0.521 0.942 -0.0 0.205 -0.265 -0.721 -0.0 -0.199 -0.664 -0.876 -0.0 -0.469 0.112 0.778 0.0 -0.199 -0.596 0.887 0.0 -0.45 0.105 
0.997 -0.071 0.001 -0.025 -0.776 -0.0 -0.401 -0.487 -0.9 -0.0 0.207 -0.384 0.826 0.0 -0.212 -0.522 0.943 0.0 0.205 -0.264 -0.721 -0.0 -0.198 -0.664 -0.876 -0.0 -0.469 0.112 0.778 -0.0 -0.198 -0.596 0.887 0.0 -0.45 0.104 
0.997 -0.071 0.001 -0.025 -0.775 -0.0 -0.403 -0.486 -0.9 -0.0 0.207 -0.384 0.826 0.0 -0.21 -0.523 0.943 0.0 0.205 -0.262 -0.721 -0.0 -0.198 -0.664 -0.876 -0.0 -0.469 0.112 0.778 0.0 -0.198 -0.596 0.887 0.0 -0.45 0.104 
0.997 -0.071 0.001 -0.025 -0.775 -0.0 -0.404 -0.486 -0.9 -0.0 0.206 -0.383 0.826 0.0 -0.208 -0.524 0.943 0.0 0.204 -0.261 -0.721 -0.0 -0.198 -0.664 -0.876 -0.0 -0.469 0.112 0.778 0.0 -0.198 -0.596 0.887 0.0 -0.45 0.104 
0.997 -0.071 0.001 -0.025 -0.775 -0.0 -0.405 -0.486 -0.9 -0.0 0.206 -0.383 0.825 0.0 -0.207 -0.525 0.944 0.0 0.205 -0.26 -0.721 -0.0 -0.198 -0.664 -0.876 0.0 -0.469 0.111 0.778 -0.0 -0.198 -0.596 0.887 0.0 -0.45 0.104 
0.997 -0.071 0.001 -0.025 -0.774 -0.0 -0.405 -0.486 -0.9 -0.0 0.206 -0.384 0.825 -0.0 -0.204 -0.526 0.944 -0.0 0.204 -0.259 -0.721 -0.0 -0.198 -0.664 -0.876 0.0 -0.469 0.111 0.778 0.0 -0.198 -0.597 0.887 0.0 -0.45 0.104 
0.997 -0.07 0.001 -0.025 -0.774 -0.0 -0.406 -0.486 -0.9 -0.0 0.206 -0.384 0.825 0.0 -0.204 -0.527 0.944 0.0 0.205 -0.258 -0.721 -0.0 -0.197 -0.664 -0.876 -0.0 -0.469 0.111 0.778 0.0 -0.197 -0.597 0.887 -0.0 -0.45 0.104 
0.997 -0.07 0.001 -0.025 -0.774 -0.0 -0.407 -0.486 -0.9 -0.0 0.205 -0.384 0.825 0.0 -0.202 -0.528 0.945 0.0 0.204 -0.257 -0.721 -0.0 -0.197 -0.664 -0.876 -0.0 -0.469 0.111 0.778 0.0 -0.197 -0.597 0.887 0.0 -0.45 0.104 
0.997 -0.07 0.001 -0.025 -0.774 0.0 -0.407 -0.486 -0.901 -0.0 0.205 -0.383 0.825 0.0 -0.201 -0.528 0.945 0.0 0.204 -0.256 -0.721 -0.0 -0.197 -0.664 -0.876 -0.0 -0.469 0.11 0.778 0.0 -0.197 -0.597 0.887 0.0 -0.45 0.103 
0.997 -0.07 0.001 -0.025 -0.773 -0.0 -0.407 -0.486 -0.901 -0.0 0.205 -0.383 0.825 0.0 -0.2 -0.529 0.945 0.0 0.204 -0.256 -0.721 0.0 -0.197 -0.664 -0.876 -0.0 -0.469 0.11 0.778 0.0 -0.197 -0.597 0.887 0.0 -0.45 0.104 
0.997 -0.07 0.0 -0.025 -0.773 -0.0 -0.407 -0.486 -0.901 -0.0 0.204 -0.382 0.825 0.0 -0.2 -0.529 0.945 -0.0 0.204 -0.255 -0.721 -0.0 -0.197 -0.664 -0.876 -0.0 -0.469 0.11 0.778 0.0 -0.197 -0.597 0.887 0.0 -0.45 0.103 
0.997 -0.07 0.0 -0.025 -0.773 -0.0 -0.407 -0.486 -0.901 -0.0 0.204 -0.382 0.824 0.0 -0.199 -0.53 0.945 0.0 0.204 -0.254 -0.721 -0.0 -0.197 -0.664 -0.876 -0.0 -0.469 0.11 0.778 0.0 -0.197 -0.597 0.887 0.0 -0.45 0.103 
0.997 -0.07 0.0 -0.025 -0.773 -0.0 -0.407 -0.486 -0.902 -0.0 0.204 -0.382 0.824 0.0 -0.199 -0.531 0.945 -0.0 0.205 -0.253 -0.721 -0.0 -0.197 -0.664 -0.876 -0.0 -0.469 0.11 0.778 -0.0 -0.196 -0.597 0.887 0.0 -0.45 0.103 
0.997 -0.07 0.0 -0.024 -0.773 0.0 -0.407 -0.486 -0.902 -0.0 0.203 -0.382 0.823 0.0 -0.199 -0.531 0.946 0.0 0.205 -0.253 -0.721 -0.0 -0.197 -0.664 -0.876 -0.0 -0.469 0.11 0.778 0.0 -0.196 -0.597 0.887 0.0 -0.45 0.103 
0.997 -0.07 0.0 -0.024 -0.773 -0.0 -0.407 -0.486 -0.902 -0.0 0.203 -0.381 0.823 -0.0 -0.198 -0.532 0.946 0.0 0.204 -0.252 -0.721 -0.0 -0.197 -0.664 -0.876 -0.0 -0.469 0.11 0.778 -0.0 -0.196 -0.597 0.887 0.0 -0.45 0.103 
0.997 -0.07 0.0 -0.024 -0.774 0.0 -0.406 -0.486 -0.902 -0.0 0.203 -0.382 0.823 0.0 -0.198 -0.533 0.946 0.0 0.204 -0.251 -0.721 -0.0 -0.197 -0.664 -0.876 -0.0 -0.469 0.11 0.778 0.0 -0.196 -0.597 0.887 0.0 -0.45 0.103 
0.997 -0.069 -0.0 -0.024 -0.774 -0.0 -0.405 -0.487 -0.902 -0.0 0.203 -0.381 0.823 0.0 -0.199 -0.533 0.946 -0.0 0.204 -0.251 -0.721 -0.0 -0.197 -0.664 -0.876 -0.0 -0.469 0.11 0.778 0.0 -0.196 -0.597 0.887 -0.0 -0.45 0.103 
0.997 -0.07 -0.0 -0.024 -0.774 0.0 -0.405 -0.487 -0.902 0.0 0.203 -0.381 0.822 0.0 -0.199 -0.533 0.946 -0.0 0.204 -0.251 -0.721 -0.0 -0.197 -0.664 -0.876 -0.0 -0.469 0.11 0.778 0.0 -0.196 -0.597 0.887 0.0 -0.45 0.103 
0.997 -0.069 -0.0 -0.024 -0.774 -0.0 -0.404 -0.487 -0.902 -0.0 0.203 -0.381 0.822 -0.0 -0.201 -0.533 0.946 0.0 0.205 -0.252 -0.721 -0.0 -0.197 -0.664 -0.876 -0.0 -0.469 0.11 0.778 0.0 -0.196 -0.597 0.887 0.0 -0.45 0.103 
0.997 -0.069 -0.0 -0.024 -0.775 0.0 -0.403 -0.488 -0.902 -0.0 0.203 -0.381 0.822 0.0 -0.202 -0.533 0.946 0.0 0.205 -0.252 -0.721 -0.0 -0.197 -0.664 -0.876 -0.0 -0.469 0.11 0.778 0.0 -0.196 -0.597 0.887 -0.0 -0.45 0.103 
0.997 -0.069 -0.0 -0.024 -0.775 -0.0 -0.402 -0.488 -0.902 -0.0 0.203 -0.381 0.821 0.0 -0.203 -0.533 0.946 0.0 0.205 -0.252 -0.721 -0.0 -0.197 -0.664 -0.876 -0.0 -0.469 0.11 0.778 0.0 -0.196 -0.597 0.887 0.0 -0.45 0.103 
0.997 -0.069 -0.0 -0.024 -0.776 -0.0 -0.401 -0.488 -0.902 -0.0 0.203 -0.382 0.821 0.0 -0.204 -0.533 0.946 -0.0 0.206 -0.252 -0.722 -0.0 -0.197 -0.664 -0.876 -0.0 -0.469 0.11 0.777 0.0 -0.196 -0.598 0.887 0.0 -0.45 0.103 
0.997 -0.069 -0.0 -0.024 -0.776 -0.0 -0.399 -0.488 -0.902 0.0 0.203 -0.382 0.821 -0.0 -0.205 -0.533 0.945 0.0 0.206 -0.253 -0.721 -0.0 -0.197 -0.664 -0.876 -0.0 -0.469 0.11 0.778 0.0 -0.196 -0.597 0.887 0.0 -0.45 0.103 
0.997 -0.07 -0.0 -0.024 -0.777 -0.0 -0.398 -0.488 -0.902 -0.0 0.203 -0.382 0.821 0.0 -0.207 -0.532 0.945 0.0 0.205 -0.254 -0.722 -0.0 -0.197 -0.664 -0.876 -0.0 -0.469 0.11 0.778 0.0 -0.196 -0.598 0.887 0.0 -0.45 0.103 
0.997 -0.07 -0.0 -0.024 -0.777 -0.0 -0.396 -0.489 -0.902 -0.0 0.203 -0.382 0.821 0.0 -0.209 -0.532 0.945 0.0 0.206 -0.254 -0.721 -0.0 -0.197 -0.664 -0.876 0.0 -0.469 0.11 0.778 0.0 -0.196 -0.597 0.887 0.0 -0.45 0.103 
0.997 -0.07 -0.0 -0.024 -0.778 -0.0 -0.395 -0.489 -0.902 -0.0 0.203 -0.382 0.821 0.0 -0.21 -0.531 0.945 0.0 0.206 -0.255 -0.721 -0.0 -0.197 -0.664 -0.876 -0.0 -0.469 0.11 0.778 0.0 -0.196 -0.597 0.887 0.0 -0.45 0.103 
0.997 -0.07 -0.0 -0.024 -0.778 0.0 -0.392 -0.49 -0.902 -0.0 0.204 -0.382 0.82 0.0 -0.213 -0.531 0.944 0.0 0.207 -0.256 -0.722 -0.0 -0.197 -0.664 -0.876 -0.0 -0.469 0.11 0.778 0.0 -0.196 -0.597 0.887 0.0 -0.45 0.103 
0.997 -0.07 -0.0 -0.024 -0.779 -0.0 -0.39 -0.491 -0.902 -0.0 0.204 -0.382 0.82 0.0 -0.216 -0.53 0.944 -0.0 0.208 -0.257 -0.722 -0.0 -0.197 -0.664 -0.876 -0.0 -0.469 0.11 0.778 0.0 -0.196 -0.597 0.887 -0.0 -0.45 0.103 
0.997 -0.07 -0.0 -0.024 -0.78 -0.0 -0.388 -0.491 -0.901 -0.0 0.204 -0.382 0.82 0.0 -0.219 -0.53 0.943 0.0 0.208 -0.258 -0.722 -0.0 -0.197 -0.664 -0.876 -0.0 -0.469 0.11 0.778 0.0 -0.196 -0.597 0.887 0.0 -0.45 0.103 
0.997 -0.07 -0.0 -0.024 -0.781 -0.0 -0.385 -0.492 -0.901 -0.0 0.204 -0.382 0.819 0.0 -0.222 -0.529 0.943 0.0 0.209 -0.259 -0.722 -0.0 -0.197 -0.664 -0.876 -0.0 -0.469 0.11 0.778 0.0 -0.196 -0.597 0.887 0.0 -0.45 0.103 
0.997 -0.07 -0.0 -0.024 -0.781 -0.0 -0.382 -0.493 -0.901 -0.0 0.204 -0.382 0.819 0.0 -0.226 -0.528 0.943 0.0 0.211 -0.259 -0.721 -0.0 -0.197 -0.664 -0.876 -0.0 -0.469 0.111 0.778 0.0 -0.196 -0.597 0.887 0.0 -0.45 0.103 
0.997 -0.07 -0.0 -0.024 -0.782 -0.0 -0.38 -0.494 -0.901 -0.0 0.203 -0.382 0.818 0.0 -0.23 -0.527 0.942 0.0 0.213 -0.259 -0.721 -0.0 -0.198 -0.664 -0.876 -0.0 -0.469 0.111 0.778 0.0 -0.197 -0.597 0.887 0.0 -0.45 0.103 
0.997 -0.07 -0.0 -0.024 -0.783 -0.0 -0.377 -0.495 -0.901 -0.0 0.203 -0.382 0.818 0.0 -0.234 -0.526 0.941 0.0 0.214 -0.262 -0.721 -0.0 -0.197 -0.664 -0.876 -0.0 -0.469 0.111 0.778 0.0 -0.197 -0.597 0.887 0.0 -0.45 0.103 
0.997 -0.07 0.0 -0.024 -0.784 0.0 -0.374 -0.495 -0.901 -0.0 0.203 -0.383 0.817 0.0 -0.239 -0.525 0.941 0.0 0.216 -0.262 -0.721 -0.0 -0.198 -0.664 -0.876 -0.0 -0.469 0.111 0.778 0.0 -0.197 -0.597 0.887 0.0 -0.45 0.103 
0.997 -0.07 0.0 -0.024 -0.785 -0.0 -0.371 -0.496 -0.901 -0.0 0.203 -0.382 0.816 0.0 -0.243 -0.524 0.94 -0.0 0.217 -0.262 -0.721 -0.0 -0.198 -0.664 -0.876 -0.0 -0.469 0.111 0.778 0.0 -0.197 -0.597 0.887 -0.0 -0.45 0.104 
0.997 -0.07 0.0 -0.024 -0.786 0.0 -0.368 -0.497 -0.901 0.0 0.203 -0.382 0.816 0.0 -0.248 -0.523 0.94 0.0 0.219 -0.263 -0.721 -0.0 -0.198 -0.664 -0.876 0.0 -0.469 0.111 0.778 -0.0 -0.197 -0.597 0.887 0.0 -0.45 0.103 
0.997 -0.07 0.0 -0.024 -0.787 -0.0 -0.365 -0.498 -0.901 -0.0 0.203 -0.382 0.815 -0.0 -0.252 -0.522 0.939 0.0 0.221 -0.264 -0.721 -0.0 -0.198 -0.664 -0.876 -0.0 -0.469 0.111 0.778 0.0 -0.197 -0.597 0.887 0.0 -0.45 0.104 
0.997 -0.07 0.0 -0.025 -0.787 -0.0 -0.361 -0.499 -0.902 0.0 0.204 -0.382 0.814 -0.0 -0.257 -0.521 0.938 0.0 0.223 -0.265 -0.721 0.0 -0.198 -0.664 -0.876 -0.0 -0.469 0.111 0.778 0.0 -0.197 -0.597 0.887 0.0 -0.45 0.103 
0.997 -0.07 0.0 -0.025 -0.788 -0.0 -0.358 -0.5 -0.902 0.0 0.204 -0.381 0.813 0.0 -0.262 -0.52 0.938 0.0 0.225 -0.265 -0.721 0.0 -0.198 -0.664 -0.876 -0.0 -0.469 0.111 0.778 0.0 -0.197 -0.597 0.887 0.0 -0.45 0.104 
0.997 -0.071 0.0 -0.025 -0.789 -0.0 -0.355 -0.501 -0.902 -0.0 0.204 -0.381 0.812 -0.0 -0.267 -0.519 0.937 0.0 0.227 -0.266 -0.721 0.0 -0.198 -0.664 -0.876 -0.0 -0.469 0.111 0.778 0.0 -0.197 -0.597 0.887 0.0 -0.45 0.104 
0.997 -0.071 0.001 -0.025 -0.79 0.0 -0.351 -0.503 -0.902 0.0 0.204 -0.38 0.811 -0.0 -0.272 -0.517 0.936 0.0 0.23 -0.265 -0.721 -0.0 -0.198 -0.664 -0.876 -0.0 -0.469 0.111 0.778 0.0 -0.198 -0.596 0.887 0.0 -0.45 0.104 
0.997 -0.071 0.001 -0.025 -0.791 -0.0 -0.347 -0.504 -0.903 -0.0 0.204 -0.379 0.81 0.0 -0.278 -0.516 0.936 0.0 0.232 -0.266 -0.721 -0.0 -0.198 -0.664 -0.876 -0.0 -0.469 0.111 0.778 0.0 -0.198 -0.596 0.887 0.0 -0.45 0.104 
0.997 -0.071 0.001 -0.025 -0.792 -0.0 -0.343 -0.505 -0.903 -0.0 0.204 -0.378 0.809 0.0 -0.283 -0.515 0.935 0.0 0.234 -0.267 -0.721 -0.0 -0.198 -0.664 -0.876 -0.0 -0.469 0.111 0.778 0.0 -0.198 -0.596 0.887 0.0 -0.45 0.104 
0.997 -0.071 0.001 -0.025 -0.793 -0.0 -0.339 -0.506 -0.903 -0.0 0.204 -0.377 0.808 0.0 -0.289 -0.513 0.934 0.0 0.236 -0.269 -0.721 -0.0 -0.198 -0.664 -0.876 -0.0 -0.469 0.112 0.778 -0.0 -0.198 -0.596 0.887 -0.0 -0.45 0.104 
0.997 -0.071 0.001 -0.025 -0.794 0.0 -0.335 -0.508 -0.904 -0.0 0.206 -0.375 0.807 0.0 -0.294 -0.511 0.933 -0.0 0.237 -0.27 -0.721 -0.0 -0.198 -0.664 -0.876 -0.0 -0.469 0.112 0.778 0.0 -0.198 -0.596 0.887 0.0 -0.45 0.104 
0.997 -0.071 0.001 -0.025 -0.794 -0.0 -0.331 -0.509 -0.904 -0.0 0.206 -0.374 0.807 -0.0 -0.3 -0.509 0.932 0.0 0.239 -0.272 -0.721 0.0 -0.199 -0.664 -0.876 -0.0 -0.469 0.112 0.778 0.0 -0.198 -0.596 0.887 0.0 -0.45 0.105 
0.997 -0.071 0.001 -0.025 -0.795 -0.0 -0.327 -0.51 -0.905 -0.0 0.206 -0.373 0.806 0.0 -0.305 -0.508 0.931 0.0 0.24 -0.274 -0.721 -0.0 -0.199 -0.664 -0.876 -0.0 -0.469 0.112 0.778 0.0 -0.199 -0.596 0.887 0.0 -0.45 0.105 
0.997 -0.071 0.0 -0.024 -0.796 0.0 -0.323 -0.512 -0.905 -0.0 0.206 -0.372 0.805 0.0 -0.309 -0.507 0.931 0.0 0.24 -0.275 -0.721 -0.0 -0.199 -0.664 -0.876 -0.0 -0.469 0.111 0.778 -0.0 -0.198 -0.597 0.887 0.0 -0.45 0.105 
0.997 -0.071 0.001 -0.025 -0.797 -0.0 -0.319 -0.513 -0.906 -0.0 0.206 -0.371 0.804 0.0 -0.314 -0.505 0.93 0.0 0.241 -0.276 -0.721 -0.0 -0.199 -0.664 -0.876 -0.0 -0.469 0.112 0.778 -0.0 -0.199 -0.596 0.887 0.0 -0.45 0.105 
0.997 -0.071 0.0 -0.025 -0.797 -0.0 -0.316 -0.515 -0.906 -0.0 0.207 -0.369 0.804 -0.0 -0.318 -0.503 0.93 0.0 0.242 -0.277 -0.721 0.0 -0.199 -0.664 -0.876 -0.0 -0.469 0.112 0.778 0.0 -0.198 -0.596 0.887 0.0 -0.45 0.105 
0.997 -0.071 0.0 -0.025 -0.798 0.0 -0.312 -0.516 -0.906 -0.0 0.208 -0.368 0.803 0.0 -0.323 -0.501 0.929 0.0 0.243 -0.279 -0.721 -0.0 -0.199 -0.664 -0.876 -0.0 -0.469 0.112 0.778 0.0 -0.199 -0.596 0.887 0.0 -0.45 0.105 
0.997 -0.071 0.0 -0.025 -0.799 -0.0 -0.307 -0.517 -0.907 -0.0 0.208 -0.367 0.802 0.0 -0.328 -0.5 0.929 0.0 0.244 -0.28 -0.721 -0.0 -0.199 -0.664 -0.876 -0.0 -0.469 0.112 0.778 0.0 -0.198 -0.596 0.887 0.0 -0.45 0.105 
0.997 -0.072 0.0 -0.025 -0.8 -0.0 -0.303 -0.518 -0.907 -0.0 0.208 -0.366 0.801 0.0 -0.333 -0.498 0.928 0.0 0.244 -0.282 -0.721 -0.0 -0.199 -0.664 -0.876 -0.0 -0.468 0.112 0.778 0.0 -0.199 -0.596 0.887 0.0 -0.45 0.105 
0.997 -0.072 0.0 -0.025 -0.801 0.0 -0.299 -0.519 -0.907 -0.0 0.209 -0.365 0.8 0.0 -0.338 -0.496 0.927 0.0 0.245 -0.283 -0.721 -0.0 -0.2 -0.663 -0.876 -0.0 -0.468 0.112 0.778 0.0 -0.199 -0.596 0.887 0.0 -0.45 0.105 
0.997 -0.072 0.0 -0.025 -0.801 -0.0 -0.295 -0.521 -0.908 -0.0 0.21 -0.364 0.799 0.0 -0.342 -0.494 0.927 0.0 0.246 -0.284 -0.721 -0.0 -0.199 -0.663 -0.876 0.0 -0.468 0.112 0.778 0.0 -0.199 -0.596 0.887 0.0 -0.45 0.105 
0.997 -0.072 0.0 -0.025 -0.802 -0.0 -0.291 -0.522 -0.908 -0.0 0.21 -0.363 0.798 0.0 -0.347 -0.492 0.926 0.0 0.246 -0.286 -0.721 -0.0 -0.2 -0.663 -0.876 -0.0 -0.468 0.112 0.778 0.0 -0.199 -0.596 0.887 0.0 -0.45 0.105 
0.997 -0.072 0.0 -0.024 -0.803 -0.0 -0.287 -0.522 -0.908 -0.0 0.211 -0.362 0.797 0.0 -0.352 -0.491 0.926 0.0 0.247 -0.286 -0.721 -0.0 -0.2 -0.663 -0.876 -0.0 -0.468 0.112 0.778 0.0 -0.199 -0.596 0.887 0.0 -0.45 0.105 
0.997 -0.072 0.0 -0.024 -0.804 -0.0 -0.283 -0.523 -0.908 -0.0 0.211 -0.361 0.796 0.0 -0.356 -0.489 0.925 0.0 0.247 -0.288 -0.721 -0.0 -0.2 -0.663 -0.876 -0.0 -0.468 0.112 0.778 -0.0 -0.198 -0.597 0.887 0.0 -0.45 0.105 
0.997 -0.072 -0.0 -0.024 -0.804 -0.0 -0.279 -0.525 -0.908 0.0 0.212 -0.36 0.796 0.0 -0.36 -0.487 0.925 0.0 0.247 -0.289 -0.721 -0.0 -0.2 -0.663 -0.876 -0.0 -0.468 0.112 0.778 0.0 -0.198 -0.597 0.887 0.0 -0.45 0.105 
0.997 -0.072 -0.0 -0.024 -0.805 -0.0 -0.275 -0.525 -0.909 -0.0 0.213 -0.36 0.795 0.0 -0.365 -0.485 0.924 0.0 0.247 -0.291 -0.722 -0.0 -0.2 -0.663 -0.876 -0.0 -0.468 0.112 0.778 0.0 -0.199 -0.597 0.887 0.0 -0.45 0.105 
0.997 -0.072 -0.0 -0.024 -0.806 -0.0 -0.272 -0.526 -0.909 -0.0 0.213 -0.359 0.794 0.0 -0.369 -0.483 0.924 -0.0 0.247 -0.292 -0.721 -0.0 -0.2 -0.663 -0.876 -0.0 -0.468 0.112 0.778 -0.0 -0.199 -0.596 0.887 0.0 -0.45 0.105 
0.997 -0.072 -0.0 -0.024 -0.806 -0.0 -0.268 -0.527 -0.909 -0.0 0.214 -0.358 0.793 0.0 -0.373 -0.481 0.923 0.0 0.248 -0.293 -0.721 -0.0 -0.2 -0.663 -0.876 -0.0 -0.468 0.112 0.778 0.0 -0.199 -0.596 0.887 0.0 -0.45 0.105 
0.997 -0.072 -0.0 -0.024 -0.807 0.0 -0.264 -0.528 -0.909 -0.0 0.215 -0.357 0.792 0.0 -0.378 -0.479 0.923 0.0 0.248 -0.294 -0.722 0.0 -0.2 -0.663 -0.877 0.0 -0.468 0.113 0.778 0.0 -0.199 -0.596 0.887 0.0 -0.45 0.105 
0.997 -0.072 -0.0 -0.024 -0.808 0.0 -0.26 -0.529 -0.909 -0.0 0.215 -0.357 0.791 0.0 -0.382 -0.478 0.923 0.0 0.248 -0.295 -0.722 0.0 -0.201 -0.663 -0.877 0.0 -0.468 0.113 0.778 0.0 -0.199 -0.597 0.887 0.0 -0.45 0.105 
0.997 -0.072 -0.0 -0.024 -0.808 0.0 -0.257 -0.53 -0.909 -0.0 0.216 -0.357 0.79 0.0 -0.387 -0.476 0.922 0.0 0.248 -0.296 -0.722 -0.0 -0.201 -0.663 -0.877 0.0 -0.468 0.113 0.778 -0.0 -0.199 -0.596 0.887 0.0 -0.45 0.105 
0.997 -0.072 -0.001 -0.024 -0.809 0.0 -0.253 -0.53 -0.909 -0.0 0.217 -0.356 0.789 0.0 -0.391 -0.474 0.922 0.0 0.249 -0.297 -0.722 -0.0 -0.201 -0.663 -0.877 -0.0 -0.468 0.113 0.778 0.0 -0.199 -0.597 0.887 0.0 -0.45 0.105 
0.997 -0.072 -0.001 -0.024 -0.81 -0.0 -0.249 -0.531 -0.909 -0.0 0.216 -0.357 0.788 0.0 -0.394 -0.472 0.922 0.0 0.248 -0.298 -0.722 -0.0 -0.201 -0.662 -0.877 -0.0 -0.468 0.113 0.778 -0.0 -0.199 -0.597 0.887 0.0 -0.45 0.105 
0.997 -0.072 -0.001 -0.024 -0.81 -0.0 -0.247 -0.532 -0.909 -0.0 0.218 -0.355 0.788 0.0 -0.397 -0.471 0.922 -0.0 0.248 -0.298 -0.722 -0.0 -0.201 -0.662 -0.877 -0.0 -0.468 0.113 0.778 0.0 -0.199 -0.597 0.887 0.0 -0.45 0.106 
0.997 -0.072 -0.001 -0.024 -0.811 -0.0 -0.243 -0.533 -0.909 -0.0 0.218 -0.355 0.787 0.0 -0.401 -0.469 0.922 0.0 0.247 -0.298 -0.722 0.0 -0.201 -0.662 -0.877 -0.0 -0.468 0.113 0.778 -0.0 -0.199 -0.596 0.887 -0.0 -0.45 0.106 
0.997 -0.073 -0.001 -0.024 -0.811 -0.0 -0.24 -0.533 -0.909 -0.0 0.219 -0.354 0.786 0.0 -0.404 -0.468 0.922 0.0 0.246 -0.299 -0.722 -0.0 -0.202 -0.662 -0.877 -0.0 -0.468 0.113 0.778 0.0 -0.199 -0.596 0.887 0.0 -0.45 0.106 
0.997 -0.073 -0.001 -0.024 -0.812 -0.0 -0.236 -0.534 -0.909 -0.0 0.219 -0.354 0.786 0.0 -0.407 -0.466 0.922 -0.0 0.246 -0.299 -0.722 -0.0 -0.202 -0.662 -0.877 -0.0 -0.468 0.113 0.777 0.0 -0.199 -0.597 0.887 0.0 -0.45 0.106 
0.997 -0.073 -0.001 -0.024 -0.812 -0.0 -0.233 -0.535 -0.909 -0.0 0.219 -0.354 0.785 0.0 -0.41 -0.465 0.922 0.0 0.246 -0.299 -0.722 -0.0 -0.202 -0.662 -0.877 -0.0 -0.468 0.113 0.778 0.0 -0.199 -0.596 0.887 0.0 -0.45 0.106 
0.997 -0.073 -0.001 -0.024 -0.813 -0.0 -0.23 -0.535 -0.909 -0.0 0.22 -0.354 0.785 0.0 -0.412 -0.463 0.922 0.0 0.245 -0.299 -0.722 -0.0 -0.202 -0.662 -0.877 -0.0 -0.468 0.113 0.778 0.0 -0.2 -0.596 0.887 0.0 -0.45 0.106 
0.997 -0.073 -0.001 -0.024 -0.813 -0.0 -0.228 -0.536 -0.909 -0.0 0.221 -0.354 0.784 0.0 -0.415 -0.462 0.922 0.0 0.245 -0.299 -0.722 -0.0 -0.202 -0.662 -0.877 -0.0 -0.468 0.113 0.778 0.0 -0.199 -0.596 0.887 0.0 -0.45 0.106 
0.997 -0.073 -0.001 -0.024 -0.813 -0.0 -0.226 -0.536 -0.909 -0.0 0.222 -0.353 0.783 0.0 -0.417 -0.461 0.922 0.0 0.244 -0.299 -0.722 -0.0 -0.202 -0.662 -0.877 0.0 -0.468 0.113 0.778 0.0 -0.199 -0.596 0.887 0.0 -0.45 0.106 
0.997 -0.073 -0.001 -0.024 -0.814 -0.0 -0.224 -0.537 -0.909 0.0 0.223 -0.353 0.783 0.0 -0.419 -0.46 0.923 0.0 0.244 -0.299 -0.722 -0.0 -0.202 -0.662 -0.877 0.0 -0.468 0.113 0.778 0.0 -0.199 -0.596 0.887 -0.0 -0.45 0.106 
0.997 -0.073 -0.001 -0.024 -0.814 -0.0 -0.221 -0.537 -0.909 -0.0 0.224 -0.353 0.783 0.0 -0.421 -0.459 0.923 0.0 0.243 -0.3 -0.722 -0.0 -0.202 -0.662 -0.877 -0.0 -0.468 0.113 0.778 -0.0 -0.199 -0.596 0.887 0.0 -0.45 0.106 
0.997 -0.073 -0.001 -0.024 -0.815 0.0 -0.219 -0.537 -0.908 -0.0 0.224 -0.354 0.782 0.0 -0.422 -0.458 0.923 0.0 0.242 -0.299 -0.722 -0.0 -0.202 -0.662 -0.877 -0.0 -0.468 0.113 0.778 0.0 -0.2 -0.596 0.887 0.0 -0.45 0.106 
0.997 -0.073 -0.001 -0.024 -0.814 0.0 -0.218 -0.538 -0.908 -0.0 0.225 -0.354 0.782 0.0 -0.424 -0.457 0.923 0.0 0.242 -0.299 -0.722 0.0 -0.202 -0.662 -0.877 -0.0 -0.468 0.113 0.778 0.0 -0.2 -0.596 0.887 0.0 -0.45 0.106 
0.997 -0.074 -0.001 -0.024 -0.815 -0.0 -0.216 -0.538 -0.908 0.0 0.224 -0.355 0.782 0.0 -0.424 -0.456 0.924 0.0 0.241 -0.298 -0.722 -0.0 -0.203 -0.662 -0.877 -0.0 -0.468 0.114 0.778 0.0 -0.2 -0.596 0.887 0.0 -0.45 0.107 
0.997 -0.074 -0.001 -0.024 -0.815 -0.0 -0.215 -0.538 -0.907 -0.0 0.225 -0.355 0.782 0.0 -0.426 -0.456 0.924 0.0 0.24 -0.298 -0.722 -0.0 -0.203 -0.662 -0.877 0.0 -0.468 0.114 0.778 -0.0 -0.2 -0.596 0.887 0.0 -0.45 0.107 
0.997 -0.074 -0.0 -0.024 -0.815 -0.0 -0.214 -0.539 -0.907 -0.0 0.226 -0.355 0.782 0.0 -0.427 -0.455 0.924 0.0 0.238 -0.299 -0.721 -0.0 -0.203 -0.662 -0.877 -0.0 -0.467 0.114 0.778 0.0 -0.2 -0.596 0.887 0.0 -0.45 0.107 
0.997 -0.074 -0.0 -0.024 -0.815 0.0 -0.213 -0.538 -0.907 -0.0 0.226 -0.356 0.781 0.0 -0.428 -0.454 0.924 0.0 0.238 -0.298 -0.721 -0.0 -0.203 -0.662 -0.877 0.0 -0.467 0.114 0.778 0.0 -0.2 -0.596 0.887 0.0 -0.45 0.107 
0.997 -0.074 -0.0 -0.024 -0.815 -0.0 -0.212 -0.539 -0.907 -0.0 0.226 -0.356 0.781 0.0 -0.428 -0.454 0.925 0.0 0.238 -0.298 -0.721 -0.0 -0.203 -0.662 -0.877 -0.0 -0.468 0.114 0.778 0.0 -0.2 -0.596 0.887 0.0 -0.45 0.107 
0.997 -0.074 -0.0 -0.024 -0.815 -0.0 -0.212 -0.539 -0.906 -0.0 0.227 -0.357 0.781 0.0 -0.429 -0.453 0.925 0.0 0.238 -0.298 -0.721 -0.0 -0.203 -0.662 -0.877 -0.0 -0.467 0.114 0.778 0.0 -0.201 -0.596 0.887 0.0 -0.45 0.107 
0.997 -0.074 -0.0 -0.024 -0.816 -0.0 -0.211 -0.539 -0.906 -0.0 0.227 -0.357 0.781 0.0 -0.43 -0.453 0.925 0.0 0.237 -0.297 -0.721 -0.0 -0.203 -0.662 -0.877 -0.0 -0.467 0.114 0.778 0.0 -0.201 -0.596 0.887 0.0 -0.45 0.107 
0.997 -0.074 -0.0 -0.024 -0.815 -0.0 -0.211 -0.539 -0.906 -0.0 0.227 -0.357 0.781 0.0 -0.43 -0.453 0.925 -0.0 0.237 -0.297 -0.721 -0.0 -0.203 -0.662 -0.877 -0.0 -0.467 0.114 0.778 0.0 -0.201 -0.596 0.887 0.0 -0.45 0.107 
0.997 -0.074 -0.0 -0.024 -0.815 -0.0 -0.211 -0.539 -0.906 -0.0 0.227 -0.358 0.781 0.0 -0.43 -0.453 0.925 0.0 0.237 -0.296 -0.721 0.0 -0.203 -0.662 -0.877 -0.0 -0.467 0.114 0.778 0.0 -0.201 -0.596 0.887 0.0 -0.45 0.107 
0.997 -0.074 -0.0 -0.024 -0.816 -0.0 -0.21 -0.539 -0.906 -0.0 0.227 -0.358 0.781 0.0 -0.43 -0.453 0.925 0.0 0.237 -0.296 -0.721 0.0 -0.203 -0.662 -0.877 -0.0 -0.467 0.114 0.778 0.0 -0.201 -0.596 0.887 0.0 -0.45 0.107 
0.997 -0.074 -0.0 -0.024 -0.815 -0.0 -0.21 -0.539 -0.906 0.0 0.227 -0.358 0.781 0.0 -0.43 -0.453 0.925 0.0 0.236 -0.296 -0.721 -0.0 -0.203 -0.662 -0.877 -0.0 -0.467 0.114 0.778 0.0 -0.201 -0.596 0.887 0.0 -0.45 0.107 
0.997 -0.074 -0.0 -0.024 -0.815 -0.0 -0.211 -0.54 -0.906 -0.0 0.228 -0.358 0.781 0.0 -0.43 -0.453 0.926 0.0 0.236 -0.296 -0.721 -0.0 -0.203 -0.662 -0.877 -0.0 -0.467 0.114 0.778 0.0 -0.201 -0.595 0.887 0.0 -0.45 0.107 
0.997 -0.074 -0.0 -0.024 -0.815 -0.0 -0.211 -0.539 -0.906 -0.0 0.227 -0.358 0.781 0.0 -0.43 -0.453 0.926 0.0 0.236 -0.295 -0.721 -0.0 -0.203 -0.662 -0.877 -0.0 -0.467 0.114 0.778 0.0 -0.201 -0.596 0.887 0.0 -0.45 0.108 
0.997 -0.074 -0.0 -0.024 -0.815 -0.0 -0.211 -0.54 -0.906 -0.0 0.227 -0.358 0.781 0.0 -0.43 -0.453 0.926 0.0 0.236 -0.295 -0.721 -0.0 -0.203 -0.662 -0.877 -0.0 -0.468 0.114 0.778 -0.0 -0.201 -0.596 0.887 0.0 -0.45 0.107 
0.997 -0.074 -0.0 -0.024 -0.815 -0.0 -0.212 -0.539 -0.906 -0.0 0.227 -0.358 0.781 0.0 -0.429 -0.453 0.926 -0.0 0.236 -0.295 -0.721 -0.0 -0.203 -0.662 -0.877 -0.0 -0.467 0.114 0.778 0.0 -0.201 -0.596 0.887 0.0 -0.45 0.107 
0.997 -0.074 -0.0 -0.024 -0.815 0.0 -0.212 -0.539 -0.906 -0.0 0.227 -0.358 0.781 0.0 -0.429 -0.453 0.926 0.0 0.237 -0.295 -0.721 -0.0 -0.203 -0.662 -0.877 -0.0 -0.467 0.114 0.778 0.0 -0.201 -0.596 0.887 0.0 -0.45 0.107 
0.997 -0.074 -0.0 -0.024 -0.815 -0.0 -0.213 -0.539 -0.905 -0.0 0.227 -0.359 0.782 0.0 -0.428 -0.454 0.926 0.0 0.237 -0.295 -0.721 -0.0 -0.203 -0.662 -0.877 -0.0 -0.468 0.114 0.778 0.0 -0.201 -0.596 0.887 -0.0 -0.45 0.107 
0.997 -0.074 -0.0 -0.024 -0.815 -0.0 -0.213 -0.539 -0.905 -0.0 0.226 -0.36 0.782 0.0 -0.427 -0.454 0.926 0.0 0.237 -0.294 -0.721 -0.0 -0.203 -0.662 -0.877 -0.0 -0.467 0.114 0.778 0.0 -0.201 -0.596 0.887 0.0 -0.45 0.107 
0.997 -0.074 -0.0 -0.024 -0.815 -0.0 -0.214 -0.539 -0.905 -0.0 0.226 -0.36 0.782 0.0 -0.426 -0.454 0.926 0.0 0.237 -0.294 -0.721 -0.0 -0.203 -0.662 -0.877 -0.0 -0.467 0.114 0.778 0.0 -0.201 -0.596 0.887 0.0 -0.45 0.107 
0.997 -0.074 -0.0 -0.024 -0.815 -0.0 -0.215 -0.539 -0.905 -0.0 0.226 -0.36 0.782 0.0 -0.425 -0.455 0.926 0.0 0.237 -0.294 -0.721 -0.0 -0.203 -0.662 -0.877 -0.0 -0.467 0.114 0.778 0.0 -0.201 -0.596 0.887 0.0 -0.45 0.107 
0.997 -0.074 -0.0 -0.024 -0.815 -0.0 -0.216 -0.538 -0.905 -0.0 0.226 -0.36 0.783 0.0 -0.424 -0.455 0.926 0.0 0.238 -0.294 -0.721 -0.0 -0.203 -0.662 -0.877 -0.0 -0.467 0.114 0.778 0.0 -0.201 -0.596 0.887 0.0 -0.45 0.107 
0.997 -0.074 -0.0 -0.024 -0.814 -0.0 -0.217 -0.538 -0.905 -0.0 0.226 -0.36 0.783 0.0 -0.423 -0.456 0.926 0.0 0.237 -0.294 -0.722 -0.0 -0.203 -0.662 -0.877 -0.0 -0.467 0.114 0.778 -0.0 -0.201 -0.596 0.887 -0.0 -0.45 0.107 
0.997 -0.074 -0.0 -0.024 -0.814 -0.0 -0.218 -0.538 -0.905 -0.0 0.225 -0.36 0.784 0.0 -0.422 -0.456 0.926 0.0 0.237 -0.294 -0.721 -0.0 -0.203 -0.662 -0.877 -0.0 -0.467 0.114 0.778 0.0 -0.201 -0.596 0.887 0.0 -0.45 0.107 
0.997 -0.074 -0.0 -0.024 -0.814 0.0 -0.219 -0.538 -0.905 -0.0 0.225 -0.36 0.784 0.0 -0.421 -0.456 0.926 -0.0 0.238 -0.294 -0.722 0.0 -0.203 -0.662 -0.877 0.0 -0.467 0.114 0.778 0.0 -0.201 -0.596 0.887 0.0 -0.45 0.107 
0.997 -0.074 -0.001 -0.024 -0.814 -0.0 -0.221 -0.538 -0.905 -0.0 0.225 -0.36 0.784 0.0 -0.42 -0.457 0.926 0.0 0.238 -0.294 -0.722 -0.0 -0.203 -0.662 -0.877 0.0 -0.467 0.114 0.778 0.0 -0.201 -0.596 0.887 0.0 -0.45 0.107 
0.997 -0.074 -0.001 -0.024 -0.813 -0.0 -0.223 -0.538 -0.906 0.0 0.226 -0.359 0.785 0.0 -0.419 -0.457 0.925 0.0 0.238 -0.295 -0.722 -0.0 -0.203 -0.662 -0.877 -0.0 -0.467 0.114 0.778 -0.0 -0.2 -0.596 0.887 -0.0 -0.45 0.107 
0.997 -0.074 -0.001 -0.024 -0.813 -0.0 -0.224 -0.537 -0.906 0.0 0.225 -0.359 0.785 0.0 -0.418 -0.458 0.925 0.0 0.238 -0.295 -0.722 -0.0 -0.203 -0.662 -0.877 -0.0 -0.467 0.113 0.778 0.0 -0.2 -0.596 0.887 0.0 -0.45 0.107 
0.997 -0.074 -0.001 -0.024 -0.813 -0.0 -0.225 -0.537 -0.906 -0.0 0.225 -0.359 0.786 0.0 -0.416 -0.458 0.925 0.0 0.238 -0.295 -0.722 -0.0 -0.203 -0.662 -0.877 -0.0 -0.467 0.114 0.778 0.0 -0.2 -0.596 0.887 0.0 -0.45 0.107 
0.997 -0.073 -0.001 -0.024 -0.813 -0.0 -0.227 -0.537 -0.906 0.0 0.225 -0.359 0.786 0.0 -0.414 -0.458 0.925 0.0 0.237 -0.295 -0.722 -0.0 -0.203 -0.662 -0.877 -0.0 -0.467 0.113 0.777 0.0 -0.2 -0.596 0.887 0.0 -0.45 0.107 
0.997 -0.073 -0.001 -0.024 -0.812 -0.0 -0.228 -0.537 -0.906 -0.0 0.224 -0.359 0.787 0.0 -0.412 -0.459 0.925 -0.0 0.238 -0.295 -0.722 -0.0 -0.202 -0.662 -0.877 -0.0 -0.467 0.113 0.777 0.0 -0.2 -0.596 0.887 -0.0 -0.45 0.107 
0.997 -0.073 -0.001 -0.024 -0.812 -0.0 -0.23 -0.536 -0.906 -0.0 0.224 -0.359 0.788 0.0 -0.41 -0.46 0.926 0.0 0.237 -0.295 -0.722 -0.0 -0.203 -0.662 -0.877 -0.0 -0.467 0.113 0.777 0.0 -0.2 -0.596 0.887 0.0 -0.45 0.107 
0.997 -0.073 -0.001 -0.024 -0.812 -0.0 -0.232 -0.536 -0.906 -0.0 0.223 -0.359 0.788 0.0 -0.408 -0.46 0.925 0.0 0.238 -0.295 -0.722 -0.0 -0.203 -0.662 -0.877 -0.0 -0.467 0.113 0.777 0.0 -0.2 -0.596 0.887 0.0 -0.45 0.107 
0.997 -0.073 -0.001 -0.024 -0.812 -0.0 -0.233 -0.535 -0.906 -0.0 0.222 -0.359 0.789 -0.0 -0.406 -0.461 0.926 0.0 0.238 -0.294 -0.722 -0.0 -0.203 -0.662 -0.877 -0.0 -0.467 0.113 0.777 0.0 -0.2 -0.596 0.887 -0.0 -0.45 0.107 
0.997 -0.073 -0.001 -0.024 -0.811 -0.0 -0.235 -0.535 -0.907 -0.0 0.223 -0.359 0.789 -0.0 -0.405 -0.462 0.925 0.0 0.238 -0.294 -0.722 -0.0 -0.203 -0.662 -0.877 -0.0 -0.467 0.113 0.777 0.0 -0.2 -0.596 0.887 0.0 -0.45 0.107 
0.997 -0.073 -0.001 -0.024 -0.811 -0.0 -0.237 -0.535 -0.907 0.0 0.222 -0.359 0.79 0.0 -0.402 -0.463 0.925 0.0 0.238 -0.295 -0.722 0.0 -0.202 -0.662 -0.877 -0.0 -0.468 0.113 0.777 0.0 -0.2 -0.596 0.887 0.0 -0.45 0.106 
0.997 -0.073 -0.001 -0.024 -0.811 -0.0 -0.24 -0.534 -0.906 -0.0 0.223 -0.359 0.791 0.0 -0.4 -0.463 0.925 0.0 0.238 -0.295 -0.722 -0.0 -0.203 -0.662 -0.877 -0.0 -0.467 0.113 0.777 0.0 -0.2 -0.596 0.887 0.0 -0.45 0.107 
0.997 -0.073 -0.001 -0.024 -0.81 0.0 -0.242 -0.534 -0.907 -0.0 0.222 -0.359 0.792 0.0 -0.398 -0.463 0.925 -0.0 0.239 -0.295 -0.722 -0.0 -0.202 -0.662 -0.877 -0.0 -0.468 0.113 0.777 0.0 -0.199 -0.596 0.886 0.0 -0.45 0.106 
0.997 -0.073 -0.001 -0.023 -0.81 -0.0 -0.244 -0.533 -0.907 -0.0 0.222 -0.359 0.792 0.0 -0.396 -0.464 0.925 0.0 0.239 -0.295 -0.722 -0.0 -0.202 -0.662 -0.877 -0.0 -0.467 0.113 0.777 -0.0 -0.199 -0.597 0.886 0.0 -0.45 0.106 
0.997 -0.073 -0.001 -0.023 -0.81 0.0 -0.245 -0.533 -0.907 -0.0 0.222 -0.359 0.793 0.0 -0.393 -0.465 0.925 0.0 0.239 -0.295 -0.722 -0.0 -0.202 -0.662 -0.877 -0.0 -0.467 0.113 0.777 0.0 -0.199 -0.597 0.887 0.0 -0.45 0.106 
0.997 -0.073 -0.001 -0.024 -0.81 -0.0 -0.248 -0.532 -0.907 -0.0 0.221 -0.359 0.794 0.0 -0.391 -0.465 0.925 -0.0 0.24 -0.295 -0.722 0.0 -0.202 -0.662 -0.877 -0.0 -0.467 0.113 0.777 -0.0 -0.199 -0.597 0.887 -0.0 -0.45 0.106 
0.997 -0.073 -0.001 -0.024 -0.809 -0.0 -0.249 -0.532 -0.907 0.0 0.221 -0.359 0.795 0.0 -0.388 -0.466 0.925 0.0 0.24 -0.294 -0.722 -0.0 -0.202 -0.662 -0.877 0.0 -0.468 0.113 0.777 0.0 -0.199 -0.597 0.887 0.0 -0.45 0.106 
0.997 -0.073 -0.001 -0.024 -0.809 -0.0 -0.251 -0.531 -0.907 -0.0 0.22 -0.359 0.796 0.0 -0.385 -0.467 0.925 0.0 0.239 -0.295 -0.722 0.0 -0.202 -0.662 -0.877 -0.0 -0.467 0.113 0.778 0.0 -0.199 -0.597 0.887 0.0 -0.45 0.106 
0.997 -0.073 -0.001 -0.024 -0.809 -0.0 -0.253 -0.531 -0.907 -0.0 0.22 -0.359 0.797 0.0 -0.382 -0.468 0.925 0.0 0.239 -0.295 -0.722 -0.0 -0.202 -0.662 -0.877 -0.0 -0.468 0.113 0.777 0.0 -0.199 -0.597 0.887 -0.0 -0.45 0.106 
0.997 -0.073 -0.001 -0.024 -0.808 0.0 -0.256 -0.53 -0.907 -0.0 0.22 -0.359 0.798 0.0 -0.379 -0.469 0.925 -0.0 0.24 -0.294 -0.722 -0.0 -0.201 -0.662 -0.877 -0.0 -0.468 0.113 0.777 -0.0 -0.199 -0.597 0.887 0.0 -0.45 0.106 
0.997 -0.072 -0.001 -0.024 -0.808 -0.0 -0.258 -0.53 -0.907 -0.0 0.22 -0.359 0.799 0.0 -0.376 -0.469 0.925 0.0 0.24 -0.294 -0.722 -0.0 -0.201 -0.662 -0.877 -0.0 -0.468 0.112 0.777 0.0 -0.199 -0.597 0.887 0.0 -0.45 0.106 
0.997 -0.072 -0.001 -0.024 -0.808 0.0 -0.26 -0.529 -0.907 -0.0 0.22 -0.359 0.8 0.0 -0.373 -0.47 0.925 0.0 0.241 -0.294 -0.722 -0.0 -0.201 -0.662 -0.877 -0.0 -0.468 0.112 0.777 0.0 -0.198 -0.597 0.887 0.0 -0.45 0.106 
0.997 -0.072 -0.001 -0.024 -0.807 -0.0 -0.263 -0.528 -0.907 -0.0 0.219 -0.36 0.801 -0.0 -0.37 -0.471 0.925 0.0 0.241 -0.293 -0.722 -0.0 -0.201 -0.662 -0.877 0.0 -0.468 0.112 0.777 0.0 -0.198 -0.597 0.887 -0.0 -0.45 0.106 
0.997 -0.072 -0.001 -0.024 -0.807 0.0 -0.265 -0.528 -0.907 0.0 0.219 -0.36 0.802 0.0 -0.366 -0.472 0.925 0.0 0.241 -0.293 -0.722 0.0 -0.201 -0.662 -0.877 -0.0 -0.468 0.112 0.777 0.0 -0.198 -0.597 0.887 0.0 -0.45 0.106 
0.997 -0.072 -0.001 -0.024 -0.807 -0.0 -0.267 -0.527 -0.907 -0.0 0.218 -0.36 0.803 0.0 -0.363 -0.473 0.925 0.0 0.241 -0.293 -0.722 -0.0 -0.201 -0.662 -0.877 -0.0 -0.468 0.112 0.778 0.0 -0.199 -0.597 0.887 0.0 -0.45 0.106 
0.997 -0.072 -0.001 -0.024 -0.806 -0.0 -0.27 -0.527 -0.907 -0.0 0.218 -0.36 0.804 0.0 -0.36 -0.474 0.925 -0.0 0.242 -0.292 -0.722 0.0 -0.201 -0.662 -0.877 -0.0 -0.468 0.112 0.777 0.0 -0.198 -0.597 0.887 0.0 -0.45 0.106 
0.997 -0.072 -0.001 -0.024 -0.806 -0.0 -0.272 -0.526 -0.907 -0.0 0.217 -0.36 0.805 0.0 -0.357 -0.475 0.925 0.0 0.242 -0.292 -0.722 0.0 -0.201 -0.662 -0.877 -0.0 -0.468 0.112 0.778 0.0 -0.199 -0.597 0.887 0.0 -0.45 0.105 
0.997 -0.072 -0.0 -0.024 -0.805 -0.0 -0.275 -0.526 -0.907 -0.0 0.217 -0.36 0.806 0.0 -0.353 -0.476 0.926 -0.0 0.242 -0.291 -0.722 -0.0 -0.201 -0.663 -0.877 -0.0 -0.468 0.112 0.778 0.0 -0.198 -0.597 0.887 0.0 -0.45 0.106 
0.997 -0.072 -0.001 -0.024 -0.805 0.0 -0.277 -0.525 -0.907 -0.0 0.217 -0.36 0.807 0.0 -0.349 -0.477 0.926 0.0 0.242 -0.29 -0.722 -0.0 -0.201 -0.663 -0.877 -0.0 -0.468 0.112 0.778 -0.0 -0.198 -0.597 0.887 0.0 -0.45 0.105 
0.997 -0.072 -0.0 -0.024 -0.804 0.0 -0.28 -0.524 -0.907 -0.0 0.216 -0.36 0.807 0.0 -0.346 -0.478 0.926 0.0 0.242 -0.29 -0.722 -0.0 -0.2 -0.663 -0.877 -0.0 -0.468 0.112 0.778 0.0 -0.199 -0.597 0.887 0.0 -0.45 0.105 
0.997 -0.072 -0.0 -0.024 -0.804 -0.0 -0.282 -0.524 -0.907 -0.0 0.216 -0.361 0.809 0.0 -0.342 -0.479 0.926 0.0 0.242 -0.289 -0.722 -0.0 -0.2 -0.663 -0.877 0.0 -0.468 0.112 0.778 0.0 -0.198 -0.597 0.887 0.0 -0.45 0.105 
0.997 -0.072 -0.0 -0.024 -0.803 -0.0 -0.285 -0.523 -0.907 -0.0 0.216 -0.361 0.809 0.0 -0.339 -0.48 0.926 0.0 0.243 -0.289 -0.722 -0.0 -0.2 -0.663 -0.877 -0.0 -0.468 0.112 0.778 0.0 -0.198 -0.597 0.887 0.0 -0.45 0.105 
0.997 -0.072 -0.0 -0.024 -0.803 0.0 -0.288 -0.522 -0.907 -0.0 0.216 -0.361 0.81 0.0 -0.335 -0.481 0.926 -0.0 0.243 -0.288 -0.722 -0.0 -0.2 -0.663 -0.877 -0.0 -0.468 0.112 0.778 0.0 -0.198 -0.597 0.887 0.0 -0.45 0.105 
0.997 -0.072 -0.0 -0.024 -0.802 -0.0 -0.291 -0.522 -0.907 -0.0 0.216 -0.361 0.811 0.0 -0.331 -0.482 0.926 0.0 0.244 -0.287 -0.722 -0.0 -0.2 -0.663 -0.877 -0.0 -0.468 0.112 0.778 0.0 -0.198 -0.597 0.887 0.0 -0.45 0.105 
0.997 -0.072 -0.0 -0.024 -0.802 -0.0 -0.293 -0.521 -0.907 -0.0 0.215 -0.362 0.812 -0.0 -0.327 -0.484 0.927 0.0 0.244 -0.286 -0.721 -0.0 -0.2 -0.663 -0.876 -0.0 -0.468 0.112 0.778 -0.0 -0.198 -0.596 0.887 0.0 -0.45 0.105 
0.997 -0.072 -0.0 -0.024 -0.801 -0.0 -0.296 -0.52 -0.907 -0.0 0.215 -0.363 0.813 0.0 -0.323 -0.485 0.927 0.0 0.243 -0.286 -0.721 -0.0 -0.2 -0.663 -0.876 -0.0 -0.468 0.112 0.778 -0.0 -0.198 -0.596 0.887 0.0 -0.45 0.105 
0.997 -0.072 -0.0 -0.024 -0.8 0.0 -0.299 -0.519 -0.907 -0.0 0.215 -0.363 0.814 0.0 -0.32 -0.486 0.927 0.0 0.243 -0.285 -0.721 0.0 -0.2 -0.663 -0.877 -0.0 -0.468 0.112 0.778 0.0 -0.198 -0.596 0.887 0.0 -0.45 0.105 
0.997 -0.071 -0.0 -0.024 -0.8 -0.0 -0.303 -0.518 -0.907 -0.0 0.215 -0.363 0.815 -0.0 -0.315 -0.487 0.927 0.0 0.243 -0.284 -0.721 -0.0 -0.2 -0.663 -0.876 -0.0 -0.468 0.112 0.778 0.0 -0.198 -0.597 0.887 0.0 -0.45 0.105 
0.997 -0.071 -0.0 -0.024 -0.799 -0.0 -0.306 -0.518 -0.907 -0.0 0.215 -0.363 0.815 0.0 -0.313 -0.488 0.928 0.0 0.243 -0.284 -0.721 -0.0 -0.199 -0.663 -0.876 -0.0 -0.468 0.112 0.778 0.0 -0.198 -0.596 0.887 -0.0 -0.45 0.105 
0.997 -0.071 0.0 -0.024 -0.798 -0.0 -0.309 -0.517 -0.906 -0.0 0.215 -0.364 0.816 0.0 -0.308 -0.49 0.928 -0.0 0.242 -0.282 -0.721 0.0 -0.199 -0.663 -0.876 -0.0 -0.468 0.112 0.778 0.0 -0.198 -0.596 0.887 0.0 -0.45 0.105 
0.997 -0.071 0.0 -0.024 -0.798 -0.0 -0.313 -0.516 -0.906 0.0 0.216 -0.364 0.816 0.0 -0.304 -0.491 0.929 0.0 0.242 -0.281 -0.721 -0.0 -0.199 -0.663 -0.876 -0.0 -0.468 0.112 0.778 0.0 -0.198 -0.596 0.887 0.0 -0.45 0.105 
0.997 -0.071 0.0 -0.024 -0.797 -0.0 -0.317 -0.515 -0.906 -0.0 0.216 -0.365 0.817 0.0 -0.3 -0.492 0.929 0.0 0.241 -0.28 -0.721 -0.0 -0.199 -0.663 -0.876 -0.0 -0.468 0.112 0.778 0.0 -0.198 -0.596 0.887 0.0 -0.45 0.104 
0.997 -0.071 0.0 -0.024 -0.796 -0.0 -0.321 -0.513 -0.905 -0.0 0.217 -0.365 0.818 -0.0 -0.296 -0.494 0.93 0.0 0.241 -0.279 -0.721 -0.0 -0.199 -0.663 -0.876 -0.0 -0.468 0.112 0.778 0.0 -0.198 -0.596 0.887 0.0 -0.45 0.104 
0.997 -0.071 0.0 -0.024 -0.795 -0.0 -0.324 -0.512 -0.905 -0.0 0.217 -0.366 0.819 0.0 -0.291 -0.495 0.93 -0.0 0.24 -0.278 -0.721 -0.0 -0.199 -0.664 -0.876 0.0 -0.468 0.112 0.778 0.0 -0.198 -0.596 0.887 0.0 -0.45 0.104 
0.997 -0.071 0.0 -0.024 -0.794 -0.0 -0.328 -0.511 -0.905 -0.0 0.218 -0.367 0.819 0.0 -0.287 -0.496 0.931 0.0 0.24 -0.276 -0.721 -0.0 -0.199 -0.664 -0.876 0.0 -0.469 0.111 0.778 -0.0 -0.198 -0.596 0.887 0.0 -0.45 0.104 
0.997 -0.071 0.0 -0.024 -0.794 -0.0 -0.331 -0.51 -0.904 -0.0 0.218 -0.367 0.82 -0.0 -0.283 -0.497 0.931 -0.0 0.239 -0.275 -0.721 -0.0 -0.199 -0.664 -0.876 -0.0 -0.469 0.112 0.778 0.0 -0.198 -0.596 0.887 0.0 -0.45 0.104 
0.997 -0.071 0.0 -0.024 -0.793 -0.0 -0.335 -0.509 -0.904 -0.0 0.218 -0.368 0.821 0.0 -0.278 -0.499 0.932 0.0 0.238 -0.274 -0.721 -0.0 -0.198 -0.664 -0.876 -0.0 -0.469 0.111 0.778 0.0 -0.197 -0.596 0.887 0.0 -0.45 0.104 
0.997 -0.071 0.0 -0.024 -0.792 -0.0 -0.338 -0.508 -0.904 -0.0 0.218 -0.369 0.821 0.0 -0.274 -0.5 0.933 -0.0 0.237 -0.272 -0.721 -0.0 -0.198 -0.664 -0.876 -0.0 -0.469 0.111 0.778 0.0 -0.197 -0.596 0.887 0.0 -0.45 0.104 
0.997 -0.071 0.0 -0.024 -0.791 -0.0 -0.342 -0.507 -0.903 -0.0 0.218 -0.369 0.822 -0.0 -0.27 -0.502 0.933 0.0 0.236 -0.271 -0.721 -0.0 -0.198 -0.664 -0.876 -0.0 -0.469 0.111 0.778 0.0 -0.197 -0.596 0.887 -0.0 -0.45 0.104 
0.997 -0.071 0.0 -0.024 -0.791 -0.0 -0.345 -0.506 -0.903 -0.0 0.219 -0.369 0.823 0.0 -0.266 -0.503 0.934 0.0 0.236 -0.27 -0.721 -0.0 -0.198 -0.664 -0.876 -0.0 -0.469 0.111 0.778 -0.0 -0.197 -0.597 0.887 0.0 -0.45 0.103 
0.997 -0.07 0.0 -0.024 -0.79 -0.0 -0.349 -0.505 -0.903 -0.0 0.219 -0.369 0.823 0.0 -0.261 -0.504 0.934 0.0 0.235 -0.268 -0.721 -0.0 -0.198 -0.664 -0.876 -0.0 -0.469 0.111 0.778 0.0 -0.197 -0.596 0.887 0.0 -0.45 0.103 
0.997 -0.07 0.0 -0.024 -0.789 -0.0 -0.352 -0.504 -0.903 -0.0 0.219 -0.37 0.824 0.0 -0.257 -0.505 0.935 0.0 0.235 -0.267 -0.721 -0.0 -0.198 -0.664 -0.876 -0.0 -0.469 0.111 0.778 0.0 -0.197 -0.597 0.887 0.0 -0.45 0.103 
0.997 -0.07 0.0 -0.024 -0.788 -0.0 -0.355 -0.503 -0.903 -0.0 0.219 -0.37 0.825 0.0 -0.253 -0.506 0.935 0.0 0.235 -0.267 -0.721 -0.0 -0.197 -0.664 -0.876 -0.0 -0.469 0.111 0.778 0.0 -0.197 -0.597 0.887 -0.0 -0.45 0.103 
0.997 -0.07 0.0 -0.024 -0.787 -0.0 -0.359 -0.501 -0.902 -0.0 0.219 -0.371 0.825 -0.0 -0.25 -0.507 0.935 0.0 0.234 -0.265 -0.721 -0.0 -0.197 -0.664 -0.876 -0.0 -0.469 0.111 0.778 0.0 -0.197 -0.597 0.887 0.0 -0.45 0.103 
0.997 -0.07 0.0 -0.024 -0.787 -0.0 -0.362 -0.5 -0.902 0.0 0.218 -0.372 0.825 0.0 -0.246 -0.509 0.936 -0.0 0.233 -0.265 -0.721 -0.0 -0.197 -0.664 -0.876 -0.0 -0.469 0.111 0.778 0.0 -0.197 -0.597 0.887 0.0 -0.45 0.103 
0.997 -0.07 0.0 -0.024 -0.786 -0.0 -0.364 -0.499 -0.902 -0.0 0.218 -0.372 0.826 0.0 -0.242 -0.51 0.936 -0.0 0.233 -0.264 -0.721 -0.0 -0.197 -0.664 -0.876 -0.0 -0.469 0.111 0.778 0.0 -0.197 -0.597 0.887 0.0 -0.45 0.103 
0.997 -0.07 0.0 -0.024 -0.786 -0.0 -0.367 -0.498 -0.902 -0.0 0.217 -0.373 0.826 0.0 -0.238 -0.511 0.936 0.0 0.232 -0.263 -0.721 0.0 -0.197 -0.664 -0.876 -0.0 -0.469 0.111 0.778 0.0 -0.197 -0.597 0.887 0.0 -0.45 0.103 
0.997 -0.07 0.0 -0.024 -0.785 -0.0 -0.37 -0.496 -0.902 -0.0 0.216 -0.374 0.826 0.0 -0.234 -0.512 0.937 0.0 0.232 -0.262 -0.721 -0.0 -0.197 -0.664 -0.876 -0.0 -0.469 0.11 0.778 0.0 -0.197 -0.597 0.887 0.0 -0.45 0.103 
0.997 -0.07 0.0 -0.024 -0.785 0.0 -0.373 -0.495 -0.902 0.0 0.215 -0.375 0.827 0.0 -0.231 -0.514 0.937 0.0 0.232 -0.261 -0.721 -0.0 -0.197 -0.664 -0.876 -0.0 -0.469 0.111 0.778 -0.0 -0.197 -0.597 0.887 0.0 -0.45 0.103 
0.997 -0.07 0.0 -0.024 -0.784 0.0 -0.375 -0.494 -0.902 -0.0 0.214 -0.375 0.827 0.0 -0.227 -0.515 0.937 -0.0 0.232 -0.259 -0.721 -0.0 -0.197 -0.664 -0.876 -0.0 -0.469 0.111 0.778 0.0 -0.197 -0.597 0.887 0.0 -0.45 0.103 
0.997 -0.07 0.0 -0.024 -0.784 -0.0 -0.378 -0.493 -0.902 -0.0 0.214 -0.375 0.827 -0.0 -0.224 -0.516 0.938 0.0 0.233 -0.258 -0.721 -0.0 -0.197 -0.664 -0.876 0.0 -0.469 0.11 0.778 0.0 -0.197 -0.597 0.887 0.0 -0.45 0.103 
0.997 -0.07 0.0 -0.025 -0.783 -0.0 -0.38 -0.492 -0.902 -0.0 0.213 -0.376 0.827 0.0 -0.221 -0.517 0.938 0.0 0.232 -0.258 -0.721 -0.0 -0.197 -0.664 -0.876 -0.0 -0.469 0.111 0.778 0.0 -0.197 -0.596 0.887 0.0 -0.45 0.103 
0.997 -0.07 0.0 -0.024 -0.783 -0.0 -0.383 -0.491 -0.902 -0.0 0.212 -0.376 0.827 -0.0 -0.218 -0.518 0.938 0.0 0.232 -0.257 -0.721 -0.0 -0.197 -0.664 -0.876 -0.0 -0.469 0.111 0.778 -0.0 -0.197 -0.597 0.887 0.0 -0.45 0.103 
0.997 -0.07 0.0 -0.025 -0.782 -0.0 -0.384 -0.49 -0.902 -0.0 0.211 -0.376 0.827 0.0 -0.215 -0.519 0.938 0.0 0.232 -0.257 -0.721 -0.0 -0.197 -0.664 -0.876 -0.0 -0.469 0.111 0.778 -0.0 -0.197 -0.596 0.887 0.0 -0.45 0.103 
0.997 -0.07 0.0 -0.024 -0.782 -0.0 -0.386 -0.489 -0.902 -0.0 0.211 -0.376 0.827 -0.0 -0.212 -0.52 0.938 -0.0 0.233 -0.256 -0.721 -0.0 -0.197 -0.664 -0.876 -0.0 -0.469 0.111 0.778 0.0 -0.197 -0.597 0.887 -0.0 -0.45 0.103 
0.997 -0.07 0.0 -0.025 -0.781 -0.0 -0.389 -0.488 -0.902 -0.0 0.21 -0.377 0.827 0.0 -0.209 -0.521 0.938 0.0 0.233 -0.256 -0.721 -0.0 -0.197 -0.664 -0.876 -0.0 -0.469 0.111 0.778 0.0 -0.197 -0.596 0.887 0.0 -0.45 0.103 
0.997 -0.07 0.0 -0.025 -0.781 -0.0 -0.39 -0.488 -0.902 -0.0 0.209 -0.377 0.827 0.0 -0.208 -0.522 0.938 0.0 0.234 -0.255 -0.721 -0.0 -0.197 -0.664 -0.876 -0.0 -0.469 0.11 0.778 -0.0 -0.196 -0.597 0.887 0.0 -0.45 0.103 
0.997 -0.07 0.0 -0.025 -0.781 -0.0 -0.392 -0.487 -0.902 -0.0 0.208 -0.377 0.827 0.0 -0.205 -0.523 0.938 -0.0 0.234 -0.254 -0.721 -0.0 -0.197 -0.664 -0.876 -0.0 -0.469 0.11 0.778 0.0 -0.196 -0.597 0.887 0.0 -0.45 0.103 
0.997 -0.07 0.001 -0.025 -0.78 -0.0 -0.394 -0.486 -0.902 -0.0 0.208 -0.378 0.827 -0.0 -0.202 -0.524 0.939 0.0 0.234 -0.254 -0.721 -0.0 -0.196 -0.664 -0.876 -0.0 -0.469 0.11 0.778 0.0 -0.196 -0.597 0.887 0.0 -0.45 0.102 
0.997 -0.069 0.0 -0.025 -0.78 -0.0 -0.395 -0.486 -0.903 -0.0 0.207 -0.377 0.828 0.0 -0.199 -0.525 0.939 0.0 0.233 -0.254 -0.721 -0.0 -0.196 -0.664 -0.876 -0.0 -0.469 0.11 0.778 0.0 -0.196 -0.597 0.887 0.0 -0.45 0.103 
0.997 -0.069 0.001 -0.025 -0.779 -0.0 -0.397 -0.485 -0.903 -0.0 0.206 -0.378 0.828 0.0 -0.197 -0.526 0.939 -0.0 0.234 -0.253 -0.721 0.0 -0.196 -0.664 -0.876 -0.0 -0.469 0.11 0.778 0.0 -0.196 -0.597 0.887 0.0 -0.45 0.103 
0.997 -0.069 0.001 -0.025 -0.779 0.0 -0.399 -0.484 -0.903 -0.0 0.205 -0.378 0.828 0.0 -0.195 -0.526 0.939 0.0 0.234 -0.253 -0.721 -0.0 -0.196 -0.665 -0.876 -0.0 -0.469 0.11 0.778 0.0 -0.196 -0.597 0.887 0.0 -0.45 0.102 
0.997 -0.069 0.001 -0.025 -0.779 -0.0 -0.4 -0.483 -0.903 -0.0 0.204 -0.378 0.828 -0.0 -0.193 -0.527 0.939 0.0 0.235 -0.253 -0.721 -0.0 -0.196 -0.665 -0.876 -0.0 -0.469 0.11 0.778 0.0 -0.196 -0.596 0.887 0.0 -0.45 0.103 
0.997 -0.069 0.001 -0.025 -0.778 0.0 -0.402 -0.482 -0.903 -0.0 0.203 -0.378 0.828 -0.0 -0.192 -0.527 0.939 0.0 0.235 -0.253 -0.721 -0.0 -0.196 -0.665 -0.876 -0.0 -0.469 0.11 0.778 0.0 -0.196 -0.596 0.887 0.0 -0.45 0.102 
0.997 -0.07 0.001 -0.025 -0.778 -0.0 -0.403 -0.481 -0.903 0.0 0.202 -0.379 0.828 0.0 -0.191 -0.528 0.938 -0.0 0.236 -0.253 -0.721 0.0 -0.196 -0.665 -0.876 -0.0 -0.469 0.11 0.778 0.0 -0.197 -0.596 0.887 0.0 -0.45 0.103 
0.997 -0.07 0.001 -0.025 -0.778 -0.0 -0.404 -0.481 -0.903 -0.0 0.202 -0.379 0.827 -0.0 -0.191 -0.528 0.938 0.0 0.236 -0.253 -0.721 0.0 -0.196 -0.665 -0.876 -0.0 -0.469 0.11 0.778 0.0 -0.197 -0.596 0.887 -0.0 -0.45 0.103 
0.997 -0.069 0.001 -0.025 -0.778 -0.0 -0.405 -0.481 -0.903 -0.0 0.201 -0.379 0.828 0.0 -0.187 -0.529 0.939 0.0 0.236 -0.251 -0.721 0.0 -0.196 -0.665 -0.876 -0.0 -0.469 0.11 0.778 0.0 -0.196 -0.596 0.887 0.0 -0.45 0.102 
0.997 -0.069 0.001 -0.025 -0.777 -0.0 -0.407 -0.48 -0.903 -0.0 0.201 -0.379 0.828 0.0 -0.184 -0.53 0.939 0.0 0.235 -0.251 -0.721 -0.0 -0.196 -0.665 -0.876 -0.0 -0.469 0.11 0.778 0.0 -0.196 -0.596 0.887 0.0 -0.45 0.102 
0.997 -0.069 0.001 -0.025 -0.777 -0.0 -0.407 -0.479 -0.903 -0.0 0.2 -0.379 0.827 0.0 -0.184 -0.531 0.939 0.0 0.236 -0.251 -0.721 0.0 -0.196 -0.665 -0.876 0.0 -0.469 0.11 0.778 0.0 -0.196 -0.597 0.887 0.0 -0.45 0.102 
0.997 -0.069 0.001 -0.025 -0.777 -0.0 -0.408 -0.479 -0.904 -0.0 0.199 -0.379 0.827 0.0 -0.183 -0.531 0.939 0.0 0.236 -0.25 -0.721 -0.0 -0.196 -0.665 -0.876 -0.0 -0.469 0.11 0.778 0.0 -0.196 -0.597 0.887 0.0 -0.45 0.102 
0.997 -0.069 0.001 -0.025 -0.777 -0.0 -0.409 -0.478 -0.904 -0.0 0.199 -0.379 0.828 0.0 -0.182 -0.531 0.939 0.0 0.236 -0.25 -0.721 -0.0 -0.196 -0.665 -0.876 -0.0 -0.469 0.11 0.778 0.0 -0.197 -0.596 0.887 0.0 -0.45 0.102 
0.997 -0.069 0.001 -0.025 -0.777 0.0 -0.409 -0.478 -0.904 -0.0 0.198 -0.379 0.827 0.0 -0.181 -0.532 0.939 0.0 0.236 -0.25 -0.721 -0.0 -0.196 -0.665 -0.876 -0.0 -0.469 0.11 0.778 0.0 -0.196 -0.596 0.887 0.0 -0.45 0.103 
0.997 -0.069 0.001 -0.025 -0.777 -0.0 -0.41 -0.478 -0.904 -0.0 0.198 -0.379 0.827 0.0 -0.18 -0.532 0.939 0.0 0.236 -0.25 -0.721 -0.0 -0.196 -0.665 -0.876 0.0 -0.469 0.11 0.778 0.0 -0.196 -0.596 0.887 0.0 -0.45 0.102 
0.997 -0.069 0.001 -0.025 -0.777 -0.0 -0.41 -0.478 -0.904 -0.0 0.197 -0.379 0.827 0.0 -0.18 -0.532 0.939 0.0 0.237 -0.25 -0.721 -0.0 -0.196 -0.664 -0.876 -0.0 -0.469 0.11 0.778 -0.0 -0.196 -0.597 0.887 -0.0 -0.45 0.102 
0.997 -0.069 0.001 -0.025 -0.777 -0.0 -0.41 -0.478 -0.904 -0.0 0.197 -0.379 0.827 0.0 -0.18 -0.532 0.939 0.0 0.237 -0.25 -0.721 -0.0 -0.196 -0.665 -0.876 -0.0 -0.469 0.11 0.778 0.0 -0.196 -0.597 0.887 0.0 -0.45 0.102 
0.997 -0.069 0.001 -0.025 -0.777 -0.0 -0.41 -0.477 -0.904 -0.0 0.196 -0.379 0.827 0.0 -0.18 -0.533 0.939 -0.0 0.237 -0.25 -0.721 -0.0 -0.196 -0.665 -0.876 -0.0 -0.469 0.11 0.778 0.0 -0.196 -0.596 0.887 0.0 -0.45 0.102 
0.997 -0.069 0.001 -0.025 -0.777 -0.0 -0.41 -0.477 -0.904 -0.0 0.196 -0.379 0.827 0.0 -0.18 -0.532 0.939 0.0 0.237 -0.25 -0.721 -0.0 -0.196 -0.665 -0.876 -0.0 -0.469 0.11 0.778 0.0 -0.196 -0.597 0.887 0.0 -0.45 0.102 
0.997 -0.069 0.001 -0.025 -0.777 -0.0 -0.409 -0.477 -0.905 -0.0 0.196 -0.379 0.827 -0.0 -0.181 -0.533 0.939 0.0 0.238 -0.25 -0.721 -0.0 -0.196 -0.665 -0.876 -0.0 -0.469 0.11 0.778 -0.0 -0.196 -0.597 0.887 0.0 -0.45 0.102 
0.997 -0.069 0.001 -0.025 -0.778 -0.0 -0.409 -0.478 -0.905 0.0 0.196 -0.379 0.827 0.0 -0.181 -0.533 0.939 0.0 0.238 -0.25 -0.721 -0.0 -0.196 -0.664 -0.876 0.0 -0.469 0.11 0.778 0.0 -0.196 -0.597 0.887 0.0 -0.45 0.103 
0.997 -0.069 0.001 -0.025 -0.778 0.0 -0.408 -0.478 -0.905 -0.0 0.196 -0.378 0.827 0.0 -0.182 -0.533 0.938 0.0 0.238 -0.25 -0.721 -0.0 -0.196 -0.664 -0.876 0.0 -0.469 0.11 0.778 0.0 -0.196 -0.597 0.887 -0.0 -0.45 0.102 
0.997 -0.069 0.001 -0.025 -0.778 -0.0 -0.408 -0.478 -0.905 -0.0 0.195 -0.378 0.827 0.0 -0.183 -0.532 0.938 0.0 0.238 -0.25 -0.721 0.0 -0.196 -0.664 -0.876 -0.0 -0.469 0.11 0.778 0.0 -0.196 -0.597 0.887 0.0 -0.45 0.102 
0.997 -0.069 0.001 -0.025 -0.778 -0.0 -0.406 -0.478 -0.905 -0.0 0.195 -0.378 0.826 0.0 -0.184 -0.532 0.938 0.0 0.238 -0.25 -0.721 -0.0 -0.196 -0.664 -0.876 -0.0 -0.469 0.11 0.778 0.0 -0.196 -0.597 0.887 0.0 -0.45 0.102 
0.997 -0.069 0.001 -0.025 -0.779 -0.0 -0.405 -0.479 -0.905 -0.0 0.196 -0.377 0.826 0.0 -0.186 -0.532 0.938 -0.0 0.239 -0.25 -0.721 -0.0 -0.196 -0.664 -0.876 -0.0 -0.469 0.11 0.778 0.0 -0.196 -0.597 0.887 0.0 -0.45 0.102 
0.997 -0.069 0.001 -0.025 -0.779 -0.0 -0.404 -0.479 -0.905 -0.0 0.196 -0.377 0.826 0.0 -0.186 -0.532 0.938 0.0 0.239 -0.251 -0.721 -0.0 -0.196 -0.664 -0.876 -0.0 -0.469 0.11 0.778 0.0 -0.196 -0.597 0.887 0.0 -0.45 0.102 
0.997 -0.069 0.001 -0.025 -0.78 0.0 -0.402 -0.48 -0.905 -0.0 0.196 -0.377 0.825 -0.0 -0.189 -0.532 0.938 0.0 0.24 -0.25 -0.721 -0.0 -0.195 -0.664 -0.876 -0.0 -0.469 0.11 0.778 0.0 -0.196 -0.597 0.887 -0.0 -0.45 0.102 
0.997 -0.069 0.0 -0.024 -0.78 -0.0 -0.401 -0.48 -0.905 -0.0 0.196 -0.376 0.825 0.0 -0.191 -0.532 0.938 0.0 0.24 -0.25 -0.721 -0.0 -0.196 -0.664 -0.876 -0.0 -0.469 0.11 0.778 0.0 -0.196 -0.597 0.887 0.0 -0.45 0.102 
0.997 -0.069 0.0 -0.024 -0.781 -0.0 -0.399 -0.481 -0.905 -0.0 0.197 -0.376 0.825 0.0 -0.193 -0.531 0.938 0.0 0.24 -0.25 -0.721 -0.0 -0.196 -0.664 -0.876 0.0 -0.469 0.11 0.778 0.0 -0.196 -0.597 0.887 0.0 -0.45 0.102 
0.997 -0.069 0.0 -0.024 -0.781 -0.0 -0.398 -0.481 -0.905 -0.0 0.197 -0.376 0.825 0.0 -0.195 -0.531 0.938 0.0 0.24 -0.251 -0.721 -0.0 -0.196 -0.664 -0.876 -0.0 -0.469 0.11 0.778 0.0 -0.196 -0.597 0.887 0.0 -0.45 0.102 
0.997 -0.069 0.0 -0.024 -0.782 -0.0 -0.396 -0.482 -0.905 -0.0 0.197 -0.376 0.824 0.0 -0.199 -0.53 0.937 -0.0 0.24 -0.252 -0.721 -0.0 -0.196 -0.664 -0.876 -0.0 -0.469 0.11 0.778 0.0 -0.196 -0.597 0.887 0.0 -0.45 0.102 
0.997 -0.069 0.0 -0.024 -0.782 0.0 -0.394 -0.482 -0.905 -0.0 0.198 -0.377 0.824 0.0 -0.2 -0.53 0.938 0.0 0.24 -0.252 -0.721 -0.0 -0.196 -0.664 -0.876 -0.0 -0.469 0.11 0.778 0.0 -0.196 -0.597 0.887 0.0 -0.45 0.102 
0.997 -0.069 0.0 -0.024 -0.783 -0.0 -0.392 -0.483 -0.905 0.0 0.198 -0.377 0.824 0.0 -0.203 -0.53 0.938 -0.0 0.24 -0.251 -0.721 0.0 -0.196 -0.664 -0.876 -0.0 -0.469 0.11 0.778 -0.0 -0.196 -0.597 0.887 0.0 -0.45 0.102 
0.997 -0.069 0.0 -0.024 -0.784 -0.0 -0.389 -0.484 -0.905 -0.0 0.199 -0.377 0.823 0.0 -0.205 -0.529 0.938 0.0 0.24 -0.252 -0.721 -0.0 -0.196 -0.664 -0.876 -0.0 -0.469 0.11 0.778 0.0 -0.196 -0.597 0.887 -0.0 -0.45 0.102 
0.997 -0.069 0.0 -0.024 -0.785 -0.0 -0.386 -0.485 -0.905 -0.0 0.2 -0.376 0.823 0.0 -0.208 -0.529 0.937 0.0 0.241 -0.252 -0.721 -0.0 -0.196 -0.664 -0.876 -0.0 -0.469 0.11 0.778 0.0 -0.196 -0.597 0.887 -0.0 -0.45 0.102 
0.997 -0.069 0.0 -0.024 -0.785 -0.0 -0.383 -0.486 -0.905 -0.0 0.201 -0.376 0.823 -0.0 -0.211 -0.528 0.937 0.0 0.241 -0.252 -0.721 -0.0 -0.196 -0.664 -0.876 0.0 -0.469 0.11 0.778 0.0 -0.196 -0.597 0.887 -0.0 -0.45 0.102 
0.997 -0.069 0.0 -0.024 -0.786 -0.0 -0.381 -0.487 -0.905 -0.0 0.201 -0.375 0.822 0.0 -0.214 -0.527 0.937 0.0 0.241 -0.253 -0.721 -0.0 -0.196 -0.664 -0.876 -0.0 -0.469 0.11 0.778 0.0 -0.196 -0.597 0.887 0.0 -0.45 0.102 
0.997 -0.069 0.0 -0.024 -0.787 -0.0 -0.378 -0.488 -0.905 -0.0 0.202 -0.375 0.822 -0.0 -0.219 -0.526 0.936 0.0 0.242 -0.254 -0.721 -0.0 -0.196 -0.664 -0.876 -0.0 -0.469 0.11 0.778 0.0 -0.196 -0.597 0.887 0.0 -0.45 0.102 
0.997 -0.069 0.0 -0.024 -0.788 -0.0 -0.375 -0.489 -0.905 0.0 0.202 -0.375 0.821 0.0 -0.222 -0.525 0.936 0.0 0.242 -0.255 -0.721 0.0 -0.196 -0.664 -0.876 -0.0 -0.469 0.11 0.778 -0.0 -0.196 -0.597 0.887 0.0 -0.45 0.102 
0.997 -0.069 0.0 -0.024 -0.789 -0.0 -0.371 -0.49 -0.904 -0.0 0.203 -0.375 0.821 -0.0 -0.227 -0.524 0.936 0.0 0.242 -0.256 -0.722 -0.0 -0.196 -0.664 -0.876 -0.0 -0.469 0.11 0.778 0.0 -0.196 -0.597 0.887 0.0 -0.45 0.102 
0.997 -0.069 0.0 -0.024 -0.79 -0.0 -0.368 -0.491 -0.904 -0.0 0.203 -0.375 0.821 0.0 -0.23 -0.523 0.935 0.0 0.241 -0.259 -0.721 -0.0 -0.196 -0.664 -0.876 -0.0 -0.469 0.11 0.778 0.0 -0.195 -0.597 0.887 0.0 -0.45 0.102 
0.997 -0.069 0.0 -0.024 -0.791 -0.0 -0.364 -0.492 -0.904 -0.0 0.204 -0.375 0.82 0.0 -0.234 -0.522 0.935 -0.0 0.242 -0.26 -0.721 0.0 -0.196 -0.664 -0.876 -0.0 -0.469 0.11 0.778 0.0 -0.195 -0.597 0.887 0.0 -0.45 0.102 
0.997 -0.069 0.0 -0.024 -0.791 0.0 -0.361 -0.494 -0.904 -0.0 0.205 -0.375 0.82 -0.0 -0.238 -0.521 0.935 0.0 0.242 -0.261 -0.721 -0.0 -0.196 -0.664 -0.876 -0.0 -0.469 0.109 0.778 0.0 -0.195 -0.597 0.887 0.0 -0.45 0.102 
0.997 -0.069 0.0 -0.024 -0.792 -0.0 -0.357 -0.495 -0.904 -0.0 0.205 -0.375 0.819 -0.0 -0.242 -0.52 0.934 0.0 0.242 -0.262 -0.721 0.0 -0.195 -0.664 -0.876 -0.0 -0.469 0.11 0.778 0.0 -0.195 -0.597 0.887 -0.0 -0.45 0.102 
0.997 -0.068 0.0 -0.024 -0.793 -0.0 -0.353 -0.496 -0.904 -0.0 0.206 -0.374 0.819 0.0 -0.246 -0.518 0.934 0.0 0.242 -0.264 -0.721 -0.0 -0.195 -0.664 -0.876 -0.0 -0.469 0.109 0.778 0.0 -0.195 -0.597 0.887 -0.0 -0.45 0.101 
0.997 -0.068 0.0 -0.024 -0.794 0.0 -0.35 -0.497 -0.904 -0.0 0.206 -0.375 0.818 0.0 -0.25 -0.517 0.933 0.0 0.243 -0.265 -0.721 -0.0 -0.195 -0.664 -0.876 -0.0 -0.469 0.109 0.778 0.0 -0.195 -0.597 0.887 0.0 -0.45 0.101 
0.997 -0.068 0.0 -0.024 -0.795 -0.0 -0.346 -0.498 -0.904 -0.0 0.206 -0.375 0.818 0.0 -0.254 -0.516 0.933 -0.0 0.243 -0.266 -0.721 -0.0 -0.195 -0.664 -0.876 -0.0 -0.469 0.109 0.778 -0.0 -0.195 -0.597 0.887 0.0 -0.45 0.102 
0.997 -0.068 0.0 -0.024 -0.796 -0.0 -0.342 -0.5 -0.904 -0.0 0.207 -0.375 0.817 0.0 -0.259 -0.515 0.932 0.0 0.243 -0.268 -0.721 -0.0 -0.195 -0.664 -0.876 -0.0 -0.469 0.109 0.778 0.0 -0.195 -0.597 0.887 0.0 -0.45 0.101 
0.997 -0.068 0.0 -0.024 -0.797 -0.0 -0.338 -0.501 -0.904 -0.0 0.207 -0.375 0.817 0.0 -0.263 -0.514 0.932 0.0 0.244 -0.269 -0.721 -0.0 -0.195 -0.665 -0.876 -0.0 -0.469 0.109 0.778 0.0 -0.195 -0.597 0.887 0.0 -0.45 0.101 
0.997 -0.068 0.0 -0.024 -0.797 -0.0 -0.335 -0.502 -0.903 -0.0 0.208 -0.375 0.816 0.0 -0.267 -0.513 0.931 0.0 0.244 -0.27 -0.721 -0.0 -0.195 -0.664 -0.876 -0.0 -0.469 0.109 0.778 0.0 -0.195 -0.597 0.887 0.0 -0.45 0.101 
0.997 -0.068 0.0 -0.024 -0.798 -0.0 -0.331 -0.503 -0.903 -0.0 0.208 -0.375 0.815 -0.0 -0.272 -0.512 0.931 0.0 0.244 -0.272 -0.721 -0.0 -0.195 -0.665 -0.876 -0.0 -0.469 0.109 0.778 0.0 -0.195 -0.597 0.887 0.0 -0.45 0.102 
0.997 -0.068 0.0 -0.024 -0.799 -0.0 -0.328 -0.504 -0.903 -0.0 0.209 -0.375 0.814 -0.0 -0.276 -0.511 0.931 0.0 0.244 -0.273 -0.721 -0.0 -0.195 -0.665 -0.876 -0.0 -0.469 0.109 0.778 0.0 -0.195 -0.597 0.887 0.0 -0.45 0.101 
0.997 -0.068 0.0 -0.024 -0.8 -0.0 -0.324 -0.506 -0.903 0.0 0.21 -0.375 0.814 0.0 -0.28 -0.51 0.93 0.0 0.245 -0.273 -0.721 -0.0 -0.195 -0.665 -0.876 -0.0 -0.469 0.109 0.778 0.0 -0.195 -0.597 0.887 0.0 -0.45 0.101 
0.997 -0.068 0.0 -0.024 -0.8 -0.0 -0.321 -0.507 -0.903 -0.0 0.211 -0.375 0.813 0.0 -0.284 -0.509 0.93 0.0 0.244 -0.274 -0.721 -0.0 -0.195 -0.665 -0.876 -0.0 -0.469 0.109 0.778 0.0 -0.195 -0.597 0.887 -0.0 -0.45 0.101 
0.997 -0.068 0.0 -0.024 -0.801 -0.0 -0.317 -0.508 -0.902 -0.0 0.211 -0.375 0.812 0.0 -0.287 -0.508 0.93 0.0 0.244 -0.275 -0.721 -0.0 -0.195 -0.665 -0.876 -0.0 -0.469 0.109 0.778 0.0 -0.195 -0.597 0.887 0.0 -0.45 0.101 
0.997 -0.068 0.0 -0.024 -0.801 -0.0 -0.314 -0.509 -0.903 -0.0 0.212 -0.375 0.811 0.0 -0.292 -0.507 0.93 0.0 0.244 -0.276 -0.721 0.0 -0.195 -0.665 -0.876 -0.0 -0.469 0.109 0.778 0.0 -0.195 -0.597 0.887 0.0 -0.45 0.102 
0.997 -0.068 0.0 -0.024 -0.802 -0.0 -0.311 -0.51 -0.902 -0.0 0.213 -0.375 0.81 -0.0 -0.296 -0.506 0.929 0.0 0.244 -0.277 -0.721 -0.0 -0.195 -0.665 -0.876 -0.0 -0.469 0.109 0.778 0.0 -0.195 -0.597 0.887 0.0 -0.45 0.102 
0.997 -0.068 0.0 -0.024 -0.803 -0.0 -0.307 -0.511 -0.902 0.0 0.214 -0.375 0.81 -0.0 -0.298 -0.505 0.93 0.0 0.243 -0.277 -0.721 -0.0 -0.195 -0.665 -0.876 -0.0 -0.469 0.109 0.778 -0.0 -0.195 -0.597 0.887 -0.0 -0.45 0.102 
0.997 -0.068 0.0 -0.024 -0.804 -0.0 -0.304 -0.512 -0.902 -0.0 0.215 -0.375 0.809 0.0 -0.302 -0.504 0.929 0.0 0.244 -0.278 -0.721 -0.0 -0.195 -0.665 -0.876 -0.0 -0.469 0.109 0.778 0.0 -0.195 -0.597 0.887 0.0 -0.45 0.102 
0.997 -0.068 0.0 -0.024 -0.804 -0.0 -0.3 -0.513 -0.902 -0.0 0.215 -0.375 0.808 -0.0 -0.307 -0.503 0.929 0.0 0.244 -0.279 -0.721 0.0 -0.195 -0.665 -0.876 0.0 -0.469 0.109 0.778 0.0 -0.195 -0.597 0.887 0.0 -0.45 0.102 
0.997 -0.068 0.0 -0.024 -0.805 0.0 -0.297 -0.514 -0.902 -0.0 0.216 -0.375 0.807 0.0 -0.311 -0.501 0.928 0.0 0.244 -0.281 -0.721 -0.0 -0.195 -0.664 -0.876 -0.0 -0.469 0.109 0.778 0.0 -0.195 -0.597 0.887 0.0 -0.45 0.102 
0.997 -0.068 0.0 -0.024 -0.805 -0.0 -0.294 -0.515 -0.902 -0.0 0.217 -0.374 0.807 0.0 -0.315 -0.5 0.928 0.0 0.244 -0.282 -0.721 -0.0 -0.195 -0.664 -0.876 -0.0 -0.469 0.109 0.778 0.0 -0.195 -0.597 0.887 0.0 -0.45 0.102 
0.997 -0.068 0.0 -0.024 -0.806 0.0 -0.29 -0.516 -0.902 -0.0 0.217 -0.374 0.806 0.0 -0.319 -0.499 0.928 0.0 0.244 -0.283 -0.721 -0.0 -0.196 -0.664 -0.877 -0.0 -0.469 0.109 0.778 0.0 -0.195 -0.597 0.887 0.0 -0.451 0.102 
0.997 -0.068 0.0 -0.025 -0.806 -0.0 -0.287 -0.518 -0.902 -0.0 0.218 -0.374 0.805 0.0 -0.323 -0.498 0.928 -0.0 0.243 -0.284 -0.721 -0.0 -0.196 -0.664 -0.877 -0.0 -0.469 0.109 0.778 0.0 -0.195 -0.597 0.887 0.0 -0.45 0.102 
0.997 -0.069 0.0 -0.024 -0.807 -0.0 -0.284 -0.518 -0.902 -0.0 0.218 -0.373 0.804 0.0 -0.327 -0.497 0.927 0.0 0.243 -0.284 -0.721 -0.0 -0.196 -0.664 -0.877 -0.0 -0.469 0.109 0.778 0.0 -0.195 -0.597 0.887 -0.0 -0.451 0.102 
0.997 -0.069 0.0 -0.024 -0.807 -0.0 -0.281 -0.519 -0.902 0.0 0.219 -0.373 0.803 0.0 -0.331 -0.496 0.927 -0.0 0.243 -0.285 -0.721 -0.0 -0.196 -0.664 -0.877 -0.0 -0.469 0.109 0.778 0.0 -0.195 -0.597 0.887 0.0 -0.451 0.102 
0.997 -0.069 0.0 -0.024 -0.808 -0.0 -0.277 -0.52 -0.902 -0.0 0.22 -0.372 0.802 0.0 -0.334 -0.495 0.927 0.0 0.243 -0.285 -0.721 -0.0 -0.196 -0.664 -0.877 -0.0 -0.469 0.109 0.778 0.0 -0.195 -0.597 0.887 0.0 -0.451 0.102 
0.997 -0.069 0.0 -0.024 -0.808 -0.0 -0.274 -0.521 -0.902 -0.0 0.221 -0.372 0.801 0.0 -0.338 -0.493 0.927 0.0 0.242 -0.286 -0.721 -0.0 -0.196 -0.664 -0.877 -0.0 -0.469 0.109 0.778 0.0 -0.195 -0.597 0.887 0.0 -0.451 0.102 
0.997 -0.069 0.0 -0.024 -0.808 -0.0 -0.271 -0.523 -0.902 -0.0 0.221 -0.371 0.801 0.0 -0.342 -0.492 0.927 0.0 0.242 -0.287 -0.721 -0.0 -0.196 -0.664 -0.877 -0.0 -0.469 0.109 0.778 0.0 -0.195 -0.597 0.887 0.0 -0.45 0.102 
0.997 -0.069 0.0 -0.024 -0.809 -0.0 -0.268 -0.523 -0.902 -0.0 0.222 -0.371 0.8 0.0 -0.345 -0.491 0.927 0.0 0.242 -0.287 -0.721 -0.0 -0.196 -0.664 -0.877 -0.0 -0.469 0.109 0.778 0.0 -0.195 -0.597 0.887 0.0 -0.45 0.102 
0.997 -0.069 -0.0 -0.024 -0.809 -0.0 -0.265 -0.524 -0.902 -0.0 0.222 -0.371 0.799 0.0 -0.348 -0.49 0.927 0.0 0.241 -0.289 -0.721 -0.0 -0.196 -0.664 -0.877 -0.0 -0.469 0.109 0.778 0.0 -0.195 -0.597 0.887 -0.0 -0.45 0.102 
0.997 -0.069 -0.0 -0.024 -0.81 -0.0 -0.261 -0.525 -0.902 -0.0 0.223 -0.37 0.799 0.0 -0.352 -0.489 0.927 0.0 0.24 -0.289 -0.721 -0.0 -0.196 -0.664 -0.877 -0.0 -0.469 0.109 0.778 0.0 -0.195 -0.597 0.887 0.0 -0.45 0.102 
0.997 -0.069 -0.0 -0.024 -0.81 -0.0 -0.258 -0.526 -0.902 0.0 0.223 -0.369 0.798 0.0 -0.355 -0.487 0.927 0.0 0.239 -0.29 -0.722 0.0 -0.196 -0.664 -0.877 0.0 -0.469 0.109 0.778 0.0 -0.195 -0.597 0.887 -0.0 -0.451 0.102 
0.997 -0.069 -0.0 -0.024 -0.811 -0.0 -0.255 -0.527 -0.902 -0.0 0.224 -0.369 0.797 0.0 -0.358 -0.486 0.927 0.0 0.238 -0.29 -0.722 -0.0 -0.197 -0.664 -0.877 -0.0 -0.468 0.11 0.778 0.0 -0.195 -0.597 0.887 0.0 -0.45 0.103 
0.997 -0.069 -0.0 -0.024 -0.811 -0.0 -0.252 -0.528 -0.902 -0.0 0.224 -0.368 0.797 0.0 -0.361 -0.485 0.927 0.0 0.237 -0.291 -0.722 -0.0 -0.197 -0.664 -0.877 -0.0 -0.468 0.11 0.778 0.0 -0.195 -0.597 0.887 0.0 -0.45 0.103 
0.997 -0.069 -0.0 -0.024 -0.812 -0.0 -0.249 -0.529 -0.903 -0.0 0.224 -0.368 0.796 0.0 -0.364 -0.484 0.927 0.0 0.235 -0.292 -0.722 -0.0 -0.197 -0.664 -0.877 -0.0 -0.468 0.11 0.778 0.0 -0.195 -0.597 0.887 0.0 -0.45 0.103 
0.997 -0.069 -0.0 -0.024 -0.812 -0.0 -0.245 -0.529 -0.903 -0.0 0.224 -0.367 0.795 0.0 -0.367 -0.482 0.927 0.0 0.235 -0.292 -0.722 -0.0 -0.197 -0.664 -0.877 -0.0 -0.468 0.11 0.778 0.0 -0.195 -0.597 0.887 0.0 -0.451 0.103 
0.997 -0.069 -0.0 -0.024 -0.813 -0.0 -0.242 -0.53 -0.903 -0.0 0.224 -0.367 0.794 0.0 -0.371 -0.481 0.927 0.0 0.234 -0.293 -0.722 -0.0 -0.197 -0.664 -0.877 -0.0 -0.468 0.11 0.778 0.0 -0.196 -0.597 0.887 0.0 -0.451 0.103 
0.997 -0.069 -0.0 -0.024 -0.813 -0.0 -0.239 -0.531 -0.903 -0.0 0.225 -0.367 0.794 0.0 -0.374 -0.48 0.927 0.0 0.233 -0.294 -0.722 -0.0 -0.197 -0.664 -0.877 -0.0 -0.468 0.11 0.778 0.0 -0.196 -0.597 0.887 0.0 -0.45 0.103 
0.997 -0.069 -0.0 -0.024 -0.814 0.0 -0.236 -0.531 -0.903 -0.0 0.225 -0.367 0.793 0.0 -0.377 -0.479 0.927 0.0 0.232 -0.295 -0.722 -0.0 -0.197 -0.664 -0.877 -0.0 -0.468 0.11 0.778 -0.0 -0.196 -0.597 0.887 0.0 -0.451 0.103 
0.997 -0.07 -0.0 -0.024 -0.814 -0.0 -0.234 -0.532 -0.903 -0.0 0.225 -0.367 0.792 0.0 -0.38 -0.477 0.927 0.0 0.232 -0.295 -0.722 0.0 -0.197 -0.664 -0.877 -0.0 -0.468 0.11 0.778 0.0 -0.196 -0.597 0.887 0.0 -0.451 0.103 
0.997 -0.07 -0.0 -0.024 -0.815 0.0 -0.231 -0.532 -0.903 -0.0 0.225 -0.367 0.792 0.0 -0.383 -0.476 0.927 -0.0 0.231 -0.296 -0.722 0.0 -0.197 -0.663 -0.877 -0.0 -0.468 0.11 0.778 -0.0 -0.196 -0.597 0.887 0.0 -0.451 0.103 
0.997 -0.07 -0.0 -0.024 -0.816 -0.0 -0.228 -0.532 -0.903 -0.0 0.224 -0.368 0.791 0.0 -0.385 -0.475 0.927 0.0 0.23 -0.296 -0.722 -0.0 -0.197 -0.663 -0.877 -0.0 -0.468 0.11 0.778 0.0 -0.196 -0.597 0.887 -0.0 -0.45 0.103 
0.997 -0.07 -0.0 -0.024 -0.816 0.0 -0.224 -0.532 -0.903 -0.0 0.224 -0.367 0.791 0.0 -0.388 -0.474 0.927 0.0 0.229 -0.296 -0.722 -0.0 -0.197 -0.663 -0.877 0.0 -0.468 0.11 0.778 0.0 -0.196 -0.597 0.887 0.0 -0.45 0.103 
0.997 -0.07 -0.0 -0.024 -0.817 -0.0 -0.222 -0.533 -0.903 -0.0 0.224 -0.367 0.79 0.0 -0.39 -0.473 0.927 0.0 0.229 -0.296 -0.722 0.0 -0.197 -0.663 -0.877 0.0 -0.468 0.11 0.778 0.0 -0.196 -0.597 0.887 -0.0 -0.451 0.103 
0.997 -0.07 -0.0 -0.024 -0.817 -0.0 -0.219 -0.533 -0.903 -0.0 0.223 -0.367 0.79 0.0 -0.391 -0.472 0.928 -0.0 0.227 -0.295 -0.722 -0.0 -0.198 -0.663 -0.877 -0.0 -0.468 0.111 0.778 -0.0 -0.196 -0.597 0.887 0.0 -0.45 0.103 
0.997 -0.07 -0.0 -0.024 -0.818 0.0 -0.217 -0.533 -0.903 -0.0 0.223 -0.367 0.79 0.0 -0.393 -0.471 0.928 0.0 0.227 -0.296 -0.722 -0.0 -0.198 -0.663 -0.877 -0.0 -0.468 0.11 0.778 -0.0 -0.196 -0.597 0.887 0.0 -0.45 0.103 
0.997 -0.07 -0.0 -0.024 -0.818 -0.0 -0.214 -0.534 -0.903 -0.0 0.223 -0.367 0.789 0.0 -0.396 -0.47 0.928 0.0 0.227 -0.296 -0.722 -0.0 -0.198 -0.663 -0.877 -0.0 -0.468 0.111 0.778 0.0 -0.196 -0.597 0.887 -0.0 -0.45 0.103 
0.997 -0.07 -0.0 -0.024 -0.818 -0.0 -0.212 -0.534 -0.903 -0.0 0.224 -0.367 0.789 0.0 -0.398 -0.469 0.928 0.0 0.226 -0.297 -0.722 0.0 -0.198 -0.663 -0.877 -0.0 -0.468 0.11 0.778 0.0 -0.196 -0.597 0.887 0.0 -0.451 0.103 
0.997 -0.07 -0.0 -0.024 -0.819 0.0 -0.21 -0.534 -0.903 -0.0 0.224 -0.367 0.788 -0.0 -0.4 -0.467 0.928 0.0 0.226 -0.297 -0.722 -0.0 -0.198 -0.663 -0.877 -0.0 -0.468 0.111 0.778 -0.0 -0.196 -0.597 0.887 -0.0 -0.451 0.103 
0.997 -0.07 -0.0 -0.024 -0.819 -0.0 -0.209 -0.535 -0.903 -0.0 0.224 -0.367 0.788 0.0 -0.402 -0.467 0.928 0.0 0.225 -0.297 -0.722 -0.0 -0.198 -0.663 -0.877 0.0 -0.468 0.11 0.778 0.0 -0.196 -0.597 0.887 0.0 -0.451 0.103 
0.997 -0.07 -0.0 -0.024 -0.819 -0.0 -0.205 -0.535 -0.903 -0.0 0.223 -0.367 0.788 0.0 -0.404 -0.466 0.928 0.0 0.225 -0.297 -0.721 0.0 -0.198 -0.664 -0.877 0.0 -0.468 0.111 0.778 0.0 -0.196 -0.597 0.887 0.0 -0.451 0.103 
0.997 -0.07 -0.0 -0.024 -0.82 -0.0 -0.202 -0.535 -0.903 -0.0 0.223 -0.367 0.787 0.0 -0.405 -0.465 0.928 0.0 0.224 -0.297 -0.721 -0.0 -0.198 -0.664 -0.877 -0.0 -0.468 0.111 0.778 -0.0 -0.196 -0.597 0.887 0.0 -0.451 0.103 
0.997 -0.07 -0.0 -0.024 -0.82 -0.0 -0.2 -0.536 -0.903 -0.0 0.223 -0.367 0.787 0.0 -0.406 -0.464 0.928 0.0 0.223 -0.297 -0.721 -0.0 -0.198 -0.664 -0.877 -0.0 -0.468 0.111 0.778 0.0 -0.196 -0.597 0.887 0.0 -0.451 0.103 
0.997 -0.07 -0.0 -0.024 -0.821 -0.0 -0.199 -0.536 -0.903 -0.0 0.223 -0.367 0.787 0.0 -0.408 -0.463 0.928 0.0 0.227 -0.296 -0.721 -0.0 -0.198 -0.664 -0.877 -0.0 -0.468 0.111 0.778 0.0 -0.196 -0.597 0.887 -0.0 -0.451 0.103 
0.997 -0.07 -0.0 -0.024 -0.821 0.0 -0.197 -0.536 -0.903 -0.0 0.223 -0.367 0.786 0.0 -0.41 -0.463 0.928 -0.0 0.227 -0.296 -0.721 -0.0 -0.198 -0.664 -0.877 -0.0 -0.468 0.111 0.778 0.0 -0.196 -0.597 0.887 0.0 -0.451 0.104 
0.997 -0.07 -0.0 -0.024 -0.821 -0.0 -0.195 -0.536 -0.903 0.0 0.223 -0.367 0.786 0.0 -0.411 -0.462 0.928 0.0 0.226 -0.296 -0.722 -0.0 -0.198 -0.663 -0.877 -0.0 -0.468 0.111 0.778 0.0 -0.196 -0.597 0.887 0.0 -0.451 0.104 
0.997 -0.07 -0.0 -0.024 -0.821 -0.0 -0.194 -0.537 -0.903 -0.0 0.223 -0.367 0.786 0.0 -0.412 -0.461 0.928 0.0 0.226 -0.296 -0.721 -0.0 -0.198 -0.663 -0.877 -0.0 -0.468 0.111 0.778 0.0 -0.196 -0.597 0.887 0.0 -0.451 0.104 
0.997 -0.07 -0.0 -0.024 -0.821 -0.0 -0.193 -0.537 -0.903 -0.0 0.223 -0.367 0.786 0.0 -0.413 -0.461 0.928 0.0 0.225 -0.296 -0.721 0.0 -0.198 -0.663 -0.877 -0.0 -0.468 0.111 0.778 -0.0 -0.197 -0.597 0.887 0.0 -0.45 0.104 
0.997 -0.07 -0.0 -0.024 -0.821 0.0 -0.192 -0.537 -0.903 -0.0 0.223 -0.367 0.785 0.0 -0.414 -0.46 0.928 0.0 0.225 -0.296 -0.722 0.0 -0.199 -0.663 -0.877 -0.0 -0.468 0.111 0.778 0.0 -0.196 -0.597 0.887 0.0 -0.451 0.104 
0.997 -0.071 -0.0 -0.024 -0.821 -0.0 -0.191 -0.537 -0.903 -0.0 0.224 -0.367 0.785 0.0 -0.415 -0.46 0.928 0.0 0.225 -0.296 -0.721 -0.0 -0.199 -0.663 -0.877 -0.0 -0.468 0.111 0.778 0.0 -0.197 -0.597 0.887 0.0 -0.45 0.104 
0.997 -0.071 -0.0 -0.024 -0.821 -0.0 -0.191 -0.538 -0.903 -0.0 0.224 -0.367 0.785 0.0 -0.415 -0.459 0.928 0.0 0.225 -0.296 -0.721 -0.0 -0.199 -0.663 -0.877 -0.0 -0.468 0.111 0.778 0.0 -0.197 -0.597 0.887 0.0 -0.45 0.104 
0.997 -0.071 -0.0 -0.024 -0.821 -0.0 -0.19 -0.538 -0.903 -0.0 0.224 -0.366 0.785 0.0 -0.416 -0.459 0.928 0.0 0.224 -0.296 -0.722 -0.0 -0.199 -0.663 -0.877 -0.0 -0.468 0.111 0.778 0.0 -0.197 -0.597 0.887 0.0 -0.45 0.104 
0.997 -0.071 -0.001 -0.024 -0.821 -0.0 -0.19 -0.538 -0.903 -0.0 0.224 -0.366 0.785 0.0 -0.416 -0.459 0.929 -0.0 0.223 -0.296 -0.721 -0.0 -0.199 -0.663 -0.877 -0.0 -0.468 0.111 0.778 0.0 -0.197 -0.597 0.887 0.0 -0.451 0.104 
0.997 -0.071 -0.001 -0.024 -0.821 -0.0 -0.19 -0.538 -0.903 -0.0 0.224 -0.366 0.785 -0.0 -0.416 -0.458 0.929 0.0 0.223 -0.296 -0.721 0.0 -0.199 -0.663 -0.877 -0.0 -0.468 0.111 0.778 0.0 -0.197 -0.597 0.887 -0.0 -0.451 0.105 
0.997 -0.071 -0.001 -0.024 -0.821 -0.0 -0.189 -0.539 -0.903 -0.0 0.224 -0.365 0.785 0.0 -0.417 -0.458 0.929 0.0 0.223 -0.297 -0.722 -0.0 -0.199 -0.663 -0.877 -0.0 -0.468 0.111 0.778 0.0 -0.197 -0.597 0.887 -0.0 -0.451 0.105 
0.997 -0.071 -0.001 -0.024 -0.821 -0.0 -0.189 -0.539 -0.903 -0.0 0.224 -0.365 0.785 0.0 -0.417 -0.458 0.929 0.0 0.223 -0.297 -0.722 -0.0 -0.199 -0.663 -0.877 -0.0 -0.468 0.111 0.778 0.0 -0.197 -0.597 0.887 0.0 -0.451 0.105 
0.997 -0.071 -0.001 -0.024 -0.821 -0.0 -0.19 -0.539 -0.904 0.0 0.224 -0.365 0.785 0.0 -0.416 -0.458 0.929 0.0 0.222 -0.297 -0.722 -0.0 -0.2 -0.663 -0.877 -0.0 -0.468 0.111 0.778 0.0 -0.197 -0.597 0.887 0.0 -0.45 0.105 
0.997 -0.071 -0.001 -0.024 -0.82 -0.0 -0.19 -0.539 -0.904 -0.0 0.224 -0.365 0.786 0.0 -0.416 -0.458 0.929 0.0 0.222 -0.297 -0.722 -0.0 -0.2 -0.663 -0.877 -0.0 -0.468 0.111 0.778 0.0 -0.197 -0.597 0.887 0.0 -0.451 0.105 
0.997 -0.071 -0.001 -0.024 -0.82 -0.0 -0.191 -0.539 -0.904 -0.0 0.224 -0.365 0.786 0.0 -0.416 -0.458 0.929 0.0 0.222 -0.297 -0.722 -0.0 -0.2 -0.663 -0.877 -0.0 -0.468 0.111 0.778 0.0 -0.197 -0.597 0.887 0.0 -0.451 0.105 
0.997 -0.071 -0.001 -0.024 -0.82 -0.0 -0.191 -0.54 -0.904 -0.0 0.224 -0.365 0.786 0.0 -0.416 -0.458 0.929 0.0 0.222 -0.297 -0.722 -0.0 -0.2 -0.663 -0.877 -0.0 -0.468 0.111 0.778 0.0 -0.197 -0.597 0.887 0.0 -0.451 0.105 
0.997 -0.071 -0.001 -0.024 -0.82 -0.0 -0.192 -0.54 -0.904 -0.0 0.224 -0.364 0.786 -0.0 -0.415 -0.458 0.929 0.0 0.222 -0.297 -0.722 -0.0 -0.2 -0.663 -0.877 -0.0 -0.468 0.111 0.778 0.0 -0.197 -0.597 0.887 0.0 -0.451 0.105 
0.997 -0.071 -0.001 -0.024 -0.819 -0.0 -0.192 -0.54 -0.904 -0.0 0.224 -0.364 0.786 0.0 -0.414 -0.458 0.929 0.0 0.222 -0.297 -0.722 -0.0 -0.2 -0.663 -0.877 0.0 -0.468 0.111 0.778 0.0 -0.197 -0.597 0.886 0.0 -0.451 0.105 
0.997 -0.071 -0.001 -0.024 -0.819 -0.0 -0.193 -0.54 -0.904 -0.0 0.224 -0.365 0.787 0.0 -0.413 -0.459 0.929 -0.0 0.222 -0.297 -0.722 -0.0 -0.2 -0.663 -0.877 -0.0 -0.468 0.111 0.778 0.0 -0.197 -0.597 0.887 0.0 -0.451 0.105 
0.997 -0.071 -0.001 -0.024 -0.819 0.0 -0.195 -0.54 -0.904 0.0 0.224 -0.365 0.787 0.0 -0.412 -0.459 0.929 -0.0 0.22 -0.298 -0.722 -0.0 -0.2 -0.662 -0.877 -0.0 -0.468 0.111 0.778 0.0 -0.197 -0.597 0.886 0.0 -0.451 0.105 
0.997 -0.071 -0.001 -0.024 -0.819 -0.0 -0.196 -0.54 -0.904 -0.0 0.224 -0.364 0.787 0.0 -0.411 -0.459 0.928 0.0 0.223 -0.297 -0.722 0.0 -0.2 -0.663 -0.877 -0.0 -0.468 0.111 0.778 0.0 -0.197 -0.597 0.886 -0.0 -0.451 0.105 
0.997 -0.071 -0.001 -0.024 -0.818 -0.0 -0.197 -0.54 -0.904 -0.0 0.223 -0.364 0.788 0.0 -0.41 -0.46 0.928 0.0 0.224 -0.297 -0.722 -0.0 -0.2 -0.663 -0.877 -0.0 -0.468 0.111 0.778 0.0 -0.197 -0.597 0.886 0.0 -0.451 0.105 
0.997 -0.071 -0.001 -0.024 -0.818 -0.0 -0.199 -0.54 -0.904 -0.0 0.223 -0.364 0.788 0.0 -0.409 -0.46 0.928 0.0 0.224 -0.297 -0.722 -0.0 -0.201 -0.662 -0.877 -0.0 -0.468 0.111 0.778 0.0 -0.197 -0.597 0.886 -0.0 -0.451 0.105 
0.997 -0.071 -0.001 -0.024 -0.818 -0.0 -0.2 -0.54 -0.904 -0.0 0.223 -0.364 0.789 0.0 -0.407 -0.461 0.928 -0.0 0.224 -0.297 -0.722 -0.0 -0.201 -0.662 -0.877 -0.0 -0.468 0.111 0.778 0.0 -0.197 -0.597 0.886 0.0 -0.451 0.105 
0.997 -0.071 -0.001 -0.024 -0.817 0.0 -0.202 -0.54 -0.904 -0.0 0.222 -0.364 0.79 0.0 -0.405 -0.461 0.929 0.0 0.221 -0.298 -0.722 -0.0 -0.201 -0.662 -0.877 -0.0 -0.468 0.111 0.778 0.0 -0.197 -0.597 0.886 -0.0 -0.451 0.105 
0.997 -0.071 -0.001 -0.024 -0.817 0.0 -0.203 -0.54 -0.905 -0.0 0.222 -0.364 0.79 0.0 -0.403 -0.462 0.929 0.0 0.222 -0.297 -0.722 -0.0 -0.201 -0.662 -0.877 -0.0 -0.468 0.111 0.778 -0.0 -0.197 -0.597 0.886 0.0 -0.451 0.105 
0.997 -0.071 -0.001 -0.024 -0.816 -0.0 -0.205 -0.54 -0.905 -0.0 0.222 -0.364 0.791 0.0 -0.401 -0.463 0.929 0.0 0.222 -0.298 -0.722 -0.0 -0.201 -0.662 -0.877 -0.0 -0.468 0.111 0.778 -0.0 -0.197 -0.597 0.886 0.0 -0.451 0.105 
0.997 -0.072 -0.001 -0.024 -0.815 -0.0 -0.209 -0.54 -0.905 -0.0 0.221 -0.364 0.791 0.0 -0.399 -0.463 0.928 0.0 0.223 -0.297 -0.722 -0.0 -0.201 -0.662 -0.877 -0.0 -0.468 0.111 0.778 -0.0 -0.197 -0.597 0.886 0.0 -0.451 0.106 
0.997 -0.072 -0.001 -0.024 -0.815 -0.0 -0.21 -0.539 -0.905 -0.0 0.221 -0.364 0.792 0.0 -0.397 -0.464 0.928 0.0 0.223 -0.298 -0.722 -0.0 -0.201 -0.662 -0.877 -0.0 -0.468 0.111 0.777 -0.0 -0.197 -0.597 0.886 0.0 -0.451 0.105 
0.997 -0.071 -0.001 -0.024 -0.815 -0.0 -0.212 -0.539 -0.905 -0.0 0.22 -0.365 0.792 0.0 -0.395 -0.465 0.928 0.0 0.223 -0.298 -0.722 -0.0 -0.201 -0.662 -0.877 -0.0 -0.468 0.111 0.778 0.0 -0.197 -0.597 0.886 0.0 -0.451 0.105 
0.997 -0.071 -0.001 -0.024 -0.815 -0.0 -0.214 -0.539 -0.905 -0.0 0.219 -0.364 0.793 -0.0 -0.392 -0.466 0.928 0.0 0.224 -0.298 -0.722 -0.0 -0.201 -0.662 -0.877 -0.0 -0.468 0.111 0.777 0.0 -0.197 -0.597 0.886 0.0 -0.451 0.105 
0.997 -0.071 -0.001 -0.024 -0.815 -0.0 -0.216 -0.538 -0.905 0.0 0.218 -0.365 0.794 0.0 -0.39 -0.466 0.928 0.0 0.224 -0.299 -0.722 -0.0 -0.2 -0.662 -0.877 -0.0 -0.468 0.111 0.778 0.0 -0.197 -0.597 0.886 0.0 -0.451 0.105 
0.997 -0.071 -0.001 -0.024 -0.814 -0.0 -0.218 -0.538 -0.905 -0.0 0.218 -0.365 0.794 0.0 -0.388 -0.467 0.928 0.0 0.224 -0.299 -0.722 -0.0 -0.2 -0.662 -0.877 -0.0 -0.468 0.111 0.777 -0.0 -0.197 -0.597 0.886 -0.0 -0.451 0.105 
0.997 -0.071 -0.001 -0.024 -0.814 -0.0 -0.22 -0.538 -0.905 -0.0 0.217 -0.365 0.795 0.0 -0.386 -0.467 0.927 0.0 0.225 -0.299 -0.722 0.0 -0.2 -0.662 -0.877 -0.0 -0.468 0.111 0.777 0.0 -0.196 -0.597 0.886 0.0 -0.451 0.105 
0.997 -0.071 -0.001 -0.024 -0.813 0.0 -0.223 -0.538 -0.906 -0.0 0.216 -0.365 0.796 0.0 -0.383 -0.468 0.927 0.0 0.225 -0.299 -0.722 -0.0 -0.2 -0.662 -0.877 -0.0 -0.468 0.111 0.777 0.0 -0.196 -0.597 0.886 0.0 -0.451 0.105 
0.997 -0.071 -0.001 -0.024 -0.813 -0.0 -0.225 -0.537 -0.906 -0.0 0.215 -0.365 0.797 0.0 -0.381 -0.469 0.927 0.0 0.225 -0.299 -0.722 -0.0 -0.2 -0.662 -0.877 -0.0 -0.468 0.111 0.777 0.0 -0.197 -0.597 0.886 0.0 -0.451 0.105 
0.997 -0.071 -0.001 -0.023 -0.812 -0.0 -0.228 -0.537 -0.906 -0.0 0.215 -0.365 0.798 0.0 -0.378 -0.47 0.927 -0.0 0.226 -0.299 -0.722 -0.0 -0.2 -0.662 -0.877 -0.0 -0.468 0.111 0.777 0.0 -0.197 -0.598 0.886 -0.0 -0.451 0.105 
0.997 -0.071 -0.001 -0.024 -0.812 0.0 -0.231 -0.536 -0.906 -0.0 0.214 -0.365 0.799 0.0 -0.375 -0.47 0.927 0.0 0.226 -0.299 -0.722 -0.0 -0.2 -0.662 -0.877 0.0 -0.468 0.111 0.777 -0.0 -0.197 -0.597 0.887 -0.0 -0.451 0.105 
0.997 -0.071 -0.001 -0.024 -0.811 -0.0 -0.234 -0.536 -0.906 -0.0 0.213 -0.366 0.8 0.0 -0.372 -0.471 0.927 0.0 0.226 -0.299 -0.722 -0.0 -0.2 -0.662 -0.877 -0.0 -0.468 0.111 0.777 -0.0 -0.197 -0.597 0.886 0.0 -0.451 0.105 
0.997 -0.071 -0.001 -0.024 -0.811 -0.0 -0.237 -0.535 -0.906 -0.0 0.213 -0.366 0.801 -0.0 -0.369 -0.472 0.927 0.0 0.225 -0.3 -0.722 -0.0 -0.2 -0.662 -0.877 -0.0 -0.468 0.111 0.778 -0.0 -0.197 -0.597 0.886 -0.0 -0.451 0.105 
0.997 -0.071 -0.001 -0.024 -0.81 -0.0 -0.24 -0.535 -0.906 -0.0 0.212 -0.366 0.802 0.0 -0.365 -0.473 0.927 0.0 0.225 -0.3 -0.722 -0.0 -0.2 -0.662 -0.877 -0.0 -0.468 0.111 0.777 0.0 -0.197 -0.597 0.886 0.0 -0.451 0.105 
0.997 -0.071 -0.001 -0.024 -0.809 -0.0 -0.244 -0.534 -0.906 -0.0 0.212 -0.365 0.803 0.0 -0.362 -0.474 0.927 0.0 0.226 -0.299 -0.722 -0.0 -0.2 -0.662 -0.877 -0.0 -0.468 0.111 0.778 0.0 -0.197 -0.597 0.886 0.0 -0.451 0.105 
0.997 -0.071 -0.001 -0.024 -0.809 -0.0 -0.247 -0.534 -0.906 -0.0 0.211 -0.366 0.804 0.0 -0.359 -0.475 0.927 0.0 0.226 -0.299 -0.722 -0.0 -0.2 -0.662 -0.877 -0.0 -0.468 0.111 0.778 0.0 -0.197 -0.597 0.886 0.0 -0.451 0.105 
0.997 -0.071 -0.001 -0.024 -0.808 0.0 -0.251 -0.533 -0.907 -0.0 0.21 -0.366 0.805 0.0 -0.356 -0.475 0.927 -0.0 0.226 -0.299 -0.722 0.0 -0.2 -0.662 -0.877 -0.0 -0.468 0.111 0.777 0.0 -0.197 -0.597 0.886 -0.0 -0.451 0.105 
0.997 -0.071 -0.001 -0.024 -0.808 -0.0 -0.254 -0.532 -0.907 -0.0 0.21 -0.366 0.806 0.0 -0.352 -0.476 0.927 0.0 0.226 -0.299 -0.722 -0.0 -0.2 -0.663 -0.877 -0.0 -0.468 0.111 0.777 -0.0 -0.197 -0.597 0.886 0.0 -0.451 0.105 
0.997 -0.071 -0.001 -0.024 -0.807 -0.0 -0.257 -0.531 -0.907 -0.0 0.209 -0.366 0.807 0.0 -0.349 -0.477 0.927 0.0 0.226 -0.298 -0.722 -0.0 -0.2 -0.662 -0.877 -0.0 -0.468 0.111 0.777 0.0 -0.197 -0.597 0.886 -0.0 -0.451 0.105 
0.997 -0.071 -0.001 -0.024 -0.806 -0.0 -0.261 -0.531 -0.907 -0.0 0.209 -0.366 0.808 0.0 -0.345 -0.477 0.927 0.0 0.226 -0.299 -0.722 -0.0 -0.2 -0.663 -0.877 -0.0 -0.468 0.111 0.777 0.0 -0.197 -0.597 0.886 0.0 -0.451 0.105 
0.997 -0.071 -0.001 -0.024 -0.806 -0.0 -0.265 -0.53 -0.907 0.0 0.209 -0.367 0.809 0.0 -0.342 -0.479 0.927 0.0 0.226 -0.298 -0.722 -0.0 -0.2 -0.662 -0.877 -0.0 -0.468 0.111 0.777 0.0 -0.197 -0.597 0.886 0.0 -0.451 0.105 
0.997 -0.071 -0.001 -0.024 -0.805 0.0 -0.268 -0.529 -0.907 -0.0 0.208 -0.367 0.81 0.0 -0.339 -0.479 0.927 0.0 0.227 -0.298 -0.722 -0.0 -0.2 -0.663 -0.877 -0.0 -0.468 0.111 0.777 0.0 -0.197 -0.597 0.886 -0.0 -0.451 0.105 
0.997 -0.071 -0.001 -0.024 -0.804 -0.0 -0.272 -0.529 -0.907 -0.0 0.208 -0.367 0.811 -0.0 -0.335 -0.48 0.927 0.0 0.227 -0.297 -0.722 -0.0 -0.2 -0.662 -0.877 0.0 -0.468 0.111 0.777 0.0 -0.197 -0.597 0.886 -0.0 -0.451 0.105 
0.997 -0.071 -0.001 -0.024 -0.803 0.0 -0.276 -0.528 -0.907 -0.0 0.207 -0.368 0.811 0.0 -0.332 -0.481 0.928 0.0 0.227 -0.297 -0.722 0.0 -0.2 -0.663 -0.877 -0.0 -0.468 0.111 0.778 0.0 -0.197 -0.597 0.886 0.0 -0.451 0.105 
0.997 -0.071 -0.001 -0.024 -0.803 -0.0 -0.28 -0.527 -0.906 -0.0 0.207 -0.368 0.812 -0.0 -0.328 -0.482 0.928 0.0 0.227 -0.296 -0.722 -0.0 -0.2 -0.663 -0.877 -0.0 -0.468 0.111 0.778 0.0 -0.197 -0.597 0.887 0.0 -0.451 0.105 
0.997 -0.071 -0.001 -0.024 -0.802 -0.0 -0.284 -0.526 -0.906 -0.0 0.206 -0.369 0.813 -0.0 -0.325 -0.483 0.928 -0.0 0.227 -0.296 -0.722 -0.0 -0.2 -0.662 -0.877 -0.0 -0.468 0.111 0.778 0.0 -0.197 -0.597 0.887 0.0 -0.451 0.105 
0.997 -0.071 -0.001 -0.024 -0.801 0.0 -0.288 -0.525 -0.906 -0.0 0.206 -0.369 0.814 -0.0 -0.321 -0.484 0.928 -0.0 0.227 -0.295 -0.722 -0.0 -0.2 -0.663 -0.877 -0.0 -0.468 0.111 0.778 0.0 -0.197 -0.597 0.887 -0.0 -0.451 0.105 
0.997 -0.071 -0.001 -0.024 -0.8 -0.0 -0.292 -0.524 -0.906 -0.0 0.205 -0.37 0.815 0.0 -0.318 -0.485 0.928 0.0 0.228 -0.295 -0.722 -0.0 -0.2 -0.663 -0.877 -0.0 -0.468 0.111 0.778 -0.0 -0.197 -0.597 0.887 0.0 -0.451 0.105 
0.997 -0.072 -0.001 -0.024 -0.8 -0.0 -0.296 -0.523 -0.906 -0.0 0.204 -0.37 0.816 -0.0 -0.314 -0.486 0.928 0.0 0.228 -0.294 -0.722 -0.0 -0.2 -0.663 -0.877 -0.0 -0.468 0.111 0.778 0.0 -0.198 -0.597 0.887 -0.0 -0.45 0.105 
0.997 -0.072 -0.001 -0.024 -0.799 -0.0 -0.3 -0.522 -0.906 -0.0 0.204 -0.371 0.816 0.0 -0.311 -0.487 0.928 0.0 0.229 -0.294 -0.722 -0.0 -0.2 -0.663 -0.877 -0.0 -0.468 0.111 0.778 0.0 -0.198 -0.597 0.887 0.0 -0.45 0.105 
0.997 -0.071 -0.001 -0.024 -0.798 -0.0 -0.304 -0.521 -0.906 -0.0 0.204 -0.372 0.817 0.0 -0.307 -0.488 0.928 0.0 0.229 -0.293 -0.722 -0.0 -0.2 -0.663 -0.877 -0.0 -0.468 0.111 0.778 0.0 -0.197 -0.597 0.887 0.0 -0.451 0.105 
0.997 -0.071 -0.001 -0.024 -0.797 -0.0 -0.308 -0.519 -0.906 0.0 0.202 -0.373 0.818 0.0 -0.304 -0.489 0.929 0.0 0.229 -0.292 -0.722 -0.0 -0.2 -0.663 -0.877 -0.0 -0.468 0.111 0.778 0.0 -0.198 -0.597 0.887 0.0 -0.45 0.105 
0.997 -0.071 -0.001 -0.024 -0.796 -0.0 -0.312 -0.518 -0.905 0.0 0.202 -0.373 0.818 0.0 -0.3 -0.49 0.929 0.0 0.229 -0.291 -0.722 -0.0 -0.2 -0.663 -0.877 0.0 -0.468 0.111 0.778 0.0 -0.198 -0.597 0.887 0.0 -0.45 0.105 
0.997 -0.071 -0.001 -0.024 -0.795 -0.0 -0.317 -0.517 -0.905 -0.0 0.202 -0.374 0.819 0.0 -0.297 -0.491 0.929 0.0 0.229 -0.291 -0.722 -0.0 -0.2 -0.663 -0.877 -0.0 -0.468 0.111 0.778 0.0 -0.198 -0.597 0.887 0.0 -0.45 0.105 
0.997 -0.072 -0.0 -0.024 -0.795 -0.0 -0.321 -0.515 -0.905 -0.0 0.201 -0.375 0.819 0.0 -0.295 -0.493 0.929 0.0 0.23 -0.289 -0.722 -0.0 -0.2 -0.663 -0.877 -0.0 -0.468 0.111 0.778 0.0 -0.198 -0.597 0.887 0.0 -0.45 0.105 
0.997 -0.072 -0.0 -0.024 -0.794 -0.0 -0.325 -0.514 -0.905 -0.0 0.2 -0.376 0.819 -0.0 -0.291 -0.494 0.929 -0.0 0.23 -0.289 -0.722 -0.0 -0.2 -0.663 -0.877 -0.0 -0.468 0.111 0.778 0.0 -0.198 -0.597 0.887 0.0 -0.45 0.105 
0.997 -0.072 -0.0 -0.024 -0.793 -0.0 -0.33 -0.513 -0.905 -0.0 0.199 -0.376 0.82 0.0 -0.287 -0.495 0.93 -0.0 0.23 -0.287 -0.722 -0.0 -0.2 -0.663 -0.877 -0.0 -0.468 0.112 0.778 0.0 -0.198 -0.597 0.887 0.0 -0.45 0.105 
0.997 -0.071 -0.0 -0.024 -0.792 -0.0 -0.334 -0.511 -0.905 0.0 0.199 -0.377 0.821 0.0 -0.284 -0.496 0.93 0.0 0.23 -0.286 -0.722 -0.0 -0.2 -0.663 -0.877 0.0 -0.468 0.111 0.778 0.0 -0.198 -0.597 0.887 0.0 -0.45 0.105 
0.997 -0.071 -0.0 -0.024 -0.791 0.0 -0.338 -0.51 -0.904 -0.0 0.198 -0.378 0.821 0.0 -0.28 -0.497 0.93 -0.0 0.23 -0.287 -0.722 -0.0 -0.2 -0.663 -0.877 0.0 -0.468 0.111 0.778 0.0 -0.198 -0.597 0.887 0.0 -0.45 0.105 
0.997 -0.071 -0.0 -0.024 -0.791 -0.0 -0.342 -0.508 -0.904 0.0 0.197 -0.379 0.822 0.0 -0.277 -0.498 0.93 0.0 0.23 -0.286 -0.722 -0.0 -0.2 -0.663 -0.877 -0.0 -0.468 0.111 0.778 0.0 -0.198 -0.597 0.887 0.0 -0.45 0.105 
0.997 -0.071 -0.0 -0.024 -0.79 -0.0 -0.346 -0.507 -0.904 -0.0 0.196 -0.38 0.822 0.0 -0.274 -0.499 0.93 0.0 0.231 -0.285 -0.722 -0.0 -0.199 -0.663 -0.877 -0.0 -0.468 0.111 0.778 0.0 -0.198 -0.597 0.887 0.0 -0.45 0.105 
0.997 -0.071 -0.0 -0.024 -0.789 -0.0 -0.35 -0.505 -0.904 0.0 0.195 -0.381 0.823 -0.0 -0.27 -0.5 0.931 0.0 0.231 -0.284 -0.722 -0.0 -0.2 -0.663 -0.877 -0.0 -0.468 0.111 0.778 0.0 -0.198 -0.597 0.887 0.0 -0.45 0.105 
0.997 -0.071 -0.0 -0.024 -0.788 -0.0 -0.354 -0.504 -0.904 -0.0 0.194 -0.382 0.823 0.0 -0.267 -0.501 0.931 0.0 0.23 -0.284 -0.722 -0.0 -0.2 -0.663 -0.877 -0.0 -0.468 0.111 0.778 0.0 -0.198 -0.597 0.887 0.0 -0.45 0.105 
0.997 -0.071 -0.0 -0.024 -0.787 0.0 -0.358 -0.502 -0.904 -0.0 0.193 -0.382 0.824 0.0 -0.263 -0.502 0.931 0.0 0.231 -0.283 -0.722 -0.0 -0.199 -0.663 -0.877 0.0 -0.468 0.111 0.778 0.0 -0.198 -0.597 0.887 0.0 -0.45 0.104 
0.997 -0.071 -0.0 -0.024 -0.786 0.0 -0.362 -0.501 -0.903 -0.0 0.192 -0.383 0.824 0.0 -0.26 -0.503 0.931 -0.0 0.23 -0.282 -0.722 -0.0 -0.199 -0.663 -0.877 -0.0 -0.468 0.111 0.778 0.0 -0.198 -0.597 0.887 0.0 -0.45 0.105 
0.997 -0.071 -0.0 -0.024 -0.785 -0.0 -0.366 -0.5 -0.903 -0.0 0.191 -0.384 0.825 -0.0 -0.256 -0.504 0.931 0.0 0.23 -0.282 -0.722 -0.0 -0.199 -0.663 -0.877 -0.0 -0.468 0.111 0.778 0.0 -0.198 -0.597 0.887 0.0 -0.45 0.104 
0.997 -0.071 -0.0 -0.024 -0.785 -0.0 -0.369 -0.498 -0.903 -0.0 0.19 -0.385 0.825 -0.0 -0.252 -0.506 0.932 0.0 0.229 -0.282 -0.722 -0.0 -0.199 -0.663 -0.877 -0.0 -0.468 0.111 0.778 0.0 -0.198 -0.597 0.887 0.0 -0.45 0.105 
0.997 -0.071 -0.0 -0.024 -0.784 -0.0 -0.373 -0.496 -0.903 -0.0 0.188 -0.387 0.825 -0.0 -0.249 -0.507 0.932 0.0 0.231 -0.281 -0.722 -0.0 -0.199 -0.663 -0.877 -0.0 -0.468 0.111 0.778 0.0 -0.198 -0.597 0.887 0.0 -0.45 0.104 
0.997 -0.071 -0.0 -0.024 -0.783 -0.0 -0.377 -0.495 -0.903 -0.0 0.186 -0.388 0.826 0.0 -0.246 -0.508 0.932 0.0 0.229 -0.281 -0.722 -0.0 -0.199 -0.663 -0.876 -0.0 -0.468 0.111 0.778 0.0 -0.198 -0.597 0.887 -0.0 -0.45 0.104 
0.997 -0.071 -0.0 -0.024 -0.782 0.0 -0.381 -0.493 -0.903 -0.0 0.185 -0.389 0.826 0.0 -0.242 -0.509 0.932 0.0 0.23 -0.279 -0.721 -0.0 -0.199 -0.663 -0.876 -0.0 -0.468 0.111 0.778 0.0 -0.198 -0.597 0.887 0.0 -0.45 0.104 
0.997 -0.071 0.0 -0.024 -0.781 -0.0 -0.385 -0.491 -0.903 -0.0 0.184 -0.389 0.826 -0.0 -0.239 -0.51 0.932 0.0 0.23 -0.279 -0.722 0.0 -0.199 -0.663 -0.876 0.0 -0.469 0.111 0.778 0.0 -0.197 -0.597 0.887 0.0 -0.45 0.104 
0.997 -0.071 0.0 -0.024 -0.78 -0.0 -0.389 -0.49 -0.902 -0.0 0.183 -0.39 0.826 0.0 -0.235 -0.512 0.933 -0.0 0.232 -0.276 -0.722 0.0 -0.199 -0.663 -0.876 -0.0 -0.468 0.111 0.778 0.0 -0.198 -0.597 0.887 0.0 -0.45 0.104 
0.997 -0.071 -0.0 -0.024 -0.78 -0.0 -0.393 -0.488 -0.902 -0.0 0.182 -0.391 0.827 0.0 -0.232 -0.513 0.933 0.0 0.232 -0.275 -0.722 -0.0 -0.199 -0.663 -0.876 -0.0 -0.468 0.111 0.778 0.0 -0.197 -0.597 0.887 0.0 -0.45 0.104 
0.997 -0.071 0.0 -0.024 -0.779 -0.0 -0.396 -0.486 -0.902 -0.0 0.181 -0.392 0.826 0.0 -0.229 -0.515 0.934 0.0 0.233 -0.272 -0.722 -0.0 -0.199 -0.663 -0.876 -0.0 -0.468 0.111 0.778 0.0 -0.198 -0.597 0.887 0.0 -0.45 0.104 
0.997 -0.071 0.0 -0.024 -0.778 0.0 -0.4 -0.485 -0.902 -0.0 0.18 -0.394 0.826 -0.0 -0.225 -0.516 0.934 0.0 0.233 -0.272 -0.721 -0.0 -0.199 -0.663 -0.876 -0.0 -0.468 0.111 0.778 0.0 -0.198 -0.597 0.887 0.0 -0.45 0.104 
0.997 -0.071 0.0 -0.024 -0.777 0.0 -0.403 -0.483 -0.901 -0.0 0.178 -0.394 0.826 0.0 -0.222 -0.517 0.934 0.0 0.233 -0.27 -0.721 -0.0 -0.199 -0.663 -0.876 -0.0 -0.469 0.111 0.778 0.0 -0.197 -0.597 0.887 0.0 -0.45 0.104 
0.997 -0.071 0.0 -0.024 -0.776 -0.0 -0.406 -0.482 -0.902 -0.0 0.177 -0.394 0.826 -0.0 -0.219 -0.519 0.934 0.0 0.232 -0.27 -0.721 -0.0 -0.199 -0.663 -0.876 -0.0 -0.469 0.111 0.778 0.0 -0.198 -0.597 0.887 0.0 -0.45 0.104 
0.997 -0.071 0.0 -0.024 -0.775 0.0 -0.41 -0.48 -0.902 0.0 0.176 -0.395 0.827 0.0 -0.216 -0.52 0.935 -0.0 0.232 -0.269 -0.721 -0.0 -0.199 -0.663 -0.876 -0.0 -0.469 0.111 0.778 0.0 -0.198 -0.597 0.887 0.0 -0.45 0.104 
0.997 -0.071 0.0 -0.024 -0.775 -0.0 -0.413 -0.479 -0.902 -0.0 0.175 -0.396 0.827 0.0 -0.212 -0.521 0.935 0.0 0.232 -0.269 -0.721 -0.0 -0.198 -0.663 -0.876 -0.0 -0.469 0.111 0.778 0.0 -0.197 -0.597 0.887 0.0 -0.45 0.104 
0.997 -0.071 0.0 -0.024 -0.774 -0.0 -0.416 -0.477 -0.901 -0.0 0.173 -0.397 0.827 0.0 -0.209 -0.522 0.935 0.0 0.232 -0.268 -0.721 0.0 -0.198 -0.663 -0.876 -0.0 -0.469 0.111 0.778 0.0 -0.197 -0.597 0.887 0.0 -0.45 0.104 
0.997 -0.071 0.0 -0.024 -0.773 -0.0 -0.419 -0.476 -0.901 0.0 0.172 -0.398 0.827 0.0 -0.206 -0.524 0.935 0.0 0.232 -0.267 -0.721 -0.0 -0.198 -0.663 -0.876 -0.0 -0.469 0.111 0.778 0.0 -0.197 -0.597 0.887 -0.0 -0.45 0.104 
0.997 -0.071 0.0 -0.024 -0.773 -0.0 -0.421 -0.475 -0.901 -0.0 0.17 -0.399 0.827 -0.0 -0.203 -0.525 0.936 0.0 0.232 -0.267 -0.721 -0.0 -0.198 -0.664 -0.876 -0.0 -0.469 0.111 0.778 0.0 -0.197 -0.597 0.887 -0.0 -0.45 0.104 
0.997 -0.071 0.0 -0.024 -0.772 -0.0 -0.424 -0.474 -0.901 -0.0 0.169 -0.399 0.827 0.0 -0.2 -0.526 0.936 0.0 0.232 -0.266 -0.721 -0.0 -0.198 -0.664 -0.876 -0.0 -0.469 0.111 0.778 0.0 -0.197 -0.597 0.887 0.0 -0.45 0.104 
0.997 -0.071 0.0 -0.024 -0.771 -0.0 -0.427 -0.472 -0.902 -0.0 0.17 -0.398 0.827 0.0 -0.197 -0.526 0.936 0.0 0.231 -0.265 -0.721 -0.0 -0.198 -0.664 -0.876 -0.0 -0.469 0.111 0.778 -0.0 -0.197 -0.597 0.887 -0.0 -0.45 0.104 
0.997 -0.071 0.0 -0.024 -0.77 -0.0 -0.429 -0.471 -0.902 -0.0 0.168 -0.398 0.827 0.0 -0.195 -0.528 0.936 0.0 0.232 -0.265 -0.721 0.0 -0.198 -0.664 -0.876 0.0 -0.469 0.111 0.778 0.0 -0.197 -0.597 0.887 0.0 -0.45 0.104 
0.997 -0.071 0.0 -0.024 -0.77 -0.0 -0.432 -0.47 -0.902 0.0 0.167 -0.399 0.827 0.0 -0.192 -0.529 0.936 0.0 0.232 -0.264 -0.721 -0.0 -0.198 -0.664 -0.876 -0.0 -0.469 0.111 0.778 0.0 -0.197 -0.597 0.887 0.0 -0.45 0.104 
0.997 -0.07 0.0 -0.024 -0.769 -0.0 -0.433 -0.469 -0.902 0.0 0.166 -0.399 0.826 0.0 -0.191 -0.53 0.936 0.0 0.233 -0.262 -0.721 -0.0 -0.197 -0.664 -0.876 -0.0 -0.469 0.11 0.778 0.0 -0.197 -0.597 0.887 0.0 -0.451 0.103 
0.997 -0.07 0.0 -0.024 -0.769 -0.0 -0.435 -0.468 -0.902 -0.0 0.165 -0.399 0.826 0.0 -0.188 -0.531 0.937 0.0 0.233 -0.262 -0.721 -0.0 -0.198 -0.664 -0.876 -0.0 -0.469 0.111 0.778 0.0 -0.197 -0.597 0.887 0.0 -0.45 0.104 
0.997 -0.07 0.0 -0.025 -0.768 -0.0 -0.437 -0.468 -0.902 -0.0 0.164 -0.399 0.826 -0.0 -0.186 -0.532 0.937 0.0 0.233 -0.261 -0.721 -0.0 -0.197 -0.664 -0.876 -0.0 -0.469 0.11 0.778 0.0 -0.197 -0.597 0.887 0.0 -0.45 0.103 
0.997 -0.07 0.0 -0.024 -0.768 -0.0 -0.439 -0.466 -0.902 0.0 0.162 -0.4 0.826 0.0 -0.184 -0.533 0.937 0.0 0.233 -0.261 -0.721 0.0 -0.197 -0.664 -0.876 -0.0 -0.469 0.111 0.778 -0.0 -0.197 -0.597 0.887 0.0 -0.45 0.103 
0.997 -0.07 0.0 -0.024 -0.768 -0.0 -0.44 -0.466 -0.902 -0.0 0.161 -0.4 0.826 0.0 -0.183 -0.534 0.937 0.0 0.234 -0.26 -0.721 -0.0 -0.197 -0.664 -0.876 -0.0 -0.469 0.11 0.778 0.0 -0.196 -0.597 0.887 0.0 -0.451 0.103 
0.997 -0.07 0.0 -0.024 -0.767 0.0 -0.441 -0.465 -0.902 -0.0 0.16 -0.4 0.825 0.0 -0.181 -0.535 0.937 0.0 0.235 -0.259 -0.721 -0.0 -0.197 -0.664 -0.876 -0.0 -0.469 0.11 0.778 -0.0 -0.196 -0.597 0.887 -0.0 -0.45 0.103 
0.997 -0.07 0.0 -0.024 -0.767 -0.0 -0.443 -0.464 -0.903 -0.0 0.16 -0.4 0.825 0.0 -0.179 -0.536 0.937 0.0 0.235 -0.258 -0.721 -0.0 -0.197 -0.664 -0.876 -0.0 -0.469 0.11 0.778 0.0 -0.196 -0.597 0.887 0.0 -0.451 0.103 
0.997 -0.07 0.0 -0.024 -0.767 0.0 -0.444 -0.464 -0.903 -0.0 0.158 -0.4 0.825 0.0 -0.177 -0.536 0.937 0.0 0.235 -0.258 -0.721 0.0 -0.197 -0.664 -0.876 0.0 -0.469 0.111 0.778 0.0 -0.197 -0.597 0.887 -0.0 -0.45 0.104 
0.997 -0.07 0.0 -0.024 -0.767 -0.0 -0.445 -0.463 -0.903 -0.0 0.158 -0.4 0.825 0.0 -0.176 -0.537 0.937 0.0 0.235 -0.258 -0.721 -0.0 -0.197 -0.664 -0.876 -0.0 -0.469 0.11 0.778 0.0 -0.197 -0.597 0.887 0.0 -0.45 0.104 
0.997 -0.07 0.0 -0.024 -0.766 0.0 -0.446 -0.463 -0.903 -0.0 0.157 -0.4 0.825 0.0 -0.176 -0.537 0.937 -0.0 0.235 -0.258 -0.721 -0.0 -0.197 -0.664 -0.876 -0.0 -0.469 0.11 0.778 0.0 -0.197 -0.597 0.887 0.0 -0.45 0.104 
0.997 -0.07 0.0 -0.024 -0.766 -0.0 -0.446 -0.462 -0.903 0.0 0.156 -0.4 0.825 0.0 -0.175 -0.537 0.937 -0.0 0.235 -0.258 -0.721 -0.0 -0.197 -0.664 -0.876 -0.0 -0.469 0.11 0.778 0.0 -0.197 -0.597 0.887 0.0 -0.45 0.104 
0.997 -0.07 0.0 -0.024 -0.766 -0.0 -0.447 -0.462 -0.903 0.0 0.156 -0.399 0.825 0.0 -0.174 -0.538 0.937 0.0 0.236 -0.258 -0.721 -0.0 -0.197 -0.664 -0.876 -0.0 -0.469 0.11 0.778 0.0 -0.197 -0.597 0.887 0.0 -0.45 0.103 
0.997 -0.07 0.0 -0.024 -0.766 -0.0 -0.447 -0.462 -0.904 -0.0 0.155 -0.399 0.824 0.0 -0.175 -0.538 0.937 0.0 0.237 -0.258 -0.721 -0.0 -0.197 -0.664 -0.876 -0.0 -0.469 0.11 0.778 0.0 -0.196 -0.597 0.887 0.0 -0.45 0.103 
0.997 -0.07 0.0 -0.024 -0.766 0.0 -0.447 -0.462 -0.904 -0.0 0.155 -0.398 0.824 0.0 -0.174 -0.539 0.937 -0.0 0.238 -0.257 -0.721 -0.0 -0.197 -0.664 -0.876 -0.0 -0.469 0.11 0.778 0.0 -0.196 -0.597 0.887 0.0 -0.45 0.103 
0.997 -0.07 0.0 -0.024 -0.766 -0.0 -0.447 -0.462 -0.904 -0.0 0.155 -0.398 0.824 0.0 -0.174 -0.539 0.936 0.0 0.238 -0.258 -0.721 -0.0 -0.197 -0.664 -0.876 -0.0 -0.469 0.11 0.778 -0.0 -0.196 -0.597 0.887 0.0 -0.45 0.103 
0.997 -0.07 0.0 -0.024 -0.766 -0.0 -0.447 -0.462 -0.904 -0.0 0.154 -0.398 0.824 0.0 -0.175 -0.539 0.936 0.0 0.239 -0.258 -0.721 -0.0 -0.197 -0.664 -0.876 0.0 -0.469 0.11 0.778 0.0 -0.196 -0.597 0.887 -0.0 -0.45 0.103 
0.997 -0.07 0.0 -0.024 -0.766 -0.0 -0.447 -0.462 -0.904 0.0 0.154 -0.398 0.823 0.0 -0.175 -0.54 0.936 0.0 0.24 -0.258 -0.721 0.0 -0.197 -0.664 -0.876 -0.0 -0.469 0.11 0.778 0.0 -0.196 -0.597 0.887 0.0 -0.45 0.103 
0.997 -0.07 0.0 -0.024 -0.766 -0.0 -0.447 -0.462 -0.904 0.0 0.154 -0.398 0.825 0.0 -0.169 -0.539 0.937 0.0 0.233 -0.261 -0.721 -0.0 -0.197 -0.664 -0.876 -0.0 -0.469 0.11 0.778 0.0 -0.196 -0.597 0.887 0.0 -0.45 0.103 
0.997 -0.07 0.0 -0.024 -0.766 -0.0 -0.446 -0.463 -0.905 -0.0 0.153 -0.398 0.825 -0.0 -0.169 -0.539 0.936 0.0 0.234 -0.261 -0.721 0.0 -0.197 -0.664 -0.876 0.0 -0.469 0.11 0.778 0.0 -0.196 -0.597 0.887 0.0 -0.451 0.103 
0.997 -0.07 0.0 -0.024 -0.766 -0.0 -0.446 -0.463 -0.905 -0.0 0.153 -0.398 0.825 0.0 -0.17 -0.539 0.936 0.0 0.234 -0.262 -0.721 -0.0 -0.197 -0.664 -0.876 -0.0 -0.469 0.11 0.778 -0.0 -0.196 -0.597 0.887 -0.0 -0.451 0.103 
0.997 -0.07 0.0 -0.024 -0.767 -0.0 -0.445 -0.463 -0.905 -0.0 0.153 -0.397 0.825 0.0 -0.17 -0.539 0.936 0.0 0.234 -0.262 -0.721 0.0 -0.197 -0.664 -0.876 -0.0 -0.469 0.11 0.778 0.0 -0.196 -0.597 0.887 0.0 -0.451 0.103 
0.997 -0.07 0.0 -0.024 -0.767 -0.0 -0.444 -0.463 -0.905 -0.0 0.152 -0.397 0.825 0.0 -0.171 -0.539 0.936 0.0 0.234 -0.262 -0.721 -0.0 -0.197 -0.664 -0.876 -0.0 -0.469 0.11 0.778 -0.0 -0.196 -0.597 0.887 0.0 -0.45 0.103 
0.997 -0.07 0.0 -0.024 -0.767 -0.0 -0.443 -0.464 -0.905 0.0 0.152 -0.397 0.825 0.0 -0.171 -0.538 0.936 0.0 0.235 -0.262 -0.721 -0.0 -0.197 -0.664 -0.876 -0.0 -0.469 0.11 0.778 0.0 -0.196 -0.597 0.887 0.0 -0.451 0.103 
0.997 -0.07 0.0 -0.024 -0.768 -0.0 -0.442 -0.464 -0.905 0.0 0.152 -0.397 0.825 0.0 -0.172 -0.538 0.936 0.0 0.235 -0.262 -0.721 -0.0 -0.197 -0.664 -0.876 -0.0 -0.469 0.11 0.778 -0.0 -0.196 -0.597 0.887 0.0 -0.45 0.103 
0.997 -0.07 0.0 -0.024 -0.768 -0.0 -0.44 -0.464 -0.905 -0.0 0.152 -0.397 0.825 0.0 -0.175 -0.537 0.935 0.0 0.236 -0.264 -0.721 -0.0 -0.197 -0.664 -0.876 -0.0 -0.469 0.11 0.778 0.0 -0.196 -0.597 0.887 0.0 -0.45 0.103 
0.997 -0.07 0.0 -0.024 -0.769 -0.0 -0.439 -0.465 -0.905 -0.0 0.152 -0.397 0.825 -0.0 -0.176 -0.537 0.936 0.0 0.235 -0.263 -0.721 -0.0 -0.197 -0.664 -0.876 -0.0 -0.469 0.11 0.778 0.0 -0.197 -0.597 0.887 0.0 -0.45 0.103 
0.997 -0.07 0.0 -0.024 -0.769 -0.0 -0.438 -0.466 -0.906 -0.0 0.152 -0.396 0.825 0.0 -0.177 -0.537 0.936 0.0 0.235 -0.263 -0.721 -0.0 -0.197 -0.664 -0.876 -0.0 -0.469 0.11 0.778 0.0 -0.197 -0.597 0.887 -0.0 -0.45 0.103 
0.997 -0.07 0.0 -0.024 -0.77 0.0 -0.436 -0.467 -0.906 -0.0 0.152 -0.395 0.825 0.0 -0.178 -0.537 0.936 0.0 0.236 -0.263 -0.721 -0.0 -0.197 -0.664 -0.876 0.0 -0.469 0.11 0.778 0.0 -0.197 -0.597 0.887 0.0 -0.45 0.103 
0.997 -0.07 0.0 -0.024 -0.77 -0.0 -0.434 -0.467 -0.906 -0.0 0.152 -0.396 0.825 0.0 -0.18 -0.536 0.935 0.0 0.236 -0.264 -0.721 -0.0 -0.197 -0.664 -0.876 -0.0 -0.469 0.111 0.778 0.0 -0.197 -0.597 0.887 0.0 -0.45 0.103 
0.997 -0.07 0.0 -0.024 -0.771 -0.0 -0.432 -0.468 -0.906 -0.0 0.152 -0.396 0.823 0.0 -0.185 -0.537 0.935 0.0 0.24 -0.262 -0.721 -0.0 -0.197 -0.664 -0.876 -0.0 -0.469 0.111 0.778 0.0 -0.197 -0.597 0.887 0.0 -0.45 0.103 
0.997 -0.07 0.0 -0.024 -0.772 -0.0 -0.43 -0.468 -0.906 -0.0 0.152 -0.396 0.823 0.0 -0.187 -0.536 0.934 0.0 0.24 -0.263 -0.721 -0.0 -0.197 -0.664 -0.876 -0.0 -0.469 0.111 0.778 0.0 -0.197 -0.597 0.887 0.0 -0.45 0.103 
0.997 -0.07 0.0 -0.024 -0.772 -0.0 -0.428 -0.469 -0.906 -0.0 0.153 -0.395 0.823 0.0 -0.19 -0.535 0.934 0.0 0.241 -0.263 -0.721 -0.0 -0.197 -0.664 -0.876 -0.0 -0.469 0.111 0.778 0.0 -0.197 -0.597 0.887 0.0 -0.45 0.103 
0.997 -0.07 0.0 -0.024 -0.773 -0.0 -0.426 -0.47 -0.906 0.0 0.153 -0.395 0.823 0.0 -0.192 -0.534 0.934 0.0 0.241 -0.264 -0.721 -0.0 -0.198 -0.664 -0.876 0.0 -0.469 0.111 0.778 0.0 -0.197 -0.597 0.887 -0.0 -0.45 0.103 
0.997 -0.07 0.0 -0.024 -0.774 0.0 -0.423 -0.471 -0.906 -0.0 0.153 -0.395 0.823 0.0 -0.195 -0.533 0.934 0.0 0.241 -0.265 -0.721 -0.0 -0.198 -0.664 -0.876 -0.0 -0.469 0.111 0.778 0.0 -0.197 -0.597 0.887 0.0 -0.45 0.103 
0.997 -0.071 0.0 -0.024 -0.775 -0.0 -0.421 -0.472 -0.906 -0.0 0.154 -0.395 0.823 0.0 -0.198 -0.532 0.933 0.0 0.241 -0.266 -0.721 0.0 -0.198 -0.664 -0.876 -0.0 -0.469 0.111 0.778 0.0 -0.197 -0.597 0.887 0.0 -0.45 0.104 
0.997 -0.071 0.0 -0.025 -0.776 -0.0 -0.419 -0.472 -0.906 -0.0 0.154 -0.395 0.823 0.0 -0.201 -0.531 0.934 0.0 0.24 -0.266 -0.721 -0.0 -0.198 -0.664 -0.876 -0.0 -0.469 0.111 0.778 0.0 -0.197 -0.597 0.887 0.0 -0.45 0.104 
0.997 -0.071 0.0 -0.025 -0.776 -0.0 -0.416 -0.474 -0.906 -0.0 0.155 -0.395 0.823 0.0 -0.204 -0.53 0.934 0.0 0.24 -0.267 -0.721 -0.0 -0.198 -0.664 -0.876 -0.0 -0.468 0.111 0.778 0.0 -0.197 -0.597 0.887 0.0 -0.45 0.104 
0.997 -0.071 0.0 -0.024 -0.777 -0.0 -0.413 -0.474 -0.906 0.0 0.156 -0.395 0.823 0.0 -0.207 -0.529 0.933 0.0 0.239 -0.268 -0.721 0.0 -0.198 -0.664 -0.876 -0.0 -0.469 0.111 0.778 -0.0 -0.198 -0.596 0.887 0.0 -0.45 0.104 
0.997 -0.071 0.0 -0.025 -0.778 -0.0 -0.411 -0.475 -0.906 -0.0 0.156 -0.394 0.823 0.0 -0.211 -0.528 0.933 -0.0 0.239 -0.268 -0.721 -0.0 -0.198 -0.664 -0.876 -0.0 -0.469 0.111 0.778 0.0 -0.198 -0.596 0.887 0.0 -0.45 0.104 
0.997 -0.071 0.0 -0.025 -0.779 -0.0 -0.408 -0.476 -0.905 -0.0 0.157 -0.394 0.823 0.0 -0.214 -0.527 0.933 0.0 0.238 -0.269 -0.721 -0.0 -0.198 -0.664 -0.876 -0.0 -0.469 0.111 0.778 0.0 -0.198 -0.596 0.887 0.0 -0.45 0.104 
0.997 -0.071 0.0 -0.025 -0.78 -0.0 -0.405 -0.477 -0.905 -0.0 0.157 -0.395 0.822 -0.0 -0.218 -0.526 0.933 0.0 0.238 -0.27 -0.721 -0.0 -0.199 -0.664 -0.876 -0.0 -0.469 0.112 0.778 0.0 -0.198 -0.596 0.887 -0.0 -0.45 0.104 
0.997 -0.071 0.0 -0.025 -0.781 -0.0 -0.402 -0.478 -0.905 0.0 0.159 -0.395 0.822 0.0 -0.221 -0.525 0.933 0.0 0.237 -0.269 -0.721 -0.0 -0.199 -0.663 -0.876 -0.0 -0.468 0.112 0.778 0.0 -0.198 -0.596 0.887 0.0 -0.45 0.104 
0.997 -0.071 0.0 -0.024 -0.782 -0.0 -0.399 -0.479 -0.905 0.0 0.16 -0.394 0.821 0.0 -0.225 -0.524 0.933 0.0 0.236 -0.27 -0.721 -0.0 -0.199 -0.663 -0.876 -0.0 -0.469 0.112 0.778 0.0 -0.198 -0.596 0.887 0.0 -0.45 0.104 
0.997 -0.071 0.0 -0.024 -0.784 -0.0 -0.395 -0.48 -0.905 -0.0 0.16 -0.395 0.821 -0.0 -0.228 -0.523 0.933 0.0 0.236 -0.271 -0.721 -0.0 -0.199 -0.663 -0.876 -0.0 -0.469 0.112 0.778 0.0 -0.198 -0.596 0.887 0.0 -0.45 0.104 
0.997 -0.071 0.0 -0.025 -0.784 -0.0 -0.392 -0.481 -0.905 -0.0 0.161 -0.395 0.821 0.0 -0.233 -0.522 0.933 0.0 0.236 -0.271 -0.721 -0.0 -0.199 -0.663 -0.876 -0.0 -0.468 0.112 0.778 -0.0 -0.198 -0.596 0.887 -0.0 -0.45 0.104 
0.997 -0.071 0.0 -0.025 -0.785 -0.0 -0.388 -0.482 -0.905 -0.0 0.162 -0.394 0.821 0.0 -0.236 -0.52 0.933 0.0 0.234 -0.273 -0.721 -0.0 -0.199 -0.663 -0.876 -0.0 -0.468 0.112 0.778 0.0 -0.198 -0.596 0.887 0.0 -0.45 0.104 
0.997 -0.071 0.0 -0.024 -0.786 -0.0 -0.385 -0.483 -0.905 -0.0 0.163 -0.394 0.821 -0.0 -0.24 -0.519 0.933 0.0 0.233 -0.274 -0.721 -0.0 -0.199 -0.663 -0.876 -0.0 -0.468 0.112 0.778 0.0 -0.198 -0.596 0.887 0.0 -0.45 0.104 
0.997 -0.072 0.0 -0.024 -0.787 -0.0 -0.381 -0.485 -0.905 -0.0 0.164 -0.393 0.82 0.0 -0.244 -0.518 0.933 0.0 0.232 -0.274 -0.721 -0.0 -0.199 -0.663 -0.876 -0.0 -0.468 0.112 0.778 0.0 -0.198 -0.596 0.887 0.0 -0.45 0.105 
0.997 -0.072 0.0 -0.024 -0.788 -0.0 -0.377 -0.486 -0.905 -0.0 0.164 -0.393 0.82 -0.0 -0.248 -0.517 0.933 0.0 0.232 -0.275 -0.721 -0.0 -0.199 -0.663 -0.876 -0.0 -0.468 0.112 0.778 -0.0 -0.198 -0.596 0.887 0.0 -0.45 0.105 
0.997 -0.072 0.0 -0.024 -0.789 -0.0 -0.374 -0.487 -0.905 -0.0 0.165 -0.393 0.819 0.0 -0.252 -0.515 0.933 0.0 0.231 -0.275 -0.721 -0.0 -0.199 -0.663 -0.876 0.0 -0.468 0.112 0.778 0.0 -0.198 -0.596 0.887 0.0 -0.45 0.104 
0.997 -0.072 0.0 -0.024 -0.79 -0.0 -0.37 -0.488 -0.905 0.0 0.166 -0.392 0.818 0.0 -0.257 -0.514 0.933 0.0 0.231 -0.275 -0.721 0.0 -0.199 -0.663 -0.876 -0.0 -0.468 0.112 0.778 0.0 -0.198 -0.596 0.887 0.0 -0.45 0.105 
0.997 -0.072 0.0 -0.024 -0.791 -0.0 -0.366 -0.49 -0.905 -0.0 0.167 -0.391 0.818 -0.0 -0.261 -0.513 0.933 0.0 0.231 -0.276 -0.721 -0.0 -0.199 -0.663 -0.876 -0.0 -0.468 0.112 0.778 0.0 -0.198 -0.596 0.887 0.0 -0.45 0.105 
0.997 -0.072 0.0 -0.024 -0.792 -0.0 -0.362 -0.491 -0.905 -0.0 0.168 -0.39 0.817 -0.0 -0.266 -0.512 0.933 0.0 0.231 -0.275 -0.721 -0.0 -0.2 -0.663 -0.876 -0.0 -0.468 0.112 0.778 0.0 -0.198 -0.596 0.887 0.0 -0.45 0.105 
0.997 -0.072 -0.0 -0.024 -0.793 -0.0 -0.358 -0.493 -0.905 -0.0 0.169 -0.389 0.816 -0.0 -0.27 -0.51 0.933 0.0 0.231 -0.276 -0.721 0.0 -0.2 -0.663 -0.876 -0.0 -0.468 0.112 0.778 0.0 -0.198 -0.596 0.887 0.0 -0.45 0.105 
0.997 -0.072 0.0 -0.024 -0.794 -0.0 -0.353 -0.494 -0.906 -0.0 0.17 -0.388 0.816 0.0 -0.275 -0.509 0.933 0.0 0.231 -0.277 -0.721 -0.0 -0.2 -0.663 -0.876 -0.0 -0.468 0.112 0.778 0.0 -0.198 -0.596 0.887 0.0 -0.45 0.105 
0.997 -0.072 -0.0 -0.024 -0.795 -0.0 -0.35 -0.496 -0.906 -0.0 0.171 -0.388 0.815 0.0 -0.28 -0.507 0.933 0.0 0.231 -0.278 -0.721 -0.0 -0.2 -0.663 -0.876 -0.0 -0.468 0.112 0.778 0.0 -0.198 -0.596 0.887 0.0 -0.45 0.104 
0.997 -0.072 -0.0 -0.024 -0.796 -0.0 -0.346 -0.497 -0.906 -0.0 0.172 -0.387 0.814 0.0 -0.284 -0.506 0.933 0.0 0.23 -0.278 -0.721 -0.0 -0.2 -0.663 -0.877 -0.0 -0.468 0.112 0.778 0.0 -0.198 -0.596 0.887 0.0 -0.45 0.105 
0.997 -0.072 -0.0 -0.024 -0.797 -0.0 -0.341 -0.498 -0.906 -0.0 0.173 -0.386 0.814 -0.0 -0.287 -0.505 0.933 0.0 0.229 -0.279 -0.721 -0.0 -0.2 -0.663 -0.877 0.0 -0.468 0.112 0.778 -0.0 -0.198 -0.596 0.887 0.0 -0.45 0.105 
0.997 -0.072 -0.0 -0.024 -0.798 0.0 -0.337 -0.5 -0.906 -0.0 0.174 -0.386 0.813 0.0 -0.291 -0.503 0.933 0.0 0.228 -0.279 -0.721 -0.0 -0.2 -0.663 -0.876 -0.0 -0.468 0.112 0.778 0.0 -0.198 -0.596 0.887 0.0 -0.45 0.105 
0.997 -0.072 -0.0 -0.024 -0.799 -0.0 -0.333 -0.501 -0.906 -0.0 0.174 -0.385 0.813 0.0 -0.296 -0.502 0.933 0.0 0.229 -0.279 -0.722 -0.0 -0.2 -0.663 -0.877 -0.0 -0.468 0.112 0.778 0.0 -0.198 -0.596 0.887 0.0 -0.45 0.105 
0.997 -0.072 -0.0 -0.024 -0.799 -0.0 -0.329 -0.503 -0.907 -0.0 0.175 -0.383 0.812 0.0 -0.301 -0.501 0.932 0.0 0.228 -0.28 -0.722 -0.0 -0.2 -0.663 -0.877 0.0 -0.468 0.112 0.778 0.0 -0.198 -0.596 0.887 0.0 -0.45 0.105 
0.997 -0.072 -0.0 -0.024 -0.8 -0.0 -0.325 -0.504 -0.907 -0.0 0.176 -0.383 0.811 0.0 -0.306 -0.499 0.932 -0.0 0.229 -0.281 -0.722 -0.0 -0.2 -0.663 -0.877 -0.0 -0.468 0.112 0.778 0.0 -0.198 -0.596 0.887 0.0 -0.45 0.105 
0.997 -0.072 -0.0 -0.024 -0.8 -0.0 -0.322 -0.506 -0.907 -0.0 0.178 -0.381 0.81 0.0 -0.311 -0.498 0.932 0.0 0.229 -0.282 -0.722 -0.0 -0.2 -0.663 -0.877 -0.0 -0.468 0.112 0.778 0.0 -0.198 -0.596 0.887 0.0 -0.45 0.105 
0.997 -0.072 -0.001 -0.024 -0.801 -0.0 -0.319 -0.507 -0.907 -0.0 0.18 -0.38 0.809 0.0 -0.315 -0.496 0.932 0.0 0.229 -0.283 -0.722 0.0 -0.201 -0.663 -0.877 -0.0 -0.468 0.112 0.778 0.0 -0.199 -0.596 0.887 0.0 -0.45 0.105 
0.997 -0.072 -0.0 -0.024 -0.801 -0.0 -0.315 -0.509 -0.907 -0.0 0.181 -0.379 0.808 -0.0 -0.32 -0.494 0.931 0.0 0.229 -0.284 -0.722 -0.0 -0.201 -0.663 -0.876 -0.0 -0.468 0.112 0.778 0.0 -0.199 -0.596 0.887 0.0 -0.45 0.105 
0.997 -0.072 -0.001 -0.024 -0.802 -0.0 -0.312 -0.51 -0.907 -0.0 0.182 -0.379 0.807 0.0 -0.325 -0.493 0.931 0.0 0.229 -0.285 -0.722 -0.0 -0.201 -0.662 -0.877 0.0 -0.468 0.112 0.778 0.0 -0.199 -0.596 0.887 0.0 -0.45 0.106 
0.997 -0.073 -0.001 -0.024 -0.802 -0.0 -0.309 -0.511 -0.907 -0.0 0.183 -0.378 0.806 0.0 -0.329 -0.491 0.93 0.0 0.229 -0.287 -0.722 -0.0 -0.201 -0.662 -0.877 -0.0 -0.468 0.113 0.778 -0.0 -0.199 -0.596 0.887 -0.0 -0.45 0.106 
0.997 -0.073 -0.001 -0.024 -0.803 -0.0 -0.305 -0.512 -0.907 -0.0 0.184 -0.378 0.805 0.0 -0.334 -0.49 0.93 0.0 0.23 -0.288 -0.722 -0.0 -0.202 -0.662 -0.877 -0.0 -0.468 0.113 0.778 0.0 -0.199 -0.596 0.887 0.0 -0.45 0.106 
0.997 -0.073 -0.001 -0.024 -0.803 -0.0 -0.302 -0.514 -0.907 -0.0 0.185 -0.377 0.804 0.0 -0.339 -0.488 0.929 0.0 0.23 -0.29 -0.722 -0.0 -0.202 -0.662 -0.877 -0.0 -0.468 0.113 0.778 0.0 -0.2 -0.596 0.887 -0.0 -0.45 0.106 
0.997 -0.073 -0.001 -0.024 -0.804 -0.0 -0.298 -0.515 -0.907 -0.0 0.186 -0.377 0.803 0.0 -0.344 -0.486 0.929 0.0 0.231 -0.291 -0.722 0.0 -0.202 -0.662 -0.877 -0.0 -0.468 0.113 0.778 0.0 -0.2 -0.596 0.887 0.0 -0.45 0.106 
0.997 -0.073 -0.001 -0.024 -0.804 -0.0 -0.295 -0.516 -0.907 0.0 0.187 -0.376 0.802 -0.0 -0.349 -0.485 0.928 0.0 0.231 -0.292 -0.722 -0.0 -0.202 -0.662 -0.877 -0.0 -0.468 0.113 0.778 0.0 -0.2 -0.596 0.887 -0.0 -0.45 0.106 
0.997 -0.073 -0.001 -0.024 -0.805 0.0 -0.292 -0.517 -0.907 -0.0 0.188 -0.376 0.801 0.0 -0.353 -0.483 0.928 0.0 0.232 -0.293 -0.722 -0.0 -0.203 -0.662 -0.877 0.0 -0.467 0.113 0.778 0.0 -0.2 -0.596 0.887 0.0 -0.45 0.107 
0.997 -0.074 -0.001 -0.024 -0.805 -0.0 -0.289 -0.519 -0.907 -0.0 0.189 -0.375 0.8 0.0 -0.358 -0.482 0.927 0.0 0.232 -0.295 -0.722 -0.0 -0.203 -0.662 -0.877 -0.0 -0.468 0.113 0.778 0.0 -0.2 -0.596 0.887 0.0 -0.45 0.107 
0.997 -0.074 -0.001 -0.024 -0.805 -0.0 -0.285 -0.52 -0.907 -0.0 0.19 -0.375 0.799 -0.0 -0.362 -0.48 0.927 0.0 0.232 -0.296 -0.722 -0.0 -0.203 -0.662 -0.877 -0.0 -0.467 0.114 0.778 0.0 -0.2 -0.596 0.887 0.0 -0.45 0.107 
0.997 -0.074 -0.001 -0.024 -0.806 -0.0 -0.282 -0.521 -0.907 -0.0 0.191 -0.375 0.798 0.0 -0.366 -0.479 0.926 0.0 0.233 -0.297 -0.722 -0.0 -0.203 -0.662 -0.877 -0.0 -0.467 0.114 0.778 -0.0 -0.2 -0.596 0.887 0.0 -0.45 0.107 
0.997 -0.074 -0.001 -0.024 -0.806 -0.0 -0.279 -0.522 -0.907 -0.0 0.192 -0.374 0.797 0.0 -0.371 -0.477 0.926 0.0 0.233 -0.298 -0.722 -0.0 -0.204 -0.662 -0.877 -0.0 -0.467 0.114 0.778 0.0 -0.201 -0.596 0.887 0.0 -0.45 0.107 
0.997 -0.074 -0.001 -0.024 -0.807 -0.0 -0.275 -0.523 -0.907 -0.0 0.192 -0.374 0.796 0.0 -0.375 -0.475 0.925 0.0 0.233 -0.299 -0.722 -0.0 -0.204 -0.661 -0.877 -0.0 -0.467 0.114 0.778 0.0 -0.201 -0.596 0.887 0.0 -0.45 0.108 
0.997 -0.074 -0.001 -0.024 -0.807 -0.0 -0.272 -0.524 -0.907 -0.0 0.193 -0.373 0.795 0.0 -0.38 -0.473 0.925 0.0 0.233 -0.301 -0.722 -0.0 -0.204 -0.661 -0.877 -0.0 -0.467 0.114 0.778 0.0 -0.201 -0.596 0.887 0.0 -0.45 0.108 
0.997 -0.075 -0.001 -0.024 -0.808 -0.0 -0.269 -0.525 -0.907 -0.0 0.194 -0.373 0.793 0.0 -0.385 -0.472 0.924 0.0 0.235 -0.301 -0.722 -0.0 -0.204 -0.661 -0.877 -0.0 -0.467 0.114 0.778 0.0 -0.201 -0.596 0.887 0.0 -0.45 0.108 
