# T   LUA LFA RUA RFA LT  LS  RT  RS  
0.999 -0.029 0.036 0.004 -0.739 -0.0 -0.67 -0.068 -0.996 -0.0 -0.04 -0.08 0.942 -0.0 -0.13 -0.31 0.446 0.0 0.454 -0.772 -0.732 0.0 -0.679 0.059 -0.992 -0.0 0.059 0.109 0.679 0.0 -0.729 0.088 0.995 -0.0 0.023 0.095 
0.999 -0.029 0.036 0.003 -0.739 -0.0 -0.67 -0.068 -0.996 -0.0 -0.04 -0.08 0.942 0.0 -0.134 -0.308 0.444 0.0 0.456 -0.771 -0.732 -0.0 -0.679 0.059 -0.992 0.0 0.06 0.109 0.679 0.0 -0.729 0.088 0.995 0.0 0.023 0.095 
0.999 -0.029 0.036 0.003 -0.739 -0.0 -0.67 -0.068 -0.996 -0.0 -0.04 -0.08 0.942 0.0 -0.137 -0.305 0.443 0.0 0.458 -0.771 -0.732 -0.0 -0.679 0.059 -0.992 -0.0 0.059 0.109 0.679 -0.0 -0.729 0.088 0.995 0.0 0.022 0.095 
0.999 -0.029 0.036 0.003 -0.739 -0.0 -0.67 -0.068 -0.996 0.0 -0.04 -0.079 0.942 0.0 -0.139 -0.304 0.442 0.0 0.461 -0.769 -0.732 -0.0 -0.679 0.059 -0.992 -0.0 0.059 0.109 0.679 0.0 -0.728 0.088 0.995 0.0 0.023 0.095 
0.999 -0.029 0.036 0.002 -0.739 -0.0 -0.67 -0.068 -0.996 -0.0 -0.04 -0.079 0.942 -0.0 -0.141 -0.303 0.441 0.0 0.464 -0.768 -0.732 0.0 -0.679 0.059 -0.992 -0.0 0.059 0.11 0.679 0.0 -0.728 0.088 0.995 0.0 0.023 0.095 
0.999 -0.029 0.036 0.002 -0.739 -0.0 -0.67 -0.067 -0.996 -0.0 -0.04 -0.078 0.942 0.0 -0.144 -0.303 0.441 0.0 0.467 -0.767 -0.732 -0.0 -0.679 0.059 -0.992 -0.0 0.059 0.11 0.679 0.0 -0.728 0.088 0.995 0.0 0.023 0.096 
0.999 -0.03 0.036 0.002 -0.739 -0.0 -0.67 -0.067 -0.996 -0.0 -0.04 -0.078 0.942 -0.0 -0.146 -0.302 0.439 0.0 0.468 -0.767 -0.732 -0.0 -0.679 0.059 -0.992 0.0 0.061 0.11 0.679 0.0 -0.728 0.088 0.995 0.0 0.023 0.096 
0.999 -0.03 0.036 0.002 -0.739 -0.0 -0.67 -0.067 -0.996 -0.0 -0.039 -0.077 0.942 0.0 -0.147 -0.303 0.44 0.0 0.47 -0.765 -0.732 -0.0 -0.679 0.059 -0.992 0.0 0.061 0.11 0.679 0.0 -0.728 0.088 0.995 0.0 0.023 0.096 
0.999 -0.03 0.036 0.002 -0.739 0.0 -0.67 -0.067 -0.996 0.0 -0.039 -0.076 0.941 0.0 -0.148 -0.303 0.44 0.0 0.472 -0.764 -0.732 -0.0 -0.679 0.059 -0.992 -0.0 0.06 0.11 0.679 0.0 -0.728 0.088 0.995 0.0 0.023 0.096 
0.999 -0.03 0.036 0.003 -0.74 -0.0 -0.67 -0.066 -0.996 -0.0 -0.039 -0.076 0.941 0.0 -0.148 -0.305 0.44 0.0 0.474 -0.763 -0.732 -0.0 -0.679 0.06 -0.992 -0.0 0.061 0.11 0.68 0.0 -0.728 0.089 0.995 -0.0 0.023 0.096 
0.999 -0.03 0.036 0.003 -0.74 0.0 -0.67 -0.066 -0.996 -0.0 -0.039 -0.075 0.94 0.0 -0.149 -0.306 0.44 0.0 0.475 -0.762 -0.732 -0.0 -0.679 0.06 -0.992 -0.0 0.058 0.11 0.679 0.0 -0.728 0.088 0.995 0.0 0.023 0.096 
0.999 -0.03 0.036 0.003 -0.74 -0.0 -0.669 -0.066 -0.997 -0.0 -0.038 -0.074 0.94 0.0 -0.149 -0.308 0.441 0.0 0.475 -0.762 -0.732 0.0 -0.679 0.06 -0.992 -0.0 0.06 0.11 0.679 0.0 -0.728 0.089 0.995 -0.0 0.023 0.096 
0.999 -0.031 0.036 0.004 -0.74 -0.0 -0.669 -0.065 -0.997 -0.0 -0.038 -0.073 0.939 0.0 -0.148 -0.311 0.441 -0.0 0.475 -0.761 -0.732 -0.0 -0.679 0.061 -0.992 -0.0 0.061 0.11 0.679 0.0 -0.728 0.089 0.995 0.0 0.023 0.096 
0.999 -0.031 0.036 0.005 -0.741 -0.0 -0.669 -0.064 -0.997 -0.0 -0.038 -0.072 0.938 -0.0 -0.148 -0.314 0.442 0.0 0.475 -0.761 -0.732 -0.0 -0.679 0.062 -0.992 -0.0 0.061 0.11 0.679 0.0 -0.728 0.089 0.995 -0.0 0.023 0.096 
0.999 -0.031 0.037 0.005 -0.741 -0.0 -0.669 -0.064 -0.997 0.0 -0.038 -0.072 0.937 0.0 -0.147 -0.317 0.444 0.0 0.476 -0.76 -0.732 -0.0 -0.679 0.062 -0.992 -0.0 0.06 0.11 0.68 0.0 -0.728 0.089 0.995 -0.0 0.023 0.097 
0.999 -0.031 0.037 0.006 -0.741 -0.0 -0.668 -0.064 -0.997 -0.0 -0.037 -0.071 0.936 0.0 -0.146 -0.32 0.444 -0.0 0.476 -0.759 -0.732 -0.0 -0.679 0.062 -0.992 -0.0 0.058 0.11 0.679 0.0 -0.728 0.089 0.995 -0.0 0.023 0.096 
0.999 -0.031 0.037 0.007 -0.741 -0.0 -0.668 -0.063 -0.997 -0.0 -0.037 -0.07 0.935 -0.0 -0.144 -0.324 0.446 0.0 0.475 -0.759 -0.732 -0.0 -0.679 0.062 -0.992 -0.0 0.059 0.11 0.679 0.0 -0.728 0.089 0.995 0.0 0.023 0.096 
0.999 -0.031 0.037 0.007 -0.742 -0.0 -0.668 -0.063 -0.997 -0.0 -0.037 -0.07 0.934 -0.0 -0.142 -0.328 0.447 0.0 0.476 -0.757 -0.732 -0.0 -0.679 0.062 -0.992 -0.0 0.059 0.11 0.679 0.0 -0.728 0.088 0.995 0.0 0.023 0.097 
0.999 -0.031 0.037 0.009 -0.742 -0.0 -0.668 -0.062 -0.997 0.0 -0.037 -0.069 0.932 0.0 -0.139 -0.333 0.449 0.0 0.474 -0.757 -0.732 -0.0 -0.679 0.063 -0.992 -0.0 0.058 0.111 0.679 0.0 -0.729 0.086 0.995 0.0 0.023 0.098 
0.999 -0.031 0.037 0.009 -0.742 -0.0 -0.667 -0.062 -0.997 -0.0 -0.037 -0.068 0.932 -0.0 -0.138 -0.336 0.45 0.0 0.474 -0.757 -0.732 -0.0 -0.679 0.063 -0.992 -0.0 0.059 0.11 0.679 0.0 -0.729 0.087 0.995 0.0 0.023 0.097 
0.999 -0.031 0.037 0.009 -0.742 -0.0 -0.667 -0.062 -0.997 -0.0 -0.036 -0.067 0.93 -0.0 -0.134 -0.341 0.453 0.0 0.473 -0.756 -0.732 -0.0 -0.679 0.063 -0.992 -0.0 0.059 0.11 0.679 0.0 -0.729 0.087 0.995 0.0 0.023 0.097 
0.999 -0.031 0.037 0.01 -0.743 -0.0 -0.667 -0.061 -0.997 0.0 -0.036 -0.066 0.929 0.0 -0.132 -0.346 0.455 0.0 0.473 -0.755 -0.732 -0.0 -0.678 0.063 -0.992 -0.0 0.059 0.111 0.679 0.0 -0.729 0.086 0.995 -0.0 0.023 0.097 
0.999 -0.031 0.037 0.011 -0.743 -0.0 -0.667 -0.061 -0.997 -0.0 -0.036 -0.066 0.928 -0.0 -0.129 -0.35 0.457 0.0 0.471 -0.754 -0.732 -0.0 -0.678 0.063 -0.992 -0.0 0.06 0.111 0.679 0.0 -0.729 0.086 0.995 0.0 0.023 0.097 
0.999 -0.031 0.037 0.011 -0.743 0.0 -0.666 -0.061 -0.997 -0.0 -0.035 -0.065 0.927 0.0 -0.124 -0.354 0.458 0.0 0.471 -0.754 -0.732 -0.0 -0.678 0.064 -0.992 -0.0 0.058 0.111 0.679 0.0 -0.729 0.086 0.995 -0.0 0.023 0.097 
0.999 -0.031 0.037 0.012 -0.743 -0.0 -0.666 -0.06 -0.997 -0.0 -0.035 -0.064 0.926 -0.0 -0.121 -0.358 0.46 0.0 0.47 -0.753 -0.732 -0.0 -0.678 0.064 -0.992 -0.0 0.058 0.111 0.679 -0.0 -0.729 0.086 0.995 0.0 0.024 0.097 
0.999 -0.031 0.037 0.013 -0.743 -0.0 -0.666 -0.06 -0.997 0.0 -0.035 -0.064 0.925 -0.0 -0.118 -0.362 0.462 0.0 0.469 -0.753 -0.732 -0.0 -0.678 0.064 -0.992 0.0 0.06 0.111 0.679 0.0 -0.729 0.086 0.995 0.0 0.024 0.097 
0.999 -0.031 0.037 0.013 -0.744 -0.0 -0.666 -0.06 -0.997 0.0 -0.034 -0.063 0.924 0.0 -0.115 -0.366 0.463 0.0 0.469 -0.752 -0.732 -0.0 -0.678 0.064 -0.992 -0.0 0.059 0.111 0.679 0.0 -0.729 0.086 0.995 0.0 0.024 0.096 
0.999 -0.031 0.037 0.013 -0.743 -0.0 -0.666 -0.06 -0.997 -0.0 -0.034 -0.062 0.922 0.0 -0.113 -0.369 0.464 0.0 0.468 -0.752 -0.732 -0.0 -0.678 0.064 -0.992 -0.0 0.057 0.111 0.679 0.0 -0.729 0.086 0.995 0.0 0.024 0.096 
0.999 -0.031 0.037 0.014 -0.744 0.0 -0.666 -0.06 -0.998 -0.0 -0.034 -0.062 0.921 0.0 -0.11 -0.372 0.466 0.0 0.467 -0.751 -0.732 -0.0 -0.678 0.064 -0.992 -0.0 0.057 0.111 0.68 0.0 -0.729 0.085 0.995 0.0 0.023 0.096 
0.999 -0.03 0.037 0.014 -0.744 -0.0 -0.666 -0.06 -0.998 -0.0 -0.033 -0.061 0.921 0.0 -0.108 -0.375 0.468 0.0 0.464 -0.752 -0.732 0.0 -0.678 0.064 -0.992 -0.0 0.058 0.111 0.68 0.0 -0.729 0.085 0.995 -0.0 0.023 0.096 
0.999 -0.03 0.038 0.014 -0.744 -0.0 -0.666 -0.06 -0.998 -0.0 -0.033 -0.06 0.92 -0.0 -0.106 -0.378 0.468 0.0 0.464 -0.752 -0.732 -0.0 -0.678 0.064 -0.992 -0.0 0.058 0.111 0.679 0.0 -0.729 0.085 0.995 0.0 0.024 0.096 
0.999 -0.03 0.038 0.014 -0.744 -0.0 -0.666 -0.06 -0.998 -0.0 -0.033 -0.06 0.919 -0.0 -0.105 -0.38 0.469 0.0 0.464 -0.751 -0.732 -0.0 -0.678 0.063 -0.992 -0.0 0.058 0.111 0.679 0.0 -0.729 0.085 0.995 0.0 0.023 0.096 
0.999 -0.03 0.038 0.014 -0.744 -0.0 -0.666 -0.06 -0.998 -0.0 -0.033 -0.06 0.918 0.0 -0.103 -0.382 0.47 0.0 0.464 -0.751 -0.732 -0.0 -0.678 0.063 -0.992 -0.0 0.058 0.111 0.679 0.0 -0.729 0.084 0.995 0.0 0.023 0.096 
0.999 -0.03 0.038 0.014 -0.744 -0.0 -0.666 -0.061 -0.998 -0.0 -0.033 -0.06 0.918 0.0 -0.102 -0.383 0.47 0.0 0.463 -0.751 -0.732 -0.0 -0.678 0.063 -0.992 -0.0 0.059 0.111 0.68 0.0 -0.729 0.084 0.995 -0.0 0.023 0.096 
0.999 -0.03 0.038 0.014 -0.744 -0.0 -0.666 -0.061 -0.998 -0.0 -0.033 -0.06 0.918 0.0 -0.101 -0.384 0.47 0.0 0.463 -0.751 -0.732 -0.0 -0.678 0.063 -0.992 0.0 0.058 0.11 0.68 0.0 -0.729 0.084 0.995 0.0 0.023 0.096 
0.999 -0.03 0.038 0.014 -0.744 -0.0 -0.666 -0.061 -0.998 -0.0 -0.033 -0.06 0.918 0.0 -0.101 -0.385 0.47 0.0 0.463 -0.751 -0.732 -0.0 -0.679 0.063 -0.992 -0.0 0.06 0.111 0.68 0.0 -0.729 0.083 0.995 0.0 0.023 0.096 
0.999 -0.03 0.037 0.013 -0.744 -0.0 -0.666 -0.061 -0.998 -0.0 -0.033 -0.06 0.918 0.0 -0.101 -0.384 0.47 0.0 0.463 -0.751 -0.732 0.0 -0.679 0.062 -0.992 -0.0 0.059 0.11 0.68 0.0 -0.729 0.083 0.995 0.0 0.023 0.096 
0.999 -0.029 0.038 0.013 -0.744 -0.0 -0.666 -0.062 -0.998 -0.0 -0.033 -0.06 0.918 0.0 -0.102 -0.384 0.469 0.0 0.464 -0.752 -0.732 -0.0 -0.679 0.062 -0.992 -0.0 0.058 0.11 0.68 0.0 -0.729 0.083 0.995 0.0 0.023 0.096 
0.999 -0.029 0.038 0.013 -0.743 0.0 -0.666 -0.062 -0.998 0.0 -0.033 -0.061 0.918 0.0 -0.102 -0.384 0.468 0.0 0.464 -0.752 -0.732 -0.0 -0.679 0.062 -0.992 -0.0 0.058 0.11 0.68 0.0 -0.729 0.083 0.995 0.0 0.023 0.097 
0.999 -0.029 0.037 0.012 -0.743 -0.0 -0.666 -0.062 -0.998 -0.0 -0.033 -0.061 0.918 0.0 -0.103 -0.383 0.467 0.0 0.465 -0.752 -0.732 -0.0 -0.679 0.061 -0.992 -0.0 0.058 0.11 0.68 0.0 -0.729 0.083 0.995 0.0 0.023 0.096 
0.999 -0.029 0.037 0.012 -0.743 -0.0 -0.666 -0.063 -0.998 0.0 -0.033 -0.061 0.918 0.0 -0.105 -0.381 0.467 0.0 0.465 -0.752 -0.732 0.0 -0.679 0.061 -0.992 -0.0 0.059 0.11 0.68 0.0 -0.729 0.083 0.995 0.0 0.023 0.096 
0.999 -0.029 0.037 0.011 -0.743 0.0 -0.666 -0.063 -0.997 -0.0 -0.034 -0.062 0.919 0.0 -0.106 -0.381 0.466 -0.0 0.466 -0.752 -0.732 -0.0 -0.679 0.061 -0.992 -0.0 0.059 0.11 0.68 0.0 -0.729 0.083 0.995 -0.0 0.023 0.096 
0.999 -0.029 0.037 0.011 -0.743 0.0 -0.666 -0.063 -0.997 -0.0 -0.034 -0.063 0.919 0.0 -0.108 -0.379 0.465 0.0 0.467 -0.752 -0.732 -0.0 -0.679 0.061 -0.992 -0.0 0.057 0.109 0.68 0.0 -0.729 0.083 0.995 -0.0 0.023 0.096 
0.999 -0.029 0.037 0.01 -0.743 -0.0 -0.666 -0.063 -0.997 -0.0 -0.034 -0.063 0.92 0.0 -0.11 -0.376 0.464 0.0 0.468 -0.752 -0.732 -0.0 -0.679 0.061 -0.992 -0.0 0.059 0.109 0.68 0.0 -0.729 0.083 0.995 0.0 0.022 0.096 
0.999 -0.029 0.037 0.009 -0.742 -0.0 -0.667 -0.064 -0.997 -0.0 -0.034 -0.064 0.921 -0.0 -0.112 -0.374 0.462 0.0 0.468 -0.753 -0.732 -0.0 -0.679 0.061 -0.992 -0.0 0.059 0.109 0.68 0.0 -0.729 0.083 0.995 0.0 0.023 0.096 
0.999 -0.029 0.037 0.009 -0.742 -0.0 -0.667 -0.064 -0.997 0.0 -0.034 -0.064 0.922 0.0 -0.115 -0.371 0.46 0.0 0.471 -0.752 -0.732 -0.0 -0.679 0.06 -0.992 -0.0 0.059 0.109 0.68 0.0 -0.729 0.084 0.995 -0.0 0.023 0.096 
0.999 -0.029 0.037 0.008 -0.742 -0.0 -0.667 -0.065 -0.997 -0.0 -0.035 -0.065 0.922 -0.0 -0.118 -0.368 0.459 0.0 0.473 -0.752 -0.732 -0.0 -0.679 0.06 -0.992 -0.0 0.059 0.109 0.68 -0.0 -0.729 0.084 0.995 -0.0 0.023 0.097 
0.999 -0.03 0.037 0.007 -0.742 -0.0 -0.667 -0.065 -0.997 -0.0 -0.035 -0.066 0.923 -0.0 -0.121 -0.365 0.458 0.0 0.473 -0.752 -0.732 -0.0 -0.679 0.06 -0.992 -0.0 0.059 0.109 0.68 0.0 -0.729 0.084 0.995 0.0 0.022 0.097 
0.999 -0.03 0.037 0.007 -0.742 -0.0 -0.668 -0.065 -0.997 -0.0 -0.035 -0.067 0.924 0.0 -0.124 -0.362 0.456 0.0 0.474 -0.753 -0.732 -0.0 -0.679 0.06 -0.992 -0.0 0.06 0.108 0.68 0.0 -0.729 0.084 0.995 0.0 0.022 0.097 
0.999 -0.03 0.037 0.006 -0.742 -0.0 -0.668 -0.065 -0.997 -0.0 -0.036 -0.068 0.925 -0.0 -0.127 -0.358 0.455 0.0 0.475 -0.753 -0.732 -0.0 -0.679 0.06 -0.992 -0.0 0.06 0.108 0.68 0.0 -0.729 0.085 0.995 -0.0 0.022 0.097 
0.999 -0.03 0.037 0.005 -0.742 -0.0 -0.668 -0.065 -0.997 -0.0 -0.036 -0.069 0.926 -0.0 -0.131 -0.354 0.453 0.0 0.476 -0.754 -0.731 -0.0 -0.679 0.06 -0.992 -0.0 0.061 0.108 0.68 0.0 -0.729 0.085 0.995 0.0 0.022 0.097 
0.999 -0.03 0.037 0.005 -0.741 -0.0 -0.668 -0.065 -0.997 -0.0 -0.036 -0.071 0.927 -0.0 -0.133 -0.352 0.452 0.0 0.476 -0.754 -0.731 -0.0 -0.679 0.06 -0.992 -0.0 0.06 0.108 0.68 0.0 -0.729 0.084 0.995 0.0 0.023 0.098 
0.999 -0.03 0.037 0.004 -0.741 -0.0 -0.668 -0.065 -0.997 0.0 -0.036 -0.072 0.928 0.0 -0.137 -0.347 0.45 0.0 0.478 -0.755 -0.731 -0.0 -0.68 0.059 -0.992 -0.0 0.06 0.108 0.68 0.0 -0.729 0.084 0.995 0.0 0.022 0.098 
0.999 -0.03 0.037 0.004 -0.741 -0.0 -0.668 -0.065 -0.997 -0.0 -0.037 -0.073 0.929 -0.0 -0.139 -0.344 0.449 0.0 0.479 -0.755 -0.731 -0.0 -0.68 0.06 -0.992 -0.0 0.06 0.108 0.68 0.0 -0.728 0.085 0.995 0.0 0.022 0.098 
0.999 -0.03 0.036 0.003 -0.741 -0.0 -0.669 -0.064 -0.997 0.0 -0.038 -0.075 0.93 0.0 -0.142 -0.339 0.447 0.0 0.481 -0.755 -0.731 -0.0 -0.68 0.059 -0.992 -0.0 0.059 0.108 0.68 0.0 -0.728 0.085 0.995 0.0 0.022 0.098 
0.999 -0.031 0.037 0.001 -0.741 -0.0 -0.669 -0.064 -0.996 -0.0 -0.038 -0.075 0.931 0.0 -0.145 -0.335 0.445 0.0 0.481 -0.755 -0.731 0.0 -0.68 0.059 -0.992 -0.0 0.061 0.108 0.68 0.0 -0.728 0.086 0.995 0.0 0.022 0.098 
0.999 -0.031 0.036 0.0 -0.741 0.0 -0.669 -0.063 -0.996 -0.0 -0.039 -0.077 0.932 0.0 -0.15 -0.331 0.444 -0.0 0.483 -0.755 -0.731 -0.0 -0.68 0.059 -0.992 -0.0 0.06 0.108 0.68 -0.0 -0.728 0.087 0.995 0.0 0.022 0.097 
0.999 -0.031 0.036 -0.001 -0.74 -0.0 -0.669 -0.064 -0.996 -0.0 -0.039 -0.077 0.932 0.0 -0.153 -0.327 0.443 0.0 0.484 -0.755 -0.731 -0.0 -0.68 0.059 -0.992 0.0 0.059 0.108 0.68 -0.0 -0.728 0.087 0.995 0.0 0.022 0.097 
0.999 -0.031 0.036 -0.001 -0.74 -0.0 -0.669 -0.063 -0.996 -0.0 -0.04 -0.078 0.933 0.0 -0.155 -0.324 0.441 0.0 0.485 -0.755 -0.731 0.0 -0.68 0.059 -0.992 -0.0 0.062 0.107 0.68 0.0 -0.728 0.088 0.995 -0.0 0.022 0.097 
0.999 -0.031 0.036 -0.002 -0.74 -0.0 -0.669 -0.063 -0.996 -0.0 -0.04 -0.079 0.934 0.0 -0.157 -0.32 0.44 0.0 0.486 -0.755 -0.731 -0.0 -0.68 0.059 -0.992 -0.0 0.062 0.107 0.681 0.0 -0.727 0.087 0.995 0.0 0.019 0.099 
0.999 -0.031 0.036 -0.003 -0.74 -0.0 -0.669 -0.063 -0.996 -0.0 -0.04 -0.08 0.935 0.0 -0.159 -0.317 0.439 0.0 0.488 -0.755 -0.731 -0.0 -0.68 0.059 -0.992 -0.0 0.061 0.107 0.68 -0.0 -0.728 0.088 0.995 0.0 0.021 0.098 
0.999 -0.031 0.036 -0.003 -0.74 0.0 -0.67 -0.062 -0.996 -0.0 -0.041 -0.08 0.935 0.0 -0.161 -0.315 0.438 0.0 0.489 -0.755 -0.731 -0.0 -0.68 0.058 -0.992 -0.0 0.061 0.108 0.68 0.0 -0.728 0.089 0.995 0.0 0.022 0.098 
0.999 -0.031 0.036 -0.004 -0.74 -0.0 -0.67 -0.062 -0.996 -0.0 -0.04 -0.081 0.936 0.0 -0.163 -0.312 0.436 0.0 0.49 -0.755 -0.731 -0.0 -0.68 0.058 -0.992 -0.0 0.061 0.107 0.68 0.0 -0.728 0.088 0.995 0.0 0.021 0.098 
0.999 -0.031 0.036 -0.004 -0.74 -0.0 -0.67 -0.062 -0.996 -0.0 -0.04 -0.081 0.937 0.0 -0.164 -0.31 0.436 0.0 0.491 -0.755 -0.731 -0.0 -0.68 0.058 -0.992 -0.0 0.061 0.107 0.681 0.0 -0.727 0.087 0.995 0.0 0.019 0.1 
0.999 -0.031 0.036 -0.004 -0.74 0.0 -0.67 -0.062 -0.996 -0.0 -0.04 -0.081 0.937 0.0 -0.165 -0.309 0.436 -0.0 0.491 -0.754 -0.731 0.0 -0.68 0.058 -0.992 -0.0 0.062 0.107 0.681 0.0 -0.727 0.088 0.995 0.0 0.018 0.1 
0.999 -0.032 0.036 -0.005 -0.74 0.0 -0.67 -0.062 -0.996 -0.0 -0.04 -0.081 0.937 0.0 -0.165 -0.308 0.436 0.0 0.491 -0.754 -0.731 -0.0 -0.68 0.058 -0.992 -0.0 0.062 0.108 0.681 0.0 -0.727 0.088 0.995 0.0 0.019 0.1 
0.999 -0.032 0.036 -0.005 -0.74 -0.0 -0.67 -0.061 -0.996 -0.0 -0.04 -0.081 0.937 0.0 -0.165 -0.308 0.437 0.0 0.491 -0.754 -0.731 0.0 -0.68 0.058 -0.992 0.0 0.06 0.108 0.682 0.0 -0.726 0.088 0.995 0.0 0.018 0.1 
0.999 -0.032 0.036 -0.005 -0.74 -0.0 -0.67 -0.061 -0.996 -0.0 -0.04 -0.08 0.937 -0.0 -0.164 -0.308 0.438 0.0 0.491 -0.753 -0.731 0.0 -0.68 0.058 -0.992 -0.0 0.062 0.108 0.682 0.0 -0.726 0.088 0.995 -0.0 0.018 0.1 
0.999 -0.032 0.036 -0.005 -0.74 0.0 -0.67 -0.061 -0.996 -0.0 -0.04 -0.08 0.937 0.0 -0.164 -0.309 0.438 -0.0 0.491 -0.753 -0.731 -0.0 -0.68 0.058 -0.992 -0.0 0.06 0.108 0.681 0.0 -0.727 0.088 0.995 0.0 0.019 0.1 
0.999 -0.032 0.036 -0.005 -0.74 -0.0 -0.67 -0.061 -0.996 -0.0 -0.04 -0.079 0.936 0.0 -0.162 -0.311 0.44 0.0 0.491 -0.752 -0.731 -0.0 -0.68 0.058 -0.992 -0.0 0.061 0.108 0.68 0.0 -0.728 0.089 0.995 0.0 0.021 0.099 
0.999 -0.032 0.036 -0.004 -0.74 -0.0 -0.67 -0.06 -0.996 -0.0 -0.039 -0.079 0.936 -0.0 -0.161 -0.313 0.441 0.0 0.49 -0.752 -0.731 -0.0 -0.68 0.058 -0.992 0.0 0.062 0.108 0.681 0.0 -0.727 0.088 0.995 0.0 0.019 0.1 
0.999 -0.032 0.036 -0.004 -0.741 -0.0 -0.669 -0.06 -0.996 -0.0 -0.039 -0.078 0.935 0.0 -0.16 -0.316 0.443 0.0 0.49 -0.751 -0.731 -0.0 -0.68 0.059 -0.992 -0.0 0.061 0.108 0.681 0.0 -0.727 0.088 0.995 -0.0 0.019 0.1 
0.999 -0.032 0.036 -0.003 -0.741 -0.0 -0.669 -0.06 -0.996 -0.0 -0.039 -0.078 0.935 0.0 -0.158 -0.318 0.444 0.0 0.489 -0.751 -0.731 -0.0 -0.68 0.059 -0.992 -0.0 0.061 0.108 0.681 0.0 -0.727 0.087 0.995 0.0 0.018 0.1 
0.999 -0.032 0.036 -0.003 -0.741 0.0 -0.669 -0.06 -0.996 -0.0 -0.039 -0.077 0.934 0.0 -0.156 -0.321 0.446 0.0 0.487 -0.751 -0.731 -0.0 -0.68 0.059 -0.992 -0.0 0.061 0.108 0.681 0.0 -0.727 0.087 0.995 0.0 0.019 0.101 
0.999 -0.032 0.036 -0.002 -0.741 -0.0 -0.669 -0.06 -0.996 -0.0 -0.038 -0.075 0.933 0.0 -0.155 -0.325 0.447 0.0 0.486 -0.751 -0.731 -0.0 -0.68 0.059 -0.992 -0.0 0.061 0.108 0.681 0.0 -0.727 0.087 0.995 0.0 0.019 0.101 
0.999 -0.032 0.036 -0.002 -0.742 -0.0 -0.668 -0.06 -0.997 0.0 -0.039 -0.074 0.932 0.0 -0.151 -0.33 0.45 0.0 0.484 -0.75 -0.731 -0.0 -0.68 0.059 -0.992 -0.0 0.061 0.108 0.68 0.0 -0.728 0.088 0.995 0.0 0.021 0.099 
0.999 -0.032 0.036 -0.001 -0.741 -0.0 -0.668 -0.06 -0.997 -0.0 -0.037 -0.073 0.931 0.0 -0.149 -0.333 0.452 0.0 0.482 -0.75 -0.731 -0.0 -0.68 0.059 -0.992 -0.0 0.061 0.108 0.68 0.0 -0.728 0.088 0.995 0.0 0.021 0.098 
0.999 -0.032 0.036 -0.0 -0.742 -0.0 -0.668 -0.06 -0.997 -0.0 -0.037 -0.072 0.93 -0.0 -0.146 -0.338 0.454 0.0 0.481 -0.75 -0.731 -0.0 -0.68 0.059 -0.992 -0.0 0.06 0.108 0.68 0.0 -0.728 0.087 0.995 0.0 0.021 0.099 
0.999 -0.031 0.036 0.001 -0.742 -0.0 -0.668 -0.06 -0.997 -0.0 -0.036 -0.071 0.929 0.0 -0.14 -0.343 0.456 0.0 0.479 -0.75 -0.731 -0.0 -0.68 0.059 -0.992 0.0 0.061 0.108 0.68 0.0 -0.728 0.085 0.995 0.0 0.022 0.1 
0.999 -0.031 0.036 0.002 -0.742 -0.0 -0.668 -0.061 -0.997 -0.0 -0.036 -0.07 0.928 0.0 -0.138 -0.347 0.457 0.0 0.477 -0.75 -0.731 -0.0 -0.68 0.058 -0.992 -0.0 0.06 0.109 0.68 0.0 -0.728 0.084 0.995 -0.0 0.021 0.099 
0.999 -0.031 0.037 0.002 -0.742 0.0 -0.667 -0.06 -0.997 0.0 -0.035 -0.068 0.926 0.0 -0.135 -0.352 0.459 0.0 0.475 -0.751 -0.731 -0.0 -0.679 0.059 -0.992 -0.0 0.061 0.109 0.68 -0.0 -0.728 0.085 0.995 0.0 0.021 0.099 
0.999 -0.031 0.037 0.004 -0.743 -0.0 -0.667 -0.06 -0.997 -0.0 -0.035 -0.067 0.924 0.0 -0.131 -0.358 0.463 0.0 0.473 -0.75 -0.731 -0.0 -0.679 0.059 -0.992 -0.0 0.058 0.109 0.68 -0.0 -0.728 0.083 0.995 0.0 0.022 0.1 
0.999 -0.031 0.037 0.003 -0.743 -0.0 -0.667 -0.06 -0.997 -0.0 -0.034 -0.066 0.923 0.0 -0.128 -0.362 0.465 0.0 0.471 -0.749 -0.732 -0.0 -0.679 0.059 -0.992 0.0 0.06 0.109 0.68 0.0 -0.728 0.084 0.995 0.0 0.021 0.099 
0.999 -0.031 0.037 0.004 -0.743 -0.0 -0.666 -0.06 -0.997 -0.0 -0.034 -0.065 0.922 0.0 -0.125 -0.368 0.467 0.0 0.469 -0.75 -0.732 0.0 -0.679 0.059 -0.992 0.0 0.061 0.109 0.68 0.0 -0.728 0.084 0.995 -0.0 0.021 0.099 
0.999 -0.031 0.037 0.005 -0.743 -0.0 -0.666 -0.06 -0.997 -0.0 -0.034 -0.064 0.92 0.0 -0.122 -0.373 0.47 0.0 0.464 -0.751 -0.732 0.0 -0.679 0.059 -0.992 -0.0 0.059 0.109 0.68 0.0 -0.728 0.084 0.995 0.0 0.021 0.098 
0.999 -0.031 0.037 0.005 -0.743 -0.0 -0.666 -0.06 -0.997 -0.0 -0.034 -0.063 0.918 0.0 -0.119 -0.378 0.472 0.0 0.461 -0.751 -0.732 0.0 -0.679 0.059 -0.992 0.0 0.061 0.109 0.68 0.0 -0.728 0.084 0.995 0.0 0.021 0.098 
0.999 -0.031 0.037 0.006 -0.744 -0.0 -0.666 -0.06 -0.998 -0.0 -0.033 -0.062 0.916 0.0 -0.116 -0.383 0.475 0.0 0.459 -0.751 -0.732 -0.0 -0.679 0.059 -0.992 -0.0 0.06 0.109 0.68 -0.0 -0.728 0.083 0.995 0.0 0.021 0.098 
0.999 -0.03 0.037 0.007 -0.744 -0.0 -0.666 -0.06 -0.998 -0.0 -0.033 -0.062 0.915 0.0 -0.114 -0.387 0.475 0.0 0.456 -0.752 -0.732 -0.0 -0.679 0.058 -0.992 -0.0 0.06 0.109 0.68 0.0 -0.729 0.082 0.995 0.0 0.021 0.098 
0.999 -0.03 0.037 0.007 -0.744 -0.0 -0.666 -0.06 -0.998 -0.0 -0.032 -0.061 0.913 0.0 -0.111 -0.392 0.478 0.0 0.455 -0.752 -0.732 -0.0 -0.679 0.059 -0.992 -0.0 0.06 0.109 0.68 0.0 -0.729 0.082 0.995 -0.0 0.021 0.098 
0.999 -0.03 0.037 0.008 -0.744 -0.0 -0.665 -0.06 -0.998 -0.0 -0.032 -0.06 0.911 0.0 -0.108 -0.397 0.48 0.0 0.453 -0.751 -0.732 0.0 -0.679 0.058 -0.992 -0.0 0.06 0.11 0.68 0.0 -0.729 0.08 0.995 0.0 0.021 0.099 
0.999 -0.029 0.037 0.009 -0.744 0.0 -0.665 -0.06 -0.998 0.0 -0.032 -0.06 0.911 0.0 -0.105 -0.4 0.481 0.0 0.453 -0.751 -0.732 -0.0 -0.679 0.057 -0.992 -0.0 0.058 0.11 0.68 -0.0 -0.729 0.079 0.995 0.0 0.021 0.099 
0.999 -0.029 0.037 0.008 -0.744 -0.0 -0.665 -0.06 -0.998 -0.0 -0.032 -0.06 0.91 0.0 -0.105 -0.402 0.481 -0.0 0.452 -0.751 -0.732 -0.0 -0.679 0.057 -0.992 -0.0 0.06 0.11 0.68 0.0 -0.729 0.08 0.995 0.0 0.021 0.098 
0.999 -0.029 0.038 0.008 -0.744 -0.0 -0.665 -0.06 -0.998 -0.0 -0.032 -0.059 0.909 0.0 -0.103 -0.404 0.482 -0.0 0.45 -0.752 -0.732 -0.0 -0.679 0.057 -0.992 -0.0 0.059 0.11 0.68 0.0 -0.729 0.08 0.995 0.0 0.021 0.098 
0.999 -0.029 0.038 0.009 -0.744 -0.0 -0.665 -0.061 -0.998 -0.0 -0.032 -0.059 0.908 0.0 -0.101 -0.407 0.482 0.0 0.449 -0.752 -0.732 -0.0 -0.679 0.057 -0.992 -0.0 0.06 0.11 0.68 -0.0 -0.729 0.079 0.995 0.0 0.021 0.098 
0.999 -0.029 0.038 0.009 -0.744 -0.0 -0.665 -0.061 -0.998 0.0 -0.032 -0.059 0.907 0.0 -0.1 -0.409 0.482 0.0 0.449 -0.752 -0.732 -0.0 -0.679 0.057 -0.992 -0.0 0.059 0.11 0.68 0.0 -0.729 0.079 0.995 0.0 0.021 0.098 
0.999 -0.029 0.038 0.009 -0.744 -0.0 -0.665 -0.061 -0.998 -0.0 -0.032 -0.059 0.906 0.0 -0.099 -0.411 0.483 0.0 0.449 -0.752 -0.732 0.0 -0.679 0.056 -0.992 -0.0 0.058 0.11 0.68 -0.0 -0.729 0.079 0.995 -0.0 0.021 0.098 
0.999 -0.028 0.038 0.009 -0.744 -0.0 -0.665 -0.061 -0.998 -0.0 -0.032 -0.059 0.906 0.0 -0.099 -0.411 0.483 0.0 0.449 -0.752 -0.732 0.0 -0.679 0.056 -0.992 -0.0 0.058 0.11 0.68 0.0 -0.729 0.078 0.995 0.0 0.02 0.098 
0.999 -0.028 0.038 0.009 -0.744 0.0 -0.665 -0.062 -0.998 -0.0 -0.032 -0.059 0.906 0.0 -0.098 -0.412 0.482 0.0 0.45 -0.752 -0.732 -0.0 -0.679 0.056 -0.992 -0.0 0.059 0.11 0.68 0.0 -0.729 0.078 0.995 0.0 0.02 0.097 
0.999 -0.028 0.038 0.009 -0.744 -0.0 -0.665 -0.062 -0.998 -0.0 -0.032 -0.059 0.906 -0.0 -0.098 -0.413 0.482 0.0 0.45 -0.752 -0.732 -0.0 -0.679 0.056 -0.992 -0.0 0.058 0.109 0.68 0.0 -0.729 0.078 0.995 0.0 0.02 0.097 
0.999 -0.028 0.038 0.009 -0.744 -0.0 -0.665 -0.062 -0.998 -0.0 -0.032 -0.06 0.906 0.0 -0.099 -0.413 0.481 0.0 0.451 -0.752 -0.732 -0.0 -0.679 0.056 -0.992 -0.0 0.059 0.11 0.68 -0.0 -0.729 0.078 0.995 0.0 0.02 0.097 
0.999 -0.028 0.038 0.008 -0.744 -0.0 -0.665 -0.062 -0.998 -0.0 -0.032 -0.06 0.906 0.0 -0.1 -0.412 0.48 0.0 0.452 -0.752 -0.732 -0.0 -0.679 0.056 -0.992 -0.0 0.058 0.109 0.68 0.0 -0.729 0.078 0.995 0.0 0.02 0.097 
0.999 -0.028 0.038 0.008 -0.744 0.0 -0.665 -0.063 -0.998 -0.0 -0.032 -0.061 0.906 0.0 -0.101 -0.411 0.479 0.0 0.453 -0.752 -0.732 -0.0 -0.679 0.055 -0.992 -0.0 0.059 0.109 0.68 0.0 -0.729 0.078 0.995 0.0 0.02 0.097 
0.999 -0.028 0.038 0.008 -0.744 -0.0 -0.665 -0.063 -0.998 -0.0 -0.033 -0.061 0.907 -0.0 -0.103 -0.409 0.477 0.0 0.455 -0.752 -0.732 -0.0 -0.679 0.055 -0.992 -0.0 0.059 0.109 0.68 0.0 -0.729 0.078 0.995 0.0 0.02 0.097 
0.999 -0.028 0.038 0.007 -0.744 -0.0 -0.665 -0.063 -0.998 -0.0 -0.032 -0.062 0.907 -0.0 -0.105 -0.407 0.475 0.0 0.456 -0.752 -0.732 -0.0 -0.679 0.055 -0.992 -0.0 0.058 0.109 0.68 0.0 -0.729 0.078 0.995 0.0 0.021 0.097 
0.999 -0.028 0.038 0.007 -0.744 -0.0 -0.665 -0.063 -0.997 -0.0 -0.033 -0.063 0.908 0.0 -0.106 -0.405 0.475 -0.0 0.458 -0.752 -0.732 0.0 -0.679 0.056 -0.992 -0.0 0.059 0.108 0.68 0.0 -0.729 0.079 0.995 0.0 0.021 0.097 
0.999 -0.028 0.038 0.007 -0.744 -0.0 -0.665 -0.064 -0.997 -0.0 -0.033 -0.064 0.909 -0.0 -0.109 -0.403 0.473 0.0 0.46 -0.752 -0.732 -0.0 -0.679 0.055 -0.992 -0.0 0.06 0.109 0.68 0.0 -0.729 0.079 0.995 0.0 0.02 0.097 
0.999 -0.028 0.038 0.006 -0.744 -0.0 -0.666 -0.064 -0.997 -0.0 -0.033 -0.064 0.909 0.0 -0.111 -0.401 0.471 0.0 0.462 -0.751 -0.732 -0.0 -0.679 0.055 -0.992 -0.0 0.059 0.108 0.681 0.0 -0.728 0.078 0.995 0.0 0.018 0.099 
0.999 -0.028 0.037 0.006 -0.743 -0.0 -0.666 -0.064 -0.997 -0.0 -0.033 -0.065 0.91 0.0 -0.114 -0.399 0.469 0.0 0.463 -0.752 -0.732 -0.0 -0.679 0.055 -0.992 -0.0 0.06 0.108 0.68 -0.0 -0.729 0.078 0.995 0.0 0.021 0.098 
0.999 -0.028 0.037 0.006 -0.743 -0.0 -0.666 -0.065 -0.997 -0.0 -0.034 -0.066 0.911 0.0 -0.118 -0.395 0.466 0.0 0.465 -0.753 -0.731 -0.0 -0.68 0.055 -0.992 -0.0 0.059 0.108 0.68 0.0 -0.729 0.078 0.995 0.0 0.021 0.098 
0.999 -0.029 0.037 0.004 -0.743 -0.0 -0.666 -0.064 -0.997 -0.0 -0.035 -0.067 0.912 0.0 -0.121 -0.391 0.464 0.0 0.468 -0.752 -0.732 -0.0 -0.68 0.056 -0.992 -0.0 0.06 0.108 0.68 0.0 -0.729 0.08 0.995 -0.0 0.02 0.097 
0.999 -0.029 0.037 0.005 -0.743 0.0 -0.666 -0.065 -0.997 0.0 -0.035 -0.069 0.913 0.0 -0.124 -0.388 0.461 0.0 0.471 -0.752 -0.731 -0.0 -0.68 0.056 -0.992 -0.0 0.059 0.108 0.68 0.0 -0.729 0.079 0.995 -0.0 0.021 0.098 
0.999 -0.029 0.037 0.003 -0.743 0.0 -0.666 -0.064 -0.997 -0.0 -0.035 -0.07 0.915 0.0 -0.128 -0.382 0.458 0.0 0.473 -0.752 -0.731 -0.0 -0.68 0.056 -0.992 -0.0 0.061 0.107 0.68 -0.0 -0.728 0.081 0.995 0.0 0.021 0.097 
0.999 -0.029 0.037 0.002 -0.743 -0.0 -0.666 -0.065 -0.997 -0.0 -0.036 -0.071 0.916 0.0 -0.131 -0.378 0.456 0.0 0.476 -0.752 -0.731 -0.0 -0.68 0.056 -0.992 0.0 0.061 0.107 0.68 0.0 -0.729 0.081 0.995 0.0 0.021 0.097 
0.999 -0.03 0.037 0.002 -0.743 -0.0 -0.666 -0.064 -0.997 -0.0 -0.036 -0.072 0.918 0.0 -0.133 -0.375 0.454 0.0 0.483 -0.749 -0.731 -0.0 -0.68 0.056 -0.992 0.0 0.061 0.107 0.68 0.0 -0.728 0.082 0.995 0.0 0.021 0.097 
0.999 -0.03 0.037 0.001 -0.743 -0.0 -0.666 -0.064 -0.997 -0.0 -0.037 -0.073 0.919 0.0 -0.136 -0.371 0.452 0.0 0.486 -0.748 -0.731 -0.0 -0.68 0.056 -0.992 -0.0 0.061 0.107 0.68 -0.0 -0.728 0.083 0.995 0.0 0.021 0.098 
0.999 -0.03 0.037 0.0 -0.743 -0.0 -0.666 -0.064 -0.997 -0.0 -0.037 -0.074 0.92 0.0 -0.139 -0.367 0.45 0.0 0.489 -0.747 -0.731 -0.0 -0.68 0.056 -0.992 -0.0 0.061 0.107 0.681 0.0 -0.728 0.083 0.995 0.0 0.021 0.098 
0.999 -0.03 0.037 -0.0 -0.743 -0.0 -0.666 -0.064 -0.996 -0.0 -0.038 -0.076 0.921 0.0 -0.143 -0.363 0.447 -0.0 0.492 -0.747 -0.731 -0.0 -0.68 0.056 -0.992 -0.0 0.06 0.107 0.681 0.0 -0.728 0.083 0.995 0.0 0.021 0.098 
0.999 -0.03 0.037 0.0 -0.743 -0.0 -0.666 -0.064 -0.996 -0.0 -0.038 -0.077 0.922 -0.0 -0.145 -0.36 0.446 0.0 0.495 -0.746 -0.731 -0.0 -0.681 0.056 -0.992 -0.0 0.06 0.108 0.681 0.0 -0.728 0.082 0.995 0.0 0.021 0.099 
0.999 -0.03 0.037 -0.001 -0.743 -0.0 -0.666 -0.063 -0.996 -0.0 -0.039 -0.078 0.923 0.0 -0.147 -0.356 0.445 0.0 0.498 -0.744 -0.731 -0.0 -0.68 0.056 -0.992 -0.0 0.061 0.107 0.681 -0.0 -0.728 0.084 0.995 0.0 0.021 0.098 
0.999 -0.03 0.036 -0.001 -0.743 -0.0 -0.666 -0.063 -0.996 -0.0 -0.039 -0.079 0.923 0.0 -0.149 -0.354 0.443 0.0 0.501 -0.743 -0.73 -0.0 -0.681 0.056 -0.992 0.0 0.06 0.108 0.681 0.0 -0.728 0.083 0.995 0.0 0.021 0.099 
0.999 -0.031 0.036 -0.003 -0.743 -0.0 -0.666 -0.063 -0.996 -0.0 -0.04 -0.08 0.925 0.0 -0.152 -0.349 0.441 0.0 0.504 -0.742 -0.73 -0.0 -0.681 0.056 -0.992 -0.0 0.06 0.108 0.682 0.0 -0.726 0.084 0.995 0.0 0.018 0.1 
0.999 -0.031 0.036 -0.003 -0.743 0.0 -0.666 -0.063 -0.996 -0.0 -0.04 -0.08 0.925 0.0 -0.153 -0.348 0.44 0.0 0.508 -0.741 -0.73 -0.0 -0.681 0.056 -0.992 -0.0 0.061 0.108 0.681 0.0 -0.727 0.085 0.995 0.0 0.021 0.099 
0.999 -0.031 0.036 -0.004 -0.743 0.0 -0.666 -0.063 -0.996 0.0 -0.04 -0.081 0.925 0.0 -0.155 -0.346 0.439 0.0 0.51 -0.739 -0.73 -0.0 -0.681 0.056 -0.992 -0.0 0.061 0.108 0.682 0.0 -0.726 0.084 0.995 0.0 0.018 0.101 
0.999 -0.031 0.036 -0.004 -0.743 -0.0 -0.666 -0.062 -0.996 -0.0 -0.041 -0.081 0.926 0.0 -0.156 -0.344 0.438 0.0 0.513 -0.739 -0.73 -0.0 -0.681 0.056 -0.992 -0.0 0.061 0.108 0.682 0.0 -0.727 0.086 0.995 -0.0 0.02 0.099 
0.999 -0.031 0.036 -0.004 -0.743 -0.0 -0.666 -0.062 -0.996 0.0 -0.041 -0.081 0.926 0.0 -0.157 -0.343 0.437 0.0 0.515 -0.737 -0.73 -0.0 -0.681 0.056 -0.992 -0.0 0.062 0.108 0.683 -0.0 -0.726 0.085 0.995 -0.0 0.018 0.101 
0.999 -0.032 0.036 -0.005 -0.743 -0.0 -0.666 -0.062 -0.996 -0.0 -0.041 -0.081 0.926 -0.0 -0.159 -0.341 0.437 0.0 0.517 -0.736 -0.73 -0.0 -0.681 0.057 -0.992 -0.0 0.061 0.108 0.682 0.0 -0.727 0.087 0.995 0.0 0.02 0.099 
0.999 -0.032 0.036 -0.005 -0.744 -0.0 -0.666 -0.062 -0.996 -0.0 -0.041 -0.081 0.927 0.0 -0.16 -0.34 0.437 -0.0 0.518 -0.736 -0.73 -0.0 -0.681 0.057 -0.992 -0.0 0.062 0.108 0.683 0.0 -0.726 0.085 0.995 -0.0 0.018 0.101 
0.999 -0.032 0.036 -0.005 -0.744 -0.0 -0.666 -0.062 -0.996 -0.0 -0.041 -0.081 0.926 -0.0 -0.162 -0.341 0.438 0.0 0.519 -0.734 -0.73 -0.0 -0.681 0.057 -0.992 -0.0 0.059 0.108 0.683 0.0 -0.726 0.086 0.995 0.0 0.018 0.102 
0.999 -0.032 0.036 -0.005 -0.744 0.0 -0.666 -0.062 -0.996 -0.0 -0.041 -0.08 0.926 -0.0 -0.163 -0.341 0.439 0.0 0.52 -0.733 -0.73 -0.0 -0.681 0.057 -0.992 -0.0 0.062 0.108 0.683 0.0 -0.726 0.086 0.995 -0.0 0.018 0.101 
0.999 -0.032 0.036 -0.005 -0.744 -0.0 -0.665 -0.062 -0.996 -0.0 -0.041 -0.08 0.926 0.0 -0.163 -0.341 0.439 0.0 0.52 -0.733 -0.73 -0.0 -0.681 0.057 -0.992 -0.0 0.06 0.108 0.683 0.0 -0.726 0.086 0.995 0.0 0.018 0.102 
0.999 -0.032 0.036 -0.005 -0.745 -0.0 -0.665 -0.063 -0.996 -0.0 -0.042 -0.079 0.925 0.0 -0.162 -0.343 0.44 -0.0 0.52 -0.732 -0.73 -0.0 -0.681 0.057 -0.992 -0.0 0.06 0.108 0.682 0.0 -0.726 0.087 0.995 0.0 0.02 0.1 
0.999 -0.032 0.036 -0.004 -0.745 -0.0 -0.664 -0.063 -0.996 -0.0 -0.041 -0.078 0.926 0.0 -0.159 -0.344 0.441 -0.0 0.52 -0.732 -0.73 0.0 -0.681 0.057 -0.992 0.0 0.062 0.109 0.682 0.0 -0.726 0.087 0.995 0.0 0.02 0.1 
0.999 -0.032 0.036 -0.004 -0.745 -0.0 -0.664 -0.063 -0.996 -0.0 -0.041 -0.077 0.925 0.0 -0.157 -0.347 0.443 -0.0 0.521 -0.73 -0.73 -0.0 -0.681 0.058 -0.992 -0.0 0.062 0.109 0.682 0.0 -0.726 0.087 0.995 0.0 0.02 0.1 
0.999 -0.033 0.036 -0.004 -0.745 0.0 -0.664 -0.063 -0.996 -0.0 -0.041 -0.077 0.924 0.0 -0.156 -0.349 0.445 0.0 0.519 -0.729 -0.73 -0.0 -0.681 0.058 -0.992 -0.0 0.06 0.109 0.682 0.0 -0.726 0.087 0.995 0.0 0.021 0.1 
0.999 -0.033 0.036 -0.003 -0.745 -0.0 -0.664 -0.063 -0.996 -0.0 -0.04 -0.076 0.923 0.0 -0.155 -0.351 0.447 0.0 0.519 -0.728 -0.73 -0.0 -0.681 0.058 -0.992 -0.0 0.061 0.109 0.682 0.0 -0.726 0.087 0.995 0.0 0.02 0.101 
0.999 -0.033 0.036 -0.003 -0.746 -0.0 -0.663 -0.063 -0.996 0.0 -0.04 -0.075 0.923 0.0 -0.154 -0.353 0.449 0.0 0.517 -0.728 -0.73 -0.0 -0.681 0.059 -0.992 -0.0 0.062 0.109 0.682 0.0 -0.726 0.087 0.995 -0.0 0.02 0.101 
0.999 -0.033 0.036 -0.002 -0.746 -0.0 -0.663 -0.063 -0.997 -0.0 -0.039 -0.074 0.921 0.0 -0.151 -0.358 0.452 0.0 0.517 -0.727 -0.73 -0.0 -0.681 0.059 -0.992 -0.0 0.062 0.109 0.682 -0.0 -0.726 0.087 0.995 0.0 0.021 0.101 
0.999 -0.033 0.036 -0.002 -0.746 -0.0 -0.663 -0.063 -0.997 0.0 -0.039 -0.073 0.921 0.0 -0.15 -0.36 0.454 0.0 0.516 -0.727 -0.73 -0.0 -0.681 0.059 -0.992 -0.0 0.06 0.109 0.682 0.0 -0.726 0.087 0.995 -0.0 0.02 0.101 
0.999 -0.033 0.036 -0.001 -0.746 0.0 -0.663 -0.063 -0.997 -0.0 -0.039 -0.072 0.92 0.0 -0.147 -0.363 0.456 0.0 0.515 -0.726 -0.73 -0.0 -0.681 0.059 -0.992 -0.0 0.06 0.109 0.682 0.0 -0.726 0.087 0.995 0.0 0.02 0.101 
0.999 -0.033 0.036 -0.0 -0.746 0.0 -0.662 -0.063 -0.997 -0.0 -0.038 -0.071 0.919 0.0 -0.145 -0.368 0.458 0.0 0.515 -0.725 -0.73 -0.0 -0.681 0.059 -0.992 -0.0 0.06 0.109 0.682 0.0 -0.726 0.086 0.995 0.0 0.021 0.101 
0.999 -0.032 0.036 0.0 -0.747 -0.0 -0.662 -0.064 -0.997 -0.0 -0.038 -0.07 0.917 0.0 -0.142 -0.372 0.46 0.0 0.513 -0.724 -0.73 -0.0 -0.68 0.059 -0.992 -0.0 0.06 0.109 0.681 0.0 -0.727 0.085 0.995 -0.0 0.021 0.101 
0.999 -0.032 0.036 0.002 -0.747 -0.0 -0.662 -0.063 -0.997 0.0 -0.037 -0.069 0.916 0.0 -0.139 -0.377 0.464 0.0 0.509 -0.725 -0.73 -0.0 -0.681 0.059 -0.992 -0.0 0.06 0.11 0.681 0.0 -0.727 0.084 0.995 0.0 0.021 0.102 
0.999 -0.032 0.036 0.002 -0.747 0.0 -0.661 -0.063 -0.997 -0.0 -0.037 -0.069 0.914 0.0 -0.136 -0.382 0.467 0.0 0.508 -0.724 -0.731 -0.0 -0.68 0.059 -0.992 -0.0 0.06 0.11 0.681 0.0 -0.727 0.083 0.995 0.0 0.021 0.102 
0.999 -0.032 0.036 0.003 -0.747 -0.0 -0.661 -0.063 -0.997 -0.0 -0.036 -0.068 0.913 0.0 -0.132 -0.386 0.47 0.0 0.506 -0.723 -0.731 -0.0 -0.68 0.059 -0.992 -0.0 0.06 0.11 0.681 0.0 -0.727 0.083 0.995 0.0 0.021 0.102 
0.999 -0.032 0.037 0.003 -0.748 0.0 -0.661 -0.063 -0.997 0.0 -0.037 -0.067 0.912 0.0 -0.129 -0.39 0.474 -0.0 0.503 -0.723 -0.731 -0.0 -0.68 0.059 -0.992 -0.0 0.061 0.11 0.681 -0.0 -0.727 0.085 0.995 0.0 0.021 0.101 
0.999 -0.032 0.037 0.003 -0.748 -0.0 -0.661 -0.063 -0.997 -0.0 -0.036 -0.066 0.911 0.0 -0.125 -0.394 0.477 0.0 0.502 -0.722 -0.731 -0.0 -0.68 0.059 -0.992 -0.0 0.059 0.109 0.681 0.0 -0.727 0.084 0.995 0.0 0.021 0.1 
0.999 -0.032 0.037 0.004 -0.748 -0.0 -0.661 -0.062 -0.997 0.0 -0.036 -0.066 0.909 0.0 -0.122 -0.399 0.48 0.0 0.499 -0.721 -0.731 -0.0 -0.68 0.06 -0.992 -0.0 0.059 0.109 0.681 0.0 -0.727 0.084 0.995 0.0 0.021 0.1 
0.999 -0.032 0.037 0.004 -0.749 -0.0 -0.66 -0.062 -0.997 0.0 -0.036 -0.065 0.908 0.0 -0.118 -0.403 0.483 0.0 0.498 -0.721 -0.731 -0.0 -0.68 0.06 -0.992 -0.0 0.06 0.11 0.681 0.0 -0.728 0.084 0.995 0.0 0.021 0.1 
0.999 -0.032 0.037 0.005 -0.749 -0.0 -0.66 -0.062 -0.997 0.0 -0.036 -0.064 0.906 -0.0 -0.114 -0.407 0.486 0.0 0.495 -0.72 -0.731 0.0 -0.68 0.06 -0.992 -0.0 0.059 0.11 0.681 0.0 -0.727 0.084 0.995 0.0 0.022 0.1 
0.999 -0.032 0.037 0.006 -0.749 -0.0 -0.66 -0.063 -0.997 -0.0 -0.036 -0.063 0.905 -0.0 -0.11 -0.41 0.489 -0.0 0.492 -0.72 -0.731 -0.0 -0.68 0.06 -0.992 -0.0 0.059 0.109 0.681 0.0 -0.727 0.084 0.995 0.0 0.022 0.099 
0.999 -0.032 0.037 0.006 -0.749 -0.0 -0.659 -0.063 -0.997 -0.0 -0.036 -0.063 0.904 0.0 -0.107 -0.414 0.492 0.0 0.489 -0.72 -0.731 -0.0 -0.68 0.06 -0.992 -0.0 0.059 0.109 0.681 0.0 -0.728 0.083 0.995 0.0 0.022 0.099 
0.999 -0.031 0.037 0.007 -0.749 -0.0 -0.659 -0.063 -0.997 -0.0 -0.035 -0.062 0.903 -0.0 -0.104 -0.417 0.494 0.0 0.486 -0.721 -0.731 -0.0 -0.68 0.06 -0.992 -0.0 0.06 0.109 0.681 0.0 -0.728 0.083 0.995 0.0 0.022 0.099 
0.999 -0.031 0.037 0.007 -0.75 -0.0 -0.659 -0.063 -0.997 -0.0 -0.035 -0.062 0.902 -0.0 -0.1 -0.42 0.497 0.0 0.487 -0.718 -0.731 -0.0 -0.68 0.06 -0.992 -0.0 0.059 0.109 0.681 0.0 -0.728 0.083 0.995 0.0 0.022 0.099 
0.999 -0.031 0.037 0.008 -0.75 -0.0 -0.659 -0.063 -0.997 -0.0 -0.035 -0.062 0.901 0.0 -0.096 -0.423 0.5 -0.0 0.484 -0.718 -0.731 -0.0 -0.68 0.061 -0.992 -0.0 0.06 0.109 0.681 0.0 -0.728 0.083 0.995 0.0 0.022 0.099 
0.999 -0.031 0.038 0.008 -0.75 -0.0 -0.659 -0.063 -0.998 -0.0 -0.035 -0.061 0.9 0.0 -0.092 -0.425 0.502 0.0 0.482 -0.718 -0.731 -0.0 -0.68 0.061 -0.992 -0.0 0.059 0.109 0.681 0.0 -0.728 0.083 0.995 -0.0 0.022 0.098 
0.999 -0.031 0.038 0.008 -0.75 -0.0 -0.658 -0.063 -0.998 -0.0 -0.034 -0.061 0.899 0.0 -0.089 -0.428 0.505 -0.0 0.477 -0.72 -0.731 -0.0 -0.68 0.061 -0.992 -0.0 0.059 0.109 0.681 -0.0 -0.728 0.083 0.995 0.0 0.022 0.098 
0.999 -0.031 0.037 0.009 -0.75 -0.0 -0.658 -0.064 -0.998 -0.0 -0.034 -0.061 0.899 0.0 -0.084 -0.431 0.507 0.0 0.474 -0.72 -0.731 -0.0 -0.68 0.061 -0.992 -0.0 0.06 0.109 0.681 0.0 -0.728 0.082 0.995 -0.0 0.023 0.099 
0.999 -0.032 0.038 0.008 -0.75 -0.0 -0.658 -0.064 -0.998 -0.0 -0.034 -0.061 0.899 0.0 -0.083 -0.43 0.508 0.0 0.47 -0.722 -0.731 0.0 -0.68 0.061 -0.992 -0.0 0.06 0.109 0.681 -0.0 -0.728 0.084 0.995 -0.0 0.022 0.097 
0.999 -0.032 0.038 0.008 -0.75 0.0 -0.658 -0.064 -0.998 -0.0 -0.034 -0.061 0.899 -0.0 -0.08 -0.43 0.509 -0.0 0.467 -0.723 -0.731 -0.0 -0.68 0.061 -0.992 -0.0 0.058 0.109 0.681 0.0 -0.728 0.084 0.995 0.0 0.022 0.097 
0.999 -0.032 0.037 0.008 -0.75 -0.0 -0.658 -0.063 -0.998 0.0 -0.034 -0.061 0.899 0.0 -0.078 -0.431 0.51 0.0 0.464 -0.724 -0.731 -0.0 -0.68 0.062 -0.992 -0.0 0.06 0.109 0.681 0.0 -0.728 0.084 0.995 0.0 0.023 0.097 
0.999 -0.032 0.037 0.008 -0.75 0.0 -0.658 -0.064 -0.998 -0.0 -0.034 -0.061 0.899 0.0 -0.076 -0.43 0.51 0.0 0.461 -0.726 -0.731 -0.0 -0.68 0.062 -0.992 -0.0 0.06 0.109 0.681 0.0 -0.728 0.085 0.995 0.0 0.023 0.097 
0.999 -0.032 0.037 0.008 -0.75 -0.0 -0.658 -0.064 -0.997 -0.0 -0.034 -0.062 0.9 0.0 -0.073 -0.429 0.51 0.0 0.459 -0.728 -0.731 0.0 -0.68 0.062 -0.992 -0.0 0.059 0.108 0.681 0.0 -0.728 0.085 0.995 0.0 0.023 0.097 
0.999 -0.032 0.037 0.007 -0.75 -0.0 -0.659 -0.063 -0.997 -0.0 -0.033 -0.063 0.901 0.0 -0.072 -0.427 0.51 0.0 0.456 -0.729 -0.731 -0.0 -0.68 0.062 -0.992 -0.0 0.06 0.109 0.681 0.0 -0.727 0.085 0.995 -0.0 0.023 0.097 
0.999 -0.032 0.037 0.007 -0.75 -0.0 -0.659 -0.064 -0.997 -0.0 -0.033 -0.063 0.902 -0.0 -0.071 -0.425 0.509 0.0 0.454 -0.731 -0.731 -0.0 -0.68 0.062 -0.992 -0.0 0.058 0.109 0.681 0.0 -0.727 0.086 0.995 0.0 0.023 0.096 
0.999 -0.033 0.037 0.006 -0.75 -0.0 -0.659 -0.064 -0.997 -0.0 -0.034 -0.064 0.903 0.0 -0.07 -0.423 0.509 0.0 0.452 -0.733 -0.731 -0.0 -0.68 0.062 -0.992 -0.0 0.06 0.109 0.681 0.0 -0.727 0.087 0.995 0.0 0.023 0.097 
0.999 -0.033 0.037 0.006 -0.75 -0.0 -0.659 -0.064 -0.997 0.0 -0.034 -0.064 0.905 0.0 -0.07 -0.42 0.508 0.0 0.45 -0.735 -0.731 -0.0 -0.68 0.062 -0.992 -0.0 0.059 0.109 0.681 0.0 -0.727 0.087 0.995 0.0 0.023 0.096 
0.999 -0.033 0.037 0.005 -0.749 0.0 -0.659 -0.065 -0.997 -0.0 -0.034 -0.064 0.906 0.0 -0.071 -0.417 0.507 0.0 0.448 -0.737 -0.73 -0.0 -0.68 0.062 -0.992 -0.0 0.06 0.109 0.681 0.0 -0.727 0.088 0.995 0.0 0.023 0.096 
0.999 -0.033 0.037 0.004 -0.749 -0.0 -0.659 -0.065 -0.997 -0.0 -0.034 -0.065 0.908 0.0 -0.071 -0.414 0.506 0.0 0.447 -0.738 -0.73 -0.0 -0.68 0.062 -0.992 -0.0 0.058 0.109 0.681 0.0 -0.727 0.088 0.995 0.0 0.023 0.097 
0.999 -0.033 0.037 0.003 -0.749 -0.0 -0.659 -0.065 -0.997 -0.0 -0.034 -0.066 0.909 0.0 -0.072 -0.41 0.504 0.0 0.447 -0.739 -0.73 -0.0 -0.68 0.062 -0.992 0.0 0.061 0.109 0.681 -0.0 -0.727 0.089 0.995 0.0 0.023 0.097 
0.999 -0.033 0.036 0.003 -0.749 -0.0 -0.66 -0.065 -0.997 0.0 -0.034 -0.067 0.911 0.0 -0.073 -0.407 0.503 -0.0 0.446 -0.741 -0.73 -0.0 -0.681 0.062 -0.992 -0.0 0.06 0.109 0.681 0.0 -0.727 0.088 0.995 0.0 0.023 0.098 
0.999 -0.034 0.037 0.002 -0.749 -0.0 -0.66 -0.065 -0.997 -0.0 -0.035 -0.067 0.913 -0.0 -0.075 -0.402 0.5 0.0 0.446 -0.742 -0.73 -0.0 -0.68 0.062 -0.992 -0.0 0.061 0.109 0.681 0.0 -0.726 0.09 0.995 -0.0 0.023 0.097 
0.999 -0.034 0.036 0.001 -0.748 -0.0 -0.66 -0.065 -0.997 -0.0 -0.035 -0.068 0.915 0.0 -0.077 -0.397 0.499 0.0 0.447 -0.742 -0.73 -0.0 -0.681 0.062 -0.992 -0.0 0.061 0.109 0.681 -0.0 -0.726 0.091 0.995 -0.0 0.022 0.097 
0.999 -0.035 0.036 0.0 -0.748 -0.0 -0.66 -0.065 -0.997 -0.0 -0.035 -0.069 0.916 0.0 -0.079 -0.392 0.497 0.0 0.447 -0.744 -0.73 -0.0 -0.681 0.063 -0.992 0.0 0.062 0.109 0.682 0.0 -0.726 0.091 0.995 0.0 0.022 0.097 
0.999 -0.035 0.036 -0.001 -0.748 -0.0 -0.661 -0.065 -0.997 -0.0 -0.036 -0.071 0.918 -0.0 -0.081 -0.388 0.495 0.0 0.448 -0.744 -0.73 -0.0 -0.681 0.063 -0.992 -0.0 0.061 0.109 0.682 0.0 -0.726 0.092 0.995 0.0 0.023 0.098 
0.999 -0.035 0.036 -0.002 -0.748 -0.0 -0.661 -0.065 -0.997 -0.0 -0.036 -0.072 0.92 0.0 -0.084 -0.382 0.493 0.0 0.447 -0.747 -0.73 -0.0 -0.681 0.063 -0.992 -0.0 0.062 0.108 0.682 0.0 -0.726 0.093 0.995 0.0 0.022 0.098 
0.999 -0.036 0.036 -0.003 -0.748 -0.0 -0.661 -0.065 -0.997 -0.0 -0.037 -0.073 0.922 -0.0 -0.087 -0.377 0.49 0.0 0.447 -0.748 -0.73 -0.0 -0.681 0.063 -0.992 -0.0 0.061 0.108 0.683 0.0 -0.725 0.092 0.995 -0.0 0.02 0.1 
0.999 -0.036 0.036 -0.004 -0.748 -0.0 -0.661 -0.064 -0.997 -0.0 -0.037 -0.074 0.924 -0.0 -0.09 -0.373 0.489 0.0 0.447 -0.749 -0.73 -0.0 -0.681 0.064 -0.992 -0.0 0.063 0.108 0.683 0.0 -0.725 0.093 0.995 0.0 0.02 0.1 
0.999 -0.036 0.035 -0.004 -0.747 -0.0 -0.661 -0.064 -0.996 -0.0 -0.038 -0.075 0.925 0.0 -0.093 -0.368 0.488 0.0 0.448 -0.75 -0.729 -0.0 -0.681 0.064 -0.992 -0.0 0.063 0.108 0.683 0.0 -0.725 0.093 0.995 -0.0 0.02 0.101 
0.999 -0.037 0.035 -0.005 -0.747 -0.0 -0.662 -0.064 -0.996 0.0 -0.038 -0.076 0.927 0.0 -0.096 -0.363 0.486 0.0 0.448 -0.751 -0.729 -0.0 -0.681 0.064 -0.992 -0.0 0.062 0.108 0.682 0.0 -0.725 0.095 0.995 0.0 0.023 0.1 
0.999 -0.037 0.035 -0.007 -0.747 -0.0 -0.662 -0.064 -0.996 -0.0 -0.039 -0.076 0.929 0.0 -0.1 -0.356 0.484 0.0 0.448 -0.752 -0.729 -0.0 -0.681 0.063 -0.992 -0.0 0.062 0.108 0.683 0.0 -0.724 0.096 0.995 -0.0 0.019 0.101 
0.999 -0.038 0.035 -0.009 -0.747 0.0 -0.662 -0.064 -0.996 -0.0 -0.039 -0.077 0.931 -0.0 -0.103 -0.35 0.482 0.0 0.448 -0.753 -0.729 -0.0 -0.681 0.064 -0.992 -0.0 0.064 0.108 0.683 0.0 -0.724 0.097 0.995 -0.0 0.019 0.1 
0.999 -0.038 0.035 -0.01 -0.746 -0.0 -0.662 -0.064 -0.996 0.0 -0.04 -0.078 0.933 0.0 -0.106 -0.344 0.48 -0.0 0.448 -0.754 -0.729 -0.0 -0.681 0.064 -0.992 -0.0 0.063 0.108 0.683 0.0 -0.724 0.098 0.995 0.0 0.019 0.101 
0.999 -0.038 0.035 -0.01 -0.746 -0.0 -0.663 -0.064 -0.996 -0.0 -0.04 -0.078 0.935 0.0 -0.108 -0.339 0.479 0.0 0.448 -0.755 -0.729 0.0 -0.681 0.065 -0.992 -0.0 0.063 0.108 0.683 0.0 -0.723 0.099 0.995 0.0 0.019 0.101 
0.999 -0.039 0.035 -0.011 -0.746 -0.0 -0.663 -0.063 -0.996 -0.0 -0.04 -0.079 0.936 0.0 -0.113 -0.334 0.478 0.0 0.449 -0.755 -0.729 -0.0 -0.681 0.065 -0.992 0.0 0.064 0.107 0.683 0.0 -0.723 0.1 0.995 0.0 0.019 0.101 
0.999 -0.039 0.035 -0.012 -0.746 0.0 -0.663 -0.063 -0.996 -0.0 -0.04 -0.08 0.937 0.0 -0.115 -0.329 0.477 0.0 0.449 -0.756 -0.729 0.0 -0.681 0.066 -0.992 -0.0 0.063 0.107 0.683 -0.0 -0.723 0.1 0.995 0.0 0.019 0.101 
0.999 -0.04 0.034 -0.013 -0.746 -0.0 -0.663 -0.062 -0.996 -0.0 -0.04 -0.08 0.939 -0.0 -0.116 -0.325 0.476 0.0 0.449 -0.756 -0.729 -0.0 -0.681 0.066 -0.992 -0.0 0.065 0.107 0.683 -0.0 -0.723 0.101 0.995 -0.0 0.019 0.101 
0.999 -0.04 0.035 -0.013 -0.746 -0.0 -0.663 -0.062 -0.996 -0.0 -0.04 -0.08 0.94 0.0 -0.118 -0.321 0.476 0.0 0.448 -0.757 -0.729 -0.0 -0.681 0.067 -0.992 -0.0 0.064 0.107 0.683 0.0 -0.723 0.102 0.995 0.0 0.019 0.101 
0.998 -0.04 0.034 -0.014 -0.746 0.0 -0.664 -0.061 -0.996 -0.0 -0.041 -0.081 0.941 0.0 -0.119 -0.318 0.475 0.0 0.448 -0.757 -0.729 -0.0 -0.681 0.067 -0.992 -0.0 0.063 0.106 0.683 0.0 -0.723 0.103 0.995 0.0 0.019 0.101 
0.998 -0.041 0.034 -0.014 -0.746 0.0 -0.664 -0.061 -0.996 -0.0 -0.041 -0.081 0.942 0.0 -0.12 -0.315 0.475 0.0 0.447 -0.758 -0.729 0.0 -0.681 0.068 -0.992 -0.0 0.064 0.106 0.683 0.0 -0.723 0.103 0.995 0.0 0.019 0.101 
0.998 -0.041 0.034 -0.015 -0.745 -0.0 -0.664 -0.06 -0.996 -0.0 -0.041 -0.081 0.942 0.0 -0.121 -0.312 0.474 0.0 0.447 -0.759 -0.729 -0.0 -0.681 0.068 -0.992 -0.0 0.066 0.106 0.683 0.0 -0.723 0.104 0.995 0.0 0.019 0.101 
0.998 -0.041 0.034 -0.015 -0.746 0.0 -0.664 -0.059 -0.996 0.0 -0.041 -0.081 0.943 0.0 -0.121 -0.31 0.475 -0.0 0.448 -0.758 -0.729 0.0 -0.681 0.068 -0.992 -0.0 0.066 0.106 0.682 0.0 -0.723 0.106 0.995 0.0 0.022 0.099 
0.998 -0.042 0.034 -0.016 -0.746 -0.0 -0.664 -0.059 -0.996 -0.0 -0.042 -0.081 0.943 0.0 -0.12 -0.309 0.475 0.0 0.447 -0.758 -0.729 -0.0 -0.681 0.069 -0.992 -0.0 0.065 0.105 0.683 0.0 -0.722 0.105 0.995 -0.0 0.019 0.101 
0.998 -0.042 0.034 -0.016 -0.746 -0.0 -0.664 -0.058 -0.996 -0.0 -0.042 -0.081 0.944 0.0 -0.12 -0.307 0.475 0.0 0.447 -0.758 -0.729 -0.0 -0.681 0.069 -0.992 -0.0 0.065 0.105 0.683 0.0 -0.722 0.106 0.995 0.0 0.019 0.101 
0.998 -0.042 0.034 -0.016 -0.746 -0.0 -0.664 -0.057 -0.996 0.0 -0.042 -0.08 0.944 0.0 -0.12 -0.308 0.476 0.0 0.446 -0.758 -0.729 -0.0 -0.681 0.071 -0.992 -0.0 0.066 0.104 0.683 0.0 -0.722 0.107 0.995 0.0 0.019 0.101 
0.998 -0.042 0.034 -0.016 -0.746 -0.0 -0.664 -0.056 -0.996 -0.0 -0.042 -0.079 0.944 -0.0 -0.119 -0.309 0.478 0.0 0.444 -0.758 -0.729 0.0 -0.681 0.071 -0.992 -0.0 0.066 0.104 0.683 0.0 -0.722 0.107 0.995 0.0 0.019 0.101 
0.998 -0.043 0.034 -0.015 -0.746 -0.0 -0.663 -0.056 -0.996 -0.0 -0.042 -0.079 0.943 0.0 -0.116 -0.31 0.48 -0.0 0.444 -0.757 -0.729 -0.0 -0.681 0.072 -0.992 -0.0 0.067 0.104 0.683 0.0 -0.722 0.107 0.995 0.0 0.019 0.101 
0.998 -0.043 0.034 -0.015 -0.746 -0.0 -0.663 -0.055 -0.996 -0.0 -0.042 -0.078 0.943 0.0 -0.114 -0.312 0.481 0.0 0.444 -0.756 -0.729 -0.0 -0.681 0.072 -0.992 -0.0 0.065 0.104 0.683 0.0 -0.722 0.107 0.995 0.0 0.019 0.101 
0.998 -0.043 0.034 -0.015 -0.747 -0.0 -0.663 -0.054 -0.996 -0.0 -0.042 -0.078 0.943 0.0 -0.112 -0.315 0.483 0.0 0.444 -0.755 -0.729 -0.0 -0.681 0.072 -0.992 -0.0 0.067 0.104 0.683 -0.0 -0.722 0.107 0.995 0.0 0.019 0.101 
0.998 -0.043 0.034 -0.014 -0.747 -0.0 -0.663 -0.054 -0.996 -0.0 -0.042 -0.077 0.942 0.0 -0.11 -0.318 0.484 0.0 0.444 -0.754 -0.729 0.0 -0.681 0.072 -0.992 -0.0 0.067 0.104 0.682 0.0 -0.723 0.108 0.995 0.0 0.022 0.1 
0.998 -0.043 0.034 -0.014 -0.747 -0.0 -0.663 -0.053 -0.996 -0.0 -0.041 -0.075 0.941 0.0 -0.107 -0.321 0.486 0.0 0.444 -0.753 -0.729 0.0 -0.681 0.073 -0.992 -0.0 0.065 0.105 0.682 0.0 -0.723 0.108 0.995 0.0 0.022 0.1 
0.998 -0.043 0.034 -0.013 -0.747 0.0 -0.662 -0.053 -0.996 -0.0 -0.041 -0.074 0.94 0.0 -0.105 -0.325 0.488 0.0 0.444 -0.752 -0.729 0.0 -0.681 0.073 -0.992 -0.0 0.065 0.105 0.683 0.0 -0.722 0.106 0.995 0.0 0.019 0.102 
0.998 -0.043 0.035 -0.012 -0.747 -0.0 -0.662 -0.053 -0.997 -0.0 -0.04 -0.072 0.939 0.0 -0.102 -0.33 0.49 0.0 0.444 -0.75 -0.729 -0.0 -0.681 0.073 -0.992 0.0 0.066 0.105 0.682 0.0 -0.723 0.108 0.995 0.0 0.022 0.099 
0.998 -0.043 0.035 -0.011 -0.748 0.0 -0.662 -0.052 -0.997 0.0 -0.04 -0.071 0.937 0.0 -0.099 -0.334 0.491 0.0 0.444 -0.749 -0.729 0.0 -0.681 0.073 -0.992 -0.0 0.065 0.105 0.683 -0.0 -0.722 0.106 0.995 -0.0 0.02 0.102 
0.998 -0.043 0.035 -0.01 -0.748 -0.0 -0.662 -0.052 -0.997 -0.0 -0.039 -0.069 0.936 -0.0 -0.096 -0.339 0.493 0.0 0.445 -0.748 -0.729 -0.0 -0.681 0.073 -0.992 -0.0 0.066 0.105 0.683 0.0 -0.722 0.105 0.995 0.0 0.019 0.102 
0.998 -0.043 0.035 -0.009 -0.748 -0.0 -0.662 -0.052 -0.997 -0.0 -0.038 -0.067 0.935 0.0 -0.093 -0.343 0.495 0.0 0.444 -0.747 -0.729 -0.0 -0.68 0.073 -0.992 -0.0 0.065 0.106 0.683 0.0 -0.723 0.105 0.995 0.0 0.019 0.102 
0.998 -0.043 0.035 -0.008 -0.748 -0.0 -0.661 -0.052 -0.997 -0.0 -0.038 -0.066 0.933 0.0 -0.09 -0.349 0.496 0.0 0.444 -0.746 -0.729 0.0 -0.68 0.074 -0.992 0.0 0.065 0.106 0.682 0.0 -0.723 0.106 0.995 0.0 0.022 0.1 
0.998 -0.043 0.035 -0.008 -0.748 -0.0 -0.661 -0.052 -0.997 -0.0 -0.037 -0.064 0.931 0.0 -0.087 -0.354 0.498 0.0 0.444 -0.745 -0.729 0.0 -0.68 0.074 -0.992 -0.0 0.066 0.106 0.682 0.0 -0.723 0.106 0.995 0.0 0.022 0.099 
0.998 -0.042 0.035 -0.007 -0.748 -0.0 -0.661 -0.052 -0.997 -0.0 -0.036 -0.062 0.93 -0.0 -0.084 -0.359 0.5 0.0 0.444 -0.744 -0.729 -0.0 -0.68 0.074 -0.992 -0.0 0.066 0.106 0.682 0.0 -0.723 0.105 0.995 0.0 0.023 0.1 
0.998 -0.042 0.035 -0.006 -0.749 -0.0 -0.661 -0.052 -0.998 -0.0 -0.035 -0.061 0.928 0.0 -0.081 -0.364 0.502 0.0 0.443 -0.743 -0.729 -0.0 -0.68 0.074 -0.992 -0.0 0.063 0.106 0.682 0.0 -0.724 0.104 0.995 0.0 0.023 0.1 
0.998 -0.042 0.035 -0.005 -0.749 -0.0 -0.661 -0.052 -0.998 -0.0 -0.035 -0.059 0.926 0.0 -0.078 -0.369 0.503 0.0 0.443 -0.742 -0.729 -0.0 -0.68 0.074 -0.992 -0.0 0.064 0.106 0.682 0.0 -0.724 0.104 0.995 0.0 0.023 0.1 
0.998 -0.042 0.035 -0.004 -0.749 -0.0 -0.661 -0.053 -0.998 -0.0 -0.034 -0.058 0.925 0.0 -0.077 -0.373 0.503 0.0 0.443 -0.742 -0.729 -0.0 -0.68 0.074 -0.992 -0.0 0.063 0.106 0.683 0.0 -0.723 0.102 0.995 0.0 0.02 0.102 
0.999 -0.041 0.035 -0.003 -0.749 -0.0 -0.661 -0.053 -0.998 -0.0 -0.033 -0.057 0.924 0.0 -0.072 -0.376 0.504 0.0 0.442 -0.742 -0.729 -0.0 -0.68 0.073 -0.992 -0.0 0.065 0.107 0.682 0.0 -0.724 0.102 0.995 0.0 0.023 0.1 
0.999 -0.041 0.036 -0.003 -0.749 0.0 -0.661 -0.053 -0.998 -0.0 -0.032 -0.055 0.922 0.0 -0.069 -0.381 0.505 0.0 0.442 -0.742 -0.729 0.0 -0.68 0.073 -0.992 -0.0 0.065 0.107 0.682 0.0 -0.724 0.102 0.995 -0.0 0.023 0.099 
0.999 -0.041 0.036 -0.002 -0.749 -0.0 -0.661 -0.053 -0.998 0.0 -0.032 -0.054 0.921 -0.0 -0.068 -0.384 0.506 0.0 0.441 -0.742 -0.73 -0.0 -0.68 0.073 -0.992 0.0 0.064 0.107 0.682 0.0 -0.725 0.102 0.995 0.0 0.023 0.1 
0.999 -0.041 0.036 -0.001 -0.749 -0.0 -0.66 -0.054 -0.998 0.0 -0.031 -0.053 0.919 0.0 -0.067 -0.388 0.506 0.0 0.438 -0.743 -0.73 0.0 -0.68 0.073 -0.992 -0.0 0.062 0.107 0.682 -0.0 -0.725 0.101 0.995 0.0 0.023 0.1 
0.999 -0.041 0.036 -0.001 -0.749 -0.0 -0.66 -0.054 -0.998 -0.0 -0.031 -0.053 0.918 0.0 -0.065 -0.39 0.506 -0.0 0.438 -0.743 -0.73 -0.0 -0.68 0.073 -0.992 -0.0 0.064 0.107 0.681 0.0 -0.725 0.101 0.995 -0.0 0.023 0.099 
0.999 -0.041 0.036 -0.001 -0.749 -0.0 -0.66 -0.054 -0.998 -0.0 -0.031 -0.052 0.918 0.0 -0.064 -0.392 0.506 0.0 0.437 -0.743 -0.73 -0.0 -0.68 0.073 -0.992 -0.0 0.064 0.107 0.682 0.0 -0.725 0.1 0.995 0.0 0.023 0.099 
0.999 -0.04 0.036 -0.0 -0.749 -0.0 -0.66 -0.054 -0.998 -0.0 -0.031 -0.052 0.917 0.0 -0.064 -0.394 0.506 0.0 0.437 -0.744 -0.73 -0.0 -0.68 0.073 -0.992 -0.0 0.062 0.107 0.681 0.0 -0.725 0.1 0.995 -0.0 0.023 0.099 
0.999 -0.04 0.036 -0.0 -0.749 -0.0 -0.66 -0.054 -0.998 -0.0 -0.031 -0.052 0.916 0.0 -0.063 -0.396 0.505 0.0 0.436 -0.745 -0.73 -0.0 -0.68 0.072 -0.992 -0.0 0.064 0.107 0.681 0.0 -0.725 0.1 0.995 0.0 0.023 0.099 
0.999 -0.04 0.036 -0.0 -0.749 -0.0 -0.66 -0.055 -0.998 -0.0 -0.031 -0.052 0.916 0.0 -0.063 -0.397 0.504 0.0 0.435 -0.746 -0.73 -0.0 -0.68 0.072 -0.992 0.0 0.064 0.108 0.681 0.0 -0.725 0.099 0.995 0.0 0.023 0.099 
0.999 -0.04 0.036 -0.0 -0.749 -0.0 -0.66 -0.055 -0.998 -0.0 -0.031 -0.053 0.915 0.0 -0.063 -0.398 0.504 0.0 0.435 -0.747 -0.73 -0.0 -0.68 0.072 -0.992 -0.0 0.064 0.107 0.681 0.0 -0.725 0.099 0.995 0.0 0.023 0.099 
0.999 -0.04 0.036 -0.0 -0.749 0.0 -0.66 -0.055 -0.998 0.0 -0.031 -0.053 0.915 0.0 -0.064 -0.398 0.503 -0.0 0.434 -0.747 -0.73 -0.0 -0.68 0.072 -0.992 -0.0 0.064 0.107 0.681 0.0 -0.725 0.099 0.995 0.0 0.023 0.099 
0.999 -0.04 0.036 -0.0 -0.749 0.0 -0.66 -0.055 -0.998 0.0 -0.032 -0.054 0.915 0.0 -0.064 -0.398 0.502 0.0 0.434 -0.748 -0.73 -0.0 -0.68 0.071 -0.992 -0.0 0.063 0.107 0.681 -0.0 -0.725 0.099 0.995 0.0 0.023 0.099 
0.999 -0.04 0.036 -0.001 -0.749 -0.0 -0.661 -0.056 -0.998 -0.0 -0.032 -0.055 0.915 0.0 -0.065 -0.397 0.5 0.0 0.434 -0.749 -0.73 -0.0 -0.68 0.071 -0.992 0.0 0.064 0.107 0.681 0.0 -0.725 0.099 0.995 0.0 0.023 0.099 
0.999 -0.039 0.036 -0.001 -0.749 -0.0 -0.661 -0.056 -0.998 0.0 -0.032 -0.055 0.916 0.0 -0.067 -0.397 0.499 0.0 0.434 -0.75 -0.73 -0.0 -0.68 0.071 -0.992 -0.0 0.064 0.107 0.681 -0.0 -0.725 0.099 0.995 0.0 0.023 0.099 
0.999 -0.039 0.036 -0.002 -0.749 -0.0 -0.661 -0.056 -0.998 -0.0 -0.033 -0.057 0.916 0.0 -0.068 -0.395 0.497 0.0 0.434 -0.752 -0.73 -0.0 -0.68 0.07 -0.992 -0.0 0.062 0.107 0.681 0.0 -0.725 0.099 0.995 -0.0 0.023 0.1 
0.999 -0.039 0.036 -0.002 -0.748 -0.0 -0.661 -0.057 -0.998 -0.0 -0.033 -0.058 0.917 0.0 -0.07 -0.393 0.495 0.0 0.434 -0.753 -0.73 -0.0 -0.68 0.07 -0.992 -0.0 0.063 0.107 0.682 -0.0 -0.725 0.099 0.995 0.0 0.022 0.099 
0.999 -0.039 0.036 -0.003 -0.748 -0.0 -0.661 -0.057 -0.998 -0.0 -0.034 -0.059 0.918 -0.0 -0.072 -0.391 0.493 0.0 0.434 -0.754 -0.73 -0.0 -0.68 0.07 -0.992 -0.0 0.062 0.107 0.682 0.0 -0.725 0.099 0.995 -0.0 0.022 0.099 
0.999 -0.039 0.036 -0.004 -0.748 0.0 -0.661 -0.057 -0.998 -0.0 -0.034 -0.06 0.918 0.0 -0.075 -0.388 0.491 0.0 0.433 -0.756 -0.73 -0.0 -0.68 0.07 -0.992 -0.0 0.064 0.107 0.683 0.0 -0.724 0.098 0.995 0.0 0.019 0.101 
0.999 -0.039 0.036 -0.004 -0.748 0.0 -0.662 -0.057 -0.998 -0.0 -0.034 -0.061 0.919 -0.0 -0.078 -0.385 0.489 0.0 0.434 -0.757 -0.73 -0.0 -0.68 0.069 -0.992 -0.0 0.063 0.107 0.682 0.0 -0.725 0.099 0.995 0.0 0.022 0.099 
0.999 -0.039 0.036 -0.005 -0.747 -0.0 -0.662 -0.058 -0.997 0.0 -0.035 -0.062 0.921 0.0 -0.081 -0.382 0.486 0.0 0.438 -0.756 -0.73 -0.0 -0.68 0.069 -0.992 0.0 0.063 0.107 0.683 0.0 -0.724 0.098 0.995 -0.0 0.019 0.101 
0.999 -0.039 0.035 -0.006 -0.747 -0.0 -0.662 -0.058 -0.997 -0.0 -0.035 -0.063 0.922 -0.0 -0.083 -0.379 0.484 0.0 0.439 -0.757 -0.73 -0.0 -0.68 0.069 -0.992 -0.0 0.062 0.107 0.682 0.0 -0.725 0.1 0.995 -0.0 0.021 0.099 
0.999 -0.039 0.035 -0.007 -0.747 -0.0 -0.662 -0.058 -0.997 -0.0 -0.036 -0.065 0.923 0.0 -0.086 -0.375 0.482 -0.0 0.44 -0.758 -0.73 -0.0 -0.68 0.068 -0.992 -0.0 0.062 0.107 0.683 0.0 -0.724 0.099 0.995 0.0 0.018 0.101 
0.999 -0.039 0.035 -0.007 -0.747 -0.0 -0.662 -0.059 -0.997 -0.0 -0.036 -0.066 0.925 0.0 -0.089 -0.37 0.479 -0.0 0.442 -0.758 -0.73 -0.0 -0.681 0.068 -0.992 -0.0 0.065 0.107 0.682 0.0 -0.724 0.1 0.995 0.0 0.021 0.099 
0.999 -0.039 0.035 -0.008 -0.747 0.0 -0.663 -0.059 -0.997 0.0 -0.037 -0.068 0.926 0.0 -0.092 -0.366 0.476 0.0 0.444 -0.759 -0.73 0.0 -0.681 0.068 -0.992 -0.0 0.064 0.107 0.683 0.0 -0.724 0.099 0.995 -0.0 0.018 0.101 
0.999 -0.039 0.035 -0.009 -0.747 0.0 -0.663 -0.059 -0.997 -0.0 -0.037 -0.069 0.927 0.0 -0.095 -0.362 0.475 0.0 0.448 -0.758 -0.73 -0.0 -0.681 0.067 -0.992 -0.0 0.065 0.107 0.683 0.0 -0.723 0.099 0.995 0.0 0.018 0.101 
0.999 -0.039 0.035 -0.01 -0.746 -0.0 -0.663 -0.06 -0.997 -0.0 -0.038 -0.07 0.929 0.0 -0.098 -0.357 0.472 0.0 0.451 -0.757 -0.729 -0.0 -0.681 0.067 -0.992 -0.0 0.065 0.106 0.683 0.0 -0.723 0.099 0.995 0.0 0.018 0.101 
0.999 -0.039 0.035 -0.01 -0.746 -0.0 -0.663 -0.06 -0.997 -0.0 -0.038 -0.071 0.93 0.0 -0.102 -0.352 0.469 0.0 0.454 -0.758 -0.729 -0.0 -0.681 0.066 -0.992 -0.0 0.064 0.107 0.683 0.0 -0.723 0.099 0.995 0.0 0.018 0.101 
0.999 -0.039 0.035 -0.011 -0.746 0.0 -0.664 -0.06 -0.997 -0.0 -0.038 -0.073 0.931 0.0 -0.105 -0.349 0.467 0.0 0.458 -0.756 -0.729 -0.0 -0.681 0.066 -0.992 -0.0 0.064 0.106 0.683 0.0 -0.723 0.1 0.995 0.0 0.018 0.102 
0.999 -0.039 0.035 -0.012 -0.746 -0.0 -0.664 -0.06 -0.997 -0.0 -0.039 -0.074 0.932 0.0 -0.109 -0.345 0.466 0.0 0.461 -0.755 -0.729 0.0 -0.681 0.066 -0.992 -0.0 0.064 0.107 0.683 0.0 -0.723 0.1 0.995 0.0 0.018 0.101 
0.999 -0.039 0.035 -0.013 -0.746 -0.0 -0.664 -0.06 -0.996 -0.0 -0.039 -0.075 0.934 0.0 -0.113 -0.34 0.464 0.0 0.465 -0.754 -0.729 -0.0 -0.681 0.065 -0.992 -0.0 0.065 0.106 0.682 0.0 -0.724 0.101 0.995 0.0 0.02 0.099 
0.999 -0.039 0.035 -0.013 -0.745 -0.0 -0.664 -0.061 -0.996 -0.0 -0.04 -0.076 0.935 0.0 -0.116 -0.336 0.462 0.0 0.469 -0.753 -0.729 -0.0 -0.681 0.065 -0.992 -0.0 0.064 0.107 0.683 0.0 -0.723 0.1 0.995 0.0 0.018 0.102 
0.999 -0.039 0.035 -0.014 -0.745 -0.0 -0.664 -0.06 -0.996 0.0 -0.04 -0.077 0.936 0.0 -0.119 -0.332 0.461 0.0 0.473 -0.751 -0.729 -0.0 -0.681 0.065 -0.992 -0.0 0.065 0.106 0.682 0.0 -0.724 0.101 0.995 0.0 0.021 0.099 
0.999 -0.039 0.034 -0.015 -0.745 -0.0 -0.664 -0.06 -0.996 -0.0 -0.041 -0.078 0.936 0.0 -0.125 -0.329 0.46 0.0 0.477 -0.749 -0.729 -0.0 -0.681 0.064 -0.992 -0.0 0.065 0.107 0.682 0.0 -0.724 0.101 0.995 -0.0 0.02 0.1 
0.999 -0.039 0.034 -0.015 -0.745 -0.0 -0.664 -0.06 -0.996 -0.0 -0.041 -0.079 0.937 0.0 -0.128 -0.326 0.458 0.0 0.485 -0.745 -0.729 -0.0 -0.681 0.064 -0.992 -0.0 0.064 0.106 0.683 -0.0 -0.723 0.101 0.995 0.0 0.018 0.101 
0.999 -0.039 0.034 -0.016 -0.745 -0.0 -0.664 -0.06 -0.996 -0.0 -0.041 -0.08 0.938 0.0 -0.13 -0.322 0.458 0.0 0.487 -0.744 -0.729 -0.0 -0.682 0.063 -0.992 0.0 0.065 0.107 0.684 0.0 -0.723 0.101 0.995 0.0 0.018 0.101 
0.999 -0.039 0.034 -0.017 -0.745 0.0 -0.664 -0.06 -0.996 0.0 -0.042 -0.081 0.938 -0.0 -0.133 -0.319 0.456 0.0 0.491 -0.742 -0.729 -0.0 -0.682 0.063 -0.992 -0.0 0.065 0.107 0.684 0.0 -0.723 0.1 0.995 0.0 0.017 0.101 
0.999 -0.039 0.034 -0.017 -0.745 -0.0 -0.664 -0.06 -0.996 -0.0 -0.042 -0.081 0.939 0.0 -0.135 -0.317 0.455 0.0 0.491 -0.742 -0.729 -0.0 -0.682 0.063 -0.992 -0.0 0.065 0.106 0.684 0.0 -0.723 0.1 0.995 0.0 0.018 0.101 
0.999 -0.039 0.034 -0.017 -0.745 -0.0 -0.664 -0.06 -0.996 -0.0 -0.042 -0.082 0.939 0.0 -0.136 -0.315 0.455 0.0 0.496 -0.74 -0.729 -0.0 -0.682 0.062 -0.992 -0.0 0.065 0.106 0.684 0.0 -0.723 0.1 0.995 0.0 0.018 0.101 
0.999 -0.039 0.034 -0.018 -0.745 0.0 -0.664 -0.06 -0.996 -0.0 -0.042 -0.082 0.94 0.0 -0.138 -0.313 0.454 0.0 0.499 -0.738 -0.729 -0.0 -0.682 0.063 -0.992 -0.0 0.065 0.106 0.684 0.0 -0.723 0.1 0.995 0.0 0.018 0.101 
0.999 -0.039 0.034 -0.018 -0.745 -0.0 -0.664 -0.059 -0.996 0.0 -0.042 -0.082 0.94 0.0 -0.139 -0.311 0.454 -0.0 0.502 -0.736 -0.729 -0.0 -0.682 0.063 -0.992 -0.0 0.065 0.106 0.684 0.0 -0.723 0.1 0.995 0.0 0.018 0.102 
0.999 -0.039 0.034 -0.018 -0.745 -0.0 -0.664 -0.059 -0.996 -0.0 -0.042 -0.082 0.941 0.0 -0.14 -0.31 0.455 0.0 0.505 -0.734 -0.728 -0.0 -0.682 0.062 -0.992 -0.0 0.064 0.106 0.684 0.0 -0.723 0.1 0.995 0.0 0.018 0.101 
0.999 -0.039 0.034 -0.018 -0.745 -0.0 -0.664 -0.059 -0.996 -0.0 -0.042 -0.082 0.941 0.0 -0.14 -0.309 0.455 0.0 0.507 -0.732 -0.729 -0.0 -0.682 0.062 -0.992 -0.0 0.064 0.106 0.684 0.0 -0.723 0.1 0.995 0.0 0.018 0.101 
0.999 -0.038 0.034 -0.018 -0.746 -0.0 -0.664 -0.059 -0.996 -0.0 -0.042 -0.082 0.941 -0.0 -0.139 -0.309 0.456 0.0 0.509 -0.73 -0.729 -0.0 -0.682 0.061 -0.992 0.0 0.065 0.106 0.684 0.0 -0.723 0.099 0.995 0.0 0.018 0.102 
0.999 -0.038 0.034 -0.018 -0.746 -0.0 -0.664 -0.059 -0.996 -0.0 -0.042 -0.081 0.941 0.0 -0.139 -0.309 0.457 0.0 0.51 -0.729 -0.729 -0.0 -0.682 0.061 -0.992 -0.0 0.065 0.106 0.684 0.0 -0.723 0.099 0.995 -0.0 0.018 0.101 
0.999 -0.038 0.034 -0.018 -0.746 -0.0 -0.664 -0.059 -0.996 -0.0 -0.042 -0.08 0.941 0.0 -0.138 -0.309 0.458 0.0 0.511 -0.727 -0.729 -0.0 -0.682 0.061 -0.992 -0.0 0.065 0.106 0.684 0.0 -0.723 0.098 0.995 -0.0 0.018 0.102 
0.999 -0.038 0.034 -0.017 -0.746 -0.0 -0.663 -0.059 -0.996 -0.0 -0.042 -0.079 0.941 0.0 -0.137 -0.31 0.46 0.0 0.511 -0.726 -0.729 -0.0 -0.682 0.061 -0.992 -0.0 0.064 0.106 0.684 0.0 -0.723 0.098 0.995 0.0 0.017 0.101 
0.999 -0.038 0.034 -0.017 -0.746 0.0 -0.663 -0.059 -0.996 -0.0 -0.041 -0.079 0.941 0.0 -0.134 -0.312 0.462 0.0 0.51 -0.725 -0.728 -0.0 -0.682 0.061 -0.992 -0.0 0.065 0.106 0.684 0.0 -0.723 0.097 0.995 0.0 0.017 0.101 
0.999 -0.038 0.034 -0.016 -0.746 -0.0 -0.663 -0.059 -0.996 -0.0 -0.041 -0.078 0.94 -0.0 -0.133 -0.314 0.464 0.0 0.509 -0.725 -0.729 -0.0 -0.682 0.062 -0.992 -0.0 0.064 0.105 0.684 0.0 -0.723 0.098 0.995 0.0 0.018 0.101 
0.999 -0.038 0.034 -0.016 -0.746 -0.0 -0.663 -0.059 -0.996 -0.0 -0.041 -0.076 0.94 -0.0 -0.13 -0.316 0.467 0.0 0.509 -0.723 -0.729 -0.0 -0.682 0.061 -0.992 -0.0 0.064 0.106 0.684 0.0 -0.723 0.097 0.995 0.0 0.017 0.101 
0.999 -0.037 0.034 -0.015 -0.746 -0.0 -0.663 -0.06 -0.996 -0.0 -0.04 -0.075 0.939 0.0 -0.127 -0.318 0.468 0.0 0.508 -0.723 -0.729 -0.0 -0.682 0.061 -0.992 -0.0 0.064 0.106 0.684 -0.0 -0.723 0.097 0.995 0.0 0.018 0.101 
0.999 -0.037 0.034 -0.015 -0.747 0.0 -0.663 -0.059 -0.996 -0.0 -0.04 -0.074 0.939 -0.0 -0.124 -0.321 0.47 0.0 0.507 -0.723 -0.729 -0.0 -0.682 0.061 -0.992 -0.0 0.064 0.106 0.684 0.0 -0.723 0.096 0.995 0.0 0.018 0.101 
0.999 -0.037 0.034 -0.014 -0.747 -0.0 -0.663 -0.06 -0.997 -0.0 -0.039 -0.072 0.938 0.0 -0.121 -0.324 0.472 0.0 0.503 -0.724 -0.729 0.0 -0.682 0.061 -0.992 -0.0 0.064 0.106 0.684 0.0 -0.723 0.096 0.995 -0.0 0.018 0.101 
0.999 -0.037 0.034 -0.013 -0.747 -0.0 -0.662 -0.06 -0.997 -0.0 -0.039 -0.071 0.937 0.0 -0.118 -0.327 0.475 0.0 0.501 -0.723 -0.729 -0.0 -0.682 0.061 -0.992 -0.0 0.064 0.106 0.684 0.0 -0.723 0.095 0.995 0.0 0.018 0.101 
0.999 -0.037 0.035 -0.013 -0.747 -0.0 -0.662 -0.06 -0.997 -0.0 -0.038 -0.07 0.937 0.0 -0.114 -0.331 0.477 0.0 0.499 -0.724 -0.729 -0.0 -0.682 0.061 -0.992 -0.0 0.064 0.106 0.684 -0.0 -0.724 0.095 0.995 0.0 0.018 0.101 
0.999 -0.037 0.035 -0.012 -0.747 -0.0 -0.662 -0.06 -0.997 -0.0 -0.038 -0.069 0.936 0.0 -0.112 -0.334 0.48 0.0 0.495 -0.725 -0.729 -0.0 -0.682 0.061 -0.992 -0.0 0.064 0.106 0.684 0.0 -0.723 0.094 0.995 -0.0 0.017 0.101 
0.999 -0.037 0.035 -0.011 -0.747 -0.0 -0.662 -0.059 -0.997 0.0 -0.037 -0.067 0.935 0.0 -0.107 -0.339 0.482 0.0 0.493 -0.724 -0.729 -0.0 -0.682 0.061 -0.992 -0.0 0.064 0.106 0.684 0.0 -0.724 0.094 0.995 0.0 0.018 0.101 
0.999 -0.036 0.035 -0.011 -0.747 0.0 -0.662 -0.059 -0.997 0.0 -0.037 -0.066 0.934 -0.0 -0.103 -0.343 0.484 0.0 0.49 -0.724 -0.729 -0.0 -0.682 0.061 -0.992 -0.0 0.064 0.106 0.684 0.0 -0.724 0.093 0.995 0.0 0.018 0.101 
0.999 -0.036 0.035 -0.01 -0.748 -0.0 -0.662 -0.059 -0.997 -0.0 -0.036 -0.065 0.933 0.0 -0.099 -0.347 0.487 0.0 0.487 -0.725 -0.729 -0.0 -0.682 0.061 -0.992 -0.0 0.062 0.106 0.684 0.0 -0.724 0.093 0.995 0.0 0.018 0.101 
0.999 -0.036 0.035 -0.009 -0.748 -0.0 -0.661 -0.059 -0.997 -0.0 -0.036 -0.065 0.931 0.0 -0.095 -0.351 0.49 0.0 0.484 -0.725 -0.729 -0.0 -0.682 0.06 -0.992 -0.0 0.063 0.106 0.684 0.0 -0.724 0.092 0.995 0.0 0.018 0.101 
0.999 -0.035 0.035 -0.009 -0.748 -0.0 -0.661 -0.059 -0.997 -0.0 -0.035 -0.064 0.93 0.0 -0.092 -0.355 0.491 -0.0 0.48 -0.727 -0.729 0.0 -0.682 0.061 -0.992 0.0 0.063 0.106 0.684 0.0 -0.724 0.091 0.995 0.0 0.018 0.101 
0.999 -0.035 0.035 -0.008 -0.748 -0.0 -0.661 -0.058 -0.997 -0.0 -0.035 -0.063 0.929 0.0 -0.087 -0.36 0.495 0.0 0.477 -0.726 -0.729 -0.0 -0.682 0.061 -0.992 -0.0 0.063 0.106 0.684 0.0 -0.724 0.091 0.995 0.0 0.018 0.101 
0.999 -0.035 0.035 -0.007 -0.748 -0.0 -0.661 -0.058 -0.997 -0.0 -0.035 -0.062 0.927 0.0 -0.083 -0.365 0.497 0.0 0.473 -0.728 -0.729 -0.0 -0.682 0.061 -0.992 -0.0 0.062 0.106 0.684 0.0 -0.724 0.091 0.995 0.0 0.018 0.101 
0.999 -0.035 0.035 -0.007 -0.749 -0.0 -0.661 -0.058 -0.998 -0.0 -0.035 -0.061 0.926 0.0 -0.08 -0.368 0.498 -0.0 0.47 -0.729 -0.729 0.0 -0.682 0.061 -0.992 -0.0 0.063 0.106 0.683 0.0 -0.725 0.091 0.995 0.0 0.02 0.099 
0.999 -0.035 0.035 -0.006 -0.749 -0.0 -0.661 -0.058 -0.998 -0.0 -0.034 -0.061 0.925 0.0 -0.077 -0.372 0.5 0.0 0.467 -0.73 -0.729 -0.0 -0.682 0.06 -0.992 0.0 0.063 0.106 0.684 -0.0 -0.724 0.089 0.995 -0.0 0.018 0.101 
0.999 -0.034 0.036 -0.005 -0.749 -0.0 -0.66 -0.058 -0.998 -0.0 -0.034 -0.061 0.923 0.0 -0.073 -0.377 0.501 0.0 0.464 -0.73 -0.729 0.0 -0.682 0.06 -0.992 -0.0 0.063 0.106 0.683 0.0 -0.725 0.088 0.995 0.0 0.018 0.101 
0.999 -0.034 0.036 -0.005 -0.749 -0.0 -0.66 -0.057 -0.998 0.0 -0.034 -0.06 0.922 0.0 -0.07 -0.38 0.503 0.0 0.464 -0.729 -0.729 -0.0 -0.682 0.06 -0.992 0.0 0.063 0.106 0.682 0.0 -0.726 0.089 0.995 0.0 0.021 0.099 
0.999 -0.034 0.036 -0.004 -0.749 0.0 -0.66 -0.057 -0.998 -0.0 -0.034 -0.06 0.921 -0.0 -0.068 -0.383 0.504 0.0 0.461 -0.73 -0.729 -0.0 -0.682 0.06 -0.992 -0.0 0.062 0.106 0.682 0.0 -0.726 0.089 0.995 0.0 0.021 0.099 
0.999 -0.034 0.036 -0.004 -0.749 -0.0 -0.66 -0.057 -0.998 -0.0 -0.034 -0.06 0.92 0.0 -0.065 -0.386 0.506 0.0 0.458 -0.731 -0.729 -0.0 -0.682 0.06 -0.992 -0.0 0.062 0.106 0.682 0.0 -0.726 0.088 0.995 0.0 0.021 0.099 
0.999 -0.033 0.036 -0.003 -0.749 -0.0 -0.66 -0.057 -0.998 -0.0 -0.034 -0.06 0.919 0.0 -0.063 -0.388 0.506 0.0 0.457 -0.732 -0.729 -0.0 -0.682 0.06 -0.992 -0.0 0.062 0.106 0.682 0.0 -0.726 0.087 0.995 0.0 0.021 0.099 
0.999 -0.033 0.036 -0.003 -0.749 -0.0 -0.66 -0.057 -0.998 -0.0 -0.034 -0.06 0.919 0.0 -0.061 -0.39 0.507 0.0 0.455 -0.732 -0.729 0.0 -0.682 0.06 -0.992 -0.0 0.061 0.106 0.682 0.0 -0.726 0.087 0.995 0.0 0.021 0.099 
0.999 -0.033 0.036 -0.002 -0.749 -0.0 -0.66 -0.057 -0.998 -0.0 -0.034 -0.059 0.918 0.0 -0.057 -0.392 0.507 0.0 0.453 -0.734 -0.729 -0.0 -0.682 0.059 -0.992 -0.0 0.061 0.106 0.682 0.0 -0.726 0.086 0.995 0.0 0.021 0.1 
0.999 -0.032 0.036 -0.002 -0.749 -0.0 -0.66 -0.058 -0.998 -0.0 -0.034 -0.059 0.918 0.0 -0.055 -0.392 0.506 -0.0 0.451 -0.735 -0.729 -0.0 -0.682 0.059 -0.992 -0.0 0.062 0.106 0.682 0.0 -0.726 0.085 0.995 0.0 0.021 0.1 
0.999 -0.032 0.036 -0.001 -0.749 -0.0 -0.66 -0.058 -0.998 -0.0 -0.033 -0.059 0.918 0.0 -0.054 -0.393 0.506 0.0 0.449 -0.736 -0.729 -0.0 -0.682 0.059 -0.992 -0.0 0.062 0.107 0.682 0.0 -0.726 0.085 0.995 0.0 0.021 0.1 
0.999 -0.032 0.036 -0.0 -0.749 -0.0 -0.66 -0.058 -0.998 0.0 -0.033 -0.06 0.917 0.0 -0.053 -0.395 0.507 0.0 0.446 -0.738 -0.729 -0.0 -0.682 0.058 -0.992 -0.0 0.062 0.107 0.682 0.0 -0.726 0.083 0.995 0.0 0.021 0.1 
0.999 -0.032 0.036 0.0 -0.749 -0.0 -0.66 -0.058 -0.998 -0.0 -0.034 -0.06 0.917 -0.0 -0.053 -0.396 0.506 0.0 0.445 -0.739 -0.729 -0.0 -0.682 0.058 -0.992 0.0 0.062 0.107 0.682 -0.0 -0.726 0.083 0.995 0.0 0.021 0.101 
0.999 -0.032 0.036 -0.001 -0.749 -0.0 -0.66 -0.059 -0.998 -0.0 -0.033 -0.06 0.917 0.0 -0.054 -0.394 0.505 0.0 0.443 -0.741 -0.729 -0.0 -0.682 0.058 -0.992 -0.0 0.062 0.107 0.682 -0.0 -0.726 0.084 0.995 0.0 0.021 0.1 
0.999 -0.031 0.036 0.0 -0.749 -0.0 -0.66 -0.059 -0.998 -0.0 -0.033 -0.06 0.917 -0.0 -0.055 -0.395 0.503 0.0 0.443 -0.742 -0.729 -0.0 -0.682 0.058 -0.992 -0.0 0.062 0.107 0.682 -0.0 -0.726 0.082 0.995 0.0 0.021 0.101 
0.999 -0.032 0.036 -0.001 -0.749 -0.0 -0.66 -0.06 -0.998 -0.0 -0.033 -0.06 0.918 0.0 -0.056 -0.392 0.502 0.0 0.442 -0.743 -0.729 0.0 -0.682 0.058 -0.992 -0.0 0.061 0.107 0.682 0.0 -0.726 0.084 0.995 -0.0 0.021 0.1 
0.999 -0.031 0.036 -0.0 -0.748 0.0 -0.661 -0.06 -0.998 -0.0 -0.033 -0.061 0.918 0.0 -0.057 -0.392 0.501 -0.0 0.443 -0.744 -0.729 -0.0 -0.682 0.057 -0.992 -0.0 0.061 0.108 0.682 -0.0 -0.726 0.082 0.995 0.0 0.021 0.101 
0.999 -0.031 0.036 -0.001 -0.748 -0.0 -0.661 -0.061 -0.998 -0.0 -0.033 -0.061 0.919 0.0 -0.06 -0.389 0.499 0.0 0.443 -0.745 -0.729 -0.0 -0.682 0.057 -0.992 -0.0 0.062 0.108 0.682 0.0 -0.726 0.084 0.995 0.0 0.021 0.1 
0.999 -0.031 0.036 -0.002 -0.748 -0.0 -0.661 -0.061 -0.998 0.0 -0.034 -0.061 0.92 0.0 -0.062 -0.386 0.497 0.0 0.445 -0.745 -0.729 -0.0 -0.682 0.057 -0.992 -0.0 0.062 0.108 0.682 0.0 -0.726 0.084 0.995 0.0 0.021 0.1 
