# T   LUA LFA RUA RFA LT  LS  RT  RS  
1.0 -0.005 0.014 0.011 -0.741 -0.0 -0.669 0.044 -0.976 -0.0 -0.093 -0.197 0.964 0.0 -0.249 0.091 0.572 0.0 0.814 -0.1 -0.65 0.0 -0.758 -0.058 -0.988 -0.0 0.053 0.148 0.689 -0.0 -0.722 -0.059 0.988 0.0 0.01 0.152 
1.0 -0.005 0.014 0.011 -0.741 -0.0 -0.67 0.044 -0.976 -0.0 -0.092 -0.197 0.964 0.0 -0.249 0.09 0.572 0.0 0.813 -0.104 -0.65 -0.0 -0.758 -0.058 -0.988 -0.0 0.053 0.148 0.689 -0.0 -0.722 -0.058 0.988 -0.0 0.01 0.152 
1.0 -0.005 0.014 0.011 -0.741 -0.0 -0.67 0.045 -0.976 -0.0 -0.092 -0.197 0.964 0.0 -0.249 0.091 0.572 0.0 0.813 -0.108 -0.65 -0.0 -0.758 -0.058 -0.988 -0.0 0.053 0.148 0.689 -0.0 -0.722 -0.059 0.988 -0.0 0.01 0.152 
1.0 -0.005 0.014 0.011 -0.741 0.0 -0.67 0.045 -0.976 -0.0 -0.092 -0.196 0.964 0.0 -0.248 0.09 0.573 -0.0 0.812 -0.112 -0.65 -0.0 -0.758 -0.058 -0.988 -0.0 0.053 0.148 0.689 0.0 -0.723 -0.059 0.988 0.0 0.011 0.152 
1.0 -0.005 0.014 0.011 -0.741 -0.0 -0.67 0.045 -0.976 -0.0 -0.092 -0.196 0.965 0.0 -0.248 0.09 0.574 -0.0 0.811 -0.116 -0.65 -0.0 -0.758 -0.058 -0.988 -0.0 0.053 0.148 0.689 -0.0 -0.723 -0.058 0.988 0.0 0.01 0.152 
1.0 -0.005 0.014 0.011 -0.741 -0.0 -0.669 0.046 -0.976 -0.0 -0.092 -0.196 0.965 0.0 -0.247 0.089 0.574 0.0 0.81 -0.121 -0.65 -0.0 -0.758 -0.057 -0.988 -0.0 0.053 0.148 0.689 0.0 -0.723 -0.058 0.988 0.0 0.011 0.152 
1.0 -0.005 0.014 0.011 -0.742 -0.0 -0.669 0.046 -0.976 -0.0 -0.092 -0.196 0.965 0.0 -0.246 0.089 0.575 0.0 0.808 -0.128 -0.65 -0.0 -0.758 -0.057 -0.988 0.0 0.053 0.148 0.689 0.0 -0.723 -0.058 0.988 0.0 0.01 0.153 
1.0 -0.005 0.014 0.011 -0.742 -0.0 -0.669 0.046 -0.976 -0.0 -0.092 -0.196 0.965 0.0 -0.245 0.089 0.576 0.0 0.807 -0.134 -0.65 -0.0 -0.758 -0.057 -0.988 -0.0 0.053 0.147 0.689 0.0 -0.723 -0.058 0.988 0.0 0.011 0.152 
1.0 -0.005 0.014 0.011 -0.742 -0.0 -0.669 0.047 -0.976 -0.0 -0.092 -0.196 0.965 0.0 -0.245 0.09 0.577 0.0 0.805 -0.141 -0.65 0.0 -0.758 -0.057 -0.988 0.0 0.053 0.147 0.689 -0.0 -0.723 -0.058 0.988 0.0 0.011 0.152 
1.0 -0.005 0.014 0.011 -0.742 0.0 -0.669 0.047 -0.976 -0.0 -0.092 -0.196 0.966 -0.0 -0.244 0.09 0.578 0.0 0.802 -0.15 -0.65 -0.0 -0.758 -0.057 -0.988 -0.0 0.053 0.148 0.689 0.0 -0.723 -0.058 0.988 0.0 0.011 0.152 
1.0 -0.005 0.014 0.011 -0.742 -0.0 -0.669 0.047 -0.976 -0.0 -0.092 -0.196 0.966 0.0 -0.242 0.09 0.579 0.0 0.8 -0.158 -0.65 -0.0 -0.758 -0.057 -0.988 -0.0 0.053 0.147 0.689 0.0 -0.723 -0.058 0.988 0.0 0.011 0.152 
1.0 -0.005 0.014 0.011 -0.742 -0.0 -0.669 0.046 -0.976 -0.0 -0.091 -0.195 0.966 0.0 -0.241 0.091 0.58 0.0 0.797 -0.168 -0.65 -0.0 -0.758 -0.057 -0.988 -0.0 0.053 0.148 0.689 0.0 -0.723 -0.058 0.988 0.0 0.011 0.152 
1.0 -0.005 0.014 0.011 -0.742 -0.0 -0.669 0.046 -0.976 -0.0 -0.091 -0.195 0.967 0.0 -0.239 0.092 0.581 0.0 0.794 -0.178 -0.65 -0.0 -0.758 -0.057 -0.988 0.0 0.053 0.147 0.689 0.0 -0.723 -0.058 0.988 -0.0 0.01 0.153 
1.0 -0.005 0.014 0.011 -0.742 0.0 -0.669 0.047 -0.976 -0.0 -0.092 -0.196 0.967 0.0 -0.237 0.093 0.584 -0.0 0.79 -0.188 -0.65 -0.0 -0.758 -0.057 -0.988 -0.0 0.053 0.148 0.689 0.0 -0.722 -0.058 0.988 0.0 0.01 0.152 
1.0 -0.005 0.014 0.011 -0.742 -0.0 -0.669 0.046 -0.976 -0.0 -0.091 -0.195 0.968 0.0 -0.235 0.094 0.585 0.0 0.786 -0.199 -0.65 -0.0 -0.758 -0.057 -0.988 -0.0 0.053 0.147 0.689 0.0 -0.722 -0.058 0.988 -0.0 0.01 0.152 
1.0 -0.005 0.014 0.011 -0.742 -0.0 -0.669 0.046 -0.977 -0.0 -0.091 -0.195 0.968 0.0 -0.232 0.094 0.588 0.0 0.781 -0.211 -0.65 -0.0 -0.758 -0.057 -0.988 0.0 0.053 0.147 0.689 0.0 -0.722 -0.058 0.988 0.0 0.01 0.153 
1.0 -0.005 0.014 0.011 -0.742 -0.0 -0.669 0.046 -0.977 -0.0 -0.091 -0.195 0.969 0.0 -0.229 0.095 0.59 0.0 0.776 -0.224 -0.65 -0.0 -0.758 -0.057 -0.988 0.0 0.053 0.147 0.689 0.0 -0.722 -0.058 0.988 0.0 0.009 0.154 
1.0 -0.005 0.014 0.011 -0.742 -0.0 -0.669 0.046 -0.977 -0.0 -0.091 -0.195 0.969 -0.0 -0.226 0.095 0.592 -0.0 0.771 -0.236 -0.65 -0.0 -0.758 -0.057 -0.988 -0.0 0.053 0.147 0.689 0.0 -0.722 -0.058 0.988 0.0 0.009 0.154 
1.0 -0.005 0.014 0.011 -0.742 0.0 -0.669 0.046 -0.977 -0.0 -0.091 -0.195 0.97 0.0 -0.224 0.096 0.595 0.0 0.765 -0.249 -0.65 -0.0 -0.758 -0.057 -0.988 0.0 0.053 0.147 0.689 0.0 -0.722 -0.058 0.988 0.0 0.009 0.154 
1.0 -0.005 0.014 0.012 -0.742 -0.0 -0.669 0.046 -0.977 -0.0 -0.09 -0.195 0.971 0.0 -0.221 0.096 0.597 0.0 0.758 -0.263 -0.65 -0.0 -0.758 -0.057 -0.988 0.0 0.053 0.148 0.689 0.0 -0.722 -0.058 0.988 0.0 0.009 0.154 
1.0 -0.005 0.014 0.012 -0.742 -0.0 -0.669 0.047 -0.977 -0.0 -0.091 -0.195 0.971 0.0 -0.217 0.096 0.6 0.0 0.751 -0.275 -0.65 -0.0 -0.758 -0.057 -0.988 0.0 0.053 0.148 0.689 0.0 -0.722 -0.059 0.988 0.0 0.01 0.153 
1.0 -0.005 0.014 0.012 -0.742 -0.0 -0.669 0.047 -0.977 0.0 -0.091 -0.195 0.972 -0.0 -0.215 0.095 0.602 -0.0 0.744 -0.288 -0.65 -0.0 -0.758 -0.057 -0.988 -0.0 0.053 0.148 0.689 -0.0 -0.722 -0.058 0.988 0.0 0.01 0.153 
1.0 -0.005 0.014 0.012 -0.742 -0.0 -0.669 0.047 -0.976 -0.0 -0.091 -0.196 0.973 0.0 -0.212 0.095 0.605 0.0 0.737 -0.302 -0.65 -0.0 -0.758 -0.056 -0.988 0.0 0.053 0.148 0.689 0.0 -0.722 -0.058 0.988 0.0 0.01 0.153 
1.0 -0.005 0.014 0.012 -0.742 0.0 -0.669 0.047 -0.976 -0.0 -0.091 -0.196 0.973 0.0 -0.209 0.095 0.609 0.0 0.729 -0.314 -0.65 -0.0 -0.758 -0.057 -0.988 -0.0 0.053 0.148 0.689 0.0 -0.722 -0.058 0.988 0.0 0.009 0.154 
1.0 -0.005 0.014 0.012 -0.742 -0.0 -0.668 0.047 -0.976 -0.0 -0.091 -0.196 0.974 0.0 -0.206 0.094 0.612 0.0 0.72 -0.326 -0.65 -0.0 -0.758 -0.056 -0.988 0.0 0.053 0.148 0.689 0.0 -0.722 -0.058 0.988 0.0 0.01 0.153 
1.0 -0.005 0.014 0.012 -0.742 0.0 -0.668 0.047 -0.976 -0.0 -0.091 -0.196 0.975 0.0 -0.203 0.094 0.615 0.0 0.712 -0.339 -0.65 -0.0 -0.758 -0.057 -0.988 -0.0 0.053 0.148 0.689 0.0 -0.722 -0.058 0.988 -0.0 0.01 0.154 
1.0 -0.005 0.014 0.012 -0.742 -0.0 -0.668 0.047 -0.976 -0.0 -0.091 -0.197 0.975 0.0 -0.201 0.092 0.618 0.0 0.704 -0.351 -0.65 -0.0 -0.758 -0.056 -0.988 -0.0 0.053 0.148 0.689 0.0 -0.722 -0.058 0.988 0.0 0.009 0.154 
1.0 -0.005 0.014 0.012 -0.743 -0.0 -0.668 0.046 -0.976 -0.0 -0.09 -0.196 0.976 0.0 -0.198 0.091 0.621 0.0 0.695 -0.363 -0.65 -0.0 -0.758 -0.056 -0.988 -0.0 0.053 0.148 0.689 0.0 -0.722 -0.058 0.988 0.0 0.01 0.153 
1.0 -0.005 0.014 0.012 -0.743 -0.0 -0.668 0.047 -0.976 0.0 -0.09 -0.196 0.976 0.0 -0.196 0.091 0.624 0.0 0.686 -0.375 -0.65 -0.0 -0.758 -0.056 -0.988 0.0 0.053 0.148 0.689 0.0 -0.722 -0.059 0.988 0.0 0.009 0.154 
1.0 -0.005 0.014 0.012 -0.743 -0.0 -0.668 0.046 -0.977 -0.0 -0.09 -0.196 0.977 0.0 -0.193 0.091 0.627 0.0 0.676 -0.387 -0.65 -0.0 -0.758 -0.057 -0.988 -0.0 0.053 0.148 0.689 0.0 -0.723 -0.058 0.988 0.0 0.009 0.154 
1.0 -0.005 0.014 0.013 -0.743 -0.0 -0.668 0.046 -0.976 -0.0 -0.09 -0.196 0.978 -0.0 -0.191 0.09 0.63 -0.0 0.667 -0.398 -0.65 -0.0 -0.758 -0.056 -0.988 -0.0 0.053 0.148 0.689 0.0 -0.723 -0.058 0.988 -0.0 0.009 0.154 
1.0 -0.005 0.014 0.013 -0.743 -0.0 -0.668 0.045 -0.976 -0.0 -0.09 -0.196 0.978 0.0 -0.188 0.087 0.633 -0.0 0.657 -0.409 -0.65 -0.0 -0.758 -0.056 -0.988 -0.0 0.053 0.148 0.689 0.0 -0.723 -0.058 0.988 0.0 0.01 0.153 
1.0 -0.005 0.014 0.013 -0.743 -0.0 -0.668 0.045 -0.976 -0.0 -0.089 -0.196 0.979 0.0 -0.186 0.086 0.636 0.0 0.647 -0.42 -0.65 -0.0 -0.758 -0.056 -0.988 -0.0 0.053 0.148 0.689 0.0 -0.723 -0.058 0.988 -0.0 0.009 0.153 
1.0 -0.005 0.014 0.013 -0.743 -0.0 -0.668 0.044 -0.977 -0.0 -0.088 -0.195 0.979 0.0 -0.184 0.085 0.639 -0.0 0.637 -0.431 -0.65 -0.0 -0.758 -0.056 -0.988 -0.0 0.053 0.147 0.689 0.0 -0.723 -0.058 0.988 0.0 0.009 0.153 
1.0 -0.005 0.014 0.013 -0.743 0.0 -0.668 0.044 -0.977 -0.0 -0.088 -0.196 0.98 0.0 -0.182 0.083 0.642 0.0 0.628 -0.44 -0.65 0.0 -0.758 -0.057 -0.988 -0.0 0.053 0.148 0.689 0.0 -0.723 -0.059 0.988 -0.0 0.01 0.153 
1.0 -0.005 0.014 0.013 -0.743 -0.0 -0.668 0.044 -0.976 -0.0 -0.089 -0.196 0.98 0.0 -0.18 0.081 0.646 0.0 0.618 -0.448 -0.65 -0.0 -0.758 -0.057 -0.988 -0.0 0.053 0.148 0.689 0.0 -0.723 -0.059 0.988 0.0 0.009 0.153 
1.0 -0.004 0.014 0.013 -0.743 -0.0 -0.668 0.044 -0.977 -0.0 -0.088 -0.196 0.981 0.0 -0.178 0.079 0.648 -0.0 0.608 -0.458 -0.65 -0.0 -0.758 -0.057 -0.988 -0.0 0.053 0.148 0.689 0.0 -0.722 -0.059 0.988 0.0 0.01 0.153 
1.0 -0.004 0.014 0.013 -0.743 0.0 -0.668 0.043 -0.977 -0.0 -0.088 -0.197 0.981 -0.0 -0.176 0.078 0.651 0.0 0.598 -0.467 -0.65 -0.0 -0.758 -0.057 -0.988 -0.0 0.053 0.148 0.689 0.0 -0.723 -0.059 0.988 0.0 0.01 0.152 
1.0 -0.004 0.014 0.013 -0.743 -0.0 -0.668 0.043 -0.976 -0.0 -0.088 -0.197 0.982 0.0 -0.174 0.076 0.655 0.0 0.588 -0.475 -0.65 -0.0 -0.758 -0.057 -0.988 -0.0 0.053 0.148 0.689 0.0 -0.723 -0.059 0.988 0.0 0.01 0.152 
1.0 -0.004 0.014 0.013 -0.743 0.0 -0.668 0.043 -0.976 -0.0 -0.088 -0.197 0.982 -0.0 -0.172 0.074 0.658 0.0 0.577 -0.484 -0.65 -0.0 -0.758 -0.057 -0.988 -0.0 0.053 0.148 0.689 0.0 -0.723 -0.06 0.988 0.0 0.01 0.152 
1.0 -0.004 0.015 0.014 -0.743 -0.0 -0.668 0.042 -0.977 -0.0 -0.088 -0.197 0.983 0.0 -0.17 0.072 0.661 0.0 0.567 -0.491 -0.65 -0.0 -0.758 -0.058 -0.988 -0.0 0.053 0.148 0.689 0.0 -0.722 -0.06 0.988 0.0 0.009 0.153 
1.0 -0.004 0.015 0.014 -0.743 -0.0 -0.668 0.042 -0.977 -0.0 -0.088 -0.197 0.984 0.0 -0.167 0.069 0.665 0.0 0.556 -0.498 -0.65 -0.0 -0.758 -0.057 -0.988 -0.0 0.053 0.147 0.689 0.0 -0.723 -0.06 0.988 0.0 0.01 0.153 
1.0 -0.004 0.015 0.014 -0.743 -0.0 -0.668 0.042 -0.977 -0.0 -0.088 -0.197 0.984 -0.0 -0.165 0.067 0.669 0.0 0.545 -0.505 -0.65 -0.0 -0.758 -0.058 -0.988 -0.0 0.053 0.148 0.689 0.0 -0.723 -0.06 0.988 0.0 0.01 0.152 
1.0 -0.004 0.015 0.014 -0.743 -0.0 -0.668 0.042 -0.976 -0.0 -0.088 -0.197 0.984 0.0 -0.163 0.064 0.672 0.0 0.535 -0.511 -0.65 -0.0 -0.758 -0.057 -0.988 -0.0 0.053 0.147 0.689 0.0 -0.723 -0.061 0.988 -0.0 0.01 0.152 
1.0 -0.004 0.015 0.014 -0.743 0.0 -0.668 0.041 -0.976 -0.0 -0.088 -0.197 0.985 0.0 -0.161 0.062 0.676 0.0 0.524 -0.518 -0.65 -0.0 -0.757 -0.058 -0.988 -0.0 0.053 0.148 0.689 0.0 -0.723 -0.061 0.988 0.0 0.01 0.152 
1.0 -0.003 0.015 0.014 -0.743 -0.0 -0.668 0.041 -0.976 0.0 -0.088 -0.197 0.985 0.0 -0.159 0.06 0.679 0.0 0.513 -0.524 -0.65 -0.0 -0.757 -0.058 -0.988 -0.0 0.053 0.148 0.689 0.0 -0.722 -0.061 0.988 0.0 0.009 0.152 
1.0 -0.003 0.015 0.014 -0.743 -0.0 -0.668 0.04 -0.976 -0.0 -0.088 -0.197 0.986 0.0 -0.157 0.057 0.683 0.0 0.503 -0.53 -0.65 -0.0 -0.757 -0.058 -0.988 -0.0 0.053 0.147 0.689 0.0 -0.722 -0.061 0.988 0.0 0.009 0.152 
1.0 -0.003 0.015 0.015 -0.743 0.0 -0.668 0.04 -0.976 -0.0 -0.088 -0.198 0.987 0.0 -0.153 0.055 0.686 0.0 0.491 -0.537 -0.65 0.0 -0.757 -0.058 -0.988 -0.0 0.053 0.147 0.689 0.0 -0.722 -0.062 0.988 0.0 0.008 0.153 
1.0 -0.003 0.015 0.015 -0.743 0.0 -0.668 0.04 -0.976 -0.0 -0.088 -0.198 0.987 0.0 -0.151 0.052 0.689 -0.0 0.48 -0.542 -0.651 -0.0 -0.757 -0.058 -0.988 -0.0 0.053 0.147 0.689 0.0 -0.722 -0.062 0.988 0.0 0.008 0.152 
1.0 -0.003 0.015 0.015 -0.743 0.0 -0.668 0.039 -0.976 -0.0 -0.088 -0.198 0.988 -0.0 -0.149 0.05 0.693 0.0 0.469 -0.548 -0.651 -0.0 -0.757 -0.059 -0.988 -0.0 0.053 0.147 0.689 0.0 -0.722 -0.062 0.988 0.0 0.009 0.152 
1.0 -0.002 0.015 0.015 -0.743 0.0 -0.668 0.039 -0.976 -0.0 -0.088 -0.198 0.988 0.0 -0.147 0.047 0.696 -0.0 0.458 -0.553 -0.651 -0.0 -0.757 -0.059 -0.988 0.0 0.051 0.147 0.689 0.0 -0.722 -0.062 0.988 0.0 0.009 0.152 
1.0 -0.002 0.015 0.016 -0.743 -0.0 -0.668 0.038 -0.976 0.0 -0.088 -0.198 0.988 0.0 -0.145 0.044 0.7 0.0 0.448 -0.557 -0.651 -0.0 -0.757 -0.059 -0.988 0.0 0.052 0.148 0.689 0.0 -0.722 -0.063 0.988 0.0 0.008 0.152 
1.0 -0.002 0.015 0.016 -0.743 -0.0 -0.668 0.038 -0.976 -0.0 -0.088 -0.199 0.989 0.0 -0.143 0.042 0.702 0.0 0.437 -0.562 -0.651 -0.0 -0.757 -0.059 -0.988 -0.0 0.051 0.147 0.689 0.0 -0.722 -0.063 0.988 0.0 0.009 0.152 
1.0 -0.002 0.015 0.016 -0.744 0.0 -0.668 0.037 -0.976 -0.0 -0.087 -0.199 0.989 0.0 -0.142 0.039 0.705 0.0 0.428 -0.566 -0.651 -0.0 -0.757 -0.059 -0.988 -0.0 0.052 0.147 0.689 -0.0 -0.722 -0.063 0.988 0.0 0.009 0.152 
1.0 -0.002 0.015 0.016 -0.744 -0.0 -0.668 0.036 -0.976 -0.0 -0.087 -0.198 0.989 0.0 -0.14 0.036 0.708 0.0 0.418 -0.569 -0.651 -0.0 -0.757 -0.059 -0.988 -0.0 0.052 0.147 0.689 0.0 -0.722 -0.063 0.988 0.0 0.009 0.151 
1.0 -0.002 0.015 0.017 -0.744 -0.0 -0.668 0.036 -0.976 -0.0 -0.087 -0.199 0.99 0.0 -0.139 0.032 0.711 0.0 0.409 -0.572 -0.651 -0.0 -0.757 -0.059 -0.988 0.0 0.052 0.147 0.689 0.0 -0.722 -0.064 0.988 0.0 0.009 0.152 
1.0 -0.002 0.015 0.017 -0.744 -0.0 -0.668 0.036 -0.976 -0.0 -0.086 -0.199 0.99 0.0 -0.138 0.03 0.714 0.0 0.4 -0.575 -0.651 -0.0 -0.757 -0.06 -0.988 -0.0 0.052 0.148 0.689 0.0 -0.722 -0.064 0.988 0.0 0.009 0.152 
1.0 -0.002 0.015 0.017 -0.744 -0.0 -0.668 0.036 -0.976 -0.0 -0.086 -0.199 0.99 -0.0 -0.137 0.026 0.717 0.0 0.39 -0.577 -0.651 -0.0 -0.757 -0.059 -0.988 -0.0 0.052 0.147 0.689 0.0 -0.722 -0.064 0.988 0.0 0.01 0.152 
1.0 -0.002 0.015 0.017 -0.744 -0.0 -0.668 0.036 -0.976 -0.0 -0.086 -0.2 0.99 0.0 -0.136 0.022 0.72 0.0 0.381 -0.579 -0.651 -0.0 -0.757 -0.059 -0.988 0.0 0.052 0.147 0.688 0.0 -0.722 -0.064 0.988 0.0 0.01 0.152 
1.0 -0.002 0.015 0.017 -0.744 -0.0 -0.668 0.035 -0.976 -0.0 -0.086 -0.2 0.991 0.0 -0.135 0.019 0.724 0.0 0.373 -0.581 -0.651 -0.0 -0.757 -0.059 -0.988 0.0 0.052 0.147 0.688 0.0 -0.723 -0.064 0.988 0.0 0.01 0.151 
1.0 -0.002 0.015 0.018 -0.744 -0.0 -0.668 0.035 -0.976 -0.0 -0.086 -0.2 0.991 -0.0 -0.134 0.015 0.727 0.0 0.364 -0.582 -0.651 -0.0 -0.757 -0.059 -0.988 -0.0 0.052 0.147 0.688 0.0 -0.723 -0.064 0.988 0.0 0.01 0.152 
1.0 -0.001 0.015 0.018 -0.744 -0.0 -0.668 0.035 -0.976 -0.0 -0.086 -0.201 0.991 0.0 -0.133 0.012 0.73 0.0 0.353 -0.584 -0.651 -0.0 -0.757 -0.059 -0.988 -0.0 0.052 0.147 0.688 -0.0 -0.723 -0.064 0.988 0.0 0.01 0.152 
1.0 -0.001 0.015 0.018 -0.744 0.0 -0.668 0.035 -0.976 -0.0 -0.086 -0.201 0.991 0.0 -0.132 0.009 0.734 -0.0 0.344 -0.585 -0.651 -0.0 -0.757 -0.059 -0.988 -0.0 0.052 0.147 0.688 0.0 -0.722 -0.064 0.988 0.0 0.01 0.151 
1.0 -0.001 0.015 0.018 -0.744 -0.0 -0.667 0.035 -0.976 -0.0 -0.085 -0.201 0.991 -0.0 -0.131 0.006 0.737 0.0 0.335 -0.587 -0.651 -0.0 -0.757 -0.059 -0.988 -0.0 0.051 0.147 0.688 0.0 -0.723 -0.064 0.988 0.0 0.01 0.151 
1.0 -0.001 0.015 0.019 -0.744 -0.0 -0.668 0.035 -0.976 -0.0 -0.085 -0.201 0.992 0.0 -0.13 0.002 0.74 0.0 0.325 -0.588 -0.651 -0.0 -0.757 -0.059 -0.988 -0.0 0.051 0.147 0.688 0.0 -0.722 -0.064 0.988 0.0 0.01 0.151 
1.0 -0.001 0.015 0.019 -0.744 -0.0 -0.667 0.035 -0.976 -0.0 -0.086 -0.201 0.992 -0.0 -0.129 -0.001 0.744 0.0 0.316 -0.589 -0.651 0.0 -0.757 -0.059 -0.988 -0.0 0.051 0.147 0.688 0.0 -0.722 -0.065 0.988 0.0 0.01 0.151 
1.0 -0.001 0.015 0.019 -0.744 -0.0 -0.667 0.035 -0.976 -0.0 -0.085 -0.201 0.992 -0.0 -0.129 -0.005 0.746 0.0 0.307 -0.591 -0.651 -0.0 -0.757 -0.059 -0.988 -0.0 0.051 0.147 0.688 0.0 -0.722 -0.065 0.988 0.0 0.01 0.151 
1.0 -0.001 0.015 0.019 -0.744 -0.0 -0.667 0.034 -0.976 -0.0 -0.085 -0.201 0.992 0.0 -0.128 -0.008 0.749 0.0 0.297 -0.592 -0.651 -0.0 -0.757 -0.059 -0.988 -0.0 0.051 0.148 0.688 0.0 -0.722 -0.065 0.988 0.0 0.01 0.151 
1.0 -0.001 0.015 0.019 -0.744 -0.0 -0.668 0.034 -0.976 -0.0 -0.086 -0.201 0.992 0.0 -0.127 -0.011 0.751 0.0 0.288 -0.594 -0.651 -0.0 -0.757 -0.06 -0.988 -0.0 0.051 0.148 0.689 -0.0 -0.722 -0.065 0.988 0.0 0.009 0.151 
1.0 -0.001 0.015 0.02 -0.744 -0.0 -0.668 0.034 -0.976 -0.0 -0.085 -0.201 0.992 0.0 -0.127 -0.013 0.754 0.0 0.278 -0.595 -0.651 -0.0 -0.756 -0.06 -0.988 -0.0 0.051 0.147 0.689 0.0 -0.722 -0.065 0.988 -0.0 0.009 0.152 
1.0 -0.001 0.015 0.02 -0.744 -0.0 -0.668 0.034 -0.976 -0.0 -0.085 -0.201 0.992 0.0 -0.126 -0.016 0.756 0.0 0.268 -0.597 -0.651 -0.0 -0.756 -0.06 -0.988 -0.0 0.051 0.147 0.688 -0.0 -0.722 -0.066 0.988 0.0 0.008 0.152 
1.0 -0.001 0.015 0.02 -0.744 0.0 -0.668 0.034 -0.976 -0.0 -0.085 -0.201 0.992 0.0 -0.125 -0.02 0.759 0.0 0.258 -0.597 -0.651 -0.0 -0.756 -0.059 -0.988 0.0 0.051 0.147 0.688 0.0 -0.722 -0.066 0.988 0.0 0.009 0.152 
1.0 -0.001 0.015 0.02 -0.744 -0.0 -0.668 0.034 -0.976 -0.0 -0.085 -0.201 0.992 -0.0 -0.125 -0.022 0.762 0.0 0.248 -0.598 -0.651 -0.0 -0.756 -0.06 -0.988 -0.0 0.051 0.148 0.688 0.0 -0.722 -0.066 0.988 0.0 0.01 0.152 
1.0 -0.001 0.015 0.02 -0.744 -0.0 -0.668 0.034 -0.976 -0.0 -0.085 -0.201 0.992 0.0 -0.124 -0.025 0.765 0.0 0.238 -0.598 -0.651 -0.0 -0.756 -0.059 -0.988 -0.0 0.051 0.147 0.688 -0.0 -0.722 -0.066 0.988 0.0 0.01 0.152 
1.0 -0.001 0.015 0.02 -0.744 -0.0 -0.668 0.034 -0.976 -0.0 -0.085 -0.201 0.992 0.0 -0.124 -0.028 0.768 0.0 0.227 -0.598 -0.651 -0.0 -0.756 -0.06 -0.988 0.0 0.051 0.148 0.688 0.0 -0.722 -0.066 0.988 0.0 0.01 0.152 
1.0 -0.001 0.015 0.02 -0.743 -0.0 -0.668 0.034 -0.976 -0.0 -0.085 -0.201 0.992 -0.0 -0.124 -0.033 0.772 0.0 0.218 -0.597 -0.651 -0.0 -0.756 -0.059 -0.988 -0.0 0.051 0.148 0.688 0.0 -0.722 -0.066 0.988 0.0 0.01 0.152 
1.0 -0.001 0.015 0.02 -0.743 0.0 -0.668 0.034 -0.976 -0.0 -0.085 -0.201 0.992 0.0 -0.124 -0.035 0.774 0.0 0.208 -0.598 -0.651 -0.0 -0.756 -0.06 -0.988 -0.0 0.051 0.148 0.688 0.0 -0.722 -0.066 0.988 0.0 0.01 0.152 
1.0 -0.001 0.015 0.02 -0.743 -0.0 -0.668 0.035 -0.976 -0.0 -0.085 -0.202 0.992 0.0 -0.124 -0.038 0.777 0.0 0.199 -0.598 -0.651 -0.0 -0.756 -0.06 -0.988 -0.0 0.051 0.148 0.688 0.0 -0.722 -0.066 0.988 0.0 0.01 0.152 
1.0 -0.0 0.015 0.02 -0.743 -0.0 -0.668 0.035 -0.976 -0.0 -0.085 -0.202 0.991 0.0 -0.124 -0.041 0.779 0.0 0.189 -0.597 -0.651 -0.0 -0.756 -0.06 -0.988 -0.0 0.051 0.148 0.688 0.0 -0.723 -0.066 0.988 0.0 0.01 0.152 
1.0 -0.0 0.015 0.02 -0.743 0.0 -0.668 0.035 -0.976 -0.0 -0.086 -0.202 0.991 0.0 -0.124 -0.044 0.781 0.0 0.181 -0.597 -0.651 -0.0 -0.756 -0.06 -0.988 -0.0 0.051 0.148 0.688 0.0 -0.723 -0.066 0.988 0.0 0.01 0.152 
1.0 -0.001 0.015 0.02 -0.743 -0.0 -0.668 0.034 -0.976 0.0 -0.085 -0.201 0.991 0.0 -0.124 -0.046 0.784 0.0 0.172 -0.597 -0.652 -0.0 -0.756 -0.06 -0.988 -0.0 0.051 0.148 0.688 0.0 -0.723 -0.065 0.988 0.0 0.01 0.152 
1.0 -0.001 0.015 0.02 -0.743 -0.0 -0.668 0.034 -0.976 -0.0 -0.085 -0.201 0.991 0.0 -0.125 -0.048 0.787 0.0 0.163 -0.596 -0.652 0.0 -0.756 -0.06 -0.988 -0.0 0.051 0.148 0.688 0.0 -0.723 -0.066 0.988 0.0 0.01 0.152 
1.0 -0.001 0.015 0.019 -0.743 -0.0 -0.668 0.034 -0.976 -0.0 -0.086 -0.201 0.991 0.0 -0.125 -0.052 0.79 0.0 0.153 -0.594 -0.652 -0.0 -0.756 -0.06 -0.988 -0.0 0.051 0.148 0.688 0.0 -0.723 -0.066 0.988 0.0 0.01 0.152 
1.0 -0.001 0.015 0.019 -0.743 0.0 -0.668 0.034 -0.976 0.0 -0.086 -0.201 0.991 0.0 -0.124 -0.054 0.793 0.0 0.142 -0.592 -0.652 -0.0 -0.756 -0.06 -0.988 0.0 0.051 0.148 0.688 0.0 -0.723 -0.066 0.988 0.0 0.01 0.152 
1.0 -0.001 0.015 0.019 -0.743 -0.0 -0.668 0.034 -0.976 -0.0 -0.086 -0.201 0.991 0.0 -0.125 -0.056 0.797 0.0 0.133 -0.59 -0.652 0.0 -0.756 -0.06 -0.988 -0.0 0.051 0.148 0.688 0.0 -0.723 -0.066 0.988 0.0 0.01 0.152 
1.0 -0.001 0.015 0.019 -0.743 -0.0 -0.668 0.034 -0.976 -0.0 -0.086 -0.201 0.99 0.0 -0.125 -0.059 0.799 0.0 0.125 -0.588 -0.652 0.0 -0.756 -0.06 -0.988 -0.0 0.051 0.148 0.688 0.0 -0.723 -0.065 0.988 0.0 0.01 0.152 
1.0 -0.001 0.015 0.019 -0.743 -0.0 -0.668 0.034 -0.976 -0.0 -0.087 -0.201 0.99 0.0 -0.126 -0.061 0.803 0.0 0.116 -0.585 -0.652 -0.0 -0.756 -0.06 -0.988 0.0 0.051 0.148 0.688 0.0 -0.723 -0.065 0.988 0.0 0.01 0.152 
1.0 -0.001 0.015 0.019 -0.743 -0.0 -0.668 0.034 -0.976 -0.0 -0.087 -0.201 0.99 0.0 -0.127 -0.063 0.804 0.0 0.108 -0.584 -0.652 -0.0 -0.756 -0.06 -0.988 0.0 0.051 0.148 0.688 0.0 -0.723 -0.065 0.988 0.0 0.011 0.152 
1.0 -0.001 0.015 0.018 -0.743 -0.0 -0.668 0.035 -0.976 -0.0 -0.087 -0.201 0.99 0.0 -0.127 -0.066 0.807 0.0 0.1 -0.582 -0.652 -0.0 -0.756 -0.06 -0.988 0.0 0.051 0.148 0.688 -0.0 -0.723 -0.065 0.988 0.0 0.011 0.152 
1.0 -0.0 0.015 0.018 -0.743 -0.0 -0.668 0.035 -0.976 -0.0 -0.087 -0.202 0.989 0.0 -0.128 -0.068 0.809 0.0 0.093 -0.58 -0.652 0.0 -0.756 -0.06 -0.988 -0.0 0.051 0.148 0.688 0.0 -0.723 -0.065 0.988 0.0 0.01 0.152 
1.0 -0.0 0.015 0.018 -0.743 -0.0 -0.668 0.035 -0.976 0.0 -0.087 -0.201 0.989 0.0 -0.129 -0.069 0.811 0.0 0.086 -0.579 -0.652 0.0 -0.756 -0.061 -0.988 -0.0 0.051 0.148 0.688 -0.0 -0.723 -0.065 0.988 0.0 0.01 0.152 
1.0 -0.0 0.015 0.018 -0.743 -0.0 -0.668 0.035 -0.976 -0.0 -0.087 -0.201 0.989 0.0 -0.13 -0.071 0.812 0.0 0.079 -0.578 -0.652 -0.0 -0.756 -0.061 -0.988 -0.0 0.051 0.148 0.688 0.0 -0.723 -0.065 0.988 0.0 0.011 0.152 
1.0 -0.0 0.015 0.018 -0.743 -0.0 -0.668 0.035 -0.976 -0.0 -0.087 -0.201 0.989 -0.0 -0.131 -0.073 0.814 0.0 0.072 -0.576 -0.652 -0.0 -0.756 -0.061 -0.988 -0.0 0.051 0.148 0.688 0.0 -0.723 -0.065 0.988 0.0 0.009 0.153 
1.0 -0.0 0.015 0.017 -0.743 -0.0 -0.668 0.035 -0.976 -0.0 -0.087 -0.2 0.988 -0.0 -0.132 -0.075 0.816 -0.0 0.065 -0.574 -0.652 -0.0 -0.756 -0.061 -0.988 -0.0 0.051 0.148 0.688 0.0 -0.723 -0.065 0.988 -0.0 0.011 0.152 
1.0 -0.0 0.014 0.017 -0.743 -0.0 -0.668 0.036 -0.976 -0.0 -0.087 -0.201 0.988 0.0 -0.132 -0.076 0.818 -0.0 0.058 -0.573 -0.652 -0.0 -0.756 -0.061 -0.988 -0.0 0.051 0.148 0.688 -0.0 -0.723 -0.065 0.988 0.0 0.01 0.152 
1.0 -0.0 0.014 0.017 -0.743 -0.0 -0.668 0.036 -0.976 -0.0 -0.087 -0.201 0.988 -0.0 -0.133 -0.078 0.819 0.0 0.052 -0.571 -0.652 -0.0 -0.756 -0.061 -0.988 -0.0 0.051 0.148 0.688 -0.0 -0.723 -0.065 0.988 0.0 0.01 0.152 
1.0 -0.0 0.014 0.017 -0.743 -0.0 -0.668 0.036 -0.976 -0.0 -0.087 -0.2 0.988 0.0 -0.134 -0.079 0.821 -0.0 0.045 -0.57 -0.652 -0.0 -0.756 -0.061 -0.988 0.0 0.051 0.148 0.688 0.0 -0.723 -0.065 0.988 0.0 0.01 0.152 
1.0 -0.0 0.014 0.017 -0.743 -0.0 -0.668 0.036 -0.976 -0.0 -0.087 -0.201 0.987 0.0 -0.136 -0.081 0.822 0.0 0.04 -0.568 -0.652 -0.0 -0.756 -0.061 -0.988 0.0 0.051 0.148 0.688 0.0 -0.723 -0.065 0.988 0.0 0.01 0.152 
1.0 -0.0 0.014 0.017 -0.743 -0.0 -0.668 0.036 -0.976 -0.0 -0.087 -0.2 0.987 0.0 -0.136 -0.082 0.824 0.0 0.034 -0.566 -0.652 -0.0 -0.756 -0.061 -0.988 -0.0 0.051 0.148 0.688 -0.0 -0.723 -0.065 0.988 0.0 0.01 0.152 
1.0 -0.0 0.014 0.016 -0.743 -0.0 -0.668 0.037 -0.976 -0.0 -0.087 -0.2 0.987 -0.0 -0.138 -0.083 0.825 0.0 0.029 -0.565 -0.652 -0.0 -0.756 -0.061 -0.988 -0.0 0.051 0.148 0.688 0.0 -0.723 -0.064 0.988 -0.0 0.01 0.152 
1.0 -0.0 0.014 0.016 -0.743 -0.0 -0.668 0.037 -0.976 -0.0 -0.087 -0.2 0.987 0.0 -0.139 -0.084 0.826 -0.0 0.024 -0.563 -0.652 -0.0 -0.756 -0.061 -0.988 0.0 0.051 0.148 0.688 0.0 -0.723 -0.064 0.988 0.0 0.01 0.152 
1.0 -0.0 0.014 0.016 -0.743 0.0 -0.668 0.037 -0.976 -0.0 -0.087 -0.2 0.986 -0.0 -0.14 -0.086 0.827 0.0 0.019 -0.562 -0.652 -0.0 -0.756 -0.061 -0.988 0.0 0.051 0.148 0.688 0.0 -0.723 -0.065 0.988 0.0 0.01 0.152 
1.0 -0.0 0.014 0.016 -0.743 -0.0 -0.668 0.038 -0.976 -0.0 -0.087 -0.2 0.986 0.0 -0.141 -0.087 0.828 0.0 0.015 -0.561 -0.652 0.0 -0.756 -0.061 -0.988 -0.0 0.051 0.149 0.688 -0.0 -0.723 -0.064 0.988 0.0 0.01 0.152 
1.0 -0.0 0.014 0.016 -0.743 -0.0 -0.668 0.038 -0.976 -0.0 -0.087 -0.201 0.986 0.0 -0.142 -0.087 0.828 0.0 0.012 -0.56 -0.652 -0.0 -0.756 -0.061 -0.988 -0.0 0.051 0.149 0.688 0.0 -0.723 -0.064 0.988 -0.0 0.01 0.152 
1.0 -0.0 0.014 0.016 -0.743 -0.0 -0.668 0.038 -0.976 -0.0 -0.087 -0.201 0.986 0.0 -0.143 -0.088 0.829 0.0 0.009 -0.559 -0.652 -0.0 -0.756 -0.061 -0.988 -0.0 0.051 0.148 0.688 0.0 -0.723 -0.064 0.988 -0.0 0.01 0.152 
1.0 -0.0 0.014 0.015 -0.743 0.0 -0.668 0.038 -0.976 0.0 -0.087 -0.201 0.986 0.0 -0.145 -0.089 0.83 -0.0 0.005 -0.558 -0.652 -0.0 -0.756 -0.062 -0.988 -0.0 0.051 0.149 0.688 0.0 -0.723 -0.064 0.988 0.0 0.01 0.152 
1.0 -0.0 0.014 0.015 -0.744 -0.0 -0.668 0.039 -0.976 -0.0 -0.087 -0.201 0.985 -0.0 -0.146 -0.09 0.83 -0.0 0.002 -0.557 -0.652 -0.0 -0.756 -0.061 -0.988 -0.0 0.051 0.149 0.688 -0.0 -0.723 -0.064 0.988 0.0 0.011 0.152 
1.0 -0.0 0.014 0.015 -0.744 -0.0 -0.667 0.039 -0.976 -0.0 -0.087 -0.201 0.985 -0.0 -0.147 -0.091 0.831 -0.0 -0.001 -0.556 -0.652 -0.0 -0.756 -0.061 -0.988 0.0 0.051 0.149 0.687 0.0 -0.723 -0.064 0.988 0.0 0.011 0.152 
1.0 -0.0 0.014 0.014 -0.744 0.0 -0.667 0.039 -0.976 -0.0 -0.087 -0.2 0.985 -0.0 -0.148 -0.091 0.832 -0.0 -0.003 -0.555 -0.652 -0.0 -0.756 -0.061 -0.988 -0.0 0.051 0.149 0.687 -0.0 -0.724 -0.063 0.988 0.0 0.011 0.152 
1.0 -0.0 0.014 0.015 -0.744 -0.0 -0.667 0.04 -0.976 0.0 -0.087 -0.2 0.985 -0.0 -0.149 -0.091 0.832 0.0 -0.005 -0.555 -0.652 -0.0 -0.756 -0.062 -0.988 0.0 0.051 0.149 0.688 0.0 -0.723 -0.064 0.988 -0.0 0.011 0.152 
1.0 0.0 0.014 0.014 -0.744 -0.0 -0.667 0.04 -0.976 -0.0 -0.087 -0.2 0.984 0.0 -0.15 -0.091 0.832 0.0 -0.007 -0.554 -0.652 0.0 -0.756 -0.062 -0.988 -0.0 0.051 0.149 0.687 0.0 -0.723 -0.064 0.988 0.0 0.01 0.152 
1.0 -0.0 0.014 0.014 -0.744 0.0 -0.667 0.04 -0.976 -0.0 -0.087 -0.2 0.984 0.0 -0.152 -0.091 0.833 0.0 -0.009 -0.554 -0.652 -0.0 -0.756 -0.062 -0.988 -0.0 0.051 0.149 0.687 0.0 -0.724 -0.064 0.988 0.0 0.011 0.152 
1.0 0.0 0.014 0.014 -0.744 -0.0 -0.667 0.041 -0.976 -0.0 -0.087 -0.2 0.984 0.0 -0.153 -0.092 0.833 0.0 -0.011 -0.554 -0.652 -0.0 -0.756 -0.062 -0.988 0.0 0.051 0.149 0.687 0.0 -0.723 -0.064 0.988 0.0 0.011 0.152 
1.0 0.0 0.014 0.014 -0.744 -0.0 -0.667 0.041 -0.976 -0.0 -0.087 -0.2 0.984 0.0 -0.154 -0.092 0.833 -0.0 -0.012 -0.553 -0.652 -0.0 -0.756 -0.062 -0.988 -0.0 0.051 0.149 0.687 0.0 -0.724 -0.064 0.988 -0.0 0.011 0.152 
1.0 0.0 0.014 0.013 -0.744 -0.0 -0.666 0.041 -0.976 -0.0 -0.087 -0.2 0.984 0.0 -0.155 -0.092 0.834 0.0 -0.013 -0.552 -0.652 -0.0 -0.756 -0.062 -0.988 -0.0 0.051 0.149 0.687 0.0 -0.724 -0.064 0.988 0.0 0.011 0.152 
1.0 0.0 0.014 0.013 -0.745 -0.0 -0.666 0.041 -0.976 -0.0 -0.087 -0.2 0.983 0.0 -0.155 -0.093 0.834 -0.0 -0.014 -0.551 -0.652 0.0 -0.756 -0.062 -0.988 -0.0 0.051 0.149 0.687 0.0 -0.724 -0.064 0.988 0.0 0.011 0.152 
1.0 0.0 0.014 0.013 -0.745 -0.0 -0.666 0.041 -0.976 -0.0 -0.086 -0.2 0.983 0.0 -0.156 -0.093 0.834 0.0 -0.015 -0.551 -0.652 -0.0 -0.756 -0.062 -0.988 -0.0 0.051 0.149 0.687 -0.0 -0.724 -0.064 0.988 0.0 0.011 0.153 
1.0 -0.0 0.014 0.013 -0.745 -0.0 -0.666 0.042 -0.976 -0.0 -0.086 -0.2 0.983 -0.0 -0.157 -0.093 0.835 0.0 -0.016 -0.55 -0.651 -0.0 -0.756 -0.062 -0.988 -0.0 0.052 0.148 0.687 0.0 -0.724 -0.064 0.988 0.0 0.011 0.152 
1.0 -0.0 0.014 0.013 -0.745 -0.0 -0.666 0.042 -0.976 0.0 -0.086 -0.2 0.983 -0.0 -0.158 -0.093 0.835 -0.0 -0.016 -0.551 -0.652 -0.0 -0.756 -0.062 -0.988 -0.0 0.052 0.148 0.687 0.0 -0.724 -0.064 0.988 0.0 0.011 0.152 
1.0 -0.0 0.014 0.013 -0.745 -0.0 -0.666 0.042 -0.976 -0.0 -0.086 -0.199 0.983 -0.0 -0.159 -0.093 0.835 0.0 -0.016 -0.55 -0.652 0.0 -0.756 -0.062 -0.988 -0.0 0.052 0.148 0.687 -0.0 -0.724 -0.064 0.988 0.0 0.011 0.152 
1.0 -0.0 0.014 0.013 -0.745 -0.0 -0.665 0.042 -0.976 -0.0 -0.086 -0.199 0.983 0.0 -0.16 -0.093 0.835 0.0 -0.016 -0.55 -0.651 -0.0 -0.756 -0.062 -0.988 -0.0 0.052 0.148 0.687 0.0 -0.724 -0.064 0.988 0.0 0.011 0.152 
1.0 -0.0 0.014 0.012 -0.746 -0.0 -0.665 0.042 -0.976 -0.0 -0.086 -0.199 0.983 0.0 -0.161 -0.093 0.835 -0.0 -0.016 -0.55 -0.651 0.0 -0.756 -0.062 -0.988 -0.0 0.052 0.148 0.687 0.0 -0.724 -0.063 0.988 -0.0 0.011 0.152 
1.0 -0.0 0.014 0.012 -0.746 -0.0 -0.665 0.042 -0.976 0.0 -0.086 -0.199 0.983 0.0 -0.162 -0.092 0.835 -0.0 -0.016 -0.55 -0.651 -0.0 -0.756 -0.062 -0.988 -0.0 0.052 0.148 0.687 0.0 -0.724 -0.063 0.988 0.0 0.011 0.152 
1.0 -0.0 0.014 0.012 -0.746 -0.0 -0.665 0.043 -0.976 -0.0 -0.086 -0.199 0.982 0.0 -0.162 -0.092 0.836 0.0 -0.015 -0.549 -0.651 -0.0 -0.756 -0.062 -0.988 0.0 0.052 0.148 0.687 0.0 -0.724 -0.063 0.988 0.0 0.011 0.152 
1.0 -0.0 0.014 0.012 -0.746 -0.0 -0.665 0.043 -0.976 -0.0 -0.086 -0.199 0.982 0.0 -0.163 -0.092 0.836 0.0 -0.014 -0.549 -0.651 0.0 -0.756 -0.062 -0.988 0.0 0.052 0.148 0.687 0.0 -0.724 -0.063 0.988 0.0 0.011 0.152 
1.0 -0.001 0.014 0.012 -0.746 -0.0 -0.664 0.043 -0.976 -0.0 -0.085 -0.199 0.982 0.0 -0.164 -0.092 0.836 0.0 -0.013 -0.549 -0.651 -0.0 -0.756 -0.062 -0.988 -0.0 0.052 0.148 0.687 0.0 -0.724 -0.063 0.988 0.0 0.012 0.152 
1.0 -0.001 0.014 0.012 -0.746 -0.0 -0.664 0.043 -0.976 -0.0 -0.085 -0.199 0.982 -0.0 -0.164 -0.091 0.836 0.0 -0.012 -0.549 -0.651 -0.0 -0.756 -0.062 -0.988 -0.0 0.053 0.148 0.687 0.0 -0.724 -0.063 0.988 -0.0 0.012 0.152 
1.0 -0.001 0.014 0.012 -0.746 -0.0 -0.664 0.043 -0.976 -0.0 -0.085 -0.199 0.982 0.0 -0.165 -0.091 0.836 0.0 -0.011 -0.549 -0.651 -0.0 -0.756 -0.062 -0.988 -0.0 0.052 0.148 0.687 0.0 -0.724 -0.063 0.988 0.0 0.012 0.152 
1.0 -0.001 0.014 0.011 -0.746 -0.0 -0.664 0.043 -0.976 -0.0 -0.085 -0.198 0.982 0.0 -0.166 -0.091 0.836 -0.0 -0.009 -0.549 -0.651 -0.0 -0.757 -0.062 -0.988 -0.0 0.053 0.148 0.687 0.0 -0.724 -0.063 0.988 0.0 0.011 0.153 
1.0 -0.001 0.014 0.012 -0.747 -0.0 -0.664 0.044 -0.976 -0.0 -0.085 -0.198 0.982 0.0 -0.166 -0.09 0.835 0.0 -0.007 -0.55 -0.651 -0.0 -0.756 -0.061 -0.988 0.0 0.052 0.148 0.687 0.0 -0.724 -0.063 0.988 0.0 0.012 0.152 
1.0 -0.001 0.014 0.011 -0.747 -0.0 -0.664 0.044 -0.976 -0.0 -0.085 -0.198 0.982 0.0 -0.167 -0.09 0.835 0.0 -0.004 -0.55 -0.651 -0.0 -0.757 -0.062 -0.987 -0.0 0.053 0.149 0.687 0.0 -0.724 -0.063 0.988 0.0 0.012 0.152 
1.0 -0.001 0.014 0.011 -0.747 -0.0 -0.664 0.044 -0.976 -0.0 -0.085 -0.198 0.982 -0.0 -0.167 -0.089 0.835 -0.0 -0.002 -0.551 -0.651 -0.0 -0.757 -0.062 -0.987 -0.0 0.053 0.149 0.687 0.0 -0.724 -0.063 0.988 0.0 0.012 0.153 
1.0 -0.001 0.014 0.011 -0.747 -0.0 -0.663 0.044 -0.976 -0.0 -0.085 -0.198 0.982 -0.0 -0.168 -0.088 0.835 0.0 0.001 -0.551 -0.65 -0.0 -0.757 -0.062 -0.987 -0.0 0.053 0.149 0.687 0.0 -0.724 -0.063 0.988 0.0 0.012 0.153 
1.0 -0.001 0.014 0.011 -0.747 0.0 -0.663 0.044 -0.976 -0.0 -0.086 -0.198 0.982 0.0 -0.168 -0.088 0.834 -0.0 0.004 -0.552 -0.65 -0.0 -0.757 -0.062 -0.987 -0.0 0.053 0.149 0.687 0.0 -0.724 -0.063 0.988 0.0 0.012 0.153 
1.0 -0.001 0.014 0.011 -0.747 -0.0 -0.663 0.044 -0.976 -0.0 -0.086 -0.198 0.982 0.0 -0.169 -0.087 0.834 -0.0 0.007 -0.552 -0.65 -0.0 -0.757 -0.062 -0.987 -0.0 0.053 0.149 0.687 -0.0 -0.724 -0.063 0.988 0.0 0.01 0.153 
1.0 -0.001 0.014 0.011 -0.748 -0.0 -0.663 0.045 -0.976 -0.0 -0.086 -0.198 0.982 0.0 -0.169 -0.087 0.834 0.0 0.01 -0.552 -0.65 -0.0 -0.757 -0.062 -0.987 0.0 0.053 0.149 0.687 0.0 -0.724 -0.063 0.988 -0.0 0.011 0.153 
1.0 -0.001 0.014 0.011 -0.748 -0.0 -0.662 0.045 -0.976 -0.0 -0.086 -0.198 0.982 0.0 -0.169 -0.086 0.833 0.0 0.014 -0.553 -0.651 -0.0 -0.757 -0.062 -0.987 -0.0 0.053 0.149 0.687 0.0 -0.724 -0.063 0.988 0.0 0.011 0.153 
1.0 -0.001 0.014 0.011 -0.748 -0.0 -0.662 0.045 -0.976 -0.0 -0.086 -0.199 0.982 -0.0 -0.169 -0.086 0.832 0.0 0.018 -0.554 -0.65 -0.0 -0.757 -0.062 -0.987 -0.0 0.053 0.149 0.687 -0.0 -0.724 -0.063 0.988 0.0 0.011 0.153 
1.0 -0.001 0.014 0.011 -0.748 -0.0 -0.662 0.045 -0.976 -0.0 -0.087 -0.198 0.982 0.0 -0.17 -0.085 0.832 0.0 0.022 -0.555 -0.65 -0.0 -0.757 -0.063 -0.987 -0.0 0.053 0.149 0.687 0.0 -0.724 -0.063 0.988 -0.0 0.011 0.153 
1.0 -0.001 0.014 0.011 -0.748 -0.0 -0.662 0.045 -0.976 -0.0 -0.087 -0.198 0.982 0.0 -0.17 -0.084 0.831 0.0 0.027 -0.556 -0.65 -0.0 -0.757 -0.063 -0.987 0.0 0.053 0.149 0.687 -0.0 -0.724 -0.063 0.988 0.0 0.011 0.153 
1.0 -0.001 0.014 0.011 -0.748 0.0 -0.662 0.045 -0.976 -0.0 -0.087 -0.198 0.982 0.0 -0.171 -0.083 0.83 0.0 0.031 -0.557 -0.65 -0.0 -0.757 -0.063 -0.987 -0.0 0.053 0.149 0.687 0.0 -0.724 -0.063 0.988 0.0 0.011 0.153 
1.0 -0.001 0.014 0.01 -0.749 -0.0 -0.661 0.045 -0.976 -0.0 -0.087 -0.198 0.982 -0.0 -0.171 -0.082 0.829 0.0 0.035 -0.558 -0.65 -0.0 -0.757 -0.063 -0.987 -0.0 0.053 0.149 0.687 0.0 -0.724 -0.062 0.988 0.0 0.011 0.152 
1.0 -0.001 0.014 0.011 -0.749 -0.0 -0.661 0.045 -0.976 -0.0 -0.087 -0.198 0.982 0.0 -0.171 -0.082 0.828 0.0 0.04 -0.559 -0.65 0.0 -0.757 -0.063 -0.987 -0.0 0.053 0.149 0.687 0.0 -0.724 -0.063 0.988 0.0 0.011 0.153 
1.0 -0.001 0.014 0.01 -0.749 -0.0 -0.661 0.045 -0.976 -0.0 -0.088 -0.198 0.982 0.0 -0.171 -0.081 0.827 0.0 0.046 -0.56 -0.65 -0.0 -0.757 -0.063 -0.987 -0.0 0.054 0.149 0.687 -0.0 -0.724 -0.064 0.988 0.0 0.011 0.153 
1.0 -0.001 0.014 0.01 -0.749 -0.0 -0.661 0.045 -0.976 -0.0 -0.088 -0.197 0.982 0.0 -0.171 -0.08 0.827 0.0 0.051 -0.561 -0.65 -0.0 -0.757 -0.063 -0.987 0.0 0.053 0.148 0.687 0.0 -0.724 -0.064 0.988 0.0 0.011 0.153 
1.0 -0.001 0.014 0.01 -0.749 0.0 -0.661 0.045 -0.976 -0.0 -0.088 -0.197 0.982 0.0 -0.171 -0.079 0.825 -0.0 0.057 -0.562 -0.65 -0.0 -0.757 -0.063 -0.988 0.0 0.054 0.148 0.687 0.0 -0.724 -0.064 0.988 0.0 0.011 0.153 
1.0 -0.001 0.014 0.01 -0.749 -0.0 -0.661 0.046 -0.976 -0.0 -0.088 -0.197 0.982 0.0 -0.171 -0.078 0.825 0.0 0.062 -0.562 -0.65 -0.0 -0.757 -0.063 -0.988 -0.0 0.054 0.148 0.687 -0.0 -0.724 -0.064 0.988 0.0 0.011 0.153 
1.0 -0.001 0.014 0.01 -0.749 -0.0 -0.661 0.046 -0.976 -0.0 -0.088 -0.197 0.982 0.0 -0.171 -0.077 0.824 0.0 0.068 -0.563 -0.65 -0.0 -0.757 -0.063 -0.988 0.0 0.053 0.148 0.687 0.0 -0.724 -0.064 0.988 0.0 0.011 0.153 
1.0 -0.001 0.014 0.01 -0.749 -0.0 -0.661 0.046 -0.976 -0.0 -0.089 -0.197 0.982 -0.0 -0.171 -0.075 0.822 0.0 0.074 -0.564 -0.65 -0.0 -0.757 -0.063 -0.988 -0.0 0.053 0.148 0.687 0.0 -0.724 -0.064 0.988 -0.0 0.011 0.153 
1.0 -0.001 0.014 0.01 -0.749 -0.0 -0.661 0.046 -0.976 -0.0 -0.089 -0.197 0.983 0.0 -0.171 -0.073 0.821 0.0 0.081 -0.565 -0.65 -0.0 -0.757 -0.063 -0.988 -0.0 0.054 0.147 0.687 0.0 -0.724 -0.064 0.988 0.0 0.011 0.153 
1.0 -0.001 0.014 0.009 -0.749 -0.0 -0.661 0.046 -0.976 -0.0 -0.089 -0.197 0.983 0.0 -0.171 -0.072 0.82 0.0 0.087 -0.566 -0.65 -0.0 -0.757 -0.064 -0.988 -0.0 0.053 0.148 0.687 0.0 -0.724 -0.064 0.988 0.0 0.012 0.153 
1.0 -0.001 0.014 0.009 -0.749 -0.0 -0.661 0.046 -0.976 -0.0 -0.089 -0.197 0.983 0.0 -0.171 -0.071 0.819 0.0 0.094 -0.566 -0.65 0.0 -0.757 -0.064 -0.988 -0.0 0.054 0.148 0.687 0.0 -0.724 -0.064 0.988 0.0 0.012 0.152 
1.0 -0.0 0.014 0.009 -0.749 -0.0 -0.661 0.046 -0.976 -0.0 -0.089 -0.196 0.983 0.0 -0.171 -0.069 0.818 0.0 0.101 -0.567 -0.65 -0.0 -0.757 -0.064 -0.988 -0.0 0.053 0.147 0.687 -0.0 -0.724 -0.064 0.988 0.0 0.012 0.152 
1.0 -0.0 0.014 0.009 -0.749 -0.0 -0.661 0.046 -0.976 -0.0 -0.089 -0.196 0.983 0.0 -0.171 -0.068 0.816 -0.0 0.108 -0.568 -0.65 -0.0 -0.757 -0.064 -0.988 -0.0 0.053 0.147 0.687 0.0 -0.724 -0.064 0.988 -0.0 0.012 0.152 
1.0 -0.0 0.014 0.009 -0.749 -0.0 -0.661 0.046 -0.976 -0.0 -0.09 -0.196 0.983 0.0 -0.17 -0.066 0.815 0.0 0.115 -0.568 -0.65 -0.0 -0.757 -0.065 -0.988 -0.0 0.054 0.147 0.687 -0.0 -0.724 -0.064 0.988 0.0 0.012 0.152 
1.0 -0.0 0.014 0.009 -0.749 -0.0 -0.661 0.046 -0.976 -0.0 -0.09 -0.196 0.983 0.0 -0.17 -0.065 0.814 0.0 0.123 -0.568 -0.65 -0.0 -0.757 -0.064 -0.988 -0.0 0.054 0.147 0.687 0.0 -0.724 -0.064 0.988 0.0 0.012 0.152 
1.0 -0.0 0.014 0.009 -0.749 -0.0 -0.661 0.046 -0.976 -0.0 -0.09 -0.197 0.983 -0.0 -0.17 -0.063 0.812 -0.0 0.131 -0.568 -0.65 -0.0 -0.757 -0.064 -0.988 -0.0 0.054 0.147 0.687 0.0 -0.724 -0.064 0.988 0.0 0.012 0.152 
1.0 -0.0 0.014 0.008 -0.749 -0.0 -0.661 0.045 -0.976 -0.0 -0.091 -0.197 0.984 0.0 -0.17 -0.061 0.811 0.0 0.138 -0.569 -0.65 -0.0 -0.757 -0.064 -0.988 -0.0 0.054 0.147 0.687 -0.0 -0.724 -0.064 0.988 -0.0 0.012 0.152 
1.0 -0.0 0.014 0.008 -0.749 -0.0 -0.661 0.045 -0.976 0.0 -0.091 -0.197 0.984 0.0 -0.17 -0.06 0.809 -0.0 0.147 -0.569 -0.65 -0.0 -0.757 -0.065 -0.988 -0.0 0.054 0.147 0.687 0.0 -0.724 -0.064 0.988 0.0 0.013 0.152 
1.0 -0.0 0.014 0.008 -0.749 -0.0 -0.661 0.045 -0.976 -0.0 -0.091 -0.197 0.984 0.0 -0.169 -0.058 0.808 0.0 0.155 -0.569 -0.65 -0.0 -0.757 -0.065 -0.988 0.0 0.054 0.147 0.687 0.0 -0.724 -0.064 0.988 0.0 0.013 0.151 
1.0 -0.0 0.014 0.008 -0.749 -0.0 -0.661 0.045 -0.976 -0.0 -0.091 -0.197 0.984 0.0 -0.171 -0.056 0.805 0.0 0.166 -0.569 -0.65 -0.0 -0.757 -0.065 -0.988 0.0 0.053 0.146 0.687 -0.0 -0.724 -0.064 0.988 -0.0 0.013 0.151 
1.0 -0.0 0.014 0.008 -0.749 -0.0 -0.661 0.045 -0.976 -0.0 -0.091 -0.197 0.984 0.0 -0.171 -0.055 0.804 0.0 0.176 -0.569 -0.65 -0.0 -0.757 -0.065 -0.988 -0.0 0.053 0.147 0.687 0.0 -0.724 -0.064 0.988 0.0 0.013 0.151 
1.0 -0.0 0.014 0.008 -0.749 -0.0 -0.661 0.045 -0.976 -0.0 -0.091 -0.197 0.984 0.0 -0.171 -0.053 0.801 -0.0 0.186 -0.569 -0.65 -0.0 -0.757 -0.065 -0.988 -0.0 0.053 0.146 0.687 0.0 -0.724 -0.064 0.988 0.0 0.013 0.151 
1.0 -0.0 0.014 0.008 -0.749 -0.0 -0.661 0.044 -0.976 -0.0 -0.091 -0.197 0.984 -0.0 -0.172 -0.051 0.799 0.0 0.197 -0.568 -0.65 -0.0 -0.757 -0.065 -0.988 -0.0 0.053 0.146 0.687 0.0 -0.724 -0.064 0.988 0.0 0.013 0.151 
1.0 -0.0 0.014 0.008 -0.749 -0.0 -0.662 0.044 -0.976 -0.0 -0.091 -0.197 0.984 0.0 -0.172 -0.05 0.798 -0.0 0.205 -0.567 -0.65 -0.0 -0.757 -0.065 -0.988 0.0 0.053 0.146 0.687 -0.0 -0.724 -0.064 0.989 0.0 0.013 0.151 
1.0 -0.0 0.014 0.008 -0.748 0.0 -0.662 0.044 -0.976 -0.0 -0.091 -0.198 0.984 0.0 -0.172 -0.048 0.795 0.0 0.215 -0.567 -0.65 -0.0 -0.757 -0.065 -0.988 -0.0 0.053 0.146 0.687 -0.0 -0.724 -0.064 0.988 0.0 0.013 0.151 
1.0 -0.0 0.014 0.008 -0.748 -0.0 -0.662 0.043 -0.976 0.0 -0.091 -0.197 0.984 0.0 -0.172 -0.046 0.793 0.0 0.226 -0.566 -0.65 0.0 -0.757 -0.065 -0.988 -0.0 0.053 0.146 0.687 0.0 -0.724 -0.064 0.989 0.0 0.013 0.151 
1.0 -0.0 0.014 0.007 -0.748 0.0 -0.662 0.043 -0.976 -0.0 -0.091 -0.198 0.984 0.0 -0.174 -0.044 0.79 0.0 0.237 -0.566 -0.65 0.0 -0.757 -0.065 -0.988 -0.0 0.053 0.146 0.687 0.0 -0.724 -0.064 0.989 0.0 0.013 0.15 
1.0 -0.001 0.014 0.007 -0.748 -0.0 -0.662 0.043 -0.976 0.0 -0.091 -0.198 0.984 0.0 -0.174 -0.043 0.788 0.0 0.248 -0.563 -0.65 -0.0 -0.757 -0.065 -0.988 -0.0 0.053 0.146 0.687 0.0 -0.724 -0.063 0.989 -0.0 0.013 0.15 
1.0 -0.0 0.014 0.007 -0.748 -0.0 -0.662 0.042 -0.976 -0.0 -0.091 -0.198 0.984 0.0 -0.174 -0.041 0.785 0.0 0.259 -0.562 -0.65 -0.0 -0.757 -0.066 -0.988 -0.0 0.053 0.146 0.687 -0.0 -0.724 -0.063 0.989 0.0 0.013 0.15 
1.0 -0.001 0.014 0.007 -0.748 0.0 -0.662 0.043 -0.976 -0.0 -0.091 -0.198 0.984 0.0 -0.175 -0.039 0.782 0.0 0.27 -0.561 -0.65 -0.0 -0.757 -0.065 -0.988 -0.0 0.053 0.146 0.686 0.0 -0.724 -0.063 0.989 0.0 0.014 0.15 
1.0 -0.001 0.014 0.007 -0.748 -0.0 -0.662 0.042 -0.976 -0.0 -0.092 -0.198 0.984 -0.0 -0.176 -0.037 0.779 -0.0 0.281 -0.56 -0.65 -0.0 -0.757 -0.065 -0.988 -0.0 0.053 0.146 0.686 0.0 -0.725 -0.063 0.989 0.0 0.014 0.15 
1.0 -0.001 0.014 0.007 -0.748 -0.0 -0.663 0.042 -0.976 -0.0 -0.092 -0.199 0.984 0.0 -0.176 -0.035 0.776 0.0 0.292 -0.559 -0.65 -0.0 -0.757 -0.065 -0.988 -0.0 0.053 0.146 0.686 0.0 -0.724 -0.063 0.989 0.0 0.014 0.15 
1.0 -0.001 0.014 0.006 -0.748 -0.0 -0.663 0.042 -0.976 -0.0 -0.092 -0.199 0.984 0.0 -0.176 -0.034 0.774 0.0 0.303 -0.556 -0.65 -0.0 -0.757 -0.065 -0.988 -0.0 0.053 0.146 0.686 0.0 -0.725 -0.063 0.989 0.0 0.014 0.15 
1.0 -0.001 0.014 0.006 -0.748 -0.0 -0.663 0.042 -0.976 -0.0 -0.092 -0.199 0.984 0.0 -0.177 -0.031 0.77 0.0 0.314 -0.555 -0.65 -0.0 -0.757 -0.066 -0.988 0.0 0.053 0.146 0.687 -0.0 -0.724 -0.063 0.989 -0.0 0.014 0.15 
1.0 -0.001 0.014 0.006 -0.747 -0.0 -0.663 0.041 -0.976 -0.0 -0.092 -0.199 0.984 0.0 -0.178 -0.03 0.767 0.0 0.325 -0.553 -0.65 -0.0 -0.757 -0.066 -0.988 -0.0 0.053 0.146 0.686 0.0 -0.724 -0.063 0.989 0.0 0.014 0.15 
1.0 -0.001 0.014 0.006 -0.747 -0.0 -0.663 0.041 -0.976 -0.0 -0.092 -0.199 0.984 0.0 -0.178 -0.028 0.764 0.0 0.337 -0.55 -0.65 -0.0 -0.757 -0.065 -0.988 -0.0 0.053 0.146 0.687 0.0 -0.724 -0.062 0.989 0.0 0.013 0.15 
1.0 -0.001 0.013 0.006 -0.747 -0.0 -0.663 0.041 -0.976 -0.0 -0.092 -0.199 0.984 0.0 -0.179 -0.026 0.761 0.0 0.348 -0.548 -0.65 -0.0 -0.757 -0.065 -0.988 0.0 0.053 0.146 0.687 0.0 -0.724 -0.062 0.989 0.0 0.013 0.15 
1.0 -0.001 0.013 0.005 -0.747 0.0 -0.663 0.041 -0.976 -0.0 -0.093 -0.199 0.983 0.0 -0.18 -0.024 0.757 0.0 0.359 -0.546 -0.65 -0.0 -0.757 -0.066 -0.988 -0.0 0.053 0.146 0.687 0.0 -0.724 -0.062 0.989 0.0 0.014 0.15 
1.0 -0.001 0.013 0.005 -0.747 -0.0 -0.663 0.041 -0.976 0.0 -0.093 -0.199 0.983 0.0 -0.18 -0.022 0.754 0.0 0.37 -0.543 -0.65 -0.0 -0.757 -0.065 -0.988 0.0 0.053 0.146 0.687 -0.0 -0.724 -0.062 0.989 0.0 0.014 0.15 
1.0 -0.001 0.013 0.005 -0.747 -0.0 -0.663 0.041 -0.976 -0.0 -0.093 -0.199 0.983 0.0 -0.181 -0.02 0.75 -0.0 0.381 -0.54 -0.65 -0.0 -0.757 -0.065 -0.988 0.0 0.053 0.146 0.687 0.0 -0.724 -0.062 0.989 0.0 0.015 0.149 
1.0 -0.001 0.013 0.005 -0.747 -0.0 -0.664 0.04 -0.976 -0.0 -0.093 -0.199 0.983 -0.0 -0.181 -0.018 0.747 0.0 0.393 -0.537 -0.65 -0.0 -0.757 -0.065 -0.988 -0.0 0.053 0.146 0.687 0.0 -0.724 -0.062 0.989 -0.0 0.015 0.149 
1.0 -0.001 0.013 0.005 -0.747 -0.0 -0.664 0.041 -0.976 -0.0 -0.093 -0.199 0.983 0.0 -0.182 -0.016 0.743 -0.0 0.403 -0.534 -0.65 -0.0 -0.757 -0.065 -0.988 -0.0 0.053 0.146 0.687 0.0 -0.724 -0.062 0.989 0.0 0.014 0.15 
1.0 -0.001 0.013 0.005 -0.747 0.0 -0.664 0.04 -0.976 -0.0 -0.093 -0.199 0.983 0.0 -0.182 -0.013 0.739 -0.0 0.414 -0.531 -0.65 -0.0 -0.757 -0.065 -0.988 -0.0 0.053 0.146 0.687 0.0 -0.724 -0.062 0.989 0.0 0.015 0.15 
1.0 -0.002 0.013 0.004 -0.747 -0.0 -0.664 0.04 -0.976 -0.0 -0.093 -0.198 0.983 0.0 -0.183 -0.012 0.735 0.0 0.426 -0.527 -0.65 -0.0 -0.757 -0.065 -0.988 -0.0 0.053 0.146 0.687 0.0 -0.724 -0.062 0.989 0.0 0.015 0.15 
1.0 -0.002 0.013 0.004 -0.747 -0.0 -0.664 0.04 -0.976 -0.0 -0.093 -0.198 0.983 -0.0 -0.183 -0.01 0.732 0.0 0.437 -0.522 -0.65 -0.0 -0.757 -0.065 -0.988 -0.0 0.053 0.146 0.687 -0.0 -0.724 -0.061 0.989 0.0 0.015 0.15 
1.0 -0.002 0.013 0.004 -0.747 -0.0 -0.664 0.04 -0.976 -0.0 -0.093 -0.198 0.983 0.0 -0.184 -0.007 0.728 0.0 0.449 -0.519 -0.65 -0.0 -0.757 -0.065 -0.988 -0.0 0.053 0.146 0.687 0.0 -0.724 -0.061 0.989 -0.0 0.014 0.151 
1.0 -0.002 0.013 0.004 -0.747 -0.0 -0.664 0.04 -0.976 -0.0 -0.093 -0.199 0.983 0.0 -0.185 -0.005 0.724 0.0 0.46 -0.514 -0.65 0.0 -0.757 -0.065 -0.988 0.0 0.054 0.146 0.687 0.0 -0.724 -0.061 0.988 0.0 0.013 0.151 
1.0 -0.002 0.013 0.003 -0.746 -0.0 -0.664 0.039 -0.976 0.0 -0.093 -0.198 0.983 0.0 -0.185 -0.003 0.72 -0.0 0.471 -0.509 -0.65 -0.0 -0.757 -0.065 -0.988 0.0 0.054 0.146 0.687 0.0 -0.724 -0.061 0.989 -0.0 0.015 0.15 
1.0 -0.002 0.013 0.003 -0.747 0.0 -0.664 0.039 -0.976 -0.0 -0.093 -0.198 0.983 0.0 -0.186 -0.001 0.717 0.0 0.483 -0.503 -0.65 -0.0 -0.757 -0.065 -0.988 -0.0 0.053 0.146 0.687 0.0 -0.724 -0.061 0.988 0.0 0.014 0.151 
1.0 -0.002 0.013 0.003 -0.746 -0.0 -0.664 0.039 -0.976 -0.0 -0.093 -0.199 0.982 0.0 -0.188 0.001 0.713 0.0 0.495 -0.496 -0.65 -0.0 -0.757 -0.065 -0.988 0.0 0.053 0.146 0.687 0.0 -0.724 -0.061 0.988 -0.0 0.013 0.151 
1.0 -0.002 0.013 0.003 -0.746 -0.0 -0.664 0.039 -0.976 0.0 -0.093 -0.199 0.982 0.0 -0.189 0.003 0.709 0.0 0.506 -0.491 -0.65 -0.0 -0.757 -0.065 -0.988 -0.0 0.053 0.146 0.687 0.0 -0.724 -0.061 0.988 0.0 0.013 0.151 
1.0 -0.002 0.013 0.003 -0.746 -0.0 -0.664 0.039 -0.976 0.0 -0.093 -0.199 0.982 -0.0 -0.19 0.005 0.706 0.0 0.517 -0.485 -0.65 -0.0 -0.757 -0.065 -0.988 -0.0 0.053 0.146 0.687 0.0 -0.725 -0.061 0.988 0.0 0.013 0.151 
1.0 -0.002 0.013 0.003 -0.746 0.0 -0.664 0.039 -0.976 -0.0 -0.093 -0.198 0.982 -0.0 -0.191 0.007 0.702 0.0 0.527 -0.479 -0.65 0.0 -0.757 -0.064 -0.988 -0.0 0.053 0.146 0.687 0.0 -0.725 -0.061 0.988 0.0 0.013 0.152 
1.0 -0.002 0.013 0.003 -0.746 -0.0 -0.665 0.039 -0.976 0.0 -0.093 -0.198 0.982 0.0 -0.191 0.009 0.698 0.0 0.537 -0.474 -0.65 -0.0 -0.757 -0.064 -0.988 -0.0 0.053 0.146 0.687 0.0 -0.724 -0.06 0.988 0.0 0.013 0.152 
1.0 -0.002 0.013 0.002 -0.746 -0.0 -0.665 0.039 -0.976 -0.0 -0.093 -0.198 0.981 0.0 -0.192 0.011 0.695 0.0 0.547 -0.466 -0.651 0.0 -0.756 -0.067 -0.987 -0.0 0.051 0.15 0.687 0.0 -0.725 -0.06 0.988 0.0 0.013 0.152 
1.0 -0.002 0.013 0.002 -0.746 -0.0 -0.665 0.039 -0.976 -0.0 -0.093 -0.198 0.981 0.0 -0.193 0.012 0.691 0.0 0.558 -0.459 -0.651 -0.0 -0.756 -0.067 -0.987 -0.0 0.051 0.15 0.687 0.0 -0.725 -0.059 0.988 -0.0 0.013 0.151 
1.0 -0.003 0.013 0.002 -0.746 -0.0 -0.665 0.039 -0.976 -0.0 -0.093 -0.198 0.981 0.0 -0.195 0.013 0.688 0.0 0.568 -0.452 -0.651 -0.0 -0.756 -0.067 -0.987 -0.0 0.051 0.15 0.687 0.0 -0.725 -0.059 0.988 0.0 0.013 0.151 
1.0 -0.003 0.013 0.002 -0.746 -0.0 -0.665 0.039 -0.976 -0.0 -0.093 -0.198 0.981 0.0 -0.196 0.015 0.685 -0.0 0.577 -0.445 -0.651 0.0 -0.756 -0.067 -0.987 -0.0 0.051 0.15 0.687 0.0 -0.725 -0.059 0.988 0.0 0.013 0.151 
1.0 -0.003 0.013 0.002 -0.746 -0.0 -0.665 0.039 -0.976 -0.0 -0.093 -0.198 0.98 0.0 -0.197 0.017 0.681 0.0 0.587 -0.438 -0.651 -0.0 -0.756 -0.067 -0.987 -0.0 0.051 0.15 0.687 -0.0 -0.725 -0.059 0.988 0.0 0.013 0.151 
1.0 -0.003 0.013 0.002 -0.746 -0.0 -0.665 0.04 -0.976 -0.0 -0.093 -0.198 0.98 0.0 -0.198 0.019 0.678 0.0 0.596 -0.43 -0.651 -0.0 -0.756 -0.067 -0.987 -0.0 0.051 0.15 0.687 0.0 -0.725 -0.059 0.988 0.0 0.013 0.151 
1.0 -0.003 0.013 0.002 -0.746 -0.0 -0.665 0.04 -0.976 -0.0 -0.093 -0.198 0.98 0.0 -0.199 0.02 0.674 0.0 0.606 -0.423 -0.651 -0.0 -0.756 -0.067 -0.987 -0.0 0.051 0.15 0.687 0.0 -0.725 -0.059 0.988 0.0 0.013 0.151 
1.0 -0.003 0.013 0.002 -0.746 -0.0 -0.665 0.04 -0.976 -0.0 -0.093 -0.198 0.979 0.0 -0.2 0.022 0.67 0.0 0.614 -0.416 -0.651 -0.0 -0.756 -0.066 -0.987 0.0 0.051 0.15 0.687 0.0 -0.725 -0.059 0.988 0.0 0.013 0.151 
1.0 -0.003 0.013 0.002 -0.746 0.0 -0.665 0.04 -0.976 -0.0 -0.093 -0.198 0.979 0.0 -0.202 0.024 0.667 0.0 0.623 -0.409 -0.651 0.0 -0.756 -0.066 -0.987 -0.0 0.051 0.15 0.687 -0.0 -0.725 -0.058 0.988 0.0 0.013 0.151 
1.0 -0.003 0.013 0.002 -0.745 -0.0 -0.665 0.041 -0.976 0.0 -0.093 -0.199 0.979 0.0 -0.203 0.026 0.664 0.0 0.632 -0.4 -0.651 -0.0 -0.756 -0.066 -0.987 0.0 0.051 0.15 0.687 0.0 -0.725 -0.058 0.988 -0.0 0.013 0.151 
1.0 -0.003 0.013 0.002 -0.745 -0.0 -0.666 0.041 -0.976 -0.0 -0.093 -0.198 0.978 0.0 -0.204 0.028 0.66 0.0 0.64 -0.393 -0.651 0.0 -0.756 -0.066 -0.987 -0.0 0.051 0.15 0.687 0.0 -0.725 -0.058 0.988 0.0 0.014 0.151 
1.0 -0.003 0.013 0.002 -0.745 -0.0 -0.666 0.041 -0.976 -0.0 -0.093 -0.198 0.978 0.0 -0.206 0.03 0.657 0.0 0.648 -0.386 -0.651 -0.0 -0.756 -0.066 -0.987 -0.0 0.051 0.15 0.687 0.0 -0.725 -0.058 0.988 0.0 0.014 0.151 
1.0 -0.003 0.013 0.002 -0.745 -0.0 -0.666 0.041 -0.976 -0.0 -0.093 -0.198 0.978 -0.0 -0.207 0.032 0.654 0.0 0.655 -0.379 -0.651 -0.0 -0.756 -0.066 -0.987 -0.0 0.051 0.15 0.687 0.0 -0.725 -0.058 0.988 0.0 0.013 0.151 
1.0 -0.003 0.013 0.002 -0.745 -0.0 -0.666 0.041 -0.976 -0.0 -0.093 -0.198 0.977 0.0 -0.208 0.034 0.651 -0.0 0.663 -0.371 -0.651 -0.0 -0.756 -0.065 -0.987 -0.0 0.051 0.15 0.686 0.0 -0.725 -0.058 0.988 0.0 0.014 0.152 
1.0 -0.003 0.013 0.002 -0.745 -0.0 -0.666 0.041 -0.976 -0.0 -0.093 -0.198 0.977 0.0 -0.21 0.036 0.648 0.0 0.67 -0.363 -0.65 -0.0 -0.757 -0.062 -0.988 -0.0 0.054 0.146 0.687 0.0 -0.725 -0.058 0.988 0.0 0.014 0.152 
1.0 -0.004 0.013 0.002 -0.744 0.0 -0.666 0.041 -0.976 -0.0 -0.092 -0.198 0.977 -0.0 -0.211 0.038 0.644 0.0 0.677 -0.356 -0.651 -0.0 -0.756 -0.065 -0.987 -0.0 0.051 0.15 0.687 0.0 -0.725 -0.058 0.988 0.0 0.014 0.151 
1.0 -0.004 0.013 0.003 -0.744 -0.0 -0.666 0.042 -0.976 -0.0 -0.093 -0.197 0.976 0.0 -0.212 0.04 0.641 0.0 0.684 -0.349 -0.651 -0.0 -0.756 -0.065 -0.987 0.0 0.051 0.15 0.687 0.0 -0.725 -0.057 0.988 0.0 0.013 0.151 
1.0 -0.004 0.013 0.003 -0.744 0.0 -0.667 0.042 -0.976 -0.0 -0.092 -0.197 0.976 -0.0 -0.213 0.041 0.638 -0.0 0.691 -0.34 -0.651 -0.0 -0.756 -0.064 -0.987 -0.0 0.051 0.15 0.687 0.0 -0.725 -0.057 0.988 0.0 0.014 0.151 
1.0 -0.004 0.013 0.003 -0.744 -0.0 -0.667 0.042 -0.976 -0.0 -0.093 -0.197 0.976 0.0 -0.215 0.044 0.635 0.0 0.697 -0.333 -0.651 -0.0 -0.756 -0.064 -0.987 -0.0 0.052 0.15 0.687 0.0 -0.725 -0.057 0.988 0.0 0.013 0.151 
1.0 -0.004 0.013 0.003 -0.744 -0.0 -0.667 0.042 -0.976 -0.0 -0.092 -0.197 0.975 -0.0 -0.216 0.046 0.632 0.0 0.703 -0.326 -0.65 -0.0 -0.757 -0.06 -0.988 -0.0 0.054 0.145 0.687 0.0 -0.725 -0.057 0.988 0.0 0.013 0.151 
1.0 -0.004 0.013 0.003 -0.744 -0.0 -0.667 0.042 -0.976 -0.0 -0.093 -0.197 0.975 0.0 -0.218 0.047 0.63 0.0 0.709 -0.318 -0.65 -0.0 -0.757 -0.061 -0.988 -0.0 0.054 0.146 0.687 0.0 -0.725 -0.057 0.988 0.0 0.013 0.151 
1.0 -0.004 0.013 0.003 -0.744 0.0 -0.667 0.043 -0.976 -0.0 -0.093 -0.197 0.974 0.0 -0.219 0.05 0.627 0.0 0.715 -0.311 -0.65 -0.0 -0.757 -0.061 -0.988 -0.0 0.054 0.146 0.687 0.0 -0.724 -0.057 0.988 0.0 0.013 0.151 
1.0 -0.004 0.013 0.003 -0.744 -0.0 -0.667 0.043 -0.976 -0.0 -0.093 -0.196 0.974 0.0 -0.22 0.052 0.624 -0.0 0.72 -0.303 -0.65 -0.0 -0.757 -0.06 -0.988 -0.0 0.054 0.146 0.687 0.0 -0.724 -0.056 0.988 0.0 0.013 0.152 
1.0 -0.004 0.013 0.003 -0.744 -0.0 -0.667 0.043 -0.976 -0.0 -0.093 -0.196 0.974 0.0 -0.222 0.054 0.621 0.0 0.726 -0.296 -0.65 -0.0 -0.757 -0.061 -0.988 -0.0 0.054 0.146 0.687 -0.0 -0.725 -0.057 0.988 0.0 0.013 0.152 
1.0 -0.004 0.013 0.003 -0.744 -0.0 -0.667 0.043 -0.976 -0.0 -0.093 -0.196 0.973 0.0 -0.223 0.057 0.618 0.0 0.731 -0.289 -0.65 -0.0 -0.757 -0.06 -0.988 -0.0 0.054 0.146 0.687 0.0 -0.725 -0.057 0.988 0.0 0.013 0.151 
1.0 -0.004 0.013 0.003 -0.744 -0.0 -0.667 0.043 -0.976 -0.0 -0.094 -0.196 0.973 0.0 -0.224 0.059 0.616 0.0 0.736 -0.282 -0.65 -0.0 -0.757 -0.06 -0.988 -0.0 0.054 0.146 0.687 0.0 -0.725 -0.057 0.989 -0.0 0.015 0.15 
1.0 -0.004 0.013 0.003 -0.744 0.0 -0.667 0.043 -0.976 -0.0 -0.094 -0.196 0.972 0.0 -0.225 0.062 0.613 0.0 0.741 -0.276 -0.65 -0.0 -0.757 -0.06 -0.988 -0.0 0.054 0.146 0.687 0.0 -0.725 -0.057 0.989 0.0 0.014 0.15 
1.0 -0.004 0.013 0.003 -0.743 -0.0 -0.667 0.044 -0.976 -0.0 -0.094 -0.196 0.972 -0.0 -0.226 0.065 0.61 0.0 0.745 -0.269 -0.651 -0.0 -0.757 -0.063 -0.987 -0.0 0.052 0.15 0.687 0.0 -0.725 -0.057 0.989 0.0 0.015 0.15 
1.0 -0.004 0.013 0.003 -0.743 -0.0 -0.668 0.043 -0.976 -0.0 -0.094 -0.196 0.971 0.0 -0.227 0.068 0.608 -0.0 0.75 -0.262 -0.65 -0.0 -0.757 -0.061 -0.988 -0.0 0.054 0.146 0.687 0.0 -0.724 -0.057 0.988 0.0 0.013 0.151 
1.0 -0.004 0.013 0.003 -0.743 -0.0 -0.668 0.044 -0.976 -0.0 -0.094 -0.196 0.971 -0.0 -0.228 0.07 0.605 -0.0 0.754 -0.256 -0.65 -0.0 -0.757 -0.06 -0.988 -0.0 0.054 0.145 0.687 -0.0 -0.724 -0.057 0.989 0.0 0.015 0.15 
1.0 -0.004 0.013 0.003 -0.743 0.0 -0.668 0.044 -0.976 -0.0 -0.094 -0.196 0.971 0.0 -0.23 0.073 0.603 -0.0 0.758 -0.249 -0.651 -0.0 -0.756 -0.064 -0.987 -0.0 0.051 0.15 0.687 0.0 -0.724 -0.057 0.988 0.0 0.012 0.152 
1.0 -0.004 0.013 0.002 -0.743 -0.0 -0.668 0.044 -0.976 -0.0 -0.094 -0.196 0.97 0.0 -0.231 0.075 0.6 0.0 0.762 -0.243 -0.65 0.0 -0.757 -0.06 -0.988 -0.0 0.054 0.146 0.687 0.0 -0.724 -0.057 0.988 0.0 0.013 0.151 
1.0 -0.004 0.013 0.002 -0.743 -0.0 -0.668 0.044 -0.976 -0.0 -0.095 -0.196 0.97 0.0 -0.232 0.078 0.599 0.0 0.765 -0.237 -0.651 -0.0 -0.756 -0.063 -0.987 -0.0 0.051 0.15 0.687 0.0 -0.724 -0.056 0.988 0.0 0.013 0.151 
1.0 -0.004 0.013 0.002 -0.743 -0.0 -0.668 0.044 -0.976 0.0 -0.095 -0.195 0.969 0.0 -0.232 0.08 0.597 0.0 0.769 -0.23 -0.651 -0.0 -0.756 -0.063 -0.987 0.0 0.051 0.149 0.687 0.0 -0.724 -0.056 0.988 0.0 0.013 0.151 
1.0 -0.004 0.013 0.002 -0.743 -0.0 -0.668 0.044 -0.976 -0.0 -0.095 -0.195 0.969 0.0 -0.233 0.083 0.595 0.0 0.772 -0.224 -0.651 -0.0 -0.757 -0.06 -0.988 -0.0 0.053 0.146 0.687 0.0 -0.724 -0.056 0.988 0.0 0.013 0.151 
1.0 -0.004 0.013 0.002 -0.743 -0.0 -0.668 0.044 -0.976 -0.0 -0.095 -0.195 0.969 0.0 -0.234 0.084 0.593 -0.0 0.775 -0.218 -0.651 -0.0 -0.756 -0.063 -0.987 0.0 0.051 0.15 0.687 0.0 -0.724 -0.056 0.989 0.0 0.014 0.15 
1.0 -0.004 0.013 0.002 -0.743 -0.0 -0.668 0.044 -0.976 -0.0 -0.095 -0.195 0.968 0.0 -0.235 0.088 0.591 0.0 0.777 -0.214 -0.65 -0.0 -0.757 -0.06 -0.988 -0.0 0.054 0.146 0.687 0.0 -0.724 -0.056 0.988 -0.0 0.013 0.151 
1.0 -0.004 0.013 0.002 -0.743 -0.0 -0.668 0.044 -0.976 -0.0 -0.096 -0.195 0.968 0.0 -0.236 0.09 0.59 0.0 0.78 -0.208 -0.651 -0.0 -0.756 -0.063 -0.987 -0.0 0.051 0.149 0.687 -0.0 -0.724 -0.056 0.988 0.0 0.013 0.151 
1.0 -0.004 0.013 0.002 -0.743 -0.0 -0.668 0.044 -0.976 -0.0 -0.096 -0.195 0.967 0.0 -0.236 0.092 0.588 0.0 0.783 -0.202 -0.651 -0.0 -0.757 -0.06 -0.988 0.0 0.053 0.145 0.687 -0.0 -0.724 -0.056 0.988 0.0 0.014 0.151 
1.0 -0.004 0.013 0.002 -0.743 -0.0 -0.668 0.045 -0.976 0.0 -0.096 -0.195 0.967 0.0 -0.237 0.094 0.587 0.0 0.786 -0.197 -0.651 -0.0 -0.756 -0.063 -0.988 0.0 0.051 0.149 0.687 0.0 -0.724 -0.056 0.988 -0.0 0.012 0.151 
1.0 -0.004 0.013 0.002 -0.743 -0.0 -0.668 0.044 -0.976 -0.0 -0.097 -0.195 0.966 0.0 -0.238 0.097 0.585 0.0 0.788 -0.191 -0.651 -0.0 -0.756 -0.063 -0.987 0.0 0.051 0.15 0.687 0.0 -0.724 -0.055 0.988 0.0 0.013 0.151 
1.0 -0.004 0.013 0.002 -0.743 -0.0 -0.668 0.044 -0.976 -0.0 -0.097 -0.195 0.966 0.0 -0.239 0.099 0.583 -0.0 0.791 -0.185 -0.648 -0.0 -0.759 -0.06 -0.987 -0.0 0.058 0.147 0.687 0.0 -0.724 -0.056 0.988 0.0 0.013 0.151 
1.0 -0.004 0.013 0.002 -0.743 -0.0 -0.668 0.044 -0.976 -0.0 -0.097 -0.195 0.965 0.0 -0.24 0.101 0.582 0.0 0.793 -0.179 -0.648 -0.0 -0.759 -0.06 -0.988 -0.0 0.057 0.147 0.687 0.0 -0.724 -0.055 0.989 0.0 0.014 0.15 
1.0 -0.004 0.013 0.001 -0.743 -0.0 -0.667 0.044 -0.976 -0.0 -0.098 -0.195 0.965 -0.0 -0.241 0.103 0.581 0.0 0.795 -0.174 -0.648 0.0 -0.759 -0.06 -0.987 -0.0 0.058 0.147 0.687 -0.0 -0.724 -0.055 0.989 -0.0 0.014 0.151 
1.0 -0.004 0.013 0.002 -0.743 -0.0 -0.667 0.044 -0.976 -0.0 -0.098 -0.195 0.965 0.0 -0.242 0.105 0.58 0.0 0.797 -0.169 -0.648 -0.0 -0.759 -0.061 -0.987 0.0 0.058 0.147 0.687 0.0 -0.724 -0.055 0.988 0.0 0.014 0.151 
1.0 -0.004 0.013 0.002 -0.744 -0.0 -0.667 0.044 -0.976 -0.0 -0.098 -0.195 0.964 0.0 -0.242 0.106 0.579 0.0 0.799 -0.165 -0.648 0.0 -0.759 -0.06 -0.987 -0.0 0.058 0.147 0.687 -0.0 -0.724 -0.055 0.988 0.0 0.014 0.151 
1.0 -0.004 0.013 0.002 -0.744 -0.0 -0.667 0.045 -0.976 -0.0 -0.099 -0.195 0.964 0.0 -0.243 0.108 0.578 -0.0 0.8 -0.16 -0.648 -0.0 -0.759 -0.059 -0.987 -0.0 0.058 0.147 0.688 0.0 -0.724 -0.055 0.988 0.0 0.013 0.151 
1.0 -0.005 0.013 0.002 -0.744 0.0 -0.667 0.044 -0.976 -0.0 -0.099 -0.194 0.964 0.0 -0.244 0.109 0.578 -0.0 0.801 -0.155 -0.648 -0.0 -0.759 -0.059 -0.987 0.0 0.058 0.147 0.688 -0.0 -0.724 -0.055 0.988 0.0 0.014 0.151 
1.0 -0.004 0.013 0.001 -0.744 -0.0 -0.667 0.044 -0.976 -0.0 -0.1 -0.194 0.963 0.0 -0.244 0.111 0.577 0.0 0.803 -0.15 -0.648 -0.0 -0.759 -0.06 -0.987 -0.0 0.058 0.147 0.688 -0.0 -0.724 -0.055 0.988 0.0 0.013 0.151 
1.0 -0.005 0.013 0.002 -0.744 -0.0 -0.667 0.044 -0.976 -0.0 -0.1 -0.193 0.963 0.0 -0.245 0.113 0.577 0.0 0.804 -0.146 -0.648 -0.0 -0.759 -0.059 -0.988 -0.0 0.058 0.146 0.688 0.0 -0.724 -0.055 0.988 -0.0 0.014 0.151 
1.0 -0.005 0.013 0.001 -0.744 -0.0 -0.667 0.044 -0.976 -0.0 -0.1 -0.193 0.963 -0.0 -0.246 0.114 0.576 0.0 0.805 -0.142 -0.648 -0.0 -0.759 -0.06 -0.987 -0.0 0.058 0.147 0.688 0.0 -0.724 -0.055 0.988 0.0 0.014 0.151 
1.0 -0.005 0.013 0.001 -0.744 0.0 -0.667 0.044 -0.976 -0.0 -0.101 -0.193 0.962 0.0 -0.247 0.115 0.576 0.0 0.806 -0.138 -0.648 -0.0 -0.759 -0.059 -0.987 0.0 0.059 0.147 0.688 0.0 -0.724 -0.055 0.988 0.0 0.014 0.151 
1.0 -0.005 0.013 0.001 -0.744 -0.0 -0.666 0.044 -0.976 -0.0 -0.101 -0.193 0.962 -0.0 -0.248 0.116 0.576 -0.0 0.806 -0.135 -0.648 -0.0 -0.759 -0.059 -0.988 -0.0 0.058 0.146 0.688 0.0 -0.724 -0.054 0.988 0.0 0.013 0.151 
1.0 -0.005 0.013 0.001 -0.744 0.0 -0.666 0.044 -0.976 -0.0 -0.101 -0.192 0.961 0.0 -0.248 0.118 0.576 0.0 0.807 -0.132 -0.648 -0.0 -0.759 -0.058 -0.988 -0.0 0.059 0.146 0.688 0.0 -0.724 -0.054 0.988 0.0 0.013 0.151 
1.0 -0.005 0.013 0.001 -0.744 -0.0 -0.666 0.043 -0.976 0.0 -0.101 -0.192 0.961 0.0 -0.249 0.118 0.575 0.0 0.808 -0.129 -0.648 -0.0 -0.759 -0.059 -0.987 -0.0 0.058 0.147 0.688 0.0 -0.724 -0.054 0.989 0.0 0.014 0.151 
1.0 -0.005 0.013 0.001 -0.745 -0.0 -0.666 0.043 -0.976 -0.0 -0.101 -0.191 0.961 0.0 -0.25 0.12 0.575 -0.0 0.808 -0.125 -0.648 -0.0 -0.759 -0.058 -0.988 -0.0 0.059 0.146 0.688 0.0 -0.724 -0.054 0.989 -0.0 0.014 0.15 
1.0 -0.005 0.013 0.001 -0.745 -0.0 -0.666 0.043 -0.976 -0.0 -0.103 -0.19 0.96 0.0 -0.251 0.12 0.575 0.0 0.809 -0.122 -0.648 -0.0 -0.759 -0.058 -0.988 -0.0 0.058 0.146 0.688 0.0 -0.724 -0.054 0.988 0.0 0.012 0.151 
1.0 -0.005 0.013 0.001 -0.745 -0.0 -0.666 0.043 -0.976 -0.0 -0.103 -0.19 0.96 -0.0 -0.252 0.122 0.575 0.0 0.81 -0.119 -0.648 -0.0 -0.759 -0.058 -0.988 -0.0 0.059 0.146 0.688 0.0 -0.724 -0.054 0.988 0.0 0.012 0.151 
1.0 -0.005 0.013 0.001 -0.745 -0.0 -0.666 0.043 -0.976 -0.0 -0.103 -0.19 0.96 -0.0 -0.253 0.122 0.575 0.0 0.81 -0.115 -0.648 -0.0 -0.759 -0.058 -0.988 -0.0 0.059 0.146 0.688 0.0 -0.724 -0.054 0.989 0.0 0.014 0.151 
1.0 -0.005 0.013 0.001 -0.745 -0.0 -0.666 0.043 -0.976 -0.0 -0.103 -0.19 0.96 -0.0 -0.253 0.123 0.575 0.0 0.81 -0.112 -0.647 -0.0 -0.76 -0.055 -0.988 -0.0 0.062 0.142 0.688 0.0 -0.724 -0.053 0.989 0.0 0.014 0.15 
1.0 -0.005 0.013 0.002 -0.745 -0.0 -0.666 0.043 -0.976 -0.0 -0.103 -0.189 0.959 0.0 -0.254 0.124 0.575 0.0 0.811 -0.108 -0.647 -0.0 -0.76 -0.054 -0.988 -0.0 0.062 0.142 0.688 0.0 -0.724 -0.053 0.988 0.0 0.012 0.151 
1.0 -0.005 0.013 0.002 -0.745 -0.0 -0.666 0.043 -0.976 0.0 -0.102 -0.19 0.959 0.0 -0.255 0.124 0.575 0.0 0.811 -0.105 -0.647 -0.0 -0.76 -0.054 -0.988 0.0 0.062 0.142 0.688 0.0 -0.724 -0.053 0.989 0.0 0.013 0.151 
1.0 -0.005 0.013 0.002 -0.745 0.0 -0.666 0.042 -0.976 -0.0 -0.102 -0.19 0.959 0.0 -0.256 0.125 0.575 0.0 0.811 -0.102 -0.647 -0.0 -0.76 -0.053 -0.988 -0.0 0.062 0.142 0.688 0.0 -0.724 -0.053 0.988 0.0 0.012 0.151 
1.0 -0.005 0.013 0.002 -0.745 -0.0 -0.666 0.042 -0.976 -0.0 -0.102 -0.19 0.958 -0.0 -0.256 0.125 0.575 0.0 0.812 -0.097 -0.647 -0.0 -0.76 -0.053 -0.988 0.0 0.062 0.141 0.688 0.0 -0.724 -0.053 0.989 0.0 0.014 0.15 
1.0 -0.005 0.013 0.003 -0.745 -0.0 -0.666 0.042 -0.976 -0.0 -0.102 -0.19 0.958 0.0 -0.257 0.125 0.575 0.0 0.813 -0.093 -0.647 -0.0 -0.76 -0.053 -0.988 -0.0 0.062 0.141 0.688 0.0 -0.724 -0.053 0.989 0.0 0.014 0.15 
1.0 -0.005 0.013 0.003 -0.745 -0.0 -0.665 0.042 -0.976 -0.0 -0.103 -0.191 0.958 0.0 -0.258 0.126 0.576 0.0 0.813 -0.089 -0.647 -0.0 -0.76 -0.053 -0.988 -0.0 0.062 0.141 0.688 0.0 -0.723 -0.053 0.989 0.0 0.014 0.15 
1.0 -0.005 0.013 0.003 -0.746 -0.0 -0.665 0.041 -0.976 0.0 -0.103 -0.191 0.958 0.0 -0.258 0.126 0.576 -0.0 0.813 -0.084 -0.648 -0.0 -0.759 -0.056 -0.988 0.0 0.059 0.145 0.688 0.0 -0.723 -0.053 0.988 0.0 0.012 0.151 
1.0 -0.005 0.014 0.004 -0.746 -0.0 -0.665 0.041 -0.976 -0.0 -0.103 -0.191 0.958 0.0 -0.259 0.126 0.576 0.0 0.813 -0.08 -0.647 -0.0 -0.76 -0.052 -0.988 -0.0 0.06 0.141 0.688 0.0 -0.723 -0.053 0.989 -0.0 0.012 0.151 
1.0 -0.005 0.013 0.004 -0.746 0.0 -0.665 0.041 -0.976 -0.0 -0.103 -0.191 0.957 0.0 -0.26 0.126 0.576 -0.0 0.814 -0.076 -0.647 -0.0 -0.761 -0.052 -0.988 -0.0 0.062 0.141 0.689 0.0 -0.723 -0.053 0.989 0.0 0.013 0.15 
1.0 -0.006 0.014 0.004 -0.746 -0.0 -0.665 0.041 -0.976 -0.0 -0.103 -0.19 0.957 0.0 -0.26 0.126 0.576 0.0 0.814 -0.072 -0.647 -0.0 -0.76 -0.052 -0.988 -0.0 0.062 0.141 0.689 0.0 -0.723 -0.053 0.989 -0.0 0.014 0.15 
1.0 -0.005 0.014 0.005 -0.746 -0.0 -0.665 0.04 -0.976 -0.0 -0.104 -0.19 0.957 -0.0 -0.261 0.126 0.576 0.0 0.815 -0.067 -0.648 -0.0 -0.76 -0.055 -0.988 -0.0 0.059 0.145 0.689 0.0 -0.723 -0.054 0.989 0.0 0.014 0.15 
1.0 -0.005 0.014 0.005 -0.746 -0.0 -0.664 0.041 -0.976 -0.0 -0.105 -0.191 0.957 0.0 -0.261 0.126 0.576 0.0 0.815 -0.062 -0.648 0.0 -0.76 -0.055 -0.988 0.0 0.058 0.144 0.689 0.0 -0.723 -0.054 0.988 0.0 0.012 0.151 
1.0 -0.006 0.014 0.006 -0.746 -0.0 -0.664 0.04 -0.976 0.0 -0.104 -0.191 0.957 -0.0 -0.262 0.125 0.576 0.0 0.815 -0.057 -0.648 0.0 -0.76 -0.054 -0.988 -0.0 0.058 0.144 0.689 -0.0 -0.723 -0.054 0.988 0.0 0.013 0.151 
1.0 -0.006 0.014 0.006 -0.746 -0.0 -0.664 0.039 -0.976 -0.0 -0.104 -0.19 0.957 0.0 -0.262 0.126 0.576 0.0 0.815 -0.053 -0.648 -0.0 -0.76 -0.054 -0.988 -0.0 0.059 0.144 0.689 0.0 -0.723 -0.052 0.989 0.0 0.014 0.15 
1.0 -0.006 0.014 0.006 -0.747 -0.0 -0.664 0.039 -0.976 0.0 -0.104 -0.191 0.957 0.0 -0.262 0.126 0.576 0.0 0.816 -0.049 -0.648 -0.0 -0.76 -0.053 -0.988 -0.0 0.058 0.144 0.689 0.0 -0.723 -0.053 0.989 -0.0 0.014 0.15 
1.0 -0.006 0.014 0.006 -0.747 0.0 -0.664 0.039 -0.976 0.0 -0.103 -0.191 0.957 -0.0 -0.263 0.126 0.576 0.0 0.816 -0.044 -0.649 -0.0 -0.759 -0.053 -0.988 0.0 0.058 0.144 0.688 0.0 -0.723 -0.052 0.989 0.0 0.015 0.15 
1.0 -0.006 0.014 0.007 -0.747 -0.0 -0.664 0.038 -0.976 0.0 -0.102 -0.192 0.957 0.0 -0.263 0.125 0.576 0.0 0.816 -0.039 -0.648 -0.0 -0.759 -0.053 -0.988 -0.0 0.058 0.144 0.689 -0.0 -0.723 -0.053 0.988 0.0 0.012 0.151 
1.0 -0.006 0.014 0.007 -0.747 -0.0 -0.664 0.038 -0.976 -0.0 -0.102 -0.193 0.957 -0.0 -0.263 0.126 0.576 0.0 0.816 -0.034 -0.649 0.0 -0.759 -0.053 -0.988 -0.0 0.057 0.144 0.689 0.0 -0.723 -0.053 0.989 0.0 0.014 0.15 
1.0 -0.006 0.014 0.007 -0.747 -0.0 -0.664 0.038 -0.976 -0.0 -0.102 -0.193 0.957 0.0 -0.264 0.125 0.576 0.0 0.817 -0.029 -0.649 0.0 -0.759 -0.053 -0.988 0.0 0.058 0.144 0.689 0.0 -0.723 -0.053 0.988 -0.0 0.012 0.151 
1.0 -0.006 0.014 0.007 -0.747 -0.0 -0.664 0.037 -0.976 -0.0 -0.102 -0.193 0.956 0.0 -0.264 0.125 0.577 0.0 0.817 -0.024 -0.648 -0.0 -0.759 -0.053 -0.988 0.0 0.058 0.144 0.689 0.0 -0.723 -0.053 0.988 0.0 0.012 0.151 
1.0 -0.006 0.014 0.007 -0.747 -0.0 -0.664 0.037 -0.976 0.0 -0.101 -0.193 0.956 0.0 -0.264 0.126 0.576 0.0 0.817 -0.019 -0.648 -0.0 -0.759 -0.053 -0.988 -0.0 0.058 0.144 0.689 0.0 -0.723 -0.053 0.989 -0.0 0.014 0.15 
1.0 -0.006 0.014 0.007 -0.747 -0.0 -0.664 0.036 -0.976 -0.0 -0.101 -0.193 0.956 0.0 -0.265 0.125 0.577 0.0 0.817 -0.014 -0.648 0.0 -0.759 -0.052 -0.988 -0.0 0.058 0.144 0.689 0.0 -0.723 -0.052 0.988 -0.0 0.013 0.151 
1.0 -0.007 0.014 0.006 -0.747 -0.0 -0.664 0.035 -0.976 -0.0 -0.1 -0.192 0.956 0.0 -0.265 0.126 0.576 0.0 0.817 -0.01 -0.648 0.0 -0.76 -0.051 -0.988 -0.0 0.058 0.144 0.689 0.0 -0.723 -0.05 0.989 0.0 0.015 0.149 
