# T   LUA LFA RUA RFA LT  LS  RT  RS  
0.997 0.05 -0.049 0.044 -0.68 -0.0 -0.733 -0.025 -0.953 -0.0 0.047 -0.3 0.747 0.0 -0.66 0.079 0.92 0.0 -0.03 -0.392 -0.644 -0.0 -0.764 -0.024 -0.999 -0.0 0.01 0.044 0.726 0.0 -0.686 -0.048 0.999 0.0 0.016 0.052 
0.997 0.049 -0.049 0.046 -0.679 -0.0 -0.734 -0.029 -0.953 -0.0 0.048 -0.298 0.747 0.0 -0.66 0.078 0.919 0.0 -0.03 -0.393 -0.645 0.0 -0.764 -0.021 -0.999 -0.0 0.01 0.044 0.726 0.0 -0.686 -0.046 0.999 0.0 0.016 0.05 
0.996 0.048 -0.049 0.048 -0.678 0.0 -0.734 -0.033 -0.954 -0.0 0.048 -0.295 0.747 0.0 -0.66 0.077 0.918 0.0 -0.031 -0.394 -0.645 -0.0 -0.764 -0.019 -0.999 -0.0 0.01 0.044 0.726 0.0 -0.686 -0.044 0.999 0.0 0.016 0.049 
0.996 0.047 -0.049 0.05 -0.677 -0.0 -0.735 -0.036 -0.954 -0.0 0.051 -0.294 0.748 0.0 -0.66 0.076 0.918 0.0 -0.031 -0.395 -0.645 -0.0 -0.764 -0.017 -0.999 -0.0 0.01 0.044 0.726 0.0 -0.686 -0.042 0.999 0.0 0.016 0.047 
0.996 0.046 -0.049 0.052 -0.676 -0.0 -0.736 -0.039 -0.955 0.0 0.051 -0.293 0.748 -0.0 -0.659 0.074 0.918 0.0 -0.031 -0.395 -0.644 -0.0 -0.765 -0.016 -0.999 -0.0 0.012 0.045 0.726 -0.0 -0.686 -0.041 0.999 0.0 0.015 0.047 
0.996 0.045 -0.05 0.055 -0.675 -0.0 -0.737 -0.04 -0.955 -0.0 0.054 -0.293 0.748 -0.0 -0.659 0.073 0.918 0.0 -0.032 -0.396 -0.644 -0.0 -0.765 -0.013 -0.999 -0.0 0.012 0.044 0.726 0.0 -0.686 -0.04 0.999 0.0 0.015 0.047 
0.996 0.043 -0.05 0.057 -0.674 -0.0 -0.737 -0.043 -0.955 0.0 0.055 -0.291 0.749 0.0 -0.659 0.071 0.918 0.0 -0.031 -0.395 -0.644 -0.0 -0.765 -0.012 -0.999 -0.0 0.013 0.046 0.726 0.0 -0.686 -0.039 0.999 0.0 0.015 0.048 
0.996 0.042 -0.05 0.059 -0.673 -0.0 -0.738 -0.046 -0.955 -0.0 0.057 -0.29 0.749 0.0 -0.659 0.069 0.918 -0.0 -0.03 -0.395 -0.644 -0.0 -0.765 -0.009 -0.999 -0.0 0.013 0.046 0.726 0.0 -0.686 -0.039 0.999 0.0 0.015 0.048 
0.996 0.041 -0.05 0.062 -0.673 -0.0 -0.738 -0.049 -0.956 -0.0 0.056 -0.287 0.749 0.0 -0.66 0.068 0.919 0.0 -0.029 -0.393 -0.644 -0.0 -0.765 -0.005 -0.999 -0.0 0.014 0.045 0.725 0.0 -0.688 -0.036 0.999 0.0 0.018 0.048 
0.996 0.04 -0.05 0.064 -0.671 -0.0 -0.739 -0.048 -0.955 -0.0 0.059 -0.289 0.749 0.0 -0.659 0.066 0.92 -0.0 -0.027 -0.392 -0.643 -0.0 -0.766 -0.003 -0.999 -0.0 0.016 0.045 0.725 -0.0 -0.688 -0.035 0.999 0.0 0.018 0.047 
0.996 0.039 -0.05 0.066 -0.671 0.0 -0.739 -0.05 -0.956 -0.0 0.059 -0.288 0.749 0.0 -0.66 0.064 0.92 0.0 -0.026 -0.391 -0.643 0.0 -0.766 -0.002 -0.999 -0.0 0.016 0.046 0.725 0.0 -0.688 -0.035 0.999 0.0 0.018 0.048 
0.996 0.037 -0.05 0.069 -0.671 -0.0 -0.74 -0.05 -0.956 -0.0 0.059 -0.288 0.748 0.0 -0.66 0.062 0.921 0.0 -0.025 -0.39 -0.644 0.0 -0.765 0.002 -0.999 -0.0 0.016 0.045 0.724 0.0 -0.688 -0.035 0.999 0.0 0.018 0.049 
0.996 0.036 -0.05 0.071 -0.67 -0.0 -0.741 -0.05 -0.956 -0.0 0.059 -0.289 0.749 0.0 -0.66 0.06 0.921 -0.0 -0.024 -0.388 -0.644 0.0 -0.765 0.003 -0.999 -0.0 0.017 0.046 0.724 0.0 -0.689 -0.034 0.999 -0.0 0.017 0.051 
0.996 0.035 -0.05 0.072 -0.669 -0.0 -0.741 -0.05 -0.955 -0.0 0.059 -0.29 0.748 0.0 -0.661 0.059 0.922 -0.0 -0.02 -0.387 -0.644 -0.0 -0.765 0.004 -0.999 0.0 0.017 0.047 0.724 0.0 -0.689 -0.035 0.998 0.0 0.017 0.052 
0.995 0.034 -0.05 0.073 -0.668 -0.0 -0.742 -0.05 -0.955 -0.0 0.059 -0.291 0.748 0.0 -0.661 0.058 0.922 -0.0 -0.018 -0.386 -0.644 -0.0 -0.765 0.004 -0.999 -0.0 0.017 0.049 0.724 0.0 -0.689 -0.034 0.998 0.0 0.016 0.053 
0.995 0.033 -0.05 0.075 -0.667 -0.0 -0.743 -0.049 -0.954 -0.0 0.059 -0.293 0.748 0.0 -0.661 0.057 0.923 0.0 -0.015 -0.386 -0.644 -0.0 -0.765 0.005 -0.999 0.0 0.018 0.05 0.724 0.0 -0.689 -0.034 0.998 0.0 0.016 0.054 
0.995 0.033 -0.05 0.075 -0.667 -0.0 -0.744 -0.048 -0.954 -0.0 0.057 -0.294 0.748 0.0 -0.661 0.056 0.923 0.0 -0.013 -0.384 -0.644 -0.0 -0.765 0.006 -0.999 -0.0 0.018 0.051 0.724 0.0 -0.689 -0.033 0.998 0.0 0.016 0.055 
0.995 0.032 -0.05 0.076 -0.666 -0.0 -0.745 -0.047 -0.954 -0.0 0.056 -0.296 0.748 0.0 -0.661 0.056 0.923 -0.0 -0.011 -0.384 -0.644 -0.0 -0.765 0.006 -0.998 -0.0 0.018 0.052 0.724 0.0 -0.689 -0.033 0.998 0.0 0.015 0.056 
0.995 0.031 -0.05 0.077 -0.665 -0.0 -0.745 -0.046 -0.953 -0.0 0.055 -0.297 0.748 0.0 -0.661 0.056 0.923 0.0 -0.009 -0.384 -0.645 -0.0 -0.765 0.006 -0.998 -0.0 0.018 0.054 0.724 -0.0 -0.689 -0.033 0.998 0.0 0.015 0.057 
0.995 0.03 -0.05 0.077 -0.664 -0.0 -0.746 -0.045 -0.952 -0.0 0.055 -0.3 0.748 0.0 -0.661 0.056 0.924 0.0 -0.007 -0.383 -0.645 -0.0 -0.765 0.006 -0.998 -0.0 0.019 0.055 0.724 0.0 -0.689 -0.032 0.998 0.0 0.015 0.057 
0.995 0.03 -0.051 0.078 -0.664 0.0 -0.747 -0.042 -0.952 -0.0 0.051 -0.303 0.749 0.0 -0.661 0.056 0.924 0.0 -0.006 -0.383 -0.645 -0.0 -0.765 0.006 -0.998 -0.0 0.019 0.057 0.724 0.0 -0.69 -0.032 0.998 0.0 0.015 0.059 
0.995 0.029 -0.051 0.078 -0.662 -0.0 -0.748 -0.04 -0.95 -0.0 0.051 -0.307 0.749 0.0 -0.66 0.057 0.924 -0.0 -0.004 -0.383 -0.645 -0.0 -0.764 0.006 -0.998 -0.0 0.019 0.058 0.723 0.0 -0.69 -0.032 0.998 -0.0 0.015 0.059 
0.995 0.029 -0.051 0.079 -0.663 -0.0 -0.748 -0.039 -0.95 -0.0 0.048 -0.309 0.749 0.0 -0.66 0.058 0.924 0.0 -0.003 -0.383 -0.645 -0.0 -0.764 0.006 -0.998 -0.0 0.019 0.06 0.723 0.0 -0.69 -0.032 0.998 0.0 0.016 0.06 
0.995 0.028 -0.051 0.079 -0.663 -0.0 -0.748 -0.038 -0.949 0.0 0.046 -0.311 0.75 -0.0 -0.659 0.059 0.924 0.0 -0.003 -0.383 -0.645 -0.0 -0.764 0.005 -0.998 -0.0 0.019 0.062 0.723 0.0 -0.69 -0.031 0.998 0.0 0.016 0.061 
0.995 0.028 -0.052 0.08 -0.662 0.0 -0.749 -0.037 -0.949 -0.0 0.046 -0.313 0.75 0.0 -0.659 0.061 0.924 0.0 -0.002 -0.382 -0.645 0.0 -0.764 0.004 -0.998 -0.0 0.018 0.063 0.722 0.0 -0.691 -0.031 0.998 0.0 0.017 0.061 
0.995 0.027 -0.052 0.081 -0.662 0.0 -0.749 -0.035 -0.948 -0.0 0.043 -0.316 0.75 0.0 -0.658 0.063 0.924 0.0 -0.002 -0.383 -0.645 -0.0 -0.764 0.005 -0.998 -0.0 0.019 0.064 0.722 0.0 -0.691 -0.031 0.998 0.0 0.017 0.062 
0.995 0.027 -0.052 0.081 -0.662 -0.0 -0.749 -0.033 -0.947 -0.0 0.04 -0.318 0.751 0.0 -0.657 0.066 0.923 0.0 -0.004 -0.385 -0.645 -0.0 -0.764 0.003 -0.998 -0.0 0.019 0.066 0.722 0.0 -0.692 -0.031 0.998 0.0 0.017 0.063 
0.995 0.026 -0.052 0.081 -0.662 -0.0 -0.749 -0.033 -0.947 0.0 0.041 -0.32 0.752 0.0 -0.656 0.068 0.923 0.0 -0.005 -0.385 -0.646 -0.0 -0.763 0.002 -0.997 -0.0 0.018 0.069 0.722 0.0 -0.692 -0.032 0.998 0.0 0.017 0.065 
0.995 0.026 -0.053 0.082 -0.662 -0.0 -0.748 -0.033 -0.946 -0.0 0.039 -0.321 0.752 0.0 -0.655 0.071 0.923 0.0 -0.004 -0.385 -0.646 -0.0 -0.763 0.001 -0.997 -0.0 0.018 0.07 0.721 0.0 -0.692 -0.032 0.998 0.0 0.017 0.065 
0.995 0.026 -0.053 0.081 -0.663 -0.0 -0.748 -0.032 -0.946 0.0 0.037 -0.323 0.753 0.0 -0.654 0.074 0.923 0.0 -0.005 -0.385 -0.646 -0.0 -0.763 -0.002 -0.997 0.0 0.017 0.073 0.722 0.0 -0.691 -0.033 0.998 0.0 0.016 0.066 
0.995 0.026 -0.053 0.082 -0.662 -0.0 -0.749 -0.03 -0.945 -0.0 0.038 -0.325 0.753 0.0 -0.653 0.076 0.923 0.0 -0.006 -0.385 -0.647 0.0 -0.762 -0.004 -0.997 -0.0 0.016 0.076 0.722 0.0 -0.691 -0.033 0.998 0.0 0.016 0.067 
0.995 0.026 -0.053 0.082 -0.662 -0.0 -0.749 -0.03 -0.944 -0.0 0.038 -0.327 0.754 0.0 -0.652 0.081 0.922 0.0 -0.009 -0.387 -0.648 -0.0 -0.762 -0.008 -0.997 0.0 0.014 0.08 0.721 -0.0 -0.692 -0.034 0.998 0.0 0.016 0.069 
0.995 0.026 -0.053 0.082 -0.662 -0.0 -0.749 -0.029 -0.944 -0.0 0.038 -0.328 0.754 0.0 -0.652 0.083 0.922 0.0 -0.008 -0.386 -0.649 -0.0 -0.761 -0.012 -0.996 -0.0 0.012 0.084 0.72 0.0 -0.693 -0.036 0.997 0.0 0.016 0.07 
0.995 0.026 -0.053 0.082 -0.663 0.0 -0.748 -0.027 -0.943 -0.0 0.037 -0.33 0.754 0.0 -0.651 0.086 0.922 0.0 -0.009 -0.386 -0.65 -0.0 -0.759 -0.016 -0.996 -0.0 0.009 0.088 0.719 0.0 -0.694 -0.037 0.997 0.0 0.017 0.071 
0.995 0.026 -0.053 0.082 -0.663 -0.0 -0.748 -0.027 -0.943 -0.0 0.038 -0.33 0.754 0.0 -0.65 0.089 0.923 0.0 -0.01 -0.386 -0.651 -0.0 -0.758 -0.02 -0.996 -0.0 0.007 0.091 0.718 0.0 -0.695 -0.038 0.997 0.0 0.018 0.072 
0.995 0.027 -0.053 0.081 -0.663 0.0 -0.748 -0.026 -0.943 -0.0 0.038 -0.331 0.755 0.0 -0.65 0.092 0.923 0.0 -0.01 -0.386 -0.653 -0.0 -0.757 -0.027 -0.995 -0.0 0.003 0.097 0.718 0.0 -0.695 -0.04 0.997 0.0 0.017 0.074 
0.995 0.027 -0.053 0.081 -0.664 -0.0 -0.748 -0.026 -0.943 -0.0 0.038 -0.331 0.755 0.0 -0.649 0.095 0.923 0.0 -0.011 -0.385 -0.655 -0.0 -0.755 -0.031 -0.995 -0.0 -0.001 0.101 0.717 0.0 -0.696 -0.042 0.997 0.0 0.017 0.075 
0.995 0.028 -0.053 0.081 -0.663 0.0 -0.749 -0.023 -0.942 0.0 0.041 -0.333 0.755 -0.0 -0.648 0.099 0.923 0.0 -0.011 -0.383 -0.656 -0.0 -0.754 -0.036 -0.994 -0.0 -0.005 0.105 0.717 0.0 -0.696 -0.043 0.997 -0.0 0.017 0.077 
0.995 0.028 -0.054 0.081 -0.663 -0.0 -0.748 -0.023 -0.942 0.0 0.041 -0.333 0.756 0.0 -0.647 0.101 0.924 0.0 -0.012 -0.382 -0.658 0.0 -0.752 -0.042 -0.994 -0.0 -0.009 0.11 0.716 0.0 -0.696 -0.046 0.997 0.0 0.017 0.078 
0.995 0.029 -0.054 0.081 -0.664 -0.0 -0.747 -0.023 -0.942 0.0 0.041 -0.332 0.756 0.0 -0.647 0.105 0.924 0.0 -0.012 -0.381 -0.659 -0.0 -0.75 -0.048 -0.993 -0.0 -0.014 0.115 0.716 0.0 -0.697 -0.047 0.997 -0.0 0.017 0.079 
0.995 0.029 -0.053 0.081 -0.664 -0.0 -0.748 -0.021 -0.942 -0.0 0.045 -0.333 0.755 -0.0 -0.646 0.107 0.925 0.0 -0.013 -0.38 -0.662 -0.0 -0.747 -0.055 -0.993 -0.0 -0.02 0.12 0.715 -0.0 -0.698 -0.05 0.997 0.0 0.017 0.08 
0.995 0.03 -0.053 0.081 -0.664 -0.0 -0.747 -0.02 -0.942 -0.0 0.046 -0.332 0.756 -0.0 -0.646 0.11 0.926 0.0 -0.013 -0.378 -0.664 -0.0 -0.745 -0.061 -0.992 0.0 -0.025 0.125 0.715 0.0 -0.698 -0.051 0.997 0.0 0.017 0.081 
0.995 0.03 -0.053 0.081 -0.665 -0.0 -0.746 -0.019 -0.942 -0.0 0.045 -0.333 0.756 0.0 -0.645 0.112 0.927 0.0 -0.012 -0.376 -0.666 -0.0 -0.743 -0.069 -0.991 -0.0 -0.031 0.132 0.714 0.0 -0.698 -0.053 0.996 0.0 0.016 0.082 
0.995 0.031 -0.053 0.081 -0.666 -0.0 -0.746 -0.018 -0.942 0.0 0.046 -0.333 0.756 0.0 -0.645 0.115 0.927 0.0 -0.012 -0.374 -0.667 -0.0 -0.741 -0.077 -0.99 -0.0 -0.035 0.139 0.714 0.0 -0.698 -0.055 0.996 0.0 0.015 0.083 
0.995 0.032 -0.053 0.081 -0.667 -0.0 -0.745 -0.017 -0.942 -0.0 0.049 -0.332 0.756 0.0 -0.644 0.117 0.928 0.0 -0.012 -0.372 -0.668 0.0 -0.739 -0.087 -0.988 -0.0 -0.039 0.148 0.713 -0.0 -0.699 -0.057 0.996 0.0 0.015 0.084 
0.995 0.032 -0.053 0.081 -0.667 0.0 -0.745 -0.018 -0.943 -0.0 0.051 -0.33 0.756 0.0 -0.644 0.119 0.929 0.0 -0.012 -0.37 -0.668 -0.0 -0.738 -0.099 -0.986 -0.0 -0.04 0.16 0.713 0.0 -0.698 -0.06 0.996 0.0 0.013 0.086 
0.995 0.033 -0.053 0.081 -0.668 -0.0 -0.744 -0.017 -0.943 0.0 0.053 -0.329 0.756 0.0 -0.644 0.121 0.93 0.0 -0.012 -0.368 -0.666 -0.0 -0.737 -0.113 -0.984 -0.0 -0.04 0.174 0.713 0.0 -0.699 -0.061 0.996 0.0 0.012 0.087 
0.995 0.034 -0.052 0.081 -0.668 -0.0 -0.744 -0.016 -0.943 -0.0 0.056 -0.329 0.755 -0.0 -0.644 0.123 0.931 0.0 -0.011 -0.365 -0.664 -0.0 -0.736 -0.129 -0.981 0.0 -0.038 0.188 0.712 0.0 -0.699 -0.063 0.996 0.0 0.012 0.087 
0.995 0.034 -0.052 0.081 -0.669 -0.0 -0.743 -0.016 -0.943 -0.0 0.058 -0.327 0.755 0.0 -0.644 0.124 0.932 0.0 -0.011 -0.362 -0.662 -0.0 -0.736 -0.143 -0.979 0.0 -0.037 0.202 0.712 0.0 -0.699 -0.065 0.996 0.0 0.009 0.088 
0.995 0.035 -0.052 0.08 -0.67 -0.0 -0.742 -0.016 -0.943 -0.0 0.061 -0.326 0.755 -0.0 -0.643 0.125 0.933 0.0 -0.011 -0.36 -0.66 -0.0 -0.734 -0.159 -0.976 -0.0 -0.037 0.216 0.712 -0.0 -0.699 -0.068 0.996 0.0 0.009 0.089 
0.995 0.036 -0.052 0.081 -0.671 -0.0 -0.741 -0.017 -0.945 -0.0 0.064 -0.322 0.755 0.0 -0.643 0.126 0.934 0.0 -0.01 -0.356 -0.658 0.0 -0.733 -0.174 -0.972 0.0 -0.039 0.23 0.712 0.0 -0.699 -0.07 0.996 0.0 0.007 0.09 
0.995 0.037 -0.052 0.081 -0.671 -0.0 -0.741 -0.018 -0.945 -0.0 0.066 -0.319 0.756 -0.0 -0.642 0.127 0.936 0.0 -0.01 -0.353 -0.657 -0.0 -0.73 -0.19 -0.969 -0.0 -0.044 0.244 0.712 0.0 -0.698 -0.072 0.996 0.0 0.006 0.09 
0.995 0.037 -0.053 0.082 -0.671 -0.0 -0.741 -0.017 -0.945 0.0 0.069 -0.319 0.756 0.0 -0.642 0.128 0.937 0.0 -0.009 -0.35 -0.656 -0.0 -0.725 -0.209 -0.965 -0.0 -0.054 0.258 0.712 0.0 -0.698 -0.074 0.996 0.0 0.005 0.092 
0.994 0.038 -0.054 0.082 -0.671 -0.0 -0.741 -0.018 -0.946 -0.0 0.073 -0.316 0.757 0.0 -0.641 0.129 0.938 0.0 -0.009 -0.347 -0.657 -0.0 -0.719 -0.228 -0.96 -0.0 -0.069 0.272 0.712 0.0 -0.698 -0.077 0.996 0.0 0.004 0.092 
0.994 0.039 -0.055 0.083 -0.671 -0.0 -0.741 -0.018 -0.947 -0.0 0.077 -0.313 0.758 0.0 -0.64 0.13 0.939 0.0 -0.009 -0.345 -0.659 0.0 -0.71 -0.248 -0.955 0.0 -0.088 0.285 0.713 0.0 -0.696 -0.08 0.996 0.0 0.002 0.093 
0.994 0.039 -0.056 0.084 -0.671 -0.0 -0.741 -0.02 -0.948 -0.0 0.08 -0.309 0.759 0.0 -0.638 0.13 0.939 0.0 -0.01 -0.343 -0.66 -0.0 -0.702 -0.268 -0.949 -0.0 -0.107 0.297 0.714 0.0 -0.695 -0.082 0.996 -0.0 0.0 0.094 
0.994 0.04 -0.058 0.085 -0.67 -0.0 -0.742 -0.019 -0.947 -0.0 0.084 -0.309 0.76 0.0 -0.636 0.132 0.94 0.0 -0.011 -0.341 -0.662 -0.0 -0.692 -0.289 -0.943 0.0 -0.13 0.307 0.715 0.0 -0.694 -0.084 0.995 0.0 0.0 0.095 
0.994 0.041 -0.059 0.087 -0.67 -0.0 -0.742 -0.019 -0.948 0.0 0.087 -0.306 0.761 0.0 -0.635 0.133 0.94 0.0 -0.011 -0.34 -0.664 -0.0 -0.681 -0.309 -0.937 -0.0 -0.153 0.315 0.716 -0.0 -0.692 -0.087 0.995 0.0 -0.002 0.096 
0.993 0.041 -0.061 0.088 -0.669 0.0 -0.743 -0.018 -0.948 -0.0 0.09 -0.304 0.763 0.0 -0.632 0.134 0.941 0.0 -0.013 -0.338 -0.665 0.0 -0.67 -0.33 -0.93 -0.0 -0.178 0.321 0.717 -0.0 -0.691 -0.088 0.995 0.0 -0.002 0.096 
0.993 0.041 -0.063 0.09 -0.667 -0.0 -0.745 -0.017 -0.949 -0.0 0.094 -0.302 0.765 0.0 -0.629 0.135 0.941 -0.0 -0.015 -0.337 -0.667 -0.0 -0.658 -0.35 -0.923 -0.0 -0.204 0.326 0.719 -0.0 -0.689 -0.089 0.995 0.0 -0.004 0.096 
0.993 0.042 -0.065 0.091 -0.667 -0.0 -0.745 -0.017 -0.949 -0.0 0.096 -0.3 0.767 0.0 -0.627 0.137 0.942 0.0 -0.017 -0.335 -0.668 -0.0 -0.646 -0.37 -0.916 -0.0 -0.231 0.328 0.721 0.0 -0.687 -0.09 0.995 0.0 -0.005 0.096 
0.992 0.042 -0.068 0.093 -0.665 -0.0 -0.747 -0.015 -0.949 0.0 0.099 -0.298 0.769 0.0 -0.624 0.138 0.943 -0.0 -0.019 -0.333 -0.669 -0.0 -0.634 -0.387 -0.909 -0.0 -0.255 0.329 0.722 0.0 -0.686 -0.091 0.995 0.0 -0.004 0.096 
0.992 0.041 -0.07 0.095 -0.664 0.0 -0.748 -0.016 -0.95 -0.0 0.101 -0.294 0.772 0.0 -0.62 0.139 0.943 -0.0 -0.022 -0.332 -0.669 -0.0 -0.623 -0.404 -0.902 0.0 -0.28 0.329 0.724 -0.0 -0.684 -0.091 0.995 0.0 -0.005 0.096 
0.992 0.042 -0.073 0.096 -0.662 0.0 -0.749 -0.016 -0.951 -0.0 0.103 -0.291 0.774 0.0 -0.617 0.139 0.944 0.0 -0.024 -0.33 -0.668 -0.0 -0.613 -0.422 -0.893 -0.0 -0.305 0.331 0.726 0.0 -0.682 -0.092 0.995 0.0 -0.006 0.096 
0.991 0.042 -0.076 0.097 -0.661 -0.0 -0.75 -0.016 -0.952 -0.0 0.106 -0.287 0.777 0.0 -0.614 0.14 0.944 0.0 -0.025 -0.328 -0.666 -0.0 -0.603 -0.439 -0.884 -0.0 -0.329 0.331 0.728 0.0 -0.68 -0.092 0.995 0.0 -0.006 0.096 
0.991 0.042 -0.079 0.099 -0.659 -0.0 -0.752 -0.014 -0.952 -0.0 0.108 -0.285 0.779 0.0 -0.611 0.14 0.945 0.0 -0.026 -0.326 -0.664 0.0 -0.593 -0.455 -0.876 -0.0 -0.353 0.33 0.73 -0.0 -0.678 -0.093 0.995 0.0 -0.005 0.096 
0.991 0.041 -0.082 0.1 -0.656 -0.0 -0.754 -0.013 -0.953 -0.0 0.111 -0.282 0.781 0.0 -0.608 0.14 0.946 0.0 -0.027 -0.324 -0.663 -0.0 -0.583 -0.471 -0.867 0.0 -0.376 0.328 0.732 -0.0 -0.675 -0.093 0.995 0.0 -0.005 0.096 
0.99 0.041 -0.086 0.102 -0.655 -0.0 -0.756 -0.012 -0.954 -0.0 0.112 -0.279 0.784 0.0 -0.605 0.14 0.946 0.0 -0.029 -0.323 -0.662 -0.0 -0.571 -0.486 -0.858 -0.0 -0.401 0.321 0.734 0.0 -0.673 -0.094 0.995 0.0 -0.004 0.096 
0.99 0.041 -0.089 0.104 -0.652 -0.0 -0.758 -0.01 -0.954 -0.0 0.114 -0.278 0.786 0.0 -0.602 0.14 0.946 0.0 -0.029 -0.322 -0.662 -0.0 -0.558 -0.5 -0.849 0.0 -0.425 0.313 0.736 -0.0 -0.671 -0.094 0.995 0.0 -0.004 0.097 
0.989 0.041 -0.092 0.106 -0.65 -0.0 -0.76 -0.007 -0.954 -0.0 0.116 -0.276 0.788 0.0 -0.599 0.14 0.946 -0.0 -0.031 -0.322 -0.664 -0.0 -0.543 -0.514 -0.84 0.0 -0.451 0.302 0.738 0.0 -0.669 -0.095 0.995 0.0 -0.003 0.098 
0.989 0.04 -0.096 0.109 -0.647 -0.0 -0.762 -0.003 -0.954 -0.0 0.119 -0.276 0.791 0.0 -0.596 0.141 0.946 0.0 -0.033 -0.322 -0.666 -0.0 -0.531 -0.525 -0.833 0.0 -0.473 0.289 0.74 0.0 -0.666 -0.096 0.995 -0.0 -0.002 0.099 
0.988 0.04 -0.1 0.109 -0.645 -0.0 -0.764 -0.001 -0.954 -0.0 0.119 -0.275 0.793 0.0 -0.593 0.141 0.946 -0.0 -0.034 -0.323 -0.665 0.0 -0.516 -0.539 -0.824 -0.0 -0.495 0.275 0.742 0.0 -0.664 -0.098 0.995 0.0 -0.001 0.101 
0.988 0.04 -0.103 0.11 -0.643 -0.0 -0.766 0.003 -0.954 0.0 0.119 -0.275 0.795 0.0 -0.59 0.142 0.946 0.0 -0.035 -0.323 -0.665 -0.0 -0.501 -0.553 -0.816 -0.0 -0.515 0.261 0.744 0.0 -0.661 -0.1 0.995 0.0 -0.0 0.102 
0.987 0.04 -0.107 0.112 -0.641 -0.0 -0.768 0.008 -0.954 -0.0 0.119 -0.276 0.797 0.0 -0.587 0.141 0.946 0.0 -0.036 -0.323 -0.666 -0.0 -0.488 -0.564 -0.809 -0.0 -0.534 0.245 0.746 -0.0 -0.658 -0.101 0.995 -0.0 0.001 0.104 
0.987 0.04 -0.111 0.113 -0.638 -0.0 -0.77 0.012 -0.953 -0.0 0.12 -0.278 0.799 0.0 -0.584 0.141 0.945 0.0 -0.038 -0.324 -0.666 -0.0 -0.473 -0.576 -0.803 -0.0 -0.55 0.228 0.748 0.0 -0.656 -0.102 0.994 0.0 0.002 0.105 
0.986 0.041 -0.115 0.114 -0.636 0.0 -0.772 0.016 -0.953 -0.0 0.119 -0.278 0.802 0.0 -0.581 0.141 0.945 0.0 -0.04 -0.326 -0.667 -0.0 -0.459 -0.587 -0.797 -0.0 -0.566 0.21 0.75 0.0 -0.653 -0.105 0.994 0.0 0.003 0.107 
0.985 0.041 -0.119 0.115 -0.634 -0.0 -0.773 0.02 -0.953 0.0 0.118 -0.278 0.804 0.0 -0.578 0.14 0.944 0.0 -0.043 -0.327 -0.668 -0.0 -0.444 -0.598 -0.791 -0.0 -0.581 0.193 0.752 0.0 -0.651 -0.107 0.994 0.0 0.005 0.109 
0.985 0.041 -0.122 0.116 -0.631 -0.0 -0.775 0.025 -0.952 -0.0 0.119 -0.281 0.807 -0.0 -0.574 0.14 0.944 0.0 -0.045 -0.327 -0.669 -0.0 -0.429 -0.607 -0.786 -0.0 -0.593 0.175 0.753 0.0 -0.649 -0.108 0.994 0.0 0.006 0.11 
0.984 0.042 -0.126 0.117 -0.629 -0.0 -0.776 0.029 -0.953 0.0 0.117 -0.281 0.809 0.0 -0.571 0.14 0.943 0.0 -0.048 -0.329 -0.67 -0.0 -0.414 -0.616 -0.781 -0.0 -0.605 0.156 0.755 0.0 -0.646 -0.11 0.994 0.0 0.008 0.112 
0.984 0.042 -0.129 0.118 -0.628 -0.0 -0.778 0.032 -0.953 -0.0 0.116 -0.281 0.811 0.0 -0.568 0.139 0.942 -0.0 -0.05 -0.33 -0.672 -0.0 -0.399 -0.625 -0.776 -0.0 -0.615 0.138 0.756 0.0 -0.644 -0.112 0.994 0.0 0.01 0.113 
0.983 0.044 -0.132 0.117 -0.625 0.0 -0.78 0.035 -0.952 -0.0 0.117 -0.283 0.813 0.0 -0.566 0.138 0.942 -0.0 -0.051 -0.332 -0.672 -0.0 -0.381 -0.634 -0.771 0.0 -0.626 0.118 0.757 0.0 -0.643 -0.114 0.993 0.0 0.012 0.115 
0.983 0.044 -0.136 0.118 -0.623 0.0 -0.782 0.039 -0.952 -0.0 0.117 -0.283 0.815 0.0 -0.563 0.138 0.941 0.0 -0.055 -0.334 -0.674 -0.0 -0.368 -0.64 -0.768 -0.0 -0.632 0.099 0.759 0.0 -0.641 -0.116 0.993 0.0 0.014 0.117 
0.982 0.046 -0.139 0.117 -0.621 0.0 -0.783 0.042 -0.952 -0.0 0.115 -0.285 0.817 0.0 -0.561 0.136 0.94 0.0 -0.055 -0.336 -0.675 -0.0 -0.35 -0.649 -0.765 -0.0 -0.639 0.079 0.76 0.0 -0.639 -0.119 0.993 0.0 0.016 0.118 
0.982 0.047 -0.143 0.117 -0.619 -0.0 -0.784 0.045 -0.952 -0.0 0.114 -0.285 0.819 0.0 -0.558 0.136 0.939 0.0 -0.058 -0.338 -0.677 -0.0 -0.336 -0.655 -0.763 -0.0 -0.644 0.061 0.761 -0.0 -0.637 -0.12 0.993 0.0 0.019 0.12 
0.981 0.047 -0.146 0.119 -0.617 0.0 -0.785 0.047 -0.952 -0.0 0.112 -0.283 0.821 0.0 -0.554 0.135 0.938 0.0 -0.061 -0.34 -0.678 0.0 -0.324 -0.659 -0.762 -0.0 -0.646 0.044 0.763 0.0 -0.635 -0.122 0.992 0.0 0.022 0.122 
0.98 0.048 -0.149 0.119 -0.615 -0.0 -0.787 0.051 -0.952 0.0 0.111 -0.284 0.823 0.0 -0.552 0.133 0.938 0.0 -0.063 -0.342 -0.68 -0.0 -0.311 -0.665 -0.762 -0.0 -0.647 0.027 0.764 0.0 -0.634 -0.124 0.992 0.0 0.024 0.124 
0.98 0.049 -0.152 0.119 -0.613 -0.0 -0.788 0.053 -0.953 -0.0 0.109 -0.283 0.825 0.0 -0.549 0.132 0.937 0.0 -0.064 -0.344 -0.681 -0.0 -0.297 -0.67 -0.762 -0.0 -0.648 0.012 0.765 0.0 -0.632 -0.126 0.992 0.0 0.026 0.126 
0.979 0.051 -0.156 0.118 -0.611 -0.0 -0.79 0.056 -0.953 -0.0 0.108 -0.284 0.827 -0.0 -0.547 0.131 0.936 0.0 -0.066 -0.347 -0.682 -0.0 -0.284 -0.674 -0.763 -0.0 -0.647 -0.004 0.766 0.0 -0.629 -0.129 0.991 0.0 0.026 0.129 
0.979 0.052 -0.158 0.118 -0.609 -0.0 -0.791 0.058 -0.953 -0.0 0.107 -0.283 0.828 0.0 -0.545 0.13 0.935 -0.0 -0.067 -0.349 -0.683 0.0 -0.272 -0.678 -0.764 -0.0 -0.645 -0.017 0.767 -0.0 -0.628 -0.13 0.991 0.0 0.028 0.131 
0.979 0.053 -0.161 0.117 -0.608 -0.0 -0.792 0.06 -0.953 0.0 0.106 -0.283 0.83 0.0 -0.543 0.129 0.934 0.0 -0.068 -0.351 -0.684 -0.0 -0.259 -0.682 -0.766 0.0 -0.643 -0.031 0.769 0.0 -0.626 -0.132 0.991 0.0 0.028 0.132 
0.978 0.055 -0.163 0.117 -0.606 -0.0 -0.793 0.061 -0.954 -0.0 0.105 -0.282 0.831 0.0 -0.541 0.128 0.933 0.0 -0.069 -0.354 -0.685 0.0 -0.247 -0.686 -0.768 0.0 -0.639 -0.044 0.771 0.0 -0.623 -0.135 0.991 0.0 0.026 0.134 
0.978 0.056 -0.166 0.116 -0.604 -0.0 -0.794 0.063 -0.954 -0.0 0.105 -0.282 0.832 0.0 -0.54 0.126 0.932 -0.0 -0.069 -0.355 -0.685 -0.0 -0.236 -0.689 -0.771 -0.0 -0.635 -0.055 0.772 0.0 -0.621 -0.136 0.99 -0.0 0.027 0.135 
0.977 0.057 -0.168 0.116 -0.602 -0.0 -0.796 0.065 -0.954 -0.0 0.105 -0.282 0.834 0.0 -0.538 0.125 0.931 0.0 -0.071 -0.357 -0.686 -0.0 -0.227 -0.691 -0.774 -0.0 -0.629 -0.065 0.773 0.0 -0.619 -0.137 0.99 -0.0 0.027 0.136 
0.977 0.059 -0.17 0.114 -0.601 -0.0 -0.796 0.065 -0.954 0.0 0.105 -0.281 0.835 0.0 -0.537 0.123 0.931 0.0 -0.071 -0.359 -0.687 0.0 -0.215 -0.694 -0.778 0.0 -0.624 -0.075 0.775 0.0 -0.617 -0.14 0.99 0.0 0.026 0.138 
0.977 0.061 -0.172 0.113 -0.599 -0.0 -0.798 0.066 -0.954 -0.0 0.105 -0.282 0.836 0.0 -0.535 0.121 0.93 0.0 -0.071 -0.361 -0.687 -0.0 -0.205 -0.697 -0.782 -0.0 -0.618 -0.084 0.776 -0.0 -0.615 -0.142 0.99 0.0 0.025 0.139 
0.976 0.062 -0.174 0.114 -0.597 -0.0 -0.799 0.068 -0.954 -0.0 0.104 -0.28 0.837 0.0 -0.533 0.12 0.929 0.0 -0.072 -0.362 -0.688 -0.0 -0.198 -0.698 -0.787 0.0 -0.611 -0.089 0.777 0.0 -0.613 -0.144 0.99 0.0 0.026 0.141 
0.976 0.064 -0.176 0.113 -0.596 -0.0 -0.8 0.068 -0.955 -0.0 0.104 -0.279 0.838 -0.0 -0.532 0.118 0.929 -0.0 -0.073 -0.363 -0.688 -0.0 -0.191 -0.7 -0.792 -0.0 -0.604 -0.095 0.778 0.0 -0.611 -0.146 0.989 0.0 0.026 0.143 
0.976 0.065 -0.178 0.112 -0.594 -0.0 -0.801 0.068 -0.955 -0.0 0.104 -0.279 0.839 0.0 -0.531 0.116 0.928 0.0 -0.072 -0.365 -0.688 -0.0 -0.183 -0.702 -0.796 -0.0 -0.597 -0.099 0.778 0.0 -0.61 -0.149 0.989 0.0 0.026 0.146 
0.975 0.067 -0.179 0.111 -0.593 -0.0 -0.802 0.069 -0.955 -0.0 0.103 -0.278 0.84 0.0 -0.53 0.115 0.928 0.0 -0.072 -0.365 -0.687 -0.0 -0.177 -0.705 -0.801 -0.0 -0.589 -0.103 0.78 0.0 -0.608 -0.151 0.989 -0.0 0.026 0.148 
0.975 0.068 -0.181 0.109 -0.592 -0.0 -0.803 0.068 -0.955 0.0 0.102 -0.277 0.841 -0.0 -0.529 0.113 0.928 0.0 -0.072 -0.367 -0.687 -0.0 -0.17 -0.707 -0.806 -0.0 -0.582 -0.105 0.78 0.0 -0.607 -0.154 0.988 0.0 0.026 0.151 
0.975 0.069 -0.182 0.108 -0.591 -0.0 -0.804 0.069 -0.955 -0.0 0.103 -0.277 0.841 0.0 -0.529 0.112 0.927 0.0 -0.072 -0.367 -0.686 0.0 -0.166 -0.709 -0.812 -0.0 -0.574 -0.106 0.78 0.0 -0.606 -0.156 0.988 0.0 0.026 0.154 
0.975 0.071 -0.183 0.106 -0.59 -0.0 -0.804 0.068 -0.956 -0.0 0.101 -0.276 0.842 0.0 -0.528 0.11 0.927 0.0 -0.071 -0.368 -0.685 0.0 -0.16 -0.711 -0.817 -0.0 -0.567 -0.107 0.781 0.0 -0.604 -0.158 0.987 0.0 0.026 0.156 
0.975 0.072 -0.184 0.105 -0.589 -0.0 -0.805 0.068 -0.956 -0.0 0.101 -0.276 0.842 -0.0 -0.528 0.108 0.927 0.0 -0.07 -0.368 -0.684 -0.0 -0.156 -0.712 -0.822 -0.0 -0.56 -0.107 0.781 0.0 -0.604 -0.16 0.987 0.0 0.026 0.158 
0.975 0.074 -0.184 0.103 -0.589 -0.0 -0.805 0.069 -0.956 -0.0 0.1 -0.276 0.842 0.0 -0.528 0.107 0.927 0.0 -0.07 -0.369 -0.683 -0.0 -0.152 -0.715 -0.826 0.0 -0.554 -0.106 0.781 0.0 -0.603 -0.162 0.987 0.0 0.027 0.16 
0.975 0.075 -0.185 0.102 -0.589 0.0 -0.805 0.069 -0.956 0.0 0.097 -0.276 0.843 0.0 -0.528 0.106 0.927 0.0 -0.07 -0.369 -0.681 -0.0 -0.149 -0.717 -0.831 -0.0 -0.547 -0.104 0.781 0.0 -0.603 -0.164 0.986 0.0 0.026 0.162 
0.975 0.076 -0.185 0.1 -0.589 -0.0 -0.805 0.069 -0.956 -0.0 0.097 -0.277 0.843 0.0 -0.528 0.104 0.927 0.0 -0.069 -0.37 -0.68 -0.0 -0.146 -0.719 -0.836 -0.0 -0.54 -0.101 0.781 -0.0 -0.602 -0.166 0.986 0.0 0.026 0.164 
0.975 0.077 -0.185 0.099 -0.588 -0.0 -0.806 0.068 -0.956 -0.0 0.098 -0.277 0.843 0.0 -0.528 0.103 0.927 0.0 -0.07 -0.369 -0.679 0.0 -0.144 -0.72 -0.84 -0.0 -0.534 -0.098 0.781 -0.0 -0.602 -0.167 0.986 0.0 0.026 0.167 
0.975 0.078 -0.185 0.098 -0.587 -0.0 -0.807 0.068 -0.956 -0.0 0.098 -0.278 0.843 0.0 -0.528 0.101 0.927 -0.0 -0.069 -0.369 -0.677 -0.0 -0.142 -0.722 -0.844 -0.0 -0.528 -0.095 0.781 0.0 -0.601 -0.169 0.985 0.0 0.025 0.169 
0.975 0.079 -0.185 0.097 -0.587 -0.0 -0.807 0.067 -0.956 0.0 0.097 -0.275 0.843 -0.0 -0.528 0.1 0.927 0.0 -0.069 -0.369 -0.676 0.0 -0.14 -0.723 -0.848 -0.0 -0.522 -0.092 0.781 0.0 -0.601 -0.171 0.985 -0.0 0.025 0.172 
0.975 0.08 -0.185 0.095 -0.587 0.0 -0.807 0.066 -0.956 -0.0 0.097 -0.276 0.843 0.0 -0.529 0.098 0.927 0.0 -0.069 -0.369 -0.674 -0.0 -0.139 -0.725 -0.852 -0.0 -0.516 -0.088 0.78 0.0 -0.601 -0.173 0.984 0.0 0.025 0.175 
0.975 0.081 -0.185 0.094 -0.586 -0.0 -0.808 0.066 -0.956 -0.0 0.097 -0.278 0.843 0.0 -0.529 0.097 0.927 -0.0 -0.069 -0.369 -0.673 -0.0 -0.138 -0.727 -0.855 -0.0 -0.511 -0.085 0.781 0.0 -0.6 -0.174 0.984 0.0 0.023 0.176 
0.975 0.082 -0.185 0.094 -0.586 -0.0 -0.808 0.065 -0.956 -0.0 0.097 -0.277 0.844 0.0 -0.528 0.095 0.927 0.0 -0.069 -0.368 -0.672 -0.0 -0.138 -0.728 -0.859 -0.0 -0.506 -0.08 0.781 0.0 -0.599 -0.176 0.984 0.0 0.023 0.179 
0.975 0.083 -0.185 0.094 -0.585 -0.0 -0.809 0.065 -0.956 -0.0 0.098 -0.277 0.844 0.0 -0.528 0.094 0.928 0.0 -0.07 -0.367 -0.671 -0.0 -0.14 -0.728 -0.862 -0.0 -0.5 -0.075 0.781 -0.0 -0.599 -0.178 0.983 0.0 0.023 0.182 
0.975 0.083 -0.185 0.093 -0.584 -0.0 -0.809 0.065 -0.955 -0.0 0.097 -0.279 0.845 -0.0 -0.528 0.092 0.928 0.0 -0.071 -0.366 -0.67 -0.0 -0.141 -0.729 -0.866 -0.0 -0.496 -0.07 0.781 0.0 -0.598 -0.179 0.982 0.0 0.021 0.185 
0.975 0.084 -0.185 0.093 -0.583 -0.0 -0.81 0.064 -0.955 -0.0 0.097 -0.28 0.845 0.0 -0.527 0.091 0.928 0.0 -0.072 -0.366 -0.668 -0.0 -0.143 -0.73 -0.869 -0.0 -0.491 -0.066 0.781 0.0 -0.597 -0.181 0.982 0.0 0.021 0.189 
0.975 0.085 -0.185 0.091 -0.584 0.0 -0.809 0.064 -0.955 -0.0 0.097 -0.281 0.844 0.0 -0.528 0.089 0.928 0.0 -0.071 -0.365 -0.666 -0.0 -0.141 -0.732 -0.87 -0.0 -0.488 -0.063 0.781 0.0 -0.597 -0.185 0.981 0.0 0.019 0.193 
0.975 0.086 -0.184 0.091 -0.583 -0.0 -0.81 0.064 -0.954 -0.0 0.098 -0.284 0.845 0.0 -0.528 0.088 0.929 0.0 -0.071 -0.363 -0.665 0.0 -0.142 -0.733 -0.873 -0.0 -0.485 -0.059 0.78 -0.0 -0.597 -0.188 0.98 0.0 0.018 0.197 
0.975 0.086 -0.185 0.091 -0.582 -0.0 -0.811 0.064 -0.954 -0.0 0.097 -0.284 0.845 0.0 -0.527 0.087 0.929 0.0 -0.072 -0.363 -0.665 -0.0 -0.146 -0.733 -0.875 -0.0 -0.481 -0.053 0.78 0.0 -0.596 -0.19 0.979 0.0 0.018 0.201 
0.975 0.087 -0.184 0.091 -0.582 -0.0 -0.811 0.064 -0.953 -0.0 0.097 -0.286 0.845 0.0 -0.527 0.086 0.929 0.0 -0.073 -0.363 -0.663 0.0 -0.148 -0.734 -0.877 -0.0 -0.477 -0.049 0.78 0.0 -0.595 -0.192 0.978 0.0 0.017 0.206 
0.975 0.088 -0.184 0.09 -0.581 -0.0 -0.811 0.063 -0.953 -0.0 0.097 -0.288 0.846 0.0 -0.527 0.084 0.929 0.0 -0.074 -0.362 -0.662 0.0 -0.15 -0.734 -0.879 -0.0 -0.475 -0.045 0.78 0.0 -0.595 -0.194 0.978 0.0 0.015 0.21 
0.975 0.088 -0.184 0.089 -0.581 -0.0 -0.811 0.064 -0.952 -0.0 0.096 -0.29 0.845 0.0 -0.528 0.083 0.93 0.0 -0.074 -0.361 -0.661 -0.0 -0.152 -0.735 -0.88 -0.0 -0.473 -0.041 0.78 -0.0 -0.594 -0.196 0.977 0.0 0.015 0.214 
0.975 0.089 -0.183 0.088 -0.581 -0.0 -0.811 0.063 -0.951 -0.0 0.095 -0.293 0.845 0.0 -0.528 0.081 0.93 0.0 -0.074 -0.36 -0.659 0.0 -0.153 -0.736 -0.881 -0.0 -0.471 -0.037 0.78 0.0 -0.594 -0.2 0.976 0.0 0.012 0.219 
0.975 0.09 -0.182 0.087 -0.581 -0.0 -0.811 0.064 -0.95 0.0 0.095 -0.296 0.845 0.0 -0.529 0.08 0.93 0.0 -0.074 -0.359 -0.658 0.0 -0.155 -0.737 -0.882 -0.0 -0.47 -0.033 0.779 0.0 -0.593 -0.202 0.975 -0.0 0.01 0.224 
0.976 0.091 -0.18 0.087 -0.582 0.0 -0.811 0.062 -0.95 -0.0 0.095 -0.297 0.844 0.0 -0.53 0.079 0.93 0.0 -0.075 -0.359 -0.657 -0.0 -0.156 -0.738 -0.883 -0.0 -0.469 -0.029 0.777 0.0 -0.595 -0.206 0.973 0.0 0.01 0.23 
0.976 0.092 -0.179 0.086 -0.583 -0.0 -0.81 0.063 -0.949 -0.0 0.093 -0.301 0.844 0.0 -0.531 0.077 0.931 0.0 -0.075 -0.358 -0.656 0.0 -0.157 -0.739 -0.883 0.0 -0.469 -0.026 0.776 0.0 -0.595 -0.21 0.972 -0.0 0.007 0.235 
0.976 0.094 -0.178 0.084 -0.583 -0.0 -0.81 0.063 -0.948 -0.0 0.093 -0.305 0.844 -0.0 -0.532 0.076 0.93 0.0 -0.076 -0.358 -0.654 -0.0 -0.157 -0.74 -0.882 0.0 -0.47 -0.025 0.775 0.0 -0.594 -0.214 0.97 0.0 0.004 0.241 
0.976 0.095 -0.176 0.083 -0.584 -0.0 -0.809 0.063 -0.947 -0.0 0.093 -0.307 0.843 0.0 -0.532 0.075 0.931 0.0 -0.077 -0.358 -0.653 -0.0 -0.157 -0.74 -0.881 -0.0 -0.472 -0.023 0.774 0.0 -0.594 -0.217 0.969 0.0 0.002 0.247 
0.977 0.096 -0.174 0.082 -0.585 -0.0 -0.808 0.064 -0.946 -0.0 0.091 -0.31 0.843 0.0 -0.533 0.073 0.931 0.0 -0.078 -0.357 -0.652 -0.0 -0.157 -0.742 -0.879 -0.0 -0.476 -0.022 0.773 -0.0 -0.594 -0.222 0.967 0.0 -0.002 0.254 
0.977 0.097 -0.173 0.08 -0.587 -0.0 -0.807 0.062 -0.946 -0.0 0.09 -0.311 0.842 0.0 -0.534 0.071 0.93 0.0 -0.08 -0.358 -0.651 0.0 -0.155 -0.743 -0.877 0.0 -0.481 -0.024 0.772 0.0 -0.593 -0.227 0.966 0.0 -0.006 0.26 
0.977 0.099 -0.171 0.079 -0.588 -0.0 -0.807 0.061 -0.945 -0.0 0.089 -0.314 0.842 -0.0 -0.535 0.07 0.931 0.0 -0.08 -0.357 -0.651 -0.0 -0.152 -0.744 -0.874 0.0 -0.486 -0.026 0.772 0.0 -0.593 -0.23 0.964 0.0 -0.009 0.265 
0.977 0.1 -0.17 0.076 -0.588 -0.0 -0.806 0.061 -0.944 -0.0 0.088 -0.317 0.841 0.0 -0.536 0.067 0.931 0.0 -0.079 -0.357 -0.65 -0.0 -0.146 -0.746 -0.87 -0.0 -0.492 -0.031 0.771 0.0 -0.592 -0.234 0.963 0.0 -0.013 0.271 
0.978 0.102 -0.168 0.074 -0.59 -0.0 -0.805 0.059 -0.944 -0.0 0.086 -0.318 0.841 0.0 -0.537 0.066 0.931 0.0 -0.08 -0.357 -0.649 -0.0 -0.139 -0.748 -0.867 -0.0 -0.497 -0.036 0.77 -0.0 -0.592 -0.238 0.961 0.0 -0.017 0.275 
0.978 0.104 -0.167 0.072 -0.591 0.0 -0.804 0.057 -0.943 -0.0 0.085 -0.32 0.841 0.0 -0.537 0.064 0.93 -0.0 -0.084 -0.357 -0.648 -0.0 -0.132 -0.75 -0.864 -0.0 -0.501 -0.043 0.77 0.0 -0.591 -0.241 0.96 0.0 -0.021 0.279 
0.978 0.106 -0.166 0.069 -0.591 -0.0 -0.805 0.057 -0.942 -0.0 0.086 -0.324 0.841 -0.0 -0.537 0.062 0.93 0.0 -0.084 -0.358 -0.647 -0.0 -0.125 -0.752 -0.862 -0.0 -0.504 -0.05 0.77 0.0 -0.59 -0.244 0.959 0.0 -0.026 0.282 
0.978 0.109 -0.165 0.067 -0.592 -0.0 -0.804 0.055 -0.942 -0.0 0.084 -0.326 0.841 0.0 -0.537 0.06 0.93 0.0 -0.084 -0.358 -0.646 -0.0 -0.118 -0.754 -0.86 -0.0 -0.507 -0.058 0.77 0.0 -0.588 -0.246 0.958 0.0 -0.029 0.284 
0.978 0.111 -0.165 0.065 -0.592 -0.0 -0.804 0.052 -0.942 -0.0 0.082 -0.326 0.842 -0.0 -0.536 0.057 0.93 0.0 -0.085 -0.359 -0.646 -0.0 -0.113 -0.755 -0.859 -0.0 -0.508 -0.065 0.77 0.0 -0.588 -0.248 0.957 0.0 -0.031 0.287 
0.978 0.113 -0.166 0.063 -0.591 -0.0 -0.805 0.049 -0.941 -0.0 0.083 -0.327 0.843 0.0 -0.535 0.056 0.929 0.0 -0.087 -0.359 -0.645 0.0 -0.11 -0.756 -0.858 -0.0 -0.509 -0.072 0.77 0.0 -0.587 -0.25 0.957 0.0 -0.032 0.288 
0.977 0.115 -0.166 0.062 -0.59 -0.0 -0.806 0.046 -0.942 -0.0 0.084 -0.326 0.845 0.0 -0.532 0.054 0.929 0.0 -0.089 -0.359 -0.645 -0.0 -0.107 -0.757 -0.857 -0.0 -0.51 -0.078 0.771 0.0 -0.585 -0.251 0.956 -0.0 -0.035 0.29 
0.977 0.114 -0.169 0.065 -0.587 -0.0 -0.808 0.045 -0.942 -0.0 0.086 -0.325 0.848 0.0 -0.527 0.053 0.929 -0.0 -0.094 -0.359 -0.647 0.0 -0.115 -0.754 -0.858 -0.0 -0.508 -0.079 0.773 0.0 -0.584 -0.249 0.956 -0.0 -0.031 0.291 
0.977 0.117 -0.169 0.062 -0.588 -0.0 -0.808 0.038 -0.942 -0.0 0.088 -0.323 0.848 0.0 -0.527 0.05 0.929 0.0 -0.095 -0.359 -0.646 -0.0 -0.108 -0.756 -0.856 0.0 -0.51 -0.086 0.773 0.0 -0.583 -0.251 0.956 0.0 -0.033 0.29 
0.976 0.119 -0.17 0.063 -0.587 -0.0 -0.809 0.034 -0.943 -0.0 0.09 -0.321 0.85 0.0 -0.524 0.047 0.929 0.0 -0.097 -0.358 -0.646 -0.0 -0.108 -0.755 -0.855 -0.0 -0.51 -0.089 0.773 0.0 -0.582 -0.251 0.956 -0.0 -0.033 0.29 
0.976 0.121 -0.171 0.063 -0.585 -0.0 -0.811 0.027 -0.944 -0.0 0.094 -0.317 0.852 0.0 -0.522 0.045 0.929 0.0 -0.099 -0.357 -0.647 -0.0 -0.109 -0.754 -0.854 0.0 -0.511 -0.092 0.775 0.0 -0.58 -0.25 0.957 0.0 -0.033 0.289 
0.975 0.119 -0.175 0.07 -0.58 -0.0 -0.814 0.024 -0.945 -0.0 0.1 -0.311 0.856 0.0 -0.515 0.044 0.929 0.0 -0.106 -0.355 -0.65 -0.0 -0.123 -0.75 -0.857 -0.0 -0.508 -0.089 0.778 0.0 -0.579 -0.244 0.957 0.0 -0.027 0.287 
0.975 0.122 -0.175 0.067 -0.58 -0.0 -0.814 0.015 -0.946 -0.0 0.103 -0.307 0.856 0.0 -0.515 0.042 0.929 0.0 -0.105 -0.355 -0.65 -0.0 -0.118 -0.751 -0.856 -0.0 -0.509 -0.094 0.778 0.0 -0.578 -0.244 0.958 0.0 -0.028 0.285 
0.974 0.122 -0.176 0.07 -0.577 0.0 -0.816 0.009 -0.947 -0.0 0.109 -0.302 0.858 0.0 -0.512 0.039 0.929 0.0 -0.109 -0.352 -0.652 -0.0 -0.125 -0.748 -0.857 -0.0 -0.507 -0.093 0.779 0.0 -0.579 -0.241 0.959 0.0 -0.024 0.283 
0.973 0.118 -0.183 0.08 -0.571 -0.0 -0.821 0.007 -0.948 -0.0 0.115 -0.296 0.863 0.0 -0.503 0.04 0.929 0.0 -0.118 -0.35 -0.656 -0.0 -0.148 -0.74 -0.861 -0.0 -0.501 -0.086 0.783 0.0 -0.577 -0.231 0.96 -0.0 -0.014 0.279 
0.972 0.118 -0.185 0.084 -0.566 -0.0 -0.824 0.003 -0.949 -0.0 0.122 -0.292 0.866 0.0 -0.499 0.039 0.929 0.0 -0.122 -0.349 -0.658 -0.0 -0.158 -0.737 -0.864 -0.0 -0.497 -0.083 0.785 0.0 -0.577 -0.227 0.961 0.0 -0.009 0.275 
0.972 0.126 -0.182 0.073 -0.569 -0.0 -0.822 -0.009 -0.949 -0.0 0.123 -0.29 0.864 -0.0 -0.502 0.036 0.928 -0.0 -0.116 -0.353 -0.651 0.0 -0.141 -0.746 -0.861 -0.0 -0.501 -0.09 0.784 0.0 -0.577 -0.23 0.962 0.0 -0.015 0.271 
0.972 0.131 -0.182 0.067 -0.568 -0.0 -0.823 -0.018 -0.949 0.0 0.126 -0.288 0.865 -0.0 -0.501 0.034 0.927 0.0 -0.114 -0.356 -0.648 -0.0 -0.137 -0.75 -0.861 -0.0 -0.5 -0.092 0.785 0.0 -0.575 -0.229 0.964 0.0 -0.016 0.266 
0.972 0.132 -0.184 0.069 -0.565 0.0 -0.825 -0.022 -0.95 -0.0 0.129 -0.285 0.867 0.0 -0.496 0.033 0.927 0.0 -0.118 -0.357 -0.648 0.0 -0.145 -0.748 -0.863 -0.0 -0.497 -0.088 0.787 0.0 -0.575 -0.226 0.966 0.0 -0.011 0.26 
0.971 0.133 -0.185 0.071 -0.562 -0.0 -0.827 -0.025 -0.95 -0.0 0.134 -0.283 0.87 -0.0 -0.492 0.034 0.925 0.0 -0.124 -0.359 -0.648 -0.0 -0.155 -0.746 -0.865 -0.0 -0.494 -0.082 0.787 0.0 -0.575 -0.222 0.967 -0.0 -0.006 0.256 
0.971 0.136 -0.185 0.07 -0.56 -0.0 -0.828 -0.028 -0.949 -0.0 0.136 -0.283 0.871 0.0 -0.49 0.033 0.924 -0.0 -0.128 -0.36 -0.647 -0.0 -0.16 -0.746 -0.867 -0.0 -0.492 -0.077 0.787 0.0 -0.576 -0.22 0.968 -0.0 -0.004 0.251 
0.971 0.137 -0.185 0.071 -0.559 -0.0 -0.829 -0.031 -0.95 -0.0 0.138 -0.28 0.873 0.0 -0.487 0.032 0.923 0.0 -0.133 -0.361 -0.646 -0.0 -0.169 -0.744 -0.87 -0.0 -0.489 -0.07 0.788 0.0 -0.576 -0.217 0.969 0.0 -0.001 0.247 
0.971 0.138 -0.183 0.073 -0.558 -0.0 -0.829 -0.034 -0.95 -0.0 0.142 -0.278 0.874 0.0 -0.484 0.032 0.922 0.0 -0.139 -0.36 -0.646 -0.0 -0.18 -0.742 -0.873 -0.0 -0.485 -0.061 0.787 0.0 -0.578 -0.215 0.97 0.0 0.002 0.243 
0.97 0.14 -0.182 0.074 -0.556 -0.0 -0.83 -0.034 -0.95 -0.0 0.143 -0.278 0.876 0.0 -0.482 0.031 0.921 -0.0 -0.145 -0.361 -0.645 -0.0 -0.189 -0.74 -0.875 0.0 -0.481 -0.052 0.788 0.0 -0.578 -0.212 0.971 0.0 0.003 0.238 
0.97 0.141 -0.18 0.075 -0.556 -0.0 -0.83 -0.037 -0.951 -0.0 0.144 -0.275 0.877 0.0 -0.48 0.03 0.921 0.0 -0.152 -0.36 -0.645 -0.0 -0.199 -0.738 -0.878 -0.0 -0.476 -0.043 0.787 0.0 -0.58 -0.211 0.972 0.0 0.005 0.235 
0.971 0.143 -0.179 0.075 -0.556 -0.0 -0.83 -0.038 -0.951 -0.0 0.145 -0.273 0.878 -0.0 -0.478 0.03 0.92 0.0 -0.155 -0.36 -0.643 -0.0 -0.21 -0.736 -0.881 -0.0 -0.471 -0.033 0.788 0.0 -0.58 -0.208 0.973 0.0 0.005 0.23 
0.971 0.144 -0.177 0.076 -0.557 -0.0 -0.83 -0.039 -0.952 -0.0 0.143 -0.272 0.879 0.0 -0.476 0.028 0.919 0.0 -0.161 -0.359 -0.642 -0.0 -0.22 -0.734 -0.884 0.0 -0.466 -0.022 0.788 0.0 -0.58 -0.205 0.975 0.0 0.005 0.223 
0.971 0.145 -0.175 0.077 -0.556 -0.0 -0.83 -0.039 -0.951 0.0 0.145 -0.272 0.88 0.0 -0.474 0.028 0.919 0.0 -0.166 -0.358 -0.641 -0.0 -0.232 -0.732 -0.887 -0.0 -0.461 -0.012 0.788 0.0 -0.581 -0.203 0.976 -0.0 0.005 0.219 
0.971 0.146 -0.172 0.078 -0.557 -0.0 -0.83 -0.038 -0.952 -0.0 0.144 -0.272 0.881 0.0 -0.473 0.027 0.918 0.0 -0.17 -0.358 -0.64 -0.0 -0.243 -0.729 -0.89 -0.0 -0.455 -0.002 0.788 0.0 -0.582 -0.202 0.976 0.0 0.005 0.216 
0.971 0.146 -0.169 0.079 -0.558 -0.0 -0.829 -0.039 -0.952 -0.0 0.143 -0.271 0.882 0.0 -0.471 0.026 0.918 0.0 -0.175 -0.357 -0.639 -0.0 -0.255 -0.725 -0.893 -0.0 -0.449 0.009 0.787 -0.0 -0.584 -0.2 0.977 0.0 0.005 0.213 
0.972 0.146 -0.167 0.08 -0.56 -0.0 -0.828 -0.038 -0.952 -0.0 0.141 -0.271 0.882 0.0 -0.47 0.026 0.917 0.0 -0.179 -0.357 -0.639 0.0 -0.267 -0.722 -0.896 -0.0 -0.443 0.02 0.786 0.0 -0.585 -0.198 0.978 0.0 0.004 0.21 
0.972 0.146 -0.163 0.081 -0.561 -0.0 -0.827 -0.037 -0.952 -0.0 0.141 -0.272 0.883 0.0 -0.469 0.026 0.916 0.0 -0.183 -0.357 -0.638 -0.0 -0.278 -0.718 -0.899 -0.0 -0.437 0.029 0.785 0.0 -0.587 -0.197 0.978 0.0 0.004 0.207 
0.973 0.146 -0.16 0.082 -0.564 -0.0 -0.825 -0.037 -0.952 -0.0 0.138 -0.272 0.883 0.0 -0.468 0.026 0.915 0.0 -0.187 -0.357 -0.638 -0.0 -0.29 -0.714 -0.902 -0.0 -0.43 0.04 0.784 0.0 -0.59 -0.196 0.979 0.0 0.004 0.205 
0.973 0.142 -0.159 0.09 -0.562 -0.0 -0.826 -0.032 -0.952 -0.0 0.139 -0.272 0.885 0.0 -0.464 0.027 0.913 0.0 -0.196 -0.356 -0.641 -0.0 -0.314 -0.7 -0.907 0.0 -0.419 0.052 0.783 -0.0 -0.592 -0.191 0.979 0.0 0.009 0.203 
0.973 0.143 -0.155 0.089 -0.565 0.0 -0.825 -0.033 -0.952 -0.0 0.137 -0.273 0.885 0.0 -0.465 0.027 0.912 0.0 -0.197 -0.359 -0.639 -0.0 -0.321 -0.699 -0.908 -0.0 -0.414 0.061 0.781 -0.0 -0.594 -0.192 0.979 0.0 0.007 0.203 
0.974 0.142 -0.152 0.089 -0.568 0.0 -0.823 -0.033 -0.952 0.0 0.134 -0.274 0.885 0.0 -0.465 0.028 0.911 0.0 -0.199 -0.36 -0.638 0.0 -0.332 -0.695 -0.91 -0.0 -0.408 0.069 0.779 0.0 -0.597 -0.193 0.979 0.0 0.008 0.205 
0.975 0.142 -0.149 0.089 -0.569 -0.0 -0.822 -0.032 -0.952 -0.0 0.133 -0.276 0.885 0.0 -0.465 0.029 0.91 0.0 -0.201 -0.362 -0.637 -0.0 -0.342 -0.691 -0.912 0.0 -0.402 0.079 0.777 0.0 -0.599 -0.195 0.978 0.0 0.007 0.208 
0.975 0.141 -0.146 0.09 -0.571 -0.0 -0.821 -0.031 -0.952 -0.0 0.131 -0.278 0.885 0.0 -0.464 0.029 0.909 0.0 -0.203 -0.363 -0.636 -0.0 -0.353 -0.686 -0.915 -0.0 -0.395 0.087 0.775 -0.0 -0.601 -0.197 0.977 -0.0 0.005 0.213 
0.976 0.14 -0.143 0.09 -0.574 -0.0 -0.818 -0.032 -0.952 -0.0 0.127 -0.278 0.885 0.0 -0.464 0.031 0.908 0.0 -0.203 -0.365 -0.635 -0.0 -0.364 -0.681 -0.917 -0.0 -0.388 0.096 0.772 0.0 -0.603 -0.199 0.976 0.0 0.003 0.22 
0.976 0.138 -0.14 0.09 -0.576 -0.0 -0.817 -0.031 -0.951 -0.0 0.127 -0.281 0.885 -0.0 -0.465 0.032 0.908 0.0 -0.204 -0.367 -0.634 0.0 -0.376 -0.676 -0.919 -0.0 -0.381 0.104 0.771 0.0 -0.605 -0.202 0.974 0.0 0.001 0.227 
0.977 0.137 -0.137 0.09 -0.578 0.0 -0.815 -0.032 -0.952 -0.0 0.125 -0.28 0.885 0.0 -0.465 0.034 0.907 0.0 -0.204 -0.369 -0.633 -0.0 -0.387 -0.67 -0.921 0.0 -0.373 0.113 0.768 0.0 -0.607 -0.205 0.972 0.0 -0.002 0.236 
0.978 0.136 -0.134 0.089 -0.58 -0.0 -0.814 -0.033 -0.951 -0.0 0.125 -0.282 0.884 0.0 -0.466 0.036 0.906 0.0 -0.202 -0.372 -0.632 0.0 -0.398 -0.665 -0.923 -0.0 -0.365 0.12 0.766 -0.0 -0.608 -0.208 0.969 0.0 -0.007 0.245 
0.978 0.135 -0.131 0.089 -0.584 -0.0 -0.811 -0.034 -0.951 -0.0 0.122 -0.283 0.883 -0.0 -0.467 0.038 0.905 0.0 -0.201 -0.374 -0.632 -0.0 -0.409 -0.659 -0.925 -0.0 -0.357 0.128 0.764 -0.0 -0.609 -0.212 0.967 -0.0 -0.011 0.255 
0.979 0.134 -0.129 0.087 -0.585 -0.0 -0.81 -0.036 -0.951 -0.0 0.121 -0.285 0.883 -0.0 -0.468 0.04 0.905 0.0 -0.196 -0.377 -0.631 -0.0 -0.419 -0.654 -0.927 0.0 -0.349 0.135 0.762 -0.0 -0.61 -0.217 0.964 -0.0 -0.016 0.265 
0.979 0.132 -0.125 0.087 -0.59 -0.0 -0.806 -0.038 -0.952 -0.0 0.117 -0.284 0.882 0.0 -0.47 0.042 0.905 0.0 -0.194 -0.379 -0.63 -0.0 -0.43 -0.647 -0.93 -0.0 -0.34 0.142 0.76 0.0 -0.611 -0.22 0.961 0.0 -0.021 0.275 
0.98 0.131 -0.123 0.086 -0.591 -0.0 -0.806 -0.039 -0.951 -0.0 0.119 -0.287 0.881 0.0 -0.472 0.044 0.905 0.0 -0.191 -0.381 -0.629 -0.0 -0.441 -0.64 -0.932 -0.0 -0.331 0.149 0.758 0.0 -0.612 -0.226 0.958 0.0 -0.027 0.286 
0.981 0.13 -0.12 0.084 -0.596 -0.0 -0.802 -0.046 -0.952 -0.0 0.115 -0.284 0.88 0.0 -0.473 0.047 0.904 0.0 -0.185 -0.384 -0.628 -0.0 -0.453 -0.633 -0.934 -0.0 -0.321 0.156 0.756 -0.0 -0.613 -0.231 0.954 0.0 -0.033 0.297 
0.981 0.128 -0.117 0.084 -0.598 -0.0 -0.8 -0.047 -0.951 -0.0 0.114 -0.286 0.879 0.0 -0.475 0.049 0.904 -0.0 -0.182 -0.386 -0.627 -0.0 -0.463 -0.626 -0.936 -0.0 -0.311 0.161 0.754 0.0 -0.613 -0.236 0.951 0.0 -0.039 0.307 
0.982 0.127 -0.114 0.082 -0.601 0.0 -0.798 -0.053 -0.952 -0.0 0.115 -0.283 0.877 0.0 -0.477 0.052 0.905 0.0 -0.176 -0.389 -0.627 0.0 -0.473 -0.619 -0.938 -0.0 -0.303 0.167 0.752 0.0 -0.613 -0.242 0.947 -0.0 -0.046 0.317 
0.982 0.126 -0.112 0.081 -0.603 0.0 -0.796 -0.056 -0.952 -0.0 0.116 -0.284 0.876 0.0 -0.479 0.055 0.905 0.0 -0.172 -0.39 -0.627 -0.0 -0.483 -0.611 -0.94 -0.0 -0.294 0.171 0.75 0.0 -0.614 -0.248 0.944 0.0 -0.052 0.327 
0.983 0.124 -0.109 0.08 -0.607 -0.0 -0.793 -0.062 -0.952 -0.0 0.115 -0.282 0.875 0.0 -0.481 0.057 0.905 0.0 -0.166 -0.391 -0.627 -0.0 -0.494 -0.603 -0.943 -0.0 -0.284 0.176 0.748 0.0 -0.614 -0.253 0.94 -0.0 -0.06 0.336 
0.984 0.123 -0.106 0.079 -0.61 -0.0 -0.789 -0.067 -0.953 -0.0 0.115 -0.281 0.873 0.0 -0.483 0.06 0.905 -0.0 -0.162 -0.393 -0.627 -0.0 -0.505 -0.594 -0.945 -0.0 -0.273 0.179 0.746 0.0 -0.614 -0.258 0.936 0.0 -0.068 0.344 
0.984 0.122 -0.103 0.077 -0.612 -0.0 -0.788 -0.07 -0.952 -0.0 0.117 -0.283 0.872 -0.0 -0.485 0.063 0.905 0.0 -0.157 -0.395 -0.628 -0.0 -0.512 -0.587 -0.946 0.0 -0.267 0.183 0.745 0.0 -0.613 -0.265 0.933 0.0 -0.079 0.352 
0.985 0.121 -0.099 0.076 -0.615 -0.0 -0.785 -0.074 -0.952 -0.0 0.118 -0.283 0.87 0.0 -0.488 0.065 0.906 0.0 -0.152 -0.395 -0.628 -0.0 -0.522 -0.577 -0.949 -0.0 -0.255 0.186 0.741 0.0 -0.615 -0.27 0.93 0.0 -0.084 0.358 
0.985 0.119 -0.096 0.075 -0.618 -0.0 -0.782 -0.08 -0.952 -0.0 0.118 -0.281 0.869 0.0 -0.49 0.068 0.906 0.0 -0.148 -0.396 -0.629 0.0 -0.531 -0.568 -0.951 0.0 -0.246 0.188 0.739 0.0 -0.615 -0.274 0.927 -0.0 -0.092 0.365 
0.986 0.118 -0.093 0.073 -0.62 -0.0 -0.78 -0.084 -0.952 -0.0 0.119 -0.281 0.868 0.0 -0.492 0.07 0.907 0.0 -0.143 -0.396 -0.629 -0.0 -0.539 -0.559 -0.953 0.0 -0.237 0.19 0.737 0.0 -0.616 -0.278 0.924 0.0 -0.1 0.37 
0.987 0.116 -0.091 0.071 -0.623 -0.0 -0.777 -0.09 -0.953 -0.0 0.119 -0.279 0.867 0.0 -0.494 0.074 0.907 0.0 -0.139 -0.397 -0.63 -0.0 -0.549 -0.55 -0.955 -0.0 -0.228 0.192 0.736 0.0 -0.616 -0.281 0.921 0.0 -0.107 0.375 
0.987 0.116 -0.088 0.068 -0.625 0.0 -0.775 -0.095 -0.952 0.0 0.12 -0.28 0.865 0.0 -0.495 0.076 0.908 0.0 -0.135 -0.398 -0.631 0.0 -0.556 -0.541 -0.956 -0.0 -0.219 0.193 0.733 0.0 -0.617 -0.287 0.918 0.0 -0.114 0.38 
0.988 0.114 -0.084 0.066 -0.627 0.0 -0.773 -0.098 -0.952 0.0 0.122 -0.282 0.864 0.0 -0.497 0.079 0.908 0.0 -0.131 -0.398 -0.632 0.0 -0.564 -0.532 -0.958 -0.0 -0.21 0.194 0.729 0.0 -0.62 -0.291 0.915 0.0 -0.118 0.386 
0.988 0.113 -0.082 0.064 -0.629 0.0 -0.77 -0.105 -0.952 -0.0 0.123 -0.28 0.863 0.0 -0.499 0.082 0.908 0.0 -0.129 -0.398 -0.632 -0.0 -0.572 -0.522 -0.96 0.0 -0.202 0.195 0.727 0.0 -0.62 -0.295 0.912 0.0 -0.126 0.391 
0.989 0.112 -0.079 0.061 -0.631 -0.0 -0.768 -0.11 -0.952 -0.0 0.124 -0.28 0.862 0.0 -0.5 0.084 0.909 0.0 -0.126 -0.397 -0.633 -0.0 -0.58 -0.513 -0.962 -0.0 -0.193 0.195 0.725 0.0 -0.62 -0.3 0.909 0.0 -0.133 0.395 
0.989 0.111 -0.076 0.059 -0.633 -0.0 -0.765 -0.114 -0.951 -0.0 0.124 -0.281 0.861 0.0 -0.501 0.087 0.909 0.0 -0.123 -0.397 -0.634 -0.0 -0.587 -0.504 -0.963 -0.0 -0.184 0.195 0.723 0.0 -0.62 -0.304 0.906 0.0 -0.141 0.398 
0.99 0.11 -0.074 0.056 -0.635 -0.0 -0.763 -0.119 -0.951 -0.0 0.124 -0.282 0.86 0.0 -0.502 0.089 0.91 0.0 -0.119 -0.397 -0.634 -0.0 -0.594 -0.495 -0.965 0.0 -0.175 0.194 0.721 -0.0 -0.621 -0.308 0.904 0.0 -0.147 0.4 
0.99 0.109 -0.071 0.054 -0.636 0.0 -0.761 -0.124 -0.951 -0.0 0.125 -0.283 0.859 0.0 -0.503 0.092 0.911 0.0 -0.117 -0.396 -0.635 -0.0 -0.601 -0.486 -0.967 0.0 -0.166 0.193 0.72 0.0 -0.62 -0.312 0.903 0.0 -0.153 0.402 
0.991 0.108 -0.069 0.051 -0.638 -0.0 -0.759 -0.129 -0.951 -0.0 0.126 -0.284 0.859 -0.0 -0.504 0.093 0.912 0.0 -0.115 -0.394 -0.635 -0.0 -0.607 -0.478 -0.969 -0.0 -0.158 0.192 0.719 0.0 -0.62 -0.316 0.901 0.0 -0.161 0.403 
0.991 0.107 -0.066 0.048 -0.64 -0.0 -0.757 -0.133 -0.95 -0.0 0.126 -0.286 0.858 0.0 -0.505 0.096 0.913 -0.0 -0.113 -0.392 -0.635 -0.0 -0.614 -0.469 -0.97 -0.0 -0.15 0.191 0.718 0.0 -0.619 -0.319 0.9 0.0 -0.168 0.403 
0.991 0.106 -0.063 0.045 -0.642 -0.0 -0.754 -0.138 -0.95 -0.0 0.123 -0.286 0.857 0.0 -0.507 0.098 0.914 0.0 -0.11 -0.391 -0.636 -0.0 -0.62 -0.46 -0.972 -0.0 -0.14 0.19 0.719 0.0 -0.616 -0.321 0.899 -0.0 -0.178 0.401 
0.992 0.105 -0.061 0.042 -0.643 -0.0 -0.752 -0.142 -0.95 -0.0 0.123 -0.288 0.856 0.0 -0.508 0.1 0.915 0.0 -0.108 -0.389 -0.636 -0.0 -0.626 -0.452 -0.973 -0.0 -0.132 0.188 0.718 0.0 -0.615 -0.325 0.898 0.0 -0.183 0.399 
0.992 0.104 -0.059 0.039 -0.644 0.0 -0.751 -0.145 -0.949 -0.0 0.124 -0.291 0.855 0.0 -0.509 0.102 0.916 0.0 -0.106 -0.388 -0.636 -0.0 -0.631 -0.444 -0.975 0.0 -0.124 0.186 0.717 0.0 -0.615 -0.328 0.898 0.0 -0.187 0.398 
0.992 0.103 -0.057 0.037 -0.645 -0.0 -0.749 -0.149 -0.948 -0.0 0.124 -0.293 0.854 0.0 -0.51 0.103 0.917 0.0 -0.104 -0.386 -0.636 -0.0 -0.637 -0.435 -0.976 -0.0 -0.115 0.184 0.715 0.0 -0.615 -0.332 0.898 -0.0 -0.191 0.395 
0.993 0.102 -0.054 0.035 -0.647 -0.0 -0.747 -0.152 -0.947 -0.0 0.123 -0.297 0.853 -0.0 -0.511 0.105 0.918 0.0 -0.102 -0.383 -0.636 -0.0 -0.642 -0.427 -0.977 0.0 -0.108 0.182 0.714 -0.0 -0.615 -0.334 0.899 0.0 -0.194 0.392 
0.993 0.101 -0.052 0.033 -0.649 -0.0 -0.745 -0.155 -0.947 0.0 0.121 -0.298 0.852 0.0 -0.512 0.107 0.919 0.0 -0.101 -0.381 -0.636 -0.0 -0.647 -0.419 -0.978 0.0 -0.099 0.181 0.713 0.0 -0.615 -0.336 0.9 0.0 -0.196 0.389 
0.993 0.1 -0.049 0.031 -0.65 0.0 -0.744 -0.156 -0.945 -0.0 0.121 -0.303 0.851 -0.0 -0.514 0.108 0.92 0.0 -0.1 -0.378 -0.637 0.0 -0.652 -0.412 -0.98 -0.0 -0.092 0.179 0.712 0.0 -0.616 -0.339 0.902 0.0 -0.196 0.385 
0.994 0.099 -0.047 0.029 -0.652 -0.0 -0.742 -0.158 -0.944 -0.0 0.119 -0.307 0.85 -0.0 -0.515 0.109 0.921 -0.0 -0.098 -0.376 -0.637 0.0 -0.657 -0.404 -0.98 -0.0 -0.085 0.178 0.71 0.0 -0.617 -0.34 0.904 0.0 -0.195 0.381 
0.994 0.098 -0.045 0.027 -0.653 -0.0 -0.741 -0.158 -0.943 -0.0 0.119 -0.312 0.849 -0.0 -0.517 0.111 0.922 0.0 -0.097 -0.374 -0.637 -0.0 -0.661 -0.397 -0.981 0.0 -0.078 0.176 0.708 0.0 -0.618 -0.343 0.906 0.0 -0.194 0.377 
0.994 0.097 -0.042 0.026 -0.655 -0.0 -0.738 -0.16 -0.942 -0.0 0.116 -0.315 0.848 -0.0 -0.519 0.112 0.923 0.0 -0.096 -0.372 -0.637 -0.0 -0.665 -0.39 -0.982 -0.0 -0.072 0.175 0.706 0.0 -0.619 -0.345 0.908 0.0 -0.191 0.372 
0.994 0.096 -0.04 0.025 -0.657 -0.0 -0.737 -0.161 -0.941 -0.0 0.114 -0.319 0.846 0.0 -0.521 0.112 0.924 -0.0 -0.094 -0.37 -0.637 0.0 -0.668 -0.383 -0.983 -0.0 -0.065 0.173 0.704 0.0 -0.62 -0.346 0.911 0.0 -0.187 0.367 
0.994 0.095 -0.038 0.024 -0.659 -0.0 -0.734 -0.162 -0.94 0.0 0.111 -0.323 0.845 0.0 -0.522 0.113 0.925 0.0 -0.092 -0.368 -0.638 -0.0 -0.672 -0.377 -0.983 -0.0 -0.059 0.172 0.702 0.0 -0.622 -0.348 0.914 0.0 -0.183 0.362 
0.995 0.094 -0.036 0.024 -0.66 -0.0 -0.734 -0.161 -0.938 -0.0 0.109 -0.328 0.844 0.0 -0.524 0.113 0.926 0.0 -0.091 -0.366 -0.638 -0.0 -0.676 -0.369 -0.984 -0.0 -0.053 0.17 0.7 -0.0 -0.624 -0.348 0.917 0.0 -0.178 0.357 
0.995 0.093 -0.034 0.023 -0.662 -0.0 -0.732 -0.161 -0.937 -0.0 0.107 -0.333 0.843 -0.0 -0.526 0.113 0.927 -0.0 -0.089 -0.364 -0.639 -0.0 -0.679 -0.362 -0.985 -0.0 -0.047 0.169 0.698 0.0 -0.626 -0.349 0.921 0.0 -0.172 0.35 
0.995 0.091 -0.032 0.023 -0.663 -0.0 -0.732 -0.159 -0.935 -0.0 0.105 -0.338 0.841 0.0 -0.528 0.114 0.928 0.0 -0.088 -0.362 -0.639 -0.0 -0.682 -0.355 -0.985 -0.0 -0.042 0.167 0.696 0.0 -0.628 -0.348 0.925 0.0 -0.165 0.344 
0.995 0.09 -0.031 0.023 -0.665 0.0 -0.73 -0.159 -0.934 -0.0 0.102 -0.341 0.84 0.0 -0.53 0.113 0.929 0.0 -0.086 -0.36 -0.64 -0.0 -0.685 -0.348 -0.986 -0.0 -0.037 0.165 0.694 0.0 -0.63 -0.348 0.929 0.0 -0.157 0.336 
0.995 0.089 -0.029 0.023 -0.666 -0.0 -0.729 -0.157 -0.933 -0.0 0.098 -0.346 0.839 0.0 -0.533 0.113 0.93 -0.0 -0.084 -0.359 -0.64 -0.0 -0.688 -0.341 -0.986 -0.0 -0.033 0.163 0.693 0.0 -0.632 -0.346 0.933 0.0 -0.15 0.328 
0.996 0.087 -0.028 0.024 -0.667 -0.0 -0.728 -0.156 -0.932 -0.0 0.096 -0.35 0.837 0.0 -0.535 0.112 0.93 -0.0 -0.083 -0.357 -0.641 -0.0 -0.691 -0.334 -0.987 -0.0 -0.028 0.161 0.692 0.0 -0.635 -0.345 0.937 0.0 -0.141 0.32 
0.996 0.086 -0.027 0.025 -0.669 -0.0 -0.727 -0.154 -0.931 -0.0 0.092 -0.354 0.836 0.0 -0.537 0.112 0.931 0.0 -0.081 -0.356 -0.641 -0.0 -0.694 -0.328 -0.987 -0.0 -0.024 0.159 0.691 -0.0 -0.637 -0.343 0.941 -0.0 -0.132 0.31 
0.996 0.085 -0.026 0.025 -0.67 -0.0 -0.727 -0.151 -0.93 -0.0 0.088 -0.358 0.835 0.0 -0.539 0.112 0.932 0.0 -0.079 -0.355 -0.641 -0.0 -0.697 -0.321 -0.988 -0.0 -0.021 0.156 0.69 0.0 -0.639 -0.34 0.946 -0.0 -0.123 0.3 
0.996 0.083 -0.025 0.026 -0.671 -0.0 -0.726 -0.15 -0.929 0.0 0.084 -0.362 0.833 0.0 -0.542 0.111 0.932 0.0 -0.077 -0.354 -0.642 -0.0 -0.699 -0.315 -0.988 -0.0 -0.019 0.153 0.689 0.0 -0.641 -0.337 0.95 0.0 -0.114 0.29 
0.996 0.082 -0.025 0.026 -0.673 -0.0 -0.724 -0.148 -0.928 -0.0 0.079 -0.364 0.832 0.0 -0.544 0.111 0.933 0.0 -0.075 -0.353 -0.642 -0.0 -0.702 -0.308 -0.988 0.0 -0.016 0.15 0.689 -0.0 -0.644 -0.332 0.955 -0.0 -0.105 0.279 
0.996 0.081 -0.025 0.027 -0.673 -0.0 -0.725 -0.146 -0.927 -0.0 0.076 -0.367 0.83 -0.0 -0.546 0.111 0.933 0.0 -0.072 -0.352 -0.642 -0.0 -0.704 -0.303 -0.989 -0.0 -0.014 0.148 0.69 0.0 -0.645 -0.329 0.959 0.0 -0.097 0.268 
0.996 0.079 -0.025 0.027 -0.674 -0.0 -0.724 -0.145 -0.927 -0.0 0.072 -0.368 0.829 0.0 -0.549 0.111 0.933 0.0 -0.07 -0.352 -0.641 0.0 -0.707 -0.298 -0.989 -0.0 -0.012 0.146 0.69 0.0 -0.647 -0.323 0.963 -0.0 -0.088 0.256 
0.996 0.078 -0.025 0.028 -0.674 -0.0 -0.725 -0.143 -0.926 -0.0 0.069 -0.37 0.827 0.0 -0.551 0.111 0.933 0.0 -0.068 -0.352 -0.641 -0.0 -0.71 -0.293 -0.99 0.0 -0.01 0.144 0.691 0.0 -0.649 -0.318 0.966 0.0 -0.081 0.244 
0.996 0.077 -0.025 0.028 -0.675 0.0 -0.725 -0.141 -0.926 -0.0 0.065 -0.372 0.826 0.0 -0.553 0.111 0.934 0.0 -0.066 -0.352 -0.64 0.0 -0.712 -0.288 -0.99 -0.0 -0.008 0.142 0.692 -0.0 -0.651 -0.312 0.97 -0.0 -0.073 0.232 
0.996 0.075 -0.026 0.028 -0.676 -0.0 -0.723 -0.139 -0.925 -0.0 0.062 -0.374 0.824 0.0 -0.556 0.111 0.934 0.0 -0.064 -0.352 -0.64 -0.0 -0.715 -0.283 -0.99 -0.0 -0.007 0.14 0.693 0.0 -0.653 -0.305 0.974 0.0 -0.065 0.219 
0.997 0.074 -0.027 0.028 -0.675 -0.0 -0.725 -0.137 -0.925 -0.0 0.061 -0.374 0.822 0.0 -0.558 0.111 0.934 0.0 -0.063 -0.351 -0.639 -0.0 -0.717 -0.279 -0.99 0.0 -0.006 0.139 0.694 0.0 -0.655 -0.298 0.977 0.0 -0.057 0.207 
0.997 0.072 -0.027 0.028 -0.676 -0.0 -0.725 -0.134 -0.925 -0.0 0.057 -0.375 0.821 0.0 -0.56 0.111 0.934 0.0 -0.062 -0.352 -0.639 -0.0 -0.719 -0.274 -0.99 0.0 -0.006 0.138 0.695 0.0 -0.658 -0.29 0.98 0.0 -0.048 0.195 
0.997 0.071 -0.028 0.028 -0.675 -0.0 -0.726 -0.131 -0.925 -0.0 0.057 -0.375 0.819 0.0 -0.562 0.112 0.934 0.0 -0.061 -0.352 -0.638 -0.0 -0.72 -0.272 -0.99 -0.0 -0.006 0.138 0.696 0.0 -0.66 -0.283 0.982 0.0 -0.04 0.184 
0.997 0.069 -0.029 0.028 -0.676 -0.0 -0.726 -0.13 -0.926 -0.0 0.052 -0.374 0.818 0.0 -0.564 0.113 0.934 0.0 -0.061 -0.352 -0.638 0.0 -0.722 -0.268 -0.99 -0.0 -0.007 0.138 0.697 -0.0 -0.663 -0.273 0.984 0.0 -0.032 0.173 
0.997 0.067 -0.031 0.028 -0.676 -0.0 -0.726 -0.129 -0.927 -0.0 0.048 -0.371 0.817 0.0 -0.565 0.114 0.934 0.0 -0.062 -0.353 -0.637 -0.0 -0.724 -0.264 -0.991 -0.0 -0.007 0.137 0.698 0.0 -0.665 -0.265 0.987 0.0 -0.025 0.161 
0.997 0.065 -0.032 0.029 -0.677 -0.0 -0.725 -0.129 -0.929 -0.0 0.045 -0.367 0.816 0.0 -0.567 0.114 0.933 0.0 -0.063 -0.353 -0.637 -0.0 -0.726 -0.26 -0.99 0.0 -0.009 0.137 0.699 0.0 -0.668 -0.256 0.988 0.0 -0.018 0.153 
0.997 0.063 -0.033 0.029 -0.677 -0.0 -0.725 -0.128 -0.931 -0.0 0.039 -0.364 0.815 0.0 -0.568 0.115 0.933 0.0 -0.064 -0.354 -0.636 -0.0 -0.727 -0.258 -0.99 -0.0 -0.01 0.139 0.7 0.0 -0.67 -0.247 0.989 0.0 -0.013 0.146 
0.997 0.061 -0.035 0.03 -0.674 -0.0 -0.729 -0.124 -0.931 -0.0 0.043 -0.362 0.814 -0.0 -0.569 0.115 0.933 0.0 -0.066 -0.353 -0.635 -0.0 -0.729 -0.255 -0.99 -0.0 -0.012 0.139 0.7 0.0 -0.672 -0.24 0.99 0.0 -0.01 0.142 
0.997 0.059 -0.036 0.03 -0.674 -0.0 -0.728 -0.123 -0.933 0.0 0.04 -0.359 0.813 -0.0 -0.571 0.115 0.933 0.0 -0.067 -0.353 -0.635 0.0 -0.73 -0.252 -0.99 -0.0 -0.014 0.14 0.701 0.0 -0.674 -0.233 0.99 0.0 -0.009 0.141 
0.997 0.056 -0.037 0.031 -0.674 -0.0 -0.728 -0.122 -0.935 -0.0 0.038 -0.354 0.812 0.0 -0.572 0.115 0.933 0.0 -0.07 -0.353 -0.635 -0.0 -0.732 -0.248 -0.99 0.0 -0.016 0.141 0.701 -0.0 -0.676 -0.227 0.99 0.0 -0.008 0.144 
0.997 0.054 -0.038 0.032 -0.673 -0.0 -0.73 -0.119 -0.936 -0.0 0.038 -0.35 0.811 0.0 -0.573 0.115 0.933 0.0 -0.073 -0.352 -0.635 -0.0 -0.733 -0.245 -0.99 -0.0 -0.017 0.141 0.702 0.0 -0.677 -0.221 0.989 0.0 -0.007 0.146 
0.997 0.051 -0.039 0.033 -0.674 -0.0 -0.73 -0.119 -0.938 -0.0 0.038 -0.344 0.81 0.0 -0.575 0.115 0.933 -0.0 -0.076 -0.351 -0.635 -0.0 -0.734 -0.24 -0.99 -0.0 -0.018 0.141 0.703 0.0 -0.678 -0.214 0.989 0.0 -0.006 0.148 
0.997 0.049 -0.04 0.034 -0.673 -0.0 -0.73 -0.117 -0.94 -0.0 0.038 -0.338 0.809 0.0 -0.576 0.115 0.933 0.0 -0.078 -0.35 -0.636 -0.0 -0.735 -0.235 -0.99 0.0 -0.02 0.141 0.705 0.0 -0.678 -0.206 0.989 0.0 -0.006 0.148 
0.997 0.047 -0.04 0.035 -0.673 -0.0 -0.731 -0.115 -0.942 -0.0 0.04 -0.333 0.808 -0.0 -0.578 0.115 0.934 0.0 -0.08 -0.348 -0.636 -0.0 -0.736 -0.23 -0.99 0.0 -0.022 0.141 0.707 0.0 -0.679 -0.199 0.989 -0.0 -0.006 0.146 
0.997 0.044 -0.041 0.039 -0.671 -0.0 -0.733 -0.112 -0.944 -0.0 0.043 -0.328 0.807 0.0 -0.58 0.114 0.934 0.0 -0.084 -0.347 -0.638 -0.0 -0.737 -0.224 -0.99 0.0 -0.023 0.14 0.705 0.0 -0.682 -0.194 0.989 0.0 -0.001 0.147 
0.997 0.042 -0.041 0.04 -0.671 -0.0 -0.733 -0.109 -0.945 -0.0 0.045 -0.323 0.805 0.0 -0.582 0.114 0.934 0.0 -0.086 -0.346 -0.639 -0.0 -0.738 -0.219 -0.99 -0.0 -0.025 0.139 0.705 0.0 -0.684 -0.187 0.99 0.0 0.0 0.144 
0.997 0.04 -0.041 0.042 -0.671 0.0 -0.734 -0.108 -0.948 0.0 0.046 -0.316 0.804 0.0 -0.584 0.113 0.935 0.0 -0.088 -0.345 -0.64 -0.0 -0.739 -0.212 -0.99 -0.0 -0.026 0.137 0.706 0.0 -0.685 -0.18 0.99 -0.0 0.002 0.141 
0.997 0.038 -0.042 0.043 -0.671 -0.0 -0.734 -0.106 -0.95 0.0 0.049 -0.309 0.802 0.0 -0.586 0.113 0.934 -0.0 -0.09 -0.344 -0.641 -0.0 -0.739 -0.206 -0.99 -0.0 -0.027 0.135 0.706 0.0 -0.687 -0.173 0.99 0.0 0.006 0.138 
0.997 0.036 -0.042 0.045 -0.67 -0.0 -0.736 -0.101 -0.951 0.0 0.05 -0.304 0.801 0.0 -0.589 0.113 0.935 -0.0 -0.092 -0.344 -0.642 -0.0 -0.74 -0.2 -0.991 -0.0 -0.027 0.133 0.706 0.0 -0.688 -0.168 0.991 -0.0 0.007 0.134 
0.998 0.035 -0.041 0.045 -0.671 -0.0 -0.735 -0.099 -0.953 -0.0 0.049 -0.298 0.798 -0.0 -0.592 0.112 0.935 0.0 -0.092 -0.343 -0.641 -0.0 -0.742 -0.197 -0.991 -0.0 -0.026 0.133 0.707 0.0 -0.688 -0.164 0.991 0.0 0.006 0.132 
0.998 0.033 -0.042 0.045 -0.67 -0.0 -0.736 -0.096 -0.955 -0.0 0.05 -0.291 0.797 0.0 -0.594 0.112 0.934 -0.0 -0.092 -0.345 -0.641 -0.0 -0.743 -0.192 -0.991 -0.0 -0.025 0.131 0.708 -0.0 -0.688 -0.159 0.992 0.0 0.006 0.13 
0.998 0.032 -0.042 0.047 -0.669 0.0 -0.738 -0.091 -0.957 -0.0 0.051 -0.287 0.795 -0.0 -0.596 0.111 0.934 0.0 -0.093 -0.345 -0.641 0.0 -0.744 -0.187 -0.991 -0.0 -0.025 0.129 0.71 0.0 -0.686 -0.156 0.992 0.0 0.004 0.128 
0.998 0.03 -0.042 0.048 -0.668 -0.0 -0.739 -0.085 -0.958 -0.0 0.053 -0.283 0.793 0.0 -0.599 0.11 0.934 0.0 -0.094 -0.344 -0.641 -0.0 -0.746 -0.181 -0.992 -0.0 -0.023 0.127 0.711 0.0 -0.687 -0.152 0.992 0.0 0.005 0.127 
0.998 0.03 -0.042 0.047 -0.667 0.0 -0.741 -0.079 -0.958 -0.0 0.053 -0.281 0.791 0.0 -0.602 0.11 0.934 0.0 -0.094 -0.344 -0.64 -0.0 -0.747 -0.179 -0.992 0.0 -0.022 0.127 0.711 0.0 -0.687 -0.149 0.992 0.0 0.005 0.125 
0.998 0.028 -0.042 0.049 -0.668 -0.0 -0.741 -0.074 -0.96 -0.0 0.052 -0.275 0.79 -0.0 -0.604 0.11 0.934 0.0 -0.096 -0.344 -0.64 0.0 -0.748 -0.172 -0.992 -0.0 -0.022 0.124 0.711 0.0 -0.688 -0.144 0.992 -0.0 0.007 0.124 
0.998 0.027 -0.043 0.049 -0.666 -0.0 -0.743 -0.065 -0.96 -0.0 0.053 -0.275 0.788 0.0 -0.606 0.108 0.934 0.0 -0.096 -0.343 -0.64 -0.0 -0.749 -0.168 -0.992 -0.0 -0.021 0.122 0.711 0.0 -0.689 -0.14 0.993 0.0 0.009 0.122 
0.998 0.027 -0.043 0.049 -0.665 -0.0 -0.744 -0.06 -0.961 -0.0 0.052 -0.272 0.787 0.0 -0.608 0.109 0.934 -0.0 -0.097 -0.345 -0.64 -0.0 -0.75 -0.165 -0.992 -0.0 -0.021 0.121 0.711 0.0 -0.69 -0.136 0.993 0.0 0.01 0.12 
0.998 0.025 -0.043 0.049 -0.665 -0.0 -0.745 -0.055 -0.962 -0.0 0.053 -0.268 0.785 0.0 -0.61 0.108 0.934 0.0 -0.097 -0.344 -0.64 -0.0 -0.751 -0.161 -0.993 -0.0 -0.02 0.119 0.711 0.0 -0.69 -0.132 0.993 0.0 0.012 0.119 
0.998 0.024 -0.044 0.048 -0.664 -0.0 -0.746 -0.048 -0.963 -0.0 0.052 -0.266 0.784 0.0 -0.612 0.108 0.934 0.0 -0.098 -0.344 -0.64 -0.0 -0.752 -0.156 -0.993 -0.0 -0.02 0.117 0.711 0.0 -0.691 -0.128 0.993 0.0 0.014 0.117 
0.998 0.024 -0.044 0.047 -0.663 -0.0 -0.748 -0.044 -0.963 -0.0 0.051 -0.263 0.782 0.0 -0.613 0.108 0.934 0.0 -0.098 -0.344 -0.64 -0.0 -0.753 -0.156 -0.993 0.0 -0.019 0.117 0.711 0.0 -0.691 -0.126 0.993 0.0 0.015 0.116 
0.998 0.023 -0.044 0.047 -0.663 0.0 -0.747 -0.039 -0.964 -0.0 0.048 -0.26 0.781 0.0 -0.615 0.108 0.934 -0.0 -0.1 -0.344 -0.639 0.0 -0.754 -0.152 -0.993 -0.0 -0.019 0.116 0.711 0.0 -0.692 -0.122 0.993 0.0 0.016 0.115 
0.998 0.022 -0.045 0.046 -0.663 -0.0 -0.748 -0.034 -0.965 0.0 0.047 -0.258 0.78 0.0 -0.616 0.108 0.933 0.0 -0.101 -0.344 -0.639 -0.0 -0.755 -0.149 -0.993 -0.0 -0.018 0.114 0.712 0.0 -0.692 -0.119 0.993 0.0 0.017 0.114 
0.998 0.021 -0.045 0.047 -0.662 -0.0 -0.749 -0.027 -0.965 0.0 0.048 -0.257 0.779 -0.0 -0.618 0.108 0.933 0.0 -0.102 -0.345 -0.639 -0.0 -0.755 -0.145 -0.993 -0.0 -0.018 0.113 0.712 0.0 -0.693 -0.117 0.993 -0.0 0.018 0.113 
0.998 0.021 -0.045 0.047 -0.662 -0.0 -0.749 -0.021 -0.966 -0.0 0.046 -0.255 0.778 0.0 -0.619 0.108 0.933 0.0 -0.103 -0.344 -0.64 -0.0 -0.756 -0.141 -0.994 -0.0 -0.019 0.111 0.712 0.0 -0.693 -0.114 0.993 0.0 0.019 0.113 
0.998 0.02 -0.045 0.046 -0.662 -0.0 -0.749 -0.016 -0.966 -0.0 0.043 -0.254 0.777 0.0 -0.62 0.108 0.933 0.0 -0.104 -0.345 -0.64 -0.0 -0.756 -0.139 -0.994 -0.0 -0.019 0.11 0.712 0.0 -0.693 -0.112 0.993 0.0 0.02 0.112 
0.998 0.02 -0.046 0.046 -0.662 -0.0 -0.75 -0.011 -0.967 -0.0 0.041 -0.253 0.776 0.0 -0.621 0.108 0.933 0.0 -0.104 -0.345 -0.64 -0.0 -0.756 -0.136 -0.994 -0.0 -0.019 0.109 0.712 0.0 -0.693 -0.11 0.994 -0.0 0.021 0.112 
0.998 0.019 -0.046 0.046 -0.662 -0.0 -0.75 -0.005 -0.967 -0.0 0.04 -0.253 0.776 0.0 -0.621 0.109 0.933 0.0 -0.105 -0.345 -0.64 0.0 -0.757 -0.134 -0.994 -0.0 -0.019 0.108 0.712 0.0 -0.693 -0.108 0.993 -0.0 0.022 0.112 
0.998 0.018 -0.046 0.046 -0.662 -0.0 -0.75 0.0 -0.967 0.0 0.039 -0.252 0.775 0.0 -0.622 0.109 0.933 0.0 -0.106 -0.345 -0.639 -0.0 -0.758 -0.131 -0.994 -0.0 -0.019 0.107 0.712 -0.0 -0.694 -0.107 0.993 0.0 0.022 0.112 
0.998 0.018 -0.046 0.045 -0.662 -0.0 -0.75 0.005 -0.967 -0.0 0.037 -0.251 0.775 0.0 -0.623 0.109 0.933 -0.0 -0.106 -0.345 -0.64 -0.0 -0.758 -0.13 -0.994 -0.0 -0.02 0.107 0.712 0.0 -0.694 -0.106 0.993 0.0 0.023 0.113 
0.998 0.018 -0.047 0.045 -0.662 -0.0 -0.75 0.01 -0.967 -0.0 0.035 -0.251 0.774 0.0 -0.623 0.108 0.933 0.0 -0.106 -0.344 -0.639 -0.0 -0.758 -0.128 -0.994 -0.0 -0.019 0.106 0.712 0.0 -0.694 -0.105 0.993 0.0 0.024 0.113 
0.998 0.017 -0.047 0.045 -0.662 -0.0 -0.749 0.015 -0.967 -0.0 0.034 -0.252 0.773 0.0 -0.625 0.109 0.933 0.0 -0.104 -0.345 -0.639 -0.0 -0.759 -0.125 -0.994 -0.0 -0.019 0.105 0.712 0.0 -0.694 -0.103 0.993 0.0 0.025 0.112 
0.998 0.017 -0.047 0.045 -0.662 -0.0 -0.75 0.02 -0.967 -0.0 0.032 -0.251 0.773 -0.0 -0.626 0.109 0.933 0.0 -0.104 -0.345 -0.639 0.0 -0.759 -0.123 -0.994 -0.0 -0.018 0.105 0.712 0.0 -0.694 -0.102 0.993 0.0 0.026 0.113 
0.998 0.016 -0.047 0.045 -0.661 -0.0 -0.75 0.025 -0.967 -0.0 0.033 -0.253 0.773 0.0 -0.625 0.108 0.933 0.0 -0.107 -0.343 -0.639 -0.0 -0.76 -0.122 -0.994 -0.0 -0.018 0.104 0.713 0.0 -0.694 -0.101 0.993 0.0 0.026 0.113 
0.998 0.016 -0.047 0.045 -0.661 -0.0 -0.75 0.029 -0.967 -0.0 0.031 -0.252 0.773 -0.0 -0.625 0.108 0.934 0.0 -0.108 -0.341 -0.64 -0.0 -0.759 -0.119 -0.994 -0.0 -0.019 0.103 0.713 -0.0 -0.694 -0.1 0.993 0.0 0.026 0.113 
