# T   LUA LFA RUA RFA LT  LS  RT  RS  
0.986 -0.155 0.003 -0.06 -0.903 -0.0 -0.428 -0.032 -0.72 0.0 -0.107 -0.685 0.907 0.0 -0.419 0.028 0.78 0.0 -0.051 -0.624 -0.708 -0.0 -0.281 -0.648 -0.774 -0.0 -0.599 0.206 0.764 0.0 -0.275 -0.583 0.776 -0.0 -0.58 0.247 
0.986 -0.155 0.003 -0.06 -0.903 -0.0 -0.429 -0.032 -0.72 -0.0 -0.107 -0.686 0.907 -0.0 -0.419 0.028 0.78 0.0 -0.052 -0.624 -0.707 -0.0 -0.282 -0.648 -0.776 -0.0 -0.596 0.206 0.764 -0.0 -0.275 -0.583 0.776 -0.0 -0.58 0.247 
0.986 -0.154 0.002 -0.059 -0.903 -0.0 -0.429 -0.031 -0.72 -0.0 -0.106 -0.686 0.907 0.0 -0.419 0.026 0.78 0.0 -0.052 -0.624 -0.708 -0.0 -0.28 -0.648 -0.776 -0.0 -0.597 0.205 0.762 0.0 -0.274 -0.586 0.776 -0.0 -0.58 0.247 
0.986 -0.154 0.002 -0.058 -0.903 0.0 -0.429 -0.031 -0.721 -0.0 -0.104 -0.685 0.908 0.0 -0.419 0.025 0.78 0.0 -0.052 -0.623 -0.708 -0.0 -0.28 -0.648 -0.774 -0.0 -0.599 0.204 0.762 -0.0 -0.274 -0.587 0.776 0.0 -0.581 0.247 
0.986 -0.154 0.002 -0.058 -0.903 0.0 -0.429 -0.031 -0.721 -0.0 -0.104 -0.685 0.908 0.0 -0.419 0.026 0.78 0.0 -0.052 -0.623 -0.708 -0.0 -0.28 -0.648 -0.774 -0.0 -0.599 0.204 0.762 0.0 -0.274 -0.587 0.776 -0.0 -0.581 0.247 
0.986 -0.154 0.002 -0.057 -0.903 -0.0 -0.429 -0.03 -0.722 -0.0 -0.102 -0.684 0.907 0.0 -0.419 0.025 0.78 -0.0 -0.052 -0.623 -0.708 -0.0 -0.28 -0.648 -0.774 -0.0 -0.599 0.205 0.761 0.0 -0.274 -0.588 0.776 0.0 -0.581 0.248 
0.986 -0.154 0.003 -0.057 -0.903 -0.0 -0.428 -0.03 -0.723 -0.0 -0.099 -0.683 0.908 0.0 -0.419 0.024 0.78 0.0 -0.053 -0.623 -0.708 0.0 -0.279 -0.648 -0.774 -0.0 -0.599 0.205 0.761 0.0 -0.274 -0.588 0.776 0.0 -0.58 0.247 
0.986 -0.154 0.003 -0.058 -0.903 -0.0 -0.428 -0.031 -0.723 -0.0 -0.1 -0.683 0.907 0.0 -0.42 0.024 0.78 0.0 -0.052 -0.623 -0.707 -0.0 -0.279 -0.649 -0.774 -0.0 -0.599 0.206 0.762 -0.0 -0.274 -0.587 0.775 0.0 -0.581 0.246 
0.986 -0.154 0.002 -0.058 -0.903 0.0 -0.429 -0.031 -0.721 -0.0 -0.103 -0.685 0.908 0.0 -0.419 0.025 0.78 0.0 -0.053 -0.623 -0.709 -0.0 -0.28 -0.648 -0.774 -0.0 -0.599 0.203 0.762 0.0 -0.273 -0.587 0.775 0.0 -0.581 0.247 
0.986 -0.154 0.002 -0.058 -0.903 -0.0 -0.429 -0.031 -0.721 -0.0 -0.104 -0.685 0.908 0.0 -0.418 0.024 0.781 0.0 -0.053 -0.623 -0.709 0.0 -0.28 -0.648 -0.774 -0.0 -0.599 0.203 0.762 0.0 -0.273 -0.587 0.775 0.0 -0.581 0.247 
0.986 -0.154 0.002 -0.058 -0.903 -0.0 -0.429 -0.031 -0.721 -0.0 -0.104 -0.685 0.908 0.0 -0.418 0.024 0.781 0.0 -0.053 -0.623 -0.709 -0.0 -0.28 -0.648 -0.774 -0.0 -0.599 0.203 0.762 0.0 -0.274 -0.587 0.776 0.0 -0.581 0.247 
0.986 -0.154 0.002 -0.058 -0.903 -0.0 -0.429 -0.031 -0.721 -0.0 -0.104 -0.685 0.908 0.0 -0.418 0.025 0.78 -0.0 -0.053 -0.623 -0.709 0.0 -0.28 -0.648 -0.774 0.0 -0.599 0.203 0.762 0.0 -0.273 -0.587 0.775 0.0 -0.581 0.247 
0.986 -0.154 0.002 -0.058 -0.903 -0.0 -0.429 -0.031 -0.721 -0.0 -0.104 -0.685 0.908 0.0 -0.418 0.025 0.78 0.0 -0.053 -0.623 -0.709 -0.0 -0.28 -0.648 -0.774 -0.0 -0.599 0.203 0.762 0.0 -0.273 -0.587 0.776 -0.0 -0.581 0.247 
0.986 -0.154 0.002 -0.058 -0.903 -0.0 -0.429 -0.031 -0.721 -0.0 -0.104 -0.685 0.908 0.0 -0.418 0.025 0.78 0.0 -0.053 -0.623 -0.709 0.0 -0.28 -0.648 -0.774 -0.0 -0.599 0.203 0.762 0.0 -0.273 -0.587 0.775 0.0 -0.581 0.247 
0.986 -0.154 0.002 -0.058 -0.903 -0.0 -0.429 -0.031 -0.721 -0.0 -0.104 -0.685 0.908 -0.0 -0.418 0.025 0.78 -0.0 -0.054 -0.623 -0.709 0.0 -0.28 -0.648 -0.774 -0.0 -0.599 0.203 0.762 0.0 -0.273 -0.587 0.776 0.0 -0.581 0.247 
0.986 -0.154 0.002 -0.058 -0.903 -0.0 -0.429 -0.031 -0.721 -0.0 -0.104 -0.685 0.908 0.0 -0.418 0.025 0.78 -0.0 -0.054 -0.623 -0.709 -0.0 -0.28 -0.648 -0.774 -0.0 -0.599 0.203 0.762 0.0 -0.273 -0.587 0.775 0.0 -0.581 0.247 
0.986 -0.154 0.002 -0.058 -0.903 -0.0 -0.429 -0.031 -0.721 -0.0 -0.104 -0.685 0.908 0.0 -0.418 0.025 0.78 0.0 -0.054 -0.623 -0.709 0.0 -0.279 -0.648 -0.774 0.0 -0.599 0.203 0.762 -0.0 -0.273 -0.587 0.775 0.0 -0.581 0.247 
0.986 -0.154 0.002 -0.058 -0.903 -0.0 -0.429 -0.031 -0.721 -0.0 -0.104 -0.685 0.908 0.0 -0.418 0.025 0.78 0.0 -0.054 -0.623 -0.709 -0.0 -0.279 -0.648 -0.774 -0.0 -0.599 0.203 0.762 0.0 -0.273 -0.587 0.775 0.0 -0.581 0.247 
0.986 -0.154 0.002 -0.058 -0.903 0.0 -0.429 -0.031 -0.721 -0.0 -0.104 -0.685 0.908 0.0 -0.417 0.025 0.78 0.0 -0.055 -0.623 -0.709 -0.0 -0.279 -0.648 -0.774 -0.0 -0.599 0.203 0.762 0.0 -0.273 -0.587 0.775 0.0 -0.581 0.247 
0.986 -0.154 0.002 -0.058 -0.903 -0.0 -0.429 -0.031 -0.721 0.0 -0.104 -0.685 0.908 0.0 -0.418 0.025 0.781 -0.0 -0.055 -0.623 -0.709 -0.0 -0.279 -0.648 -0.774 -0.0 -0.599 0.203 0.762 0.0 -0.273 -0.587 0.775 0.0 -0.581 0.247 
0.986 -0.154 0.002 -0.058 -0.903 0.0 -0.428 -0.031 -0.721 -0.0 -0.104 -0.685 0.908 0.0 -0.417 0.025 0.78 0.0 -0.055 -0.623 -0.709 -0.0 -0.279 -0.648 -0.774 -0.0 -0.599 0.203 0.762 0.0 -0.273 -0.587 0.775 0.0 -0.581 0.246 
0.986 -0.154 0.002 -0.058 -0.903 0.0 -0.429 -0.031 -0.721 -0.0 -0.104 -0.685 0.908 -0.0 -0.417 0.025 0.78 0.0 -0.055 -0.623 -0.709 -0.0 -0.279 -0.648 -0.774 0.0 -0.599 0.203 0.762 0.0 -0.273 -0.587 0.775 -0.0 -0.581 0.247 
0.986 -0.154 0.002 -0.058 -0.903 -0.0 -0.429 -0.031 -0.721 0.0 -0.104 -0.685 0.909 -0.0 -0.417 0.024 0.781 0.0 -0.055 -0.623 -0.709 0.0 -0.279 -0.648 -0.774 -0.0 -0.599 0.203 0.762 0.0 -0.273 -0.587 0.776 0.0 -0.581 0.247 
0.986 -0.154 0.002 -0.058 -0.903 0.0 -0.429 -0.031 -0.721 -0.0 -0.104 -0.685 0.909 0.0 -0.417 0.024 0.781 -0.0 -0.055 -0.623 -0.709 0.0 -0.279 -0.648 -0.774 -0.0 -0.6 0.203 0.762 -0.0 -0.273 -0.587 0.775 0.0 -0.581 0.246 
0.986 -0.154 0.002 -0.058 -0.903 -0.0 -0.429 -0.031 -0.721 -0.0 -0.104 -0.685 0.909 0.0 -0.417 0.025 0.781 -0.0 -0.055 -0.623 -0.709 -0.0 -0.279 -0.648 -0.774 -0.0 -0.6 0.203 0.762 -0.0 -0.273 -0.587 0.775 0.0 -0.581 0.246 
0.986 -0.154 0.002 -0.058 -0.903 -0.0 -0.429 -0.031 -0.721 -0.0 -0.104 -0.685 0.909 0.0 -0.417 0.025 0.781 0.0 -0.056 -0.623 -0.709 -0.0 -0.279 -0.648 -0.774 -0.0 -0.599 0.203 0.762 0.0 -0.273 -0.587 0.776 -0.0 -0.581 0.246 
0.986 -0.154 0.002 -0.058 -0.903 -0.0 -0.429 -0.031 -0.721 -0.0 -0.104 -0.685 0.909 0.0 -0.417 0.025 0.781 0.0 -0.056 -0.622 -0.709 0.0 -0.279 -0.648 -0.774 -0.0 -0.6 0.203 0.762 0.0 -0.273 -0.587 0.775 0.0 -0.581 0.246 
0.986 -0.153 0.002 -0.058 -0.903 -0.0 -0.429 -0.031 -0.721 -0.0 -0.104 -0.685 0.909 -0.0 -0.417 0.025 0.781 0.0 -0.056 -0.622 -0.709 -0.0 -0.279 -0.648 -0.774 -0.0 -0.6 0.203 0.762 0.0 -0.273 -0.587 0.775 0.0 -0.581 0.246 
0.986 -0.153 0.002 -0.058 -0.903 -0.0 -0.429 -0.031 -0.721 -0.0 -0.104 -0.685 0.909 0.0 -0.417 0.025 0.781 0.0 -0.056 -0.622 -0.709 0.0 -0.279 -0.648 -0.774 -0.0 -0.6 0.203 0.762 -0.0 -0.273 -0.587 0.775 0.0 -0.581 0.246 
0.986 -0.153 0.002 -0.058 -0.903 -0.0 -0.429 -0.031 -0.721 -0.0 -0.104 -0.685 0.909 0.0 -0.417 0.025 0.781 0.0 -0.056 -0.622 -0.709 -0.0 -0.279 -0.648 -0.774 -0.0 -0.6 0.203 0.762 0.0 -0.273 -0.587 0.775 0.0 -0.582 0.246 
0.986 -0.153 0.002 -0.058 -0.903 0.0 -0.429 -0.03 -0.721 -0.0 -0.105 -0.685 0.909 0.0 -0.417 0.025 0.781 0.0 -0.055 -0.622 -0.709 -0.0 -0.279 -0.648 -0.774 -0.0 -0.6 0.203 0.762 0.0 -0.273 -0.587 0.775 0.0 -0.581 0.246 
0.986 -0.153 0.002 -0.058 -0.903 -0.0 -0.429 -0.031 -0.721 -0.0 -0.104 -0.685 0.909 -0.0 -0.417 0.025 0.781 -0.0 -0.055 -0.622 -0.709 -0.0 -0.279 -0.648 -0.774 0.0 -0.599 0.203 0.762 0.0 -0.273 -0.587 0.776 0.0 -0.581 0.246 
0.986 -0.153 0.002 -0.058 -0.903 -0.0 -0.429 -0.031 -0.721 0.0 -0.105 -0.685 0.909 0.0 -0.417 0.025 0.781 -0.0 -0.056 -0.622 -0.709 -0.0 -0.279 -0.648 -0.774 -0.0 -0.6 0.203 0.762 0.0 -0.273 -0.587 0.776 -0.0 -0.581 0.246 
0.986 -0.153 0.002 -0.058 -0.903 -0.0 -0.429 -0.031 -0.721 -0.0 -0.105 -0.685 0.909 0.0 -0.417 0.025 0.781 0.0 -0.055 -0.622 -0.709 -0.0 -0.279 -0.648 -0.774 -0.0 -0.6 0.202 0.762 0.0 -0.273 -0.587 0.775 0.0 -0.582 0.246 
0.986 -0.153 0.002 -0.058 -0.903 -0.0 -0.429 -0.031 -0.721 -0.0 -0.105 -0.685 0.909 0.0 -0.417 0.025 0.781 -0.0 -0.055 -0.622 -0.709 -0.0 -0.279 -0.648 -0.774 -0.0 -0.6 0.203 0.762 0.0 -0.273 -0.587 0.776 0.0 -0.581 0.246 
0.986 -0.153 0.002 -0.058 -0.903 -0.0 -0.429 -0.031 -0.721 -0.0 -0.105 -0.685 0.909 0.0 -0.417 0.025 0.781 0.0 -0.055 -0.622 -0.709 -0.0 -0.279 -0.648 -0.774 -0.0 -0.6 0.203 0.762 0.0 -0.273 -0.587 0.776 0.0 -0.581 0.246 
0.986 -0.153 0.002 -0.058 -0.903 0.0 -0.429 -0.031 -0.721 -0.0 -0.105 -0.685 0.909 -0.0 -0.417 0.025 0.781 0.0 -0.055 -0.622 -0.709 0.0 -0.279 -0.648 -0.774 0.0 -0.6 0.202 0.762 -0.0 -0.273 -0.587 0.775 0.0 -0.581 0.246 
0.986 -0.153 0.002 -0.058 -0.903 -0.0 -0.429 -0.031 -0.721 -0.0 -0.105 -0.685 0.909 0.0 -0.417 0.025 0.781 0.0 -0.055 -0.622 -0.709 -0.0 -0.279 -0.648 -0.774 -0.0 -0.6 0.203 0.762 0.0 -0.273 -0.587 0.775 0.0 -0.581 0.246 
0.986 -0.153 0.002 -0.058 -0.903 -0.0 -0.429 -0.031 -0.721 0.0 -0.105 -0.685 0.909 0.0 -0.417 0.024 0.781 0.0 -0.055 -0.622 -0.709 -0.0 -0.279 -0.648 -0.774 -0.0 -0.6 0.202 0.762 0.0 -0.273 -0.587 0.775 0.0 -0.581 0.246 
0.986 -0.153 0.002 -0.058 -0.903 -0.0 -0.429 -0.031 -0.721 0.0 -0.105 -0.685 0.909 0.0 -0.417 0.025 0.781 0.0 -0.055 -0.622 -0.709 -0.0 -0.279 -0.648 -0.774 -0.0 -0.6 0.203 0.762 -0.0 -0.273 -0.587 0.775 0.0 -0.581 0.246 
0.986 -0.153 0.002 -0.058 -0.903 -0.0 -0.429 -0.031 -0.721 0.0 -0.105 -0.685 0.909 0.0 -0.416 0.024 0.781 -0.0 -0.055 -0.622 -0.709 -0.0 -0.279 -0.648 -0.774 -0.0 -0.6 0.202 0.762 0.0 -0.273 -0.587 0.775 0.0 -0.582 0.246 
0.986 -0.153 0.002 -0.058 -0.903 -0.0 -0.429 -0.031 -0.721 -0.0 -0.106 -0.685 0.909 0.0 -0.417 0.025 0.781 0.0 -0.055 -0.623 -0.709 0.0 -0.279 -0.648 -0.774 -0.0 -0.6 0.203 0.762 -0.0 -0.273 -0.587 0.775 -0.0 -0.582 0.246 
0.986 -0.153 0.002 -0.058 -0.903 -0.0 -0.429 -0.031 -0.721 0.0 -0.105 -0.685 0.909 0.0 -0.416 0.024 0.781 0.0 -0.055 -0.622 -0.709 -0.0 -0.279 -0.648 -0.774 -0.0 -0.6 0.203 0.762 0.0 -0.273 -0.587 0.775 0.0 -0.582 0.246 
0.986 -0.153 0.002 -0.058 -0.903 -0.0 -0.429 -0.031 -0.721 -0.0 -0.105 -0.685 0.909 0.0 -0.416 0.025 0.781 0.0 -0.055 -0.622 -0.709 -0.0 -0.279 -0.648 -0.774 -0.0 -0.6 0.203 0.762 0.0 -0.273 -0.587 0.775 0.0 -0.581 0.246 
0.986 -0.153 0.002 -0.058 -0.903 -0.0 -0.429 -0.031 -0.721 -0.0 -0.105 -0.685 0.909 0.0 -0.416 0.024 0.781 -0.0 -0.055 -0.622 -0.709 -0.0 -0.279 -0.648 -0.774 -0.0 -0.6 0.203 0.762 0.0 -0.273 -0.587 0.775 0.0 -0.581 0.246 
0.986 -0.153 0.002 -0.058 -0.903 -0.0 -0.429 -0.031 -0.721 -0.0 -0.105 -0.685 0.909 0.0 -0.416 0.024 0.781 0.0 -0.055 -0.622 -0.709 -0.0 -0.279 -0.648 -0.774 -0.0 -0.6 0.202 0.762 0.0 -0.273 -0.587 0.776 0.0 -0.581 0.246 
0.986 -0.153 0.002 -0.058 -0.903 0.0 -0.429 -0.031 -0.721 0.0 -0.106 -0.685 0.909 0.0 -0.416 0.024 0.781 0.0 -0.054 -0.622 -0.709 -0.0 -0.279 -0.648 -0.774 -0.0 -0.6 0.202 0.762 -0.0 -0.273 -0.587 0.775 0.0 -0.581 0.246 
0.986 -0.153 0.002 -0.058 -0.903 -0.0 -0.428 -0.031 -0.721 -0.0 -0.105 -0.685 0.909 0.0 -0.416 0.024 0.781 0.0 -0.054 -0.622 -0.709 -0.0 -0.278 -0.648 -0.774 0.0 -0.6 0.202 0.762 0.0 -0.272 -0.587 0.775 -0.0 -0.582 0.246 
0.986 -0.153 0.002 -0.058 -0.903 -0.0 -0.429 -0.031 -0.721 -0.0 -0.106 -0.685 0.909 -0.0 -0.416 0.024 0.781 0.0 -0.054 -0.622 -0.709 -0.0 -0.279 -0.648 -0.774 0.0 -0.6 0.202 0.762 0.0 -0.272 -0.587 0.775 0.0 -0.582 0.246 
0.986 -0.153 0.002 -0.058 -0.903 -0.0 -0.429 -0.031 -0.721 0.0 -0.105 -0.685 0.909 0.0 -0.416 0.024 0.781 0.0 -0.054 -0.622 -0.709 -0.0 -0.279 -0.648 -0.774 -0.0 -0.6 0.202 0.762 0.0 -0.273 -0.587 0.775 -0.0 -0.582 0.246 
0.986 -0.153 0.002 -0.058 -0.903 -0.0 -0.429 -0.031 -0.721 -0.0 -0.105 -0.685 0.909 0.0 -0.416 0.024 0.781 -0.0 -0.054 -0.622 -0.709 -0.0 -0.278 -0.648 -0.774 -0.0 -0.6 0.202 0.762 -0.0 -0.272 -0.587 0.775 0.0 -0.582 0.246 
0.987 -0.153 0.002 -0.058 -0.903 0.0 -0.429 -0.032 -0.721 -0.0 -0.105 -0.685 0.909 0.0 -0.416 0.025 0.781 0.0 -0.054 -0.623 -0.709 -0.0 -0.278 -0.648 -0.774 -0.0 -0.6 0.202 0.762 0.0 -0.272 -0.587 0.775 -0.0 -0.582 0.246 
0.987 -0.153 0.002 -0.058 -0.903 -0.0 -0.429 -0.031 -0.72 -0.0 -0.105 -0.685 0.909 0.0 -0.416 0.024 0.781 -0.0 -0.054 -0.622 -0.709 -0.0 -0.278 -0.648 -0.774 -0.0 -0.6 0.202 0.762 -0.0 -0.272 -0.587 0.775 0.0 -0.582 0.246 
0.987 -0.153 0.002 -0.058 -0.903 -0.0 -0.429 -0.032 -0.721 -0.0 -0.105 -0.685 0.909 0.0 -0.416 0.024 0.781 0.0 -0.054 -0.622 -0.709 -0.0 -0.278 -0.648 -0.774 0.0 -0.6 0.202 0.762 0.0 -0.272 -0.587 0.775 -0.0 -0.582 0.246 
0.987 -0.153 0.002 -0.058 -0.903 0.0 -0.428 -0.032 -0.721 -0.0 -0.105 -0.685 0.909 0.0 -0.416 0.024 0.781 0.0 -0.054 -0.622 -0.709 -0.0 -0.278 -0.648 -0.774 -0.0 -0.6 0.202 0.762 0.0 -0.272 -0.587 0.775 -0.0 -0.582 0.246 
0.987 -0.153 0.002 -0.058 -0.903 -0.0 -0.428 -0.032 -0.721 -0.0 -0.105 -0.685 0.909 0.0 -0.416 0.024 0.781 0.0 -0.054 -0.622 -0.709 -0.0 -0.278 -0.648 -0.774 -0.0 -0.6 0.202 0.762 0.0 -0.273 -0.587 0.776 -0.0 -0.581 0.246 
0.986 -0.153 0.002 -0.058 -0.903 -0.0 -0.428 -0.032 -0.721 -0.0 -0.105 -0.685 0.909 0.0 -0.416 0.024 0.781 -0.0 -0.054 -0.623 -0.709 -0.0 -0.278 -0.648 -0.774 -0.0 -0.6 0.202 0.762 0.0 -0.272 -0.587 0.775 -0.0 -0.582 0.246 
0.987 -0.153 0.002 -0.058 -0.903 0.0 -0.428 -0.032 -0.721 0.0 -0.105 -0.685 0.909 0.0 -0.416 0.024 0.781 0.0 -0.054 -0.623 -0.709 -0.0 -0.278 -0.648 -0.774 -0.0 -0.6 0.202 0.762 0.0 -0.272 -0.587 0.775 -0.0 -0.582 0.246 
0.987 -0.153 0.002 -0.058 -0.903 -0.0 -0.428 -0.032 -0.721 -0.0 -0.105 -0.685 0.909 0.0 -0.417 0.024 0.781 -0.0 -0.053 -0.622 -0.709 -0.0 -0.278 -0.648 -0.774 -0.0 -0.6 0.202 0.762 -0.0 -0.272 -0.587 0.775 0.0 -0.582 0.246 
0.986 -0.153 0.002 -0.058 -0.903 -0.0 -0.428 -0.032 -0.721 -0.0 -0.105 -0.685 0.909 0.0 -0.417 0.024 0.781 0.0 -0.054 -0.622 -0.709 -0.0 -0.278 -0.648 -0.774 -0.0 -0.6 0.202 0.762 -0.0 -0.272 -0.587 0.775 0.0 -0.582 0.246 
0.987 -0.153 0.002 -0.058 -0.903 -0.0 -0.428 -0.032 -0.721 0.0 -0.105 -0.685 0.909 0.0 -0.417 0.024 0.781 0.0 -0.053 -0.622 -0.709 0.0 -0.278 -0.648 -0.774 -0.0 -0.6 0.202 0.762 -0.0 -0.272 -0.587 0.775 -0.0 -0.582 0.246 
0.987 -0.153 0.002 -0.058 -0.903 0.0 -0.428 -0.032 -0.721 -0.0 -0.105 -0.685 0.909 0.0 -0.416 0.024 0.781 -0.0 -0.053 -0.622 -0.709 -0.0 -0.278 -0.648 -0.774 -0.0 -0.6 0.202 0.762 0.0 -0.272 -0.588 0.775 0.0 -0.582 0.246 
0.987 -0.153 0.002 -0.058 -0.903 -0.0 -0.428 -0.032 -0.721 -0.0 -0.105 -0.685 0.909 0.0 -0.417 0.024 0.781 0.0 -0.053 -0.623 -0.709 0.0 -0.278 -0.648 -0.774 -0.0 -0.6 0.202 0.762 0.0 -0.272 -0.587 0.775 -0.0 -0.582 0.246 
0.987 -0.153 0.002 -0.058 -0.903 -0.0 -0.428 -0.032 -0.721 -0.0 -0.105 -0.685 0.909 0.0 -0.417 0.024 0.781 0.0 -0.053 -0.622 -0.709 -0.0 -0.278 -0.648 -0.774 -0.0 -0.6 0.202 0.762 0.0 -0.272 -0.587 0.775 -0.0 -0.582 0.246 
0.987 -0.153 0.002 -0.058 -0.903 -0.0 -0.428 -0.032 -0.721 -0.0 -0.105 -0.685 0.909 0.0 -0.417 0.024 0.781 0.0 -0.053 -0.622 -0.709 -0.0 -0.278 -0.648 -0.774 -0.0 -0.6 0.202 0.762 0.0 -0.272 -0.587 0.775 0.0 -0.582 0.246 
0.987 -0.153 0.002 -0.058 -0.903 0.0 -0.428 -0.032 -0.721 -0.0 -0.105 -0.685 0.909 0.0 -0.417 0.024 0.781 0.0 -0.053 -0.622 -0.709 0.0 -0.278 -0.648 -0.774 -0.0 -0.6 0.202 0.762 0.0 -0.272 -0.587 0.775 0.0 -0.582 0.246 
0.986 -0.153 0.002 -0.058 -0.903 -0.0 -0.428 -0.032 -0.721 -0.0 -0.105 -0.685 0.909 0.0 -0.417 0.024 0.781 -0.0 -0.053 -0.622 -0.709 -0.0 -0.278 -0.648 -0.774 -0.0 -0.6 0.202 0.762 0.0 -0.273 -0.587 0.775 0.0 -0.582 0.246 
0.986 -0.153 0.002 -0.058 -0.903 -0.0 -0.428 -0.032 -0.721 -0.0 -0.105 -0.685 0.909 0.0 -0.417 0.024 0.781 0.0 -0.053 -0.622 -0.709 0.0 -0.278 -0.648 -0.774 -0.0 -0.6 0.202 0.762 0.0 -0.273 -0.587 0.775 -0.0 -0.582 0.246 
0.987 -0.153 0.002 -0.058 -0.903 -0.0 -0.428 -0.032 -0.721 0.0 -0.105 -0.685 0.909 0.0 -0.417 0.024 0.781 0.0 -0.053 -0.623 -0.709 -0.0 -0.278 -0.648 -0.774 -0.0 -0.6 0.202 0.762 0.0 -0.272 -0.587 0.775 0.0 -0.582 0.246 
0.987 -0.153 0.002 -0.058 -0.903 -0.0 -0.428 -0.032 -0.721 -0.0 -0.105 -0.685 0.909 -0.0 -0.417 0.024 0.781 0.0 -0.053 -0.623 -0.709 -0.0 -0.278 -0.648 -0.774 -0.0 -0.6 0.202 0.762 0.0 -0.272 -0.588 0.775 0.0 -0.582 0.246 
0.987 -0.153 0.002 -0.058 -0.903 -0.0 -0.428 -0.032 -0.721 -0.0 -0.104 -0.685 0.909 0.0 -0.417 0.024 0.781 0.0 -0.053 -0.623 -0.709 -0.0 -0.278 -0.648 -0.774 -0.0 -0.6 0.202 0.762 0.0 -0.273 -0.587 0.776 -0.0 -0.581 0.246 
0.986 -0.153 0.002 -0.058 -0.903 -0.0 -0.429 -0.032 -0.721 -0.0 -0.104 -0.685 0.909 -0.0 -0.417 0.024 0.781 0.0 -0.053 -0.623 -0.709 0.0 -0.278 -0.648 -0.774 -0.0 -0.6 0.202 0.762 0.0 -0.272 -0.587 0.775 0.0 -0.582 0.246 
0.986 -0.153 0.002 -0.058 -0.903 -0.0 -0.429 -0.032 -0.721 0.0 -0.104 -0.685 0.909 0.0 -0.417 0.024 0.781 -0.0 -0.053 -0.623 -0.709 0.0 -0.278 -0.648 -0.774 -0.0 -0.6 0.202 0.762 0.0 -0.273 -0.587 0.776 0.0 -0.581 0.246 
0.986 -0.153 0.002 -0.058 -0.903 -0.0 -0.429 -0.032 -0.721 0.0 -0.104 -0.685 0.909 0.0 -0.417 0.024 0.781 0.0 -0.053 -0.623 -0.709 -0.0 -0.278 -0.648 -0.774 0.0 -0.6 0.202 0.762 0.0 -0.273 -0.587 0.776 0.0 -0.581 0.246 
0.986 -0.153 0.002 -0.058 -0.903 0.0 -0.429 -0.032 -0.721 -0.0 -0.104 -0.685 0.908 0.0 -0.417 0.024 0.781 0.0 -0.053 -0.623 -0.709 -0.0 -0.279 -0.648 -0.774 -0.0 -0.6 0.202 0.762 0.0 -0.273 -0.587 0.775 0.0 -0.582 0.246 
0.986 -0.153 0.002 -0.058 -0.903 0.0 -0.429 -0.032 -0.721 -0.0 -0.104 -0.685 0.908 -0.0 -0.417 0.024 0.781 0.0 -0.052 -0.623 -0.709 -0.0 -0.278 -0.648 -0.774 -0.0 -0.6 0.202 0.762 -0.0 -0.272 -0.588 0.775 0.0 -0.582 0.246 
0.986 -0.153 0.002 -0.058 -0.903 0.0 -0.429 -0.032 -0.721 -0.0 -0.104 -0.685 0.908 0.0 -0.417 0.024 0.781 -0.0 -0.052 -0.623 -0.709 -0.0 -0.279 -0.648 -0.774 -0.0 -0.6 0.202 0.762 0.0 -0.273 -0.587 0.776 0.0 -0.581 0.246 
0.986 -0.153 0.002 -0.058 -0.903 0.0 -0.429 -0.032 -0.721 -0.0 -0.104 -0.685 0.908 0.0 -0.417 0.024 0.781 -0.0 -0.052 -0.623 -0.709 -0.0 -0.279 -0.648 -0.774 -0.0 -0.6 0.202 0.762 0.0 -0.272 -0.587 0.775 0.0 -0.582 0.246 
0.986 -0.153 0.002 -0.058 -0.903 -0.0 -0.429 -0.032 -0.721 0.0 -0.104 -0.685 0.908 0.0 -0.417 0.024 0.781 0.0 -0.052 -0.623 -0.709 0.0 -0.279 -0.648 -0.774 -0.0 -0.6 0.202 0.762 0.0 -0.273 -0.587 0.775 0.0 -0.582 0.246 
0.986 -0.153 0.002 -0.058 -0.903 -0.0 -0.429 -0.032 -0.721 -0.0 -0.104 -0.685 0.908 0.0 -0.417 0.024 0.781 0.0 -0.052 -0.623 -0.709 -0.0 -0.279 -0.648 -0.774 -0.0 -0.6 0.202 0.762 0.0 -0.273 -0.587 0.775 0.0 -0.582 0.246 
0.986 -0.153 0.002 -0.058 -0.903 -0.0 -0.429 -0.032 -0.721 -0.0 -0.104 -0.685 0.908 0.0 -0.417 0.024 0.781 -0.0 -0.052 -0.623 -0.709 -0.0 -0.279 -0.648 -0.774 -0.0 -0.6 0.202 0.762 0.0 -0.273 -0.587 0.775 0.0 -0.582 0.246 
0.986 -0.153 0.002 -0.058 -0.903 -0.0 -0.429 -0.032 -0.721 -0.0 -0.103 -0.685 0.908 0.0 -0.418 0.024 0.781 0.0 -0.052 -0.623 -0.709 0.0 -0.279 -0.648 -0.774 -0.0 -0.6 0.202 0.762 0.0 -0.273 -0.587 0.775 0.0 -0.582 0.246 
0.986 -0.153 0.002 -0.058 -0.903 -0.0 -0.429 -0.032 -0.721 -0.0 -0.103 -0.685 0.908 -0.0 -0.417 0.024 0.781 0.0 -0.052 -0.623 -0.709 0.0 -0.279 -0.648 -0.774 0.0 -0.6 0.202 0.762 0.0 -0.273 -0.587 0.776 -0.0 -0.581 0.246 
0.986 -0.153 0.002 -0.058 -0.903 -0.0 -0.429 -0.032 -0.721 -0.0 -0.103 -0.686 0.908 0.0 -0.418 0.024 0.781 0.0 -0.052 -0.623 -0.709 -0.0 -0.278 -0.648 -0.774 -0.0 -0.6 0.202 0.762 0.0 -0.273 -0.587 0.775 0.0 -0.582 0.246 
0.986 -0.153 0.002 -0.058 -0.903 0.0 -0.429 -0.031 -0.721 -0.0 -0.103 -0.686 0.908 0.0 -0.418 0.024 0.781 0.0 -0.052 -0.622 -0.709 -0.0 -0.279 -0.648 -0.774 -0.0 -0.6 0.202 0.762 -0.0 -0.273 -0.587 0.776 0.0 -0.581 0.246 
0.986 -0.153 0.002 -0.058 -0.903 -0.0 -0.429 -0.031 -0.721 -0.0 -0.103 -0.686 0.908 0.0 -0.418 0.024 0.781 0.0 -0.052 -0.622 -0.709 -0.0 -0.279 -0.648 -0.774 0.0 -0.6 0.202 0.762 0.0 -0.273 -0.587 0.775 0.0 -0.582 0.246 
0.986 -0.153 0.002 -0.058 -0.903 -0.0 -0.429 -0.031 -0.721 -0.0 -0.103 -0.686 0.908 0.0 -0.418 0.024 0.781 0.0 -0.052 -0.623 -0.709 -0.0 -0.279 -0.648 -0.774 -0.0 -0.6 0.202 0.762 0.0 -0.273 -0.587 0.775 0.0 -0.582 0.246 
0.986 -0.153 0.002 -0.058 -0.903 0.0 -0.429 -0.031 -0.721 -0.0 -0.103 -0.686 0.908 0.0 -0.418 0.025 0.781 -0.0 -0.052 -0.623 -0.709 -0.0 -0.279 -0.648 -0.774 -0.0 -0.6 0.202 0.762 0.0 -0.273 -0.587 0.775 0.0 -0.582 0.246 
0.986 -0.153 0.002 -0.058 -0.903 -0.0 -0.429 -0.031 -0.721 -0.0 -0.103 -0.686 0.908 0.0 -0.418 0.025 0.781 0.0 -0.052 -0.623 -0.709 -0.0 -0.279 -0.648 -0.774 -0.0 -0.6 0.202 0.762 0.0 -0.273 -0.587 0.775 0.0 -0.582 0.246 
0.986 -0.153 0.002 -0.058 -0.903 -0.0 -0.429 -0.031 -0.721 -0.0 -0.103 -0.686 0.908 0.0 -0.418 0.025 0.781 0.0 -0.052 -0.623 -0.709 -0.0 -0.279 -0.648 -0.774 0.0 -0.6 0.202 0.762 0.0 -0.272 -0.587 0.775 -0.0 -0.582 0.246 
0.986 -0.153 0.002 -0.058 -0.903 -0.0 -0.429 -0.031 -0.721 -0.0 -0.103 -0.686 0.908 0.0 -0.418 0.024 0.781 -0.0 -0.052 -0.622 -0.709 0.0 -0.279 -0.648 -0.774 0.0 -0.6 0.202 0.762 -0.0 -0.272 -0.587 0.775 0.0 -0.582 0.246 
0.986 -0.153 0.002 -0.058 -0.903 -0.0 -0.429 -0.031 -0.721 -0.0 -0.103 -0.686 0.908 0.0 -0.418 0.024 0.781 0.0 -0.052 -0.623 -0.709 -0.0 -0.279 -0.648 -0.774 -0.0 -0.6 0.202 0.762 0.0 -0.273 -0.587 0.775 0.0 -0.582 0.246 
0.986 -0.153 0.002 -0.058 -0.903 -0.0 -0.43 -0.031 -0.721 -0.0 -0.103 -0.686 0.908 0.0 -0.418 0.024 0.781 0.0 -0.052 -0.623 -0.709 -0.0 -0.279 -0.648 -0.774 0.0 -0.6 0.202 0.762 0.0 -0.273 -0.587 0.775 0.0 -0.582 0.246 
0.986 -0.153 0.002 -0.058 -0.903 -0.0 -0.43 -0.03 -0.72 0.0 -0.103 -0.686 0.908 0.0 -0.418 0.024 0.781 0.0 -0.052 -0.623 -0.709 -0.0 -0.279 -0.648 -0.774 -0.0 -0.6 0.202 0.762 0.0 -0.273 -0.587 0.775 0.0 -0.582 0.246 
0.986 -0.153 0.002 -0.058 -0.902 -0.0 -0.43 -0.031 -0.721 -0.0 -0.102 -0.686 0.908 0.0 -0.418 0.024 0.781 0.0 -0.052 -0.623 -0.709 -0.0 -0.279 -0.648 -0.774 -0.0 -0.6 0.202 0.762 -0.0 -0.272 -0.587 0.775 -0.0 -0.582 0.246 
0.986 -0.153 0.002 -0.058 -0.902 -0.0 -0.43 -0.03 -0.721 -0.0 -0.102 -0.686 0.908 0.0 -0.418 0.024 0.781 0.0 -0.052 -0.623 -0.709 -0.0 -0.279 -0.648 -0.774 -0.0 -0.6 0.202 0.762 0.0 -0.272 -0.587 0.775 0.0 -0.582 0.246 
0.986 -0.153 0.002 -0.058 -0.902 -0.0 -0.43 -0.03 -0.721 -0.0 -0.102 -0.686 0.908 0.0 -0.418 0.024 0.781 0.0 -0.052 -0.622 -0.709 -0.0 -0.279 -0.648 -0.774 -0.0 -0.6 0.202 0.762 0.0 -0.272 -0.587 0.775 0.0 -0.582 0.246 
0.986 -0.153 0.002 -0.058 -0.902 0.0 -0.43 -0.03 -0.721 -0.0 -0.102 -0.686 0.908 0.0 -0.418 0.024 0.781 0.0 -0.052 -0.623 -0.709 0.0 -0.279 -0.648 -0.774 0.0 -0.6 0.202 0.762 0.0 -0.272 -0.587 0.775 0.0 -0.582 0.246 
0.986 -0.153 0.002 -0.058 -0.902 -0.0 -0.43 -0.03 -0.721 -0.0 -0.102 -0.686 0.908 0.0 -0.418 0.024 0.781 0.0 -0.052 -0.623 -0.709 0.0 -0.279 -0.648 -0.774 0.0 -0.6 0.202 0.762 0.0 -0.273 -0.587 0.775 0.0 -0.582 0.246 
0.986 -0.153 0.002 -0.058 -0.902 -0.0 -0.43 -0.03 -0.721 -0.0 -0.102 -0.686 0.908 0.0 -0.418 0.025 0.781 0.0 -0.052 -0.623 -0.709 0.0 -0.279 -0.648 -0.774 -0.0 -0.6 0.202 0.762 0.0 -0.273 -0.587 0.775 -0.0 -0.582 0.246 
0.986 -0.153 0.002 -0.058 -0.902 0.0 -0.43 -0.03 -0.721 -0.0 -0.102 -0.686 0.908 0.0 -0.418 0.025 0.781 0.0 -0.052 -0.623 -0.709 0.0 -0.279 -0.648 -0.774 -0.0 -0.6 0.202 0.762 0.0 -0.272 -0.587 0.775 0.0 -0.582 0.246 
0.986 -0.153 0.002 -0.058 -0.902 -0.0 -0.43 -0.03 -0.721 -0.0 -0.102 -0.686 0.908 0.0 -0.418 0.025 0.781 0.0 -0.053 -0.623 -0.709 -0.0 -0.279 -0.648 -0.774 -0.0 -0.6 0.202 0.762 0.0 -0.272 -0.587 0.775 0.0 -0.582 0.246 
0.986 -0.153 0.002 -0.058 -0.902 0.0 -0.431 -0.03 -0.721 -0.0 -0.102 -0.686 0.908 0.0 -0.418 0.025 0.781 0.0 -0.052 -0.623 -0.709 -0.0 -0.279 -0.648 -0.774 -0.0 -0.6 0.203 0.762 0.0 -0.273 -0.587 0.775 0.0 -0.581 0.246 
0.986 -0.153 0.002 -0.058 -0.902 0.0 -0.431 -0.029 -0.721 -0.0 -0.101 -0.686 0.908 0.0 -0.418 0.025 0.781 0.0 -0.052 -0.623 -0.709 0.0 -0.279 -0.648 -0.774 -0.0 -0.6 0.203 0.762 -0.0 -0.273 -0.587 0.776 0.0 -0.581 0.246 
0.986 -0.153 0.002 -0.058 -0.902 -0.0 -0.431 -0.029 -0.72 0.0 -0.102 -0.686 0.908 0.0 -0.418 0.025 0.781 0.0 -0.052 -0.623 -0.709 -0.0 -0.279 -0.648 -0.774 -0.0 -0.6 0.203 0.762 0.0 -0.272 -0.587 0.775 0.0 -0.582 0.246 
0.986 -0.153 0.002 -0.058 -0.902 0.0 -0.431 -0.029 -0.721 -0.0 -0.102 -0.686 0.908 -0.0 -0.418 0.025 0.781 -0.0 -0.052 -0.623 -0.709 0.0 -0.279 -0.648 -0.774 -0.0 -0.6 0.203 0.762 0.0 -0.273 -0.587 0.775 0.0 -0.582 0.246 
0.986 -0.153 0.002 -0.058 -0.902 -0.0 -0.431 -0.029 -0.721 -0.0 -0.102 -0.686 0.908 0.0 -0.418 0.025 0.781 0.0 -0.053 -0.623 -0.709 -0.0 -0.279 -0.648 -0.774 -0.0 -0.6 0.203 0.762 0.0 -0.272 -0.587 0.775 0.0 -0.582 0.246 
0.986 -0.153 0.002 -0.058 -0.902 -0.0 -0.431 -0.029 -0.721 -0.0 -0.102 -0.686 0.908 0.0 -0.419 0.025 0.781 0.0 -0.052 -0.623 -0.709 -0.0 -0.279 -0.648 -0.774 -0.0 -0.6 0.203 0.762 -0.0 -0.273 -0.587 0.776 0.0 -0.581 0.246 
0.986 -0.153 0.002 -0.058 -0.902 -0.0 -0.431 -0.029 -0.72 -0.0 -0.101 -0.686 0.908 0.0 -0.419 0.025 0.781 -0.0 -0.052 -0.623 -0.709 -0.0 -0.279 -0.648 -0.774 -0.0 -0.6 0.203 0.762 0.0 -0.272 -0.587 0.775 0.0 -0.582 0.246 
0.986 -0.153 0.002 -0.058 -0.902 -0.0 -0.431 -0.029 -0.72 0.0 -0.102 -0.686 0.908 0.0 -0.419 0.025 0.781 -0.0 -0.052 -0.623 -0.709 -0.0 -0.279 -0.648 -0.774 0.0 -0.6 0.203 0.762 0.0 -0.273 -0.587 0.775 0.0 -0.582 0.246 
0.986 -0.153 0.002 -0.058 -0.902 -0.0 -0.431 -0.029 -0.721 -0.0 -0.101 -0.686 0.908 0.0 -0.419 0.024 0.781 -0.0 -0.052 -0.622 -0.709 0.0 -0.279 -0.648 -0.774 -0.0 -0.6 0.202 0.762 -0.0 -0.272 -0.587 0.775 -0.0 -0.582 0.246 
0.986 -0.153 0.002 -0.058 -0.902 -0.0 -0.431 -0.029 -0.721 -0.0 -0.102 -0.686 0.908 0.0 -0.419 0.024 0.781 0.0 -0.052 -0.622 -0.709 -0.0 -0.279 -0.648 -0.774 -0.0 -0.6 0.203 0.762 0.0 -0.273 -0.587 0.775 0.0 -0.582 0.246 
0.986 -0.153 0.002 -0.058 -0.902 -0.0 -0.431 -0.029 -0.721 -0.0 -0.102 -0.686 0.908 -0.0 -0.419 0.025 0.781 0.0 -0.053 -0.622 -0.709 0.0 -0.279 -0.648 -0.774 -0.0 -0.6 0.203 0.762 -0.0 -0.273 -0.587 0.775 0.0 -0.582 0.246 
0.986 -0.153 0.002 -0.058 -0.902 -0.0 -0.431 -0.029 -0.721 -0.0 -0.102 -0.686 0.908 0.0 -0.419 0.024 0.781 0.0 -0.052 -0.622 -0.709 -0.0 -0.279 -0.648 -0.774 0.0 -0.6 0.203 0.762 0.0 -0.273 -0.587 0.775 0.0 -0.582 0.246 
0.986 -0.153 0.002 -0.058 -0.902 -0.0 -0.431 -0.029 -0.721 -0.0 -0.102 -0.686 0.908 0.0 -0.419 0.024 0.781 -0.0 -0.052 -0.622 -0.709 -0.0 -0.279 -0.648 -0.774 -0.0 -0.6 0.203 0.762 0.0 -0.273 -0.587 0.775 0.0 -0.582 0.246 
0.986 -0.153 0.002 -0.058 -0.902 -0.0 -0.431 -0.029 -0.721 -0.0 -0.102 -0.686 0.908 0.0 -0.419 0.024 0.781 0.0 -0.052 -0.622 -0.709 -0.0 -0.279 -0.648 -0.774 -0.0 -0.6 0.203 0.762 0.0 -0.273 -0.587 0.776 0.0 -0.581 0.246 
0.986 -0.153 0.002 -0.058 -0.902 0.0 -0.431 -0.029 -0.721 -0.0 -0.102 -0.686 0.908 -0.0 -0.419 0.024 0.781 -0.0 -0.052 -0.622 -0.709 0.0 -0.279 -0.648 -0.774 -0.0 -0.6 0.203 0.762 0.0 -0.273 -0.587 0.776 0.0 -0.581 0.246 
0.986 -0.153 0.002 -0.058 -0.902 -0.0 -0.431 -0.029 -0.721 -0.0 -0.102 -0.686 0.907 0.0 -0.419 0.025 0.781 0.0 -0.052 -0.622 -0.709 -0.0 -0.279 -0.648 -0.774 -0.0 -0.6 0.203 0.762 -0.0 -0.273 -0.587 0.775 0.0 -0.582 0.246 
0.986 -0.153 0.002 -0.058 -0.902 -0.0 -0.431 -0.029 -0.721 0.0 -0.102 -0.686 0.908 0.0 -0.419 0.024 0.781 0.0 -0.052 -0.622 -0.709 -0.0 -0.279 -0.648 -0.774 0.0 -0.6 0.203 0.762 0.0 -0.273 -0.587 0.775 0.0 -0.582 0.246 
0.986 -0.153 0.002 -0.058 -0.902 -0.0 -0.431 -0.029 -0.721 -0.0 -0.101 -0.686 0.908 0.0 -0.419 0.024 0.781 0.0 -0.052 -0.622 -0.709 -0.0 -0.279 -0.648 -0.774 0.0 -0.6 0.203 0.762 -0.0 -0.273 -0.587 0.776 0.0 -0.581 0.246 
0.986 -0.153 0.002 -0.058 -0.902 -0.0 -0.431 -0.029 -0.721 -0.0 -0.101 -0.686 0.908 0.0 -0.419 0.024 0.781 0.0 -0.053 -0.622 -0.709 -0.0 -0.279 -0.648 -0.774 -0.0 -0.6 0.203 0.762 -0.0 -0.273 -0.587 0.776 0.0 -0.581 0.246 
0.986 -0.153 0.002 -0.058 -0.902 0.0 -0.431 -0.029 -0.721 -0.0 -0.102 -0.686 0.907 0.0 -0.419 0.024 0.781 0.0 -0.052 -0.622 -0.709 -0.0 -0.279 -0.648 -0.774 -0.0 -0.6 0.203 0.762 0.0 -0.273 -0.587 0.776 0.0 -0.581 0.246 
0.986 -0.153 0.002 -0.058 -0.902 -0.0 -0.431 -0.029 -0.721 -0.0 -0.101 -0.686 0.907 0.0 -0.419 0.024 0.781 -0.0 -0.053 -0.622 -0.709 -0.0 -0.279 -0.648 -0.774 -0.0 -0.599 0.203 0.762 -0.0 -0.273 -0.587 0.775 0.0 -0.582 0.246 
0.986 -0.153 0.002 -0.058 -0.902 -0.0 -0.431 -0.029 -0.721 0.0 -0.101 -0.686 0.907 0.0 -0.419 0.024 0.781 -0.0 -0.052 -0.622 -0.709 0.0 -0.279 -0.648 -0.774 -0.0 -0.6 0.203 0.762 0.0 -0.273 -0.587 0.775 0.0 -0.582 0.246 
0.986 -0.153 0.002 -0.058 -0.902 -0.0 -0.431 -0.029 -0.721 -0.0 -0.101 -0.686 0.908 0.0 -0.419 0.024 0.781 -0.0 -0.052 -0.622 -0.709 -0.0 -0.279 -0.648 -0.774 -0.0 -0.6 0.203 0.762 0.0 -0.273 -0.587 0.775 0.0 -0.582 0.246 
0.986 -0.153 0.002 -0.058 -0.902 0.0 -0.431 -0.029 -0.721 -0.0 -0.101 -0.686 0.907 0.0 -0.419 0.025 0.781 0.0 -0.052 -0.622 -0.709 -0.0 -0.279 -0.648 -0.774 -0.0 -0.6 0.203 0.762 -0.0 -0.273 -0.587 0.776 0.0 -0.581 0.246 
0.986 -0.153 0.002 -0.058 -0.902 0.0 -0.431 -0.029 -0.721 -0.0 -0.101 -0.686 0.908 0.0 -0.419 0.024 0.781 0.0 -0.052 -0.622 -0.709 -0.0 -0.279 -0.648 -0.774 -0.0 -0.6 0.203 0.762 0.0 -0.273 -0.587 0.775 -0.0 -0.582 0.246 
0.986 -0.153 0.002 -0.058 -0.902 -0.0 -0.431 -0.029 -0.721 -0.0 -0.101 -0.686 0.908 0.0 -0.419 0.024 0.781 0.0 -0.053 -0.622 -0.709 -0.0 -0.279 -0.648 -0.774 -0.0 -0.6 0.203 0.762 0.0 -0.273 -0.587 0.775 0.0 -0.582 0.246 
0.986 -0.153 0.002 -0.058 -0.902 -0.0 -0.431 -0.029 -0.721 -0.0 -0.1 -0.686 0.908 0.0 -0.419 0.025 0.781 0.0 -0.053 -0.622 -0.709 -0.0 -0.279 -0.648 -0.774 -0.0 -0.6 0.203 0.762 0.0 -0.273 -0.587 0.775 -0.0 -0.582 0.246 
0.986 -0.153 0.002 -0.058 -0.902 -0.0 -0.431 -0.029 -0.721 -0.0 -0.1 -0.686 0.908 0.0 -0.419 0.024 0.781 -0.0 -0.053 -0.622 -0.709 -0.0 -0.279 -0.648 -0.774 -0.0 -0.6 0.203 0.762 0.0 -0.273 -0.587 0.775 0.0 -0.582 0.246 
0.986 -0.153 0.002 -0.058 -0.902 -0.0 -0.431 -0.029 -0.721 0.0 -0.1 -0.686 0.908 0.0 -0.419 0.024 0.781 0.0 -0.053 -0.622 -0.709 -0.0 -0.279 -0.648 -0.774 -0.0 -0.6 0.203 0.762 -0.0 -0.273 -0.587 0.776 -0.0 -0.581 0.246 
0.986 -0.153 0.002 -0.058 -0.902 -0.0 -0.431 -0.029 -0.721 0.0 -0.1 -0.686 0.908 0.0 -0.419 0.024 0.782 0.0 -0.053 -0.621 -0.709 -0.0 -0.279 -0.648 -0.774 -0.0 -0.6 0.203 0.762 0.0 -0.273 -0.587 0.775 0.0 -0.582 0.246 
0.986 -0.153 0.002 -0.058 -0.902 -0.0 -0.431 -0.029 -0.721 -0.0 -0.1 -0.686 0.908 0.0 -0.419 0.024 0.782 0.0 -0.053 -0.622 -0.709 0.0 -0.279 -0.648 -0.774 -0.0 -0.6 0.202 0.762 0.0 -0.273 -0.587 0.775 0.0 -0.582 0.246 
0.987 -0.153 0.002 -0.058 -0.902 0.0 -0.431 -0.028 -0.721 -0.0 -0.099 -0.686 0.908 -0.0 -0.419 0.024 0.782 0.0 -0.053 -0.621 -0.709 0.0 -0.278 -0.648 -0.774 -0.0 -0.6 0.202 0.762 0.0 -0.272 -0.588 0.775 0.0 -0.582 0.246 
0.986 -0.153 0.003 -0.058 -0.902 -0.0 -0.431 -0.029 -0.721 -0.0 -0.1 -0.686 0.908 0.0 -0.419 0.024 0.782 0.0 -0.053 -0.621 -0.709 -0.0 -0.279 -0.648 -0.774 -0.0 -0.6 0.203 0.762 0.0 -0.273 -0.587 0.776 0.0 -0.581 0.246 
0.986 -0.153 0.002 -0.058 -0.902 -0.0 -0.431 -0.028 -0.721 -0.0 -0.099 -0.686 0.908 -0.0 -0.419 0.024 0.782 0.0 -0.053 -0.621 -0.709 0.0 -0.279 -0.648 -0.774 -0.0 -0.6 0.203 0.762 0.0 -0.273 -0.587 0.775 0.0 -0.582 0.246 
0.986 -0.153 0.002 -0.058 -0.902 -0.0 -0.431 -0.029 -0.721 -0.0 -0.099 -0.686 0.908 0.0 -0.419 0.024 0.782 0.0 -0.053 -0.621 -0.709 -0.0 -0.279 -0.648 -0.774 -0.0 -0.6 0.203 0.762 -0.0 -0.273 -0.587 0.775 0.0 -0.582 0.246 
0.986 -0.153 0.002 -0.058 -0.902 -0.0 -0.432 -0.028 -0.721 -0.0 -0.099 -0.686 0.908 0.0 -0.419 0.023 0.782 -0.0 -0.054 -0.621 -0.709 -0.0 -0.279 -0.648 -0.774 0.0 -0.6 0.203 0.762 -0.0 -0.273 -0.587 0.775 0.0 -0.582 0.246 
0.986 -0.153 0.002 -0.058 -0.902 -0.0 -0.431 -0.028 -0.721 -0.0 -0.099 -0.686 0.908 0.0 -0.419 0.023 0.782 -0.0 -0.054 -0.621 -0.709 0.0 -0.279 -0.648 -0.774 -0.0 -0.6 0.203 0.762 -0.0 -0.272 -0.587 0.775 0.0 -0.582 0.246 
0.986 -0.153 0.002 -0.058 -0.902 -0.0 -0.432 -0.028 -0.721 -0.0 -0.099 -0.686 0.908 -0.0 -0.418 0.023 0.782 0.0 -0.054 -0.621 -0.709 0.0 -0.279 -0.648 -0.774 -0.0 -0.6 0.203 0.762 0.0 -0.273 -0.587 0.775 -0.0 -0.582 0.246 
0.986 -0.153 0.002 -0.058 -0.902 -0.0 -0.432 -0.028 -0.721 -0.0 -0.099 -0.686 0.908 -0.0 -0.418 0.023 0.782 0.0 -0.054 -0.621 -0.709 -0.0 -0.279 -0.648 -0.774 -0.0 -0.6 0.202 0.762 -0.0 -0.273 -0.587 0.775 0.0 -0.582 0.246 
0.986 -0.153 0.002 -0.058 -0.902 -0.0 -0.432 -0.029 -0.721 -0.0 -0.099 -0.686 0.908 0.0 -0.418 0.023 0.782 0.0 -0.054 -0.621 -0.709 -0.0 -0.279 -0.648 -0.774 -0.0 -0.6 0.203 0.762 -0.0 -0.273 -0.587 0.775 0.0 -0.582 0.246 
0.986 -0.153 0.002 -0.058 -0.902 -0.0 -0.432 -0.028 -0.721 0.0 -0.099 -0.686 0.908 0.0 -0.418 0.023 0.782 -0.0 -0.054 -0.621 -0.709 -0.0 -0.279 -0.648 -0.774 0.0 -0.6 0.203 0.762 0.0 -0.273 -0.587 0.775 0.0 -0.582 0.246 
0.986 -0.153 0.002 -0.058 -0.901 -0.0 -0.432 -0.028 -0.721 -0.0 -0.099 -0.686 0.908 0.0 -0.418 0.023 0.782 0.0 -0.054 -0.621 -0.709 -0.0 -0.279 -0.648 -0.774 -0.0 -0.6 0.203 0.762 -0.0 -0.273 -0.587 0.776 0.0 -0.581 0.246 
0.986 -0.153 0.002 -0.058 -0.901 -0.0 -0.432 -0.028 -0.721 -0.0 -0.099 -0.686 0.908 0.0 -0.418 0.023 0.782 -0.0 -0.054 -0.621 -0.709 -0.0 -0.279 -0.648 -0.774 0.0 -0.6 0.203 0.762 0.0 -0.273 -0.587 0.775 -0.0 -0.582 0.246 
0.986 -0.153 0.002 -0.058 -0.901 -0.0 -0.432 -0.028 -0.721 -0.0 -0.099 -0.686 0.908 0.0 -0.418 0.023 0.782 -0.0 -0.054 -0.621 -0.709 0.0 -0.278 -0.648 -0.774 -0.0 -0.6 0.203 0.762 0.0 -0.273 -0.587 0.775 -0.0 -0.582 0.246 
0.986 -0.153 0.002 -0.058 -0.901 -0.0 -0.432 -0.028 -0.721 -0.0 -0.099 -0.686 0.908 0.0 -0.418 0.023 0.782 0.0 -0.054 -0.621 -0.709 -0.0 -0.278 -0.648 -0.774 -0.0 -0.6 0.202 0.762 0.0 -0.273 -0.587 0.776 0.0 -0.581 0.246 
0.986 -0.153 0.002 -0.058 -0.901 -0.0 -0.433 -0.028 -0.721 -0.0 -0.098 -0.686 0.908 0.0 -0.418 0.023 0.782 0.0 -0.054 -0.621 -0.709 -0.0 -0.278 -0.648 -0.774 -0.0 -0.6 0.202 0.762 -0.0 -0.272 -0.587 0.775 -0.0 -0.582 0.246 
0.986 -0.153 0.002 -0.058 -0.901 -0.0 -0.433 -0.028 -0.721 -0.0 -0.098 -0.686 0.908 -0.0 -0.419 0.023 0.782 0.0 -0.054 -0.621 -0.709 0.0 -0.278 -0.648 -0.774 -0.0 -0.6 0.203 0.762 0.0 -0.272 -0.587 0.775 0.0 -0.582 0.246 
0.986 -0.153 0.002 -0.058 -0.901 0.0 -0.433 -0.028 -0.721 0.0 -0.098 -0.686 0.908 0.0 -0.418 0.023 0.782 0.0 -0.054 -0.621 -0.709 -0.0 -0.278 -0.648 -0.774 -0.0 -0.6 0.202 0.762 0.0 -0.272 -0.587 0.775 -0.0 -0.582 0.246 
0.986 -0.153 0.002 -0.058 -0.901 -0.0 -0.433 -0.028 -0.721 -0.0 -0.097 -0.686 0.908 0.0 -0.418 0.023 0.782 -0.0 -0.054 -0.621 -0.709 -0.0 -0.278 -0.648 -0.774 -0.0 -0.6 0.203 0.762 0.0 -0.273 -0.587 0.775 0.0 -0.582 0.246 
0.986 -0.153 0.003 -0.058 -0.901 -0.0 -0.433 -0.028 -0.721 -0.0 -0.097 -0.686 0.908 0.0 -0.418 0.023 0.782 0.0 -0.054 -0.621 -0.709 -0.0 -0.278 -0.648 -0.774 -0.0 -0.6 0.203 0.762 0.0 -0.272 -0.587 0.775 0.0 -0.582 0.246 
0.986 -0.153 0.002 -0.058 -0.901 -0.0 -0.433 -0.028 -0.721 -0.0 -0.097 -0.686 0.908 -0.0 -0.419 0.023 0.782 0.0 -0.054 -0.621 -0.709 -0.0 -0.278 -0.648 -0.774 -0.0 -0.6 0.203 0.762 -0.0 -0.273 -0.587 0.775 0.0 -0.582 0.246 
0.986 -0.153 0.002 -0.058 -0.901 -0.0 -0.433 -0.028 -0.721 0.0 -0.097 -0.686 0.908 0.0 -0.419 0.023 0.782 -0.0 -0.054 -0.621 -0.709 -0.0 -0.278 -0.648 -0.774 -0.0 -0.6 0.203 0.762 0.0 -0.272 -0.587 0.775 0.0 -0.582 0.246 
0.986 -0.153 0.002 -0.058 -0.901 -0.0 -0.434 -0.028 -0.721 -0.0 -0.097 -0.686 0.908 -0.0 -0.419 0.022 0.782 0.0 -0.054 -0.621 -0.709 -0.0 -0.278 -0.648 -0.774 -0.0 -0.6 0.202 0.762 0.0 -0.272 -0.587 0.775 0.0 -0.582 0.246 
0.986 -0.153 0.002 -0.058 -0.901 -0.0 -0.434 -0.028 -0.721 -0.0 -0.097 -0.686 0.908 0.0 -0.419 0.023 0.782 -0.0 -0.054 -0.621 -0.709 -0.0 -0.278 -0.648 -0.774 -0.0 -0.6 0.202 0.762 0.0 -0.272 -0.587 0.775 0.0 -0.582 0.246 
0.987 -0.153 0.002 -0.058 -0.901 -0.0 -0.434 -0.027 -0.721 -0.0 -0.097 -0.687 0.908 0.0 -0.418 0.022 0.782 0.0 -0.054 -0.621 -0.709 -0.0 -0.278 -0.648 -0.774 -0.0 -0.6 0.202 0.762 0.0 -0.272 -0.587 0.775 0.0 -0.582 0.246 
0.987 -0.153 0.002 -0.058 -0.901 -0.0 -0.434 -0.027 -0.72 -0.0 -0.097 -0.687 0.908 0.0 -0.419 0.023 0.782 0.0 -0.055 -0.621 -0.709 -0.0 -0.278 -0.648 -0.774 0.0 -0.6 0.202 0.762 0.0 -0.272 -0.588 0.775 0.0 -0.582 0.246 
0.986 -0.153 0.002 -0.058 -0.901 -0.0 -0.434 -0.028 -0.721 -0.0 -0.098 -0.686 0.908 0.0 -0.418 0.022 0.782 0.0 -0.054 -0.621 -0.709 -0.0 -0.279 -0.648 -0.774 -0.0 -0.6 0.202 0.762 0.0 -0.272 -0.587 0.775 -0.0 -0.582 0.246 
0.987 -0.153 0.002 -0.058 -0.901 0.0 -0.434 -0.028 -0.72 -0.0 -0.098 -0.687 0.908 0.0 -0.419 0.022 0.782 0.0 -0.054 -0.621 -0.709 -0.0 -0.278 -0.648 -0.774 -0.0 -0.6 0.202 0.762 0.0 -0.272 -0.587 0.775 0.0 -0.582 0.246 
0.987 -0.153 0.002 -0.058 -0.901 -0.0 -0.434 -0.027 -0.72 -0.0 -0.097 -0.687 0.908 0.0 -0.418 0.022 0.782 -0.0 -0.054 -0.621 -0.709 -0.0 -0.278 -0.648 -0.774 -0.0 -0.6 0.202 0.762 0.0 -0.272 -0.588 0.775 -0.0 -0.582 0.246 
0.987 -0.153 0.002 -0.058 -0.901 -0.0 -0.434 -0.027 -0.72 -0.0 -0.098 -0.687 0.908 0.0 -0.418 0.022 0.782 0.0 -0.054 -0.621 -0.709 0.0 -0.278 -0.648 -0.774 0.0 -0.6 0.202 0.762 -0.0 -0.272 -0.587 0.775 0.0 -0.582 0.246 
0.987 -0.153 0.002 -0.058 -0.901 -0.0 -0.434 -0.027 -0.72 -0.0 -0.098 -0.687 0.908 -0.0 -0.418 0.022 0.782 0.0 -0.054 -0.621 -0.709 0.0 -0.278 -0.648 -0.774 -0.0 -0.6 0.202 0.762 0.0 -0.272 -0.587 0.775 0.0 -0.582 0.245 
0.987 -0.153 0.002 -0.058 -0.9 -0.0 -0.434 -0.028 -0.721 -0.0 -0.098 -0.686 0.908 0.0 -0.418 0.023 0.782 -0.0 -0.054 -0.621 -0.709 -0.0 -0.278 -0.648 -0.774 -0.0 -0.6 0.202 0.762 0.0 -0.272 -0.587 0.775 0.0 -0.582 0.246 
0.987 -0.153 0.002 -0.058 -0.901 -0.0 -0.434 -0.028 -0.72 -0.0 -0.098 -0.686 0.908 0.0 -0.418 0.022 0.782 0.0 -0.054 -0.621 -0.709 -0.0 -0.278 -0.648 -0.774 0.0 -0.6 0.202 0.762 0.0 -0.272 -0.587 0.775 0.0 -0.582 0.245 
0.987 -0.153 0.002 -0.058 -0.901 -0.0 -0.434 -0.028 -0.721 -0.0 -0.099 -0.686 0.908 -0.0 -0.418 0.022 0.782 0.0 -0.054 -0.621 -0.709 -0.0 -0.278 -0.648 -0.774 0.0 -0.6 0.202 0.762 0.0 -0.273 -0.587 0.776 0.0 -0.581 0.246 
0.987 -0.153 0.002 -0.058 -0.901 -0.0 -0.434 -0.027 -0.72 -0.0 -0.099 -0.686 0.908 -0.0 -0.418 0.022 0.782 0.0 -0.054 -0.621 -0.709 0.0 -0.278 -0.648 -0.774 -0.0 -0.6 0.202 0.762 0.0 -0.272 -0.587 0.775 0.0 -0.582 0.245 
0.987 -0.153 0.002 -0.058 -0.901 -0.0 -0.434 -0.027 -0.72 -0.0 -0.099 -0.686 0.908 -0.0 -0.418 0.022 0.782 0.0 -0.054 -0.621 -0.709 0.0 -0.278 -0.648 -0.774 -0.0 -0.6 0.202 0.762 0.0 -0.272 -0.588 0.775 0.0 -0.582 0.245 
0.987 -0.153 0.002 -0.058 -0.901 -0.0 -0.434 -0.028 -0.721 -0.0 -0.099 -0.686 0.908 -0.0 -0.418 0.023 0.782 0.0 -0.054 -0.621 -0.709 -0.0 -0.278 -0.648 -0.774 -0.0 -0.6 0.202 0.762 0.0 -0.272 -0.587 0.775 0.0 -0.582 0.245 
0.987 -0.153 0.002 -0.058 -0.901 -0.0 -0.434 -0.027 -0.72 -0.0 -0.099 -0.686 0.908 0.0 -0.418 0.022 0.782 0.0 -0.054 -0.621 -0.709 0.0 -0.278 -0.648 -0.774 -0.0 -0.6 0.202 0.762 0.0 -0.272 -0.588 0.775 0.0 -0.582 0.245 
0.987 -0.153 0.002 -0.058 -0.901 -0.0 -0.434 -0.027 -0.72 0.0 -0.099 -0.686 0.908 0.0 -0.418 0.022 0.782 0.0 -0.054 -0.621 -0.709 -0.0 -0.278 -0.648 -0.774 -0.0 -0.6 0.202 0.762 0.0 -0.272 -0.588 0.775 0.0 -0.582 0.245 
0.987 -0.153 0.002 -0.058 -0.901 -0.0 -0.434 -0.027 -0.72 -0.0 -0.099 -0.686 0.908 0.0 -0.418 0.022 0.782 -0.0 -0.053 -0.621 -0.709 -0.0 -0.278 -0.648 -0.774 -0.0 -0.6 0.202 0.762 0.0 -0.272 -0.587 0.776 0.0 -0.582 0.245 
0.987 -0.153 0.002 -0.058 -0.901 0.0 -0.434 -0.027 -0.721 -0.0 -0.099 -0.686 0.908 -0.0 -0.418 0.022 0.782 0.0 -0.054 -0.621 -0.709 -0.0 -0.278 -0.648 -0.774 -0.0 -0.6 0.202 0.762 0.0 -0.272 -0.588 0.775 0.0 -0.582 0.245 
0.987 -0.153 0.002 -0.058 -0.901 0.0 -0.434 -0.027 -0.72 -0.0 -0.099 -0.686 0.908 0.0 -0.418 0.023 0.782 0.0 -0.054 -0.621 -0.709 -0.0 -0.278 -0.648 -0.774 0.0 -0.6 0.202 0.762 0.0 -0.272 -0.588 0.776 0.0 -0.582 0.246 
0.987 -0.153 0.002 -0.058 -0.901 -0.0 -0.434 -0.027 -0.721 -0.0 -0.099 -0.686 0.908 0.0 -0.418 0.023 0.782 0.0 -0.053 -0.621 -0.709 -0.0 -0.278 -0.648 -0.774 -0.0 -0.6 0.202 0.762 -0.0 -0.272 -0.587 0.776 0.0 -0.582 0.246 
0.987 -0.153 0.002 -0.058 -0.901 -0.0 -0.434 -0.027 -0.72 -0.0 -0.099 -0.687 0.908 0.0 -0.418 0.022 0.782 0.0 -0.053 -0.621 -0.709 -0.0 -0.278 -0.648 -0.774 -0.0 -0.6 0.202 0.762 0.0 -0.272 -0.588 0.775 -0.0 -0.582 0.245 
0.987 -0.153 0.002 -0.058 -0.901 -0.0 -0.434 -0.027 -0.72 -0.0 -0.099 -0.686 0.908 0.0 -0.418 0.023 0.782 0.0 -0.053 -0.621 -0.709 -0.0 -0.278 -0.648 -0.774 -0.0 -0.6 0.202 0.762 0.0 -0.272 -0.588 0.776 0.0 -0.582 0.245 
0.987 -0.153 0.002 -0.058 -0.901 -0.0 -0.434 -0.027 -0.72 -0.0 -0.099 -0.687 0.908 0.0 -0.418 0.023 0.782 0.0 -0.053 -0.621 -0.709 -0.0 -0.278 -0.648 -0.774 -0.0 -0.6 0.202 0.762 0.0 -0.272 -0.587 0.775 -0.0 -0.582 0.245 
0.987 -0.153 0.002 -0.058 -0.901 -0.0 -0.434 -0.027 -0.72 -0.0 -0.099 -0.686 0.908 0.0 -0.418 0.023 0.782 0.0 -0.053 -0.621 -0.709 -0.0 -0.278 -0.648 -0.774 -0.0 -0.6 0.202 0.762 0.0 -0.272 -0.587 0.776 -0.0 -0.582 0.246 
0.987 -0.153 0.002 -0.058 -0.901 -0.0 -0.434 -0.027 -0.72 0.0 -0.099 -0.687 0.908 0.0 -0.418 0.023 0.782 0.0 -0.053 -0.621 -0.709 -0.0 -0.278 -0.648 -0.774 -0.0 -0.6 0.202 0.762 0.0 -0.272 -0.588 0.775 0.0 -0.582 0.245 
0.987 -0.153 0.002 -0.058 -0.901 -0.0 -0.434 -0.027 -0.72 -0.0 -0.099 -0.687 0.908 0.0 -0.418 0.023 0.782 0.0 -0.053 -0.621 -0.709 -0.0 -0.278 -0.648 -0.774 -0.0 -0.6 0.202 0.762 0.0 -0.272 -0.588 0.775 0.0 -0.582 0.245 
0.987 -0.153 0.002 -0.058 -0.901 -0.0 -0.434 -0.027 -0.72 0.0 -0.099 -0.687 0.908 0.0 -0.418 0.024 0.782 0.0 -0.053 -0.621 -0.709 -0.0 -0.278 -0.648 -0.774 -0.0 -0.6 0.202 0.762 0.0 -0.272 -0.587 0.775 0.0 -0.582 0.245 
0.987 -0.153 0.002 -0.058 -0.901 -0.0 -0.434 -0.027 -0.72 -0.0 -0.099 -0.687 0.908 0.0 -0.418 0.024 0.782 0.0 -0.053 -0.621 -0.709 -0.0 -0.278 -0.648 -0.774 -0.0 -0.6 0.202 0.762 0.0 -0.272 -0.588 0.775 0.0 -0.582 0.245 
0.987 -0.153 0.002 -0.058 -0.901 -0.0 -0.434 -0.027 -0.72 0.0 -0.099 -0.687 0.908 0.0 -0.418 0.024 0.782 0.0 -0.053 -0.621 -0.709 -0.0 -0.278 -0.648 -0.774 -0.0 -0.6 0.202 0.762 -0.0 -0.272 -0.588 0.775 0.0 -0.582 0.245 
0.987 -0.153 0.002 -0.058 -0.901 -0.0 -0.434 -0.027 -0.72 -0.0 -0.099 -0.687 0.908 0.0 -0.418 0.024 0.782 0.0 -0.053 -0.621 -0.709 -0.0 -0.278 -0.648 -0.774 -0.0 -0.6 0.202 0.762 -0.0 -0.272 -0.588 0.775 0.0 -0.582 0.245 
0.987 -0.153 0.002 -0.058 -0.901 -0.0 -0.434 -0.027 -0.72 -0.0 -0.099 -0.687 0.908 0.0 -0.418 0.024 0.782 0.0 -0.053 -0.621 -0.709 -0.0 -0.278 -0.648 -0.774 -0.0 -0.6 0.202 0.762 0.0 -0.272 -0.588 0.775 0.0 -0.582 0.245 
0.987 -0.153 0.002 -0.058 -0.901 -0.0 -0.434 -0.026 -0.72 -0.0 -0.099 -0.687 0.908 0.0 -0.418 0.024 0.782 0.0 -0.053 -0.621 -0.709 0.0 -0.278 -0.648 -0.774 0.0 -0.6 0.202 0.762 0.0 -0.272 -0.588 0.775 -0.0 -0.582 0.245 
0.987 -0.153 0.002 -0.058 -0.901 -0.0 -0.434 -0.026 -0.72 -0.0 -0.099 -0.687 0.908 0.0 -0.418 0.024 0.782 0.0 -0.053 -0.621 -0.709 -0.0 -0.278 -0.648 -0.774 -0.0 -0.6 0.202 0.762 0.0 -0.272 -0.588 0.775 0.0 -0.582 0.245 
0.987 -0.153 0.002 -0.058 -0.901 -0.0 -0.434 -0.026 -0.72 0.0 -0.099 -0.687 0.908 0.0 -0.418 0.024 0.782 -0.0 -0.053 -0.621 -0.709 -0.0 -0.278 -0.648 -0.774 0.0 -0.6 0.202 0.762 0.0 -0.272 -0.588 0.775 0.0 -0.582 0.245 
0.987 -0.153 0.002 -0.058 -0.901 0.0 -0.434 -0.026 -0.72 0.0 -0.099 -0.687 0.908 0.0 -0.418 0.024 0.782 0.0 -0.053 -0.621 -0.709 0.0 -0.278 -0.648 -0.774 -0.0 -0.6 0.202 0.762 0.0 -0.272 -0.587 0.775 0.0 -0.582 0.245 
0.987 -0.153 0.002 -0.058 -0.901 -0.0 -0.434 -0.026 -0.72 -0.0 -0.099 -0.687 0.908 0.0 -0.418 0.024 0.782 0.0 -0.053 -0.621 -0.709 -0.0 -0.278 -0.648 -0.774 -0.0 -0.6 0.202 0.762 0.0 -0.272 -0.588 0.775 0.0 -0.582 0.246 
0.987 -0.153 0.002 -0.058 -0.901 -0.0 -0.434 -0.026 -0.72 -0.0 -0.099 -0.687 0.908 0.0 -0.418 0.024 0.782 -0.0 -0.053 -0.621 -0.709 -0.0 -0.278 -0.648 -0.774 -0.0 -0.6 0.202 0.762 0.0 -0.272 -0.588 0.776 -0.0 -0.581 0.246 
0.987 -0.153 0.002 -0.058 -0.901 -0.0 -0.434 -0.026 -0.72 -0.0 -0.099 -0.687 0.908 0.0 -0.418 0.025 0.782 0.0 -0.053 -0.621 -0.709 -0.0 -0.278 -0.648 -0.774 0.0 -0.6 0.202 0.762 0.0 -0.272 -0.588 0.775 0.0 -0.582 0.245 
0.987 -0.153 0.002 -0.058 -0.901 -0.0 -0.434 -0.026 -0.721 -0.0 -0.099 -0.686 0.908 0.0 -0.418 0.025 0.782 -0.0 -0.053 -0.621 -0.709 0.0 -0.278 -0.648 -0.774 -0.0 -0.6 0.202 0.762 0.0 -0.272 -0.587 0.775 0.0 -0.582 0.245 
0.987 -0.153 0.002 -0.058 -0.901 -0.0 -0.434 -0.026 -0.72 0.0 -0.099 -0.686 0.908 0.0 -0.418 0.025 0.782 0.0 -0.053 -0.621 -0.709 -0.0 -0.278 -0.648 -0.774 -0.0 -0.6 0.202 0.762 0.0 -0.272 -0.587 0.775 0.0 -0.582 0.245 
0.986 -0.153 0.002 -0.058 -0.901 -0.0 -0.433 -0.026 -0.72 -0.0 -0.1 -0.686 0.908 0.0 -0.418 0.025 0.782 -0.0 -0.053 -0.621 -0.709 -0.0 -0.278 -0.648 -0.774 -0.0 -0.6 0.202 0.762 0.0 -0.272 -0.587 0.775 0.0 -0.582 0.245 
0.987 -0.153 0.002 -0.058 -0.901 -0.0 -0.434 -0.026 -0.72 -0.0 -0.1 -0.687 0.908 0.0 -0.418 0.025 0.782 0.0 -0.053 -0.621 -0.709 0.0 -0.278 -0.648 -0.774 -0.0 -0.6 0.202 0.762 -0.0 -0.273 -0.587 0.776 0.0 -0.581 0.246 
0.987 -0.153 0.002 -0.058 -0.901 -0.0 -0.433 -0.026 -0.72 -0.0 -0.1 -0.687 0.908 0.0 -0.418 0.025 0.782 0.0 -0.053 -0.621 -0.709 -0.0 -0.278 -0.648 -0.774 -0.0 -0.6 0.202 0.762 -0.0 -0.273 -0.587 0.776 0.0 -0.581 0.246 
0.987 -0.153 0.002 -0.058 -0.901 -0.0 -0.434 -0.026 -0.72 -0.0 -0.099 -0.686 0.908 0.0 -0.418 0.024 0.782 0.0 -0.053 -0.621 -0.709 -0.0 -0.278 -0.648 -0.774 -0.0 -0.6 0.202 0.762 -0.0 -0.273 -0.587 0.776 0.0 -0.581 0.246 
0.987 -0.153 0.002 -0.058 -0.901 -0.0 -0.433 -0.026 -0.72 0.0 -0.099 -0.686 0.908 0.0 -0.418 0.025 0.782 -0.0 -0.053 -0.621 -0.709 -0.0 -0.278 -0.648 -0.774 -0.0 -0.6 0.202 0.762 0.0 -0.272 -0.588 0.775 0.0 -0.582 0.245 
0.987 -0.153 0.002 -0.058 -0.901 -0.0 -0.433 -0.026 -0.72 0.0 -0.099 -0.687 0.908 0.0 -0.418 0.025 0.782 0.0 -0.053 -0.621 -0.709 -0.0 -0.278 -0.648 -0.774 -0.0 -0.6 0.202 0.762 0.0 -0.272 -0.588 0.775 0.0 -0.582 0.245 
0.986 -0.153 0.002 -0.058 -0.901 -0.0 -0.433 -0.026 -0.72 -0.0 -0.099 -0.687 0.908 -0.0 -0.418 0.025 0.782 0.0 -0.053 -0.621 -0.709 -0.0 -0.278 -0.648 -0.774 -0.0 -0.6 0.202 0.762 0.0 -0.272 -0.587 0.775 -0.0 -0.582 0.245 
0.986 -0.153 0.002 -0.058 -0.901 -0.0 -0.433 -0.026 -0.72 -0.0 -0.099 -0.687 0.908 0.0 -0.418 0.025 0.782 0.0 -0.053 -0.621 -0.709 -0.0 -0.278 -0.648 -0.774 -0.0 -0.6 0.202 0.762 0.0 -0.273 -0.587 0.776 -0.0 -0.581 0.246 
0.986 -0.153 0.002 -0.058 -0.901 -0.0 -0.433 -0.026 -0.72 -0.0 -0.099 -0.687 0.908 0.0 -0.418 0.025 0.782 0.0 -0.053 -0.621 -0.709 -0.0 -0.278 -0.648 -0.774 -0.0 -0.6 0.202 0.762 -0.0 -0.272 -0.587 0.775 0.0 -0.582 0.245 
0.987 -0.153 0.002 -0.058 -0.901 -0.0 -0.433 -0.026 -0.72 -0.0 -0.099 -0.687 0.908 0.0 -0.418 0.025 0.782 0.0 -0.053 -0.622 -0.709 0.0 -0.278 -0.648 -0.774 -0.0 -0.6 0.202 0.762 0.0 -0.272 -0.587 0.775 0.0 -0.582 0.245 
0.987 -0.153 0.002 -0.058 -0.901 0.0 -0.433 -0.026 -0.72 -0.0 -0.099 -0.687 0.908 0.0 -0.418 0.025 0.782 0.0 -0.053 -0.621 -0.709 -0.0 -0.278 -0.648 -0.774 -0.0 -0.6 0.202 0.762 0.0 -0.272 -0.587 0.775 0.0 -0.582 0.246 
0.986 -0.153 0.002 -0.058 -0.901 -0.0 -0.433 -0.025 -0.72 -0.0 -0.099 -0.687 0.908 0.0 -0.418 0.025 0.782 0.0 -0.053 -0.621 -0.709 -0.0 -0.278 -0.648 -0.774 -0.0 -0.6 0.202 0.762 -0.0 -0.272 -0.587 0.775 0.0 -0.582 0.245 
0.987 -0.153 0.002 -0.058 -0.901 -0.0 -0.433 -0.026 -0.72 -0.0 -0.099 -0.687 0.908 0.0 -0.418 0.025 0.782 0.0 -0.053 -0.622 -0.709 0.0 -0.278 -0.648 -0.774 -0.0 -0.6 0.202 0.762 0.0 -0.272 -0.588 0.775 -0.0 -0.582 0.245 
0.987 -0.153 0.002 -0.058 -0.901 -0.0 -0.433 -0.025 -0.72 -0.0 -0.099 -0.687 0.908 0.0 -0.418 0.025 0.782 0.0 -0.053 -0.621 -0.709 0.0 -0.278 -0.648 -0.774 -0.0 -0.6 0.202 0.762 0.0 -0.272 -0.588 0.775 0.0 -0.582 0.245 
0.987 -0.153 0.002 -0.058 -0.901 -0.0 -0.433 -0.025 -0.72 -0.0 -0.099 -0.687 0.908 -0.0 -0.418 0.025 0.782 0.0 -0.053 -0.621 -0.709 -0.0 -0.278 -0.648 -0.774 -0.0 -0.6 0.202 0.762 0.0 -0.272 -0.588 0.776 0.0 -0.582 0.246 
0.986 -0.153 0.002 -0.058 -0.901 -0.0 -0.433 -0.025 -0.72 -0.0 -0.099 -0.687 0.908 0.0 -0.418 0.025 0.782 0.0 -0.053 -0.621 -0.709 -0.0 -0.278 -0.648 -0.774 -0.0 -0.6 0.202 0.762 0.0 -0.272 -0.588 0.776 0.0 -0.582 0.246 
0.986 -0.153 0.002 -0.058 -0.901 -0.0 -0.433 -0.025 -0.72 -0.0 -0.099 -0.687 0.908 0.0 -0.418 0.025 0.782 0.0 -0.053 -0.621 -0.709 -0.0 -0.278 -0.648 -0.774 -0.0 -0.6 0.202 0.762 0.0 -0.272 -0.587 0.775 0.0 -0.582 0.246 
0.987 -0.153 0.002 -0.058 -0.901 -0.0 -0.433 -0.025 -0.72 -0.0 -0.099 -0.687 0.908 0.0 -0.418 0.025 0.782 -0.0 -0.053 -0.621 -0.709 -0.0 -0.278 -0.648 -0.774 -0.0 -0.6 0.202 0.762 0.0 -0.272 -0.587 0.776 0.0 -0.582 0.246 
0.987 -0.153 0.002 -0.058 -0.901 -0.0 -0.433 -0.025 -0.72 -0.0 -0.099 -0.687 0.908 0.0 -0.418 0.025 0.782 0.0 -0.053 -0.622 -0.709 -0.0 -0.278 -0.648 -0.774 -0.0 -0.6 0.202 0.762 -0.0 -0.272 -0.588 0.775 0.0 -0.582 0.246 
0.986 -0.153 0.002 -0.058 -0.901 -0.0 -0.433 -0.025 -0.72 -0.0 -0.099 -0.687 0.908 0.0 -0.418 0.025 0.782 0.0 -0.053 -0.621 -0.709 -0.0 -0.278 -0.648 -0.774 -0.0 -0.6 0.202 0.762 0.0 -0.272 -0.587 0.775 0.0 -0.582 0.246 
0.987 -0.153 0.002 -0.058 -0.901 -0.0 -0.433 -0.025 -0.72 -0.0 -0.099 -0.687 0.908 0.0 -0.418 0.025 0.782 0.0 -0.053 -0.621 -0.709 -0.0 -0.278 -0.648 -0.774 -0.0 -0.6 0.202 0.762 0.0 -0.272 -0.588 0.775 0.0 -0.582 0.245 
0.987 -0.153 0.002 -0.058 -0.901 -0.0 -0.433 -0.024 -0.72 -0.0 -0.099 -0.687 0.908 -0.0 -0.417 0.025 0.782 0.0 -0.053 -0.621 -0.709 -0.0 -0.278 -0.648 -0.774 0.0 -0.6 0.202 0.762 0.0 -0.272 -0.587 0.775 0.0 -0.582 0.245 
0.986 -0.153 0.002 -0.058 -0.901 -0.0 -0.433 -0.024 -0.72 -0.0 -0.099 -0.687 0.908 0.0 -0.418 0.025 0.782 0.0 -0.053 -0.621 -0.709 -0.0 -0.278 -0.648 -0.774 -0.0 -0.6 0.202 0.762 0.0 -0.272 -0.587 0.775 0.0 -0.582 0.245 
0.986 -0.153 0.002 -0.058 -0.901 -0.0 -0.433 -0.025 -0.72 -0.0 -0.099 -0.687 0.908 0.0 -0.418 0.025 0.782 -0.0 -0.053 -0.621 -0.709 -0.0 -0.278 -0.648 -0.774 -0.0 -0.6 0.202 0.762 0.0 -0.272 -0.588 0.776 0.0 -0.582 0.246 
0.986 -0.153 0.002 -0.058 -0.901 0.0 -0.433 -0.024 -0.72 -0.0 -0.099 -0.687 0.908 0.0 -0.418 0.025 0.781 -0.0 -0.053 -0.622 -0.709 -0.0 -0.278 -0.648 -0.774 -0.0 -0.6 0.202 0.762 0.0 -0.272 -0.588 0.775 0.0 -0.582 0.245 
0.986 -0.153 0.002 -0.058 -0.901 -0.0 -0.433 -0.024 -0.72 -0.0 -0.099 -0.687 0.908 0.0 -0.418 0.025 0.781 -0.0 -0.053 -0.622 -0.709 -0.0 -0.278 -0.648 -0.774 -0.0 -0.6 0.202 0.762 -0.0 -0.272 -0.587 0.776 0.0 -0.581 0.245 
0.986 -0.153 0.002 -0.058 -0.901 -0.0 -0.433 -0.024 -0.72 -0.0 -0.099 -0.687 0.908 0.0 -0.418 0.025 0.782 0.0 -0.053 -0.622 -0.709 -0.0 -0.278 -0.648 -0.774 -0.0 -0.6 0.202 0.762 0.0 -0.273 -0.587 0.776 -0.0 -0.582 0.246 
0.986 -0.153 0.002 -0.058 -0.901 -0.0 -0.433 -0.024 -0.72 -0.0 -0.099 -0.687 0.908 0.0 -0.418 0.025 0.782 0.0 -0.053 -0.622 -0.709 -0.0 -0.278 -0.648 -0.774 -0.0 -0.6 0.202 0.762 -0.0 -0.273 -0.587 0.776 0.0 -0.582 0.246 
0.986 -0.153 0.002 -0.058 -0.901 -0.0 -0.433 -0.024 -0.72 0.0 -0.099 -0.687 0.908 -0.0 -0.417 0.025 0.782 0.0 -0.053 -0.622 -0.709 -0.0 -0.279 -0.648 -0.774 -0.0 -0.6 0.202 0.762 0.0 -0.272 -0.587 0.775 0.0 -0.582 0.245 
0.986 -0.153 0.002 -0.058 -0.901 -0.0 -0.433 -0.024 -0.72 -0.0 -0.099 -0.687 0.908 0.0 -0.418 0.025 0.782 0.0 -0.053 -0.622 -0.709 -0.0 -0.278 -0.648 -0.774 -0.0 -0.6 0.202 0.762 0.0 -0.272 -0.587 0.775 0.0 -0.582 0.245 
0.987 -0.153 0.002 -0.058 -0.901 -0.0 -0.433 -0.024 -0.72 -0.0 -0.099 -0.687 0.908 0.0 -0.417 0.025 0.781 0.0 -0.053 -0.622 -0.709 0.0 -0.278 -0.648 -0.774 -0.0 -0.6 0.202 0.762 0.0 -0.272 -0.588 0.775 0.0 -0.582 0.245 
0.986 -0.153 0.002 -0.058 -0.901 -0.0 -0.433 -0.024 -0.72 0.0 -0.099 -0.687 0.908 0.0 -0.418 0.025 0.782 0.0 -0.053 -0.621 -0.709 -0.0 -0.278 -0.648 -0.774 0.0 -0.6 0.202 0.762 -0.0 -0.272 -0.587 0.775 0.0 -0.582 0.245 
0.986 -0.153 0.002 -0.058 -0.901 -0.0 -0.433 -0.024 -0.72 -0.0 -0.099 -0.687 0.908 0.0 -0.417 0.025 0.782 0.0 -0.053 -0.621 -0.709 -0.0 -0.278 -0.648 -0.774 -0.0 -0.6 0.202 0.762 0.0 -0.272 -0.587 0.775 0.0 -0.582 0.245 
0.986 -0.153 0.002 -0.058 -0.901 -0.0 -0.433 -0.023 -0.72 -0.0 -0.099 -0.687 0.908 0.0 -0.418 0.025 0.782 0.0 -0.053 -0.621 -0.709 0.0 -0.278 -0.648 -0.774 -0.0 -0.6 0.202 0.762 0.0 -0.272 -0.587 0.775 0.0 -0.582 0.245 
0.986 -0.153 0.002 -0.058 -0.901 -0.0 -0.433 -0.023 -0.72 0.0 -0.1 -0.687 0.908 -0.0 -0.418 0.025 0.782 -0.0 -0.052 -0.621 -0.709 0.0 -0.278 -0.648 -0.774 -0.0 -0.6 0.202 0.762 0.0 -0.272 -0.587 0.775 -0.0 -0.582 0.245 
0.986 -0.153 0.002 -0.058 -0.901 -0.0 -0.433 -0.023 -0.72 0.0 -0.1 -0.686 0.908 0.0 -0.418 0.025 0.782 0.0 -0.053 -0.622 -0.709 -0.0 -0.278 -0.648 -0.774 0.0 -0.6 0.202 0.762 0.0 -0.273 -0.587 0.776 0.0 -0.582 0.246 
0.986 -0.153 0.002 -0.058 -0.901 -0.0 -0.433 -0.023 -0.72 -0.0 -0.1 -0.686 0.908 0.0 -0.418 0.025 0.782 -0.0 -0.052 -0.621 -0.709 -0.0 -0.278 -0.648 -0.774 -0.0 -0.6 0.202 0.762 0.0 -0.272 -0.588 0.775 0.0 -0.582 0.245 
0.986 -0.153 0.002 -0.058 -0.901 0.0 -0.433 -0.023 -0.72 -0.0 -0.1 -0.687 0.908 0.0 -0.418 0.025 0.782 0.0 -0.052 -0.621 -0.709 -0.0 -0.278 -0.648 -0.774 0.0 -0.6 0.202 0.762 -0.0 -0.272 -0.587 0.775 0.0 -0.582 0.246 
0.986 -0.153 0.002 -0.058 -0.901 -0.0 -0.433 -0.022 -0.72 -0.0 -0.1 -0.687 0.908 0.0 -0.418 0.026 0.782 0.0 -0.052 -0.622 -0.709 -0.0 -0.278 -0.648 -0.774 -0.0 -0.6 0.202 0.762 0.0 -0.272 -0.587 0.775 0.0 -0.582 0.246 
0.986 -0.153 0.002 -0.058 -0.901 -0.0 -0.432 -0.022 -0.72 -0.0 -0.1 -0.687 0.908 0.0 -0.418 0.026 0.782 -0.0 -0.052 -0.621 -0.709 -0.0 -0.278 -0.648 -0.774 -0.0 -0.6 0.202 0.762 0.0 -0.272 -0.587 0.775 0.0 -0.582 0.245 
0.986 -0.153 0.002 -0.058 -0.901 -0.0 -0.432 -0.023 -0.72 0.0 -0.1 -0.686 0.908 0.0 -0.419 0.026 0.782 0.0 -0.052 -0.621 -0.709 0.0 -0.278 -0.648 -0.774 -0.0 -0.6 0.203 0.762 0.0 -0.272 -0.587 0.775 0.0 -0.582 0.246 
0.986 -0.153 0.003 -0.058 -0.901 -0.0 -0.432 -0.022 -0.72 -0.0 -0.1 -0.686 0.908 0.0 -0.419 0.026 0.782 0.0 -0.052 -0.621 -0.709 -0.0 -0.279 -0.648 -0.774 -0.0 -0.6 0.203 0.762 0.0 -0.273 -0.587 0.776 0.0 -0.581 0.246 
0.986 -0.153 0.003 -0.058 -0.901 -0.0 -0.432 -0.022 -0.72 -0.0 -0.1 -0.686 0.908 0.0 -0.419 0.026 0.782 0.0 -0.052 -0.621 -0.709 -0.0 -0.279 -0.648 -0.774 -0.0 -0.6 0.203 0.762 0.0 -0.273 -0.587 0.776 -0.0 -0.581 0.246 
0.986 -0.154 0.002 -0.058 -0.901 -0.0 -0.432 -0.022 -0.72 -0.0 -0.1 -0.686 0.908 0.0 -0.419 0.026 0.782 0.0 -0.052 -0.621 -0.709 -0.0 -0.279 -0.648 -0.774 0.0 -0.6 0.203 0.762 0.0 -0.273 -0.587 0.775 0.0 -0.582 0.246 
0.986 -0.154 0.003 -0.058 -0.902 -0.0 -0.432 -0.022 -0.72 -0.0 -0.1 -0.686 0.908 0.0 -0.419 0.026 0.782 0.0 -0.053 -0.621 -0.709 -0.0 -0.279 -0.648 -0.774 -0.0 -0.6 0.203 0.762 0.0 -0.273 -0.587 0.775 0.0 -0.582 0.246 
0.986 -0.154 0.002 -0.058 -0.901 -0.0 -0.432 -0.022 -0.721 0.0 -0.1 -0.686 0.908 -0.0 -0.419 0.026 0.782 0.0 -0.053 -0.621 -0.709 -0.0 -0.279 -0.648 -0.774 -0.0 -0.6 0.203 0.762 0.0 -0.273 -0.587 0.775 0.0 -0.582 0.246 
0.986 -0.154 0.002 -0.058 -0.902 -0.0 -0.432 -0.022 -0.72 -0.0 -0.099 -0.686 0.908 0.0 -0.419 0.026 0.782 0.0 -0.053 -0.621 -0.709 0.0 -0.279 -0.648 -0.774 -0.0 -0.6 0.203 0.762 0.0 -0.273 -0.587 0.776 0.0 -0.581 0.246 
0.986 -0.154 0.002 -0.058 -0.901 -0.0 -0.432 -0.022 -0.72 -0.0 -0.099 -0.686 0.908 0.0 -0.419 0.026 0.782 -0.0 -0.053 -0.621 -0.709 -0.0 -0.279 -0.648 -0.774 -0.0 -0.6 0.203 0.762 -0.0 -0.273 -0.587 0.775 0.0 -0.582 0.246 
0.986 -0.154 0.002 -0.058 -0.902 -0.0 -0.432 -0.022 -0.721 -0.0 -0.099 -0.686 0.907 0.0 -0.419 0.026 0.782 0.0 -0.053 -0.621 -0.709 0.0 -0.279 -0.648 -0.774 -0.0 -0.6 0.203 0.762 0.0 -0.273 -0.587 0.776 -0.0 -0.581 0.246 
0.986 -0.154 0.002 -0.058 -0.901 -0.0 -0.432 -0.022 -0.72 -0.0 -0.099 -0.686 0.907 0.0 -0.419 0.026 0.782 0.0 -0.053 -0.621 -0.709 0.0 -0.279 -0.648 -0.774 -0.0 -0.6 0.203 0.762 0.0 -0.273 -0.587 0.775 -0.0 -0.582 0.246 
0.986 -0.154 0.002 -0.058 -0.902 -0.0 -0.432 -0.022 -0.72 -0.0 -0.099 -0.686 0.907 0.0 -0.42 0.027 0.782 0.0 -0.054 -0.621 -0.709 -0.0 -0.279 -0.648 -0.774 0.0 -0.6 0.203 0.762 0.0 -0.273 -0.587 0.775 -0.0 -0.582 0.246 
0.986 -0.154 0.002 -0.058 -0.902 -0.0 -0.432 -0.022 -0.72 -0.0 -0.099 -0.687 0.907 0.0 -0.42 0.027 0.782 0.0 -0.054 -0.621 -0.709 -0.0 -0.279 -0.648 -0.774 -0.0 -0.6 0.203 0.762 0.0 -0.273 -0.587 0.776 0.0 -0.581 0.246 
0.986 -0.154 0.002 -0.058 -0.902 -0.0 -0.432 -0.022 -0.72 -0.0 -0.099 -0.687 0.907 0.0 -0.42 0.027 0.782 0.0 -0.054 -0.621 -0.709 -0.0 -0.279 -0.648 -0.774 -0.0 -0.6 0.203 0.762 0.0 -0.273 -0.587 0.775 0.0 -0.582 0.246 
0.986 -0.154 0.002 -0.058 -0.902 -0.0 -0.432 -0.022 -0.72 0.0 -0.098 -0.687 0.907 0.0 -0.42 0.027 0.782 0.0 -0.054 -0.621 -0.709 -0.0 -0.279 -0.648 -0.774 -0.0 -0.6 0.203 0.762 0.0 -0.273 -0.587 0.775 0.0 -0.582 0.246 
0.986 -0.154 0.003 -0.058 -0.902 -0.0 -0.432 -0.022 -0.72 -0.0 -0.098 -0.687 0.907 0.0 -0.42 0.027 0.782 -0.0 -0.054 -0.621 -0.709 -0.0 -0.279 -0.648 -0.774 -0.0 -0.6 0.203 0.762 0.0 -0.273 -0.587 0.776 0.0 -0.581 0.246 
0.986 -0.154 0.002 -0.058 -0.902 -0.0 -0.432 -0.022 -0.72 -0.0 -0.098 -0.687 0.907 0.0 -0.42 0.027 0.782 0.0 -0.054 -0.621 -0.709 0.0 -0.279 -0.648 -0.774 0.0 -0.6 0.203 0.762 0.0 -0.273 -0.587 0.775 -0.0 -0.582 0.246 
0.986 -0.154 0.002 -0.058 -0.902 -0.0 -0.432 -0.022 -0.72 0.0 -0.098 -0.687 0.907 0.0 -0.42 0.027 0.782 0.0 -0.054 -0.621 -0.709 -0.0 -0.279 -0.648 -0.774 -0.0 -0.6 0.203 0.762 -0.0 -0.273 -0.587 0.775 0.0 -0.582 0.246 
0.986 -0.154 0.002 -0.058 -0.902 -0.0 -0.432 -0.022 -0.72 -0.0 -0.098 -0.687 0.907 0.0 -0.42 0.027 0.782 -0.0 -0.054 -0.621 -0.709 -0.0 -0.279 -0.648 -0.774 -0.0 -0.6 0.203 0.762 0.0 -0.273 -0.587 0.775 0.0 -0.582 0.246 
0.986 -0.154 0.002 -0.058 -0.902 -0.0 -0.432 -0.022 -0.72 -0.0 -0.098 -0.687 0.907 0.0 -0.42 0.027 0.782 0.0 -0.054 -0.62 -0.709 -0.0 -0.279 -0.648 -0.774 0.0 -0.6 0.203 0.762 0.0 -0.273 -0.587 0.775 -0.0 -0.582 0.246 
0.986 -0.154 0.002 -0.058 -0.902 -0.0 -0.432 -0.022 -0.72 -0.0 -0.098 -0.687 0.907 0.0 -0.42 0.027 0.783 0.0 -0.054 -0.62 -0.709 -0.0 -0.279 -0.648 -0.774 0.0 -0.6 0.203 0.762 0.0 -0.273 -0.587 0.775 0.0 -0.581 0.246 
0.986 -0.154 0.003 -0.058 -0.902 -0.0 -0.432 -0.022 -0.72 -0.0 -0.098 -0.687 0.907 0.0 -0.42 0.027 0.782 -0.0 -0.054 -0.62 -0.709 -0.0 -0.279 -0.648 -0.774 0.0 -0.6 0.203 0.762 0.0 -0.273 -0.587 0.775 0.0 -0.582 0.246 
0.986 -0.154 0.002 -0.058 -0.902 -0.0 -0.432 -0.022 -0.72 0.0 -0.097 -0.687 0.907 0.0 -0.42 0.027 0.782 0.0 -0.054 -0.62 -0.709 -0.0 -0.279 -0.648 -0.774 0.0 -0.6 0.203 0.762 0.0 -0.273 -0.587 0.775 0.0 -0.582 0.246 
0.986 -0.154 0.003 -0.058 -0.902 -0.0 -0.432 -0.022 -0.72 -0.0 -0.097 -0.687 0.907 0.0 -0.42 0.027 0.782 -0.0 -0.054 -0.62 -0.709 -0.0 -0.279 -0.648 -0.774 -0.0 -0.6 0.203 0.762 0.0 -0.273 -0.587 0.776 0.0 -0.581 0.246 
0.986 -0.154 0.003 -0.058 -0.902 -0.0 -0.432 -0.022 -0.72 -0.0 -0.097 -0.687 0.907 0.0 -0.42 0.027 0.782 -0.0 -0.054 -0.62 -0.709 0.0 -0.279 -0.648 -0.774 0.0 -0.6 0.203 0.762 0.0 -0.273 -0.587 0.776 0.0 -0.581 0.246 
0.986 -0.154 0.002 -0.058 -0.902 -0.0 -0.432 -0.022 -0.72 0.0 -0.097 -0.687 0.907 0.0 -0.42 0.027 0.782 -0.0 -0.054 -0.62 -0.709 0.0 -0.279 -0.648 -0.774 0.0 -0.6 0.203 0.762 0.0 -0.273 -0.587 0.775 0.0 -0.582 0.246 
0.986 -0.154 0.002 -0.058 -0.902 -0.0 -0.432 -0.022 -0.72 -0.0 -0.097 -0.687 0.907 -0.0 -0.42 0.027 0.782 0.0 -0.054 -0.621 -0.709 -0.0 -0.279 -0.648 -0.774 -0.0 -0.6 0.203 0.762 0.0 -0.273 -0.587 0.775 0.0 -0.582 0.246 
0.986 -0.154 0.003 -0.058 -0.902 -0.0 -0.432 -0.022 -0.72 -0.0 -0.097 -0.687 0.907 -0.0 -0.42 0.027 0.782 0.0 -0.054 -0.62 -0.709 -0.0 -0.279 -0.648 -0.774 -0.0 -0.6 0.203 0.762 -0.0 -0.273 -0.587 0.775 0.0 -0.582 0.246 
0.986 -0.154 0.003 -0.058 -0.902 -0.0 -0.432 -0.022 -0.72 0.0 -0.097 -0.687 0.907 0.0 -0.42 0.027 0.782 -0.0 -0.054 -0.62 -0.709 0.0 -0.279 -0.648 -0.774 -0.0 -0.6 0.203 0.762 0.0 -0.273 -0.587 0.775 0.0 -0.582 0.246 
0.986 -0.154 0.003 -0.058 -0.902 -0.0 -0.432 -0.022 -0.72 0.0 -0.097 -0.687 0.907 0.0 -0.42 0.027 0.782 0.0 -0.054 -0.62 -0.709 -0.0 -0.279 -0.648 -0.774 -0.0 -0.6 0.203 0.762 0.0 -0.273 -0.587 0.775 -0.0 -0.582 0.246 
0.986 -0.154 0.003 -0.058 -0.902 -0.0 -0.432 -0.022 -0.72 -0.0 -0.097 -0.687 0.907 0.0 -0.42 0.027 0.782 -0.0 -0.054 -0.621 -0.709 -0.0 -0.279 -0.648 -0.774 -0.0 -0.6 0.203 0.762 0.0 -0.273 -0.587 0.776 -0.0 -0.581 0.246 
0.986 -0.154 0.003 -0.058 -0.902 -0.0 -0.432 -0.022 -0.72 -0.0 -0.097 -0.687 0.907 0.0 -0.42 0.027 0.782 0.0 -0.053 -0.62 -0.709 0.0 -0.279 -0.648 -0.774 0.0 -0.6 0.203 0.762 -0.0 -0.273 -0.587 0.775 0.0 -0.582 0.246 
0.986 -0.154 0.003 -0.058 -0.902 -0.0 -0.432 -0.022 -0.72 -0.0 -0.097 -0.687 0.907 0.0 -0.42 0.027 0.782 -0.0 -0.053 -0.621 -0.709 -0.0 -0.279 -0.648 -0.774 -0.0 -0.6 0.203 0.762 0.0 -0.273 -0.587 0.775 0.0 -0.582 0.246 
0.986 -0.154 0.003 -0.058 -0.902 -0.0 -0.432 -0.022 -0.72 -0.0 -0.097 -0.687 0.907 0.0 -0.42 0.027 0.782 -0.0 -0.053 -0.621 -0.709 -0.0 -0.279 -0.648 -0.774 -0.0 -0.6 0.203 0.762 0.0 -0.273 -0.587 0.775 -0.0 -0.582 0.246 
0.986 -0.154 0.003 -0.058 -0.902 -0.0 -0.432 -0.022 -0.72 -0.0 -0.097 -0.687 0.907 0.0 -0.42 0.027 0.782 0.0 -0.053 -0.62 -0.709 -0.0 -0.279 -0.648 -0.774 -0.0 -0.6 0.203 0.762 0.0 -0.273 -0.587 0.775 -0.0 -0.582 0.246 
0.986 -0.154 0.003 -0.058 -0.902 -0.0 -0.432 -0.022 -0.72 -0.0 -0.097 -0.687 0.907 0.0 -0.42 0.027 0.782 0.0 -0.053 -0.62 -0.709 0.0 -0.279 -0.648 -0.774 -0.0 -0.6 0.203 0.762 0.0 -0.273 -0.587 0.775 -0.0 -0.582 0.246 
0.986 -0.154 0.003 -0.058 -0.902 -0.0 -0.432 -0.022 -0.72 -0.0 -0.097 -0.687 0.907 0.0 -0.42 0.027 0.782 -0.0 -0.054 -0.621 -0.709 -0.0 -0.279 -0.648 -0.774 -0.0 -0.6 0.203 0.762 0.0 -0.273 -0.587 0.775 0.0 -0.582 0.246 
0.986 -0.154 0.003 -0.058 -0.902 -0.0 -0.432 -0.022 -0.72 -0.0 -0.097 -0.687 0.907 -0.0 -0.42 0.027 0.782 0.0 -0.054 -0.62 -0.709 -0.0 -0.279 -0.648 -0.774 -0.0 -0.6 0.203 0.762 0.0 -0.273 -0.587 0.775 0.0 -0.582 0.246 
0.986 -0.154 0.003 -0.058 -0.901 -0.0 -0.432 -0.022 -0.72 0.0 -0.097 -0.687 0.907 0.0 -0.42 0.027 0.782 0.0 -0.054 -0.62 -0.709 -0.0 -0.279 -0.648 -0.774 0.0 -0.6 0.203 0.762 0.0 -0.273 -0.587 0.775 0.0 -0.582 0.246 
0.986 -0.153 0.003 -0.058 -0.901 0.0 -0.432 -0.022 -0.72 -0.0 -0.097 -0.687 0.907 0.0 -0.42 0.027 0.782 0.0 -0.054 -0.621 -0.709 0.0 -0.279 -0.648 -0.774 -0.0 -0.6 0.203 0.762 0.0 -0.273 -0.587 0.775 0.0 -0.582 0.246 
0.986 -0.154 0.003 -0.058 -0.902 -0.0 -0.432 -0.022 -0.72 -0.0 -0.097 -0.687 0.907 -0.0 -0.42 0.027 0.782 -0.0 -0.054 -0.621 -0.709 -0.0 -0.279 -0.648 -0.774 -0.0 -0.6 0.203 0.762 0.0 -0.273 -0.587 0.775 0.0 -0.582 0.246 
0.986 -0.153 0.003 -0.058 -0.902 -0.0 -0.432 -0.022 -0.72 -0.0 -0.097 -0.687 0.907 0.0 -0.419 0.027 0.782 0.0 -0.054 -0.621 -0.709 -0.0 -0.278 -0.648 -0.774 -0.0 -0.6 0.202 0.762 0.0 -0.273 -0.587 0.775 -0.0 -0.582 0.246 
0.986 -0.153 0.003 -0.058 -0.902 -0.0 -0.432 -0.022 -0.72 -0.0 -0.097 -0.687 0.907 -0.0 -0.419 0.027 0.782 0.0 -0.054 -0.62 -0.709 -0.0 -0.279 -0.648 -0.774 -0.0 -0.6 0.203 0.762 -0.0 -0.273 -0.587 0.775 0.0 -0.582 0.246 
0.986 -0.154 0.003 -0.058 -0.902 -0.0 -0.432 -0.022 -0.72 -0.0 -0.097 -0.687 0.907 0.0 -0.419 0.027 0.782 -0.0 -0.054 -0.621 -0.709 0.0 -0.279 -0.648 -0.774 -0.0 -0.6 0.203 0.762 0.0 -0.273 -0.587 0.775 0.0 -0.582 0.246 
0.986 -0.153 0.003 -0.058 -0.901 -0.0 -0.432 -0.022 -0.72 -0.0 -0.097 -0.687 0.907 -0.0 -0.419 0.027 0.782 0.0 -0.054 -0.621 -0.709 -0.0 -0.278 -0.648 -0.774 0.0 -0.6 0.202 0.762 0.0 -0.273 -0.587 0.775 -0.0 -0.582 0.246 
0.986 -0.153 0.003 -0.058 -0.902 -0.0 -0.432 -0.022 -0.72 -0.0 -0.097 -0.687 0.907 0.0 -0.419 0.027 0.782 0.0 -0.054 -0.621 -0.709 -0.0 -0.278 -0.648 -0.774 -0.0 -0.6 0.202 0.762 -0.0 -0.273 -0.587 0.775 0.0 -0.582 0.246 
0.986 -0.153 0.003 -0.058 -0.901 -0.0 -0.432 -0.022 -0.72 -0.0 -0.097 -0.687 0.907 0.0 -0.419 0.027 0.782 0.0 -0.054 -0.621 -0.709 0.0 -0.278 -0.648 -0.774 0.0 -0.6 0.202 0.762 0.0 -0.273 -0.587 0.775 0.0 -0.582 0.246 
0.986 -0.153 0.003 -0.058 -0.901 0.0 -0.432 -0.022 -0.72 -0.0 -0.097 -0.687 0.907 -0.0 -0.419 0.027 0.782 -0.0 -0.054 -0.621 -0.709 0.0 -0.278 -0.648 -0.774 -0.0 -0.6 0.203 0.762 0.0 -0.273 -0.587 0.775 0.0 -0.582 0.246 
0.986 -0.153 0.003 -0.058 -0.901 -0.0 -0.433 -0.021 -0.72 -0.0 -0.097 -0.688 0.907 0.0 -0.419 0.027 0.782 0.0 -0.054 -0.621 -0.709 -0.0 -0.278 -0.648 -0.774 -0.0 -0.6 0.203 0.762 0.0 -0.273 -0.587 0.775 -0.0 -0.582 0.245 
0.986 -0.153 0.003 -0.058 -0.901 -0.0 -0.433 -0.021 -0.72 0.0 -0.097 -0.687 0.907 0.0 -0.419 0.028 0.782 0.0 -0.054 -0.621 -0.709 -0.0 -0.278 -0.648 -0.774 -0.0 -0.6 0.203 0.762 0.0 -0.273 -0.587 0.776 0.0 -0.582 0.246 
0.986 -0.153 0.003 -0.058 -0.901 0.0 -0.433 -0.021 -0.72 -0.0 -0.097 -0.687 0.908 0.0 -0.419 0.028 0.782 0.0 -0.054 -0.621 -0.709 0.0 -0.278 -0.648 -0.774 -0.0 -0.6 0.202 0.762 0.0 -0.273 -0.587 0.775 0.0 -0.582 0.245 
0.986 -0.153 0.003 -0.058 -0.901 0.0 -0.433 -0.021 -0.72 -0.0 -0.097 -0.688 0.908 0.0 -0.419 0.027 0.782 0.0 -0.054 -0.621 -0.709 -0.0 -0.278 -0.648 -0.774 -0.0 -0.6 0.202 0.762 -0.0 -0.273 -0.587 0.775 0.0 -0.582 0.245 
0.986 -0.153 0.003 -0.058 -0.901 -0.0 -0.433 -0.021 -0.72 -0.0 -0.097 -0.687 0.907 0.0 -0.419 0.027 0.782 -0.0 -0.054 -0.621 -0.709 -0.0 -0.278 -0.648 -0.774 0.0 -0.6 0.202 0.762 -0.0 -0.272 -0.587 0.775 -0.0 -0.582 0.245 
0.986 -0.153 0.003 -0.058 -0.901 0.0 -0.433 -0.021 -0.719 -0.0 -0.097 -0.688 0.908 0.0 -0.419 0.027 0.782 0.0 -0.054 -0.621 -0.709 -0.0 -0.278 -0.648 -0.774 -0.0 -0.6 0.202 0.762 -0.0 -0.273 -0.587 0.776 0.0 -0.581 0.246 
0.987 -0.153 0.003 -0.058 -0.901 -0.0 -0.433 -0.021 -0.72 0.0 -0.097 -0.688 0.907 0.0 -0.419 0.028 0.782 0.0 -0.054 -0.621 -0.709 -0.0 -0.278 -0.648 -0.774 0.0 -0.6 0.202 0.762 -0.0 -0.272 -0.587 0.775 0.0 -0.582 0.245 
0.986 -0.153 0.003 -0.058 -0.901 -0.0 -0.433 -0.021 -0.72 -0.0 -0.097 -0.688 0.907 0.0 -0.419 0.028 0.782 0.0 -0.054 -0.621 -0.709 -0.0 -0.278 -0.648 -0.774 -0.0 -0.6 0.202 0.762 0.0 -0.272 -0.587 0.775 -0.0 -0.582 0.245 
0.987 -0.153 0.003 -0.058 -0.901 -0.0 -0.433 -0.021 -0.72 -0.0 -0.097 -0.687 0.907 0.0 -0.419 0.028 0.782 0.0 -0.054 -0.621 -0.709 -0.0 -0.278 -0.648 -0.774 -0.0 -0.6 0.202 0.762 0.0 -0.272 -0.588 0.775 0.0 -0.582 0.245 
0.987 -0.153 0.003 -0.058 -0.901 0.0 -0.433 -0.02 -0.72 -0.0 -0.097 -0.688 0.907 0.0 -0.419 0.028 0.782 0.0 -0.054 -0.621 -0.709 -0.0 -0.278 -0.648 -0.774 -0.0 -0.6 0.202 0.762 0.0 -0.272 -0.588 0.775 -0.0 -0.582 0.245 
0.987 -0.153 0.002 -0.058 -0.901 -0.0 -0.433 -0.02 -0.72 -0.0 -0.097 -0.687 0.908 0.0 -0.419 0.028 0.782 0.0 -0.054 -0.621 -0.709 0.0 -0.278 -0.648 -0.774 0.0 -0.6 0.202 0.762 0.0 -0.272 -0.587 0.775 -0.0 -0.582 0.245 
0.987 -0.153 0.003 -0.058 -0.901 -0.0 -0.433 -0.02 -0.72 0.0 -0.097 -0.688 0.907 -0.0 -0.419 0.029 0.781 0.0 -0.054 -0.622 -0.709 0.0 -0.278 -0.648 -0.774 -0.0 -0.6 0.202 0.762 -0.0 -0.272 -0.588 0.775 0.0 -0.582 0.245 
0.987 -0.153 0.003 -0.058 -0.901 -0.0 -0.433 -0.02 -0.72 -0.0 -0.097 -0.687 0.908 0.0 -0.419 0.029 0.782 0.0 -0.054 -0.621 -0.709 0.0 -0.278 -0.648 -0.774 -0.0 -0.6 0.202 0.762 0.0 -0.272 -0.587 0.775 0.0 -0.582 0.245 
0.987 -0.153 0.003 -0.058 -0.901 -0.0 -0.433 -0.02 -0.72 -0.0 -0.097 -0.687 0.908 0.0 -0.419 0.028 0.782 -0.0 -0.054 -0.621 -0.709 -0.0 -0.278 -0.648 -0.774 0.0 -0.6 0.202 0.762 0.0 -0.272 -0.587 0.776 0.0 -0.582 0.245 
0.987 -0.153 0.002 -0.058 -0.901 -0.0 -0.433 -0.02 -0.72 -0.0 -0.097 -0.687 0.908 0.0 -0.419 0.029 0.782 0.0 -0.055 -0.621 -0.709 -0.0 -0.278 -0.648 -0.774 -0.0 -0.6 0.202 0.762 0.0 -0.272 -0.588 0.776 -0.0 -0.582 0.245 
0.987 -0.153 0.003 -0.058 -0.901 -0.0 -0.433 -0.02 -0.72 -0.0 -0.097 -0.688 0.908 0.0 -0.419 0.028 0.782 0.0 -0.055 -0.621 -0.709 -0.0 -0.278 -0.648 -0.774 -0.0 -0.6 0.202 0.762 0.0 -0.272 -0.588 0.775 0.0 -0.582 0.245 
0.987 -0.153 0.002 -0.058 -0.901 -0.0 -0.433 -0.02 -0.72 -0.0 -0.097 -0.688 0.908 0.0 -0.419 0.028 0.782 0.0 -0.055 -0.621 -0.709 -0.0 -0.278 -0.648 -0.774 -0.0 -0.6 0.202 0.762 0.0 -0.272 -0.588 0.775 -0.0 -0.582 0.245 
0.987 -0.153 0.003 -0.058 -0.901 -0.0 -0.433 -0.02 -0.72 -0.0 -0.097 -0.687 0.908 0.0 -0.419 0.029 0.782 0.0 -0.055 -0.621 -0.709 0.0 -0.278 -0.648 -0.774 -0.0 -0.6 0.202 0.762 0.0 -0.272 -0.588 0.775 -0.0 -0.582 0.245 
0.987 -0.153 0.003 -0.058 -0.901 -0.0 -0.433 -0.02 -0.72 0.0 -0.097 -0.688 0.908 0.0 -0.419 0.029 0.782 0.0 -0.055 -0.621 -0.709 0.0 -0.278 -0.648 -0.774 -0.0 -0.6 0.202 0.762 -0.0 -0.272 -0.588 0.775 -0.0 -0.582 0.245 
0.987 -0.153 0.003 -0.058 -0.901 -0.0 -0.433 -0.02 -0.72 -0.0 -0.098 -0.687 0.908 0.0 -0.419 0.029 0.782 0.0 -0.055 -0.621 -0.709 -0.0 -0.278 -0.648 -0.774 -0.0 -0.6 0.202 0.762 0.0 -0.272 -0.587 0.775 0.0 -0.582 0.245 
0.987 -0.153 0.003 -0.058 -0.901 -0.0 -0.433 -0.02 -0.72 0.0 -0.098 -0.687 0.908 0.0 -0.419 0.029 0.781 0.0 -0.055 -0.622 -0.709 -0.0 -0.278 -0.648 -0.774 -0.0 -0.6 0.202 0.762 0.0 -0.272 -0.587 0.776 0.0 -0.582 0.245 
0.987 -0.153 0.003 -0.058 -0.901 0.0 -0.433 -0.02 -0.72 -0.0 -0.098 -0.687 0.908 0.0 -0.419 0.028 0.782 0.0 -0.055 -0.621 -0.709 -0.0 -0.278 -0.648 -0.774 -0.0 -0.6 0.202 0.762 0.0 -0.272 -0.587 0.775 -0.0 -0.582 0.245 
0.987 -0.153 0.003 -0.058 -0.901 0.0 -0.433 -0.02 -0.72 -0.0 -0.098 -0.687 0.908 -0.0 -0.419 0.029 0.782 0.0 -0.055 -0.621 -0.709 0.0 -0.278 -0.648 -0.774 -0.0 -0.6 0.202 0.762 0.0 -0.272 -0.588 0.776 0.0 -0.582 0.245 
0.987 -0.153 0.003 -0.058 -0.901 -0.0 -0.433 -0.02 -0.72 -0.0 -0.098 -0.687 0.908 0.0 -0.419 0.028 0.782 0.0 -0.055 -0.621 -0.709 -0.0 -0.278 -0.648 -0.774 0.0 -0.6 0.202 0.762 0.0 -0.272 -0.588 0.775 0.0 -0.582 0.245 
0.987 -0.153 0.003 -0.058 -0.901 0.0 -0.433 -0.02 -0.72 -0.0 -0.098 -0.687 0.908 0.0 -0.419 0.029 0.782 0.0 -0.055 -0.621 -0.709 0.0 -0.278 -0.648 -0.774 -0.0 -0.6 0.202 0.762 0.0 -0.272 -0.587 0.775 0.0 -0.582 0.245 
0.987 -0.153 0.003 -0.058 -0.901 0.0 -0.433 -0.019 -0.719 -0.0 -0.098 -0.688 0.908 0.0 -0.419 0.028 0.782 0.0 -0.055 -0.621 -0.709 -0.0 -0.278 -0.648 -0.774 0.0 -0.6 0.202 0.762 0.0 -0.272 -0.588 0.776 0.0 -0.582 0.245 
0.987 -0.153 0.003 -0.058 -0.901 -0.0 -0.433 -0.019 -0.719 -0.0 -0.098 -0.688 0.907 0.0 -0.419 0.029 0.782 0.0 -0.055 -0.621 -0.709 -0.0 -0.278 -0.648 -0.774 -0.0 -0.6 0.202 0.762 -0.0 -0.272 -0.587 0.776 0.0 -0.582 0.245 
0.987 -0.153 0.003 -0.058 -0.901 -0.0 -0.433 -0.02 -0.719 -0.0 -0.098 -0.688 0.908 0.0 -0.419 0.029 0.782 0.0 -0.055 -0.621 -0.709 -0.0 -0.278 -0.648 -0.774 -0.0 -0.6 0.202 0.762 0.0 -0.272 -0.587 0.775 0.0 -0.582 0.245 
0.987 -0.153 0.003 -0.058 -0.901 -0.0 -0.433 -0.019 -0.719 -0.0 -0.099 -0.688 0.908 0.0 -0.419 0.029 0.782 0.0 -0.055 -0.621 -0.709 -0.0 -0.278 -0.648 -0.774 -0.0 -0.6 0.202 0.762 0.0 -0.272 -0.587 0.775 0.0 -0.582 0.245 
0.987 -0.153 0.003 -0.058 -0.901 0.0 -0.433 -0.02 -0.719 0.0 -0.098 -0.688 0.908 0.0 -0.419 0.029 0.782 0.0 -0.055 -0.621 -0.709 0.0 -0.278 -0.648 -0.774 -0.0 -0.6 0.202 0.762 0.0 -0.272 -0.587 0.775 0.0 -0.582 0.245 
0.987 -0.153 0.003 -0.058 -0.901 -0.0 -0.433 -0.02 -0.72 -0.0 -0.098 -0.687 0.908 0.0 -0.419 0.029 0.782 0.0 -0.055 -0.621 -0.709 -0.0 -0.278 -0.648 -0.774 -0.0 -0.6 0.202 0.762 -0.0 -0.272 -0.587 0.776 0.0 -0.582 0.245 
0.987 -0.153 0.003 -0.058 -0.901 -0.0 -0.433 -0.019 -0.719 -0.0 -0.099 -0.688 0.908 0.0 -0.419 0.029 0.782 0.0 -0.055 -0.621 -0.709 -0.0 -0.278 -0.648 -0.774 0.0 -0.6 0.202 0.762 0.0 -0.272 -0.587 0.775 -0.0 -0.582 0.245 
0.987 -0.153 0.003 -0.058 -0.901 -0.0 -0.433 -0.019 -0.719 -0.0 -0.098 -0.688 0.907 0.0 -0.419 0.029 0.782 0.0 -0.055 -0.621 -0.709 -0.0 -0.278 -0.648 -0.774 -0.0 -0.6 0.202 0.762 0.0 -0.272 -0.588 0.776 0.0 -0.582 0.245 
0.986 -0.153 0.003 -0.058 -0.901 -0.0 -0.433 -0.019 -0.719 -0.0 -0.099 -0.688 0.908 0.0 -0.419 0.029 0.782 0.0 -0.055 -0.621 -0.709 -0.0 -0.278 -0.648 -0.774 -0.0 -0.6 0.202 0.762 0.0 -0.272 -0.587 0.775 0.0 -0.582 0.246 
0.987 -0.153 0.003 -0.058 -0.901 -0.0 -0.433 -0.019 -0.719 -0.0 -0.099 -0.688 0.908 0.0 -0.419 0.029 0.782 0.0 -0.055 -0.621 -0.709 -0.0 -0.278 -0.648 -0.774 -0.0 -0.6 0.202 0.762 0.0 -0.272 -0.587 0.776 0.0 -0.582 0.245 
0.987 -0.153 0.003 -0.058 -0.901 -0.0 -0.433 -0.019 -0.719 -0.0 -0.098 -0.688 0.907 -0.0 -0.419 0.03 0.781 -0.0 -0.055 -0.622 -0.709 0.0 -0.278 -0.648 -0.774 -0.0 -0.6 0.202 0.762 0.0 -0.272 -0.588 0.775 0.0 -0.582 0.245 
0.987 -0.153 0.003 -0.058 -0.901 -0.0 -0.433 -0.019 -0.719 -0.0 -0.098 -0.688 0.907 0.0 -0.419 0.03 0.782 -0.0 -0.055 -0.621 -0.709 -0.0 -0.278 -0.648 -0.774 -0.0 -0.6 0.202 0.762 0.0 -0.272 -0.587 0.775 0.0 -0.582 0.245 
0.987 -0.153 0.003 -0.058 -0.901 -0.0 -0.433 -0.019 -0.719 0.0 -0.098 -0.688 0.907 -0.0 -0.419 0.029 0.782 0.0 -0.055 -0.621 -0.709 0.0 -0.278 -0.648 -0.774 -0.0 -0.6 0.202 0.762 0.0 -0.272 -0.587 0.775 0.0 -0.582 0.245 
0.987 -0.153 0.003 -0.058 -0.901 -0.0 -0.433 -0.019 -0.719 0.0 -0.098 -0.688 0.907 0.0 -0.419 0.029 0.782 0.0 -0.055 -0.621 -0.709 0.0 -0.278 -0.648 -0.774 0.0 -0.6 0.202 0.762 -0.0 -0.272 -0.587 0.775 -0.0 -0.582 0.245 
0.987 -0.153 0.003 -0.058 -0.901 -0.0 -0.433 -0.019 -0.719 -0.0 -0.098 -0.688 0.908 0.0 -0.419 0.029 0.782 0.0 -0.055 -0.621 -0.709 0.0 -0.278 -0.648 -0.774 -0.0 -0.6 0.202 0.762 0.0 -0.272 -0.587 0.775 0.0 -0.582 0.245 
0.987 -0.153 0.003 -0.058 -0.901 -0.0 -0.433 -0.019 -0.719 -0.0 -0.098 -0.688 0.907 0.0 -0.419 0.03 0.782 0.0 -0.055 -0.621 -0.709 -0.0 -0.278 -0.648 -0.774 -0.0 -0.6 0.202 0.762 0.0 -0.272 -0.587 0.776 0.0 -0.582 0.245 
0.987 -0.153 0.003 -0.058 -0.901 -0.0 -0.433 -0.019 -0.719 -0.0 -0.098 -0.688 0.907 0.0 -0.419 0.029 0.782 0.0 -0.055 -0.621 -0.709 -0.0 -0.278 -0.648 -0.774 -0.0 -0.6 0.202 0.762 0.0 -0.272 -0.587 0.776 0.0 -0.582 0.245 
0.987 -0.153 0.003 -0.058 -0.901 0.0 -0.433 -0.019 -0.719 -0.0 -0.098 -0.688 0.907 0.0 -0.419 0.029 0.782 0.0 -0.055 -0.621 -0.709 -0.0 -0.278 -0.648 -0.774 0.0 -0.6 0.202 0.762 0.0 -0.272 -0.587 0.775 -0.0 -0.582 0.245 
0.987 -0.153 0.003 -0.058 -0.901 -0.0 -0.433 -0.019 -0.719 -0.0 -0.098 -0.688 0.907 0.0 -0.419 0.029 0.782 0.0 -0.055 -0.621 -0.709 -0.0 -0.278 -0.648 -0.774 -0.0 -0.6 0.202 0.762 -0.0 -0.272 -0.587 0.775 0.0 -0.582 0.245 
0.986 -0.153 0.003 -0.058 -0.901 -0.0 -0.433 -0.019 -0.719 -0.0 -0.098 -0.688 0.907 0.0 -0.419 0.029 0.782 0.0 -0.055 -0.621 -0.709 -0.0 -0.278 -0.648 -0.774 -0.0 -0.6 0.202 0.762 0.0 -0.272 -0.587 0.775 -0.0 -0.582 0.245 
0.987 -0.153 0.003 -0.058 -0.901 -0.0 -0.433 -0.019 -0.719 -0.0 -0.098 -0.688 0.907 0.0 -0.42 0.03 0.782 -0.0 -0.055 -0.621 -0.709 -0.0 -0.278 -0.648 -0.774 -0.0 -0.6 0.202 0.762 0.0 -0.272 -0.587 0.775 0.0 -0.582 0.245 
0.987 -0.153 0.003 -0.058 -0.901 -0.0 -0.433 -0.019 -0.719 -0.0 -0.098 -0.688 0.907 0.0 -0.419 0.03 0.782 0.0 -0.055 -0.621 -0.709 -0.0 -0.278 -0.648 -0.774 0.0 -0.6 0.202 0.762 0.0 -0.272 -0.587 0.775 0.0 -0.582 0.245 
0.987 -0.153 0.002 -0.058 -0.901 -0.0 -0.433 -0.019 -0.719 -0.0 -0.098 -0.688 0.907 0.0 -0.419 0.029 0.782 0.0 -0.055 -0.621 -0.709 -0.0 -0.278 -0.648 -0.774 -0.0 -0.6 0.202 0.762 0.0 -0.272 -0.587 0.775 0.0 -0.582 0.245 
0.987 -0.153 0.002 -0.058 -0.901 -0.0 -0.433 -0.019 -0.719 -0.0 -0.098 -0.688 0.907 0.0 -0.419 0.029 0.782 0.0 -0.055 -0.621 -0.709 -0.0 -0.278 -0.648 -0.774 -0.0 -0.6 0.202 0.762 0.0 -0.272 -0.588 0.775 0.0 -0.582 0.245 
0.987 -0.153 0.003 -0.058 -0.901 0.0 -0.433 -0.019 -0.719 -0.0 -0.098 -0.688 0.907 0.0 -0.419 0.029 0.782 0.0 -0.055 -0.621 -0.709 -0.0 -0.278 -0.648 -0.774 -0.0 -0.6 0.202 0.762 0.0 -0.272 -0.587 0.776 0.0 -0.582 0.245 
0.987 -0.153 0.003 -0.058 -0.901 -0.0 -0.433 -0.019 -0.719 -0.0 -0.098 -0.688 0.907 0.0 -0.42 0.029 0.782 0.0 -0.055 -0.621 -0.709 -0.0 -0.278 -0.648 -0.774 0.0 -0.6 0.202 0.762 0.0 -0.272 -0.587 0.775 0.0 -0.582 0.245 
0.987 -0.153 0.002 -0.058 -0.901 -0.0 -0.433 -0.019 -0.719 0.0 -0.098 -0.688 0.907 0.0 -0.419 0.029 0.782 0.0 -0.055 -0.621 -0.709 -0.0 -0.278 -0.648 -0.774 -0.0 -0.6 0.202 0.762 0.0 -0.272 -0.587 0.775 0.0 -0.582 0.245 
0.987 -0.153 0.002 -0.058 -0.901 -0.0 -0.433 -0.018 -0.719 -0.0 -0.098 -0.688 0.907 0.0 -0.42 0.03 0.782 0.0 -0.055 -0.621 -0.709 -0.0 -0.278 -0.648 -0.774 -0.0 -0.6 0.202 0.762 0.0 -0.272 -0.588 0.775 0.0 -0.582 0.245 
0.987 -0.153 0.003 -0.058 -0.901 -0.0 -0.433 -0.019 -0.719 -0.0 -0.098 -0.688 0.907 0.0 -0.419 0.029 0.782 0.0 -0.055 -0.621 -0.709 -0.0 -0.278 -0.648 -0.774 0.0 -0.6 0.202 0.762 -0.0 -0.272 -0.587 0.776 0.0 -0.582 0.245 
0.987 -0.153 0.003 -0.058 -0.901 -0.0 -0.433 -0.019 -0.719 -0.0 -0.098 -0.688 0.907 0.0 -0.42 0.029 0.782 0.0 -0.055 -0.621 -0.709 -0.0 -0.278 -0.648 -0.774 -0.0 -0.6 0.202 0.762 0.0 -0.272 -0.587 0.775 0.0 -0.582 0.245 
0.987 -0.153 0.002 -0.058 -0.901 -0.0 -0.433 -0.018 -0.719 -0.0 -0.098 -0.688 0.907 -0.0 -0.419 0.029 0.782 -0.0 -0.055 -0.621 -0.709 -0.0 -0.278 -0.648 -0.774 -0.0 -0.6 0.202 0.762 0.0 -0.272 -0.588 0.775 0.0 -0.582 0.245 
0.987 -0.153 0.002 -0.058 -0.901 -0.0 -0.433 -0.018 -0.719 -0.0 -0.098 -0.688 0.907 0.0 -0.42 0.029 0.782 0.0 -0.055 -0.621 -0.709 -0.0 -0.278 -0.648 -0.774 -0.0 -0.6 0.202 0.762 -0.0 -0.272 -0.588 0.775 0.0 -0.582 0.245 
0.987 -0.153 0.002 -0.058 -0.901 -0.0 -0.433 -0.018 -0.719 -0.0 -0.098 -0.688 0.907 0.0 -0.42 0.029 0.782 0.0 -0.055 -0.621 -0.709 -0.0 -0.278 -0.648 -0.774 -0.0 -0.6 0.202 0.762 0.0 -0.272 -0.588 0.776 -0.0 -0.582 0.245 
0.987 -0.153 0.003 -0.058 -0.901 -0.0 -0.433 -0.018 -0.719 -0.0 -0.098 -0.688 0.907 0.0 -0.42 0.029 0.782 -0.0 -0.056 -0.621 -0.709 -0.0 -0.278 -0.648 -0.774 0.0 -0.6 0.202 0.762 -0.0 -0.272 -0.588 0.775 0.0 -0.582 0.245 
0.987 -0.153 0.003 -0.058 -0.901 -0.0 -0.433 -0.018 -0.719 -0.0 -0.098 -0.688 0.907 0.0 -0.42 0.03 0.782 -0.0 -0.056 -0.621 -0.709 0.0 -0.277 -0.648 -0.774 -0.0 -0.6 0.201 0.762 0.0 -0.272 -0.588 0.776 -0.0 -0.582 0.245 
0.987 -0.153 0.002 -0.058 -0.901 -0.0 -0.433 -0.018 -0.719 -0.0 -0.098 -0.688 0.907 0.0 -0.42 0.029 0.782 0.0 -0.055 -0.621 -0.709 0.0 -0.278 -0.648 -0.774 -0.0 -0.6 0.202 0.762 0.0 -0.272 -0.588 0.775 0.0 -0.582 0.245 
0.987 -0.153 0.003 -0.058 -0.901 0.0 -0.433 -0.018 -0.719 -0.0 -0.098 -0.688 0.907 -0.0 -0.42 0.029 0.782 0.0 -0.056 -0.621 -0.709 -0.0 -0.278 -0.648 -0.774 -0.0 -0.6 0.202 0.762 0.0 -0.272 -0.588 0.775 0.0 -0.582 0.245 
0.987 -0.153 0.003 -0.058 -0.901 0.0 -0.433 -0.018 -0.719 -0.0 -0.098 -0.688 0.907 -0.0 -0.42 0.029 0.782 -0.0 -0.056 -0.621 -0.709 -0.0 -0.278 -0.648 -0.774 -0.0 -0.6 0.202 0.762 0.0 -0.272 -0.588 0.775 0.0 -0.582 0.245 
0.987 -0.153 0.003 -0.058 -0.901 -0.0 -0.433 -0.018 -0.719 -0.0 -0.099 -0.688 0.907 -0.0 -0.42 0.03 0.782 0.0 -0.056 -0.621 -0.709 0.0 -0.278 -0.648 -0.774 -0.0 -0.6 0.202 0.762 0.0 -0.272 -0.587 0.776 0.0 -0.582 0.245 
0.987 -0.153 0.003 -0.058 -0.901 -0.0 -0.433 -0.018 -0.719 -0.0 -0.099 -0.688 0.907 -0.0 -0.42 0.03 0.782 0.0 -0.056 -0.621 -0.709 -0.0 -0.278 -0.648 -0.774 -0.0 -0.6 0.202 0.762 0.0 -0.272 -0.587 0.775 0.0 -0.582 0.245 
0.987 -0.153 0.003 -0.058 -0.901 -0.0 -0.433 -0.017 -0.719 -0.0 -0.099 -0.688 0.907 0.0 -0.42 0.03 0.782 0.0 -0.056 -0.621 -0.709 -0.0 -0.278 -0.648 -0.774 -0.0 -0.6 0.202 0.762 0.0 -0.272 -0.588 0.775 -0.0 -0.582 0.245 
0.987 -0.153 0.003 -0.058 -0.901 0.0 -0.433 -0.017 -0.719 -0.0 -0.099 -0.688 0.907 0.0 -0.42 0.03 0.782 -0.0 -0.056 -0.621 -0.709 -0.0 -0.277 -0.648 -0.774 -0.0 -0.6 0.202 0.762 0.0 -0.272 -0.588 0.776 -0.0 -0.582 0.245 
0.987 -0.153 0.003 -0.058 -0.901 -0.0 -0.433 -0.017 -0.719 -0.0 -0.099 -0.688 0.907 0.0 -0.42 0.029 0.782 0.0 -0.056 -0.621 -0.709 -0.0 -0.277 -0.649 -0.774 0.0 -0.6 0.202 0.762 0.0 -0.272 -0.588 0.775 0.0 -0.582 0.245 
0.987 -0.153 0.003 -0.058 -0.901 0.0 -0.433 -0.017 -0.719 -0.0 -0.099 -0.688 0.907 0.0 -0.42 0.029 0.782 0.0 -0.056 -0.621 -0.709 -0.0 -0.278 -0.648 -0.774 -0.0 -0.6 0.202 0.762 0.0 -0.272 -0.587 0.775 0.0 -0.582 0.245 
0.987 -0.153 0.003 -0.058 -0.901 -0.0 -0.433 -0.017 -0.719 -0.0 -0.099 -0.688 0.907 0.0 -0.42 0.029 0.782 0.0 -0.056 -0.621 -0.709 -0.0 -0.277 -0.648 -0.774 0.0 -0.6 0.202 0.762 0.0 -0.272 -0.588 0.776 0.0 -0.582 0.245 
0.987 -0.153 0.003 -0.058 -0.901 -0.0 -0.433 -0.017 -0.719 -0.0 -0.099 -0.688 0.907 0.0 -0.42 0.029 0.782 0.0 -0.056 -0.621 -0.709 -0.0 -0.277 -0.648 -0.774 -0.0 -0.6 0.202 0.762 -0.0 -0.272 -0.588 0.775 -0.0 -0.582 0.245 
0.987 -0.153 0.003 -0.058 -0.901 0.0 -0.433 -0.017 -0.719 -0.0 -0.099 -0.688 0.907 0.0 -0.42 0.029 0.782 -0.0 -0.056 -0.621 -0.709 -0.0 -0.277 -0.649 -0.774 -0.0 -0.6 0.201 0.762 0.0 -0.272 -0.588 0.775 0.0 -0.583 0.245 
0.987 -0.153 0.003 -0.058 -0.901 -0.0 -0.433 -0.017 -0.719 -0.0 -0.099 -0.688 0.907 0.0 -0.42 0.029 0.782 0.0 -0.056 -0.621 -0.709 -0.0 -0.277 -0.648 -0.774 -0.0 -0.6 0.201 0.762 -0.0 -0.272 -0.588 0.775 -0.0 -0.582 0.245 
0.987 -0.153 0.003 -0.058 -0.901 -0.0 -0.433 -0.017 -0.719 -0.0 -0.099 -0.688 0.907 -0.0 -0.42 0.03 0.782 -0.0 -0.056 -0.621 -0.709 -0.0 -0.278 -0.649 -0.774 -0.0 -0.6 0.202 0.762 0.0 -0.272 -0.588 0.775 0.0 -0.582 0.245 
