# T   LUA LFA RUA RFA LT  LS  RT  RS  
0.987 -0.148 0.004 -0.058 -0.9 -0.0 -0.436 -0.014 -0.717 -0.0 -0.095 -0.69 0.903 0.0 -0.429 0.031 0.78 -0.0 -0.027 -0.625 -0.709 -0.0 -0.27 -0.651 -0.773 -0.0 -0.603 0.195 0.762 -0.0 -0.266 -0.59 0.776 0.0 -0.585 0.238 
0.987 -0.148 0.003 -0.058 -0.9 -0.0 -0.436 -0.014 -0.717 -0.0 -0.095 -0.691 0.903 0.0 -0.429 0.031 0.78 0.0 -0.027 -0.625 -0.709 -0.0 -0.27 -0.651 -0.774 0.0 -0.603 0.195 0.762 0.0 -0.265 -0.59 0.775 0.0 -0.585 0.238 
0.987 -0.148 0.004 -0.058 -0.9 0.0 -0.436 -0.014 -0.717 -0.0 -0.095 -0.691 0.903 0.0 -0.429 0.031 0.78 0.0 -0.027 -0.625 -0.709 0.0 -0.27 -0.651 -0.773 -0.0 -0.603 0.195 0.762 0.0 -0.266 -0.59 0.776 0.0 -0.585 0.238 
0.987 -0.148 0.004 -0.058 -0.9 -0.0 -0.436 -0.014 -0.717 -0.0 -0.095 -0.691 0.903 0.0 -0.429 0.031 0.781 0.0 -0.027 -0.625 -0.709 -0.0 -0.27 -0.651 -0.774 -0.0 -0.603 0.195 0.762 0.0 -0.266 -0.59 0.775 0.0 -0.585 0.238 
0.987 -0.148 0.004 -0.058 -0.9 -0.0 -0.436 -0.014 -0.717 -0.0 -0.095 -0.691 0.903 0.0 -0.429 0.032 0.78 0.0 -0.027 -0.625 -0.709 0.0 -0.27 -0.651 -0.773 -0.0 -0.603 0.195 0.762 0.0 -0.266 -0.59 0.775 0.0 -0.585 0.238 
0.987 -0.148 0.004 -0.058 -0.9 -0.0 -0.436 -0.014 -0.717 -0.0 -0.094 -0.691 0.903 0.0 -0.429 0.031 0.78 0.0 -0.027 -0.625 -0.709 -0.0 -0.27 -0.651 -0.773 -0.0 -0.603 0.195 0.762 -0.0 -0.266 -0.59 0.775 0.0 -0.585 0.238 
0.987 -0.148 0.004 -0.058 -0.9 -0.0 -0.436 -0.014 -0.717 -0.0 -0.095 -0.69 0.903 0.0 -0.429 0.031 0.781 0.0 -0.027 -0.624 -0.709 -0.0 -0.27 -0.651 -0.773 -0.0 -0.603 0.195 0.762 0.0 -0.266 -0.59 0.775 -0.0 -0.585 0.238 
0.987 -0.148 0.004 -0.058 -0.9 0.0 -0.436 -0.014 -0.717 -0.0 -0.095 -0.69 0.903 0.0 -0.429 0.031 0.781 0.0 -0.027 -0.625 -0.709 -0.0 -0.27 -0.651 -0.773 -0.0 -0.603 0.195 0.762 0.0 -0.266 -0.59 0.776 0.0 -0.585 0.238 
0.987 -0.148 0.003 -0.058 -0.9 -0.0 -0.436 -0.014 -0.717 -0.0 -0.094 -0.691 0.903 0.0 -0.429 0.031 0.781 0.0 -0.027 -0.625 -0.71 -0.0 -0.27 -0.651 -0.773 -0.0 -0.603 0.194 0.762 0.0 -0.266 -0.59 0.775 0.0 -0.585 0.238 
0.987 -0.148 0.004 -0.058 -0.9 0.0 -0.436 -0.014 -0.717 -0.0 -0.094 -0.691 0.903 0.0 -0.429 0.031 0.78 -0.0 -0.027 -0.625 -0.709 -0.0 -0.27 -0.651 -0.774 -0.0 -0.603 0.194 0.762 -0.0 -0.266 -0.59 0.775 0.0 -0.585 0.238 
0.987 -0.148 0.004 -0.058 -0.9 -0.0 -0.436 -0.014 -0.717 -0.0 -0.094 -0.691 0.903 0.0 -0.429 0.031 0.78 0.0 -0.027 -0.625 -0.709 -0.0 -0.27 -0.651 -0.774 -0.0 -0.603 0.195 0.762 -0.0 -0.266 -0.59 0.775 0.0 -0.585 0.238 
0.987 -0.148 0.004 -0.058 -0.9 -0.0 -0.436 -0.014 -0.717 -0.0 -0.095 -0.691 0.903 0.0 -0.429 0.031 0.781 0.0 -0.027 -0.624 -0.709 -0.0 -0.27 -0.651 -0.773 -0.0 -0.603 0.195 0.762 0.0 -0.266 -0.59 0.775 0.0 -0.585 0.238 
0.987 -0.148 0.004 -0.058 -0.9 -0.0 -0.436 -0.014 -0.717 -0.0 -0.095 -0.691 0.903 0.0 -0.428 0.031 0.781 0.0 -0.028 -0.624 -0.709 -0.0 -0.27 -0.651 -0.774 -0.0 -0.603 0.195 0.762 0.0 -0.266 -0.59 0.775 0.0 -0.585 0.238 
0.987 -0.148 0.003 -0.058 -0.9 -0.0 -0.436 -0.014 -0.717 -0.0 -0.094 -0.691 0.903 -0.0 -0.429 0.031 0.781 -0.0 -0.027 -0.625 -0.709 0.0 -0.27 -0.651 -0.773 -0.0 -0.603 0.194 0.762 0.0 -0.266 -0.59 0.775 0.0 -0.585 0.238 
0.987 -0.148 0.004 -0.058 -0.9 -0.0 -0.436 -0.014 -0.717 -0.0 -0.094 -0.691 0.903 0.0 -0.428 0.03 0.781 0.0 -0.028 -0.624 -0.709 -0.0 -0.269 -0.651 -0.773 0.0 -0.603 0.194 0.762 -0.0 -0.266 -0.59 0.775 0.0 -0.585 0.238 
0.987 -0.148 0.004 -0.058 -0.9 -0.0 -0.436 -0.014 -0.717 -0.0 -0.094 -0.691 0.903 0.0 -0.429 0.031 0.78 0.0 -0.027 -0.625 -0.709 0.0 -0.27 -0.651 -0.774 -0.0 -0.603 0.195 0.762 0.0 -0.266 -0.59 0.776 0.0 -0.585 0.238 
0.987 -0.148 0.004 -0.058 -0.9 -0.0 -0.436 -0.014 -0.717 -0.0 -0.094 -0.691 0.903 0.0 -0.429 0.031 0.78 -0.0 -0.027 -0.625 -0.709 0.0 -0.269 -0.651 -0.774 -0.0 -0.603 0.194 0.762 0.0 -0.265 -0.591 0.775 0.0 -0.585 0.238 
0.987 -0.148 0.004 -0.058 -0.9 -0.0 -0.436 -0.014 -0.717 0.0 -0.094 -0.691 0.903 0.0 -0.429 0.031 0.781 0.0 -0.027 -0.625 -0.709 -0.0 -0.27 -0.651 -0.773 -0.0 -0.603 0.195 0.762 0.0 -0.266 -0.59 0.775 0.0 -0.585 0.238 
0.987 -0.148 0.004 -0.058 -0.9 -0.0 -0.436 -0.014 -0.717 -0.0 -0.094 -0.691 0.903 -0.0 -0.429 0.031 0.781 -0.0 -0.027 -0.625 -0.709 -0.0 -0.27 -0.651 -0.773 -0.0 -0.603 0.195 0.762 0.0 -0.266 -0.59 0.776 0.0 -0.585 0.238 
0.987 -0.148 0.004 -0.058 -0.9 -0.0 -0.436 -0.014 -0.717 0.0 -0.094 -0.691 0.903 0.0 -0.429 0.031 0.78 0.0 -0.027 -0.625 -0.71 -0.0 -0.269 -0.651 -0.774 -0.0 -0.603 0.194 0.762 0.0 -0.265 -0.591 0.775 0.0 -0.585 0.238 
0.987 -0.148 0.004 -0.058 -0.9 -0.0 -0.437 -0.014 -0.717 -0.0 -0.094 -0.691 0.903 0.0 -0.429 0.031 0.781 0.0 -0.027 -0.624 -0.709 -0.0 -0.27 -0.651 -0.774 -0.0 -0.603 0.195 0.762 -0.0 -0.266 -0.59 0.776 0.0 -0.585 0.238 
0.987 -0.148 0.004 -0.058 -0.9 -0.0 -0.437 -0.014 -0.717 -0.0 -0.093 -0.691 0.903 -0.0 -0.43 0.032 0.78 0.0 -0.027 -0.625 -0.71 -0.0 -0.269 -0.651 -0.774 -0.0 -0.603 0.194 0.762 -0.0 -0.265 -0.591 0.775 0.0 -0.585 0.238 
0.987 -0.148 0.004 -0.058 -0.9 -0.0 -0.437 -0.014 -0.717 -0.0 -0.094 -0.691 0.903 0.0 -0.43 0.032 0.78 0.0 -0.026 -0.625 -0.709 -0.0 -0.27 -0.651 -0.774 -0.0 -0.603 0.195 0.762 0.0 -0.266 -0.59 0.776 0.0 -0.585 0.238 
0.987 -0.148 0.004 -0.058 -0.9 -0.0 -0.437 -0.014 -0.717 -0.0 -0.094 -0.69 0.903 0.0 -0.429 0.031 0.781 0.0 -0.026 -0.624 -0.709 -0.0 -0.27 -0.651 -0.774 -0.0 -0.603 0.194 0.762 -0.0 -0.266 -0.59 0.776 0.0 -0.585 0.238 
0.987 -0.148 0.004 -0.058 -0.9 -0.0 -0.437 -0.015 -0.717 -0.0 -0.094 -0.69 0.903 0.0 -0.429 0.031 0.781 0.0 -0.026 -0.624 -0.709 -0.0 -0.27 -0.651 -0.774 0.0 -0.603 0.195 0.762 -0.0 -0.266 -0.59 0.775 0.0 -0.585 0.238 
0.987 -0.148 0.004 -0.058 -0.9 -0.0 -0.437 -0.014 -0.717 -0.0 -0.094 -0.69 0.902 0.0 -0.43 0.031 0.781 -0.0 -0.026 -0.624 -0.709 -0.0 -0.27 -0.651 -0.774 -0.0 -0.603 0.195 0.762 0.0 -0.266 -0.59 0.776 -0.0 -0.585 0.238 
0.987 -0.148 0.003 -0.058 -0.899 -0.0 -0.437 -0.014 -0.717 -0.0 -0.094 -0.69 0.903 0.0 -0.43 0.031 0.781 0.0 -0.026 -0.624 -0.709 0.0 -0.27 -0.651 -0.774 -0.0 -0.603 0.195 0.762 0.0 -0.266 -0.59 0.776 0.0 -0.585 0.238 
0.987 -0.148 0.003 -0.058 -0.899 -0.0 -0.437 -0.014 -0.717 -0.0 -0.094 -0.69 0.902 0.0 -0.43 0.031 0.781 -0.0 -0.026 -0.624 -0.71 -0.0 -0.27 -0.651 -0.774 -0.0 -0.603 0.194 0.762 0.0 -0.266 -0.59 0.775 0.0 -0.585 0.238 
0.987 -0.148 0.003 -0.058 -0.9 0.0 -0.437 -0.014 -0.717 -0.0 -0.094 -0.69 0.902 -0.0 -0.43 0.031 0.781 -0.0 -0.026 -0.624 -0.71 0.0 -0.269 -0.651 -0.774 -0.0 -0.603 0.194 0.762 0.0 -0.265 -0.591 0.775 0.0 -0.585 0.238 
0.987 -0.148 0.004 -0.058 -0.899 -0.0 -0.437 -0.015 -0.717 -0.0 -0.094 -0.69 0.902 0.0 -0.43 0.032 0.781 0.0 -0.027 -0.625 -0.709 -0.0 -0.27 -0.651 -0.774 -0.0 -0.603 0.195 0.762 0.0 -0.266 -0.59 0.775 0.0 -0.585 0.238 
0.987 -0.148 0.003 -0.058 -0.9 -0.0 -0.437 -0.014 -0.717 -0.0 -0.094 -0.69 0.902 0.0 -0.43 0.032 0.78 0.0 -0.027 -0.625 -0.709 -0.0 -0.27 -0.651 -0.774 -0.0 -0.603 0.194 0.762 0.0 -0.265 -0.59 0.775 0.0 -0.585 0.238 
0.987 -0.148 0.004 -0.058 -0.9 -0.0 -0.437 -0.014 -0.717 -0.0 -0.095 -0.69 0.902 -0.0 -0.43 0.031 0.781 -0.0 -0.027 -0.624 -0.709 -0.0 -0.27 -0.651 -0.774 0.0 -0.603 0.195 0.762 0.0 -0.266 -0.59 0.776 0.0 -0.585 0.238 
0.987 -0.148 0.003 -0.058 -0.899 -0.0 -0.437 -0.014 -0.717 -0.0 -0.094 -0.69 0.902 0.0 -0.43 0.032 0.781 0.0 -0.027 -0.625 -0.709 -0.0 -0.27 -0.651 -0.773 -0.0 -0.603 0.194 0.762 0.0 -0.265 -0.59 0.775 -0.0 -0.585 0.238 
0.987 -0.148 0.004 -0.058 -0.9 -0.0 -0.437 -0.014 -0.717 -0.0 -0.094 -0.69 0.902 0.0 -0.43 0.031 0.781 0.0 -0.027 -0.624 -0.71 0.0 -0.269 -0.651 -0.774 -0.0 -0.603 0.194 0.762 0.0 -0.265 -0.59 0.775 -0.0 -0.585 0.238 
0.987 -0.148 0.004 -0.058 -0.9 -0.0 -0.437 -0.015 -0.717 -0.0 -0.094 -0.69 0.902 0.0 -0.43 0.031 0.781 -0.0 -0.027 -0.624 -0.709 -0.0 -0.27 -0.651 -0.774 -0.0 -0.603 0.195 0.762 -0.0 -0.266 -0.59 0.775 0.0 -0.585 0.238 
0.987 -0.148 0.003 -0.058 -0.899 -0.0 -0.437 -0.015 -0.717 -0.0 -0.094 -0.69 0.902 0.0 -0.43 0.031 0.781 0.0 -0.027 -0.624 -0.709 -0.0 -0.27 -0.651 -0.774 0.0 -0.603 0.195 0.762 0.0 -0.266 -0.59 0.776 0.0 -0.585 0.238 
0.987 -0.148 0.004 -0.058 -0.899 -0.0 -0.437 -0.014 -0.717 0.0 -0.094 -0.69 0.902 0.0 -0.43 0.031 0.781 0.0 -0.027 -0.624 -0.709 0.0 -0.27 -0.651 -0.773 0.0 -0.603 0.195 0.762 0.0 -0.266 -0.59 0.776 0.0 -0.585 0.238 
0.987 -0.148 0.004 -0.058 -0.899 -0.0 -0.437 -0.015 -0.717 -0.0 -0.094 -0.69 0.903 -0.0 -0.429 0.031 0.781 0.0 -0.027 -0.624 -0.709 -0.0 -0.27 -0.651 -0.774 -0.0 -0.603 0.195 0.762 0.0 -0.266 -0.59 0.775 0.0 -0.585 0.238 
0.987 -0.148 0.004 -0.058 -0.899 -0.0 -0.437 -0.014 -0.717 -0.0 -0.094 -0.69 0.902 0.0 -0.43 0.031 0.781 0.0 -0.026 -0.624 -0.71 -0.0 -0.269 -0.651 -0.773 -0.0 -0.603 0.194 0.762 -0.0 -0.266 -0.591 0.775 0.0 -0.585 0.238 
0.987 -0.148 0.004 -0.058 -0.899 -0.0 -0.437 -0.014 -0.718 -0.0 -0.094 -0.69 0.902 0.0 -0.43 0.032 0.781 0.0 -0.026 -0.624 -0.709 -0.0 -0.27 -0.651 -0.774 -0.0 -0.603 0.195 0.762 -0.0 -0.266 -0.59 0.776 0.0 -0.585 0.238 
0.987 -0.148 0.004 -0.058 -0.899 -0.0 -0.437 -0.014 -0.717 0.0 -0.094 -0.69 0.902 0.0 -0.43 0.032 0.781 0.0 -0.026 -0.624 -0.709 -0.0 -0.27 -0.651 -0.774 -0.0 -0.603 0.195 0.762 -0.0 -0.266 -0.59 0.775 0.0 -0.585 0.238 
0.987 -0.148 0.004 -0.058 -0.899 -0.0 -0.437 -0.014 -0.717 -0.0 -0.094 -0.69 0.902 0.0 -0.43 0.031 0.781 0.0 -0.026 -0.624 -0.71 -0.0 -0.269 -0.651 -0.774 -0.0 -0.603 0.194 0.762 0.0 -0.265 -0.59 0.775 -0.0 -0.585 0.238 
0.987 -0.148 0.004 -0.058 -0.899 -0.0 -0.437 -0.014 -0.717 -0.0 -0.094 -0.69 0.902 0.0 -0.43 0.031 0.781 0.0 -0.026 -0.624 -0.71 -0.0 -0.269 -0.651 -0.773 -0.0 -0.603 0.194 0.762 0.0 -0.266 -0.59 0.775 0.0 -0.585 0.238 
0.987 -0.148 0.004 -0.058 -0.899 -0.0 -0.437 -0.014 -0.718 -0.0 -0.094 -0.69 0.902 0.0 -0.43 0.032 0.781 0.0 -0.026 -0.624 -0.709 -0.0 -0.269 -0.651 -0.773 -0.0 -0.603 0.194 0.762 -0.0 -0.266 -0.59 0.775 0.0 -0.585 0.238 
0.987 -0.148 0.004 -0.058 -0.899 -0.0 -0.437 -0.014 -0.717 -0.0 -0.094 -0.69 0.902 0.0 -0.431 0.032 0.781 0.0 -0.026 -0.624 -0.709 -0.0 -0.27 -0.651 -0.773 -0.0 -0.603 0.195 0.762 0.0 -0.266 -0.59 0.775 0.0 -0.585 0.238 
0.987 -0.148 0.004 -0.058 -0.899 -0.0 -0.437 -0.014 -0.717 -0.0 -0.094 -0.69 0.902 0.0 -0.43 0.031 0.781 0.0 -0.027 -0.624 -0.709 -0.0 -0.269 -0.651 -0.773 -0.0 -0.603 0.194 0.762 0.0 -0.266 -0.59 0.775 0.0 -0.585 0.238 
0.987 -0.148 0.004 -0.058 -0.899 -0.0 -0.437 -0.014 -0.717 -0.0 -0.094 -0.69 0.902 0.0 -0.431 0.032 0.781 -0.0 -0.026 -0.624 -0.709 -0.0 -0.27 -0.651 -0.774 0.0 -0.603 0.195 0.762 0.0 -0.266 -0.59 0.775 0.0 -0.585 0.238 
0.987 -0.148 0.004 -0.058 -0.899 -0.0 -0.437 -0.014 -0.718 -0.0 -0.094 -0.69 0.902 0.0 -0.431 0.032 0.781 0.0 -0.026 -0.624 -0.709 0.0 -0.27 -0.651 -0.774 -0.0 -0.603 0.194 0.762 0.0 -0.266 -0.59 0.775 0.0 -0.585 0.238 
0.987 -0.148 0.004 -0.058 -0.899 -0.0 -0.437 -0.014 -0.718 -0.0 -0.094 -0.69 0.902 0.0 -0.431 0.031 0.781 0.0 -0.026 -0.624 -0.71 0.0 -0.269 -0.651 -0.774 0.0 -0.603 0.194 0.762 0.0 -0.265 -0.591 0.775 0.0 -0.585 0.238 
0.987 -0.148 0.004 -0.058 -0.899 0.0 -0.437 -0.014 -0.718 -0.0 -0.094 -0.69 0.902 0.0 -0.431 0.032 0.781 0.0 -0.026 -0.624 -0.709 -0.0 -0.269 -0.651 -0.774 -0.0 -0.603 0.194 0.762 -0.0 -0.265 -0.59 0.775 0.0 -0.585 0.238 
0.987 -0.148 0.004 -0.058 -0.899 -0.0 -0.437 -0.014 -0.718 -0.0 -0.095 -0.69 0.902 0.0 -0.431 0.032 0.781 0.0 -0.026 -0.624 -0.709 -0.0 -0.27 -0.651 -0.774 -0.0 -0.603 0.195 0.762 0.0 -0.266 -0.59 0.776 0.0 -0.585 0.238 
0.987 -0.148 0.004 -0.058 -0.899 -0.0 -0.437 -0.014 -0.718 -0.0 -0.094 -0.69 0.902 -0.0 -0.431 0.032 0.78 -0.0 -0.027 -0.625 -0.71 -0.0 -0.269 -0.651 -0.774 -0.0 -0.603 0.194 0.762 0.0 -0.265 -0.59 0.775 0.0 -0.585 0.238 
0.987 -0.148 0.004 -0.058 -0.899 -0.0 -0.437 -0.014 -0.717 -0.0 -0.095 -0.69 0.902 0.0 -0.431 0.032 0.781 -0.0 -0.026 -0.624 -0.709 -0.0 -0.27 -0.651 -0.773 0.0 -0.603 0.195 0.762 0.0 -0.266 -0.59 0.776 0.0 -0.585 0.238 
0.987 -0.148 0.004 -0.058 -0.899 -0.0 -0.437 -0.014 -0.718 -0.0 -0.095 -0.69 0.902 0.0 -0.431 0.032 0.781 0.0 -0.026 -0.624 -0.709 -0.0 -0.27 -0.651 -0.774 -0.0 -0.603 0.195 0.762 0.0 -0.266 -0.59 0.775 0.0 -0.585 0.238 
0.987 -0.148 0.004 -0.058 -0.899 -0.0 -0.437 -0.014 -0.718 -0.0 -0.095 -0.69 0.902 0.0 -0.431 0.032 0.781 0.0 -0.026 -0.624 -0.709 -0.0 -0.27 -0.651 -0.774 -0.0 -0.603 0.195 0.762 0.0 -0.266 -0.59 0.776 -0.0 -0.585 0.238 
0.987 -0.148 0.004 -0.058 -0.899 -0.0 -0.437 -0.014 -0.718 -0.0 -0.094 -0.69 0.902 -0.0 -0.431 0.032 0.78 0.0 -0.026 -0.625 -0.709 -0.0 -0.27 -0.651 -0.774 -0.0 -0.603 0.194 0.762 0.0 -0.265 -0.59 0.775 0.0 -0.585 0.238 
0.987 -0.148 0.004 -0.058 -0.899 -0.0 -0.437 -0.014 -0.718 -0.0 -0.095 -0.69 0.902 0.0 -0.431 0.032 0.78 0.0 -0.026 -0.625 -0.709 -0.0 -0.27 -0.651 -0.774 -0.0 -0.603 0.195 0.762 -0.0 -0.266 -0.59 0.775 0.0 -0.585 0.238 
0.987 -0.148 0.004 -0.058 -0.899 -0.0 -0.437 -0.014 -0.718 0.0 -0.094 -0.69 0.902 0.0 -0.431 0.032 0.781 -0.0 -0.026 -0.624 -0.709 0.0 -0.269 -0.651 -0.773 -0.0 -0.603 0.194 0.762 0.0 -0.265 -0.591 0.775 -0.0 -0.586 0.237 
0.987 -0.148 0.004 -0.058 -0.899 -0.0 -0.437 -0.014 -0.718 0.0 -0.094 -0.69 0.902 0.0 -0.431 0.032 0.781 0.0 -0.027 -0.624 -0.709 0.0 -0.269 -0.651 -0.774 -0.0 -0.603 0.194 0.762 -0.0 -0.265 -0.59 0.775 0.0 -0.585 0.238 
0.987 -0.148 0.004 -0.058 -0.899 -0.0 -0.437 -0.014 -0.718 -0.0 -0.095 -0.69 0.902 -0.0 -0.431 0.032 0.781 0.0 -0.026 -0.624 -0.709 -0.0 -0.27 -0.651 -0.773 -0.0 -0.603 0.195 0.762 -0.0 -0.266 -0.59 0.776 -0.0 -0.585 0.238 
0.987 -0.148 0.004 -0.058 -0.899 -0.0 -0.437 -0.014 -0.718 -0.0 -0.095 -0.69 0.902 -0.0 -0.431 0.032 0.781 0.0 -0.026 -0.624 -0.709 -0.0 -0.27 -0.651 -0.774 -0.0 -0.603 0.195 0.762 -0.0 -0.266 -0.59 0.776 -0.0 -0.585 0.238 
0.987 -0.148 0.004 -0.058 -0.899 -0.0 -0.437 -0.014 -0.718 -0.0 -0.095 -0.69 0.902 0.0 -0.431 0.032 0.781 0.0 -0.026 -0.624 -0.709 -0.0 -0.27 -0.651 -0.774 -0.0 -0.603 0.195 0.762 -0.0 -0.266 -0.59 0.775 -0.0 -0.585 0.238 
0.987 -0.148 0.004 -0.058 -0.899 -0.0 -0.437 -0.014 -0.718 -0.0 -0.095 -0.69 0.902 0.0 -0.431 0.032 0.781 0.0 -0.027 -0.624 -0.709 -0.0 -0.27 -0.651 -0.774 -0.0 -0.603 0.195 0.762 0.0 -0.266 -0.59 0.776 0.0 -0.585 0.238 
0.987 -0.148 0.004 -0.058 -0.899 0.0 -0.437 -0.014 -0.718 -0.0 -0.094 -0.69 0.902 -0.0 -0.431 0.032 0.781 0.0 -0.026 -0.624 -0.709 -0.0 -0.269 -0.651 -0.773 0.0 -0.603 0.194 0.762 0.0 -0.265 -0.59 0.775 0.0 -0.585 0.238 
0.987 -0.148 0.004 -0.058 -0.899 -0.0 -0.437 -0.014 -0.718 -0.0 -0.095 -0.69 0.902 0.0 -0.432 0.032 0.781 -0.0 -0.026 -0.624 -0.709 -0.0 -0.27 -0.652 -0.773 -0.0 -0.603 0.195 0.762 0.0 -0.265 -0.59 0.775 0.0 -0.585 0.238 
0.987 -0.148 0.004 -0.058 -0.899 -0.0 -0.437 -0.014 -0.718 -0.0 -0.095 -0.69 0.902 -0.0 -0.432 0.032 0.781 0.0 -0.026 -0.624 -0.709 0.0 -0.269 -0.651 -0.773 -0.0 -0.603 0.194 0.762 -0.0 -0.266 -0.59 0.775 -0.0 -0.585 0.238 
0.987 -0.148 0.004 -0.058 -0.899 -0.0 -0.437 -0.014 -0.718 -0.0 -0.095 -0.69 0.901 0.0 -0.432 0.032 0.781 0.0 -0.026 -0.624 -0.709 -0.0 -0.269 -0.651 -0.773 -0.0 -0.603 0.194 0.762 0.0 -0.265 -0.59 0.776 -0.0 -0.585 0.238 
0.987 -0.148 0.004 -0.058 -0.899 -0.0 -0.437 -0.014 -0.718 -0.0 -0.094 -0.69 0.902 0.0 -0.432 0.031 0.781 0.0 -0.026 -0.624 -0.709 -0.0 -0.269 -0.651 -0.773 -0.0 -0.604 0.194 0.762 0.0 -0.265 -0.591 0.776 0.0 -0.585 0.238 
0.987 -0.148 0.004 -0.058 -0.899 -0.0 -0.437 -0.014 -0.718 0.0 -0.095 -0.69 0.901 0.0 -0.432 0.032 0.781 0.0 -0.026 -0.624 -0.709 -0.0 -0.269 -0.652 -0.774 -0.0 -0.603 0.194 0.762 0.0 -0.266 -0.59 0.776 0.0 -0.585 0.238 
0.987 -0.148 0.004 -0.058 -0.899 -0.0 -0.437 -0.014 -0.718 -0.0 -0.094 -0.69 0.901 0.0 -0.432 0.032 0.781 0.0 -0.026 -0.624 -0.71 -0.0 -0.269 -0.651 -0.773 -0.0 -0.603 0.194 0.762 -0.0 -0.265 -0.591 0.775 0.0 -0.585 0.238 
0.987 -0.148 0.004 -0.058 -0.9 -0.0 -0.437 -0.014 -0.718 -0.0 -0.095 -0.69 0.901 0.0 -0.432 0.032 0.781 0.0 -0.026 -0.624 -0.709 -0.0 -0.269 -0.651 -0.773 -0.0 -0.603 0.194 0.762 -0.0 -0.265 -0.591 0.775 0.0 -0.586 0.237 
0.987 -0.148 0.004 -0.058 -0.9 0.0 -0.437 -0.014 -0.718 -0.0 -0.095 -0.69 0.901 0.0 -0.432 0.032 0.781 0.0 -0.026 -0.625 -0.709 0.0 -0.269 -0.651 -0.774 -0.0 -0.603 0.194 0.762 0.0 -0.265 -0.591 0.775 0.0 -0.585 0.237 
0.987 -0.148 0.004 -0.058 -0.9 -0.0 -0.437 -0.014 -0.718 -0.0 -0.094 -0.69 0.901 0.0 -0.432 0.032 0.781 0.0 -0.026 -0.625 -0.709 -0.0 -0.269 -0.651 -0.774 -0.0 -0.603 0.194 0.762 0.0 -0.265 -0.591 0.775 -0.0 -0.585 0.237 
0.987 -0.147 0.004 -0.058 -0.9 -0.0 -0.437 -0.014 -0.718 0.0 -0.094 -0.69 0.901 0.0 -0.432 0.032 0.781 0.0 -0.026 -0.624 -0.71 0.0 -0.269 -0.651 -0.773 -0.0 -0.603 0.194 0.762 0.0 -0.265 -0.591 0.775 0.0 -0.585 0.237 
0.987 -0.148 0.004 -0.058 -0.9 -0.0 -0.437 -0.014 -0.718 -0.0 -0.095 -0.69 0.901 0.0 -0.432 0.032 0.78 0.0 -0.026 -0.625 -0.709 -0.0 -0.269 -0.652 -0.773 -0.0 -0.603 0.194 0.762 -0.0 -0.265 -0.59 0.775 0.0 -0.585 0.237 
0.987 -0.148 0.004 -0.058 -0.9 -0.0 -0.437 -0.014 -0.718 -0.0 -0.095 -0.69 0.901 -0.0 -0.432 0.032 0.781 0.0 -0.026 -0.625 -0.709 0.0 -0.269 -0.652 -0.774 -0.0 -0.603 0.194 0.762 0.0 -0.265 -0.59 0.776 0.0 -0.585 0.237 
0.987 -0.147 0.004 -0.058 -0.9 0.0 -0.437 -0.014 -0.718 -0.0 -0.094 -0.69 0.901 -0.0 -0.432 0.032 0.781 0.0 -0.026 -0.625 -0.709 0.0 -0.269 -0.651 -0.773 -0.0 -0.604 0.194 0.762 0.0 -0.265 -0.591 0.775 0.0 -0.585 0.237 
0.987 -0.148 0.004 -0.058 -0.9 -0.0 -0.436 -0.014 -0.718 -0.0 -0.095 -0.69 0.901 0.0 -0.432 0.033 0.78 -0.0 -0.026 -0.625 -0.709 -0.0 -0.269 -0.652 -0.773 -0.0 -0.603 0.194 0.762 0.0 -0.265 -0.59 0.775 0.0 -0.586 0.237 
0.987 -0.148 0.004 -0.058 -0.9 -0.0 -0.437 -0.014 -0.718 -0.0 -0.095 -0.69 0.901 -0.0 -0.432 0.032 0.78 0.0 -0.026 -0.625 -0.709 -0.0 -0.269 -0.652 -0.773 -0.0 -0.603 0.194 0.762 0.0 -0.265 -0.59 0.775 -0.0 -0.585 0.237 
0.987 -0.148 0.004 -0.058 -0.9 -0.0 -0.437 -0.014 -0.718 -0.0 -0.095 -0.69 0.901 0.0 -0.432 0.032 0.78 0.0 -0.026 -0.625 -0.709 -0.0 -0.269 -0.652 -0.773 -0.0 -0.603 0.194 0.762 0.0 -0.265 -0.59 0.776 0.0 -0.585 0.237 
0.987 -0.148 0.004 -0.058 -0.9 -0.0 -0.437 -0.014 -0.718 -0.0 -0.094 -0.69 0.901 -0.0 -0.432 0.033 0.78 -0.0 -0.026 -0.625 -0.709 -0.0 -0.269 -0.652 -0.773 -0.0 -0.603 0.194 0.762 0.0 -0.265 -0.59 0.776 -0.0 -0.585 0.237 
0.987 -0.148 0.004 -0.058 -0.9 -0.0 -0.437 -0.014 -0.718 -0.0 -0.095 -0.69 0.901 0.0 -0.432 0.033 0.78 0.0 -0.026 -0.625 -0.709 -0.0 -0.269 -0.652 -0.773 -0.0 -0.603 0.194 0.762 -0.0 -0.265 -0.59 0.775 0.0 -0.585 0.237 
0.987 -0.148 0.004 -0.058 -0.9 -0.0 -0.437 -0.014 -0.717 -0.0 -0.095 -0.69 0.901 0.0 -0.432 0.033 0.78 0.0 -0.026 -0.625 -0.709 -0.0 -0.269 -0.652 -0.773 -0.0 -0.603 0.194 0.762 -0.0 -0.265 -0.591 0.775 0.0 -0.586 0.237 
0.987 -0.147 0.004 -0.058 -0.9 -0.0 -0.437 -0.014 -0.718 -0.0 -0.094 -0.69 0.901 0.0 -0.432 0.033 0.78 0.0 -0.026 -0.625 -0.709 -0.0 -0.269 -0.651 -0.773 -0.0 -0.603 0.194 0.762 0.0 -0.265 -0.591 0.775 0.0 -0.586 0.237 
0.987 -0.147 0.004 -0.058 -0.9 -0.0 -0.437 -0.014 -0.717 -0.0 -0.094 -0.69 0.901 0.0 -0.432 0.033 0.78 0.0 -0.026 -0.625 -0.71 -0.0 -0.269 -0.651 -0.774 -0.0 -0.603 0.194 0.762 0.0 -0.265 -0.591 0.775 0.0 -0.585 0.237 
0.987 -0.147 0.004 -0.058 -0.899 -0.0 -0.437 -0.014 -0.717 0.0 -0.094 -0.69 0.901 0.0 -0.432 0.033 0.78 0.0 -0.026 -0.625 -0.709 -0.0 -0.269 -0.651 -0.774 -0.0 -0.603 0.194 0.762 0.0 -0.265 -0.591 0.775 0.0 -0.585 0.237 
0.987 -0.147 0.004 -0.058 -0.9 -0.0 -0.437 -0.014 -0.718 -0.0 -0.094 -0.69 0.901 0.0 -0.432 0.033 0.78 -0.0 -0.026 -0.625 -0.71 -0.0 -0.269 -0.651 -0.773 -0.0 -0.604 0.194 0.762 0.0 -0.265 -0.591 0.775 0.0 -0.585 0.237 
0.987 -0.147 0.004 -0.058 -0.9 -0.0 -0.437 -0.014 -0.717 -0.0 -0.094 -0.69 0.901 0.0 -0.432 0.033 0.78 -0.0 -0.026 -0.625 -0.709 -0.0 -0.269 -0.651 -0.773 -0.0 -0.604 0.194 0.762 -0.0 -0.265 -0.591 0.775 0.0 -0.585 0.237 
0.987 -0.147 0.004 -0.058 -0.899 -0.0 -0.437 -0.014 -0.717 -0.0 -0.094 -0.69 0.901 -0.0 -0.432 0.033 0.78 -0.0 -0.026 -0.625 -0.709 0.0 -0.269 -0.652 -0.773 -0.0 -0.604 0.194 0.762 0.0 -0.265 -0.591 0.775 0.0 -0.586 0.237 
0.987 -0.147 0.004 -0.058 -0.899 -0.0 -0.437 -0.014 -0.718 -0.0 -0.094 -0.69 0.901 0.0 -0.432 0.033 0.78 0.0 -0.026 -0.625 -0.709 -0.0 -0.269 -0.652 -0.773 -0.0 -0.604 0.194 0.762 0.0 -0.265 -0.591 0.775 0.0 -0.586 0.237 
0.987 -0.147 0.004 -0.058 -0.899 -0.0 -0.437 -0.014 -0.717 0.0 -0.094 -0.69 0.901 0.0 -0.432 0.033 0.78 0.0 -0.026 -0.625 -0.709 0.0 -0.269 -0.651 -0.773 -0.0 -0.604 0.194 0.762 -0.0 -0.265 -0.591 0.775 0.0 -0.585 0.237 
0.987 -0.147 0.004 -0.058 -0.899 0.0 -0.437 -0.014 -0.717 -0.0 -0.094 -0.69 0.901 0.0 -0.432 0.033 0.78 0.0 -0.026 -0.625 -0.709 0.0 -0.269 -0.651 -0.773 -0.0 -0.604 0.194 0.762 0.0 -0.265 -0.591 0.775 0.0 -0.585 0.237 
0.987 -0.148 0.004 -0.058 -0.899 -0.0 -0.437 -0.014 -0.717 -0.0 -0.095 -0.69 0.901 0.0 -0.432 0.033 0.78 0.0 -0.026 -0.625 -0.709 -0.0 -0.269 -0.652 -0.773 -0.0 -0.603 0.194 0.762 0.0 -0.265 -0.59 0.775 0.0 -0.586 0.237 
0.987 -0.147 0.004 -0.058 -0.899 -0.0 -0.437 -0.014 -0.717 -0.0 -0.095 -0.69 0.901 0.0 -0.432 0.033 0.78 -0.0 -0.026 -0.625 -0.709 -0.0 -0.269 -0.652 -0.773 0.0 -0.603 0.194 0.762 0.0 -0.265 -0.59 0.776 0.0 -0.585 0.237 
0.987 -0.147 0.004 -0.058 -0.899 -0.0 -0.437 -0.014 -0.717 -0.0 -0.095 -0.69 0.901 -0.0 -0.432 0.033 0.78 -0.0 -0.026 -0.625 -0.709 -0.0 -0.269 -0.652 -0.773 -0.0 -0.604 0.194 0.762 -0.0 -0.265 -0.591 0.775 0.0 -0.585 0.237 
0.987 -0.147 0.004 -0.058 -0.899 -0.0 -0.437 -0.014 -0.717 -0.0 -0.095 -0.69 0.901 0.0 -0.432 0.034 0.78 0.0 -0.026 -0.625 -0.709 -0.0 -0.269 -0.652 -0.773 -0.0 -0.603 0.194 0.762 -0.0 -0.265 -0.59 0.775 0.0 -0.586 0.237 
0.987 -0.147 0.004 -0.058 -0.899 -0.0 -0.437 -0.014 -0.717 -0.0 -0.094 -0.69 0.901 0.0 -0.432 0.033 0.78 0.0 -0.026 -0.625 -0.709 -0.0 -0.269 -0.652 -0.773 -0.0 -0.604 0.194 0.762 0.0 -0.265 -0.591 0.775 0.0 -0.586 0.237 
0.987 -0.147 0.004 -0.058 -0.899 -0.0 -0.437 -0.014 -0.717 0.0 -0.095 -0.69 0.901 0.0 -0.432 0.033 0.78 0.0 -0.026 -0.625 -0.71 -0.0 -0.268 -0.652 -0.773 0.0 -0.604 0.193 0.762 0.0 -0.265 -0.591 0.775 0.0 -0.585 0.237 
0.987 -0.147 0.004 -0.058 -0.899 -0.0 -0.437 -0.014 -0.717 -0.0 -0.095 -0.69 0.901 -0.0 -0.432 0.034 0.78 0.0 -0.026 -0.625 -0.709 -0.0 -0.269 -0.652 -0.773 -0.0 -0.604 0.194 0.762 0.0 -0.265 -0.59 0.775 0.0 -0.586 0.237 
0.987 -0.147 0.004 -0.058 -0.899 -0.0 -0.437 -0.014 -0.717 0.0 -0.095 -0.69 0.901 0.0 -0.432 0.034 0.78 0.0 -0.026 -0.625 -0.709 -0.0 -0.269 -0.652 -0.773 -0.0 -0.603 0.194 0.762 0.0 -0.265 -0.59 0.776 0.0 -0.585 0.237 
0.987 -0.147 0.004 -0.058 -0.899 -0.0 -0.437 -0.013 -0.717 -0.0 -0.094 -0.69 0.901 0.0 -0.432 0.033 0.78 0.0 -0.025 -0.625 -0.709 -0.0 -0.269 -0.652 -0.773 -0.0 -0.604 0.194 0.762 0.0 -0.265 -0.591 0.775 0.0 -0.585 0.237 
0.987 -0.148 0.004 -0.058 -0.899 -0.0 -0.437 -0.014 -0.717 0.0 -0.095 -0.69 0.901 0.0 -0.432 0.034 0.78 -0.0 -0.026 -0.625 -0.709 -0.0 -0.269 -0.652 -0.773 0.0 -0.603 0.194 0.762 0.0 -0.265 -0.59 0.775 0.0 -0.585 0.237 
0.987 -0.147 0.004 -0.058 -0.899 0.0 -0.437 -0.013 -0.717 -0.0 -0.094 -0.69 0.901 0.0 -0.432 0.033 0.78 0.0 -0.025 -0.625 -0.709 -0.0 -0.269 -0.652 -0.773 0.0 -0.604 0.194 0.762 -0.0 -0.265 -0.591 0.775 0.0 -0.585 0.237 
0.987 -0.147 0.004 -0.058 -0.899 -0.0 -0.437 -0.014 -0.717 0.0 -0.094 -0.69 0.901 0.0 -0.432 0.034 0.78 -0.0 -0.026 -0.625 -0.709 -0.0 -0.269 -0.652 -0.773 0.0 -0.604 0.194 0.762 -0.0 -0.265 -0.591 0.775 0.0 -0.586 0.237 
0.987 -0.147 0.004 -0.058 -0.899 -0.0 -0.437 -0.014 -0.717 -0.0 -0.094 -0.69 0.901 0.0 -0.432 0.034 0.78 0.0 -0.025 -0.625 -0.709 0.0 -0.269 -0.651 -0.773 0.0 -0.603 0.194 0.762 0.0 -0.265 -0.591 0.775 0.0 -0.585 0.237 
0.987 -0.148 0.004 -0.058 -0.899 0.0 -0.438 -0.014 -0.717 -0.0 -0.095 -0.69 0.901 0.0 -0.432 0.034 0.78 0.0 -0.026 -0.625 -0.709 -0.0 -0.269 -0.652 -0.773 0.0 -0.603 0.194 0.762 0.0 -0.265 -0.59 0.775 0.0 -0.585 0.237 
0.987 -0.148 0.004 -0.058 -0.899 -0.0 -0.438 -0.014 -0.717 -0.0 -0.095 -0.69 0.901 -0.0 -0.432 0.034 0.78 0.0 -0.025 -0.625 -0.709 -0.0 -0.269 -0.652 -0.773 -0.0 -0.604 0.194 0.762 -0.0 -0.265 -0.59 0.775 0.0 -0.585 0.237 
0.987 -0.147 0.004 -0.058 -0.899 -0.0 -0.438 -0.013 -0.717 -0.0 -0.094 -0.69 0.901 -0.0 -0.432 0.033 0.78 -0.0 -0.025 -0.625 -0.709 -0.0 -0.269 -0.652 -0.773 0.0 -0.604 0.194 0.762 0.0 -0.265 -0.591 0.775 0.0 -0.585 0.237 
0.987 -0.148 0.004 -0.058 -0.899 0.0 -0.438 -0.014 -0.717 -0.0 -0.095 -0.69 0.901 0.0 -0.432 0.034 0.78 0.0 -0.025 -0.625 -0.709 0.0 -0.269 -0.652 -0.773 -0.0 -0.604 0.194 0.762 0.0 -0.265 -0.59 0.775 0.0 -0.585 0.237 
0.987 -0.147 0.004 -0.058 -0.899 -0.0 -0.438 -0.014 -0.717 -0.0 -0.094 -0.69 0.901 -0.0 -0.433 0.034 0.779 0.0 -0.025 -0.626 -0.709 -0.0 -0.269 -0.651 -0.773 0.0 -0.604 0.194 0.762 -0.0 -0.265 -0.591 0.775 0.0 -0.585 0.237 
0.987 -0.147 0.004 -0.058 -0.899 -0.0 -0.438 -0.014 -0.717 -0.0 -0.094 -0.69 0.901 0.0 -0.433 0.035 0.779 0.0 -0.025 -0.626 -0.71 -0.0 -0.269 -0.651 -0.773 -0.0 -0.604 0.194 0.762 0.0 -0.265 -0.591 0.775 -0.0 -0.585 0.237 
0.987 -0.147 0.004 -0.058 -0.899 -0.0 -0.438 -0.014 -0.717 -0.0 -0.094 -0.69 0.901 -0.0 -0.433 0.034 0.78 0.0 -0.024 -0.626 -0.71 -0.0 -0.269 -0.651 -0.773 -0.0 -0.604 0.194 0.762 0.0 -0.265 -0.591 0.775 -0.0 -0.585 0.237 
0.987 -0.147 0.004 -0.058 -0.899 -0.0 -0.438 -0.014 -0.717 -0.0 -0.094 -0.69 0.901 -0.0 -0.433 0.034 0.78 0.0 -0.024 -0.626 -0.71 0.0 -0.269 -0.651 -0.773 -0.0 -0.604 0.194 0.762 -0.0 -0.265 -0.591 0.775 0.0 -0.586 0.237 
0.987 -0.148 0.004 -0.058 -0.899 -0.0 -0.438 -0.014 -0.717 -0.0 -0.094 -0.69 0.901 0.0 -0.433 0.034 0.78 0.0 -0.024 -0.626 -0.709 -0.0 -0.269 -0.652 -0.773 -0.0 -0.603 0.194 0.762 0.0 -0.265 -0.59 0.776 0.0 -0.585 0.237 
0.987 -0.148 0.004 -0.058 -0.899 -0.0 -0.438 -0.014 -0.717 -0.0 -0.095 -0.69 0.901 0.0 -0.433 0.034 0.78 0.0 -0.024 -0.626 -0.709 -0.0 -0.269 -0.652 -0.773 0.0 -0.603 0.194 0.762 0.0 -0.265 -0.59 0.775 -0.0 -0.586 0.237 
0.987 -0.148 0.004 -0.058 -0.899 -0.0 -0.438 -0.014 -0.717 0.0 -0.094 -0.69 0.901 -0.0 -0.433 0.035 0.78 0.0 -0.024 -0.626 -0.709 -0.0 -0.269 -0.652 -0.774 -0.0 -0.603 0.194 0.762 0.0 -0.265 -0.59 0.775 0.0 -0.585 0.237 
0.987 -0.147 0.004 -0.058 -0.899 -0.0 -0.438 -0.014 -0.717 -0.0 -0.094 -0.69 0.901 -0.0 -0.433 0.034 0.78 -0.0 -0.024 -0.626 -0.709 -0.0 -0.269 -0.651 -0.773 -0.0 -0.604 0.194 0.762 -0.0 -0.265 -0.591 0.775 0.0 -0.585 0.237 
0.987 -0.148 0.004 -0.058 -0.899 0.0 -0.438 -0.014 -0.717 -0.0 -0.094 -0.69 0.901 0.0 -0.433 0.034 0.78 0.0 -0.023 -0.626 -0.709 0.0 -0.269 -0.651 -0.773 -0.0 -0.603 0.194 0.762 0.0 -0.265 -0.591 0.776 -0.0 -0.585 0.237 
0.987 -0.148 0.004 -0.058 -0.899 -0.0 -0.439 -0.014 -0.717 0.0 -0.094 -0.69 0.901 0.0 -0.433 0.034 0.78 0.0 -0.024 -0.626 -0.709 0.0 -0.269 -0.651 -0.773 -0.0 -0.603 0.194 0.762 -0.0 -0.265 -0.591 0.775 0.0 -0.585 0.237 
0.987 -0.148 0.004 -0.058 -0.899 -0.0 -0.438 -0.014 -0.717 -0.0 -0.095 -0.69 0.901 0.0 -0.433 0.035 0.78 0.0 -0.023 -0.626 -0.709 0.0 -0.269 -0.651 -0.773 -0.0 -0.603 0.194 0.762 0.0 -0.266 -0.59 0.775 0.0 -0.585 0.238 
0.987 -0.148 0.004 -0.058 -0.899 -0.0 -0.439 -0.014 -0.717 0.0 -0.094 -0.69 0.901 0.0 -0.433 0.034 0.78 0.0 -0.023 -0.626 -0.709 0.0 -0.269 -0.651 -0.773 -0.0 -0.603 0.194 0.762 -0.0 -0.265 -0.591 0.775 0.0 -0.585 0.237 
0.987 -0.148 0.004 -0.058 -0.899 -0.0 -0.439 -0.014 -0.717 -0.0 -0.095 -0.691 0.901 0.0 -0.433 0.035 0.78 0.0 -0.023 -0.626 -0.709 -0.0 -0.269 -0.652 -0.773 -0.0 -0.603 0.195 0.762 0.0 -0.266 -0.59 0.776 0.0 -0.585 0.238 
0.987 -0.148 0.004 -0.058 -0.898 -0.0 -0.439 -0.014 -0.717 -0.0 -0.094 -0.69 0.901 0.0 -0.433 0.035 0.78 0.0 -0.024 -0.626 -0.709 -0.0 -0.27 -0.651 -0.773 -0.0 -0.603 0.195 0.762 0.0 -0.266 -0.59 0.775 0.0 -0.585 0.238 
0.987 -0.148 0.004 -0.058 -0.898 -0.0 -0.439 -0.014 -0.717 -0.0 -0.094 -0.69 0.901 0.0 -0.433 0.035 0.78 0.0 -0.024 -0.626 -0.709 -0.0 -0.27 -0.651 -0.773 -0.0 -0.603 0.195 0.762 0.0 -0.266 -0.59 0.776 0.0 -0.585 0.238 
0.987 -0.148 0.004 -0.058 -0.898 -0.0 -0.439 -0.014 -0.717 -0.0 -0.094 -0.691 0.901 0.0 -0.433 0.035 0.78 0.0 -0.024 -0.626 -0.71 0.0 -0.269 -0.651 -0.773 -0.0 -0.603 0.194 0.762 0.0 -0.266 -0.591 0.775 0.0 -0.585 0.238 
0.987 -0.148 0.004 -0.058 -0.898 -0.0 -0.439 -0.015 -0.717 -0.0 -0.094 -0.691 0.9 0.0 -0.433 0.035 0.78 -0.0 -0.024 -0.626 -0.709 -0.0 -0.27 -0.651 -0.773 -0.0 -0.603 0.195 0.762 0.0 -0.266 -0.59 0.775 0.0 -0.585 0.238 
0.987 -0.148 0.004 -0.058 -0.898 -0.0 -0.439 -0.014 -0.717 -0.0 -0.094 -0.691 0.9 0.0 -0.433 0.035 0.78 0.0 -0.024 -0.626 -0.709 -0.0 -0.27 -0.651 -0.773 -0.0 -0.603 0.195 0.762 0.0 -0.266 -0.59 0.775 0.0 -0.585 0.238 
0.987 -0.148 0.004 -0.058 -0.898 -0.0 -0.439 -0.014 -0.717 -0.0 -0.093 -0.691 0.9 0.0 -0.434 0.035 0.78 0.0 -0.024 -0.626 -0.71 0.0 -0.269 -0.651 -0.773 -0.0 -0.603 0.194 0.762 -0.0 -0.266 -0.591 0.775 0.0 -0.585 0.238 
0.987 -0.148 0.004 -0.058 -0.898 -0.0 -0.439 -0.014 -0.717 -0.0 -0.093 -0.691 0.9 0.0 -0.434 0.035 0.78 0.0 -0.024 -0.626 -0.709 0.0 -0.269 -0.651 -0.773 0.0 -0.603 0.194 0.762 0.0 -0.265 -0.59 0.775 0.0 -0.586 0.238 
0.987 -0.148 0.004 -0.058 -0.898 -0.0 -0.439 -0.014 -0.717 -0.0 -0.093 -0.691 0.9 0.0 -0.434 0.035 0.78 0.0 -0.024 -0.626 -0.709 0.0 -0.269 -0.651 -0.773 -0.0 -0.603 0.194 0.762 0.0 -0.266 -0.59 0.775 0.0 -0.585 0.238 
0.987 -0.148 0.004 -0.058 -0.898 -0.0 -0.439 -0.014 -0.717 -0.0 -0.093 -0.691 0.9 0.0 -0.433 0.035 0.78 -0.0 -0.024 -0.626 -0.709 -0.0 -0.269 -0.651 -0.773 -0.0 -0.603 0.194 0.762 0.0 -0.266 -0.59 0.775 0.0 -0.585 0.238 
0.987 -0.148 0.004 -0.058 -0.898 -0.0 -0.439 -0.014 -0.717 -0.0 -0.093 -0.691 0.9 0.0 -0.433 0.035 0.78 0.0 -0.024 -0.625 -0.709 -0.0 -0.27 -0.651 -0.773 -0.0 -0.603 0.194 0.762 0.0 -0.266 -0.59 0.775 0.0 -0.585 0.238 
0.987 -0.148 0.004 -0.058 -0.898 0.0 -0.439 -0.014 -0.717 -0.0 -0.093 -0.691 0.9 0.0 -0.433 0.036 0.78 0.0 -0.024 -0.625 -0.709 -0.0 -0.27 -0.651 -0.774 -0.0 -0.603 0.195 0.762 -0.0 -0.266 -0.59 0.776 0.0 -0.585 0.238 
0.987 -0.148 0.004 -0.058 -0.898 -0.0 -0.439 -0.014 -0.717 -0.0 -0.092 -0.691 0.9 -0.0 -0.433 0.036 0.78 0.0 -0.025 -0.626 -0.709 -0.0 -0.27 -0.651 -0.773 -0.0 -0.603 0.194 0.762 0.0 -0.266 -0.59 0.775 -0.0 -0.585 0.238 
0.987 -0.148 0.004 -0.058 -0.898 -0.0 -0.439 -0.014 -0.717 -0.0 -0.092 -0.691 0.9 0.0 -0.433 0.036 0.78 0.0 -0.024 -0.625 -0.709 0.0 -0.27 -0.651 -0.773 -0.0 -0.603 0.195 0.762 0.0 -0.266 -0.59 0.775 0.0 -0.585 0.238 
0.987 -0.148 0.004 -0.058 -0.898 -0.0 -0.439 -0.014 -0.717 -0.0 -0.093 -0.691 0.9 0.0 -0.434 0.036 0.78 0.0 -0.024 -0.625 -0.709 -0.0 -0.27 -0.651 -0.773 0.0 -0.603 0.195 0.762 0.0 -0.266 -0.59 0.776 0.0 -0.585 0.238 
0.987 -0.148 0.004 -0.058 -0.898 -0.0 -0.439 -0.014 -0.717 -0.0 -0.092 -0.691 0.9 0.0 -0.433 0.035 0.78 0.0 -0.024 -0.625 -0.709 -0.0 -0.27 -0.651 -0.773 0.0 -0.603 0.194 0.762 0.0 -0.266 -0.59 0.775 0.0 -0.585 0.238 
0.987 -0.148 0.004 -0.058 -0.898 -0.0 -0.439 -0.014 -0.717 -0.0 -0.092 -0.691 0.9 0.0 -0.433 0.036 0.78 0.0 -0.025 -0.626 -0.709 -0.0 -0.27 -0.651 -0.773 -0.0 -0.603 0.195 0.762 0.0 -0.266 -0.59 0.776 0.0 -0.585 0.238 
0.987 -0.148 0.004 -0.058 -0.898 -0.0 -0.439 -0.014 -0.717 0.0 -0.092 -0.691 0.9 0.0 -0.434 0.036 0.78 0.0 -0.024 -0.625 -0.709 -0.0 -0.27 -0.651 -0.773 -0.0 -0.603 0.195 0.762 -0.0 -0.266 -0.59 0.775 0.0 -0.585 0.238 
0.987 -0.148 0.004 -0.058 -0.898 -0.0 -0.439 -0.014 -0.717 0.0 -0.092 -0.691 0.9 0.0 -0.433 0.036 0.78 0.0 -0.024 -0.625 -0.709 -0.0 -0.27 -0.651 -0.773 0.0 -0.603 0.195 0.762 -0.0 -0.266 -0.59 0.775 0.0 -0.585 0.238 
0.987 -0.148 0.004 -0.058 -0.898 -0.0 -0.439 -0.014 -0.717 -0.0 -0.093 -0.691 0.9 -0.0 -0.434 0.036 0.78 -0.0 -0.024 -0.625 -0.709 0.0 -0.27 -0.651 -0.773 -0.0 -0.603 0.195 0.762 0.0 -0.266 -0.59 0.776 0.0 -0.585 0.238 
0.987 -0.148 0.004 -0.058 -0.898 -0.0 -0.439 -0.014 -0.717 -0.0 -0.092 -0.691 0.9 0.0 -0.434 0.036 0.78 0.0 -0.024 -0.625 -0.71 -0.0 -0.27 -0.651 -0.773 -0.0 -0.603 0.195 0.762 0.0 -0.266 -0.59 0.775 0.0 -0.585 0.238 
0.987 -0.148 0.004 -0.058 -0.898 -0.0 -0.439 -0.014 -0.717 -0.0 -0.092 -0.691 0.9 0.0 -0.434 0.036 0.78 0.0 -0.024 -0.625 -0.709 -0.0 -0.27 -0.651 -0.773 -0.0 -0.603 0.195 0.762 0.0 -0.266 -0.59 0.775 0.0 -0.585 0.238 
0.987 -0.148 0.004 -0.058 -0.898 -0.0 -0.439 -0.013 -0.717 -0.0 -0.092 -0.691 0.9 0.0 -0.434 0.036 0.78 0.0 -0.024 -0.625 -0.709 -0.0 -0.27 -0.651 -0.774 -0.0 -0.603 0.195 0.762 0.0 -0.266 -0.59 0.775 0.0 -0.585 0.238 
0.987 -0.148 0.004 -0.058 -0.898 -0.0 -0.439 -0.013 -0.717 -0.0 -0.093 -0.691 0.9 0.0 -0.434 0.036 0.78 0.0 -0.025 -0.625 -0.709 -0.0 -0.27 -0.651 -0.773 -0.0 -0.603 0.195 0.762 0.0 -0.266 -0.59 0.776 0.0 -0.585 0.238 
0.987 -0.148 0.004 -0.058 -0.898 0.0 -0.439 -0.013 -0.717 0.0 -0.092 -0.691 0.9 0.0 -0.434 0.036 0.78 0.0 -0.024 -0.625 -0.71 -0.0 -0.27 -0.651 -0.773 0.0 -0.603 0.195 0.762 0.0 -0.266 -0.59 0.775 -0.0 -0.585 0.238 
0.987 -0.148 0.004 -0.058 -0.898 -0.0 -0.439 -0.013 -0.717 -0.0 -0.092 -0.691 0.9 0.0 -0.434 0.036 0.78 0.0 -0.025 -0.625 -0.709 -0.0 -0.27 -0.651 -0.773 0.0 -0.603 0.195 0.762 0.0 -0.266 -0.59 0.775 0.0 -0.585 0.238 
0.987 -0.148 0.004 -0.058 -0.898 -0.0 -0.439 -0.013 -0.717 -0.0 -0.092 -0.691 0.9 0.0 -0.434 0.036 0.78 -0.0 -0.025 -0.625 -0.709 0.0 -0.27 -0.651 -0.773 -0.0 -0.603 0.195 0.762 0.0 -0.266 -0.59 0.775 -0.0 -0.585 0.238 
0.987 -0.148 0.004 -0.058 -0.898 -0.0 -0.439 -0.013 -0.717 -0.0 -0.093 -0.691 0.9 -0.0 -0.433 0.036 0.78 0.0 -0.025 -0.625 -0.709 -0.0 -0.27 -0.651 -0.773 -0.0 -0.603 0.195 0.762 0.0 -0.266 -0.59 0.776 0.0 -0.585 0.239 
0.987 -0.148 0.004 -0.058 -0.898 -0.0 -0.439 -0.013 -0.717 -0.0 -0.093 -0.691 0.9 0.0 -0.433 0.036 0.78 0.0 -0.025 -0.625 -0.709 -0.0 -0.27 -0.651 -0.773 -0.0 -0.603 0.195 0.762 0.0 -0.266 -0.59 0.775 -0.0 -0.585 0.238 
0.987 -0.148 0.004 -0.058 -0.898 -0.0 -0.439 -0.013 -0.717 -0.0 -0.092 -0.691 0.9 0.0 -0.434 0.036 0.78 0.0 -0.025 -0.625 -0.71 -0.0 -0.27 -0.651 -0.773 -0.0 -0.603 0.195 0.762 0.0 -0.266 -0.59 0.775 0.0 -0.585 0.238 
0.987 -0.148 0.004 -0.058 -0.898 -0.0 -0.439 -0.013 -0.717 0.0 -0.092 -0.691 0.9 0.0 -0.433 0.036 0.78 -0.0 -0.025 -0.625 -0.709 0.0 -0.27 -0.651 -0.773 -0.0 -0.603 0.195 0.762 0.0 -0.266 -0.59 0.775 0.0 -0.585 0.238 
0.987 -0.148 0.004 -0.058 -0.899 -0.0 -0.439 -0.013 -0.717 -0.0 -0.092 -0.691 0.9 0.0 -0.433 0.036 0.78 0.0 -0.025 -0.625 -0.71 -0.0 -0.27 -0.651 -0.773 -0.0 -0.603 0.195 0.762 -0.0 -0.266 -0.59 0.775 0.0 -0.585 0.238 
0.987 -0.149 0.004 -0.058 -0.899 -0.0 -0.439 -0.013 -0.717 -0.0 -0.092 -0.691 0.9 -0.0 -0.433 0.036 0.78 0.0 -0.026 -0.625 -0.709 -0.0 -0.27 -0.651 -0.773 0.0 -0.603 0.195 0.762 0.0 -0.267 -0.59 0.775 0.0 -0.585 0.239 
0.987 -0.148 0.004 -0.058 -0.898 -0.0 -0.439 -0.013 -0.717 0.0 -0.092 -0.691 0.901 0.0 -0.433 0.036 0.78 0.0 -0.026 -0.625 -0.71 -0.0 -0.27 -0.651 -0.773 -0.0 -0.603 0.195 0.762 0.0 -0.266 -0.59 0.775 0.0 -0.585 0.238 
0.987 -0.148 0.004 -0.058 -0.899 -0.0 -0.439 -0.013 -0.717 -0.0 -0.092 -0.691 0.901 0.0 -0.433 0.036 0.78 0.0 -0.026 -0.625 -0.709 -0.0 -0.27 -0.651 -0.773 -0.0 -0.603 0.195 0.762 0.0 -0.266 -0.59 0.775 -0.0 -0.585 0.238 
0.987 -0.149 0.004 -0.058 -0.898 -0.0 -0.439 -0.013 -0.717 0.0 -0.093 -0.691 0.9 0.0 -0.433 0.036 0.78 0.0 -0.026 -0.625 -0.709 0.0 -0.27 -0.651 -0.773 -0.0 -0.603 0.195 0.762 0.0 -0.266 -0.59 0.775 0.0 -0.585 0.238 
0.987 -0.148 0.004 -0.058 -0.899 -0.0 -0.438 -0.013 -0.717 -0.0 -0.093 -0.691 0.9 -0.0 -0.433 0.036 0.78 0.0 -0.026 -0.625 -0.71 -0.0 -0.27 -0.651 -0.773 -0.0 -0.603 0.195 0.762 0.0 -0.266 -0.59 0.775 0.0 -0.585 0.238 
0.987 -0.148 0.004 -0.058 -0.898 -0.0 -0.439 -0.012 -0.717 -0.0 -0.092 -0.691 0.901 0.0 -0.433 0.036 0.78 -0.0 -0.026 -0.625 -0.71 -0.0 -0.27 -0.651 -0.773 -0.0 -0.603 0.195 0.762 0.0 -0.266 -0.59 0.775 0.0 -0.585 0.238 
0.987 -0.148 0.004 -0.058 -0.899 -0.0 -0.439 -0.012 -0.717 0.0 -0.092 -0.691 0.901 0.0 -0.433 0.036 0.781 0.0 -0.026 -0.625 -0.71 -0.0 -0.27 -0.651 -0.773 -0.0 -0.603 0.195 0.762 0.0 -0.266 -0.59 0.775 0.0 -0.585 0.238 
0.987 -0.148 0.004 -0.058 -0.899 -0.0 -0.438 -0.012 -0.717 0.0 -0.092 -0.691 0.901 0.0 -0.433 0.036 0.78 0.0 -0.026 -0.625 -0.709 -0.0 -0.27 -0.651 -0.773 -0.0 -0.603 0.195 0.762 -0.0 -0.266 -0.59 0.775 0.0 -0.585 0.238 
0.987 -0.148 0.003 -0.058 -0.899 -0.0 -0.439 -0.012 -0.717 -0.0 -0.092 -0.691 0.901 0.0 -0.433 0.036 0.78 0.0 -0.026 -0.625 -0.71 -0.0 -0.27 -0.651 -0.773 -0.0 -0.603 0.195 0.762 0.0 -0.266 -0.59 0.776 0.0 -0.585 0.238 
0.987 -0.149 0.004 -0.058 -0.899 -0.0 -0.439 -0.012 -0.717 -0.0 -0.093 -0.691 0.901 -0.0 -0.433 0.036 0.78 0.0 -0.026 -0.625 -0.709 0.0 -0.27 -0.651 -0.773 -0.0 -0.603 0.195 0.762 -0.0 -0.266 -0.59 0.775 0.0 -0.585 0.238 
0.987 -0.148 0.004 -0.058 -0.899 -0.0 -0.438 -0.012 -0.717 -0.0 -0.093 -0.691 0.901 0.0 -0.433 0.036 0.78 -0.0 -0.026 -0.625 -0.709 -0.0 -0.27 -0.651 -0.773 0.0 -0.603 0.195 0.762 0.0 -0.266 -0.59 0.775 0.0 -0.585 0.238 
0.987 -0.148 0.004 -0.058 -0.899 -0.0 -0.438 -0.012 -0.717 -0.0 -0.092 -0.691 0.901 0.0 -0.433 0.036 0.78 0.0 -0.026 -0.625 -0.709 -0.0 -0.27 -0.651 -0.773 -0.0 -0.603 0.195 0.762 0.0 -0.266 -0.59 0.775 0.0 -0.585 0.238 
0.987 -0.148 0.004 -0.058 -0.899 -0.0 -0.438 -0.012 -0.717 -0.0 -0.092 -0.691 0.901 0.0 -0.433 0.036 0.78 0.0 -0.027 -0.625 -0.709 -0.0 -0.27 -0.651 -0.773 -0.0 -0.603 0.195 0.762 0.0 -0.266 -0.59 0.775 -0.0 -0.585 0.238 
0.987 -0.148 0.004 -0.058 -0.899 -0.0 -0.439 -0.012 -0.717 -0.0 -0.092 -0.691 0.901 0.0 -0.433 0.036 0.78 0.0 -0.026 -0.625 -0.709 0.0 -0.27 -0.651 -0.773 -0.0 -0.603 0.195 0.762 0.0 -0.266 -0.59 0.775 0.0 -0.585 0.238 
0.987 -0.148 0.004 -0.058 -0.899 -0.0 -0.439 -0.012 -0.717 -0.0 -0.092 -0.691 0.901 0.0 -0.433 0.036 0.78 0.0 -0.026 -0.625 -0.709 -0.0 -0.27 -0.651 -0.774 0.0 -0.603 0.195 0.762 0.0 -0.266 -0.59 0.776 -0.0 -0.585 0.238 
0.987 -0.148 0.004 -0.058 -0.899 -0.0 -0.439 -0.012 -0.717 -0.0 -0.092 -0.691 0.901 0.0 -0.433 0.036 0.78 0.0 -0.026 -0.625 -0.709 -0.0 -0.27 -0.651 -0.773 -0.0 -0.603 0.195 0.762 0.0 -0.266 -0.59 0.775 0.0 -0.585 0.238 
0.987 -0.148 0.004 -0.058 -0.899 -0.0 -0.438 -0.012 -0.717 -0.0 -0.093 -0.691 0.901 0.0 -0.433 0.036 0.78 0.0 -0.026 -0.625 -0.709 -0.0 -0.27 -0.651 -0.773 -0.0 -0.603 0.195 0.762 -0.0 -0.266 -0.59 0.776 0.0 -0.585 0.238 
0.987 -0.148 0.004 -0.058 -0.899 -0.0 -0.439 -0.012 -0.717 -0.0 -0.092 -0.691 0.9 0.0 -0.433 0.036 0.78 0.0 -0.026 -0.625 -0.71 -0.0 -0.27 -0.651 -0.773 -0.0 -0.603 0.195 0.762 0.0 -0.266 -0.59 0.775 0.0 -0.585 0.238 
0.987 -0.148 0.004 -0.058 -0.899 -0.0 -0.439 -0.012 -0.717 -0.0 -0.092 -0.691 0.9 -0.0 -0.433 0.036 0.78 0.0 -0.026 -0.625 -0.709 -0.0 -0.27 -0.651 -0.773 -0.0 -0.603 0.195 0.762 0.0 -0.266 -0.59 0.776 0.0 -0.585 0.238 
0.987 -0.148 0.004 -0.058 -0.899 0.0 -0.439 -0.012 -0.717 0.0 -0.092 -0.691 0.9 0.0 -0.433 0.036 0.78 0.0 -0.026 -0.625 -0.71 -0.0 -0.27 -0.651 -0.773 -0.0 -0.603 0.195 0.762 -0.0 -0.266 -0.59 0.775 0.0 -0.585 0.238 
0.987 -0.148 0.004 -0.058 -0.899 -0.0 -0.438 -0.012 -0.717 -0.0 -0.092 -0.691 0.9 0.0 -0.433 0.036 0.78 0.0 -0.026 -0.625 -0.709 -0.0 -0.27 -0.651 -0.773 -0.0 -0.603 0.195 0.762 -0.0 -0.266 -0.59 0.775 -0.0 -0.585 0.238 
0.987 -0.148 0.004 -0.058 -0.899 0.0 -0.438 -0.012 -0.717 -0.0 -0.093 -0.691 0.9 -0.0 -0.433 0.036 0.78 0.0 -0.026 -0.625 -0.709 -0.0 -0.27 -0.651 -0.773 -0.0 -0.603 0.195 0.762 -0.0 -0.266 -0.59 0.776 -0.0 -0.585 0.238 
0.987 -0.148 0.004 -0.058 -0.899 0.0 -0.438 -0.012 -0.717 0.0 -0.092 -0.691 0.9 0.0 -0.433 0.036 0.78 0.0 -0.026 -0.625 -0.71 -0.0 -0.27 -0.651 -0.773 -0.0 -0.603 0.195 0.762 0.0 -0.266 -0.59 0.775 0.0 -0.585 0.238 
0.987 -0.148 0.004 -0.058 -0.899 -0.0 -0.439 -0.012 -0.717 -0.0 -0.092 -0.691 0.9 -0.0 -0.433 0.036 0.78 0.0 -0.026 -0.625 -0.709 0.0 -0.27 -0.651 -0.773 -0.0 -0.603 0.195 0.762 0.0 -0.266 -0.59 0.775 0.0 -0.585 0.238 
0.987 -0.148 0.004 -0.058 -0.899 -0.0 -0.438 -0.012 -0.717 -0.0 -0.093 -0.691 0.9 0.0 -0.434 0.036 0.78 -0.0 -0.026 -0.625 -0.709 0.0 -0.27 -0.651 -0.773 0.0 -0.603 0.195 0.762 -0.0 -0.266 -0.59 0.775 0.0 -0.585 0.238 
0.987 -0.148 0.004 -0.058 -0.899 -0.0 -0.438 -0.012 -0.717 -0.0 -0.093 -0.691 0.9 -0.0 -0.434 0.037 0.78 0.0 -0.026 -0.625 -0.709 -0.0 -0.27 -0.651 -0.773 -0.0 -0.603 0.195 0.762 0.0 -0.266 -0.59 0.775 0.0 -0.585 0.238 
0.987 -0.148 0.004 -0.058 -0.899 -0.0 -0.438 -0.012 -0.717 -0.0 -0.092 -0.691 0.9 0.0 -0.434 0.036 0.78 0.0 -0.026 -0.625 -0.71 -0.0 -0.27 -0.651 -0.773 -0.0 -0.603 0.195 0.762 0.0 -0.266 -0.59 0.775 0.0 -0.585 0.238 
0.987 -0.148 0.004 -0.058 -0.899 -0.0 -0.438 -0.012 -0.717 -0.0 -0.093 -0.691 0.9 0.0 -0.434 0.036 0.78 0.0 -0.026 -0.625 -0.71 -0.0 -0.27 -0.651 -0.773 -0.0 -0.603 0.195 0.762 0.0 -0.266 -0.59 0.775 0.0 -0.585 0.238 
0.987 -0.148 0.004 -0.058 -0.899 -0.0 -0.438 -0.012 -0.717 -0.0 -0.093 -0.691 0.9 0.0 -0.434 0.037 0.78 0.0 -0.026 -0.625 -0.709 -0.0 -0.27 -0.651 -0.773 -0.0 -0.603 0.195 0.762 0.0 -0.266 -0.59 0.776 0.0 -0.585 0.238 
0.987 -0.148 0.004 -0.058 -0.899 -0.0 -0.438 -0.012 -0.717 0.0 -0.093 -0.691 0.9 0.0 -0.434 0.036 0.78 0.0 -0.026 -0.625 -0.709 0.0 -0.27 -0.651 -0.773 -0.0 -0.603 0.195 0.762 0.0 -0.266 -0.59 0.776 0.0 -0.585 0.238 
0.987 -0.148 0.004 -0.058 -0.899 -0.0 -0.438 -0.012 -0.717 -0.0 -0.092 -0.691 0.9 0.0 -0.434 0.036 0.78 -0.0 -0.026 -0.625 -0.71 -0.0 -0.27 -0.651 -0.773 -0.0 -0.603 0.195 0.762 0.0 -0.266 -0.59 0.775 -0.0 -0.585 0.238 
0.987 -0.148 0.004 -0.058 -0.899 0.0 -0.438 -0.012 -0.717 -0.0 -0.093 -0.691 0.9 -0.0 -0.434 0.037 0.78 -0.0 -0.027 -0.625 -0.709 -0.0 -0.27 -0.651 -0.773 0.0 -0.603 0.195 0.762 0.0 -0.266 -0.59 0.775 -0.0 -0.585 0.238 
0.987 -0.148 0.004 -0.058 -0.899 0.0 -0.438 -0.012 -0.717 -0.0 -0.093 -0.691 0.9 0.0 -0.434 0.036 0.78 0.0 -0.026 -0.625 -0.71 -0.0 -0.269 -0.651 -0.773 -0.0 -0.603 0.195 0.762 0.0 -0.266 -0.59 0.775 0.0 -0.585 0.238 
0.987 -0.148 0.004 -0.058 -0.899 -0.0 -0.438 -0.012 -0.717 -0.0 -0.093 -0.691 0.9 -0.0 -0.434 0.036 0.78 -0.0 -0.026 -0.625 -0.709 0.0 -0.27 -0.651 -0.773 -0.0 -0.603 0.195 0.762 0.0 -0.266 -0.59 0.775 0.0 -0.585 0.238 
0.987 -0.148 0.004 -0.058 -0.899 -0.0 -0.438 -0.012 -0.717 -0.0 -0.093 -0.691 0.9 0.0 -0.433 0.036 0.78 -0.0 -0.027 -0.625 -0.709 -0.0 -0.27 -0.651 -0.773 -0.0 -0.603 0.195 0.762 0.0 -0.266 -0.59 0.775 0.0 -0.585 0.238 
0.987 -0.148 0.004 -0.058 -0.899 0.0 -0.438 -0.012 -0.717 -0.0 -0.093 -0.691 0.9 0.0 -0.433 0.036 0.78 -0.0 -0.027 -0.625 -0.71 -0.0 -0.27 -0.651 -0.773 -0.0 -0.603 0.195 0.762 -0.0 -0.266 -0.59 0.775 0.0 -0.585 0.238 
0.987 -0.148 0.004 -0.058 -0.899 -0.0 -0.438 -0.012 -0.717 -0.0 -0.093 -0.691 0.9 0.0 -0.433 0.037 0.78 0.0 -0.027 -0.625 -0.709 -0.0 -0.27 -0.651 -0.773 -0.0 -0.603 0.195 0.762 0.0 -0.266 -0.59 0.775 0.0 -0.585 0.238 
0.987 -0.148 0.004 -0.058 -0.899 -0.0 -0.438 -0.012 -0.717 -0.0 -0.093 -0.691 0.9 0.0 -0.433 0.036 0.78 0.0 -0.027 -0.625 -0.71 -0.0 -0.269 -0.651 -0.773 -0.0 -0.603 0.195 0.762 -0.0 -0.266 -0.59 0.775 0.0 -0.585 0.238 
0.987 -0.148 0.004 -0.058 -0.899 -0.0 -0.438 -0.012 -0.717 -0.0 -0.093 -0.69 0.9 0.0 -0.434 0.037 0.78 -0.0 -0.027 -0.625 -0.709 -0.0 -0.27 -0.651 -0.773 -0.0 -0.603 0.195 0.762 0.0 -0.266 -0.59 0.775 -0.0 -0.585 0.238 
0.987 -0.148 0.004 -0.058 -0.899 -0.0 -0.438 -0.012 -0.717 -0.0 -0.093 -0.691 0.9 0.0 -0.433 0.036 0.78 0.0 -0.027 -0.625 -0.709 -0.0 -0.27 -0.651 -0.773 -0.0 -0.603 0.195 0.762 -0.0 -0.266 -0.59 0.776 -0.0 -0.585 0.238 
0.987 -0.148 0.004 -0.058 -0.899 -0.0 -0.438 -0.012 -0.717 -0.0 -0.093 -0.691 0.9 0.0 -0.434 0.036 0.78 0.0 -0.027 -0.625 -0.71 -0.0 -0.269 -0.651 -0.773 -0.0 -0.603 0.195 0.762 -0.0 -0.266 -0.591 0.775 0.0 -0.586 0.238 
0.987 -0.148 0.004 -0.058 -0.899 -0.0 -0.438 -0.012 -0.717 -0.0 -0.093 -0.691 0.9 0.0 -0.434 0.037 0.78 0.0 -0.026 -0.625 -0.709 -0.0 -0.27 -0.651 -0.773 -0.0 -0.603 0.195 0.762 0.0 -0.266 -0.59 0.775 -0.0 -0.585 0.238 
0.987 -0.148 0.004 -0.058 -0.899 -0.0 -0.438 -0.012 -0.717 -0.0 -0.094 -0.691 0.9 0.0 -0.434 0.037 0.78 0.0 -0.027 -0.625 -0.709 0.0 -0.27 -0.651 -0.773 -0.0 -0.603 0.195 0.762 0.0 -0.266 -0.59 0.775 -0.0 -0.585 0.238 
0.987 -0.148 0.004 -0.058 -0.899 0.0 -0.438 -0.012 -0.717 -0.0 -0.093 -0.691 0.9 0.0 -0.433 0.036 0.78 0.0 -0.027 -0.625 -0.71 -0.0 -0.27 -0.651 -0.773 -0.0 -0.603 0.195 0.762 0.0 -0.266 -0.591 0.775 0.0 -0.585 0.238 
0.987 -0.148 0.004 -0.058 -0.899 -0.0 -0.438 -0.012 -0.717 0.0 -0.093 -0.691 0.9 -0.0 -0.433 0.036 0.78 0.0 -0.027 -0.625 -0.709 -0.0 -0.269 -0.651 -0.773 -0.0 -0.603 0.195 0.762 0.0 -0.266 -0.59 0.775 0.0 -0.585 0.238 
0.987 -0.148 0.004 -0.058 -0.899 -0.0 -0.438 -0.012 -0.717 -0.0 -0.094 -0.691 0.901 0.0 -0.433 0.036 0.78 0.0 -0.027 -0.625 -0.709 -0.0 -0.269 -0.651 -0.773 -0.0 -0.603 0.195 0.762 0.0 -0.266 -0.59 0.775 -0.0 -0.585 0.238 
0.987 -0.148 0.004 -0.058 -0.899 -0.0 -0.438 -0.012 -0.717 -0.0 -0.094 -0.69 0.9 0.0 -0.433 0.037 0.78 0.0 -0.027 -0.625 -0.709 -0.0 -0.27 -0.651 -0.773 -0.0 -0.603 0.195 0.762 0.0 -0.266 -0.59 0.775 0.0 -0.585 0.238 
0.987 -0.148 0.004 -0.058 -0.899 -0.0 -0.438 -0.012 -0.717 -0.0 -0.094 -0.69 0.901 0.0 -0.433 0.036 0.78 0.0 -0.027 -0.625 -0.71 -0.0 -0.27 -0.651 -0.773 0.0 -0.603 0.195 0.762 -0.0 -0.266 -0.59 0.775 0.0 -0.585 0.238 
0.987 -0.148 0.004 -0.058 -0.899 -0.0 -0.438 -0.012 -0.717 -0.0 -0.094 -0.69 0.901 0.0 -0.433 0.036 0.78 -0.0 -0.027 -0.625 -0.71 -0.0 -0.269 -0.651 -0.773 -0.0 -0.603 0.195 0.762 -0.0 -0.265 -0.591 0.775 0.0 -0.586 0.238 
0.987 -0.148 0.004 -0.058 -0.899 -0.0 -0.438 -0.012 -0.717 -0.0 -0.094 -0.69 0.901 0.0 -0.433 0.037 0.78 0.0 -0.027 -0.625 -0.71 -0.0 -0.269 -0.651 -0.773 0.0 -0.603 0.194 0.762 -0.0 -0.266 -0.59 0.776 -0.0 -0.585 0.238 
0.987 -0.148 0.004 -0.058 -0.899 -0.0 -0.438 -0.012 -0.717 0.0 -0.094 -0.69 0.901 0.0 -0.433 0.037 0.78 -0.0 -0.027 -0.625 -0.71 -0.0 -0.27 -0.651 -0.773 -0.0 -0.603 0.195 0.762 0.0 -0.266 -0.59 0.775 0.0 -0.585 0.238 
0.987 -0.148 0.004 -0.058 -0.899 -0.0 -0.438 -0.012 -0.717 -0.0 -0.094 -0.69 0.901 0.0 -0.433 0.036 0.78 0.0 -0.027 -0.625 -0.71 -0.0 -0.269 -0.651 -0.773 0.0 -0.603 0.194 0.762 0.0 -0.265 -0.591 0.775 0.0 -0.586 0.238 
0.987 -0.148 0.004 -0.058 -0.899 -0.0 -0.438 -0.012 -0.717 -0.0 -0.094 -0.69 0.901 0.0 -0.433 0.037 0.78 0.0 -0.027 -0.625 -0.71 -0.0 -0.269 -0.651 -0.773 -0.0 -0.603 0.194 0.762 0.0 -0.266 -0.591 0.775 -0.0 -0.585 0.238 
0.987 -0.148 0.004 -0.058 -0.899 -0.0 -0.438 -0.012 -0.717 -0.0 -0.094 -0.69 0.901 0.0 -0.433 0.037 0.78 0.0 -0.027 -0.625 -0.71 -0.0 -0.269 -0.651 -0.773 -0.0 -0.603 0.194 0.762 0.0 -0.265 -0.591 0.775 0.0 -0.585 0.237 
0.987 -0.148 0.004 -0.058 -0.899 -0.0 -0.438 -0.012 -0.717 -0.0 -0.095 -0.69 0.901 0.0 -0.433 0.037 0.781 0.0 -0.027 -0.624 -0.709 0.0 -0.27 -0.651 -0.773 -0.0 -0.603 0.195 0.762 0.0 -0.266 -0.59 0.776 0.0 -0.585 0.238 
0.987 -0.148 0.004 -0.058 -0.899 -0.0 -0.438 -0.012 -0.717 -0.0 -0.095 -0.69 0.901 0.0 -0.433 0.037 0.781 0.0 -0.027 -0.624 -0.709 0.0 -0.269 -0.651 -0.773 -0.0 -0.603 0.194 0.762 0.0 -0.265 -0.59 0.775 -0.0 -0.585 0.237 
0.987 -0.148 0.004 -0.058 -0.899 -0.0 -0.438 -0.012 -0.717 -0.0 -0.095 -0.69 0.901 0.0 -0.433 0.037 0.781 -0.0 -0.027 -0.624 -0.71 -0.0 -0.269 -0.651 -0.773 -0.0 -0.603 0.194 0.762 0.0 -0.266 -0.591 0.775 0.0 -0.585 0.238 
0.987 -0.148 0.004 -0.058 -0.899 -0.0 -0.438 -0.012 -0.718 -0.0 -0.095 -0.69 0.901 0.0 -0.433 0.037 0.781 0.0 -0.028 -0.624 -0.71 -0.0 -0.269 -0.651 -0.773 -0.0 -0.603 0.194 0.762 0.0 -0.266 -0.59 0.775 -0.0 -0.585 0.238 
0.987 -0.148 0.004 -0.058 -0.899 -0.0 -0.438 -0.012 -0.718 0.0 -0.095 -0.69 0.901 0.0 -0.433 0.037 0.781 0.0 -0.028 -0.624 -0.71 -0.0 -0.269 -0.651 -0.773 -0.0 -0.603 0.194 0.762 0.0 -0.265 -0.59 0.775 0.0 -0.585 0.238 
0.987 -0.148 0.004 -0.058 -0.899 0.0 -0.438 -0.012 -0.718 0.0 -0.096 -0.69 0.901 0.0 -0.433 0.037 0.781 0.0 -0.028 -0.624 -0.71 -0.0 -0.269 -0.651 -0.773 -0.0 -0.603 0.194 0.762 0.0 -0.266 -0.59 0.775 0.0 -0.585 0.238 
0.987 -0.148 0.004 -0.058 -0.899 -0.0 -0.438 -0.012 -0.718 -0.0 -0.096 -0.69 0.901 0.0 -0.433 0.037 0.781 0.0 -0.028 -0.624 -0.709 0.0 -0.269 -0.651 -0.773 -0.0 -0.603 0.194 0.762 0.0 -0.266 -0.59 0.776 0.0 -0.585 0.237 
0.987 -0.148 0.004 -0.058 -0.899 -0.0 -0.438 -0.012 -0.718 -0.0 -0.096 -0.69 0.901 -0.0 -0.433 0.037 0.781 0.0 -0.028 -0.624 -0.71 -0.0 -0.269 -0.651 -0.773 -0.0 -0.603 0.194 0.762 0.0 -0.266 -0.59 0.775 0.0 -0.585 0.238 
0.987 -0.148 0.004 -0.058 -0.899 -0.0 -0.438 -0.012 -0.718 -0.0 -0.096 -0.69 0.901 0.0 -0.433 0.037 0.781 0.0 -0.029 -0.624 -0.709 -0.0 -0.269 -0.651 -0.773 -0.0 -0.603 0.195 0.762 0.0 -0.266 -0.59 0.775 -0.0 -0.585 0.238 
0.987 -0.148 0.004 -0.058 -0.899 -0.0 -0.438 -0.012 -0.718 -0.0 -0.096 -0.69 0.901 0.0 -0.433 0.036 0.781 0.0 -0.029 -0.623 -0.709 -0.0 -0.27 -0.651 -0.773 -0.0 -0.603 0.195 0.762 0.0 -0.266 -0.59 0.775 -0.0 -0.585 0.238 
0.987 -0.148 0.004 -0.058 -0.899 -0.0 -0.438 -0.012 -0.718 0.0 -0.096 -0.689 0.901 -0.0 -0.433 0.037 0.781 0.0 -0.029 -0.624 -0.71 -0.0 -0.269 -0.651 -0.773 -0.0 -0.603 0.195 0.762 0.0 -0.266 -0.59 0.775 0.0 -0.585 0.238 
0.987 -0.148 0.004 -0.058 -0.899 -0.0 -0.438 -0.012 -0.718 -0.0 -0.096 -0.689 0.901 0.0 -0.433 0.037 0.781 0.0 -0.03 -0.624 -0.71 -0.0 -0.27 -0.651 -0.773 0.0 -0.603 0.194 0.762 0.0 -0.266 -0.591 0.775 0.0 -0.585 0.238 
0.987 -0.148 0.004 -0.058 -0.899 -0.0 -0.438 -0.012 -0.718 -0.0 -0.096 -0.689 0.901 0.0 -0.433 0.037 0.781 -0.0 -0.03 -0.624 -0.709 -0.0 -0.269 -0.651 -0.773 -0.0 -0.603 0.194 0.762 0.0 -0.265 -0.591 0.775 0.0 -0.586 0.238 
0.987 -0.148 0.004 -0.058 -0.899 -0.0 -0.438 -0.012 -0.718 -0.0 -0.096 -0.689 0.901 0.0 -0.433 0.037 0.781 0.0 -0.03 -0.623 -0.709 -0.0 -0.27 -0.651 -0.774 -0.0 -0.603 0.194 0.762 0.0 -0.266 -0.59 0.775 0.0 -0.585 0.238 
0.987 -0.148 0.004 -0.058 -0.899 -0.0 -0.438 -0.012 -0.718 -0.0 -0.097 -0.689 0.901 -0.0 -0.433 0.037 0.781 0.0 -0.03 -0.624 -0.709 0.0 -0.27 -0.651 -0.773 -0.0 -0.603 0.195 0.762 0.0 -0.266 -0.59 0.776 -0.0 -0.585 0.238 
0.987 -0.148 0.004 -0.058 -0.899 -0.0 -0.437 -0.012 -0.718 -0.0 -0.096 -0.689 0.901 0.0 -0.433 0.037 0.781 0.0 -0.03 -0.624 -0.709 -0.0 -0.269 -0.651 -0.773 0.0 -0.603 0.194 0.762 0.0 -0.266 -0.59 0.775 0.0 -0.585 0.238 
0.987 -0.148 0.004 -0.058 -0.899 -0.0 -0.438 -0.012 -0.718 -0.0 -0.096 -0.689 0.901 0.0 -0.433 0.037 0.781 0.0 -0.031 -0.624 -0.709 -0.0 -0.269 -0.651 -0.773 -0.0 -0.603 0.195 0.762 0.0 -0.265 -0.59 0.775 0.0 -0.585 0.238 
0.987 -0.148 0.004 -0.058 -0.899 -0.0 -0.438 -0.012 -0.718 -0.0 -0.096 -0.689 0.901 0.0 -0.433 0.037 0.781 0.0 -0.031 -0.623 -0.71 -0.0 -0.269 -0.651 -0.773 -0.0 -0.603 0.194 0.762 0.0 -0.266 -0.59 0.775 0.0 -0.585 0.238 
0.987 -0.148 0.004 -0.058 -0.899 -0.0 -0.437 -0.012 -0.718 -0.0 -0.097 -0.689 0.901 0.0 -0.433 0.037 0.781 0.0 -0.031 -0.623 -0.709 0.0 -0.27 -0.651 -0.773 -0.0 -0.603 0.195 0.762 -0.0 -0.266 -0.59 0.776 -0.0 -0.585 0.238 
0.987 -0.148 0.004 -0.058 -0.899 0.0 -0.437 -0.012 -0.718 -0.0 -0.097 -0.689 0.901 0.0 -0.433 0.037 0.781 0.0 -0.031 -0.624 -0.709 0.0 -0.269 -0.651 -0.773 0.0 -0.603 0.194 0.762 -0.0 -0.266 -0.59 0.775 0.0 -0.585 0.238 
0.987 -0.148 0.004 -0.058 -0.899 -0.0 -0.437 -0.012 -0.718 -0.0 -0.096 -0.689 0.901 0.0 -0.433 0.037 0.781 0.0 -0.031 -0.624 -0.71 -0.0 -0.269 -0.651 -0.773 -0.0 -0.603 0.194 0.762 0.0 -0.266 -0.591 0.775 0.0 -0.585 0.238 
0.987 -0.148 0.004 -0.058 -0.899 -0.0 -0.438 -0.012 -0.718 -0.0 -0.097 -0.689 0.901 0.0 -0.433 0.037 0.781 0.0 -0.031 -0.623 -0.709 -0.0 -0.27 -0.651 -0.773 0.0 -0.603 0.194 0.762 0.0 -0.265 -0.59 0.775 0.0 -0.585 0.238 
0.987 -0.148 0.004 -0.058 -0.899 -0.0 -0.438 -0.012 -0.718 -0.0 -0.097 -0.689 0.901 0.0 -0.433 0.037 0.781 0.0 -0.032 -0.623 -0.709 -0.0 -0.269 -0.651 -0.773 -0.0 -0.603 0.194 0.762 0.0 -0.266 -0.59 0.775 0.0 -0.585 0.238 
0.987 -0.148 0.004 -0.058 -0.899 -0.0 -0.438 -0.012 -0.718 0.0 -0.096 -0.689 0.901 0.0 -0.433 0.037 0.781 -0.0 -0.032 -0.623 -0.709 -0.0 -0.27 -0.651 -0.773 -0.0 -0.603 0.195 0.762 0.0 -0.266 -0.59 0.775 0.0 -0.585 0.238 
0.987 -0.148 0.004 -0.058 -0.899 -0.0 -0.438 -0.012 -0.718 -0.0 -0.097 -0.689 0.901 0.0 -0.433 0.037 0.781 0.0 -0.032 -0.623 -0.71 -0.0 -0.269 -0.651 -0.773 -0.0 -0.603 0.194 0.762 -0.0 -0.266 -0.591 0.775 0.0 -0.585 0.238 
0.987 -0.148 0.004 -0.058 -0.899 0.0 -0.438 -0.012 -0.718 0.0 -0.097 -0.689 0.901 -0.0 -0.433 0.037 0.781 0.0 -0.032 -0.623 -0.709 -0.0 -0.269 -0.651 -0.773 -0.0 -0.603 0.194 0.762 0.0 -0.265 -0.59 0.775 0.0 -0.585 0.238 
0.987 -0.148 0.004 -0.058 -0.899 -0.0 -0.438 -0.012 -0.718 -0.0 -0.097 -0.689 0.901 0.0 -0.433 0.037 0.781 0.0 -0.032 -0.623 -0.709 0.0 -0.269 -0.651 -0.773 -0.0 -0.603 0.194 0.762 0.0 -0.266 -0.59 0.775 0.0 -0.585 0.238 
0.987 -0.148 0.004 -0.058 -0.899 0.0 -0.438 -0.012 -0.718 -0.0 -0.097 -0.689 0.901 0.0 -0.433 0.037 0.781 0.0 -0.032 -0.623 -0.709 -0.0 -0.269 -0.651 -0.773 -0.0 -0.603 0.194 0.762 0.0 -0.265 -0.591 0.775 0.0 -0.585 0.238 
0.987 -0.148 0.004 -0.058 -0.899 -0.0 -0.438 -0.012 -0.719 -0.0 -0.097 -0.689 0.901 0.0 -0.433 0.036 0.782 0.0 -0.032 -0.623 -0.71 -0.0 -0.269 -0.651 -0.773 -0.0 -0.603 0.194 0.762 0.0 -0.265 -0.591 0.775 0.0 -0.585 0.238 
0.987 -0.148 0.004 -0.058 -0.899 -0.0 -0.438 -0.012 -0.719 -0.0 -0.097 -0.689 0.901 0.0 -0.433 0.036 0.782 0.0 -0.032 -0.623 -0.709 -0.0 -0.269 -0.651 -0.773 -0.0 -0.603 0.194 0.762 -0.0 -0.265 -0.591 0.775 0.0 -0.586 0.237 
0.987 -0.148 0.004 -0.058 -0.899 -0.0 -0.438 -0.012 -0.719 -0.0 -0.097 -0.689 0.901 0.0 -0.433 0.037 0.781 0.0 -0.032 -0.623 -0.709 -0.0 -0.269 -0.651 -0.773 -0.0 -0.603 0.194 0.762 0.0 -0.265 -0.59 0.775 0.0 -0.585 0.238 
0.987 -0.148 0.004 -0.058 -0.899 -0.0 -0.438 -0.012 -0.719 -0.0 -0.097 -0.689 0.901 0.0 -0.433 0.036 0.782 0.0 -0.032 -0.623 -0.709 0.0 -0.269 -0.651 -0.773 -0.0 -0.603 0.194 0.762 0.0 -0.265 -0.59 0.775 -0.0 -0.585 0.238 
0.987 -0.148 0.004 -0.058 -0.899 -0.0 -0.438 -0.012 -0.719 -0.0 -0.097 -0.688 0.901 0.0 -0.433 0.037 0.781 -0.0 -0.032 -0.623 -0.709 0.0 -0.269 -0.651 -0.773 -0.0 -0.603 0.194 0.762 0.0 -0.265 -0.591 0.775 -0.0 -0.585 0.238 
0.987 -0.148 0.004 -0.058 -0.899 -0.0 -0.438 -0.012 -0.719 -0.0 -0.097 -0.688 0.901 0.0 -0.433 0.037 0.781 0.0 -0.032 -0.623 -0.709 0.0 -0.269 -0.651 -0.773 0.0 -0.603 0.194 0.762 0.0 -0.265 -0.591 0.775 0.0 -0.585 0.237 
0.987 -0.148 0.004 -0.058 -0.899 0.0 -0.438 -0.012 -0.719 -0.0 -0.098 -0.688 0.901 0.0 -0.433 0.037 0.782 0.0 -0.032 -0.623 -0.709 -0.0 -0.27 -0.651 -0.773 -0.0 -0.603 0.195 0.762 0.0 -0.266 -0.59 0.776 0.0 -0.585 0.238 
0.987 -0.148 0.004 -0.058 -0.899 -0.0 -0.438 -0.012 -0.719 0.0 -0.097 -0.688 0.901 0.0 -0.433 0.037 0.782 0.0 -0.032 -0.623 -0.709 -0.0 -0.27 -0.651 -0.773 -0.0 -0.603 0.195 0.762 0.0 -0.266 -0.59 0.776 -0.0 -0.585 0.238 
0.987 -0.148 0.004 -0.058 -0.899 -0.0 -0.438 -0.012 -0.719 0.0 -0.097 -0.688 0.901 0.0 -0.433 0.036 0.781 0.0 -0.032 -0.623 -0.709 -0.0 -0.269 -0.651 -0.773 -0.0 -0.603 0.194 0.762 0.0 -0.265 -0.591 0.775 0.0 -0.585 0.238 
0.987 -0.148 0.004 -0.058 -0.899 -0.0 -0.438 -0.012 -0.719 -0.0 -0.097 -0.688 0.901 0.0 -0.433 0.036 0.782 0.0 -0.032 -0.623 -0.709 -0.0 -0.269 -0.651 -0.773 0.0 -0.603 0.194 0.762 0.0 -0.265 -0.59 0.775 0.0 -0.585 0.238 
0.987 -0.148 0.004 -0.058 -0.899 -0.0 -0.438 -0.012 -0.719 -0.0 -0.098 -0.688 0.901 0.0 -0.433 0.037 0.782 -0.0 -0.032 -0.623 -0.709 -0.0 -0.27 -0.652 -0.773 -0.0 -0.603 0.195 0.762 0.0 -0.266 -0.59 0.776 0.0 -0.585 0.238 
0.987 -0.148 0.004 -0.058 -0.899 -0.0 -0.438 -0.012 -0.719 0.0 -0.097 -0.688 0.901 -0.0 -0.433 0.036 0.782 0.0 -0.032 -0.623 -0.709 -0.0 -0.269 -0.651 -0.773 -0.0 -0.603 0.194 0.762 0.0 -0.265 -0.59 0.775 0.0 -0.586 0.237 
0.987 -0.148 0.004 -0.058 -0.899 -0.0 -0.438 -0.012 -0.719 -0.0 -0.097 -0.688 0.901 0.0 -0.433 0.036 0.782 -0.0 -0.032 -0.623 -0.709 0.0 -0.269 -0.651 -0.773 0.0 -0.603 0.194 0.762 0.0 -0.265 -0.591 0.775 -0.0 -0.586 0.237 
0.987 -0.148 0.004 -0.058 -0.899 -0.0 -0.437 -0.012 -0.719 -0.0 -0.097 -0.688 0.901 0.0 -0.433 0.036 0.782 0.0 -0.032 -0.623 -0.71 -0.0 -0.269 -0.651 -0.773 -0.0 -0.603 0.194 0.762 0.0 -0.265 -0.591 0.775 0.0 -0.585 0.237 
0.987 -0.148 0.004 -0.058 -0.899 -0.0 -0.438 -0.012 -0.719 -0.0 -0.097 -0.688 0.901 -0.0 -0.433 0.036 0.782 0.0 -0.032 -0.623 -0.709 -0.0 -0.269 -0.651 -0.773 -0.0 -0.603 0.194 0.762 0.0 -0.265 -0.591 0.775 0.0 -0.585 0.238 
0.987 -0.148 0.004 -0.058 -0.899 -0.0 -0.437 -0.012 -0.719 -0.0 -0.098 -0.688 0.901 0.0 -0.433 0.036 0.782 -0.0 -0.032 -0.623 -0.709 -0.0 -0.269 -0.651 -0.773 -0.0 -0.603 0.194 0.762 0.0 -0.265 -0.591 0.775 -0.0 -0.585 0.237 
0.987 -0.148 0.004 -0.058 -0.899 -0.0 -0.437 -0.012 -0.719 -0.0 -0.098 -0.688 0.901 -0.0 -0.433 0.036 0.782 0.0 -0.032 -0.623 -0.709 -0.0 -0.269 -0.651 -0.773 -0.0 -0.603 0.194 0.762 0.0 -0.265 -0.59 0.775 -0.0 -0.585 0.237 
0.987 -0.148 0.004 -0.058 -0.899 -0.0 -0.437 -0.012 -0.719 0.0 -0.098 -0.688 0.901 0.0 -0.433 0.036 0.782 -0.0 -0.032 -0.623 -0.709 -0.0 -0.269 -0.652 -0.773 -0.0 -0.603 0.195 0.762 0.0 -0.266 -0.59 0.776 -0.0 -0.585 0.238 
0.987 -0.148 0.004 -0.058 -0.899 -0.0 -0.437 -0.013 -0.719 -0.0 -0.098 -0.688 0.901 0.0 -0.433 0.036 0.782 0.0 -0.032 -0.623 -0.709 -0.0 -0.269 -0.652 -0.773 -0.0 -0.603 0.195 0.762 -0.0 -0.266 -0.59 0.775 0.0 -0.585 0.238 
0.987 -0.148 0.004 -0.058 -0.899 -0.0 -0.437 -0.013 -0.719 -0.0 -0.098 -0.688 0.901 0.0 -0.433 0.036 0.782 0.0 -0.032 -0.623 -0.709 -0.0 -0.269 -0.651 -0.773 -0.0 -0.603 0.194 0.762 0.0 -0.265 -0.591 0.775 0.0 -0.585 0.237 
0.987 -0.148 0.004 -0.058 -0.899 -0.0 -0.437 -0.013 -0.719 -0.0 -0.098 -0.688 0.901 0.0 -0.433 0.036 0.782 0.0 -0.032 -0.623 -0.709 -0.0 -0.269 -0.651 -0.773 -0.0 -0.604 0.194 0.762 -0.0 -0.265 -0.591 0.775 0.0 -0.585 0.237 
0.987 -0.148 0.004 -0.058 -0.899 0.0 -0.437 -0.013 -0.719 0.0 -0.098 -0.688 0.901 0.0 -0.433 0.036 0.782 0.0 -0.032 -0.623 -0.709 -0.0 -0.269 -0.651 -0.773 -0.0 -0.604 0.194 0.762 -0.0 -0.265 -0.59 0.775 0.0 -0.586 0.237 
0.987 -0.148 0.004 -0.058 -0.899 0.0 -0.437 -0.013 -0.719 -0.0 -0.098 -0.688 0.901 0.0 -0.433 0.036 0.782 0.0 -0.032 -0.623 -0.709 -0.0 -0.269 -0.651 -0.773 -0.0 -0.603 0.194 0.762 -0.0 -0.265 -0.59 0.775 -0.0 -0.585 0.237 
0.987 -0.148 0.004 -0.058 -0.899 -0.0 -0.437 -0.013 -0.719 -0.0 -0.098 -0.688 0.901 0.0 -0.433 0.035 0.782 0.0 -0.032 -0.623 -0.709 -0.0 -0.269 -0.651 -0.773 -0.0 -0.603 0.194 0.762 0.0 -0.265 -0.591 0.775 0.0 -0.585 0.237 
0.987 -0.148 0.004 -0.058 -0.899 -0.0 -0.437 -0.013 -0.719 -0.0 -0.098 -0.688 0.901 0.0 -0.433 0.036 0.782 0.0 -0.032 -0.623 -0.709 -0.0 -0.269 -0.652 -0.773 -0.0 -0.603 0.194 0.762 0.0 -0.266 -0.59 0.776 0.0 -0.585 0.238 
0.987 -0.148 0.004 -0.058 -0.899 0.0 -0.437 -0.013 -0.719 -0.0 -0.098 -0.688 0.901 0.0 -0.433 0.036 0.782 -0.0 -0.032 -0.623 -0.709 -0.0 -0.269 -0.651 -0.773 -0.0 -0.604 0.194 0.762 0.0 -0.265 -0.591 0.775 0.0 -0.586 0.237 
0.987 -0.148 0.004 -0.058 -0.899 -0.0 -0.437 -0.013 -0.719 -0.0 -0.098 -0.688 0.901 0.0 -0.433 0.036 0.782 0.0 -0.032 -0.623 -0.709 -0.0 -0.269 -0.651 -0.773 -0.0 -0.603 0.194 0.762 0.0 -0.265 -0.59 0.775 0.0 -0.585 0.238 
0.987 -0.148 0.004 -0.058 -0.899 0.0 -0.437 -0.013 -0.719 0.0 -0.098 -0.688 0.901 0.0 -0.433 0.035 0.782 0.0 -0.032 -0.623 -0.709 -0.0 -0.269 -0.651 -0.773 -0.0 -0.604 0.194 0.762 0.0 -0.265 -0.591 0.775 -0.0 -0.585 0.237 
0.987 -0.148 0.004 -0.058 -0.899 -0.0 -0.437 -0.013 -0.719 -0.0 -0.098 -0.688 0.901 0.0 -0.433 0.035 0.782 0.0 -0.032 -0.623 -0.709 0.0 -0.269 -0.651 -0.773 -0.0 -0.604 0.194 0.762 0.0 -0.265 -0.59 0.776 0.0 -0.585 0.237 
0.987 -0.148 0.004 -0.058 -0.899 -0.0 -0.437 -0.013 -0.719 -0.0 -0.098 -0.688 0.901 0.0 -0.433 0.036 0.782 0.0 -0.032 -0.623 -0.709 -0.0 -0.269 -0.652 -0.773 -0.0 -0.603 0.194 0.762 0.0 -0.266 -0.59 0.775 0.0 -0.585 0.238 
0.987 -0.148 0.004 -0.058 -0.899 -0.0 -0.437 -0.013 -0.719 0.0 -0.097 -0.688 0.901 0.0 -0.433 0.035 0.782 0.0 -0.032 -0.623 -0.71 -0.0 -0.269 -0.651 -0.773 0.0 -0.604 0.194 0.762 0.0 -0.265 -0.591 0.775 0.0 -0.585 0.237 
0.987 -0.148 0.004 -0.058 -0.899 -0.0 -0.437 -0.013 -0.719 -0.0 -0.097 -0.688 0.901 0.0 -0.433 0.035 0.782 0.0 -0.032 -0.623 -0.709 -0.0 -0.269 -0.651 -0.773 -0.0 -0.604 0.194 0.762 -0.0 -0.265 -0.591 0.775 0.0 -0.585 0.237 
0.987 -0.148 0.004 -0.058 -0.899 -0.0 -0.437 -0.013 -0.719 -0.0 -0.097 -0.688 0.901 0.0 -0.433 0.035 0.782 0.0 -0.031 -0.623 -0.71 -0.0 -0.269 -0.651 -0.773 0.0 -0.604 0.194 0.762 0.0 -0.265 -0.591 0.775 0.0 -0.585 0.237 
0.987 -0.148 0.004 -0.058 -0.899 -0.0 -0.437 -0.013 -0.719 -0.0 -0.098 -0.688 0.901 0.0 -0.433 0.035 0.782 0.0 -0.031 -0.623 -0.709 -0.0 -0.269 -0.652 -0.773 -0.0 -0.603 0.194 0.762 -0.0 -0.265 -0.59 0.775 -0.0 -0.585 0.237 
0.987 -0.148 0.004 -0.058 -0.899 -0.0 -0.437 -0.013 -0.719 -0.0 -0.098 -0.688 0.901 0.0 -0.433 0.035 0.782 0.0 -0.031 -0.623 -0.709 -0.0 -0.269 -0.652 -0.773 -0.0 -0.603 0.194 0.762 0.0 -0.265 -0.59 0.775 -0.0 -0.585 0.237 
0.987 -0.148 0.004 -0.058 -0.899 -0.0 -0.437 -0.013 -0.719 -0.0 -0.098 -0.688 0.901 -0.0 -0.433 0.035 0.782 0.0 -0.032 -0.623 -0.709 -0.0 -0.269 -0.651 -0.773 -0.0 -0.603 0.194 0.762 0.0 -0.265 -0.591 0.775 0.0 -0.585 0.237 
0.987 -0.147 0.004 -0.058 -0.899 -0.0 -0.437 -0.013 -0.719 0.0 -0.098 -0.688 0.901 -0.0 -0.433 0.035 0.782 0.0 -0.032 -0.623 -0.709 -0.0 -0.269 -0.651 -0.773 -0.0 -0.604 0.194 0.762 0.0 -0.265 -0.591 0.775 0.0 -0.585 0.237 
0.987 -0.147 0.004 -0.058 -0.899 -0.0 -0.437 -0.014 -0.719 -0.0 -0.098 -0.688 0.901 0.0 -0.433 0.035 0.782 -0.0 -0.031 -0.623 -0.709 0.0 -0.269 -0.651 -0.773 -0.0 -0.604 0.194 0.762 0.0 -0.265 -0.591 0.775 0.0 -0.585 0.237 
0.987 -0.148 0.004 -0.058 -0.899 -0.0 -0.437 -0.014 -0.719 -0.0 -0.097 -0.688 0.901 0.0 -0.433 0.035 0.782 0.0 -0.031 -0.623 -0.709 -0.0 -0.269 -0.652 -0.773 -0.0 -0.604 0.194 0.762 0.0 -0.265 -0.591 0.775 -0.0 -0.585 0.237 
0.987 -0.148 0.004 -0.058 -0.899 0.0 -0.438 -0.014 -0.719 -0.0 -0.098 -0.688 0.901 0.0 -0.433 0.035 0.782 0.0 -0.031 -0.623 -0.709 0.0 -0.269 -0.652 -0.773 -0.0 -0.604 0.194 0.762 0.0 -0.265 -0.59 0.776 0.0 -0.585 0.237 
0.987 -0.147 0.004 -0.058 -0.899 0.0 -0.437 -0.014 -0.719 -0.0 -0.098 -0.688 0.901 0.0 -0.433 0.035 0.782 0.0 -0.031 -0.623 -0.709 0.0 -0.269 -0.651 -0.773 0.0 -0.604 0.194 0.762 0.0 -0.265 -0.591 0.775 0.0 -0.585 0.237 
0.987 -0.148 0.004 -0.058 -0.899 -0.0 -0.437 -0.014 -0.719 -0.0 -0.098 -0.688 0.901 0.0 -0.433 0.035 0.782 0.0 -0.031 -0.623 -0.709 -0.0 -0.269 -0.652 -0.773 -0.0 -0.604 0.194 0.762 0.0 -0.265 -0.59 0.775 0.0 -0.585 0.237 
0.987 -0.147 0.004 -0.058 -0.899 -0.0 -0.437 -0.014 -0.719 -0.0 -0.098 -0.688 0.901 0.0 -0.433 0.034 0.782 0.0 -0.031 -0.622 -0.709 0.0 -0.269 -0.652 -0.773 0.0 -0.604 0.194 0.762 -0.0 -0.265 -0.591 0.775 0.0 -0.586 0.237 
0.987 -0.147 0.004 -0.058 -0.899 -0.0 -0.437 -0.014 -0.719 -0.0 -0.098 -0.688 0.901 0.0 -0.433 0.034 0.782 -0.0 -0.031 -0.622 -0.71 -0.0 -0.269 -0.651 -0.773 -0.0 -0.604 0.194 0.762 0.0 -0.265 -0.591 0.775 0.0 -0.585 0.237 
0.987 -0.148 0.004 -0.058 -0.899 -0.0 -0.437 -0.014 -0.719 -0.0 -0.099 -0.688 0.901 -0.0 -0.433 0.035 0.782 -0.0 -0.031 -0.622 -0.709 -0.0 -0.269 -0.652 -0.773 0.0 -0.604 0.194 0.762 0.0 -0.265 -0.59 0.775 0.0 -0.585 0.237 
0.987 -0.147 0.004 -0.058 -0.899 -0.0 -0.437 -0.014 -0.719 -0.0 -0.098 -0.688 0.901 0.0 -0.433 0.034 0.782 0.0 -0.031 -0.623 -0.709 -0.0 -0.269 -0.652 -0.773 -0.0 -0.604 0.194 0.762 0.0 -0.265 -0.591 0.775 0.0 -0.585 0.237 
0.987 -0.147 0.004 -0.058 -0.899 -0.0 -0.437 -0.014 -0.719 -0.0 -0.099 -0.688 0.901 0.0 -0.433 0.034 0.782 0.0 -0.031 -0.622 -0.709 -0.0 -0.269 -0.652 -0.773 -0.0 -0.604 0.194 0.762 0.0 -0.265 -0.591 0.775 0.0 -0.586 0.237 
0.987 -0.147 0.004 -0.058 -0.899 -0.0 -0.437 -0.014 -0.719 -0.0 -0.099 -0.688 0.901 0.0 -0.433 0.034 0.782 0.0 -0.031 -0.622 -0.709 -0.0 -0.269 -0.652 -0.773 -0.0 -0.604 0.194 0.762 0.0 -0.265 -0.591 0.775 0.0 -0.585 0.237 
0.987 -0.147 0.004 -0.058 -0.899 -0.0 -0.437 -0.014 -0.719 -0.0 -0.099 -0.688 0.901 0.0 -0.433 0.034 0.782 0.0 -0.031 -0.623 -0.709 0.0 -0.269 -0.652 -0.773 -0.0 -0.604 0.194 0.762 0.0 -0.265 -0.591 0.775 0.0 -0.585 0.237 
0.987 -0.147 0.004 -0.058 -0.899 -0.0 -0.437 -0.014 -0.719 -0.0 -0.099 -0.688 0.901 0.0 -0.432 0.034 0.782 0.0 -0.031 -0.622 -0.709 0.0 -0.269 -0.652 -0.773 -0.0 -0.604 0.194 0.762 0.0 -0.265 -0.591 0.775 0.0 -0.585 0.237 
0.987 -0.147 0.004 -0.058 -0.899 -0.0 -0.437 -0.014 -0.719 -0.0 -0.099 -0.688 0.901 0.0 -0.433 0.034 0.782 0.0 -0.031 -0.622 -0.709 -0.0 -0.269 -0.652 -0.773 -0.0 -0.604 0.194 0.762 0.0 -0.265 -0.591 0.775 0.0 -0.586 0.237 
0.987 -0.147 0.004 -0.058 -0.899 -0.0 -0.437 -0.014 -0.719 0.0 -0.099 -0.688 0.901 0.0 -0.433 0.035 0.782 0.0 -0.032 -0.623 -0.709 -0.0 -0.269 -0.652 -0.773 -0.0 -0.604 0.194 0.762 -0.0 -0.265 -0.591 0.775 0.0 -0.585 0.237 
0.987 -0.147 0.004 -0.058 -0.9 -0.0 -0.437 -0.014 -0.719 0.0 -0.1 -0.688 0.901 0.0 -0.432 0.034 0.782 0.0 -0.031 -0.623 -0.709 -0.0 -0.269 -0.652 -0.773 -0.0 -0.604 0.194 0.762 0.0 -0.265 -0.591 0.775 0.0 -0.585 0.237 
0.987 -0.147 0.004 -0.058 -0.9 -0.0 -0.437 -0.014 -0.719 -0.0 -0.099 -0.688 0.901 0.0 -0.432 0.034 0.782 0.0 -0.031 -0.622 -0.709 -0.0 -0.269 -0.652 -0.773 -0.0 -0.604 0.194 0.762 0.0 -0.265 -0.591 0.775 0.0 -0.585 0.237 
0.987 -0.147 0.004 -0.058 -0.9 -0.0 -0.437 -0.014 -0.719 -0.0 -0.099 -0.688 0.901 0.0 -0.432 0.034 0.782 0.0 -0.031 -0.623 -0.709 -0.0 -0.268 -0.652 -0.773 -0.0 -0.604 0.193 0.762 0.0 -0.265 -0.591 0.775 -0.0 -0.586 0.237 
0.987 -0.147 0.004 -0.058 -0.9 -0.0 -0.437 -0.014 -0.719 -0.0 -0.099 -0.688 0.901 0.0 -0.432 0.034 0.782 0.0 -0.031 -0.623 -0.71 -0.0 -0.268 -0.652 -0.773 0.0 -0.604 0.193 0.762 -0.0 -0.265 -0.591 0.775 -0.0 -0.586 0.237 
0.987 -0.147 0.004 -0.058 -0.9 -0.0 -0.436 -0.014 -0.719 0.0 -0.099 -0.688 0.901 0.0 -0.432 0.034 0.782 0.0 -0.031 -0.623 -0.71 -0.0 -0.268 -0.652 -0.773 0.0 -0.604 0.193 0.762 -0.0 -0.265 -0.591 0.775 0.0 -0.585 0.237 
0.987 -0.147 0.004 -0.058 -0.9 -0.0 -0.436 -0.014 -0.719 -0.0 -0.1 -0.688 0.901 0.0 -0.432 0.034 0.782 0.0 -0.031 -0.623 -0.71 0.0 -0.268 -0.652 -0.773 -0.0 -0.604 0.193 0.762 0.0 -0.265 -0.591 0.775 0.0 -0.585 0.237 
0.987 -0.147 0.004 -0.058 -0.9 -0.0 -0.436 -0.014 -0.719 -0.0 -0.099 -0.688 0.901 0.0 -0.432 0.034 0.782 -0.0 -0.031 -0.623 -0.71 -0.0 -0.268 -0.652 -0.773 0.0 -0.604 0.193 0.762 0.0 -0.265 -0.591 0.775 0.0 -0.585 0.237 
0.987 -0.147 0.004 -0.058 -0.9 -0.0 -0.436 -0.014 -0.719 -0.0 -0.1 -0.688 0.901 -0.0 -0.432 0.034 0.782 0.0 -0.031 -0.623 -0.709 -0.0 -0.268 -0.652 -0.773 -0.0 -0.604 0.193 0.762 -0.0 -0.265 -0.591 0.775 0.0 -0.585 0.237 
0.987 -0.147 0.004 -0.058 -0.9 -0.0 -0.436 -0.014 -0.719 -0.0 -0.099 -0.687 0.901 0.0 -0.432 0.034 0.782 0.0 -0.031 -0.623 -0.71 -0.0 -0.268 -0.652 -0.773 -0.0 -0.604 0.193 0.762 0.0 -0.264 -0.591 0.775 0.0 -0.586 0.237 
0.987 -0.147 0.004 -0.058 -0.9 -0.0 -0.436 -0.014 -0.719 -0.0 -0.099 -0.688 0.901 -0.0 -0.432 0.034 0.782 0.0 -0.031 -0.623 -0.71 -0.0 -0.268 -0.652 -0.773 -0.0 -0.604 0.193 0.762 0.0 -0.264 -0.591 0.775 0.0 -0.586 0.237 
0.987 -0.147 0.004 -0.058 -0.9 0.0 -0.436 -0.014 -0.719 0.0 -0.099 -0.687 0.901 -0.0 -0.432 0.034 0.782 0.0 -0.031 -0.623 -0.709 0.0 -0.268 -0.652 -0.773 -0.0 -0.604 0.193 0.762 0.0 -0.265 -0.591 0.775 0.0 -0.586 0.237 
0.987 -0.147 0.004 -0.058 -0.9 -0.0 -0.436 -0.014 -0.719 0.0 -0.1 -0.687 0.901 0.0 -0.432 0.033 0.782 0.0 -0.031 -0.622 -0.71 -0.0 -0.268 -0.652 -0.773 -0.0 -0.604 0.193 0.762 0.0 -0.265 -0.591 0.775 0.0 -0.585 0.237 
0.987 -0.147 0.004 -0.058 -0.9 0.0 -0.436 -0.014 -0.72 -0.0 -0.1 -0.687 0.901 0.0 -0.432 0.034 0.782 0.0 -0.031 -0.622 -0.709 -0.0 -0.268 -0.652 -0.773 -0.0 -0.604 0.193 0.762 0.0 -0.265 -0.591 0.775 0.0 -0.585 0.237 
0.987 -0.147 0.004 -0.058 -0.9 -0.0 -0.436 -0.014 -0.72 0.0 -0.1 -0.687 0.901 0.0 -0.432 0.034 0.782 0.0 -0.031 -0.622 -0.71 0.0 -0.268 -0.652 -0.773 0.0 -0.604 0.193 0.762 0.0 -0.264 -0.591 0.775 0.0 -0.586 0.237 
0.987 -0.147 0.004 -0.058 -0.9 -0.0 -0.436 -0.014 -0.72 -0.0 -0.1 -0.687 0.901 0.0 -0.432 0.033 0.782 0.0 -0.031 -0.622 -0.709 -0.0 -0.268 -0.652 -0.774 -0.0 -0.604 0.193 0.762 0.0 -0.265 -0.591 0.775 0.0 -0.585 0.237 
0.987 -0.147 0.004 -0.058 -0.9 -0.0 -0.436 -0.014 -0.72 -0.0 -0.1 -0.687 0.901 -0.0 -0.432 0.033 0.782 -0.0 -0.031 -0.622 -0.709 -0.0 -0.268 -0.652 -0.773 -0.0 -0.604 0.193 0.762 0.0 -0.265 -0.591 0.775 0.0 -0.585 0.237 
0.987 -0.147 0.004 -0.058 -0.9 -0.0 -0.436 -0.014 -0.72 0.0 -0.101 -0.687 0.901 -0.0 -0.432 0.033 0.782 0.0 -0.031 -0.622 -0.709 -0.0 -0.269 -0.652 -0.773 -0.0 -0.603 0.194 0.762 -0.0 -0.265 -0.591 0.776 -0.0 -0.585 0.237 
0.987 -0.147 0.004 -0.058 -0.9 -0.0 -0.436 -0.014 -0.72 -0.0 -0.1 -0.687 0.901 -0.0 -0.432 0.033 0.782 0.0 -0.031 -0.622 -0.71 -0.0 -0.269 -0.652 -0.773 -0.0 -0.604 0.194 0.762 0.0 -0.265 -0.591 0.775 0.0 -0.585 0.237 
0.987 -0.147 0.004 -0.058 -0.9 -0.0 -0.435 -0.014 -0.72 -0.0 -0.1 -0.687 0.901 -0.0 -0.432 0.033 0.782 -0.0 -0.031 -0.622 -0.71 -0.0 -0.268 -0.651 -0.773 -0.0 -0.604 0.193 0.762 -0.0 -0.264 -0.591 0.775 0.0 -0.586 0.237 
0.987 -0.147 0.004 -0.058 -0.9 0.0 -0.435 -0.014 -0.72 -0.0 -0.1 -0.687 0.901 0.0 -0.432 0.033 0.782 -0.0 -0.031 -0.622 -0.709 -0.0 -0.268 -0.652 -0.773 -0.0 -0.604 0.194 0.762 -0.0 -0.265 -0.591 0.775 0.0 -0.585 0.237 
0.987 -0.147 0.004 -0.058 -0.9 -0.0 -0.435 -0.014 -0.72 -0.0 -0.101 -0.687 0.901 0.0 -0.432 0.033 0.782 0.0 -0.031 -0.622 -0.709 0.0 -0.269 -0.652 -0.773 -0.0 -0.604 0.194 0.762 -0.0 -0.265 -0.591 0.775 0.0 -0.585 0.237 
0.987 -0.147 0.004 -0.058 -0.9 -0.0 -0.435 -0.014 -0.72 -0.0 -0.101 -0.687 0.901 0.0 -0.432 0.033 0.782 0.0 -0.031 -0.622 -0.709 -0.0 -0.269 -0.652 -0.773 -0.0 -0.604 0.194 0.762 -0.0 -0.265 -0.591 0.775 0.0 -0.585 0.237 
0.987 -0.147 0.004 -0.058 -0.9 -0.0 -0.435 -0.014 -0.72 -0.0 -0.101 -0.687 0.901 0.0 -0.432 0.033 0.782 0.0 -0.031 -0.622 -0.71 -0.0 -0.268 -0.652 -0.773 -0.0 -0.604 0.193 0.762 0.0 -0.264 -0.591 0.775 0.0 -0.586 0.237 
0.987 -0.147 0.004 -0.058 -0.9 -0.0 -0.435 -0.014 -0.72 0.0 -0.101 -0.687 0.901 0.0 -0.432 0.033 0.782 0.0 -0.031 -0.622 -0.71 -0.0 -0.269 -0.652 -0.773 -0.0 -0.604 0.193 0.762 0.0 -0.265 -0.591 0.775 0.0 -0.586 0.237 
0.987 -0.148 0.004 -0.058 -0.9 0.0 -0.435 -0.014 -0.72 -0.0 -0.102 -0.686 0.901 0.0 -0.432 0.034 0.782 0.0 -0.031 -0.622 -0.709 -0.0 -0.269 -0.652 -0.773 -0.0 -0.603 0.194 0.762 0.0 -0.265 -0.59 0.776 -0.0 -0.585 0.237 
0.987 -0.147 0.004 -0.058 -0.9 0.0 -0.435 -0.014 -0.72 -0.0 -0.101 -0.686 0.901 -0.0 -0.432 0.033 0.782 0.0 -0.031 -0.622 -0.709 -0.0 -0.268 -0.652 -0.773 -0.0 -0.604 0.194 0.762 0.0 -0.265 -0.591 0.775 0.0 -0.585 0.237 
0.987 -0.147 0.004 -0.058 -0.9 0.0 -0.435 -0.014 -0.72 -0.0 -0.101 -0.687 0.901 0.0 -0.432 0.033 0.782 0.0 -0.03 -0.623 -0.709 -0.0 -0.268 -0.652 -0.773 -0.0 -0.604 0.193 0.762 0.0 -0.265 -0.591 0.775 0.0 -0.585 0.237 
0.987 -0.147 0.004 -0.058 -0.9 -0.0 -0.435 -0.014 -0.72 -0.0 -0.101 -0.686 0.901 0.0 -0.432 0.033 0.782 -0.0 -0.03 -0.622 -0.71 0.0 -0.269 -0.651 -0.773 -0.0 -0.604 0.194 0.762 -0.0 -0.265 -0.591 0.775 -0.0 -0.585 0.237 
0.987 -0.147 0.004 -0.058 -0.9 -0.0 -0.435 -0.014 -0.72 0.0 -0.101 -0.687 0.901 0.0 -0.432 0.033 0.782 0.0 -0.03 -0.622 -0.71 -0.0 -0.268 -0.652 -0.773 0.0 -0.604 0.193 0.762 -0.0 -0.265 -0.591 0.775 0.0 -0.586 0.237 
0.987 -0.147 0.004 -0.058 -0.9 0.0 -0.435 -0.014 -0.72 -0.0 -0.101 -0.686 0.901 0.0 -0.432 0.033 0.782 -0.0 -0.031 -0.622 -0.709 -0.0 -0.268 -0.652 -0.773 -0.0 -0.604 0.194 0.762 0.0 -0.265 -0.591 0.775 0.0 -0.586 0.237 
0.987 -0.147 0.004 -0.058 -0.9 -0.0 -0.435 -0.014 -0.72 0.0 -0.101 -0.686 0.901 0.0 -0.432 0.032 0.782 0.0 -0.031 -0.622 -0.71 -0.0 -0.268 -0.652 -0.773 -0.0 -0.604 0.193 0.762 -0.0 -0.264 -0.591 0.775 0.0 -0.586 0.237 
0.987 -0.147 0.004 -0.058 -0.901 -0.0 -0.435 -0.014 -0.72 -0.0 -0.102 -0.686 0.901 0.0 -0.432 0.033 0.782 0.0 -0.031 -0.622 -0.709 0.0 -0.269 -0.652 -0.773 -0.0 -0.604 0.194 0.762 0.0 -0.265 -0.59 0.775 0.0 -0.585 0.237 
0.987 -0.147 0.004 -0.058 -0.9 0.0 -0.435 -0.014 -0.72 -0.0 -0.101 -0.686 0.901 0.0 -0.432 0.033 0.782 0.0 -0.031 -0.622 -0.71 -0.0 -0.268 -0.652 -0.773 -0.0 -0.604 0.193 0.762 0.0 -0.264 -0.591 0.775 -0.0 -0.586 0.237 
0.987 -0.147 0.004 -0.058 -0.9 -0.0 -0.435 -0.014 -0.72 -0.0 -0.101 -0.686 0.901 0.0 -0.432 0.033 0.782 0.0 -0.031 -0.622 -0.71 -0.0 -0.268 -0.652 -0.773 -0.0 -0.604 0.193 0.762 0.0 -0.265 -0.591 0.775 0.0 -0.585 0.237 
0.987 -0.147 0.004 -0.058 -0.9 -0.0 -0.435 -0.014 -0.72 -0.0 -0.102 -0.686 0.901 0.0 -0.432 0.033 0.782 0.0 -0.031 -0.622 -0.71 -0.0 -0.268 -0.652 -0.773 0.0 -0.604 0.193 0.762 0.0 -0.265 -0.591 0.775 -0.0 -0.585 0.237 
0.987 -0.147 0.004 -0.058 -0.901 -0.0 -0.435 -0.014 -0.72 -0.0 -0.102 -0.686 0.901 0.0 -0.432 0.033 0.782 0.0 -0.031 -0.622 -0.71 0.0 -0.268 -0.652 -0.773 0.0 -0.604 0.193 0.762 0.0 -0.265 -0.591 0.775 0.0 -0.586 0.237 
0.987 -0.147 0.004 -0.058 -0.9 -0.0 -0.435 -0.014 -0.721 -0.0 -0.102 -0.686 0.901 0.0 -0.432 0.033 0.782 0.0 -0.031 -0.622 -0.709 -0.0 -0.269 -0.652 -0.773 -0.0 -0.604 0.194 0.762 0.0 -0.265 -0.591 0.776 0.0 -0.585 0.237 
0.987 -0.147 0.004 -0.058 -0.901 -0.0 -0.435 -0.014 -0.72 -0.0 -0.102 -0.686 0.901 0.0 -0.432 0.032 0.782 0.0 -0.031 -0.622 -0.71 -0.0 -0.268 -0.652 -0.773 -0.0 -0.604 0.193 0.762 -0.0 -0.265 -0.591 0.775 0.0 -0.585 0.237 
0.987 -0.147 0.004 -0.058 -0.901 -0.0 -0.435 -0.015 -0.721 -0.0 -0.102 -0.686 0.901 0.0 -0.432 0.032 0.782 0.0 -0.031 -0.622 -0.71 -0.0 -0.268 -0.652 -0.773 -0.0 -0.604 0.193 0.762 0.0 -0.264 -0.591 0.775 0.0 -0.586 0.237 
0.987 -0.147 0.004 -0.058 -0.9 -0.0 -0.435 -0.015 -0.721 -0.0 -0.102 -0.686 0.901 0.0 -0.432 0.032 0.782 -0.0 -0.031 -0.622 -0.71 -0.0 -0.268 -0.652 -0.773 -0.0 -0.604 0.193 0.762 -0.0 -0.264 -0.591 0.775 0.0 -0.586 0.237 
0.987 -0.147 0.004 -0.058 -0.9 0.0 -0.435 -0.015 -0.721 -0.0 -0.102 -0.686 0.901 0.0 -0.432 0.032 0.782 -0.0 -0.031 -0.622 -0.71 -0.0 -0.268 -0.652 -0.773 -0.0 -0.604 0.193 0.762 0.0 -0.265 -0.591 0.775 0.0 -0.586 0.237 
0.987 -0.147 0.004 -0.058 -0.9 -0.0 -0.435 -0.015 -0.721 -0.0 -0.102 -0.685 0.901 0.0 -0.432 0.032 0.782 0.0 -0.031 -0.622 -0.71 0.0 -0.268 -0.652 -0.773 -0.0 -0.604 0.193 0.762 0.0 -0.265 -0.591 0.775 0.0 -0.585 0.237 
0.987 -0.147 0.004 -0.058 -0.9 -0.0 -0.435 -0.015 -0.721 -0.0 -0.103 -0.685 0.901 0.0 -0.432 0.032 0.782 0.0 -0.031 -0.622 -0.71 -0.0 -0.268 -0.652 -0.773 0.0 -0.604 0.193 0.762 -0.0 -0.264 -0.591 0.775 -0.0 -0.586 0.237 
0.987 -0.147 0.004 -0.058 -0.901 -0.0 -0.435 -0.015 -0.721 -0.0 -0.103 -0.685 0.901 0.0 -0.432 0.032 0.782 0.0 -0.031 -0.622 -0.71 -0.0 -0.268 -0.652 -0.773 -0.0 -0.604 0.193 0.762 0.0 -0.264 -0.591 0.775 0.0 -0.586 0.236 
0.987 -0.147 0.004 -0.058 -0.901 -0.0 -0.435 -0.015 -0.721 -0.0 -0.103 -0.685 0.901 0.0 -0.432 0.032 0.782 0.0 -0.031 -0.622 -0.709 0.0 -0.268 -0.652 -0.773 -0.0 -0.604 0.193 0.762 0.0 -0.265 -0.591 0.776 0.0 -0.585 0.237 
0.987 -0.147 0.004 -0.058 -0.901 -0.0 -0.435 -0.015 -0.721 -0.0 -0.103 -0.685 0.901 0.0 -0.432 0.032 0.782 0.0 -0.031 -0.622 -0.71 -0.0 -0.268 -0.652 -0.773 -0.0 -0.604 0.193 0.762 0.0 -0.264 -0.591 0.776 -0.0 -0.585 0.236 
0.987 -0.147 0.004 -0.058 -0.901 -0.0 -0.435 -0.015 -0.721 -0.0 -0.103 -0.685 0.901 0.0 -0.432 0.032 0.783 0.0 -0.031 -0.622 -0.709 -0.0 -0.268 -0.652 -0.773 -0.0 -0.604 0.193 0.762 -0.0 -0.264 -0.591 0.775 0.0 -0.586 0.236 
0.987 -0.147 0.004 -0.058 -0.901 0.0 -0.434 -0.015 -0.721 -0.0 -0.103 -0.685 0.901 0.0 -0.432 0.032 0.782 0.0 -0.031 -0.622 -0.71 -0.0 -0.268 -0.652 -0.773 0.0 -0.604 0.193 0.762 0.0 -0.264 -0.591 0.776 0.0 -0.585 0.236 
0.987 -0.147 0.004 -0.058 -0.901 -0.0 -0.434 -0.015 -0.721 -0.0 -0.103 -0.685 0.901 0.0 -0.432 0.032 0.782 0.0 -0.031 -0.622 -0.71 -0.0 -0.268 -0.652 -0.773 -0.0 -0.604 0.193 0.762 0.0 -0.264 -0.591 0.775 0.0 -0.586 0.236 
0.987 -0.147 0.004 -0.058 -0.901 -0.0 -0.434 -0.015 -0.721 -0.0 -0.103 -0.685 0.901 -0.0 -0.432 0.032 0.782 0.0 -0.031 -0.622 -0.71 -0.0 -0.268 -0.652 -0.773 0.0 -0.604 0.193 0.762 -0.0 -0.264 -0.591 0.775 -0.0 -0.585 0.237 
0.987 -0.147 0.004 -0.058 -0.901 -0.0 -0.434 -0.015 -0.721 -0.0 -0.103 -0.685 0.901 0.0 -0.432 0.031 0.782 0.0 -0.031 -0.622 -0.71 -0.0 -0.268 -0.652 -0.773 -0.0 -0.604 0.193 0.762 0.0 -0.264 -0.591 0.775 0.0 -0.586 0.236 
0.987 -0.147 0.004 -0.058 -0.901 -0.0 -0.435 -0.015 -0.721 -0.0 -0.103 -0.685 0.901 0.0 -0.432 0.032 0.782 0.0 -0.031 -0.622 -0.709 -0.0 -0.268 -0.652 -0.773 -0.0 -0.604 0.193 0.762 0.0 -0.264 -0.591 0.775 0.0 -0.586 0.236 
0.987 -0.147 0.004 -0.058 -0.901 -0.0 -0.434 -0.015 -0.721 -0.0 -0.103 -0.685 0.901 0.0 -0.432 0.031 0.782 0.0 -0.031 -0.622 -0.71 -0.0 -0.268 -0.652 -0.773 -0.0 -0.604 0.193 0.762 0.0 -0.264 -0.591 0.775 -0.0 -0.585 0.236 
0.987 -0.147 0.004 -0.058 -0.901 -0.0 -0.435 -0.015 -0.721 0.0 -0.103 -0.685 0.901 0.0 -0.432 0.031 0.782 0.0 -0.031 -0.622 -0.71 -0.0 -0.268 -0.652 -0.773 -0.0 -0.604 0.193 0.762 0.0 -0.264 -0.591 0.775 0.0 -0.586 0.236 
0.987 -0.147 0.004 -0.058 -0.901 -0.0 -0.435 -0.015 -0.721 -0.0 -0.103 -0.685 0.901 0.0 -0.432 0.031 0.783 0.0 -0.031 -0.622 -0.71 -0.0 -0.268 -0.652 -0.773 -0.0 -0.604 0.193 0.762 0.0 -0.264 -0.591 0.776 0.0 -0.585 0.236 
0.987 -0.147 0.004 -0.058 -0.901 -0.0 -0.435 -0.016 -0.721 -0.0 -0.103 -0.685 0.901 0.0 -0.432 0.031 0.782 0.0 -0.031 -0.622 -0.71 -0.0 -0.268 -0.652 -0.773 -0.0 -0.604 0.193 0.762 0.0 -0.264 -0.591 0.775 0.0 -0.586 0.236 
0.987 -0.147 0.004 -0.058 -0.901 -0.0 -0.434 -0.016 -0.721 -0.0 -0.104 -0.685 0.901 0.0 -0.432 0.032 0.782 0.0 -0.031 -0.622 -0.709 -0.0 -0.268 -0.652 -0.773 -0.0 -0.604 0.193 0.762 0.0 -0.265 -0.591 0.776 0.0 -0.585 0.236 
0.987 -0.147 0.004 -0.058 -0.901 -0.0 -0.434 -0.016 -0.721 -0.0 -0.103 -0.685 0.901 0.0 -0.432 0.031 0.782 0.0 -0.031 -0.622 -0.71 0.0 -0.268 -0.652 -0.773 -0.0 -0.604 0.193 0.762 0.0 -0.264 -0.591 0.775 0.0 -0.586 0.236 
0.987 -0.147 0.004 -0.058 -0.901 0.0 -0.434 -0.016 -0.721 0.0 -0.103 -0.685 0.901 0.0 -0.432 0.031 0.783 0.0 -0.031 -0.622 -0.71 -0.0 -0.268 -0.652 -0.773 -0.0 -0.604 0.193 0.762 0.0 -0.264 -0.591 0.775 0.0 -0.586 0.236 
0.987 -0.147 0.004 -0.058 -0.901 -0.0 -0.434 -0.016 -0.721 -0.0 -0.104 -0.685 0.901 -0.0 -0.432 0.032 0.782 0.0 -0.031 -0.622 -0.709 -0.0 -0.268 -0.652 -0.773 -0.0 -0.604 0.193 0.762 -0.0 -0.265 -0.591 0.775 0.0 -0.585 0.237 
0.987 -0.147 0.004 -0.058 -0.901 -0.0 -0.434 -0.016 -0.722 -0.0 -0.103 -0.685 0.901 0.0 -0.432 0.031 0.783 0.0 -0.031 -0.622 -0.71 -0.0 -0.268 -0.652 -0.773 0.0 -0.604 0.193 0.762 0.0 -0.264 -0.591 0.775 0.0 -0.586 0.236 
0.987 -0.147 0.004 -0.058 -0.901 -0.0 -0.434 -0.016 -0.721 0.0 -0.104 -0.685 0.901 -0.0 -0.432 0.031 0.783 0.0 -0.031 -0.622 -0.71 -0.0 -0.268 -0.652 -0.773 -0.0 -0.604 0.193 0.762 0.0 -0.264 -0.591 0.775 0.0 -0.586 0.236 
0.987 -0.147 0.004 -0.058 -0.901 -0.0 -0.434 -0.016 -0.721 -0.0 -0.104 -0.685 0.901 0.0 -0.432 0.031 0.783 0.0 -0.03 -0.622 -0.709 -0.0 -0.268 -0.652 -0.773 -0.0 -0.604 0.193 0.762 0.0 -0.264 -0.591 0.775 0.0 -0.586 0.236 
0.987 -0.147 0.004 -0.058 -0.901 -0.0 -0.434 -0.016 -0.722 -0.0 -0.104 -0.684 0.901 0.0 -0.432 0.031 0.783 0.0 -0.031 -0.622 -0.71 -0.0 -0.268 -0.652 -0.773 -0.0 -0.604 0.193 0.762 0.0 -0.264 -0.591 0.775 0.0 -0.586 0.236 
0.987 -0.147 0.004 -0.058 -0.901 -0.0 -0.434 -0.016 -0.721 -0.0 -0.104 -0.685 0.901 0.0 -0.432 0.031 0.782 0.0 -0.031 -0.622 -0.709 -0.0 -0.268 -0.652 -0.773 -0.0 -0.604 0.193 0.762 0.0 -0.264 -0.591 0.776 -0.0 -0.585 0.236 
0.987 -0.147 0.004 -0.058 -0.901 0.0 -0.434 -0.017 -0.722 -0.0 -0.104 -0.684 0.901 0.0 -0.432 0.031 0.783 0.0 -0.031 -0.622 -0.709 0.0 -0.268 -0.652 -0.773 -0.0 -0.604 0.193 0.762 0.0 -0.264 -0.591 0.775 -0.0 -0.586 0.236 
