# T   LUA LFA RUA RFA LT  LS  RT  RS  
0.998 0.025 -0.007 -0.062 -0.757 -0.0 -0.651 -0.048 -0.986 -0.0 -0.065 -0.151 0.741 -0.0 -0.671 0.026 0.971 0.0 -0.056 -0.233 -0.674 0.0 -0.736 -0.071 -0.993 0.0 0.037 0.112 0.664 0.0 -0.746 0.045 1.0 0.0 0.014 0.002 
0.998 0.024 -0.007 -0.062 -0.757 -0.0 -0.651 -0.049 -0.986 -0.0 -0.064 -0.152 0.74 0.0 -0.672 0.027 0.971 0.0 -0.056 -0.233 -0.674 -0.0 -0.735 -0.076 -0.992 -0.0 0.036 0.119 0.664 0.0 -0.746 0.045 1.0 0.0 0.014 0.002 
0.998 0.024 -0.007 -0.061 -0.758 0.0 -0.651 -0.049 -0.986 0.0 -0.064 -0.153 0.74 0.0 -0.672 0.027 0.971 0.0 -0.056 -0.233 -0.674 -0.0 -0.735 -0.081 -0.991 -0.0 0.035 0.127 0.664 0.0 -0.746 0.045 1.0 0.0 0.013 0.002 
0.998 0.024 -0.007 -0.061 -0.758 -0.0 -0.651 -0.05 -0.986 -0.0 -0.064 -0.153 0.74 0.0 -0.672 0.028 0.971 0.0 -0.056 -0.232 -0.674 -0.0 -0.734 -0.088 -0.99 0.0 0.033 0.136 0.664 -0.0 -0.746 0.045 1.0 0.0 0.013 0.002 
0.998 0.023 -0.007 -0.06 -0.758 -0.0 -0.65 -0.051 -0.986 -0.0 -0.064 -0.155 0.74 0.0 -0.672 0.029 0.971 0.0 -0.056 -0.233 -0.674 -0.0 -0.733 -0.095 -0.989 -0.0 0.03 0.145 0.664 0.0 -0.747 0.044 1.0 0.0 0.013 0.002 
0.998 0.023 -0.007 -0.059 -0.759 -0.0 -0.649 -0.051 -0.986 -0.0 -0.064 -0.156 0.74 0.0 -0.672 0.029 0.971 -0.0 -0.057 -0.232 -0.674 -0.0 -0.732 -0.103 -0.987 -0.0 0.027 0.156 0.664 0.0 -0.747 0.043 1.0 0.0 0.012 0.003 
0.998 0.021 -0.007 -0.063 -0.759 -0.0 -0.65 -0.051 -0.985 0.0 -0.066 -0.158 0.74 0.0 -0.672 0.033 0.971 0.0 -0.056 -0.233 -0.673 -0.0 -0.731 -0.11 -0.985 -0.0 0.026 0.168 0.663 0.0 -0.747 0.049 1.0 0.0 0.013 0.001 
0.998 0.021 -0.007 -0.063 -0.759 -0.0 -0.649 -0.051 -0.985 -0.0 -0.065 -0.159 0.739 -0.0 -0.673 0.033 0.971 -0.0 -0.055 -0.232 -0.673 -0.0 -0.729 -0.12 -0.983 -0.0 0.022 0.182 0.663 0.0 -0.747 0.049 1.0 0.0 0.012 0.001 
0.998 0.02 -0.006 -0.063 -0.76 -0.0 -0.648 -0.051 -0.985 0.0 -0.065 -0.16 0.738 0.0 -0.673 0.035 0.971 0.0 -0.056 -0.233 -0.674 0.0 -0.727 -0.13 -0.981 -0.0 0.017 0.195 0.662 0.0 -0.748 0.05 1.0 0.0 0.011 0.001 
0.998 0.02 -0.005 -0.062 -0.761 -0.0 -0.647 -0.051 -0.985 0.0 -0.064 -0.162 0.737 0.0 -0.675 0.036 0.971 -0.0 -0.056 -0.233 -0.674 -0.0 -0.725 -0.142 -0.978 -0.0 0.011 0.21 0.662 -0.0 -0.748 0.049 1.0 0.0 0.01 0.002 
0.998 0.02 -0.004 -0.061 -0.762 -0.0 -0.646 -0.051 -0.984 -0.0 -0.064 -0.165 0.736 -0.0 -0.676 0.037 0.971 -0.0 -0.057 -0.233 -0.675 0.0 -0.722 -0.153 -0.974 -0.0 0.005 0.224 0.662 -0.0 -0.748 0.05 1.0 0.0 0.008 0.001 
0.998 0.02 -0.003 -0.06 -0.763 0.0 -0.644 -0.051 -0.984 -0.0 -0.064 -0.166 0.736 0.0 -0.676 0.039 0.97 0.0 -0.058 -0.234 -0.676 -0.0 -0.718 -0.165 -0.971 -0.0 -0.003 0.239 0.661 0.0 -0.749 0.05 1.0 0.0 0.007 0.001 
0.998 0.019 -0.003 -0.059 -0.764 -0.0 -0.643 -0.051 -0.984 -0.0 -0.063 -0.169 0.735 0.0 -0.677 0.04 0.97 0.0 -0.06 -0.234 -0.677 -0.0 -0.714 -0.178 -0.967 0.0 -0.012 0.254 0.66 0.0 -0.749 0.049 1.0 0.0 0.007 0.002 
0.998 0.019 -0.002 -0.058 -0.765 -0.0 -0.642 -0.05 -0.983 -0.0 -0.062 -0.172 0.734 0.0 -0.678 0.041 0.97 0.0 -0.06 -0.234 -0.678 0.0 -0.71 -0.192 -0.963 -0.0 -0.023 0.269 0.66 0.0 -0.749 0.049 1.0 0.0 0.007 0.002 
0.998 0.019 -0.002 -0.059 -0.766 -0.0 -0.641 -0.051 -0.983 -0.0 -0.06 -0.173 0.734 0.0 -0.678 0.043 0.97 0.0 -0.063 -0.236 -0.679 -0.0 -0.704 -0.209 -0.957 -0.0 -0.037 0.286 0.66 0.0 -0.749 0.048 1.0 0.0 0.005 0.002 
0.998 0.02 -0.001 -0.058 -0.767 -0.0 -0.64 -0.052 -0.983 -0.0 -0.06 -0.175 0.733 -0.0 -0.679 0.043 0.97 0.0 -0.062 -0.236 -0.681 -0.0 -0.696 -0.227 -0.951 -0.0 -0.054 0.304 0.661 0.0 -0.749 0.047 1.0 0.0 0.003 0.001 
0.998 0.02 -0.001 -0.059 -0.767 0.0 -0.639 -0.053 -0.983 -0.0 -0.059 -0.176 0.733 0.0 -0.679 0.043 0.97 -0.0 -0.063 -0.236 -0.682 0.0 -0.689 -0.247 -0.944 -0.0 -0.072 0.321 0.661 0.0 -0.749 0.046 1.0 0.0 0.003 0.001 
0.998 0.021 -0.001 -0.059 -0.768 -0.0 -0.638 -0.053 -0.982 -0.0 -0.059 -0.179 0.733 0.0 -0.679 0.044 0.97 0.0 -0.063 -0.236 -0.682 -0.0 -0.681 -0.268 -0.936 0.0 -0.092 0.339 0.661 0.0 -0.749 0.045 1.0 0.0 0.003 0.001 
0.998 0.021 -0.001 -0.06 -0.769 -0.0 -0.637 -0.054 -0.982 -0.0 -0.058 -0.181 0.733 0.0 -0.679 0.044 0.97 0.0 -0.064 -0.236 -0.682 0.0 -0.671 -0.291 -0.927 0.0 -0.115 0.357 0.661 0.0 -0.749 0.044 1.0 0.0 0.002 -0.0 
0.998 0.022 -0.001 -0.061 -0.769 -0.0 -0.637 -0.055 -0.982 -0.0 -0.057 -0.181 0.732 0.0 -0.68 0.045 0.97 -0.0 -0.065 -0.236 -0.683 -0.0 -0.66 -0.313 -0.917 0.0 -0.139 0.374 0.661 0.0 -0.749 0.044 1.0 0.0 -0.001 -0.001 
0.998 0.022 -0.001 -0.061 -0.77 -0.0 -0.636 -0.056 -0.981 -0.0 -0.056 -0.183 0.732 0.0 -0.68 0.046 0.969 0.0 -0.066 -0.236 -0.682 -0.0 -0.649 -0.336 -0.906 -0.0 -0.165 0.389 0.662 0.0 -0.748 0.044 1.0 0.0 -0.002 -0.002 
0.998 0.023 -0.001 -0.062 -0.77 -0.0 -0.636 -0.056 -0.981 -0.0 -0.056 -0.183 0.732 0.0 -0.679 0.047 0.969 0.0 -0.067 -0.237 -0.682 -0.0 -0.637 -0.359 -0.895 -0.0 -0.193 0.402 0.662 0.0 -0.748 0.043 1.0 0.0 -0.003 -0.003 
0.998 0.023 -0.001 -0.062 -0.771 0.0 -0.635 -0.056 -0.981 -0.0 -0.056 -0.185 0.732 0.0 -0.679 0.049 0.969 0.0 -0.068 -0.237 -0.681 -0.0 -0.625 -0.382 -0.883 -0.0 -0.223 0.414 0.663 0.0 -0.748 0.044 1.0 0.0 -0.004 -0.005 
0.998 0.024 -0.002 -0.063 -0.771 -0.0 -0.634 -0.056 -0.981 -0.0 -0.056 -0.187 0.732 0.0 -0.679 0.05 0.969 0.0 -0.07 -0.237 -0.681 -0.0 -0.611 -0.405 -0.869 -0.0 -0.255 0.424 0.664 0.0 -0.747 0.043 1.0 0.0 -0.006 -0.006 
0.998 0.025 -0.002 -0.063 -0.771 -0.0 -0.634 -0.055 -0.98 -0.0 -0.055 -0.189 0.733 0.0 -0.679 0.052 0.969 0.0 -0.072 -0.238 -0.68 -0.0 -0.596 -0.427 -0.855 -0.0 -0.289 0.431 0.664 0.0 -0.746 0.043 1.0 0.0 -0.007 -0.007 
0.998 0.025 -0.003 -0.062 -0.771 -0.0 -0.634 -0.054 -0.98 -0.0 -0.054 -0.191 0.733 -0.0 -0.678 0.054 0.968 0.0 -0.074 -0.238 -0.679 -0.0 -0.581 -0.449 -0.84 -0.0 -0.323 0.436 0.665 0.0 -0.746 0.042 1.0 0.0 -0.007 -0.008 
0.998 0.026 -0.003 -0.062 -0.771 -0.0 -0.634 -0.053 -0.98 -0.0 -0.053 -0.193 0.734 0.0 -0.677 0.054 0.969 0.0 -0.076 -0.237 -0.678 -0.0 -0.565 -0.469 -0.826 -0.0 -0.358 0.437 0.665 0.0 -0.746 0.042 1.0 0.0 -0.007 -0.01 
0.998 0.027 -0.005 -0.06 -0.771 0.0 -0.635 -0.051 -0.979 0.0 -0.052 -0.195 0.735 0.0 -0.676 0.055 0.969 -0.0 -0.078 -0.236 -0.678 -0.0 -0.549 -0.489 -0.811 -0.0 -0.393 0.434 0.666 -0.0 -0.745 0.041 1.0 -0.0 -0.006 -0.009 
0.998 0.028 -0.007 -0.059 -0.77 -0.0 -0.636 -0.049 -0.979 0.0 -0.052 -0.196 0.736 -0.0 -0.674 0.055 0.969 0.0 -0.081 -0.235 -0.676 -0.0 -0.533 -0.509 -0.796 -0.0 -0.428 0.428 0.667 0.0 -0.744 0.041 1.0 -0.0 -0.007 -0.01 
0.998 0.028 -0.009 -0.057 -0.77 -0.0 -0.637 -0.047 -0.979 0.0 -0.051 -0.197 0.738 0.0 -0.673 0.055 0.969 0.0 -0.082 -0.233 -0.675 -0.0 -0.515 -0.528 -0.781 0.0 -0.463 0.418 0.669 0.0 -0.743 0.039 1.0 0.0 -0.006 -0.01 
0.998 0.03 -0.012 -0.056 -0.768 0.0 -0.638 -0.046 -0.979 -0.0 -0.05 -0.198 0.74 0.0 -0.671 0.055 0.969 0.0 -0.083 -0.232 -0.673 -0.0 -0.496 -0.548 -0.767 -0.0 -0.498 0.405 0.67 0.0 -0.741 0.036 1.0 -0.0 -0.005 -0.009 
0.998 0.03 -0.015 -0.055 -0.767 -0.0 -0.64 -0.044 -0.979 -0.0 -0.05 -0.197 0.742 0.0 -0.668 0.054 0.97 0.0 -0.083 -0.229 -0.671 0.0 -0.478 -0.567 -0.752 -0.0 -0.532 0.389 0.673 0.0 -0.739 0.035 1.0 0.0 -0.004 -0.007 
0.998 0.033 -0.018 -0.05 -0.766 0.0 -0.642 -0.044 -0.979 -0.0 -0.048 -0.197 0.744 0.0 -0.666 0.051 0.97 0.0 -0.085 -0.228 -0.672 -0.0 -0.456 -0.584 -0.739 -0.0 -0.566 0.364 0.676 0.0 -0.736 0.023 1.0 0.0 -0.005 -0.0 
0.998 0.033 -0.022 -0.05 -0.763 -0.0 -0.645 -0.042 -0.979 -0.0 -0.047 -0.196 0.747 0.0 -0.663 0.052 0.97 0.0 -0.085 -0.227 -0.669 -0.0 -0.438 -0.601 -0.727 0.0 -0.595 0.342 0.679 -0.0 -0.734 0.022 1.0 0.0 -0.003 0.001 
0.998 0.033 -0.026 -0.05 -0.761 -0.0 -0.648 -0.039 -0.98 -0.0 -0.048 -0.195 0.75 -0.0 -0.66 0.05 0.971 0.0 -0.084 -0.224 -0.666 -0.0 -0.419 -0.617 -0.716 -0.0 -0.622 0.318 0.682 0.0 -0.731 0.022 1.0 -0.0 -0.001 0.002 
0.998 0.034 -0.031 -0.048 -0.758 0.0 -0.651 -0.036 -0.98 -0.0 -0.047 -0.194 0.753 -0.0 -0.656 0.05 0.971 -0.0 -0.085 -0.223 -0.664 0.0 -0.401 -0.631 -0.706 -0.0 -0.646 0.291 0.685 0.0 -0.729 0.021 1.0 0.0 0.0 0.004 
0.998 0.035 -0.035 -0.048 -0.756 -0.0 -0.654 -0.034 -0.98 -0.0 -0.047 -0.192 0.756 0.0 -0.653 0.051 0.971 0.0 -0.085 -0.223 -0.662 0.0 -0.382 -0.645 -0.697 -0.0 -0.667 0.263 0.688 0.0 -0.726 0.018 1.0 0.0 0.002 0.007 
0.997 0.035 -0.04 -0.047 -0.753 -0.0 -0.657 -0.031 -0.981 -0.0 -0.047 -0.191 0.76 -0.0 -0.648 0.05 0.971 -0.0 -0.09 -0.221 -0.66 -0.0 -0.364 -0.657 -0.69 -0.0 -0.685 0.235 0.691 -0.0 -0.723 0.016 1.0 0.0 0.003 0.009 
0.997 0.036 -0.044 -0.045 -0.751 0.0 -0.66 -0.027 -0.981 -0.0 -0.047 -0.19 0.761 0.0 -0.647 0.05 0.971 0.0 -0.085 -0.221 -0.658 0.0 -0.345 -0.669 -0.684 -0.0 -0.7 0.205 0.694 0.0 -0.72 0.013 1.0 0.0 0.004 0.012 
0.997 0.037 -0.049 -0.044 -0.748 -0.0 -0.663 -0.024 -0.981 0.0 -0.046 -0.189 0.764 0.0 -0.643 0.051 0.971 -0.0 -0.087 -0.223 -0.657 0.0 -0.325 -0.68 -0.679 -0.0 -0.713 0.175 0.696 0.0 -0.718 0.01 1.0 0.0 0.006 0.016 
0.997 0.038 -0.053 -0.042 -0.745 -0.0 -0.666 -0.021 -0.981 -0.0 -0.047 -0.187 0.767 0.0 -0.64 0.051 0.971 0.0 -0.088 -0.224 -0.656 0.0 -0.307 -0.69 -0.675 -0.0 -0.723 0.145 0.699 0.0 -0.715 0.007 1.0 0.0 0.007 0.019 
0.997 0.039 -0.057 -0.038 -0.743 -0.0 -0.669 -0.018 -0.982 -0.0 -0.046 -0.186 0.77 -0.0 -0.636 0.05 0.97 0.0 -0.09 -0.224 -0.655 -0.0 -0.288 -0.698 -0.673 -0.0 -0.73 0.115 0.702 0.0 -0.712 0.002 1.0 0.0 0.009 0.023 
0.997 0.04 -0.061 -0.036 -0.741 -0.0 -0.672 -0.013 -0.982 -0.0 -0.046 -0.185 0.773 0.0 -0.633 0.051 0.97 0.0 -0.093 -0.225 -0.654 -0.0 -0.271 -0.706 -0.673 0.0 -0.734 0.088 0.705 -0.0 -0.709 -0.001 1.0 -0.0 0.01 0.027 
0.996 0.041 -0.065 -0.035 -0.738 -0.0 -0.675 -0.01 -0.982 -0.0 -0.046 -0.183 0.775 -0.0 -0.629 0.05 0.97 -0.0 -0.095 -0.225 -0.653 -0.0 -0.254 -0.713 -0.673 0.0 -0.737 0.062 0.708 0.0 -0.706 -0.003 1.0 0.0 0.01 0.03 
0.996 0.041 -0.069 -0.032 -0.736 -0.0 -0.677 -0.006 -0.982 -0.0 -0.046 -0.182 0.778 0.0 -0.626 0.05 0.969 0.0 -0.098 -0.226 -0.653 0.0 -0.238 -0.719 -0.675 -0.0 -0.737 0.039 0.711 -0.0 -0.704 -0.005 0.999 0.0 0.011 0.033 
0.996 0.043 -0.073 -0.032 -0.733 -0.0 -0.68 -0.004 -0.982 -0.0 -0.046 -0.181 0.782 -0.0 -0.621 0.049 0.969 -0.0 -0.103 -0.226 -0.652 0.0 -0.222 -0.725 -0.677 -0.0 -0.736 0.016 0.714 0.0 -0.701 -0.008 0.999 -0.0 0.011 0.036 
0.996 0.043 -0.077 -0.03 -0.731 0.0 -0.683 0.0 -0.983 -0.0 -0.046 -0.179 0.785 0.0 -0.618 0.049 0.968 0.0 -0.106 -0.227 -0.653 -0.0 -0.208 -0.728 -0.681 -0.0 -0.733 -0.004 0.716 0.0 -0.698 -0.01 0.999 -0.0 0.012 0.039 
0.995 0.043 -0.081 -0.027 -0.728 -0.0 -0.685 0.004 -0.983 -0.0 -0.045 -0.178 0.787 0.0 -0.615 0.048 0.968 0.0 -0.11 -0.226 -0.654 0.0 -0.198 -0.731 -0.686 -0.0 -0.727 -0.02 0.719 0.0 -0.695 -0.011 0.999 0.0 0.013 0.041 
0.995 0.043 -0.084 -0.025 -0.726 -0.0 -0.688 0.008 -0.984 -0.0 -0.045 -0.175 0.79 0.0 -0.612 0.048 0.967 0.0 -0.113 -0.227 -0.655 -0.0 -0.188 -0.732 -0.692 -0.0 -0.722 -0.034 0.722 -0.0 -0.692 -0.011 0.999 0.0 0.013 0.042 
0.995 0.043 -0.087 -0.022 -0.724 -0.0 -0.69 0.012 -0.984 -0.0 -0.044 -0.174 0.792 0.0 -0.608 0.047 0.967 0.0 -0.117 -0.226 -0.656 -0.0 -0.18 -0.733 -0.699 -0.0 -0.714 -0.047 0.724 -0.0 -0.69 -0.011 0.999 0.0 0.013 0.045 
0.995 0.043 -0.09 -0.019 -0.722 -0.0 -0.692 0.016 -0.984 -0.0 -0.044 -0.172 0.794 -0.0 -0.606 0.046 0.967 0.0 -0.121 -0.226 -0.657 -0.0 -0.173 -0.734 -0.706 -0.0 -0.706 -0.055 0.726 0.0 -0.688 -0.011 0.999 0.0 0.014 0.045 
0.995 0.043 -0.092 -0.016 -0.72 -0.0 -0.694 0.021 -0.984 -0.0 -0.044 -0.171 0.796 0.0 -0.603 0.045 0.966 0.0 -0.124 -0.225 -0.658 -0.0 -0.169 -0.734 -0.714 -0.0 -0.698 -0.06 0.728 -0.0 -0.685 -0.009 0.999 0.0 0.014 0.046 
0.995 0.042 -0.094 -0.014 -0.719 -0.0 -0.695 0.024 -0.985 -0.0 -0.043 -0.169 0.798 0.0 -0.602 0.044 0.966 0.0 -0.127 -0.225 -0.659 -0.0 -0.165 -0.733 -0.722 -0.0 -0.689 -0.064 0.73 0.0 -0.684 -0.007 0.999 0.0 0.013 0.044 
0.995 0.041 -0.096 -0.011 -0.717 -0.0 -0.696 0.029 -0.985 0.0 -0.042 -0.167 0.799 0.0 -0.6 0.043 0.966 0.0 -0.13 -0.224 -0.661 -0.0 -0.163 -0.733 -0.73 0.0 -0.68 -0.065 0.731 0.0 -0.682 -0.005 0.999 -0.0 0.013 0.044 
0.994 0.04 -0.097 -0.008 -0.716 -0.0 -0.697 0.033 -0.986 -0.0 -0.042 -0.163 0.8 -0.0 -0.599 0.041 0.966 0.0 -0.133 -0.223 -0.662 -0.0 -0.163 -0.731 -0.739 0.0 -0.67 -0.064 0.732 0.0 -0.681 -0.002 0.999 0.0 0.013 0.044 
0.994 0.039 -0.097 -0.005 -0.716 -0.0 -0.698 0.037 -0.986 -0.0 -0.042 -0.162 0.801 0.0 -0.598 0.04 0.965 0.0 -0.137 -0.223 -0.664 -0.0 -0.164 -0.73 -0.748 -0.0 -0.661 -0.061 0.733 0.0 -0.68 0.001 0.999 0.0 0.013 0.044 
0.995 0.038 -0.097 -0.001 -0.715 -0.0 -0.698 0.042 -0.986 0.0 -0.041 -0.161 0.801 -0.0 -0.598 0.039 0.965 0.0 -0.139 -0.223 -0.666 -0.0 -0.166 -0.727 -0.757 -0.0 -0.651 -0.056 0.733 0.0 -0.68 0.005 0.999 0.0 0.015 0.046 
0.995 0.036 -0.097 0.002 -0.715 0.0 -0.698 0.046 -0.987 -0.0 -0.04 -0.158 0.801 0.0 -0.598 0.039 0.965 0.0 -0.141 -0.222 -0.667 -0.0 -0.168 -0.725 -0.765 -0.0 -0.642 -0.051 0.734 -0.0 -0.679 0.008 0.999 0.0 0.014 0.043 
0.995 0.035 -0.097 0.006 -0.714 -0.0 -0.698 0.051 -0.987 -0.0 -0.039 -0.156 0.801 -0.0 -0.598 0.038 0.965 0.0 -0.144 -0.221 -0.67 -0.0 -0.174 -0.722 -0.774 -0.0 -0.632 -0.044 0.734 0.0 -0.679 0.013 0.999 0.0 0.014 0.042 
0.995 0.034 -0.096 0.008 -0.714 -0.0 -0.698 0.055 -0.987 -0.0 -0.039 -0.155 0.801 0.0 -0.598 0.037 0.964 0.0 -0.146 -0.221 -0.671 0.0 -0.177 -0.72 -0.782 -0.0 -0.623 -0.037 0.734 0.0 -0.679 0.017 0.999 0.0 0.015 0.042 
0.995 0.032 -0.096 0.011 -0.713 -0.0 -0.699 0.059 -0.987 0.0 -0.038 -0.153 0.801 0.0 -0.598 0.036 0.964 0.0 -0.146 -0.221 -0.672 -0.0 -0.183 -0.718 -0.79 0.0 -0.612 -0.029 0.734 -0.0 -0.679 0.02 0.999 0.0 0.015 0.041 
0.995 0.03 -0.095 0.015 -0.713 -0.0 -0.699 0.064 -0.988 -0.0 -0.037 -0.152 0.8 -0.0 -0.599 0.035 0.964 0.0 -0.149 -0.22 -0.674 -0.0 -0.19 -0.714 -0.797 -0.0 -0.603 -0.021 0.734 0.0 -0.679 0.026 0.999 0.0 0.015 0.04 
0.995 0.029 -0.095 0.017 -0.712 0.0 -0.699 0.067 -0.988 -0.0 -0.036 -0.15 0.8 0.0 -0.599 0.034 0.964 -0.0 -0.149 -0.22 -0.675 -0.0 -0.195 -0.711 -0.804 0.0 -0.594 -0.014 0.734 -0.0 -0.679 0.029 0.999 0.0 0.016 0.04 
0.995 0.028 -0.094 0.019 -0.711 -0.0 -0.699 0.071 -0.988 0.0 -0.035 -0.15 0.8 0.0 -0.599 0.033 0.964 0.0 -0.15 -0.22 -0.676 -0.0 -0.202 -0.709 -0.811 0.0 -0.585 -0.006 0.734 0.0 -0.679 0.033 0.999 0.0 0.016 0.039 
0.995 0.028 -0.094 0.021 -0.71 0.0 -0.7 0.075 -0.988 -0.0 -0.034 -0.148 0.799 0.0 -0.6 0.032 0.964 0.0 -0.15 -0.22 -0.678 -0.0 -0.208 -0.705 -0.817 -0.0 -0.577 -0.0 0.733 -0.0 -0.679 0.036 0.999 0.0 0.017 0.039 
0.995 0.027 -0.093 0.024 -0.71 -0.0 -0.7 0.078 -0.989 0.0 -0.034 -0.147 0.799 -0.0 -0.6 0.031 0.964 0.0 -0.15 -0.221 -0.679 -0.0 -0.215 -0.702 -0.823 -0.0 -0.568 0.008 0.733 0.0 -0.679 0.04 0.999 0.0 0.017 0.038 
0.995 0.026 -0.092 0.027 -0.709 -0.0 -0.7 0.082 -0.989 0.0 -0.034 -0.147 0.799 0.0 -0.601 0.03 0.964 -0.0 -0.151 -0.22 -0.681 -0.0 -0.222 -0.698 -0.828 -0.0 -0.561 0.014 0.733 0.0 -0.679 0.044 0.999 -0.0 0.018 0.038 
0.995 0.024 -0.093 0.03 -0.708 -0.0 -0.701 0.086 -0.989 -0.0 -0.034 -0.146 0.799 0.0 -0.6 0.029 0.964 0.0 -0.151 -0.22 -0.681 0.0 -0.231 -0.695 -0.832 -0.0 -0.554 0.022 0.733 0.0 -0.678 0.048 0.999 -0.0 0.018 0.037 
0.995 0.024 -0.092 0.032 -0.707 -0.0 -0.702 0.089 -0.989 -0.0 -0.033 -0.145 0.799 0.0 -0.6 0.028 0.964 0.0 -0.152 -0.22 -0.682 -0.0 -0.236 -0.692 -0.835 -0.0 -0.549 0.028 0.733 -0.0 -0.678 0.052 0.999 0.0 0.018 0.037 
0.995 0.023 -0.092 0.034 -0.706 -0.0 -0.702 0.092 -0.989 -0.0 -0.034 -0.144 0.799 0.0 -0.6 0.027 0.963 0.0 -0.152 -0.221 -0.683 -0.0 -0.243 -0.689 -0.838 -0.0 -0.545 0.034 0.734 0.0 -0.677 0.055 0.999 0.0 0.018 0.038 
0.995 0.022 -0.092 0.036 -0.705 0.0 -0.702 0.095 -0.989 -0.0 -0.034 -0.144 0.8 0.0 -0.6 0.026 0.963 0.0 -0.153 -0.221 -0.684 -0.0 -0.249 -0.686 -0.839 -0.0 -0.542 0.04 0.734 0.0 -0.677 0.058 0.999 0.0 0.018 0.039 
0.995 0.022 -0.091 0.038 -0.705 0.0 -0.703 0.098 -0.989 -0.0 -0.035 -0.145 0.8 0.0 -0.6 0.025 0.963 0.0 -0.153 -0.221 -0.684 0.0 -0.253 -0.684 -0.84 -0.0 -0.541 0.046 0.734 0.0 -0.676 0.061 0.999 0.0 0.018 0.039 
0.995 0.021 -0.091 0.039 -0.704 -0.0 -0.703 0.1 -0.989 0.0 -0.035 -0.145 0.8 0.0 -0.599 0.024 0.963 0.0 -0.154 -0.221 -0.685 0.0 -0.258 -0.681 -0.84 -0.0 -0.54 0.051 0.734 0.0 -0.676 0.063 0.999 0.0 0.018 0.039 
0.995 0.021 -0.09 0.04 -0.703 0.0 -0.703 0.103 -0.989 0.0 -0.036 -0.146 0.8 0.0 -0.599 0.023 0.963 -0.0 -0.153 -0.223 -0.685 -0.0 -0.262 -0.68 -0.839 -0.0 -0.541 0.057 0.734 0.0 -0.676 0.067 0.999 0.0 0.018 0.039 
0.995 0.021 -0.09 0.042 -0.703 -0.0 -0.703 0.104 -0.989 0.0 -0.037 -0.146 0.801 0.0 -0.599 0.022 0.963 0.0 -0.153 -0.223 -0.685 -0.0 -0.265 -0.679 -0.838 -0.0 -0.542 0.063 0.734 0.0 -0.676 0.069 0.999 0.0 0.019 0.039 
0.995 0.022 -0.089 0.043 -0.702 -0.0 -0.704 0.106 -0.989 -0.0 -0.037 -0.146 0.801 -0.0 -0.599 0.021 0.963 -0.0 -0.153 -0.223 -0.686 -0.0 -0.267 -0.677 -0.836 -0.0 -0.544 0.068 0.734 0.0 -0.676 0.072 0.999 0.0 0.019 0.04 
0.995 0.022 -0.089 0.044 -0.702 -0.0 -0.704 0.107 -0.988 -0.0 -0.038 -0.147 0.801 -0.0 -0.599 0.02 0.962 0.0 -0.153 -0.224 -0.685 0.0 -0.27 -0.676 -0.835 -0.0 -0.545 0.074 0.733 0.0 -0.676 0.074 0.999 0.0 0.02 0.04 
0.995 0.023 -0.088 0.045 -0.702 -0.0 -0.704 0.108 -0.988 -0.0 -0.038 -0.149 0.801 -0.0 -0.598 0.019 0.962 0.0 -0.153 -0.225 -0.685 -0.0 -0.272 -0.675 -0.833 0.0 -0.547 0.079 0.733 0.0 -0.676 0.076 0.999 0.0 0.021 0.04 
0.995 0.024 -0.087 0.046 -0.702 -0.0 -0.704 0.106 -0.988 -0.0 -0.039 -0.148 0.801 0.0 -0.598 0.018 0.962 0.0 -0.154 -0.226 -0.685 0.0 -0.274 -0.675 -0.832 -0.0 -0.548 0.084 0.732 0.0 -0.677 0.077 0.999 0.0 0.021 0.04 
0.995 0.025 -0.086 0.046 -0.702 -0.0 -0.704 0.106 -0.988 -0.0 -0.04 -0.149 0.801 0.0 -0.598 0.017 0.962 0.0 -0.153 -0.227 -0.685 0.0 -0.275 -0.674 -0.831 0.0 -0.55 0.088 0.732 0.0 -0.677 0.079 0.999 -0.0 0.022 0.039 
0.995 0.027 -0.085 0.045 -0.703 -0.0 -0.703 0.104 -0.988 -0.0 -0.04 -0.149 0.801 -0.0 -0.598 0.016 0.962 0.0 -0.153 -0.227 -0.686 0.0 -0.275 -0.673 -0.829 -0.0 -0.551 0.091 0.731 0.0 -0.678 0.079 0.999 -0.0 0.022 0.039 
0.995 0.029 -0.084 0.046 -0.703 -0.0 -0.703 0.102 -0.988 -0.0 -0.04 -0.151 0.801 0.0 -0.598 0.016 0.961 0.0 -0.152 -0.229 -0.686 -0.0 -0.276 -0.673 -0.828 -0.0 -0.552 0.095 0.73 0.0 -0.679 0.081 0.999 0.0 0.022 0.038 
0.995 0.031 -0.083 0.046 -0.704 -0.0 -0.703 0.1 -0.988 -0.0 -0.04 -0.152 0.801 0.0 -0.598 0.016 0.961 0.0 -0.152 -0.229 -0.686 -0.0 -0.276 -0.673 -0.827 -0.0 -0.553 0.095 0.73 0.0 -0.679 0.082 0.999 0.0 0.022 0.037 
0.995 0.033 -0.082 0.046 -0.705 -0.0 -0.702 0.097 -0.987 -0.0 -0.04 -0.154 0.801 0.0 -0.599 0.015 0.961 0.0 -0.152 -0.23 -0.686 -0.0 -0.275 -0.674 -0.826 -0.0 -0.556 0.095 0.729 0.0 -0.679 0.083 0.999 -0.0 0.022 0.036 
0.995 0.036 -0.081 0.046 -0.707 -0.0 -0.702 0.093 -0.987 -0.0 -0.041 -0.155 0.801 0.0 -0.598 0.015 0.961 0.0 -0.152 -0.231 -0.686 -0.0 -0.272 -0.675 -0.824 -0.0 -0.559 0.093 0.729 0.0 -0.68 0.083 0.999 0.0 0.022 0.035 
0.995 0.039 -0.08 0.045 -0.707 -0.0 -0.701 0.091 -0.987 -0.0 -0.041 -0.157 0.801 -0.0 -0.598 0.014 0.961 0.0 -0.151 -0.231 -0.686 -0.0 -0.268 -0.677 -0.821 -0.0 -0.563 0.091 0.728 0.0 -0.68 0.083 0.999 0.0 0.021 0.034 
0.995 0.042 -0.08 0.045 -0.708 -0.0 -0.701 0.087 -0.986 0.0 -0.041 -0.16 0.802 0.0 -0.598 0.015 0.961 0.0 -0.151 -0.233 -0.686 -0.0 -0.262 -0.679 -0.817 -0.0 -0.569 0.087 0.728 0.0 -0.681 0.082 0.999 0.0 0.021 0.033 
0.995 0.046 -0.079 0.043 -0.709 -0.0 -0.701 0.082 -0.986 -0.0 -0.041 -0.162 0.802 0.0 -0.597 0.014 0.96 0.0 -0.15 -0.234 -0.685 -0.0 -0.255 -0.683 -0.815 -0.0 -0.574 0.083 0.728 0.0 -0.681 0.081 0.999 0.0 0.021 0.032 
0.995 0.051 -0.08 0.041 -0.709 -0.0 -0.701 0.078 -0.985 0.0 -0.041 -0.166 0.803 0.0 -0.596 0.014 0.96 0.0 -0.149 -0.236 -0.683 -0.0 -0.248 -0.687 -0.812 -0.0 -0.579 0.076 0.728 0.0 -0.681 0.077 0.999 0.0 0.021 0.032 
0.994 0.055 -0.081 0.041 -0.71 0.0 -0.701 0.074 -0.985 -0.0 -0.042 -0.17 0.804 -0.0 -0.594 0.013 0.96 0.0 -0.149 -0.237 -0.683 -0.0 -0.243 -0.689 -0.81 0.0 -0.583 0.07 0.729 0.0 -0.681 0.074 0.999 0.0 0.021 0.033 
0.994 0.059 -0.082 0.04 -0.709 -0.0 -0.702 0.07 -0.984 0.0 -0.041 -0.174 0.806 -0.0 -0.592 0.013 0.96 0.0 -0.148 -0.238 -0.682 -0.0 -0.238 -0.692 -0.808 -0.0 -0.585 0.064 0.73 0.0 -0.68 0.07 0.999 0.0 0.022 0.033 
0.994 0.064 -0.084 0.039 -0.708 -0.0 -0.703 0.066 -0.983 -0.0 -0.04 -0.178 0.807 0.0 -0.59 0.013 0.96 0.0 -0.148 -0.239 -0.68 -0.0 -0.233 -0.695 -0.807 -0.0 -0.588 0.059 0.731 0.0 -0.679 0.065 0.999 0.0 0.023 0.035 
0.993 0.069 -0.086 0.04 -0.707 -0.0 -0.705 0.062 -0.982 -0.0 -0.04 -0.182 0.81 0.0 -0.587 0.013 0.959 0.0 -0.148 -0.241 -0.68 -0.0 -0.231 -0.696 -0.807 -0.0 -0.588 0.053 0.733 0.0 -0.678 0.059 0.999 0.0 0.023 0.036 
0.992 0.075 -0.089 0.04 -0.705 -0.0 -0.706 0.058 -0.982 -0.0 -0.04 -0.187 0.812 0.0 -0.583 0.013 0.959 0.0 -0.147 -0.242 -0.678 0.0 -0.231 -0.698 -0.808 0.0 -0.587 0.049 0.735 0.0 -0.676 0.054 0.999 -0.0 0.024 0.037 
0.992 0.08 -0.093 0.041 -0.703 -0.0 -0.709 0.055 -0.981 -0.0 -0.04 -0.19 0.815 0.0 -0.579 0.012 0.959 0.0 -0.147 -0.241 -0.677 0.0 -0.233 -0.699 -0.81 -0.0 -0.584 0.046 0.738 0.0 -0.673 0.049 0.999 0.0 0.026 0.037 
0.991 0.084 -0.097 0.042 -0.7 -0.0 -0.712 0.053 -0.98 -0.0 -0.04 -0.194 0.818 0.0 -0.575 0.012 0.96 0.0 -0.146 -0.24 -0.675 -0.0 -0.236 -0.7 -0.813 0.0 -0.581 0.044 0.741 0.0 -0.67 0.045 0.999 0.0 0.027 0.037 
0.99 0.089 -0.102 0.042 -0.697 0.0 -0.715 0.051 -0.979 -0.0 -0.041 -0.198 0.822 -0.0 -0.569 0.011 0.96 0.0 -0.145 -0.239 -0.672 -0.0 -0.238 -0.701 -0.815 -0.0 -0.578 0.041 0.744 0.0 -0.667 0.041 0.999 0.0 0.028 0.037 
0.989 0.094 -0.106 0.042 -0.694 -0.0 -0.718 0.048 -0.979 -0.0 -0.041 -0.201 0.825 0.0 -0.564 0.01 0.961 -0.0 -0.143 -0.238 -0.669 0.0 -0.241 -0.703 -0.818 -0.0 -0.574 0.038 0.747 -0.0 -0.663 0.038 0.999 0.0 0.029 0.037 
0.988 0.098 -0.111 0.042 -0.691 0.0 -0.721 0.046 -0.978 0.0 -0.042 -0.204 0.829 0.0 -0.559 0.009 0.961 0.0 -0.14 -0.237 -0.667 -0.0 -0.243 -0.705 -0.82 0.0 -0.571 0.035 0.751 -0.0 -0.66 0.034 0.999 0.0 0.03 0.037 
0.987 0.103 -0.116 0.04 -0.688 -0.0 -0.724 0.042 -0.978 -0.0 -0.043 -0.205 0.832 0.0 -0.555 0.008 0.962 0.0 -0.137 -0.236 -0.664 -0.0 -0.246 -0.706 -0.823 -0.0 -0.567 0.033 0.754 0.0 -0.656 0.029 0.999 0.0 0.031 0.038 
0.986 0.108 -0.12 0.039 -0.685 -0.0 -0.727 0.037 -0.978 0.0 -0.042 -0.206 0.835 0.0 -0.55 0.007 0.963 0.0 -0.134 -0.235 -0.66 -0.0 -0.25 -0.708 -0.827 -0.0 -0.561 0.033 0.757 0.0 -0.653 0.024 0.999 -0.0 0.031 0.04 
0.985 0.113 -0.123 0.038 -0.683 -0.0 -0.729 0.033 -0.978 -0.0 -0.042 -0.206 0.837 0.0 -0.547 0.005 0.963 -0.0 -0.132 -0.234 -0.658 -0.0 -0.255 -0.709 -0.831 -0.0 -0.555 0.032 0.759 0.0 -0.651 0.017 0.999 0.0 0.031 0.044 
0.985 0.117 -0.124 0.036 -0.683 -0.0 -0.73 0.026 -0.978 -0.0 -0.042 -0.205 0.839 0.0 -0.544 0.004 0.964 -0.0 -0.13 -0.233 -0.655 -0.0 -0.26 -0.709 -0.836 0.0 -0.548 0.033 0.761 0.0 -0.649 0.01 0.998 0.0 0.031 0.048 
0.984 0.122 -0.124 0.034 -0.683 -0.0 -0.73 0.019 -0.978 -0.0 -0.041 -0.204 0.84 -0.0 -0.543 0.003 0.964 0.0 -0.128 -0.233 -0.654 0.0 -0.265 -0.708 -0.84 -0.0 -0.542 0.036 0.761 0.0 -0.649 0.002 0.998 0.0 0.03 0.054 
0.984 0.126 -0.123 0.033 -0.684 0.0 -0.729 0.013 -0.978 0.0 -0.04 -0.203 0.84 -0.0 -0.543 0.002 0.964 0.0 -0.126 -0.232 -0.653 0.0 -0.271 -0.707 -0.844 -0.0 -0.535 0.04 0.761 0.0 -0.649 -0.007 0.998 0.0 0.028 0.061 
0.984 0.13 -0.121 0.031 -0.686 -0.0 -0.728 0.006 -0.979 -0.0 -0.039 -0.201 0.839 -0.0 -0.544 0.001 0.965 0.0 -0.125 -0.232 -0.653 -0.0 -0.277 -0.705 -0.848 0.0 -0.528 0.045 0.76 0.0 -0.65 -0.017 0.997 0.0 0.025 0.069 
0.984 0.133 -0.117 0.03 -0.689 0.0 -0.725 -0.002 -0.979 -0.0 -0.038 -0.198 0.838 -0.0 -0.546 -0.0 0.965 0.0 -0.124 -0.231 -0.653 -0.0 -0.283 -0.702 -0.852 -0.0 -0.521 0.051 0.759 0.0 -0.651 -0.028 0.997 0.0 0.021 0.079 
0.984 0.137 -0.113 0.029 -0.692 -0.0 -0.722 -0.008 -0.98 -0.0 -0.037 -0.198 0.837 -0.0 -0.548 -0.002 0.965 0.0 -0.123 -0.231 -0.654 -0.0 -0.288 -0.699 -0.856 -0.0 -0.514 0.056 0.757 0.0 -0.652 -0.041 0.996 0.0 0.017 0.092 
0.984 0.14 -0.109 0.027 -0.695 -0.0 -0.719 -0.013 -0.98 -0.0 -0.036 -0.197 0.836 0.0 -0.549 -0.003 0.965 0.0 -0.123 -0.232 -0.654 -0.0 -0.295 -0.696 -0.86 -0.0 -0.507 0.062 0.756 0.0 -0.652 -0.054 0.994 0.0 0.011 0.105 
0.984 0.142 -0.105 0.026 -0.698 -0.0 -0.716 -0.017 -0.98 -0.0 -0.036 -0.197 0.834 0.0 -0.552 -0.004 0.965 0.0 -0.124 -0.233 -0.654 -0.0 -0.304 -0.692 -0.864 0.0 -0.498 0.071 0.754 0.0 -0.653 -0.066 0.993 0.0 0.006 0.12 
0.984 0.144 -0.101 0.024 -0.702 -0.0 -0.712 -0.023 -0.98 -0.0 -0.037 -0.197 0.832 0.0 -0.554 -0.005 0.964 0.0 -0.123 -0.234 -0.654 -0.0 -0.312 -0.689 -0.868 -0.0 -0.49 0.078 0.752 0.0 -0.654 -0.08 0.991 0.0 -0.0 0.135 
0.984 0.146 -0.097 0.022 -0.705 -0.0 -0.708 -0.027 -0.98 -0.0 -0.038 -0.197 0.831 0.0 -0.556 -0.005 0.964 0.0 -0.123 -0.236 -0.654 -0.0 -0.32 -0.685 -0.873 0.0 -0.48 0.086 0.751 0.0 -0.654 -0.094 0.988 -0.0 -0.007 0.152 
0.984 0.148 -0.094 0.019 -0.708 -0.0 -0.705 -0.032 -0.98 -0.0 -0.038 -0.197 0.83 -0.0 -0.558 -0.005 0.963 0.0 -0.123 -0.239 -0.653 -0.0 -0.329 -0.682 -0.877 -0.0 -0.472 0.094 0.748 0.0 -0.654 -0.109 0.985 0.0 -0.015 0.169 
0.984 0.149 -0.091 0.017 -0.712 -0.0 -0.702 -0.036 -0.979 0.0 -0.041 -0.198 0.828 0.0 -0.56 -0.006 0.963 0.0 -0.122 -0.242 -0.652 0.0 -0.339 -0.678 -0.881 -0.0 -0.461 0.102 0.747 0.0 -0.653 -0.125 0.982 0.0 -0.023 0.188 
0.985 0.15 -0.087 0.014 -0.715 -0.0 -0.698 -0.039 -0.979 -0.0 -0.042 -0.201 0.826 0.0 -0.563 -0.005 0.962 -0.0 -0.121 -0.245 -0.651 -0.0 -0.349 -0.674 -0.886 -0.0 -0.451 0.111 0.744 -0.0 -0.654 -0.14 0.978 0.0 -0.031 0.207 
0.985 0.15 -0.084 0.013 -0.718 -0.0 -0.695 -0.044 -0.979 -0.0 -0.043 -0.201 0.825 0.0 -0.565 -0.005 0.961 0.0 -0.12 -0.248 -0.65 -0.0 -0.36 -0.669 -0.89 0.0 -0.44 0.119 0.741 0.0 -0.653 -0.156 0.973 0.0 -0.041 0.228 
0.985 0.15 -0.081 0.011 -0.721 0.0 -0.691 -0.047 -0.978 -0.0 -0.045 -0.203 0.823 0.0 -0.568 -0.004 0.961 0.0 -0.119 -0.251 -0.649 -0.0 -0.371 -0.664 -0.894 -0.0 -0.429 0.128 0.739 0.0 -0.652 -0.172 0.967 0.0 -0.051 0.248 
0.986 0.149 -0.078 0.008 -0.724 0.0 -0.688 -0.051 -0.978 -0.0 -0.046 -0.204 0.821 0.0 -0.571 -0.004 0.96 0.0 -0.116 -0.253 -0.649 -0.0 -0.383 -0.658 -0.898 -0.0 -0.417 0.137 0.736 0.0 -0.65 -0.187 0.961 -0.0 -0.063 0.267 
0.986 0.148 -0.075 0.008 -0.727 -0.0 -0.685 -0.053 -0.977 -0.0 -0.046 -0.206 0.819 0.0 -0.574 -0.003 0.96 0.0 -0.115 -0.255 -0.648 -0.0 -0.395 -0.651 -0.903 -0.0 -0.404 0.146 0.734 0.0 -0.649 -0.202 0.955 0.0 -0.075 0.286 
0.986 0.147 -0.072 0.006 -0.73 0.0 -0.682 -0.056 -0.977 -0.0 -0.048 -0.208 0.817 0.0 -0.577 -0.002 0.959 0.0 -0.112 -0.259 -0.646 -0.0 -0.408 -0.645 -0.907 -0.0 -0.391 0.155 0.732 0.0 -0.647 -0.216 0.949 -0.0 -0.088 0.304 
0.987 0.146 -0.069 0.005 -0.732 0.0 -0.679 -0.058 -0.977 -0.0 -0.048 -0.21 0.815 0.0 -0.58 -0.001 0.959 0.0 -0.109 -0.261 -0.646 -0.0 -0.42 -0.638 -0.911 -0.0 -0.378 0.163 0.729 0.0 -0.645 -0.229 0.942 0.0 -0.101 0.321 
0.987 0.145 -0.066 0.003 -0.734 -0.0 -0.676 -0.059 -0.976 0.0 -0.048 -0.213 0.813 -0.0 -0.583 -0.0 0.959 0.0 -0.107 -0.264 -0.645 -0.0 -0.433 -0.63 -0.916 0.0 -0.364 0.171 0.727 -0.0 -0.642 -0.243 0.935 0.0 -0.114 0.337 
0.988 0.144 -0.062 0.002 -0.738 -0.0 -0.672 -0.061 -0.976 -0.0 -0.049 -0.214 0.81 0.0 -0.587 0.001 0.958 0.0 -0.104 -0.266 -0.645 -0.0 -0.444 -0.622 -0.919 -0.0 -0.351 0.178 0.724 0.0 -0.641 -0.255 0.928 0.0 -0.128 0.351 
0.988 0.142 -0.059 0.001 -0.74 0.0 -0.67 -0.063 -0.975 -0.0 -0.048 -0.216 0.807 0.0 -0.59 0.002 0.958 0.0 -0.102 -0.268 -0.645 -0.0 -0.457 -0.613 -0.924 -0.0 -0.336 0.185 0.721 0.0 -0.639 -0.268 0.921 0.0 -0.14 0.364 
0.988 0.14 -0.057 0.001 -0.741 -0.0 -0.668 -0.063 -0.975 -0.0 -0.046 -0.217 0.805 0.0 -0.593 0.003 0.958 0.0 -0.101 -0.269 -0.644 -0.0 -0.47 -0.604 -0.928 -0.0 -0.32 0.191 0.718 0.0 -0.637 -0.281 0.913 0.0 -0.153 0.378 
0.989 0.139 -0.052 0.001 -0.744 -0.0 -0.665 -0.065 -0.975 0.0 -0.045 -0.218 0.803 0.0 -0.597 0.004 0.957 0.0 -0.099 -0.271 -0.645 -0.0 -0.482 -0.594 -0.932 -0.0 -0.306 0.196 0.715 0.0 -0.635 -0.293 0.905 0.0 -0.167 0.391 
0.989 0.137 -0.049 0.0 -0.746 -0.0 -0.663 -0.065 -0.975 -0.0 -0.043 -0.22 0.8 0.0 -0.6 0.004 0.957 0.0 -0.097 -0.272 -0.646 -0.0 -0.493 -0.583 -0.936 -0.0 -0.29 0.2 0.712 -0.0 -0.632 -0.305 0.898 0.0 -0.182 0.401 
0.99 0.135 -0.046 0.001 -0.748 -0.0 -0.66 -0.065 -0.974 -0.0 -0.043 -0.22 0.797 0.0 -0.603 0.005 0.957 0.0 -0.098 -0.272 -0.646 -0.0 -0.506 -0.572 -0.94 -0.0 -0.274 0.204 0.709 0.0 -0.63 -0.317 0.891 0.0 -0.195 0.411 
0.99 0.133 -0.042 0.001 -0.75 -0.0 -0.658 -0.066 -0.974 -0.0 -0.041 -0.221 0.795 0.0 -0.606 0.006 0.957 0.0 -0.097 -0.273 -0.647 0.0 -0.518 -0.56 -0.944 -0.0 -0.259 0.206 0.706 -0.0 -0.628 -0.328 0.884 0.0 -0.208 0.419 
0.991 0.131 -0.039 0.001 -0.752 -0.0 -0.656 -0.066 -0.974 -0.0 -0.04 -0.222 0.792 0.0 -0.61 0.007 0.957 -0.0 -0.096 -0.273 -0.648 -0.0 -0.53 -0.547 -0.948 -0.0 -0.243 0.207 0.702 0.0 -0.626 -0.339 0.877 0.0 -0.22 0.427 
0.991 0.128 -0.035 0.003 -0.754 -0.0 -0.653 -0.065 -0.974 -0.0 -0.038 -0.221 0.79 0.0 -0.613 0.007 0.957 -0.0 -0.097 -0.272 -0.649 -0.0 -0.542 -0.533 -0.952 -0.0 -0.226 0.208 0.699 0.0 -0.624 -0.349 0.871 0.0 -0.231 0.433 
0.992 0.126 -0.032 0.003 -0.756 -0.0 -0.651 -0.064 -0.974 -0.0 -0.037 -0.222 0.788 0.0 -0.616 0.007 0.957 0.0 -0.097 -0.272 -0.651 -0.0 -0.554 -0.52 -0.955 -0.0 -0.21 0.207 0.695 0.0 -0.623 -0.358 0.867 0.0 -0.239 0.437 
0.992 0.123 -0.028 0.005 -0.758 -0.0 -0.649 -0.064 -0.975 -0.0 -0.037 -0.221 0.785 0.0 -0.619 0.008 0.958 -0.0 -0.099 -0.271 -0.653 -0.0 -0.564 -0.505 -0.959 0.0 -0.195 0.206 0.691 -0.0 -0.621 -0.369 0.86 0.0 -0.25 0.445 
0.992 0.121 -0.024 0.005 -0.761 -0.0 -0.646 -0.063 -0.975 -0.0 -0.037 -0.221 0.782 0.0 -0.623 0.008 0.958 0.0 -0.098 -0.27 -0.656 -0.0 -0.573 -0.491 -0.962 -0.0 -0.182 0.203 0.688 0.0 -0.62 -0.378 0.856 0.0 -0.259 0.447 
0.993 0.118 -0.02 0.006 -0.763 -0.0 -0.643 -0.062 -0.975 -0.0 -0.036 -0.22 0.78 0.0 -0.626 0.008 0.958 0.0 -0.099 -0.269 -0.658 -0.0 -0.583 -0.476 -0.965 -0.0 -0.167 0.2 0.684 0.0 -0.619 -0.385 0.854 0.0 -0.266 0.448 
0.993 0.116 -0.017 0.006 -0.765 -0.0 -0.641 -0.062 -0.975 -0.0 -0.037 -0.219 0.778 0.0 -0.629 0.009 0.958 0.0 -0.1 -0.268 -0.659 -0.0 -0.592 -0.463 -0.968 -0.0 -0.153 0.198 0.68 0.0 -0.62 -0.391 0.853 -0.0 -0.266 0.448 
0.993 0.114 -0.013 0.006 -0.767 -0.0 -0.639 -0.06 -0.975 -0.0 -0.036 -0.22 0.775 0.0 -0.632 0.009 0.959 0.0 -0.1 -0.267 -0.661 -0.0 -0.601 -0.45 -0.971 -0.0 -0.14 0.195 0.677 0.0 -0.619 -0.398 0.852 0.0 -0.272 0.447 
0.994 0.111 -0.01 0.006 -0.769 -0.0 -0.637 -0.06 -0.975 -0.0 -0.038 -0.219 0.773 0.0 -0.634 0.009 0.959 -0.0 -0.1 -0.266 -0.662 -0.0 -0.609 -0.437 -0.973 -0.0 -0.128 0.191 0.674 0.0 -0.618 -0.405 0.852 0.0 -0.275 0.446 
0.994 0.109 -0.007 0.007 -0.771 -0.0 -0.635 -0.059 -0.975 -0.0 -0.038 -0.217 0.771 0.0 -0.637 0.01 0.959 0.0 -0.099 -0.266 -0.663 -0.0 -0.617 -0.424 -0.976 0.0 -0.115 0.187 0.671 0.0 -0.618 -0.411 0.853 0.0 -0.276 0.444 
0.994 0.106 -0.004 0.007 -0.773 -0.0 -0.632 -0.059 -0.976 -0.0 -0.04 -0.215 0.768 0.0 -0.64 0.011 0.959 -0.0 -0.099 -0.265 -0.665 -0.0 -0.624 -0.411 -0.978 -0.0 -0.105 0.181 0.667 0.0 -0.618 -0.415 0.854 0.0 -0.276 0.441 
0.995 0.104 -0.001 0.007 -0.774 -0.0 -0.631 -0.057 -0.976 -0.0 -0.04 -0.214 0.766 0.0 -0.643 0.011 0.959 0.0 -0.098 -0.264 -0.666 0.0 -0.63 -0.399 -0.98 -0.0 -0.094 0.177 0.664 -0.0 -0.618 -0.42 0.857 0.0 -0.274 0.437 
0.995 0.102 0.002 0.008 -0.776 -0.0 -0.629 -0.056 -0.976 0.0 -0.042 -0.214 0.764 0.0 -0.645 0.013 0.959 0.0 -0.1 -0.265 -0.668 -0.0 -0.637 -0.386 -0.981 -0.0 -0.084 0.172 0.661 0.0 -0.619 -0.423 0.86 -0.0 -0.271 0.433 
0.995 0.099 0.005 0.008 -0.777 0.0 -0.627 -0.054 -0.976 -0.0 -0.044 -0.212 0.763 0.0 -0.647 0.014 0.959 0.0 -0.099 -0.264 -0.669 -0.0 -0.643 -0.373 -0.983 0.0 -0.075 0.168 0.658 0.0 -0.621 -0.427 0.863 0.0 -0.266 0.43 
0.995 0.097 0.007 0.009 -0.778 -0.0 -0.626 -0.053 -0.977 -0.0 -0.045 -0.21 0.76 0.0 -0.65 0.014 0.96 -0.0 -0.096 -0.262 -0.67 -0.0 -0.648 -0.362 -0.984 -0.0 -0.066 0.164 0.655 0.0 -0.622 -0.428 0.867 -0.0 -0.26 0.425 
0.995 0.094 0.01 0.01 -0.779 -0.0 -0.624 -0.052 -0.977 0.0 -0.046 -0.208 0.758 0.0 -0.652 0.015 0.961 0.0 -0.094 -0.261 -0.671 -0.0 -0.654 -0.35 -0.986 -0.0 -0.058 0.159 0.652 0.0 -0.625 -0.429 0.872 0.0 -0.251 0.419 
0.996 0.092 0.012 0.01 -0.781 -0.0 -0.623 -0.051 -0.977 -0.0 -0.049 -0.206 0.757 0.0 -0.654 0.017 0.96 0.0 -0.095 -0.263 -0.672 -0.0 -0.659 -0.339 -0.987 0.0 -0.051 0.155 0.65 0.0 -0.627 -0.43 0.878 -0.0 -0.244 0.412 
0.996 0.089 0.014 0.01 -0.782 -0.0 -0.622 -0.049 -0.977 -0.0 -0.051 -0.205 0.754 0.0 -0.657 0.017 0.961 0.0 -0.091 -0.261 -0.673 0.0 -0.663 -0.328 -0.987 -0.0 -0.045 0.152 0.648 0.0 -0.63 -0.429 0.884 0.0 -0.234 0.405 
0.996 0.087 0.016 0.011 -0.782 -0.0 -0.621 -0.048 -0.978 -0.0 -0.051 -0.204 0.752 -0.0 -0.658 0.018 0.961 -0.0 -0.089 -0.261 -0.673 0.0 -0.668 -0.317 -0.988 -0.0 -0.037 0.147 0.646 0.0 -0.633 -0.427 0.891 0.0 -0.223 0.396 
0.996 0.084 0.018 0.011 -0.783 0.0 -0.62 -0.047 -0.978 -0.0 -0.054 -0.201 0.75 0.0 -0.661 0.021 0.961 0.0 -0.085 -0.264 -0.675 0.0 -0.671 -0.307 -0.989 -0.0 -0.032 0.143 0.645 0.0 -0.637 -0.423 0.898 -0.0 -0.212 0.385 
0.996 0.082 0.02 0.01 -0.784 -0.0 -0.619 -0.045 -0.978 -0.0 -0.056 -0.2 0.748 0.0 -0.663 0.023 0.961 0.0 -0.083 -0.264 -0.676 -0.0 -0.675 -0.297 -0.99 -0.0 -0.027 0.139 0.643 0.0 -0.643 -0.416 0.907 0.0 -0.194 0.375 
0.997 0.079 0.021 0.01 -0.784 -0.0 -0.619 -0.043 -0.978 0.0 -0.057 -0.199 0.746 0.0 -0.665 0.024 0.961 0.0 -0.079 -0.264 -0.676 0.0 -0.679 -0.286 -0.991 -0.0 -0.023 0.134 0.642 0.0 -0.648 -0.41 0.914 0.0 -0.18 0.364 
0.997 0.076 0.022 0.01 -0.784 -0.0 -0.619 -0.042 -0.979 -0.0 -0.059 -0.196 0.745 0.0 -0.667 0.026 0.962 -0.0 -0.076 -0.264 -0.677 -0.0 -0.683 -0.276 -0.991 -0.0 -0.018 0.129 0.641 0.0 -0.653 -0.403 0.921 -0.0 -0.165 0.352 
0.997 0.074 0.023 0.009 -0.784 -0.0 -0.62 -0.041 -0.979 -0.0 -0.061 -0.194 0.744 0.0 -0.668 0.028 0.962 0.0 -0.073 -0.264 -0.677 -0.0 -0.687 -0.265 -0.992 -0.0 -0.014 0.124 0.641 0.0 -0.659 -0.394 0.928 0.0 -0.147 0.341 
0.997 0.07 0.023 0.008 -0.783 -0.0 -0.621 -0.04 -0.979 -0.0 -0.064 -0.192 0.743 0.0 -0.669 0.03 0.962 0.0 -0.07 -0.264 -0.676 -0.0 -0.692 -0.254 -0.993 0.0 -0.008 0.12 0.641 0.0 -0.665 -0.383 0.936 0.0 -0.13 0.328 
0.997 0.068 0.022 0.007 -0.782 -0.0 -0.622 -0.038 -0.979 0.0 -0.066 -0.191 0.742 0.0 -0.669 0.031 0.963 0.0 -0.066 -0.263 -0.675 -0.0 -0.696 -0.244 -0.993 -0.0 -0.004 0.114 0.641 0.0 -0.671 -0.372 0.943 0.0 -0.113 0.314 
0.998 0.065 0.021 0.005 -0.781 0.0 -0.624 -0.037 -0.98 0.0 -0.067 -0.189 0.742 0.0 -0.67 0.033 0.963 0.0 -0.063 -0.263 -0.674 -0.0 -0.701 -0.233 -0.994 -0.0 0.0 0.11 0.643 0.0 -0.676 -0.36 0.949 0.0 -0.097 0.299 
0.998 0.062 0.02 0.004 -0.779 -0.0 -0.626 -0.036 -0.98 -0.0 -0.069 -0.186 0.742 0.0 -0.67 0.035 0.963 0.0 -0.06 -0.262 -0.673 0.0 -0.706 -0.222 -0.995 -0.0 0.003 0.104 0.644 0.0 -0.681 -0.348 0.955 0.0 -0.082 0.284 
0.998 0.059 0.019 0.003 -0.778 -0.0 -0.627 -0.036 -0.981 -0.0 -0.07 -0.183 0.742 0.0 -0.67 0.037 0.964 0.0 -0.056 -0.261 -0.672 -0.0 -0.709 -0.212 -0.995 -0.0 0.005 0.099 0.646 0.0 -0.685 -0.337 0.96 0.0 -0.07 0.27 
0.998 0.056 0.016 0.002 -0.775 -0.0 -0.631 -0.035 -0.981 -0.0 -0.07 -0.182 0.742 0.0 -0.669 0.039 0.964 0.0 -0.054 -0.261 -0.669 -0.0 -0.715 -0.202 -0.996 -0.0 0.009 0.093 0.65 -0.0 -0.689 -0.323 0.966 0.0 -0.057 0.253 
0.999 0.053 0.014 -0.001 -0.773 0.0 -0.633 -0.035 -0.981 0.0 -0.072 -0.178 0.743 0.0 -0.668 0.042 0.964 0.0 -0.052 -0.26 -0.667 -0.0 -0.72 -0.191 -0.996 -0.0 0.012 0.088 0.654 -0.0 -0.692 -0.306 0.971 0.0 -0.046 0.235 
0.999 0.049 0.012 -0.003 -0.771 -0.0 -0.636 -0.036 -0.982 -0.0 -0.072 -0.175 0.743 -0.0 -0.668 0.044 0.965 0.0 -0.05 -0.259 -0.666 -0.0 -0.724 -0.18 -0.996 -0.0 0.013 0.083 0.657 0.0 -0.696 -0.29 0.975 0.0 -0.036 0.218 
0.999 0.046 0.009 -0.004 -0.769 -0.0 -0.639 -0.036 -0.982 -0.0 -0.071 -0.173 0.744 0.0 -0.667 0.047 0.965 0.0 -0.049 -0.258 -0.664 -0.0 -0.728 -0.17 -0.997 -0.0 0.015 0.079 0.661 0.0 -0.698 -0.275 0.979 0.0 -0.03 0.202 
0.999 0.043 0.007 -0.006 -0.767 -0.0 -0.64 -0.037 -0.983 -0.0 -0.072 -0.17 0.744 0.0 -0.666 0.049 0.965 0.0 -0.049 -0.257 -0.662 -0.0 -0.732 -0.162 -0.997 -0.0 0.016 0.075 0.664 0.0 -0.701 -0.26 0.982 -0.0 -0.023 0.187 
0.999 0.04 0.004 -0.007 -0.764 -0.0 -0.644 -0.036 -0.983 -0.0 -0.071 -0.17 0.745 0.0 -0.665 0.052 0.965 0.0 -0.049 -0.257 -0.66 -0.0 -0.736 -0.154 -0.997 -0.0 0.017 0.073 0.668 0.0 -0.703 -0.243 0.985 0.0 -0.019 0.174 
0.999 0.036 0.001 -0.011 -0.762 -0.0 -0.647 -0.035 -0.983 0.0 -0.072 -0.168 0.746 -0.0 -0.664 0.056 0.965 0.0 -0.049 -0.256 -0.657 -0.0 -0.74 -0.144 -0.997 -0.0 0.019 0.071 0.672 0.0 -0.709 -0.217 0.988 0.0 -0.006 0.154 
0.999 0.033 -0.001 -0.013 -0.76 -0.0 -0.649 -0.036 -0.983 -0.0 -0.072 -0.166 0.747 -0.0 -0.662 0.059 0.966 0.0 -0.051 -0.254 -0.654 -0.0 -0.744 -0.138 -0.997 -0.0 0.02 0.072 0.674 0.0 -0.711 -0.201 0.989 0.0 -0.002 0.145 
0.999 0.03 -0.003 -0.014 -0.758 -0.0 -0.652 -0.036 -0.984 -0.0 -0.071 -0.166 0.747 0.0 -0.662 0.062 0.966 0.0 -0.052 -0.253 -0.652 -0.0 -0.746 -0.133 -0.997 -0.0 0.021 0.073 0.677 0.0 -0.71 -0.193 0.99 -0.0 -0.004 0.143 
0.999 0.028 -0.005 -0.015 -0.756 -0.0 -0.653 -0.037 -0.984 0.0 -0.07 -0.164 0.748 0.0 -0.661 0.064 0.966 -0.0 -0.055 -0.252 -0.651 -0.0 -0.748 -0.128 -0.997 -0.0 0.022 0.074 0.676 0.0 -0.714 -0.18 0.991 0.0 0.006 0.134 
1.0 0.026 -0.005 -0.016 -0.755 -0.0 -0.655 -0.038 -0.984 -0.0 -0.068 -0.163 0.747 -0.0 -0.661 0.066 0.966 0.0 -0.058 -0.25 -0.651 -0.0 -0.749 -0.126 -0.997 -0.0 0.023 0.077 0.678 0.0 -0.715 -0.173 0.991 0.0 0.005 0.13 
1.0 0.024 -0.004 -0.016 -0.755 -0.0 -0.655 -0.039 -0.984 -0.0 -0.067 -0.163 0.746 0.0 -0.662 0.067 0.967 0.0 -0.062 -0.248 -0.651 -0.0 -0.749 -0.123 -0.997 0.0 0.023 0.078 0.679 0.0 -0.716 -0.164 0.992 0.0 0.003 0.123 
1.0 0.023 -0.002 -0.015 -0.755 -0.0 -0.654 -0.041 -0.985 0.0 -0.065 -0.162 0.745 0.0 -0.663 0.068 0.967 0.0 -0.067 -0.245 -0.652 0.0 -0.748 -0.121 -0.997 -0.0 0.023 0.08 0.682 0.0 -0.716 -0.15 0.994 0.0 -0.003 0.107 
1.0 0.021 0.0 -0.014 -0.755 -0.0 -0.654 -0.042 -0.985 -0.0 -0.062 -0.16 0.744 -0.0 -0.665 0.067 0.968 0.0 -0.072 -0.242 -0.654 -0.0 -0.747 -0.118 -0.996 -0.0 0.024 0.082 0.681 0.0 -0.717 -0.146 0.995 0.0 -0.004 0.104 
1.0 0.02 0.002 -0.013 -0.756 -0.0 -0.653 -0.044 -0.986 -0.0 -0.059 -0.158 0.743 0.0 -0.666 0.067 0.968 0.0 -0.076 -0.239 -0.655 -0.0 -0.746 -0.116 -0.996 0.0 0.024 0.083 0.676 0.0 -0.721 -0.153 0.993 0.0 0.004 0.119 
1.0 0.019 0.005 -0.012 -0.757 -0.0 -0.653 -0.043 -0.986 -0.0 -0.057 -0.159 0.742 -0.0 -0.668 0.066 0.969 0.0 -0.081 -0.234 -0.657 -0.0 -0.745 -0.113 -0.996 -0.0 0.024 0.084 0.675 -0.0 -0.723 -0.149 0.993 0.0 0.005 0.117 
1.0 0.018 0.007 -0.01 -0.757 -0.0 -0.652 -0.042 -0.986 -0.0 -0.054 -0.159 0.74 0.0 -0.669 0.065 0.969 0.0 -0.085 -0.231 -0.659 -0.0 -0.744 -0.11 -0.996 0.0 0.024 0.085 0.673 -0.0 -0.725 -0.144 0.994 -0.0 0.006 0.113 
1.0 0.016 0.008 -0.01 -0.757 -0.0 -0.652 -0.04 -0.986 -0.0 -0.052 -0.159 0.739 -0.0 -0.67 0.065 0.97 0.0 -0.088 -0.228 -0.66 -0.0 -0.743 -0.107 -0.996 -0.0 0.024 0.086 0.673 -0.0 -0.727 -0.137 0.994 0.0 0.007 0.108 
1.0 0.015 0.01 -0.01 -0.757 -0.0 -0.652 -0.038 -0.986 -0.0 -0.051 -0.16 0.739 0.0 -0.671 0.064 0.97 0.0 -0.092 -0.225 -0.662 -0.0 -0.742 -0.104 -0.996 -0.0 0.024 0.087 0.672 0.0 -0.729 -0.129 0.995 0.0 0.009 0.102 
1.0 0.013 0.011 -0.011 -0.757 -0.0 -0.652 -0.035 -0.985 -0.0 -0.051 -0.162 0.738 0.0 -0.672 0.063 0.97 0.0 -0.093 -0.223 -0.663 -0.0 -0.742 -0.101 -0.996 -0.0 0.024 0.088 0.671 0.0 -0.731 -0.12 0.995 0.0 0.011 0.095 
1.0 0.012 0.011 -0.012 -0.757 0.0 -0.652 -0.032 -0.985 -0.0 -0.051 -0.163 0.738 0.0 -0.672 0.062 0.971 0.0 -0.096 -0.22 -0.664 -0.0 -0.741 -0.097 -0.996 0.0 0.024 0.087 0.672 0.0 -0.733 -0.11 0.996 0.0 0.011 0.087 
1.0 0.011 0.013 -0.014 -0.758 -0.0 -0.652 -0.029 -0.985 -0.0 -0.053 -0.164 0.736 0.0 -0.674 0.062 0.971 0.0 -0.097 -0.22 -0.668 -0.0 -0.739 -0.094 -0.996 -0.0 0.021 0.088 0.671 0.0 -0.735 -0.1 0.997 0.0 0.011 0.079 
1.0 0.01 0.012 -0.017 -0.757 -0.0 -0.653 -0.029 -0.985 -0.0 -0.055 -0.163 0.737 0.0 -0.673 0.061 0.971 -0.0 -0.098 -0.219 -0.665 -0.0 -0.741 -0.093 -0.996 -0.0 0.024 0.089 0.672 0.0 -0.735 -0.09 0.997 0.0 0.012 0.071 
1.0 0.009 0.012 -0.02 -0.756 -0.0 -0.654 -0.028 -0.985 -0.0 -0.056 -0.163 0.737 0.0 -0.674 0.061 0.971 0.0 -0.098 -0.219 -0.665 -0.0 -0.741 -0.091 -0.996 -0.0 0.025 0.09 0.672 0.0 -0.736 -0.082 0.998 0.0 0.012 0.064 
1.0 0.007 0.012 -0.022 -0.756 -0.0 -0.654 -0.027 -0.985 -0.0 -0.06 -0.162 0.736 0.0 -0.674 0.061 0.971 0.0 -0.097 -0.219 -0.665 -0.0 -0.742 -0.088 -0.996 0.0 0.026 0.089 0.672 -0.0 -0.737 -0.071 0.998 0.0 0.013 0.056 
1.0 0.005 0.011 -0.026 -0.755 0.0 -0.655 -0.027 -0.985 -0.0 -0.062 -0.16 0.737 0.0 -0.674 0.061 0.971 0.0 -0.096 -0.219 -0.663 -0.0 -0.744 -0.085 -0.996 -0.0 0.029 0.09 0.673 0.0 -0.737 -0.062 0.999 0.0 0.014 0.049 
0.999 0.004 0.012 -0.029 -0.756 -0.0 -0.654 -0.028 -0.985 -0.0 -0.065 -0.158 0.736 0.0 -0.674 0.061 0.971 0.0 -0.094 -0.22 -0.663 -0.0 -0.744 -0.082 -0.996 -0.0 0.029 0.089 0.673 0.0 -0.738 -0.051 0.999 0.0 0.014 0.041 
0.999 0.002 0.012 -0.032 -0.756 -0.0 -0.654 -0.029 -0.986 0.0 -0.069 -0.155 0.736 0.0 -0.674 0.06 0.971 -0.0 -0.092 -0.22 -0.663 -0.0 -0.744 -0.079 -0.996 -0.0 0.029 0.089 0.673 0.0 -0.738 -0.044 0.999 0.0 0.013 0.036 
0.999 0.001 0.012 -0.035 -0.756 -0.0 -0.654 -0.03 -0.986 -0.0 -0.072 -0.152 0.735 -0.0 -0.675 0.06 0.971 0.0 -0.089 -0.221 -0.664 -0.0 -0.744 -0.076 -0.996 -0.0 0.03 0.089 0.673 0.0 -0.739 -0.037 0.999 -0.0 0.013 0.032 
0.999 -0.001 0.012 -0.038 -0.756 -0.0 -0.653 -0.031 -0.986 -0.0 -0.075 -0.15 0.735 0.0 -0.676 0.06 0.971 0.0 -0.086 -0.222 -0.664 -0.0 -0.744 -0.073 -0.996 -0.0 0.03 0.09 0.673 0.0 -0.739 -0.03 1.0 0.0 0.013 0.027 
0.999 -0.003 0.013 -0.038 -0.757 0.0 -0.652 -0.031 -0.986 -0.0 -0.076 -0.15 0.734 0.0 -0.676 0.059 0.971 0.0 -0.084 -0.222 -0.667 0.0 -0.742 -0.067 -0.996 -0.0 0.029 0.089 0.673 0.0 -0.739 -0.021 1.0 0.0 0.012 0.023 
0.999 -0.004 0.013 -0.04 -0.758 -0.0 -0.652 -0.032 -0.986 -0.0 -0.079 -0.148 0.734 0.0 -0.677 0.058 0.972 0.0 -0.081 -0.223 -0.667 0.0 -0.743 -0.065 -0.996 -0.0 0.029 0.088 0.673 0.0 -0.739 -0.015 1.0 0.0 0.011 0.019 
0.999 -0.006 0.012 -0.041 -0.758 -0.0 -0.652 -0.033 -0.986 -0.0 -0.081 -0.146 0.733 0.0 -0.678 0.058 0.972 0.0 -0.077 -0.224 -0.666 0.0 -0.743 -0.062 -0.996 -0.0 0.029 0.088 0.674 -0.0 -0.739 -0.01 1.0 0.0 0.01 0.016 
0.999 -0.007 0.012 -0.042 -0.758 -0.0 -0.652 -0.034 -0.986 0.0 -0.082 -0.144 0.733 0.0 -0.678 0.057 0.972 0.0 -0.073 -0.224 -0.666 -0.0 -0.744 -0.06 -0.996 0.0 0.03 0.089 0.674 0.0 -0.738 -0.006 1.0 0.0 0.009 0.014 
