# T   LUA LFA RUA RFA LT  LS  RT  RS  
-0.662 0.145 -0.198 -0.708 -0.825 0.0 -0.556 0.103 -0.74 0.0 -0.087 -0.667 0.789 0.0 -0.614 0.007 0.809 0.0 -0.12 -0.575 -0.698 -0.0 -0.394 -0.599 -0.674 -0.0 -0.524 0.521 0.655 0.0 -0.452 -0.606 0.691 -0.0 -0.574 0.439 
-0.662 0.145 -0.198 -0.708 -0.825 -0.0 -0.556 0.103 -0.74 -0.0 -0.087 -0.666 0.789 0.0 -0.614 0.007 0.809 0.0 -0.12 -0.575 -0.698 -0.0 -0.394 -0.598 -0.674 0.0 -0.524 0.521 0.655 0.0 -0.452 -0.606 0.691 0.0 -0.574 0.439 
-0.662 0.145 -0.198 -0.708 -0.825 -0.0 -0.556 0.104 -0.74 -0.0 -0.088 -0.666 0.789 0.0 -0.615 0.007 0.809 0.0 -0.121 -0.575 -0.698 -0.0 -0.393 -0.598 -0.674 -0.0 -0.524 0.521 0.655 0.0 -0.452 -0.606 0.691 0.0 -0.574 0.439 
-0.662 0.145 -0.198 -0.708 -0.824 -0.0 -0.556 0.104 -0.74 0.0 -0.089 -0.666 0.789 0.0 -0.615 0.007 0.81 0.0 -0.121 -0.574 -0.698 0.0 -0.394 -0.598 -0.674 -0.0 -0.524 0.521 0.655 -0.0 -0.452 -0.606 0.691 0.0 -0.574 0.439 
-0.662 0.145 -0.198 -0.708 -0.824 0.0 -0.557 0.104 -0.741 -0.0 -0.089 -0.666 0.789 0.0 -0.615 0.007 0.809 0.0 -0.122 -0.574 -0.698 -0.0 -0.394 -0.598 -0.674 -0.0 -0.524 0.521 0.655 0.0 -0.452 -0.606 0.691 0.0 -0.574 0.439 
-0.662 0.145 -0.198 -0.708 -0.824 -0.0 -0.557 0.105 -0.74 -0.0 -0.09 -0.666 0.789 0.0 -0.615 0.007 0.81 0.0 -0.122 -0.574 -0.698 -0.0 -0.393 -0.599 -0.674 -0.0 -0.524 0.521 0.655 0.0 -0.452 -0.606 0.691 0.0 -0.574 0.439 
-0.662 0.145 -0.198 -0.708 -0.824 -0.0 -0.557 0.105 -0.74 -0.0 -0.091 -0.666 0.789 0.0 -0.615 0.007 0.81 -0.0 -0.122 -0.574 -0.698 -0.0 -0.393 -0.599 -0.674 -0.0 -0.524 0.521 0.655 0.0 -0.452 -0.606 0.691 0.0 -0.574 0.439 
-0.662 0.145 -0.197 -0.709 -0.823 -0.0 -0.557 0.106 -0.74 0.0 -0.091 -0.666 0.789 0.0 -0.615 0.007 0.81 0.0 -0.123 -0.574 -0.698 -0.0 -0.393 -0.598 -0.674 -0.0 -0.524 0.521 0.655 0.0 -0.452 -0.606 0.691 0.0 -0.574 0.439 
-0.662 0.145 -0.197 -0.709 -0.823 -0.0 -0.558 0.106 -0.74 -0.0 -0.091 -0.666 0.789 0.0 -0.615 0.006 0.81 -0.0 -0.123 -0.574 -0.698 -0.0 -0.393 -0.599 -0.674 -0.0 -0.524 0.521 0.655 0.0 -0.452 -0.606 0.691 0.0 -0.574 0.439 
-0.662 0.145 -0.197 -0.709 -0.823 -0.0 -0.558 0.106 -0.74 -0.0 -0.092 -0.666 0.789 -0.0 -0.615 0.006 0.81 0.0 -0.123 -0.574 -0.698 -0.0 -0.393 -0.599 -0.674 -0.0 -0.524 0.521 0.655 -0.0 -0.451 -0.606 0.691 -0.0 -0.574 0.439 
-0.662 0.145 -0.197 -0.709 -0.823 -0.0 -0.558 0.107 -0.741 -0.0 -0.092 -0.666 0.788 0.0 -0.615 0.006 0.81 0.0 -0.123 -0.574 -0.698 -0.0 -0.393 -0.599 -0.674 -0.0 -0.525 0.521 0.655 0.0 -0.451 -0.607 0.691 -0.0 -0.574 0.439 
-0.662 0.145 -0.197 -0.709 -0.823 -0.0 -0.558 0.107 -0.74 0.0 -0.092 -0.666 0.789 0.0 -0.615 0.006 0.81 0.0 -0.123 -0.573 -0.698 -0.0 -0.393 -0.599 -0.674 -0.0 -0.524 0.52 0.655 -0.0 -0.451 -0.607 0.691 0.0 -0.575 0.439 
-0.662 0.145 -0.197 -0.709 -0.823 -0.0 -0.559 0.107 -0.74 -0.0 -0.092 -0.666 0.789 0.0 -0.615 0.005 0.81 0.0 -0.123 -0.573 -0.698 -0.0 -0.393 -0.599 -0.674 -0.0 -0.525 0.52 0.655 0.0 -0.451 -0.607 0.691 0.0 -0.575 0.438 
-0.662 0.145 -0.197 -0.709 -0.822 -0.0 -0.559 0.108 -0.741 -0.0 -0.092 -0.666 0.789 0.0 -0.615 0.005 0.81 0.0 -0.123 -0.573 -0.698 0.0 -0.393 -0.599 -0.674 -0.0 -0.525 0.52 0.654 0.0 -0.451 -0.607 0.691 0.0 -0.575 0.438 
-0.662 0.145 -0.197 -0.709 -0.822 -0.0 -0.559 0.108 -0.741 -0.0 -0.092 -0.666 0.789 0.0 -0.615 0.005 0.81 0.0 -0.123 -0.573 -0.698 -0.0 -0.393 -0.599 -0.674 -0.0 -0.525 0.52 0.655 0.0 -0.451 -0.607 0.691 0.0 -0.575 0.438 
-0.662 0.145 -0.197 -0.709 -0.822 -0.0 -0.559 0.108 -0.741 -0.0 -0.092 -0.666 0.789 0.0 -0.615 0.005 0.81 0.0 -0.123 -0.573 -0.698 -0.0 -0.393 -0.599 -0.674 -0.0 -0.525 0.52 0.655 0.0 -0.451 -0.607 0.691 -0.0 -0.575 0.438 
-0.662 0.145 -0.197 -0.709 -0.822 -0.0 -0.559 0.109 -0.741 -0.0 -0.092 -0.666 0.789 0.0 -0.614 0.005 0.81 -0.0 -0.123 -0.574 -0.698 -0.0 -0.393 -0.599 -0.674 -0.0 -0.525 0.52 0.655 0.0 -0.451 -0.607 0.691 0.0 -0.575 0.438 
-0.662 0.145 -0.197 -0.709 -0.822 -0.0 -0.559 0.109 -0.741 -0.0 -0.092 -0.665 0.789 0.0 -0.614 0.005 0.81 -0.0 -0.123 -0.574 -0.698 -0.0 -0.393 -0.599 -0.674 -0.0 -0.524 0.52 0.655 0.0 -0.451 -0.607 0.691 0.0 -0.575 0.438 
-0.662 0.145 -0.197 -0.709 -0.822 -0.0 -0.56 0.109 -0.741 -0.0 -0.092 -0.665 0.789 -0.0 -0.614 0.005 0.81 -0.0 -0.123 -0.574 -0.698 -0.0 -0.393 -0.599 -0.674 -0.0 -0.525 0.52 0.655 -0.0 -0.451 -0.607 0.691 0.0 -0.575 0.438 
-0.662 0.145 -0.197 -0.709 -0.821 -0.0 -0.56 0.11 -0.741 -0.0 -0.092 -0.665 0.79 0.0 -0.614 0.005 0.809 0.0 -0.124 -0.574 -0.698 0.0 -0.393 -0.599 -0.674 -0.0 -0.525 0.52 0.655 0.0 -0.451 -0.607 0.691 0.0 -0.575 0.437 
-0.662 0.145 -0.197 -0.709 -0.821 -0.0 -0.56 0.11 -0.741 -0.0 -0.092 -0.665 0.79 -0.0 -0.613 0.005 0.809 0.0 -0.124 -0.574 -0.698 -0.0 -0.393 -0.599 -0.674 -0.0 -0.524 0.521 0.655 0.0 -0.451 -0.607 0.691 0.0 -0.575 0.438 
-0.662 0.145 -0.197 -0.709 -0.821 -0.0 -0.56 0.11 -0.741 -0.0 -0.091 -0.665 0.79 0.0 -0.613 0.005 0.809 0.0 -0.124 -0.574 -0.698 -0.0 -0.393 -0.599 -0.674 0.0 -0.524 0.521 0.655 0.0 -0.451 -0.607 0.691 0.0 -0.575 0.438 
-0.662 0.145 -0.197 -0.709 -0.821 -0.0 -0.56 0.111 -0.741 0.0 -0.091 -0.665 0.79 0.0 -0.613 0.004 0.809 0.0 -0.124 -0.574 -0.698 -0.0 -0.393 -0.599 -0.674 -0.0 -0.524 0.521 0.655 0.0 -0.451 -0.607 0.691 0.0 -0.575 0.438 
-0.662 0.145 -0.197 -0.709 -0.821 0.0 -0.56 0.111 -0.741 -0.0 -0.091 -0.665 0.791 0.0 -0.612 0.004 0.809 0.0 -0.124 -0.574 -0.698 0.0 -0.393 -0.599 -0.674 -0.0 -0.524 0.521 0.655 0.0 -0.451 -0.607 0.691 0.0 -0.575 0.438 
-0.662 0.145 -0.197 -0.709 -0.821 -0.0 -0.56 0.111 -0.741 -0.0 -0.091 -0.665 0.791 0.0 -0.612 0.004 0.809 0.0 -0.125 -0.574 -0.698 -0.0 -0.393 -0.599 -0.674 -0.0 -0.524 0.521 0.655 -0.0 -0.451 -0.607 0.691 0.0 -0.575 0.438 
-0.662 0.145 -0.197 -0.709 -0.821 -0.0 -0.56 0.111 -0.741 -0.0 -0.091 -0.665 0.791 0.0 -0.612 0.004 0.809 0.0 -0.124 -0.574 -0.698 -0.0 -0.393 -0.599 -0.674 -0.0 -0.524 0.521 0.655 0.0 -0.451 -0.607 0.691 0.0 -0.575 0.438 
-0.662 0.145 -0.197 -0.709 -0.821 0.0 -0.56 0.112 -0.741 -0.0 -0.091 -0.665 0.791 -0.0 -0.611 0.004 0.809 0.0 -0.124 -0.574 -0.698 -0.0 -0.393 -0.599 -0.674 -0.0 -0.524 0.521 0.655 -0.0 -0.451 -0.607 0.691 0.0 -0.575 0.438 
-0.662 0.145 -0.197 -0.709 -0.821 0.0 -0.56 0.112 -0.741 -0.0 -0.091 -0.665 0.792 -0.0 -0.611 0.004 0.809 0.0 -0.124 -0.574 -0.698 0.0 -0.393 -0.599 -0.674 -0.0 -0.524 0.521 0.655 0.0 -0.451 -0.606 0.691 0.0 -0.575 0.438 
-0.662 0.145 -0.197 -0.709 -0.821 -0.0 -0.56 0.113 -0.741 -0.0 -0.091 -0.665 0.792 0.0 -0.61 0.003 0.809 0.0 -0.124 -0.574 -0.698 -0.0 -0.393 -0.599 -0.674 -0.0 -0.524 0.521 0.655 -0.0 -0.451 -0.607 0.691 0.0 -0.575 0.438 
-0.662 0.145 -0.197 -0.709 -0.821 -0.0 -0.56 0.113 -0.741 -0.0 -0.091 -0.665 0.792 0.0 -0.61 0.004 0.809 0.0 -0.124 -0.574 -0.698 -0.0 -0.393 -0.599 -0.674 0.0 -0.524 0.521 0.655 0.0 -0.451 -0.606 0.691 0.0 -0.575 0.438 
-0.662 0.145 -0.197 -0.709 -0.821 -0.0 -0.56 0.113 -0.741 -0.0 -0.091 -0.665 0.793 0.0 -0.61 0.004 0.809 0.0 -0.125 -0.574 -0.698 -0.0 -0.393 -0.599 -0.674 -0.0 -0.524 0.522 0.655 0.0 -0.451 -0.607 0.691 0.0 -0.575 0.438 
-0.662 0.145 -0.197 -0.709 -0.821 -0.0 -0.56 0.114 -0.741 -0.0 -0.092 -0.665 0.793 0.0 -0.609 0.004 0.809 0.0 -0.125 -0.574 -0.698 -0.0 -0.393 -0.599 -0.674 -0.0 -0.524 0.522 0.655 0.0 -0.451 -0.607 0.691 0.0 -0.575 0.438 
-0.662 0.145 -0.197 -0.709 -0.821 -0.0 -0.56 0.114 -0.742 0.0 -0.092 -0.665 0.793 0.0 -0.609 0.003 0.809 -0.0 -0.124 -0.574 -0.698 -0.0 -0.394 -0.599 -0.674 -0.0 -0.523 0.522 0.655 0.0 -0.451 -0.607 0.691 0.0 -0.575 0.438 
-0.662 0.145 -0.197 -0.709 -0.821 0.0 -0.559 0.115 -0.741 -0.0 -0.092 -0.665 0.793 0.0 -0.609 0.004 0.809 0.0 -0.124 -0.574 -0.698 -0.0 -0.394 -0.599 -0.674 -0.0 -0.523 0.522 0.655 -0.0 -0.451 -0.607 0.691 -0.0 -0.575 0.438 
-0.662 0.145 -0.197 -0.709 -0.821 -0.0 -0.559 0.115 -0.742 -0.0 -0.092 -0.665 0.794 0.0 -0.608 0.004 0.809 -0.0 -0.124 -0.575 -0.698 -0.0 -0.393 -0.599 -0.674 -0.0 -0.524 0.522 0.655 0.0 -0.451 -0.607 0.691 0.0 -0.575 0.437 
-0.661 0.145 -0.197 -0.709 -0.821 -0.0 -0.559 0.116 -0.742 -0.0 -0.093 -0.664 0.794 0.0 -0.608 0.004 0.809 0.0 -0.124 -0.575 -0.698 -0.0 -0.393 -0.599 -0.674 -0.0 -0.523 0.522 0.655 0.0 -0.451 -0.607 0.691 0.0 -0.575 0.438 
-0.662 0.145 -0.197 -0.709 -0.821 0.0 -0.559 0.116 -0.742 -0.0 -0.093 -0.664 0.794 0.0 -0.608 0.004 0.809 0.0 -0.124 -0.575 -0.698 -0.0 -0.393 -0.599 -0.674 0.0 -0.524 0.522 0.655 0.0 -0.451 -0.607 0.691 0.0 -0.575 0.437 
-0.661 0.145 -0.197 -0.709 -0.821 -0.0 -0.559 0.116 -0.742 -0.0 -0.093 -0.664 0.794 0.0 -0.608 0.004 0.809 0.0 -0.124 -0.575 -0.698 -0.0 -0.394 -0.599 -0.674 -0.0 -0.523 0.522 0.655 -0.0 -0.451 -0.607 0.691 -0.0 -0.575 0.438 
-0.661 0.145 -0.197 -0.709 -0.821 -0.0 -0.558 0.117 -0.742 -0.0 -0.093 -0.664 0.794 0.0 -0.608 0.004 0.809 -0.0 -0.124 -0.575 -0.698 -0.0 -0.393 -0.599 -0.674 -0.0 -0.523 0.522 0.655 0.0 -0.451 -0.607 0.691 0.0 -0.575 0.438 
-0.662 0.145 -0.197 -0.709 -0.821 -0.0 -0.558 0.117 -0.742 0.0 -0.093 -0.664 0.794 -0.0 -0.607 0.004 0.809 -0.0 -0.123 -0.575 -0.698 -0.0 -0.394 -0.599 -0.674 -0.0 -0.523 0.522 0.655 0.0 -0.451 -0.607 0.691 -0.0 -0.575 0.438 
-0.661 0.145 -0.197 -0.709 -0.822 -0.0 -0.558 0.117 -0.742 -0.0 -0.094 -0.664 0.794 0.0 -0.607 0.005 0.809 -0.0 -0.122 -0.575 -0.698 -0.0 -0.394 -0.599 -0.674 0.0 -0.523 0.522 0.655 0.0 -0.451 -0.607 0.691 0.0 -0.575 0.438 
-0.661 0.145 -0.197 -0.709 -0.822 -0.0 -0.558 0.118 -0.742 -0.0 -0.094 -0.664 0.795 -0.0 -0.607 0.005 0.809 0.0 -0.123 -0.575 -0.698 -0.0 -0.394 -0.598 -0.674 -0.0 -0.523 0.522 0.655 0.0 -0.451 -0.607 0.691 0.0 -0.575 0.438 
-0.661 0.145 -0.197 -0.709 -0.822 -0.0 -0.558 0.118 -0.742 -0.0 -0.093 -0.663 0.795 0.0 -0.607 0.005 0.809 0.0 -0.123 -0.575 -0.698 -0.0 -0.394 -0.598 -0.674 -0.0 -0.523 0.522 0.655 0.0 -0.451 -0.607 0.691 -0.0 -0.575 0.438 
-0.661 0.146 -0.197 -0.709 -0.822 0.0 -0.558 0.118 -0.742 -0.0 -0.093 -0.663 0.795 0.0 -0.607 0.005 0.809 0.0 -0.122 -0.575 -0.698 -0.0 -0.394 -0.598 -0.674 0.0 -0.523 0.522 0.655 -0.0 -0.451 -0.606 0.691 0.0 -0.575 0.438 
-0.661 0.146 -0.197 -0.709 -0.822 -0.0 -0.558 0.118 -0.743 -0.0 -0.093 -0.663 0.795 0.0 -0.607 0.006 0.809 -0.0 -0.122 -0.575 -0.698 -0.0 -0.394 -0.598 -0.674 -0.0 -0.523 0.522 0.655 0.0 -0.451 -0.606 0.691 0.0 -0.575 0.438 
-0.661 0.146 -0.197 -0.709 -0.822 -0.0 -0.558 0.119 -0.743 0.0 -0.093 -0.663 0.795 0.0 -0.607 0.006 0.809 0.0 -0.122 -0.575 -0.698 -0.0 -0.394 -0.598 -0.674 0.0 -0.523 0.522 0.655 -0.0 -0.451 -0.606 0.691 0.0 -0.575 0.438 
-0.661 0.146 -0.197 -0.709 -0.822 -0.0 -0.558 0.119 -0.743 0.0 -0.093 -0.663 0.795 -0.0 -0.607 0.006 0.809 0.0 -0.122 -0.575 -0.698 -0.0 -0.394 -0.598 -0.674 0.0 -0.523 0.522 0.655 0.0 -0.451 -0.606 0.691 0.0 -0.575 0.438 
-0.661 0.146 -0.198 -0.709 -0.822 -0.0 -0.557 0.119 -0.743 0.0 -0.093 -0.663 0.795 0.0 -0.607 0.006 0.809 0.0 -0.122 -0.575 -0.698 -0.0 -0.394 -0.598 -0.674 -0.0 -0.523 0.522 0.655 0.0 -0.452 -0.606 0.691 0.0 -0.575 0.438 
-0.661 0.146 -0.198 -0.709 -0.822 -0.0 -0.557 0.119 -0.743 0.0 -0.093 -0.663 0.795 0.0 -0.607 0.006 0.81 0.0 -0.122 -0.574 -0.698 -0.0 -0.394 -0.598 -0.674 -0.0 -0.523 0.522 0.655 0.0 -0.452 -0.606 0.691 0.0 -0.574 0.439 
-0.661 0.146 -0.198 -0.709 -0.822 -0.0 -0.557 0.12 -0.743 0.0 -0.093 -0.663 0.795 -0.0 -0.607 0.006 0.81 0.0 -0.122 -0.574 -0.698 -0.0 -0.394 -0.598 -0.674 0.0 -0.523 0.522 0.655 0.0 -0.452 -0.606 0.691 0.0 -0.574 0.439 
-0.661 0.146 -0.198 -0.709 -0.822 -0.0 -0.557 0.12 -0.743 -0.0 -0.092 -0.663 0.795 0.0 -0.607 0.007 0.81 0.0 -0.122 -0.574 -0.698 -0.0 -0.394 -0.598 -0.674 -0.0 -0.523 0.522 0.655 0.0 -0.452 -0.606 0.691 0.0 -0.575 0.438 
-0.661 0.146 -0.198 -0.709 -0.821 -0.0 -0.558 0.12 -0.742 -0.0 -0.092 -0.663 0.795 0.0 -0.607 0.007 0.809 0.0 -0.123 -0.574 -0.698 -0.0 -0.394 -0.598 -0.674 -0.0 -0.523 0.522 0.655 0.0 -0.452 -0.606 0.691 0.0 -0.574 0.439 
-0.661 0.146 -0.198 -0.709 -0.821 -0.0 -0.558 0.12 -0.743 -0.0 -0.092 -0.663 0.794 0.0 -0.607 0.008 0.809 0.0 -0.123 -0.574 -0.698 0.0 -0.394 -0.598 -0.674 -0.0 -0.523 0.522 0.655 0.0 -0.452 -0.606 0.691 0.0 -0.574 0.439 
-0.661 0.146 -0.198 -0.709 -0.821 -0.0 -0.558 0.12 -0.743 -0.0 -0.091 -0.663 0.794 0.0 -0.607 0.008 0.809 0.0 -0.123 -0.574 -0.698 0.0 -0.394 -0.598 -0.674 -0.0 -0.523 0.522 0.655 0.0 -0.452 -0.606 0.691 0.0 -0.574 0.439 
-0.661 0.146 -0.198 -0.709 -0.822 -0.0 -0.557 0.12 -0.743 -0.0 -0.091 -0.663 0.794 0.0 -0.608 0.009 0.809 0.0 -0.123 -0.574 -0.698 -0.0 -0.394 -0.598 -0.674 -0.0 -0.523 0.522 0.655 -0.0 -0.452 -0.606 0.691 -0.0 -0.574 0.439 
-0.661 0.146 -0.198 -0.709 -0.822 -0.0 -0.557 0.12 -0.743 0.0 -0.092 -0.663 0.794 0.0 -0.608 0.009 0.809 -0.0 -0.124 -0.574 -0.698 -0.0 -0.395 -0.598 -0.674 0.0 -0.523 0.522 0.655 0.0 -0.452 -0.606 0.691 0.0 -0.574 0.439 
-0.661 0.146 -0.198 -0.709 -0.822 -0.0 -0.557 0.119 -0.743 -0.0 -0.091 -0.663 0.794 -0.0 -0.608 0.01 0.809 -0.0 -0.124 -0.574 -0.698 -0.0 -0.394 -0.598 -0.674 -0.0 -0.523 0.522 0.655 -0.0 -0.452 -0.606 0.691 0.0 -0.574 0.439 
-0.661 0.146 -0.198 -0.709 -0.822 -0.0 -0.557 0.119 -0.743 -0.0 -0.091 -0.663 0.794 0.0 -0.608 0.01 0.809 0.0 -0.124 -0.574 -0.698 -0.0 -0.395 -0.598 -0.674 -0.0 -0.523 0.522 0.654 0.0 -0.452 -0.606 0.691 0.0 -0.574 0.439 
-0.661 0.146 -0.198 -0.709 -0.822 -0.0 -0.557 0.119 -0.743 -0.0 -0.091 -0.663 0.794 0.0 -0.608 0.01 0.809 0.0 -0.125 -0.574 -0.698 -0.0 -0.394 -0.598 -0.674 -0.0 -0.523 0.522 0.654 -0.0 -0.452 -0.606 0.691 0.0 -0.574 0.439 
-0.661 0.146 -0.198 -0.709 -0.822 -0.0 -0.557 0.119 -0.743 -0.0 -0.091 -0.663 0.794 0.0 -0.608 0.01 0.809 0.0 -0.125 -0.574 -0.698 -0.0 -0.394 -0.598 -0.674 -0.0 -0.523 0.522 0.654 0.0 -0.452 -0.606 0.691 0.0 -0.574 0.439 
-0.661 0.146 -0.198 -0.709 -0.822 -0.0 -0.557 0.119 -0.743 0.0 -0.092 -0.663 0.794 0.0 -0.608 0.011 0.809 0.0 -0.125 -0.574 -0.698 -0.0 -0.394 -0.598 -0.674 -0.0 -0.523 0.522 0.654 0.0 -0.452 -0.606 0.691 0.0 -0.574 0.439 
-0.661 0.146 -0.198 -0.709 -0.822 0.0 -0.558 0.119 -0.743 -0.0 -0.091 -0.663 0.794 -0.0 -0.608 0.011 0.809 0.0 -0.125 -0.574 -0.698 -0.0 -0.395 -0.598 -0.674 0.0 -0.523 0.522 0.654 0.0 -0.452 -0.606 0.691 -0.0 -0.574 0.439 
-0.661 0.146 -0.198 -0.709 -0.822 -0.0 -0.557 0.119 -0.743 0.0 -0.091 -0.663 0.793 0.0 -0.609 0.011 0.809 0.0 -0.126 -0.574 -0.698 -0.0 -0.395 -0.598 -0.674 0.0 -0.523 0.522 0.654 -0.0 -0.452 -0.606 0.691 0.0 -0.574 0.439 
-0.661 0.146 -0.198 -0.709 -0.822 -0.0 -0.557 0.119 -0.743 -0.0 -0.091 -0.663 0.793 0.0 -0.609 0.011 0.81 -0.0 -0.126 -0.573 -0.698 -0.0 -0.394 -0.598 -0.674 0.0 -0.523 0.522 0.654 0.0 -0.452 -0.606 0.691 -0.0 -0.574 0.439 
-0.661 0.146 -0.198 -0.709 -0.822 -0.0 -0.557 0.119 -0.743 0.0 -0.092 -0.663 0.793 0.0 -0.609 0.011 0.81 0.0 -0.126 -0.573 -0.698 -0.0 -0.395 -0.598 -0.674 -0.0 -0.523 0.522 0.654 0.0 -0.452 -0.606 0.691 0.0 -0.574 0.439 
-0.661 0.146 -0.198 -0.709 -0.822 -0.0 -0.557 0.119 -0.743 -0.0 -0.092 -0.662 0.793 0.0 -0.609 0.011 0.81 0.0 -0.126 -0.573 -0.698 -0.0 -0.395 -0.598 -0.674 -0.0 -0.523 0.522 0.654 0.0 -0.452 -0.606 0.691 0.0 -0.574 0.439 
-0.661 0.146 -0.198 -0.709 -0.822 -0.0 -0.557 0.119 -0.744 -0.0 -0.092 -0.662 0.793 0.0 -0.609 0.012 0.81 0.0 -0.127 -0.573 -0.698 -0.0 -0.395 -0.598 -0.674 -0.0 -0.523 0.522 0.654 0.0 -0.452 -0.606 0.691 0.0 -0.574 0.439 
-0.661 0.146 -0.198 -0.709 -0.822 -0.0 -0.557 0.119 -0.744 -0.0 -0.092 -0.662 0.793 0.0 -0.609 0.012 0.81 0.0 -0.127 -0.573 -0.698 0.0 -0.395 -0.598 -0.674 -0.0 -0.523 0.522 0.654 0.0 -0.452 -0.606 0.691 0.0 -0.574 0.439 
-0.661 0.146 -0.198 -0.709 -0.822 0.0 -0.557 0.118 -0.744 -0.0 -0.092 -0.662 0.793 0.0 -0.61 0.012 0.81 -0.0 -0.127 -0.572 -0.698 -0.0 -0.395 -0.598 -0.674 -0.0 -0.523 0.522 0.654 0.0 -0.452 -0.606 0.691 0.0 -0.574 0.439 
-0.661 0.146 -0.198 -0.709 -0.822 0.0 -0.557 0.118 -0.744 -0.0 -0.092 -0.662 0.793 -0.0 -0.61 0.012 0.81 0.0 -0.128 -0.572 -0.698 -0.0 -0.395 -0.598 -0.674 -0.0 -0.523 0.522 0.654 0.0 -0.452 -0.606 0.691 0.0 -0.574 0.439 
-0.661 0.146 -0.198 -0.709 -0.822 -0.0 -0.557 0.118 -0.744 -0.0 -0.092 -0.662 0.793 0.0 -0.61 0.012 0.81 0.0 -0.128 -0.572 -0.698 -0.0 -0.395 -0.598 -0.674 0.0 -0.523 0.522 0.654 -0.0 -0.452 -0.606 0.691 0.0 -0.574 0.439 
-0.661 0.146 -0.198 -0.709 -0.822 -0.0 -0.557 0.118 -0.744 -0.0 -0.092 -0.662 0.792 0.0 -0.61 0.012 0.81 0.0 -0.129 -0.572 -0.698 -0.0 -0.395 -0.598 -0.674 -0.0 -0.523 0.522 0.654 -0.0 -0.452 -0.606 0.691 -0.0 -0.574 0.439 
-0.661 0.146 -0.198 -0.709 -0.822 -0.0 -0.557 0.118 -0.744 -0.0 -0.092 -0.662 0.792 0.0 -0.61 0.012 0.81 0.0 -0.129 -0.572 -0.698 -0.0 -0.395 -0.598 -0.674 -0.0 -0.523 0.522 0.654 0.0 -0.452 -0.606 0.691 -0.0 -0.574 0.439 
-0.661 0.146 -0.198 -0.709 -0.822 -0.0 -0.557 0.118 -0.744 0.0 -0.092 -0.662 0.792 0.0 -0.61 0.012 0.81 0.0 -0.129 -0.572 -0.698 -0.0 -0.395 -0.598 -0.674 -0.0 -0.523 0.523 0.654 0.0 -0.452 -0.606 0.691 0.0 -0.574 0.439 
-0.661 0.146 -0.198 -0.709 -0.822 0.0 -0.557 0.118 -0.744 -0.0 -0.092 -0.662 0.792 -0.0 -0.61 0.012 0.81 0.0 -0.13 -0.572 -0.698 -0.0 -0.395 -0.598 -0.674 0.0 -0.523 0.522 0.654 -0.0 -0.452 -0.606 0.691 0.0 -0.574 0.439 
-0.661 0.146 -0.198 -0.709 -0.822 -0.0 -0.557 0.118 -0.744 -0.0 -0.092 -0.662 0.792 0.0 -0.61 0.012 0.81 0.0 -0.13 -0.572 -0.698 -0.0 -0.395 -0.598 -0.674 0.0 -0.523 0.523 0.654 0.0 -0.453 -0.606 0.691 -0.0 -0.574 0.439 
-0.661 0.146 -0.198 -0.709 -0.822 -0.0 -0.557 0.118 -0.744 -0.0 -0.092 -0.662 0.792 0.0 -0.61 0.012 0.81 0.0 -0.13 -0.572 -0.698 -0.0 -0.395 -0.598 -0.674 -0.0 -0.523 0.522 0.654 0.0 -0.452 -0.606 0.691 0.0 -0.574 0.439 
-0.661 0.146 -0.198 -0.709 -0.822 0.0 -0.557 0.118 -0.743 -0.0 -0.092 -0.663 0.792 0.0 -0.61 0.012 0.81 0.0 -0.131 -0.571 -0.698 -0.0 -0.395 -0.598 -0.674 0.0 -0.523 0.523 0.654 0.0 -0.453 -0.606 0.691 0.0 -0.574 0.439 
-0.661 0.146 -0.198 -0.709 -0.822 0.0 -0.557 0.118 -0.743 0.0 -0.091 -0.663 0.792 0.0 -0.61 0.012 0.81 0.0 -0.131 -0.571 -0.698 -0.0 -0.395 -0.598 -0.674 -0.0 -0.523 0.522 0.654 0.0 -0.453 -0.606 0.691 0.0 -0.574 0.439 
-0.661 0.146 -0.198 -0.709 -0.822 -0.0 -0.557 0.118 -0.743 -0.0 -0.091 -0.663 0.792 0.0 -0.61 0.012 0.81 0.0 -0.131 -0.571 -0.698 -0.0 -0.395 -0.598 -0.674 0.0 -0.523 0.522 0.654 -0.0 -0.452 -0.606 0.691 0.0 -0.574 0.439 
-0.661 0.146 -0.198 -0.709 -0.822 -0.0 -0.557 0.118 -0.743 -0.0 -0.091 -0.663 0.792 0.0 -0.61 0.012 0.81 0.0 -0.131 -0.571 -0.698 0.0 -0.395 -0.598 -0.674 0.0 -0.523 0.523 0.655 0.0 -0.452 -0.606 0.691 0.0 -0.574 0.439 
-0.661 0.146 -0.198 -0.709 -0.822 -0.0 -0.557 0.118 -0.743 -0.0 -0.091 -0.663 0.792 -0.0 -0.61 0.012 0.81 0.0 -0.131 -0.571 -0.698 -0.0 -0.395 -0.598 -0.674 -0.0 -0.523 0.523 0.654 0.0 -0.452 -0.606 0.691 -0.0 -0.574 0.439 
-0.661 0.146 -0.198 -0.709 -0.822 -0.0 -0.557 0.118 -0.743 -0.0 -0.091 -0.663 0.792 0.0 -0.61 0.012 0.81 0.0 -0.132 -0.572 -0.698 -0.0 -0.395 -0.598 -0.674 -0.0 -0.523 0.523 0.654 -0.0 -0.452 -0.606 0.691 0.0 -0.574 0.439 
-0.661 0.146 -0.198 -0.709 -0.822 -0.0 -0.558 0.118 -0.743 -0.0 -0.091 -0.663 0.792 -0.0 -0.61 0.012 0.81 0.0 -0.132 -0.571 -0.698 -0.0 -0.395 -0.598 -0.674 -0.0 -0.523 0.522 0.654 0.0 -0.452 -0.606 0.691 -0.0 -0.574 0.439 
-0.661 0.146 -0.198 -0.709 -0.822 -0.0 -0.558 0.118 -0.743 -0.0 -0.091 -0.663 0.792 0.0 -0.61 0.012 0.81 0.0 -0.132 -0.571 -0.698 -0.0 -0.395 -0.598 -0.674 0.0 -0.523 0.522 0.654 0.0 -0.452 -0.606 0.691 0.0 -0.574 0.439 
-0.661 0.146 -0.198 -0.709 -0.822 -0.0 -0.558 0.118 -0.743 -0.0 -0.091 -0.663 0.792 0.0 -0.61 0.012 0.81 0.0 -0.132 -0.571 -0.698 -0.0 -0.395 -0.598 -0.674 -0.0 -0.523 0.522 0.654 0.0 -0.452 -0.606 0.691 0.0 -0.574 0.439 
-0.661 0.146 -0.198 -0.709 -0.822 -0.0 -0.558 0.118 -0.743 -0.0 -0.091 -0.663 0.792 0.0 -0.61 0.012 0.81 0.0 -0.132 -0.571 -0.698 -0.0 -0.395 -0.598 -0.674 -0.0 -0.523 0.522 0.654 0.0 -0.452 -0.606 0.691 0.0 -0.574 0.439 
-0.661 0.146 -0.198 -0.709 -0.822 -0.0 -0.558 0.118 -0.743 -0.0 -0.091 -0.663 0.792 0.0 -0.61 0.012 0.81 0.0 -0.132 -0.571 -0.698 -0.0 -0.395 -0.598 -0.674 0.0 -0.523 0.523 0.655 0.0 -0.452 -0.606 0.691 0.0 -0.574 0.439 
-0.661 0.146 -0.198 -0.709 -0.822 -0.0 -0.558 0.118 -0.743 -0.0 -0.091 -0.663 0.792 0.0 -0.61 0.012 0.81 0.0 -0.132 -0.571 -0.698 -0.0 -0.395 -0.598 -0.674 -0.0 -0.523 0.522 0.655 0.0 -0.452 -0.606 0.691 0.0 -0.574 0.439 
-0.661 0.146 -0.198 -0.709 -0.822 -0.0 -0.558 0.118 -0.743 -0.0 -0.091 -0.663 0.792 -0.0 -0.61 0.012 0.81 -0.0 -0.132 -0.571 -0.698 0.0 -0.395 -0.598 -0.674 -0.0 -0.523 0.523 0.655 0.0 -0.453 -0.606 0.691 0.0 -0.574 0.439 
-0.661 0.146 -0.198 -0.709 -0.822 -0.0 -0.557 0.118 -0.743 0.0 -0.091 -0.663 0.792 0.0 -0.61 0.012 0.81 0.0 -0.133 -0.571 -0.698 -0.0 -0.395 -0.598 -0.674 -0.0 -0.522 0.523 0.654 0.0 -0.453 -0.606 0.691 -0.0 -0.574 0.439 
-0.661 0.146 -0.198 -0.709 -0.822 0.0 -0.557 0.118 -0.744 -0.0 -0.092 -0.662 0.792 0.0 -0.61 0.012 0.81 0.0 -0.132 -0.571 -0.698 -0.0 -0.395 -0.598 -0.674 -0.0 -0.522 0.523 0.655 0.0 -0.452 -0.606 0.691 0.0 -0.574 0.439 
-0.661 0.146 -0.198 -0.709 -0.822 -0.0 -0.557 0.119 -0.744 -0.0 -0.092 -0.662 0.792 0.0 -0.61 0.012 0.81 0.0 -0.133 -0.571 -0.698 -0.0 -0.395 -0.597 -0.674 0.0 -0.522 0.523 0.654 0.0 -0.453 -0.606 0.691 0.0 -0.574 0.439 
-0.661 0.146 -0.198 -0.709 -0.822 -0.0 -0.557 0.119 -0.744 -0.0 -0.092 -0.662 0.793 -0.0 -0.61 0.011 0.81 0.0 -0.133 -0.571 -0.698 0.0 -0.395 -0.598 -0.674 -0.0 -0.522 0.523 0.654 0.0 -0.453 -0.606 0.691 -0.0 -0.574 0.439 
-0.661 0.146 -0.198 -0.709 -0.822 -0.0 -0.557 0.119 -0.744 0.0 -0.093 -0.662 0.793 0.0 -0.61 0.011 0.81 0.0 -0.133 -0.571 -0.698 -0.0 -0.395 -0.598 -0.674 -0.0 -0.522 0.523 0.654 0.0 -0.453 -0.606 0.691 0.0 -0.574 0.439 
-0.661 0.146 -0.198 -0.709 -0.822 0.0 -0.557 0.119 -0.744 0.0 -0.093 -0.662 0.793 0.0 -0.609 0.011 0.81 0.0 -0.133 -0.571 -0.698 0.0 -0.395 -0.597 -0.674 -0.0 -0.522 0.523 0.655 -0.0 -0.453 -0.606 0.691 0.0 -0.574 0.439 
-0.661 0.146 -0.198 -0.709 -0.822 -0.0 -0.557 0.119 -0.744 -0.0 -0.093 -0.662 0.793 0.0 -0.609 0.011 0.81 0.0 -0.133 -0.571 -0.698 -0.0 -0.395 -0.598 -0.674 -0.0 -0.522 0.523 0.655 0.0 -0.453 -0.606 0.691 0.0 -0.574 0.439 
-0.661 0.146 -0.198 -0.709 -0.822 -0.0 -0.557 0.119 -0.744 -0.0 -0.093 -0.662 0.793 -0.0 -0.609 0.011 0.81 -0.0 -0.134 -0.571 -0.698 -0.0 -0.395 -0.597 -0.674 -0.0 -0.522 0.523 0.654 0.0 -0.453 -0.606 0.691 0.0 -0.574 0.439 
-0.661 0.146 -0.198 -0.709 -0.822 -0.0 -0.557 0.12 -0.743 -0.0 -0.094 -0.662 0.793 0.0 -0.609 0.011 0.81 0.0 -0.134 -0.571 -0.698 -0.0 -0.395 -0.597 -0.674 -0.0 -0.522 0.523 0.654 0.0 -0.453 -0.606 0.691 0.0 -0.574 0.439 
-0.661 0.146 -0.198 -0.708 -0.822 0.0 -0.557 0.12 -0.743 -0.0 -0.094 -0.662 0.793 0.0 -0.609 0.011 0.81 0.0 -0.134 -0.571 -0.698 -0.0 -0.395 -0.598 -0.674 -0.0 -0.522 0.523 0.654 0.0 -0.453 -0.606 0.691 0.0 -0.574 0.439 
-0.661 0.146 -0.198 -0.709 -0.822 -0.0 -0.557 0.12 -0.743 -0.0 -0.093 -0.662 0.793 0.0 -0.609 0.011 0.81 0.0 -0.134 -0.571 -0.698 -0.0 -0.395 -0.597 -0.674 -0.0 -0.522 0.523 0.654 0.0 -0.453 -0.606 0.691 -0.0 -0.574 0.439 
-0.661 0.146 -0.198 -0.709 -0.822 -0.0 -0.557 0.12 -0.743 0.0 -0.094 -0.663 0.793 0.0 -0.609 0.011 0.81 0.0 -0.134 -0.571 -0.698 -0.0 -0.395 -0.597 -0.674 0.0 -0.522 0.523 0.654 0.0 -0.453 -0.606 0.691 -0.0 -0.574 0.439 
-0.661 0.146 -0.198 -0.708 -0.822 -0.0 -0.557 0.12 -0.743 -0.0 -0.093 -0.663 0.794 0.0 -0.608 0.011 0.81 0.0 -0.135 -0.571 -0.698 -0.0 -0.395 -0.597 -0.674 -0.0 -0.522 0.523 0.654 0.0 -0.453 -0.605 0.691 0.0 -0.574 0.44 
-0.661 0.146 -0.198 -0.708 -0.821 -0.0 -0.557 0.121 -0.743 -0.0 -0.093 -0.663 0.794 0.0 -0.608 0.011 0.81 0.0 -0.134 -0.571 -0.698 -0.0 -0.395 -0.597 -0.674 -0.0 -0.522 0.523 0.654 -0.0 -0.453 -0.605 0.691 0.0 -0.574 0.44 
-0.661 0.146 -0.198 -0.708 -0.821 -0.0 -0.557 0.121 -0.743 0.0 -0.093 -0.663 0.794 0.0 -0.608 0.011 0.81 0.0 -0.135 -0.571 -0.698 -0.0 -0.396 -0.597 -0.674 -0.0 -0.522 0.523 0.654 0.0 -0.453 -0.605 0.691 0.0 -0.574 0.44 
-0.661 0.146 -0.198 -0.708 -0.821 -0.0 -0.557 0.121 -0.743 -0.0 -0.093 -0.663 0.794 0.0 -0.608 0.011 0.81 0.0 -0.135 -0.571 -0.698 -0.0 -0.395 -0.598 -0.674 0.0 -0.522 0.523 0.655 -0.0 -0.453 -0.605 0.691 0.0 -0.574 0.44 
-0.661 0.146 -0.198 -0.708 -0.821 -0.0 -0.557 0.121 -0.743 -0.0 -0.093 -0.663 0.794 0.0 -0.608 0.011 0.81 -0.0 -0.135 -0.57 -0.698 -0.0 -0.395 -0.597 -0.674 -0.0 -0.522 0.523 0.654 0.0 -0.453 -0.605 0.691 -0.0 -0.574 0.44 
-0.661 0.146 -0.198 -0.708 -0.821 -0.0 -0.557 0.122 -0.742 -0.0 -0.093 -0.663 0.794 0.0 -0.608 0.012 0.81 -0.0 -0.135 -0.571 -0.698 0.0 -0.395 -0.597 -0.674 -0.0 -0.522 0.523 0.654 -0.0 -0.453 -0.605 0.691 -0.0 -0.574 0.44 
-0.661 0.146 -0.198 -0.708 -0.821 -0.0 -0.557 0.122 -0.742 -0.0 -0.094 -0.664 0.794 -0.0 -0.608 0.012 0.81 -0.0 -0.135 -0.57 -0.698 -0.0 -0.395 -0.597 -0.674 -0.0 -0.522 0.523 0.654 0.0 -0.453 -0.605 0.691 -0.0 -0.574 0.44 
-0.661 0.146 -0.198 -0.708 -0.821 -0.0 -0.557 0.122 -0.742 -0.0 -0.093 -0.664 0.794 0.0 -0.608 0.012 0.81 -0.0 -0.136 -0.57 -0.698 -0.0 -0.395 -0.597 -0.674 -0.0 -0.522 0.523 0.654 0.0 -0.453 -0.605 0.691 0.0 -0.574 0.44 
-0.661 0.146 -0.198 -0.708 -0.821 -0.0 -0.557 0.123 -0.742 0.0 -0.094 -0.664 0.794 0.0 -0.608 0.012 0.81 -0.0 -0.136 -0.57 -0.698 -0.0 -0.395 -0.597 -0.674 -0.0 -0.522 0.523 0.654 -0.0 -0.453 -0.605 0.691 0.0 -0.574 0.44 
-0.661 0.146 -0.198 -0.708 -0.821 -0.0 -0.557 0.123 -0.742 -0.0 -0.094 -0.664 0.794 0.0 -0.608 0.012 0.81 -0.0 -0.136 -0.57 -0.698 -0.0 -0.395 -0.598 -0.673 -0.0 -0.522 0.523 0.655 0.0 -0.453 -0.606 0.691 -0.0 -0.574 0.439 
-0.661 0.146 -0.198 -0.708 -0.821 -0.0 -0.558 0.123 -0.742 -0.0 -0.094 -0.664 0.794 -0.0 -0.608 0.012 0.81 -0.0 -0.136 -0.57 -0.698 -0.0 -0.395 -0.598 -0.674 0.0 -0.522 0.523 0.654 0.0 -0.453 -0.606 0.691 0.0 -0.574 0.44 
-0.661 0.146 -0.198 -0.708 -0.821 -0.0 -0.557 0.123 -0.742 -0.0 -0.094 -0.664 0.794 0.0 -0.608 0.012 0.81 -0.0 -0.137 -0.57 -0.698 0.0 -0.395 -0.598 -0.674 -0.0 -0.522 0.523 0.654 0.0 -0.453 -0.606 0.691 0.0 -0.574 0.439 
-0.661 0.146 -0.198 -0.708 -0.821 -0.0 -0.557 0.123 -0.742 -0.0 -0.095 -0.664 0.794 0.0 -0.608 0.012 0.81 0.0 -0.137 -0.57 -0.698 -0.0 -0.395 -0.598 -0.674 -0.0 -0.523 0.523 0.654 0.0 -0.452 -0.606 0.691 -0.0 -0.574 0.439 
-0.661 0.146 -0.198 -0.708 -0.821 -0.0 -0.557 0.123 -0.742 -0.0 -0.095 -0.664 0.794 -0.0 -0.608 0.012 0.811 0.0 -0.137 -0.569 -0.698 0.0 -0.395 -0.598 -0.674 -0.0 -0.522 0.523 0.654 -0.0 -0.453 -0.606 0.691 0.0 -0.574 0.439 
-0.661 0.146 -0.198 -0.708 -0.821 -0.0 -0.557 0.123 -0.742 -0.0 -0.095 -0.664 0.794 0.0 -0.608 0.012 0.811 0.0 -0.137 -0.569 -0.698 -0.0 -0.395 -0.598 -0.674 -0.0 -0.522 0.523 0.654 0.0 -0.452 -0.606 0.691 0.0 -0.574 0.439 
-0.661 0.146 -0.198 -0.708 -0.821 -0.0 -0.557 0.123 -0.742 -0.0 -0.095 -0.664 0.794 0.0 -0.607 0.012 0.811 0.0 -0.138 -0.569 -0.698 -0.0 -0.395 -0.598 -0.674 -0.0 -0.523 0.523 0.654 0.0 -0.452 -0.606 0.691 0.0 -0.574 0.439 
-0.662 0.146 -0.198 -0.708 -0.821 0.0 -0.557 0.123 -0.742 -0.0 -0.096 -0.664 0.794 0.0 -0.607 0.012 0.811 0.0 -0.138 -0.569 -0.698 -0.0 -0.395 -0.598 -0.674 0.0 -0.523 0.523 0.654 0.0 -0.452 -0.606 0.691 -0.0 -0.574 0.439 
-0.661 0.146 -0.198 -0.708 -0.821 -0.0 -0.557 0.123 -0.742 0.0 -0.096 -0.664 0.794 -0.0 -0.607 0.012 0.811 0.0 -0.138 -0.569 -0.698 -0.0 -0.395 -0.598 -0.674 -0.0 -0.523 0.523 0.654 0.0 -0.452 -0.606 0.691 0.0 -0.574 0.439 
-0.661 0.146 -0.198 -0.708 -0.821 -0.0 -0.557 0.123 -0.742 -0.0 -0.097 -0.663 0.794 -0.0 -0.607 0.011 0.811 -0.0 -0.139 -0.568 -0.698 -0.0 -0.395 -0.598 -0.674 -0.0 -0.523 0.523 0.654 0.0 -0.452 -0.606 0.691 0.0 -0.574 0.439 
-0.661 0.146 -0.198 -0.708 -0.822 -0.0 -0.557 0.123 -0.742 -0.0 -0.097 -0.663 0.794 0.0 -0.607 0.012 0.811 0.0 -0.139 -0.568 -0.698 -0.0 -0.395 -0.598 -0.674 -0.0 -0.523 0.523 0.654 0.0 -0.452 -0.606 0.691 -0.0 -0.574 0.439 
-0.661 0.146 -0.198 -0.708 -0.821 -0.0 -0.557 0.123 -0.742 -0.0 -0.097 -0.663 0.794 0.0 -0.607 0.011 0.811 0.0 -0.139 -0.568 -0.698 -0.0 -0.395 -0.598 -0.674 -0.0 -0.523 0.523 0.654 0.0 -0.452 -0.606 0.691 -0.0 -0.574 0.439 
-0.662 0.146 -0.198 -0.708 -0.822 -0.0 -0.557 0.123 -0.742 -0.0 -0.098 -0.663 0.794 -0.0 -0.607 0.011 0.811 0.0 -0.14 -0.568 -0.698 -0.0 -0.395 -0.598 -0.674 -0.0 -0.523 0.523 0.654 0.0 -0.452 -0.606 0.691 0.0 -0.574 0.439 
-0.662 0.146 -0.198 -0.708 -0.822 -0.0 -0.557 0.122 -0.742 0.0 -0.098 -0.663 0.794 0.0 -0.607 0.011 0.811 0.0 -0.14 -0.567 -0.698 -0.0 -0.395 -0.598 -0.674 -0.0 -0.522 0.523 0.654 -0.0 -0.452 -0.606 0.691 -0.0 -0.574 0.439 
-0.662 0.146 -0.198 -0.708 -0.822 -0.0 -0.557 0.122 -0.742 -0.0 -0.098 -0.663 0.794 0.0 -0.607 0.011 0.812 0.0 -0.14 -0.567 -0.698 -0.0 -0.395 -0.598 -0.674 0.0 -0.523 0.523 0.654 0.0 -0.452 -0.606 0.691 0.0 -0.574 0.439 
-0.662 0.146 -0.198 -0.708 -0.822 -0.0 -0.557 0.122 -0.742 0.0 -0.099 -0.663 0.794 0.0 -0.607 0.011 0.811 0.0 -0.14 -0.567 -0.698 -0.0 -0.395 -0.598 -0.674 0.0 -0.523 0.523 0.654 0.0 -0.452 -0.606 0.691 0.0 -0.574 0.439 
-0.662 0.146 -0.198 -0.708 -0.822 -0.0 -0.557 0.122 -0.742 -0.0 -0.099 -0.663 0.794 0.0 -0.607 0.011 0.811 0.0 -0.14 -0.567 -0.698 -0.0 -0.395 -0.598 -0.674 -0.0 -0.523 0.523 0.654 0.0 -0.452 -0.606 0.691 0.0 -0.574 0.439 
-0.662 0.146 -0.198 -0.708 -0.822 -0.0 -0.557 0.122 -0.742 0.0 -0.099 -0.663 0.794 0.0 -0.607 0.011 0.811 -0.0 -0.141 -0.567 -0.698 -0.0 -0.395 -0.598 -0.674 -0.0 -0.523 0.522 0.654 0.0 -0.452 -0.606 0.691 0.0 -0.574 0.439 
-0.662 0.146 -0.198 -0.709 -0.822 -0.0 -0.557 0.122 -0.742 -0.0 -0.099 -0.663 0.794 0.0 -0.607 0.011 0.811 -0.0 -0.141 -0.567 -0.698 0.0 -0.394 -0.598 -0.674 -0.0 -0.523 0.522 0.654 0.0 -0.452 -0.606 0.691 0.0 -0.574 0.439 
-0.661 0.146 -0.198 -0.709 -0.822 -0.0 -0.557 0.122 -0.742 -0.0 -0.099 -0.663 0.794 0.0 -0.607 0.011 0.812 0.0 -0.141 -0.567 -0.698 0.0 -0.395 -0.598 -0.674 -0.0 -0.523 0.522 0.654 0.0 -0.452 -0.606 0.691 0.0 -0.574 0.439 
-0.661 0.146 -0.198 -0.709 -0.822 0.0 -0.557 0.121 -0.742 -0.0 -0.099 -0.663 0.794 0.0 -0.608 0.011 0.812 0.0 -0.141 -0.567 -0.698 -0.0 -0.394 -0.598 -0.674 0.0 -0.523 0.522 0.654 0.0 -0.452 -0.606 0.691 -0.0 -0.574 0.439 
-0.662 0.146 -0.198 -0.709 -0.822 0.0 -0.557 0.121 -0.742 -0.0 -0.099 -0.663 0.794 0.0 -0.608 0.011 0.812 0.0 -0.141 -0.567 -0.698 -0.0 -0.394 -0.598 -0.674 -0.0 -0.523 0.522 0.654 -0.0 -0.452 -0.606 0.691 0.0 -0.574 0.439 
-0.662 0.146 -0.198 -0.709 -0.822 -0.0 -0.557 0.121 -0.742 -0.0 -0.099 -0.663 0.794 0.0 -0.608 0.011 0.812 0.0 -0.141 -0.567 -0.698 -0.0 -0.394 -0.598 -0.674 -0.0 -0.523 0.522 0.654 0.0 -0.452 -0.606 0.691 -0.0 -0.574 0.439 
-0.662 0.146 -0.198 -0.709 -0.822 0.0 -0.557 0.121 -0.742 -0.0 -0.099 -0.663 0.794 0.0 -0.608 0.011 0.812 0.0 -0.141 -0.567 -0.698 -0.0 -0.394 -0.598 -0.674 -0.0 -0.523 0.522 0.654 0.0 -0.452 -0.606 0.691 0.0 -0.574 0.439 
-0.662 0.146 -0.198 -0.709 -0.822 0.0 -0.557 0.12 -0.742 -0.0 -0.099 -0.663 0.794 0.0 -0.608 0.011 0.812 0.0 -0.141 -0.567 -0.698 0.0 -0.394 -0.598 -0.674 0.0 -0.523 0.522 0.654 0.0 -0.452 -0.606 0.691 0.0 -0.574 0.439 
-0.662 0.146 -0.198 -0.709 -0.822 -0.0 -0.557 0.12 -0.742 0.0 -0.099 -0.663 0.794 -0.0 -0.608 0.011 0.812 0.0 -0.141 -0.567 -0.698 -0.0 -0.394 -0.598 -0.674 -0.0 -0.523 0.522 0.654 0.0 -0.452 -0.606 0.691 0.0 -0.574 0.439 
-0.661 0.146 -0.197 -0.709 -0.822 0.0 -0.557 0.12 -0.742 -0.0 -0.099 -0.663 0.794 0.0 -0.608 0.01 0.812 0.0 -0.141 -0.566 -0.698 -0.0 -0.394 -0.598 -0.674 -0.0 -0.523 0.522 0.654 0.0 -0.452 -0.607 0.691 0.0 -0.574 0.439 
-0.661 0.146 -0.197 -0.709 -0.822 -0.0 -0.557 0.12 -0.742 -0.0 -0.099 -0.663 0.794 0.0 -0.608 0.01 0.812 0.0 -0.141 -0.566 -0.698 -0.0 -0.394 -0.598 -0.674 -0.0 -0.523 0.522 0.654 -0.0 -0.452 -0.607 0.691 -0.0 -0.574 0.439 
-0.661 0.146 -0.197 -0.709 -0.822 -0.0 -0.557 0.119 -0.742 -0.0 -0.099 -0.663 0.794 0.0 -0.608 0.01 0.812 0.0 -0.141 -0.566 -0.698 -0.0 -0.394 -0.598 -0.674 -0.0 -0.523 0.522 0.654 0.0 -0.451 -0.607 0.691 -0.0 -0.575 0.439 
-0.662 0.146 -0.197 -0.709 -0.822 -0.0 -0.557 0.119 -0.742 -0.0 -0.1 -0.663 0.794 0.0 -0.608 0.01 0.812 0.0 -0.14 -0.566 -0.698 -0.0 -0.394 -0.598 -0.674 -0.0 -0.523 0.522 0.654 0.0 -0.451 -0.607 0.691 0.0 -0.575 0.438 
-0.662 0.146 -0.197 -0.709 -0.822 -0.0 -0.557 0.119 -0.741 -0.0 -0.1 -0.664 0.794 0.0 -0.608 0.01 0.812 -0.0 -0.141 -0.566 -0.698 -0.0 -0.394 -0.598 -0.674 0.0 -0.523 0.522 0.654 -0.0 -0.451 -0.607 0.691 0.0 -0.575 0.438 
-0.662 0.146 -0.197 -0.709 -0.822 -0.0 -0.557 0.118 -0.741 -0.0 -0.099 -0.664 0.794 -0.0 -0.608 0.01 0.812 0.0 -0.14 -0.566 -0.698 -0.0 -0.393 -0.599 -0.674 -0.0 -0.523 0.522 0.654 0.0 -0.451 -0.607 0.691 0.0 -0.575 0.438 
-0.662 0.146 -0.197 -0.709 -0.822 -0.0 -0.558 0.118 -0.741 -0.0 -0.1 -0.664 0.794 0.0 -0.608 0.01 0.812 -0.0 -0.14 -0.566 -0.698 -0.0 -0.393 -0.599 -0.674 -0.0 -0.524 0.521 0.654 0.0 -0.451 -0.607 0.691 0.0 -0.575 0.438 
-0.661 0.146 -0.197 -0.709 -0.822 -0.0 -0.557 0.117 -0.741 0.0 -0.1 -0.664 0.794 -0.0 -0.608 0.009 0.812 -0.0 -0.14 -0.566 -0.698 -0.0 -0.393 -0.599 -0.674 -0.0 -0.524 0.521 0.654 0.0 -0.451 -0.607 0.691 0.0 -0.575 0.438 
-0.662 0.146 -0.197 -0.709 -0.822 -0.0 -0.557 0.117 -0.741 -0.0 -0.1 -0.664 0.794 -0.0 -0.608 0.009 0.813 0.0 -0.14 -0.566 -0.698 -0.0 -0.393 -0.599 -0.674 -0.0 -0.524 0.521 0.654 -0.0 -0.451 -0.607 0.691 0.0 -0.575 0.438 
-0.662 0.146 -0.197 -0.709 -0.822 -0.0 -0.558 0.117 -0.741 -0.0 -0.1 -0.664 0.794 -0.0 -0.608 0.009 0.813 -0.0 -0.14 -0.566 -0.698 -0.0 -0.393 -0.599 -0.674 -0.0 -0.524 0.521 0.655 0.0 -0.451 -0.607 0.691 0.0 -0.575 0.438 
-0.662 0.145 -0.197 -0.709 -0.822 -0.0 -0.558 0.116 -0.741 -0.0 -0.1 -0.664 0.794 -0.0 -0.608 0.009 0.813 -0.0 -0.14 -0.566 -0.698 -0.0 -0.393 -0.599 -0.674 -0.0 -0.524 0.521 0.655 0.0 -0.451 -0.607 0.691 0.0 -0.575 0.438 
-0.662 0.145 -0.197 -0.709 -0.822 -0.0 -0.558 0.116 -0.741 0.0 -0.1 -0.664 0.794 0.0 -0.608 0.008 0.813 0.0 -0.14 -0.566 -0.698 0.0 -0.393 -0.599 -0.674 -0.0 -0.524 0.521 0.654 0.0 -0.451 -0.607 0.691 0.0 -0.575 0.438 
-0.662 0.145 -0.197 -0.709 -0.822 0.0 -0.558 0.116 -0.741 -0.0 -0.101 -0.664 0.794 0.0 -0.608 0.008 0.813 0.0 -0.14 -0.565 -0.698 -0.0 -0.392 -0.599 -0.674 -0.0 -0.524 0.521 0.654 0.0 -0.45 -0.607 0.691 0.0 -0.575 0.438 
-0.662 0.145 -0.197 -0.709 -0.822 -0.0 -0.558 0.115 -0.741 -0.0 -0.101 -0.664 0.794 0.0 -0.607 0.008 0.813 0.0 -0.14 -0.565 -0.698 -0.0 -0.392 -0.599 -0.674 -0.0 -0.524 0.521 0.654 -0.0 -0.45 -0.607 0.691 0.0 -0.575 0.437 
-0.662 0.145 -0.197 -0.709 -0.822 -0.0 -0.558 0.115 -0.741 -0.0 -0.101 -0.664 0.794 0.0 -0.607 0.008 0.813 0.0 -0.14 -0.565 -0.698 0.0 -0.392 -0.6 -0.674 -0.0 -0.524 0.52 0.654 0.0 -0.45 -0.608 0.691 0.0 -0.575 0.437 
-0.662 0.145 -0.197 -0.709 -0.822 0.0 -0.558 0.114 -0.741 -0.0 -0.101 -0.664 0.795 0.0 -0.607 0.007 0.813 0.0 -0.14 -0.565 -0.698 -0.0 -0.392 -0.6 -0.674 -0.0 -0.524 0.52 0.654 -0.0 -0.45 -0.608 0.691 0.0 -0.576 0.437 
-0.662 0.145 -0.197 -0.709 -0.822 -0.0 -0.558 0.114 -0.741 0.0 -0.101 -0.664 0.795 0.0 -0.607 0.007 0.813 0.0 -0.14 -0.565 -0.698 -0.0 -0.392 -0.6 -0.674 -0.0 -0.525 0.52 0.654 0.0 -0.45 -0.608 0.691 -0.0 -0.576 0.437 
-0.662 0.145 -0.197 -0.709 -0.822 -0.0 -0.558 0.114 -0.741 -0.0 -0.101 -0.664 0.795 0.0 -0.607 0.007 0.813 -0.0 -0.14 -0.565 -0.698 -0.0 -0.392 -0.6 -0.674 -0.0 -0.525 0.52 0.654 0.0 -0.45 -0.608 0.691 0.0 -0.576 0.437 
-0.662 0.145 -0.197 -0.709 -0.822 -0.0 -0.558 0.114 -0.741 -0.0 -0.101 -0.664 0.795 0.0 -0.607 0.007 0.813 0.0 -0.14 -0.565 -0.698 -0.0 -0.391 -0.6 -0.674 -0.0 -0.525 0.52 0.654 -0.0 -0.45 -0.608 0.691 0.0 -0.576 0.437 
-0.662 0.145 -0.196 -0.709 -0.822 -0.0 -0.558 0.114 -0.741 0.0 -0.102 -0.664 0.795 0.0 -0.607 0.006 0.813 -0.0 -0.14 -0.565 -0.698 -0.0 -0.391 -0.6 -0.674 -0.0 -0.525 0.52 0.655 0.0 -0.449 -0.608 0.691 0.0 -0.576 0.437 
-0.662 0.145 -0.196 -0.709 -0.822 -0.0 -0.558 0.113 -0.741 -0.0 -0.102 -0.664 0.795 0.0 -0.606 0.006 0.813 0.0 -0.14 -0.565 -0.698 -0.0 -0.391 -0.6 -0.674 -0.0 -0.525 0.519 0.654 0.0 -0.449 -0.608 0.691 0.0 -0.576 0.437 
-0.662 0.145 -0.196 -0.709 -0.822 0.0 -0.558 0.113 -0.741 0.0 -0.102 -0.664 0.795 0.0 -0.606 0.006 0.813 0.0 -0.14 -0.565 -0.698 -0.0 -0.391 -0.6 -0.674 -0.0 -0.525 0.519 0.654 -0.0 -0.449 -0.608 0.691 0.0 -0.576 0.437 
-0.662 0.145 -0.196 -0.709 -0.822 -0.0 -0.558 0.113 -0.74 0.0 -0.102 -0.664 0.795 0.0 -0.606 0.006 0.813 -0.0 -0.139 -0.565 -0.698 -0.0 -0.391 -0.6 -0.674 -0.0 -0.525 0.519 0.654 0.0 -0.449 -0.608 0.691 0.0 -0.576 0.437 
-0.662 0.145 -0.196 -0.709 -0.822 -0.0 -0.558 0.113 -0.74 0.0 -0.102 -0.664 0.795 0.0 -0.606 0.006 0.813 0.0 -0.139 -0.565 -0.698 -0.0 -0.391 -0.6 -0.674 -0.0 -0.525 0.519 0.654 -0.0 -0.449 -0.609 0.691 0.0 -0.576 0.436 
-0.662 0.145 -0.196 -0.709 -0.822 0.0 -0.558 0.113 -0.74 -0.0 -0.102 -0.664 0.795 0.0 -0.606 0.006 0.813 0.0 -0.139 -0.565 -0.698 -0.0 -0.391 -0.6 -0.674 -0.0 -0.525 0.519 0.655 0.0 -0.449 -0.609 0.691 0.0 -0.576 0.436 
-0.662 0.145 -0.196 -0.709 -0.822 0.0 -0.558 0.113 -0.74 -0.0 -0.102 -0.665 0.795 0.0 -0.606 0.005 0.813 0.0 -0.139 -0.565 -0.698 -0.0 -0.391 -0.6 -0.674 -0.0 -0.526 0.518 0.654 0.0 -0.448 -0.609 0.691 0.0 -0.576 0.436 
-0.662 0.145 -0.196 -0.709 -0.822 -0.0 -0.558 0.113 -0.74 -0.0 -0.103 -0.664 0.795 0.0 -0.606 0.005 0.813 0.0 -0.138 -0.565 -0.698 -0.0 -0.391 -0.6 -0.675 -0.0 -0.525 0.519 0.654 0.0 -0.448 -0.609 0.691 0.0 -0.576 0.436 
-0.662 0.145 -0.196 -0.709 -0.822 0.0 -0.558 0.113 -0.74 -0.0 -0.103 -0.665 0.795 0.0 -0.606 0.005 0.813 0.0 -0.138 -0.565 -0.698 0.0 -0.39 -0.6 -0.674 -0.0 -0.526 0.519 0.654 0.0 -0.448 -0.609 0.691 0.0 -0.577 0.436 
-0.662 0.145 -0.196 -0.709 -0.822 -0.0 -0.558 0.113 -0.74 0.0 -0.103 -0.665 0.795 0.0 -0.606 0.005 0.813 0.0 -0.138 -0.565 -0.698 -0.0 -0.39 -0.6 -0.674 -0.0 -0.526 0.518 0.654 0.0 -0.448 -0.609 0.691 0.0 -0.576 0.436 
-0.662 0.145 -0.196 -0.709 -0.822 -0.0 -0.558 0.112 -0.74 -0.0 -0.103 -0.664 0.795 -0.0 -0.606 0.005 0.813 -0.0 -0.138 -0.565 -0.698 -0.0 -0.39 -0.6 -0.674 -0.0 -0.526 0.519 0.654 0.0 -0.448 -0.609 0.691 0.0 -0.577 0.436 
-0.662 0.145 -0.196 -0.709 -0.822 0.0 -0.558 0.112 -0.74 -0.0 -0.103 -0.664 0.795 0.0 -0.606 0.005 0.813 0.0 -0.138 -0.565 -0.698 -0.0 -0.39 -0.601 -0.674 -0.0 -0.526 0.519 0.654 0.0 -0.448 -0.609 0.691 0.0 -0.577 0.436 
-0.662 0.145 -0.196 -0.709 -0.822 -0.0 -0.558 0.112 -0.74 0.0 -0.103 -0.664 0.795 0.0 -0.606 0.004 0.813 0.0 -0.137 -0.565 -0.698 0.0 -0.39 -0.601 -0.674 -0.0 -0.526 0.518 0.654 0.0 -0.448 -0.609 0.691 0.0 -0.577 0.436 
-0.662 0.145 -0.196 -0.709 -0.822 0.0 -0.558 0.112 -0.74 0.0 -0.103 -0.664 0.795 0.0 -0.606 0.004 0.813 0.0 -0.137 -0.565 -0.698 -0.0 -0.39 -0.6 -0.674 0.0 -0.526 0.519 0.654 0.0 -0.448 -0.609 0.691 0.0 -0.577 0.436 
-0.662 0.145 -0.196 -0.709 -0.822 -0.0 -0.558 0.111 -0.74 0.0 -0.103 -0.664 0.796 0.0 -0.606 0.004 0.813 -0.0 -0.137 -0.565 -0.698 -0.0 -0.39 -0.601 -0.674 -0.0 -0.526 0.518 0.654 0.0 -0.448 -0.609 0.691 0.0 -0.577 0.436 
-0.662 0.145 -0.196 -0.709 -0.822 -0.0 -0.558 0.111 -0.741 -0.0 -0.103 -0.664 0.796 0.0 -0.606 0.004 0.814 0.0 -0.137 -0.565 -0.698 -0.0 -0.39 -0.601 -0.674 0.0 -0.526 0.518 0.654 -0.0 -0.448 -0.609 0.691 0.0 -0.577 0.436 
-0.662 0.145 -0.196 -0.709 -0.822 -0.0 -0.558 0.111 -0.741 -0.0 -0.103 -0.664 0.796 0.0 -0.606 0.004 0.814 0.0 -0.137 -0.565 -0.698 -0.0 -0.39 -0.601 -0.674 -0.0 -0.526 0.518 0.654 0.0 -0.448 -0.609 0.691 0.0 -0.576 0.436 
-0.662 0.145 -0.196 -0.709 -0.822 -0.0 -0.558 0.111 -0.741 -0.0 -0.104 -0.664 0.796 -0.0 -0.606 0.003 0.814 0.0 -0.137 -0.565 -0.698 -0.0 -0.39 -0.601 -0.674 -0.0 -0.526 0.518 0.654 0.0 -0.448 -0.609 0.691 0.0 -0.576 0.436 
-0.662 0.145 -0.196 -0.709 -0.822 -0.0 -0.558 0.111 -0.741 -0.0 -0.104 -0.664 0.796 0.0 -0.606 0.003 0.814 0.0 -0.137 -0.565 -0.698 -0.0 -0.39 -0.601 -0.674 0.0 -0.526 0.518 0.654 0.0 -0.448 -0.609 0.691 0.0 -0.577 0.436 
-0.662 0.145 -0.196 -0.709 -0.822 -0.0 -0.558 0.11 -0.741 0.0 -0.104 -0.664 0.796 0.0 -0.606 0.003 0.814 0.0 -0.137 -0.565 -0.698 -0.0 -0.39 -0.601 -0.674 -0.0 -0.526 0.518 0.654 0.0 -0.448 -0.609 0.691 0.0 -0.577 0.436 
-0.662 0.145 -0.196 -0.709 -0.822 -0.0 -0.558 0.11 -0.741 -0.0 -0.104 -0.663 0.796 -0.0 -0.605 0.003 0.814 0.0 -0.137 -0.565 -0.698 -0.0 -0.39 -0.601 -0.674 -0.0 -0.526 0.519 0.654 0.0 -0.448 -0.609 0.691 0.0 -0.577 0.436 
-0.662 0.144 -0.196 -0.709 -0.822 -0.0 -0.558 0.11 -0.741 -0.0 -0.104 -0.664 0.796 0.0 -0.605 0.003 0.814 -0.0 -0.137 -0.565 -0.698 -0.0 -0.39 -0.601 -0.674 -0.0 -0.526 0.518 0.654 0.0 -0.448 -0.609 0.691 0.0 -0.577 0.436 
-0.662 0.145 -0.196 -0.709 -0.822 -0.0 -0.558 0.11 -0.741 -0.0 -0.104 -0.663 0.796 0.0 -0.605 0.003 0.814 0.0 -0.137 -0.564 -0.698 -0.0 -0.39 -0.601 -0.674 0.0 -0.526 0.518 0.654 0.0 -0.448 -0.609 0.691 -0.0 -0.576 0.436 
-0.662 0.145 -0.196 -0.709 -0.822 -0.0 -0.558 0.11 -0.741 -0.0 -0.104 -0.663 0.796 0.0 -0.605 0.002 0.814 -0.0 -0.137 -0.564 -0.698 -0.0 -0.39 -0.601 -0.674 -0.0 -0.526 0.519 0.654 0.0 -0.448 -0.609 0.691 0.0 -0.577 0.436 
-0.662 0.145 -0.196 -0.709 -0.822 -0.0 -0.558 0.11 -0.741 -0.0 -0.105 -0.664 0.796 0.0 -0.605 0.002 0.814 0.0 -0.137 -0.564 -0.698 -0.0 -0.39 -0.601 -0.674 -0.0 -0.526 0.518 0.654 0.0 -0.448 -0.609 0.691 0.0 -0.577 0.436 
-0.662 0.145 -0.196 -0.709 -0.822 -0.0 -0.558 0.11 -0.741 -0.0 -0.105 -0.664 0.796 0.0 -0.605 0.002 0.814 -0.0 -0.137 -0.564 -0.698 0.0 -0.39 -0.601 -0.674 0.0 -0.526 0.519 0.654 0.0 -0.448 -0.609 0.691 0.0 -0.577 0.436 
-0.662 0.145 -0.196 -0.709 -0.822 0.0 -0.558 0.11 -0.741 -0.0 -0.105 -0.664 0.796 0.0 -0.605 0.002 0.814 0.0 -0.137 -0.564 -0.698 -0.0 -0.39 -0.601 -0.674 -0.0 -0.526 0.519 0.654 0.0 -0.448 -0.609 0.691 0.0 -0.577 0.436 
-0.662 0.145 -0.196 -0.709 -0.822 -0.0 -0.558 0.109 -0.741 -0.0 -0.105 -0.664 0.796 0.0 -0.605 0.001 0.814 -0.0 -0.137 -0.564 -0.698 0.0 -0.39 -0.601 -0.674 0.0 -0.526 0.519 0.654 0.0 -0.448 -0.609 0.691 0.0 -0.577 0.436 
-0.662 0.145 -0.196 -0.709 -0.822 -0.0 -0.558 0.109 -0.741 -0.0 -0.105 -0.664 0.796 0.0 -0.605 0.001 0.814 0.0 -0.137 -0.564 -0.698 -0.0 -0.39 -0.601 -0.674 0.0 -0.526 0.519 0.654 0.0 -0.448 -0.609 0.691 0.0 -0.577 0.436 
-0.662 0.145 -0.196 -0.709 -0.822 -0.0 -0.558 0.109 -0.74 -0.0 -0.105 -0.664 0.796 0.0 -0.605 0.001 0.814 0.0 -0.137 -0.564 -0.698 -0.0 -0.39 -0.601 -0.674 -0.0 -0.525 0.519 0.654 0.0 -0.448 -0.609 0.691 0.0 -0.576 0.436 
-0.662 0.145 -0.196 -0.709 -0.823 -0.0 -0.558 0.109 -0.74 -0.0 -0.105 -0.664 0.796 0.0 -0.605 0.001 0.814 -0.0 -0.137 -0.564 -0.698 0.0 -0.39 -0.601 -0.674 -0.0 -0.526 0.519 0.654 0.0 -0.448 -0.609 0.691 0.0 -0.577 0.436 
-0.662 0.145 -0.196 -0.709 -0.823 -0.0 -0.558 0.109 -0.74 -0.0 -0.105 -0.664 0.797 0.0 -0.605 0.001 0.814 -0.0 -0.137 -0.564 -0.698 -0.0 -0.39 -0.601 -0.674 -0.0 -0.526 0.519 0.654 0.0 -0.448 -0.609 0.691 0.0 -0.576 0.436 
-0.662 0.145 -0.196 -0.709 -0.823 -0.0 -0.558 0.109 -0.74 -0.0 -0.105 -0.664 0.797 0.0 -0.605 0.001 0.814 -0.0 -0.137 -0.564 -0.698 -0.0 -0.39 -0.601 -0.674 -0.0 -0.526 0.518 0.654 0.0 -0.448 -0.609 0.691 0.0 -0.576 0.436 
-0.662 0.145 -0.196 -0.709 -0.823 -0.0 -0.558 0.109 -0.741 -0.0 -0.105 -0.664 0.797 0.0 -0.605 0.001 0.814 0.0 -0.136 -0.564 -0.698 -0.0 -0.39 -0.601 -0.674 -0.0 -0.526 0.519 0.654 0.0 -0.448 -0.609 0.691 0.0 -0.576 0.436 
-0.662 0.145 -0.196 -0.709 -0.823 0.0 -0.558 0.109 -0.741 -0.0 -0.105 -0.664 0.797 0.0 -0.605 0.001 0.814 -0.0 -0.136 -0.564 -0.698 -0.0 -0.39 -0.601 -0.674 -0.0 -0.526 0.519 0.654 -0.0 -0.449 -0.609 0.691 0.0 -0.576 0.436 
-0.662 0.145 -0.196 -0.709 -0.823 -0.0 -0.558 0.109 -0.74 -0.0 -0.105 -0.664 0.797 0.0 -0.604 0.0 0.814 0.0 -0.136 -0.564 -0.698 -0.0 -0.39 -0.601 -0.674 0.0 -0.526 0.519 0.654 0.0 -0.448 -0.609 0.691 0.0 -0.576 0.436 
-0.662 0.145 -0.196 -0.709 -0.823 -0.0 -0.558 0.108 -0.74 -0.0 -0.104 -0.664 0.797 0.0 -0.604 0.0 0.814 0.0 -0.136 -0.564 -0.698 -0.0 -0.39 -0.6 -0.674 -0.0 -0.526 0.519 0.654 0.0 -0.449 -0.609 0.691 -0.0 -0.576 0.436 
-0.662 0.145 -0.196 -0.709 -0.823 -0.0 -0.558 0.108 -0.74 0.0 -0.104 -0.664 0.797 0.0 -0.604 0.0 0.814 0.0 -0.137 -0.564 -0.698 -0.0 -0.39 -0.601 -0.674 0.0 -0.526 0.518 0.654 0.0 -0.449 -0.609 0.691 0.0 -0.576 0.436 
-0.662 0.145 -0.196 -0.709 -0.823 0.0 -0.558 0.108 -0.74 -0.0 -0.104 -0.664 0.797 0.0 -0.604 -0.0 0.814 -0.0 -0.136 -0.564 -0.698 -0.0 -0.39 -0.601 -0.674 -0.0 -0.526 0.519 0.654 0.0 -0.449 -0.609 0.691 0.0 -0.577 0.436 
-0.662 0.145 -0.196 -0.709 -0.823 0.0 -0.558 0.108 -0.74 -0.0 -0.104 -0.664 0.797 0.0 -0.604 0.0 0.814 0.0 -0.136 -0.564 -0.698 -0.0 -0.39 -0.6 -0.674 0.0 -0.526 0.518 0.654 0.0 -0.449 -0.609 0.691 0.0 -0.576 0.436 
-0.662 0.145 -0.196 -0.709 -0.823 -0.0 -0.558 0.108 -0.74 -0.0 -0.104 -0.664 0.797 -0.0 -0.604 -0.0 0.814 0.0 -0.136 -0.564 -0.698 0.0 -0.39 -0.601 -0.674 -0.0 -0.526 0.518 0.654 0.0 -0.449 -0.609 0.691 0.0 -0.576 0.436 
-0.662 0.145 -0.196 -0.709 -0.823 -0.0 -0.558 0.108 -0.74 0.0 -0.104 -0.664 0.797 0.0 -0.604 -0.0 0.814 0.0 -0.136 -0.564 -0.698 -0.0 -0.39 -0.6 -0.674 0.0 -0.526 0.518 0.654 0.0 -0.449 -0.609 0.691 0.0 -0.576 0.436 
-0.662 0.145 -0.196 -0.709 -0.823 -0.0 -0.557 0.108 -0.74 -0.0 -0.104 -0.664 0.797 -0.0 -0.604 -0.0 0.814 0.0 -0.136 -0.564 -0.698 -0.0 -0.39 -0.601 -0.674 -0.0 -0.526 0.518 0.654 0.0 -0.449 -0.609 0.691 -0.0 -0.576 0.436 
-0.662 0.145 -0.196 -0.709 -0.823 -0.0 -0.557 0.108 -0.74 -0.0 -0.104 -0.664 0.797 0.0 -0.604 -0.001 0.814 0.0 -0.136 -0.564 -0.698 -0.0 -0.39 -0.6 -0.674 0.0 -0.526 0.519 0.654 0.0 -0.449 -0.609 0.691 0.0 -0.576 0.436 
-0.662 0.145 -0.196 -0.709 -0.823 0.0 -0.557 0.108 -0.74 -0.0 -0.104 -0.664 0.797 0.0 -0.604 -0.001 0.814 0.0 -0.136 -0.564 -0.698 -0.0 -0.39 -0.601 -0.674 -0.0 -0.526 0.518 0.654 -0.0 -0.449 -0.609 0.691 0.0 -0.576 0.436 
-0.662 0.145 -0.196 -0.709 -0.824 -0.0 -0.557 0.108 -0.74 -0.0 -0.104 -0.664 0.797 0.0 -0.604 -0.001 0.814 0.0 -0.136 -0.564 -0.698 -0.0 -0.39 -0.601 -0.674 0.0 -0.526 0.518 0.654 0.0 -0.449 -0.609 0.691 0.0 -0.577 0.436 
-0.662 0.144 -0.196 -0.709 -0.824 -0.0 -0.557 0.107 -0.74 -0.0 -0.104 -0.665 0.797 0.0 -0.604 -0.001 0.814 -0.0 -0.136 -0.565 -0.698 -0.0 -0.39 -0.601 -0.674 -0.0 -0.526 0.518 0.654 0.0 -0.448 -0.609 0.691 0.0 -0.577 0.436 
-0.662 0.144 -0.196 -0.709 -0.824 -0.0 -0.557 0.108 -0.74 -0.0 -0.104 -0.665 0.797 0.0 -0.604 -0.001 0.814 0.0 -0.135 -0.564 -0.698 -0.0 -0.39 -0.601 -0.674 -0.0 -0.526 0.518 0.654 0.0 -0.448 -0.609 0.691 0.0 -0.577 0.436 
-0.662 0.145 -0.196 -0.709 -0.824 -0.0 -0.557 0.107 -0.74 -0.0 -0.103 -0.665 0.797 0.0 -0.604 -0.001 0.814 -0.0 -0.135 -0.565 -0.698 -0.0 -0.39 -0.601 -0.674 -0.0 -0.526 0.518 0.655 0.0 -0.448 -0.609 0.691 0.0 -0.577 0.436 
-0.662 0.145 -0.196 -0.709 -0.824 -0.0 -0.557 0.107 -0.74 -0.0 -0.103 -0.665 0.797 0.0 -0.604 -0.001 0.814 -0.0 -0.135 -0.565 -0.698 0.0 -0.39 -0.601 -0.674 -0.0 -0.526 0.518 0.654 0.0 -0.448 -0.609 0.691 0.0 -0.577 0.436 
-0.662 0.144 -0.196 -0.709 -0.824 -0.0 -0.557 0.107 -0.74 0.0 -0.103 -0.665 0.797 0.0 -0.604 -0.001 0.814 0.0 -0.135 -0.565 -0.698 -0.0 -0.39 -0.601 -0.674 -0.0 -0.526 0.518 0.654 0.0 -0.448 -0.609 0.691 -0.0 -0.577 0.436 
-0.662 0.145 -0.196 -0.709 -0.824 -0.0 -0.557 0.107 -0.74 -0.0 -0.103 -0.665 0.797 0.0 -0.604 -0.001 0.814 0.0 -0.135 -0.565 -0.698 -0.0 -0.39 -0.601 -0.674 0.0 -0.526 0.518 0.654 0.0 -0.448 -0.609 0.691 0.0 -0.577 0.436 
-0.662 0.145 -0.196 -0.709 -0.824 -0.0 -0.557 0.107 -0.74 -0.0 -0.103 -0.665 0.797 0.0 -0.604 -0.001 0.814 0.0 -0.135 -0.565 -0.698 -0.0 -0.39 -0.601 -0.674 -0.0 -0.526 0.518 0.654 0.0 -0.448 -0.609 0.691 0.0 -0.577 0.436 
-0.662 0.145 -0.196 -0.709 -0.824 -0.0 -0.557 0.107 -0.74 -0.0 -0.103 -0.665 0.797 0.0 -0.604 -0.001 0.814 0.0 -0.135 -0.564 -0.698 -0.0 -0.39 -0.601 -0.674 -0.0 -0.526 0.518 0.654 0.0 -0.448 -0.609 0.691 -0.0 -0.577 0.436 
-0.662 0.145 -0.196 -0.709 -0.824 0.0 -0.557 0.106 -0.74 -0.0 -0.102 -0.665 0.797 0.0 -0.604 -0.001 0.814 0.0 -0.135 -0.564 -0.698 0.0 -0.39 -0.601 -0.674 -0.0 -0.526 0.518 0.654 0.0 -0.448 -0.609 0.691 0.0 -0.576 0.436 
-0.662 0.145 -0.196 -0.709 -0.824 -0.0 -0.557 0.106 -0.74 -0.0 -0.102 -0.665 0.797 -0.0 -0.604 -0.001 0.814 0.0 -0.135 -0.564 -0.698 0.0 -0.39 -0.601 -0.674 -0.0 -0.526 0.518 0.654 0.0 -0.448 -0.609 0.691 0.0 -0.577 0.436 
-0.662 0.145 -0.196 -0.709 -0.824 -0.0 -0.557 0.106 -0.74 -0.0 -0.102 -0.664 0.797 0.0 -0.604 -0.0 0.814 0.0 -0.135 -0.564 -0.698 0.0 -0.39 -0.601 -0.674 -0.0 -0.526 0.518 0.654 0.0 -0.448 -0.609 0.691 0.0 -0.577 0.436 
-0.662 0.145 -0.196 -0.709 -0.824 0.0 -0.557 0.106 -0.74 -0.0 -0.102 -0.664 0.797 0.0 -0.604 -0.001 0.815 0.0 -0.135 -0.564 -0.698 -0.0 -0.39 -0.601 -0.674 -0.0 -0.526 0.518 0.654 0.0 -0.448 -0.609 0.691 0.0 -0.577 0.436 
-0.662 0.145 -0.196 -0.709 -0.824 -0.0 -0.557 0.106 -0.74 -0.0 -0.102 -0.664 0.797 0.0 -0.604 -0.001 0.815 0.0 -0.135 -0.564 -0.698 0.0 -0.39 -0.601 -0.674 -0.0 -0.526 0.518 0.654 0.0 -0.448 -0.609 0.691 0.0 -0.576 0.436 
-0.662 0.145 -0.196 -0.709 -0.824 -0.0 -0.557 0.105 -0.74 -0.0 -0.101 -0.664 0.797 -0.0 -0.604 -0.0 0.815 0.0 -0.135 -0.564 -0.698 -0.0 -0.39 -0.601 -0.674 -0.0 -0.526 0.518 0.654 0.0 -0.449 -0.609 0.691 0.0 -0.576 0.436 
-0.662 0.145 -0.196 -0.709 -0.824 -0.0 -0.557 0.105 -0.741 0.0 -0.101 -0.664 0.797 0.0 -0.604 -0.0 0.815 0.0 -0.135 -0.564 -0.698 -0.0 -0.39 -0.601 -0.675 -0.0 -0.526 0.518 0.654 0.0 -0.449 -0.609 0.691 0.0 -0.576 0.436 
-0.662 0.145 -0.196 -0.709 -0.824 -0.0 -0.557 0.105 -0.741 -0.0 -0.101 -0.664 0.797 -0.0 -0.604 -0.0 0.815 -0.0 -0.136 -0.564 -0.698 -0.0 -0.39 -0.601 -0.675 -0.0 -0.526 0.518 0.654 0.0 -0.449 -0.609 0.691 0.0 -0.576 0.436 
-0.662 0.145 -0.196 -0.709 -0.824 -0.0 -0.557 0.105 -0.741 -0.0 -0.101 -0.664 0.797 0.0 -0.604 -0.0 0.815 -0.0 -0.136 -0.564 -0.698 -0.0 -0.39 -0.601 -0.675 -0.0 -0.526 0.518 0.654 0.0 -0.449 -0.609 0.691 0.0 -0.576 0.436 
-0.662 0.145 -0.196 -0.709 -0.824 0.0 -0.557 0.104 -0.741 -0.0 -0.1 -0.664 0.797 0.0 -0.604 0.0 0.815 0.0 -0.136 -0.564 -0.698 -0.0 -0.39 -0.601 -0.675 -0.0 -0.526 0.518 0.654 0.0 -0.449 -0.609 0.691 0.0 -0.576 0.436 
-0.662 0.145 -0.196 -0.709 -0.824 -0.0 -0.557 0.104 -0.741 -0.0 -0.1 -0.664 0.797 0.0 -0.604 0.0 0.815 0.0 -0.136 -0.564 -0.698 -0.0 -0.39 -0.601 -0.674 -0.0 -0.526 0.518 0.654 0.0 -0.449 -0.609 0.691 0.0 -0.576 0.436 
-0.662 0.145 -0.196 -0.709 -0.824 0.0 -0.557 0.104 -0.741 -0.0 -0.1 -0.664 0.797 -0.0 -0.604 0.0 0.815 -0.0 -0.136 -0.564 -0.698 -0.0 -0.39 -0.601 -0.675 0.0 -0.526 0.518 0.654 0.0 -0.449 -0.609 0.691 0.0 -0.576 0.436 
-0.662 0.145 -0.196 -0.709 -0.824 -0.0 -0.557 0.104 -0.741 -0.0 -0.099 -0.664 0.797 0.0 -0.604 0.0 0.815 0.0 -0.137 -0.563 -0.698 0.0 -0.39 -0.601 -0.675 0.0 -0.526 0.518 0.654 0.0 -0.449 -0.609 0.691 0.0 -0.576 0.437 
-0.662 0.145 -0.196 -0.709 -0.824 -0.0 -0.557 0.104 -0.741 0.0 -0.099 -0.664 0.797 0.0 -0.604 0.0 0.815 0.0 -0.137 -0.564 -0.698 -0.0 -0.39 -0.601 -0.675 -0.0 -0.526 0.518 0.654 0.0 -0.449 -0.609 0.691 0.0 -0.576 0.437 
-0.662 0.145 -0.196 -0.709 -0.824 0.0 -0.558 0.104 -0.741 -0.0 -0.099 -0.664 0.797 0.0 -0.604 0.0 0.815 0.0 -0.136 -0.563 -0.698 0.0 -0.39 -0.601 -0.675 -0.0 -0.526 0.518 0.654 0.0 -0.449 -0.608 0.691 0.0 -0.576 0.437 
-0.662 0.145 -0.196 -0.709 -0.824 -0.0 -0.558 0.103 -0.741 -0.0 -0.099 -0.664 0.797 0.0 -0.604 0.001 0.815 0.0 -0.137 -0.563 -0.698 -0.0 -0.39 -0.601 -0.675 -0.0 -0.526 0.518 0.654 0.0 -0.449 -0.608 0.691 0.0 -0.576 0.437 
-0.662 0.145 -0.196 -0.709 -0.824 -0.0 -0.558 0.103 -0.741 0.0 -0.099 -0.665 0.797 0.0 -0.604 0.0 0.815 -0.0 -0.136 -0.563 -0.698 -0.0 -0.39 -0.601 -0.675 -0.0 -0.526 0.518 0.654 0.0 -0.449 -0.608 0.691 0.0 -0.576 0.437 
-0.662 0.145 -0.196 -0.709 -0.824 -0.0 -0.558 0.103 -0.741 -0.0 -0.099 -0.665 0.797 -0.0 -0.604 0.0 0.815 0.0 -0.137 -0.563 -0.698 -0.0 -0.39 -0.601 -0.675 -0.0 -0.526 0.518 0.654 -0.0 -0.449 -0.608 0.691 0.0 -0.576 0.437 
-0.662 0.145 -0.196 -0.709 -0.824 -0.0 -0.558 0.103 -0.74 -0.0 -0.098 -0.665 0.797 -0.0 -0.604 0.001 0.815 0.0 -0.137 -0.563 -0.698 -0.0 -0.39 -0.601 -0.675 -0.0 -0.526 0.518 0.654 0.0 -0.449 -0.608 0.691 -0.0 -0.576 0.437 
-0.662 0.145 -0.196 -0.709 -0.823 -0.0 -0.558 0.103 -0.74 -0.0 -0.098 -0.665 0.797 0.0 -0.604 0.001 0.815 -0.0 -0.137 -0.563 -0.698 -0.0 -0.39 -0.601 -0.675 -0.0 -0.526 0.518 0.654 0.0 -0.449 -0.608 0.691 0.0 -0.576 0.437 
-0.662 0.145 -0.196 -0.709 -0.824 -0.0 -0.558 0.103 -0.74 -0.0 -0.099 -0.665 0.797 0.0 -0.604 0.001 0.815 -0.0 -0.137 -0.563 -0.698 -0.0 -0.39 -0.601 -0.675 0.0 -0.526 0.518 0.654 0.0 -0.449 -0.608 0.691 0.0 -0.576 0.437 
-0.662 0.145 -0.196 -0.709 -0.823 0.0 -0.558 0.103 -0.74 -0.0 -0.098 -0.665 0.797 0.0 -0.604 0.001 0.815 0.0 -0.137 -0.563 -0.698 -0.0 -0.39 -0.601 -0.675 -0.0 -0.526 0.518 0.654 0.0 -0.449 -0.608 0.691 0.0 -0.576 0.437 
-0.662 0.145 -0.196 -0.709 -0.823 -0.0 -0.558 0.103 -0.74 -0.0 -0.098 -0.665 0.797 0.0 -0.604 0.001 0.815 0.0 -0.137 -0.564 -0.698 -0.0 -0.39 -0.601 -0.675 -0.0 -0.526 0.518 0.654 0.0 -0.449 -0.608 0.691 -0.0 -0.576 0.437 
-0.662 0.145 -0.196 -0.709 -0.823 -0.0 -0.558 0.103 -0.74 0.0 -0.098 -0.665 0.797 0.0 -0.604 0.001 0.815 -0.0 -0.137 -0.563 -0.698 -0.0 -0.39 -0.601 -0.675 -0.0 -0.526 0.518 0.655 0.0 -0.449 -0.608 0.691 0.0 -0.576 0.437 
-0.662 0.145 -0.196 -0.709 -0.823 -0.0 -0.558 0.103 -0.74 -0.0 -0.098 -0.666 0.797 -0.0 -0.604 0.001 0.815 0.0 -0.137 -0.564 -0.698 -0.0 -0.39 -0.601 -0.675 -0.0 -0.526 0.518 0.654 0.0 -0.449 -0.608 0.691 0.0 -0.576 0.437 
-0.662 0.145 -0.196 -0.709 -0.823 -0.0 -0.558 0.103 -0.74 -0.0 -0.098 -0.666 0.797 0.0 -0.604 0.001 0.815 -0.0 -0.137 -0.564 -0.698 -0.0 -0.39 -0.601 -0.675 -0.0 -0.526 0.518 0.654 0.0 -0.449 -0.608 0.691 0.0 -0.576 0.437 
-0.662 0.145 -0.196 -0.709 -0.823 -0.0 -0.558 0.103 -0.74 0.0 -0.098 -0.666 0.797 0.0 -0.604 0.001 0.815 -0.0 -0.137 -0.564 -0.698 -0.0 -0.39 -0.601 -0.675 -0.0 -0.526 0.518 0.654 0.0 -0.449 -0.608 0.691 0.0 -0.576 0.437 
-0.662 0.145 -0.196 -0.709 -0.823 -0.0 -0.558 0.104 -0.74 -0.0 -0.098 -0.666 0.797 0.0 -0.604 0.001 0.814 0.0 -0.137 -0.564 -0.698 -0.0 -0.39 -0.601 -0.675 -0.0 -0.526 0.518 0.654 0.0 -0.449 -0.608 0.691 0.0 -0.576 0.437 
-0.662 0.145 -0.196 -0.709 -0.823 -0.0 -0.558 0.103 -0.74 -0.0 -0.098 -0.666 0.797 0.0 -0.604 0.001 0.814 -0.0 -0.137 -0.564 -0.698 -0.0 -0.39 -0.601 -0.675 -0.0 -0.526 0.518 0.655 0.0 -0.449 -0.608 0.691 0.0 -0.576 0.437 
-0.662 0.145 -0.196 -0.709 -0.823 -0.0 -0.558 0.104 -0.739 -0.0 -0.098 -0.666 0.797 0.0 -0.604 0.001 0.814 -0.0 -0.137 -0.564 -0.698 0.0 -0.39 -0.601 -0.675 -0.0 -0.526 0.518 0.654 0.0 -0.449 -0.608 0.691 -0.0 -0.576 0.437 
-0.662 0.145 -0.196 -0.709 -0.823 -0.0 -0.558 0.104 -0.739 -0.0 -0.098 -0.666 0.797 -0.0 -0.604 0.001 0.814 0.0 -0.137 -0.564 -0.698 -0.0 -0.39 -0.601 -0.675 0.0 -0.527 0.517 0.654 0.0 -0.449 -0.608 0.691 0.0 -0.576 0.437 
-0.662 0.145 -0.196 -0.709 -0.823 -0.0 -0.558 0.104 -0.739 -0.0 -0.098 -0.666 0.797 -0.0 -0.604 0.002 0.814 0.0 -0.137 -0.564 -0.698 -0.0 -0.39 -0.601 -0.675 -0.0 -0.526 0.518 0.655 0.0 -0.449 -0.608 0.691 0.0 -0.576 0.437 
-0.662 0.145 -0.196 -0.709 -0.823 -0.0 -0.558 0.104 -0.739 -0.0 -0.098 -0.666 0.797 -0.0 -0.604 0.002 0.814 0.0 -0.137 -0.564 -0.698 -0.0 -0.39 -0.601 -0.675 0.0 -0.526 0.518 0.654 0.0 -0.449 -0.608 0.691 0.0 -0.576 0.437 
-0.662 0.145 -0.196 -0.709 -0.823 0.0 -0.558 0.104 -0.739 -0.0 -0.099 -0.666 0.797 0.0 -0.604 0.002 0.814 0.0 -0.137 -0.564 -0.698 -0.0 -0.39 -0.601 -0.674 -0.0 -0.526 0.518 0.655 0.0 -0.449 -0.608 0.691 -0.0 -0.576 0.437 
-0.662 0.145 -0.196 -0.709 -0.823 -0.0 -0.558 0.104 -0.739 -0.0 -0.099 -0.666 0.797 0.0 -0.604 0.002 0.814 -0.0 -0.137 -0.564 -0.698 -0.0 -0.39 -0.6 -0.674 -0.0 -0.526 0.518 0.654 0.0 -0.449 -0.608 0.691 0.0 -0.576 0.437 
-0.662 0.145 -0.196 -0.709 -0.823 0.0 -0.558 0.104 -0.739 -0.0 -0.099 -0.666 0.797 0.0 -0.604 0.002 0.814 -0.0 -0.137 -0.564 -0.698 -0.0 -0.39 -0.6 -0.674 -0.0 -0.526 0.518 0.655 0.0 -0.449 -0.608 0.691 0.0 -0.576 0.437 
-0.662 0.145 -0.196 -0.709 -0.823 -0.0 -0.558 0.104 -0.739 -0.0 -0.099 -0.666 0.797 0.0 -0.604 0.002 0.814 -0.0 -0.137 -0.564 -0.698 -0.0 -0.39 -0.6 -0.674 -0.0 -0.526 0.518 0.654 0.0 -0.449 -0.608 0.691 0.0 -0.576 0.437 
-0.662 0.145 -0.196 -0.709 -0.823 0.0 -0.558 0.104 -0.739 0.0 -0.099 -0.666 0.797 0.0 -0.604 0.002 0.814 -0.0 -0.137 -0.564 -0.698 0.0 -0.39 -0.6 -0.674 -0.0 -0.526 0.518 0.654 -0.0 -0.449 -0.609 0.691 0.0 -0.577 0.436 
-0.662 0.145 -0.196 -0.709 -0.823 -0.0 -0.558 0.105 -0.739 -0.0 -0.099 -0.666 0.797 0.0 -0.604 0.002 0.814 -0.0 -0.137 -0.564 -0.698 -0.0 -0.391 -0.6 -0.674 -0.0 -0.526 0.518 0.654 0.0 -0.45 -0.608 0.691 0.0 -0.576 0.437 
-0.662 0.145 -0.196 -0.709 -0.823 0.0 -0.559 0.105 -0.739 -0.0 -0.099 -0.666 0.797 0.0 -0.604 0.003 0.814 0.0 -0.137 -0.565 -0.698 -0.0 -0.391 -0.6 -0.674 -0.0 -0.526 0.518 0.654 0.0 -0.45 -0.608 0.691 0.0 -0.576 0.437 
-0.662 0.145 -0.196 -0.709 -0.823 -0.0 -0.559 0.105 -0.739 -0.0 -0.099 -0.666 0.797 -0.0 -0.604 0.003 0.814 0.0 -0.136 -0.564 -0.698 -0.0 -0.391 -0.6 -0.674 -0.0 -0.526 0.518 0.654 0.0 -0.45 -0.608 0.691 0.0 -0.576 0.437 
-0.662 0.145 -0.196 -0.709 -0.823 -0.0 -0.559 0.105 -0.739 0.0 -0.1 -0.666 0.797 0.0 -0.605 0.003 0.814 -0.0 -0.136 -0.564 -0.698 -0.0 -0.391 -0.6 -0.674 -0.0 -0.526 0.519 0.654 -0.0 -0.45 -0.608 0.691 -0.0 -0.575 0.437 
-0.662 0.145 -0.196 -0.709 -0.823 0.0 -0.559 0.105 -0.739 0.0 -0.1 -0.666 0.797 -0.0 -0.604 0.003 0.814 0.0 -0.137 -0.564 -0.698 -0.0 -0.391 -0.6 -0.674 -0.0 -0.526 0.519 0.654 0.0 -0.45 -0.608 0.691 -0.0 -0.575 0.437 
-0.662 0.145 -0.196 -0.709 -0.823 -0.0 -0.559 0.105 -0.739 -0.0 -0.1 -0.666 0.797 0.0 -0.605 0.003 0.814 -0.0 -0.136 -0.565 -0.698 -0.0 -0.391 -0.6 -0.674 -0.0 -0.526 0.519 0.654 0.0 -0.45 -0.608 0.691 0.0 -0.575 0.437 
-0.662 0.145 -0.196 -0.709 -0.823 -0.0 -0.559 0.106 -0.739 -0.0 -0.1 -0.666 0.797 0.0 -0.605 0.003 0.814 0.0 -0.137 -0.565 -0.698 -0.0 -0.391 -0.6 -0.674 -0.0 -0.526 0.519 0.654 -0.0 -0.45 -0.608 0.691 0.0 -0.575 0.437 
-0.662 0.145 -0.196 -0.709 -0.822 -0.0 -0.559 0.106 -0.739 -0.0 -0.1 -0.666 0.797 0.0 -0.605 0.003 0.814 0.0 -0.137 -0.565 -0.698 -0.0 -0.391 -0.6 -0.674 -0.0 -0.525 0.519 0.654 -0.0 -0.45 -0.608 0.691 0.0 -0.575 0.437 
-0.662 0.145 -0.196 -0.709 -0.822 -0.0 -0.559 0.106 -0.739 0.0 -0.1 -0.666 0.797 -0.0 -0.605 0.003 0.814 0.0 -0.137 -0.565 -0.698 -0.0 -0.391 -0.6 -0.674 -0.0 -0.526 0.519 0.654 0.0 -0.45 -0.608 0.691 0.0 -0.575 0.437 
-0.662 0.145 -0.196 -0.709 -0.822 -0.0 -0.559 0.106 -0.739 -0.0 -0.101 -0.666 0.797 0.0 -0.604 0.003 0.814 0.0 -0.137 -0.565 -0.698 0.0 -0.391 -0.6 -0.674 -0.0 -0.525 0.519 0.654 -0.0 -0.45 -0.607 0.691 0.0 -0.575 0.438 
-0.662 0.145 -0.196 -0.709 -0.822 -0.0 -0.559 0.106 -0.739 -0.0 -0.101 -0.666 0.797 0.0 -0.604 0.004 0.814 0.0 -0.137 -0.565 -0.698 -0.0 -0.391 -0.6 -0.674 -0.0 -0.526 0.519 0.654 -0.0 -0.45 -0.608 0.691 -0.0 -0.575 0.438 
-0.662 0.145 -0.196 -0.709 -0.822 -0.0 -0.559 0.107 -0.739 -0.0 -0.101 -0.666 0.797 0.0 -0.604 0.004 0.814 -0.0 -0.137 -0.565 -0.698 0.0 -0.391 -0.6 -0.674 -0.0 -0.526 0.519 0.654 0.0 -0.45 -0.608 0.691 0.0 -0.575 0.438 
-0.662 0.145 -0.196 -0.709 -0.822 -0.0 -0.559 0.107 -0.739 -0.0 -0.101 -0.666 0.797 -0.0 -0.604 0.004 0.814 0.0 -0.137 -0.565 -0.698 -0.0 -0.391 -0.6 -0.674 -0.0 -0.526 0.519 0.654 0.0 -0.45 -0.607 0.691 0.0 -0.575 0.438 
-0.662 0.145 -0.197 -0.709 -0.822 0.0 -0.559 0.107 -0.739 0.0 -0.101 -0.666 0.797 0.0 -0.604 0.004 0.814 0.0 -0.138 -0.565 -0.698 -0.0 -0.391 -0.6 -0.674 -0.0 -0.525 0.519 0.654 0.0 -0.45 -0.607 0.691 -0.0 -0.575 0.438 
-0.662 0.145 -0.196 -0.709 -0.822 -0.0 -0.559 0.107 -0.739 -0.0 -0.101 -0.666 0.797 0.0 -0.604 0.004 0.814 0.0 -0.138 -0.565 -0.698 0.0 -0.391 -0.6 -0.674 -0.0 -0.525 0.519 0.654 0.0 -0.45 -0.607 0.691 0.0 -0.575 0.438 
-0.662 0.145 -0.196 -0.709 -0.822 0.0 -0.559 0.107 -0.739 -0.0 -0.101 -0.666 0.797 0.0 -0.604 0.004 0.814 0.0 -0.138 -0.565 -0.698 -0.0 -0.391 -0.6 -0.674 -0.0 -0.525 0.519 0.654 0.0 -0.45 -0.608 0.691 0.0 -0.575 0.438 
-0.662 0.145 -0.197 -0.709 -0.822 0.0 -0.559 0.107 -0.739 0.0 -0.101 -0.666 0.797 -0.0 -0.604 0.004 0.814 0.0 -0.138 -0.565 -0.698 0.0 -0.391 -0.6 -0.674 0.0 -0.526 0.519 0.654 0.0 -0.45 -0.607 0.691 0.0 -0.575 0.438 
-0.662 0.145 -0.196 -0.709 -0.822 -0.0 -0.559 0.107 -0.739 -0.0 -0.101 -0.666 0.797 0.0 -0.604 0.004 0.814 -0.0 -0.138 -0.565 -0.698 -0.0 -0.391 -0.6 -0.674 -0.0 -0.525 0.519 0.654 0.0 -0.45 -0.608 0.691 0.0 -0.575 0.438 
-0.662 0.145 -0.196 -0.709 -0.822 -0.0 -0.559 0.107 -0.739 -0.0 -0.101 -0.666 0.797 0.0 -0.604 0.004 0.814 0.0 -0.138 -0.565 -0.698 -0.0 -0.391 -0.6 -0.674 -0.0 -0.526 0.519 0.654 0.0 -0.45 -0.607 0.691 0.0 -0.575 0.438 
-0.662 0.145 -0.196 -0.709 -0.822 -0.0 -0.559 0.107 -0.739 -0.0 -0.101 -0.666 0.797 -0.0 -0.604 0.004 0.814 0.0 -0.138 -0.565 -0.698 -0.0 -0.391 -0.6 -0.674 0.0 -0.526 0.519 0.654 0.0 -0.45 -0.608 0.691 0.0 -0.575 0.438 
-0.662 0.145 -0.196 -0.709 -0.822 -0.0 -0.559 0.107 -0.739 -0.0 -0.101 -0.666 0.797 0.0 -0.604 0.004 0.814 0.0 -0.138 -0.565 -0.698 -0.0 -0.391 -0.6 -0.674 -0.0 -0.526 0.519 0.654 0.0 -0.449 -0.608 0.691 0.0 -0.576 0.437 
-0.662 0.145 -0.196 -0.709 -0.822 -0.0 -0.559 0.107 -0.739 -0.0 -0.101 -0.666 0.797 0.0 -0.604 0.005 0.814 0.0 -0.138 -0.565 -0.698 -0.0 -0.391 -0.6 -0.674 -0.0 -0.526 0.519 0.654 0.0 -0.449 -0.608 0.691 -0.0 -0.576 0.437 
-0.662 0.145 -0.196 -0.709 -0.822 -0.0 -0.559 0.107 -0.739 0.0 -0.101 -0.666 0.797 0.0 -0.604 0.004 0.814 0.0 -0.138 -0.565 -0.698 -0.0 -0.391 -0.6 -0.674 -0.0 -0.526 0.519 0.654 0.0 -0.45 -0.608 0.691 0.0 -0.576 0.437 
-0.662 0.145 -0.197 -0.709 -0.822 -0.0 -0.559 0.107 -0.739 -0.0 -0.101 -0.666 0.797 0.0 -0.604 0.004 0.814 0.0 -0.138 -0.565 -0.698 -0.0 -0.391 -0.6 -0.674 -0.0 -0.525 0.519 0.654 0.0 -0.45 -0.608 0.691 -0.0 -0.576 0.437 
-0.662 0.145 -0.196 -0.709 -0.822 -0.0 -0.559 0.107 -0.739 0.0 -0.101 -0.666 0.797 0.0 -0.604 0.004 0.814 0.0 -0.138 -0.565 -0.698 -0.0 -0.391 -0.6 -0.674 0.0 -0.525 0.519 0.654 0.0 -0.45 -0.608 0.691 0.0 -0.576 0.437 
-0.662 0.145 -0.196 -0.709 -0.822 -0.0 -0.559 0.107 -0.739 0.0 -0.101 -0.666 0.797 0.0 -0.604 0.004 0.814 0.0 -0.138 -0.565 -0.698 -0.0 -0.391 -0.6 -0.674 0.0 -0.525 0.519 0.654 0.0 -0.449 -0.608 0.69 0.0 -0.577 0.437 
-0.662 0.145 -0.196 -0.709 -0.822 -0.0 -0.559 0.107 -0.739 -0.0 -0.1 -0.666 0.797 0.0 -0.604 0.004 0.814 0.0 -0.138 -0.565 -0.698 -0.0 -0.391 -0.6 -0.674 -0.0 -0.525 0.519 0.654 0.0 -0.449 -0.608 0.69 0.0 -0.577 0.437 
-0.662 0.145 -0.196 -0.709 -0.822 -0.0 -0.559 0.107 -0.739 -0.0 -0.1 -0.666 0.797 0.0 -0.604 0.005 0.814 0.0 -0.138 -0.565 -0.698 -0.0 -0.391 -0.6 -0.674 -0.0 -0.526 0.519 0.654 0.0 -0.45 -0.608 0.691 0.0 -0.575 0.438 
-0.662 0.145 -0.196 -0.709 -0.822 0.0 -0.559 0.107 -0.739 -0.0 -0.1 -0.666 0.797 0.0 -0.604 0.005 0.814 0.0 -0.138 -0.565 -0.698 -0.0 -0.391 -0.6 -0.674 -0.0 -0.526 0.519 0.654 0.0 -0.45 -0.608 0.691 0.0 -0.575 0.438 
-0.662 0.145 -0.196 -0.709 -0.822 -0.0 -0.559 0.107 -0.739 -0.0 -0.1 -0.666 0.797 0.0 -0.604 0.004 0.814 0.0 -0.137 -0.565 -0.698 -0.0 -0.391 -0.6 -0.674 -0.0 -0.526 0.519 0.654 -0.0 -0.45 -0.608 0.691 0.0 -0.575 0.438 
-0.662 0.145 -0.196 -0.709 -0.822 -0.0 -0.559 0.107 -0.739 -0.0 -0.1 -0.666 0.797 0.0 -0.604 0.004 0.814 0.0 -0.137 -0.565 -0.698 -0.0 -0.391 -0.6 -0.674 0.0 -0.526 0.519 0.654 0.0 -0.45 -0.608 0.691 0.0 -0.575 0.438 
-0.662 0.145 -0.196 -0.709 -0.822 -0.0 -0.559 0.107 -0.739 -0.0 -0.1 -0.666 0.797 -0.0 -0.604 0.005 0.813 0.0 -0.137 -0.565 -0.698 -0.0 -0.391 -0.6 -0.674 -0.0 -0.526 0.519 0.654 0.0 -0.45 -0.608 0.691 0.0 -0.575 0.438 
-0.662 0.145 -0.196 -0.709 -0.822 -0.0 -0.559 0.107 -0.739 -0.0 -0.1 -0.666 0.797 0.0 -0.604 0.005 0.813 0.0 -0.137 -0.565 -0.698 -0.0 -0.391 -0.6 -0.674 -0.0 -0.526 0.519 0.654 -0.0 -0.45 -0.608 0.691 -0.0 -0.575 0.438 
-0.662 0.145 -0.196 -0.709 -0.822 -0.0 -0.56 0.107 -0.739 -0.0 -0.099 -0.666 0.797 -0.0 -0.604 0.005 0.813 -0.0 -0.137 -0.565 -0.698 -0.0 -0.391 -0.6 -0.674 -0.0 -0.526 0.519 0.654 0.0 -0.45 -0.608 0.691 0.0 -0.575 0.438 
-0.662 0.145 -0.196 -0.709 -0.822 0.0 -0.56 0.107 -0.739 -0.0 -0.099 -0.666 0.797 0.0 -0.604 0.005 0.814 0.0 -0.137 -0.565 -0.698 -0.0 -0.391 -0.6 -0.674 -0.0 -0.526 0.519 0.654 -0.0 -0.45 -0.608 0.691 0.0 -0.575 0.438 
-0.662 0.145 -0.196 -0.709 -0.822 -0.0 -0.56 0.107 -0.739 -0.0 -0.1 -0.666 0.797 0.0 -0.604 0.005 0.813 0.0 -0.137 -0.565 -0.698 -0.0 -0.391 -0.6 -0.674 0.0 -0.526 0.519 0.654 -0.0 -0.45 -0.608 0.691 0.0 -0.575 0.438 
-0.662 0.145 -0.196 -0.709 -0.822 -0.0 -0.56 0.107 -0.739 -0.0 -0.099 -0.666 0.797 -0.0 -0.604 0.005 0.813 0.0 -0.137 -0.565 -0.698 0.0 -0.391 -0.6 -0.674 -0.0 -0.525 0.519 0.654 0.0 -0.45 -0.608 0.691 0.0 -0.575 0.438 
-0.662 0.145 -0.196 -0.709 -0.822 -0.0 -0.56 0.107 -0.739 -0.0 -0.099 -0.666 0.797 -0.0 -0.604 0.005 0.814 0.0 -0.137 -0.565 -0.698 0.0 -0.391 -0.6 -0.674 -0.0 -0.526 0.519 0.654 0.0 -0.45 -0.608 0.691 0.0 -0.575 0.438 
-0.662 0.145 -0.196 -0.709 -0.822 -0.0 -0.56 0.106 -0.739 -0.0 -0.099 -0.666 0.797 -0.0 -0.604 0.005 0.813 0.0 -0.137 -0.565 -0.698 -0.0 -0.391 -0.6 -0.674 0.0 -0.526 0.519 0.654 0.0 -0.45 -0.608 0.691 0.0 -0.575 0.438 
-0.662 0.145 -0.196 -0.709 -0.822 0.0 -0.56 0.106 -0.739 -0.0 -0.099 -0.666 0.797 0.0 -0.604 0.006 0.813 0.0 -0.137 -0.565 -0.698 0.0 -0.391 -0.6 -0.674 -0.0 -0.525 0.519 0.654 0.0 -0.45 -0.608 0.691 0.0 -0.575 0.438 
-0.662 0.145 -0.196 -0.709 -0.822 -0.0 -0.56 0.106 -0.739 -0.0 -0.099 -0.666 0.797 0.0 -0.604 0.006 0.813 0.0 -0.137 -0.565 -0.698 -0.0 -0.392 -0.6 -0.674 0.0 -0.525 0.519 0.654 0.0 -0.45 -0.608 0.691 0.0 -0.575 0.438 
-0.662 0.145 -0.197 -0.709 -0.822 -0.0 -0.56 0.106 -0.739 0.0 -0.099 -0.667 0.797 0.0 -0.604 0.006 0.813 -0.0 -0.137 -0.566 -0.698 -0.0 -0.392 -0.6 -0.674 -0.0 -0.525 0.519 0.654 0.0 -0.45 -0.608 0.691 -0.0 -0.575 0.438 
-0.662 0.145 -0.196 -0.709 -0.822 -0.0 -0.56 0.106 -0.739 -0.0 -0.098 -0.667 0.797 0.0 -0.604 0.006 0.813 0.0 -0.137 -0.565 -0.698 0.0 -0.391 -0.6 -0.674 -0.0 -0.526 0.519 0.654 0.0 -0.45 -0.608 0.691 0.0 -0.575 0.438 
-0.662 0.145 -0.197 -0.709 -0.822 -0.0 -0.56 0.106 -0.739 -0.0 -0.098 -0.667 0.797 -0.0 -0.604 0.006 0.813 0.0 -0.138 -0.566 -0.698 -0.0 -0.391 -0.6 -0.674 -0.0 -0.526 0.519 0.654 0.0 -0.45 -0.608 0.691 0.0 -0.575 0.438 
-0.662 0.146 -0.196 -0.709 -0.822 -0.0 -0.56 0.106 -0.739 -0.0 -0.099 -0.667 0.797 0.0 -0.604 0.006 0.813 0.0 -0.138 -0.566 -0.698 0.0 -0.392 -0.6 -0.674 -0.0 -0.525 0.519 0.654 0.0 -0.45 -0.607 0.691 -0.0 -0.575 0.438 
-0.662 0.146 -0.196 -0.709 -0.822 -0.0 -0.56 0.106 -0.739 -0.0 -0.099 -0.667 0.797 0.0 -0.604 0.006 0.813 0.0 -0.138 -0.566 -0.698 -0.0 -0.392 -0.6 -0.674 -0.0 -0.525 0.519 0.654 0.0 -0.45 -0.607 0.691 0.0 -0.575 0.438 
-0.662 0.146 -0.196 -0.709 -0.822 -0.0 -0.56 0.106 -0.739 -0.0 -0.099 -0.667 0.797 0.0 -0.604 0.006 0.813 0.0 -0.138 -0.566 -0.698 -0.0 -0.392 -0.6 -0.674 -0.0 -0.525 0.519 0.654 -0.0 -0.45 -0.607 0.691 0.0 -0.575 0.438 
-0.662 0.146 -0.197 -0.709 -0.822 -0.0 -0.56 0.106 -0.739 0.0 -0.098 -0.667 0.797 0.0 -0.604 0.006 0.813 0.0 -0.138 -0.566 -0.698 -0.0 -0.392 -0.6 -0.674 -0.0 -0.525 0.519 0.654 0.0 -0.45 -0.607 0.691 0.0 -0.575 0.438 
-0.662 0.146 -0.197 -0.709 -0.822 -0.0 -0.56 0.106 -0.738 -0.0 -0.098 -0.667 0.797 0.0 -0.604 0.006 0.813 0.0 -0.138 -0.566 -0.698 -0.0 -0.392 -0.6 -0.674 -0.0 -0.525 0.519 0.654 0.0 -0.45 -0.607 0.691 -0.0 -0.575 0.438 
-0.662 0.146 -0.197 -0.709 -0.821 -0.0 -0.56 0.106 -0.738 -0.0 -0.098 -0.667 0.797 0.0 -0.604 0.007 0.813 0.0 -0.138 -0.566 -0.698 -0.0 -0.392 -0.6 -0.674 -0.0 -0.525 0.519 0.654 0.0 -0.45 -0.607 0.691 0.0 -0.575 0.438 
-0.662 0.146 -0.197 -0.709 -0.821 -0.0 -0.56 0.106 -0.738 -0.0 -0.098 -0.667 0.797 0.0 -0.604 0.007 0.813 0.0 -0.138 -0.566 -0.698 -0.0 -0.392 -0.599 -0.674 -0.0 -0.525 0.519 0.654 0.0 -0.451 -0.607 0.691 0.0 -0.575 0.438 
-0.662 0.146 -0.197 -0.709 -0.821 0.0 -0.561 0.106 -0.738 0.0 -0.098 -0.667 0.797 0.0 -0.604 0.007 0.813 -0.0 -0.138 -0.566 -0.698 0.0 -0.392 -0.599 -0.674 -0.0 -0.525 0.519 0.654 0.0 -0.451 -0.607 0.691 0.0 -0.575 0.438 
-0.662 0.146 -0.197 -0.709 -0.821 -0.0 -0.561 0.106 -0.738 -0.0 -0.098 -0.667 0.797 0.0 -0.604 0.007 0.813 0.0 -0.138 -0.566 -0.698 -0.0 -0.392 -0.599 -0.674 -0.0 -0.525 0.519 0.654 0.0 -0.451 -0.607 0.691 0.0 -0.575 0.438 
-0.662 0.146 -0.197 -0.709 -0.821 -0.0 -0.561 0.106 -0.738 -0.0 -0.098 -0.668 0.797 0.0 -0.604 0.007 0.813 0.0 -0.138 -0.566 -0.698 0.0 -0.392 -0.599 -0.674 -0.0 -0.525 0.519 0.654 -0.0 -0.451 -0.607 0.691 0.0 -0.575 0.438 
-0.662 0.146 -0.197 -0.709 -0.821 -0.0 -0.561 0.106 -0.738 -0.0 -0.098 -0.667 0.797 0.0 -0.604 0.007 0.813 0.0 -0.138 -0.566 -0.698 -0.0 -0.392 -0.599 -0.674 -0.0 -0.525 0.519 0.654 0.0 -0.451 -0.607 0.691 0.0 -0.575 0.438 
-0.662 0.146 -0.197 -0.709 -0.821 -0.0 -0.561 0.106 -0.738 -0.0 -0.098 -0.668 0.797 0.0 -0.604 0.007 0.813 0.0 -0.138 -0.566 -0.698 0.0 -0.392 -0.599 -0.674 -0.0 -0.525 0.519 0.654 0.0 -0.451 -0.607 0.691 0.0 -0.575 0.438 
-0.662 0.146 -0.197 -0.709 -0.821 0.0 -0.561 0.106 -0.738 -0.0 -0.098 -0.668 0.797 0.0 -0.604 0.007 0.813 -0.0 -0.138 -0.565 -0.698 -0.0 -0.392 -0.599 -0.674 -0.0 -0.525 0.519 0.654 0.0 -0.451 -0.607 0.691 0.0 -0.575 0.438 
-0.662 0.146 -0.197 -0.709 -0.821 -0.0 -0.561 0.106 -0.738 -0.0 -0.098 -0.668 0.797 0.0 -0.605 0.008 0.813 0.0 -0.138 -0.565 -0.698 -0.0 -0.392 -0.599 -0.674 -0.0 -0.525 0.519 0.654 -0.0 -0.451 -0.607 0.691 0.0 -0.575 0.438 
-0.662 0.146 -0.197 -0.709 -0.821 -0.0 -0.561 0.106 -0.738 -0.0 -0.098 -0.668 0.797 0.0 -0.605 0.008 0.813 -0.0 -0.138 -0.565 -0.698 -0.0 -0.392 -0.599 -0.674 -0.0 -0.525 0.519 0.654 -0.0 -0.451 -0.607 0.691 0.0 -0.575 0.438 
-0.662 0.146 -0.197 -0.709 -0.821 0.0 -0.561 0.106 -0.738 -0.0 -0.098 -0.668 0.797 0.0 -0.605 0.008 0.813 0.0 -0.138 -0.565 -0.698 -0.0 -0.392 -0.599 -0.674 -0.0 -0.525 0.519 0.654 -0.0 -0.451 -0.607 0.691 0.0 -0.575 0.438 
-0.662 0.146 -0.197 -0.709 -0.821 -0.0 -0.561 0.106 -0.738 -0.0 -0.098 -0.668 0.797 0.0 -0.604 0.008 0.813 0.0 -0.138 -0.565 -0.698 -0.0 -0.392 -0.599 -0.674 -0.0 -0.525 0.519 0.654 -0.0 -0.451 -0.607 0.691 -0.0 -0.575 0.438 
-0.662 0.146 -0.197 -0.709 -0.821 -0.0 -0.561 0.106 -0.738 -0.0 -0.098 -0.668 0.797 0.0 -0.605 0.008 0.813 0.0 -0.138 -0.565 -0.698 -0.0 -0.392 -0.599 -0.674 -0.0 -0.526 0.519 0.654 0.0 -0.45 -0.607 0.691 0.0 -0.575 0.438 
-0.662 0.146 -0.197 -0.709 -0.821 0.0 -0.561 0.106 -0.738 -0.0 -0.099 -0.668 0.796 0.0 -0.605 0.008 0.813 0.0 -0.138 -0.565 -0.698 -0.0 -0.392 -0.599 -0.674 -0.0 -0.525 0.519 0.654 0.0 -0.451 -0.607 0.691 -0.0 -0.575 0.438 
-0.662 0.146 -0.197 -0.709 -0.821 -0.0 -0.561 0.106 -0.738 -0.0 -0.099 -0.668 0.796 0.0 -0.605 0.008 0.813 0.0 -0.138 -0.565 -0.698 -0.0 -0.392 -0.599 -0.674 -0.0 -0.525 0.519 0.654 0.0 -0.451 -0.607 0.691 0.0 -0.575 0.438 
-0.662 0.146 -0.197 -0.709 -0.821 -0.0 -0.561 0.106 -0.738 0.0 -0.099 -0.667 0.796 0.0 -0.605 0.008 0.813 0.0 -0.138 -0.565 -0.698 -0.0 -0.392 -0.599 -0.674 -0.0 -0.526 0.519 0.654 0.0 -0.451 -0.607 0.691 0.0 -0.575 0.438 
-0.662 0.146 -0.197 -0.709 -0.821 -0.0 -0.561 0.106 -0.738 -0.0 -0.099 -0.667 0.796 -0.0 -0.605 0.008 0.813 0.0 -0.138 -0.565 -0.698 -0.0 -0.392 -0.599 -0.674 -0.0 -0.525 0.519 0.654 0.0 -0.451 -0.607 0.691 0.0 -0.575 0.438 
-0.662 0.146 -0.197 -0.709 -0.821 -0.0 -0.561 0.107 -0.738 -0.0 -0.099 -0.667 0.796 0.0 -0.605 0.008 0.813 0.0 -0.138 -0.565 -0.698 -0.0 -0.392 -0.599 -0.674 -0.0 -0.525 0.519 0.654 -0.0 -0.451 -0.607 0.691 0.0 -0.575 0.438 
-0.662 0.146 -0.197 -0.709 -0.821 0.0 -0.561 0.107 -0.738 -0.0 -0.1 -0.667 0.796 0.0 -0.605 0.008 0.813 0.0 -0.138 -0.565 -0.698 -0.0 -0.392 -0.599 -0.674 -0.0 -0.525 0.519 0.654 0.0 -0.45 -0.608 0.691 0.0 -0.576 0.438 
-0.661 0.146 -0.196 -0.709 -0.82 0.0 -0.562 0.107 -0.738 -0.0 -0.099 -0.667 0.796 0.0 -0.605 0.008 0.813 -0.0 -0.138 -0.565 -0.698 -0.0 -0.391 -0.6 -0.674 -0.0 -0.526 0.518 0.654 0.0 -0.449 -0.608 0.691 0.0 -0.576 0.438 
-0.662 0.146 -0.196 -0.709 -0.82 -0.0 -0.562 0.107 -0.738 -0.0 -0.099 -0.667 0.796 0.0 -0.605 0.008 0.813 0.0 -0.138 -0.565 -0.698 -0.0 -0.391 -0.6 -0.674 -0.0 -0.526 0.518 0.654 0.0 -0.449 -0.608 0.691 0.0 -0.576 0.437 
-0.662 0.146 -0.196 -0.709 -0.82 -0.0 -0.562 0.107 -0.738 -0.0 -0.1 -0.667 0.796 0.0 -0.605 0.008 0.813 -0.0 -0.138 -0.565 -0.698 -0.0 -0.391 -0.6 -0.674 -0.0 -0.526 0.518 0.654 0.0 -0.45 -0.608 0.691 0.0 -0.576 0.438 
-0.662 0.146 -0.196 -0.709 -0.82 -0.0 -0.562 0.107 -0.738 -0.0 -0.1 -0.667 0.796 -0.0 -0.605 0.008 0.813 0.0 -0.138 -0.565 -0.698 -0.0 -0.391 -0.6 -0.674 -0.0 -0.526 0.518 0.654 0.0 -0.449 -0.608 0.691 0.0 -0.576 0.438 
-0.662 0.146 -0.196 -0.709 -0.82 -0.0 -0.562 0.107 -0.738 -0.0 -0.1 -0.667 0.796 -0.0 -0.605 0.008 0.813 -0.0 -0.138 -0.565 -0.698 -0.0 -0.391 -0.6 -0.674 -0.0 -0.526 0.518 0.654 0.0 -0.449 -0.608 0.691 0.0 -0.576 0.438 
-0.662 0.146 -0.196 -0.709 -0.82 -0.0 -0.562 0.107 -0.739 -0.0 -0.1 -0.667 0.796 0.0 -0.605 0.009 0.813 0.0 -0.138 -0.565 -0.698 -0.0 -0.391 -0.6 -0.674 -0.0 -0.526 0.518 0.654 -0.0 -0.449 -0.608 0.691 0.0 -0.576 0.438 
-0.662 0.146 -0.196 -0.709 -0.82 -0.0 -0.562 0.107 -0.739 -0.0 -0.1 -0.667 0.796 0.0 -0.605 0.009 0.813 -0.0 -0.138 -0.565 -0.698 0.0 -0.391 -0.6 -0.674 -0.0 -0.526 0.518 0.654 0.0 -0.45 -0.608 0.691 0.0 -0.576 0.437 
-0.662 0.146 -0.196 -0.709 -0.82 -0.0 -0.562 0.108 -0.739 -0.0 -0.1 -0.667 0.796 0.0 -0.605 0.009 0.813 0.0 -0.138 -0.565 -0.698 -0.0 -0.391 -0.599 -0.674 -0.0 -0.526 0.519 0.654 -0.0 -0.45 -0.608 0.691 0.0 -0.576 0.438 
-0.662 0.146 -0.196 -0.709 -0.82 -0.0 -0.562 0.108 -0.739 0.0 -0.1 -0.667 0.796 0.0 -0.606 0.009 0.813 0.0 -0.137 -0.565 -0.698 -0.0 -0.391 -0.6 -0.674 -0.0 -0.526 0.519 0.654 0.0 -0.449 -0.608 0.691 0.0 -0.576 0.437 
-0.662 0.146 -0.196 -0.709 -0.82 -0.0 -0.562 0.108 -0.739 -0.0 -0.1 -0.666 0.796 0.0 -0.606 0.009 0.813 0.0 -0.137 -0.565 -0.698 -0.0 -0.391 -0.6 -0.674 -0.0 -0.526 0.518 0.654 0.0 -0.449 -0.608 0.691 0.0 -0.576 0.437 
-0.662 0.146 -0.196 -0.709 -0.82 0.0 -0.562 0.108 -0.739 -0.0 -0.1 -0.666 0.796 -0.0 -0.605 0.009 0.814 0.0 -0.138 -0.565 -0.698 0.0 -0.391 -0.599 -0.674 0.0 -0.526 0.518 0.654 0.0 -0.449 -0.608 0.691 0.0 -0.576 0.438 
-0.662 0.146 -0.196 -0.709 -0.82 -0.0 -0.562 0.108 -0.739 -0.0 -0.1 -0.666 0.796 0.0 -0.606 0.01 0.813 0.0 -0.138 -0.566 -0.698 -0.0 -0.391 -0.599 -0.674 0.0 -0.526 0.518 0.654 0.0 -0.449 -0.608 0.691 0.0 -0.576 0.437 
-0.662 0.146 -0.196 -0.709 -0.82 0.0 -0.562 0.108 -0.739 -0.0 -0.099 -0.666 0.796 0.0 -0.606 0.01 0.813 -0.0 -0.138 -0.566 -0.698 -0.0 -0.392 -0.599 -0.674 -0.0 -0.526 0.518 0.654 0.0 -0.45 -0.608 0.691 0.0 -0.576 0.438 
-0.662 0.146 -0.196 -0.709 -0.82 -0.0 -0.562 0.108 -0.739 -0.0 -0.1 -0.666 0.796 0.0 -0.606 0.01 0.813 0.0 -0.138 -0.566 -0.698 -0.0 -0.392 -0.599 -0.674 0.0 -0.526 0.519 0.654 0.0 -0.449 -0.608 0.69 0.0 -0.576 0.438 
-0.662 0.146 -0.196 -0.709 -0.82 -0.0 -0.562 0.109 -0.739 -0.0 -0.099 -0.666 0.796 0.0 -0.606 0.01 0.813 0.0 -0.138 -0.566 -0.698 -0.0 -0.392 -0.599 -0.674 0.0 -0.526 0.519 0.654 0.0 -0.45 -0.608 0.69 0.0 -0.576 0.438 
-0.662 0.146 -0.196 -0.709 -0.82 -0.0 -0.562 0.109 -0.739 0.0 -0.099 -0.666 0.796 0.0 -0.606 0.01 0.813 0.0 -0.138 -0.566 -0.698 -0.0 -0.392 -0.599 -0.674 -0.0 -0.526 0.519 0.654 0.0 -0.45 -0.608 0.69 0.0 -0.576 0.438 
-0.661 0.146 -0.196 -0.709 -0.82 -0.0 -0.562 0.109 -0.739 0.0 -0.099 -0.666 0.795 0.0 -0.606 0.01 0.813 0.0 -0.138 -0.566 -0.698 -0.0 -0.392 -0.599 -0.674 -0.0 -0.526 0.519 0.654 0.0 -0.449 -0.608 0.69 0.0 -0.576 0.438 
-0.661 0.146 -0.196 -0.709 -0.82 -0.0 -0.562 0.109 -0.739 -0.0 -0.1 -0.666 0.795 0.0 -0.606 0.01 0.813 -0.0 -0.138 -0.566 -0.698 -0.0 -0.392 -0.599 -0.674 -0.0 -0.526 0.519 0.654 0.0 -0.45 -0.608 0.69 0.0 -0.576 0.438 
-0.662 0.146 -0.196 -0.709 -0.82 -0.0 -0.562 0.109 -0.739 0.0 -0.1 -0.666 0.795 0.0 -0.606 0.01 0.813 0.0 -0.138 -0.565 -0.698 -0.0 -0.392 -0.599 -0.674 -0.0 -0.526 0.519 0.654 0.0 -0.45 -0.608 0.69 0.0 -0.576 0.438 
-0.661 0.146 -0.196 -0.709 -0.82 -0.0 -0.562 0.109 -0.739 -0.0 -0.099 -0.666 0.795 0.0 -0.606 0.01 0.813 0.0 -0.138 -0.565 -0.698 -0.0 -0.392 -0.599 -0.674 -0.0 -0.526 0.519 0.654 0.0 -0.45 -0.608 0.69 0.0 -0.576 0.438 
-0.661 0.146 -0.196 -0.709 -0.82 -0.0 -0.562 0.109 -0.739 0.0 -0.1 -0.666 0.795 -0.0 -0.606 0.01 0.813 0.0 -0.138 -0.565 -0.698 -0.0 -0.392 -0.599 -0.674 -0.0 -0.526 0.519 0.654 0.0 -0.45 -0.608 0.69 -0.0 -0.576 0.438 
-0.661 0.146 -0.196 -0.709 -0.82 -0.0 -0.562 0.109 -0.739 -0.0 -0.1 -0.666 0.796 0.0 -0.606 0.01 0.813 -0.0 -0.138 -0.565 -0.698 -0.0 -0.392 -0.599 -0.674 0.0 -0.526 0.519 0.654 0.0 -0.45 -0.608 0.69 0.0 -0.576 0.438 
-0.661 0.146 -0.196 -0.709 -0.82 -0.0 -0.562 0.109 -0.739 -0.0 -0.099 -0.667 0.796 0.0 -0.606 0.01 0.813 0.0 -0.138 -0.565 -0.698 -0.0 -0.392 -0.599 -0.674 -0.0 -0.526 0.519 0.654 -0.0 -0.45 -0.608 0.69 -0.0 -0.576 0.438 
-0.661 0.146 -0.196 -0.709 -0.82 -0.0 -0.562 0.109 -0.739 -0.0 -0.099 -0.667 0.796 0.0 -0.606 0.01 0.813 0.0 -0.138 -0.565 -0.698 -0.0 -0.392 -0.599 -0.674 0.0 -0.525 0.519 0.654 -0.0 -0.45 -0.608 0.69 0.0 -0.575 0.438 
-0.661 0.146 -0.197 -0.709 -0.82 0.0 -0.562 0.109 -0.739 -0.0 -0.099 -0.667 0.796 -0.0 -0.606 0.01 0.813 0.0 -0.138 -0.565 -0.698 -0.0 -0.392 -0.599 -0.674 0.0 -0.525 0.519 0.654 0.0 -0.45 -0.608 0.69 0.0 -0.575 0.438 
-0.661 0.146 -0.197 -0.709 -0.82 0.0 -0.562 0.109 -0.738 -0.0 -0.099 -0.667 0.796 0.0 -0.606 0.01 0.813 0.0 -0.138 -0.565 -0.698 -0.0 -0.392 -0.599 -0.674 0.0 -0.525 0.519 0.654 0.0 -0.45 -0.608 0.69 0.0 -0.576 0.438 
-0.661 0.146 -0.197 -0.709 -0.82 -0.0 -0.562 0.109 -0.739 0.0 -0.098 -0.667 0.796 0.0 -0.606 0.01 0.813 0.0 -0.138 -0.566 -0.698 -0.0 -0.392 -0.599 -0.674 -0.0 -0.526 0.519 0.654 0.0 -0.45 -0.608 0.69 0.0 -0.576 0.438 
-0.661 0.146 -0.197 -0.709 -0.82 -0.0 -0.562 0.109 -0.738 -0.0 -0.098 -0.667 0.796 0.0 -0.606 0.01 0.813 0.0 -0.138 -0.566 -0.698 -0.0 -0.392 -0.599 -0.674 -0.0 -0.525 0.519 0.654 0.0 -0.45 -0.608 0.69 0.0 -0.575 0.438 
-0.661 0.146 -0.197 -0.709 -0.82 -0.0 -0.562 0.109 -0.738 -0.0 -0.098 -0.667 0.796 0.0 -0.606 0.01 0.813 0.0 -0.138 -0.566 -0.698 -0.0 -0.392 -0.599 -0.674 -0.0 -0.525 0.519 0.654 0.0 -0.45 -0.608 0.69 0.0 -0.576 0.438 
-0.661 0.146 -0.197 -0.709 -0.82 -0.0 -0.562 0.109 -0.738 -0.0 -0.098 -0.667 0.796 0.0 -0.605 0.01 0.813 -0.0 -0.138 -0.566 -0.698 -0.0 -0.392 -0.599 -0.674 -0.0 -0.525 0.519 0.654 0.0 -0.45 -0.608 0.69 0.0 -0.576 0.439 
-0.661 0.146 -0.197 -0.709 -0.82 -0.0 -0.562 0.108 -0.738 -0.0 -0.098 -0.667 0.796 -0.0 -0.605 0.01 0.813 0.0 -0.139 -0.565 -0.698 -0.0 -0.392 -0.599 -0.674 -0.0 -0.525 0.519 0.654 0.0 -0.45 -0.608 0.69 0.0 -0.576 0.439 
-0.661 0.146 -0.197 -0.709 -0.82 -0.0 -0.562 0.108 -0.738 -0.0 -0.098 -0.667 0.796 0.0 -0.605 0.01 0.813 0.0 -0.139 -0.566 -0.698 -0.0 -0.392 -0.599 -0.674 -0.0 -0.525 0.519 0.654 0.0 -0.45 -0.608 0.69 -0.0 -0.576 0.439 
-0.661 0.146 -0.197 -0.709 -0.82 -0.0 -0.561 0.108 -0.738 -0.0 -0.098 -0.668 0.796 -0.0 -0.605 0.01 0.813 0.0 -0.138 -0.566 -0.698 -0.0 -0.392 -0.599 -0.674 -0.0 -0.525 0.519 0.654 0.0 -0.45 -0.608 0.69 0.0 -0.576 0.439 
-0.661 0.146 -0.197 -0.709 -0.82 -0.0 -0.561 0.108 -0.738 0.0 -0.099 -0.668 0.796 0.0 -0.605 0.01 0.813 0.0 -0.138 -0.566 -0.698 -0.0 -0.392 -0.599 -0.674 -0.0 -0.525 0.519 0.654 0.0 -0.45 -0.608 0.69 0.0 -0.576 0.439 
-0.661 0.146 -0.196 -0.709 -0.82 0.0 -0.561 0.108 -0.738 -0.0 -0.098 -0.668 0.796 -0.0 -0.605 0.01 0.813 0.0 -0.138 -0.566 -0.698 -0.0 -0.392 -0.599 -0.674 -0.0 -0.525 0.519 0.654 0.0 -0.45 -0.608 0.69 0.0 -0.576 0.439 
-0.661 0.146 -0.197 -0.709 -0.821 -0.0 -0.561 0.108 -0.738 0.0 -0.098 -0.668 0.796 0.0 -0.605 0.01 0.813 0.0 -0.138 -0.565 -0.698 -0.0 -0.392 -0.599 -0.674 -0.0 -0.526 0.519 0.654 0.0 -0.45 -0.608 0.69 0.0 -0.576 0.439 
-0.661 0.146 -0.197 -0.709 -0.821 -0.0 -0.561 0.108 -0.738 0.0 -0.099 -0.668 0.796 0.0 -0.605 0.01 0.813 0.0 -0.138 -0.566 -0.698 -0.0 -0.392 -0.599 -0.674 -0.0 -0.525 0.519 0.654 -0.0 -0.45 -0.608 0.69 0.0 -0.576 0.439 
-0.661 0.146 -0.197 -0.709 -0.821 -0.0 -0.561 0.108 -0.738 -0.0 -0.099 -0.668 0.796 0.0 -0.605 0.011 0.813 0.0 -0.138 -0.566 -0.698 -0.0 -0.392 -0.599 -0.674 -0.0 -0.525 0.519 0.654 0.0 -0.45 -0.608 0.69 0.0 -0.576 0.439 
-0.661 0.146 -0.197 -0.709 -0.82 -0.0 -0.561 0.108 -0.738 -0.0 -0.098 -0.668 0.796 0.0 -0.605 0.011 0.813 -0.0 -0.138 -0.565 -0.698 -0.0 -0.392 -0.599 -0.674 0.0 -0.525 0.519 0.654 0.0 -0.45 -0.608 0.69 0.0 -0.576 0.439 
-0.661 0.146 -0.197 -0.709 -0.821 -0.0 -0.561 0.108 -0.738 -0.0 -0.098 -0.668 0.796 0.0 -0.605 0.011 0.813 0.0 -0.138 -0.566 -0.698 -0.0 -0.392 -0.599 -0.674 -0.0 -0.525 0.519 0.654 0.0 -0.45 -0.608 0.69 0.0 -0.576 0.439 
-0.661 0.146 -0.197 -0.709 -0.821 0.0 -0.561 0.108 -0.738 -0.0 -0.098 -0.668 0.796 0.0 -0.605 0.011 0.813 0.0 -0.138 -0.565 -0.698 -0.0 -0.393 -0.599 -0.674 -0.0 -0.525 0.52 0.654 0.0 -0.45 -0.608 0.69 -0.0 -0.576 0.439 
-0.661 0.146 -0.197 -0.709 -0.821 -0.0 -0.561 0.108 -0.738 -0.0 -0.098 -0.668 0.796 0.0 -0.605 0.011 0.813 0.0 -0.138 -0.565 -0.698 -0.0 -0.392 -0.599 -0.674 -0.0 -0.525 0.52 0.654 0.0 -0.45 -0.608 0.69 0.0 -0.576 0.439 
-0.661 0.146 -0.197 -0.709 -0.821 -0.0 -0.561 0.108 -0.738 -0.0 -0.098 -0.668 0.796 0.0 -0.605 0.011 0.813 0.0 -0.138 -0.565 -0.698 -0.0 -0.392 -0.599 -0.674 -0.0 -0.525 0.519 0.654 0.0 -0.45 -0.608 0.69 0.0 -0.575 0.439 
-0.662 0.146 -0.197 -0.709 -0.821 -0.0 -0.561 0.108 -0.738 -0.0 -0.098 -0.668 0.796 0.0 -0.605 0.011 0.813 0.0 -0.138 -0.565 -0.698 -0.0 -0.392 -0.599 -0.674 -0.0 -0.525 0.519 0.654 0.0 -0.45 -0.608 0.69 -0.0 -0.576 0.439 
-0.661 0.146 -0.197 -0.709 -0.821 -0.0 -0.561 0.108 -0.738 -0.0 -0.098 -0.668 0.796 -0.0 -0.605 0.011 0.813 0.0 -0.138 -0.565 -0.698 -0.0 -0.392 -0.599 -0.674 -0.0 -0.525 0.519 0.654 0.0 -0.45 -0.608 0.69 0.0 -0.575 0.439 
-0.661 0.146 -0.196 -0.709 -0.821 0.0 -0.561 0.108 -0.737 0.0 -0.098 -0.668 0.796 0.0 -0.605 0.011 0.813 0.0 -0.139 -0.565 -0.698 -0.0 -0.392 -0.599 -0.674 -0.0 -0.525 0.519 0.654 -0.0 -0.45 -0.608 0.69 0.0 -0.576 0.439 
-0.661 0.146 -0.197 -0.709 -0.821 -0.0 -0.561 0.108 -0.738 -0.0 -0.098 -0.668 0.796 -0.0 -0.605 0.011 0.813 0.0 -0.139 -0.565 -0.698 -0.0 -0.392 -0.599 -0.674 -0.0 -0.525 0.519 0.654 0.0 -0.45 -0.608 0.69 -0.0 -0.576 0.439 
